barcode,is_cell,contig_id,high_confidence,length,chain,v_gene,d_gene,j_gene,c_gene,full_length,productive,cdr3,cdr3_nt,reads,umis,raw_clonotype_id,raw_consensus_id
AAACCTGAGACCTTTG-1,True,AAACCTGAGACCTTTG-1_contig_1,True,512,TRA,TRAV13-2,None,TRAJ22,TRAC,True,True,CAENIGGSARQLTF,TGTGCAGAGAATATAGGAGGTTCTGCAAGGCAACTGACCTTT,1083,6,clonotype386,clonotype386_consensus_1
AAACCTGAGACCTTTG-1,True,AAACCTGAGACCTTTG-1_contig_2,True,521,TRB,TRBV20-1,None,TRBJ1-5,TRBC1,True,True,CSAEGQGYGQPQHF,TGCAGTGCTGAGGGACAGGGGTACGGACAGCCCCAGCATTTT,1543,7,clonotype386,clonotype386_consensus_2
AAACCTGAGCGCCTCA-1,True,AAACCTGAGCGCCTCA-1_contig_1,True,485,TRB,TRBV20-1,None,TRBJ2-1,TRBC2,True,True,CSARVGSEVNEQFF,TGCAGTGCTAGAGTGGGGTCGGAAGTCAATGAGCAGTTCTTC,969,4,clonotype2,clonotype2_consensus_1
AAACCTGAGGAATCGC-1,True,AAACCTGAGGAATCGC-1_contig_1,True,518,TRB,TRBV5-5,None,TRBJ1-4,TRBC1,True,True,CASSHPGPNYATNEKLFF,TGTGCCAGCAGCCATCCCGGACCGAACTACGCAACTAATGAAAAACTGTTTTTT,2976,4,clonotype39,clonotype39_consensus_1
AAACCTGAGGAATCGC-1,True,AAACCTGAGGAATCGC-1_contig_2,True,505,TRA,TRAV1-2,None,TRAJ33,TRAC,True,True,CAATDSNYQLIW,TGTGCTGCGACTGATAGCAACTATCAGTTAATCTGG,464,2,clonotype39,clonotype39_consensus_3
AAACCTGAGGAATCGC-1,True,AAACCTGAGGAATCGC-1_contig_3,True,495,TRB,TRBV20-1,None,TRBJ2-1,TRBC2,True,True,CSARVGSEVNEQFF,TGCAGTGCTAGAGTGGGGTCGGAAGTCAATGAGCAGTTCTTC,2591,8,clonotype39,clonotype39_consensus_2
AAACCTGAGGAATCGC-1,True,AAACCTGAGGAATCGC-1_contig_4,True,513,TRB,TRBV7-3,None,TRBJ2-1,TRBC2,True,False,CQQRSLKAGGPYNEQFF,TGCCAGCAGCGGTCACTTAAAGCGGGGGGACCCTACAATGAGCAGTTCTTC,418,2,clonotype39,None
AAACCTGAGGAATCGC-1,True,AAACCTGAGGAATCGC-1_contig_5,True,465,TRA,TRAV10,None,TRAJ24,TRAC,True,False,None,None,468,3,clonotype39,None
AAACCTGCAACTGCGC-1,True,AAACCTGCAACTGCGC-1_contig_1,True,518,TRB,TRBV20-1,None,TRBJ1-4,TRBC1,True,True,CSARMGTNEKLFF,TGCAGTGCTAGAATGGGTACTAATGAAAAACTGTTTTTT,807,5,clonotype387,clonotype387_consensus_1
AAACCTGCAACTGCGC-1,True,AAACCTGCAACTGCGC-1_contig_2,True,350,TRA,TRAV26-1,None,TRAJ15,TRAC,True,False,CIVRVGNQAGTALIF,TGCATCGTCAGAGTCGGGAACCAGGCAGGAACTGCTCTGATCTTT,63,5,clonotype387,None
AAACCTGCAAGCGATG-1,True,AAACCTGCAAGCGATG-1_contig_1,True,518,TRB,TRBV20-1,None,TRBJ2-2,TRBC2,True,True,CTATAGGTGELFF,TGCACAGCCACTGCAGGGGGCACCGGGGAGCTGTTTTTT,1141,5,clonotype66,clonotype66_consensus_1
AAACCTGCAAGCGATG-1,True,AAACCTGCAAGCGATG-1_contig_2,True,502,TRA,TRAV23/DV6,None,TRAJ49,TRAC,True,True,CAAPSGNQFYF,TGTGCAGCGCCTAGCGGTAACCAGTTCTATTTT,468,2,clonotype66,clonotype66_consensus_2
AAACCTGCACCACGTG-1,True,AAACCTGCACCACGTG-1_contig_1,True,521,TRB,TRBV20-1,None,TRBJ2-1,TRBC2,True,True,CSARVGSEVNEQFF,TGCAGTGCTAGAGTGGGGTCGGAAGTCAATGAGCAGTTCTTC,447,5,clonotype2,clonotype2_consensus_1
AAACCTGCAGCTGCAC-1,True,AAACCTGCAGCTGCAC-1_contig_1,True,505,TRA,TRAV1-2,None,TRAJ33,TRAC,True,True,CAATDSNYQLIW,TGTGCTGCGACTGATAGCAACTATCAGTTAATCTGG,788,7,clonotype1,clonotype1_consensus_2
AAACCTGCAGCTGCAC-1,True,AAACCTGCAGCTGCAC-1_contig_2,True,521,TRB,TRBV20-1,None,TRBJ2-1,TRBC2,True,True,CSARVGSEVNEQFF,TGCAGTGCTAGAGTGGGGTCGGAAGTCAATGAGCAGTTCTTC,1246,4,clonotype1,clonotype1_consensus_1
AAACCTGCAGCTGCAC-1,True,AAACCTGCAGCTGCAC-1_contig_3,True,478,TRA,TRAV10,None,TRAJ24,TRAC,True,False,None,None,439,4,clonotype1,None
AAACCTGGTAGAAAGG-1,True,AAACCTGGTAGAAAGG-1_contig_1,True,515,TRB,TRBV20-1,None,TRBJ2-7,TRBC2,True,True,CSALGNSYEQYF,TGCAGTGCTTTGGGGAACTCCTACGAGCAGTACTTC,527,3,clonotype161,clonotype161_consensus_1
AAACCTGGTAGAAAGG-1,True,AAACCTGGTAGAAAGG-1_contig_2,True,553,TRA,TRAV12-1,None,TRAJ41,TRAC,True,True,CVVNSNSGYALNF,TGTGTGGTGAACTCAAATTCCGGGTATGCACTCAACTTC,237,2,clonotype161,clonotype161_consensus_2
AAACCTGGTAGAAAGG-1,True,AAACCTGGTAGAAAGG-1_contig_3,True,316,TRB,None,None,TRBJ2-1,TRBC2,False,False,None,None,1165,3,clonotype161,None
AAACCTGGTCACCTAA-1,True,AAACCTGGTCACCTAA-1_contig_1,True,505,TRA,TRAV1-2,None,TRAJ33,TRAC,True,True,CAATDSNYQLIW,TGTGCTGCGACTGATAGCAACTATCAGTTAATCTGG,145,1,clonotype1,clonotype1_consensus_2
AAACCTGGTCACCTAA-1,True,AAACCTGGTCACCTAA-1_contig_2,True,521,TRB,TRBV20-1,None,TRBJ2-1,TRBC2,True,True,CSARVGSEVNEQFF,TGCAGTGCTAGAGTGGGGTCGGAAGTCAATGAGCAGTTCTTC,1431,9,clonotype1,clonotype1_consensus_1
AAACCTGGTCACCTAA-1,True,AAACCTGGTCACCTAA-1_contig_3,True,482,TRA,TRAV10,None,TRAJ24,TRAC,True,False,None,None,320,2,clonotype1,None
AAACCTGGTCTAAAGA-1,True,AAACCTGGTCTAAAGA-1_contig_1,True,470,TRB,TRBV20-1,None,TRBJ1-5,TRBC1,True,True,CSASLDRHQPQHF,TGCAGTGCTAGCTTGGACAGGCATCAGCCCCAGCATTTT,1386,9,clonotype388,clonotype388_consensus_1
AAACCTGGTCTCCATC-1,True,AAACCTGGTCTCCATC-1_contig_1,True,498,TRB,TRBV20-1,None,TRBJ2-1,TRBC2,True,True,CSARVGSEVNEQFF,TGCAGTGCTAGAGTGGGGTCGGAAGTCAATGAGCAGTTCTTC,1645,7,clonotype2,clonotype2_consensus_1
AAACCTGGTCTTTCAT-1,True,AAACCTGGTCTTTCAT-1_contig_1,True,505,TRA,TRAV1-2,None,TRAJ33,TRAC,True,True,CAATDSNYQLIW,TGTGCTGCGACTGATAGCAACTATCAGTTAATCTGG,66,2,clonotype1,clonotype1_consensus_2
AAACCTGGTCTTTCAT-1,True,AAACCTGGTCTTTCAT-1_contig_2,True,505,TRB,TRBV20-1,None,TRBJ2-1,TRBC2,True,True,CSARVGSEVNEQFF,TGCAGTGCTAGAGTGGGGTCGGAAGTCAATGAGCAGTTCTTC,998,5,clonotype1,clonotype1_consensus_1
AAACCTGGTCTTTCAT-1,True,AAACCTGGTCTTTCAT-1_contig_3,True,482,TRA,TRAV10,None,TRAJ24,TRAC,True,False,None,None,74,3,clonotype1,None
AAACCTGGTGCGATAG-1,True,AAACCTGGTGCGATAG-1_contig_1,True,521,TRB,TRBV20-1,None,TRBJ2-1,TRBC2,True,True,CSARVGSEVNEQFF,TGCAGTGCTAGAGTGGGGTCGGAAGTCAATGAGCAGTTCTTC,1798,9,clonotype2,clonotype2_consensus_1
AAACCTGGTGCGATAG-1,True,AAACCTGGTGCGATAG-1_contig_2,True,834,TRA,TRAV1-2,None,TRAJ33,TRAC,True,False,CAATDSNYQLIW,TGTGCTGCGACTGATAGCAACTATCAGTTAATCTGG,143,2,clonotype2,None
AAACCTGGTGCGATAG-1,True,AAACCTGGTGCGATAG-1_contig_3,True,459,TRA,TRAV10,None,TRAJ24,TRAC,True,False,None,None,46,2,clonotype2,None
AAACCTGTCGCAAGCC-1,True,AAACCTGTCGCAAGCC-1_contig_1,True,518,TRB,TRBV20-1,None,TRBJ1-2,TRBC1,True,True,CSAPGPDGLGYTF,TGCAGTGCCCCAGGCCCTGACGGGCTTGGCTACACCTTC,4844,17,clonotype389,clonotype389_consensus_1
AAACCTGTCGCAAGCC-1,True,AAACCTGTCGCAAGCC-1_contig_2,True,490,TRA,TRAV1-1,None,TRAJ26,TRAC,True,True,CAVRGNYGQNFVF,TGCGCTGTGAGAGGAAACTATGGTCAGAATTTTGTCTTT,2241,8,clonotype389,clonotype389_consensus_2
AAACCTGTCGCAAGCC-1,True,AAACCTGTCGCAAGCC-1_contig_3,True,341,TRB,None,None,TRBJ2-7,TRBC2,False,False,None,None,585,2,clonotype389,None
AAACCTGTCTTGTCAT-1,True,AAACCTGTCTTGTCAT-1_contig_1,True,515,TRB,TRBV20-1,None,TRBJ1-2,TRBC1,True,True,CSARARTGLYTF,TGCAGTGCTAGAGCGAGGACGGGCTTATACACCTTC,1238,9,clonotype95,clonotype95_consensus_2
AAACCTGTCTTGTCAT-1,True,AAACCTGTCTTGTCAT-1_contig_2,True,494,TRA,TRAV38-2/DV8,None,TRAJ24,TRAC,True,True,CAVGSTDSWGKFQF,TGTGCCGTGGGGTCAACTGACAGCTGGGGGAAATTCCAGTTT,854,8,clonotype95,clonotype95_consensus_1
AAACGGGAGAAACCGC-1,True,AAACGGGAGAAACCGC-1_contig_1,True,505,TRA,TRAV1-2,None,TRAJ33,TRAC,True,True,CAATDSNYQLIW,TGTGCTGCGACTGATAGCAACTATCAGTTAATCTGG,615,10,clonotype1,clonotype1_consensus_2
AAACGGGAGAAACCGC-1,True,AAACGGGAGAAACCGC-1_contig_2,True,514,TRB,TRBV20-1,None,TRBJ2-1,TRBC2,True,True,CSARVGSEVNEQFF,TGCAGTGCTAGAGTGGGGTCGGAAGTCAATGAGCAGTTCTTC,1183,11,clonotype1,clonotype1_consensus_1
AAACGGGAGCGTAGTG-1,True,AAACGGGAGCGTAGTG-1_contig_1,True,508,TRA,TRAV1-2,None,TRAJ10,TRAC,True,True,CAASTGGGNKLTF,TGTGCTGCCTCCACGGGAGGAGGAAACAAACTCACCTTT,131,3,clonotype390,clonotype390_consensus_2
AAACGGGAGCGTAGTG-1,True,AAACGGGAGCGTAGTG-1_contig_2,True,661,TRB,TRBV5-6,None,TRBJ2-3,TRBC2,True,True,CASSPQAGVSTDTQYF,TGTGCCAGCAGCCCACAAGCGGGGGTAAGCACAGATACGCAGTATTTT,229,2,clonotype390,clonotype390_consensus_1
AAACGGGAGTACACCT-1,True,AAACGGGAGTACACCT-1_contig_1,True,653,TRB,TRBV5-6,None,TRBJ2-3,TRBC2,True,True,CASSGNRVTQYF,TGTGCCAGCAGCGGGAACAGGGTTACGCAGTATTTT,2769,11,clonotype391,clonotype391_consensus_1
AAACGGGAGTACACCT-1,True,AAACGGGAGTACACCT-1_contig_2,True,625,TRA,TRAV36/DV7,None,TRAJ44,TRAC,True,False,None,None,205,7,clonotype391,None
AAACGGGAGTACGTAA-1,True,AAACGGGAGTACGTAA-1_contig_1,True,486,TRB,TRBV20-1,None,TRBJ2-1,TRBC2,True,True,CSARVGSEVNEQFF,TGCAGTGCTAGAGTGGGGTCGGAAGTCAATGAGCAGTTCTTC,474,4,clonotype2,clonotype2_consensus_1
AAACGGGAGTACGTAA-1,True,AAACGGGAGTACGTAA-1_contig_2,True,482,TRA,TRAV10,None,TRAJ24,TRAC,True,False,None,None,385,4,clonotype2,None
AAACGGGAGTGGTAAT-1,True,AAACGGGAGTGGTAAT-1_contig_1,True,482,TRA,TRAV38-2/DV8,None,TRAJ49,TRAC,True,True,CALSSGQFYF,TGTGCCCTATCAAGCGGCCAGTTCTATTTT,2723,15,clonotype392,clonotype392_consensus_2
AAACGGGAGTGGTAAT-1,True,AAACGGGAGTGGTAAT-1_contig_2,True,530,TRB,TRBV20-1,None,TRBJ2-3,TRBC2,True,True,CSARDPSSGGAEDTQYF,TGCAGTGCTAGAGACCCGTCTAGCGGGGGGGCTGAGGATACGCAGTATTTT,1828,12,clonotype392,clonotype392_consensus_1
AAACGGGAGTGGTAAT-1,True,AAACGGGAGTGGTAAT-1_contig_3,True,314,TRB,None,None,TRBJ2-7,TRBC2,False,False,None,None,1249,7,clonotype392,None
AAACGGGCACCGAATT-1,True,AAACGGGCACCGAATT-1_contig_1,True,503,TRA,TRAV1-2,None,TRAJ33,TRAC,True,True,CAATDSNYQLIW,TGTGCTGCGACTGATAGCAACTATCAGTTAATCTGG,457,5,clonotype1,clonotype1_consensus_2
AAACGGGCACCGAATT-1,True,AAACGGGCACCGAATT-1_contig_2,True,485,TRB,TRBV20-1,None,TRBJ2-1,TRBC2,True,True,CSARVGSEVNEQFF,TGCAGTGCTAGAGTGGGGTCGGAAGTCAATGAGCAGTTCTTC,1188,4,clonotype1,clonotype1_consensus_1
AAACGGGCAGCTCGCA-1,True,AAACGGGCAGCTCGCA-1_contig_1,True,521,TRB,TRBV20-1,None,TRBJ2-1,TRBC2,True,True,CSARVGSEVNEQFF,TGCAGTGCTAGAGTGGGGTCGGAAGTCAATGAGCAGTTCTTC,3147,13,clonotype2,clonotype2_consensus_1
AAACGGGCAGCTCGCA-1,True,AAACGGGCAGCTCGCA-1_contig_2,True,482,TRA,TRAV10,None,TRAJ24,TRAC,True,False,None,None,667,6,clonotype2,None
AAACGGGGTACGCACC-1,True,AAACGGGGTACGCACC-1_contig_1,True,505,TRA,TRAV1-2,None,TRAJ33,TRAC,True,True,CAATDSNYQLIW,TGTGCTGCGACTGATAGCAACTATCAGTTAATCTGG,1649,9,clonotype1,clonotype1_consensus_2
AAACGGGGTACGCACC-1,True,AAACGGGGTACGCACC-1_contig_2,True,521,TRB,TRBV20-1,None,TRBJ2-1,TRBC2,True,True,CSARVGSEVNEQFF,TGCAGTGCTAGAGTGGGGTCGGAAGTCAATGAGCAGTTCTTC,1995,10,clonotype1,clonotype1_consensus_1
AAACGGGGTGCAGACA-1,True,AAACGGGGTGCAGACA-1_contig_1,True,495,TRB,TRBV20-1,None,TRBJ2-3,TRBC2,True,True,CSARGGSGTRDTQYF,TGCAGTGCTAGAGGGGGTAGCGGGACCCGGGATACGCAGTATTTT,1261,7,clonotype393,clonotype393_consensus_1
AAACGGGGTGCAGACA-1,True,AAACGGGGTGCAGACA-1_contig_2,True,627,TRA,TRAV3,None,TRAJ18,TRAC,True,True,CAVRDHGRGSTLGRLYF,TGTGCTGTGAGAGACCACGGCAGAGGCTCAACCCTGGGGAGGCTATACTTT,1466,8,clonotype393,clonotype393_consensus_2
AAACGGGGTGTTTGTG-1,True,AAACGGGGTGTTTGTG-1_contig_1,True,505,TRA,TRAV1-2,None,TRAJ33,TRAC,True,True,CAATDSNYQLIW,TGTGCTGCGACTGATAGCAACTATCAGTTAATCTGG,1008,5,clonotype1,clonotype1_consensus_2
AAACGGGGTGTTTGTG-1,True,AAACGGGGTGTTTGTG-1_contig_2,True,498,TRB,TRBV20-1,None,TRBJ2-1,TRBC2,True,True,CSARVGSEVNEQFF,TGCAGTGCTAGAGTGGGGTCGGAAGTCAATGAGCAGTTCTTC,355,4,clonotype1,clonotype1_consensus_1
AAACGGGGTGTTTGTG-1,True,AAACGGGGTGTTTGTG-1_contig_3,True,482,TRA,TRAV10,None,TRAJ24,TRAC,True,False,None,None,381,2,clonotype1,None
AAACGGGGTTAGAACA-1,True,AAACGGGGTTAGAACA-1_contig_1,True,671,TRB,TRBV5-5,None,TRBJ1-4,TRBC1,True,True,CASSHPGPNYATNEKLFF,TGTGCCAGCAGCCATCCCGGACCGAACTACGCAACTAATGAAAAACTGTTTTTT,1790,10,clonotype4,clonotype4_consensus_1
AAACGGGGTTCAGACT-1,True,AAACGGGGTTCAGACT-1_contig_1,True,524,TRB,TRBV20-1,None,TRBJ2-5,TRBC2,True,True,CSVERAGVYQETQYF,TGCAGTGTTGAGAGGGCGGGGGTGTACCAAGAGACCCAGTACTTC,838,3,clonotype394,clonotype394_consensus_2
AAACGGGGTTCAGACT-1,True,AAACGGGGTTCAGACT-1_contig_2,True,567,TRA,TRAV8-4,None,TRAJ49,TRAC,True,True,CAVRPNTGNQFYF,TGTGCTGTGAGACCGAACACCGGTAACCAGTTCTATTTT,472,3,clonotype394,clonotype394_consensus_1
AAACGGGGTTCAGACT-1,True,AAACGGGGTTCAGACT-1_contig_3,True,532,TRA,TRAV27,None,TRAJ53,TRAC,True,False,None,None,271,2,clonotype394,None
AAACGGGGTTGATTGC-1,True,AAACGGGGTTGATTGC-1_contig_1,True,505,TRA,TRAV1-2,None,TRAJ33,TRAC,True,True,CAATDSNYQLIW,TGTGCTGCGACTGATAGCAACTATCAGTTAATCTGG,500,2,clonotype1,clonotype1_consensus_2
AAACGGGGTTGATTGC-1,True,AAACGGGGTTGATTGC-1_contig_2,True,521,TRB,TRBV20-1,None,TRBJ2-1,TRBC2,True,True,CSARVGSEVNEQFF,TGCAGTGCTAGAGTGGGGTCGGAAGTCAATGAGCAGTTCTTC,1201,7,clonotype1,clonotype1_consensus_1
AAACGGGTCACCGGGT-1,True,AAACGGGTCACCGGGT-1_contig_1,True,484,TRA,TRAV10,None,TRAJ49,TRAC,True,True,CVVSAGKNTGNQFYF,TGTGTGGTGAGCGCGGGAAAGAACACCGGTAACCAGTTCTATTTT,1110,5,clonotype395,clonotype395_consensus_2
AAACGGGTCACCGGGT-1,True,AAACGGGTCACCGGGT-1_contig_2,True,478,TRB,TRBV5-5,None,TRBJ1-2,TRBC1,True,True,CASSPEGFYGYTF,TGTGCCAGCAGCCCGGAGGGGTTCTATGGCTACACCTTC,10154,31,clonotype395,clonotype395_consensus_1
AAACGGGTCACCGGGT-1,True,AAACGGGTCACCGGGT-1_contig_3,True,307,TRB,None,None,TRBJ2-5,TRBC2,False,False,None,None,581,6,clonotype395,None
AAACGGGTCGGCGCTA-1,True,AAACGGGTCGGCGCTA-1_contig_1,True,565,TRA,TRAV29/DV5,None,TRAJ30,TRAC,True,True,CAASAPDDKIIF,TGTGCAGCAAGCGCGCCGGATGACAAGATCATCTTT,935,7,clonotype396,clonotype396_consensus_1
AAACGGGTCGGCGCTA-1,True,AAACGGGTCGGCGCTA-1_contig_2,True,521,TRB,TRBV20-1,None,TRBJ2-5,TRBC2,True,True,CSARKGQDRVTQYF,TGCAGTGCTAGAAAGGGGCAGGATCGTGTGACCCAGTACTTC,450,4,clonotype396,clonotype396_consensus_2
AAACGGGTCTAGAGTC-1,True,AAACGGGTCTAGAGTC-1_contig_1,True,705,TRB,TRBV5-6,None,TRBJ1-2,TRBC1,True,True,CASSSGLGQDTF,TGTGCCAGCAGCTCAGGACTGGGGCAAGACACCTTC,7595,36,clonotype397,clonotype397_consensus_1
AAACGGGTCTGAGGGA-1,True,AAACGGGTCTGAGGGA-1_contig_1,True,517,TRB,TRBV20-1,None,TRBJ2-7,TRBC2,True,True,CSARDRQRGDYEQYF,TGCAGTGCTAGAGATAGACAGCGGGGAGATTACGAGCAGTACTTC,424,5,clonotype398,clonotype398_consensus_1
AAACGGGTCTTTACAC-1,True,AAACGGGTCTTTACAC-1_contig_1,True,524,TRB,TRBV20-1,None,TRBJ2-3,TRBC2,True,True,CSARGQGFGTDTQYF,TGCAGTGCTAGAGGACAGGGGTTTGGCACAGATACGCAGTATTTT,1166,6,clonotype399,clonotype399_consensus_1
AAACGGGTCTTTACAC-1,True,AAACGGGTCTTTACAC-1_contig_2,True,505,TRA,TRAV20,None,TRAJ53,TRAC,True,True,CETGGGSNYKLTF,TGTGAAACAGGTGGAGGTAGCAACTATAAACTGACATTT,770,5,clonotype399,clonotype399_consensus_2
AAAGATGAGACTGGGT-1,True,AAAGATGAGACTGGGT-1_contig_1,True,483,TRA,TRAV9-2,None,TRAJ8,TRAC,True,True,CALGFQKLVF,TGTGCTCTGGGCTTTCAGAAACTTGTATTT,595,4,clonotype96,clonotype96_consensus_1
AAAGATGAGACTGGGT-1,True,AAAGATGAGACTGGGT-1_contig_2,True,521,TRB,TRBV20-1,None,TRBJ1-5,TRBC1,True,True,CSARDLAGERQPQHF,TGCAGTGCTAGAGATTTGGCAGGGGAACGCCAGCCCCAGCATTTT,1826,11,clonotype96,clonotype96_consensus_2
AAAGATGAGACTGGGT-1,True,AAAGATGAGACTGGGT-1_contig_3,True,457,TRA,TRAV4,None,TRAJ16,TRAC,True,False,None,None,400,1,clonotype96,None
AAAGATGAGCACAGGT-1,True,AAAGATGAGCACAGGT-1_contig_1,True,551,TRA,TRAV16,None,TRAJ6,TRAC,True,True,CALKGSGGSYIPTF,TGTGCTCTAAAGGGGTCAGGAGGAAGCTACATACCTACATTT,261,3,clonotype400,clonotype400_consensus_3
AAAGATGAGCACAGGT-1,True,AAAGATGAGCACAGGT-1_contig_2,True,618,TRA,TRAV3,None,TRAJ32,TRAC,True,True,CAVRPPGATNKLIF,TGTGCTGTGAGACCCCCAGGTGCTACAAACAAGCTCATCTTT,443,3,clonotype400,clonotype400_consensus_1
AAAGATGAGCACAGGT-1,True,AAAGATGAGCACAGGT-1_contig_3,True,680,TRB,TRBV5-6,None,TRBJ2-7,TRBC2,True,True,CASSLGQGATYEQYF,TGTGCCAGCAGCTTGGGTCAGGGGGCCACCTACGAGCAGTACTTC,3110,14,clonotype400,clonotype400_consensus_2
AAAGATGAGCACAGGT-1,True,AAAGATGAGCACAGGT-1_contig_4,True,318,TRB,None,None,TRBJ2-2,TRBC2,False,False,None,None,1322,4,clonotype400,None
AAAGATGAGCTAACTC-1,True,AAAGATGAGCTAACTC-1_contig_1,True,524,TRB,TRBV20-1,None,TRBJ2-2,TRBC2,True,True,CSAETGTGNTGELFF,TGCAGTGCTGAAACCGGGACAGGGAACACCGGGGAGCTGTTTTTT,2828,11,clonotype401,clonotype401_consensus_2
AAAGATGAGCTAACTC-1,True,AAAGATGAGCTAACTC-1_contig_2,True,683,TRA,TRAV8-3,None,TRAJ24,TRAC,True,True,CAVVRPDSWGKFQF,TGTGCTGTGGTCCGCCCCGACAGCTGGGGGAAATTCCAGTTT,356,6,clonotype401,clonotype401_consensus_1
AAAGATGAGGTAGCTG-1,True,AAAGATGAGGTAGCTG-1_contig_1,True,505,TRA,TRAV1-2,None,TRAJ33,TRAC,True,True,CAATDSNYQLIW,TGTGCTGCGACTGATAGCAACTATCAGTTAATCTGG,64,3,clonotype1,clonotype1_consensus_2
AAAGATGAGGTAGCTG-1,True,AAAGATGAGGTAGCTG-1_contig_2,True,521,TRB,TRBV20-1,None,TRBJ2-1,TRBC2,True,True,CSARVGSEVNEQFF,TGCAGTGCTAGAGTGGGGTCGGAAGTCAATGAGCAGTTCTTC,1390,7,clonotype1,clonotype1_consensus_1
AAAGATGAGGTAGCTG-1,True,AAAGATGAGGTAGCTG-1_contig_3,True,482,TRA,TRAV10,None,TRAJ24,TRAC,True,False,None,None,170,3,clonotype1,None
AAAGATGAGTCGTACT-1,True,AAAGATGAGTCGTACT-1_contig_1,True,594,TRA,TRAV36/DV7,None,TRAJ39,TRAC,True,True,CAVPHNAGNMLTF,TGTGCTGTGCCCCATAATGCAGGCAACATGCTCACCTTT,191,2,clonotype402,clonotype402_consensus_1
AAAGATGAGTCGTACT-1,True,AAAGATGAGTCGTACT-1_contig_2,True,518,TRB,TRBV20-1,None,TRBJ1-5,TRBC1,True,True,CSASEQQYQPQHF,TGCAGTGCTAGTGAACAGCAATATCAGCCCCAGCATTTT,1407,10,clonotype402,clonotype402_consensus_4
AAAGATGAGTCGTACT-1,True,AAAGATGAGTCGTACT-1_contig_3,True,524,TRB,TRBV20-1,None,TRBJ2-7,TRBC2,True,True,CSARDRQRGDYEQYF,TGCAGTGCTAGAGATAGACAGCGGGGAGATTACGAGCAGTACTTC,1145,5,clonotype402,clonotype402_consensus_3
AAAGATGAGTCGTACT-1,True,AAAGATGAGTCGTACT-1_contig_4,True,505,TRA,TRAV17,None,TRAJ22,TRAC,True,True,CATGAPPRQLTF,TGTGCTACGGGAGCCCCGCCTAGACAACTGACCTTT,128,3,clonotype402,clonotype402_consensus_2
AAAGATGAGTGAACAT-1,True,AAAGATGAGTGAACAT-1_contig_1,True,479,TRB,TRBV20-1,None,TRBJ1-1,TRBC1,True,True,CSASHLITEAFF,TGCAGTGCTAGTCATCTCATCACTGAAGCTTTCTTT,1266,8,clonotype403,clonotype403_consensus_1
AAAGATGAGTGAACAT-1,True,AAAGATGAGTGAACAT-1_contig_2,True,685,TRA,TRAV8-3,None,TRAJ37,TRAC,True,True,CAVGHGSSNTGKLIF,TGTGCTGTGGGGCATGGCTCTAGCAACACAGGCAAACTAATCTTT,110,5,clonotype403,clonotype403_consensus_2
AAAGATGAGTGAACAT-1,True,AAAGATGAGTGAACAT-1_contig_3,True,521,TRB,TRBV6-7,None,TRBJ1-1,TRBC1,True,False,CAIPRFA,TGTGCCATCCCGAGGTTCGCT,169,4,clonotype403,None
AAAGATGCACCAGGCT-1,True,AAAGATGCACCAGGCT-1_contig_1,True,515,TRB,TRBV20-1,None,TRBJ2-5,TRBC2,True,True,CSAAGHPQETQYF,TGCAGTGCAGCGGGACACCCTCAAGAGACCCAGTACTTC,2351,10,clonotype404,clonotype404_consensus_1
AAAGATGCACCAGGCT-1,True,AAAGATGCACCAGGCT-1_contig_2,True,511,TRA,TRAV20,None,TRAJ40,TRAC,True,True,CAVRDATSGTYKYIF,TGTGCTGTGCGGGATGCCACCTCAGGAACCTACAAATACATCTTT,1383,8,clonotype404,clonotype404_consensus_2
AAAGATGCACCGAATT-1,True,AAAGATGCACCGAATT-1_contig_1,True,508,TRA,TRAV23/DV6,None,TRAJ43,TRAC,True,True,CAATFLNNNDMRF,TGTGCAGCAACTTTCCTAAATAACAATGACATGCGCTTT,855,3,clonotype405,clonotype405_consensus_1
AAAGATGCACCGAATT-1,True,AAAGATGCACCGAATT-1_contig_2,True,527,TRB,TRBV5-5,None,TRBJ2-2,TRBC2,True,True,CASSMRTGGSGELFF,TGTGCCAGCAGCATGAGGACAGGGGGCAGCGGGGAGCTGTTTTTT,2339,17,clonotype405,clonotype405_consensus_2
AAAGATGCACCGAATT-1,True,AAAGATGCACCGAATT-1_contig_3,True,395,TRA,TRAV26-1,None,TRAJ45,TRAC,True,False,None,None,781,2,clonotype405,None
AAAGATGCATAAAGGT-1,True,AAAGATGCATAAAGGT-1_contig_1,True,482,TRA,TRAV4,None,TRAJ13,TRAC,True,True,CLVGDPFSGGYQKVTF,TGCCTCGTGGGTGACCCCTTCTCTGGGGGTTACCAGAAAGTTACCTTT,271,2,clonotype406,clonotype406_consensus_3
AAAGATGCATAAAGGT-1,True,AAAGATGCATAAAGGT-1_contig_2,True,527,TRB,TRBV20-1,None,TRBJ2-2,TRBC2,True,True,CSARDLEGVNTGELFF,TGCAGTGCTAGAGATCTGGAGGGGGTGAACACCGGGGAGCTGTTTTTT,1553,12,clonotype406,clonotype406_consensus_2
AAAGATGCATAAAGGT-1,True,AAAGATGCATAAAGGT-1_contig_3,True,487,TRA,TRAV12-1,None,TRAJ42,TRAC,True,True,CVVNSWGMNYGGSQGNLIF,TGTGTGGTGAACAGTTGGGGCATGAATTATGGAGGAAGCCAAGGAAATCTCATCTTT,87,2,clonotype406,clonotype406_consensus_1
AAAGATGGTATTACCG-1,True,AAAGATGGTATTACCG-1_contig_1,True,712,TRB,TRBV5-6,None,TRBJ2-2,TRBC2,True,True,CASSRGASSSTGELFF,TGTGCCAGCAGTCGCGGGGCCAGCTCGAGCACCGGGGAGCTGTTTTTT,709,6,clonotype407,clonotype407_consensus_1
AAAGATGGTATTACCG-1,True,AAAGATGGTATTACCG-1_contig_2,True,568,TRA,TRAV19,None,TRAJ40,TRAC,True,False,None,None,414,3,clonotype407,None
AAAGATGGTCACTGGC-1,True,AAAGATGGTCACTGGC-1_contig_1,True,505,TRA,TRAV1-2,None,TRAJ33,TRAC,True,True,CAATDSNYQLIW,TGTGCTGCGACTGATAGCAACTATCAGTTAATCTGG,192,1,clonotype1,clonotype1_consensus_2
AAAGATGGTCACTGGC-1,True,AAAGATGGTCACTGGC-1_contig_2,True,511,TRB,TRBV20-1,None,TRBJ2-1,TRBC2,True,True,CSARVGSEVNEQFF,TGCAGTGCTAGAGTGGGGTCGGAAGTCAATGAGCAGTTCTTC,1548,8,clonotype1,clonotype1_consensus_1
AAAGATGGTCACTGGC-1,True,AAAGATGGTCACTGGC-1_contig_3,True,465,TRA,TRAV10,None,TRAJ24,TRAC,True,False,None,None,245,1,clonotype1,None
AAAGATGGTCTTCTCG-1,True,AAAGATGGTCTTCTCG-1_contig_1,True,515,TRB,TRBV20-1,None,TRBJ2-1,TRBC2,True,True,CSARPRWDEQFF,TGCAGTGCTAGGCCTCGATGGGATGAGCAGTTCTTC,1529,6,clonotype408,clonotype408_consensus_1
AAAGATGGTCTTCTCG-1,True,AAAGATGGTCTTCTCG-1_contig_2,True,468,TRA,TRAV13-1,None,TRAJ28,TRAC,True,True,CAARAYSGAGSYQLTF,TGTGCAGCAAGGGCATACTCTGGGGCTGGGAGTTACCAACTCACTTTC,130,4,clonotype408,clonotype408_consensus_2
AAAGATGGTCTTCTCG-1,True,AAAGATGGTCTTCTCG-1_contig_3,True,322,TRB,TRBV27,None,TRBJ2-5,None,True,False,CQQLKRGHPQETQYF,TGCCAGCAGTTAAAACGGGGTCACCCGCAAGAGACCCAGTACTTC,100,1,clonotype408,None
AAAGATGGTGTCCTCT-1,True,AAAGATGGTGTCCTCT-1_contig_1,True,505,TRA,TRAV1-2,None,TRAJ33,TRAC,True,True,CAATDSNYQLIW,TGTGCTGCGACTGATAGCAACTATCAGTTAATCTGG,891,3,clonotype1,clonotype1_consensus_2
AAAGATGGTGTCCTCT-1,True,AAAGATGGTGTCCTCT-1_contig_2,True,521,TRB,TRBV20-1,None,TRBJ2-1,TRBC2,True,True,CSARVGSEVNEQFF,TGCAGTGCTAGAGTGGGGTCGGAAGTCAATGAGCAGTTCTTC,2275,13,clonotype1,clonotype1_consensus_1
AAAGATGGTGTCCTCT-1,True,AAAGATGGTGTCCTCT-1_contig_3,True,411,TRA,TRAV10,None,TRAJ24,TRAC,True,False,None,None,32,1,clonotype1,None
AAAGATGGTTTAGCTG-1,True,AAAGATGGTTTAGCTG-1_contig_1,True,518,TRB,TRBV20-1,None,TRBJ2-4,TRBC2,True,True,CSASDRGEYIQYF,TGCAGTGCCTCGGACAGGGGAGAGTACATTCAGTACTTC,307,7,clonotype409,clonotype409_consensus_1
AAAGATGGTTTAGCTG-1,True,AAAGATGGTTTAGCTG-1_contig_2,True,356,TRB,None,None,TRBJ1-1,TRBC1,False,False,None,None,808,3,clonotype409,None
AAAGATGGTTTAGCTG-1,True,AAAGATGGTTTAGCTG-1_contig_3,True,460,TRA,None,None,TRAJ39,TRAC,False,False,None,None,1276,8,clonotype409,None
AAAGATGGTTTGACAC-1,True,AAAGATGGTTTGACAC-1_contig_1,True,521,TRB,TRBV20-1,None,TRBJ2-1,TRBC2,True,True,CSARVGSEVNEQFF,TGCAGTGCTAGAGTGGGGTCGGAAGTCAATGAGCAGTTCTTC,886,6,clonotype2,clonotype2_consensus_1
AAAGATGGTTTGACAC-1,True,AAAGATGGTTTGACAC-1_contig_2,True,465,TRA,TRAV10,None,TRAJ24,TRAC,True,False,None,None,223,2,clonotype2,None
AAAGATGTCAACTCTT-1,True,AAAGATGTCAACTCTT-1_contig_1,True,515,TRB,TRBV20-1,None,TRBJ1-3,TRBC1,True,True,CSARTLGNTIYF,TGCAGTGCCAGGACGCTTGGAAACACCATATATTTT,1067,3,clonotype410,clonotype410_consensus_1
AAAGATGTCATAGCAC-1,True,AAAGATGTCATAGCAC-1_contig_1,True,502,TRA,TRAV1-2,None,TRAJ30,TRAC,True,True,CAVRDLREIIF,TGTGCTGTGAGAGATCTTCGGGAGATCATCTTT,100,2,clonotype3,clonotype3_consensus_2
AAAGATGTCATAGCAC-1,True,AAAGATGTCATAGCAC-1_contig_2,True,545,TRB,TRBV5-5,None,TRBJ1-4,TRBC1,True,True,CASSHPGPNYATNEKLFF,TGTGCCAGCAGCCATCCCGGACCGAACTACGCAACTAATGAAAAACTGTTTTTT,448,3,clonotype3,clonotype3_consensus_1
AAAGATGTCGATAGAA-1,True,AAAGATGTCGATAGAA-1_contig_1,True,534,TRA,TRAV22,None,TRAJ32,TRAC,True,True,CAVPAKGGATNKLIF,TGTGCTGTGCCAGCGAAGGGTGGTGCTACAAACAAGCTCATCTTT,201,2,clonotype162,clonotype162_consensus_1
AAAGATGTCGATAGAA-1,True,AAAGATGTCGATAGAA-1_contig_2,True,652,TRB,TRBV5-6,None,TRBJ1-1,TRBC1,True,True,CASSQGPEAFF,TGTGCCAGCAGTCAGGGGCCTGAAGCTTTCTTT,244,2,clonotype162,clonotype162_consensus_2
AAAGATGTCGCAAGCC-1,True,AAAGATGTCGCAAGCC-1_contig_1,True,509,TRA,TRAV25,None,TRAJ53,TRAC,True,True,CAGRSGGSNYKLTF,TGTGCAGGGAGAAGTGGAGGTAGCAACTATAAACTGACATTT,240,3,clonotype9,clonotype9_consensus_2
AAAGATGTCGCAAGCC-1,True,AAAGATGTCGCAAGCC-1_contig_2,True,527,TRB,TRBV20-1,None,TRBJ1-5,TRBC1,True,True,CSAIGQGAPSNQPQHF,TGCAGTGCTATCGGACAGGGGGCGCCGAGCAATCAGCCCCAGCATTTT,450,4,clonotype9,clonotype9_consensus_1
AAAGATGTCTCGGACG-1,True,AAAGATGTCTCGGACG-1_contig_1,True,522,TRB,TRBV5-5,None,TRBJ1-2,TRBC1,True,True,CASSWDTYGYTF,TGTGCCAGCAGCTGGGACACATATGGCTACACCTTC,5637,24,clonotype411,clonotype411_consensus_2
AAAGATGTCTCGGACG-1,True,AAAGATGTCTCGGACG-1_contig_2,True,489,TRA,TRAV4,None,TRAJ39,TRAC,True,True,CLVGDMDNAGNMLTF,TGCCTCGTGGGTGACATGGATAATGCAGGCAACATGCTCACCTTT,644,4,clonotype411,clonotype411_consensus_1
AAAGATGTCTTGTATC-1,True,AAAGATGTCTTGTATC-1_contig_1,True,488,TRB,TRBV5-5,None,TRBJ1-1,TRBC1,True,True,CASSLTSEGTEAFF,TGTGCCAGCAGCTTGACGTCAGAGGGCACTGAAGCTTTCTTT,2516,8,clonotype412,clonotype412_consensus_1
AAAGATGTCTTGTATC-1,True,AAAGATGTCTTGTATC-1_contig_2,True,447,TRB,TRBV7-3,None,TRBJ1-2,TRBC1,True,False,CQQPKVGDGYTF,TGCCAGCAACCAAAAGTAGGGGATGGCTACACCTTC,936,3,clonotype412,None
AAAGATGTCTTTACAC-1,True,AAAGATGTCTTTACAC-1_contig_1,True,512,TRB,TRBV20-1,None,TRBJ2-5,TRBC2,True,True,CSARDSGVNAQYF,TGCAGTGCTAGAGACAGTGGGGTAAACGCCCAGTACTTC,2092,15,clonotype413,clonotype413_consensus_2
AAAGATGTCTTTACAC-1,True,AAAGATGTCTTTACAC-1_contig_2,True,573,TRA,TRAV8-4,None,TRAJ56,TRAC,True,True,CAVSDAVGANSKLTF,TGTGCTGTGAGTGACGCGGTAGGAGCCAATAGTAAGCTGACATTT,457,7,clonotype413,clonotype413_consensus_1
AAAGCAAAGGCTCAGA-1,True,AAAGCAAAGGCTCAGA-1_contig_1,True,659,TRB,TRBV5-6,None,TRBJ2-2,TRBC2,True,True,CASSPDRRVAGELFF,TGTGCCAGCAGCCCGGACAGAAGGGTTGCCGGGGAGCTGTTTTTT,2065,8,clonotype414,clonotype414_consensus_1
AAAGCAACAAAGCAAT-1,True,AAAGCAACAAAGCAAT-1_contig_1,True,511,TRA,TRAV23/DV6,None,TRAJ30,TRAC,True,True,CAASRGNRDDKIIF,TGTGCAGCAAGCAGGGGGAACAGAGATGACAAGATCATCTTT,843,5,clonotype415,clonotype415_consensus_1
AAAGCAACAAAGCAAT-1,True,AAAGCAACAAAGCAAT-1_contig_2,True,791,TRB,TRBV5-6,None,TRBJ1-2,TRBC1,True,True,CASSLGGVNGYTF,TGTGCCAGCTCGCTTGGGGGGGTCAATGGCTACACCTTC,2058,6,clonotype415,clonotype415_consensus_2
AAAGCAACAAAGCAAT-1,True,AAAGCAACAAAGCAAT-1_contig_3,True,302,TRB,None,None,TRBJ2-1,TRBC2,False,False,None,None,157,4,clonotype415,None
AAAGCAACAATCCAAC-1,True,AAAGCAACAATCCAAC-1_contig_1,True,524,TRB,TRBV20-1,None,TRBJ2-1,TRBC2,True,True,CSPRLAGGVPNEQFF,TGCAGTCCCCGACTAGCGGGGGGGGTCCCTAATGAGCAGTTCTTC,1265,9,clonotype416,clonotype416_consensus_1
AAAGCAACAATCCAAC-1,True,AAAGCAACAATCCAAC-1_contig_2,True,479,TRA,TRAV4,None,TRAJ40,TRAC,True,True,CLVGSATSGTYKYIF,TGCCTCGTGGGTTCCGCTACCTCAGGAACCTACAAATACATCTTT,61,4,clonotype416,clonotype416_consensus_2
AAAGCAACAGCTTCGG-1,True,AAAGCAACAGCTTCGG-1_contig_1,True,495,TRA,TRAV9-2,None,TRAJ20,TRAC,True,True,CALSSYSNDYKLSF,TGTGCTCTGAGCTCCTATTCTAACGACTACAAGCTCAGCTTT,391,2,clonotype51,clonotype51_consensus_2
AAAGCAACAGCTTCGG-1,True,AAAGCAACAGCTTCGG-1_contig_2,True,500,TRB,TRBV5-5,None,TRBJ1-1,TRBC1,True,True,CASSPAPDTEAFF,TGTGCCAGCAGCCCCGCTCCGGACACTGAAGCTTTCTTT,942,3,clonotype51,clonotype51_consensus_1
AAAGCAAGTATATGGA-1,True,AAAGCAAGTATATGGA-1_contig_1,True,521,TRB,TRBV20-1,None,TRBJ2-1,TRBC2,True,True,CSARVGSEVNEQFF,TGCAGTGCTAGAGTGGGGTCGGAAGTCAATGAGCAGTTCTTC,1358,7,clonotype2,clonotype2_consensus_1
AAAGCAAGTGTTCGAT-1,True,AAAGCAAGTGTTCGAT-1_contig_1,True,518,TRB,TRBV20-1,None,TRBJ2-7,TRBC2,True,True,CSARRRSFYEQYF,TGCAGTGCTAGACGGCGGTCGTTCTACGAGCAGTACTTC,944,6,clonotype417,clonotype417_consensus_1
AAAGCAAGTGTTCGAT-1,True,AAAGCAAGTGTTCGAT-1_contig_2,True,517,TRA,TRAV20,None,TRAJ44,TRAC,True,True,CAVQATGETGTASKLTF,TGTGCTGTGCAGGCGACGGGGGAGACCGGCACTGCCAGTAAACTCACCTTT,1329,5,clonotype417,clonotype417_consensus_2
AAAGCAAGTGTTCGAT-1,True,AAAGCAAGTGTTCGAT-1_contig_3,True,436,TRA,TRAV13-1,None,TRAJ15,None,True,False,None,None,453,1,clonotype417,None
AAAGCAAGTGTTGGGA-1,True,AAAGCAAGTGTTGGGA-1_contig_1,True,505,TRA,TRAV1-2,None,TRAJ33,TRAC,True,True,CAATDSNYQLIW,TGTGCTGCGACTGATAGCAACTATCAGTTAATCTGG,971,6,clonotype1,clonotype1_consensus_2
AAAGCAAGTGTTGGGA-1,True,AAAGCAAGTGTTGGGA-1_contig_2,True,502,TRB,TRBV20-1,None,TRBJ2-1,TRBC2,True,True,CSARVGSEVNEQFF,TGCAGTGCTAGAGTGGGGTCGGAAGTCAATGAGCAGTTCTTC,515,5,clonotype1,clonotype1_consensus_1
AAAGCAAGTGTTGGGA-1,True,AAAGCAAGTGTTGGGA-1_contig_3,True,448,TRA,TRAV10,None,TRAJ24,TRAC,True,False,None,None,42,1,clonotype1,None
AAAGCAATCACGCATA-1,True,AAAGCAATCACGCATA-1_contig_1,True,562,TRA,TRAV5,None,TRAJ33,TRAC,True,True,CAESMRSREDSNYQLIW,TGTGCAGAGAGTATGAGAAGTCGTGAGGATAGCAACTATCAGTTAATCTGG,142,1,clonotype418,clonotype418_consensus_2
AAAGCAATCACGCATA-1,True,AAAGCAATCACGCATA-1_contig_2,True,503,TRA,TRAV6,None,TRAJ34,TRAC,True,True,CALDPTNTDKLIF,TGTGCTCTAGACCCTACAAACACCGACAAGCTCATCTTT,162,2,clonotype418,clonotype418_consensus_3
AAAGCAATCACGCATA-1,True,AAAGCAATCACGCATA-1_contig_3,True,480,TRB,TRBV5-5,None,TRBJ1-4,TRBC1,True,True,CASSLRTTNEKLFF,TGTGCCAGCAGCTTAAGAACAACTAATGAAAAACTGTTTTTT,2710,10,clonotype418,clonotype418_consensus_1
AAAGCAATCATCATTC-1,True,AAAGCAATCATCATTC-1_contig_1,True,505,TRA,TRAV1-2,None,TRAJ33,TRAC,True,True,CAATDSNYQLIW,TGTGCTGCGACTGATAGCAACTATCAGTTAATCTGG,334,1,clonotype1,clonotype1_consensus_2
AAAGCAATCATCATTC-1,True,AAAGCAATCATCATTC-1_contig_2,True,513,TRB,TRBV20-1,None,TRBJ2-1,TRBC2,True,True,CSARVGSEVNEQFF,TGCAGTGCTAGAGTGGGGTCGGAAGTCAATGAGCAGTTCTTC,1167,9,clonotype1,clonotype1_consensus_1
AAAGCAATCATCATTC-1,True,AAAGCAATCATCATTC-1_contig_3,True,463,TRA,TRAV10,None,TRAJ24,TRAC,True,False,None,None,1335,2,clonotype1,None
AAAGCAATCGGCTACG-1,True,AAAGCAATCGGCTACG-1_contig_1,True,518,TRB,TRBV20-1,None,TRBJ1-1,TRBC1,True,True,CSARRSGDTEAFF,TGCAGTGCCCGAAGGTCGGGGGACACTGAAGCTTTCTTT,3284,12,clonotype419,clonotype419_consensus_1
AAAGCAATCGGCTACG-1,True,AAAGCAATCGGCTACG-1_contig_2,True,495,TRA,TRAV12-3,None,TRAJ6,TRAC,True,True,CAMSARSYIPTF,TGTGCAATGAGCGCAAGAAGCTACATACCTACATTT,1856,9,clonotype419,clonotype419_consensus_2
AAAGCAATCGGCTACG-1,True,AAAGCAATCGGCTACG-1_contig_3,True,411,TRB,None,None,TRBJ2-1,TRBC2,False,False,None,None,588,2,clonotype419,None
AAAGCAATCGGCTACG-1,True,AAAGCAATCGGCTACG-1_contig_4,True,327,TRB,None,None,TRBJ1-6,TRBC1,False,False,None,None,849,2,clonotype419,None
AAAGCAATCTGCAGTA-1,True,AAAGCAATCTGCAGTA-1_contig_1,True,505,TRA,TRAV1-2,None,TRAJ33,TRAC,True,True,CAVLDSNYQLIW,TGTGCTGTCCTGGATAGCAACTATCAGTTAATCTGG,1201,6,clonotype67,clonotype67_consensus_1
AAAGCAATCTGCAGTA-1,True,AAAGCAATCTGCAGTA-1_contig_2,True,492,TRB,TRBV20-1,None,TRBJ1-1,TRBC1,True,True,CSARGQRGHTEAFF,TGCAGTGCTAGAGGCCAGCGAGGCCACACTGAAGCTTTCTTT,2343,6,clonotype67,clonotype67_consensus_2
AAAGCAATCTTCAACT-1,True,AAAGCAATCTTCAACT-1_contig_1,True,505,TRA,TRAV1-2,None,TRAJ33,TRAC,True,True,CAATDSNYQLIW,TGTGCTGCGACTGATAGCAACTATCAGTTAATCTGG,81,1,clonotype1,clonotype1_consensus_2
AAAGCAATCTTCAACT-1,True,AAAGCAATCTTCAACT-1_contig_2,True,497,TRB,TRBV20-1,None,TRBJ2-1,TRBC2,True,True,CSARVGSEVNEQFF,TGCAGTGCTAGAGTGGGGTCGGAAGTCAATGAGCAGTTCTTC,1436,9,clonotype1,clonotype1_consensus_1
AAAGCAATCTTCAACT-1,True,AAAGCAATCTTCAACT-1_contig_3,True,463,TRA,TRAV10,None,TRAJ24,TRAC,True,False,None,None,267,1,clonotype1,None
AAAGTAGAGAGTACCG-1,True,AAAGTAGAGAGTACCG-1_contig_1,True,505,TRA,TRAV1-2,None,TRAJ33,TRAC,True,True,CAATDSNYQLIW,TGTGCTGCGACTGATAGCAACTATCAGTTAATCTGG,589,3,clonotype1,clonotype1_consensus_2
AAAGTAGAGAGTACCG-1,True,AAAGTAGAGAGTACCG-1_contig_2,True,521,TRB,TRBV20-1,None,TRBJ2-1,TRBC2,True,True,CSARVGSEVNEQFF,TGCAGTGCTAGAGTGGGGTCGGAAGTCAATGAGCAGTTCTTC,1568,11,clonotype1,clonotype1_consensus_1
AAAGTAGAGAGTACCG-1,True,AAAGTAGAGAGTACCG-1_contig_3,True,500,TRA,TRAV10,None,TRAJ24,TRAC,True,False,None,None,178,1,clonotype1,None
AAAGTAGCAAAGTCAA-1,True,AAAGTAGCAAAGTCAA-1_contig_1,True,495,TRB,TRBV20-1,None,TRBJ1-5,TRBC1,True,True,CSARWHAGGPQHF,TGCAGTGCCCGGTGGCACGCCGGAGGGCCCCAGCATTTT,3384,12,clonotype97,clonotype97_consensus_2
AAAGTAGCAAAGTCAA-1,True,AAAGTAGCAAAGTCAA-1_contig_2,True,486,TRA,TRAV12-3,None,TRAJ49,TRAC,True,True,CAIRGQFYF,TGTGCAATAAGAGGCCAGTTCTATTTT,1153,7,clonotype97,clonotype97_consensus_1
AAAGTAGCAAGACGTG-1,True,AAAGTAGCAAGACGTG-1_contig_1,True,527,TRB,TRBV20-1,None,TRBJ1-1,TRBC1,True,True,CSARWGRTGLHTEAFF,TGCAGTGCTAGATGGGGACGGACTGGGTTGCACACTGAAGCTTTCTTT,2768,12,clonotype420,clonotype420_consensus_1
AAAGTAGCACCAGTTA-1,True,AAAGTAGCACCAGTTA-1_contig_1,True,505,TRA,TRAV1-2,None,TRAJ33,TRAC,True,True,CAATDSNYQLIW,TGTGCTGCGACTGATAGCAACTATCAGTTAATCTGG,158,4,clonotype1,clonotype1_consensus_2
AAAGTAGCACCAGTTA-1,True,AAAGTAGCACCAGTTA-1_contig_2,True,521,TRB,TRBV20-1,None,TRBJ2-1,TRBC2,True,True,CSARVGSEVNEQFF,TGCAGTGCTAGAGTGGGGTCGGAAGTCAATGAGCAGTTCTTC,567,5,clonotype1,clonotype1_consensus_1
AAAGTAGCATGATCCA-1,True,AAAGTAGCATGATCCA-1_contig_1,True,505,TRA,TRAV1-2,None,TRAJ33,TRAC,True,True,CAATDSNYQLIW,TGTGCTGCGACTGATAGCAACTATCAGTTAATCTGG,1412,3,clonotype1,clonotype1_consensus_2
AAAGTAGCATGATCCA-1,True,AAAGTAGCATGATCCA-1_contig_2,True,521,TRB,TRBV20-1,None,TRBJ2-1,TRBC2,True,True,CSARVGSEVNEQFF,TGCAGTGCTAGAGTGGGGTCGGAAGTCAATGAGCAGTTCTTC,1349,13,clonotype1,clonotype1_consensus_1
AAAGTAGGTACATCCA-1,True,AAAGTAGGTACATCCA-1_contig_1,True,518,TRB,TRBV20-1,None,TRBJ2-4,TRBC2,True,True,CSAPWGTANIQYF,TGCAGTGCCCCGTGGGGGACAGCGAACATTCAGTACTTC,2112,9,clonotype421,clonotype421_consensus_2
AAAGTAGGTACATCCA-1,True,AAAGTAGGTACATCCA-1_contig_2,True,583,TRA,TRAV17,None,TRAJ34,TRAC,True,True,CATDPYNTDKLIF,TGTGCTACGGATCCGTATAACACCGACAAGCTCATCTTT,642,4,clonotype421,clonotype421_consensus_1
AAAGTAGGTACATCCA-1,True,AAAGTAGGTACATCCA-1_contig_3,True,620,TRA,TRAV36/DV7,None,TRAJ10,TRAC,True,False,None,None,1748,5,clonotype421,None
AAAGTAGGTATCACCA-1,True,AAAGTAGGTATCACCA-1_contig_1,True,516,TRB,TRBV5-5,None,TRBJ2-1,TRBC2,True,True,CASSFGLNEQFF,TGTGCCAGCAGCTTCGGACTCAATGAGCAGTTCTTC,1154,6,clonotype422,clonotype422_consensus_1
AAAGTAGGTATCACCA-1,True,AAAGTAGGTATCACCA-1_contig_2,True,571,TRA,TRAV29/DV5,None,TRAJ12,TRAC,True,True,CAASGGDSSYKLIF,TGTGCAGCAAGCGGCGGGGATAGCAGCTATAAATTGATCTTC,562,2,clonotype422,clonotype422_consensus_2
AAAGTAGGTATCACCA-1,True,AAAGTAGGTATCACCA-1_contig_3,True,436,TRA,TRAV26-2,None,TRAJ45,TRAC,True,False,None,None,4061,3,clonotype422,None
AAAGTAGGTGCTTCTC-1,True,AAAGTAGGTGCTTCTC-1_contig_1,True,492,TRB,TRBV20-1,None,TRBJ1-5,TRBC1,True,True,CSAGRLDQPQHF,TGCAGTGCCGGGAGACTCGATCAGCCCCAGCATTTT,1696,6,clonotype34,clonotype34_consensus_2
AAAGTAGGTGCTTCTC-1,True,AAAGTAGGTGCTTCTC-1_contig_2,True,568,TRA,TRAV19,None,TRAJ39,TRAC,True,True,CALSERRNAGNMLTF,TGTGCTCTGAGTGAGAGGAGGAATGCAGGCAACATGCTCACCTTT,269,3,clonotype34,clonotype34_consensus_1
AAAGTAGTCAGTACGT-1,True,AAAGTAGTCAGTACGT-1_contig_1,True,515,TRB,TRBV20-1,None,TRBJ1-3,TRBC1,True,True,CSASNSGNTIYF,TGCAGTGCTTCGAACTCTGGAAACACCATATATTTT,1286,8,clonotype423,clonotype423_consensus_3
AAAGTAGTCAGTACGT-1,True,AAAGTAGTCAGTACGT-1_contig_2,True,479,TRA,TRAV26-2,None,TRAJ39,TRAC,True,True,CILRANNAGNMLTF,TGCATCCTGAGAGCCAATAATGCAGGCAACATGCTCACCTTT,308,2,clonotype423,clonotype423_consensus_1
AAAGTAGTCAGTACGT-1,True,AAAGTAGTCAGTACGT-1_contig_3,True,512,TRA,TRAV27,None,TRAJ43,TRAC,True,True,CAGQNNNNDMRF,TGTGCAGGTCAAAACAATAACAATGACATGCGCTTT,793,4,clonotype423,clonotype423_consensus_2
AAAGTAGTCATCGCTC-1,True,AAAGTAGTCATCGCTC-1_contig_1,True,462,TRA,TRAV13-1,None,TRAJ33,TRAC,True,True,CAARGLSSNYQLIW,TGTGCAGCAAGGGGCCTGAGTAGCAACTATCAGTTAATCTGG,476,4,clonotype424,clonotype424_consensus_2
AAAGTAGTCATCGCTC-1,True,AAAGTAGTCATCGCTC-1_contig_2,True,527,TRB,TRBV20-1,None,TRBJ2-7,TRBC2,True,True,CSARETRTSGGYEQYF,TGCAGTGCTAGAGAAACAAGGACTAGCGGGGGGTACGAGCAGTACTTC,893,4,clonotype424,clonotype424_consensus_1
AAAGTAGTCATCGCTC-1,True,AAAGTAGTCATCGCTC-1_contig_3,True,667,TRB,TRBV5-6,None,TRBJ1-5,TRBC1,True,True,CASSFRGGANQPQHF,TGTGCCAGCAGCTTTCGAGGGGGCGCGAATCAGCCCCAGCATTTT,911,4,clonotype424,clonotype424_consensus_3
AAAGTAGTCCCTTGCA-1,True,AAAGTAGTCCCTTGCA-1_contig_1,True,505,TRA,TRAV1-2,None,TRAJ33,TRAC,True,True,CAATDSNYQLIW,TGTGCTGCGACTGATAGCAACTATCAGTTAATCTGG,262,4,clonotype1,clonotype1_consensus_2
AAAGTAGTCCCTTGCA-1,True,AAAGTAGTCCCTTGCA-1_contig_2,True,521,TRB,TRBV20-1,None,TRBJ2-1,TRBC2,True,True,CSARVGSEVNEQFF,TGCAGTGCTAGAGTGGGGTCGGAAGTCAATGAGCAGTTCTTC,738,5,clonotype1,clonotype1_consensus_1
AAAGTAGTCCTACAGA-1,True,AAAGTAGTCCTACAGA-1_contig_1,True,502,TRA,TRAV1-2,None,TRAJ30,TRAC,True,True,CAVRDLREIIF,TGTGCTGTGAGAGATCTTCGGGAGATCATCTTT,218,3,clonotype3,clonotype3_consensus_2
AAAGTAGTCCTACAGA-1,True,AAAGTAGTCCTACAGA-1_contig_2,True,528,TRB,TRBV5-5,None,TRBJ1-4,TRBC1,True,True,CASSHPGPNYATNEKLFF,TGTGCCAGCAGCCATCCCGGACCGAACTACGCAACTAATGAAAAACTGTTTTTT,637,3,clonotype3,clonotype3_consensus_1
AAAGTAGTCGTACGGC-1,True,AAAGTAGTCGTACGGC-1_contig_1,True,529,TRA,TRAV14/DV4,None,TRAJ42,TRAC,True,True,CAMREASGGSQGNLIF,TGTGCAATGAGAGAGGCCTCCGGCGGAAGCCAAGGAAATCTCATCTTT,1005,7,clonotype163,clonotype163_consensus_2
AAAGTAGTCGTACGGC-1,True,AAAGTAGTCGTACGGC-1_contig_2,True,788,TRB,TRBV5-6,None,TRBJ2-3,TRBC2,True,True,CASSSPGLAGGPDTQYF,TGTGCCAGCAGCTCACCGGGACTAGCGGGGGGTCCAGATACGCAGTATTTT,763,6,clonotype163,clonotype163_consensus_1
AAAGTAGTCGTACGGC-1,True,AAAGTAGTCGTACGGC-1_contig_3,True,489,TRB,TRBV21-1,None,TRBJ1-5,TRBC1,True,False,CASSKGPLSNQPQHF,TGTGCCAGCAGCAAAGGACCGCTTAGCAATCAGCCCCAGCATTTT,1624,14,clonotype163,None
AAAGTAGTCTATCCCG-1,True,AAAGTAGTCTATCCCG-1_contig_1,True,492,TRB,TRBV20-1,None,TRBJ2-1,TRBC2,True,True,CSARVGSEVNEQFF,TGCAGTGCTAGAGTGGGGTCGGAAGTCAATGAGCAGTTCTTC,444,7,clonotype2,clonotype2_consensus_1
AAAGTAGTCTATCCCG-1,True,AAAGTAGTCTATCCCG-1_contig_2,True,482,TRA,TRAV10,None,TRAJ24,TRAC,True,False,None,None,339,2,clonotype2,None
AAAGTAGTCTCAAACG-1,True,AAAGTAGTCTCAAACG-1_contig_1,True,518,TRB,TRBV20-1,None,TRBJ2-6,TRBC2,True,True,CSALLSGANVLTF,TGCAGTGCTCTACTCTCTGGGGCCAACGTCCTGACTTTC,1419,7,clonotype425,clonotype425_consensus_2
AAAGTAGTCTCAAACG-1,True,AAAGTAGTCTCAAACG-1_contig_2,True,502,TRA,TRAV20,None,TRAJ15,TRAC,True,True,CAVDQAGTALIF,TGTGCTGTGGACCAGGCAGGAACTGCTCTGATCTTT,595,6,clonotype425,clonotype425_consensus_1
AAAGTAGTCTCTAAGG-1,True,AAAGTAGTCTCTAAGG-1_contig_1,True,501,TRB,TRBV20-1,None,TRBJ1-5,TRBC1,True,True,CSARPTGAKNQPQHF,TGCAGTGCTAGACCGACAGGCGCGAAAAATCAGCCCCAGCATTTT,1453,9,clonotype426,clonotype426_consensus_2
AAAGTAGTCTCTAAGG-1,True,AAAGTAGTCTCTAAGG-1_contig_2,True,498,TRA,TRAV9-2,None,TRAJ13,TRAC,True,True,CALSEGSGGYQKVTF,TGTGCTCTGAGTGAAGGATCTGGGGGTTACCAGAAAGTTACCTTT,1140,6,clonotype426,clonotype426_consensus_1
AAAGTAGTCTGATTCT-1,True,AAAGTAGTCTGATTCT-1_contig_1,True,505,TRA,TRAV1-2,None,TRAJ33,TRAC,True,True,CAATDSNYQLIW,TGTGCTGCGACTGATAGCAACTATCAGTTAATCTGG,200,1,clonotype1,clonotype1_consensus_2
AAAGTAGTCTGATTCT-1,True,AAAGTAGTCTGATTCT-1_contig_2,True,498,TRB,TRBV20-1,None,TRBJ2-1,TRBC2,True,True,CSARVGSEVNEQFF,TGCAGTGCTAGAGTGGGGTCGGAAGTCAATGAGCAGTTCTTC,754,9,clonotype1,clonotype1_consensus_1
AAAGTAGTCTGATTCT-1,True,AAAGTAGTCTGATTCT-1_contig_3,True,476,TRA,TRAV10,None,TRAJ24,TRAC,True,False,None,None,59,1,clonotype1,None
AAAGTAGTCTGCGGCA-1,True,AAAGTAGTCTGCGGCA-1_contig_1,True,512,TRB,TRBV5-5,None,TRBJ1-4,TRBC1,True,True,CASSHPGPNYATNEKLFF,TGTGCCAGCAGCCATCCCGGACCGAACTACGCAACTAATGAAAAACTGTTTTTT,265,6,clonotype4,clonotype4_consensus_1
AAATGCCAGAAGGTGA-1,True,AAATGCCAGAAGGTGA-1_contig_1,True,505,TRA,TRAV1-2,None,TRAJ33,TRAC,True,True,CAATDSNYQLIW,TGTGCTGCGACTGATAGCAACTATCAGTTAATCTGG,1264,7,clonotype1,clonotype1_consensus_2
AAATGCCAGAAGGTGA-1,True,AAATGCCAGAAGGTGA-1_contig_2,True,521,TRB,TRBV20-1,None,TRBJ2-1,TRBC2,True,True,CSARVGSEVNEQFF,TGCAGTGCTAGAGTGGGGTCGGAAGTCAATGAGCAGTTCTTC,261,4,clonotype1,clonotype1_consensus_1
AAATGCCAGCTGCCCA-1,True,AAATGCCAGCTGCCCA-1_contig_1,True,502,TRA,TRAV1-2,None,TRAJ33,TRAC,True,True,CAATDSNYQLIW,TGTGCTGCGACTGATAGCAACTATCAGTTAATCTGG,790,3,clonotype1,clonotype1_consensus_2
AAATGCCAGCTGCCCA-1,True,AAATGCCAGCTGCCCA-1_contig_2,True,521,TRB,TRBV20-1,None,TRBJ2-1,TRBC2,True,True,CSARVGSEVNEQFF,TGCAGTGCTAGAGTGGGGTCGGAAGTCAATGAGCAGTTCTTC,1409,6,clonotype1,clonotype1_consensus_1
AAATGCCAGTACATGA-1,True,AAATGCCAGTACATGA-1_contig_1,True,505,TRA,TRAV1-2,None,TRAJ33,TRAC,True,True,CAATDSNYQLIW,TGTGCTGCGACTGATAGCAACTATCAGTTAATCTGG,167,5,clonotype1,clonotype1_consensus_2
AAATGCCAGTACATGA-1,True,AAATGCCAGTACATGA-1_contig_2,True,502,TRB,TRBV20-1,None,TRBJ2-1,TRBC2,True,True,CSARVGSEVNEQFF,TGCAGTGCTAGAGTGGGGTCGGAAGTCAATGAGCAGTTCTTC,518,7,clonotype1,clonotype1_consensus_1
AAATGCCCAGTAAGCG-1,True,AAATGCCCAGTAAGCG-1_contig_1,True,505,TRA,TRAV1-2,None,TRAJ33,TRAC,True,True,CAATDSNYQLIW,TGTGCTGCGACTGATAGCAACTATCAGTTAATCTGG,882,4,clonotype1,clonotype1_consensus_2
AAATGCCCAGTAAGCG-1,True,AAATGCCCAGTAAGCG-1_contig_2,True,473,TRB,TRBV20-1,None,TRBJ2-1,TRBC2,True,True,CSARVGSEVNEQFF,TGCAGTGCTAGAGTGGGGTCGGAAGTCAATGAGCAGTTCTTC,981,5,clonotype1,clonotype1_consensus_1
AAATGCCCATCGGTTA-1,True,AAATGCCCATCGGTTA-1_contig_1,True,492,TRB,TRBV20-1,None,TRBJ2-7,TRBC2,True,True,CSARKDNYEQYF,TGCAGTGCTAGGAAGGACAACTACGAGCAGTACTTC,1259,12,clonotype427,clonotype427_consensus_2
AAATGCCCATCGGTTA-1,True,AAATGCCCATCGGTTA-1_contig_2,True,518,TRA,TRAV17,None,TRAJ22,TRAC,True,True,CATELSGSARQLTF,TGTGCTACGGAGCTTTCTGGTTCTGCAAGGCAACTGACCTTT,120,2,clonotype427,clonotype427_consensus_1
AAATGCCGTCACCCAG-1,True,AAATGCCGTCACCCAG-1_contig_1,True,511,TRA,TRAV23/DV6,None,TRAJ5,TRAC,True,True,CAASMNTGRRALTF,TGTGCAGCAAGTATGAACACGGGCAGGAGAGCACTTACTTTT,1635,9,clonotype428,clonotype428_consensus_1
AAATGCCGTCACCCAG-1,True,AAATGCCGTCACCCAG-1_contig_2,True,501,TRB,TRBV20-1,None,TRBJ2-4,TRBC2,True,True,CSAFLSGGAKNIQYF,TGCAGTGCCTTCCTTAGCGGGGGGGCCAAAAACATTCAGTACTTC,1449,7,clonotype428,clonotype428_consensus_2
AAATGCCGTCACCCAG-1,True,AAATGCCGTCACCCAG-1_contig_3,True,310,TRB,None,None,TRBJ2-7,TRBC2,False,False,None,None,905,2,clonotype428,None
AAATGCCGTCCGAGTC-1,True,AAATGCCGTCCGAGTC-1_contig_1,True,524,TRB,TRBV20-1,None,TRBJ2-7,TRBC2,True,True,CSVPGLAGGTSSEQYF,TGCAGTGTTCCGGGACTAGCGGGGGGGACGTCCTCCGAGCAGTACTTC,2419,8,clonotype429,clonotype429_consensus_1
AAATGCCGTCCGAGTC-1,True,AAATGCCGTCCGAGTC-1_contig_2,True,504,TRA,TRAV26-1,None,TRAJ30,TRAC,True,True,CIVTMNRDDKIIF,TGCATCGTTACCATGAACAGAGATGACAAGATCATCTTT,140,2,clonotype429,clonotype429_consensus_2
AAATGCCGTCCGAGTC-1,True,AAATGCCGTCCGAGTC-1_contig_3,True,484,TRA,TRAV23/DV6,None,TRAJ20,None,True,False,CSKGRSNDYKLSF,TGCAGCAAGGGCCGTTCTAACGACTACAAGCTCAGCTTT,231,1,clonotype429,None
AAATGCCGTGAAAGAG-1,True,AAATGCCGTGAAAGAG-1_contig_1,True,505,TRA,TRAV1-2,None,TRAJ33,TRAC,True,True,CAATDSNYQLIW,TGTGCTGCGACTGATAGCAACTATCAGTTAATCTGG,193,4,clonotype1,clonotype1_consensus_2
AAATGCCGTGAAAGAG-1,True,AAATGCCGTGAAAGAG-1_contig_2,True,521,TRB,TRBV20-1,None,TRBJ2-1,TRBC2,True,True,CSARVGSEVNEQFF,TGCAGTGCTAGAGTGGGGTCGGAAGTCAATGAGCAGTTCTTC,750,4,clonotype1,clonotype1_consensus_1
AAATGCCGTGGGTCAA-1,True,AAATGCCGTGGGTCAA-1_contig_1,True,505,TRA,TRAV1-2,None,TRAJ33,TRAC,True,True,CAATDSNYQLIW,TGTGCTGCGACTGATAGCAACTATCAGTTAATCTGG,479,5,clonotype1,clonotype1_consensus_2
AAATGCCGTGGGTCAA-1,True,AAATGCCGTGGGTCAA-1_contig_2,True,521,TRB,TRBV20-1,None,TRBJ2-1,TRBC2,True,True,CSARVGSEVNEQFF,TGCAGTGCTAGAGTGGGGTCGGAAGTCAATGAGCAGTTCTTC,1555,6,clonotype1,clonotype1_consensus_1
AAATGCCTCAGGATCT-1,True,AAATGCCTCAGGATCT-1_contig_1,True,505,TRA,TRAV1-2,None,TRAJ33,TRAC,True,True,CAATDSNYQLIW,TGTGCTGCGACTGATAGCAACTATCAGTTAATCTGG,481,2,clonotype1,clonotype1_consensus_2
AAATGCCTCAGGATCT-1,True,AAATGCCTCAGGATCT-1_contig_2,True,518,TRB,TRBV20-1,None,TRBJ2-1,TRBC2,True,True,CSARVGSEVNEQFF,TGCAGTGCTAGAGTGGGGTCGGAAGTCAATGAGCAGTTCTTC,961,6,clonotype1,clonotype1_consensus_1
AACACGTAGAAGGCCT-1,True,AACACGTAGAAGGCCT-1_contig_1,True,473,TRB,TRBV20-1,None,TRBJ1-5,TRBC1,True,True,CSAGQGKGGNQPQHF,TGCAGTGCTGGACAGGGAAAGGGGGGCAATCAGCCCCAGCATTTT,90,2,clonotype164,clonotype164_consensus_2
AACACGTAGAAGGCCT-1,True,AACACGTAGAAGGCCT-1_contig_2,True,733,TRA,TRAV8-3,None,TRAJ31,TRAC,True,True,CAVGVNNNARLMF,TGTGCTGTGGGGGTGAATAACAATGCCAGACTCATGTTT,487,4,clonotype164,clonotype164_consensus_1
AACACGTAGACCGGAT-1,True,AACACGTAGACCGGAT-1_contig_1,True,521,TRB,TRBV20-1,None,TRBJ2-1,TRBC2,True,True,CSARVGSEVNEQFF,TGCAGTGCTAGAGTGGGGTCGGAAGTCAATGAGCAGTTCTTC,1611,9,clonotype2,clonotype2_consensus_1
AACACGTAGACCGGAT-1,True,AACACGTAGACCGGAT-1_contig_2,True,482,TRA,TRAV10,None,TRAJ24,TRAC,True,False,None,None,788,4,clonotype2,None
AACACGTAGAGAGCTC-1,True,AACACGTAGAGAGCTC-1_contig_1,True,505,TRA,TRAV1-2,None,TRAJ33,TRAC,True,True,CAATDSNYQLIW,TGTGCTGCGACTGATAGCAACTATCAGTTAATCTGG,911,4,clonotype1,clonotype1_consensus_2
AACACGTAGAGAGCTC-1,True,AACACGTAGAGAGCTC-1_contig_2,True,521,TRB,TRBV20-1,None,TRBJ2-1,TRBC2,True,True,CSARVGSEVNEQFF,TGCAGTGCTAGAGTGGGGTCGGAAGTCAATGAGCAGTTCTTC,1677,8,clonotype1,clonotype1_consensus_1
AACACGTAGGGCTTCC-1,True,AACACGTAGGGCTTCC-1_contig_1,True,665,TRB,TRBV5-6,None,TRBJ2-1,TRBC2,True,True,CASSLVFRQGNNEQFF,TGTGCCAGCAGCTTAGTTTTCCGACAGGGGAACAATGAGCAGTTCTTC,1571,7,clonotype430,clonotype430_consensus_1
AACACGTAGGGCTTCC-1,True,AACACGTAGGGCTTCC-1_contig_2,True,485,TRA,TRAV38-1,None,TRAJ49,TRAC,True,True,CAFMMAGGQFYF,TGTGCTTTCATGATGGCCGGGGGCCAGTTCTATTTT,761,3,clonotype430,clonotype430_consensus_3
AACACGTAGGGCTTCC-1,True,AACACGTAGGGCTTCC-1_contig_3,True,513,TRB,TRBV5-5,None,TRBJ2-1,TRBC2,True,True,CASSLVAGLYNEQFF,TGTGCCAGCAGCTTGGTTGCGGGGTTATACAATGAGCAGTTCTTC,4309,16,clonotype430,clonotype430_consensus_2
AACACGTAGGGCTTCC-1,True,AACACGTAGGGCTTCC-1_contig_4,True,454,TRA,TRAV12-2,None,TRAJ50,TRAC,True,False,None,None,351,2,clonotype430,None
AACACGTAGGTGCACA-1,True,AACACGTAGGTGCACA-1_contig_1,True,521,TRB,TRBV20-1,None,TRBJ2-2,TRBC2,True,True,CSARQGRNTGELFF,TGCAGTGCTAGACAGGGACGGAACACCGGGGAGCTGTTTTTT,2518,13,clonotype431,clonotype431_consensus_1
AACACGTAGGTGCACA-1,True,AACACGTAGGTGCACA-1_contig_2,True,529,TRA,TRAV14/DV4,None,TRAJ53,TRAC,True,True,CAMREGSGGSNYKLTF,TGTGCAATGAGAGAGGGGAGTGGAGGTAGCAACTATAAACTGACATTT,943,4,clonotype431,clonotype431_consensus_3
AACACGTAGGTGCACA-1,True,AACACGTAGGTGCACA-1_contig_3,True,474,TRA,TRAV13-1,None,TRAJ53,TRAC,True,True,CAARRNRNSGGSNYKLTF,TGTGCAGCAAGACGAAACCGGAATAGTGGAGGTAGCAACTATAAACTGACATTT,517,4,clonotype431,clonotype431_consensus_2
AACACGTAGTACGATA-1,True,AACACGTAGTACGATA-1_contig_1,True,508,TRB,TRBV20-1,None,TRBJ1-6,TRBC1,True,True,CSARPPGFSYNSPLHF,TGCAGTGCTAGACCCCCGGGGTTTTCCTATAATTCACCCCTCCACTTT,5695,6,clonotype432,clonotype432_consensus_2
AACACGTAGTACGATA-1,True,AACACGTAGTACGATA-1_contig_2,True,487,TRA,TRAV1-1,None,TRAJ27,TRAC,True,True,CALNTNAGKSTF,TGCGCTCTTAACACCAATGCAGGCAAATCAACCTTT,4234,6,clonotype432,clonotype432_consensus_3
AACACGTAGTACGATA-1,True,AACACGTAGTACGATA-1_contig_3,True,493,TRB,TRBV20-1,None,TRBJ1-2,TRBC1,True,True,CSARPILGYTF,TGCAGTGCTAGACCCATCCTAGGCTACACCTTC,4008,11,clonotype432,clonotype432_consensus_4
AACACGTAGTACGATA-1,True,AACACGTAGTACGATA-1_contig_4,True,455,TRA,TRAV9-2,None,TRAJ45,TRAC,True,True,CALTGEGGGADGLTF,TGTGCTCTGACGGGCGAGGGAGGAGGTGCTGACGGACTCACCTTT,834,7,clonotype432,clonotype432_consensus_1
AACACGTAGTTAAGTG-1,True,AACACGTAGTTAAGTG-1_contig_1,True,505,TRA,TRAV1-2,None,TRAJ33,TRAC,True,True,CAATDSNYQLIW,TGTGCTGCGACTGATAGCAACTATCAGTTAATCTGG,294,2,clonotype1,clonotype1_consensus_2
AACACGTAGTTAAGTG-1,True,AACACGTAGTTAAGTG-1_contig_2,True,521,TRB,TRBV20-1,None,TRBJ2-1,TRBC2,True,True,CSARVGSEVNEQFF,TGCAGTGCTAGAGTGGGGTCGGAAGTCAATGAGCAGTTCTTC,4451,12,clonotype1,clonotype1_consensus_1
AACACGTAGTTAAGTG-1,True,AACACGTAGTTAAGTG-1_contig_3,True,465,TRA,TRAV10,None,TRAJ24,TRAC,True,False,None,None,351,3,clonotype1,None
AACACGTCACCCATGG-1,True,AACACGTCACCCATGG-1_contig_1,True,518,TRB,TRBV20-1,None,TRBJ2-7,TRBC2,True,True,CSARGGGAFEQYF,TGCAGTGCTAGAGGAGGAGGGGCGTTTGAGCAGTACTTC,1250,7,clonotype433,clonotype433_consensus_1
AACACGTCACCTCGTT-1,True,AACACGTCACCTCGTT-1_contig_1,True,505,TRA,TRAV1-2,None,TRAJ33,TRAC,True,True,CAATDSNYQLIW,TGTGCTGCGACTGATAGCAACTATCAGTTAATCTGG,650,3,clonotype1,clonotype1_consensus_2
AACACGTCACCTCGTT-1,True,AACACGTCACCTCGTT-1_contig_2,True,521,TRB,TRBV20-1,None,TRBJ2-1,TRBC2,True,True,CSARVGSEVNEQFF,TGCAGTGCTAGAGTGGGGTCGGAAGTCAATGAGCAGTTCTTC,2672,8,clonotype1,clonotype1_consensus_1
AACACGTCACCTCGTT-1,True,AACACGTCACCTCGTT-1_contig_3,True,467,TRA,TRAV10,None,TRAJ24,TRAC,True,False,None,None,459,3,clonotype1,None
AACACGTCACTTGGAT-1,True,AACACGTCACTTGGAT-1_contig_1,True,492,TRA,TRAV9-2,None,TRAJ48,TRAC,True,True,CALISFGNEKLTF,TGTGCTCTGATCTCTTTTGGAAATGAGAAATTAACCTTT,262,1,clonotype434,clonotype434_consensus_1
AACACGTCACTTGGAT-1,True,AACACGTCACTTGGAT-1_contig_2,True,664,TRB,TRBV5-6,None,TRBJ1-2,TRBC1,True,True,CASSPGTPGDYGYTF,TGTGCCAGCAGCCCGGGGACACCGGGAGACTATGGCTACACCTTC,2916,10,clonotype434,clonotype434_consensus_2
AACACGTCACTTGGAT-1,True,AACACGTCACTTGGAT-1_contig_3,True,369,TRB,None,None,TRBJ1-1,TRBC1,False,False,None,None,1038,6,clonotype434,None
AACACGTCAGTAAGAT-1,True,AACACGTCAGTAAGAT-1_contig_1,True,505,TRA,TRAV1-2,None,TRAJ33,TRAC,True,True,CAATDSNYQLIW,TGTGCTGCGACTGATAGCAACTATCAGTTAATCTGG,627,3,clonotype1,clonotype1_consensus_2
AACACGTCAGTAAGAT-1,True,AACACGTCAGTAAGAT-1_contig_2,True,498,TRB,TRBV20-1,None,TRBJ2-1,TRBC2,True,True,CSARVGSEVNEQFF,TGCAGTGCTAGAGTGGGGTCGGAAGTCAATGAGCAGTTCTTC,3918,7,clonotype1,clonotype1_consensus_1
AACACGTCATGAGCGA-1,True,AACACGTCATGAGCGA-1_contig_1,True,618,TRA,TRAV3,None,TRAJ21,TRAC,True,True,CAVRDINNFNKFYF,TGTGCTGTGAGAGACATAAACAACTTCAACAAATTTTACTTT,697,5,clonotype435,clonotype435_consensus_2
AACACGTCATGAGCGA-1,True,AACACGTCATGAGCGA-1_contig_2,True,507,TRB,TRBV20-1,None,TRBJ1-4,TRBC1,True,True,CSALTRGEGRTNEKLFF,TGCAGTGCCCTCACGAGGGGGGAGGGCAGGACTAATGAAAAACTGTTTTTT,349,6,clonotype435,clonotype435_consensus_1
AACACGTCATTCCTGC-1,True,AACACGTCATTCCTGC-1_contig_1,True,505,TRA,TRAV1-2,None,TRAJ33,TRAC,True,True,CAATDSNYQLIW,TGTGCTGCGACTGATAGCAACTATCAGTTAATCTGG,306,2,clonotype1,clonotype1_consensus_2
AACACGTCATTCCTGC-1,True,AACACGTCATTCCTGC-1_contig_2,True,521,TRB,TRBV20-1,None,TRBJ2-1,TRBC2,True,True,CSARVGSEVNEQFF,TGCAGTGCTAGAGTGGGGTCGGAAGTCAATGAGCAGTTCTTC,1350,4,clonotype1,clonotype1_consensus_1
AACACGTGTAAAGGAG-1,True,AACACGTGTAAAGGAG-1_contig_1,True,505,TRA,TRAV1-2,None,TRAJ33,TRAC,True,True,CAATDSNYQLIW,TGTGCTGCGACTGATAGCAACTATCAGTTAATCTGG,272,5,clonotype1,clonotype1_consensus_2
AACACGTGTAAAGGAG-1,True,AACACGTGTAAAGGAG-1_contig_2,True,492,TRB,TRBV20-1,None,TRBJ2-1,TRBC2,True,True,CSARVGSEVNEQFF,TGCAGTGCTAGAGTGGGGTCGGAAGTCAATGAGCAGTTCTTC,646,5,clonotype1,clonotype1_consensus_1
AACACGTGTAAAGGAG-1,True,AACACGTGTAAAGGAG-1_contig_3,True,459,TRA,TRAV10,None,TRAJ24,TRAC,True,False,None,None,339,2,clonotype1,None
AACACGTGTCGCATAT-1,True,AACACGTGTCGCATAT-1_contig_1,True,462,TRA,TRAV13-1,None,TRAJ26,TRAC,True,True,CAATPDNYGQNFVF,TGTGCAGCAACCCCAGATAACTATGGTCAGAATTTTGTCTTT,1384,4,clonotype18,clonotype18_consensus_1
AACACGTGTCGCATAT-1,True,AACACGTGTCGCATAT-1_contig_2,True,524,TRB,TRBV20-1,None,TRBJ1-2,TRBC1,True,True,CSARGPNLRVGGYTF,TGCAGTGCTAGAGGTCCTAATCTCAGGGTCGGTGGCTACACCTTC,3826,12,clonotype18,clonotype18_consensus_2
AACACGTGTCGCATAT-1,True,AACACGTGTCGCATAT-1_contig_3,True,497,TRA,TRAV13-2,None,TRAJ23,TRAC,True,False,None,None,535,4,clonotype18,None
AACACGTGTGTGACGA-1,True,AACACGTGTGTGACGA-1_contig_1,True,505,TRA,TRAV1-2,None,TRAJ33,TRAC,True,True,CAATDSNYQLIW,TGTGCTGCGACTGATAGCAACTATCAGTTAATCTGG,1080,5,clonotype1,clonotype1_consensus_2
AACACGTGTGTGACGA-1,True,AACACGTGTGTGACGA-1_contig_2,True,521,TRB,TRBV20-1,None,TRBJ2-1,TRBC2,True,True,CSARVGSEVNEQFF,TGCAGTGCTAGAGTGGGGTCGGAAGTCAATGAGCAGTTCTTC,1209,9,clonotype1,clonotype1_consensus_1
AACACGTGTGTGACGA-1,True,AACACGTGTGTGACGA-1_contig_3,True,465,TRA,TRAV10,None,TRAJ24,TRAC,True,False,None,None,570,4,clonotype1,None
AACACGTGTTATCGGT-1,True,AACACGTGTTATCGGT-1_contig_1,True,502,TRA,TRAV1-2,None,TRAJ30,TRAC,True,True,CAVRDLREIIF,TGTGCTGTGAGAGATCTTCGGGAGATCATCTTT,977,4,clonotype3,clonotype3_consensus_2
AACACGTGTTATCGGT-1,True,AACACGTGTTATCGGT-1_contig_2,True,685,TRB,TRBV5-5,None,TRBJ1-4,TRBC1,True,True,CASSHPGPNYATNEKLFF,TGTGCCAGCAGCCATCCCGGACCGAACTACGCAACTAATGAAAAACTGTTTTTT,1064,4,clonotype3,clonotype3_consensus_1
AACACGTGTTGGTGGA-1,True,AACACGTGTTGGTGGA-1_contig_1,True,505,TRA,TRAV1-2,None,TRAJ33,TRAC,True,True,CAATDSNYQLIW,TGTGCTGCGACTGATAGCAACTATCAGTTAATCTGG,782,4,clonotype1,clonotype1_consensus_2
AACACGTGTTGGTGGA-1,True,AACACGTGTTGGTGGA-1_contig_2,True,518,TRB,TRBV20-1,None,TRBJ2-1,TRBC2,True,True,CSARVGSEVNEQFF,TGCAGTGCTAGAGTGGGGTCGGAAGTCAATGAGCAGTTCTTC,1519,8,clonotype1,clonotype1_consensus_1
AACACGTGTTGGTGGA-1,True,AACACGTGTTGGTGGA-1_contig_3,True,457,TRA,TRAV10,None,TRAJ24,TRAC,True,False,None,None,375,1,clonotype1,None
AACACGTTCAGGCGAA-1,True,AACACGTTCAGGCGAA-1_contig_1,True,462,TRA,TRAV13-1,None,TRAJ11,TRAC,True,True,CAASRRSVDSTLTF,TGTGCAGCAAGTCGTAGATCGGTGGACAGCACCCTCACCTTT,104,2,clonotype436,clonotype436_consensus_1
AACACGTTCAGGCGAA-1,True,AACACGTTCAGGCGAA-1_contig_2,True,512,TRB,TRBV20-1,None,TRBJ2-2,TRBC2,True,True,CSATDRVELFF,TGCAGTGCCACGGACAGGGTAGAGCTGTTTTTT,641,7,clonotype436,clonotype436_consensus_2
AACACGTTCCCTCAGT-1,True,AACACGTTCCCTCAGT-1_contig_1,True,553,TRA,TRAV12-2,None,TRAJ18,TRAC,True,True,CAVNIERGSTLGRLYF,TGTGCCGTGAACATCGAGAGAGGCTCAACCCTGGGGAGGCTATACTTT,940,4,clonotype437,clonotype437_consensus_2
AACACGTTCCCTCAGT-1,True,AACACGTTCCCTCAGT-1_contig_2,True,517,TRB,TRBV20-1,None,TRBJ2-5,TRBC2,True,True,CSARDPDRLVWTQYF,TGCAGTGCTAGAGATCCGGACCGTTTAGTGTGGACCCAGTACTTC,1442,5,clonotype437,clonotype437_consensus_1
AACACGTTCCCTCAGT-1,True,AACACGTTCCCTCAGT-1_contig_3,True,514,TRB,TRBV20-1,None,TRBJ1-2,TRBC1,True,True,CSARAEFGGDGYTF,TGCAGTGCTAGAGCTGAGTTTGGGGGCGATGGCTACACCTTC,1063,7,clonotype437,clonotype437_consensus_3
AACACGTTCCCTCAGT-1,True,AACACGTTCCCTCAGT-1_contig_4,True,376,TRB,None,None,TRBJ1-6,TRBC1,False,False,None,None,255,2,clonotype437,None
AACACGTTCCCTCAGT-1,True,AACACGTTCCCTCAGT-1_contig_5,True,367,TRA,TRAV6,None,TRAJ8,TRAC,True,False,CALDGGSFQKLVF,TGTGCTCTAGACGGGGGAAGCTTTCAGAAACTTGTATTT,2429,2,clonotype437,None
AACACGTTCCTATGTT-1,True,AACACGTTCCTATGTT-1_contig_1,True,505,TRA,TRAV1-2,None,TRAJ33,TRAC,True,True,CAATDSNYQLIW,TGTGCTGCGACTGATAGCAACTATCAGTTAATCTGG,346,4,clonotype1,clonotype1_consensus_2
AACACGTTCCTATGTT-1,True,AACACGTTCCTATGTT-1_contig_2,True,498,TRB,TRBV20-1,None,TRBJ2-1,TRBC2,True,True,CSARVGSEVNEQFF,TGCAGTGCTAGAGTGGGGTCGGAAGTCAATGAGCAGTTCTTC,816,5,clonotype1,clonotype1_consensus_1
AACACGTTCCTATGTT-1,True,AACACGTTCCTATGTT-1_contig_3,True,482,TRA,TRAV10,None,TRAJ24,TRAC,True,False,None,None,493,4,clonotype1,None
AACACGTTCGCCAGCA-1,True,AACACGTTCGCCAGCA-1_contig_1,True,495,TRB,TRBV20-1,None,TRBJ1-2,TRBC1,True,True,CSVAQGSSYGYTF,TGCAGTGTCGCCCAGGGGTCGAGCTATGGCTACACCTTC,1522,6,clonotype165,clonotype165_consensus_1
AACACGTTCGCCAGCA-1,True,AACACGTTCGCCAGCA-1_contig_2,True,577,TRA,TRAV8-1,None,TRAJ42,TRAC,True,True,CAVTQGRGSQGNLIF,TGTGCCGTGACCCAGGGGCGAGGAAGCCAAGGAAATCTCATCTTT,2765,5,clonotype165,clonotype165_consensus_2
AACACGTTCGCCAGCA-1,True,AACACGTTCGCCAGCA-1_contig_3,True,503,TRB,TRBV11-3,None,TRBJ1-5,TRBC1,True,False,CKSLRWGSNQPQHF,TGCAAGTCGCTTAGGTGGGGAAGCAATCAGCCCCAGCATTTT,1826,9,clonotype165,None
AACACGTTCTCGATGA-1,True,AACACGTTCTCGATGA-1_contig_1,True,505,TRA,TRAV1-2,None,TRAJ33,TRAC,True,True,CAATDSNYQLIW,TGTGCTGCGACTGATAGCAACTATCAGTTAATCTGG,251,1,clonotype1,clonotype1_consensus_2
AACACGTTCTCGATGA-1,True,AACACGTTCTCGATGA-1_contig_2,True,521,TRB,TRBV20-1,None,TRBJ2-1,TRBC2,True,True,CSARVGSEVNEQFF,TGCAGTGCTAGAGTGGGGTCGGAAGTCAATGAGCAGTTCTTC,1958,10,clonotype1,clonotype1_consensus_1
AACACGTTCTCGCATC-1,True,AACACGTTCTCGCATC-1_contig_1,True,515,TRB,TRBV20-1,None,TRBJ1-2,TRBC1,True,True,CSASLPPGGYTF,TGCAGTGCTAGCCTCCCCCCGGGTGGCTACACCTTC,439,5,clonotype166,clonotype166_consensus_1
AACACGTTCTCGCATC-1,True,AACACGTTCTCGCATC-1_contig_2,True,565,TRA,TRAV19,None,TRAJ22,TRAC,True,True,CALGAPGSARQLTF,TGTGCTCTGGGGGCCCCTGGTTCTGCAAGGCAACTGACCTTT,303,3,clonotype166,clonotype166_consensus_2
AACACGTTCTGCAAGT-1,True,AACACGTTCTGCAAGT-1_contig_1,True,517,TRA,TRAV20,None,TRAJ53,TRAC,True,True,CAVQAGRSGGSNYKLTF,TGTGCTGTGCAGGCCGGACGGAGTGGAGGTAGCAACTATAAACTGACATTT,890,3,clonotype438,clonotype438_consensus_1
AACCATGAGATGTCGG-1,True,AACCATGAGATGTCGG-1_contig_1,True,505,TRA,TRAV1-2,None,TRAJ33,TRAC,True,True,CAATDSNYQLIW,TGTGCTGCGACTGATAGCAACTATCAGTTAATCTGG,1567,7,clonotype1,clonotype1_consensus_2
AACCATGAGATGTCGG-1,True,AACCATGAGATGTCGG-1_contig_2,True,521,TRB,TRBV20-1,None,TRBJ2-1,TRBC2,True,True,CSARVGSEVNEQFF,TGCAGTGCTAGAGTGGGGTCGGAAGTCAATGAGCAGTTCTTC,4804,23,clonotype1,clonotype1_consensus_1
AACCATGAGATGTCGG-1,True,AACCATGAGATGTCGG-1_contig_3,True,482,TRA,TRAV10,None,TRAJ24,TRAC,True,False,None,None,826,7,clonotype1,None
AACCATGAGCACCGCT-1,True,AACCATGAGCACCGCT-1_contig_1,True,505,TRA,TRAV1-2,None,TRAJ33,TRAC,True,True,CAATDSNYQLIW,TGTGCTGCGACTGATAGCAACTATCAGTTAATCTGG,347,3,clonotype1,clonotype1_consensus_2
AACCATGAGCACCGCT-1,True,AACCATGAGCACCGCT-1_contig_2,True,498,TRB,TRBV20-1,None,TRBJ2-1,TRBC2,True,True,CSARVGSEVNEQFF,TGCAGTGCTAGAGTGGGGTCGGAAGTCAATGAGCAGTTCTTC,1340,7,clonotype1,clonotype1_consensus_1
AACCATGAGCACCGCT-1,True,AACCATGAGCACCGCT-1_contig_3,True,457,TRA,TRAV10,None,TRAJ24,TRAC,True,False,None,None,626,1,clonotype1,None
AACCATGAGTGGGTTG-1,True,AACCATGAGTGGGTTG-1_contig_1,True,509,TRA,TRAV25,None,TRAJ53,TRAC,True,True,CAGRSGGSNYKLTF,TGTGCAGGGAGAAGTGGAGGTAGCAACTATAAACTGACATTT,318,2,clonotype9,clonotype9_consensus_2
AACCATGAGTGGGTTG-1,True,AACCATGAGTGGGTTG-1_contig_2,True,527,TRB,TRBV20-1,None,TRBJ1-5,TRBC1,True,True,CSAIGQGAPSNQPQHF,TGCAGTGCTATCGGACAGGGGGCGCCGAGCAATCAGCCCCAGCATTTT,1654,6,clonotype9,clonotype9_consensus_1
AACCATGCAATCCAAC-1,True,AACCATGCAATCCAAC-1_contig_1,True,485,TRB,TRBV20-1,None,TRBJ1-1,TRBC1,True,True,CSAAPGHLNTEAFF,TGCAGTGCTGCCCCGGGACATCTGAACACTGAAGCTTTCTTT,1043,4,clonotype167,clonotype167_consensus_1
AACCATGCAATCCAAC-1,True,AACCATGCAATCCAAC-1_contig_2,True,391,TRA,TRAV17,None,TRAJ37,TRAC,True,False,CATAPPDSSNTGKLIF,TGTGCTACGGCCCCTCCTGACTCTAGCAACACAGGCAAACTAATCTTT,423,1,clonotype167,None
AACCATGCAATCCAAC-1,True,AACCATGCAATCCAAC-1_contig_3,True,444,TRA,TRAV13-1,None,TRAJ45,TRAC,True,False,None,None,267,2,clonotype167,None
AACCATGCAATTCCTT-1,True,AACCATGCAATTCCTT-1_contig_1,True,505,TRA,TRAV1-2,None,TRAJ33,TRAC,True,True,CAATDSNYQLIW,TGTGCTGCGACTGATAGCAACTATCAGTTAATCTGG,2220,2,clonotype1,clonotype1_consensus_2
AACCATGCAATTCCTT-1,True,AACCATGCAATTCCTT-1_contig_2,True,521,TRB,TRBV20-1,None,TRBJ2-1,TRBC2,True,True,CSARVGSEVNEQFF,TGCAGTGCTAGAGTGGGGTCGGAAGTCAATGAGCAGTTCTTC,872,9,clonotype1,clonotype1_consensus_1
AACCATGCAATTCCTT-1,True,AACCATGCAATTCCTT-1_contig_3,True,467,TRA,TRAV10,None,TRAJ24,TRAC,True,False,None,None,181,2,clonotype1,None
AACCATGCACACGCTG-1,True,AACCATGCACACGCTG-1_contig_1,True,489,TRA,TRAV1-2,None,TRAJ33,TRAC,True,True,CAATDSNYQLIW,TGTGCTGCGACTGATAGCAACTATCAGTTAATCTGG,561,1,clonotype1,clonotype1_consensus_2
AACCATGCACACGCTG-1,True,AACCATGCACACGCTG-1_contig_2,True,521,TRB,TRBV20-1,None,TRBJ2-1,TRBC2,True,True,CSARVGSEVNEQFF,TGCAGTGCTAGAGTGGGGTCGGAAGTCAATGAGCAGTTCTTC,978,5,clonotype1,clonotype1_consensus_1
AACCATGCACACGCTG-1,True,AACCATGCACACGCTG-1_contig_3,True,464,TRA,TRAV10,None,TRAJ24,TRAC,True,False,None,None,5907,2,clonotype1,None
AACCATGCACTAGTAC-1,True,AACCATGCACTAGTAC-1_contig_1,True,505,TRA,TRAV1-2,None,TRAJ33,TRAC,True,True,CAATDSNYQLIW,TGTGCTGCGACTGATAGCAACTATCAGTTAATCTGG,665,3,clonotype1,clonotype1_consensus_2
AACCATGCACTAGTAC-1,True,AACCATGCACTAGTAC-1_contig_2,True,492,TRB,TRBV20-1,None,TRBJ2-1,TRBC2,True,True,CSARVGSEVNEQFF,TGCAGTGCTAGAGTGGGGTCGGAAGTCAATGAGCAGTTCTTC,709,4,clonotype1,clonotype1_consensus_1
AACCATGCACTAGTAC-1,True,AACCATGCACTAGTAC-1_contig_3,True,482,TRA,TRAV10,None,TRAJ24,TRAC,True,False,None,None,283,2,clonotype1,None
AACCATGCATCGGACC-1,True,AACCATGCATCGGACC-1_contig_1,True,521,TRB,TRBV20-1,None,TRBJ2-1,TRBC2,True,True,CSARVGSEVNEQFF,TGCAGTGCTAGAGTGGGGTCGGAAGTCAATGAGCAGTTCTTC,1377,5,clonotype2,clonotype2_consensus_1
AACCATGCATTGCGGC-1,True,AACCATGCATTGCGGC-1_contig_1,True,505,TRA,TRAV1-2,None,TRAJ33,TRAC,True,True,CAATDSNYQLIW,TGTGCTGCGACTGATAGCAACTATCAGTTAATCTGG,947,7,clonotype1,clonotype1_consensus_2
AACCATGCATTGCGGC-1,True,AACCATGCATTGCGGC-1_contig_2,True,498,TRB,TRBV20-1,None,TRBJ2-1,TRBC2,True,True,CSARVGSEVNEQFF,TGCAGTGCTAGAGTGGGGTCGGAAGTCAATGAGCAGTTCTTC,1727,9,clonotype1,clonotype1_consensus_1
AACCATGGTAAACGCG-1,True,AACCATGGTAAACGCG-1_contig_1,True,505,TRA,TRAV1-2,None,TRAJ33,TRAC,True,True,CAATDSNYQLIW,TGTGCTGCGACTGATAGCAACTATCAGTTAATCTGG,89,1,clonotype1,clonotype1_consensus_2
AACCATGGTAAACGCG-1,True,AACCATGGTAAACGCG-1_contig_2,True,521,TRB,TRBV20-1,None,TRBJ2-1,TRBC2,True,True,CSARVGSEVNEQFF,TGCAGTGCTAGAGTGGGGTCGGAAGTCAATGAGCAGTTCTTC,1986,10,clonotype1,clonotype1_consensus_1
AACCATGGTAAACGCG-1,True,AACCATGGTAAACGCG-1_contig_3,True,495,TRA,TRAV10,None,TRAJ24,TRAC,True,False,None,None,304,4,clonotype1,None
AACCATGGTAGCTAAA-1,True,AACCATGGTAGCTAAA-1_contig_1,True,505,TRA,TRAV1-2,None,TRAJ33,TRAC,True,True,CAATDSNYQLIW,TGTGCTGCGACTGATAGCAACTATCAGTTAATCTGG,2967,2,clonotype1,clonotype1_consensus_2
AACCATGGTAGCTAAA-1,True,AACCATGGTAGCTAAA-1_contig_2,True,521,TRB,TRBV20-1,None,TRBJ2-1,TRBC2,True,True,CSARVGSEVNEQFF,TGCAGTGCTAGAGTGGGGTCGGAAGTCAATGAGCAGTTCTTC,3621,7,clonotype1,clonotype1_consensus_1
AACCATGGTAGCTAAA-1,True,AACCATGGTAGCTAAA-1_contig_3,True,482,TRA,TRAV10,None,TRAJ24,TRAC,True,False,None,None,594,3,clonotype1,None
AACCATGGTATAGGGC-1,True,AACCATGGTATAGGGC-1_contig_1,True,505,TRA,TRAV1-2,None,TRAJ33,TRAC,True,True,CAATDSNYQLIW,TGTGCTGCGACTGATAGCAACTATCAGTTAATCTGG,793,4,clonotype1,clonotype1_consensus_2
AACCATGGTATAGGGC-1,True,AACCATGGTATAGGGC-1_contig_2,True,521,TRB,TRBV20-1,None,TRBJ2-1,TRBC2,True,True,CSARVGSEVNEQFF,TGCAGTGCTAGAGTGGGGTCGGAAGTCAATGAGCAGTTCTTC,386,2,clonotype1,clonotype1_consensus_1
AACCATGGTCGCGGTT-1,True,AACCATGGTCGCGGTT-1_contig_1,True,500,TRB,TRBV5-5,None,TRBJ1-2,TRBC1,True,True,CASSYGPGNYGYTF,TGTGCCAGCAGCTACGGACCGGGAAACTATGGCTACACCTTC,2441,11,clonotype439,clonotype439_consensus_1
AACCATGGTGCGATAG-1,True,AACCATGGTGCGATAG-1_contig_1,True,505,TRA,TRAV1-2,None,TRAJ33,TRAC,True,True,CAATDSNYQLIW,TGTGCTGCGACTGATAGCAACTATCAGTTAATCTGG,188,1,clonotype1,clonotype1_consensus_2
AACCATGGTGCGATAG-1,True,AACCATGGTGCGATAG-1_contig_2,True,498,TRB,TRBV20-1,None,TRBJ2-1,TRBC2,True,True,CSARVGSEVNEQFF,TGCAGTGCTAGAGTGGGGTCGGAAGTCAATGAGCAGTTCTTC,838,4,clonotype1,clonotype1_consensus_1
AACCATGGTGCGATAG-1,True,AACCATGGTGCGATAG-1_contig_3,True,482,TRA,TRAV10,None,TRAJ24,TRAC,True,False,None,None,541,3,clonotype1,None
AACCATGGTTACGACT-1,True,AACCATGGTTACGACT-1_contig_1,True,470,TRA,TRAV29/DV5,None,TRAJ35,TRAC,True,True,CAASAVGFGNVLHC,TGTGCAGCAAGCGCCGTAGGCTTTGGGAATGTGCTGCATTGC,588,3,clonotype440,clonotype440_consensus_1
AACCATGGTTACGACT-1,True,AACCATGGTTACGACT-1_contig_2,True,514,TRB,TRBV5-6,None,TRBJ1-2,TRBC1,True,True,CASSLVTVYGYTF,TGTGCCAGCAGCTTGGTGACAGTTTATGGCTACACCTTC,1559,5,clonotype440,clonotype440_consensus_2
AACCATGGTTACGACT-1,True,AACCATGGTTACGACT-1_contig_3,True,313,TRB,None,None,TRBJ2-5,TRBC2,False,False,None,None,1737,3,clonotype440,None
AACCATGGTTCTGAAC-1,True,AACCATGGTTCTGAAC-1_contig_1,True,636,TRA,TRAV12-1,None,TRAJ12,TRAC,True,True,CVVNPRGDSSYKLIF,TGTGTGGTGAACCCCCGGGGGGATAGCAGCTATAAATTGATCTTC,8492,8,clonotype441,clonotype441_consensus_1
AACCATGGTTCTGAAC-1,True,AACCATGGTTCTGAAC-1_contig_2,True,518,TRB,TRBV20-1,None,TRBJ1-1,TRBC1,True,True,CSARERDRHTEAFF,TGCAGTGCTAGGGAGCGCGACAGGCACACTGAAGCTTTCTTT,659,4,clonotype441,clonotype441_consensus_2
AACCATGGTTCTGAAC-1,True,AACCATGGTTCTGAAC-1_contig_3,True,501,TRB,TRBV7-4,None,TRBJ1-1,TRBC1,True,False,CASSLTG,TGTGCCAGCAGCTTAACCGGG,881,4,clonotype441,None
AACCATGTCCCTTGCA-1,True,AACCATGTCCCTTGCA-1_contig_1,True,669,TRB,TRBV5-6,None,TRBJ2-2,TRBC2,True,True,CASSLAPTVTTGELFF,TGTGCCAGCAGCTTGGCCCCGACCGTAACCACCGGGGAGCTGTTTTTT,2989,15,clonotype442,clonotype442_consensus_2
AACCATGTCCCTTGCA-1,True,AACCATGTCCCTTGCA-1_contig_2,True,602,TRA,TRAV14/DV4,None,TRAJ27,TRAC,True,True,CAISNTNAGKSTF,TGTGCAATTTCTAACACCAATGCAGGCAAATCAACCTTT,638,4,clonotype442,clonotype442_consensus_1
AACCATGTCGAATGGG-1,True,AACCATGTCGAATGGG-1_contig_1,True,505,TRA,TRAV1-2,None,TRAJ33,TRAC,True,True,CAATDSNYQLIW,TGTGCTGCGACTGATAGCAACTATCAGTTAATCTGG,831,3,clonotype1,clonotype1_consensus_2
AACCATGTCGAATGGG-1,True,AACCATGTCGAATGGG-1_contig_2,True,473,TRB,TRBV20-1,None,TRBJ2-1,TRBC2,True,True,CSARVGSEVNEQFF,TGCAGTGCTAGAGTGGGGTCGGAAGTCAATGAGCAGTTCTTC,3751,10,clonotype1,clonotype1_consensus_1
AACCATGTCTATGTGG-1,True,AACCATGTCTATGTGG-1_contig_1,True,496,TRB,TRBV5-6,None,TRBJ1-1,TRBC1,True,True,CASSSQTGRLGTEAFF,TGTGCCAGCAGCTCGCAGACAGGGAGGTTGGGCACTGAAGCTTTCTTT,2926,5,clonotype443,clonotype443_consensus_2
AACCATGTCTATGTGG-1,True,AACCATGTCTATGTGG-1_contig_2,True,505,TRA,TRAV1-2,None,TRAJ33,TRAC,True,True,CAAMDSNYQLIW,TGTGCTGCCATGGATAGCAACTATCAGTTAATCTGG,9299,4,clonotype443,clonotype443_consensus_3
AACCATGTCTATGTGG-1,True,AACCATGTCTATGTGG-1_contig_3,True,498,TRB,TRBV20-1,None,TRBJ1-1,TRBC1,True,True,CSAREGGKDTEAFF,TGCAGTGCTAGGGAGGGGGGTAAGGACACTGAAGCTTTCTTT,5166,11,clonotype443,clonotype443_consensus_1
AACCATGTCTATGTGG-1,True,AACCATGTCTATGTGG-1_contig_4,True,357,TRB,None,None,TRBJ2-1,TRBC2,False,False,None,None,601,6,clonotype443,None
AACCATGTCTATGTGG-1,True,AACCATGTCTATGTGG-1_contig_5,True,532,TRA,TRAV12-2,None,TRAJ49,TRAC,True,False,None,None,1362,6,clonotype443,None
AACCATGTCTTCTGGC-1,True,AACCATGTCTTCTGGC-1_contig_1,True,515,TRB,TRBV20-1,None,TRBJ2-1,TRBC2,True,True,CSAGRPLNEQFF,TGCAGTGCCGGGAGGCCCTTAAATGAGCAGTTCTTC,2704,10,clonotype444,clonotype444_consensus_2
AACCATGTCTTCTGGC-1,True,AACCATGTCTTCTGGC-1_contig_2,True,605,TRA,TRAV30,None,TRAJ22,TRAC,True,True,CGTEGSGSARQLTF,TGTGGCACAGAAGGTTCTGGTTCTGCAAGGCAACTGACCTTT,385,4,clonotype444,clonotype444_consensus_1
AACCATGTCTTGTATC-1,True,AACCATGTCTTGTATC-1_contig_1,True,518,TRB,TRBV20-1,None,TRBJ1-2,TRBC1,True,True,CSASYEAWGGYTF,TGCAGTGCTAGTTATGAGGCCTGGGGTGGCTACACCTTC,4972,11,clonotype445,clonotype445_consensus_2
AACCATGTCTTGTATC-1,True,AACCATGTCTTGTATC-1_contig_2,True,627,TRA,TRAV3,None,TRAJ28,TRAC,True,True,CAVRDIGSGAGSYQLTF,TGTGCTGTGAGAGACATAGGGTCTGGGGCTGGGAGTTACCAACTCACTTTC,211,5,clonotype445,clonotype445_consensus_1
AACCATGTCTTGTATC-1,True,AACCATGTCTTGTATC-1_contig_3,True,433,TRB,TRBV14,None,TRBJ1-1,TRBC1,True,False,CQQPKDFEA,TGCCAGCAGCCCAAAGATTTTGAGGCG,314,2,clonotype445,None
AACCGCGAGAACTGTA-1,True,AACCGCGAGAACTGTA-1_contig_1,True,524,TRB,TRBV20-1,None,TRBJ2-1,TRBC2,True,True,CSARVGSEVNEQFF,TGCAGTGCTAGAGTGGGGTCGGAAGTCAATGAGCAGTTCTTC,439,3,clonotype2,clonotype2_consensus_1
AACCGCGAGGAGTCTG-1,True,AACCGCGAGGAGTCTG-1_contig_1,True,489,TRA,TRAV13-2,None,TRAJ5,TRAC,True,True,CAETSNTGRRALTF,TGTGCAGAGACCTCTAACACGGGCAGGAGAGCACTTACTTTT,826,5,clonotype446,clonotype446_consensus_2
AACCGCGAGGAGTCTG-1,True,AACCGCGAGGAGTCTG-1_contig_2,True,512,TRB,TRBV20-1,None,TRBJ1-1,TRBC1,True,True,CSASSGLVAFF,TGCAGTGCTTCGTCGGGGTTAGTGGCTTTCTTT,1854,5,clonotype446,clonotype446_consensus_1
AACCGCGAGGAGTCTG-1,True,AACCGCGAGGAGTCTG-1_contig_3,True,320,TRB,None,None,TRBJ1-5,TRBC1,False,False,None,None,1933,6,clonotype446,None
AACCGCGAGGCGATAC-1,True,AACCGCGAGGCGATAC-1_contig_1,True,505,TRA,TRAV1-2,None,TRAJ33,TRAC,True,True,CAATDSNYQLIW,TGTGCTGCGACTGATAGCAACTATCAGTTAATCTGG,266,2,clonotype1,clonotype1_consensus_2
AACCGCGAGGCGATAC-1,True,AACCGCGAGGCGATAC-1_contig_2,True,521,TRB,TRBV20-1,None,TRBJ2-1,TRBC2,True,True,CSARVGSEVNEQFF,TGCAGTGCTAGAGTGGGGTCGGAAGTCAATGAGCAGTTCTTC,3503,11,clonotype1,clonotype1_consensus_1
AACCGCGAGGCGATAC-1,True,AACCGCGAGGCGATAC-1_contig_3,True,434,TRA,TRAV10,None,TRAJ24,TRAC,True,False,None,None,418,2,clonotype1,None
AACCGCGAGTTGTAGA-1,True,AACCGCGAGTTGTAGA-1_contig_1,True,553,TRA,TRAV5,None,TRAJ4,TRAC,True,True,CAEVTGGYNKLIF,TGTGCAGAGGTTACTGGTGGCTACAATAAGCTGATTTTT,845,6,clonotype447,clonotype447_consensus_2
AACCGCGAGTTGTAGA-1,True,AACCGCGAGTTGTAGA-1_contig_2,True,536,TRB,TRBV20-1,None,TRBJ1-4,TRBC1,True,True,CSAREGGGNIKWTVNEKLFF,TGCAGTGCTAGAGAAGGAGGGGGCAACATTAAGTGGACCGTGAATGAAAAACTGTTTTTT,3637,13,clonotype447,clonotype447_consensus_1
AACCGCGAGTTGTAGA-1,True,AACCGCGAGTTGTAGA-1_contig_3,True,708,TRB,TRBV5-6,None,TRBJ2-5,TRBC2,True,True,CASSPGTIETQYF,TGTGCCAGCAGCCCCGGGACGATTGAGACCCAGTACTTC,1314,4,clonotype447,clonotype447_consensus_3
AACCGCGCAAACTGTC-1,True,AACCGCGCAAACTGTC-1_contig_1,True,518,TRB,TRBV20-1,None,TRBJ2-1,TRBC2,True,True,CSARVGSEVNEQFF,TGCAGTGCTAGAGTGGGGTCGGAAGTCAATGAGCAGTTCTTC,824,3,clonotype2,clonotype2_consensus_1
AACCGCGCAACACCTA-1,True,AACCGCGCAACACCTA-1_contig_1,True,505,TRA,TRAV23/DV6,None,TRAJ31,TRAC,True,True,CAASLNNGRLMF,TGTGCAGCAAGCTTAAATAATGGCAGACTCATGTTT,223,2,clonotype448,clonotype448_consensus_2
AACCGCGCAACACCTA-1,True,AACCGCGCAACACCTA-1_contig_2,True,521,TRB,TRBV20-1,None,TRBJ1-2,TRBC1,True,True,CSARGGRVPYGYTF,TGCAGTGCTAGAGGGGGCAGGGTTCCCTATGGCTACACCTTC,1886,10,clonotype448,clonotype448_consensus_1
AACCGCGCAACGATGG-1,True,AACCGCGCAACGATGG-1_contig_1,True,521,TRB,TRBV20-1,None,TRBJ1-5,TRBC1,True,True,CSATGGTGSQPQHF,TGCAGTGCCACTGGAGGGACAGGGAGTCAGCCCCAGCATTTT,2166,7,clonotype449,clonotype449_consensus_1
AACCGCGCAACGATGG-1,True,AACCGCGCAACGATGG-1_contig_2,True,621,TRA,TRAV3,None,TRAJ9,TRAC,True,True,CAVRPSNTGGFKTIF,TGTGCTGTGAGACCCTCAAATACTGGAGGCTTCAAAACTATCTTT,1325,8,clonotype449,clonotype449_consensus_2
AACCGCGCAAGAGTCG-1,True,AACCGCGCAAGAGTCG-1_contig_1,True,492,TRB,TRBV20-1,None,TRBJ1-4,TRBC1,True,True,CSARDVELKLFF,TGCAGTGCTAGAGATGTCGAACTGAAACTGTTTTTT,512,3,clonotype450,clonotype450_consensus_1
AACCGCGCAATAGAGT-1,True,AACCGCGCAATAGAGT-1_contig_1,True,518,TRB,TRBV20-1,None,TRBJ1-1,TRBC1,True,True,CSASRQGKSEAFF,TGCAGTGCTAGCCGACAGGGGAAAAGTGAAGCTTTCTTT,3564,14,clonotype451,clonotype451_consensus_3
AACCGCGCAATAGAGT-1,True,AACCGCGCAATAGAGT-1_contig_2,True,547,TRA,TRAV16,None,TRAJ37,TRAC,True,True,CALSGRGKLIF,TGTGCTCTAAGTGGCAGAGGCAAACTAATCTTT,432,2,clonotype451,clonotype451_consensus_2
AACCGCGCAATAGAGT-1,True,AACCGCGCAATAGAGT-1_contig_3,True,487,TRA,TRAV1-1,None,TRAJ27,TRAC,True,True,CAVTCNAGKSTF,TGCGCTGTGACCTGCAATGCAGGCAAATCAACCTTT,1470,5,clonotype451,clonotype451_consensus_1
AACCGCGCAATTCCTT-1,True,AACCGCGCAATTCCTT-1_contig_1,True,515,TRB,TRBV20-1,None,TRBJ2-3,TRBC2,True,True,CSARGSVDTQYF,TGCAGTGCTAGAGGGTCTGTCGATACGCAGTATTTT,3240,14,clonotype168,clonotype168_consensus_2
AACCGCGCAATTCCTT-1,True,AACCGCGCAATTCCTT-1_contig_2,True,517,TRA,TRAV29/DV5,None,TRAJ4,TRAC,True,True,CAASPEAGGYNKLIF,TGTGCAGCAAGCCCCGAGGCTGGTGGCTACAATAAGCTGATTTTT,1753,5,clonotype168,clonotype168_consensus_1
AACCGCGCACAACTGT-1,True,AACCGCGCACAACTGT-1_contig_1,True,524,TRB,TRBV20-1,None,TRBJ2-5,TRBC2,True,True,CSADPGSLSSETQYF,TGCAGTGCTGACCCCGGGTCCCTATCCTCGGAGACCCAGTACTTC,1607,11,clonotype452,clonotype452_consensus_2
AACCGCGCACAACTGT-1,True,AACCGCGCACAACTGT-1_contig_2,True,462,TRA,TRAV9-2,None,TRAJ23,TRAC,True,True,CALTWIYNQGGKLIF,TGTGCTCTGACCTGGATTTATAACCAGGGAGGAAAGCTTATCTTC,388,1,clonotype452,clonotype452_consensus_1
AACCGCGCACAACTGT-1,True,AACCGCGCACAACTGT-1_contig_3,True,515,TRB,TRBV6-5,None,TRBJ1-6,TRBC1,True,False,None,None,441,3,clonotype452,None
AACCGCGCAGCTCGAC-1,True,AACCGCGCAGCTCGAC-1_contig_1,True,505,TRA,TRAV1-2,None,TRAJ33,TRAC,True,True,CAATDSNYQLIW,TGTGCTGCGACTGATAGCAACTATCAGTTAATCTGG,387,2,clonotype1,clonotype1_consensus_2
AACCGCGCAGCTCGAC-1,True,AACCGCGCAGCTCGAC-1_contig_2,True,521,TRB,TRBV20-1,None,TRBJ2-1,TRBC2,True,True,CSARVGSEVNEQFF,TGCAGTGCTAGAGTGGGGTCGGAAGTCAATGAGCAGTTCTTC,4017,13,clonotype1,clonotype1_consensus_1
AACCGCGCAGCTCGAC-1,True,AACCGCGCAGCTCGAC-1_contig_3,True,482,TRA,TRAV10,None,TRAJ24,TRAC,True,False,None,None,128,1,clonotype1,None
AACCGCGCAGTCTTCC-1,True,AACCGCGCAGTCTTCC-1_contig_1,True,505,TRA,TRAV1-2,None,TRAJ33,TRAC,True,True,CAATDSNYQLIW,TGTGCTGCGACTGATAGCAACTATCAGTTAATCTGG,577,1,clonotype1,clonotype1_consensus_2
AACCGCGCAGTCTTCC-1,True,AACCGCGCAGTCTTCC-1_contig_2,True,521,TRB,TRBV20-1,None,TRBJ2-1,TRBC2,True,True,CSARVGSEVNEQFF,TGCAGTGCTAGAGTGGGGTCGGAAGTCAATGAGCAGTTCTTC,824,4,clonotype1,clonotype1_consensus_1
AACCGCGCAGTCTTCC-1,True,AACCGCGCAGTCTTCC-1_contig_3,True,498,TRA,TRAV10,None,TRAJ24,TRAC,True,False,None,None,265,1,clonotype1,None
AACCGCGGTCTGCCAG-1,True,AACCGCGGTCTGCCAG-1_contig_1,True,505,TRA,TRAV1-2,None,TRAJ33,TRAC,True,True,CAATDSNYQLIW,TGTGCTGCGACTGATAGCAACTATCAGTTAATCTGG,970,4,clonotype1,clonotype1_consensus_2
AACCGCGGTCTGCCAG-1,True,AACCGCGGTCTGCCAG-1_contig_2,True,521,TRB,TRBV20-1,None,TRBJ2-1,TRBC2,True,True,CSARVGSEVNEQFF,TGCAGTGCTAGAGTGGGGTCGGAAGTCAATGAGCAGTTCTTC,1852,6,clonotype1,clonotype1_consensus_1
AACCGCGGTGCTGTAT-1,True,AACCGCGGTGCTGTAT-1_contig_1,True,484,TRA,TRAV35,None,TRAJ40,TRAC,True,True,CAGRPDSGTYKYIF,TGTGCTGGTCGCCCGGACTCAGGAACCTACAAATACATCTTT,272,1,clonotype10,clonotype10_consensus_2
AACCGCGGTGCTGTAT-1,True,AACCGCGGTGCTGTAT-1_contig_2,True,473,TRB,TRBV20-1,None,TRBJ1-2,TRBC1,True,True,CSARDQTGVNYGYTF,TGCAGTGCTAGAGACCAGACAGGGGTTAACTATGGCTACACCTTC,825,2,clonotype10,clonotype10_consensus_1
AACCGCGGTGCTGTAT-1,True,AACCGCGGTGCTGTAT-1_contig_3,True,491,TRA,TRAV16,None,TRAJ20,TRAC,True,False,None,None,202,2,clonotype10,None
AACCGCGTCACGCATA-1,True,AACCGCGTCACGCATA-1_contig_1,True,501,TRB,TRBV20-1,None,TRBJ1-5,TRBC1,True,True,CSARDMRNSNQPQHF,TGCAGTGCTAGAGATATGCGGAATAGCAATCAGCCCCAGCATTTT,5578,13,clonotype453,clonotype453_consensus_2
AACCGCGTCACGCATA-1,True,AACCGCGTCACGCATA-1_contig_2,True,492,TRA,TRAV38-2/DV8,None,TRAJ40,TRAC,True,True,CAYTLTTSGTYKYIF,TGTGCTTATACTCTAACTACCTCAGGAACCTACAAATACATCTTT,702,4,clonotype453,clonotype453_consensus_1
AACCGCGTCACGCATA-1,True,AACCGCGTCACGCATA-1_contig_3,True,306,TRB,None,None,TRBJ1-1,TRBC1,False,False,None,None,2817,7,clonotype453,None
AACCGCGTCGGACAAG-1,True,AACCGCGTCGGACAAG-1_contig_1,True,652,TRB,TRBV5-6,None,TRBJ2-5,TRBC2,True,True,CASSMGGRETQYF,TGTGCCAGCTCAATGGGGGGTCGAGAGACCCAGTACTTC,494,3,clonotype52,clonotype52_consensus_2
AACCGCGTCGGACAAG-1,True,AACCGCGTCGGACAAG-1_contig_2,True,462,TRA,TRAV9-2,None,TRAJ57,TRAC,True,True,CALSGTQGGSEKLVF,TGTGCTCTGAGCGGAACTCAGGGCGGATCTGAAAAGCTGGTCTTT,420,1,clonotype52,clonotype52_consensus_1
AACCGCGTCGGTCCGA-1,True,AACCGCGTCGGTCCGA-1_contig_1,True,505,TRA,TRAV1-2,None,TRAJ33,TRAC,True,True,CAATDSNYQLIW,TGTGCTGCGACTGATAGCAACTATCAGTTAATCTGG,515,3,clonotype1,clonotype1_consensus_2
AACCGCGTCGGTCCGA-1,True,AACCGCGTCGGTCCGA-1_contig_2,True,462,TRB,TRBV20-1,None,TRBJ2-1,TRBC2,True,True,CSARVGSEVNEQFF,TGCAGTGCTAGAGTGGGGTCGGAAGTCAATGAGCAGTTCTTC,642,5,clonotype1,clonotype1_consensus_1
AACCGCGTCTCCGGTT-1,True,AACCGCGTCTCCGGTT-1_contig_1,True,541,TRA,TRAV24,None,TRAJ49,TRAC,True,True,CALTGNQFYF,TGTGCTTTAACCGGTAACCAGTTCTATTTT,806,4,clonotype454,clonotype454_consensus_2
AACCGCGTCTCCGGTT-1,True,AACCGCGTCTCCGGTT-1_contig_2,True,497,TRB,TRBV20-1,None,TRBJ2-3,TRBC2,True,True,CSASPVTLTDTQYF,TGCAGTGCTAGCCCAGTTACTCTCACAGATACGCAGTATTTT,1954,8,clonotype454,clonotype454_consensus_1
AACCGCGTCTGGTGTA-1,True,AACCGCGTCTGGTGTA-1_contig_1,True,480,TRB,TRBV5-5,None,TRBJ1-5,TRBC1,True,True,CASSLLENQPQHF,TGTGCCAGCAGCTTGCTGGAGAATCAGCCCCAGCATTTT,1180,7,clonotype455,clonotype455_consensus_1
AACCGCGTCTGGTGTA-1,True,AACCGCGTCTGGTGTA-1_contig_2,True,477,TRA,None,None,TRAJ6,TRAC,False,False,None,None,187,2,clonotype455,None
AACCGCGTCTGTTTGT-1,True,AACCGCGTCTGTTTGT-1_contig_1,True,515,TRB,TRBV20-1,None,TRBJ2-5,TRBC2,True,True,CTGRTVQETQYF,TGCACTGGGCGGACTGTCCAAGAGACCCAGTACTTC,1973,7,clonotype456,clonotype456_consensus_1
AACCGCGTCTGTTTGT-1,True,AACCGCGTCTGTTTGT-1_contig_2,True,571,TRA,TRAV8-1,None,TRAJ20,TRAC,True,True,CAVWRSNDYKLSF,TGTGCCGTTTGGAGGTCTAACGACTACAAGCTCAGCTTT,1147,7,clonotype456,clonotype456_consensus_2
AACGTTGAGAATTGTG-1,True,AACGTTGAGAATTGTG-1_contig_1,True,493,TRA,TRAV1-2,None,TRAJ33,TRAC,True,True,CAATDSNYQLIW,TGTGCTGCGACTGATAGCAACTATCAGTTAATCTGG,429,2,clonotype1,clonotype1_consensus_2
AACGTTGAGAATTGTG-1,True,AACGTTGAGAATTGTG-1_contig_2,True,521,TRB,TRBV20-1,None,TRBJ2-1,TRBC2,True,True,CSARVGSEVNEQFF,TGCAGTGCTAGAGTGGGGTCGGAAGTCAATGAGCAGTTCTTC,1355,11,clonotype1,clonotype1_consensus_1
AACGTTGAGCTCCTTC-1,True,AACGTTGAGCTCCTTC-1_contig_1,True,505,TRA,TRAV1-2,None,TRAJ33,TRAC,True,True,CAATDSNYQLIW,TGTGCTGCGACTGATAGCAACTATCAGTTAATCTGG,526,2,clonotype1,clonotype1_consensus_2
AACGTTGAGCTCCTTC-1,True,AACGTTGAGCTCCTTC-1_contig_2,True,521,TRB,TRBV20-1,None,TRBJ2-1,TRBC2,True,True,CSARVGSEVNEQFF,TGCAGTGCTAGAGTGGGGTCGGAAGTCAATGAGCAGTTCTTC,2920,9,clonotype1,clonotype1_consensus_1
AACGTTGAGCTCCTTC-1,True,AACGTTGAGCTCCTTC-1_contig_3,True,312,TRB,None,None,TRBJ1-4,TRBC1,False,False,None,None,713,1,clonotype1,None
AACGTTGAGCTCCTTC-1,True,AACGTTGAGCTCCTTC-1_contig_4,True,457,TRA,TRAV10,None,TRAJ24,TRAC,True,False,None,None,777,2,clonotype1,None
AACGTTGAGGATGCGT-1,True,AACGTTGAGGATGCGT-1_contig_1,True,498,TRB,TRBV20-1,None,TRBJ2-1,TRBC2,True,True,CSARVGSEVNEQFF,TGCAGTGCTAGAGTGGGGTCGGAAGTCAATGAGCAGTTCTTC,896,6,clonotype2,clonotype2_consensus_1
AACGTTGCAAGCGCTC-1,True,AACGTTGCAAGCGCTC-1_contig_1,True,521,TRB,TRBV20-1,None,TRBJ2-1,TRBC2,True,True,CSARVGSEVNEQFF,TGCAGTGCTAGAGTGGGGTCGGAAGTCAATGAGCAGTTCTTC,1885,10,clonotype2,clonotype2_consensus_1
AACGTTGCACTATCTT-1,True,AACGTTGCACTATCTT-1_contig_1,True,505,TRA,TRAV1-2,None,TRAJ33,TRAC,True,True,CAATDSNYQLIW,TGTGCTGCGACTGATAGCAACTATCAGTTAATCTGG,1117,6,clonotype1,clonotype1_consensus_2
AACGTTGCACTATCTT-1,True,AACGTTGCACTATCTT-1_contig_2,True,521,TRB,TRBV20-1,None,TRBJ2-1,TRBC2,True,True,CSARVGSEVNEQFF,TGCAGTGCTAGAGTGGGGTCGGAAGTCAATGAGCAGTTCTTC,2801,16,clonotype1,clonotype1_consensus_1
AACGTTGCACTTCGAA-1,True,AACGTTGCACTTCGAA-1_contig_1,True,505,TRA,TRAV1-2,None,TRAJ33,TRAC,True,True,CAATDSNYQLIW,TGTGCTGCGACTGATAGCAACTATCAGTTAATCTGG,541,3,clonotype1,clonotype1_consensus_2
AACGTTGCACTTCGAA-1,True,AACGTTGCACTTCGAA-1_contig_2,True,521,TRB,TRBV20-1,None,TRBJ2-1,TRBC2,True,True,CSARVGSEVNEQFF,TGCAGTGCTAGAGTGGGGTCGGAAGTCAATGAGCAGTTCTTC,1333,4,clonotype1,clonotype1_consensus_1
AACGTTGCAGGTTTCA-1,True,AACGTTGCAGGTTTCA-1_contig_1,True,505,TRA,TRAV1-2,None,TRAJ33,TRAC,True,True,CAATDSNYQLIW,TGTGCTGCGACTGATAGCAACTATCAGTTAATCTGG,1117,6,clonotype1,clonotype1_consensus_2
AACGTTGCAGGTTTCA-1,True,AACGTTGCAGGTTTCA-1_contig_2,True,521,TRB,TRBV20-1,None,TRBJ2-1,TRBC2,True,True,CSARVGSEVNEQFF,TGCAGTGCTAGAGTGGGGTCGGAAGTCAATGAGCAGTTCTTC,4083,20,clonotype1,clonotype1_consensus_1
AACGTTGCAGGTTTCA-1,True,AACGTTGCAGGTTTCA-1_contig_3,True,465,TRA,TRAV10,None,TRAJ24,TRAC,True,False,None,None,374,4,clonotype1,None
AACGTTGCATCCTTGC-1,True,AACGTTGCATCCTTGC-1_contig_1,True,463,TRA,TRAV26-2,None,TRAJ29,TRAC,True,True,CILMYINTPLVF,TGCATCCTGATGTATATAAACACACCTCTTGTCTTT,814,3,clonotype169,clonotype169_consensus_1
AACGTTGCATCCTTGC-1,True,AACGTTGCATCCTTGC-1_contig_2,True,521,TRB,TRBV20-1,None,TRBJ1-5,TRBC1,True,True,CSVPDRVASQPQHF,TGCAGTGTCCCGGACAGGGTAGCAAGCCAGCCCCAGCATTTT,4345,14,clonotype169,clonotype169_consensus_2
AACGTTGCATCCTTGC-1,True,AACGTTGCATCCTTGC-1_contig_3,True,496,TRA,TRAV27,None,TRAJ27,TRAC,True,False,CAALRMQANQPLGM,TGTGCAGCCCTCAGGATGCAGGCAAATCAACCTTTGGGGATG,3762,1,clonotype169,None
AACGTTGCATGTCTCC-1,True,AACGTTGCATGTCTCC-1_contig_1,True,505,TRA,TRAV1-2,None,TRAJ33,TRAC,True,True,CAATDSNYQLIW,TGTGCTGCGACTGATAGCAACTATCAGTTAATCTGG,133,3,clonotype1,clonotype1_consensus_2
AACGTTGCATGTCTCC-1,True,AACGTTGCATGTCTCC-1_contig_2,True,521,TRB,TRBV20-1,None,TRBJ2-1,TRBC2,True,True,CSARVGSEVNEQFF,TGCAGTGCTAGAGTGGGGTCGGAAGTCAATGAGCAGTTCTTC,2160,6,clonotype1,clonotype1_consensus_1
AACGTTGCATGTCTCC-1,True,AACGTTGCATGTCTCC-1_contig_3,True,461,TRA,TRAV10,None,TRAJ24,TRAC,True,False,None,None,228,2,clonotype1,None
AACGTTGGTACCGAGA-1,True,AACGTTGGTACCGAGA-1_contig_1,True,505,TRA,TRAV1-2,None,TRAJ33,TRAC,True,True,CAATDSNYQLIW,TGTGCTGCGACTGATAGCAACTATCAGTTAATCTGG,233,1,clonotype1,clonotype1_consensus_2
AACGTTGGTACCGAGA-1,True,AACGTTGGTACCGAGA-1_contig_2,True,495,TRB,TRBV20-1,None,TRBJ2-1,TRBC2,True,True,CSARVGSEVNEQFF,TGCAGTGCTAGAGTGGGGTCGGAAGTCAATGAGCAGTTCTTC,1594,9,clonotype1,clonotype1_consensus_1
AACGTTGGTACCGAGA-1,True,AACGTTGGTACCGAGA-1_contig_3,True,465,TRA,TRAV10,None,TRAJ24,TRAC,True,False,None,None,428,3,clonotype1,None
AACGTTGGTAGCGCTC-1,True,AACGTTGGTAGCGCTC-1_contig_1,True,518,TRB,TRBV20-1,None,TRBJ2-7,TRBC2,True,True,CSARATGYNEQYF,TGCAGTGCTAGAGCGACAGGGTACAACGAGCAGTACTTC,1837,7,clonotype457,clonotype457_consensus_2
AACGTTGGTAGCGCTC-1,True,AACGTTGGTAGCGCTC-1_contig_2,True,564,TRA,TRAV21,None,TRAJ17,TRAC,True,True,CAVWEAAGNKLTF,TGTGCTGTGTGGGAAGCTGCAGGCAACAAGCTAACTTTT,798,5,clonotype457,clonotype457_consensus_1
AACGTTGGTGCCTGGT-1,True,AACGTTGGTGCCTGGT-1_contig_1,True,524,TRB,TRBV20-1,None,TRBJ1-4,TRBC1,True,True,CSARDARTDGEKLFF,TGCAGTGCTAGAGATGCCCGGACAGACGGAGAAAAACTGTTTTTT,7799,3,clonotype458,clonotype458_consensus_1
AACGTTGGTGCCTGGT-1,True,AACGTTGGTGCCTGGT-1_contig_2,True,461,TRA,TRAV13-1,None,TRAJ17,TRAC,True,False,CSKSEAAGNKLTF,TGCAGCAAGTCAGAAGCTGCAGGCAACAAGCTAACTTTT,87,4,clonotype458,None
AACGTTGGTTTGTGTG-1,True,AACGTTGGTTTGTGTG-1_contig_1,True,521,TRB,TRBV20-1,None,TRBJ2-1,TRBC2,True,True,CSARVGSEVNEQFF,TGCAGTGCTAGAGTGGGGTCGGAAGTCAATGAGCAGTTCTTC,2082,8,clonotype2,clonotype2_consensus_1
AACGTTGGTTTGTGTG-1,True,AACGTTGGTTTGTGTG-1_contig_2,True,482,TRA,TRAV10,None,TRAJ24,TRAC,True,False,None,None,321,3,clonotype2,None
AACGTTGTCAATCTCT-1,True,AACGTTGTCAATCTCT-1_contig_1,True,505,TRA,TRAV1-2,None,TRAJ33,TRAC,True,True,CAATDSNYQLIW,TGTGCTGCGACTGATAGCAACTATCAGTTAATCTGG,505,5,clonotype1,clonotype1_consensus_2
AACGTTGTCAATCTCT-1,True,AACGTTGTCAATCTCT-1_contig_2,True,521,TRB,TRBV20-1,None,TRBJ2-1,TRBC2,True,True,CSARVGSEVNEQFF,TGCAGTGCTAGAGTGGGGTCGGAAGTCAATGAGCAGTTCTTC,1203,8,clonotype1,clonotype1_consensus_1
AACGTTGTCAGGATCT-1,True,AACGTTGTCAGGATCT-1_contig_1,True,505,TRA,TRAV1-2,None,TRAJ33,TRAC,True,True,CAATDSNYQLIW,TGTGCTGCGACTGATAGCAACTATCAGTTAATCTGG,33,1,clonotype1,clonotype1_consensus_2
AACGTTGTCAGGATCT-1,True,AACGTTGTCAGGATCT-1_contig_2,True,492,TRB,TRBV20-1,None,TRBJ2-1,TRBC2,True,True,CSARVGSEVNEQFF,TGCAGTGCTAGAGTGGGGTCGGAAGTCAATGAGCAGTTCTTC,788,4,clonotype1,clonotype1_consensus_1
AACGTTGTCAGGATCT-1,True,AACGTTGTCAGGATCT-1_contig_3,True,465,TRA,TRAV10,None,TRAJ24,TRAC,True,False,None,None,830,4,clonotype1,None
AACGTTGTCCGAGCCA-1,True,AACGTTGTCCGAGCCA-1_contig_1,True,521,TRB,TRBV20-1,None,TRBJ1-4,TRBC1,True,True,CSASQGKSPEKLFF,TGCAGTGCTTCCCAGGGGAAATCTCCCGAAAAACTGTTTTTT,2448,12,clonotype459,clonotype459_consensus_1
AACGTTGTCCGAGCCA-1,True,AACGTTGTCCGAGCCA-1_contig_2,True,568,TRA,TRAV29/DV5,None,TRAJ48,TRAC,True,True,CAASANGNEKLTF,TGTGCAGCAAGCGCGAATGGAAATGAGAAATTAACCTTT,839,3,clonotype459,clonotype459_consensus_2
AACGTTGTCCGGCACA-1,True,AACGTTGTCCGGCACA-1_contig_1,True,505,TRA,TRAV1-2,None,TRAJ33,TRAC,True,True,CAATDSNYQLIW,TGTGCTGCGACTGATAGCAACTATCAGTTAATCTGG,576,1,clonotype1,clonotype1_consensus_2
AACGTTGTCCGGCACA-1,True,AACGTTGTCCGGCACA-1_contig_2,True,521,TRB,TRBV20-1,None,TRBJ2-1,TRBC2,True,True,CSARVGSEVNEQFF,TGCAGTGCTAGAGTGGGGTCGGAAGTCAATGAGCAGTTCTTC,1027,4,clonotype1,clonotype1_consensus_1
AACGTTGTCCGGCACA-1,True,AACGTTGTCCGGCACA-1_contig_3,True,455,TRB,None,None,TRBJ1-4,TRBC1,False,False,None,None,66,2,clonotype1,None
AACGTTGTCCGGCACA-1,True,AACGTTGTCCGGCACA-1_contig_4,True,482,TRA,TRAV10,None,TRAJ24,TRAC,True,False,None,None,6754,3,clonotype1,None
AACGTTGTCTGGGCCA-1,True,AACGTTGTCTGGGCCA-1_contig_1,True,505,TRA,TRAV1-2,None,TRAJ33,TRAC,True,True,CAATDSNYQLIW,TGTGCTGCGACTGATAGCAACTATCAGTTAATCTGG,235,2,clonotype1,clonotype1_consensus_2
AACGTTGTCTGGGCCA-1,True,AACGTTGTCTGGGCCA-1_contig_2,True,497,TRB,TRBV20-1,None,TRBJ2-1,TRBC2,True,True,CSARVGSEVNEQFF,TGCAGTGCTAGAGTGGGGTCGGAAGTCAATGAGCAGTTCTTC,573,4,clonotype1,clonotype1_consensus_1
AACGTTGTCTGGGCCA-1,True,AACGTTGTCTGGGCCA-1_contig_3,True,457,TRA,TRAV10,None,TRAJ24,TRAC,True,False,None,None,88,2,clonotype1,None
AACTCAGAGAATCTCC-1,True,AACTCAGAGAATCTCC-1_contig_1,True,665,TRA,TRAV8-6,None,TRAJ28,TRAC,True,True,CAVTKVGAGSYQLTF,TGTGCTGTGACCAAAGTGGGGGCTGGGAGTTACCAACTCACTTTC,394,1,clonotype170,clonotype170_consensus_1
AACTCAGAGAATCTCC-1,True,AACTCAGAGAATCTCC-1_contig_2,True,508,TRB,TRBV5-5,None,TRBJ1-1,TRBC1,True,True,CASSLVGRDTEAFF,TGTGCCAGCAGCCTTGTGGGGAGGGACACTGAAGCTTTCTTT,1873,6,clonotype170,clonotype170_consensus_2
AACTCAGAGACTTTCG-1,True,AACTCAGAGACTTTCG-1_contig_1,True,459,TRA,TRAV13-1,None,TRAJ22,TRAC,True,True,CAASIGTARQLTF,TGTGCAGCAAGTATAGGGACTGCAAGGCAACTGACCTTT,813,3,clonotype19,clonotype19_consensus_1
AACTCAGAGACTTTCG-1,True,AACTCAGAGACTTTCG-1_contig_2,True,518,TRB,TRBV20-1,None,TRBJ2-5,TRBC2,True,True,CSAQTTVVATQYF,TGCAGTGCCCAGACGACGGTAGTAGCGACCCAGTACTTC,1024,5,clonotype19,clonotype19_consensus_2
AACTCAGAGACTTTCG-1,True,AACTCAGAGACTTTCG-1_contig_3,True,464,TRA,TRAV5,None,TRAJ24,TRAC,True,False,None,None,126,2,clonotype19,None
AACTCAGAGACTTTCG-1,True,AACTCAGAGACTTTCG-1_contig_4,True,528,TRB,TRBV6-5,None,TRBJ2-7,TRBC2,True,False,None,None,263,1,clonotype19,None
AACTCAGAGATAGCAT-1,True,AACTCAGAGATAGCAT-1_contig_1,True,521,TRB,TRBV20-1,None,TRBJ1-2,TRBC1,True,True,CSAKPGQGLDYGYTF,TGCAGTGCTAAGCCGGGACAGGGGCTCGACTATGGCTACACCTTC,2972,8,clonotype171,clonotype171_consensus_1
AACTCAGAGATAGCAT-1,True,AACTCAGAGATAGCAT-1_contig_2,True,571,TRA,TRAV8-1,None,TRAJ4,TRAC,True,True,CAVKSGGYNKLIF,TGTGCCGTGAAATCTGGTGGCTACAATAAGCTGATTTTT,2177,13,clonotype171,clonotype171_consensus_2
AACTCAGAGCCCAGCT-1,True,AACTCAGAGCCCAGCT-1_contig_1,True,467,TRB,TRBV20-1,None,TRBJ1-1,TRBC1,True,True,CSAPGPKYGEAFF,TGCAGTGCGCCGGGACCCAAGTATGGTGAAGCTTTCTTT,701,7,clonotype460,clonotype460_consensus_1
AACTCAGAGCCCAGCT-1,True,AACTCAGAGCCCAGCT-1_contig_2,True,501,TRA,TRAV12-3,None,TRAJ50,TRAC,True,True,CAMKSRPSYDKVIF,TGTGCAATGAAAAGTAGGCCCTCCTACGACAAGGTGATATTT,262,4,clonotype460,clonotype460_consensus_2
AACTCAGAGGCTCTTA-1,True,AACTCAGAGGCTCTTA-1_contig_1,True,521,TRB,TRBV20-1,None,TRBJ2-1,TRBC2,True,True,CSARVGSEVNEQFF,TGCAGTGCTAGAGTGGGGTCGGAAGTCAATGAGCAGTTCTTC,1605,8,clonotype2,clonotype2_consensus_1
AACTCAGAGTACGTAA-1,True,AACTCAGAGTACGTAA-1_contig_1,True,484,TRB,TRBV5-6,None,TRBJ1-2,TRBC1,True,True,CASNRDLYGYTF,TGTGCCAGCAACAGGGACCTTTATGGCTACACCTTC,1100,7,clonotype172,clonotype172_consensus_1
AACTCAGAGTACGTAA-1,True,AACTCAGAGTACGTAA-1_contig_2,True,564,TRA,TRAV8-4,None,TRAJ20,TRAC,True,True,CAVSKNDYKLSF,TGTGCTGTGAGTAAGAACGACTACAAGCTCAGCTTT,112,2,clonotype172,clonotype172_consensus_2
AACTCAGCACATCTTT-1,True,AACTCAGCACATCTTT-1_contig_1,True,493,TRB,TRBV20-1,None,TRBJ2-1,TRBC2,True,True,CSARVGSEVNEQFF,TGCAGTGCTAGAGTGGGGTCGGAAGTCAATGAGCAGTTCTTC,1313,5,clonotype2,clonotype2_consensus_1
AACTCAGCACGAGAGT-1,True,AACTCAGCACGAGAGT-1_contig_1,True,521,TRB,TRBV20-1,None,TRBJ2-1,TRBC2,True,True,CSARVGSEVNEQFF,TGCAGTGCTAGAGTGGGGTCGGAAGTCAATGAGCAGTTCTTC,194,2,clonotype2,clonotype2_consensus_1
AACTCAGCACGAGAGT-1,True,AACTCAGCACGAGAGT-1_contig_2,True,482,TRA,TRAV10,None,TRAJ24,TRAC,True,False,None,None,322,2,clonotype2,None
AACTCAGCACGTGAGA-1,True,AACTCAGCACGTGAGA-1_contig_1,True,506,TRA,TRAV25,None,TRAJ40,TRAC,True,True,CAGPPSGTYKYIF,TGTGCAGGGCCCCCCTCAGGAACCTACAAATACATCTTT,317,2,clonotype461,clonotype461_consensus_1
AACTCAGCACGTGAGA-1,True,AACTCAGCACGTGAGA-1_contig_2,True,516,TRA,TRAV22,None,TRAJ43,TRAC,True,True,CAVGLNDMRF,TGTGCTGTGGGGCTCAATGACATGCGCTTT,1110,10,clonotype461,clonotype461_consensus_2
AACTCAGCAGACGTAG-1,True,AACTCAGCAGACGTAG-1_contig_1,True,492,TRB,TRBV20-1,None,TRBJ2-1,TRBC2,True,True,CSARVGSEVNEQFF,TGCAGTGCTAGAGTGGGGTCGGAAGTCAATGAGCAGTTCTTC,2935,9,clonotype2,clonotype2_consensus_1
AACTCAGCATGCAATC-1,True,AACTCAGCATGCAATC-1_contig_1,True,505,TRA,TRAV1-2,None,TRAJ33,TRAC,True,True,CAATDSNYQLIW,TGTGCTGCGACTGATAGCAACTATCAGTTAATCTGG,728,4,clonotype1,clonotype1_consensus_2
AACTCAGCATGCAATC-1,True,AACTCAGCATGCAATC-1_contig_2,True,498,TRB,TRBV20-1,None,TRBJ2-1,TRBC2,True,True,CSARVGSEVNEQFF,TGCAGTGCTAGAGTGGGGTCGGAAGTCAATGAGCAGTTCTTC,631,11,clonotype1,clonotype1_consensus_1
AACTCAGCATTGTGCA-1,True,AACTCAGCATTGTGCA-1_contig_1,True,521,TRB,TRBV20-1,None,TRBJ2-1,TRBC2,True,True,CSARVGSEVNEQFF,TGCAGTGCTAGAGTGGGGTCGGAAGTCAATGAGCAGTTCTTC,535,5,clonotype2,clonotype2_consensus_1
AACTCAGGTGATGATA-1,True,AACTCAGGTGATGATA-1_contig_1,True,495,TRB,TRBV20-1,None,TRBJ1-2,TRBC1,True,True,CSALRQGLWVYTF,TGCAGTGCTCTACGACAGGGCCTTTGGGTCTACACCTTC,5131,9,clonotype173,clonotype173_consensus_2
AACTCAGGTGATGATA-1,True,AACTCAGGTGATGATA-1_contig_2,True,515,TRA,TRAV27,None,TRAJ11,TRAC,True,True,CAGASEGYSTLTF,TGTGCAGGAGCCTCGGAAGGATACAGCACCCTCACCTTT,4184,5,clonotype173,clonotype173_consensus_1
AACTCAGTCATGTCCC-1,True,AACTCAGTCATGTCCC-1_contig_1,True,502,TRA,TRAV1-2,None,TRAJ30,TRAC,True,True,CAVRDLREIIF,TGTGCTGTGAGAGATCTTCGGGAGATCATCTTT,118,2,clonotype3,clonotype3_consensus_2
AACTCAGTCATGTCCC-1,True,AACTCAGTCATGTCCC-1_contig_2,True,629,TRB,TRBV5-5,None,TRBJ1-4,None,True,True,CASSHPGPNYATNEKLFF,TGTGCCAGCAGCCATCCCGGACCGAACTACGCAACTAATGAAAAACTGTTTTTT,147,1,clonotype3,clonotype3_consensus_1
AACTCAGTCATGTCCC-1,True,AACTCAGTCATGTCCC-1_contig_3,True,437,TRB,TRBV7-3,None,TRBJ2-1,TRBC2,True,False,CQQRSLKAGGPYNEQFF,TGCCAGCAGCGGTCACTTAAAGCGGGGGGACCCTACAATGAGCAGTTCTTC,152,1,clonotype3,None
AACTCAGTCATGTCCC-1,True,AACTCAGTCATGTCCC-1_contig_4,True,315,TRB,None,None,TRBJ2-4,TRBC2,False,False,None,None,1005,1,clonotype3,None
AACTCAGTCGGCGCAT-1,True,AACTCAGTCGGCGCAT-1_contig_1,True,518,TRB,TRBV20-1,None,TRBJ2-3,TRBC2,True,True,CSAPTRNTDTQYF,TGCAGTGCCCCGACTAGGAACACAGATACGCAGTATTTT,568,2,clonotype53,clonotype53_consensus_2
AACTCAGTCGGCGCAT-1,True,AACTCAGTCGGCGCAT-1_contig_2,True,535,TRA,TRAV12-2,None,TRAJ20,TRAC,True,True,CAVGDYKLSF,TGTGCCGTGGGCGACTACAAGCTCAGCTTT,99,4,clonotype53,clonotype53_consensus_1
AACTCAGTCGGCGCTA-1,True,AACTCAGTCGGCGCTA-1_contig_1,True,498,TRB,TRBV20-1,None,TRBJ1-1,TRBC1,True,True,CSARLGIMNTEAFF,TGCAGTGCTAGACTAGGGATTATGAACACTGAAGCTTTCTTT,1174,8,clonotype68,clonotype68_consensus_2
AACTCAGTCGGCGCTA-1,True,AACTCAGTCGGCGCTA-1_contig_2,True,498,TRA,TRAV9-2,None,TRAJ42,TRAC,True,True,CALTELGGSQGNLIF,TGTGCTCTGACCGAACTTGGAGGAAGCCAAGGAAATCTCATCTTT,4522,4,clonotype68,clonotype68_consensus_1
AACTCAGTCGGCGCTA-1,True,AACTCAGTCGGCGCTA-1_contig_3,True,612,TRA,TRAV6,None,TRAJ42,TRAC,True,False,None,None,808,4,clonotype68,None
AACTCAGTCTACCTGC-1,True,AACTCAGTCTACCTGC-1_contig_1,True,586,TRA,TRAV17,None,TRAJ9,TRAC,True,True,CATEGNTGGFKTIF,TGTGCTACGGAGGGAAATACTGGAGGCTTCAAAACTATCTTT,1813,8,clonotype462,clonotype462_consensus_2
AACTCAGTCTACCTGC-1,True,AACTCAGTCTACCTGC-1_contig_2,True,489,TRB,TRBV20-1,None,TRBJ1-4,TRBC1,True,True,CSARIGEKLFF,TGCAGTGCTAGAATTGGTGAAAAACTGTTTTTT,1269,8,clonotype462,clonotype462_consensus_1
AACTCAGTCTACCTGC-1,True,AACTCAGTCTACCTGC-1_contig_3,True,389,TRB,None,None,TRBJ2-4,TRBC2,False,False,None,None,197,3,clonotype462,None
AACTCAGTCTGCGGCA-1,True,AACTCAGTCTGCGGCA-1_contig_1,True,487,TRA,TRAV1-2,None,TRAJ33,TRAC,True,True,CAATDSNYQLIW,TGTGCTGCGACTGATAGCAACTATCAGTTAATCTGG,372,4,clonotype1,clonotype1_consensus_2
AACTCAGTCTGCGGCA-1,True,AACTCAGTCTGCGGCA-1_contig_2,True,491,TRB,TRBV20-1,None,TRBJ2-1,TRBC2,True,True,CSARVGSEVNEQFF,TGCAGTGCTAGAGTGGGGTCGGAAGTCAATGAGCAGTTCTTC,899,6,clonotype1,clonotype1_consensus_1
AACTCCCAGAATAGGG-1,True,AACTCCCAGAATAGGG-1_contig_1,True,517,TRB,TRBV20-1,None,TRBJ2-1,TRBC2,True,True,CSARVGSEVNEQFF,TGCAGTGCTAGAGTGGGGTCGGAAGTCAATGAGCAGTTCTTC,494,4,clonotype2,clonotype2_consensus_1
AACTCCCAGACAAGCC-1,True,AACTCCCAGACAAGCC-1_contig_1,True,505,TRA,TRAV1-2,None,TRAJ33,TRAC,True,True,CAATDSNYQLIW,TGTGCTGCGACTGATAGCAACTATCAGTTAATCTGG,132,3,clonotype1,clonotype1_consensus_2
AACTCCCAGACAAGCC-1,True,AACTCCCAGACAAGCC-1_contig_2,True,521,TRB,TRBV20-1,None,TRBJ2-1,TRBC2,True,True,CSARVGSEVNEQFF,TGCAGTGCTAGAGTGGGGTCGGAAGTCAATGAGCAGTTCTTC,1610,8,clonotype1,clonotype1_consensus_1
AACTCCCAGACAAGCC-1,True,AACTCCCAGACAAGCC-1_contig_3,True,473,TRA,TRAV10,None,TRAJ24,TRAC,True,False,None,None,172,2,clonotype1,None
AACTCCCAGGGTCTCC-1,True,AACTCCCAGGGTCTCC-1_contig_1,True,513,TRB,TRBV20-1,None,TRBJ2-5,TRBC2,True,True,CSARVTGQETQYF,TGCAGTGCTAGAGTAACAGGGCAAGAGACCCAGTACTTC,1294,8,clonotype463,clonotype463_consensus_1
AACTCCCAGGGTCTCC-1,True,AACTCCCAGGGTCTCC-1_contig_2,True,634,TRA,TRAV8-6,None,TRAJ23,TRAC,True,True,CAVLYNQGGKLIF,TGTGCTGTTCTTTATAACCAGGGAGGAAAGCTTATCTTC,416,5,clonotype463,clonotype463_consensus_2
AACTCCCAGGTTACCT-1,True,AACTCCCAGGTTACCT-1_contig_1,True,505,TRA,TRAV1-2,None,TRAJ33,TRAC,True,True,CAATDSNYQLIW,TGTGCTGCGACTGATAGCAACTATCAGTTAATCTGG,551,6,clonotype8,clonotype8_consensus_1
AACTCCCAGTCGTACT-1,True,AACTCCCAGTCGTACT-1_contig_1,True,521,TRB,TRBV20-1,None,TRBJ2-1,TRBC2,True,True,CSARVGSEVNEQFF,TGCAGTGCTAGAGTGGGGTCGGAAGTCAATGAGCAGTTCTTC,1895,6,clonotype2,clonotype2_consensus_1
AACTCCCAGTCGTACT-1,True,AACTCCCAGTCGTACT-1_contig_2,True,458,TRA,TRAV10,None,TRAJ24,TRAC,True,False,None,None,264,2,clonotype2,None
AACTCCCCAGCATACT-1,True,AACTCCCCAGCATACT-1_contig_1,True,530,TRB,TRBV20-1,None,TRBJ1-4,TRBC1,True,True,CSASQGAFVSTNEKLFF,TGCAGTGCTAGTCAGGGGGCCTTCGTTTCAACTAATGAAAAACTGTTTTTT,2230,8,clonotype464,clonotype464_consensus_1
AACTCCCCAGCATACT-1,True,AACTCCCCAGCATACT-1_contig_2,True,541,TRA,TRAV12-2,None,TRAJ33,TRAC,True,True,CAVRDSNYQLIW,TGTGCCGTGCGGGATAGCAACTATCAGTTAATCTGG,1139,5,clonotype464,clonotype464_consensus_2
AACTCCCCAGCATACT-1,True,AACTCCCCAGCATACT-1_contig_3,True,312,TRB,None,None,TRBJ2-7,TRBC2,False,False,None,None,1017,2,clonotype464,None
AACTCCCCAGTTCATG-1,True,AACTCCCCAGTTCATG-1_contig_1,True,521,TRB,TRBV20-1,None,TRBJ2-2,TRBC2,True,True,CSARGQTNTGELFF,TGCAGTGCAAGAGGGCAGACGAACACCGGGGAGCTGTTTTTT,1773,9,clonotype465,clonotype465_consensus_1
AACTCCCCATCGGAAG-1,True,AACTCCCCATCGGAAG-1_contig_1,True,473,TRA,TRAV13-2,None,TRAJ13,TRAC,True,True,CAESVGGYQKVTF,TGTGCAGAGTCAGTAGGGGGTTACCAGAAAGTTACCTTT,220,1,clonotype466,clonotype466_consensus_1
AACTCCCCATCGGAAG-1,True,AACTCCCCATCGGAAG-1_contig_2,True,524,TRB,TRBV20-1,None,TRBJ2-7,TRBC2,True,True,CSARVPGTSSEEQYF,TGCAGTGCTAGAGTTCCCGGGACTAGCAGCGAAGAGCAGTACTTC,3651,14,clonotype466,clonotype466_consensus_3
AACTCCCCATCGGAAG-1,True,AACTCCCCATCGGAAG-1_contig_3,True,551,TRA,TRAV12-1,None,TRAJ5,TRAC,True,True,CVVNAGRRALTF,TGTGTGGTGAACGCGGGCAGGAGAGCACTTACTTTT,538,3,clonotype466,clonotype466_consensus_4
AACTCCCCATCGGAAG-1,True,AACTCCCCATCGGAAG-1_contig_4,True,521,TRB,TRBV20-1,None,TRBJ2-7,TRBC2,True,True,CSYRDPRAGYEQYF,TGCAGTTACCGGGACCCCCGGGCCGGCTACGAGCAGTACTTC,1308,5,clonotype466,clonotype466_consensus_2
AACTCCCCATCGGAAG-1,True,AACTCCCCATCGGAAG-1_contig_5,True,383,TRA,TRAV2,None,TRAJ5,TRAC,True,False,None,None,46,1,clonotype466,None
AACTCCCCATCGTCGG-1,True,AACTCCCCATCGTCGG-1_contig_1,True,521,TRB,TRBV20-1,None,TRBJ2-1,TRBC2,True,True,CSARVGSEVNEQFF,TGCAGTGCTAGAGTGGGGTCGGAAGTCAATGAGCAGTTCTTC,2161,7,clonotype2,clonotype2_consensus_1
AACTCCCCATCGTCGG-1,True,AACTCCCCATCGTCGG-1_contig_2,True,457,TRA,TRAV10,None,TRAJ24,TRAC,True,False,None,None,210,1,clonotype2,None
AACTCCCGTTATGTGC-1,True,AACTCCCGTTATGTGC-1_contig_1,True,504,TRB,TRBV20-1,None,TRBJ1-4,TRBC1,True,True,CSASRTEGGFGNEKLFF,TGCAGTGCTAGCCGGACAGAGGGGGGCTTCGGTAATGAAAAACTGTTTTTT,535,5,clonotype467,clonotype467_consensus_1
AACTCCCGTTCCTCCA-1,True,AACTCCCGTTCCTCCA-1_contig_1,True,505,TRA,TRAV1-2,None,TRAJ33,TRAC,True,True,CAATDSNYQLIW,TGTGCTGCGACTGATAGCAACTATCAGTTAATCTGG,434,3,clonotype1,clonotype1_consensus_2
AACTCCCGTTCCTCCA-1,True,AACTCCCGTTCCTCCA-1_contig_2,True,521,TRB,TRBV20-1,None,TRBJ2-1,TRBC2,True,True,CSARVGSEVNEQFF,TGCAGTGCTAGAGTGGGGTCGGAAGTCAATGAGCAGTTCTTC,2098,6,clonotype1,clonotype1_consensus_1
AACTCCCTCGTCGTTC-1,True,AACTCCCTCGTCGTTC-1_contig_1,True,505,TRA,TRAV1-2,None,TRAJ33,TRAC,True,True,CAATDSNYQLIW,TGTGCTGCGACTGATAGCAACTATCAGTTAATCTGG,228,3,clonotype1,clonotype1_consensus_2
AACTCCCTCGTCGTTC-1,True,AACTCCCTCGTCGTTC-1_contig_2,True,498,TRB,TRBV20-1,None,TRBJ2-1,TRBC2,True,True,CSARVGSEVNEQFF,TGCAGTGCTAGAGTGGGGTCGGAAGTCAATGAGCAGTTCTTC,2647,12,clonotype1,clonotype1_consensus_1
AACTCCCTCTCGTTTA-1,True,AACTCCCTCTCGTTTA-1_contig_1,True,473,TRA,TRAV1-2,None,TRAJ33,TRAC,True,True,CAATDSNYQLIW,TGTGCTGCGACTGATAGCAACTATCAGTTAATCTGG,61,5,clonotype1,clonotype1_consensus_2
AACTCCCTCTCGTTTA-1,True,AACTCCCTCTCGTTTA-1_contig_2,True,521,TRB,TRBV20-1,None,TRBJ2-1,TRBC2,True,True,CSARVGSEVNEQFF,TGCAGTGCTAGAGTGGGGTCGGAAGTCAATGAGCAGTTCTTC,1525,10,clonotype1,clonotype1_consensus_1
AACTCTTAGTGGTAAT-1,True,AACTCTTAGTGGTAAT-1_contig_1,True,505,TRA,TRAV1-2,None,TRAJ33,TRAC,True,True,CAATDSNYQLIW,TGTGCTGCGACTGATAGCAACTATCAGTTAATCTGG,1156,7,clonotype1,clonotype1_consensus_2
AACTCTTAGTGGTAAT-1,True,AACTCTTAGTGGTAAT-1_contig_2,True,521,TRB,TRBV20-1,None,TRBJ2-1,TRBC2,True,True,CSARVGSEVNEQFF,TGCAGTGCTAGAGTGGGGTCGGAAGTCAATGAGCAGTTCTTC,1565,7,clonotype1,clonotype1_consensus_1
AACTCTTAGTGGTAAT-1,True,AACTCTTAGTGGTAAT-1_contig_3,True,310,TRB,None,None,TRBJ2-3,TRBC2,False,False,None,None,40,2,clonotype1,None
AACTCTTAGTGGTAAT-1,True,AACTCTTAGTGGTAAT-1_contig_4,True,461,TRA,TRAV10,None,TRAJ24,TRAC,True,False,None,None,319,1,clonotype1,None
AACTCTTCAAAGGAAG-1,True,AACTCTTCAAAGGAAG-1_contig_1,True,477,TRA,TRAV22,None,TRAJ52,TRAC,True,True,CAGLAGGTSYGKLTF,TGTGCTGGGTTAGCTGGTGGTACTAGCTATGGAAAGCTGACATTT,29,1,clonotype174,clonotype174_consensus_2
AACTCTTCAAAGGAAG-1,True,AACTCTTCAAAGGAAG-1_contig_2,True,511,TRB,TRBV20-1,None,TRBJ2-1,TRBC2,True,True,CSARDLGLAGGNNEQFF,TGCAGTGCTAGAGATCTAGGACTAGCGGGGGGGAACAATGAGCAGTTCTTC,244,4,clonotype174,clonotype174_consensus_1
AACTCTTCAGACAAGC-1,True,AACTCTTCAGACAAGC-1_contig_1,True,610,TRA,TRAV8-6,None,TRAJ30,TRAC,True,True,CAALPWGRDDKIIF,TGTGCTGCCCTCCCATGGGGCAGAGATGACAAGATCATCTTT,461,4,clonotype468,clonotype468_consensus_1
AACTCTTCAGACAAGC-1,True,AACTCTTCAGACAAGC-1_contig_2,True,653,TRB,TRBV5-6,None,TRBJ1-1,TRBC1,True,True,CASSSGSGKEAFF,TGTGCCAGCAGCTCCGGAAGCGGGAAAGAAGCTTTCTTT,2959,13,clonotype468,clonotype468_consensus_2
AACTCTTCAGACGTAG-1,True,AACTCTTCAGACGTAG-1_contig_1,True,505,TRA,TRAV1-2,None,TRAJ33,TRAC,True,True,CAATDSNYQLIW,TGTGCTGCGACTGATAGCAACTATCAGTTAATCTGG,195,3,clonotype1,clonotype1_consensus_2
AACTCTTCAGACGTAG-1,True,AACTCTTCAGACGTAG-1_contig_2,True,521,TRB,TRBV20-1,None,TRBJ2-1,TRBC2,True,True,CSARVGSEVNEQFF,TGCAGTGCTAGAGTGGGGTCGGAAGTCAATGAGCAGTTCTTC,1215,6,clonotype1,clonotype1_consensus_1
AACTCTTCAGGAATCG-1,True,AACTCTTCAGGAATCG-1_contig_1,True,521,TRB,TRBV20-1,None,TRBJ2-1,TRBC2,True,True,CSARVGSEVNEQFF,TGCAGTGCTAGAGTGGGGTCGGAAGTCAATGAGCAGTTCTTC,2596,12,clonotype2,clonotype2_consensus_1
AACTCTTCAGGCGATA-1,True,AACTCTTCAGGCGATA-1_contig_1,True,489,TRB,TRBV20-1,None,TRBJ1-1,TRBC1,True,True,CSASRDTEAFF,TGCAGTGCTAGTCGGGACACTGAAGCTTTCTTT,588,8,clonotype469,clonotype469_consensus_1
AACTCTTCAGGCGATA-1,True,AACTCTTCAGGCGATA-1_contig_2,True,425,TRA,TRAV9-2,None,TRAJ34,TRAC,True,False,CSERDTDKLIF,TGCTCTGAGAGGGACACCGACAAGCTCATCTTT,457,4,clonotype469,None
AACTCTTCATCCGTGG-1,True,AACTCTTCATCCGTGG-1_contig_1,True,459,TRA,TRAV13-1,None,TRAJ49,TRAC,True,True,CAATLNTGNQFYF,TGTGCAGCAACCTTAAACACCGGTAACCAGTTCTATTTT,929,9,clonotype175,clonotype175_consensus_1
AACTCTTCATCCGTGG-1,True,AACTCTTCATCCGTGG-1_contig_2,True,524,TRB,TRBV20-1,None,TRBJ1-5,TRBC1,True,True,CSALPGTAFNQPQHF,TGCAGTGCTCTACCTGGGACGGCATTCAATCAGCCCCAGCATTTT,2691,13,clonotype175,clonotype175_consensus_2
AACTCTTCATTGCGGC-1,True,AACTCTTCATTGCGGC-1_contig_1,True,508,TRA,TRAV23/DV6,None,TRAJ21,TRAC,True,True,CAASMKGINKFYF,TGTGCAGCAAGCATGAAGGGAATCAACAAATTTTACTTT,650,4,clonotype470,clonotype470_consensus_2
AACTCTTCATTGCGGC-1,True,AACTCTTCATTGCGGC-1_contig_2,True,505,TRB,TRBV5-5,None,TRBJ1-5,TRBC1,True,True,CASSLGGTGNQPQHF,TGTGCCAGCAGCTTGGGGGGGACAGGCAATCAGCCCCAGCATTTT,284,1,clonotype470,clonotype470_consensus_1
AACTCTTGTAAACCTC-1,True,AACTCTTGTAAACCTC-1_contig_1,True,567,TRB,TRBV5-5,None,TRBJ1-5,TRBC1,True,True,CASSLLENQPQHF,TGTGCCAGCAGCTTGCTGGAGAATCAGCCCCAGCATTTT,2218,2,clonotype471,clonotype471_consensus_2
AACTCTTGTAAACCTC-1,True,AACTCTTGTAAACCTC-1_contig_2,True,515,TRB,TRBV2,None,TRBJ1-5,TRBC1,True,True,CASNKLGYQPQHF,TGTGCCAGCAACAAACTGGGGTATCAGCCCCAGCATTTT,1952,8,clonotype471,clonotype471_consensus_1
AACTCTTGTAAACCTC-1,True,AACTCTTGTAAACCTC-1_contig_3,True,670,TRA,TRAV8-3,None,TRAJ20,TRAC,True,True,CAVGARDYKLSF,TGTGCTGTGGGTGCGAGAGACTACAAGCTCAGCTTT,310,4,clonotype471,clonotype471_consensus_3
AACTCTTGTACCAGTT-1,True,AACTCTTGTACCAGTT-1_contig_1,True,505,TRA,TRAV1-2,None,TRAJ33,TRAC,True,True,CAATDSNYQLIW,TGTGCTGCGACTGATAGCAACTATCAGTTAATCTGG,601,3,clonotype1,clonotype1_consensus_2
AACTCTTGTACCAGTT-1,True,AACTCTTGTACCAGTT-1_contig_2,True,521,TRB,TRBV20-1,None,TRBJ2-1,TRBC2,True,True,CSARVGSEVNEQFF,TGCAGTGCTAGAGTGGGGTCGGAAGTCAATGAGCAGTTCTTC,3469,9,clonotype1,clonotype1_consensus_1
AACTCTTGTACCCAAT-1,True,AACTCTTGTACCCAAT-1_contig_1,True,510,TRB,TRBV20-1,None,TRBJ1-1,TRBC1,True,True,CSASKYQEGSYMNTEAFF,TGCAGTGCTAGTAAGTATCAAGAGGGGTCCTACATGAACACTGAAGCTTTCTTT,847,4,clonotype40,clonotype40_consensus_2
AACTCTTGTACCCAAT-1,True,AACTCTTGTACCCAAT-1_contig_2,True,563,TRA,TRAV22,None,TRAJ17,TRAC,True,True,CAVWKAAGNKLTF,TGTGCTGTGTGGAAAGCTGCAGGCAACAAGCTAACTTTT,120,3,clonotype40,clonotype40_consensus_1
AACTCTTGTAGCAAAT-1,True,AACTCTTGTAGCAAAT-1_contig_1,True,521,TRB,TRBV20-1,None,TRBJ2-1,TRBC2,True,True,CSARVGSEVNEQFF,TGCAGTGCTAGAGTGGGGTCGGAAGTCAATGAGCAGTTCTTC,960,6,clonotype2,clonotype2_consensus_1
AACTCTTGTGTGACCC-1,True,AACTCTTGTGTGACCC-1_contig_1,True,502,TRA,TRAV1-2,None,TRAJ33,TRAC,True,True,CAATDSNYQLIW,TGTGCTGCGACTGATAGCAACTATCAGTTAATCTGG,145,2,clonotype1,clonotype1_consensus_2
AACTCTTGTGTGACCC-1,True,AACTCTTGTGTGACCC-1_contig_2,True,498,TRB,TRBV20-1,None,TRBJ2-1,TRBC2,True,True,CSARVGSEVNEQFF,TGCAGTGCTAGAGTGGGGTCGGAAGTCAATGAGCAGTTCTTC,592,3,clonotype1,clonotype1_consensus_1
AACTCTTGTTCAACCA-1,True,AACTCTTGTTCAACCA-1_contig_1,True,505,TRA,TRAV1-2,None,TRAJ33,TRAC,True,True,CAATDSNYQLIW,TGTGCTGCGACTGATAGCAACTATCAGTTAATCTGG,720,3,clonotype1,clonotype1_consensus_2
AACTCTTGTTCAACCA-1,True,AACTCTTGTTCAACCA-1_contig_2,True,498,TRB,TRBV20-1,None,TRBJ2-1,TRBC2,True,True,CSARVGSEVNEQFF,TGCAGTGCTAGAGTGGGGTCGGAAGTCAATGAGCAGTTCTTC,1486,9,clonotype1,clonotype1_consensus_1
AACTCTTTCACAGTAC-1,True,AACTCTTTCACAGTAC-1_contig_1,True,489,TRA,TRAV39,None,TRAJ48,TRAC,True,True,CAADPNFGNEKLTF,TGTGCCGCGGACCCTAACTTTGGAAATGAGAAATTAACCTTT,419,5,clonotype26,clonotype26_consensus_2
AACTCTTTCACAGTAC-1,True,AACTCTTTCACAGTAC-1_contig_2,True,478,TRB,TRBV5-6,None,TRBJ1-2,TRBC1,True,True,CASSSGRLNYGYTF,TGTGCCAGCAGCTCGGGACGGCTTAACTATGGCTACACCTTC,2257,6,clonotype26,clonotype26_consensus_1
AACTCTTTCACAGTAC-1,True,AACTCTTTCACAGTAC-1_contig_3,True,488,TRB,TRBV5-1,None,TRBJ1-4,TRBC1,True,False,CASSHPLRGDLMKNCFLAVEPSSLSW,TGCGCCAGCAGCCACCCCCTCAGGGGGGACCTAATGAAAAACTGTTTTTTGGCAGTGGAACCCAGCTCTCTGTCTTGG,3920,4,clonotype26,None
AACTCTTTCCGCGCAA-1,True,AACTCTTTCCGCGCAA-1_contig_1,True,541,TRA,TRAV12-2,None,TRAJ9,TRAC,True,True,CASYTGGFKTIF,TGTGCCTCGTATACTGGAGGCTTCAAAACTATCTTT,1030,6,clonotype472,clonotype472_consensus_2
AACTCTTTCCGCGCAA-1,True,AACTCTTTCCGCGCAA-1_contig_2,True,512,TRB,TRBV20-1,None,TRBJ2-7,TRBC2,True,True,CSADTSYEQYF,TGCAGTGCTGATACGAGCTACGAGCAGTACTTC,1747,12,clonotype472,clonotype472_consensus_1
AACTCTTTCCGCGCAA-1,True,AACTCTTTCCGCGCAA-1_contig_3,True,394,TRB,None,None,TRBJ1-4,None,False,False,None,None,69,2,clonotype472,None
AACTCTTTCGCTAGCG-1,True,AACTCTTTCGCTAGCG-1_contig_1,True,505,TRA,TRAV1-2,None,TRAJ33,TRAC,True,True,CAATDSNYQLIW,TGTGCTGCGACTGATAGCAACTATCAGTTAATCTGG,295,4,clonotype1,clonotype1_consensus_2
AACTCTTTCGCTAGCG-1,True,AACTCTTTCGCTAGCG-1_contig_2,True,473,TRB,TRBV20-1,None,TRBJ2-1,TRBC2,True,True,CSARVGSEVNEQFF,TGCAGTGCTAGAGTGGGGTCGGAAGTCAATGAGCAGTTCTTC,666,4,clonotype1,clonotype1_consensus_1
AACTCTTTCGCTAGCG-1,True,AACTCTTTCGCTAGCG-1_contig_3,True,508,TRA,TRAV10,None,TRAJ24,TRAC,True,False,None,None,93,1,clonotype1,None
AACTCTTTCTACCAGA-1,True,AACTCTTTCTACCAGA-1_contig_1,True,603,TRA,TRAV12-1,None,TRAJ4,TRAC,True,True,CVVNRGSGGYNKLIF,TGTGTGGTGAACAGGGGTTCTGGTGGCTACAATAAGCTGATTTTT,211,12,clonotype473,clonotype473_consensus_1
AACTCTTTCTACCAGA-1,True,AACTCTTTCTACCAGA-1_contig_2,True,496,TRB,TRBV5-6,None,TRBJ1-2,TRBC1,True,True,CASSIRTAPFNYGYTF,TGTGCCAGCAGTATAAGGACAGCACCCTTTAACTATGGCTACACCTTC,931,3,clonotype473,clonotype473_consensus_2
AACTCTTTCTACCAGA-1,True,AACTCTTTCTACCAGA-1_contig_3,True,550,TRB,None,None,TRBJ1-3,TRBC1,False,False,None,None,82,1,clonotype473,None
AACTCTTTCTACCAGA-1,True,AACTCTTTCTACCAGA-1_contig_4,True,336,TRB,None,None,TRBJ1-6,TRBC1,False,False,None,None,1150,2,clonotype473,None
AACTCTTTCTGTCAAG-1,True,AACTCTTTCTGTCAAG-1_contig_1,True,492,TRB,TRBV20-1,None,TRBJ1-1,TRBC1,True,True,CSAQGETGDTEAFF,TGCAGCGCACAGGGGGAGACAGGGGACACTGAAGCTTTCTTT,1666,8,clonotype474,clonotype474_consensus_2
AACTCTTTCTGTCAAG-1,True,AACTCTTTCTGTCAAG-1_contig_2,True,442,TRA,TRAV39,None,TRAJ34,TRAC,True,True,CAVTRSYNTDKLIF,TGTGCCGTGACCCGATCTTATAACACCGACAAGCTCATCTTT,258,2,clonotype474,clonotype474_consensus_1
AACTGGTAGACTCGGA-1,True,AACTGGTAGACTCGGA-1_contig_1,True,492,TRB,TRBV20-1,None,TRBJ2-1,TRBC2,True,True,CSVRIRDNEQFF,TGCAGTGTAAGAATTAGGGACAATGAGCAGTTCTTC,2155,15,clonotype475,clonotype475_consensus_1
AACTGGTAGACTCGGA-1,True,AACTGGTAGACTCGGA-1_contig_2,True,676,TRA,TRAV8-6,None,TRAJ4,TRAC,True,False,CAAPGSGGYNKLIF,TGTGCAGCCCCGGGGTCTGGTGGCTACAATAAGCTGATTTTT,625,3,clonotype475,None
AACTGGTAGTACCGGA-1,True,AACTGGTAGTACCGGA-1_contig_1,True,505,TRA,TRAV1-2,None,TRAJ33,TRAC,True,True,CAATDSNYQLIW,TGTGCTGCGACTGATAGCAACTATCAGTTAATCTGG,367,6,clonotype1,clonotype1_consensus_2
AACTGGTAGTACCGGA-1,True,AACTGGTAGTACCGGA-1_contig_2,True,485,TRB,TRBV20-1,None,TRBJ2-1,TRBC2,True,True,CSARVGSEVNEQFF,TGCAGTGCTAGAGTGGGGTCGGAAGTCAATGAGCAGTTCTTC,1834,11,clonotype1,clonotype1_consensus_1
AACTGGTAGTACGTAA-1,True,AACTGGTAGTACGTAA-1_contig_1,True,505,TRA,TRAV1-2,None,TRAJ33,TRAC,True,True,CAATDSNYQLIW,TGTGCTGCGACTGATAGCAACTATCAGTTAATCTGG,630,5,clonotype1,clonotype1_consensus_2
AACTGGTAGTACGTAA-1,True,AACTGGTAGTACGTAA-1_contig_2,True,498,TRB,TRBV20-1,None,TRBJ2-1,TRBC2,True,True,CSARVGSEVNEQFF,TGCAGTGCTAGAGTGGGGTCGGAAGTCAATGAGCAGTTCTTC,846,6,clonotype1,clonotype1_consensus_1
AACTGGTCACGACGAA-1,True,AACTGGTCACGACGAA-1_contig_1,True,551,TRA,TRAV5,None,TRAJ5,TRAC,True,True,CAEKITGRRALTF,TGTGCAGAGAAGATTACGGGCAGGAGAGCACTTACTTTT,2578,7,clonotype476,clonotype476_consensus_1
AACTGGTCACGACGAA-1,True,AACTGGTCACGACGAA-1_contig_2,True,501,TRB,TRBV20-1,None,TRBJ2-7,TRBC2,True,True,CSASNAGVAEIEQYF,TGCAGTGCTAGTAACGCAGGAGTAGCAGAGATTGAGCAGTACTTC,2179,8,clonotype476,clonotype476_consensus_2
AACTGGTCACGACGAA-1,True,AACTGGTCACGACGAA-1_contig_3,True,490,TRB,TRBV11-2,None,TRBJ2-4,TRBC2,True,False,CQQPPQRNIQYF,TGCCAGCAGCCACCCCAACGGAACATTCAGTACTTC,342,4,clonotype476,None
AACTGGTCACGACGAA-1,True,AACTGGTCACGACGAA-1_contig_4,True,612,TRA,TRAV1-2,None,TRAJ28,None,True,False,CAVRDGALGL,TGTGCTGTGAGAGATGGGGCTCTGGGGCTG,59,1,clonotype476,None
AACTGGTCAGGAACGT-1,True,AACTGGTCAGGAACGT-1_contig_1,True,646,TRA,TRAV8-2,None,TRAJ28,TRAC,True,True,CVVTPRGAGSYQLTF,TGTGTTGTGACCCCGAGGGGGGCTGGGAGTTACCAACTCACTTTC,694,3,clonotype477,clonotype477_consensus_2
AACTGGTCAGGAACGT-1,True,AACTGGTCAGGAACGT-1_contig_2,True,547,TRA,TRAV12-2,None,TRAJ28,TRAC,True,True,CAVGSGAGSYQLTF,TGTGCCGTGGGGTCTGGGGCTGGGAGTTACCAACTCACTTTC,649,2,clonotype477,clonotype477_consensus_3
AACTGGTCAGGAACGT-1,True,AACTGGTCAGGAACGT-1_contig_3,True,498,TRB,TRBV20-1,None,TRBJ2-2,TRBC2,True,True,CSAIGTSGTGELFF,TGCAGTGCTATCGGGACTAGCGGTACCGGGGAGCTGTTTTTT,2647,12,clonotype477,clonotype477_consensus_1
AACTGGTGTCCCTTGT-1,True,AACTGGTGTCCCTTGT-1_contig_1,True,517,TRB,TRBV5-5,None,TRBJ1-4,TRBC1,True,True,CASSHPGPNYATNEKLFF,TGTGCCAGCAGCCATCCCGGACCGAACTACGCAACTAATGAAAAACTGTTTTTT,872,5,clonotype4,clonotype4_consensus_1
AACTGGTGTGCTTCTC-1,True,AACTGGTGTGCTTCTC-1_contig_1,True,507,TRB,TRBV20-1,None,TRBJ1-5,TRBC1,True,True,CSAREGPFQGTLSNQPQHF,TGCAGTGCTAGAGAGGGTCCCTTCCAGGGGACCCTTAGCAATCAGCCCCAGCATTTT,1052,9,clonotype478,clonotype478_consensus_2
AACTGGTGTGCTTCTC-1,True,AACTGGTGTGCTTCTC-1_contig_2,True,511,TRA,TRAV17,None,TRAJ16,TRAC,True,True,CATGRFSDGQKLLF,TGTGCTACGGGGCGGTTTTCAGATGGCCAGAAGCTGCTCTTT,446,6,clonotype478,clonotype478_consensus_1
AACTGGTGTGTCAATC-1,True,AACTGGTGTGTCAATC-1_contig_1,True,524,TRB,TRBV20-1,None,TRBJ1-1,TRBC1,True,True,CSATGPLGTNTEAFF,TGCAGTGCTACCGGACCGCTGGGGACGAACACTGAAGCTTTCTTT,1698,9,clonotype479,clonotype479_consensus_2
AACTGGTGTGTCAATC-1,True,AACTGGTGTGTCAATC-1_contig_2,True,513,TRA,TRAV21,None,TRAJ20,TRAC,True,True,CAVSNDYKLSF,TGTGCTGTGTCTAACGACTACAAGCTCAGCTTT,1318,11,clonotype479,clonotype479_consensus_1
AACTGGTGTTCGTCTC-1,True,AACTGGTGTTCGTCTC-1_contig_1,True,569,TRA,TRAV26-2,None,TRAJ28,TRAC,True,True,CILRDPYSYSGAGSYQLTF,TGCATCCTGAGGGACCCCTACTCATACTCTGGGGCTGGGAGTTACCAACTCACTTTC,359,4,clonotype480,clonotype480_consensus_2
AACTGGTGTTCGTCTC-1,True,AACTGGTGTTCGTCTC-1_contig_2,True,663,TRB,TRBV5-6,None,TRBJ1-4,TRBC1,True,True,CASSTGQTQNEKLFF,TGTGCCAGCAGCACCGGACAGACCCAAAATGAAAAACTGTTTTTT,2526,12,clonotype480,clonotype480_consensus_1
AACTGGTTCGCGTTTC-1,True,AACTGGTTCGCGTTTC-1_contig_1,True,514,TRB,TRBV20-1,None,TRBJ1-4,TRBC1,True,True,CSARYQGALGKLFF,TGCAGTGCTAGATACCAGGGGGCGCTTGGAAAACTGTTTTTT,1541,16,clonotype481,clonotype481_consensus_1
AACTGGTTCGCGTTTC-1,True,AACTGGTTCGCGTTTC-1_contig_2,True,630,TRA,TRAV38-1,None,TRAJ42,TRAC,True,False,CAFMKQGYGGSQGNLIF,TGTGCTTTCATGAAGCAGGGATATGGAGGAAGCCAAGGAAATCTCATCTTT,130,2,clonotype481,None
AACTTTCAGAAGGACA-1,True,AACTTTCAGAAGGACA-1_contig_1,True,492,TRB,TRBV20-1,None,TRBJ1-2,TRBC1,True,True,CSASDGDYGYTF,TGCAGTGCTAGTGATGGGGACTATGGCTACACCTTC,1620,8,clonotype482,clonotype482_consensus_1
AACTTTCAGAAGGACA-1,True,AACTTTCAGAAGGACA-1_contig_2,True,564,TRA,TRAV8-4,None,TRAJ10,TRAC,True,True,CAVGGGGNKLTF,TGTGCTGTGGGGGGAGGAGGAAACAAACTCACCTTT,398,2,clonotype482,clonotype482_consensus_2
AACTTTCAGCAGCCTC-1,True,AACTTTCAGCAGCCTC-1_contig_1,True,489,TRA,TRAV21,None,TRAJ17,TRAC,True,True,CAVNGSGAAGNKLTF,TGTGCTGTGAACGGGTCGGGGGCTGCAGGCAACAAGCTAACTTTT,1429,7,clonotype98,clonotype98_consensus_1
AACTTTCAGCAGCCTC-1,True,AACTTTCAGCAGCCTC-1_contig_2,True,647,TRB,TRBV5-6,None,TRBJ1-1,TRBC1,True,True,CATGRGTEAFF,TGTGCCACCGGTCGTGGCACTGAAGCTTTCTTT,716,7,clonotype98,clonotype98_consensus_2
AACTTTCAGGTGATAT-1,True,AACTTTCAGGTGATAT-1_contig_1,True,505,TRA,TRAV1-2,None,TRAJ33,TRAC,True,True,CAATDSNYQLIW,TGTGCTGCGACTGATAGCAACTATCAGTTAATCTGG,287,2,clonotype1,clonotype1_consensus_2
AACTTTCAGGTGATAT-1,True,AACTTTCAGGTGATAT-1_contig_2,True,521,TRB,TRBV20-1,None,TRBJ2-1,TRBC2,True,True,CSARVGSEVNEQFF,TGCAGTGCTAGAGTGGGGTCGGAAGTCAATGAGCAGTTCTTC,2280,11,clonotype1,clonotype1_consensus_1
AACTTTCAGGTGATAT-1,True,AACTTTCAGGTGATAT-1_contig_3,True,482,TRA,TRAV10,None,TRAJ24,TRAC,True,False,None,None,108,1,clonotype1,None
AACTTTCAGGTGGGTT-1,True,AACTTTCAGGTGGGTT-1_contig_1,True,505,TRA,TRAV1-2,None,TRAJ33,TRAC,True,True,CAATDSNYQLIW,TGTGCTGCGACTGATAGCAACTATCAGTTAATCTGG,196,3,clonotype1,clonotype1_consensus_2
AACTTTCAGGTGGGTT-1,True,AACTTTCAGGTGGGTT-1_contig_2,True,521,TRB,TRBV20-1,None,TRBJ2-1,TRBC2,True,True,CSARVGSEVNEQFF,TGCAGTGCTAGAGTGGGGTCGGAAGTCAATGAGCAGTTCTTC,913,5,clonotype1,clonotype1_consensus_1
AACTTTCAGTCCAGGA-1,True,AACTTTCAGTCCAGGA-1_contig_1,True,485,TRB,TRBV20-1,None,TRBJ2-1,TRBC2,True,True,CSARTGGIGNEQFF,TGCAGTGCTAGGACGGGGGGCATCGGCAATGAGCAGTTCTTC,1294,7,clonotype483,clonotype483_consensus_1
AACTTTCAGTGGTAGC-1,True,AACTTTCAGTGGTAGC-1_contig_1,True,505,TRA,TRAV1-2,None,TRAJ33,TRAC,True,True,CAATDSNYQLIW,TGTGCTGCGACTGATAGCAACTATCAGTTAATCTGG,296,6,clonotype1,clonotype1_consensus_2
AACTTTCAGTGGTAGC-1,True,AACTTTCAGTGGTAGC-1_contig_2,True,521,TRB,TRBV20-1,None,TRBJ2-1,TRBC2,True,True,CSARVGSEVNEQFF,TGCAGTGCTAGAGTGGGGTCGGAAGTCAATGAGCAGTTCTTC,1484,8,clonotype1,clonotype1_consensus_1
AACTTTCAGTGTCCCG-1,True,AACTTTCAGTGTCCCG-1_contig_1,True,501,TRB,TRBV20-1,None,TRBJ2-1,TRBC2,True,True,CSARVGSEVNEQFF,TGCAGTGCTAGAGTGGGGTCGGAAGTCAATGAGCAGTTCTTC,1073,6,clonotype2,clonotype2_consensus_1
AACTTTCCAAAGGAAG-1,True,AACTTTCCAAAGGAAG-1_contig_1,True,523,TRA,TRAV14/DV4,None,TRAJ54,TRAC,True,True,CAMRLIQGAQKLVF,TGTGCAATGAGGTTAATTCAGGGAGCCCAGAAGCTGGTATTT,459,7,clonotype484,clonotype484_consensus_1
AACTTTCCAAAGGAAG-1,True,AACTTTCCAAAGGAAG-1_contig_2,True,527,TRB,TRBV20-1,None,TRBJ2-5,TRBC2,True,True,CSARDPQTGVKETQYF,TGCAGTGCTAGAGATCCCCAAACAGGGGTCAAAGAGACCCAGTACTTC,2038,8,clonotype484,clonotype484_consensus_2
AACTTTCCAAAGGAAG-1,True,AACTTTCCAAAGGAAG-1_contig_3,True,488,TRA,TRAV27,None,TRAJ53,TRAC,True,False,None,None,88,2,clonotype484,None
AACTTTCCAATCGAAA-1,True,AACTTTCCAATCGAAA-1_contig_1,True,505,TRA,TRAV1-2,None,TRAJ33,TRAC,True,True,CAATDSNYQLIW,TGTGCTGCGACTGATAGCAACTATCAGTTAATCTGG,656,4,clonotype1,clonotype1_consensus_2
AACTTTCCAATCGAAA-1,True,AACTTTCCAATCGAAA-1_contig_2,True,521,TRB,TRBV20-1,None,TRBJ2-1,TRBC2,True,True,CSARVGSEVNEQFF,TGCAGTGCTAGAGTGGGGTCGGAAGTCAATGAGCAGTTCTTC,2039,12,clonotype1,clonotype1_consensus_1
AACTTTCCAGGGAGAG-1,True,AACTTTCCAGGGAGAG-1_contig_1,True,505,TRA,TRAV1-2,None,TRAJ33,TRAC,True,True,CAATDSNYQLIW,TGTGCTGCGACTGATAGCAACTATCAGTTAATCTGG,92,1,clonotype1,clonotype1_consensus_2
AACTTTCCAGGGAGAG-1,True,AACTTTCCAGGGAGAG-1_contig_2,True,521,TRB,TRBV20-1,None,TRBJ2-1,TRBC2,True,True,CSARVGSEVNEQFF,TGCAGTGCTAGAGTGGGGTCGGAAGTCAATGAGCAGTTCTTC,2349,12,clonotype1,clonotype1_consensus_1
AACTTTCCAGGGAGAG-1,True,AACTTTCCAGGGAGAG-1_contig_3,True,457,TRA,TRAV10,None,TRAJ24,TRAC,True,False,None,None,104,2,clonotype1,None
AACTTTCCAGTGACAG-1,True,AACTTTCCAGTGACAG-1_contig_1,True,505,TRA,TRAV1-2,None,TRAJ33,TRAC,True,True,CAATDSNYQLIW,TGTGCTGCGACTGATAGCAACTATCAGTTAATCTGG,433,5,clonotype1,clonotype1_consensus_2
AACTTTCCAGTGACAG-1,True,AACTTTCCAGTGACAG-1_contig_2,True,492,TRB,TRBV20-1,None,TRBJ2-1,TRBC2,True,True,CSARVGSEVNEQFF,TGCAGTGCTAGAGTGGGGTCGGAAGTCAATGAGCAGTTCTTC,1914,7,clonotype1,clonotype1_consensus_1
AACTTTCCAGTTCATG-1,True,AACTTTCCAGTTCATG-1_contig_1,True,519,TRB,TRBV5-5,None,TRBJ1-4,TRBC1,True,True,CASSHPGPNYATNEKLFF,TGTGCCAGCAGCCATCCCGGACCGAACTACGCAACTAATGAAAAACTGTTTTTT,1297,4,clonotype39,clonotype39_consensus_1
AACTTTCCAGTTCATG-1,True,AACTTTCCAGTTCATG-1_contig_2,True,505,TRA,TRAV1-2,None,TRAJ33,TRAC,True,True,CAATDSNYQLIW,TGTGCTGCGACTGATAGCAACTATCAGTTAATCTGG,820,5,clonotype39,clonotype39_consensus_3
AACTTTCCAGTTCATG-1,True,AACTTTCCAGTTCATG-1_contig_3,True,498,TRB,TRBV20-1,None,TRBJ2-1,TRBC2,True,True,CSARVGSEVNEQFF,TGCAGTGCTAGAGTGGGGTCGGAAGTCAATGAGCAGTTCTTC,710,5,clonotype39,clonotype39_consensus_2
AACTTTCCAGTTCATG-1,True,AACTTTCCAGTTCATG-1_contig_4,True,503,TRB,TRBV7-3,None,TRBJ2-1,TRBC2,True,False,CQQRSLKAGGPYNEQFF,TGCCAGCAGCGGTCACTTAAAGCGGGGGGACCCTACAATGAGCAGTTCTTC,905,3,clonotype39,None
AACTTTCCATCGATTG-1,True,AACTTTCCATCGATTG-1_contig_1,True,505,TRA,TRAV1-2,None,TRAJ33,TRAC,True,True,CAATDSNYQLIW,TGTGCTGCGACTGATAGCAACTATCAGTTAATCTGG,227,3,clonotype1,clonotype1_consensus_2
AACTTTCCATCGATTG-1,True,AACTTTCCATCGATTG-1_contig_2,True,521,TRB,TRBV20-1,None,TRBJ2-1,TRBC2,True,True,CSARVGSEVNEQFF,TGCAGTGCTAGAGTGGGGTCGGAAGTCAATGAGCAGTTCTTC,1043,7,clonotype1,clonotype1_consensus_1
AACTTTCCATCGATTG-1,True,AACTTTCCATCGATTG-1_contig_3,True,459,TRA,TRAV10,None,TRAJ24,TRAC,True,False,None,None,113,1,clonotype1,None
AACTTTCCATGGTAGG-1,True,AACTTTCCATGGTAGG-1_contig_1,True,524,TRB,TRBV20-1,None,TRBJ1-4,TRBC1,True,True,CSARDRAGVGEKLFF,TGCAGTGCTAGAGACCGAGCAGGGGTGGGGGAAAAACTGTTTTTT,1169,5,clonotype485,clonotype485_consensus_1
AACTTTCCATGGTTGT-1,True,AACTTTCCATGGTTGT-1_contig_1,True,480,TRA,TRAV1-2,None,TRAJ33,TRAC,True,True,CAATDSNYQLIW,TGTGCTGCGACTGATAGCAACTATCAGTTAATCTGG,173,2,clonotype1,clonotype1_consensus_2
AACTTTCCATGGTTGT-1,True,AACTTTCCATGGTTGT-1_contig_2,True,518,TRB,TRBV20-1,None,TRBJ2-1,TRBC2,True,True,CSARVGSEVNEQFF,TGCAGTGCTAGAGTGGGGTCGGAAGTCAATGAGCAGTTCTTC,380,3,clonotype1,clonotype1_consensus_1
AACTTTCCATTTCACT-1,True,AACTTTCCATTTCACT-1_contig_1,True,497,TRB,TRBV20-1,None,TRBJ2-1,TRBC2,True,True,CSARVGSEVNEQFF,TGCAGTGCTAGAGTGGGGTCGGAAGTCAATGAGCAGTTCTTC,673,5,clonotype2,clonotype2_consensus_1
AACTTTCCATTTCACT-1,True,AACTTTCCATTTCACT-1_contig_2,True,482,TRA,TRAV10,None,TRAJ24,TRAC,True,False,None,None,86,1,clonotype2,None
AACTTTCGTACCTACA-1,True,AACTTTCGTACCTACA-1_contig_1,True,505,TRA,TRAV1-2,None,TRAJ33,TRAC,True,True,CAATDSNYQLIW,TGTGCTGCGACTGATAGCAACTATCAGTTAATCTGG,622,4,clonotype1,clonotype1_consensus_2
AACTTTCGTACCTACA-1,True,AACTTTCGTACCTACA-1_contig_2,True,498,TRB,TRBV20-1,None,TRBJ2-1,TRBC2,True,True,CSARVGSEVNEQFF,TGCAGTGCTAGAGTGGGGTCGGAAGTCAATGAGCAGTTCTTC,647,6,clonotype1,clonotype1_consensus_1
AACTTTCGTACCTACA-1,True,AACTTTCGTACCTACA-1_contig_3,True,465,TRA,TRAV10,None,TRAJ24,TRAC,True,False,None,None,222,1,clonotype1,None
AACTTTCGTGTGACCC-1,True,AACTTTCGTGTGACCC-1_contig_1,True,516,TRB,TRBV5-5,None,TRBJ1-1,TRBC1,True,True,CASSPAPDTEAFF,TGTGCCAGCAGCCCCGCTCCGGACACTGAAGCTTTCTTT,1840,8,clonotype99,clonotype99_consensus_1
AACTTTCGTGTTGGGA-1,True,AACTTTCGTGTTGGGA-1_contig_1,True,521,TRB,TRBV20-1,None,TRBJ2-1,TRBC2,True,True,CSARVGSEVNEQFF,TGCAGTGCTAGAGTGGGGTCGGAAGTCAATGAGCAGTTCTTC,867,9,clonotype2,clonotype2_consensus_1
AACTTTCGTGTTGGGA-1,True,AACTTTCGTGTTGGGA-1_contig_2,True,482,TRA,TRAV10,None,TRAJ24,TRAC,True,False,None,None,332,2,clonotype2,None
AACTTTCGTTAAGAAC-1,True,AACTTTCGTTAAGAAC-1_contig_1,True,508,TRB,TRBV20-1,None,TRBJ2-1,TRBC2,True,True,CSARVGSEVNEQFF,TGCAGTGCTAGAGTGGGGTCGGAAGTCAATGAGCAGTTCTTC,1127,8,clonotype2,clonotype2_consensus_1
AACTTTCGTTCTGTTT-1,True,AACTTTCGTTCTGTTT-1_contig_1,True,505,TRA,TRAV1-2,None,TRAJ33,TRAC,True,True,CAATDSNYQLIW,TGTGCTGCGACTGATAGCAACTATCAGTTAATCTGG,457,3,clonotype1,clonotype1_consensus_2
AACTTTCGTTCTGTTT-1,True,AACTTTCGTTCTGTTT-1_contig_2,True,521,TRB,TRBV20-1,None,TRBJ2-1,TRBC2,True,True,CSARVGSEVNEQFF,TGCAGTGCTAGAGTGGGGTCGGAAGTCAATGAGCAGTTCTTC,394,5,clonotype1,clonotype1_consensus_1
AACTTTCGTTGGGACA-1,True,AACTTTCGTTGGGACA-1_contig_1,True,505,TRA,TRAV1-2,None,TRAJ33,TRAC,True,True,CAATDSNYQLIW,TGTGCTGCGACTGATAGCAACTATCAGTTAATCTGG,325,1,clonotype1,clonotype1_consensus_2
AACTTTCGTTGGGACA-1,True,AACTTTCGTTGGGACA-1_contig_2,True,521,TRB,TRBV20-1,None,TRBJ2-1,TRBC2,True,True,CSARVGSEVNEQFF,TGCAGTGCTAGAGTGGGGTCGGAAGTCAATGAGCAGTTCTTC,2181,11,clonotype1,clonotype1_consensus_1
AACTTTCGTTGGGACA-1,True,AACTTTCGTTGGGACA-1_contig_3,True,471,TRA,TRAV10,None,TRAJ24,TRAC,True,False,None,None,267,3,clonotype1,None
AACTTTCTCCATTCTA-1,True,AACTTTCTCCATTCTA-1_contig_1,True,505,TRA,TRAV1-2,None,TRAJ33,TRAC,True,True,CAATDSNYQLIW,TGTGCTGCGACTGATAGCAACTATCAGTTAATCTGG,702,5,clonotype1,clonotype1_consensus_2
AACTTTCTCCATTCTA-1,True,AACTTTCTCCATTCTA-1_contig_2,True,496,TRB,TRBV20-1,None,TRBJ2-1,TRBC2,True,True,CSARVGSEVNEQFF,TGCAGTGCTAGAGTGGGGTCGGAAGTCAATGAGCAGTTCTTC,356,7,clonotype1,clonotype1_consensus_1
AACTTTCTCTACGAGT-1,True,AACTTTCTCTACGAGT-1_contig_1,True,521,TRB,TRBV20-1,None,TRBJ2-1,TRBC2,True,True,CSARVGSEVNEQFF,TGCAGTGCTAGAGTGGGGTCGGAAGTCAATGAGCAGTTCTTC,1278,4,clonotype2,clonotype2_consensus_1
AACTTTCTCTCTGTCG-1,True,AACTTTCTCTCTGTCG-1_contig_1,True,505,TRA,TRAV1-2,None,TRAJ33,TRAC,True,True,CAATDSNYQLIW,TGTGCTGCGACTGATAGCAACTATCAGTTAATCTGG,1173,3,clonotype1,clonotype1_consensus_2
AACTTTCTCTCTGTCG-1,True,AACTTTCTCTCTGTCG-1_contig_2,True,521,TRB,TRBV20-1,None,TRBJ2-1,TRBC2,True,True,CSARVGSEVNEQFF,TGCAGTGCTAGAGTGGGGTCGGAAGTCAATGAGCAGTTCTTC,1431,5,clonotype1,clonotype1_consensus_1
AACTTTCTCTGGTATG-1,True,AACTTTCTCTGGTATG-1_contig_1,True,495,TRB,TRBV20-1,None,TRBJ2-1,TRBC2,True,True,CSASSGGAGEQFF,TGCAGTGCTAGTAGTGGGGGGGCCGGGGAGCAGTTCTTC,1062,9,clonotype41,clonotype41_consensus_1
AACTTTCTCTGGTATG-1,True,AACTTTCTCTGGTATG-1_contig_2,True,559,TRA,TRAV5,None,TRAJ40,TRAC,True,True,CAEFTTSGTYKYIF,TGTGCAGAGTTTACTACCTCAGGAACCTACAAATACATCTTT,219,8,clonotype41,clonotype41_consensus_2
AAGACCTAGAAGGCCT-1,True,AAGACCTAGAAGGCCT-1_contig_1,True,518,TRB,TRBV20-1,None,TRBJ2-1,TRBC2,True,True,CSARVGSEVNEQFF,TGCAGTGCTAGAGTGGGGTCGGAAGTCAATGAGCAGTTCTTC,1321,12,clonotype2,clonotype2_consensus_1
AAGACCTAGAAGGCCT-1,True,AAGACCTAGAAGGCCT-1_contig_2,True,482,TRA,TRAV10,None,TRAJ24,TRAC,True,False,None,None,460,3,clonotype2,None
AAGACCTAGAGACGAA-1,True,AAGACCTAGAGACGAA-1_contig_1,True,533,TRB,TRBV20-1,None,TRBJ2-2,TRBC2,True,True,CSAAVDRDTDLDTGELFF,TGCAGTGCCGCGGTCGACAGGGATACGGACCTGGACACCGGGGAGCTGTTTTTT,1163,6,clonotype486,clonotype486_consensus_1
AAGACCTAGAGACGAA-1,True,AAGACCTAGAGACGAA-1_contig_2,True,565,TRA,TRAV10,None,TRAJ6,TRAC,True,False,CGEPSSGGSYIPTF,TGTGGTGAACCCTCATCAGGAGGAAGCTACATACCTACATTT,191,5,clonotype486,None
AAGACCTAGAGACGAA-1,True,AAGACCTAGAGACGAA-1_contig_3,True,318,TRB,None,None,TRBJ1-2,TRBC1,False,False,None,None,1010,3,clonotype486,None
AAGACCTAGCGTCTAT-1,True,AAGACCTAGCGTCTAT-1_contig_1,True,473,TRB,TRBV20-1,None,TRBJ2-1,TRBC2,True,True,CSARVGSEVNEQFF,TGCAGTGCTAGAGTGGGGTCGGAAGTCAATGAGCAGTTCTTC,653,5,clonotype2,clonotype2_consensus_1
AAGACCTAGGGAGTAA-1,True,AAGACCTAGGGAGTAA-1_contig_1,True,492,TRB,TRBV20-1,None,TRBJ1-5,TRBC1,True,True,CSALTGNQPQHF,TGCAGTGCTTTGACAGGAAATCAGCCCCAGCATTTT,3507,8,clonotype487,clonotype487_consensus_1
AAGACCTAGGGAGTAA-1,True,AAGACCTAGGGAGTAA-1_contig_2,True,452,TRA,TRAV2,None,TRAJ8,TRAC,True,True,CAVEEGTGFQKLVF,TGTGCTGTGGAGGAGGGCACAGGCTTTCAGAAACTTGTATTT,484,1,clonotype487,clonotype487_consensus_2
AAGACCTAGGGAGTAA-1,True,AAGACCTAGGGAGTAA-1_contig_3,True,494,TRA,TRAV1-1,None,TRAJ27,TRAC,True,False,None,None,396,5,clonotype487,None
AAGACCTAGGTGTGGT-1,True,AAGACCTAGGTGTGGT-1_contig_1,True,501,TRB,TRBV20-1,None,TRBJ1-5,TRBC1,True,True,CSARELKGGNQPQHF,TGCAGTGCTAGAGAGTTGAAGGGTGGCAATCAGCCCCAGCATTTT,108,2,clonotype488,clonotype488_consensus_2
AAGACCTAGGTGTGGT-1,True,AAGACCTAGGTGTGGT-1_contig_2,True,559,TRA,TRAV19,None,TRAJ31,TRAC,True,True,CALSGYDARLMF,TGTGCTCTGAGTGGGTACGATGCCAGACTCATGTTT,350,3,clonotype488,clonotype488_consensus_1
AAGACCTCAAGCCATT-1,True,AAGACCTCAAGCCATT-1_contig_1,True,521,TRB,TRBV20-1,None,TRBJ2-1,TRBC2,True,True,CSARVGSEVNEQFF,TGCAGTGCTAGAGTGGGGTCGGAAGTCAATGAGCAGTTCTTC,3053,10,clonotype2,clonotype2_consensus_1
AAGACCTCAAGCCATT-1,True,AAGACCTCAAGCCATT-1_contig_2,True,459,TRA,TRAV10,None,TRAJ24,TRAC,True,False,None,None,215,1,clonotype2,None
AAGACCTCAAGCCATT-1,True,AAGACCTCAAGCCATT-1_contig_3,True,498,TRA,TRAV1-2,None,TRAJ33,TRAC,True,False,CAATDSNYQLIW,TGTGCTGCGACTGATAGCAACTATCAGTTAATCTGG,124,1,clonotype2,None
AAGACCTGTAATCGTC-1,True,AAGACCTGTAATCGTC-1_contig_1,True,505,TRA,TRAV1-2,None,TRAJ33,TRAC,True,True,CAATDSNYQLIW,TGTGCTGCGACTGATAGCAACTATCAGTTAATCTGG,466,4,clonotype1,clonotype1_consensus_2
AAGACCTGTAATCGTC-1,True,AAGACCTGTAATCGTC-1_contig_2,True,521,TRB,TRBV20-1,None,TRBJ2-1,TRBC2,True,True,CSARVGSEVNEQFF,TGCAGTGCTAGAGTGGGGTCGGAAGTCAATGAGCAGTTCTTC,2002,7,clonotype1,clonotype1_consensus_1
AAGACCTGTAATCGTC-1,True,AAGACCTGTAATCGTC-1_contig_3,True,482,TRA,TRAV10,None,TRAJ24,TRAC,True,False,None,None,412,3,clonotype1,None
AAGACCTGTACAAGTA-1,True,AAGACCTGTACAAGTA-1_contig_1,True,505,TRA,TRAV1-2,None,TRAJ33,TRAC,True,True,CAATDSNYQLIW,TGTGCTGCGACTGATAGCAACTATCAGTTAATCTGG,162,1,clonotype1,clonotype1_consensus_2
AAGACCTGTACAAGTA-1,True,AAGACCTGTACAAGTA-1_contig_2,True,521,TRB,TRBV20-1,None,TRBJ2-1,TRBC2,True,True,CSARVGSEVNEQFF,TGCAGTGCTAGAGTGGGGTCGGAAGTCAATGAGCAGTTCTTC,3663,8,clonotype1,clonotype1_consensus_1
AAGACCTGTACAAGTA-1,True,AAGACCTGTACAAGTA-1_contig_3,True,482,TRA,TRAV10,None,TRAJ24,TRAC,True,False,None,None,225,3,clonotype1,None
AAGACCTGTACAAGTA-1,True,AAGACCTGTACAAGTA-1_contig_4,True,311,TRB,None,None,TRBJ2-3,TRBC2,False,False,None,None,522,2,clonotype1,None
AAGACCTGTCCGACGT-1,True,AAGACCTGTCCGACGT-1_contig_1,True,495,TRB,TRBV20-1,None,TRBJ1-2,TRBC1,True,True,CSPSGGGDNGYTF,TGCAGTCCCAGCGGGGGGGGAGATAATGGCTACACCTTC,1867,9,clonotype489,clonotype489_consensus_2
AAGACCTGTCCGACGT-1,True,AAGACCTGTCCGACGT-1_contig_2,True,491,TRA,TRAV9-2,None,TRAJ37,TRAC,True,True,CAYGSSNTGKLIF,TGTGCTTATGGCTCTAGCAACACAGGCAAACTAATCTTT,1032,6,clonotype489,clonotype489_consensus_1
AAGACCTGTCTCTTAT-1,True,AAGACCTGTCTCTTAT-1_contig_1,True,667,TRA,TRAV8-2,None,TRAJ36,TRAC,True,True,CVVSSQTGANNLFF,TGTGTTGTGAGTTCCCAAACTGGGGCAAACAACCTCTTCTTT,666,4,clonotype176,clonotype176_consensus_2
AAGACCTGTCTCTTAT-1,True,AAGACCTGTCTCTTAT-1_contig_2,True,524,TRB,TRBV20-1,None,TRBJ2-7,TRBC2,True,True,CSALGISGGTYEQYF,TGCAGTGCCCTAGGGATTAGCGGGGGAACCTACGAGCAGTACTTC,1219,5,clonotype176,clonotype176_consensus_1
AAGACCTGTCTCTTAT-1,True,AAGACCTGTCTCTTAT-1_contig_3,True,348,TRB,None,None,TRBJ1-6,TRBC1,False,False,None,None,325,1,clonotype176,None
AAGACCTGTGGTGTAG-1,True,AAGACCTGTGGTGTAG-1_contig_1,True,561,TRA,TRAV41,None,TRAJ31,TRAC,True,True,CAVEGNARLMF,TGTGCTGTCGAGGGGAATGCCAGACTCATGTTT,245,1,clonotype490,clonotype490_consensus_1
AAGACCTGTGGTGTAG-1,True,AAGACCTGTGGTGTAG-1_contig_2,True,530,TRB,TRBV20-1,None,TRBJ2-7,TRBC2,True,True,CSASPSWTGSSYEQYF,TGCAGTGCTAGTCCTTCTTGGACGGGGAGCTCCTACGAGCAGTACTTC,260,2,clonotype490,clonotype490_consensus_3
AAGACCTGTGGTGTAG-1,True,AAGACCTGTGGTGTAG-1_contig_3,True,475,TRA,TRAV12-2,None,TRAJ16,TRAC,True,True,CAVTALGQKLLF,TGTGCCGTGACAGCCCTAGGCCAGAAGCTGCTCTTT,37,1,clonotype490,clonotype490_consensus_2
AAGACCTGTGTCTGAT-1,True,AAGACCTGTGTCTGAT-1_contig_1,True,564,TRA,TRAV19,None,TRAJ44,TRAC,True,True,CALSEAFGTGTASKLTF,TGTGCTCTGAGTGAGGCTTTCGGGACCGGCACTGCCAGTAAACTCACCTTT,49,2,clonotype491,clonotype491_consensus_1
AAGACCTGTGTCTGAT-1,True,AAGACCTGTGTCTGAT-1_contig_2,True,489,TRB,TRBV20-1,None,TRBJ1-2,TRBC1,True,True,CSAIRAHGYTF,TGCAGTGCTATCAGGGCCCATGGCTACACCTTC,3353,18,clonotype491,clonotype491_consensus_2
AAGACCTTCTGGCGTG-1,True,AAGACCTTCTGGCGTG-1_contig_1,True,505,TRA,TRAV1-2,None,TRAJ33,TRAC,True,True,CAATDSNYQLIW,TGTGCTGCGACTGATAGCAACTATCAGTTAATCTGG,54,1,clonotype1,clonotype1_consensus_2
AAGACCTTCTGGCGTG-1,True,AAGACCTTCTGGCGTG-1_contig_2,True,495,TRB,TRBV20-1,None,TRBJ2-1,TRBC2,True,True,CSARVGSEVNEQFF,TGCAGTGCTAGAGTGGGGTCGGAAGTCAATGAGCAGTTCTTC,649,4,clonotype1,clonotype1_consensus_1
AAGACCTTCTGGCGTG-1,True,AAGACCTTCTGGCGTG-1_contig_3,True,465,TRA,TRAV10,None,TRAJ24,TRAC,True,False,None,None,245,1,clonotype1,None
AAGCCGCAGAACTCGG-1,True,AAGCCGCAGAACTCGG-1_contig_1,True,505,TRA,TRAV1-2,None,TRAJ33,TRAC,True,True,CAATDSNYQLIW,TGTGCTGCGACTGATAGCAACTATCAGTTAATCTGG,822,9,clonotype1,clonotype1_consensus_2
AAGCCGCAGAACTCGG-1,True,AAGCCGCAGAACTCGG-1_contig_2,True,521,TRB,TRBV20-1,None,TRBJ2-1,TRBC2,True,True,CSARVGSEVNEQFF,TGCAGTGCTAGAGTGGGGTCGGAAGTCAATGAGCAGTTCTTC,2197,12,clonotype1,clonotype1_consensus_1
AAGCCGCAGAGTGAGA-1,True,AAGCCGCAGAGTGAGA-1_contig_1,True,505,TRA,TRAV1-2,None,TRAJ33,TRAC,True,True,CAATDSNYQLIW,TGTGCTGCGACTGATAGCAACTATCAGTTAATCTGG,254,8,clonotype1,clonotype1_consensus_2
AAGCCGCAGAGTGAGA-1,True,AAGCCGCAGAGTGAGA-1_contig_2,True,518,TRB,TRBV20-1,None,TRBJ2-1,TRBC2,True,True,CSARVGSEVNEQFF,TGCAGTGCTAGAGTGGGGTCGGAAGTCAATGAGCAGTTCTTC,3718,10,clonotype1,clonotype1_consensus_1
AAGCCGCAGAGTGAGA-1,True,AAGCCGCAGAGTGAGA-1_contig_3,True,493,TRA,None,None,TRAJ28,None,False,False,None,None,60,1,clonotype1,None
AAGCCGCAGCTCTCGG-1,True,AAGCCGCAGCTCTCGG-1_contig_1,True,536,TRB,TRBV20-1,None,TRBJ2-7,TRBC2,True,True,CSARQRLASGGWSSYEQYF,TGCAGTGCTAGACAAAGGTTGGCTAGCGGGGGGTGGAGCTCCTACGAGCAGTACTTC,1908,10,clonotype492,clonotype492_consensus_2
AAGCCGCAGCTCTCGG-1,True,AAGCCGCAGCTCTCGG-1_contig_2,True,488,TRA,TRAV4,None,TRAJ20,TRAC,True,True,CLVGSNDYKLSF,TGCCTCGTGGGTTCTAACGACTACAAGCTCAGCTTT,215,2,clonotype492,clonotype492_consensus_1
AAGCCGCAGCTCTCGG-1,True,AAGCCGCAGCTCTCGG-1_contig_3,True,621,TRA,TRAV3,None,TRAJ47,TRAC,True,True,CAVRPIMEYGNKLVF,TGTGCTGTGAGACCGATAATGGAATATGGAAACAAACTGGTCTTT,405,4,clonotype492,clonotype492_consensus_3
AAGCCGCAGGACTGGT-1,True,AAGCCGCAGGACTGGT-1_contig_1,True,524,TRB,TRBV20-1,None,TRBJ1-2,TRBC1,True,True,CSAKPGQGLDYGYTF,TGCAGTGCTAAGCCGGGACAGGGGCTCGACTATGGCTACACCTTC,1914,7,clonotype493,clonotype493_consensus_1
AAGCCGCAGGACTGGT-1,True,AAGCCGCAGGACTGGT-1_contig_2,True,530,TRB,TRBV20-1,None,TRBJ2-3,TRBC2,True,True,CSARPGLATLNEDTQYF,TGCAGTGCCAGACCGGGACTAGCGACCCTCAATGAGGATACGCAGTATTTT,1307,12,clonotype493,clonotype493_consensus_2
AAGCCGCAGGACTGGT-1,True,AAGCCGCAGGACTGGT-1_contig_3,True,505,TRA,TRAV1-2,None,TRAJ13,TRAC,True,True,CALSGGYQKVTF,TGTGCCTTAAGTGGGGGTTACCAGAAAGTTACCTTT,865,9,clonotype493,clonotype493_consensus_3
AAGCCGCAGGACTGGT-1,True,AAGCCGCAGGACTGGT-1_contig_4,True,490,TRB,TRBV21-1,None,TRBJ1-5,TRBC1,True,False,CASSKARGRATHQPQHF,TGTGCCAGCAGCAAAGCGCGGGGCAGGGCGACGCATCAGCCCCAGCATTTT,657,3,clonotype493,None
AAGCCGCAGGCTAGCA-1,True,AAGCCGCAGGCTAGCA-1_contig_1,True,509,TRA,TRAV13-2,None,TRAJ21,TRAC,True,True,CAENGDNFNKFYF,TGTGCAGAGAATGGGGACAACTTCAACAAATTTTACTTT,683,4,clonotype494,clonotype494_consensus_1
AAGCCGCAGGCTAGCA-1,True,AAGCCGCAGGCTAGCA-1_contig_2,True,481,TRB,TRBV5-6,None,TRBJ1-2,TRBC1,True,True,CASSLIRQDQSGYTF,TGTGCCAGCAGCCTGATTCGTCAGGACCAAAGTGGCTACACCTTC,4020,13,clonotype494,clonotype494_consensus_2
AAGCCGCCAAAGGTGC-1,True,AAGCCGCCAAAGGTGC-1_contig_1,True,505,TRA,TRAV1-2,None,TRAJ33,TRAC,True,True,CAATDSNYQLIW,TGTGCTGCGACTGATAGCAACTATCAGTTAATCTGG,143,2,clonotype1,clonotype1_consensus_2
AAGCCGCCAAAGGTGC-1,True,AAGCCGCCAAAGGTGC-1_contig_2,True,492,TRB,TRBV20-1,None,TRBJ2-1,TRBC2,True,True,CSARVGSEVNEQFF,TGCAGTGCTAGAGTGGGGTCGGAAGTCAATGAGCAGTTCTTC,1351,7,clonotype1,clonotype1_consensus_1
AAGCCGCCAATAGCGG-1,True,AAGCCGCCAATAGCGG-1_contig_1,True,574,TRA,TRAV26-1,None,TRAJ29,TRAC,True,True,CIVRDHSGNTPLVF,TGCATCGTCAGAGACCATTCAGGAAACACACCTCTTGTCTTT,116,2,clonotype495,clonotype495_consensus_1
AAGCCGCCAATAGCGG-1,True,AAGCCGCCAATAGCGG-1_contig_2,True,493,TRB,TRBV5-6,None,TRBJ1-6,TRBC1,True,True,CASSPWTGLNSPLHF,TGTGCCAGCAGCCCCTGGACAGGGCTTAATTCACCCCTCCACTTT,2719,12,clonotype495,clonotype495_consensus_2
AAGCCGCCAGTAAGAT-1,True,AAGCCGCCAGTAAGAT-1_contig_1,True,521,TRB,TRBV5-5,None,TRBJ2-2,TRBC2,True,True,CASSLGDTGELFF,TGTGCCAGCAGCCTCGGGGACACCGGGGAGCTGTTTTTT,504,7,clonotype27,clonotype27_consensus_2
AAGCCGCCAGTAAGAT-1,True,AAGCCGCCAGTAAGAT-1_contig_2,True,531,TRA,TRAV12-2,None,TRAJ49,TRAC,True,True,CAVNGNTGNQFYF,TGTGCCGTGAATGGGAACACCGGTAACCAGTTCTATTTT,97,18,clonotype27,clonotype27_consensus_1
AAGCCGCCAGTAAGAT-1,True,AAGCCGCCAGTAAGAT-1_contig_3,True,307,TRB,None,None,TRBJ2-2P,TRBC2,False,False,None,None,465,8,clonotype27,None
AAGCCGCCAGTCAGAG-1,True,AAGCCGCCAGTCAGAG-1_contig_1,True,518,TRB,TRBV20-1,None,TRBJ2-7,TRBC2,True,True,CSAKDRGGLYEQYF,TGCAGTGCTAAGGACAGGGGGGGCCTCTACGAGCAGTACTTC,1289,8,clonotype69,clonotype69_consensus_2
AAGCCGCCAGTCAGAG-1,True,AAGCCGCCAGTCAGAG-1_contig_2,True,520,TRA,TRAV29/DV5,None,TRAJ22,TRAC,True,True,CAASPISSGSARQLTF,TGTGCAGCAAGCCCCATTTCTTCTGGTTCTGCAAGGCAACTGACCTTT,237,5,clonotype69,clonotype69_consensus_1
AAGCCGCCAGTCAGAG-1,True,AAGCCGCCAGTCAGAG-1_contig_3,True,370,TRA,None,None,TRAJ10,TRAC,False,False,None,None,47,3,clonotype69,None
AAGCCGCCAGTGGGAT-1,True,AAGCCGCCAGTGGGAT-1_contig_1,True,627,TRA,TRAV26-1,None,TRAJ34,TRAC,True,True,CIVMSTDKLIF,TGCATCGTCATGTCCACCGACAAGCTCATCTTT,653,5,clonotype496,clonotype496_consensus_1
AAGCCGCCAGTGGGAT-1,True,AAGCCGCCAGTGGGAT-1_contig_2,True,485,TRB,TRBV20-1,None,TRBJ1-2,TRBC1,True,True,CSASEGGLFYGYTF,TGCAGTGCTAGTGAAGGGGGTCTATTCTATGGCTACACCTTC,1616,10,clonotype496,clonotype496_consensus_2
AAGCCGCGTCCATGAT-1,True,AAGCCGCGTCCATGAT-1_contig_1,True,486,TRA,TRAV38-1,None,TRAJ26,TRAC,True,True,CAFTSYGQNFVF,TGTGCTTTCACCTCATATGGTCAGAATTTTGTCTTT,1199,2,clonotype14,clonotype14_consensus_1
AAGCCGCGTCCATGAT-1,True,AAGCCGCGTCCATGAT-1_contig_2,True,521,TRB,TRBV20-1,None,TRBJ2-3,TRBC2,True,True,CSARPDTSTDTQYF,TGCAGTGCCCGTCCTGATACTAGCACAGATACGCAGTATTTT,5710,8,clonotype14,clonotype14_consensus_2
AAGCCGCGTCCATGAT-1,True,AAGCCGCGTCCATGAT-1_contig_3,True,461,TRA,TRAV17,None,TRAJ38,None,False,False,CYGPIDNAGNNRKLIW,TGCTACGGGCCTATCGATAATGCTGGCAACAACCGTAAGCTGATTTGG,31,1,clonotype14,None
AAGCCGCGTCGAGTTT-1,True,AAGCCGCGTCGAGTTT-1_contig_1,True,476,TRB,TRBV5-5,None,TRBJ2-2,TRBC2,True,True,CASSLGDTGELFF,TGTGCCAGCAGCCTCGGGGACACCGGGGAGCTGTTTTTT,232,4,clonotype27,clonotype27_consensus_2
AAGCCGCGTCGAGTTT-1,True,AAGCCGCGTCGAGTTT-1_contig_2,True,544,TRA,TRAV12-2,None,TRAJ49,TRAC,True,True,CAVNGNTGNQFYF,TGTGCCGTGAATGGGAACACCGGTAACCAGTTCTATTTT,239,3,clonotype27,clonotype27_consensus_1
AAGCCGCGTCGAGTTT-1,True,AAGCCGCGTCGAGTTT-1_contig_3,True,481,TRA,TRAV38-2/DV8,None,TRAJ58,TRAC,True,False,None,None,237,1,clonotype27,None
AAGCCGCGTCGGCTCA-1,True,AAGCCGCGTCGGCTCA-1_contig_1,True,505,TRA,TRAV1-2,None,TRAJ33,TRAC,True,True,CAATDSNYQLIW,TGTGCTGCGACTGATAGCAACTATCAGTTAATCTGG,467,6,clonotype1,clonotype1_consensus_2
AAGCCGCGTCGGCTCA-1,True,AAGCCGCGTCGGCTCA-1_contig_2,True,498,TRB,TRBV20-1,None,TRBJ2-1,TRBC2,True,True,CSARVGSEVNEQFF,TGCAGTGCTAGAGTGGGGTCGGAAGTCAATGAGCAGTTCTTC,2561,9,clonotype1,clonotype1_consensus_1
AAGCCGCGTGGCTCCA-1,True,AAGCCGCGTGGCTCCA-1_contig_1,True,527,TRB,TRBV20-1,None,TRBJ2-5,TRBC2,True,True,CSARARLTGALETQYF,TGCAGTGCTAGAGCTCGACTGACAGGGGCTCTGGAGACCCAGTACTTC,1489,11,clonotype497,clonotype497_consensus_2
AAGCCGCGTGGCTCCA-1,True,AAGCCGCGTGGCTCCA-1_contig_2,True,502,TRA,TRAV20,None,TRAJ41,TRAC,True,True,CAVLPSGYALNF,TGTGCTGTGCTGCCTTCCGGGTATGCACTCAACTTC,1190,4,clonotype497,clonotype497_consensus_1
AAGCCGCGTGTTGAGG-1,True,AAGCCGCGTGTTGAGG-1_contig_1,True,490,TRA,TRAV4,None,TRAJ9,TRAC,True,True,CLVGDPNTGGFKTIF,TGCCTCGTGGGTGATCCTAATACTGGAGGCTTCAAAACTATCTTT,324,2,clonotype23,clonotype23_consensus_2
AAGCCGCGTGTTGAGG-1,True,AAGCCGCGTGTTGAGG-1_contig_2,True,506,TRB,TRBV20-1,None,TRBJ1-1,TRBC1,True,True,CSAGGRGSRTEAFF,TGCAGTGCTGGGGGGAGAGGGTCAAGGACTGAAGCTTTCTTT,1012,6,clonotype23,clonotype23_consensus_1
AAGCCGCGTGTTGAGG-1,True,AAGCCGCGTGTTGAGG-1_contig_3,True,307,TRB,None,None,TRBJ1-5,TRBC1,False,False,None,None,990,4,clonotype23,None
AAGCCGCGTTGACGTT-1,True,AAGCCGCGTTGACGTT-1_contig_1,True,493,TRA,TRAV5,None,TRAJ30,TRAC,True,True,CAESRDDKIIF,TGTGCAGAGAGTCGAGATGACAAGATCATCTTT,1135,3,clonotype498,clonotype498_consensus_2
AAGCCGCGTTGACGTT-1,True,AAGCCGCGTTGACGTT-1_contig_2,True,493,TRB,TRBV5-6,None,TRBJ1-3,TRBC1,True,True,CASSLVGYSGNTIYF,TGTGCCAGCAGCTTGGTGGGCTACTCTGGAAACACCATATATTTT,302,7,clonotype498,clonotype498_consensus_1
AAGCCGCGTTGACGTT-1,True,AAGCCGCGTTGACGTT-1_contig_3,True,450,TRA,TRAV22,None,TRAJ33,TRAC,True,False,None,None,330,2,clonotype498,None
AAGCCGCGTTGGTGGA-1,True,AAGCCGCGTTGGTGGA-1_contig_1,True,556,TRA,TRAV19,None,TRAJ43,TRAC,True,True,CALSDANDMRF,TGTGCTCTGAGTGACGCCAATGACATGCGCTTT,419,4,clonotype499,clonotype499_consensus_1
AAGCCGCGTTGGTGGA-1,True,AAGCCGCGTTGGTGGA-1_contig_2,True,714,TRB,TRBV5-6,None,TRBJ2-7,TRBC2,True,True,CASSWAVRDRGDEQYF,TGTGCCAGCAGCTGGGCGGTCCGGGACAGGGGGGACGAGCAGTACTTC,819,6,clonotype499,clonotype499_consensus_2
AAGCCGCTCCTAGAAC-1,True,AAGCCGCTCCTAGAAC-1_contig_1,True,485,TRB,TRBV20-1,None,TRBJ2-1,TRBC2,True,True,CSARVGSEVNEQFF,TGCAGTGCTAGAGTGGGGTCGGAAGTCAATGAGCAGTTCTTC,834,3,clonotype2,clonotype2_consensus_1
AAGCCGCTCCTAGAAC-1,True,AAGCCGCTCCTAGAAC-1_contig_2,True,465,TRA,TRAV10,None,TRAJ24,TRAC,True,False,None,None,313,6,clonotype2,None
AAGCCGCTCCTATTCA-1,True,AAGCCGCTCCTATTCA-1_contig_1,True,521,TRB,TRBV20-1,None,TRBJ2-1,TRBC2,True,True,CSARVGSEVNEQFF,TGCAGTGCTAGAGTGGGGTCGGAAGTCAATGAGCAGTTCTTC,1386,11,clonotype2,clonotype2_consensus_1
AAGCCGCTCCTATTCA-1,True,AAGCCGCTCCTATTCA-1_contig_2,True,465,TRA,TRAV10,None,TRAJ24,TRAC,True,False,None,None,368,1,clonotype2,None
AAGCCGCTCGGAGGTA-1,True,AAGCCGCTCGGAGGTA-1_contig_1,True,505,TRA,TRAV1-2,None,TRAJ33,TRAC,True,True,CAATDSNYQLIW,TGTGCTGCGACTGATAGCAACTATCAGTTAATCTGG,588,2,clonotype1,clonotype1_consensus_2
AAGCCGCTCGGAGGTA-1,True,AAGCCGCTCGGAGGTA-1_contig_2,True,495,TRB,TRBV20-1,None,TRBJ2-1,TRBC2,True,True,CSARVGSEVNEQFF,TGCAGTGCTAGAGTGGGGTCGGAAGTCAATGAGCAGTTCTTC,2557,10,clonotype1,clonotype1_consensus_1
AAGCCGCTCTAACGGT-1,True,AAGCCGCTCTAACGGT-1_contig_1,True,558,TRA,TRAV12-1,None,TRAJ39,TRAC,True,True,CVVPDNNAGNMLTF,TGTGTGGTCCCCGATAATAATGCAGGCAACATGCTCACCTTT,932,9,clonotype500,clonotype500_consensus_1
AAGCCGCTCTAACGGT-1,True,AAGCCGCTCTAACGGT-1_contig_2,True,524,TRB,TRBV20-1,None,TRBJ1-6,TRBC1,True,True,CSAYGTGAYNSPLHF,TGCAGTGCTTATGGGACAGGGGCCTATAATTCACCCCTCCACTTT,2296,9,clonotype500,clonotype500_consensus_2
AAGGAGCAGAGAGCTC-1,True,AAGGAGCAGAGAGCTC-1_contig_1,True,501,TRB,TRBV20-1,None,TRBJ1-5,TRBC1,True,True,CSARDSRGGQQPQHF,TGCAGTGCTAGAGATTCGCGGGGGGGTCAACAGCCCCAGCATTTT,1201,7,clonotype501,clonotype501_consensus_1
AAGGAGCAGAGAGCTC-1,True,AAGGAGCAGAGAGCTC-1_contig_2,True,504,TRA,TRAV12-3,None,TRAJ10,TRAC,True,True,CAMTPYTGGGNKLTF,TGTGCAATGACTCCTTACACGGGAGGAGGAAACAAACTCACCTTT,947,3,clonotype501,clonotype501_consensus_2
AAGGAGCAGCAGGTCA-1,True,AAGGAGCAGCAGGTCA-1_contig_1,True,505,TRA,TRAV1-2,None,TRAJ33,TRAC,True,True,CAATDSNYQLIW,TGTGCTGCGACTGATAGCAACTATCAGTTAATCTGG,942,7,clonotype1,clonotype1_consensus_2
AAGGAGCAGCAGGTCA-1,True,AAGGAGCAGCAGGTCA-1_contig_2,True,521,TRB,TRBV20-1,None,TRBJ2-1,TRBC2,True,True,CSARVGSEVNEQFF,TGCAGTGCTAGAGTGGGGTCGGAAGTCAATGAGCAGTTCTTC,3696,12,clonotype1,clonotype1_consensus_1
AAGGAGCCAAAGGCGT-1,True,AAGGAGCCAAAGGCGT-1_contig_1,True,658,TRB,TRBV5-6,None,TRBJ1-1,TRBC1,True,True,CASSFGTGNTEAFF,TGTGCCAGCAGCTTTGGGACAGGGAACACTGAAGCTTTCTTT,2547,6,clonotype100,clonotype100_consensus_1
AAGGAGCCACGTTGGC-1,True,AAGGAGCCACGTTGGC-1_contig_1,True,505,TRA,TRAV1-2,None,TRAJ33,TRAC,True,True,CAATDSNYQLIW,TGTGCTGCGACTGATAGCAACTATCAGTTAATCTGG,1273,4,clonotype1,clonotype1_consensus_2
AAGGAGCCACGTTGGC-1,True,AAGGAGCCACGTTGGC-1_contig_2,True,521,TRB,TRBV20-1,None,TRBJ2-1,TRBC2,True,True,CSARVGSEVNEQFF,TGCAGTGCTAGAGTGGGGTCGGAAGTCAATGAGCAGTTCTTC,1593,9,clonotype1,clonotype1_consensus_1
AAGGAGCCAGCTGGCT-1,True,AAGGAGCCAGCTGGCT-1_contig_1,True,502,TRA,TRAV1-2,None,TRAJ30,TRAC,True,True,CAVRDLREIIF,TGTGCTGTGAGAGATCTTCGGGAGATCATCTTT,386,2,clonotype35,clonotype35_consensus_2
AAGGAGCCAGCTGGCT-1,True,AAGGAGCCAGCTGGCT-1_contig_2,True,497,TRB,TRBV20-1,None,TRBJ2-1,TRBC2,True,True,CSARVGSEVNEQFF,TGCAGTGCTAGAGTGGGGTCGGAAGTCAATGAGCAGTTCTTC,476,2,clonotype35,clonotype35_consensus_1
AAGGAGCCAGGACCCT-1,True,AAGGAGCCAGGACCCT-1_contig_1,True,505,TRA,TRAV1-2,None,TRAJ33,TRAC,True,True,CAATDSNYQLIW,TGTGCTGCGACTGATAGCAACTATCAGTTAATCTGG,290,3,clonotype1,clonotype1_consensus_2
AAGGAGCCAGGACCCT-1,True,AAGGAGCCAGGACCCT-1_contig_2,True,521,TRB,TRBV20-1,None,TRBJ2-1,TRBC2,True,True,CSARVGSEVNEQFF,TGCAGTGCTAGAGTGGGGTCGGAAGTCAATGAGCAGTTCTTC,861,5,clonotype1,clonotype1_consensus_1
AAGGAGCCAGGACCCT-1,True,AAGGAGCCAGGACCCT-1_contig_3,True,459,TRA,TRAV10,None,TRAJ24,TRAC,True,False,None,None,175,3,clonotype1,None
AAGGAGCCATAGTAAG-1,True,AAGGAGCCATAGTAAG-1_contig_1,True,662,TRB,TRBV5-6,None,TRBJ1-5,TRBC1,True,True,CASSFRGGANQPQHF,TGTGCCAGCAGCTTTCGAGGGGGCGCGAATCAGCCCCAGCATTTT,1115,8,clonotype36,clonotype36_consensus_1
AAGGAGCCATGCCCGA-1,True,AAGGAGCCATGCCCGA-1_contig_1,True,501,TRB,TRBV20-1,None,TRBJ2-7,TRBC2,True,True,CSARSSSGGASEQYF,TGCAGTGCTAGGAGTTCCAGCGGGGGGGCGTCCGAGCAGTACTTC,1825,6,clonotype502,clonotype502_consensus_2
AAGGAGCCATGCCCGA-1,True,AAGGAGCCATGCCCGA-1_contig_2,True,511,TRA,TRAV17,None,TRAJ10,TRAC,True,True,CATPAGGGNKLTF,TGTGCTACCCCCGCGGGAGGAGGAAACAAACTCACCTTT,67,1,clonotype502,clonotype502_consensus_1
AAGGAGCCATGCCTTC-1,True,AAGGAGCCATGCCTTC-1_contig_1,True,492,TRB,TRBV20-1,None,TRBJ1-1,TRBC1,True,True,CSARRTGGEPEAFF,TGCAGTGCTAGAAGGACAGGGGGGGAACCTGAAGCTTTCTTT,493,3,clonotype503,clonotype503_consensus_1
AAGGAGCCATGCCTTC-1,True,AAGGAGCCATGCCTTC-1_contig_2,True,542,TRA,TRAV26-1,None,TRAJ33,TRAC,True,True,CIVRVASNYQLIW,TGCATCGTCAGAGTCGCCAGCAACTATCAGTTAATCTGG,524,2,clonotype503,clonotype503_consensus_2
AAGGAGCGTACTTAGC-1,True,AAGGAGCGTACTTAGC-1_contig_1,True,650,TRB,TRBV5-6,None,TRBJ2-1,TRBC2,True,True,CASNRLYNEQFF,TGTGCCAGCAATAGGTTATACAATGAGCAGTTCTTC,840,5,clonotype504,clonotype504_consensus_1
AAGGAGCGTATATCCG-1,True,AAGGAGCGTATATCCG-1_contig_1,True,459,TRA,TRAV13-1,None,TRAJ29,TRAC,True,True,CAALASGNTPLVF,TGTGCAGCATTGGCTTCAGGAAACACACCTCTTGTCTTT,2051,9,clonotype505,clonotype505_consensus_1
AAGGAGCGTATATCCG-1,True,AAGGAGCGTATATCCG-1_contig_2,True,510,TRB,TRBV5-5,None,TRBJ2-3,TRBC2,True,True,CASSLIGSGGSDTQYF,TGTGCCAGCAGCTTGATCGGTAGCGGGGGGTCAGATACGCAGTATTTT,2857,14,clonotype505,clonotype505_consensus_2
AAGGAGCGTATGCTTG-1,True,AAGGAGCGTATGCTTG-1_contig_1,True,666,TRB,TRBV5-6,None,TRBJ2-5,TRBC2,True,True,CASSLDWSSWAQETQYF,TGTGCCAGCAGCTTGGATTGGTCATCCTGGGCGCAAGAGACCCAGTACTTC,1004,5,clonotype506,clonotype506_consensus_1
AAGGAGCGTATTAGCC-1,True,AAGGAGCGTATTAGCC-1_contig_1,True,473,TRB,TRBV20-1,None,TRBJ1-1,TRBC1,True,True,CSARDPQGGNEAFF,TGCAGTGCTAGAGATCCCCAGGGGGGAAATGAAGCTTTCTTT,3355,10,clonotype507,clonotype507_consensus_1
AAGGAGCGTATTAGCC-1,True,AAGGAGCGTATTAGCC-1_contig_2,True,531,TRA,TRAV17,None,TRAJ53,TRAC,True,True,CATAGGSNYKLTF,TGTGCTACGGCGGGAGGTAGCAACTATAAACTGACATTT,329,1,clonotype507,clonotype507_consensus_2
AAGGAGCGTATTAGCC-1,True,AAGGAGCGTATTAGCC-1_contig_3,True,375,TRB,None,None,TRBJ2-3,TRBC2,False,False,None,None,587,3,clonotype507,None
AAGGAGCGTCTAGCGC-1,True,AAGGAGCGTCTAGCGC-1_contig_1,True,505,TRA,TRAV1-2,None,TRAJ33,TRAC,True,True,CAATDSNYQLIW,TGTGCTGCGACTGATAGCAACTATCAGTTAATCTGG,590,3,clonotype1,clonotype1_consensus_2
AAGGAGCGTCTAGCGC-1,True,AAGGAGCGTCTAGCGC-1_contig_2,True,495,TRB,TRBV20-1,None,TRBJ2-1,TRBC2,True,True,CSARVGSEVNEQFF,TGCAGTGCTAGAGTGGGGTCGGAAGTCAATGAGCAGTTCTTC,415,3,clonotype1,clonotype1_consensus_1
AAGGAGCGTGAGTGAC-1,True,AAGGAGCGTGAGTGAC-1_contig_1,True,505,TRA,TRAV1-2,None,TRAJ33,TRAC,True,True,CAATDSNYQLIW,TGTGCTGCGACTGATAGCAACTATCAGTTAATCTGG,517,4,clonotype1,clonotype1_consensus_2
AAGGAGCGTGAGTGAC-1,True,AAGGAGCGTGAGTGAC-1_contig_2,True,498,TRB,TRBV20-1,None,TRBJ2-1,TRBC2,True,True,CSARVGSEVNEQFF,TGCAGTGCTAGAGTGGGGTCGGAAGTCAATGAGCAGTTCTTC,1409,5,clonotype1,clonotype1_consensus_1
AAGGAGCTCGGTTAAC-1,True,AAGGAGCTCGGTTAAC-1_contig_1,True,530,TRB,TRBV20-1,None,TRBJ2-2,TRBC2,True,True,CSARALPGGKNTGELFF,TGCAGTGCTAGAGCGCTTCCGGGGGGCAAGAACACCGGGGAGCTGTTTTTT,350,3,clonotype508,clonotype508_consensus_1
AAGGAGCTCGGTTAAC-1,True,AAGGAGCTCGGTTAAC-1_contig_2,True,350,TRB,None,None,TRBJ1-1,TRBC1,False,False,None,None,1678,3,clonotype508,None
AAGGCAGAGCAGGCTA-1,True,AAGGCAGAGCAGGCTA-1_contig_1,True,488,TRB,TRBV20-1,None,TRBJ2-3,TRBC2,True,True,CSAITGTDSTDTQYF,TGCAGTGCTATCACCGGGACAGATAGCACAGATACGCAGTATTTT,2077,8,clonotype509,clonotype509_consensus_1
AAGGCAGAGCAGGCTA-1,True,AAGGCAGAGCAGGCTA-1_contig_2,True,508,TRA,TRAV1-2,None,TRAJ16,TRAC,True,True,CAAPLSDGQKLLF,TGTGCTGCCCCTCTTTCAGATGGCCAGAAGCTGCTCTTT,1886,9,clonotype509,clonotype509_consensus_2
AAGGCAGAGCAGGCTA-1,True,AAGGCAGAGCAGGCTA-1_contig_3,True,388,TRB,None,None,TRBJ2-1,TRBC2,False,False,None,None,1422,2,clonotype509,None
AAGGCAGAGGCAAAGA-1,True,AAGGCAGAGGCAAAGA-1_contig_1,True,521,TRB,TRBV20-1,None,TRBJ1-1,TRBC1,True,True,CSAAPGHLNTEAFF,TGCAGTGCTGCCCCGGGACATCTGAACACTGAAGCTTTCTTT,2437,10,clonotype167,clonotype167_consensus_1
AAGGCAGAGGCAAAGA-1,True,AAGGCAGAGGCAAAGA-1_contig_2,True,444,TRA,TRAV13-1,None,TRAJ45,TRAC,True,False,None,None,753,9,clonotype167,None
AAGGCAGCAAACCCAT-1,True,AAGGCAGCAAACCCAT-1_contig_1,True,493,TRA,TRAV1-2,None,TRAJ33,TRAC,True,True,CAATDSNYQLIW,TGTGCTGCGACTGATAGCAACTATCAGTTAATCTGG,704,3,clonotype1,clonotype1_consensus_2
AAGGCAGCAAACCCAT-1,True,AAGGCAGCAAACCCAT-1_contig_2,True,498,TRB,TRBV20-1,None,TRBJ2-1,TRBC2,True,True,CSARVGSEVNEQFF,TGCAGTGCTAGAGTGGGGTCGGAAGTCAATGAGCAGTTCTTC,1031,3,clonotype1,clonotype1_consensus_1
AAGGCAGCACATGTGT-1,True,AAGGCAGCACATGTGT-1_contig_1,True,493,TRA,TRAV1-2,None,TRAJ33,TRAC,True,True,CAATDSNYQLIW,TGTGCTGCGACTGATAGCAACTATCAGTTAATCTGG,239,2,clonotype1,clonotype1_consensus_2
AAGGCAGCACATGTGT-1,True,AAGGCAGCACATGTGT-1_contig_2,True,521,TRB,TRBV20-1,None,TRBJ2-1,TRBC2,True,True,CSARVGSEVNEQFF,TGCAGTGCTAGAGTGGGGTCGGAAGTCAATGAGCAGTTCTTC,727,7,clonotype1,clonotype1_consensus_1
AAGGCAGCAGAGCCAA-1,True,AAGGCAGCAGAGCCAA-1_contig_1,True,492,TRB,TRBV20-1,None,TRBJ2-1,TRBC2,True,True,CSARVGSEVNEQFF,TGCAGTGCTAGAGTGGGGTCGGAAGTCAATGAGCAGTTCTTC,940,8,clonotype2,clonotype2_consensus_1
AAGGCAGCAGAGCCAA-1,True,AAGGCAGCAGAGCCAA-1_contig_2,True,459,TRA,TRAV10,None,TRAJ24,TRAC,True,False,None,None,393,1,clonotype2,None
AAGGCAGCATCTCCCA-1,True,AAGGCAGCATCTCCCA-1_contig_1,True,519,TRA,TRAV36/DV7,None,TRAJ46,TRAC,True,True,CADQKKSSGDKLTF,TGTGCCGACCAGAAGAAAAGCAGCGGAGACAAGCTGACTTTT,141,2,clonotype510,clonotype510_consensus_2
AAGGCAGCATCTCCCA-1,True,AAGGCAGCATCTCCCA-1_contig_2,True,659,TRB,TRBV5-6,None,TRBJ1-1,TRBC1,True,True,CASSQGQGSNTEAFF,TGTGCCAGCAGCCAAGGACAGGGCTCAAACACTGAAGCTTTCTTT,2104,7,clonotype510,clonotype510_consensus_1
AAGGCAGCATCTCCCA-1,True,AAGGCAGCATCTCCCA-1_contig_3,True,303,TRB,None,None,TRBJ2-2,TRBC2,False,False,None,None,55,1,clonotype510,None
AAGGCAGGTAATTGGA-1,True,AAGGCAGGTAATTGGA-1_contig_1,True,521,TRB,TRBV20-1,None,TRBJ2-1,TRBC2,True,True,CSARVGSEVNEQFF,TGCAGTGCTAGAGTGGGGTCGGAAGTCAATGAGCAGTTCTTC,1283,5,clonotype2,clonotype2_consensus_1
AAGGCAGGTACATGTC-1,True,AAGGCAGGTACATGTC-1_contig_1,True,491,TRB,TRBV20-1,None,TRBJ2-7,TRBC2,True,True,CSARETRTSGGYEQYF,TGCAGTGCTAGAGAAACAAGGACTAGCGGGGGGTACGAGCAGTACTTC,1057,6,clonotype70,clonotype70_consensus_1
AAGGCAGGTACATGTC-1,True,AAGGCAGGTACATGTC-1_contig_2,True,420,TRA,TRAV6,None,TRAJ45,TRAC,True,False,CALGPQEEVLTD,TGTGCTCTAGGCCCTCAGGAGGAGGTGCTGACGGAC,433,2,clonotype70,None
AAGGCAGGTCTACCTC-1,True,AAGGCAGGTCTACCTC-1_contig_1,True,473,TRB,TRBV20-1,None,TRBJ2-1,TRBC2,True,True,CSARVGSEVNEQFF,TGCAGTGCTAGAGTGGGGTCGGAAGTCAATGAGCAGTTCTTC,453,4,clonotype2,clonotype2_consensus_1
AAGGCAGGTCTCGTTC-1,True,AAGGCAGGTCTCGTTC-1_contig_1,True,505,TRA,TRAV1-2,None,TRAJ33,TRAC,True,True,CAATDSNYQLIW,TGTGCTGCGACTGATAGCAACTATCAGTTAATCTGG,1311,4,clonotype1,clonotype1_consensus_2
AAGGCAGGTCTCGTTC-1,True,AAGGCAGGTCTCGTTC-1_contig_2,True,521,TRB,TRBV20-1,None,TRBJ2-1,TRBC2,True,True,CSARVGSEVNEQFF,TGCAGTGCTAGAGTGGGGTCGGAAGTCAATGAGCAGTTCTTC,1342,7,clonotype1,clonotype1_consensus_1
AAGGCAGGTTACGGAG-1,True,AAGGCAGGTTACGGAG-1_contig_1,True,493,TRA,TRAV1-2,None,TRAJ33,TRAC,True,True,CAATDSNYQLIW,TGTGCTGCGACTGATAGCAACTATCAGTTAATCTGG,115,5,clonotype1,clonotype1_consensus_2
AAGGCAGGTTACGGAG-1,True,AAGGCAGGTTACGGAG-1_contig_2,True,521,TRB,TRBV20-1,None,TRBJ2-1,TRBC2,True,True,CSARVGSEVNEQFF,TGCAGTGCTAGAGTGGGGTCGGAAGTCAATGAGCAGTTCTTC,2132,9,clonotype1,clonotype1_consensus_1
AAGGCAGGTTGTCTTT-1,True,AAGGCAGGTTGTCTTT-1_contig_1,True,505,TRA,TRAV1-2,None,TRAJ33,TRAC,True,True,CAATDSNYQLIW,TGTGCTGCGACTGATAGCAACTATCAGTTAATCTGG,2206,4,clonotype1,clonotype1_consensus_2
AAGGCAGGTTGTCTTT-1,True,AAGGCAGGTTGTCTTT-1_contig_2,True,508,TRB,TRBV20-1,None,TRBJ2-1,TRBC2,True,True,CSARVGSEVNEQFF,TGCAGTGCTAGAGTGGGGTCGGAAGTCAATGAGCAGTTCTTC,982,6,clonotype1,clonotype1_consensus_1
AAGGCAGTCACCAGGC-1,True,AAGGCAGTCACCAGGC-1_contig_1,True,505,TRA,TRAV1-2,None,TRAJ33,TRAC,True,True,CAATDSNYQLIW,TGTGCTGCGACTGATAGCAACTATCAGTTAATCTGG,5984,2,clonotype1,clonotype1_consensus_2
AAGGCAGTCACCAGGC-1,True,AAGGCAGTCACCAGGC-1_contig_2,True,521,TRB,TRBV20-1,None,TRBJ2-1,TRBC2,True,True,CSARVGSEVNEQFF,TGCAGTGCTAGAGTGGGGTCGGAAGTCAATGAGCAGTTCTTC,346,6,clonotype1,clonotype1_consensus_1
AAGGCAGTCTGCGTAA-1,True,AAGGCAGTCTGCGTAA-1_contig_1,True,505,TRA,TRAV1-2,None,TRAJ33,TRAC,True,True,CAATDSNYQLIW,TGTGCTGCGACTGATAGCAACTATCAGTTAATCTGG,206,2,clonotype1,clonotype1_consensus_2
AAGGCAGTCTGCGTAA-1,True,AAGGCAGTCTGCGTAA-1_contig_2,True,521,TRB,TRBV20-1,None,TRBJ2-1,TRBC2,True,True,CSARVGSEVNEQFF,TGCAGTGCTAGAGTGGGGTCGGAAGTCAATGAGCAGTTCTTC,395,5,clonotype1,clonotype1_consensus_1
AAGGCAGTCTGTACGA-1,True,AAGGCAGTCTGTACGA-1_contig_1,True,505,TRA,TRAV1-2,None,TRAJ33,TRAC,True,True,CAATDSNYQLIW,TGTGCTGCGACTGATAGCAACTATCAGTTAATCTGG,1189,6,clonotype1,clonotype1_consensus_2
AAGGCAGTCTGTACGA-1,True,AAGGCAGTCTGTACGA-1_contig_2,True,521,TRB,TRBV20-1,None,TRBJ2-1,TRBC2,True,True,CSARVGSEVNEQFF,TGCAGTGCTAGAGTGGGGTCGGAAGTCAATGAGCAGTTCTTC,441,3,clonotype1,clonotype1_consensus_1
AAGGTTCAGGACGAAA-1,True,AAGGTTCAGGACGAAA-1_contig_1,True,505,TRA,TRAV1-2,None,TRAJ33,TRAC,True,True,CAATDSNYQLIW,TGTGCTGCGACTGATAGCAACTATCAGTTAATCTGG,610,5,clonotype1,clonotype1_consensus_2
AAGGTTCAGGACGAAA-1,True,AAGGTTCAGGACGAAA-1_contig_2,True,508,TRB,TRBV20-1,None,TRBJ2-1,TRBC2,True,True,CSARVGSEVNEQFF,TGCAGTGCTAGAGTGGGGTCGGAAGTCAATGAGCAGTTCTTC,985,7,clonotype1,clonotype1_consensus_1
AAGGTTCAGGTGCTTT-1,True,AAGGTTCAGGTGCTTT-1_contig_1,True,510,TRA,TRAV6,None,TRAJ37,TRAC,True,True,CALDRGSSNTGKLIF,TGTGCTCTAGACAGGGGCTCTAGCAACACAGGCAAACTAATCTTT,349,3,clonotype511,clonotype511_consensus_1
AAGGTTCAGGTGCTTT-1,True,AAGGTTCAGGTGCTTT-1_contig_2,True,479,TRB,TRBV20-1,None,TRBJ1-1,TRBC1,True,True,CSAPPRGLVTEAFF,TGCAGTGCACCCCCGAGGGGGCTTGTCACTGAAGCTTTCTTT,1248,7,clonotype511,clonotype511_consensus_2
AAGGTTCCAAAGCAAT-1,True,AAGGTTCCAAAGCAAT-1_contig_1,True,521,TRB,TRBV20-1,None,TRBJ2-1,TRBC2,True,True,CSARVGSEVNEQFF,TGCAGTGCTAGAGTGGGGTCGGAAGTCAATGAGCAGTTCTTC,1046,9,clonotype2,clonotype2_consensus_1
AAGGTTCCAAATACAG-1,True,AAGGTTCCAAATACAG-1_contig_1,True,505,TRA,TRAV1-2,None,TRAJ33,TRAC,True,True,CAATDSNYQLIW,TGTGCTGCGACTGATAGCAACTATCAGTTAATCTGG,446,3,clonotype1,clonotype1_consensus_2
AAGGTTCCAAATACAG-1,True,AAGGTTCCAAATACAG-1_contig_2,True,521,TRB,TRBV20-1,None,TRBJ2-1,TRBC2,True,True,CSARVGSEVNEQFF,TGCAGTGCTAGAGTGGGGTCGGAAGTCAATGAGCAGTTCTTC,980,9,clonotype1,clonotype1_consensus_1
AAGGTTCCAAATACAG-1,True,AAGGTTCCAAATACAG-1_contig_3,True,458,TRA,TRAV10,None,TRAJ24,TRAC,True,False,None,None,745,1,clonotype1,None
AAGGTTCCACAGATTC-1,True,AAGGTTCCACAGATTC-1_contig_1,True,494,TRA,TRAV38-2/DV8,None,TRAJ21,TRAC,True,True,CAYTLLYNFNKFYF,TGTGCTTATACCCTCCTTTACAACTTCAACAAATTTTACTTT,734,7,clonotype512,clonotype512_consensus_1
AAGGTTCCACAGATTC-1,True,AAGGTTCCACAGATTC-1_contig_2,True,524,TRB,TRBV20-1,None,TRBJ2-7,TRBC2,True,True,CSARDFRTNSYEQYF,TGCAGTGCTAGAGATTTTCGGACTAACTCCTACGAGCAGTACTTC,2102,8,clonotype512,clonotype512_consensus_2
AAGGTTCCACATAACC-1,True,AAGGTTCCACATAACC-1_contig_1,True,518,TRB,TRBV20-1,None,TRBJ2-7,TRBC2,True,True,CSALGKNSYEQYF,TGCAGTGCCCTTGGGAAGAACTCCTACGAGCAGTACTTC,2068,9,clonotype513,clonotype513_consensus_1
AAGGTTCCACATAACC-1,True,AAGGTTCCACATAACC-1_contig_2,True,514,TRA,TRAV20,None,TRAJ29,TRAC,True,True,CAVQVRGNSGNTPLVF,TGTGCTGTGCAGGTACGAGGGAATTCAGGAAACACACCTCTTGTCTTT,712,6,clonotype513,clonotype513_consensus_2
AAGGTTCCACCACGTG-1,True,AAGGTTCCACCACGTG-1_contig_1,True,495,TRB,TRBV20-1,None,TRBJ2-7,TRBC2,True,True,CSARDTRGYEQYF,TGCAGTGCTAGAGATACACGTGGCTACGAGCAGTACTTC,1698,7,clonotype71,clonotype71_consensus_2
AAGGTTCCACCACGTG-1,True,AAGGTTCCACCACGTG-1_contig_2,True,504,TRA,TRAV6,None,TRAJ29,TRAC,True,True,CALDMGGNTPLVF,TGTGCTCTAGACATGGGGGGAAACACACCTCTTGTCTTT,54,2,clonotype71,clonotype71_consensus_1
AAGGTTCCATAGGATA-1,True,AAGGTTCCATAGGATA-1_contig_1,True,521,TRB,TRBV20-1,None,TRBJ2-1,TRBC2,True,True,CSARVGSEVNEQFF,TGCAGTGCTAGAGTGGGGTCGGAAGTCAATGAGCAGTTCTTC,1057,8,clonotype2,clonotype2_consensus_1
AAGGTTCCATTCGACA-1,True,AAGGTTCCATTCGACA-1_contig_1,True,527,TRB,TRBV20-1,None,TRBJ2-1,TRBC2,True,True,CSARDLGGAPYNEQFF,TGCAGTGCTAGAGATTTGGGAGGGGCCCCCTACAATGAGCAGTTCTTC,1189,7,clonotype514,clonotype514_consensus_1
AAGGTTCCATTCGACA-1,True,AAGGTTCCATTCGACA-1_contig_2,True,470,TRA,TRAV12-1,None,TRAJ43,TRAC,True,True,CVVEGYNNNDMRF,TGTGTGGTGGAGGGGTACAATAACAATGACATGCGCTTT,82,1,clonotype514,clonotype514_consensus_2
AAGGTTCCATTCGACA-1,True,AAGGTTCCATTCGACA-1_contig_3,True,797,TRA,TRAV8-3,None,TRAJ37,TRAC,True,False,None,None,218,1,clonotype514,None
AAGGTTCGTAGGGACT-1,True,AAGGTTCGTAGGGACT-1_contig_1,True,505,TRA,TRAV1-2,None,TRAJ33,TRAC,True,True,CAATDSNYQLIW,TGTGCTGCGACTGATAGCAACTATCAGTTAATCTGG,118,4,clonotype1,clonotype1_consensus_2
AAGGTTCGTAGGGACT-1,True,AAGGTTCGTAGGGACT-1_contig_2,True,521,TRB,TRBV20-1,None,TRBJ2-1,TRBC2,True,True,CSARVGSEVNEQFF,TGCAGTGCTAGAGTGGGGTCGGAAGTCAATGAGCAGTTCTTC,724,7,clonotype1,clonotype1_consensus_1
AAGGTTCGTAGTAGTA-1,True,AAGGTTCGTAGTAGTA-1_contig_1,True,508,TRA,TRAV20,None,TRAJ24,TRAC,True,True,CAVMTTDSWGKFQF,TGTGCTGTTATGACAACTGACAGCTGGGGGAAATTCCAGTTT,481,4,clonotype515,clonotype515_consensus_3
AAGGTTCGTAGTAGTA-1,True,AAGGTTCGTAGTAGTA-1_contig_2,True,521,TRB,TRBV20-1,None,TRBJ2-7,TRBC2,True,True,CSASRSGGAYEQYF,TGCAGTGCTAGCAGAAGCGGGGGGGCTTACGAGCAGTACTTC,1235,6,clonotype515,clonotype515_consensus_1
AAGGTTCGTAGTAGTA-1,True,AAGGTTCGTAGTAGTA-1_contig_3,True,589,TRA,TRAV26-1,None,TRAJ33,TRAC,True,True,CIVVLDSNYQLIW,TGCATCGTCGTCTTGGATAGCAACTATCAGTTAATCTGG,999,4,clonotype515,clonotype515_consensus_2
AAGGTTCGTGCTCTTC-1,True,AAGGTTCGTGCTCTTC-1_contig_1,True,521,TRB,TRBV20-1,None,TRBJ2-5,TRBC2,True,True,CSAPRGGGRETQYF,TGCAGTGCTCCCAGGGGGGGGGGCAGGGAGACCCAGTACTTC,1958,10,clonotype177,clonotype177_consensus_2
AAGGTTCGTGCTCTTC-1,True,AAGGTTCGTGCTCTTC-1_contig_2,True,656,TRA,TRAV8-3,None,TRAJ30,TRAC,True,True,CAVLNRDDKIIF,TGTGCTGTTCTGAACAGAGATGACAAGATCATCTTT,185,2,clonotype177,clonotype177_consensus_1
AAGGTTCGTTAAAGTG-1,True,AAGGTTCGTTAAAGTG-1_contig_1,True,505,TRA,TRAV1-2,None,TRAJ33,TRAC,True,True,CAATDSNYQLIW,TGTGCTGCGACTGATAGCAACTATCAGTTAATCTGG,615,4,clonotype1,clonotype1_consensus_2
AAGGTTCGTTAAAGTG-1,True,AAGGTTCGTTAAAGTG-1_contig_2,True,498,TRB,TRBV20-1,None,TRBJ2-1,TRBC2,True,True,CSARVGSEVNEQFF,TGCAGTGCTAGAGTGGGGTCGGAAGTCAATGAGCAGTTCTTC,1907,9,clonotype1,clonotype1_consensus_1
AAGGTTCGTTAAGATG-1,True,AAGGTTCGTTAAGATG-1_contig_1,True,640,TRA,TRAV1-2,None,TRAJ33,TRAC,True,True,CAATDSNYQLIW,TGTGCTGCGACTGATAGCAACTATCAGTTAATCTGG,344,1,clonotype1,clonotype1_consensus_2
AAGGTTCGTTAAGATG-1,True,AAGGTTCGTTAAGATG-1_contig_2,True,475,TRB,TRBV20-1,None,TRBJ2-1,TRBC2,True,True,CSARVGSEVNEQFF,TGCAGTGCTAGAGTGGGGTCGGAAGTCAATGAGCAGTTCTTC,1115,3,clonotype1,clonotype1_consensus_1
AAGGTTCGTTGCGCAC-1,True,AAGGTTCGTTGCGCAC-1_contig_1,True,527,TRB,TRBV20-1,None,TRBJ1-5,TRBC1,True,True,CSAIGQGAPSNQPQHF,TGCAGTGCTATCGGACAGGGGGCGCCGAGCAATCAGCCCCAGCATTTT,1867,8,clonotype12,clonotype12_consensus_1
AAGGTTCTCCAAACAC-1,True,AAGGTTCTCCAAACAC-1_contig_1,True,553,TRA,TRAV12-1,None,TRAJ9,TRAC,True,True,CVVTRNTGGFKTIF,TGTGTGGTGACACGAAATACTGGAGGCTTCAAAACTATCTTT,3046,3,clonotype5,clonotype5_consensus_2
AAGGTTCTCCAAACAC-1,True,AAGGTTCTCCAAACAC-1_contig_2,True,533,TRB,TRBV20-1,None,TRBJ1-5,TRBC1,True,True,CSARDDNRAKSFNQPQHF,TGCAGTGCTAGAGACGACAACCGGGCCAAATCCTTCAATCAGCCCCAGCATTTT,1445,8,clonotype5,clonotype5_consensus_1
AAGGTTCTCCAAACAC-1,True,AAGGTTCTCCAAACAC-1_contig_3,True,504,TRA,TRAV29/DV5,None,TRAJ11,TRAC,True,False,CSSNSGYSTLTF,TGCAGCTCCAATTCAGGATACAGCACCCTCACCTTT,2550,2,clonotype5,None
AAGGTTCTCCTACAGA-1,True,AAGGTTCTCCTACAGA-1_contig_1,True,505,TRA,TRAV1-2,None,TRAJ33,TRAC,True,True,CAATDSNYQLIW,TGTGCTGCGACTGATAGCAACTATCAGTTAATCTGG,571,3,clonotype1,clonotype1_consensus_2
AAGGTTCTCCTACAGA-1,True,AAGGTTCTCCTACAGA-1_contig_2,True,498,TRB,TRBV20-1,None,TRBJ2-1,TRBC2,True,True,CSARVGSEVNEQFF,TGCAGTGCTAGAGTGGGGTCGGAAGTCAATGAGCAGTTCTTC,103,8,clonotype1,clonotype1_consensus_1
AAGGTTCTCCTACAGA-1,True,AAGGTTCTCCTACAGA-1_contig_3,True,460,TRA,TRAV10,None,TRAJ24,TRAC,True,False,None,None,355,1,clonotype1,None
AAGGTTCTCCTGCTTG-1,True,AAGGTTCTCCTGCTTG-1_contig_1,True,505,TRA,TRAV1-2,None,TRAJ33,TRAC,True,True,CAATDSNYQLIW,TGTGCTGCGACTGATAGCAACTATCAGTTAATCTGG,829,3,clonotype1,clonotype1_consensus_2
AAGGTTCTCCTGCTTG-1,True,AAGGTTCTCCTGCTTG-1_contig_2,True,485,TRB,TRBV20-1,None,TRBJ2-1,TRBC2,True,True,CSARVGSEVNEQFF,TGCAGTGCTAGAGTGGGGTCGGAAGTCAATGAGCAGTTCTTC,216,1,clonotype1,clonotype1_consensus_1
AAGGTTCTCGAGGTAG-1,True,AAGGTTCTCGAGGTAG-1_contig_1,True,521,TRB,TRBV20-1,None,TRBJ2-1,TRBC2,True,True,CSARVGSEVNEQFF,TGCAGTGCTAGAGTGGGGTCGGAAGTCAATGAGCAGTTCTTC,1755,6,clonotype2,clonotype2_consensus_1
AAGGTTCTCGAGGTAG-1,True,AAGGTTCTCGAGGTAG-1_contig_2,True,457,TRA,TRAV10,None,TRAJ24,TRAC,True,False,None,None,165,1,clonotype2,None
AAGGTTCTCGGCGCTA-1,True,AAGGTTCTCGGCGCTA-1_contig_1,True,495,TRB,TRBV20-1,None,TRBJ1-1,TRBC1,True,True,CSANGYSNTEAFF,TGCAGTGCTAACGGGTATTCGAACACTGAAGCTTTCTTT,1418,4,clonotype516,clonotype516_consensus_2
AAGGTTCTCGGCGCTA-1,True,AAGGTTCTCGGCGCTA-1_contig_2,True,627,TRA,TRAV3,None,TRAJ48,TRAC,True,True,CAVRVLISNFGNEKLTF,TGTGCTGTGAGAGTCCTTATATCTAACTTTGGAAATGAGAAATTAACCTTT,259,4,clonotype516,clonotype516_consensus_1
AAGGTTCTCGGCGCTA-1,True,AAGGTTCTCGGCGCTA-1_contig_3,True,517,TRB,TRBV7-2,None,TRBJ1-4,TRBC1,True,True,CASSLRDDGAGFATNEKLFF,TGTGCCAGCAGCTTAAGGGATGACGGGGCAGGGTTCGCAACTAATGAAAAACTGTTTTTT,3656,11,clonotype516,clonotype516_consensus_3
AAGGTTCTCGGCGCTA-1,True,AAGGTTCTCGGCGCTA-1_contig_4,True,396,TRA,TRAV35,None,TRAJ40,TRAC,True,False,CWPTLASGTYKYIF,TGCTGGCCGACCCTCGCCTCAGGAACCTACAAATACATCTTT,127,1,clonotype516,None
AAGGTTCTCTATCCTA-1,True,AAGGTTCTCTATCCTA-1_contig_1,True,547,TRA,TRAV12-1,None,TRAJ24,TRAC,True,True,CVGDSWGKFQF,TGTGTGGGGGACAGCTGGGGGAAATTCCAGTTT,470,2,clonotype178,clonotype178_consensus_1
AAGGTTCTCTATCCTA-1,True,AAGGTTCTCTATCCTA-1_contig_2,True,490,TRA,TRAV1-1,None,TRAJ9,TRAC,True,True,CAVPNTGGFKTIF,TGCGCTGTCCCAAATACTGGAGGCTTCAAAACTATCTTT,780,4,clonotype178,clonotype178_consensus_3
AAGGTTCTCTATCCTA-1,True,AAGGTTCTCTATCCTA-1_contig_3,True,521,TRB,TRBV20-1,None,TRBJ2-3,TRBC2,True,True,CSARDGQGGDTQYF,TGCAGTGCTAGAGATGGGCAGGGAGGCGATACGCAGTATTTT,1723,9,clonotype178,clonotype178_consensus_2
AAGTCTGAGCTGTTCA-1,True,AAGTCTGAGCTGTTCA-1_contig_1,True,505,TRA,TRAV1-2,None,TRAJ33,TRAC,True,True,CAATDSNYQLIW,TGTGCTGCGACTGATAGCAACTATCAGTTAATCTGG,179,3,clonotype1,clonotype1_consensus_2
AAGTCTGAGCTGTTCA-1,True,AAGTCTGAGCTGTTCA-1_contig_2,True,521,TRB,TRBV20-1,None,TRBJ2-1,TRBC2,True,True,CSARVGSEVNEQFF,TGCAGTGCTAGAGTGGGGTCGGAAGTCAATGAGCAGTTCTTC,1673,8,clonotype1,clonotype1_consensus_1
AAGTCTGAGGACAGCT-1,True,AAGTCTGAGGACAGCT-1_contig_1,True,505,TRA,TRAV1-2,None,TRAJ33,TRAC,True,True,CAATDSNYQLIW,TGTGCTGCGACTGATAGCAACTATCAGTTAATCTGG,114,2,clonotype1,clonotype1_consensus_2
AAGTCTGAGGACAGCT-1,True,AAGTCTGAGGACAGCT-1_contig_2,True,521,TRB,TRBV20-1,None,TRBJ2-1,TRBC2,True,True,CSARVGSEVNEQFF,TGCAGTGCTAGAGTGGGGTCGGAAGTCAATGAGCAGTTCTTC,1241,11,clonotype1,clonotype1_consensus_1
AAGTCTGAGGAGTACC-1,True,AAGTCTGAGGAGTACC-1_contig_1,True,567,TRA,TRAV8-4,None,TRAJ54,TRAC,True,True,CAVSEGGAQKLVF,TGTGCTGTGAGTGAGGGGGGAGCCCAGAAGCTGGTATTT,758,7,clonotype517,clonotype517_consensus_1
AAGTCTGAGGAGTACC-1,True,AAGTCTGAGGAGTACC-1_contig_2,True,521,TRB,TRBV20-1,None,TRBJ2-3,TRBC2,True,True,CSTIAGQGADTQYF,TGCAGTACTATTGCGGGACAGGGGGCAGATACGCAGTATTTT,1746,11,clonotype517,clonotype517_consensus_2
AAGTCTGAGGCTAGGT-1,True,AAGTCTGAGGCTAGGT-1_contig_1,True,498,TRB,TRBV20-1,None,TRBJ2-1,TRBC2,True,True,CSARVGSEVNEQFF,TGCAGTGCTAGAGTGGGGTCGGAAGTCAATGAGCAGTTCTTC,2810,12,clonotype2,clonotype2_consensus_1
AAGTCTGAGTCCGTAT-1,True,AAGTCTGAGTCCGTAT-1_contig_1,True,738,TRB,TRBV5-5,None,TRBJ1-6,TRBC1,True,True,CASSFRDLSEGSPLHF,TGTGCCAGCAGCTTCCGGGACCTTTCCGAGGGATCACCCCTCCACTTT,5447,32,clonotype518,clonotype518_consensus_2
AAGTCTGAGTCCGTAT-1,True,AAGTCTGAGTCCGTAT-1_contig_2,True,450,TRA,TRAV2,None,TRAJ8,TRAC,True,True,CAAMNTGFQKLVF,TGTGCTGCGATGAACACAGGCTTTCAGAAACTTGTATTT,1937,9,clonotype518,clonotype518_consensus_1
AAGTCTGAGTCCGTAT-1,True,AAGTCTGAGTCCGTAT-1_contig_3,True,466,TRA,TRAV13-1,None,TRAJ3,TRAC,True,False,None,None,571,3,clonotype518,None
AAGTCTGAGTCGTTTG-1,True,AAGTCTGAGTCGTTTG-1_contig_1,True,515,TRA,TRAV13-2,None,TRAJ52,TRAC,True,True,CAVNAGGTSYGKLTF,TGTGCAGTTAATGCTGGTGGTACTAGCTATGGAAAGCTGACATTT,578,20,clonotype519,clonotype519_consensus_1
AAGTCTGAGTCGTTTG-1,True,AAGTCTGAGTCGTTTG-1_contig_2,True,731,TRB,TRBV5-6,None,TRBJ1-5,TRBC1,True,True,CASSFGGFIGNQPQHF,TGTGCCAGCAGCTTCGGGGGTTTTATCGGCAATCAGCCCCAGCATTTT,914,15,clonotype519,clonotype519_consensus_2
AAGTCTGCACAGCGTC-1,True,AAGTCTGCACAGCGTC-1_contig_1,True,505,TRA,TRAV1-2,None,TRAJ33,TRAC,True,True,CAATDSNYQLIW,TGTGCTGCGACTGATAGCAACTATCAGTTAATCTGG,670,4,clonotype1,clonotype1_consensus_2
AAGTCTGCACAGCGTC-1,True,AAGTCTGCACAGCGTC-1_contig_2,True,521,TRB,TRBV20-1,None,TRBJ2-1,TRBC2,True,True,CSARVGSEVNEQFF,TGCAGTGCTAGAGTGGGGTCGGAAGTCAATGAGCAGTTCTTC,1538,11,clonotype1,clonotype1_consensus_1
AAGTCTGCAGTTAACC-1,True,AAGTCTGCAGTTAACC-1_contig_1,True,511,TRA,TRAV6,None,TRAJ4,TRAC,True,True,CALDSSGGYNKLIF,TGTGCTCTAGACTCTTCTGGTGGCTACAATAAGCTGATTTTT,791,4,clonotype520,clonotype520_consensus_2
AAGTCTGCAGTTAACC-1,True,AAGTCTGCAGTTAACC-1_contig_2,True,524,TRB,TRBV20-1,None,TRBJ2-5,TRBC2,True,True,CSARDGVGGQETQYF,TGCAGTGCTAGAGATGGGGTGGGGGGGCAAGAGACCCAGTACTTC,79,3,clonotype520,clonotype520_consensus_1
AAGTCTGCATCAGTAC-1,True,AAGTCTGCATCAGTAC-1_contig_1,True,492,TRB,TRBV20-1,None,TRBJ2-1,TRBC2,True,True,CSARVGSEVNEQFF,TGCAGTGCTAGAGTGGGGTCGGAAGTCAATGAGCAGTTCTTC,1642,8,clonotype2,clonotype2_consensus_1
AAGTCTGCATCAGTAC-1,True,AAGTCTGCATCAGTAC-1_contig_2,True,465,TRA,TRAV10,None,TRAJ24,TRAC,True,False,None,None,910,4,clonotype2,None
AAGTCTGCATGCCTAA-1,True,AAGTCTGCATGCCTAA-1_contig_1,True,512,TRB,TRBV20-1,None,TRBJ1-1,TRBC1,True,True,CSATRQFEAFF,TGCAGTGCTACCAGACAGTTTGAAGCTTTCTTT,88,3,clonotype521,clonotype521_consensus_1
AAGTCTGGTACGCTGC-1,True,AAGTCTGGTACGCTGC-1_contig_1,True,495,TRB,TRBV5-5,None,TRBJ1-4,TRBC1,True,True,CASSHPGPNYATNEKLFF,TGTGCCAGCAGCCATCCCGGACCGAACTACGCAACTAATGAAAAACTGTTTTTT,535,4,clonotype4,clonotype4_consensus_1
AAGTCTGGTCAGAGGT-1,True,AAGTCTGGTCAGAGGT-1_contig_1,True,505,TRA,TRAV1-2,None,TRAJ33,TRAC,True,True,CAATDSNYQLIW,TGTGCTGCGACTGATAGCAACTATCAGTTAATCTGG,1579,9,clonotype1,clonotype1_consensus_2
AAGTCTGGTCAGAGGT-1,True,AAGTCTGGTCAGAGGT-1_contig_2,True,521,TRB,TRBV20-1,None,TRBJ2-1,TRBC2,True,True,CSARVGSEVNEQFF,TGCAGTGCTAGAGTGGGGTCGGAAGTCAATGAGCAGTTCTTC,3658,16,clonotype1,clonotype1_consensus_1
AAGTCTGGTCAGAGGT-1,True,AAGTCTGGTCAGAGGT-1_contig_3,True,482,TRA,TRAV10,None,TRAJ24,TRAC,True,False,None,None,607,3,clonotype1,None
AAGTCTGGTCGCATCG-1,True,AAGTCTGGTCGCATCG-1_contig_1,True,521,TRB,TRBV20-1,None,TRBJ2-1,TRBC2,True,True,CSARVGSEVNEQFF,TGCAGTGCTAGAGTGGGGTCGGAAGTCAATGAGCAGTTCTTC,1830,9,clonotype2,clonotype2_consensus_1
AAGTCTGGTCGCATCG-1,True,AAGTCTGGTCGCATCG-1_contig_2,True,461,TRA,TRAV10,None,TRAJ24,TRAC,True,False,None,None,115,1,clonotype2,None
AAGTCTGGTTACGTCA-1,True,AAGTCTGGTTACGTCA-1_contig_1,True,502,TRA,TRAV1-2,None,TRAJ30,TRAC,True,True,CAVRDLREIIF,TGTGCTGTGAGAGATCTTCGGGAGATCATCTTT,551,2,clonotype3,clonotype3_consensus_2
AAGTCTGGTTACGTCA-1,True,AAGTCTGGTTACGTCA-1_contig_2,True,668,TRB,TRBV5-5,None,TRBJ1-4,TRBC1,True,True,CASSHPGPNYATNEKLFF,TGTGCCAGCAGCCATCCCGGACCGAACTACGCAACTAATGAAAAACTGTTTTTT,472,5,clonotype3,clonotype3_consensus_1
AAGTCTGTCAGCCTAA-1,True,AAGTCTGTCAGCCTAA-1_contig_1,True,511,TRB,TRBV20-1,None,TRBJ2-1,TRBC2,True,True,CSARVGSEVNEQFF,TGCAGTGCTAGAGTGGGGTCGGAAGTCAATGAGCAGTTCTTC,1146,7,clonotype2,clonotype2_consensus_1
AAGTCTGTCCGCGTTT-1,True,AAGTCTGTCCGCGTTT-1_contig_1,True,505,TRA,TRAV1-2,None,TRAJ33,TRAC,True,True,CAATDSNYQLIW,TGTGCTGCGACTGATAGCAACTATCAGTTAATCTGG,133,1,clonotype1,clonotype1_consensus_2
AAGTCTGTCCGCGTTT-1,True,AAGTCTGTCCGCGTTT-1_contig_2,True,521,TRB,TRBV20-1,None,TRBJ2-1,TRBC2,True,True,CSARVGSEVNEQFF,TGCAGTGCTAGAGTGGGGTCGGAAGTCAATGAGCAGTTCTTC,2013,7,clonotype1,clonotype1_consensus_1
AAGTCTGTCCGCGTTT-1,True,AAGTCTGTCCGCGTTT-1_contig_3,True,463,TRA,TRAV10,None,TRAJ24,TRAC,True,False,None,None,33,2,clonotype1,None
AATCCAGAGCTCTCGG-1,True,AATCCAGAGCTCTCGG-1_contig_1,True,521,TRB,TRBV20-1,None,TRBJ2-1,TRBC2,True,True,CSARVGSEVNEQFF,TGCAGTGCTAGAGTGGGGTCGGAAGTCAATGAGCAGTTCTTC,3737,5,clonotype2,clonotype2_consensus_1
AATCCAGAGCTGGAAC-1,True,AATCCAGAGCTGGAAC-1_contig_1,True,505,TRA,TRAV1-2,None,TRAJ33,TRAC,True,True,CAATDSNYQLIW,TGTGCTGCGACTGATAGCAACTATCAGTTAATCTGG,272,2,clonotype1,clonotype1_consensus_2
AATCCAGAGCTGGAAC-1,True,AATCCAGAGCTGGAAC-1_contig_2,True,498,TRB,TRBV20-1,None,TRBJ2-1,TRBC2,True,True,CSARVGSEVNEQFF,TGCAGTGCTAGAGTGGGGTCGGAAGTCAATGAGCAGTTCTTC,1467,6,clonotype1,clonotype1_consensus_1
AATCCAGAGCTGGAAC-1,True,AATCCAGAGCTGGAAC-1_contig_3,True,457,TRA,TRAV10,None,TRAJ24,TRAC,True,False,None,None,110,2,clonotype1,None
AATCCAGAGCTGTTCA-1,True,AATCCAGAGCTGTTCA-1_contig_1,True,524,TRA,TRAV35,None,TRAJ48,TRAC,True,True,CAGQPVNFGNEKLTF,TGTGCTGGGCAGCCAGTTAACTTTGGAAATGAGAAATTAACCTTT,273,2,clonotype522,clonotype522_consensus_1
AATCCAGAGCTGTTCA-1,True,AATCCAGAGCTGTTCA-1_contig_2,True,674,TRB,TRBV5-6,None,TRBJ2-7,TRBC2,True,True,CASSLGDLLTYEQYF,TGTGCCAGCAGCTTGGGGGACCTCCTAACCTACGAGCAGTACTTC,1507,7,clonotype522,clonotype522_consensus_2
AATCCAGAGCTGTTCA-1,True,AATCCAGAGCTGTTCA-1_contig_3,True,309,TRA,None,None,TRAJ18,TRAC,False,False,None,None,620,5,clonotype522,None
AATCCAGAGGCCGAAT-1,True,AATCCAGAGGCCGAAT-1_contig_1,True,480,TRA,TRAV1-2,None,TRAJ33,TRAC,True,True,CAATDSNYQLIW,TGTGCTGCGACTGATAGCAACTATCAGTTAATCTGG,319,2,clonotype1,clonotype1_consensus_2
AATCCAGAGGCCGAAT-1,True,AATCCAGAGGCCGAAT-1_contig_2,True,505,TRB,TRBV20-1,None,TRBJ2-1,TRBC2,True,True,CSARVGSEVNEQFF,TGCAGTGCTAGAGTGGGGTCGGAAGTCAATGAGCAGTTCTTC,1403,9,clonotype1,clonotype1_consensus_1
AATCCAGAGGCCGAAT-1,True,AATCCAGAGGCCGAAT-1_contig_3,True,459,TRA,TRAV10,None,TRAJ24,TRAC,True,False,None,None,196,2,clonotype1,None
AATCCAGAGTCGTACT-1,True,AATCCAGAGTCGTACT-1_contig_1,True,515,TRB,TRBV20-1,None,TRBJ1-1,TRBC1,True,True,CSARAPNTEAFF,TGCAGTGCTAGAGCCCCTAACACTGAAGCTTTCTTT,1187,8,clonotype523,clonotype523_consensus_1
AATCCAGAGTGTACCT-1,True,AATCCAGAGTGTACCT-1_contig_1,True,485,TRA,TRAV35,None,TRAJ40,TRAC,True,True,CAGRPDSGTYKYIF,TGTGCTGGTCGCCCGGACTCAGGAACCTACAAATACATCTTT,609,2,clonotype10,clonotype10_consensus_2
AATCCAGAGTGTACCT-1,True,AATCCAGAGTGTACCT-1_contig_2,True,524,TRB,TRBV20-1,None,TRBJ1-2,TRBC1,True,True,CSARDQTGVNYGYTF,TGCAGTGCTAGAGACCAGACAGGGGTTAACTATGGCTACACCTTC,835,7,clonotype10,clonotype10_consensus_1
AATCCAGAGTTCGCAT-1,True,AATCCAGAGTTCGCAT-1_contig_1,True,518,TRB,TRBV20-1,None,TRBJ2-1,TRBC2,True,True,CSARVGSEVNEQFF,TGCAGTGCTAGAGTGGGGTCGGAAGTCAATGAGCAGTTCTTC,1784,7,clonotype2,clonotype2_consensus_1
AATCCAGCAAACGCGA-1,True,AATCCAGCAAACGCGA-1_contig_1,True,476,TRA,TRAV38-1,None,TRAJ34,TRAC,True,True,CAFMTFYNTDKLIF,TGTGCTTTCATGACCTTTTATAACACCGACAAGCTCATCTTT,420,3,clonotype524,clonotype524_consensus_1
AATCCAGCAAACGCGA-1,True,AATCCAGCAAACGCGA-1_contig_2,True,523,TRB,TRBV20-1,None,TRBJ1-2,TRBC1,True,True,CSARDIGDRGYGYTF,TGCAGTGCTAGAGATATTGGGGACAGGGGCTACGGCTACACCTTC,917,4,clonotype524,clonotype524_consensus_2
AATCCAGCAACGATCT-1,True,AATCCAGCAACGATCT-1_contig_1,True,484,TRA,TRAV35,None,TRAJ30,TRAC,True,True,CAGEPNRDDKIIF,TGTGCTGGGGAACCGAACAGAGATGACAAGATCATCTTT,395,4,clonotype525,clonotype525_consensus_2
AATCCAGCAACGATCT-1,True,AATCCAGCAACGATCT-1_contig_2,True,677,TRB,TRBV5-6,None,TRBJ1-2,TRBC1,True,True,CASSLSGQGAYGYTF,TGTGCCAGCAGCTTGTCGGGACAGGGGGCGTATGGCTACACCTTC,593,6,clonotype525,clonotype525_consensus_1
AATCCAGCAACGATCT-1,True,AATCCAGCAACGATCT-1_contig_3,True,482,TRB,TRBV7-3,None,TRBJ2-1,TRBC2,True,False,CQQRSLKAGGPYNEQFF,TGCCAGCAGCGGTCACTTAAAGCGGGGGGACCCTACAATGAGCAGTTCTTC,258,3,clonotype525,None
AATCCAGCACATTAGC-1,True,AATCCAGCACATTAGC-1_contig_1,True,570,TRA,TRAV8-4,None,TRAJ13,TRAC,True,True,CAVRYSGGYQKVTF,TGTGCTGTGAGATATTCTGGGGGTTACCAGAAAGTTACCTTT,111,2,clonotype526,clonotype526_consensus_1
AATCCAGCACATTAGC-1,True,AATCCAGCACATTAGC-1_contig_2,True,481,TRB,TRBV5-6,None,TRBJ1-2,TRBC1,True,True,CASSSRDRLNYGYTF,TGTGCCAGCAGCTCACGGGACAGACTAAACTATGGCTACACCTTC,1291,3,clonotype526,clonotype526_consensus_2
AATCCAGCACCGTTGG-1,True,AATCCAGCACCGTTGG-1_contig_1,True,505,TRA,TRAV1-2,None,TRAJ33,TRAC,True,True,CAATDSNYQLIW,TGTGCTGCGACTGATAGCAACTATCAGTTAATCTGG,1162,3,clonotype1,clonotype1_consensus_2
AATCCAGCACCGTTGG-1,True,AATCCAGCACCGTTGG-1_contig_2,True,521,TRB,TRBV20-1,None,TRBJ2-1,TRBC2,True,True,CSARVGSEVNEQFF,TGCAGTGCTAGAGTGGGGTCGGAAGTCAATGAGCAGTTCTTC,1642,9,clonotype1,clonotype1_consensus_1
AATCCAGCAGCCACCA-1,True,AATCCAGCAGCCACCA-1_contig_1,True,518,TRB,TRBV20-1,None,TRBJ1-5,TRBC1,True,True,CSATGTSGGPQHF,TGCAGTGCTACCGGGACCTCTGGAGGGCCCCAGCATTTT,1508,10,clonotype527,clonotype527_consensus_1
AATCCAGCAGCCACCA-1,True,AATCCAGCAGCCACCA-1_contig_2,True,442,TRA,TRAV2,None,TRAJ6,TRAC,True,True,CAVEDGYIPTF,TGTGCTGTGGAGGATGGCTACATACCTACATTT,506,4,clonotype527,clonotype527_consensus_2
AATCCAGCAGCGTCCA-1,True,AATCCAGCAGCGTCCA-1_contig_1,True,505,TRB,TRBV20-1,None,TRBJ2-5,TRBC2,True,True,CSARGNEETQYF,TGCAGTGCTCGGGGGAACGAAGAGACCCAGTACTTC,1263,8,clonotype528,clonotype528_consensus_1
AATCCAGCAGCGTCCA-1,True,AATCCAGCAGCGTCCA-1_contig_2,True,482,TRA,TRAV4,None,TRAJ10,TRAC,True,True,CLVGDKLTGGGNKLTF,TGCCTCGTGGGTGACAAGCTCACGGGAGGAGGAAACAAACTCACCTTT,987,4,clonotype528,clonotype528_consensus_2
AATCCAGCATAACCTG-1,True,AATCCAGCATAACCTG-1_contig_1,True,521,TRB,TRBV20-1,None,TRBJ2-1,TRBC2,True,True,CSARVGSEVNEQFF,TGCAGTGCTAGAGTGGGGTCGGAAGTCAATGAGCAGTTCTTC,1706,8,clonotype2,clonotype2_consensus_1
AATCCAGCATACAGCT-1,True,AATCCAGCATACAGCT-1_contig_1,True,498,TRB,TRBV20-1,None,TRBJ2-3,TRBC2,True,True,CSAGASNEADTQYF,TGCAGTGCCGGAGCCTCGAATGAGGCAGATACGCAGTATTTT,2730,15,clonotype529,clonotype529_consensus_1
AATCCAGCATACAGCT-1,True,AATCCAGCATACAGCT-1_contig_2,True,615,TRA,TRAV3,None,TRAJ7,TRAC,True,True,CAVRGYGNNRLAF,TGTGCTGTGAGAGGGTATGGGAACAACAGACTCGCTTTT,233,3,clonotype529,clonotype529_consensus_2
AATCCAGCATACAGCT-1,True,AATCCAGCATACAGCT-1_contig_3,True,688,TRB,TRBV5-5,None,TRBJ1-1,TRBC1,True,True,CASSLVGRDTEAFF,TGTGCCAGCAGCCTTGTGGGGAGGGACACTGAAGCTTTCTTT,369,4,clonotype529,clonotype529_consensus_3
AATCCAGCATACAGCT-1,True,AATCCAGCATACAGCT-1_contig_4,True,309,TRA,TRAV8-6,None,TRAJ28,TRAC,True,False,CAVTKVGAGSYQLTF,TGTGCTGTGACCAAAGTGGGGGCTGGGAGTTACCAACTCACTTTC,76,2,clonotype529,None
AATCCAGCATACAGCT-1,True,AATCCAGCATACAGCT-1_contig_5,True,418,TRA,TRAV1-1,None,TRAJ23,TRAC,True,False,None,None,645,5,clonotype529,None
AATCCAGCATAGGATA-1,True,AATCCAGCATAGGATA-1_contig_1,True,488,TRA,TRAV38-2/DV8,None,TRAJ49,TRAC,True,True,CAYRSAGNQFYF,TGTGCTTATAGGAGCGCCGGTAACCAGTTCTATTTT,3613,3,clonotype530,clonotype530_consensus_1
AATCCAGCATAGGATA-1,True,AATCCAGCATAGGATA-1_contig_2,True,517,TRB,TRBV5-5,None,TRBJ1-1,TRBC1,True,True,CASSFGDSGRPEAFF,TGTGCCAGCAGCTTCGGGGACTCTGGGAGGCCTGAAGCTTTCTTT,1099,8,clonotype530,clonotype530_consensus_2
AATCCAGCATAGGATA-1,True,AATCCAGCATAGGATA-1_contig_3,True,456,TRA,None,None,TRAJ57,None,False,False,None,None,116,1,clonotype530,None
AATCCAGCATTCGACA-1,True,AATCCAGCATTCGACA-1_contig_1,True,662,TRB,TRBV5-6,None,TRBJ1-5,TRBC1,True,True,CASSFRGGANQPQHF,TGTGCCAGCAGCTTTCGAGGGGGCGCGAATCAGCCCCAGCATTTT,1833,9,clonotype36,clonotype36_consensus_1
AATCCAGGTAGTAGTA-1,True,AATCCAGGTAGTAGTA-1_contig_1,True,501,TRB,TRBV20-1,None,TRBJ1-4,TRBC1,True,True,CSARRGRSVNEKLFF,TGCAGTGCCAGGCGGGGGCGTTCCGTTAATGAAAAACTGTTTTTT,1350,4,clonotype101,clonotype101_consensus_2
AATCCAGGTAGTAGTA-1,True,AATCCAGGTAGTAGTA-1_contig_2,True,456,TRA,TRAV13-1,None,TRAJ31,TRAC,True,True,CAASISNARLMF,TGTGCAGCAAGTATAAGCAATGCCAGACTCATGTTT,555,4,clonotype101,clonotype101_consensus_1
AATCCAGGTAGTAGTA-1,True,AATCCAGGTAGTAGTA-1_contig_3,True,334,TRB,TRBV21-1,None,TRBJ2-2,TRBC2,True,False,CQRTSSPFGQENTGELFF,TGCCAGCGGACCAGCAGCCCCTTCGGGCAGGAGAACACCGGGGAGCTGTTTTTT,450,2,clonotype101,None
AATCCAGGTCATCCCT-1,True,AATCCAGGTCATCCCT-1_contig_1,True,662,TRA,TRAV8-6,None,TRAJ30,TRAC,True,True,CAVSRLNRDDKIIF,TGTGCTGTGAGCCGCTTGAACAGAGATGACAAGATCATCTTT,420,3,clonotype531,clonotype531_consensus_1
AATCCAGGTCATCCCT-1,True,AATCCAGGTCATCCCT-1_contig_2,True,690,TRB,TRBV5-5,None,TRBJ2-5,TRBC2,True,True,CASSLGGLAGKETQYF,TGTGCCAGCAGCTTGGGGGGACTAGCGGGAAAAGAGACCCAGTACTTC,2603,10,clonotype531,clonotype531_consensus_2
AATCCAGGTCTAGCCG-1,True,AATCCAGGTCTAGCCG-1_contig_1,True,505,TRA,TRAV1-2,None,TRAJ33,TRAC,True,True,CAATDSNYQLIW,TGTGCTGCGACTGATAGCAACTATCAGTTAATCTGG,721,5,clonotype1,clonotype1_consensus_2
AATCCAGGTCTAGCCG-1,True,AATCCAGGTCTAGCCG-1_contig_2,True,521,TRB,TRBV20-1,None,TRBJ2-1,TRBC2,True,True,CSARVGSEVNEQFF,TGCAGTGCTAGAGTGGGGTCGGAAGTCAATGAGCAGTTCTTC,1556,9,clonotype1,clonotype1_consensus_1
AATCCAGGTCTAGCCG-1,True,AATCCAGGTCTAGCCG-1_contig_3,True,460,TRA,TRAV10,None,TRAJ24,TRAC,True,False,None,None,572,2,clonotype1,None
AATCCAGGTCTCGTTC-1,True,AATCCAGGTCTCGTTC-1_contig_1,True,509,TRB,TRBV5-5,None,TRBJ2-7,TRBC2,True,True,CASSSLVEQGAYEQYF,TGTGCCAGCAGCTCGCTCGTAGAGCAGGGGGCCTACGAGCAGTACTTC,1395,7,clonotype179,clonotype179_consensus_1
AATCCAGGTCTCGTTC-1,True,AATCCAGGTCTCGTTC-1_contig_2,True,405,TRA,TRAV20,None,TRAJ24,TRAC,True,False,None,None,248,1,clonotype179,None
AATCCAGGTCTCGTTC-1,True,AATCCAGGTCTCGTTC-1_contig_3,True,377,TRB,None,None,TRBJ1-3,TRBC1,False,False,None,None,200,3,clonotype179,None
AATCCAGGTCTTGATG-1,True,AATCCAGGTCTTGATG-1_contig_1,True,521,TRB,TRBV20-1,None,TRBJ2-1,TRBC2,True,True,CSASYGTGQNEQFF,TGCAGTGCCTCGTATGGGACAGGGCAAAATGAGCAGTTCTTC,2534,9,clonotype102,clonotype102_consensus_2
AATCCAGGTCTTGATG-1,True,AATCCAGGTCTTGATG-1_contig_2,True,500,TRA,TRAV6,None,TRAJ43,TRAC,True,True,CAPSNENNDMRF,TGTGCTCCCTCGAATGAGAACAATGACATGCGCTTT,303,4,clonotype102,clonotype102_consensus_1
AATCCAGGTTACGGAG-1,True,AATCCAGGTTACGGAG-1_contig_1,True,527,TRB,TRBV20-1,None,TRBJ2-7,TRBC2,True,True,CSASARQRTNLLSYEQYF,TGCAGTGCTAGCGCGAGACAGCGTACGAACCTCCTATCCTACGAGCAGTACTTC,692,5,clonotype532,clonotype532_consensus_1
AATCCAGGTTACGGAG-1,True,AATCCAGGTTACGGAG-1_contig_2,True,505,TRA,TRAV26-1,None,TRAJ47,TRAC,True,False,CIVRVFPGNKLVF,TGCATCGTCAGAGTCTTCCCTGGAAACAAACTGGTCTTT,66,1,clonotype532,None
AATCCAGGTTACGGAG-1,True,AATCCAGGTTACGGAG-1_contig_3,True,488,TRA,TRAV17,None,TRAJ8,TRAC,True,False,None,None,81,2,clonotype532,None
AATCCAGGTTCACCTC-1,True,AATCCAGGTTCACCTC-1_contig_1,True,505,TRA,TRAV1-2,None,TRAJ33,TRAC,True,True,CAATDSNYQLIW,TGTGCTGCGACTGATAGCAACTATCAGTTAATCTGG,80,2,clonotype1,clonotype1_consensus_2
AATCCAGGTTCACCTC-1,True,AATCCAGGTTCACCTC-1_contig_2,True,521,TRB,TRBV20-1,None,TRBJ2-1,TRBC2,True,True,CSARVGSEVNEQFF,TGCAGTGCTAGAGTGGGGTCGGAAGTCAATGAGCAGTTCTTC,730,5,clonotype1,clonotype1_consensus_1
AATCCAGTCACATAGC-1,True,AATCCAGTCACATAGC-1_contig_1,True,554,TRA,TRAV22,None,TRAJ43,TRAC,True,True,CAVGDNDMRF,TGTGCTGTGGGAGACAATGACATGCGCTTT,1006,9,clonotype533,clonotype533_consensus_1
AATCCAGTCACATAGC-1,True,AATCCAGTCACATAGC-1_contig_2,True,530,TRB,TRBV20-1,None,TRBJ2-3,TRBC2,True,True,CSARDPTSGGPGDTQYF,TGCAGTGCTAGAGACCCGACTAGCGGGGGGCCGGGGGATACGCAGTATTTT,2128,9,clonotype533,clonotype533_consensus_2
AATCCAGTCACATAGC-1,True,AATCCAGTCACATAGC-1_contig_3,True,320,TRB,None,None,TRBJ1-2,TRBC1,False,False,None,None,587,2,clonotype533,None
AATCCAGTCATCGCTC-1,True,AATCCAGTCATCGCTC-1_contig_1,True,505,TRA,TRAV1-2,None,TRAJ33,TRAC,True,True,CAATDSNYQLIW,TGTGCTGCGACTGATAGCAACTATCAGTTAATCTGG,517,4,clonotype1,clonotype1_consensus_2
AATCCAGTCATCGCTC-1,True,AATCCAGTCATCGCTC-1_contig_2,True,498,TRB,TRBV20-1,None,TRBJ2-1,TRBC2,True,True,CSARVGSEVNEQFF,TGCAGTGCTAGAGTGGGGTCGGAAGTCAATGAGCAGTTCTTC,1171,6,clonotype1,clonotype1_consensus_1
AATCCAGTCATGGTCA-1,True,AATCCAGTCATGGTCA-1_contig_1,True,495,TRB,TRBV20-1,None,TRBJ2-5,TRBC2,True,True,CSARIPGTLKETQYF,TGCAGTGCTAGAATCCCCGGGACACTGAAGGAGACCCAGTACTTC,595,6,clonotype534,clonotype534_consensus_1
AATCCAGTCCTATTCA-1,True,AATCCAGTCCTATTCA-1_contig_1,True,523,TRA,TRAV14/DV4,None,TRAJ43,TRAC,True,True,CAMRDLNSGNDMRF,TGTGCAATGAGAGACCTAAACTCCGGCAATGACATGCGCTTT,1003,4,clonotype535,clonotype535_consensus_1
AATCCAGTCCTATTCA-1,True,AATCCAGTCCTATTCA-1_contig_2,True,527,TRB,TRBV20-1,None,TRBJ2-3,TRBC2,True,True,CSARRRGGGLSDTQYF,TGCAGTGCTAGGAGGAGGGGGGGGGGCCTGTCAGATACGCAGTATTTT,230,3,clonotype535,clonotype535_consensus_2
AATCCAGTCCTATTCA-1,True,AATCCAGTCCTATTCA-1_contig_3,True,508,TRA,TRAV23/DV6,None,TRAJ30,TRAC,True,True,CAAGMNRDDKIIF,TGTGCAGCAGGGATGAACAGAGATGACAAGATCATCTTT,2904,3,clonotype535,clonotype535_consensus_3
AATCCAGTCCTATTCA-1,True,AATCCAGTCCTATTCA-1_contig_4,True,621,TRB,TRBV19,None,TRBJ2-5,TRBC2,True,False,CHHGSTQYF,TGCCACCACGGGTCAACCCAGTACTTC,195,1,clonotype535,None
AATCCAGTCGGCATCG-1,True,AATCCAGTCGGCATCG-1_contig_1,True,498,TRB,TRBV20-1,None,TRBJ2-1,TRBC2,True,True,CSARVGSEVNEQFF,TGCAGTGCTAGAGTGGGGTCGGAAGTCAATGAGCAGTTCTTC,2802,8,clonotype2,clonotype2_consensus_1
AATCCAGTCGGCATCG-1,True,AATCCAGTCGGCATCG-1_contig_2,True,457,TRA,TRAV10,None,TRAJ24,TRAC,True,False,None,None,74,2,clonotype2,None
AATCCAGTCGTAGATC-1,True,AATCCAGTCGTAGATC-1_contig_1,True,521,TRB,TRBV20-1,None,TRBJ1-5,TRBC1,True,True,CSAPRDSSNQPQHF,TGCAGTGCTCCGAGAGACAGTAGTAATCAGCCCCAGCATTTT,3119,8,clonotype180,clonotype180_consensus_1
AATCCAGTCGTAGATC-1,True,AATCCAGTCGTAGATC-1_contig_2,True,522,TRA,TRAV6,None,TRAJ8,TRAC,True,True,CAPMNTGFQKLVF,TGTGCTCCTATGAACACAGGCTTTCAGAAACTTGTATTT,283,3,clonotype180,clonotype180_consensus_2
AATCCAGTCTCTGCTG-1,True,AATCCAGTCTCTGCTG-1_contig_1,True,505,TRA,TRAV1-2,None,TRAJ33,TRAC,True,True,CAATDSNYQLIW,TGTGCTGCGACTGATAGCAACTATCAGTTAATCTGG,1790,3,clonotype1,clonotype1_consensus_2
AATCCAGTCTCTGCTG-1,True,AATCCAGTCTCTGCTG-1_contig_2,True,521,TRB,TRBV20-1,None,TRBJ2-1,TRBC2,True,True,CSARVGSEVNEQFF,TGCAGTGCTAGAGTGGGGTCGGAAGTCAATGAGCAGTTCTTC,2602,12,clonotype1,clonotype1_consensus_1
AATCCAGTCTGTACGA-1,True,AATCCAGTCTGTACGA-1_contig_1,True,569,TRA,TRAV22,None,TRAJ35,TRAC,True,True,CAVDPTLGFGNVLHC,TGTGCTGTGGACCCGACTTTAGGCTTTGGGAATGTGCTGCATTGC,284,3,clonotype37,clonotype37_consensus_1
AATCCAGTCTGTACGA-1,True,AATCCAGTCTGTACGA-1_contig_2,True,481,TRB,TRBV5-6,None,TRBJ2-7,TRBC2,True,True,CASSLAKEQYF,TGTGCCAGCAGCTTGGCAAAGGAGCAGTACTTC,1314,5,clonotype37,clonotype37_consensus_2
AATCCAGTCTTGTATC-1,True,AATCCAGTCTTGTATC-1_contig_1,True,501,TRB,TRBV20-1,None,TRBJ2-2,TRBC2,True,True,CSARDPSQGTGELFF,TGCAGTGCTAGAGATCCCTCCCAGGGAACCGGGGAGCTGTTTTTT,1014,8,clonotype536,clonotype536_consensus_1
AATCCAGTCTTGTATC-1,True,AATCCAGTCTTGTATC-1_contig_2,True,540,TRA,TRAV16,None,TRAJ54,TRAC,True,True,CALLQGAQKLVF,TGTGCTCTCCTTCAGGGAGCCCAGAAGCTGGTATTT,1611,5,clonotype536,clonotype536_consensus_2
AATCGGTAGAAACGCC-1,True,AATCGGTAGAAACGCC-1_contig_1,True,505,TRA,TRAV1-2,None,TRAJ33,TRAC,True,True,CAATDSNYQLIW,TGTGCTGCGACTGATAGCAACTATCAGTTAATCTGG,319,2,clonotype1,clonotype1_consensus_2
AATCGGTAGAAACGCC-1,True,AATCGGTAGAAACGCC-1_contig_2,True,498,TRB,TRBV20-1,None,TRBJ2-1,TRBC2,True,True,CSARVGSEVNEQFF,TGCAGTGCTAGAGTGGGGTCGGAAGTCAATGAGCAGTTCTTC,1713,7,clonotype1,clonotype1_consensus_1
AATCGGTAGAAACGCC-1,True,AATCGGTAGAAACGCC-1_contig_3,True,457,TRA,TRAV10,None,TRAJ24,TRAC,True,False,None,None,209,2,clonotype1,None
AATCGGTAGCAGGCTA-1,True,AATCGGTAGCAGGCTA-1_contig_1,True,505,TRA,TRAV1-2,None,TRAJ33,TRAC,True,True,CAATDSNYQLIW,TGTGCTGCGACTGATAGCAACTATCAGTTAATCTGG,379,5,clonotype1,clonotype1_consensus_2
AATCGGTAGCAGGCTA-1,True,AATCGGTAGCAGGCTA-1_contig_2,True,521,TRB,TRBV20-1,None,TRBJ2-1,TRBC2,True,True,CSARVGSEVNEQFF,TGCAGTGCTAGAGTGGGGTCGGAAGTCAATGAGCAGTTCTTC,877,7,clonotype1,clonotype1_consensus_1
AATCGGTAGCAGGCTA-1,True,AATCGGTAGCAGGCTA-1_contig_3,True,456,TRA,TRAV10,None,TRAJ24,TRAC,True,False,None,None,777,3,clonotype1,None
AATCGGTAGCTAGTCT-1,True,AATCGGTAGCTAGTCT-1_contig_1,True,502,TRA,TRAV1-2,None,TRAJ30,TRAC,True,True,CAVRDLREIIF,TGTGCTGTGAGAGATCTTCGGGAGATCATCTTT,530,2,clonotype3,clonotype3_consensus_2
AATCGGTAGCTAGTCT-1,True,AATCGGTAGCTAGTCT-1_contig_2,True,526,TRB,TRBV5-5,None,TRBJ1-4,TRBC1,True,True,CASSHPGPNYATNEKLFF,TGTGCCAGCAGCCATCCCGGACCGAACTACGCAACTAATGAAAAACTGTTTTTT,212,5,clonotype3,clonotype3_consensus_1
AATCGGTAGGTGGGTT-1,True,AATCGGTAGGTGGGTT-1_contig_1,True,732,TRB,TRBV5-5,None,TRBJ2-1,TRBC2,True,True,CASSLVGGSGGLSYNEQFF,TGTGCCAGCAGCTTGGTTGGGGGTAGCGGGGGCCTCTCCTACAATGAGCAGTTCTTC,3090,14,clonotype537,clonotype537_consensus_1
AATCGGTAGTGGGATC-1,True,AATCGGTAGTGGGATC-1_contig_1,True,501,TRB,TRBV20-1,None,TRBJ2-1,TRBC2,True,True,CSARVPGATYNEQFF,TGCAGTGCTAGAGTCCCCGGGGCTACCTACAATGAGCAGTTCTTC,1814,8,clonotype538,clonotype538_consensus_2
AATCGGTAGTGGGATC-1,True,AATCGGTAGTGGGATC-1_contig_2,True,618,TRA,TRAV3,None,TRAJ26,TRAC,True,True,CAVRDWNYGQNFVF,TGTGCTGTGAGAGACTGGAACTATGGTCAGAATTTTGTCTTT,425,4,clonotype538,clonotype538_consensus_1
AATCGGTAGTGGGATC-1,True,AATCGGTAGTGGGATC-1_contig_3,True,452,TRA,TRAV4,None,TRAJ5,TRAC,True,False,CTTASWVTMDTGRRALTF,TGTACTACTGCCTCGTGGGTGACCATGGACACGGGCAGGAGAGCACTTACTTTT,214,1,clonotype538,None
AATCGGTAGTTCGATC-1,True,AATCGGTAGTTCGATC-1_contig_1,True,465,TRA,TRAV13-1,None,TRAJ39,TRAC,True,True,CAASSGNNAGNMLTF,TGTGCAGCAAGTAGTGGTAATAATGCAGGCAACATGCTCACCTTT,106,2,clonotype539,clonotype539_consensus_1
AATCGGTAGTTCGATC-1,True,AATCGGTAGTTCGATC-1_contig_2,True,495,TRA,TRAV13-2,None,TRAJ39,TRAC,True,True,CASKGGNNAGNMLTF,TGTGCGTCCAAAGGGGGTAATAATGCAGGCAACATGCTCACCTTT,159,1,clonotype539,clonotype539_consensus_3
AATCGGTAGTTCGATC-1,True,AATCGGTAGTTCGATC-1_contig_3,True,498,TRB,TRBV20-1,None,TRBJ1-1,TRBC1,True,True,CSSPPRRGRGGAFF,TGCAGTTCCCCACCACGTCGGGGGCGGGGGGGGGCTTTCTTT,701,7,clonotype539,clonotype539_consensus_2
AATCGGTCAACTTGAC-1,True,AATCGGTCAACTTGAC-1_contig_1,True,505,TRA,TRAV1-2,None,TRAJ33,TRAC,True,True,CAATDSNYQLIW,TGTGCTGCGACTGATAGCAACTATCAGTTAATCTGG,758,4,clonotype1,clonotype1_consensus_2
AATCGGTCAACTTGAC-1,True,AATCGGTCAACTTGAC-1_contig_2,True,498,TRB,TRBV20-1,None,TRBJ2-1,TRBC2,True,True,CSARVGSEVNEQFF,TGCAGTGCTAGAGTGGGGTCGGAAGTCAATGAGCAGTTCTTC,1066,6,clonotype1,clonotype1_consensus_1
AATCGGTCACTTAAGC-1,True,AATCGGTCACTTAAGC-1_contig_1,True,527,TRB,TRBV20-1,None,TRBJ1-1,TRBC1,True,True,CSAREPGGDRATEAFF,TGCAGTGCTAGAGAACCAGGGGGCGATAGGGCCACTGAAGCTTTCTTT,1961,17,clonotype540,clonotype540_consensus_1
AATCGGTCACTTAAGC-1,True,AATCGGTCACTTAAGC-1_contig_2,True,568,TRA,TRAV19,None,TRAJ29,TRAC,True,True,CALSEPYSGNTPLVF,TGTGCTCTGAGTGAGCCTTATTCAGGAAACACACCTCTTGTCTTT,1125,5,clonotype540,clonotype540_consensus_2
AATCGGTCAGGAACGT-1,True,AATCGGTCAGGAACGT-1_contig_1,True,505,TRA,TRAV38-1,None,TRAJ26,TRAC,True,True,CAFTSYGQNFVF,TGTGCTTTCACCTCATATGGTCAGAATTTTGTCTTT,101,1,clonotype14,clonotype14_consensus_1
AATCGGTCAGGAACGT-1,True,AATCGGTCAGGAACGT-1_contig_2,True,521,TRB,TRBV20-1,None,TRBJ2-3,TRBC2,True,True,CSARPDTSTDTQYF,TGCAGTGCCCGTCCTGATACTAGCACAGATACGCAGTATTTT,1343,8,clonotype14,clonotype14_consensus_2
AATCGGTCAGGATTGG-1,True,AATCGGTCAGGATTGG-1_contig_1,True,498,TRB,TRBV20-1,None,TRBJ2-1,TRBC2,True,True,CSARVGSEVNEQFF,TGCAGTGCTAGAGTGGGGTCGGAAGTCAATGAGCAGTTCTTC,1001,6,clonotype2,clonotype2_consensus_1
AATCGGTCATGGGAAC-1,True,AATCGGTCATGGGAAC-1_contig_1,True,486,TRB,TRBV20-1,None,TRBJ2-5,TRBC2,True,True,CSAPQETQYF,TGCAGTGCTCCGCAAGAGACCCAGTACTTC,2695,12,clonotype541,clonotype541_consensus_1
AATCGGTCATGGGAAC-1,True,AATCGGTCATGGGAAC-1_contig_2,True,541,TRA,TRAV12-2,None,TRAJ29,TRAC,True,True,CAVNKGNTPLVF,TGTGCCGTGAACAAGGGAAACACACCTCTTGTCTTT,1310,5,clonotype541,clonotype541_consensus_2
AATCGGTCATGGGAAC-1,True,AATCGGTCATGGGAAC-1_contig_3,True,465,TRA,TRAV10,None,TRAJ6,TRAC,True,False,CVVSGGGLSGGSYIPTF,TGTGTGGTGAGCGGGGGGGGCTTATCAGGAGGAAGCTACATACCTACATTT,126,3,clonotype541,None
AATCGGTCATGGGAAC-1,True,AATCGGTCATGGGAAC-1_contig_4,True,477,TRB,TRBV11-3,None,TRBJ1-1,TRBC1,True,False,CASTP,TGTGCCAGCACCCCA,374,2,clonotype541,None
AATCGGTCATTGGTAC-1,True,AATCGGTCATTGGTAC-1_contig_1,True,515,TRB,TRBV20-1,None,TRBJ1-2,TRBC1,True,True,CSASRPNYGYTF,TGCAGTGCTAGCAGGCCCAACTATGGCTACACCTTC,2776,10,clonotype542,clonotype542_consensus_1
AATCGGTCATTGGTAC-1,True,AATCGGTCATTGGTAC-1_contig_2,True,514,TRA,TRAV29/DV5,None,TRAJ48,TRAC,True,True,CAASGNFGNEKLTF,TGTGCAGCAAGCGGTAACTTTGGAAATGAGAAATTAACCTTT,1240,7,clonotype542,clonotype542_consensus_2
AATCGGTGTGATAAGT-1,True,AATCGGTGTGATAAGT-1_contig_1,True,504,TRA,TRAV20,None,TRAJ57,TRAC,True,True,CAVQLTQGGSEKLVF,TGTGCTGTGCAGTTAACTCAGGGCGGATCTGAAAAGCTGGTCTTT,483,3,clonotype42,clonotype42_consensus_1
AATCGGTGTGATAAGT-1,True,AATCGGTGTGATAAGT-1_contig_2,True,528,TRB,TRBV5-5,None,TRBJ1-2,TRBC1,True,True,CASSPLMYGGGTGYTF,TGTGCCAGCAGCCCTTTAATGTACGGGGGTGGAACTGGCTACACCTTC,1503,5,clonotype42,clonotype42_consensus_2
AATCGGTGTGATAAGT-1,True,AATCGGTGTGATAAGT-1_contig_3,True,413,TRA,TRAV25,None,TRAJ52,TRAC,True,False,None,None,426,4,clonotype42,None
AATCGGTGTGCCTGGT-1,True,AATCGGTGTGCCTGGT-1_contig_1,True,515,TRA,TRAV12-1,None,TRAJ45,TRAC,True,True,CVGSQSGGADGLTF,TGTGTGGGATCCCAATCAGGAGGTGCTGACGGACTCACCTTT,738,6,clonotype543,clonotype543_consensus_2
AATCGGTGTGCCTGGT-1,True,AATCGGTGTGCCTGGT-1_contig_2,True,482,TRB,TRBV20-1,None,TRBJ2-1,TRBC2,True,True,CSAPRFRDNEQFF,TGCAGTGCACCCCGGTTTAGGGATAATGAGCAGTTCTTC,1635,6,clonotype543,clonotype543_consensus_1
AATCGGTGTGCCTGGT-1,True,AATCGGTGTGCCTGGT-1_contig_3,True,504,TRB,TRBV20-1,None,TRBJ2-1,TRBC2,True,True,CSARGTKGLAGTEQFF,TGCAGTGCTAGAGGAACTAAGGGACTAGCGGGGACTGAGCAGTTCTTC,6876,2,clonotype543,clonotype543_consensus_3
AATCGGTGTGGCGAAT-1,True,AATCGGTGTGGCGAAT-1_contig_1,True,564,TRA,TRAV12-1,None,TRAJ42,TRAC,True,True,CVVRRGYGGSQGNLIF,TGTGTGGTGAGACGGGGTTATGGAGGAAGCCAAGGAAATCTCATCTTT,1208,7,clonotype544,clonotype544_consensus_1
AATCGGTGTGGCGAAT-1,True,AATCGGTGTGGCGAAT-1_contig_2,True,521,TRB,TRBV20-1,None,TRBJ2-1,TRBC2,True,True,CSAPRGSSYNEQFF,TGCAGTGCGCCTCGGGGGAGCTCCTACAATGAGCAGTTCTTC,2062,7,clonotype544,clonotype544_consensus_2
AATCGGTGTTCAGCGC-1,True,AATCGGTGTTCAGCGC-1_contig_1,True,505,TRA,TRAV1-2,None,TRAJ33,TRAC,True,True,CAATDSNYQLIW,TGTGCTGCGACTGATAGCAACTATCAGTTAATCTGG,738,4,clonotype1,clonotype1_consensus_2
AATCGGTGTTCAGCGC-1,True,AATCGGTGTTCAGCGC-1_contig_2,True,498,TRB,TRBV20-1,None,TRBJ2-1,TRBC2,True,True,CSARVGSEVNEQFF,TGCAGTGCTAGAGTGGGGTCGGAAGTCAATGAGCAGTTCTTC,1161,7,clonotype1,clonotype1_consensus_1
AATCGGTGTTGGAGGT-1,True,AATCGGTGTTGGAGGT-1_contig_1,True,505,TRA,TRAV1-2,None,TRAJ33,TRAC,True,True,CAATDSNYQLIW,TGTGCTGCGACTGATAGCAACTATCAGTTAATCTGG,182,1,clonotype1,clonotype1_consensus_2
AATCGGTGTTGGAGGT-1,True,AATCGGTGTTGGAGGT-1_contig_2,True,521,TRB,TRBV20-1,None,TRBJ2-1,TRBC2,True,True,CSARVGSEVNEQFF,TGCAGTGCTAGAGTGGGGTCGGAAGTCAATGAGCAGTTCTTC,530,6,clonotype1,clonotype1_consensus_1
AATCGGTTCACTTCAT-1,True,AATCGGTTCACTTCAT-1_contig_1,True,518,TRB,TRBV20-1,None,TRBJ2-5,TRBC2,True,True,CSARQTEQETQYF,TGCAGTGCAAGACAGACGGAGCAAGAGACCCAGTACTTC,2332,8,clonotype545,clonotype545_consensus_1
AATCGGTTCACTTCAT-1,True,AATCGGTTCACTTCAT-1_contig_2,True,505,TRA,TRAV20,None,TRAJ36,TRAC,True,True,CAVEAAGANNLFF,TGTGCTGTGGAAGCGGCTGGGGCAAACAACCTCTTCTTT,1655,7,clonotype545,clonotype545_consensus_2
AATCGGTTCACTTCAT-1,True,AATCGGTTCACTTCAT-1_contig_3,True,315,TRB,None,None,TRBJ2-4,TRBC2,False,False,None,None,795,3,clonotype545,None
AATCGGTTCAGCTCTC-1,True,AATCGGTTCAGCTCTC-1_contig_1,True,495,TRA,TRAV9-2,None,TRAJ39,TRAC,True,True,CALRRNNAGNMLTF,TGTGCTCTGAGACGTAATAATGCAGGCAACATGCTCACCTTT,599,4,clonotype103,clonotype103_consensus_1
AATCGGTTCAGCTCTC-1,True,AATCGGTTCAGCTCTC-1_contig_2,True,501,TRB,TRBV20-1,None,TRBJ2-1,TRBC2,True,True,CSAEYLAGGLNEQFF,TGCAGTGCCGAGTACCTAGCGGGGGGGCTGAATGAGCAGTTCTTC,1691,9,clonotype103,clonotype103_consensus_2
AATCGGTTCAGCTCTC-1,True,AATCGGTTCAGCTCTC-1_contig_3,True,509,TRB,TRBV6-1,None,TRBJ2-3,TRBC2,True,True,CASRRTSVGTDTQYF,TGTGCCAGCAGGCGGACTAGCGTCGGCACAGATACGCAGTATTTT,778,5,clonotype103,clonotype103_consensus_3
AATCGGTTCAGCTCTC-1,True,AATCGGTTCAGCTCTC-1_contig_4,True,543,TRA,TRAV29/DV5,None,TRAJ5,None,True,False,CSKRQTGRRALTF,TGCAGCAAGCGGCAGACGGGCAGGAGAGCACTTACTTTT,558,1,clonotype103,None
AATCGGTTCAGTGTTG-1,True,AATCGGTTCAGTGTTG-1_contig_1,True,518,TRB,TRBV20-1,None,TRBJ2-3,TRBC2,True,True,CSIRTVSTDTQYF,TGCAGCATAAGGACAGTTAGCACAGATACGCAGTATTTT,741,7,clonotype546,clonotype546_consensus_1
AATCGGTTCAGTGTTG-1,True,AATCGGTTCAGTGTTG-1_contig_2,True,446,TRA,TRAV9-2,None,TRAJ44,TRAC,True,True,CAPFTGTASKLTF,TGTGCTCCCTTTACCGGCACTGCCAGTAAACTCACCTTT,317,4,clonotype546,clonotype546_consensus_2
ACACCAAAGATGCCAG-1,True,ACACCAAAGATGCCAG-1_contig_1,True,527,TRB,TRBV20-1,None,TRBJ2-3,TRBC2,True,True,CSARKLAGAQADTQYF,TGCAGTGCTAGAAAGCTAGCGGGAGCTCAAGCAGATACGCAGTATTTT,3014,20,clonotype547,clonotype547_consensus_1
ACACCAAAGCGAGAAA-1,True,ACACCAAAGCGAGAAA-1_contig_1,True,533,TRB,TRBV20-1,None,TRBJ2-1,TRBC2,True,True,CSARDVRHGSGGNNEQFF,TGCAGTGCTAGAGATGTAAGACATGGGTCCGGGGGGAACAATGAGCAGTTCTTC,2939,11,clonotype548,clonotype548_consensus_2
ACACCAAAGCGAGAAA-1,True,ACACCAAAGCGAGAAA-1_contig_2,True,490,TRA,TRAV38-1,None,TRAJ17,TRAC,True,True,CAFIKAAGNKLTF,TGTGCTTTCATCAAAGCTGCAGGCAACAAGCTAACTTTT,1748,7,clonotype548,clonotype548_consensus_1
ACACCAAAGGCCCTCA-1,True,ACACCAAAGGCCCTCA-1_contig_1,True,473,TRB,TRBV20-1,None,TRBJ2-1,TRBC2,True,True,CSARVGSEVNEQFF,TGCAGTGCTAGAGTGGGGTCGGAAGTCAATGAGCAGTTCTTC,1470,6,clonotype2,clonotype2_consensus_1
ACACCAAAGGCCCTCA-1,True,ACACCAAAGGCCCTCA-1_contig_2,True,467,TRA,TRAV10,None,TRAJ24,TRAC,True,False,None,None,361,1,clonotype2,None
ACACCAAAGGCTATCT-1,True,ACACCAAAGGCTATCT-1_contig_1,True,521,TRB,TRBV20-1,None,TRBJ2-5,TRBC2,True,True,CSARDPQAGETQYF,TGCAGTGCTAGAGATCCCCAAGCCGGGGAGACCCAGTACTTC,8558,9,clonotype549,clonotype549_consensus_2
ACACCAAAGGCTATCT-1,True,ACACCAAAGGCTATCT-1_contig_2,True,508,TRA,TRAV23/DV6,None,TRAJ27,TRAC,True,True,CAASIGNAGKSTF,TGTGCAGCAAGCATCGGCAATGCAGGCAAATCAACCTTT,936,4,clonotype549,clonotype549_consensus_1
ACACCAAAGGCTATCT-1,True,ACACCAAAGGCTATCT-1_contig_3,True,328,TRA,TRAV8-1,None,None,TRAC,False,False,None,None,327,4,clonotype549,None
ACACCAAAGGGATGGG-1,True,ACACCAAAGGGATGGG-1_contig_1,True,505,TRA,TRAV1-2,None,TRAJ33,TRAC,True,True,CAATDSNYQLIW,TGTGCTGCGACTGATAGCAACTATCAGTTAATCTGG,608,3,clonotype1,clonotype1_consensus_2
ACACCAAAGGGATGGG-1,True,ACACCAAAGGGATGGG-1_contig_2,True,521,TRB,TRBV20-1,None,TRBJ2-1,TRBC2,True,True,CSARVGSEVNEQFF,TGCAGTGCTAGAGTGGGGTCGGAAGTCAATGAGCAGTTCTTC,3571,12,clonotype1,clonotype1_consensus_1
ACACCAAAGTCCGGTC-1,True,ACACCAAAGTCCGGTC-1_contig_1,True,498,TRB,TRBV20-1,None,TRBJ2-1,TRBC2,True,True,CSARVGSEVNEQFF,TGCAGTGCTAGAGTGGGGTCGGAAGTCAATGAGCAGTTCTTC,2572,9,clonotype2,clonotype2_consensus_1
ACACCAAAGTCTCAAC-1,True,ACACCAAAGTCTCAAC-1_contig_1,True,505,TRA,TRAV1-2,None,TRAJ33,TRAC,True,True,CAATDSNYQLIW,TGTGCTGCGACTGATAGCAACTATCAGTTAATCTGG,233,2,clonotype1,clonotype1_consensus_2
ACACCAAAGTCTCAAC-1,True,ACACCAAAGTCTCAAC-1_contig_2,True,521,TRB,TRBV20-1,None,TRBJ2-1,TRBC2,True,True,CSARVGSEVNEQFF,TGCAGTGCTAGAGTGGGGTCGGAAGTCAATGAGCAGTTCTTC,2098,6,clonotype1,clonotype1_consensus_1
ACACCAAAGTCTCAAC-1,True,ACACCAAAGTCTCAAC-1_contig_3,True,498,TRA,TRAV10,None,TRAJ24,TRAC,True,False,None,None,533,2,clonotype1,None
ACACCAAAGTGGTAGC-1,True,ACACCAAAGTGGTAGC-1_contig_1,True,505,TRA,TRAV1-2,None,TRAJ33,TRAC,True,True,CAATDSNYQLIW,TGTGCTGCGACTGATAGCAACTATCAGTTAATCTGG,5843,4,clonotype1,clonotype1_consensus_2
ACACCAAAGTGGTAGC-1,True,ACACCAAAGTGGTAGC-1_contig_2,True,521,TRB,TRBV20-1,None,TRBJ2-1,TRBC2,True,True,CSARVGSEVNEQFF,TGCAGTGCTAGAGTGGGGTCGGAAGTCAATGAGCAGTTCTTC,2849,9,clonotype1,clonotype1_consensus_1
ACACCAAAGTGGTAGC-1,True,ACACCAAAGTGGTAGC-1_contig_3,True,465,TRA,TRAV10,None,TRAJ24,TRAC,True,False,None,None,313,2,clonotype1,None
ACACCAACACGTGAGA-1,True,ACACCAACACGTGAGA-1_contig_1,True,517,TRB,TRBV20-1,None,TRBJ2-1,TRBC2,True,True,CSARSPLAFHYNEQFF,TGCAGTGCTAGGTCACCTCTAGCTTTCCACTACAATGAGCAGTTCTTC,1950,13,clonotype550,clonotype550_consensus_2
ACACCAACACGTGAGA-1,True,ACACCAACACGTGAGA-1_contig_2,True,488,TRA,TRAV9-2,None,TRAJ49,TRAC,True,True,CALSDQTGNQFYF,TGTGCTCTGAGTGATCAGACCGGTAACCAGTTCTATTTT,800,3,clonotype550,clonotype550_consensus_1
ACACCAACATGCGCAC-1,True,ACACCAACATGCGCAC-1_contig_1,True,505,TRA,TRAV1-2,None,TRAJ33,TRAC,True,True,CAATDSNYQLIW,TGTGCTGCGACTGATAGCAACTATCAGTTAATCTGG,406,1,clonotype1,clonotype1_consensus_2
ACACCAACATGCGCAC-1,True,ACACCAACATGCGCAC-1_contig_2,True,521,TRB,TRBV20-1,None,TRBJ2-1,TRBC2,True,True,CSARVGSEVNEQFF,TGCAGTGCTAGAGTGGGGTCGGAAGTCAATGAGCAGTTCTTC,1044,7,clonotype1,clonotype1_consensus_1
ACACCAACATGCGCAC-1,True,ACACCAACATGCGCAC-1_contig_3,True,465,TRA,TRAV10,None,TRAJ24,TRAC,True,False,None,None,177,1,clonotype1,None
ACACCAAGTAAGGGAA-1,True,ACACCAAGTAAGGGAA-1_contig_1,True,553,TRA,TRAV12-2,None,TRAJ45,TRAC,True,True,CAVNLRRGGGADGLTF,TGTGCCGTGAACCTCCGACGGGGAGGAGGTGCTGACGGACTCACCTTT,1258,5,clonotype72,clonotype72_consensus_1
ACACCAAGTAAGGGAA-1,True,ACACCAAGTAAGGGAA-1_contig_2,True,672,TRB,TRBV5-5,None,TRBJ1-2,TRBC1,True,True,CASSLEPRDRGSTF,TGTGCCAGCAGCTTGGAGCCCCGGGACAGGGGATCCACCTTC,1585,11,clonotype72,clonotype72_consensus_2
ACACCAAGTAGAGCTG-1,True,ACACCAAGTAGAGCTG-1_contig_1,True,505,TRA,TRAV1-2,None,TRAJ33,TRAC,True,True,CAATDSNYQLIW,TGTGCTGCGACTGATAGCAACTATCAGTTAATCTGG,672,2,clonotype1,clonotype1_consensus_2
ACACCAAGTAGAGCTG-1,True,ACACCAAGTAGAGCTG-1_contig_2,True,516,TRB,TRBV20-1,None,TRBJ2-1,TRBC2,True,True,CSARVGSEVNEQFF,TGCAGTGCTAGAGTGGGGTCGGAAGTCAATGAGCAGTTCTTC,2823,10,clonotype1,clonotype1_consensus_1
ACACCAAGTAGAGCTG-1,True,ACACCAAGTAGAGCTG-1_contig_3,True,465,TRA,TRAV10,None,TRAJ24,TRAC,True,False,None,None,405,1,clonotype1,None
ACACCAAGTCTGGTCG-1,True,ACACCAAGTCTGGTCG-1_contig_1,True,515,TRB,TRBV20-1,None,TRBJ1-2,TRBC1,True,True,CSRWGPGGGYTF,TGCAGTCGCTGGGGACCCGGGGGTGGCTACACCTTC,1692,9,clonotype551,clonotype551_consensus_1
ACACCAAGTCTGGTCG-1,True,ACACCAAGTCTGGTCG-1_contig_2,True,662,TRA,TRAV8-6,None,TRAJ4,TRAC,True,True,CAVSDDGGYNKLIF,TGTGCTGTGAGTGACGATGGTGGCTACAATAAGCTGATTTTT,880,7,clonotype551,clonotype551_consensus_2
ACACCAAGTGAGGGAG-1,True,ACACCAAGTGAGGGAG-1_contig_1,True,485,TRB,TRBV20-1,None,TRBJ2-1,TRBC2,True,True,CSARVGSEVNEQFF,TGCAGTGCTAGAGTGGGGTCGGAAGTCAATGAGCAGTTCTTC,2177,7,clonotype2,clonotype2_consensus_1
ACACCAAGTGAGGGAG-1,True,ACACCAAGTGAGGGAG-1_contig_2,True,467,TRA,TRAV10,None,TRAJ24,TRAC,True,False,None,None,362,3,clonotype2,None
ACACCAAGTTAAGGGC-1,True,ACACCAAGTTAAGGGC-1_contig_1,True,548,TRA,TRAV12-1,None,TRAJ20,TRAC,True,True,CVVKRDYKLSF,TGTGTGGTGAAGCGGGACTACAAGCTCAGCTTT,1628,8,clonotype552,clonotype552_consensus_2
ACACCAAGTTAAGGGC-1,True,ACACCAAGTTAAGGGC-1_contig_2,True,710,TRB,TRBV5-6,None,TRBJ1-2,TRBC1,True,True,CASSLGPDGGNYGYTF,TGTGCCAGCAGCTTGGGACCGGACGGCGGCAACTATGGCTACACCTTC,723,4,clonotype552,clonotype552_consensus_1
ACACCAAGTTAAGGGC-1,True,ACACCAAGTTAAGGGC-1_contig_3,True,503,TRA,TRAV1-2,None,TRAJ26,TRAC,True,False,CAVNGWSEF,TGTGCTGTGAACGGATGGTCAGAATTT,301,2,clonotype552,None
ACACCAAGTTGTGGCC-1,True,ACACCAAGTTGTGGCC-1_contig_1,True,621,TRA,TRAV3,None,TRAJ10,TRAC,True,True,CAVRALTGGGNKLTF,TGTGCTGTGAGAGCCCTCACGGGAGGAGGAAACAAACTCACCTTT,1002,6,clonotype553,clonotype553_consensus_1
ACACCAAGTTGTGGCC-1,True,ACACCAAGTTGTGGCC-1_contig_2,True,442,TRA,TRAV17,None,TRAJ3,TRAC,True,False,None,None,887,2,clonotype553,None
ACACCAAGTTTGACAC-1,True,ACACCAAGTTTGACAC-1_contig_1,True,502,TRA,TRAV1-2,None,TRAJ30,TRAC,True,True,CAVRDLREIIF,TGTGCTGTGAGAGATCTTCGGGAGATCATCTTT,445,5,clonotype3,clonotype3_consensus_2
ACACCAAGTTTGACAC-1,True,ACACCAAGTTTGACAC-1_contig_2,True,519,TRB,TRBV5-5,None,TRBJ1-4,TRBC1,True,True,CASSHPGPNYATNEKLFF,TGTGCCAGCAGCCATCCCGGACCGAACTACGCAACTAATGAAAAACTGTTTTTT,971,5,clonotype3,clonotype3_consensus_1
ACACCAATCGTCCAGG-1,True,ACACCAATCGTCCAGG-1_contig_1,True,511,TRA,TRAV17,None,TRAJ54,TRAC,True,True,CATGPIQGAQKLVF,TGTGCTACGGGGCCTATTCAGGGAGCCCAGAAGCTGGTATTT,1070,4,clonotype181,clonotype181_consensus_1
ACACCAATCGTCCAGG-1,True,ACACCAATCGTCCAGG-1_contig_2,True,533,TRB,TRBV20-1,None,TRBJ1-5,TRBC1,True,True,CSARDRYRGPDSNQPQHF,TGCAGTGCTAGAGATCGATACAGGGGGCCCGATAGCAATCAGCCCCAGCATTTT,2354,12,clonotype181,clonotype181_consensus_3
ACACCAATCGTCCAGG-1,True,ACACCAATCGTCCAGG-1_contig_3,True,504,TRA,TRAV21,None,TRAJ52,TRAC,True,True,CAVGDAGGTSYGKLTF,TGTGCTGTGGGTGATGCTGGTGGTACTAGCTATGGAAAGCTGACATTT,763,3,clonotype181,clonotype181_consensus_2
ACACCCTAGAGCCCAA-1,True,ACACCCTAGAGCCCAA-1_contig_1,True,530,TRB,TRBV20-1,None,TRBJ2-5,TRBC2,True,True,CSAWGGRTGGRVGETQYF,TGCAGTGCCTGGGGGGGACGGACAGGGGGCAGGGTAGGAGAGACCCAGTACTTC,7494,26,clonotype554,clonotype554_consensus_1
ACACCCTAGAGCCCAA-1,True,ACACCCTAGAGCCCAA-1_contig_2,True,502,Multi,TRDV1,None,TRAJ49,TRAC,True,False,CALGESTGNQFYF,TGTGCTCTTGGGGAATCCACCGGTAACCAGTTCTATTTT,4598,11,clonotype554,None
ACACCCTAGAGGACGG-1,True,ACACCCTAGAGGACGG-1_contig_1,True,524,TRB,TRBV20-1,None,TRBJ1-4,TRBC1,True,True,CSARDLGGSYEKLFF,TGCAGTGCTAGAGATCTGGGGGGGTCCTATGAAAAACTGTTTTTT,2243,15,clonotype555,clonotype555_consensus_1
ACACCCTAGAGGACGG-1,True,ACACCCTAGAGGACGG-1_contig_2,True,517,TRA,TRAV14/DV4,None,TRAJ53,TRAC,True,True,CAMSGSNYKLTF,TGTGCAATGAGTGGTAGCAACTATAAACTGACATTT,262,1,clonotype555,clonotype555_consensus_2
ACACCCTAGAGGACGG-1,True,ACACCCTAGAGGACGG-1_contig_3,True,577,TRA,TRAV8-4,None,TRAJ44,TRAC,True,False,None,None,142,1,clonotype555,None
ACACCCTAGATCCTGT-1,True,ACACCCTAGATCCTGT-1_contig_1,True,505,TRA,TRAV1-2,None,TRAJ33,TRAC,True,True,CAATDSNYQLIW,TGTGCTGCGACTGATAGCAACTATCAGTTAATCTGG,2331,6,clonotype1,clonotype1_consensus_2
ACACCCTAGATCCTGT-1,True,ACACCCTAGATCCTGT-1_contig_2,True,492,TRB,TRBV20-1,None,TRBJ2-1,TRBC2,True,True,CSARVGSEVNEQFF,TGCAGTGCTAGAGTGGGGTCGGAAGTCAATGAGCAGTTCTTC,767,10,clonotype1,clonotype1_consensus_1
ACACCCTAGGCAGGTT-1,True,ACACCCTAGGCAGGTT-1_contig_1,True,507,TRA,TRAV6,None,TRAJ21,TRAC,True,True,CALDTEYNFNKFYF,TGTGCTCTAGACACCGAATACAACTTCAACAAATTTTACTTT,155,6,clonotype556,clonotype556_consensus_1
ACACCCTAGGCAGGTT-1,True,ACACCCTAGGCAGGTT-1_contig_2,True,706,TRB,TRBV5-6,None,TRBJ1-1,TRBC1,True,True,CASSELGPPDRGLPWAFF,TGTGCCAGCAGCGAATTGGGCCCCCCGGACAGGGGGCTCCCGTGGGCTTTCTTT,1278,11,clonotype556,clonotype556_consensus_2
ACACCCTAGTGGTAAT-1,True,ACACCCTAGTGGTAAT-1_contig_1,True,511,TRA,TRAV23/DV6,None,TRAJ57,TRAC,True,True,CAASTQGGSEKLVF,TGTGCAGCAAGCACCCAGGGCGGATCTGAAAAGCTGGTCTTT,643,5,clonotype557,clonotype557_consensus_1
ACACCCTAGTGGTAAT-1,True,ACACCCTAGTGGTAAT-1_contig_2,True,496,TRB,TRBV20-1,None,TRBJ1-2,TRBC1,True,True,CSGDRSHGYTF,TGCAGTGGAGACAGGAGTCACGGCTACACCTTC,1050,4,clonotype557,clonotype557_consensus_2
ACACCCTCAAAGCAAT-1,True,ACACCCTCAAAGCAAT-1_contig_1,True,508,TRA,TRAV20,None,TRAJ29,TRAC,True,True,CAVQAARGNTPLVF,TGTGCTGTGCAGGCCGCGAGGGGAAACACACCTCTTGTCTTT,317,1,clonotype558,clonotype558_consensus_1
ACACCCTCAAAGCAAT-1,True,ACACCCTCAAAGCAAT-1_contig_2,True,518,TRB,TRBV20-1,None,TRBJ1-5,TRBC1,True,True,CSATGGGVAPQHF,TGCAGTGCTACGGGGGGCGGTGTTGCGCCCCAGCATTTT,1781,7,clonotype558,clonotype558_consensus_3
ACACCCTCAAAGCAAT-1,True,ACACCCTCAAAGCAAT-1_contig_3,True,556,TRA,TRAV8-1,None,TRAJ24,TRAC,True,True,CAVTATDSWGKLQF,TGTGCCGTGACCGCAACTGACAGCTGGGGGAAATTGCAGTTT,76,4,clonotype558,clonotype558_consensus_2
ACACCCTCACTGTCGG-1,True,ACACCCTCACTGTCGG-1_contig_1,True,574,TRA,TRAV29/DV5,None,TRAJ39,TRAC,True,True,CAASANNNAGNMLTF,TGTGCAGCAAGCGCGAATAATAATGCAGGCAACATGCTCACCTTT,561,4,clonotype182,clonotype182_consensus_2
ACACCCTCACTGTCGG-1,True,ACACCCTCACTGTCGG-1_contig_2,True,484,TRB,TRBV5-6,None,TRBJ1-6,TRBC1,True,True,CASSLGIDLYNSPLHF,TGTGCCAGCAGCTTGGGAATAGATCTCTATAATTCACCCCTCCACTTT,2254,11,clonotype182,clonotype182_consensus_1
ACACCCTCATGGTTGT-1,True,ACACCCTCATGGTTGT-1_contig_1,True,605,TRA,TRAV8-2,None,TRAJ33,TRAC,True,True,CVVSEDSNYQLIW,TGTGTTGTGAGTGAGGATAGCAACTATCAGTTAATCTGG,1266,5,clonotype559,clonotype559_consensus_1
ACACCCTCATGGTTGT-1,True,ACACCCTCATGGTTGT-1_contig_2,True,512,TRB,TRBV5-5,None,TRBJ2-7,TRBC2,True,True,CASSVLAGPSYEQYF,TGTGCCAGCAGCGTACTAGCGGGGCCCTCCTACGAGCAGTACTTC,3528,10,clonotype559,clonotype559_consensus_2
ACACCCTCATTGGCGC-1,True,ACACCCTCATTGGCGC-1_contig_1,True,518,TRB,TRBV20-1,None,TRBJ2-3,TRBC2,True,True,CSAGLAGADTQYF,TGCAGTGCCGGACTAGCGGGCGCAGATACGCAGTATTTT,675,5,clonotype560,clonotype560_consensus_1
ACACCCTGTACTCAAC-1,True,ACACCCTGTACTCAAC-1_contig_1,True,509,TRA,TRAV13-2,None,TRAJ13,TRAC,True,True,CAESVGGYQKVTF,TGTGCAGAGTCAGTAGGGGGTTACCAGAAAGTTACCTTT,1779,8,clonotype561,clonotype561_consensus_1
ACACCCTGTACTCAAC-1,True,ACACCCTGTACTCAAC-1_contig_2,True,524,TRB,TRBV20-1,None,TRBJ2-7,TRBC2,True,True,CSARVPGTSSEEQYF,TGCAGTGCTAGAGTTCCCGGGACTAGCAGCGAAGAGCAGTACTTC,3562,17,clonotype561,clonotype561_consensus_2
ACACCCTGTACTCAAC-1,True,ACACCCTGTACTCAAC-1_contig_3,True,461,TRA,TRAV12-3,None,TRAJ31,None,True,False,CNENARLMF,TGCAATGAAAATGCCAGACTCATGTTT,141,1,clonotype561,None
ACACCCTGTATATGGA-1,True,ACACCCTGTATATGGA-1_contig_1,True,492,TRB,TRBV20-1,None,TRBJ2-1,TRBC2,True,True,CSARVGSEVNEQFF,TGCAGTGCTAGAGTGGGGTCGGAAGTCAATGAGCAGTTCTTC,773,7,clonotype2,clonotype2_consensus_1
ACACCCTGTATATGGA-1,True,ACACCCTGTATATGGA-1_contig_2,True,465,TRA,TRAV10,None,TRAJ24,TRAC,True,False,None,None,687,3,clonotype2,None
ACACCCTTCAGTGCAT-1,True,ACACCCTTCAGTGCAT-1_contig_1,True,620,TRB,TRBV19,None,TRBJ2-2,TRBC2,True,True,CANNTGELFF,TGTGCCAACAACACCGGGGAGCTGTTTTTT,2303,11,clonotype562,clonotype562_consensus_1
ACACCCTTCAGTGCAT-1,True,ACACCCTTCAGTGCAT-1_contig_2,True,565,TRA,TRAV19,None,TRAJ27,TRAC,True,True,CALRGELGAGKSTF,TGTGCTCTGAGGGGTGAACTGGGGGCAGGCAAATCAACCTTT,534,13,clonotype562,clonotype562_consensus_2
ACACCCTTCAGTGCAT-1,True,ACACCCTTCAGTGCAT-1_contig_3,True,530,TRB,TRBV20-1,None,TRBJ2-5,TRBC2,True,True,CSAREERGPAGQETQYF,TGCAGTGCTAGAGAGGAGCGGGGCCCCGCCGGCCAAGAGACCCAGTACTTC,1427,15,clonotype562,clonotype562_consensus_3
ACACCCTTCCTCTAGC-1,True,ACACCCTTCCTCTAGC-1_contig_1,True,515,TRB,TRBV20-1,None,TRBJ2-1,TRBC2,True,True,CSALLARNEQFF,TGCAGTGCTCTGCTAGCGCGGAATGAGCAGTTCTTC,3749,13,clonotype563,clonotype563_consensus_1
ACACCCTTCCTCTAGC-1,True,ACACCCTTCCTCTAGC-1_contig_2,True,500,TRA,TRAV17,None,TRAJ33,TRAC,True,True,CDDFDSNYQLIW,TGCGACGATTTTGATAGCAACTATCAGTTAATCTGG,1318,5,clonotype563,clonotype563_consensus_2
ACACCCTTCTACTCAT-1,True,ACACCCTTCTACTCAT-1_contig_1,True,505,TRA,TRAV1-2,None,TRAJ33,TRAC,True,True,CAATDSNYQLIW,TGTGCTGCGACTGATAGCAACTATCAGTTAATCTGG,164,6,clonotype1,clonotype1_consensus_2
ACACCCTTCTACTCAT-1,True,ACACCCTTCTACTCAT-1_contig_2,True,521,TRB,TRBV20-1,None,TRBJ2-1,TRBC2,True,True,CSARVGSEVNEQFF,TGCAGTGCTAGAGTGGGGTCGGAAGTCAATGAGCAGTTCTTC,2523,11,clonotype1,clonotype1_consensus_1
ACACCCTTCTTAGCCC-1,True,ACACCCTTCTTAGCCC-1_contig_1,True,505,TRA,TRAV1-2,None,TRAJ33,TRAC,True,True,CAATDSNYQLIW,TGTGCTGCGACTGATAGCAACTATCAGTTAATCTGG,690,3,clonotype1,clonotype1_consensus_2
ACACCCTTCTTAGCCC-1,True,ACACCCTTCTTAGCCC-1_contig_2,True,521,TRB,TRBV20-1,None,TRBJ2-1,TRBC2,True,True,CSARVGSEVNEQFF,TGCAGTGCTAGAGTGGGGTCGGAAGTCAATGAGCAGTTCTTC,1852,10,clonotype1,clonotype1_consensus_1
ACACCCTTCTTAGCCC-1,True,ACACCCTTCTTAGCCC-1_contig_3,True,482,TRA,TRAV10,None,TRAJ24,TRAC,True,False,None,None,263,2,clonotype1,None
ACACCGGAGAGCCTAG-1,True,ACACCGGAGAGCCTAG-1_contig_1,True,505,TRA,TRAV1-2,None,TRAJ33,TRAC,True,True,CAATDSNYQLIW,TGTGCTGCGACTGATAGCAACTATCAGTTAATCTGG,653,3,clonotype1,clonotype1_consensus_2
ACACCGGAGAGCCTAG-1,True,ACACCGGAGAGCCTAG-1_contig_2,True,501,TRB,TRBV20-1,None,TRBJ2-1,TRBC2,True,True,CSARVGSEVNEQFF,TGCAGTGCTAGAGTGGGGTCGGAAGTCAATGAGCAGTTCTTC,786,5,clonotype1,clonotype1_consensus_1
ACACCGGAGCATGGCA-1,True,ACACCGGAGCATGGCA-1_contig_1,True,505,TRA,TRAV1-2,None,TRAJ33,TRAC,True,True,CAATDSNYQLIW,TGTGCTGCGACTGATAGCAACTATCAGTTAATCTGG,511,3,clonotype1,clonotype1_consensus_2
ACACCGGAGCATGGCA-1,True,ACACCGGAGCATGGCA-1_contig_2,True,485,TRB,TRBV20-1,None,TRBJ2-1,TRBC2,True,True,CSARVGSEVNEQFF,TGCAGTGCTAGAGTGGGGTCGGAAGTCAATGAGCAGTTCTTC,477,6,clonotype1,clonotype1_consensus_1
ACACCGGAGCATGGCA-1,True,ACACCGGAGCATGGCA-1_contig_3,True,482,TRA,TRAV10,None,TRAJ24,TRAC,True,False,None,None,616,3,clonotype1,None
ACACCGGAGCTAGTGG-1,True,ACACCGGAGCTAGTGG-1_contig_1,True,514,TRB,TRBV20-1,None,TRBJ1-1,TRBC1,True,True,CSASKYQEGSYMNTEAFF,TGCAGTGCTAGTAAGTATCAAGAGGGGTCCTACATGAACACTGAAGCTTTCTTT,2376,7,clonotype564,clonotype564_consensus_3
ACACCGGAGCTAGTGG-1,True,ACACCGGAGCTAGTGG-1_contig_2,True,655,TRB,TRBV5-6,None,TRBJ1-2,TRBC1,True,True,CASTWRGGGGYTF,TGTGCCAGCACCTGGCGCGGGGGCGGGGGCTACACCTTC,1111,3,clonotype564,clonotype564_consensus_4
ACACCGGAGCTAGTGG-1,True,ACACCGGAGCTAGTGG-1_contig_3,True,528,TRA,TRAV22,None,TRAJ17,TRAC,True,True,CAVWKAAGNKLTF,TGTGCTGTGTGGAAAGCTGCAGGCAACAAGCTAACTTTT,96,1,clonotype564,clonotype564_consensus_1
ACACCGGAGCTAGTGG-1,True,ACACCGGAGCTAGTGG-1_contig_4,True,612,TRA,TRAV3,None,TRAJ33,TRAC,True,True,CAVRDSNYQLIW,TGTGCTGTGAGAGATAGCAACTATCAGTTAATCTGG,178,2,clonotype564,clonotype564_consensus_2
ACACCGGAGCTAGTGG-1,True,ACACCGGAGCTAGTGG-1_contig_5,True,311,TRB,TRBV18,None,TRBJ2-7,TRBC2,True,False,None,None,1346,6,clonotype564,None
ACACCGGAGGCGATAC-1,True,ACACCGGAGGCGATAC-1_contig_1,True,518,TRB,TRBV20-1,None,TRBJ2-7,TRBC2,True,True,CSARETGTYEQYF,TGCAGTGCTAGGGAAACGGGGACCTACGAGCAGTACTTC,307,2,clonotype183,clonotype183_consensus_3
ACACCGGAGGCGATAC-1,True,ACACCGGAGGCGATAC-1_contig_2,True,510,TRA,TRAV21,None,TRAJ34,TRAC,True,True,CAVDTDKLIF,TGTGCTGTGGACACCGACAAGCTCATCTTT,87,1,clonotype183,clonotype183_consensus_1
ACACCGGAGGCGATAC-1,True,ACACCGGAGGCGATAC-1_contig_3,True,521,TRB,TRBV20-1,None,TRBJ2-7,TRBC2,True,True,CSTIPRTGMDEQYF,TGCAGTACAATTCCTCGGACAGGGATGGACGAGCAGTACTTC,717,6,clonotype183,clonotype183_consensus_2
ACACCGGAGGCGATAC-1,True,ACACCGGAGGCGATAC-1_contig_4,True,516,TRA,TRAV21,None,TRAJ29,TRAC,True,True,CAVFSGNTPLVF,TGTGCTGTATTTTCAGGAAACACACCTCTTGTCTTT,407,1,clonotype183,clonotype183_consensus_4
ACACCGGAGGCTAGGT-1,True,ACACCGGAGGCTAGGT-1_contig_1,True,570,TRA,TRAV8-4,None,TRAJ29,TRAC,True,True,CAVTGLSGNTPLVF,TGTGCTGTGACCGGCCTTTCAGGAAACACACCTCTTGTCTTT,597,6,clonotype20,clonotype20_consensus_2
ACACCGGAGGCTAGGT-1,True,ACACCGGAGGCTAGGT-1_contig_2,True,498,TRB,TRBV20-1,None,TRBJ1-1,TRBC1,True,True,CSATDRARYTEAFF,TGCAGTGCCACGGACAGGGCGAGGTACACTGAAGCTTTCTTT,373,2,clonotype20,clonotype20_consensus_1
ACACCGGAGGCTAGGT-1,True,ACACCGGAGGCTAGGT-1_contig_3,True,510,TRB,TRBV6-5,None,TRBJ2-3,TRBC2,True,False,None,None,289,3,clonotype20,None
ACACCGGAGTACGCCC-1,True,ACACCGGAGTACGCCC-1_contig_1,True,521,TRB,TRBV20-1,None,TRBJ2-1,TRBC2,True,True,CSARVGSEVNEQFF,TGCAGTGCTAGAGTGGGGTCGGAAGTCAATGAGCAGTTCTTC,3570,12,clonotype2,clonotype2_consensus_1
ACACCGGCAAATCCGT-1,True,ACACCGGCAAATCCGT-1_contig_1,True,518,TRB,TRBV20-1,None,TRBJ2-1,TRBC2,True,True,CSASSGGAGEQFF,TGCAGTGCTAGTAGTGGGGGGGCCGGGGAGCAGTTCTTC,2726,9,clonotype41,clonotype41_consensus_1
ACACCGGCAAATCCGT-1,True,ACACCGGCAAATCCGT-1_contig_2,True,602,TRA,TRAV5,None,TRAJ40,TRAC,True,True,CAEFTTSGTYKYIF,TGTGCAGAGTTTACTACCTCAGGAACCTACAAATACATCTTT,355,1,clonotype41,clonotype41_consensus_2
ACACCGGCAAATCCGT-1,True,ACACCGGCAAATCCGT-1_contig_3,True,683,TRA,TRAV8-3,None,TRAJ11,TRAC,True,False,None,None,187,1,clonotype41,None
ACACCGGCACTTACGA-1,True,ACACCGGCACTTACGA-1_contig_1,True,479,TRB,TRBV20-1,None,TRBJ1-1,TRBC1,True,True,CSARRFQGLKFTEAFF,TGCAGTGCTAGAAGGTTCCAGGGATTAAAATTCACCGAAGCTTTCTTT,1236,4,clonotype184,clonotype184_consensus_3
ACACCGGCACTTACGA-1,True,ACACCGGCACTTACGA-1_contig_2,True,535,TRB,TRBV7-4,None,TRBJ1-5,TRBC1,True,True,CASSFPLQGGEKYSNQPQHF,TGTGCCAGCAGCTTCCCACTACAGGGAGGTGAAAAATATAGCAATCAGCCCCAGCATTTT,2611,9,clonotype184,clonotype184_consensus_1
ACACCGGCACTTACGA-1,True,ACACCGGCACTTACGA-1_contig_3,True,674,TRA,TRAV8-3,None,TRAJ49,TRAC,True,True,CAASNTGNQFYF,TGTGCTGCTTCGAACACCGGTAACCAGTTCTATTTT,977,5,clonotype184,clonotype184_consensus_2
ACACCGGCATCACGTA-1,True,ACACCGGCATCACGTA-1_contig_1,True,541,TRA,TRAV26-1,None,TRAJ43,TRAC,True,True,CISAGNNNDMRF,TGCATCAGCGCCGGTAATAACAATGACATGCGCTTT,2073,10,clonotype185,clonotype185_consensus_1
ACACCGGCATCACGTA-1,True,ACACCGGCATCACGTA-1_contig_2,True,521,TRB,TRBV20-1,None,TRBJ2-1,TRBC2,True,True,CSAFDDGSYNEQFF,TGCAGTGCTTTCGATGACGGCTCCTACAATGAGCAGTTCTTC,9947,40,clonotype185,clonotype185_consensus_2
ACACCGGCATTGGCGC-1,True,ACACCGGCATTGGCGC-1_contig_1,True,489,TRB,TRBV20-1,None,TRBJ1-1,TRBC1,True,True,CSAKRTNTEAFF,TGCAGTGCTAAGCGGACAAACACTGAAGCTTTCTTT,3599,9,clonotype565,clonotype565_consensus_1
ACACCGGGTACAGTGG-1,True,ACACCGGGTACAGTGG-1_contig_1,True,515,TRB,TRBV20-1,None,TRBJ1-5,TRBC1,True,True,CSAGRLDQPQHF,TGCAGTGCCGGGAGACTCGATCAGCCCCAGCATTTT,2406,8,clonotype34,clonotype34_consensus_2
ACACCGGGTACAGTGG-1,True,ACACCGGGTACAGTGG-1_contig_2,True,568,TRA,TRAV19,None,TRAJ39,TRAC,True,True,CALSERRNAGNMLTF,TGTGCTCTGAGTGAGAGGAGGAATGCAGGCAACATGCTCACCTTT,646,4,clonotype34,clonotype34_consensus_1
ACACCGGGTATAGGTA-1,True,ACACCGGGTATAGGTA-1_contig_1,True,467,TRA,TRAV1-2,None,TRAJ33,TRAC,True,True,CAATDSNYQLIW,TGTGCTGCGACTGATAGCAACTATCAGTTAATCTGG,141,3,clonotype1,clonotype1_consensus_2
ACACCGGGTATAGGTA-1,True,ACACCGGGTATAGGTA-1_contig_2,True,521,TRB,TRBV20-1,None,TRBJ2-1,TRBC2,True,True,CSARVGSEVNEQFF,TGCAGTGCTAGAGTGGGGTCGGAAGTCAATGAGCAGTTCTTC,876,6,clonotype1,clonotype1_consensus_1
ACACCGGGTATATGGA-1,True,ACACCGGGTATATGGA-1_contig_1,True,502,TRA,TRAV1-2,None,TRAJ33,TRAC,True,True,CAATDSNYQLIW,TGTGCTGCGACTGATAGCAACTATCAGTTAATCTGG,2308,2,clonotype8,clonotype8_consensus_1
ACACCGGGTATATGGA-1,True,ACACCGGGTATATGGA-1_contig_2,True,382,TRB,TRBV20-1,None,TRBJ2-1,TRBC2,True,False,CSARVGSEVNEQFF,TGCAGTGCTAGAGTGGGGTCGGAAGTCAATGAGCAGTTCTTC,1090,4,clonotype8,None
ACACCGGGTATATGGA-1,True,ACACCGGGTATATGGA-1_contig_3,True,457,TRA,TRAV10,None,TRAJ24,TRAC,True,False,None,None,35,1,clonotype8,None
ACACCGGGTCGCGAAA-1,True,ACACCGGGTCGCGAAA-1_contig_1,True,521,TRB,TRBV20-1,None,TRBJ2-1,TRBC2,True,True,CSARVGSEVNEQFF,TGCAGTGCTAGAGTGGGGTCGGAAGTCAATGAGCAGTTCTTC,1790,7,clonotype2,clonotype2_consensus_1
ACACCGGTCAAACGGG-1,True,ACACCGGTCAAACGGG-1_contig_1,True,482,TRA,TRAV1-2,None,TRAJ33,TRAC,True,True,CAATDSNYQLIW,TGTGCTGCGACTGATAGCAACTATCAGTTAATCTGG,1274,4,clonotype1,clonotype1_consensus_2
ACACCGGTCAAACGGG-1,True,ACACCGGTCAAACGGG-1_contig_2,True,473,TRB,TRBV20-1,None,TRBJ2-1,TRBC2,True,True,CSARVGSEVNEQFF,TGCAGTGCTAGAGTGGGGTCGGAAGTCAATGAGCAGTTCTTC,714,4,clonotype1,clonotype1_consensus_1
ACACCGGTCAGAGGTG-1,True,ACACCGGTCAGAGGTG-1_contig_1,True,505,TRA,TRAV1-2,None,TRAJ33,TRAC,True,True,CAATDSNYQLIW,TGTGCTGCGACTGATAGCAACTATCAGTTAATCTGG,1051,4,clonotype1,clonotype1_consensus_2
ACACCGGTCAGAGGTG-1,True,ACACCGGTCAGAGGTG-1_contig_2,True,498,TRB,TRBV20-1,None,TRBJ2-1,TRBC2,True,True,CSARVGSEVNEQFF,TGCAGTGCTAGAGTGGGGTCGGAAGTCAATGAGCAGTTCTTC,6533,17,clonotype1,clonotype1_consensus_1
ACACCGGTCAGAGGTG-1,True,ACACCGGTCAGAGGTG-1_contig_3,True,467,TRA,TRAV10,None,TRAJ24,TRAC,True,False,None,None,646,2,clonotype1,None
ACACCGGTCAGGATCT-1,True,ACACCGGTCAGGATCT-1_contig_1,True,505,TRA,TRAV1-2,None,TRAJ33,TRAC,True,True,CAATDSNYQLIW,TGTGCTGCGACTGATAGCAACTATCAGTTAATCTGG,669,2,clonotype1,clonotype1_consensus_2
ACACCGGTCAGGATCT-1,True,ACACCGGTCAGGATCT-1_contig_2,True,495,TRB,TRBV20-1,None,TRBJ2-1,TRBC2,True,True,CSARVGSEVNEQFF,TGCAGTGCTAGAGTGGGGTCGGAAGTCAATGAGCAGTTCTTC,1973,7,clonotype1,clonotype1_consensus_1
ACACCGGTCTGCGTAA-1,True,ACACCGGTCTGCGTAA-1_contig_1,True,508,TRB,TRBV20-1,None,TRBJ1-1,TRBC1,True,True,CSARDPRGSDDKAFF,TGCAGTGCTAGAGATCCCCGGGGGTCTGACGACAAAGCTTTCTTT,3535,14,clonotype566,clonotype566_consensus_1
ACACCGGTCTGCGTAA-1,True,ACACCGGTCTGCGTAA-1_contig_2,True,618,TRA,TRAV3,None,TRAJ32,TRAC,True,True,CAVSPGGATNKLIF,TGTGCTGTGAGCCCCGGTGGTGCTACAAACAAGCTCATCTTT,636,7,clonotype566,clonotype566_consensus_2
ACACTGAAGATGTAAC-1,True,ACACTGAAGATGTAAC-1_contig_1,True,505,TRA,TRAV1-2,None,TRAJ33,TRAC,True,True,CAATDSNYQLIW,TGTGCTGCGACTGATAGCAACTATCAGTTAATCTGG,1629,6,clonotype1,clonotype1_consensus_2
ACACTGAAGATGTAAC-1,True,ACACTGAAGATGTAAC-1_contig_2,True,498,TRB,TRBV20-1,None,TRBJ2-1,TRBC2,True,True,CSARVGSEVNEQFF,TGCAGTGCTAGAGTGGGGTCGGAAGTCAATGAGCAGTTCTTC,1991,14,clonotype1,clonotype1_consensus_1
ACACTGAAGATGTAAC-1,True,ACACTGAAGATGTAAC-1_contig_3,True,482,TRA,TRAV10,None,TRAJ24,TRAC,True,False,None,None,95,1,clonotype1,None
ACACTGAAGCCACCTG-1,True,ACACTGAAGCCACCTG-1_contig_1,True,495,TRB,TRBV20-1,None,TRBJ2-5,TRBC2,True,True,CSATSSGGAQETQYF,TGCAGTGCCACCTCTAGCGGGGGGGCCCAAGAGACCCAGTACTTC,2239,9,clonotype567,clonotype567_consensus_1
ACACTGAAGCCACCTG-1,True,ACACTGAAGCCACCTG-1_contig_2,True,476,TRA,TRAV2,None,TRAJ45,TRAC,True,True,CAVDYSGGGADGLTF,TGTGCTGTGGATTATTCAGGAGGAGGTGCTGACGGACTCACCTTT,548,2,clonotype567,clonotype567_consensus_2
ACACTGAAGGACTGGT-1,True,ACACTGAAGGACTGGT-1_contig_1,True,505,TRA,TRAV1-2,None,TRAJ33,TRAC,True,True,CAATDSNYQLIW,TGTGCTGCGACTGATAGCAACTATCAGTTAATCTGG,1332,5,clonotype1,clonotype1_consensus_2
ACACTGAAGGACTGGT-1,True,ACACTGAAGGACTGGT-1_contig_2,True,498,TRB,TRBV20-1,None,TRBJ2-1,TRBC2,True,True,CSARVGSEVNEQFF,TGCAGTGCTAGAGTGGGGTCGGAAGTCAATGAGCAGTTCTTC,1227,6,clonotype1,clonotype1_consensus_1
ACACTGAAGTACGATA-1,True,ACACTGAAGTACGATA-1_contig_1,True,505,TRA,TRAV1-2,None,TRAJ33,TRAC,True,True,CAATDSNYQLIW,TGTGCTGCGACTGATAGCAACTATCAGTTAATCTGG,2766,2,clonotype1,clonotype1_consensus_2
ACACTGAAGTACGATA-1,True,ACACTGAAGTACGATA-1_contig_2,True,521,TRB,TRBV20-1,None,TRBJ2-1,TRBC2,True,True,CSARVGSEVNEQFF,TGCAGTGCTAGAGTGGGGTCGGAAGTCAATGAGCAGTTCTTC,565,2,clonotype1,clonotype1_consensus_1
ACACTGAAGTACGATA-1,True,ACACTGAAGTACGATA-1_contig_3,True,458,TRA,TRAV10,None,TRAJ24,TRAC,True,False,None,None,76,3,clonotype1,None
ACACTGAAGTCACGCC-1,True,ACACTGAAGTCACGCC-1_contig_1,True,505,TRA,TRAV1-2,None,TRAJ33,TRAC,True,True,CAATDSNYQLIW,TGTGCTGCGACTGATAGCAACTATCAGTTAATCTGG,4122,2,clonotype1,clonotype1_consensus_2
ACACTGAAGTCACGCC-1,True,ACACTGAAGTCACGCC-1_contig_2,True,498,TRB,TRBV20-1,None,TRBJ2-1,TRBC2,True,True,CSARVGSEVNEQFF,TGCAGTGCTAGAGTGGGGTCGGAAGTCAATGAGCAGTTCTTC,1697,5,clonotype1,clonotype1_consensus_1
ACACTGAAGTGGGCTA-1,True,ACACTGAAGTGGGCTA-1_contig_1,True,505,TRA,TRAV1-2,None,TRAJ33,TRAC,True,True,CAATDSNYQLIW,TGTGCTGCGACTGATAGCAACTATCAGTTAATCTGG,7836,4,clonotype1,clonotype1_consensus_2
ACACTGAAGTGGGCTA-1,True,ACACTGAAGTGGGCTA-1_contig_2,True,518,TRB,TRBV20-1,None,TRBJ2-1,TRBC2,True,True,CSARVGSEVNEQFF,TGCAGTGCTAGAGTGGGGTCGGAAGTCAATGAGCAGTTCTTC,2125,8,clonotype1,clonotype1_consensus_1
ACACTGAAGTGGGCTA-1,True,ACACTGAAGTGGGCTA-1_contig_3,True,470,TRA,TRAV10,None,TRAJ24,TRAC,True,False,None,None,4752,3,clonotype1,None
ACACTGAAGTTATCGC-1,True,ACACTGAAGTTATCGC-1_contig_1,True,505,TRA,TRAV1-2,None,TRAJ33,TRAC,True,True,CAATDSNYQLIW,TGTGCTGCGACTGATAGCAACTATCAGTTAATCTGG,785,3,clonotype1,clonotype1_consensus_2
ACACTGAAGTTATCGC-1,True,ACACTGAAGTTATCGC-1_contig_2,True,495,TRB,TRBV20-1,None,TRBJ2-1,TRBC2,True,True,CSARVGSEVNEQFF,TGCAGTGCTAGAGTGGGGTCGGAAGTCAATGAGCAGTTCTTC,464,1,clonotype1,clonotype1_consensus_1
ACACTGACAAACGTGG-1,True,ACACTGACAAACGTGG-1_contig_1,True,505,TRA,TRAV1-2,None,TRAJ33,TRAC,True,True,CAATDSNYQLIW,TGTGCTGCGACTGATAGCAACTATCAGTTAATCTGG,144,1,clonotype1,clonotype1_consensus_2
ACACTGACAAACGTGG-1,True,ACACTGACAAACGTGG-1_contig_2,True,521,TRB,TRBV20-1,None,TRBJ2-1,TRBC2,True,True,CSARVGSEVNEQFF,TGCAGTGCTAGAGTGGGGTCGGAAGTCAATGAGCAGTTCTTC,4129,15,clonotype1,clonotype1_consensus_1
ACACTGACAAACGTGG-1,True,ACACTGACAAACGTGG-1_contig_3,True,459,TRA,TRAV10,None,TRAJ24,TRAC,True,False,None,None,71,2,clonotype1,None
ACACTGACAATCAGAA-1,True,ACACTGACAATCAGAA-1_contig_1,True,495,TRA,TRAV4,None,TRAJ4,TRAC,True,True,CLVSPFSGGYNKLIF,TGCCTCGTGTCTCCCTTTTCTGGTGGCTACAATAAGCTGATTTTT,4430,4,clonotype568,clonotype568_consensus_2
ACACTGACAATCAGAA-1,True,ACACTGACAATCAGAA-1_contig_2,True,515,TRB,TRBV5-5,None,TRBJ1-4,TRBC1,True,True,CASSPDSGTVNEKLFF,TGTGCCAGCAGCCCTGATTCGGGGACAGTTAATGAAAAACTGTTTTTT,1421,6,clonotype568,clonotype568_consensus_1
ACACTGACACACCGAC-1,True,ACACTGACACACCGAC-1_contig_1,True,518,TRB,TRBV20-1,None,TRBJ1-2,TRBC1,True,True,CSARSGQDYGYTF,TGCAGTGCTAGATCGGGACAGGACTATGGCTACACCTTC,3029,11,clonotype569,clonotype569_consensus_1
ACACTGACACACCGAC-1,True,ACACTGACACACCGAC-1_contig_2,True,512,TRA,TRAV13-2,None,TRAJ31,TRAC,True,True,CAEAPPLGNARLMF,TGTGCAGAGGCGCCCCCTTTAGGCAATGCCAGACTCATGTTT,747,3,clonotype569,clonotype569_consensus_2
ACACTGACACACCGAC-1,True,ACACTGACACACCGAC-1_contig_3,True,497,TRA,TRAV17,None,TRAJ31,TRAC,True,True,CATGRNNNARLMF,TGTGCTACGGGCCGGAATAACAATGCCAGACTCATGTTT,5405,2,clonotype569,clonotype569_consensus_3
ACACTGACACATTTCT-1,True,ACACTGACACATTTCT-1_contig_1,True,515,TRB,TRBV20-1,None,TRBJ2-1,TRBC2,True,True,CSAQGSYNEQFF,TGCAGTGCCCAGGGGTCCTACAATGAGCAGTTCTTC,1422,15,clonotype570,clonotype570_consensus_1
ACACTGACACGTCTCT-1,True,ACACTGACACGTCTCT-1_contig_1,True,501,TRB,TRBV20-1,None,TRBJ2-2,TRBC2,True,True,CSARPQLTNTGELFF,TGCAGTGCTAGACCCCAACTAACCAACACCGGGGAGCTGTTTTTT,5696,16,clonotype13,clonotype13_consensus_2
ACACTGACACGTCTCT-1,True,ACACTGACACGTCTCT-1_contig_2,True,546,TRA,TRAV21,None,TRAJ11,TRAC,True,True,CAASASGYSTLTF,TGTGCTGCCTCAGCATCAGGATACAGCACCCTCACCTTT,620,3,clonotype13,clonotype13_consensus_1
ACACTGACACTTAAGC-1,True,ACACTGACACTTAAGC-1_contig_1,True,521,TRB,TRBV20-1,None,TRBJ2-2,TRBC2,True,True,CSARPDPNTGELFF,TGCAGTGCTAGACCCGACCCGAACACCGGGGAGCTGTTTTTT,6677,23,clonotype571,clonotype571_consensus_2
ACACTGACACTTAAGC-1,True,ACACTGACACTTAAGC-1_contig_2,True,684,TRA,TRAV8-3,None,TRAJ10,TRAC,True,True,CAVGAGGGNKLTF,TGTGCTGTGGGTGCGGGAGGAGGAAACAAACTCACCTTT,3453,12,clonotype571,clonotype571_consensus_1
ACACTGACACTTAAGC-1,True,ACACTGACACTTAAGC-1_contig_3,True,302,TRB,None,None,TRBJ2-2P,TRBC2,False,False,None,None,1389,6,clonotype571,None
ACACTGACAGCTGCAC-1,True,ACACTGACAGCTGCAC-1_contig_1,True,521,TRB,TRBV20-1,None,TRBJ2-1,TRBC2,True,True,CSARVGSEVNEQFF,TGCAGTGCTAGAGTGGGGTCGGAAGTCAATGAGCAGTTCTTC,1065,5,clonotype2,clonotype2_consensus_1
ACACTGACATCACCCT-1,True,ACACTGACATCACCCT-1_contig_1,True,521,TRB,TRBV20-1,None,TRBJ2-1,TRBC2,True,True,CSARVGSEVNEQFF,TGCAGTGCTAGAGTGGGGTCGGAAGTCAATGAGCAGTTCTTC,2453,11,clonotype2,clonotype2_consensus_1
ACACTGACATCACCCT-1,True,ACACTGACATCACCCT-1_contig_2,True,469,TRA,TRAV10,None,TRAJ24,TRAC,True,False,None,None,291,3,clonotype2,None
ACACTGAGTAAGTTCC-1,True,ACACTGAGTAAGTTCC-1_contig_1,True,505,TRA,TRAV1-2,None,TRAJ33,TRAC,True,True,CAATDSNYQLIW,TGTGCTGCGACTGATAGCAACTATCAGTTAATCTGG,437,4,clonotype1,clonotype1_consensus_2
ACACTGAGTAAGTTCC-1,True,ACACTGAGTAAGTTCC-1_contig_2,True,521,TRB,TRBV20-1,None,TRBJ2-1,TRBC2,True,True,CSARVGSEVNEQFF,TGCAGTGCTAGAGTGGGGTCGGAAGTCAATGAGCAGTTCTTC,1720,11,clonotype1,clonotype1_consensus_1
ACACTGAGTAAGTTCC-1,True,ACACTGAGTAAGTTCC-1_contig_3,True,482,TRA,TRAV10,None,TRAJ24,TRAC,True,False,None,None,352,2,clonotype1,None
ACACTGAGTACGCACC-1,True,ACACTGAGTACGCACC-1_contig_1,True,498,TRB,TRBV20-1,None,TRBJ2-1,TRBC2,True,True,CSARVGSEVNEQFF,TGCAGTGCTAGAGTGGGGTCGGAAGTCAATGAGCAGTTCTTC,2562,10,clonotype2,clonotype2_consensus_1
ACACTGAGTACGCACC-1,True,ACACTGAGTACGCACC-1_contig_2,True,467,TRA,TRAV10,None,TRAJ24,TRAC,True,False,None,None,147,1,clonotype2,None
ACACTGAGTGAGGGTT-1,True,ACACTGAGTGAGGGTT-1_contig_1,True,495,TRB,TRBV20-1,None,TRBJ1-5,TRBC1,True,True,CSARGDSNQPQHF,TGCAGTGCTAGGGGGGACAGCAATCAGCCCCAGCATTTT,1225,8,clonotype572,clonotype572_consensus_2
ACACTGAGTGAGGGTT-1,True,ACACTGAGTGAGGGTT-1_contig_2,True,475,TRA,TRAV17,None,TRAJ15,TRAC,True,True,CATEGHQAGTALIF,TGTGCTACGGAGGGGCACCAGGCAGGAACTGCTCTGATCTTT,798,5,clonotype572,clonotype572_consensus_1
ACACTGAGTGAGGGTT-1,True,ACACTGAGTGAGGGTT-1_contig_3,True,478,TRB,None,None,TRBJ2-6,TRBC2,False,False,None,None,60,2,clonotype572,None
ACACTGAGTTCAGTAC-1,True,ACACTGAGTTCAGTAC-1_contig_1,True,485,TRB,TRBV20-1,None,TRBJ1-5,TRBC1,True,True,CSARLQGRNQPQHF,TGCAGTGCTAGACTGCAGGGACGCAATCAGCCCCAGCATTTT,1104,6,clonotype573,clonotype573_consensus_1
ACACTGAGTTCAGTAC-1,True,ACACTGAGTTCAGTAC-1_contig_2,True,402,TRA,TRAV10,None,None,TRAC,False,False,None,None,246,2,clonotype573,None
ACACTGATCAGCTTAG-1,True,ACACTGATCAGCTTAG-1_contig_1,True,482,TRA,TRAV21,None,TRAJ17,TRAC,True,True,CAVGGVTAGNKLTF,TGTGCTGTGGGAGGCGTGACTGCAGGCAACAAGCTAACTTTT,133,2,clonotype574,clonotype574_consensus_1
ACACTGATCAGCTTAG-1,True,ACACTGATCAGCTTAG-1_contig_2,True,708,TRB,TRBV5-6,None,TRBJ2-7,TRBC2,True,True,CASQVGGGGIYEQYF,TGTGCCAGCCAGGTAGGGGGCGGGGGGATCTACGAGCAGTACTTC,1010,7,clonotype574,clonotype574_consensus_2
ACACTGATCAGCTTAG-1,True,ACACTGATCAGCTTAG-1_contig_3,True,328,TRA,TRAV6,None,TRAJ4,TRAC,True,False,None,None,105,2,clonotype574,None
ACACTGATCCACGACG-1,True,ACACTGATCCACGACG-1_contig_1,True,505,TRA,TRAV1-2,None,TRAJ33,TRAC,True,True,CAATDSNYQLIW,TGTGCTGCGACTGATAGCAACTATCAGTTAATCTGG,96,6,clonotype1,clonotype1_consensus_2
ACACTGATCCACGACG-1,True,ACACTGATCCACGACG-1_contig_2,True,506,TRB,TRBV20-1,None,TRBJ2-1,TRBC2,True,True,CSARVGSEVNEQFF,TGCAGTGCTAGAGTGGGGTCGGAAGTCAATGAGCAGTTCTTC,258,2,clonotype1,clonotype1_consensus_1
ACACTGATCCGCGTTT-1,True,ACACTGATCCGCGTTT-1_contig_1,True,505,TRA,TRAV1-2,None,TRAJ33,TRAC,True,True,CAATDSNYQLIW,TGTGCTGCGACTGATAGCAACTATCAGTTAATCTGG,771,3,clonotype1,clonotype1_consensus_2
ACACTGATCCGCGTTT-1,True,ACACTGATCCGCGTTT-1_contig_2,True,521,TRB,TRBV20-1,None,TRBJ2-1,TRBC2,True,True,CSARVGSEVNEQFF,TGCAGTGCTAGAGTGGGGTCGGAAGTCAATGAGCAGTTCTTC,1706,7,clonotype1,clonotype1_consensus_1
ACACTGATCCGCGTTT-1,True,ACACTGATCCGCGTTT-1_contig_3,True,467,TRA,TRAV10,None,TRAJ24,TRAC,True,False,None,None,72,3,clonotype1,None
ACACTGATCGCCCTTA-1,True,ACACTGATCGCCCTTA-1_contig_1,True,488,TRB,TRBV20-1,None,TRBJ1-1,TRBC1,True,True,CSARDLGRLNTEAFF,TGCAGTGCTAGAGATCTAGGACGGCTGAACACTGAAGCTTTCTTT,2405,9,clonotype575,clonotype575_consensus_1
ACACTGATCGCCCTTA-1,True,ACACTGATCGCCCTTA-1_contig_2,True,488,TRA,TRAV38-1,None,TRAJ28,TRAC,True,True,CAVSGAGSYQLTF,TGTGCTGTGTCTGGGGCTGGGAGTTACCAACTCACTTTC,905,2,clonotype575,clonotype575_consensus_2
ACAGCCGAGAGTCTGG-1,True,ACAGCCGAGAGTCTGG-1_contig_1,True,492,TRB,TRBV20-1,None,TRBJ2-1,TRBC2,True,True,CSARVGSEVNEQFF,TGCAGTGCTAGAGTGGGGTCGGAAGTCAATGAGCAGTTCTTC,808,3,clonotype2,clonotype2_consensus_1
ACAGCCGAGAGTCTGG-1,True,ACAGCCGAGAGTCTGG-1_contig_2,True,459,TRA,TRAV10,None,TRAJ24,TRAC,True,False,None,None,547,2,clonotype2,None
ACAGCCGAGCAGCGTA-1,True,ACAGCCGAGCAGCGTA-1_contig_1,True,462,TRA,TRAV13-1,None,TRAJ29,TRAC,True,True,CAASKGSGNTPLVF,TGTGCAGCAAGTAAAGGATCAGGAAACACACCTCTTGTCTTT,447,1,clonotype576,clonotype576_consensus_2
ACAGCCGAGCAGCGTA-1,True,ACAGCCGAGCAGCGTA-1_contig_2,True,527,TRB,TRBV20-1,None,TRBJ1-6,TRBC1,True,True,CSARPLGTVDNSPLHF,TGCAGTGCTAGACCCCTGGGGACAGTGGATAATTCACCCCTCCACTTT,1406,5,clonotype576,clonotype576_consensus_1
ACAGCCGAGCCAGGAT-1,True,ACAGCCGAGCCAGGAT-1_contig_1,True,502,TRA,TRAV1-2,None,TRAJ30,TRAC,True,True,CAVRDLREIIF,TGTGCTGTGAGAGATCTTCGGGAGATCATCTTT,385,3,clonotype3,clonotype3_consensus_2
ACAGCCGAGCCAGGAT-1,True,ACAGCCGAGCCAGGAT-1_contig_2,True,536,TRB,TRBV5-5,None,TRBJ1-4,TRBC1,True,True,CASSHPGPNYATNEKLFF,TGTGCCAGCAGCCATCCCGGACCGAACTACGCAACTAATGAAAAACTGTTTTTT,160,5,clonotype3,clonotype3_consensus_1
ACAGCCGAGCGTTGCC-1,True,ACAGCCGAGCGTTGCC-1_contig_1,True,487,TRA,TRAV10,None,TRAJ44,TRAC,True,True,CVVSLGNTGTASKLTF,TGTGTGGTGAGCCTCGGAAATACCGGCACTGCCAGTAAACTCACCTTT,838,2,clonotype577,clonotype577_consensus_1
ACAGCCGAGCGTTGCC-1,True,ACAGCCGAGCGTTGCC-1_contig_2,True,493,TRB,TRBV5-6,None,TRBJ2-1,TRBC2,True,True,CASSLGSPLYNEQFF,TGTGCCAGCAGCTTGGGTAGCCCACTTTACAATGAGCAGTTCTTC,1990,11,clonotype577,clonotype577_consensus_2
ACAGCCGAGTGGAGAA-1,True,ACAGCCGAGTGGAGAA-1_contig_1,True,505,TRA,TRAV1-2,None,TRAJ33,TRAC,True,True,CAATDSNYQLIW,TGTGCTGCGACTGATAGCAACTATCAGTTAATCTGG,592,3,clonotype1,clonotype1_consensus_2
ACAGCCGAGTGGAGAA-1,True,ACAGCCGAGTGGAGAA-1_contig_2,True,521,TRB,TRBV20-1,None,TRBJ2-1,TRBC2,True,True,CSARVGSEVNEQFF,TGCAGTGCTAGAGTGGGGTCGGAAGTCAATGAGCAGTTCTTC,873,6,clonotype1,clonotype1_consensus_1
ACAGCCGCAACACCTA-1,True,ACAGCCGCAACACCTA-1_contig_1,True,503,TRB,TRBV20-1,None,TRBJ1-2,TRBC1,True,True,CRAYGYTF,TGCAGGGCCTATGGCTACACCTTC,1427,9,clonotype578,clonotype578_consensus_1
ACAGCCGCAACACCTA-1,True,ACAGCCGCAACACCTA-1_contig_2,True,487,Multi,TRDV1,None,TRAJ49,TRAC,True,False,CALGEAGPGNQFYF,TGTGCTCTTGGGGAAGCCGGCCCCGGTAACCAGTTCTATTTT,525,2,clonotype578,None
ACAGCCGCACAGGCCT-1,True,ACAGCCGCACAGGCCT-1_contig_1,True,518,TRB,TRBV20-1,None,TRBJ2-1,TRBC2,True,True,CSASPLSYNEQFF,TGCAGTGCGAGCCCCCTCTCGTACAATGAGCAGTTCTTC,929,5,clonotype579,clonotype579_consensus_1
ACAGCCGCACCTGGTG-1,True,ACAGCCGCACCTGGTG-1_contig_1,True,505,TRA,TRAV1-2,None,TRAJ33,TRAC,True,True,CAATDSNYQLIW,TGTGCTGCGACTGATAGCAACTATCAGTTAATCTGG,432,3,clonotype1,clonotype1_consensus_2
ACAGCCGCACCTGGTG-1,True,ACAGCCGCACCTGGTG-1_contig_2,True,521,TRB,TRBV20-1,None,TRBJ2-1,TRBC2,True,True,CSARVGSEVNEQFF,TGCAGTGCTAGAGTGGGGTCGGAAGTCAATGAGCAGTTCTTC,1689,12,clonotype1,clonotype1_consensus_1
ACAGCCGCACCTGGTG-1,True,ACAGCCGCACCTGGTG-1_contig_3,True,482,TRA,TRAV10,None,TRAJ24,TRAC,True,False,None,None,891,4,clonotype1,None
ACAGCCGCACCTTGTC-1,True,ACAGCCGCACCTTGTC-1_contig_1,True,502,TRA,TRAV1-2,None,TRAJ33,TRAC,True,True,CAATDSNYQLIW,TGTGCTGCGACTGATAGCAACTATCAGTTAATCTGG,1014,4,clonotype1,clonotype1_consensus_2
ACAGCCGCACCTTGTC-1,True,ACAGCCGCACCTTGTC-1_contig_2,True,521,TRB,TRBV20-1,None,TRBJ2-1,TRBC2,True,True,CSARVGSEVNEQFF,TGCAGTGCTAGAGTGGGGTCGGAAGTCAATGAGCAGTTCTTC,3424,11,clonotype1,clonotype1_consensus_1
ACAGCCGCACCTTGTC-1,True,ACAGCCGCACCTTGTC-1_contig_3,True,469,TRA,TRAV10,None,TRAJ24,TRAC,True,False,None,None,375,2,clonotype1,None
ACAGCCGCAGCAGTTT-1,True,ACAGCCGCAGCAGTTT-1_contig_1,True,492,TRB,TRBV20-1,None,TRBJ1-4,TRBC1,True,True,CSARGQGNEKLFF,TGCAGTGCTAGAGGGCAGGGTAATGAAAAACTGTTTTTT,1495,4,clonotype580,clonotype580_consensus_1
ACAGCCGCAGCAGTTT-1,True,ACAGCCGCAGCAGTTT-1_contig_2,True,399,TRA,TRAV9-2,None,TRAJ28,TRAC,True,False,CALSPFSGAGSYQLTF,TGTGCTCTGAGTCCCTTCTCTGGGGCTGGGAGTTACCAACTCACTTTC,40,4,clonotype580,None
ACAGCCGCAGGAACGT-1,True,ACAGCCGCAGGAACGT-1_contig_1,True,505,TRA,TRAV1-2,None,TRAJ33,TRAC,True,True,CAATDSNYQLIW,TGTGCTGCGACTGATAGCAACTATCAGTTAATCTGG,653,3,clonotype1,clonotype1_consensus_2
ACAGCCGCAGGAACGT-1,True,ACAGCCGCAGGAACGT-1_contig_2,True,486,TRB,TRBV20-1,None,TRBJ2-1,TRBC2,True,True,CSARVGSEVNEQFF,TGCAGTGCTAGAGTGGGGTCGGAAGTCAATGAGCAGTTCTTC,1662,5,clonotype1,clonotype1_consensus_1
ACAGCCGCATGTAAGA-1,True,ACAGCCGCATGTAAGA-1_contig_1,True,505,TRA,TRAV1-2,None,TRAJ33,TRAC,True,True,CAATDSNYQLIW,TGTGCTGCGACTGATAGCAACTATCAGTTAATCTGG,2169,5,clonotype1,clonotype1_consensus_2
ACAGCCGCATGTAAGA-1,True,ACAGCCGCATGTAAGA-1_contig_2,True,521,TRB,TRBV20-1,None,TRBJ2-1,TRBC2,True,True,CSARVGSEVNEQFF,TGCAGTGCTAGAGTGGGGTCGGAAGTCAATGAGCAGTTCTTC,4771,20,clonotype1,clonotype1_consensus_1
ACAGCCGCATGTAAGA-1,True,ACAGCCGCATGTAAGA-1_contig_3,True,482,TRA,TRAV10,None,TRAJ24,TRAC,True,False,None,None,411,10,clonotype1,None
ACAGCCGCATTCCTGC-1,True,ACAGCCGCATTCCTGC-1_contig_1,True,524,TRB,TRBV20-1,None,TRBJ2-6,TRBC2,True,True,CSARDWVSGANVLTF,TGCAGTGCTAGAGATTGGGTCTCTGGGGCCAACGTCCTGACTTTC,3032,11,clonotype581,clonotype581_consensus_2
ACAGCCGCATTCCTGC-1,True,ACAGCCGCATTCCTGC-1_contig_2,True,495,TRA,TRAV12-3,None,TRAJ49,TRAC,True,True,CAMSASGNQFYF,TGTGCAATGAGCGCATCCGGTAACCAGTTCTATTTT,618,3,clonotype581,clonotype581_consensus_1
ACAGCCGGTAAGGGAA-1,True,ACAGCCGGTAAGGGAA-1_contig_1,True,557,TRB,TRBV6-9,None,TRBJ2-6,TRBC2,True,True,CASNLNQTGINSGANVLTF,TGTGCCAGCAACTTGAATCAGACAGGTATCAACTCTGGGGCCAACGTCCTGACTTTC,15001,7,clonotype15,clonotype15_consensus_1
ACAGCCGGTAAGGGAA-1,True,ACAGCCGGTAAGGGAA-1_contig_2,True,465,TRA,TRAV13-1,None,TRAJ16,TRAC,True,True,CAASSGFSDGQKLLF,TGTGCAGCAAGTTCGGGTTTTTCAGATGGCCAGAAGCTGCTCTTT,7071,5,clonotype15,clonotype15_consensus_3
ACAGCCGGTAAGGGAA-1,True,ACAGCCGGTAAGGGAA-1_contig_3,True,663,TRB,TRBV5-6,None,TRBJ2-6,TRBC2,True,True,CASSLQGTGANVLTF,TGTGCCAGCAGCTTGCAGGGGACTGGGGCCAACGTCCTGACTTTC,1063,3,clonotype15,clonotype15_consensus_2
ACAGCCGGTAAGGGAA-1,True,ACAGCCGGTAAGGGAA-1_contig_4,True,318,TRB,TRBV20-1,None,TRBJ2-1,None,True,False,CSARVGSEVNEQFF,TGCAGTGCTAGAGTGGGGTCGGAAGTCAATGAGCAGTTCTTC,1,1,clonotype15,None
ACAGCCGGTAGTAGTA-1,True,ACAGCCGGTAGTAGTA-1_contig_1,True,505,TRA,TRAV1-2,None,TRAJ33,TRAC,True,True,CAATDSNYQLIW,TGTGCTGCGACTGATAGCAACTATCAGTTAATCTGG,90,1,clonotype1,clonotype1_consensus_2
ACAGCCGGTAGTAGTA-1,True,ACAGCCGGTAGTAGTA-1_contig_2,True,518,TRB,TRBV20-1,None,TRBJ2-1,TRBC2,True,True,CSARVGSEVNEQFF,TGCAGTGCTAGAGTGGGGTCGGAAGTCAATGAGCAGTTCTTC,873,4,clonotype1,clonotype1_consensus_1
ACAGCCGGTAGTAGTA-1,True,ACAGCCGGTAGTAGTA-1_contig_3,True,468,TRA,TRAV10,None,TRAJ24,TRAC,True,False,None,None,190,2,clonotype1,None
ACAGCCGGTCGCGTGT-1,True,ACAGCCGGTCGCGTGT-1_contig_1,True,507,TRA,TRAV12-3,None,TRAJ12,TRAC,True,True,CAMSPSQRDSSYKLIF,TGTGCAATGAGCCCCTCCCAAAGGGATAGCAGCTATAAATTGATCTTC,514,4,clonotype186,clonotype186_consensus_2
ACAGCCGGTCGCGTGT-1,True,ACAGCCGGTCGCGTGT-1_contig_2,True,515,TRB,TRBV20-1,None,TRBJ2-7,TRBC2,True,True,CSARTGAPYEQYF,TGCAGTGCTAGGACAGGGGCCCCTTACGAGCAGTACTTC,337,5,clonotype186,clonotype186_consensus_1
ACAGCCGGTTGGTGGA-1,True,ACAGCCGGTTGGTGGA-1_contig_1,True,550,TRA,TRAV12-2,None,TRAJ4,TRAC,True,True,CALSRFSGGYNKLIF,TGTGCCCTGAGTAGGTTTTCTGGTGGCTACAATAAGCTGATTTTT,6728,5,clonotype582,clonotype582_consensus_3
ACAGCCGGTTGGTGGA-1,True,ACAGCCGGTTGGTGGA-1_contig_2,True,490,TRA,TRAV1-1,None,TRAJ29,TRAC,True,True,CAVPSSGNTPLVF,TGCGCTGTCCCCTCTTCAGGAAACACACCTCTTGTCTTT,936,6,clonotype582,clonotype582_consensus_1
ACAGCCGGTTGGTGGA-1,True,ACAGCCGGTTGGTGGA-1_contig_3,True,667,TRB,TRBV5-5,None,TRBJ2-5,TRBC2,True,True,CASSFNTQETQYF,TGTGCCAGCAGCTTCAACACCCAAGAGACCCAGTACTTC,552,2,clonotype582,clonotype582_consensus_2
ACAGCCGGTTGTACAC-1,True,ACAGCCGGTTGTACAC-1_contig_1,True,505,TRA,TRAV1-2,None,TRAJ33,TRAC,True,True,CAATDSNYQLIW,TGTGCTGCGACTGATAGCAACTATCAGTTAATCTGG,592,4,clonotype1,clonotype1_consensus_2
ACAGCCGGTTGTACAC-1,True,ACAGCCGGTTGTACAC-1_contig_2,True,521,TRB,TRBV20-1,None,TRBJ2-1,TRBC2,True,True,CSARVGSEVNEQFF,TGCAGTGCTAGAGTGGGGTCGGAAGTCAATGAGCAGTTCTTC,1851,6,clonotype1,clonotype1_consensus_1
ACAGCCGTCCAAATGC-1,True,ACAGCCGTCCAAATGC-1_contig_1,True,505,TRA,TRAV1-2,None,TRAJ33,TRAC,True,True,CAATDSNYQLIW,TGTGCTGCGACTGATAGCAACTATCAGTTAATCTGG,711,6,clonotype1,clonotype1_consensus_2
ACAGCCGTCCAAATGC-1,True,ACAGCCGTCCAAATGC-1_contig_2,True,521,TRB,TRBV20-1,None,TRBJ2-1,TRBC2,True,True,CSARVGSEVNEQFF,TGCAGTGCTAGAGTGGGGTCGGAAGTCAATGAGCAGTTCTTC,1195,8,clonotype1,clonotype1_consensus_1
ACAGCCGTCGTTGACA-1,True,ACAGCCGTCGTTGACA-1_contig_1,True,668,TRA,TRAV8-6,None,TRAJ18,TRAC,True,True,CAVREDRGSTLGRLYF,TGTGCTGTGAGAGAAGACAGAGGCTCAACCCTGGGGAGGCTATACTTT,267,5,clonotype104,clonotype104_consensus_1
ACAGCCGTCGTTGACA-1,True,ACAGCCGTCGTTGACA-1_contig_2,True,684,TRB,TRBV5-6,None,TRBJ2-2,TRBC2,True,True,CASSSWTGGTGELFF,TGTGCCAGCAGCTCGTGGACAGGGGGCACCGGGGAGCTGTTTTTT,3226,15,clonotype104,clonotype104_consensus_2
ACAGCCGTCTTGCATT-1,True,ACAGCCGTCTTGCATT-1_contig_1,True,521,TRB,TRBV20-1,None,TRBJ2-1,TRBC2,True,True,CSARVGSEVNEQFF,TGCAGTGCTAGAGTGGGGTCGGAAGTCAATGAGCAGTTCTTC,863,21,clonotype2,clonotype2_consensus_1
ACAGCTAAGCTAACTC-1,True,ACAGCTAAGCTAACTC-1_contig_1,True,505,TRA,TRAV1-2,None,TRAJ33,TRAC,True,True,CAATDSNYQLIW,TGTGCTGCGACTGATAGCAACTATCAGTTAATCTGG,786,2,clonotype1,clonotype1_consensus_2
ACAGCTAAGCTAACTC-1,True,ACAGCTAAGCTAACTC-1_contig_2,True,521,TRB,TRBV20-1,None,TRBJ2-1,TRBC2,True,True,CSARVGSEVNEQFF,TGCAGTGCTAGAGTGGGGTCGGAAGTCAATGAGCAGTTCTTC,1771,10,clonotype1,clonotype1_consensus_1
ACAGCTAAGCTAACTC-1,True,ACAGCTAAGCTAACTC-1_contig_3,True,322,TRB,None,None,TRBJ1-6,TRBC1,False,False,None,None,172,2,clonotype1,None
ACAGCTAAGCTAACTC-1,True,ACAGCTAAGCTAACTC-1_contig_4,True,469,TRA,TRAV10,None,TRAJ24,TRAC,True,False,None,None,197,2,clonotype1,None
ACAGCTAAGGACTGGT-1,True,ACAGCTAAGGACTGGT-1_contig_1,True,521,TRB,TRBV5-5,None,TRBJ2-2,TRBC2,True,True,CASQQQGIGELFF,TGTGCCAGCCAGCAACAGGGAATCGGGGAGCTGTTTTTT,1845,9,clonotype583,clonotype583_consensus_1
ACAGCTAAGGACTGGT-1,True,ACAGCTAAGGACTGGT-1_contig_2,True,612,TRA,TRAV41,None,TRAJ49,TRAC,True,True,CAVNRRGGNQFYF,TGTGCTGTCAACCGGAGAGGCGGTAACCAGTTCTATTTT,760,6,clonotype583,clonotype583_consensus_2
ACAGCTAAGGACTGGT-1,True,ACAGCTAAGGACTGGT-1_contig_3,True,534,TRA,TRAV27,None,TRAJ45,TRAC,True,False,None,None,473,3,clonotype583,None
ACAGCTAAGTCAAGGC-1,True,ACAGCTAAGTCAAGGC-1_contig_1,True,668,TRA,TRAV8-6,None,TRAJ4,TRAC,True,True,CAVSDGFSGGYNKLIF,TGTGCTGTGAGTGACGGGTTTTCTGGTGGCTACAATAAGCTGATTTTT,525,4,clonotype584,clonotype584_consensus_2
ACAGCTAAGTCAAGGC-1,True,ACAGCTAAGTCAAGGC-1_contig_2,True,527,TRB,TRBV20-1,None,TRBJ2-5,TRBC2,True,True,CSASSPLTGGGETQYF,TGCAGTGCTAGTAGTCCCTTGACAGGGGGAGGAGAGACCCAGTACTTC,2183,9,clonotype584,clonotype584_consensus_1
ACAGCTAAGTCAAGGC-1,True,ACAGCTAAGTCAAGGC-1_contig_3,True,409,TRA,TRAV8-3,None,None,TRAC,False,False,None,None,277,1,clonotype584,None
ACAGCTAAGTGGACGT-1,True,ACAGCTAAGTGGACGT-1_contig_1,True,502,TRA,TRAV1-2,None,TRAJ30,TRAC,True,True,CAVRDLREIIF,TGTGCTGTGAGAGATCTTCGGGAGATCATCTTT,599,2,clonotype3,clonotype3_consensus_2
ACAGCTAAGTGGACGT-1,True,ACAGCTAAGTGGACGT-1_contig_2,True,720,TRB,TRBV5-5,None,TRBJ1-4,TRBC1,True,True,CASSHPGPNYATNEKLFF,TGTGCCAGCAGCCATCCCGGACCGAACTACGCAACTAATGAAAAACTGTTTTTT,2782,10,clonotype3,clonotype3_consensus_1
ACAGCTAAGTGGACGT-1,True,ACAGCTAAGTGGACGT-1_contig_3,True,430,TRB,TRBV7-3,None,TRBJ2-1,TRBC2,True,False,CQQRSLKAGGPYNEQFF,TGCCAGCAGCGGTCACTTAAAGCGGGGGGACCCTACAATGAGCAGTTCTTC,327,1,clonotype3,None
ACAGCTAAGTGTACGG-1,True,ACAGCTAAGTGTACGG-1_contig_1,True,505,TRA,TRAV1-2,None,TRAJ33,TRAC,True,True,CAATDSNYQLIW,TGTGCTGCGACTGATAGCAACTATCAGTTAATCTGG,792,3,clonotype1,clonotype1_consensus_2
ACAGCTAAGTGTACGG-1,True,ACAGCTAAGTGTACGG-1_contig_2,True,521,TRB,TRBV20-1,None,TRBJ2-1,TRBC2,True,True,CSARVGSEVNEQFF,TGCAGTGCTAGAGTGGGGTCGGAAGTCAATGAGCAGTTCTTC,2474,10,clonotype1,clonotype1_consensus_1
ACAGCTAAGTGTTAGA-1,True,ACAGCTAAGTGTTAGA-1_contig_1,True,470,TRA,TRAV10,None,TRAJ12,TRAC,True,True,CVVSAPGKDSSYKLIF,TGTGTGGTGAGCGCGCCAGGGAAGGATAGCAGCTATAAATTGATCTTC,2885,6,clonotype585,clonotype585_consensus_1
ACAGCTAAGTGTTAGA-1,True,ACAGCTAAGTGTTAGA-1_contig_2,True,495,TRB,TRBV20-1,None,TRBJ1-1,TRBC1,True,True,CSARRQQNTEAFF,TGCAGTGCTAGGAGGCAGCAGAACACTGAAGCTTTCTTT,598,5,clonotype585,clonotype585_consensus_2
ACAGCTACACATTCGA-1,True,ACAGCTACACATTCGA-1_contig_1,True,505,TRA,TRAV1-2,None,TRAJ33,TRAC,True,True,CAATDSNYQLIW,TGTGCTGCGACTGATAGCAACTATCAGTTAATCTGG,3388,6,clonotype1,clonotype1_consensus_2
ACAGCTACACATTCGA-1,True,ACAGCTACACATTCGA-1_contig_2,True,521,TRB,TRBV20-1,None,TRBJ2-1,TRBC2,True,True,CSARVGSEVNEQFF,TGCAGTGCTAGAGTGGGGTCGGAAGTCAATGAGCAGTTCTTC,3333,17,clonotype1,clonotype1_consensus_1
ACAGCTACACCAGCAC-1,True,ACAGCTACACCAGCAC-1_contig_1,True,494,TRA,TRAV34,None,TRAJ52,TRAC,True,True,CGAVPNAGGTSYGKLTF,TGTGGAGCAGTACCTAATGCTGGTGGTACTAGCTATGGAAAGCTGACATTT,211,4,clonotype586,clonotype586_consensus_2
ACAGCTACACCAGCAC-1,True,ACAGCTACACCAGCAC-1_contig_2,True,522,TRB,TRBV5-5,None,TRBJ2-7,TRBC2,True,True,CASSPRGRGDEQYF,TGTGCCAGCAGCCCCCGGGGGAGGGGGGACGAGCAGTACTTC,2110,7,clonotype586,clonotype586_consensus_1
ACAGCTACATGTAAGA-1,True,ACAGCTACATGTAAGA-1_contig_1,True,488,TRB,TRBV5-5,None,TRBJ1-4,TRBC1,True,True,CASSFTDRRATNEKLFF,TGTGCCAGCAGCTTTACAGACAGGAGGGCAACTAATGAAAAACTGTTTTTT,1361,6,clonotype587,clonotype587_consensus_1
ACAGCTACATTCTCAT-1,True,ACAGCTACATTCTCAT-1_contig_1,True,514,TRB,TRBV5-5,None,TRBJ2-7,TRBC2,True,True,CASSRSQGVVYEQYF,TGTGCCAGCAGCCGGTCACAGGGAGTCGTCTACGAGCAGTACTTC,4468,13,clonotype588,clonotype588_consensus_1
ACAGCTACATTCTCAT-1,True,ACAGCTACATTCTCAT-1_contig_2,True,320,TRB,None,None,TRBJ1-1,TRBC1,False,False,None,None,1458,4,clonotype588,None
ACAGCTAGTATCTGCA-1,True,ACAGCTAGTATCTGCA-1_contig_1,True,530,TRB,TRBV20-1,None,TRBJ1-2,TRBC1,True,True,CSARSGVRGSPSYGYTF,TGCAGTGCCCGTTCCGGGGTACGAGGATCGCCCAGCTATGGCTACACCTTC,1072,9,clonotype589,clonotype589_consensus_2
ACAGCTAGTATCTGCA-1,True,ACAGCTAGTATCTGCA-1_contig_2,True,713,TRA,TRAV8-3,None,TRAJ16,TRAC,True,True,CAVGPDGQKLLF,TGTGCTGTGGGCCCAGATGGCCAGAAGCTGCTCTTT,548,3,clonotype589,clonotype589_consensus_1
ACAGCTAGTCATTAGC-1,True,ACAGCTAGTCATTAGC-1_contig_1,True,488,TRA,TRAV9-2,None,TRAJ15,TRAC,True,True,CVLLGQAGTALIF,TGTGTCCTCTTGGGGCAGGCAGGAACTGCTCTGATCTTT,701,3,clonotype590,clonotype590_consensus_2
ACAGCTAGTCATTAGC-1,True,ACAGCTAGTCATTAGC-1_contig_2,True,507,TRB,TRBV5-5,None,TRBJ2-4,TRBC2,True,True,CASSLGVAKNIQYF,TGTGCCAGCAGCTTGGGGGTAGCCAAAAACATTCAGTACTTC,2840,9,clonotype590,clonotype590_consensus_1
ACAGCTAGTCCGAAGA-1,True,ACAGCTAGTCCGAAGA-1_contig_1,True,571,TRA,TRAV29/DV5,None,TRAJ40,TRAC,True,True,CAATNPSGTYKYIF,TGTGCAGCAACCAACCCATCAGGAACCTACAAATACATCTTT,622,5,clonotype591,clonotype591_consensus_2
ACAGCTAGTCCGAAGA-1,True,ACAGCTAGTCCGAAGA-1_contig_2,True,502,TRB,TRBV5-5,None,TRBJ1-1,TRBC1,True,True,CASSQGVDTEAFF,TGTGCCAGCAGTCAGGGGGTCGACACTGAAGCTTTCTTT,271,5,clonotype591,clonotype591_consensus_1
ACAGCTAGTCGACTGC-1,True,ACAGCTAGTCGACTGC-1_contig_1,True,446,TRA,TRAV9-2,None,TRAJ13,TRAC,True,True,CALNLEGYQKVTF,TGTGCTCTGAACTTAGAGGGTTACCAGAAAGTTACCTTT,1143,5,clonotype6,clonotype6_consensus_1
ACAGCTAGTCGACTGC-1,True,ACAGCTAGTCGACTGC-1_contig_2,True,709,TRB,TRBV5-6,None,TRBJ1-5,TRBC1,True,True,CASSFRGGANQPQHF,TGTGCCAGCAGCTTTCGAGGGGGCGCGAATCAGCCCCAGCATTTT,948,5,clonotype6,clonotype6_consensus_2
ACAGCTAGTCTCATCC-1,True,ACAGCTAGTCTCATCC-1_contig_1,True,618,TRA,TRAV41,None,TRAJ57,TRAC,True,True,CAVRITQGGSEKLVF,TGTGCTGTCAGGATTACTCAGGGCGGATCTGAAAAGCTGGTCTTT,2247,5,clonotype592,clonotype592_consensus_2
ACAGCTAGTCTCATCC-1,True,ACAGCTAGTCTCATCC-1_contig_2,True,492,TRB,TRBV20-1,None,TRBJ2-7,TRBC2,True,True,CSARNLLGGYEQYF,TGCAGTGCTAGAAACTTGCTCGGGGGCTACGAGCAGTACTTC,1211,4,clonotype592,clonotype592_consensus_1
ACAGCTAGTCTCATCC-1,True,ACAGCTAGTCTCATCC-1_contig_3,True,366,TRA,None,None,TRAJ38,TRAC,False,False,None,None,237,2,clonotype592,None
ACAGCTAGTGCTCTTC-1,True,ACAGCTAGTGCTCTTC-1_contig_1,True,505,TRA,TRAV1-2,None,TRAJ33,TRAC,True,True,CAATDSNYQLIW,TGTGCTGCGACTGATAGCAACTATCAGTTAATCTGG,62,3,clonotype1,clonotype1_consensus_2
ACAGCTAGTGCTCTTC-1,True,ACAGCTAGTGCTCTTC-1_contig_2,True,521,TRB,TRBV20-1,None,TRBJ2-1,TRBC2,True,True,CSARVGSEVNEQFF,TGCAGTGCTAGAGTGGGGTCGGAAGTCAATGAGCAGTTCTTC,661,6,clonotype1,clonotype1_consensus_1
ACAGCTAGTGGTAACG-1,True,ACAGCTAGTGGTAACG-1_contig_1,True,521,TRB,TRBV20-1,None,TRBJ2-1,TRBC2,True,True,CSARVGSEVNEQFF,TGCAGTGCTAGAGTGGGGTCGGAAGTCAATGAGCAGTTCTTC,1399,7,clonotype2,clonotype2_consensus_1
ACAGCTAGTTCGTTGA-1,True,ACAGCTAGTTCGTTGA-1_contig_1,True,502,TRA,TRAV1-2,None,TRAJ30,TRAC,True,True,CAVRDLREIIF,TGTGCTGTGAGAGATCTTCGGGAGATCATCTTT,454,2,clonotype3,clonotype3_consensus_2
ACAGCTAGTTCGTTGA-1,True,ACAGCTAGTTCGTTGA-1_contig_2,True,503,TRB,TRBV5-5,None,TRBJ1-4,TRBC1,True,True,CASSHPGPNYATNEKLFF,TGTGCCAGCAGCCATCCCGGACCGAACTACGCAACTAATGAAAAACTGTTTTTT,272,2,clonotype3,clonotype3_consensus_1
ACAGCTAGTTCGTTGA-1,True,ACAGCTAGTTCGTTGA-1_contig_3,True,427,TRB,TRBV7-3,None,TRBJ2-1,TRBC2,True,False,CQQRSLKAGGPYNEQFF,TGCCAGCAGCGGTCACTTAAAGCGGGGGGACCCTACAATGAGCAGTTCTTC,45,1,clonotype3,None
ACAGCTATCAAACCGT-1,True,ACAGCTATCAAACCGT-1_contig_1,True,518,TRB,TRBV20-1,None,TRBJ2-3,TRBC2,True,True,CSARGSDTDTQYF,TGCAGTGCTAGGGGCTCGGACACAGATACGCAGTATTTT,1312,12,clonotype105,clonotype105_consensus_1
ACAGCTATCAAACCGT-1,True,ACAGCTATCAAACCGT-1_contig_2,True,490,TRA,TRAV21,None,TRAJ28,TRAC,True,True,CAVPPSGAGSYQLTF,TGTGCTGTCCCCCCCTCTGGGGCTGGGAGTTACCAACTCACTTTC,1181,8,clonotype105,clonotype105_consensus_2
ACAGCTATCAAACCGT-1,True,ACAGCTATCAAACCGT-1_contig_3,True,424,TRA,TRAV9-2,None,TRAJ44,TRAC,True,False,None,None,378,2,clonotype105,None
ACAGCTATCAAACCGT-1,True,ACAGCTATCAAACCGT-1_contig_4,True,491,TRB,None,None,TRBJ1-3,TRBC1,False,False,None,None,709,2,clonotype105,None
ACAGCTATCAAAGACA-1,True,ACAGCTATCAAAGACA-1_contig_1,True,497,TRA,TRAV39,None,TRAJ13,TRAC,True,True,CAVDKGTSGGYQKVTF,TGTGCCGTGGACAAAGGAACTTCTGGGGGTTACCAGAAAGTTACCTTT,288,2,clonotype593,clonotype593_consensus_2
ACAGCTATCAAAGACA-1,True,ACAGCTATCAAAGACA-1_contig_2,True,507,TRB,TRBV5-5,None,TRBJ1-3,TRBC1,True,True,CASSTDVGGNTIYF,TGTGCCAGCAGCACCGACGTTGGTGGAAACACCATATATTTT,711,4,clonotype593,clonotype593_consensus_1
ACAGCTATCGACGGAA-1,True,ACAGCTATCGACGGAA-1_contig_1,True,505,TRA,TRAV1-2,None,TRAJ33,TRAC,True,True,CAATDSNYQLIW,TGTGCTGCGACTGATAGCAACTATCAGTTAATCTGG,167,1,clonotype1,clonotype1_consensus_2
ACAGCTATCGACGGAA-1,True,ACAGCTATCGACGGAA-1_contig_2,True,521,TRB,TRBV20-1,None,TRBJ2-1,TRBC2,True,True,CSARVGSEVNEQFF,TGCAGTGCTAGAGTGGGGTCGGAAGTCAATGAGCAGTTCTTC,2175,9,clonotype1,clonotype1_consensus_1
ACAGCTATCGACGGAA-1,True,ACAGCTATCGACGGAA-1_contig_3,True,429,TRA,TRAV10,None,TRAJ24,TRAC,True,False,None,None,183,1,clonotype1,None
ACAGCTATCGCCCTTA-1,True,ACAGCTATCGCCCTTA-1_contig_1,True,524,TRB,TRBV20-1,None,TRBJ1-1,TRBC1,True,True,CSASPGTAWGTEAFF,TGCAGTGCTAGCCCCGGGACAGCTTGGGGCACTGAAGCTTTCTTT,2407,12,clonotype594,clonotype594_consensus_2
ACAGCTATCGCCCTTA-1,True,ACAGCTATCGCCCTTA-1_contig_2,True,536,TRA,TRAV27,None,TRAJ37,TRAC,True,True,CAGSRRGSSNTGKLIF,TGTGCAGGATCCCGTCGAGGCTCTAGCAACACAGGCAAACTAATCTTT,493,4,clonotype594,clonotype594_consensus_1
ACAGCTATCGCCCTTA-1,True,ACAGCTATCGCCCTTA-1_contig_3,True,512,TRA,TRAV38-1,None,TRAJ48,TRAC,True,True,CAFMKLRNEKLTF,TGTGCTTTCATGAAGCTACGGAATGAGAAATTAACCTTT,2209,8,clonotype594,clonotype594_consensus_3
ACAGCTATCGCTAGCG-1,True,ACAGCTATCGCTAGCG-1_contig_1,True,505,TRA,TRAV1-2,None,TRAJ33,TRAC,True,True,CAATDSNYQLIW,TGTGCTGCGACTGATAGCAACTATCAGTTAATCTGG,357,2,clonotype1,clonotype1_consensus_2
ACAGCTATCGCTAGCG-1,True,ACAGCTATCGCTAGCG-1_contig_2,True,521,TRB,TRBV20-1,None,TRBJ2-1,TRBC2,True,True,CSARVGSEVNEQFF,TGCAGTGCTAGAGTGGGGTCGGAAGTCAATGAGCAGTTCTTC,2112,8,clonotype1,clonotype1_consensus_1
ACAGCTATCGGCCGAT-1,True,ACAGCTATCGGCCGAT-1_contig_1,True,508,TRB,TRBV20-1,None,TRBJ2-5,TRBC2,True,True,CSAPIQWGGETQYF,TGCAGTGCTCCAATTCAATGGGGAGGTGAGACCCAGTACTTC,3682,13,clonotype595,clonotype595_consensus_1
ACATACGAGATCCCGC-1,True,ACATACGAGATCCCGC-1_contig_1,True,505,TRA,TRAV1-2,None,TRAJ33,TRAC,True,True,CAATDSNYQLIW,TGTGCTGCGACTGATAGCAACTATCAGTTAATCTGG,1436,6,clonotype1,clonotype1_consensus_2
ACATACGAGATCCCGC-1,True,ACATACGAGATCCCGC-1_contig_2,True,521,TRB,TRBV20-1,None,TRBJ2-1,TRBC2,True,True,CSARVGSEVNEQFF,TGCAGTGCTAGAGTGGGGTCGGAAGTCAATGAGCAGTTCTTC,5061,27,clonotype1,clonotype1_consensus_1
ACATACGAGATCCCGC-1,True,ACATACGAGATCCCGC-1_contig_3,True,500,TRA,TRAV10,None,TRAJ24,TRAC,True,False,None,None,721,3,clonotype1,None
ACATACGAGCGTGTCC-1,True,ACATACGAGCGTGTCC-1_contig_1,True,521,TRB,TRBV20-1,None,TRBJ2-1,TRBC2,True,True,CSARVGSEVNEQFF,TGCAGTGCTAGAGTGGGGTCGGAAGTCAATGAGCAGTTCTTC,966,6,clonotype2,clonotype2_consensus_1
ACATACGAGCTACCTA-1,True,ACATACGAGCTACCTA-1_contig_1,True,498,TRB,TRBV20-1,None,TRBJ2-1,TRBC2,True,True,CSARVGSEVNEQFF,TGCAGTGCTAGAGTGGGGTCGGAAGTCAATGAGCAGTTCTTC,383,6,clonotype2,clonotype2_consensus_1
ACATACGAGCTACCTA-1,True,ACATACGAGCTACCTA-1_contig_2,True,465,TRA,TRAV10,None,TRAJ24,TRAC,True,False,None,None,232,3,clonotype2,None
ACATACGAGGCGACAT-1,True,ACATACGAGGCGACAT-1_contig_1,True,521,TRB,TRBV20-1,None,TRBJ2-1,TRBC2,True,True,CSARVGSEVNEQFF,TGCAGTGCTAGAGTGGGGTCGGAAGTCAATGAGCAGTTCTTC,1964,8,clonotype2,clonotype2_consensus_1
ACATACGCAATACGCT-1,True,ACATACGCAATACGCT-1_contig_1,True,501,TRB,TRBV20-1,None,TRBJ2-2,TRBC2,True,True,CSAHAGTGNTGELFF,TGCAGTGCTCATGCCGGGACAGGGAACACCGGGGAGCTGTTTTTT,976,8,clonotype596,clonotype596_consensus_1
ACATACGCAATACGCT-1,True,ACATACGCAATACGCT-1_contig_2,True,554,TRA,TRAV12-1,None,TRAJ33,TRAC,True,True,CVVNVYSNYQLIW,TGTGTGGTGAACGTCTATAGCAACTATCAGTTAATCTGG,1062,8,clonotype596,clonotype596_consensus_2
ACATACGCACCAGCAC-1,True,ACATACGCACCAGCAC-1_contig_1,True,530,TRB,TRBV20-1,None,TRBJ1-2,TRBC1,True,True,CSARGGTGGYFDYGYTF,TGCAGTGCTAGAGGTGGGACAGGGGGCTATTTCGACTATGGCTACACCTTC,3123,13,clonotype597,clonotype597_consensus_1
ACATACGCACCAGCAC-1,True,ACATACGCACCAGCAC-1_contig_2,True,562,TRA,TRAV19,None,TRAJ30,TRAC,True,True,CALSGRRDDKIIF,TGTGCTCTGAGTGGACGAAGAGATGACAAGATCATCTTT,722,3,clonotype597,clonotype597_consensus_2
ACATACGCACCGATAT-1,True,ACATACGCACCGATAT-1_contig_1,True,495,TRB,TRBV20-1,None,TRBJ2-7,TRBC2,True,True,CSARGALGSSYEQYF,TGCAGTGCTAGAGGAGCCCTGGGCAGCTCCTACGAGCAGTACTTC,2255,7,clonotype598,clonotype598_consensus_1
ACATACGCACCGATAT-1,True,ACATACGCACCGATAT-1_contig_2,True,511,TRB,TRBV20-1,None,TRBJ1-5,TRBC1,True,True,CSATTGRFLQPQHF,TGCAGTGCCACGACAGGGCGGTTTCTTCAGCCCCAGCATTTT,1499,9,clonotype598,clonotype598_consensus_2
ACATACGCACCGATAT-1,True,ACATACGCACCGATAT-1_contig_3,True,517,TRA,TRAV21,None,TRAJ42,TRAC,True,True,CACRGGSQGNLIF,TGTGCTTGCCGTGGAGGAAGCCAAGGAAATCTCATCTTT,2617,8,clonotype598,clonotype598_consensus_3
ACATACGCACCGATAT-1,True,ACATACGCACCGATAT-1_contig_4,True,306,TRB,None,None,TRBJ1-2,TRBC1,False,False,None,None,86,2,clonotype598,None
ACATACGCACCGATAT-1,True,ACATACGCACCGATAT-1_contig_5,True,428,TRA,TRAV26-2,None,TRAJ53,TRAC,True,False,None,None,196,2,clonotype598,None
ACATACGCACCGATAT-1,True,ACATACGCACCGATAT-1_contig_6,True,457,TRA,TRAV13-1,None,TRAJ45,TRAC,True,False,None,None,456,2,clonotype598,None
ACATACGCACCGATAT-1,True,ACATACGCACCGATAT-1_contig_7,True,396,TRB,None,None,TRBJ1-2,TRBC1,False,False,None,None,476,2,clonotype598,None
ACATACGCACGCGAAA-1,True,ACATACGCACGCGAAA-1_contig_1,True,505,TRA,TRAV1-2,None,TRAJ33,TRAC,True,True,CAATDSNYQLIW,TGTGCTGCGACTGATAGCAACTATCAGTTAATCTGG,395,4,clonotype1,clonotype1_consensus_2
ACATACGCACGCGAAA-1,True,ACATACGCACGCGAAA-1_contig_2,True,521,TRB,TRBV20-1,None,TRBJ2-1,TRBC2,True,True,CSARVGSEVNEQFF,TGCAGTGCTAGAGTGGGGTCGGAAGTCAATGAGCAGTTCTTC,3117,13,clonotype1,clonotype1_consensus_1
ACATACGCACGCGAAA-1,True,ACATACGCACGCGAAA-1_contig_3,True,517,TRA,TRAV10,None,TRAJ24,TRAC,True,False,None,None,3344,2,clonotype1,None
ACATACGCACTACAGT-1,True,ACATACGCACTACAGT-1_contig_1,True,505,TRA,TRAV1-2,None,TRAJ33,TRAC,True,True,CAATDSNYQLIW,TGTGCTGCGACTGATAGCAACTATCAGTTAATCTGG,1248,2,clonotype1,clonotype1_consensus_2
ACATACGCACTACAGT-1,True,ACATACGCACTACAGT-1_contig_2,True,498,TRB,TRBV20-1,None,TRBJ2-1,TRBC2,True,True,CSARVGSEVNEQFF,TGCAGTGCTAGAGTGGGGTCGGAAGTCAATGAGCAGTTCTTC,1918,10,clonotype1,clonotype1_consensus_1
ACATACGCACTACAGT-1,True,ACATACGCACTACAGT-1_contig_3,True,312,TRB,None,None,TRBJ2-2P,TRBC2,False,False,None,None,2763,1,clonotype1,None
ACATACGCAGACAGGT-1,True,ACATACGCAGACAGGT-1_contig_1,True,492,TRB,TRBV20-1,None,TRBJ2-3,TRBC2,True,True,CSARLAATDTQYF,TGCAGTGCCCGGCTAGCGGCCACAGATACGCAGTATTTT,9795,9,clonotype187,clonotype187_consensus_3
ACATACGCAGACAGGT-1,True,ACATACGCAGACAGGT-1_contig_2,True,662,TRA,TRAV8-6,None,TRAJ54,TRAC,True,True,CAVSRSGGAQKLVF,TGTGCTGTGAGCAGATCAGGGGGAGCCCAGAAGCTGGTATTT,243,3,clonotype187,clonotype187_consensus_2
ACATACGCAGACAGGT-1,True,ACATACGCAGACAGGT-1_contig_3,True,589,TRA,TRAV17,None,TRAJ37,TRAC,True,True,CATDARPSNTGKLIF,TGTGCTACGGACGCAAGGCCTAGCAACACAGGCAAACTAATCTTT,550,2,clonotype187,clonotype187_consensus_1
ACATACGCAGGGTACA-1,True,ACATACGCAGGGTACA-1_contig_1,True,510,TRB,TRBV20-1,None,TRBJ2-1,TRBC2,True,True,CSARGLAGGLSSYNEQFF,TGCAGTGCTAGAGGACTAGCGGGGGGCCTAAGCTCCTACAATGAGCAGTTCTTC,2026,15,clonotype599,clonotype599_consensus_1
ACATACGCAGGGTACA-1,True,ACATACGCAGGGTACA-1_contig_2,True,544,TRA,TRAV12-2,None,TRAJ26,TRAC,True,True,CAVPDNYGQNFVF,TGTGCCGTGCCGGATAACTATGGTCAGAATTTTGTCTTT,1207,4,clonotype599,clonotype599_consensus_2
ACATACGCATAGAAAC-1,True,ACATACGCATAGAAAC-1_contig_1,True,521,TRB,TRBV20-1,None,TRBJ2-1,TRBC2,True,True,CSARVGSEVNEQFF,TGCAGTGCTAGAGTGGGGTCGGAAGTCAATGAGCAGTTCTTC,1075,11,clonotype2,clonotype2_consensus_1
ACATACGCATCGATGT-1,True,ACATACGCATCGATGT-1_contig_1,True,505,TRA,TRAV1-2,None,TRAJ33,TRAC,True,True,CAATDSNYQLIW,TGTGCTGCGACTGATAGCAACTATCAGTTAATCTGG,3763,11,clonotype1,clonotype1_consensus_2
ACATACGCATCGATGT-1,True,ACATACGCATCGATGT-1_contig_2,True,521,TRB,TRBV20-1,None,TRBJ2-1,TRBC2,True,True,CSARVGSEVNEQFF,TGCAGTGCTAGAGTGGGGTCGGAAGTCAATGAGCAGTTCTTC,2778,13,clonotype1,clonotype1_consensus_1
ACATACGCATCGATGT-1,True,ACATACGCATCGATGT-1_contig_3,True,469,TRA,TRAV10,None,TRAJ24,TRAC,True,False,None,None,344,2,clonotype1,None
ACATACGCATGCCCGA-1,True,ACATACGCATGCCCGA-1_contig_1,True,502,TRA,TRAV1-2,None,TRAJ30,TRAC,True,True,CAVRDLREIIF,TGTGCTGTGAGAGATCTTCGGGAGATCATCTTT,1785,5,clonotype3,clonotype3_consensus_2
ACATACGCATGCCCGA-1,True,ACATACGCATGCCCGA-1_contig_2,True,493,TRB,TRBV5-5,None,TRBJ1-4,TRBC1,True,True,CASSHPGPNYATNEKLFF,TGTGCCAGCAGCCATCCCGGACCGAACTACGCAACTAATGAAAAACTGTTTTTT,381,5,clonotype3,clonotype3_consensus_1
ACATACGGTAAGCACG-1,True,ACATACGGTAAGCACG-1_contig_1,True,505,TRA,TRAV1-2,None,TRAJ33,TRAC,True,True,CAATDSNYQLIW,TGTGCTGCGACTGATAGCAACTATCAGTTAATCTGG,251,4,clonotype1,clonotype1_consensus_2
ACATACGGTAAGCACG-1,True,ACATACGGTAAGCACG-1_contig_2,True,521,TRB,TRBV20-1,None,TRBJ2-1,TRBC2,True,True,CSARVGSEVNEQFF,TGCAGTGCTAGAGTGGGGTCGGAAGTCAATGAGCAGTTCTTC,2373,10,clonotype1,clonotype1_consensus_1
ACATACGGTACATGTC-1,True,ACATACGGTACATGTC-1_contig_1,True,519,TRA,TRAV22,None,TRAJ29,TRAC,True,True,CAVNSLSGNTPLVF,TGTGCTGTCAACTCCCTTTCAGGAAACACACCTCTTGTCTTT,353,4,clonotype600,clonotype600_consensus_1
ACATACGGTACATGTC-1,True,ACATACGGTACATGTC-1_contig_2,True,501,TRB,TRBV20-1,None,TRBJ2-3,TRBC2,True,True,CSAIVLAGATDTQYF,TGCAGTGCTATCGTACTAGCGGGAGCCACAGATACGCAGTATTTT,5298,18,clonotype600,clonotype600_consensus_2
ACATACGGTCGAATCT-1,True,ACATACGGTCGAATCT-1_contig_1,True,488,TRB,TRBV20-1,None,TRBJ1-4,TRBC1,True,True,CSARRGRSVNEKLFF,TGCAGTGCCAGGCGGGGGCGTTCCGTTAATGAAAAACTGTTTTTT,2077,4,clonotype101,clonotype101_consensus_2
ACATACGGTCGAATCT-1,True,ACATACGGTCGAATCT-1_contig_2,True,456,TRA,TRAV13-1,None,TRAJ31,TRAC,True,True,CAASISNARLMF,TGTGCAGCAAGTATAAGCAATGCCAGACTCATGTTT,3059,1,clonotype101,clonotype101_consensus_1
ACATACGGTCGAATCT-1,True,ACATACGGTCGAATCT-1_contig_3,True,499,TRB,TRBV21-1,None,TRBJ2-2,TRBC2,True,False,CQRTSSPFGQENTGELFF,TGCCAGCGGACCAGCAGCCCCTTCGGGCAGGAGAACACCGGGGAGCTGTTTTTT,164,2,clonotype101,None
ACATACGGTCTTGTCC-1,True,ACATACGGTCTTGTCC-1_contig_1,True,505,TRA,TRAV1-2,None,TRAJ33,TRAC,True,True,CAATDSNYQLIW,TGTGCTGCGACTGATAGCAACTATCAGTTAATCTGG,1557,7,clonotype1,clonotype1_consensus_2
ACATACGGTCTTGTCC-1,True,ACATACGGTCTTGTCC-1_contig_2,True,498,TRB,TRBV20-1,None,TRBJ2-1,TRBC2,True,True,CSARVGSEVNEQFF,TGCAGTGCTAGAGTGGGGTCGGAAGTCAATGAGCAGTTCTTC,2546,9,clonotype1,clonotype1_consensus_1
ACATACGGTGACTACT-1,True,ACATACGGTGACTACT-1_contig_1,True,505,TRA,TRAV1-2,None,TRAJ33,TRAC,True,True,CAATDSNYQLIW,TGTGCTGCGACTGATAGCAACTATCAGTTAATCTGG,1164,4,clonotype1,clonotype1_consensus_2
ACATACGGTGACTACT-1,True,ACATACGGTGACTACT-1_contig_2,True,521,TRB,TRBV20-1,None,TRBJ2-1,TRBC2,True,True,CSARVGSEVNEQFF,TGCAGTGCTAGAGTGGGGTCGGAAGTCAATGAGCAGTTCTTC,1664,8,clonotype1,clonotype1_consensus_1
ACATACGGTTTGACAC-1,True,ACATACGGTTTGACAC-1_contig_1,True,573,TRA,TRAV8-4,None,TRAJ39,TRAC,True,True,CAVSGPNNAGNMLTF,TGTGCTGTGAGTGGCCCCAATAATGCAGGCAACATGCTCACCTTT,495,3,clonotype601,clonotype601_consensus_2
ACATACGGTTTGACAC-1,True,ACATACGGTTTGACAC-1_contig_2,True,490,TRB,TRBV5-6,None,TRBJ1-5,TRBC1,True,True,CASSLLGAGQPQHF,TGTGCCAGCAGCTTGCTGGGGGCAGGACAGCCCCAGCATTTT,3064,10,clonotype601,clonotype601_consensus_1
ACATACGTCCCTTGCA-1,True,ACATACGTCCCTTGCA-1_contig_1,True,498,TRB,TRBV20-1,None,TRBJ2-1,TRBC2,True,True,CSARVGSEVNEQFF,TGCAGTGCTAGAGTGGGGTCGGAAGTCAATGAGCAGTTCTTC,474,2,clonotype2,clonotype2_consensus_1
ACATACGTCCCTTGCA-1,True,ACATACGTCCCTTGCA-1_contig_2,True,320,TRB,None,None,TRBJ1-4,TRBC1,False,False,None,None,343,1,clonotype2,None
ACATACGTCCCTTGCA-1,True,ACATACGTCCCTTGCA-1_contig_3,True,482,TRA,TRAV10,None,TRAJ24,TRAC,True,False,None,None,226,2,clonotype2,None
ACATACGTCCGAGCCA-1,True,ACATACGTCCGAGCCA-1_contig_1,True,498,TRA,TRAV1-2,None,TRAJ33,TRAC,True,True,CAATDSNYQLIW,TGTGCTGCGACTGATAGCAACTATCAGTTAATCTGG,343,1,clonotype1,clonotype1_consensus_2
ACATACGTCCGAGCCA-1,True,ACATACGTCCGAGCCA-1_contig_2,True,498,TRB,TRBV20-1,None,TRBJ2-1,TRBC2,True,True,CSARVGSEVNEQFF,TGCAGTGCTAGAGTGGGGTCGGAAGTCAATGAGCAGTTCTTC,1861,11,clonotype1,clonotype1_consensus_1
ACATACGTCCGAGCCA-1,True,ACATACGTCCGAGCCA-1_contig_3,True,482,TRA,TRAV10,None,TRAJ24,TRAC,True,False,None,None,224,2,clonotype1,None
ACATACGTCCTTAATC-1,True,ACATACGTCCTTAATC-1_contig_1,True,570,TRA,TRAV8-4,None,TRAJ4,TRAC,True,True,CAVTFSGGYNKLIF,TGTGCTGTGACCTTTTCTGGTGGCTACAATAAGCTGATTTTT,1028,7,clonotype602,clonotype602_consensus_2
ACATACGTCCTTAATC-1,True,ACATACGTCCTTAATC-1_contig_2,True,714,TRB,TRBV5-6,None,TRBJ1-1,TRBC1,True,True,CASSLDRNTEAFF,TGTGCCAGCAGCTTGGACAGGAACACTGAAGCTTTCTTT,992,10,clonotype602,clonotype602_consensus_1
ACATACGTCCTTAATC-1,True,ACATACGTCCTTAATC-1_contig_3,True,461,TRA,TRAV13-1,None,TRAJ5,TRAC,True,False,None,None,159,1,clonotype602,None
ACATACGTCTATGTGG-1,True,ACATACGTCTATGTGG-1_contig_1,True,513,TRA,TRAV38-1,None,TRAJ26,TRAC,True,True,CAFTSYGQNFVF,TGTGCTTTCACCTCATATGGTCAGAATTTTGTCTTT,368,5,clonotype14,clonotype14_consensus_1
ACATACGTCTATGTGG-1,True,ACATACGTCTATGTGG-1_contig_2,True,521,TRB,TRBV20-1,None,TRBJ2-3,TRBC2,True,True,CSARPDTSTDTQYF,TGCAGTGCCCGTCCTGATACTAGCACAGATACGCAGTATTTT,2265,12,clonotype14,clonotype14_consensus_2
ACATACGTCTGCGACG-1,True,ACATACGTCTGCGACG-1_contig_1,True,505,TRA,TRAV1-2,None,TRAJ33,TRAC,True,True,CAATDSNYQLIW,TGTGCTGCGACTGATAGCAACTATCAGTTAATCTGG,199,2,clonotype1,clonotype1_consensus_2
ACATACGTCTGCGACG-1,True,ACATACGTCTGCGACG-1_contig_2,True,521,TRB,TRBV20-1,None,TRBJ2-1,TRBC2,True,True,CSARVGSEVNEQFF,TGCAGTGCTAGAGTGGGGTCGGAAGTCAATGAGCAGTTCTTC,2339,9,clonotype1,clonotype1_consensus_1
ACATACGTCTGCGACG-1,True,ACATACGTCTGCGACG-1_contig_3,True,482,TRA,TRAV10,None,TRAJ24,TRAC,True,False,None,None,173,1,clonotype1,None
ACATCAGAGGCTAGCA-1,True,ACATCAGAGGCTAGCA-1_contig_1,True,505,TRA,TRAV1-2,None,TRAJ33,TRAC,True,True,CAATDSNYQLIW,TGTGCTGCGACTGATAGCAACTATCAGTTAATCTGG,568,3,clonotype1,clonotype1_consensus_2
ACATCAGAGGCTAGCA-1,True,ACATCAGAGGCTAGCA-1_contig_2,True,485,TRB,TRBV20-1,None,TRBJ2-1,TRBC2,True,True,CSARVGSEVNEQFF,TGCAGTGCTAGAGTGGGGTCGGAAGTCAATGAGCAGTTCTTC,2255,8,clonotype1,clonotype1_consensus_1
ACATCAGAGGGTCGAT-1,True,ACATCAGAGGGTCGAT-1_contig_1,True,505,TRA,TRAV1-2,None,TRAJ33,TRAC,True,True,CAPSDSNYQLIW,TGTGCGCCATCCGATAGCAACTATCAGTTAATCTGG,228,1,clonotype603,clonotype603_consensus_1
ACATCAGAGGGTCGAT-1,True,ACATCAGAGGGTCGAT-1_contig_2,True,658,TRB,TRBV5-6,None,TRBJ2-5,TRBC2,True,True,CASSSLQRGTQYF,TGTGCCAGCAGCTCCCTACAACGGGGGACCCAGTACTTC,264,4,clonotype603,clonotype603_consensus_2
ACATCAGAGGGTCGAT-1,True,ACATCAGAGGGTCGAT-1_contig_3,True,629,TRA,TRAV8-2,None,TRAJ6,TRAC,True,False,None,None,803,4,clonotype603,None
ACATCAGAGGTAAACT-1,True,ACATCAGAGGTAAACT-1_contig_1,True,505,TRA,TRAV1-2,None,TRAJ33,TRAC,True,True,CAATDSNYQLIW,TGTGCTGCGACTGATAGCAACTATCAGTTAATCTGG,1820,3,clonotype1,clonotype1_consensus_2
ACATCAGAGGTAAACT-1,True,ACATCAGAGGTAAACT-1_contig_2,True,521,TRB,TRBV20-1,None,TRBJ2-1,TRBC2,True,True,CSARVGSEVNEQFF,TGCAGTGCTAGAGTGGGGTCGGAAGTCAATGAGCAGTTCTTC,806,8,clonotype1,clonotype1_consensus_1
ACATCAGAGGTAAACT-1,True,ACATCAGAGGTAAACT-1_contig_3,True,458,TRA,TRAV10,None,TRAJ24,TRAC,True,False,None,None,300,2,clonotype1,None
ACATCAGAGTAATCCC-1,True,ACATCAGAGTAATCCC-1_contig_1,True,505,TRA,TRAV1-2,None,TRAJ33,TRAC,True,True,CAATDSNYQLIW,TGTGCTGCGACTGATAGCAACTATCAGTTAATCTGG,136,4,clonotype1,clonotype1_consensus_2
ACATCAGAGTAATCCC-1,True,ACATCAGAGTAATCCC-1_contig_2,True,498,TRB,TRBV20-1,None,TRBJ2-1,TRBC2,True,True,CSARVGSEVNEQFF,TGCAGTGCTAGAGTGGGGTCGGAAGTCAATGAGCAGTTCTTC,2406,10,clonotype1,clonotype1_consensus_1
ACATCAGCAGACAGGT-1,True,ACATCAGCAGACAGGT-1_contig_1,True,514,TRB,TRBV20-1,None,TRBJ2-1,TRBC2,True,True,CSARVGSEVNEQFF,TGCAGTGCTAGAGTGGGGTCGGAAGTCAATGAGCAGTTCTTC,1472,6,clonotype2,clonotype2_consensus_1
ACATCAGCAGCTGTTA-1,True,ACATCAGCAGCTGTTA-1_contig_1,True,574,TRA,TRAV12-1,None,TRAJ9,TRAC,True,True,CVVTRNTGGFKTIF,TGTGTGGTGACACGAAATACTGGAGGCTTCAAAACTATCTTT,737,6,clonotype188,clonotype188_consensus_1
ACATCAGCAGCTGTTA-1,True,ACATCAGCAGCTGTTA-1_contig_2,True,446,TRB,TRBV5-6,None,TRBJ2-6,TRBC2,True,False,None,None,836,4,clonotype188,None
ACATCAGCAGTATGCT-1,True,ACATCAGCAGTATGCT-1_contig_1,True,740,TRA,TRAV8-3,None,TRAJ11,TRAC,True,True,CAVGAGSGYSTLTF,TGTGCTGTGGGTGCAGGATCAGGATACAGCACCCTCACCTTT,407,3,clonotype604,clonotype604_consensus_1
ACATCAGCAGTATGCT-1,True,ACATCAGCAGTATGCT-1_contig_2,True,521,TRB,TRBV20-1,None,TRBJ1-6,TRBC1,True,True,CSARPGQGKSPLHF,TGCAGTGCTAGACCGGGACAGGGAAAATCACCCCTCCACTTT,3824,16,clonotype604,clonotype604_consensus_2
ACATCAGCAGTATGCT-1,True,ACATCAGCAGTATGCT-1_contig_3,True,446,TRA,TRAV9-2,None,TRAJ39,TRAC,True,False,CSDFAGNMLTF,TGCTCTGATTTTGCAGGCAACATGCTCACCTTT,171,1,clonotype604,None
ACATCAGGTAAATGAC-1,True,ACATCAGGTAAATGAC-1_contig_1,True,505,TRA,TRAV1-2,None,TRAJ33,TRAC,True,True,CAATDSNYQLIW,TGTGCTGCGACTGATAGCAACTATCAGTTAATCTGG,547,2,clonotype1,clonotype1_consensus_2
ACATCAGGTAAATGAC-1,True,ACATCAGGTAAATGAC-1_contig_2,True,492,TRB,TRBV20-1,None,TRBJ2-1,TRBC2,True,True,CSARVGSEVNEQFF,TGCAGTGCTAGAGTGGGGTCGGAAGTCAATGAGCAGTTCTTC,997,6,clonotype1,clonotype1_consensus_1
ACATCAGGTACAGCAG-1,True,ACATCAGGTACAGCAG-1_contig_1,True,492,TRA,TRAV9-2,None,TRAJ13,TRAC,True,True,CALNLEGYQKVTF,TGTGCTCTGAACTTAGAGGGTTACCAGAAAGTTACCTTT,408,5,clonotype6,clonotype6_consensus_1
ACATCAGGTACAGCAG-1,True,ACATCAGGTACAGCAG-1_contig_2,True,493,TRB,TRBV5-6,None,TRBJ1-5,TRBC1,True,True,CASSFRGGANQPQHF,TGTGCCAGCAGCTTTCGAGGGGGCGCGAATCAGCCCCAGCATTTT,508,4,clonotype6,clonotype6_consensus_2
ACATCAGGTACAGCAG-1,True,ACATCAGGTACAGCAG-1_contig_3,True,591,TRB,None,None,TRBJ2-3,TRBC2,False,False,None,None,653,2,clonotype6,None
ACATCAGGTCTGCAAT-1,True,ACATCAGGTCTGCAAT-1_contig_1,True,490,TRB,TRBV20-1,None,TRBJ1-5,TRBC1,True,True,CSAMSGGAVDAQPQHF,TGCAGTGCTATGTCAGGGGGGGCCGTGGACGCTCAGCCCCAGCATTTT,1380,6,clonotype605,clonotype605_consensus_1
ACATCAGGTCTGCAAT-1,True,ACATCAGGTCTGCAAT-1_contig_2,True,475,TRA,TRAV21,None,TRAJ22,TRAC,True,True,CAVPSGSARQLTF,TGTGCTGTTCCGTCCGGTTCTGCAAGGCAACTGACCTTT,798,5,clonotype605,clonotype605_consensus_2
ACATCAGGTCTGCAAT-1,True,ACATCAGGTCTGCAAT-1_contig_3,True,461,TRA,TRAV13-1,None,TRAJ7,TRAC,True,False,CAAAPGGGTTDSLL,TGTGCAGCGGCCCCCGGGGGGGGAACAACAGACTCGCTTTTG,520,2,clonotype605,None
ACATCAGGTGGGTATG-1,True,ACATCAGGTGGGTATG-1_contig_1,True,506,TRA,TRAV13-2,None,TRAJ26,TRAC,True,True,CAADNYGQNFVF,TGTGCAGCCGATAACTATGGTCAGAATTTTGTCTTT,737,4,clonotype606,clonotype606_consensus_1
ACATCAGTCTCCAGGG-1,True,ACATCAGTCTCCAGGG-1_contig_1,True,505,TRA,TRAV1-2,None,TRAJ33,TRAC,True,True,CAATDSNYQLIW,TGTGCTGCGACTGATAGCAACTATCAGTTAATCTGG,282,4,clonotype1,clonotype1_consensus_2
ACATCAGTCTCCAGGG-1,True,ACATCAGTCTCCAGGG-1_contig_2,True,521,TRB,TRBV20-1,None,TRBJ2-1,TRBC2,True,True,CSARVGSEVNEQFF,TGCAGTGCTAGAGTGGGGTCGGAAGTCAATGAGCAGTTCTTC,719,5,clonotype1,clonotype1_consensus_1
ACATCAGTCTGGCGTG-1,True,ACATCAGTCTGGCGTG-1_contig_1,True,486,TRB,TRBV5-5,None,TRBJ1-1,TRBC1,True,True,CASSLDFRGYFDEAFF,TGTGCCAGCAGCTTGGATTTCCGGGGGTACTTCGATGAAGCTTTCTTT,788,3,clonotype607,clonotype607_consensus_1
ACATCAGTCTGGCGTG-1,True,ACATCAGTCTGGCGTG-1_contig_2,True,458,TRA,TRAV40,None,TRAJ48,TRAC,True,True,CLLGGDGNFGNEKLTF,TGTCTTCTGGGAGGTGACGGGAACTTTGGAAATGAGAAATTAACCTTT,1289,4,clonotype607,clonotype607_consensus_2
ACATGGTAGAAACGCC-1,True,ACATGGTAGAAACGCC-1_contig_1,True,519,TRB,TRBV5-5,None,TRBJ1-4,TRBC1,True,True,CASSHPGPNYATNEKLFF,TGTGCCAGCAGCCATCCCGGACCGAACTACGCAACTAATGAAAAACTGTTTTTT,930,6,clonotype4,clonotype4_consensus_1
ACATGGTAGAAACGCC-1,True,ACATGGTAGAAACGCC-1_contig_2,True,314,TRB,None,None,TRBJ2-4,TRBC2,False,False,None,None,58,1,clonotype4,None
ACATGGTAGACTCGGA-1,True,ACATGGTAGACTCGGA-1_contig_1,True,515,TRB,TRBV20-1,None,TRBJ1-2,TRBC1,True,True,CSAPQGYYGYTF,TGCAGTGCCCCACAGGGTTACTATGGCTACACCTTC,1544,13,clonotype24,clonotype24_consensus_1
ACATGGTAGACTCGGA-1,True,ACATGGTAGACTCGGA-1_contig_2,True,460,TRA,TRAV34,None,TRAJ30,TRAC,True,True,CGADGGDDKIIF,TGTGGAGCAGACGGCGGGGATGACAAGATCATCTTT,248,2,clonotype24,clonotype24_consensus_2
ACATGGTAGGGAAACA-1,True,ACATGGTAGGGAAACA-1_contig_1,True,492,TRB,TRBV27,None,TRBJ2-1,TRBC2,True,True,CASSLQGSYNEQFF,TGTGCCAGCAGTTTACAGGGCTCCTACAATGAGCAGTTCTTC,1115,6,clonotype608,clonotype608_consensus_1
ACATGGTAGGGAAACA-1,True,ACATGGTAGGGAAACA-1_contig_2,True,488,TRA,TRAV38-2/DV8,None,TRAJ23,TRAC,True,True,CAYRSKGGKLIF,TGTGCTTATAGGAGCAAGGGAGGAAAGCTTATCTTC,707,4,clonotype608,clonotype608_consensus_2
ACATGGTAGGGTTCCC-1,True,ACATGGTAGGGTTCCC-1_contig_1,True,502,TRA,TRAV1-2,None,TRAJ33,TRAC,True,True,CAATDSNYQLIW,TGTGCTGCGACTGATAGCAACTATCAGTTAATCTGG,42,1,clonotype1,clonotype1_consensus_2
ACATGGTAGGGTTCCC-1,True,ACATGGTAGGGTTCCC-1_contig_2,True,521,TRB,TRBV20-1,None,TRBJ2-1,TRBC2,True,True,CSARVGSEVNEQFF,TGCAGTGCTAGAGTGGGGTCGGAAGTCAATGAGCAGTTCTTC,521,4,clonotype1,clonotype1_consensus_1
ACATGGTAGGGTTCCC-1,True,ACATGGTAGGGTTCCC-1_contig_3,True,445,TRA,TRAV10,None,TRAJ24,TRAC,True,False,None,None,44,1,clonotype1,None
ACATGGTAGTAGGCCA-1,True,ACATGGTAGTAGGCCA-1_contig_1,True,473,TRB,TRBV20-1,None,TRBJ2-1,TRBC2,True,True,CSARVGSEVNEQFF,TGCAGTGCTAGAGTGGGGTCGGAAGTCAATGAGCAGTTCTTC,728,7,clonotype2,clonotype2_consensus_1
ACATGGTAGTGGAGTC-1,True,ACATGGTAGTGGAGTC-1_contig_1,True,521,TRB,TRBV20-1,None,TRBJ2-1,TRBC2,True,True,CSARVGSEVNEQFF,TGCAGTGCTAGAGTGGGGTCGGAAGTCAATGAGCAGTTCTTC,2264,9,clonotype2,clonotype2_consensus_1
ACATGGTAGTGTGGCA-1,True,ACATGGTAGTGTGGCA-1_contig_1,True,521,TRB,TRBV20-1,None,TRBJ2-1,TRBC2,True,True,CSARVGSEVNEQFF,TGCAGTGCTAGAGTGGGGTCGGAAGTCAATGAGCAGTTCTTC,973,4,clonotype2,clonotype2_consensus_1
ACATGGTCAATGTTGC-1,True,ACATGGTCAATGTTGC-1_contig_1,True,497,TRA,TRAV12-1,None,TRAJ4,TRAC,True,True,CVVNSPAGSGGYNKLIF,TGTGTGGTGAATTCCCCCGCAGGCTCTGGTGGCTACAATAAGCTGATTTTT,246,1,clonotype609,clonotype609_consensus_2
ACATGGTCAATGTTGC-1,True,ACATGGTCAATGTTGC-1_contig_2,True,488,TRB,TRBV5-5,None,TRBJ1-5,TRBC1,True,True,CASSLPPDPRGNQPQHF,TGTGCCAGCAGCTTACCCCCGGACCCGAGGGGCAATCAGCCCCAGCATTTT,1287,4,clonotype609,clonotype609_consensus_1
ACATGGTCAATGTTGC-1,True,ACATGGTCAATGTTGC-1_contig_3,True,480,TRB,TRBV21-1,None,TRBJ1-2,TRBC1,True,False,CASPRWDPLYTF,TGTGCCAGCCCCCGCTGGGACCCCCTCTACACCTTC,592,4,clonotype609,None
ACATGGTCACAGGAGT-1,True,ACATGGTCACAGGAGT-1_contig_1,True,492,TRB,TRBV20-1,None,TRBJ2-1,TRBC2,True,True,CSARVGSEVNEQFF,TGCAGTGCTAGAGTGGGGTCGGAAGTCAATGAGCAGTTCTTC,1696,5,clonotype2,clonotype2_consensus_1
ACATGGTCACAGGAGT-1,True,ACATGGTCACAGGAGT-1_contig_2,True,461,TRA,TRAV10,None,TRAJ24,TRAC,True,False,None,None,563,3,clonotype2,None
ACATGGTCAGCGTTCG-1,True,ACATGGTCAGCGTTCG-1_contig_1,True,521,TRB,TRBV20-1,None,TRBJ2-1,TRBC2,True,True,CSARVGSEVNEQFF,TGCAGTGCTAGAGTGGGGTCGGAAGTCAATGAGCAGTTCTTC,1449,5,clonotype2,clonotype2_consensus_1
ACATGGTCAGCGTTCG-1,True,ACATGGTCAGCGTTCG-1_contig_2,True,347,TRA,TRAV1-2,None,TRAJ33,TRAC,True,False,CAATDSNYQLIW,TGTGCTGCGACTGATAGCAACTATCAGTTAATCTGG,613,1,clonotype2,None
ACATGGTCAGCGTTCG-1,True,ACATGGTCAGCGTTCG-1_contig_3,True,475,TRA,TRAV10,None,TRAJ24,TRAC,True,False,None,None,343,2,clonotype2,None
ACATGGTCAGCTGTGC-1,True,ACATGGTCAGCTGTGC-1_contig_1,True,515,TRB,TRBV20-1,None,TRBJ1-5,TRBC1,True,True,CSSGRQNQPQHF,TGCAGTTCGGGACGGCAGAATCAGCCCCAGCATTTT,996,5,clonotype610,clonotype610_consensus_1
ACATGGTCATCACGAT-1,True,ACATGGTCATCACGAT-1_contig_1,True,559,TRA,TRAV19,None,TRAJ47,TRAC,True,True,CALLEYGNKLVF,TGTGCTCTCCTGGAATATGGAAACAAACTGGTCTTT,292,4,clonotype611,clonotype611_consensus_1
ACATGGTCATCACGAT-1,True,ACATGGTCATCACGAT-1_contig_2,True,519,TRB,TRBV20-1,None,TRBJ2-4,TRBC2,True,False,CSARDQRDDGSLRTLGNIQYF,TGCAGTGCTAGAGATCAGCGGGACGACGGATCACTAAGAACACTGGGAAACATTCAGTACTTC,1430,7,clonotype611,None
ACATGGTGTCTCATCC-1,True,ACATGGTGTCTCATCC-1_contig_1,True,509,TRA,TRAV25,None,TRAJ12,TRAC,True,True,CAGPPMDSSYKLIF,TGTGCAGGGCCACCGATGGATAGCAGCTATAAATTGATCTTC,698,1,clonotype612,clonotype612_consensus_3
ACATGGTGTCTCATCC-1,True,ACATGGTGTCTCATCC-1_contig_2,True,465,TRA,TRAV13-1,None,TRAJ17,TRAC,True,True,CAATPGVAAGNKLTF,TGTGCAGCAACCCCGGGGGTGGCTGCAGGCAACAAGCTAACTTTT,351,3,clonotype612,clonotype612_consensus_2
ACATGGTGTCTCATCC-1,True,ACATGGTGTCTCATCC-1_contig_3,True,479,TRB,TRBV5-5,None,TRBJ1-4,TRBC1,True,True,CASSFSDSNEKLFF,TGTGCCAGCAGCTTCAGCGATTCTAATGAAAAACTGTTTTTT,494,4,clonotype612,clonotype612_consensus_1
ACATGGTGTGCCTGGT-1,True,ACATGGTGTGCCTGGT-1_contig_1,True,621,TRA,TRAV3,None,TRAJ16,TRAC,True,True,CAVRARFSDGQKLLF,TGTGCTGTGAGAGCTAGGTTTTCAGATGGCCAGAAGCTGCTCTTT,2118,11,clonotype613,clonotype613_consensus_2
ACATGGTGTGCCTGGT-1,True,ACATGGTGTGCCTGGT-1_contig_2,True,470,TRB,TRBV5-6,None,TRBJ1-5,TRBC1,True,True,CASSLWPGGNQPQHF,TGTGCCAGCAGCTTGTGGCCAGGGGGCAATCAGCCCCAGCATTTT,242,3,clonotype613,clonotype613_consensus_1
ACATGGTGTGCCTGGT-1,True,ACATGGTGTGCCTGGT-1_contig_3,True,794,TRB,TRBV4-1,None,TRBJ1-1,TRBC1,True,False,None,None,142,1,clonotype613,None
ACATGGTGTTCAGGCC-1,True,ACATGGTGTTCAGGCC-1_contig_1,True,521,TRB,TRBV20-1,None,TRBJ2-1,TRBC2,True,True,CSARVGSEVNEQFF,TGCAGTGCTAGAGTGGGGTCGGAAGTCAATGAGCAGTTCTTC,1827,9,clonotype2,clonotype2_consensus_1
ACATGGTGTTCAGGCC-1,True,ACATGGTGTTCAGGCC-1_contig_2,True,474,TRB,None,None,TRBJ1-4,TRBC1,False,False,None,None,109,2,clonotype2,None
ACATGGTGTTGATTCG-1,True,ACATGGTGTTGATTCG-1_contig_1,True,573,TRA,TRAV21,None,TRAJ48,TRAC,True,True,CAVSDNFGNEKLTF,TGTGCTGTGAGCGACAACTTTGGAAATGAGAAATTAACCTTT,467,6,clonotype614,clonotype614_consensus_1
ACATGGTGTTGATTCG-1,True,ACATGGTGTTGATTCG-1_contig_2,True,674,TRB,TRBV5-6,None,TRBJ1-3,TRBC1,True,True,CASTLGYRGNTIYF,TGTGCCAGCACCCTCGGTTATCGAGGAAACACCATATATTTT,655,10,clonotype614,clonotype614_consensus_2
ACATGGTTCATTGCCC-1,True,ACATGGTTCATTGCCC-1_contig_1,True,612,TRA,TRAV41,None,TRAJ42,TRAC,True,True,CAVKGGSQGNLIF,TGTGCTGTCAAAGGAGGAAGCCAAGGAAATCTCATCTTT,527,8,clonotype615,clonotype615_consensus_2
ACATGGTTCATTGCCC-1,True,ACATGGTTCATTGCCC-1_contig_2,True,486,TRB,TRBV5-5,None,TRBJ1-1,TRBC1,True,True,CASSRDSPMNTEAFF,TGTGCCAGCAGCCGGGACAGCCCCATGAACACTGAAGCTTTCTTT,5834,19,clonotype615,clonotype615_consensus_1
ACATGGTTCATTGCCC-1,True,ACATGGTTCATTGCCC-1_contig_3,True,490,TRB,TRBV21-1,None,TRBJ1-5,TRBC1,True,False,CASTKTLGADNQPQHF,TGTGCCAGCACAAAAACTCTAGGGGCAGACAATCAGCCCCAGCATTTT,1572,7,clonotype615,None
ACATGGTTCGAGCCCA-1,True,ACATGGTTCGAGCCCA-1_contig_1,True,504,TRB,TRBV20-1,None,TRBJ2-7,TRBC2,True,True,CSARDRLAGDSYEQYF,TGCAGTGCTAGAGATCGACTAGCGGGGGACTCCTACGAGCAGTACTTC,860,3,clonotype616,clonotype616_consensus_3
ACATGGTTCGAGCCCA-1,True,ACATGGTTCGAGCCCA-1_contig_2,True,577,TRA,TRAV29/DV5,None,TRAJ34,TRAC,True,True,CAASSPTSYNTDKLIF,TGTGCAGCAAGCTCTCCCACGAGTTATAACACCGACAAGCTCATCTTT,10495,11,clonotype616,clonotype616_consensus_2
ACATGGTTCGAGCCCA-1,True,ACATGGTTCGAGCCCA-1_contig_3,True,620,TRB,TRBV5-6,None,TRBJ1-6,TRBC1,True,True,CASSFLTGEDSPLHF,TGTGCCAGCAGCTTCCTGACAGGGGAGGATTCACCCCTCCACTTT,1114,5,clonotype616,clonotype616_consensus_1
ACATGGTTCTCAACTT-1,True,ACATGGTTCTCAACTT-1_contig_1,True,505,TRA,TRAV1-2,None,TRAJ33,TRAC,True,True,CAATDSNYQLIW,TGTGCTGCGACTGATAGCAACTATCAGTTAATCTGG,71,5,clonotype1,clonotype1_consensus_2
ACATGGTTCTCAACTT-1,True,ACATGGTTCTCAACTT-1_contig_2,True,498,TRB,TRBV20-1,None,TRBJ2-1,TRBC2,True,True,CSARVGSEVNEQFF,TGCAGTGCTAGAGTGGGGTCGGAAGTCAATGAGCAGTTCTTC,2106,7,clonotype1,clonotype1_consensus_1
ACATGGTTCTTCATGT-1,True,ACATGGTTCTTCATGT-1_contig_1,True,515,TRB,TRBV20-1,None,TRBJ1-1,TRBC1,True,True,CSALRQNTEAFF,TGCAGTGCTTTAAGACAGAACACTGAAGCTTTCTTT,2946,14,clonotype617,clonotype617_consensus_2
ACATGGTTCTTCATGT-1,True,ACATGGTTCTTCATGT-1_contig_2,True,459,TRA,TRAV13-1,None,TRAJ22,TRAC,True,True,CAASDVSARQLTF,TGTGCAGCAAGTGATGTATCTGCAAGGCAACTGACCTTT,340,5,clonotype617,clonotype617_consensus_1
ACATGGTTCTTCATGT-1,True,ACATGGTTCTTCATGT-1_contig_3,True,514,TRA,TRAV1-2,None,TRAJ33,TRAC,True,True,CAVRDQEDSNYQLIW,TGTGCTGTGAGAGATCAGGAGGATAGCAACTATCAGTTAATCTGG,558,3,clonotype617,clonotype617_consensus_3
ACATGGTTCTTCATGT-1,True,ACATGGTTCTTCATGT-1_contig_4,True,418,TRA,None,None,TRAJ32,TRAC,False,False,None,None,178,2,clonotype617,None
ACCAGTAAGAGACTTA-1,True,ACCAGTAAGAGACTTA-1_contig_1,True,521,TRB,TRBV20-1,None,TRBJ2-1,TRBC2,True,True,CSARVGSEVNEQFF,TGCAGTGCTAGAGTGGGGTCGGAAGTCAATGAGCAGTTCTTC,3211,9,clonotype2,clonotype2_consensus_1
ACCAGTAAGAGGACGG-1,True,ACCAGTAAGAGGACGG-1_contig_1,True,505,TRA,TRAV1-2,None,TRAJ33,TRAC,True,True,CAATDSNYQLIW,TGTGCTGCGACTGATAGCAACTATCAGTTAATCTGG,206,4,clonotype1,clonotype1_consensus_2
ACCAGTAAGAGGACGG-1,True,ACCAGTAAGAGGACGG-1_contig_2,True,515,TRB,TRBV20-1,None,TRBJ2-1,TRBC2,True,True,CSARVGSEVNEQFF,TGCAGTGCTAGAGTGGGGTCGGAAGTCAATGAGCAGTTCTTC,1812,9,clonotype1,clonotype1_consensus_1
ACCAGTAAGAGGACGG-1,True,ACCAGTAAGAGGACGG-1_contig_3,True,314,TRB,None,None,TRBJ2-2P,TRBC2,False,False,None,None,706,2,clonotype1,None
ACCAGTAAGCAGATCG-1,True,ACCAGTAAGCAGATCG-1_contig_1,True,505,TRA,TRAV1-2,None,TRAJ33,TRAC,True,True,CAATDSNYQLIW,TGTGCTGCGACTGATAGCAACTATCAGTTAATCTGG,248,1,clonotype1,clonotype1_consensus_2
ACCAGTAAGCAGATCG-1,True,ACCAGTAAGCAGATCG-1_contig_2,True,498,TRB,TRBV20-1,None,TRBJ2-1,TRBC2,True,True,CSARVGSEVNEQFF,TGCAGTGCTAGAGTGGGGTCGGAAGTCAATGAGCAGTTCTTC,2331,6,clonotype1,clonotype1_consensus_1
ACCAGTAAGCAGATCG-1,True,ACCAGTAAGCAGATCG-1_contig_3,True,457,TRA,TRAV10,None,TRAJ24,TRAC,True,False,None,None,89,1,clonotype1,None
ACCAGTAAGCCAGTTT-1,True,ACCAGTAAGCCAGTTT-1_contig_1,True,505,TRA,TRAV1-2,None,TRAJ33,TRAC,True,True,CAATDSNYQLIW,TGTGCTGCGACTGATAGCAACTATCAGTTAATCTGG,107,3,clonotype1,clonotype1_consensus_2
ACCAGTAAGCCAGTTT-1,True,ACCAGTAAGCCAGTTT-1_contig_2,True,521,TRB,TRBV20-1,None,TRBJ2-1,TRBC2,True,True,CSARVGSEVNEQFF,TGCAGTGCTAGAGTGGGGTCGGAAGTCAATGAGCAGTTCTTC,1080,11,clonotype1,clonotype1_consensus_1
ACCAGTAAGCCAGTTT-1,True,ACCAGTAAGCCAGTTT-1_contig_3,True,482,TRA,TRAV10,None,TRAJ24,TRAC,True,False,None,None,506,2,clonotype1,None
ACCAGTAAGGTGATAT-1,True,ACCAGTAAGGTGATAT-1_contig_1,True,567,TRA,TRAV8-4,None,TRAJ7,TRAC,True,True,CAVSDSGNNRLAF,TGTGCTGTGAGTGACTCCGGGAACAACAGACTCGCTTTT,296,2,clonotype618,clonotype618_consensus_2
ACCAGTAAGGTGATAT-1,True,ACCAGTAAGGTGATAT-1_contig_2,True,521,TRB,TRBV20-1,None,TRBJ1-2,TRBC1,True,True,CSANSGTGGRGYTF,TGCAGTGCTAATTCCGGGACAGGGGGCCGGGGCTACACCTTC,218,3,clonotype618,clonotype618_consensus_1
ACCAGTACACAGCCCA-1,True,ACCAGTACACAGCCCA-1_contig_1,True,524,TRB,TRBV20-1,None,TRBJ1-5,TRBC1,True,True,CSAPSGGIGNQPQHF,TGCAGTGCCCCTTCAGGGGGCATTGGCAATCAGCCCCAGCATTTT,3718,11,clonotype619,clonotype619_consensus_3
ACCAGTACACAGCCCA-1,True,ACCAGTACACAGCCCA-1_contig_2,True,538,TRA,TRAV17,None,TRAJ37,TRAC,True,True,CATGPGSSNTGKLIF,TGTGCTACGGGGCCCGGCTCTAGCAACACAGGCAAACTAATCTTT,829,5,clonotype619,clonotype619_consensus_1
ACCAGTACACAGCCCA-1,True,ACCAGTACACAGCCCA-1_contig_3,True,521,TRB,TRBV20-1,None,TRBJ1-6,TRBC1,True,True,CSARGDSYNSPLHF,TGCAGTGCGAGGGGGGACAGCTATAATTCACCCCTCCACTTT,3641,16,clonotype619,clonotype619_consensus_4
ACCAGTACACAGCCCA-1,True,ACCAGTACACAGCCCA-1_contig_4,True,492,TRA,TRAV9-2,None,TRAJ9,TRAC,True,True,CALSDSGGFKTIF,TGTGCTCTGAGTGATTCCGGAGGCTTCAAAACTATCTTT,3694,15,clonotype619,clonotype619_consensus_2
ACCAGTACACAGCCCA-1,True,ACCAGTACACAGCCCA-1_contig_5,True,620,TRA,TRAV3,None,TRAJ45,TRAC,True,False,CAVRDGEEVLTD,TGTGCTGTGAGAGACGGGGAGGAGGTGCTGACGGAC,512,2,clonotype619,None
ACCAGTACAGACGCCT-1,True,ACCAGTACAGACGCCT-1_contig_1,True,505,TRA,TRAV1-2,None,TRAJ33,TRAC,True,True,CAATDSNYQLIW,TGTGCTGCGACTGATAGCAACTATCAGTTAATCTGG,152,2,clonotype1,clonotype1_consensus_2
ACCAGTACAGACGCCT-1,True,ACCAGTACAGACGCCT-1_contig_2,True,521,TRB,TRBV20-1,None,TRBJ2-1,TRBC2,True,True,CSARVGSEVNEQFF,TGCAGTGCTAGAGTGGGGTCGGAAGTCAATGAGCAGTTCTTC,2106,11,clonotype1,clonotype1_consensus_1
ACCAGTACAGACGCCT-1,True,ACCAGTACAGACGCCT-1_contig_3,True,471,TRA,TRAV10,None,TRAJ24,TRAC,True,False,None,None,209,2,clonotype1,None
ACCAGTACAGCGTTCG-1,True,ACCAGTACAGCGTTCG-1_contig_1,True,518,TRB,TRBV20-1,None,TRBJ2-7,TRBC2,True,True,CSARGADSREQYF,TGCAGTGCTAGAGGAGCGGACAGTAGGGAGCAGTACTTC,1372,7,clonotype73,clonotype73_consensus_1
ACCAGTACAGCGTTCG-1,True,ACCAGTACAGCGTTCG-1_contig_2,True,568,TRA,TRAV29/DV5,None,TRAJ40,TRAC,True,True,CAASSSGTYKYIF,TGTGCAGCTTCGAGTTCAGGAACCTACAAATACATCTTT,777,6,clonotype73,clonotype73_consensus_2
ACCAGTACAGGACCCT-1,True,ACCAGTACAGGACCCT-1_contig_1,True,521,TRB,TRBV20-1,None,TRBJ2-1,TRBC2,True,True,CSARVGSEVNEQFF,TGCAGTGCTAGAGTGGGGTCGGAAGTCAATGAGCAGTTCTTC,1557,11,clonotype2,clonotype2_consensus_1
ACCAGTACAGGATCGA-1,True,ACCAGTACAGGATCGA-1_contig_1,True,530,TRB,TRBV20-1,None,TRBJ2-5,TRBC2,True,True,CSARDMRLAGGRETQYF,TGCAGTGCTAGAGATATGAGACTAGCGGGGGGGCGAGAGACCCAGTACTTC,2289,13,clonotype620,clonotype620_consensus_1
ACCAGTACAGGATCGA-1,True,ACCAGTACAGGATCGA-1_contig_2,True,567,TRA,TRAV13-1,None,TRAJ27,TRAC,True,False,CSNPYSGAGSYQLTF,TGCAGCAACCCATACTCTGGGGCTGGGAGTTACCAACTCACTTTC,362,3,clonotype620,None
ACCAGTACAGGTCTCG-1,True,ACCAGTACAGGTCTCG-1_contig_1,True,505,TRA,TRAV1-2,None,TRAJ33,TRAC,True,True,CAATDSNYQLIW,TGTGCTGCGACTGATAGCAACTATCAGTTAATCTGG,490,3,clonotype1,clonotype1_consensus_2
ACCAGTACAGGTCTCG-1,True,ACCAGTACAGGTCTCG-1_contig_2,True,521,TRB,TRBV20-1,None,TRBJ2-1,TRBC2,True,True,CSARVGSEVNEQFF,TGCAGTGCTAGAGTGGGGTCGGAAGTCAATGAGCAGTTCTTC,2240,8,clonotype1,clonotype1_consensus_1
ACCAGTACATCGACGC-1,True,ACCAGTACATCGACGC-1_contig_1,True,484,TRA,TRAV36/DV7,None,TRAJ32,TRAC,True,True,CAGYGGATNKLIF,TGTGCTGGGTATGGTGGTGCTACAAACAAGCTCATCTTT,1442,4,clonotype621,clonotype621_consensus_1
ACCAGTACATCGACGC-1,True,ACCAGTACATCGACGC-1_contig_2,True,487,TRB,TRBV5-6,None,TRBJ1-4,TRBC1,True,True,CASSLGGGPKTNEKLFF,TGTGCCAGCAGCTTGGGAGGGGGGCCAAAGACTAATGAAAAACTGTTTTTT,1260,3,clonotype621,clonotype621_consensus_2
ACCAGTACATGGAATA-1,True,ACCAGTACATGGAATA-1_contig_1,True,479,TRA,TRAV35,None,TRAJ21,TRAC,True,True,CAGLWNFNKFYF,TGTGCTGGGCTATGGAACTTCAACAAATTTTACTTT,836,9,clonotype622,clonotype622_consensus_1
ACCAGTACATGGAATA-1,True,ACCAGTACATGGAATA-1_contig_2,True,498,TRB,TRBV20-1,None,TRBJ1-4,TRBC1,True,True,CSALTGTGREKLFF,TGCAGTGCCCTGACCGGGACAGGTCGCGAAAAACTGTTTTTT,3246,18,clonotype622,clonotype622_consensus_2
ACCAGTACATGGAATA-1,True,ACCAGTACATGGAATA-1_contig_3,True,492,TRA,TRAV4,None,TRAJ29,TRAC,True,False,CTTASWYLSGNTPLVF,TGTACTACTGCCTCGTGGTACCTCTCAGGAAACACACCTCTTGTCTTT,602,3,clonotype622,None
ACCAGTACATTCTTAC-1,True,ACCAGTACATTCTTAC-1_contig_1,True,957,TRA,TRAV1-2,None,TRAJ33,TRAC,True,True,CAATDSNYQLIW,TGTGCTGCGACTGATAGCAACTATCAGTTAATCTGG,1244,8,clonotype1,clonotype1_consensus_2
ACCAGTACATTCTTAC-1,True,ACCAGTACATTCTTAC-1_contig_2,True,473,TRB,TRBV20-1,None,TRBJ2-1,TRBC2,True,True,CSARVGSEVNEQFF,TGCAGTGCTAGAGTGGGGTCGGAAGTCAATGAGCAGTTCTTC,706,7,clonotype1,clonotype1_consensus_1
ACCAGTAGTACTCGCG-1,True,ACCAGTAGTACTCGCG-1_contig_1,True,521,TRB,TRBV20-1,None,TRBJ2-1,TRBC2,True,True,CSARVGSEVNEQFF,TGCAGTGCTAGAGTGGGGTCGGAAGTCAATGAGCAGTTCTTC,1333,10,clonotype2,clonotype2_consensus_1
ACCAGTAGTCGCCATG-1,True,ACCAGTAGTCGCCATG-1_contig_1,True,656,TRB,TRBV5-6,None,TRBJ2-4,TRBC2,True,True,CASSLYREGIQYF,TGTGCCAGCAGCTTGTACAGGGAGGGCATTCAGTACTTC,2348,9,clonotype623,clonotype623_consensus_1
ACCAGTAGTCGCCATG-1,True,ACCAGTAGTCGCCATG-1_contig_2,True,657,TRA,TRAV8-6,None,TRAJ23,TRAC,True,False,None,None,571,4,clonotype623,None
ACCAGTAGTTACGGAG-1,True,ACCAGTAGTTACGGAG-1_contig_1,True,505,TRA,TRAV1-2,None,TRAJ33,TRAC,True,True,CAATDSNYQLIW,TGTGCTGCGACTGATAGCAACTATCAGTTAATCTGG,1997,5,clonotype1,clonotype1_consensus_2
ACCAGTAGTTACGGAG-1,True,ACCAGTAGTTACGGAG-1_contig_2,True,521,TRB,TRBV20-1,None,TRBJ2-1,TRBC2,True,True,CSARVGSEVNEQFF,TGCAGTGCTAGAGTGGGGTCGGAAGTCAATGAGCAGTTCTTC,1338,6,clonotype1,clonotype1_consensus_1
ACCAGTAGTTGAGGTG-1,True,ACCAGTAGTTGAGGTG-1_contig_1,True,502,TRA,TRAV1-2,None,TRAJ30,TRAC,True,True,CAVRDLREIIF,TGTGCTGTGAGAGATCTTCGGGAGATCATCTTT,748,3,clonotype3,clonotype3_consensus_2
ACCAGTAGTTGAGGTG-1,True,ACCAGTAGTTGAGGTG-1_contig_2,True,538,TRB,TRBV5-5,None,TRBJ1-4,TRBC1,True,True,CASSHPGPNYATNEKLFF,TGTGCCAGCAGCCATCCCGGACCGAACTACGCAACTAATGAAAAACTGTTTTTT,419,2,clonotype3,clonotype3_consensus_1
ACCAGTATCATGGTCA-1,True,ACCAGTATCATGGTCA-1_contig_1,True,524,TRB,TRBV20-1,None,TRBJ1-2,TRBC1,True,True,CSARVGGRTNYGYTF,TGCAGTGCTAGAGTAGGTGGGAGGACTAACTATGGCTACACCTTC,1679,7,clonotype624,clonotype624_consensus_1
ACCAGTATCATGGTCA-1,True,ACCAGTATCATGGTCA-1_contig_2,True,468,TRA,TRAV9-2,None,TRAJ42,TRAC,True,False,None,None,233,2,clonotype624,None
ACCAGTATCGAGCCCA-1,True,ACCAGTATCGAGCCCA-1_contig_1,True,478,TRB,TRBV5-6,None,TRBJ2-2,TRBC2,True,True,CASSSDWNTGELFF,TGTGCCAGCAGCTCGGACTGGAACACCGGGGAGCTGTTTTTT,1247,7,clonotype189,clonotype189_consensus_1
ACCAGTATCGATAGAA-1,True,ACCAGTATCGATAGAA-1_contig_1,True,459,TRA,TRAV13-1,None,TRAJ49,TRAC,True,True,CAARSNTGNQFYF,TGTGCAGCAAGGTCCAACACCGGTAACCAGTTCTATTTT,436,2,clonotype625,clonotype625_consensus_1
ACCAGTATCGATAGAA-1,True,ACCAGTATCGATAGAA-1_contig_2,True,521,TRB,TRBV20-1,None,TRBJ1-2,TRBC1,True,True,CSAREGTGGYGYTF,TGCAGTGCTAGAGAGGGGACAGGGGGCTATGGCTACACCTTC,1251,9,clonotype625,clonotype625_consensus_2
ACCAGTATCGCAAACT-1,True,ACCAGTATCGCAAACT-1_contig_1,True,498,TRB,TRBV20-1,None,TRBJ2-1,TRBC2,True,True,CSARVGSEVNEQFF,TGCAGTGCTAGAGTGGGGTCGGAAGTCAATGAGCAGTTCTTC,1613,8,clonotype2,clonotype2_consensus_1
ACCAGTATCGCAAACT-1,True,ACCAGTATCGCAAACT-1_contig_2,True,467,TRA,TRAV10,None,TRAJ24,TRAC,True,False,None,None,7665,3,clonotype2,None
ACCAGTATCGCAGGCT-1,True,ACCAGTATCGCAGGCT-1_contig_1,True,521,TRB,TRBV20-1,None,TRBJ2-1,TRBC2,True,True,CSARVGSEVNEQFF,TGCAGTGCTAGAGTGGGGTCGGAAGTCAATGAGCAGTTCTTC,1719,7,clonotype2,clonotype2_consensus_1
ACCAGTATCTGGCGTG-1,True,ACCAGTATCTGGCGTG-1_contig_1,True,504,TRB,TRBV20-1,None,TRBJ1-5,TRBC1,True,True,CSARTQTGVSNQPQHF,TGCAGTGCTAGGACCCAGACAGGGGTTAGCAATCAGCCCCAGCATTTT,1238,5,clonotype626,clonotype626_consensus_2
ACCAGTATCTGGCGTG-1,True,ACCAGTATCTGGCGTG-1_contig_2,True,511,TRA,TRAV20,None,TRAJ22,TRAC,True,True,CAVQVLSGSARQLTF,TGTGCTGTGCAGGTTCTCTCTGGTTCTGCAAGGCAACTGACCTTT,760,6,clonotype626,clonotype626_consensus_1
ACCAGTATCTGGCGTG-1,True,ACCAGTATCTGGCGTG-1_contig_3,True,462,TRA,TRAV12-2,None,TRAJ17,TRAC,True,False,CREKVIKAAGNKLTF,TGCCGTGAAAAAGTGATCAAAGCTGCAGGCAACAAGCTAACTTTT,449,1,clonotype626,None
ACCAGTATCTGGCGTG-1,True,ACCAGTATCTGGCGTG-1_contig_4,True,315,TRB,None,None,TRBJ1-6,TRBC1,False,False,None,None,552,2,clonotype626,None
ACCAGTATCTGGTATG-1,True,ACCAGTATCTGGTATG-1_contig_1,True,505,TRA,TRAV1-2,None,TRAJ33,TRAC,True,True,CAATDSNYQLIW,TGTGCTGCGACTGATAGCAACTATCAGTTAATCTGG,738,3,clonotype1,clonotype1_consensus_2
ACCAGTATCTGGTATG-1,True,ACCAGTATCTGGTATG-1_contig_2,True,498,TRB,TRBV20-1,None,TRBJ2-1,TRBC2,True,True,CSARVGSEVNEQFF,TGCAGTGCTAGAGTGGGGTCGGAAGTCAATGAGCAGTTCTTC,1367,7,clonotype1,clonotype1_consensus_1
ACCCACTAGCGTTCCG-1,True,ACCCACTAGCGTTCCG-1_contig_1,True,536,TRB,TRBV20-1,None,TRBJ2-1,TRBC2,True,True,CSASTTSGGWGSSYNEQFF,TGCAGTGCTAGTACCACTAGCGGGGGGTGGGGAAGTTCCTACAATGAGCAGTTCTTC,4120,15,clonotype627,clonotype627_consensus_2
ACCCACTAGCGTTCCG-1,True,ACCCACTAGCGTTCCG-1_contig_2,True,574,TRA,TRAV29/DV5,None,TRAJ38,TRAC,True,True,CAASGRAGNNRKLIW,TGTGCAGCAAGCGGGAGGGCTGGCAACAACCGTAAGCTGATTTGG,1097,10,clonotype627,clonotype627_consensus_1
ACCCACTCAACGATCT-1,True,ACCCACTCAACGATCT-1_contig_1,True,505,TRA,TRAV1-2,None,TRAJ33,TRAC,True,True,CAATDSNYQLIW,TGTGCTGCGACTGATAGCAACTATCAGTTAATCTGG,1034,5,clonotype1,clonotype1_consensus_2
ACCCACTCAACGATCT-1,True,ACCCACTCAACGATCT-1_contig_2,True,473,TRB,TRBV20-1,None,TRBJ2-1,TRBC2,True,True,CSARVGSEVNEQFF,TGCAGTGCTAGAGTGGGGTCGGAAGTCAATGAGCAGTTCTTC,492,4,clonotype1,clonotype1_consensus_1
ACCCACTCAACGATCT-1,True,ACCCACTCAACGATCT-1_contig_3,True,482,TRA,TRAV10,None,TRAJ24,TRAC,True,False,None,None,1369,6,clonotype1,None
ACCCACTCAATCCGAT-1,True,ACCCACTCAATCCGAT-1_contig_1,True,505,TRA,TRAV1-2,None,TRAJ33,TRAC,True,True,CAATDSNYQLIW,TGTGCTGCGACTGATAGCAACTATCAGTTAATCTGG,610,1,clonotype1,clonotype1_consensus_2
ACCCACTCAATCCGAT-1,True,ACCCACTCAATCCGAT-1_contig_2,True,514,TRB,TRBV20-1,None,TRBJ2-1,TRBC2,True,True,CSARVGSEVNEQFF,TGCAGTGCTAGAGTGGGGTCGGAAGTCAATGAGCAGTTCTTC,1347,8,clonotype1,clonotype1_consensus_1
ACCCACTCAATCCGAT-1,True,ACCCACTCAATCCGAT-1_contig_3,True,467,TRA,TRAV10,None,TRAJ24,TRAC,True,False,None,None,201,2,clonotype1,None
ACCCACTCACCCATTC-1,True,ACCCACTCACCCATTC-1_contig_1,True,505,TRA,TRAV1-2,None,TRAJ33,TRAC,True,True,CAATDSNYQLIW,TGTGCTGCGACTGATAGCAACTATCAGTTAATCTGG,490,3,clonotype1,clonotype1_consensus_2
ACCCACTCACCCATTC-1,True,ACCCACTCACCCATTC-1_contig_2,True,521,TRB,TRBV20-1,None,TRBJ2-1,TRBC2,True,True,CSARVGSEVNEQFF,TGCAGTGCTAGAGTGGGGTCGGAAGTCAATGAGCAGTTCTTC,1007,7,clonotype1,clonotype1_consensus_1
ACCCACTCACCTATCC-1,True,ACCCACTCACCTATCC-1_contig_1,True,521,TRB,TRBV20-1,None,TRBJ2-1,TRBC2,True,True,CSARVGSEVNEQFF,TGCAGTGCTAGAGTGGGGTCGGAAGTCAATGAGCAGTTCTTC,537,4,clonotype2,clonotype2_consensus_1
ACCCACTCACGACTCG-1,True,ACCCACTCACGACTCG-1_contig_1,True,501,TRA,TRAV12-3,None,TRAJ17,TRAC,True,True,CAMSGRAAGNKLTF,TGTGCAATGAGCGGGCGGGCTGCAGGCAACAAGCTAACTTTT,970,3,clonotype190,clonotype190_consensus_1
ACCCACTCACGACTCG-1,True,ACCCACTCACGACTCG-1_contig_2,True,495,TRB,TRBV20-1,None,TRBJ1-5,TRBC1,True,True,CSAADPMGTNQPQHF,TGCAGTGCGGCGGACCCCATGGGGACGAATCAGCCCCAGCATTTT,1874,6,clonotype190,clonotype190_consensus_2
ACCCACTCATACGCTA-1,True,ACCCACTCATACGCTA-1_contig_1,True,515,TRB,TRBV20-1,None,TRBJ1-2,TRBC1,True,True,CSARDRAGGYTF,TGCAGTGCTAGAGACAGGGCAGGTGGCTACACCTTC,847,5,clonotype628,clonotype628_consensus_2
ACCCACTCATACGCTA-1,True,ACCCACTCATACGCTA-1_contig_2,True,495,TRA,TRAV9-2,None,TRAJ40,TRAC,True,True,CALSDLSGTYKYIF,TGTGCTCTGAGTGACCTCTCAGGAACCTACAAATACATCTTT,588,4,clonotype628,clonotype628_consensus_1
ACCCACTGTACTCAAC-1,True,ACCCACTGTACTCAAC-1_contig_1,True,566,TRA,TRAV26-1,None,TRAJ28,TRAC,True,True,CIVRVANGAGSYQLTF,TGCATCGTCAGAGTCGCGAACGGGGCTGGGAGTTACCAACTCACTTTC,140,1,clonotype629,clonotype629_consensus_3
ACCCACTGTACTCAAC-1,True,ACCCACTGTACTCAAC-1_contig_2,True,586,TRA,TRAV17,None,TRAJ10,TRAC,True,True,CATVLTGGGNKLTF,TGTGCTACGGTCCTCACGGGAGGAGGAAACAAACTCACCTTT,340,4,clonotype629,clonotype629_consensus_2
ACCCACTGTACTCAAC-1,True,ACCCACTGTACTCAAC-1_contig_3,True,521,TRB,TRBV20-1,None,TRBJ1-2,TRBC1,True,True,CSARDIETGSGYTF,TGCAGTGCTAGAGATATAGAGACAGGTTCGGGCTACACCTTC,1369,9,clonotype629,clonotype629_consensus_1
ACCCACTGTCAAAGAT-1,True,ACCCACTGTCAAAGAT-1_contig_1,True,513,TRA,TRAV6,None,TRAJ4,TRAC,True,True,CALGASGGYNKLIF,TGTGCTCTCGGAGCCTCGGGTGGCTACAATAAGCTGATTTTT,8819,3,clonotype630,clonotype630_consensus_1
ACCCACTGTCAAAGAT-1,True,ACCCACTGTCAAAGAT-1_contig_2,True,530,TRB,TRBV20-1,None,TRBJ2-7,TRBC2,True,True,CSARDLPGLAESYEQYF,TGCAGTGCTAGAGATCTTCCGGGACTAGCGGAATCCTACGAGCAGTACTTC,688,14,clonotype630,clonotype630_consensus_2
ACCCACTGTCAAAGAT-1,True,ACCCACTGTCAAAGAT-1_contig_3,True,409,TRA,TRAV1-1,None,TRAJ27,TRAC,True,False,None,None,161,3,clonotype630,None
ACCCACTGTCGACTAT-1,True,ACCCACTGTCGACTAT-1_contig_1,True,518,TRB,TRBV20-1,None,TRBJ2-3,TRBC2,True,True,CSAPTRNTDTQYF,TGCAGTGCCCCGACTAGGAACACAGATACGCAGTATTTT,1504,13,clonotype53,clonotype53_consensus_2
ACCCACTGTCGACTAT-1,True,ACCCACTGTCGACTAT-1_contig_2,True,535,TRA,TRAV12-2,None,TRAJ20,TRAC,True,True,CAVGDYKLSF,TGTGCCGTGGGCGACTACAAGCTCAGCTTT,100,8,clonotype53,clonotype53_consensus_1
ACCCACTGTTAGGGTG-1,True,ACCCACTGTTAGGGTG-1_contig_1,True,524,TRB,TRBV20-1,None,TRBJ2-7,TRBC2,True,True,CSGEVSGLRGYEQYF,TGCAGTGGAGAAGTTTCAGGCTTACGAGGTTACGAGCAGTACTTC,2021,9,clonotype631,clonotype631_consensus_2
ACCCACTGTTAGGGTG-1,True,ACCCACTGTTAGGGTG-1_contig_2,True,642,TRA,TRAV12-1,None,TRAJ45,TRAC,True,True,CVVNLPPSGGGADGLTF,TGTGTGGTGAACCTTCCTCCATCAGGAGGAGGTGCTGACGGACTCACCTTT,194,3,clonotype631,clonotype631_consensus_1
ACCCACTGTTAGGGTG-1,True,ACCCACTGTTAGGGTG-1_contig_3,True,404,TRA,TRAV27,None,TRAJ34,TRAC,True,False,CAEHRQAHLWDW,TGTGCAGAGCACCGACAAGCTCATCTTTGGGACTGG,155,4,clonotype631,None
ACCCACTGTTGTCTTT-1,True,ACCCACTGTTGTCTTT-1_contig_1,True,494,TRB,TRBV5-5,None,TRBJ1-2,TRBC1,True,True,CASSSSGAGYTF,TGTGCCAGCAGCTCCTCCGGCGCTGGCTACACCTTC,1603,11,clonotype632,clonotype632_consensus_2
ACCCACTGTTGTCTTT-1,True,ACCCACTGTTGTCTTT-1_contig_2,True,492,TRA,TRAV13-2,None,TRAJ45,TRAC,True,True,CAENIGGGADGLTF,TGTGCAGAGAATATTGGAGGAGGTGCTGACGGACTCACCTTT,1087,4,clonotype632,clonotype632_consensus_1
ACCCACTTCGCGTAGC-1,True,ACCCACTTCGCGTAGC-1_contig_1,True,580,TRA,TRAV8-1,None,TRAJ37,TRAC,True,True,CARIPEGSSNTGKLIF,TGTGCCCGCATCCCGGAGGGCTCTAGCAACACAGGCAAACTAATCTTT,182,2,clonotype633,clonotype633_consensus_1
ACCCACTTCGCGTAGC-1,True,ACCCACTTCGCGTAGC-1_contig_2,True,545,TRA,TRAV17,None,TRAJ8,TRAC,True,True,CATDATGFQKLVF,TGTGCTACGGACGCAACAGGCTTTCAGAAACTTGTATTT,197,2,clonotype633,clonotype633_consensus_2
ACCCACTTCTTAGAGC-1,True,ACCCACTTCTTAGAGC-1_contig_1,True,521,TRB,TRBV20-1,None,TRBJ2-1,TRBC2,True,True,CSARVGSEVNEQFF,TGCAGTGCTAGAGTGGGGTCGGAAGTCAATGAGCAGTTCTTC,1335,9,clonotype2,clonotype2_consensus_1
ACCCACTTCTTAGAGC-1,True,ACCCACTTCTTAGAGC-1_contig_2,True,482,TRA,TRAV10,None,TRAJ24,TRAC,True,False,None,None,248,1,clonotype2,None
ACCGTAAAGACTAGAT-1,True,ACCGTAAAGACTAGAT-1_contig_1,True,505,TRA,TRAV1-2,None,TRAJ33,TRAC,True,True,CAATDSNYQLIW,TGTGCTGCGACTGATAGCAACTATCAGTTAATCTGG,429,5,clonotype1,clonotype1_consensus_2
ACCGTAAAGACTAGAT-1,True,ACCGTAAAGACTAGAT-1_contig_2,True,521,TRB,TRBV20-1,None,TRBJ2-1,TRBC2,True,True,CSARVGSEVNEQFF,TGCAGTGCTAGAGTGGGGTCGGAAGTCAATGAGCAGTTCTTC,4016,10,clonotype1,clonotype1_consensus_1
ACCGTAAAGGACCACA-1,True,ACCGTAAAGGACCACA-1_contig_1,True,518,TRB,TRBV20-1,None,TRBJ1-5,TRBC1,True,True,CSARWHAGGPQHF,TGCAGTGCCCGGTGGCACGCCGGAGGGCCCCAGCATTTT,2163,12,clonotype43,clonotype43_consensus_2
ACCGTAAAGGACCACA-1,True,ACCGTAAAGGACCACA-1_contig_2,True,515,TRA,TRAV30,None,TRAJ48,TRAC,True,True,CGTLPWTGGNEKLTF,TGCGGCACACTCCCGTGGACAGGGGGAAATGAGAAATTAACCTTT,851,4,clonotype43,clonotype43_consensus_3
ACCGTAAAGGACCACA-1,True,ACCGTAAAGGACCACA-1_contig_3,True,486,TRA,TRAV12-3,None,TRAJ49,TRAC,True,True,CAIRGQFYF,TGTGCAATAAGAGGCCAGTTCTATTTT,1142,3,clonotype43,clonotype43_consensus_1
ACCGTAAAGGCAGGTT-1,True,ACCGTAAAGGCAGGTT-1_contig_1,True,521,TRB,TRBV20-1,None,TRBJ2-1,TRBC2,True,True,CSARVGSEVNEQFF,TGCAGTGCTAGAGTGGGGTCGGAAGTCAATGAGCAGTTCTTC,2456,8,clonotype2,clonotype2_consensus_1
ACCGTAAAGGCCCTCA-1,True,ACCGTAAAGGCCCTCA-1_contig_1,True,422,TRA,TRAV1-2,None,TRAJ33,TRAC,True,True,CAATDSNYQLIW,TGTGCTGCGACTGATAGCAACTATCAGTTAATCTGG,113,1,clonotype1,clonotype1_consensus_2
ACCGTAAAGGCCCTCA-1,True,ACCGTAAAGGCCCTCA-1_contig_2,True,521,TRB,TRBV20-1,None,TRBJ2-1,TRBC2,True,True,CSARVGSEVNEQFF,TGCAGTGCTAGAGTGGGGTCGGAAGTCAATGAGCAGTTCTTC,2481,9,clonotype1,clonotype1_consensus_1
ACCGTAAAGGCCCTCA-1,True,ACCGTAAAGGCCCTCA-1_contig_3,True,463,TRA,TRAV10,None,TRAJ24,TRAC,True,False,None,None,396,1,clonotype1,None
ACCGTAAAGTGTCCAT-1,True,ACCGTAAAGTGTCCAT-1_contig_1,True,505,TRA,TRAV1-2,None,TRAJ33,TRAC,True,True,CAATDSNYQLIW,TGTGCTGCGACTGATAGCAACTATCAGTTAATCTGG,450,3,clonotype1,clonotype1_consensus_2
ACCGTAAAGTGTCCAT-1,True,ACCGTAAAGTGTCCAT-1_contig_2,True,498,TRB,TRBV20-1,None,TRBJ2-1,TRBC2,True,True,CSARVGSEVNEQFF,TGCAGTGCTAGAGTGGGGTCGGAAGTCAATGAGCAGTTCTTC,527,4,clonotype1,clonotype1_consensus_1
ACCGTAACAATTGCTG-1,True,ACCGTAACAATTGCTG-1_contig_1,True,498,TRB,TRBV20-1,None,TRBJ1-2,TRBC1,True,True,CSARDPLGGAYGYTF,TGCAGTGCTAGAGATCCTCTCGGGGGCGCCTATGGCTACACCTTC,433,8,clonotype634,clonotype634_consensus_1
ACCGTAACAATTGCTG-1,True,ACCGTAACAATTGCTG-1_contig_2,True,505,TRA,TRAV23/DV6,None,TRAJ15,TRAC,True,True,CAASIMGTALIF,TGTGCAGCAAGCATAATGGGAACTGCTCTGATCTTT,261,4,clonotype634,clonotype634_consensus_2
ACCGTAACACAGATTC-1,True,ACCGTAACACAGATTC-1_contig_1,True,515,TRB,TRBV20-1,None,TRBJ1-4,TRBC1,True,True,CSIVPTNEKLFF,TGCAGCATAGTACCAACTAATGAAAAACTGTTTTTT,2722,12,clonotype635,clonotype635_consensus_2
ACCGTAACACAGATTC-1,True,ACCGTAACACAGATTC-1_contig_2,True,541,TRA,TRAV39,None,TRAJ26,TRAC,True,True,CAVDMDNYGQNFVF,TGTGCCGTGGACATGGATAACTATGGTCAGAATTTTGTCTTT,241,2,clonotype635,clonotype635_consensus_1
ACCGTAACATAGACTC-1,True,ACCGTAACATAGACTC-1_contig_1,True,490,TRB,TRBV3-1,None,TRBJ1-2,TRBC1,True,True,CASSQEGGGYTF,TGTGCCAGCAGCCAAGAGGGGGGAGGCTACACCTTC,1262,8,clonotype636,clonotype636_consensus_2
ACCGTAACATAGACTC-1,True,ACCGTAACATAGACTC-1_contig_2,True,552,TRA,TRAV5,None,TRAJ45,TRAC,True,True,CAERRGGADGLTF,TGTGCAGAGAGGCGGGGAGGTGCTGACGGACTCACCTTT,93,2,clonotype636,clonotype636_consensus_1
ACCGTAAGTAAAGTCA-1,True,ACCGTAAGTAAAGTCA-1_contig_1,True,524,TRB,TRBV20-1,None,TRBJ1-5,TRBC1,True,True,CSARDLAGERQPQHF,TGCAGTGCTAGAGATTTGGCAGGGGAACGCCAGCCCCAGCATTTT,4076,8,clonotype637,clonotype637_consensus_1
ACCGTAAGTAAGTGGC-1,True,ACCGTAAGTAAGTGGC-1_contig_1,True,505,TRA,TRAV1-2,None,TRAJ33,TRAC,True,True,CAATDSNYQLIW,TGTGCTGCGACTGATAGCAACTATCAGTTAATCTGG,82,2,clonotype1,clonotype1_consensus_2
ACCGTAAGTAAGTGGC-1,True,ACCGTAAGTAAGTGGC-1_contig_2,True,521,TRB,TRBV20-1,None,TRBJ2-1,TRBC2,True,True,CSARVGSEVNEQFF,TGCAGTGCTAGAGTGGGGTCGGAAGTCAATGAGCAGTTCTTC,2252,13,clonotype1,clonotype1_consensus_1
ACCGTAAGTAAGTGGC-1,True,ACCGTAAGTAAGTGGC-1_contig_3,True,482,TRA,TRAV10,None,TRAJ24,TRAC,True,False,None,None,631,2,clonotype1,None
ACCGTAAGTGACGGTA-1,True,ACCGTAAGTGACGGTA-1_contig_1,True,498,TRB,TRBV20-1,None,TRBJ2-1,TRBC2,True,True,CSARVGSEVNEQFF,TGCAGTGCTAGAGTGGGGTCGGAAGTCAATGAGCAGTTCTTC,943,6,clonotype2,clonotype2_consensus_1
ACCGTAAGTGACGGTA-1,True,ACCGTAAGTGACGGTA-1_contig_2,True,331,TRA,TRAV1-2,None,TRAJ33,TRAC,True,False,CAATDSNYQLIW,TGTGCTGCGACTGATAGCAACTATCAGTTAATCTGG,239,1,clonotype2,None
ACCGTAAGTGACGGTA-1,True,ACCGTAAGTGACGGTA-1_contig_3,True,457,TRA,TRAV10,None,TRAJ24,TRAC,True,False,None,None,99,1,clonotype2,None
ACCGTAAGTGCCTGCA-1,True,ACCGTAAGTGCCTGCA-1_contig_1,True,505,TRA,TRAV1-2,None,TRAJ33,TRAC,True,True,CAATDSNYQLIW,TGTGCTGCGACTGATAGCAACTATCAGTTAATCTGG,199,2,clonotype1,clonotype1_consensus_2
ACCGTAAGTGCCTGCA-1,True,ACCGTAAGTGCCTGCA-1_contig_2,True,498,TRB,TRBV20-1,None,TRBJ2-1,TRBC2,True,True,CSARVGSEVNEQFF,TGCAGTGCTAGAGTGGGGTCGGAAGTCAATGAGCAGTTCTTC,999,4,clonotype1,clonotype1_consensus_1
ACCGTAAGTGCCTGCA-1,True,ACCGTAAGTGCCTGCA-1_contig_3,True,465,TRA,TRAV10,None,TRAJ24,TRAC,True,False,None,None,431,3,clonotype1,None
ACCGTAAGTTAAAGTG-1,True,ACCGTAAGTTAAAGTG-1_contig_1,True,498,TRB,TRBV20-1,None,TRBJ2-1,TRBC2,True,True,CSARVGSEVNEQFF,TGCAGTGCTAGAGTGGGGTCGGAAGTCAATGAGCAGTTCTTC,476,7,clonotype2,clonotype2_consensus_1
ACCGTAAGTTAAAGTG-1,True,ACCGTAAGTTAAAGTG-1_contig_2,True,482,TRA,TRAV10,None,TRAJ24,TRAC,True,False,None,None,1000,4,clonotype2,None
ACCGTAATCAGAAATG-1,True,ACCGTAATCAGAAATG-1_contig_1,True,505,TRA,TRAV1-2,None,TRAJ33,TRAC,True,True,CAATDSNYQLIW,TGTGCTGCGACTGATAGCAACTATCAGTTAATCTGG,652,4,clonotype1,clonotype1_consensus_2
ACCGTAATCAGAAATG-1,True,ACCGTAATCAGAAATG-1_contig_2,True,498,TRB,TRBV20-1,None,TRBJ2-1,TRBC2,True,True,CSARVGSEVNEQFF,TGCAGTGCTAGAGTGGGGTCGGAAGTCAATGAGCAGTTCTTC,374,3,clonotype1,clonotype1_consensus_1
ACCGTAATCCCTCAGT-1,True,ACCGTAATCCCTCAGT-1_contig_1,True,508,TRB,TRBV20-1,None,TRBJ2-7,TRBC2,True,True,CSASTGTALSYEQYF,TGCAGTGCTAGTACCGGGACAGCCCTTTCCTACGAGCAGTACTTC,2091,8,clonotype638,clonotype638_consensus_1
ACCGTAATCCCTCAGT-1,True,ACCGTAATCCCTCAGT-1_contig_2,True,491,TRA,TRAV38-2/DV8,None,TRAJ43,TRAC,True,True,CAYRARNGYDMRF,TGTGCTTATAGGGCCAGGAACGGGTATGACATGCGCTTT,2582,8,clonotype638,clonotype638_consensus_2
ACCGTAATCGTCTGCT-1,True,ACCGTAATCGTCTGCT-1_contig_1,True,518,TRB,TRBV20-1,None,TRBJ2-1,TRBC2,True,True,CSPSRQGSNEQFF,TGCAGTCCTAGTCGACAGGGTTCGAATGAGCAGTTCTTC,3493,11,clonotype639,clonotype639_consensus_1
ACCGTAATCGTCTGCT-1,True,ACCGTAATCGTCTGCT-1_contig_2,True,561,TRA,TRAV8-4,None,TRAJ36,TRAC,True,True,CAVSGANNLFF,TGTGCTGTGAGTGGGGCAAACAACCTCTTCTTT,709,7,clonotype639,clonotype639_consensus_2
ACCGTAATCGTCTGCT-1,True,ACCGTAATCGTCTGCT-1_contig_3,True,437,TRA,None,None,TRAJ32,TRAC,False,False,None,None,356,1,clonotype639,None
ACCGTAATCGTCTGCT-1,True,ACCGTAATCGTCTGCT-1_contig_4,True,505,TRA,TRAV25,None,TRAJ37,TRAC,True,False,None,None,450,2,clonotype639,None
ACCTTTAAGAGCTGCA-1,True,ACCTTTAAGAGCTGCA-1_contig_1,True,502,TRA,TRAV1-2,None,TRAJ30,TRAC,True,True,CAVRDLREIIF,TGTGCTGTGAGAGATCTTCGGGAGATCATCTTT,709,3,clonotype28,clonotype28_consensus_3
ACCTTTAAGAGCTGCA-1,True,ACCTTTAAGAGCTGCA-1_contig_2,True,537,TRB,TRBV5-5,None,TRBJ1-4,TRBC1,True,True,CASSHPGPNYATNEKLFF,TGTGCCAGCAGCCATCCCGGACCGAACTACGCAACTAATGAAAAACTGTTTTTT,732,3,clonotype28,clonotype28_consensus_1
ACCTTTAAGAGCTGCA-1,True,ACCTTTAAGAGCTGCA-1_contig_3,True,521,TRB,TRBV20-1,None,TRBJ2-1,TRBC2,True,True,CSARVGSEVNEQFF,TGCAGTGCTAGAGTGGGGTCGGAAGTCAATGAGCAGTTCTTC,466,1,clonotype28,clonotype28_consensus_2
ACCTTTAAGGCAAAGA-1,True,ACCTTTAAGGCAAAGA-1_contig_1,True,481,TRA,TRAV12-3,None,TRAJ58,TRAC,True,True,CAMSYETSGSRLTF,TGTGCAATGAGCTATGAAACCAGTGGCTCTAGGTTGACCTTT,1986,5,clonotype640,clonotype640_consensus_1
ACCTTTAAGGCAAAGA-1,True,ACCTTTAAGGCAAAGA-1_contig_2,True,527,TRB,TRBV20-1,None,TRBJ2-7,TRBC2,True,True,CSAPPFRGPDRLGQYF,TGCAGTGCTCCCCCTTTCCGGGGACCCGACCGTCTTGGGCAGTACTTC,6231,9,clonotype640,clonotype640_consensus_2
ACCTTTAAGGCAAAGA-1,True,ACCTTTAAGGCAAAGA-1_contig_3,True,313,TRB,None,None,TRBJ1-4,TRBC1,False,False,None,None,459,1,clonotype640,None
ACCTTTAAGGCAAAGA-1,True,ACCTTTAAGGCAAAGA-1_contig_4,True,311,TRB,None,None,TRBJ1-2,TRBC1,False,False,None,None,632,1,clonotype640,None
ACCTTTAAGGTAGCCA-1,True,ACCTTTAAGGTAGCCA-1_contig_1,True,483,TRA,TRAV4,None,TRAJ31,TRAC,True,True,CLFPRNNNARLMF,TGCCTCTTCCCTCGGAATAACAATGCCAGACTCATGTTT,523,1,clonotype641,clonotype641_consensus_1
ACCTTTAAGGTAGCCA-1,True,ACCTTTAAGGTAGCCA-1_contig_2,True,559,TRA,TRAV12-2,None,TRAJ45,TRAC,True,True,CAVNTRRESGGGADGLTF,TGTGCCGTGAACACCCGCCGGGAGTCAGGAGGAGGTGCTGACGGACTCACCTTT,372,2,clonotype641,clonotype641_consensus_3
ACCTTTAAGGTAGCCA-1,True,ACCTTTAAGGTAGCCA-1_contig_3,True,738,TRB,TRBV13,None,TRBJ1-1,TRBC1,True,True,CAGARGRGTEAFF,TGTGCCGGAGCCAGGGGGCGAGGTACTGAAGCTTTCTTT,1347,8,clonotype641,clonotype641_consensus_2
ACCTTTAAGGTAGCCA-1,True,ACCTTTAAGGTAGCCA-1_contig_4,True,581,TRA,TRAV8-1,None,TRAJ9,TRAC,True,False,None,None,174,4,clonotype641,None
ACCTTTACAAGTTCTG-1,True,ACCTTTACAAGTTCTG-1_contig_1,True,453,TRA,TRAV13-1,None,TRAJ30,TRAC,True,True,CAANRDDKIIF,TGTGCAGCAAACAGAGATGACAAGATCATCTTT,120,3,clonotype642,clonotype642_consensus_2
ACCTTTACAAGTTCTG-1,True,ACCTTTACAAGTTCTG-1_contig_2,True,498,TRB,TRBV20-1,None,TRBJ1-1,TRBC1,True,True,CSGLTGRLDTEAFF,TGCAGTGGATTAACAGGCCGCTTGGACACTGAAGCTTTCTTT,1343,8,clonotype642,clonotype642_consensus_1
ACCTTTACAATAAGCA-1,True,ACCTTTACAATAAGCA-1_contig_1,True,524,TRB,TRBV20-1,None,TRBJ2-7,TRBC2,True,True,CSARVPGQGFNEQYF,TGCAGTGCTAGAGTTCCGGGACAGGGGTTCAACGAGCAGTACTTC,1755,15,clonotype643,clonotype643_consensus_1
ACCTTTACATTAGGCT-1,True,ACCTTTACATTAGGCT-1_contig_1,True,495,TRA,TRAV9-2,None,TRAJ36,TRAC,True,True,CALTFQTGANNLFF,TGTGCTCTGACCTTTCAAACTGGGGCAAACAACCTCTTCTTT,197,10,clonotype644,clonotype644_consensus_1
ACCTTTACATTAGGCT-1,True,ACCTTTACATTAGGCT-1_contig_2,True,530,TRB,TRBV20-1,None,TRBJ2-3,TRBC2,True,True,CSAQLPSGGGSTDTQYF,TGCAGTGCTCAGCTGCCTAGCGGGGGGGGAAGCACAGATACGCAGTATTTT,1828,12,clonotype644,clonotype644_consensus_2
ACCTTTAGTAATTGGA-1,True,ACCTTTAGTAATTGGA-1_contig_1,True,583,TRA,TRAV29/DV5,None,TRAJ52,TRAC,True,True,CAASRPGAGGTSYGKLTF,TGTGCAGCAAGCCGCCCGGGGGCTGGTGGTACTAGCTATGGAAAGCTGACATTT,4232,7,clonotype54,clonotype54_consensus_1
ACCTTTAGTAATTGGA-1,True,ACCTTTAGTAATTGGA-1_contig_2,True,656,TRB,TRBV5-5,None,TRBJ1-6,TRBC1,True,True,CASSFVADNSPLHF,TGTGCCAGCAGCTTCGTGGCGGATAATTCACCCCTCCACTTT,1575,6,clonotype54,clonotype54_consensus_2
ACCTTTAGTAATTGGA-1,True,ACCTTTAGTAATTGGA-1_contig_3,True,336,TRB,None,None,TRBJ2-1,TRBC2,False,False,None,None,816,4,clonotype54,None
ACCTTTAGTAATTGGA-1,True,ACCTTTAGTAATTGGA-1_contig_4,True,307,TRA,None,None,TRAJ10,TRAC,False,False,None,None,61,3,clonotype54,None
ACCTTTAGTATAGGGC-1,True,ACCTTTAGTATAGGGC-1_contig_1,True,499,TRA,TRAV17,None,TRAJ43,TRAC,True,True,CATESRDMRF,TGTGCTACGGAGAGCCGTGACATGCGCTTT,367,3,clonotype645,clonotype645_consensus_1
ACCTTTAGTCCTCTTG-1,True,ACCTTTAGTCCTCTTG-1_contig_1,True,497,TRB,TRBV20-1,None,TRBJ2-1,TRBC2,True,True,CSARVGSEVNEQFF,TGCAGTGCTAGAGTGGGGTCGGAAGTCAATGAGCAGTTCTTC,1892,14,clonotype2,clonotype2_consensus_1
ACCTTTAGTCTAGAGG-1,True,ACCTTTAGTCTAGAGG-1_contig_1,True,505,TRA,TRAV1-2,None,TRAJ33,TRAC,True,True,CAATDSNYQLIW,TGTGCTGCGACTGATAGCAACTATCAGTTAATCTGG,572,3,clonotype1,clonotype1_consensus_2
ACCTTTAGTCTAGAGG-1,True,ACCTTTAGTCTAGAGG-1_contig_2,True,511,TRB,TRBV20-1,None,TRBJ2-1,TRBC2,True,True,CSARVGSEVNEQFF,TGCAGTGCTAGAGTGGGGTCGGAAGTCAATGAGCAGTTCTTC,896,7,clonotype1,clonotype1_consensus_1
ACCTTTAGTGAGGCTA-1,True,ACCTTTAGTGAGGCTA-1_contig_1,True,505,TRA,TRAV1-2,None,TRAJ33,TRAC,True,True,CAATDSNYQLIW,TGTGCTGCGACTGATAGCAACTATCAGTTAATCTGG,2656,7,clonotype1,clonotype1_consensus_2
ACCTTTAGTGAGGCTA-1,True,ACCTTTAGTGAGGCTA-1_contig_2,True,509,TRB,TRBV20-1,None,TRBJ2-1,TRBC2,True,True,CSARVGSEVNEQFF,TGCAGTGCTAGAGTGGGGTCGGAAGTCAATGAGCAGTTCTTC,192,12,clonotype1,clonotype1_consensus_1
ACCTTTAGTGAGGCTA-1,True,ACCTTTAGTGAGGCTA-1_contig_3,True,471,TRA,TRAV10,None,TRAJ24,TRAC,True,False,None,None,434,5,clonotype1,None
ACCTTTAGTGCATCTA-1,True,ACCTTTAGTGCATCTA-1_contig_1,True,628,TRA,TRAV26-1,None,TRAJ41,TRAC,True,True,CIVRAANSGYALNF,TGCATCGTCAGAGCCGCAAATTCCGGGTATGCACTCAACTTC,199,1,clonotype646,clonotype646_consensus_1
ACCTTTAGTGCATCTA-1,True,ACCTTTAGTGCATCTA-1_contig_2,True,519,TRB,TRBV5-5,None,TRBJ1-6,TRBC1,True,True,CASSLQQGSSYNSPLHF,TGTGCCAGCAGCTTGCAACAGGGGAGCTCCTATAATTCACCCCTCCACTTT,2160,9,clonotype646,clonotype646_consensus_2
ACCTTTAGTGCATCTA-1,True,ACCTTTAGTGCATCTA-1_contig_3,True,420,Multi,TRDV1,None,TRAJ23,TRAC,True,False,None,None,131,2,clonotype646,None
ACCTTTAGTGCATCTA-1,True,ACCTTTAGTGCATCTA-1_contig_4,True,487,TRB,TRBV21-1,None,TRBJ2-7,TRBC2,True,False,CASSKVAGAYEQYF,TGTGCCAGCAGCAAAGTGGCCGGGGCCTACGAGCAGTACTTC,1352,5,clonotype646,None
ACCTTTAGTGGGTATG-1,True,ACCTTTAGTGGGTATG-1_contig_1,True,502,TRB,TRBV7-3,None,TRBJ1-2,TRBC1,True,True,CASSTLGTGEHGYTF,TGTGCCAGCAGCACCCTAGGGACAGGGGAACATGGCTACACCTTC,2432,16,clonotype647,clonotype647_consensus_1
ACCTTTAGTGGGTATG-1,True,ACCTTTAGTGGGTATG-1_contig_2,True,652,TRA,TRAV29/DV5,None,TRAJ28,TRAC,True,False,CSKLGAGSYQLTF,TGCAGCAAGCTTGGGGCTGGGAGTTACCAACTCACTTTC,316,6,clonotype647,None
ACCTTTATCAACACTG-1,True,ACCTTTATCAACACTG-1_contig_1,True,470,TRB,TRBV20-1,None,TRBJ2-5,TRBC2,True,True,CSARAGNQETQYF,TGCAGTGCTCGGGCGGGGAACCAAGAGACCCAGTACTTC,1384,8,clonotype648,clonotype648_consensus_2
ACCTTTATCAACACTG-1,True,ACCTTTATCAACACTG-1_contig_2,True,497,TRA,TRAV38-2/DV8,None,TRAJ57,TRAC,True,True,CAYKVVWGGSEKLVF,TGTGCTTATAAGGTAGTCTGGGGCGGATCTGAAAAGCTGGTCTTT,588,7,clonotype648,clonotype648_consensus_1
ACCTTTATCAACACTG-1,True,ACCTTTATCAACACTG-1_contig_3,True,435,TRB,TRBV21-1,None,None,TRBC2,False,False,None,None,1221,5,clonotype648,None
ACCTTTATCACCCTCA-1,True,ACCTTTATCACCCTCA-1_contig_1,True,502,TRA,TRAV1-2,None,TRAJ30,TRAC,True,True,CAVRDLREIIF,TGTGCTGTGAGAGATCTTCGGGAGATCATCTTT,3709,2,clonotype3,clonotype3_consensus_2
ACCTTTATCACCCTCA-1,True,ACCTTTATCACCCTCA-1_contig_2,True,509,TRB,TRBV5-5,None,TRBJ1-4,TRBC1,True,True,CASSHPGPNYATNEKLFF,TGTGCCAGCAGCCATCCCGGACCGAACTACGCAACTAATGAAAAACTGTTTTTT,1388,7,clonotype3,clonotype3_consensus_1
ACCTTTATCCTTGGTC-1,True,ACCTTTATCCTTGGTC-1_contig_1,True,505,TRA,TRAV1-2,None,TRAJ33,TRAC,True,True,CAATDSNYQLIW,TGTGCTGCGACTGATAGCAACTATCAGTTAATCTGG,506,4,clonotype1,clonotype1_consensus_2
ACCTTTATCCTTGGTC-1,True,ACCTTTATCCTTGGTC-1_contig_2,True,521,TRB,TRBV20-1,None,TRBJ2-1,TRBC2,True,True,CSARVGSEVNEQFF,TGCAGTGCTAGAGTGGGGTCGGAAGTCAATGAGCAGTTCTTC,1650,10,clonotype1,clonotype1_consensus_1
ACCTTTATCGAATCCA-1,True,ACCTTTATCGAATCCA-1_contig_1,True,521,TRB,TRBV20-1,None,TRBJ2-1,TRBC2,True,True,CSARVGSEVNEQFF,TGCAGTGCTAGAGTGGGGTCGGAAGTCAATGAGCAGTTCTTC,995,8,clonotype2,clonotype2_consensus_1
ACCTTTATCGGATGGA-1,True,ACCTTTATCGGATGGA-1_contig_1,True,701,TRB,TRBV5-6,None,TRBJ2-1,TRBC2,True,True,CASSSALAYNEQFF,TGTGCCAGCAGCTCAGCCTTAGCCTACAATGAGCAGTTCTTC,3576,14,clonotype649,clonotype649_consensus_1
ACCTTTATCTCAACTT-1,True,ACCTTTATCTCAACTT-1_contig_1,True,521,TRB,TRBV20-1,None,TRBJ2-1,TRBC2,True,True,CSARVGSEVNEQFF,TGCAGTGCTAGAGTGGGGTCGGAAGTCAATGAGCAGTTCTTC,2049,8,clonotype2,clonotype2_consensus_1
ACCTTTATCTGGTGTA-1,True,ACCTTTATCTGGTGTA-1_contig_1,True,505,TRA,TRAV1-2,None,TRAJ33,TRAC,True,True,CAATDSNYQLIW,TGTGCTGCGACTGATAGCAACTATCAGTTAATCTGG,246,7,clonotype1,clonotype1_consensus_2
ACCTTTATCTGGTGTA-1,True,ACCTTTATCTGGTGTA-1_contig_2,True,521,TRB,TRBV20-1,None,TRBJ2-1,TRBC2,True,True,CSARVGSEVNEQFF,TGCAGTGCTAGAGTGGGGTCGGAAGTCAATGAGCAGTTCTTC,4433,14,clonotype1,clonotype1_consensus_1
ACGAGCCAGCCGTCGT-1,True,ACGAGCCAGCCGTCGT-1_contig_1,True,492,TRB,TRBV20-1,None,TRBJ2-1,TRBC2,True,True,CSARESRAQNEQFF,TGCAGTGCTAGAGAATCGCGGGCCCAGAATGAGCAGTTCTTC,2404,10,clonotype650,clonotype650_consensus_1
ACGAGCCAGCCGTCGT-1,True,ACGAGCCAGCCGTCGT-1_contig_2,True,463,Multi,TRDV1,None,None,TRAC,False,False,None,None,233,3,clonotype650,None
ACGAGCCAGGATGTAT-1,True,ACGAGCCAGGATGTAT-1_contig_1,True,505,TRA,TRAV1-2,None,TRAJ33,TRAC,True,True,CAATDSNYQLIW,TGTGCTGCGACTGATAGCAACTATCAGTTAATCTGG,433,2,clonotype1,clonotype1_consensus_2
ACGAGCCAGGATGTAT-1,True,ACGAGCCAGGATGTAT-1_contig_2,True,498,TRB,TRBV20-1,None,TRBJ2-1,TRBC2,True,True,CSARVGSEVNEQFF,TGCAGTGCTAGAGTGGGGTCGGAAGTCAATGAGCAGTTCTTC,1457,6,clonotype1,clonotype1_consensus_1
ACGAGCCAGTATGACA-1,True,ACGAGCCAGTATGACA-1_contig_1,True,501,TRB,TRBV20-1,None,TRBJ1-1,TRBC1,True,True,CSAQGARGADTEAFF,TGCAGTGCTCAGGGCGCCCGGGGGGCGGACACTGAAGCTTTCTTT,3899,12,clonotype651,clonotype651_consensus_1
ACGAGCCAGTATGACA-1,True,ACGAGCCAGTATGACA-1_contig_2,True,456,TRA,TRAV13-1,None,TRAJ49,TRAC,True,True,CAVTNTGNQFYF,TGTGCAGTCACGAACACCGGTAACCAGTTCTATTTT,516,4,clonotype651,clonotype651_consensus_2
ACGAGCCAGTGGACGT-1,True,ACGAGCCAGTGGACGT-1_contig_1,True,512,TRA,TRAV25,None,TRAJ40,TRAC,True,True,CAGANLTSGTYKYIF,TGTGCGGGGGCTAACCTTACCTCAGGAACCTACAAATACATCTTT,494,3,clonotype652,clonotype652_consensus_2
ACGAGCCAGTGGACGT-1,True,ACGAGCCAGTGGACGT-1_contig_2,True,530,TRB,TRBV20-1,None,TRBJ2-3,TRBC2,True,True,CSASGGGAAQITDTQYF,TGCAGTGCTAGCGGGGGAGGGGCAGCCCAGATCACAGATACGCAGTATTTT,2554,7,clonotype652,clonotype652_consensus_1
ACGAGCCAGTGGACGT-1,True,ACGAGCCAGTGGACGT-1_contig_3,True,516,TRB,None,None,TRBJ2-5,TRBC2,False,False,None,None,284,1,clonotype652,None
ACGAGCCGTAGATTAG-1,True,ACGAGCCGTAGATTAG-1_contig_1,True,505,TRA,TRAV1-2,None,TRAJ33,TRAC,True,True,CAATDSNYQLIW,TGTGCTGCGACTGATAGCAACTATCAGTTAATCTGG,288,1,clonotype1,clonotype1_consensus_2
ACGAGCCGTAGATTAG-1,True,ACGAGCCGTAGATTAG-1_contig_2,True,521,TRB,TRBV20-1,None,TRBJ2-1,TRBC2,True,True,CSARVGSEVNEQFF,TGCAGTGCTAGAGTGGGGTCGGAAGTCAATGAGCAGTTCTTC,5520,15,clonotype1,clonotype1_consensus_1
ACGAGCCGTAGATTAG-1,True,ACGAGCCGTAGATTAG-1_contig_3,True,433,TRA,TRAV10,None,TRAJ24,TRAC,True,False,None,None,75,1,clonotype1,None
ACGAGCCGTGCCTGCA-1,True,ACGAGCCGTGCCTGCA-1_contig_1,True,527,TRB,TRBV20-1,None,TRBJ1-5,TRBC1,True,True,CSAIGQGAPSNQPQHF,TGCAGTGCTATCGGACAGGGGGCGCCGAGCAATCAGCCCCAGCATTTT,1634,5,clonotype12,clonotype12_consensus_1
ACGAGCCGTGCCTGCA-1,True,ACGAGCCGTGCCTGCA-1_contig_2,True,506,TRB,TRBV7-2,None,TRBJ2-3,TRBC2,True,False,None,None,578,2,clonotype12,None
ACGAGCCGTGCCTGCA-1,True,ACGAGCCGTGCCTGCA-1_contig_3,True,536,TRA,TRAV30,None,TRAJ53,TRAC,True,False,None,None,595,3,clonotype12,None
ACGAGCCGTGGTAACG-1,True,ACGAGCCGTGGTAACG-1_contig_1,True,505,TRA,TRAV1-2,None,TRAJ33,TRAC,True,True,CAATDSNYQLIW,TGTGCTGCGACTGATAGCAACTATCAGTTAATCTGG,1082,6,clonotype1,clonotype1_consensus_2
ACGAGCCGTGGTAACG-1,True,ACGAGCCGTGGTAACG-1_contig_2,True,521,TRB,TRBV20-1,None,TRBJ2-1,TRBC2,True,True,CSARVGSEVNEQFF,TGCAGTGCTAGAGTGGGGTCGGAAGTCAATGAGCAGTTCTTC,1666,9,clonotype1,clonotype1_consensus_1
ACGAGCCGTGGTAACG-1,True,ACGAGCCGTGGTAACG-1_contig_3,True,482,TRA,TRAV10,None,TRAJ24,TRAC,True,False,None,None,1085,2,clonotype1,None
ACGAGCCTCAAACGGG-1,True,ACGAGCCTCAAACGGG-1_contig_1,True,514,TRB,TRBV20-1,None,TRBJ2-1,TRBC2,True,True,CSARVGSEVNEQFF,TGCAGTGCTAGAGTGGGGTCGGAAGTCAATGAGCAGTTCTTC,251,3,clonotype2,clonotype2_consensus_1
ACGAGCCTCAAACGGG-1,True,ACGAGCCTCAAACGGG-1_contig_2,True,316,TRB,None,None,TRBJ2-3,TRBC2,False,False,None,None,235,2,clonotype2,None
ACGAGCCTCATCATTC-1,True,ACGAGCCTCATCATTC-1_contig_1,True,505,TRA,TRAV1-2,None,TRAJ33,TRAC,True,True,CAATDSNYQLIW,TGTGCTGCGACTGATAGCAACTATCAGTTAATCTGG,212,2,clonotype1,clonotype1_consensus_2
ACGAGCCTCATCATTC-1,True,ACGAGCCTCATCATTC-1_contig_2,True,521,TRB,TRBV20-1,None,TRBJ2-1,TRBC2,True,True,CSARVGSEVNEQFF,TGCAGTGCTAGAGTGGGGTCGGAAGTCAATGAGCAGTTCTTC,1165,7,clonotype1,clonotype1_consensus_1
ACGAGCCTCATCATTC-1,True,ACGAGCCTCATCATTC-1_contig_3,True,467,TRA,TRAV10,None,TRAJ24,TRAC,True,False,None,None,856,6,clonotype1,None
ACGAGCCTCCGCATAA-1,True,ACGAGCCTCCGCATAA-1_contig_1,True,489,TRA,TRAV1-2,None,TRAJ33,TRAC,True,True,CAATDSNYQLIW,TGTGCTGCGACTGATAGCAACTATCAGTTAATCTGG,98,2,clonotype1,clonotype1_consensus_2
ACGAGCCTCCGCATAA-1,True,ACGAGCCTCCGCATAA-1_contig_2,True,492,TRB,TRBV20-1,None,TRBJ2-1,TRBC2,True,True,CSARVGSEVNEQFF,TGCAGTGCTAGAGTGGGGTCGGAAGTCAATGAGCAGTTCTTC,853,4,clonotype1,clonotype1_consensus_1
ACGAGCCTCCGCATAA-1,True,ACGAGCCTCCGCATAA-1_contig_3,True,469,TRA,TRAV10,None,TRAJ24,TRAC,True,False,None,None,100,2,clonotype1,None
ACGAGCCTCGGTTCGG-1,True,ACGAGCCTCGGTTCGG-1_contig_1,True,505,TRA,TRAV1-2,None,TRAJ33,TRAC,True,True,CAATDSNYQLIW,TGTGCTGCGACTGATAGCAACTATCAGTTAATCTGG,828,2,clonotype1,clonotype1_consensus_2
ACGAGCCTCGGTTCGG-1,True,ACGAGCCTCGGTTCGG-1_contig_2,True,498,TRB,TRBV20-1,None,TRBJ2-1,TRBC2,True,True,CSARVGSEVNEQFF,TGCAGTGCTAGAGTGGGGTCGGAAGTCAATGAGCAGTTCTTC,2691,10,clonotype1,clonotype1_consensus_1
ACGAGCCTCTGGGCCA-1,True,ACGAGCCTCTGGGCCA-1_contig_1,True,518,TRB,TRBV20-1,None,TRBJ2-1,TRBC2,True,True,CSARVGSEVNEQFF,TGCAGTGCTAGAGTGGGGTCGGAAGTCAATGAGCAGTTCTTC,2153,6,clonotype2,clonotype2_consensus_1
ACGAGGAAGGCTATCT-1,True,ACGAGGAAGGCTATCT-1_contig_1,True,514,TRA,TRAV29/DV5,None,TRAJ54,TRAC,True,True,CAASAQEGAQKLVF,TGTGCAGCAAGCGCGCAGGAGGGAGCCCAGAAGCTGGTATTT,4883,7,clonotype653,clonotype653_consensus_1
ACGAGGAAGGCTATCT-1,True,ACGAGGAAGGCTATCT-1_contig_2,True,521,TRB,TRBV20-1,None,TRBJ2-3,TRBC2,True,True,CSARRGGGPDTQYF,TGCAGTGCTAGAAGGGGGGGGGGCCCGGATACGCAGTATTTT,1476,6,clonotype653,clonotype653_consensus_2
ACGAGGAAGTATCGAA-1,True,ACGAGGAAGTATCGAA-1_contig_1,True,498,TRB,TRBV20-1,None,TRBJ2-1,TRBC2,True,True,CSARVGSEVNEQFF,TGCAGTGCTAGAGTGGGGTCGGAAGTCAATGAGCAGTTCTTC,2161,11,clonotype2,clonotype2_consensus_1
ACGAGGACAACTGGCC-1,True,ACGAGGACAACTGGCC-1_contig_1,True,574,TRA,TRAV8-1,None,TRAJ29,TRAC,True,True,CAVTKSSGNTPLVF,TGTGCCGTGACCAAGAGTTCAGGAAACACACCTCTTGTCTTT,216,2,clonotype29,clonotype29_consensus_1
ACGAGGACAACTGGCC-1,True,ACGAGGACAACTGGCC-1_contig_2,True,504,TRB,TRBV20-1,None,TRBJ1-1,TRBC1,True,True,CSARDNHGTGEREAFF,TGCAGTGCTAGAGATAATCATGGGACAGGGGAAAGGGAAGCTTTCTTT,2308,11,clonotype29,clonotype29_consensus_2
ACGAGGACAAGAGGCT-1,True,ACGAGGACAAGAGGCT-1_contig_1,True,515,TRB,TRBV20-1,None,TRBJ2-3,TRBC2,True,True,CSALFSTDTQYF,TGCAGTGCCCTTTTTAGCACAGATACGCAGTATTTT,3133,12,clonotype654,clonotype654_consensus_1
ACGAGGACAAGAGGCT-1,True,ACGAGGACAAGAGGCT-1_contig_2,True,526,TRA,TRAV5,None,TRAJ40,TRAC,True,False,None,None,312,2,clonotype654,None
ACGAGGACAATAGAGT-1,True,ACGAGGACAATAGAGT-1_contig_1,True,502,TRA,TRAV1-2,None,TRAJ30,TRAC,True,True,CAVRDLREIIF,TGTGCTGTGAGAGATCTTCGGGAGATCATCTTT,191,6,clonotype3,clonotype3_consensus_2
ACGAGGACAATAGAGT-1,True,ACGAGGACAATAGAGT-1_contig_2,True,696,TRB,TRBV5-5,None,TRBJ1-4,TRBC1,True,True,CASSHPGPNYATNEKLFF,TGTGCCAGCAGCCATCCCGGACCGAACTACGCAACTAATGAAAAACTGTTTTTT,292,5,clonotype3,clonotype3_consensus_1
ACGAGGACAATCCAAC-1,True,ACGAGGACAATCCAAC-1_contig_1,True,505,TRA,TRAV1-2,None,TRAJ33,TRAC,True,True,CAATDSNYQLIW,TGTGCTGCGACTGATAGCAACTATCAGTTAATCTGG,565,2,clonotype1,clonotype1_consensus_2
ACGAGGACAATCCAAC-1,True,ACGAGGACAATCCAAC-1_contig_2,True,495,TRB,TRBV20-1,None,TRBJ2-1,TRBC2,True,True,CSARVGSEVNEQFF,TGCAGTGCTAGAGTGGGGTCGGAAGTCAATGAGCAGTTCTTC,1366,9,clonotype1,clonotype1_consensus_1
ACGAGGACAATCCAAC-1,True,ACGAGGACAATCCAAC-1_contig_3,True,468,TRA,TRAV10,None,TRAJ24,TRAC,True,False,None,None,370,1,clonotype1,None
ACGAGGACAGGTCGTC-1,True,ACGAGGACAGGTCGTC-1_contig_1,True,521,TRB,TRBV5-5,None,TRBJ2-7,TRBC2,True,True,CASYQDTSYEQYF,TGTGCCAGCTACCAGGACACCTCCTACGAGCAGTACTTC,3860,11,clonotype74,clonotype74_consensus_1
ACGAGGACAGGTCGTC-1,True,ACGAGGACAGGTCGTC-1_contig_2,True,661,TRA,TRAV8-2,None,TRAJ24,TRAC,True,True,CVVTDSWGKFQF,TGTGTTGTGACTGACAGCTGGGGGAAATTCCAGTTT,1194,8,clonotype74,clonotype74_consensus_2
ACGAGGACAGGTCGTC-1,True,ACGAGGACAGGTCGTC-1_contig_3,True,510,TRA,TRAV13-2,None,TRAJ24,TRAC,True,False,None,None,196,2,clonotype74,None
ACGAGGAGTAAGTTCC-1,True,ACGAGGAGTAAGTTCC-1_contig_1,True,505,TRA,TRAV1-2,None,TRAJ33,TRAC,True,True,CAATDSNYQLIW,TGTGCTGCGACTGATAGCAACTATCAGTTAATCTGG,1437,5,clonotype1,clonotype1_consensus_2
ACGAGGAGTAAGTTCC-1,True,ACGAGGAGTAAGTTCC-1_contig_2,True,485,TRB,TRBV20-1,None,TRBJ2-1,TRBC2,True,True,CSARVGSEVNEQFF,TGCAGTGCTAGAGTGGGGTCGGAAGTCAATGAGCAGTTCTTC,1184,6,clonotype1,clonotype1_consensus_1
ACGAGGAGTCCGACGT-1,True,ACGAGGAGTCCGACGT-1_contig_1,True,505,TRA,TRAV1-2,None,TRAJ33,TRAC,True,True,CAATDSNYQLIW,TGTGCTGCGACTGATAGCAACTATCAGTTAATCTGG,357,1,clonotype1,clonotype1_consensus_2
ACGAGGAGTCCGACGT-1,True,ACGAGGAGTCCGACGT-1_contig_2,True,518,TRB,TRBV20-1,None,TRBJ2-1,TRBC2,True,True,CSARVGSEVNEQFF,TGCAGTGCTAGAGTGGGGTCGGAAGTCAATGAGCAGTTCTTC,1031,5,clonotype1,clonotype1_consensus_1
ACGAGGAGTCCGACGT-1,True,ACGAGGAGTCCGACGT-1_contig_3,True,482,TRA,TRAV10,None,TRAJ24,TRAC,True,False,None,None,775,4,clonotype1,None
ACGAGGATCGAGCCCA-1,True,ACGAGGATCGAGCCCA-1_contig_1,True,502,TRA,TRAV1-2,None,TRAJ30,TRAC,True,True,CAVRDLREIIF,TGTGCTGTGAGAGATCTTCGGGAGATCATCTTT,426,1,clonotype3,clonotype3_consensus_2
ACGAGGATCGAGCCCA-1,True,ACGAGGATCGAGCCCA-1_contig_2,True,531,TRB,TRBV5-5,None,TRBJ1-4,TRBC1,True,True,CASSHPGPNYATNEKLFF,TGTGCCAGCAGCCATCCCGGACCGAACTACGCAACTAATGAAAAACTGTTTTTT,339,1,clonotype3,clonotype3_consensus_1
ACGAGGATCGAGCCCA-1,True,ACGAGGATCGAGCCCA-1_contig_3,True,513,TRB,TRBV7-3,None,TRBJ2-1,TRBC2,True,False,CQQRSLKAGGPYNEQFF,TGCCAGCAGCGGTCACTTAAAGCGGGGGGACCCTACAATGAGCAGTTCTTC,232,2,clonotype3,None
ACGAGGATCTGGGCCA-1,True,ACGAGGATCTGGGCCA-1_contig_1,True,502,TRA,TRAV1-2,None,TRAJ33,TRAC,True,True,CAATDSNYQLIW,TGTGCTGCGACTGATAGCAACTATCAGTTAATCTGG,324,2,clonotype1,clonotype1_consensus_2
ACGAGGATCTGGGCCA-1,True,ACGAGGATCTGGGCCA-1_contig_2,True,518,TRB,TRBV20-1,None,TRBJ2-1,TRBC2,True,True,CSARVGSEVNEQFF,TGCAGTGCTAGAGTGGGGTCGGAAGTCAATGAGCAGTTCTTC,1648,12,clonotype1,clonotype1_consensus_1
ACGAGGATCTGGGCCA-1,True,ACGAGGATCTGGGCCA-1_contig_3,True,482,TRA,TRAV10,None,TRAJ24,TRAC,True,False,None,None,417,1,clonotype1,None
ACGAGGATCTTCGGTC-1,True,ACGAGGATCTTCGGTC-1_contig_1,True,558,TRB,TRBV5-5,None,TRBJ1-4,TRBC1,True,True,CASSHPGPNYATNEKLFF,TGTGCCAGCAGCCATCCCGGACCGAACTACGCAACTAATGAAAAACTGTTTTTT,732,2,clonotype4,clonotype4_consensus_1
ACGATACAGCTTTGGT-1,True,ACGATACAGCTTTGGT-1_contig_1,True,522,TRA,TRAV21,None,TRAJ29,TRAC,True,True,CAVHANSGNTPLVF,TGTGCTGTGCACGCGAATTCAGGAAACACACCTCTTGTCTTT,1918,6,clonotype655,clonotype655_consensus_1
ACGATACAGCTTTGGT-1,True,ACGATACAGCTTTGGT-1_contig_2,True,521,TRB,TRBV20-1,None,TRBJ1-2,TRBC1,True,True,CSASDLTRPYGYTF,TGCAGTGCTAGTGATTTGACTAGGCCTTATGGCTACACCTTC,2244,7,clonotype655,clonotype655_consensus_2
ACGATACAGGTCATCT-1,True,ACGATACAGGTCATCT-1_contig_1,True,517,TRB,TRBV20-1,None,TRBJ1-5,TRBC1,True,True,CSAIGQGAPSNQPQHF,TGCAGTGCTATCGGACAGGGGGCGCCGAGCAATCAGCCCCAGCATTTT,808,8,clonotype12,clonotype12_consensus_1
ACGATACAGTGAACAT-1,True,ACGATACAGTGAACAT-1_contig_1,True,467,TRA,TRAV36/DV7,None,TRAJ44,TRAC,True,True,CAVVTGTASKLTF,TGTGCTGTGGTTACCGGCACTGCCAGTAAACTCACCTTT,225,3,clonotype656,clonotype656_consensus_2
ACGATACAGTGAACAT-1,True,ACGATACAGTGAACAT-1_contig_2,True,531,TRB,TRBV5-6,None,TRBJ2-2,TRBC2,True,True,CASSLRTSGGYGELFF,TGTGCCAGCAGCTTGAGGACTAGCGGGGGGTACGGGGAGCTGTTTTTT,1141,8,clonotype656,clonotype656_consensus_1
ACGATACAGTGGAGAA-1,True,ACGATACAGTGGAGAA-1_contig_1,True,498,TRB,TRBV20-1,None,TRBJ2-1,TRBC2,True,True,CSARVGSEVNEQFF,TGCAGTGCTAGAGTGGGGTCGGAAGTCAATGAGCAGTTCTTC,2383,7,clonotype2,clonotype2_consensus_1
ACGATACAGTTATCGC-1,True,ACGATACAGTTATCGC-1_contig_1,True,505,TRA,TRAV1-2,None,TRAJ33,TRAC,True,True,CAATDSNYQLIW,TGTGCTGCGACTGATAGCAACTATCAGTTAATCTGG,463,2,clonotype1,clonotype1_consensus_2
ACGATACAGTTATCGC-1,True,ACGATACAGTTATCGC-1_contig_2,True,521,TRB,TRBV20-1,None,TRBJ2-1,TRBC2,True,True,CSARVGSEVNEQFF,TGCAGTGCTAGAGTGGGGTCGGAAGTCAATGAGCAGTTCTTC,2550,7,clonotype1,clonotype1_consensus_1
ACGATACCAGCAGTTT-1,True,ACGATACCAGCAGTTT-1_contig_1,True,495,TRB,TRBV20-1,None,TRBJ2-7,TRBC2,True,True,CSARGADSREQYF,TGCAGTGCTAGAGGAGCGGACAGTAGGGAGCAGTACTTC,2122,10,clonotype73,clonotype73_consensus_1
ACGATACCAGCAGTTT-1,True,ACGATACCAGCAGTTT-1_contig_2,True,491,TRA,TRAV29/DV5,None,TRAJ40,TRAC,True,True,CAASSSGTYKYIF,TGTGCAGCTTCGAGTTCAGGAACCTACAAATACATCTTT,1161,4,clonotype73,clonotype73_consensus_2
ACGATACCAGCTGTGC-1,True,ACGATACCAGCTGTGC-1_contig_1,True,569,TRA,TRAV22,None,TRAJ36,TRAC,True,True,CAVDPSITGANNLFF,TGTGCTGTGGACCCCTCGATAACTGGGGCAAACAACCTCTTCTTT,190,1,clonotype191,clonotype191_consensus_1
ACGATACCAGCTGTGC-1,True,ACGATACCAGCTGTGC-1_contig_2,True,524,TRB,TRBV20-1,None,TRBJ2-1,TRBC2,True,True,CSARDWAGVYNEQFF,TGCAGTGCCAGGGATTGGGCGGGGGTTTACAATGAGCAGTTCTTC,2524,8,clonotype191,clonotype191_consensus_2
ACGATACCATACTCTT-1,True,ACGATACCATACTCTT-1_contig_1,True,505,TRA,TRAV1-2,None,TRAJ33,TRAC,True,True,CAATDSNYQLIW,TGTGCTGCGACTGATAGCAACTATCAGTTAATCTGG,76,4,clonotype1,clonotype1_consensus_2
ACGATACCATACTCTT-1,True,ACGATACCATACTCTT-1_contig_2,True,498,TRB,TRBV20-1,None,TRBJ2-1,TRBC2,True,True,CSARVGSEVNEQFF,TGCAGTGCTAGAGTGGGGTCGGAAGTCAATGAGCAGTTCTTC,1060,9,clonotype1,clonotype1_consensus_1
ACGATACGTAGCGCAA-1,True,ACGATACGTAGCGCAA-1_contig_1,True,492,TRB,TRBV20-1,None,TRBJ2-3,TRBC2,True,True,CSARDLGDTQYF,TGCAGTGCTAGAGATCTCGGAGATACGCAGTATTTT,941,3,clonotype657,clonotype657_consensus_2
ACGATACGTAGCGCAA-1,True,ACGATACGTAGCGCAA-1_contig_2,True,545,TRA,TRAV12-1,None,TRAJ23,TRAC,True,True,CVVNPGGKLIF,TGTGTGGTGAACCCGGGAGGAAAGCTTATCTTC,207,2,clonotype657,clonotype657_consensus_1
ACGATACGTAGCTAAA-1,True,ACGATACGTAGCTAAA-1_contig_1,True,534,TRA,TRAV17,None,TRAJ43,TRAC,True,True,CATDANDMRF,TGTGCTACGGACGCGAATGACATGCGCTTT,233,5,clonotype658,clonotype658_consensus_2
ACGATACGTAGCTAAA-1,True,ACGATACGTAGCTAAA-1_contig_2,True,521,TRB,TRBV20-1,None,TRBJ1-2,TRBC1,True,True,CSAGTGGRSGGYTF,TGCAGTGCCGGGACAGGGGGGAGATCTGGCGGCTACACCTTC,6508,7,clonotype658,clonotype658_consensus_1
ACGATACGTTAAGGGC-1,True,ACGATACGTTAAGGGC-1_contig_1,True,518,TRB,TRBV20-1,None,TRBJ1-1,TRBC1,True,True,CSVEDGLNTEAFF,TGCAGTGTTGAGGACGGCCTGAACACTGAAGCTTTCTTT,2698,8,clonotype192,clonotype192_consensus_1
ACGATACGTTAGAACA-1,True,ACGATACGTTAGAACA-1_contig_1,True,505,TRA,TRAV1-2,None,TRAJ33,TRAC,True,True,CAATDSNYQLIW,TGTGCTGCGACTGATAGCAACTATCAGTTAATCTGG,175,1,clonotype1,clonotype1_consensus_2
ACGATACGTTAGAACA-1,True,ACGATACGTTAGAACA-1_contig_2,True,518,TRB,TRBV20-1,None,TRBJ2-1,TRBC2,True,True,CSARVGSEVNEQFF,TGCAGTGCTAGAGTGGGGTCGGAAGTCAATGAGCAGTTCTTC,840,3,clonotype1,clonotype1_consensus_1
ACGATACTCACGAAGG-1,True,ACGATACTCACGAAGG-1_contig_1,True,636,TRA,TRAV26-1,None,TRAJ26,TRAC,True,True,CIVRGNNYGQNFVF,TGCATCGTCAGAGGAAATAACTATGGTCAGAATTTTGTCTTT,172,3,clonotype659,clonotype659_consensus_2
ACGATACTCACGAAGG-1,True,ACGATACTCACGAAGG-1_contig_2,True,524,TRB,TRBV20-1,None,TRBJ2-1,TRBC2,True,True,CSARKLAGSYNEQFF,TGCAGTGCGCGGAAACTAGCGGGGTCTTACAATGAGCAGTTCTTC,1103,5,clonotype659,clonotype659_consensus_1
ACGATACTCACGAAGG-1,True,ACGATACTCACGAAGG-1_contig_3,True,321,TRA,TRAV26-2,None,TRAJ45,TRAC,True,False,CILWGSQEEVLTD,TGCATCCTATGGGGTTCTCAGGAGGAGGTGCTGACGGAC,454,1,clonotype659,None
ACGATACTCACGAAGG-1,True,ACGATACTCACGAAGG-1_contig_4,True,385,TRB,TRBV7-8,None,TRBJ2-3,None,True,False,CQQLRRETDTQYF,TGCCAGCAGCTTAGGCGGGAGACAGATACGCAGTATTTT,234,1,clonotype659,None
ACGATACTCATGCATG-1,True,ACGATACTCATGCATG-1_contig_1,True,489,TRB,TRBV25-1,None,TRBJ1-4,TRBC1,True,True,CASPEVDATNEKLFF,TGTGCCAGCCCTGAAGTAGACGCAACTAATGAAAAACTGTTTTTT,2647,4,clonotype660,clonotype660_consensus_2
ACGATACTCATGCATG-1,True,ACGATACTCATGCATG-1_contig_2,True,518,TRB,TRBV20-1,None,TRBJ2-5,TRBC2,True,True,CSARDLYQETQYF,TGCAGTGCTAGAGACCTATACCAAGAGACCCAGTACTTC,2157,6,clonotype660,clonotype660_consensus_3
ACGATACTCATGCATG-1,True,ACGATACTCATGCATG-1_contig_3,True,511,TRA,TRAV1-2,None,TRAJ12,TRAC,True,True,CAVLGGDSSYKLIF,TGTGCTGTGCTCGGAGGGGATAGCAGCTATAAATTGATCTTC,1954,5,clonotype660,clonotype660_consensus_1
ACGATACTCATGCATG-1,True,ACGATACTCATGCATG-1_contig_4,True,370,TRB,None,None,TRBJ2-4,TRBC2,False,False,None,None,459,1,clonotype660,None
ACGATACTCATGCTCC-1,True,ACGATACTCATGCTCC-1_contig_1,True,524,TRB,TRBV20-1,None,TRBJ2-5,TRBC2,True,True,CSATPLAGARETQYF,TGCAGTGCTACACCTCTAGCGGGGGCTAGGGAGACCCAGTACTTC,3387,18,clonotype661,clonotype661_consensus_1
ACGATACTCGCACTCT-1,True,ACGATACTCGCACTCT-1_contig_1,True,502,TRA,TRAV1-2,None,TRAJ30,TRAC,True,True,CAVRDLREIIF,TGTGCTGTGAGAGATCTTCGGGAGATCATCTTT,240,2,clonotype3,clonotype3_consensus_2
ACGATACTCGCACTCT-1,True,ACGATACTCGCACTCT-1_contig_2,True,515,TRB,TRBV5-5,None,TRBJ1-4,TRBC1,True,True,CASSHPGPNYATNEKLFF,TGTGCCAGCAGCCATCCCGGACCGAACTACGCAACTAATGAAAAACTGTTTTTT,778,3,clonotype3,clonotype3_consensus_1
ACGATGTAGCACACAG-1,True,ACGATGTAGCACACAG-1_contig_1,True,505,TRA,TRAV1-2,None,TRAJ33,TRAC,True,True,CAATDSNYQLIW,TGTGCTGCGACTGATAGCAACTATCAGTTAATCTGG,913,1,clonotype1,clonotype1_consensus_2
ACGATGTAGCACACAG-1,True,ACGATGTAGCACACAG-1_contig_2,True,521,TRB,TRBV20-1,None,TRBJ2-1,TRBC2,True,True,CSARVGSEVNEQFF,TGCAGTGCTAGAGTGGGGTCGGAAGTCAATGAGCAGTTCTTC,2752,11,clonotype1,clonotype1_consensus_1
ACGATGTAGCACACAG-1,True,ACGATGTAGCACACAG-1_contig_3,True,468,TRA,TRAV10,None,TRAJ24,TRAC,True,False,None,None,494,2,clonotype1,None
ACGATGTAGCTGCCCA-1,True,ACGATGTAGCTGCCCA-1_contig_1,True,505,TRA,TRAV1-2,None,TRAJ33,TRAC,True,True,CAATDSNYQLIW,TGTGCTGCGACTGATAGCAACTATCAGTTAATCTGG,847,5,clonotype1,clonotype1_consensus_2
ACGATGTAGCTGCCCA-1,True,ACGATGTAGCTGCCCA-1_contig_2,True,498,TRB,TRBV20-1,None,TRBJ2-1,TRBC2,True,True,CSARVGSEVNEQFF,TGCAGTGCTAGAGTGGGGTCGGAAGTCAATGAGCAGTTCTTC,1096,7,clonotype1,clonotype1_consensus_1
ACGATGTAGCTGCCCA-1,True,ACGATGTAGCTGCCCA-1_contig_3,True,459,TRA,TRAV10,None,TRAJ24,TRAC,True,False,None,None,394,2,clonotype1,None
ACGATGTAGGGTTTCT-1,True,ACGATGTAGGGTTTCT-1_contig_1,True,486,TRB,TRBV20-1,None,TRBJ2-1,TRBC2,True,True,CSARSGGGEQFF,TGCAGTGCTCGTAGCGGAGGAGGTGAGCAGTTCTTC,3374,13,clonotype662,clonotype662_consensus_1
ACGATGTAGGGTTTCT-1,True,ACGATGTAGGGTTTCT-1_contig_2,True,569,TRA,TRAV36/DV7,None,TRAJ44,TRAC,True,True,CALPNTGTASKLTF,TGTGCTCTCCCTAATACCGGCACTGCCAGTAAACTCACCTTT,1077,5,clonotype662,clonotype662_consensus_2
ACGATGTAGGGTTTCT-1,True,ACGATGTAGGGTTTCT-1_contig_3,True,572,TRA,TRAV29/DV5,None,TRAJ30,None,True,False,CSVLLANDKIIF,TGCAGTGTACTTCTCGCGAATGACAAGATCATCTTT,42,1,clonotype662,None
ACGATGTAGGTCATCT-1,True,ACGATGTAGGTCATCT-1_contig_1,True,501,TRB,TRBV7-9,None,TRBJ1-1,TRBC1,True,True,CASSLAFLSEAFF,TGTGCCAGCAGCTTAGCGTTCCTCTCGGAAGCTTTCTTT,3984,16,clonotype663,clonotype663_consensus_2
ACGATGTAGGTCATCT-1,True,ACGATGTAGGTCATCT-1_contig_2,True,478,TRA,TRAV22,None,TRAJ39,TRAC,True,True,CAGYNAGNMLTF,TGTGCTGGGTATAATGCAGGCAACATGCTCACCTTT,643,3,clonotype663,clonotype663_consensus_1
ACGATGTCAAAGCAAT-1,True,ACGATGTCAAAGCAAT-1_contig_1,True,521,TRB,TRBV4-1,None,TRBJ2-1,TRBC2,True,True,CASSQVDMGLANGEQFF,TGCGCCAGCAGCCAAGTTGATATGGGACTAGCGAATGGTGAGCAGTTCTTC,670,4,clonotype664,clonotype664_consensus_1
ACGATGTCAAGCCATT-1,True,ACGATGTCAAGCCATT-1_contig_1,True,496,TRA,TRAV12-1,None,TRAJ21,TRAC,True,True,CVVNYNFNKFYF,TGTGTGGTGAACTACAACTTCAACAAATTTTACTTT,741,3,clonotype193,clonotype193_consensus_2
ACGATGTCAAGCCATT-1,True,ACGATGTCAAGCCATT-1_contig_2,True,509,TRB,TRBV20-1,None,TRBJ2-5,TRBC2,True,True,CSARDRERGETQYF,TGCAGTGCTAGAGATCGAGAGAGGGGCGAGACCCAGTACTTC,329,3,clonotype193,clonotype193_consensus_1
ACGATGTCAAGTCATC-1,True,ACGATGTCAAGTCATC-1_contig_1,True,709,TRB,TRBV5-6,None,TRBJ2-1,TRBC2,True,True,CASSLQGVAYNEQFF,TGTGCCAGCAGCTTACAGGGGGTCGCCTACAATGAGCAGTTCTTC,2850,12,clonotype665,clonotype665_consensus_1
ACGATGTCAGAAGCAC-1,True,ACGATGTCAGAAGCAC-1_contig_1,True,515,TRB,TRBV20-1,None,TRBJ2-5,TRBC2,True,True,CSASRGGETQYF,TGCAGTGCTAGTCGAGGGGGGGAGACCCAGTACTTC,801,4,clonotype666,clonotype666_consensus_1
ACGATGTCAGAAGCAC-1,True,ACGATGTCAGAAGCAC-1_contig_2,True,516,TRA,TRAV13-2,None,TRAJ11,TRAC,True,False,None,None,606,1,clonotype666,None
ACGATGTCAGACACTT-1,True,ACGATGTCAGACACTT-1_contig_1,True,505,TRA,TRAV1-2,None,TRAJ33,TRAC,True,True,CAATDSNYQLIW,TGTGCTGCGACTGATAGCAACTATCAGTTAATCTGG,4271,2,clonotype1,clonotype1_consensus_2
ACGATGTCAGACACTT-1,True,ACGATGTCAGACACTT-1_contig_2,True,511,TRB,TRBV20-1,None,TRBJ2-1,TRBC2,True,True,CSARVGSEVNEQFF,TGCAGTGCTAGAGTGGGGTCGGAAGTCAATGAGCAGTTCTTC,2699,10,clonotype1,clonotype1_consensus_1
ACGATGTCAGACACTT-1,True,ACGATGTCAGACACTT-1_contig_3,True,429,TRA,TRAV10,None,TRAJ24,TRAC,True,False,None,None,38,1,clonotype1,None
ACGATGTCAGCGTCCA-1,True,ACGATGTCAGCGTCCA-1_contig_1,True,514,TRA,TRAV1-2,None,TRAJ38,TRAC,True,True,CAVRDEAGNNRKLIW,TGTGCTGTGAGAGATGAGGCTGGCAACAACCGTAAGCTGATTTGG,1538,7,clonotype667,clonotype667_consensus_2
ACGATGTCAGCGTCCA-1,True,ACGATGTCAGCGTCCA-1_contig_2,True,504,TRA,TRAV9-2,None,TRAJ35,TRAC,True,True,CALSDLTRGGFGNVLHC,TGTGCTCTGAGTGATCTGACGAGGGGGGGCTTTGGGAATGTGCTGCATTGC,4149,2,clonotype667,clonotype667_consensus_3
ACGATGTCAGCGTCCA-1,True,ACGATGTCAGCGTCCA-1_contig_3,True,499,TRB,TRBV5-5,None,TRBJ1-1,TRBC1,True,True,CASSLGFNTEAFF,TGTGCCAGCAGCTTGGGCTTTAACACTGAAGCTTTCTTT,3709,16,clonotype667,clonotype667_consensus_1
ACGATGTCAGTAAGAT-1,True,ACGATGTCAGTAAGAT-1_contig_1,True,493,TRA,TRAV1-2,None,TRAJ33,TRAC,True,True,CAATDSNYQLIW,TGTGCTGCGACTGATAGCAACTATCAGTTAATCTGG,714,2,clonotype1,clonotype1_consensus_2
ACGATGTCAGTAAGAT-1,True,ACGATGTCAGTAAGAT-1_contig_2,True,521,TRB,TRBV20-1,None,TRBJ2-1,TRBC2,True,True,CSARVGSEVNEQFF,TGCAGTGCTAGAGTGGGGTCGGAAGTCAATGAGCAGTTCTTC,1226,6,clonotype1,clonotype1_consensus_1
ACGATGTCAGTAAGAT-1,True,ACGATGTCAGTAAGAT-1_contig_3,True,482,TRA,TRAV10,None,TRAJ24,TRAC,True,False,None,None,3084,1,clonotype1,None
ACGATGTCAGTCCTTC-1,True,ACGATGTCAGTCCTTC-1_contig_1,True,505,TRA,TRAV1-2,None,TRAJ33,TRAC,True,True,CAATDSNYQLIW,TGTGCTGCGACTGATAGCAACTATCAGTTAATCTGG,625,2,clonotype1,clonotype1_consensus_2
ACGATGTCAGTCCTTC-1,True,ACGATGTCAGTCCTTC-1_contig_2,True,521,TRB,TRBV20-1,None,TRBJ2-1,TRBC2,True,True,CSARVGSEVNEQFF,TGCAGTGCTAGAGTGGGGTCGGAAGTCAATGAGCAGTTCTTC,1771,10,clonotype1,clonotype1_consensus_1
ACGATGTCAGTGAGTG-1,True,ACGATGTCAGTGAGTG-1_contig_1,True,505,TRA,TRAV1-2,None,TRAJ33,TRAC,True,True,CAATDSNYQLIW,TGTGCTGCGACTGATAGCAACTATCAGTTAATCTGG,1959,7,clonotype1,clonotype1_consensus_2
ACGATGTCAGTGAGTG-1,True,ACGATGTCAGTGAGTG-1_contig_2,True,521,TRB,TRBV20-1,None,TRBJ2-1,TRBC2,True,True,CSARVGSEVNEQFF,TGCAGTGCTAGAGTGGGGTCGGAAGTCAATGAGCAGTTCTTC,2622,9,clonotype1,clonotype1_consensus_1
ACGATGTCAGTGAGTG-1,True,ACGATGTCAGTGAGTG-1_contig_3,True,459,TRA,TRAV10,None,TRAJ24,TRAC,True,False,None,None,211,1,clonotype1,None
ACGATGTCATGAAGTA-1,True,ACGATGTCATGAAGTA-1_contig_1,True,642,TRA,TRAV8-3,None,TRAJ39,TRAC,True,True,CAVGAPNAGNMLTF,TGTGCTGTGGGTGCGCCCAATGCAGGCAACATGCTCACCTTT,508,4,clonotype668,clonotype668_consensus_1
ACGATGTCATGAAGTA-1,True,ACGATGTCATGAAGTA-1_contig_2,True,527,TRB,TRBV20-1,None,TRBJ2-2,TRBC2,True,True,CSARNSFLGGTGELFF,TGCAGTGCTAGAAACTCATTCTTGGGGGGCACCGGGGAGCTGTTTTTT,893,7,clonotype668,clonotype668_consensus_2
ACGATGTCATGGTCAT-1,True,ACGATGTCATGGTCAT-1_contig_1,True,449,TRA,TRAV9-2,None,TRAJ39,TRAC,True,True,CALSGYNAGNMLTF,TGTGCTCTGAGTGGATATAATGCAGGCAACATGCTCACCTTT,401,1,clonotype669,clonotype669_consensus_2
ACGATGTCATGGTCAT-1,True,ACGATGTCATGGTCAT-1_contig_2,True,501,TRB,TRBV20-1,None,TRBJ2-1,TRBC2,True,True,CSARAPDRVENEQFF,TGCAGTGCTAGAGCCCCCGACAGGGTTGAGAATGAGCAGTTCTTC,1988,12,clonotype669,clonotype669_consensus_3
ACGATGTCATGGTCAT-1,True,ACGATGTCATGGTCAT-1_contig_3,True,464,TRB,TRBV20-1,None,TRBJ1-4,TRBC1,True,True,CSARMSEKLFF,TGCAGTGCTAGAATGTCCGAAAAACTGTTTTTT,731,4,clonotype669,clonotype669_consensus_1
ACGATGTCATGGTCAT-1,True,ACGATGTCATGGTCAT-1_contig_4,True,458,TRA,TRAV38-1,None,TRAJ45,TRAC,True,False,None,None,173,1,clonotype669,None
ACGATGTGTAGCTAAA-1,True,ACGATGTGTAGCTAAA-1_contig_1,True,480,TRB,TRBV20-1,None,TRBJ1-5,TRBC1,True,True,CSVKGQPQHF,TGCAGTGTAAAGGGGCAGCCCCAGCATTTT,656,4,clonotype670,clonotype670_consensus_1
ACGATGTGTAGCTAAA-1,True,ACGATGTGTAGCTAAA-1_contig_2,True,447,TRA,TRAV39,None,TRAJ35,TRAC,True,False,None,None,224,1,clonotype670,None
ACGATGTGTCGAATCT-1,True,ACGATGTGTCGAATCT-1_contig_1,True,498,TRB,TRBV20-1,None,TRBJ2-1,TRBC2,True,True,CSARVGSEVNEQFF,TGCAGTGCTAGAGTGGGGTCGGAAGTCAATGAGCAGTTCTTC,907,4,clonotype2,clonotype2_consensus_1
ACGATGTGTCTAGCCG-1,True,ACGATGTGTCTAGCCG-1_contig_1,True,507,TRB,TRBV20-1,None,TRBJ2-7,TRBC2,True,True,CSAQSALIGDRAYEQYF,TGCAGTGCCCAGAGCGCCCTTATTGGGGACAGGGCTTACGAGCAGTACTTC,737,6,clonotype671,clonotype671_consensus_1
ACGATGTGTCTAGCCG-1,True,ACGATGTGTCTAGCCG-1_contig_2,True,571,TRA,TRAV8-1,None,TRAJ20,TRAC,True,True,CAVNARNDYKLSF,TGTGCCGTGAATGCAAGGAACGACTACAAGCTCAGCTTT,415,4,clonotype671,clonotype671_consensus_2
ACGATGTGTCTAGCCG-1,True,ACGATGTGTCTAGCCG-1_contig_3,True,535,TRA,TRAV8-2,None,TRAJ16,TRAC,True,False,None,None,167,2,clonotype671,None
ACGATGTGTCTAGCCG-1,True,ACGATGTGTCTAGCCG-1_contig_4,True,389,TRB,None,None,TRBJ1-2,TRBC1,False,False,None,None,284,2,clonotype671,None
ACGATGTGTTGGTTTG-1,True,ACGATGTGTTGGTTTG-1_contig_1,True,516,TRB,TRBV20-1,None,TRBJ2-7,TRBC2,True,True,CSAELRDRGSEQYF,TGCAGTGCTGAACTCCGGGACAGGGGAAGCGAGCAGTACTTC,889,5,clonotype672,clonotype672_consensus_1
ACGATGTGTTGGTTTG-1,True,ACGATGTGTTGGTTTG-1_contig_2,True,489,TRA,TRAV9-2,None,TRAJ9,TRAC,True,True,CALKKGGFKTIF,TGTGCTCTGAAAAAAGGAGGCTTCAAAACTATCTTT,707,3,clonotype672,clonotype672_consensus_2
ACGATGTTCAAAGTAG-1,True,ACGATGTTCAAAGTAG-1_contig_1,True,527,TRB,TRBV20-1,None,TRBJ1-6,TRBC1,True,True,CSARERGRSYNSPLHF,TGCAGTGCTAGGGAGCGGGGCAGGTCCTATAATTCACCCCTCCACTTT,3687,5,clonotype673,clonotype673_consensus_1
ACGATGTTCAAAGTAG-1,True,ACGATGTTCAAAGTAG-1_contig_2,True,304,TRB,None,None,TRBJ2-7,TRBC2,False,False,None,None,188,3,clonotype673,None
ACGATGTTCACCCTCA-1,True,ACGATGTTCACCCTCA-1_contig_1,True,678,TRA,TRAV8-3,None,TRAJ31,TRAC,True,True,CAVGADNNARLMF,TGTGCTGTGGGTGCGGATAACAATGCCAGACTCATGTTT,565,7,clonotype674,clonotype674_consensus_1
ACGATGTTCACCCTCA-1,True,ACGATGTTCACCCTCA-1_contig_2,True,493,TRB,TRBV5-6,None,TRBJ2-5,TRBC2,True,True,CASSDTSGYQETQYF,TGTGCCAGCAGCGATACCAGCGGGTACCAAGAGACCCAGTACTTC,2489,14,clonotype674,clonotype674_consensus_2
ACGATGTTCATTTGGG-1,True,ACGATGTTCATTTGGG-1_contig_1,True,505,TRA,TRAV1-2,None,TRAJ33,TRAC,True,True,CAATDSNYQLIW,TGTGCTGCGACTGATAGCAACTATCAGTTAATCTGG,1514,3,clonotype1,clonotype1_consensus_2
ACGATGTTCATTTGGG-1,True,ACGATGTTCATTTGGG-1_contig_2,True,521,TRB,TRBV20-1,None,TRBJ2-1,TRBC2,True,True,CSARVGSEVNEQFF,TGCAGTGCTAGAGTGGGGTCGGAAGTCAATGAGCAGTTCTTC,594,5,clonotype1,clonotype1_consensus_1
ACGATGTTCCGAACGC-1,True,ACGATGTTCCGAACGC-1_contig_1,True,502,TRA,TRAV1-2,None,TRAJ30,TRAC,True,True,CAVRDLREIIF,TGTGCTGTGAGAGATCTTCGGGAGATCATCTTT,44,1,clonotype3,clonotype3_consensus_2
ACGATGTTCCGAACGC-1,True,ACGATGTTCCGAACGC-1_contig_2,True,643,TRB,TRBV5-5,None,TRBJ1-4,TRBC1,True,True,CASSHPGPNYATNEKLFF,TGTGCCAGCAGCCATCCCGGACCGAACTACGCAACTAATGAAAAACTGTTTTTT,1222,4,clonotype3,clonotype3_consensus_1
ACGATGTTCCGAACGC-1,True,ACGATGTTCCGAACGC-1_contig_3,True,519,TRB,None,None,TRBJ2-5,TRBC2,False,False,None,None,305,2,clonotype3,None
ACGATGTTCGTCCGTT-1,True,ACGATGTTCGTCCGTT-1_contig_1,True,526,TRA,TRAV14/DV4,None,TRAJ45,TRAC,True,True,CAMRGGGGGADGLTF,TGTGCAATGAGAGGTGGAGGAGGAGGTGCTGACGGACTCACCTTT,326,5,clonotype675,clonotype675_consensus_2
ACGATGTTCGTCCGTT-1,True,ACGATGTTCGTCCGTT-1_contig_2,True,498,TRB,TRBV20-1,None,TRBJ2-7,TRBC2,True,True,CSAREGAARNEQYF,TGCAGTGCTAGAGAGGGAGCCGCCCGGAACGAGCAGTACTTC,488,3,clonotype675,clonotype675_consensus_1
ACGATGTTCTATCCTA-1,True,ACGATGTTCTATCCTA-1_contig_1,True,492,TRA,TRAV9-2,None,TRAJ13,TRAC,True,True,CALNLEGYQKVTF,TGTGCTCTGAACTTAGAGGGTTACCAGAAAGTTACCTTT,72,5,clonotype6,clonotype6_consensus_1
ACGATGTTCTATCCTA-1,True,ACGATGTTCTATCCTA-1_contig_2,True,662,TRB,TRBV5-6,None,TRBJ1-5,TRBC1,True,True,CASSFRGGANQPQHF,TGTGCCAGCAGCTTTCGAGGGGGCGCGAATCAGCCCCAGCATTTT,2011,15,clonotype6,clonotype6_consensus_2
ACGCAGCAGCCAACAG-1,True,ACGCAGCAGCCAACAG-1_contig_1,True,514,TRB,TRBV20-1,None,TRBJ1-6,TRBC1,True,True,CSASLRDRASPLHF,TGCAGTGCTAGTCTCCGGGACAGGGCTTCACCCCTCCACTTT,704,5,clonotype676,clonotype676_consensus_1
ACGCAGCAGCCAACAG-1,True,ACGCAGCAGCCAACAG-1_contig_2,True,307,TRB,None,None,TRBJ2-7,TRBC2,False,False,None,None,342,1,clonotype676,None
ACGCAGCAGCCAACAG-1,True,ACGCAGCAGCCAACAG-1_contig_3,True,352,TRB,None,None,TRBJ2-3,TRBC2,False,False,None,None,356,1,clonotype676,None
ACGCAGCAGCGCCTCA-1,True,ACGCAGCAGCGCCTCA-1_contig_1,True,505,TRA,TRAV1-2,None,TRAJ33,TRAC,True,True,CAATDSNYQLIW,TGTGCTGCGACTGATAGCAACTATCAGTTAATCTGG,444,4,clonotype1,clonotype1_consensus_2
ACGCAGCAGCGCCTCA-1,True,ACGCAGCAGCGCCTCA-1_contig_2,True,498,TRB,TRBV20-1,None,TRBJ2-1,TRBC2,True,True,CSARVGSEVNEQFF,TGCAGTGCTAGAGTGGGGTCGGAAGTCAATGAGCAGTTCTTC,3496,7,clonotype1,clonotype1_consensus_1
ACGCAGCAGGATGGAA-1,True,ACGCAGCAGGATGGAA-1_contig_1,True,492,TRB,TRBV20-1,None,TRBJ2-1,TRBC2,True,True,CSARVGSEVNEQFF,TGCAGTGCTAGAGTGGGGTCGGAAGTCAATGAGCAGTTCTTC,2774,9,clonotype2,clonotype2_consensus_1
ACGCAGCAGGATGGAA-1,True,ACGCAGCAGGATGGAA-1_contig_2,True,462,TRA,TRAV10,None,TRAJ24,TRAC,True,False,None,None,325,3,clonotype2,None
ACGCAGCAGTGAAGAG-1,True,ACGCAGCAGTGAAGAG-1_contig_1,True,521,TRB,TRBV20-1,None,TRBJ2-1,TRBC2,True,True,CSARVGSEVNEQFF,TGCAGTGCTAGAGTGGGGTCGGAAGTCAATGAGCAGTTCTTC,1805,9,clonotype2,clonotype2_consensus_1
ACGCAGCAGTGAAGAG-1,True,ACGCAGCAGTGAAGAG-1_contig_2,True,465,TRA,TRAV10,None,TRAJ24,TRAC,True,False,None,None,683,2,clonotype2,None
ACGCAGCCAATCGAAA-1,True,ACGCAGCCAATCGAAA-1_contig_1,True,505,TRA,TRAV1-2,None,TRAJ33,TRAC,True,True,CAATDSNYQLIW,TGTGCTGCGACTGATAGCAACTATCAGTTAATCTGG,77,5,clonotype1,clonotype1_consensus_2
ACGCAGCCAATCGAAA-1,True,ACGCAGCCAATCGAAA-1_contig_2,True,521,TRB,TRBV20-1,None,TRBJ2-1,TRBC2,True,True,CSARVGSEVNEQFF,TGCAGTGCTAGAGTGGGGTCGGAAGTCAATGAGCAGTTCTTC,1473,6,clonotype1,clonotype1_consensus_1
ACGCAGCCACAAGTAA-1,True,ACGCAGCCACAAGTAA-1_contig_1,True,505,TRA,TRAV1-2,None,TRAJ33,TRAC,True,True,CAATDSNYQLIW,TGTGCTGCGACTGATAGCAACTATCAGTTAATCTGG,1792,9,clonotype1,clonotype1_consensus_2
ACGCAGCCACAAGTAA-1,True,ACGCAGCCACAAGTAA-1_contig_2,True,498,TRB,TRBV20-1,None,TRBJ2-1,TRBC2,True,True,CSARVGSEVNEQFF,TGCAGTGCTAGAGTGGGGTCGGAAGTCAATGAGCAGTTCTTC,3041,11,clonotype1,clonotype1_consensus_1
ACGCAGCCACGAAACG-1,True,ACGCAGCCACGAAACG-1_contig_1,True,505,TRA,TRAV1-2,None,TRAJ33,TRAC,True,True,CAATDSNYQLIW,TGTGCTGCGACTGATAGCAACTATCAGTTAATCTGG,77,2,clonotype1,clonotype1_consensus_2
ACGCAGCCACGAAACG-1,True,ACGCAGCCACGAAACG-1_contig_2,True,521,TRB,TRBV20-1,None,TRBJ2-1,TRBC2,True,True,CSARVGSEVNEQFF,TGCAGTGCTAGAGTGGGGTCGGAAGTCAATGAGCAGTTCTTC,9528,4,clonotype1,clonotype1_consensus_1
ACGCAGCCACGAAACG-1,True,ACGCAGCCACGAAACG-1_contig_3,True,459,TRA,TRAV10,None,TRAJ24,TRAC,True,False,None,None,69,5,clonotype1,None
ACGCAGCGTAGCGTGA-1,True,ACGCAGCGTAGCGTGA-1_contig_1,True,518,TRB,TRBV20-1,None,TRBJ1-2,TRBC1,True,True,CSARGGGSLGYTF,TGCAGTGCTAGAGGGGGAGGGTCGCTCGGCTACACCTTC,1374,5,clonotype106,clonotype106_consensus_2
ACGCAGCGTAGCGTGA-1,True,ACGCAGCGTAGCGTGA-1_contig_2,True,511,TRA,TRAV23/DV6,None,TRAJ22,TRAC,True,True,CAASKGGSARQLTF,TGTGCAGCAAGCAAAGGTGGTTCTGCAAGGCAACTGACCTTT,1983,5,clonotype106,clonotype106_consensus_1
ACGCAGCGTAGCGTGA-1,True,ACGCAGCGTAGCGTGA-1_contig_3,True,324,TRB,None,None,TRBJ1-5,TRBC1,False,False,None,None,2617,10,clonotype106,None
ACGCAGCGTATATCCG-1,True,ACGCAGCGTATATCCG-1_contig_1,True,523,TRA,TRAV26-1,None,TRAJ30,TRAC,True,True,CIVRVRADDKIIF,TGCATCGTCAGAGTCAGGGCGGATGACAAGATCATCTTT,6391,3,clonotype677,clonotype677_consensus_2
ACGCAGCGTATATCCG-1,True,ACGCAGCGTATATCCG-1_contig_2,True,518,TRB,TRBV5-5,None,TRBJ1-5,TRBC1,True,True,CASSLIRIQGGNQPQHF,TGTGCCAGCAGCTTGATAAGAATCCAGGGAGGCAATCAGCCCCAGCATTTT,1515,4,clonotype677,clonotype677_consensus_1
ACGCAGCGTCGCATCG-1,True,ACGCAGCGTCGCATCG-1_contig_1,True,507,TRB,TRBV20-1,None,TRBJ1-4,TRBC1,True,True,CSARDLMGEGRGEKLFF,TGCAGTGCTAGAGACCTAATGGGAGAGGGCCGCGGTGAAAAACTGTTTTTT,1243,7,clonotype678,clonotype678_consensus_1
ACGCAGCGTCGCATCG-1,True,ACGCAGCGTCGCATCG-1_contig_2,True,574,TRA,TRAV19,None,TRAJ57,TRAC,True,True,CALSEMLVQGGSEKLVF,TGTGCTCTGAGTGAGATGCTCGTTCAGGGCGGATCTGAAAAGCTGGTCTTT,571,3,clonotype678,clonotype678_consensus_2
ACGCAGCGTCTAGAGG-1,True,ACGCAGCGTCTAGAGG-1_contig_1,True,518,TRB,TRBV20-1,None,TRBJ2-3,TRBC2,True,True,CSARDEGTDTQYF,TGCAGTGCTAGAGACGAGGGCACAGATACGCAGTATTTT,1958,9,clonotype679,clonotype679_consensus_2
ACGCAGCGTCTAGAGG-1,True,ACGCAGCGTCTAGAGG-1_contig_2,True,573,TRA,TRAV8-4,None,TRAJ22,TRAC,True,True,CAVSPGGGSARQLTF,TGTGCTGTGAGCCCCGGAGGGGGTTCTGCAAGGCAACTGACCTTT,208,4,clonotype679,clonotype679_consensus_1
ACGCAGCGTGCACTTA-1,True,ACGCAGCGTGCACTTA-1_contig_1,True,505,TRA,TRAV1-2,None,TRAJ33,TRAC,True,True,CAATDSNYQLIW,TGTGCTGCGACTGATAGCAACTATCAGTTAATCTGG,196,3,clonotype1,clonotype1_consensus_2
ACGCAGCGTGCACTTA-1,True,ACGCAGCGTGCACTTA-1_contig_2,True,498,TRB,TRBV20-1,None,TRBJ2-1,TRBC2,True,True,CSARVGSEVNEQFF,TGCAGTGCTAGAGTGGGGTCGGAAGTCAATGAGCAGTTCTTC,2335,10,clonotype1,clonotype1_consensus_1
ACGCAGCGTGGTACAG-1,True,ACGCAGCGTGGTACAG-1_contig_1,True,500,TRA,TRAV25,None,TRAJ36,TRAC,True,True,CAGDGANNLFF,TGTGCCGGTGATGGGGCAAACAACCTCTTCTTT,418,4,clonotype680,clonotype680_consensus_1
ACGCAGCGTGGTACAG-1,True,ACGCAGCGTGGTACAG-1_contig_2,True,489,TRB,TRBV20-1,None,TRBJ2-1,TRBC2,True,True,CSARAWSEQFF,TGCAGTGCTAGAGCCTGGAGTGAGCAGTTCTTC,1052,5,clonotype680,clonotype680_consensus_2
ACGCAGCGTGTAATGA-1,True,ACGCAGCGTGTAATGA-1_contig_1,True,498,TRB,TRBV20-1,None,TRBJ2-1,TRBC2,True,True,CSARVGSEVNEQFF,TGCAGTGCTAGAGTGGGGTCGGAAGTCAATGAGCAGTTCTTC,2109,10,clonotype2,clonotype2_consensus_1
ACGCAGCGTGTAATGA-1,True,ACGCAGCGTGTAATGA-1_contig_2,True,459,TRA,TRAV10,None,TRAJ24,TRAC,True,False,None,None,195,4,clonotype2,None
ACGCAGCGTGTCTGAT-1,True,ACGCAGCGTGTCTGAT-1_contig_1,True,515,TRB,TRBV20-1,None,TRBJ2-3,TRBC2,True,True,CSASESSDTQYF,TGCAGTGCTAGTGAATCCTCAGATACGCAGTATTTT,2906,11,clonotype681,clonotype681_consensus_2
ACGCAGCGTGTCTGAT-1,True,ACGCAGCGTGTCTGAT-1_contig_2,True,456,TRA,TRAV13-1,None,TRAJ8,TRAC,True,True,CAAGWGFQKLVF,TGTGCAGCAGGCTGGGGCTTTCAGAAACTTGTATTT,858,3,clonotype681,clonotype681_consensus_1
ACGCAGCGTTACCGAT-1,True,ACGCAGCGTTACCGAT-1_contig_1,True,505,TRA,TRAV1-2,None,TRAJ33,TRAC,True,True,CAATDSNYQLIW,TGTGCTGCGACTGATAGCAACTATCAGTTAATCTGG,875,5,clonotype1,clonotype1_consensus_2
ACGCAGCGTTACCGAT-1,True,ACGCAGCGTTACCGAT-1_contig_2,True,521,TRB,TRBV20-1,None,TRBJ2-1,TRBC2,True,True,CSARVGSEVNEQFF,TGCAGTGCTAGAGTGGGGTCGGAAGTCAATGAGCAGTTCTTC,2173,12,clonotype1,clonotype1_consensus_1
ACGCAGCTCATGTCTT-1,True,ACGCAGCTCATGTCTT-1_contig_1,True,499,TRA,TRAV17,None,TRAJ23,TRAC,True,True,CAFQGGKLIF,TGTGCCTTCCAGGGAGGAAAGCTTATCTTC,294,2,clonotype194,clonotype194_consensus_3
ACGCAGCTCATGTCTT-1,True,ACGCAGCTCATGTCTT-1_contig_2,True,524,TRB,TRBV20-1,None,TRBJ2-7,TRBC2,True,True,CSASDRDRGSYEQYF,TGCAGTGCCAGCGACCGGGACAGGGGGTCGTATGAGCAGTACTTC,1616,8,clonotype194,clonotype194_consensus_2
ACGCAGCTCATGTCTT-1,True,ACGCAGCTCATGTCTT-1_contig_3,True,442,TRA,TRAV2,None,TRAJ29,TRAC,True,True,CAVVRNTPLVF,TGTGCTGTGGTGAGAAACACACCTCTTGTCTTT,45,2,clonotype194,clonotype194_consensus_1
ACGCAGCTCCAAACAC-1,True,ACGCAGCTCCAAACAC-1_contig_1,True,505,TRA,TRAV1-2,None,TRAJ33,TRAC,True,True,CAATDSNYQLIW,TGTGCTGCGACTGATAGCAACTATCAGTTAATCTGG,240,2,clonotype1,clonotype1_consensus_2
ACGCAGCTCCAAACAC-1,True,ACGCAGCTCCAAACAC-1_contig_2,True,492,TRB,TRBV20-1,None,TRBJ2-1,TRBC2,True,True,CSARVGSEVNEQFF,TGCAGTGCTAGAGTGGGGTCGGAAGTCAATGAGCAGTTCTTC,1021,6,clonotype1,clonotype1_consensus_1
ACGCAGCTCCAAACAC-1,True,ACGCAGCTCCAAACAC-1_contig_3,True,465,TRA,TRAV10,None,TRAJ24,TRAC,True,False,None,None,249,1,clonotype1,None
ACGCAGCTCCGGCACA-1,True,ACGCAGCTCCGGCACA-1_contig_1,True,505,TRA,TRAV1-2,None,TRAJ33,TRAC,True,True,CAATDSNYQLIW,TGTGCTGCGACTGATAGCAACTATCAGTTAATCTGG,1173,5,clonotype1,clonotype1_consensus_2
ACGCAGCTCCGGCACA-1,True,ACGCAGCTCCGGCACA-1_contig_2,True,521,TRB,TRBV20-1,None,TRBJ2-1,TRBC2,True,True,CSARVGSEVNEQFF,TGCAGTGCTAGAGTGGGGTCGGAAGTCAATGAGCAGTTCTTC,1214,7,clonotype1,clonotype1_consensus_1
ACGCAGCTCCGTCATC-1,True,ACGCAGCTCCGTCATC-1_contig_1,True,521,TRB,TRBV5-5,None,TRBJ1-1,TRBC1,True,True,CASSPAPDTEAFF,TGTGCCAGCAGCCCCGCTCCGGACACTGAAGCTTTCTTT,1840,10,clonotype99,clonotype99_consensus_1
ACGCAGCTCGAATCCA-1,True,ACGCAGCTCGAATCCA-1_contig_1,True,505,TRA,TRAV1-2,None,TRAJ33,TRAC,True,True,CAATDSNYQLIW,TGTGCTGCGACTGATAGCAACTATCAGTTAATCTGG,3298,1,clonotype1,clonotype1_consensus_2
ACGCAGCTCGAATCCA-1,True,ACGCAGCTCGAATCCA-1_contig_2,True,521,TRB,TRBV20-1,None,TRBJ2-1,TRBC2,True,True,CSARVGSEVNEQFF,TGCAGTGCTAGAGTGGGGTCGGAAGTCAATGAGCAGTTCTTC,1440,10,clonotype1,clonotype1_consensus_1
ACGCAGCTCGAGAACG-1,True,ACGCAGCTCGAGAACG-1_contig_1,True,505,TRA,TRAV1-2,None,TRAJ33,TRAC,True,True,CAATDSNYQLIW,TGTGCTGCGACTGATAGCAACTATCAGTTAATCTGG,813,5,clonotype1,clonotype1_consensus_2
ACGCAGCTCGAGAACG-1,True,ACGCAGCTCGAGAACG-1_contig_2,True,521,TRB,TRBV20-1,None,TRBJ2-1,TRBC2,True,True,CSARVGSEVNEQFF,TGCAGTGCTAGAGTGGGGTCGGAAGTCAATGAGCAGTTCTTC,2793,13,clonotype1,clonotype1_consensus_1
ACGCAGCTCTTGTACT-1,True,ACGCAGCTCTTGTACT-1_contig_1,True,495,TRB,TRBV20-1,None,TRBJ2-1,TRBC2,True,True,CSARVGSEVNEQFF,TGCAGTGCTAGAGTGGGGTCGGAAGTCAATGAGCAGTTCTTC,2217,9,clonotype2,clonotype2_consensus_1
ACGCAGCTCTTGTACT-1,True,ACGCAGCTCTTGTACT-1_contig_2,True,584,TRA,None,None,TRAJ33,TRAC,False,False,None,None,173,2,clonotype2,None
ACGCCAGAGCAGCGTA-1,True,ACGCCAGAGCAGCGTA-1_contig_1,True,561,TRA,TRAV16,None,TRAJ28,TRAC,True,True,CALRPGAGSYQLTF,TGTGCTCTAAGGCCTGGGGCTGGGAGTTACCAACTCACTTTC,466,3,clonotype682,clonotype682_consensus_1
ACGCCAGAGCAGCGTA-1,True,ACGCCAGAGCAGCGTA-1_contig_2,True,507,TRB,TRBV5-5,None,TRBJ2-1,TRBC2,True,True,CASSLEGRGADEQFF,TGTGCCAGCAGCTTGGAGGGTCGGGGGGCCGATGAGCAGTTCTTC,2631,14,clonotype682,clonotype682_consensus_2
ACGCCAGAGCCACGCT-1,True,ACGCCAGAGCCACGCT-1_contig_1,True,485,TRB,TRBV20-1,None,TRBJ2-1,TRBC2,True,True,CSARVGSEVNEQFF,TGCAGTGCTAGAGTGGGGTCGGAAGTCAATGAGCAGTTCTTC,1054,3,clonotype2,clonotype2_consensus_1
ACGCCAGAGCCACGCT-1,True,ACGCCAGAGCCACGCT-1_contig_2,True,459,TRA,TRAV10,None,TRAJ24,TRAC,True,False,None,None,291,4,clonotype2,None
ACGCCAGAGCCAGGAT-1,True,ACGCCAGAGCCAGGAT-1_contig_1,True,505,TRA,TRAV1-2,None,TRAJ33,TRAC,True,True,CAATDSNYQLIW,TGTGCTGCGACTGATAGCAACTATCAGTTAATCTGG,6636,3,clonotype1,clonotype1_consensus_2
ACGCCAGAGCCAGGAT-1,True,ACGCCAGAGCCAGGAT-1_contig_2,True,511,TRB,TRBV20-1,None,TRBJ2-1,TRBC2,True,True,CSARVGSEVNEQFF,TGCAGTGCTAGAGTGGGGTCGGAAGTCAATGAGCAGTTCTTC,2096,13,clonotype1,clonotype1_consensus_1
ACGCCAGAGCCAGGAT-1,True,ACGCCAGAGCCAGGAT-1_contig_3,True,457,TRA,TRAV10,None,TRAJ24,TRAC,True,False,None,None,291,4,clonotype1,None
ACGCCAGAGCCGCCTA-1,True,ACGCCAGAGCCGCCTA-1_contig_1,True,505,TRA,TRAV1-2,None,TRAJ33,TRAC,True,True,CAATDSNYQLIW,TGTGCTGCGACTGATAGCAACTATCAGTTAATCTGG,371,3,clonotype1,clonotype1_consensus_2
ACGCCAGAGCCGCCTA-1,True,ACGCCAGAGCCGCCTA-1_contig_2,True,516,TRB,TRBV20-1,None,TRBJ2-1,TRBC2,True,True,CSARVGSEVNEQFF,TGCAGTGCTAGAGTGGGGTCGGAAGTCAATGAGCAGTTCTTC,1196,5,clonotype1,clonotype1_consensus_1
ACGCCAGAGCCGCCTA-1,True,ACGCCAGAGCCGCCTA-1_contig_3,True,482,TRA,TRAV10,None,TRAJ24,TRAC,True,False,None,None,305,7,clonotype1,None
ACGCCAGAGCTCCTCT-1,True,ACGCCAGAGCTCCTCT-1_contig_1,True,493,TRB,TRBV20-1,None,TRBJ1-1,TRBC1,True,True,CSARRTGASEAFF,TGCAGTGCTAGGCGAACAGGGGCCTCTGAAGCTTTCTTT,1730,9,clonotype683,clonotype683_consensus_1
ACGCCAGAGCTCCTCT-1,True,ACGCCAGAGCTCCTCT-1_contig_2,True,505,TRA,TRAV23/DV6,None,TRAJ17,TRAC,True,True,CAASTAGNKLTF,TGTGCAGCATCGACCGCAGGCAACAAGCTAACTTTT,1137,5,clonotype683,clonotype683_consensus_2
ACGCCAGAGCTCCTCT-1,True,ACGCCAGAGCTCCTCT-1_contig_3,True,467,TRA,TRAV13-1,None,TRAJ20,TRAC,True,False,CSIRLPSSNDYKLSF,TGCAGCATTCGCCTCCCTAGTTCTAACGACTACAAGCTCAGCTTT,219,1,clonotype683,None
ACGCCAGAGCTTATCG-1,True,ACGCCAGAGCTTATCG-1_contig_1,True,621,TRA,TRAV3,None,TRAJ18,TRAC,True,True,CAVNDRGSTLGRLYF,TGTGCTGTGAACGACAGAGGCTCAACCCTGGGGAGGCTATACTTT,132,2,clonotype107,clonotype107_consensus_1
ACGCCAGAGCTTATCG-1,True,ACGCCAGAGCTTATCG-1_contig_2,True,490,TRB,TRBV5-5,None,TRBJ1-2,TRBC1,True,True,CASSTGTGGSYGYTF,TGTGCCAGCAGCACAGGGACAGGGGGCAGCTATGGCTACACCTTC,7231,7,clonotype107,clonotype107_consensus_2
ACGCCAGCACATCCGG-1,True,ACGCCAGCACATCCGG-1_contig_1,True,521,TRB,TRBV20-1,None,TRBJ2-1,TRBC2,True,True,CSARVGSEVNEQFF,TGCAGTGCTAGAGTGGGGTCGGAAGTCAATGAGCAGTTCTTC,1544,5,clonotype2,clonotype2_consensus_1
ACGCCAGCACATCCGG-1,True,ACGCCAGCACATCCGG-1_contig_2,True,408,TRB,None,None,TRBJ2-2P,TRBC2,False,False,None,None,1090,4,clonotype2,None
ACGCCAGCACGGTGTC-1,True,ACGCCAGCACGGTGTC-1_contig_1,True,521,TRB,TRBV20-1,None,TRBJ2-1,TRBC2,True,True,CSARVGSEVNEQFF,TGCAGTGCTAGAGTGGGGTCGGAAGTCAATGAGCAGTTCTTC,1793,11,clonotype2,clonotype2_consensus_1
ACGCCAGCAGATAATG-1,True,ACGCCAGCAGATAATG-1_contig_1,True,507,TRB,TRBV20-1,None,TRBJ2-3,TRBC2,True,True,CSARGPLAGERTDTQYF,TGCAGTGCTAGAGGACCACTAGCGGGGGAGCGTACAGATACGCAGTATTTT,2995,28,clonotype684,clonotype684_consensus_1
ACGCCAGCAGATAATG-1,True,ACGCCAGCAGATAATG-1_contig_2,True,571,TRA,TRAV8-1,None,TRAJ26,TRAC,True,True,CAVNHNYGQNFVF,TGTGCCGTGAATCACAACTATGGTCAGAATTTTGTCTTT,634,10,clonotype684,clonotype684_consensus_2
ACGCCAGCAGCTGTAT-1,True,ACGCCAGCAGCTGTAT-1_contig_1,True,524,TRB,TRBV20-1,None,TRBJ2-2,TRBC2,True,True,CSAPSLRGTAGELFF,TGCAGTGCCCCTTCCTTGAGGGGGACAGCCGGGGAGCTGTTTTTT,1092,10,clonotype685,clonotype685_consensus_2
ACGCCAGCAGCTGTAT-1,True,ACGCCAGCAGCTGTAT-1_contig_2,True,450,TRA,TRAV21,None,TRAJ54,TRAC,True,True,CAVTVQGAQKLVF,TGTGCTGTGACCGTTCAGGGAGCCCAGAAGCTGGTATTT,426,4,clonotype685,clonotype685_consensus_1
ACGCCAGGTAAGAGAG-1,True,ACGCCAGGTAAGAGAG-1_contig_1,True,518,TRB,TRBV20-1,None,TRBJ1-4,TRBC1,True,True,CSARQGGGEKLFF,TGCAGTGCTAGACAGGGGGGGGGTGAAAAACTGTTTTTT,2755,8,clonotype195,clonotype195_consensus_2
ACGCCAGGTAAGAGAG-1,True,ACGCCAGGTAAGAGAG-1_contig_2,True,511,TRA,TRAV1-2,None,TRAJ36,TRAC,True,True,CAVRRSSGANNLFF,TGTGCTGTGAGAAGATCATCAGGGGCAAACAACCTCTTCTTT,191,6,clonotype195,clonotype195_consensus_3
ACGCCAGGTAAGAGAG-1,True,ACGCCAGGTAAGAGAG-1_contig_3,True,518,TRA,TRAV16,None,TRAJ28,TRAC,True,True,CALVTKGAGSYQLTF,TGTGCTCTAGTAACGAAAGGGGCTGGGAGTTACCAACTCACTTTC,89,8,clonotype195,clonotype195_consensus_1
ACGCCAGGTATGAAAC-1,True,ACGCCAGGTATGAAAC-1_contig_1,True,505,TRA,TRAV1-2,None,TRAJ33,TRAC,True,True,CAATDSNYQLIW,TGTGCTGCGACTGATAGCAACTATCAGTTAATCTGG,262,7,clonotype1,clonotype1_consensus_2
ACGCCAGGTATGAAAC-1,True,ACGCCAGGTATGAAAC-1_contig_2,True,521,TRB,TRBV20-1,None,TRBJ2-1,TRBC2,True,True,CSARVGSEVNEQFF,TGCAGTGCTAGAGTGGGGTCGGAAGTCAATGAGCAGTTCTTC,2797,18,clonotype1,clonotype1_consensus_1
ACGCCAGGTATGAAAC-1,True,ACGCCAGGTATGAAAC-1_contig_3,True,415,TRB,None,None,TRBJ1-4,TRBC1,False,False,None,None,80,7,clonotype1,None
ACGCCAGGTCAGAAGC-1,True,ACGCCAGGTCAGAAGC-1_contig_1,True,505,TRA,TRAV1-2,None,TRAJ33,TRAC,True,True,CAATDSNYQLIW,TGTGCTGCGACTGATAGCAACTATCAGTTAATCTGG,1320,5,clonotype1,clonotype1_consensus_2
ACGCCAGGTCAGAAGC-1,True,ACGCCAGGTCAGAAGC-1_contig_2,True,496,TRB,TRBV20-1,None,TRBJ2-1,TRBC2,True,True,CSARVGSEVNEQFF,TGCAGTGCTAGAGTGGGGTCGGAAGTCAATGAGCAGTTCTTC,70,5,clonotype1,clonotype1_consensus_1
ACGCCAGGTCAGAAGC-1,True,ACGCCAGGTCAGAAGC-1_contig_3,True,482,TRA,TRAV10,None,TRAJ24,TRAC,True,False,None,None,940,8,clonotype1,None
ACGCCAGGTCATCGGC-1,True,ACGCCAGGTCATCGGC-1_contig_1,True,462,TRA,TRAV13-1,None,TRAJ13,TRAC,True,True,CAALLPGGYQKVTF,TGTGCAGCCCTCCTCCCTGGGGGTTACCAGAAAGTTACCTTT,1466,7,clonotype196,clonotype196_consensus_1
ACGCCAGGTCATCGGC-1,True,ACGCCAGGTCATCGGC-1_contig_2,True,521,TRB,TRBV20-1,None,TRBJ1-4,TRBC1,True,True,CSAREDSLNEKLFF,TGCAGTGCTAGAGAGGACAGCCTAAATGAAAAACTGTTTTTT,2075,13,clonotype196,clonotype196_consensus_2
ACGCCAGGTCATCGGC-1,True,ACGCCAGGTCATCGGC-1_contig_3,True,324,TRB,None,None,TRBJ2-7,TRBC2,False,False,None,None,72,2,clonotype196,None
ACGCCAGGTCATCGGC-1,True,ACGCCAGGTCATCGGC-1_contig_4,True,342,TRB,None,None,TRBJ2-3,TRBC2,False,False,None,None,218,2,clonotype196,None
ACGCCAGGTGAGGGTT-1,True,ACGCCAGGTGAGGGTT-1_contig_1,True,650,TRB,TRBV5-6,None,TRBJ1-4,TRBC1,True,True,CASSLRWEKLFF,TGTGCCAGCAGCTTGCGGTGGGAAAAACTGTTTTTT,693,8,clonotype197,clonotype197_consensus_2
ACGCCAGGTGAGGGTT-1,True,ACGCCAGGTGAGGGTT-1_contig_2,True,496,TRA,TRAV38-1,None,TRAJ57,TRAC,True,True,CAFMKYQGGSEKLVF,TGTGCTTTCATGAAGTACCAGGGCGGATCTGAAAAGCTGGTCTTT,1202,6,clonotype197,clonotype197_consensus_1
ACGCCAGGTTGGAGGT-1,True,ACGCCAGGTTGGAGGT-1_contig_1,True,505,TRA,TRAV1-2,None,TRAJ33,TRAC,True,True,CAATDSNYQLIW,TGTGCTGCGACTGATAGCAACTATCAGTTAATCTGG,468,5,clonotype1,clonotype1_consensus_2
ACGCCAGGTTGGAGGT-1,True,ACGCCAGGTTGGAGGT-1_contig_2,True,521,TRB,TRBV20-1,None,TRBJ2-1,TRBC2,True,True,CSARVGSEVNEQFF,TGCAGTGCTAGAGTGGGGTCGGAAGTCAATGAGCAGTTCTTC,799,5,clonotype1,clonotype1_consensus_1
ACGCCAGGTTTACTCT-1,True,ACGCCAGGTTTACTCT-1_contig_1,True,518,TRB,TRBV20-1,None,TRBJ2-3,TRBC2,True,True,CSAGPGSTDTQYF,TGCAGTGCCGGGCCTGGGAGCACAGATACGCAGTATTTT,2602,8,clonotype686,clonotype686_consensus_2
ACGCCAGGTTTACTCT-1,True,ACGCCAGGTTTACTCT-1_contig_2,True,665,TRA,TRAV8-6,None,TRAJ8,TRAC,True,True,CAVSDVNTGFQKLVF,TGTGCTGTGAGTGATGTGAACACAGGCTTTCAGAAACTTGTATTT,263,3,clonotype686,clonotype686_consensus_1
ACGCCAGTCAAACCGT-1,True,ACGCCAGTCAAACCGT-1_contig_1,True,573,TRA,TRAV8-4,None,TRAJ32,TRAC,True,True,CAVSDPGGATNKLIF,TGTGCTGTGAGTGATCCGGGTGGTGCTACAAACAAGCTCATCTTT,615,1,clonotype687,clonotype687_consensus_1
ACGCCAGTCAAACCGT-1,True,ACGCCAGTCAAACCGT-1_contig_2,True,708,TRB,TRBV5-6,None,TRBJ1-1,TRBC1,True,True,CASSIGQGIYTEAFF,TGTGCCAGCAGCATTGGACAGGGGATCTACACTGAAGCTTTCTTT,572,2,clonotype687,clonotype687_consensus_2
ACGCCAGTCAAAGACA-1,True,ACGCCAGTCAAAGACA-1_contig_1,True,521,TRB,TRBV20-1,None,TRBJ2-1,TRBC2,True,True,CSARVGSEVNEQFF,TGCAGTGCTAGAGTGGGGTCGGAAGTCAATGAGCAGTTCTTC,1292,8,clonotype2,clonotype2_consensus_1
ACGCCAGTCAAAGACA-1,True,ACGCCAGTCAAAGACA-1_contig_2,True,482,TRA,TRAV10,None,TRAJ24,TRAC,True,False,None,None,199,5,clonotype2,None
ACGCCAGTCACTATTC-1,True,ACGCCAGTCACTATTC-1_contig_1,True,521,TRB,TRBV20-1,None,TRBJ2-1,TRBC2,True,True,CSARVGSEVNEQFF,TGCAGTGCTAGAGTGGGGTCGGAAGTCAATGAGCAGTTCTTC,1611,13,clonotype2,clonotype2_consensus_1
ACGCCAGTCACTATTC-1,True,ACGCCAGTCACTATTC-1_contig_2,True,482,TRA,TRAV10,None,TRAJ24,TRAC,True,False,None,None,968,5,clonotype2,None
ACGCCAGTCGTTTGCC-1,True,ACGCCAGTCGTTTGCC-1_contig_1,True,521,TRB,TRBV20-1,None,TRBJ2-1,TRBC2,True,True,CSARVGSEVNEQFF,TGCAGTGCTAGAGTGGGGTCGGAAGTCAATGAGCAGTTCTTC,2174,16,clonotype2,clonotype2_consensus_1
ACGCCAGTCGTTTGCC-1,True,ACGCCAGTCGTTTGCC-1_contig_2,True,457,TRA,TRAV10,None,TRAJ24,TRAC,True,False,None,None,70,13,clonotype2,None
ACGCCGAAGAAAGTGG-1,True,ACGCCGAAGAAAGTGG-1_contig_1,True,505,TRA,TRAV1-2,None,TRAJ33,TRAC,True,True,CAATDSNYQLIW,TGTGCTGCGACTGATAGCAACTATCAGTTAATCTGG,195,1,clonotype1,clonotype1_consensus_2
ACGCCGAAGAAAGTGG-1,True,ACGCCGAAGAAAGTGG-1_contig_2,True,485,TRB,TRBV20-1,None,TRBJ2-1,TRBC2,True,True,CSARVGSEVNEQFF,TGCAGTGCTAGAGTGGGGTCGGAAGTCAATGAGCAGTTCTTC,459,5,clonotype1,clonotype1_consensus_1
ACGCCGAAGATCCCAT-1,True,ACGCCGAAGATCCCAT-1_contig_1,True,530,TRB,TRBV20-1,None,TRBJ2-7,TRBC2,True,True,CSASSDRIQGLTYEQYF,TGCAGTGCTAGCTCGGATCGTATACAGGGTTTAACGTACGAGCAGTACTTC,1021,2,clonotype688,clonotype688_consensus_2
ACGCCGAAGATCCCAT-1,True,ACGCCGAAGATCCCAT-1_contig_2,True,520,TRA,TRAV21,None,TRAJ4,TRAC,True,True,CAVTRGGYNKLIF,TGTGCTGTTACGAGGGGTGGCTACAATAAGCTGATTTTT,592,6,clonotype688,clonotype688_consensus_1
ACGCCGAAGATGTGGC-1,True,ACGCCGAAGATGTGGC-1_contig_1,True,505,TRA,TRAV1-2,None,TRAJ33,TRAC,True,True,CAATDSNYQLIW,TGTGCTGCGACTGATAGCAACTATCAGTTAATCTGG,2806,7,clonotype1,clonotype1_consensus_2
ACGCCGAAGATGTGGC-1,True,ACGCCGAAGATGTGGC-1_contig_2,True,498,TRB,TRBV20-1,None,TRBJ2-1,TRBC2,True,True,CSARVGSEVNEQFF,TGCAGTGCTAGAGTGGGGTCGGAAGTCAATGAGCAGTTCTTC,2811,8,clonotype1,clonotype1_consensus_1
ACGCCGAAGATGTGGC-1,True,ACGCCGAAGATGTGGC-1_contig_3,True,482,TRA,TRAV10,None,TRAJ24,TRAC,True,False,None,None,260,2,clonotype1,None
ACGCCGAAGCCCAGCT-1,True,ACGCCGAAGCCCAGCT-1_contig_1,True,527,TRB,TRBV20-1,None,TRBJ1-6,TRBC1,True,True,CSATGTSGSYNSPLHF,TGCAGTGCTACCGGGACCTCGGGCTCCTATAATTCACCCCTCCACTTT,4517,15,clonotype198,clonotype198_consensus_2
ACGCCGAAGCCCAGCT-1,True,ACGCCGAAGCCCAGCT-1_contig_2,True,621,TRA,TRAV3,None,TRAJ11,TRAC,True,True,CAVRDPDSGYSTLTF,TGTGCTGTGAGAGACCCGGATTCAGGATACAGCACCCTCACCTTT,701,5,clonotype198,clonotype198_consensus_3
ACGCCGAAGCCCAGCT-1,True,ACGCCGAAGCCCAGCT-1_contig_3,True,679,TRA,TRAV8-3,None,TRAJ35,TRAC,True,True,CAVGSFGNVLHC,TGTGCTGTGGGGAGCTTTGGGAATGTGCTGCATTGC,535,6,clonotype198,clonotype198_consensus_1
ACGCCGAAGTAACCCT-1,True,ACGCCGAAGTAACCCT-1_contig_1,True,518,TRB,TRBV20-1,None,TRBJ1-5,TRBC1,True,True,CSARQGRDQPQHF,TGCAGTGCAAGACAGGGAAGGGATCAGCCCCAGCATTTT,2937,9,clonotype689,clonotype689_consensus_1
ACGCCGAAGTAGATGT-1,True,ACGCCGAAGTAGATGT-1_contig_1,True,505,TRA,TRAV1-2,None,TRAJ33,TRAC,True,True,CAATDSNYQLIW,TGTGCTGCGACTGATAGCAACTATCAGTTAATCTGG,184,3,clonotype1,clonotype1_consensus_2
ACGCCGAAGTAGATGT-1,True,ACGCCGAAGTAGATGT-1_contig_2,True,521,TRB,TRBV20-1,None,TRBJ2-1,TRBC2,True,True,CSARVGSEVNEQFF,TGCAGTGCTAGAGTGGGGTCGGAAGTCAATGAGCAGTTCTTC,3120,11,clonotype1,clonotype1_consensus_1
ACGCCGACAAGCTGAG-1,True,ACGCCGACAAGCTGAG-1_contig_1,True,596,TRB,TRBV5-6,None,TRBJ2-5,TRBC2,True,True,CASSSLTSGATEENQYF,TGTGCCAGCAGCTCCTTGACTAGCGGGGCGACTGAAGAGAACCAGTACTTC,455,4,clonotype690,clonotype690_consensus_1
ACGCCGACAAGCTGAG-1,True,ACGCCGACAAGCTGAG-1_contig_2,True,348,TRB,None,None,TRBJ1-4,TRBC1,False,False,None,None,853,1,clonotype690,None
ACGCCGACACCCATGG-1,True,ACGCCGACACCCATGG-1_contig_1,True,521,TRB,TRBV20-1,None,TRBJ2-1,TRBC2,True,True,CSARVGSEVNEQFF,TGCAGTGCTAGAGTGGGGTCGGAAGTCAATGAGCAGTTCTTC,1653,7,clonotype2,clonotype2_consensus_1
ACGCCGACACCCATGG-1,True,ACGCCGACACCCATGG-1_contig_2,True,465,TRA,TRAV10,None,TRAJ24,TRAC,True,False,None,None,165,1,clonotype2,None
ACGCCGACACCCATTC-1,True,ACGCCGACACCCATTC-1_contig_1,True,505,TRA,TRAV1-2,None,TRAJ33,TRAC,True,True,CAATDSNYQLIW,TGTGCTGCGACTGATAGCAACTATCAGTTAATCTGG,273,1,clonotype1,clonotype1_consensus_2
ACGCCGACACCCATTC-1,True,ACGCCGACACCCATTC-1_contig_2,True,521,TRB,TRBV20-1,None,TRBJ2-1,TRBC2,True,True,CSARVGSEVNEQFF,TGCAGTGCTAGAGTGGGGTCGGAAGTCAATGAGCAGTTCTTC,1057,6,clonotype1,clonotype1_consensus_1
ACGCCGACACCCATTC-1,True,ACGCCGACACCCATTC-1_contig_3,True,494,TRA,TRAV10,None,TRAJ24,TRAC,True,False,None,None,134,1,clonotype1,None
ACGCCGACAGATGGCA-1,True,ACGCCGACAGATGGCA-1_contig_1,True,509,TRA,TRAV13-2,None,TRAJ16,TRAC,True,True,CAENLSDGQKLLF,TGTGCAGAGAATCTGTCAGATGGCCAGAAGCTGCTCTTT,1699,6,clonotype691,clonotype691_consensus_1
ACGCCGACAGATGGCA-1,True,ACGCCGACAGATGGCA-1_contig_2,True,678,TRB,TRBV5-5,None,TRBJ1-1,TRBC1,True,True,CASSHNHKMNTEAFF,TGTGCCAGCAGCCATAATCATAAAATGAACACTGAAGCTTTCTTT,2731,13,clonotype691,clonotype691_consensus_2
ACGCCGACAGATGGCA-1,True,ACGCCGACAGATGGCA-1_contig_3,True,457,TRB,None,None,TRBJ1-2,None,False,False,None,None,815,1,clonotype691,None
ACGCCGACATACAGCT-1,True,ACGCCGACATACAGCT-1_contig_1,True,510,TRB,TRBV20-1,None,TRBJ1-5,TRBC1,True,True,CSARDRYRGPDSNQPQHF,TGCAGTGCTAGAGATCGATACAGGGGGCCCGATAGCAATCAGCCCCAGCATTTT,1310,8,clonotype692,clonotype692_consensus_1
ACGCCGACATAGTAAG-1,True,ACGCCGACATAGTAAG-1_contig_1,True,464,TRB,TRBV20-1,None,TRBJ1-2,TRBC1,True,True,CSARTTSDGLYF,TGCAGTGCTAGGACCACCTCGGACGGCCTTTACTTC,1656,5,clonotype693,clonotype693_consensus_1
ACGCCGACATAGTAAG-1,True,ACGCCGACATAGTAAG-1_contig_2,True,511,TRA,TRAV20,None,TRAJ32,TRAC,True,True,CAVQGRGGATNKLIF,TGTGCTGTGCAGGGGCGAGGTGGTGCTACAAACAAGCTCATCTTT,2756,6,clonotype693,clonotype693_consensus_2
ACGCCGACATCACGTA-1,True,ACGCCGACATCACGTA-1_contig_1,True,462,TRA,TRAV13-1,None,TRAJ48,TRAC,True,True,CAASINFGNEKLTF,TGTGCAGCAAGTATAAACTTTGGAAATGAGAAATTAACCTTT,335,1,clonotype694,clonotype694_consensus_2
ACGCCGACATCACGTA-1,True,ACGCCGACATCACGTA-1_contig_2,True,700,TRB,TRBV5-5,None,TRBJ1-4,None,True,True,CASSRDRVTNEKLFF,TGTGCCAGCAGCCGGGACAGGGTTACTAATGAAAAACTGTTTTTT,202,2,clonotype694,clonotype694_consensus_1
ACGCCGACATCACGTA-1,True,ACGCCGACATCACGTA-1_contig_3,True,553,TRA,TRAV21,None,TRAJ27,TRAC,True,False,CAVPLWGWELPTHFREGDQTL,TGTGCTGTTCCCCTCTGGGGCTGGGAGTTACCAACTCACTTTCGGGAAGGGGACCAAACTCTC,440,1,clonotype694,None
ACGCCGACATCCAACA-1,True,ACGCCGACATCCAACA-1_contig_1,True,597,TRB,TRBV5-6,None,TRBJ2-7,TRBC2,True,True,CASSLAKEQYF,TGTGCCAGCAGCTTGGCAAAGGAGCAGTACTTC,1473,5,clonotype16,clonotype16_consensus_1
ACGCCGACATGCCCGA-1,True,ACGCCGACATGCCCGA-1_contig_1,True,502,TRA,TRAV1-2,None,TRAJ30,TRAC,True,True,CAVRDLREIIF,TGTGCTGTGAGAGATCTTCGGGAGATCATCTTT,298,1,clonotype3,clonotype3_consensus_2
ACGCCGACATGCCCGA-1,True,ACGCCGACATGCCCGA-1_contig_2,True,506,TRB,TRBV5-5,None,TRBJ1-4,TRBC1,True,True,CASSHPGPNYATNEKLFF,TGTGCCAGCAGCCATCCCGGACCGAACTACGCAACTAATGAAAAACTGTTTTTT,825,3,clonotype3,clonotype3_consensus_1
ACGCCGAGTAAGAGAG-1,True,ACGCCGAGTAAGAGAG-1_contig_1,True,521,TRB,TRBV20-1,None,TRBJ2-1,TRBC2,True,True,CSARVGSEVNEQFF,TGCAGTGCTAGAGTGGGGTCGGAAGTCAATGAGCAGTTCTTC,1157,8,clonotype2,clonotype2_consensus_1
ACGCCGAGTAAGAGAG-1,True,ACGCCGAGTAAGAGAG-1_contig_2,True,467,TRA,TRAV10,None,TRAJ24,TRAC,True,False,None,None,265,2,clonotype2,None
ACGCCGAGTACCTACA-1,True,ACGCCGAGTACCTACA-1_contig_1,True,570,TRA,TRAV8-4,None,TRAJ3,TRAC,True,True,CAVTLYSSASKIIF,TGTGCTGTGACCCTTTACAGCAGTGCTTCCAAGATAATCTTT,1134,6,clonotype25,clonotype25_consensus_2
ACGCCGAGTACCTACA-1,True,ACGCCGAGTACCTACA-1_contig_2,True,499,TRB,TRBV5-6,None,TRBJ2-2,TRBC2,True,True,CASSQIGTGGNTGELFF,TGTGCCAGCAGCCAGATCGGGACAGGGGGAAACACCGGGGAGCTGTTTTTT,2363,11,clonotype25,clonotype25_consensus_1
ACGCCGAGTACCTACA-1,True,ACGCCGAGTACCTACA-1_contig_3,True,450,TRA,TRAV2,None,TRAJ3,TRAC,True,False,CCLLLCCVWGSSASKIIF,TGCTGTTTACTACTGTGCTGTGTATGGGGCAGCAGTGCTTCCAAGATAATCTTT,120,2,clonotype25,None
ACGCCGAGTACCTACA-1,True,ACGCCGAGTACCTACA-1_contig_4,True,306,TRB,None,None,TRBJ2-7,TRBC2,False,False,None,None,1155,2,clonotype25,None
ACGCCGAGTATGAATG-1,True,ACGCCGAGTATGAATG-1_contig_1,True,505,TRA,TRAV12-1,None,TRAJ22,TRAC,True,True,CVVNRGSARQLTF,TGTGTGGTGAACAGGGGTTCTGCAAGGCAACTGACCTTT,758,3,clonotype695,clonotype695_consensus_2
ACGCCGAGTATGAATG-1,True,ACGCCGAGTATGAATG-1_contig_2,True,490,TRB,TRBV5-6,None,TRBJ1-4,TRBC1,True,True,CASSRRTNNEKLFF,TGTGCCAGCAGCCGCCGGACCAATAATGAAAAACTGTTTTTT,455,6,clonotype695,clonotype695_consensus_1
ACGCCGAGTCGCGAAA-1,True,ACGCCGAGTCGCGAAA-1_contig_1,True,495,TRB,TRBV20-1,None,TRBJ1-6,TRBC1,True,True,CSARVLNDSPLHF,TGCAGTGCTAGAGTCTTAAACGATTCACCCCTCCACTTT,2250,9,clonotype696,clonotype696_consensus_1
ACGCCGAGTCGCGAAA-1,True,ACGCCGAGTCGCGAAA-1_contig_2,True,375,TRA,TRAV12-3,None,TRAJ15,TRAC,True,False,CAIVNQAGTALIF,TGTGCAATCGTCAACCAGGCAGGAACTGCTCTGATCTTT,195,1,clonotype696,None
ACGCCGAGTCGCGAAA-1,True,ACGCCGAGTCGCGAAA-1_contig_3,True,326,TRA,None,None,TRAJ10,TRAC,False,False,None,None,1601,3,clonotype696,None
ACGCCGAGTCGCGAAA-1,True,ACGCCGAGTCGCGAAA-1_contig_4,True,300,TRB,None,None,TRBJ2-2P,TRBC2,False,False,None,None,158,3,clonotype696,None
ACGCCGAGTCTACCTC-1,True,ACGCCGAGTCTACCTC-1_contig_1,True,448,TRA,TRAV9-2,None,TRAJ10,TRAC,True,True,CAILTGGGNKLTF,TGTGCTATACTCACGGGAGGAGGAAACAAACTCACCTTT,1298,3,clonotype697,clonotype697_consensus_1
ACGCCGAGTCTACCTC-1,True,ACGCCGAGTCTACCTC-1_contig_2,True,650,TRB,TRBV5-6,None,TRBJ1-5,TRBC1,True,True,CASSSYRGQGQPQHF,TGTGCCAGCAGCTCCTACAGGGGGCAAGGTCAGCCCCAGCATTTT,2626,8,clonotype697,clonotype697_consensus_2
ACGCCGAGTCTACCTC-1,True,ACGCCGAGTCTACCTC-1_contig_3,True,385,TRB,None,None,TRBJ2-7,TRBC2,False,False,None,None,2665,8,clonotype697,None
ACGCCGAGTCTACCTC-1,True,ACGCCGAGTCTACCTC-1_contig_4,True,427,TRA,TRAV10,None,TRAJ38,TRAC,True,False,None,None,66,1,clonotype697,None
ACGCCGAGTTAAAGTG-1,True,ACGCCGAGTTAAAGTG-1_contig_1,True,473,TRB,TRBV20-1,None,TRBJ1-3,TRBC1,True,True,CSARLTGAADTIYF,TGCAGTGCTAGGCTTACCGGGGCTGCGGACACCATATATTTT,4836,7,clonotype698,clonotype698_consensus_1
ACGCCGATCCTAGGGC-1,True,ACGCCGATCCTAGGGC-1_contig_1,True,508,TRA,TRAV1-2,None,TRAJ40,TRAC,True,True,CAAGGSGTYKYIF,TGTGCTGCGGGCGGATCAGGAACCTACAAATACATCTTT,495,6,clonotype699,clonotype699_consensus_1
ACGCCGATCCTAGGGC-1,True,ACGCCGATCCTAGGGC-1_contig_2,True,509,TRB,TRBV5-5,None,TRBJ2-1,TRBC2,True,True,CASSLLGETGNEQFF,TGTGCCAGCAGCCTCCTGGGCGAAACTGGCAATGAGCAGTTCTTC,3521,17,clonotype699,clonotype699_consensus_2
ACGCCGATCCTAGGGC-1,True,ACGCCGATCCTAGGGC-1_contig_3,True,368,TRA,TRAV17,None,TRAJ5,None,True,False,CYGQHTGRRALTF,TGCTACGGACAACACACGGGCAGGAGAGCACTTACTTTT,52,1,clonotype699,None
ACGCCGATCGCCTGTT-1,True,ACGCCGATCGCCTGTT-1_contig_1,True,505,TRA,TRAV23/DV6,None,TRAJ26,TRAC,True,True,CAAQERGQNFVF,TGTGCAGCTCAAGAGAGGGGTCAGAATTTTGTCTTT,4137,4,clonotype700,clonotype700_consensus_2
ACGCCGATCGCCTGTT-1,True,ACGCCGATCGCCTGTT-1_contig_2,True,521,TRB,TRBV20-1,None,TRBJ2-2,TRBC2,True,True,CSARGQGNTGELFF,TGCAGTGCTAGGGGACAGGGGAACACCGGGGAGCTGTTTTTT,1964,8,clonotype700,clonotype700_consensus_1
ACGCCGATCTAACCGA-1,True,ACGCCGATCTAACCGA-1_contig_1,True,470,TRB,TRBV6-2,None,TRBJ1-2,TRBC1,True,True,CASSYGGMGYTF,TGTGCCAGCAGTTACGGCGGGATGGGCTACACCTTC,1192,2,clonotype701,clonotype701_consensus_2
ACGCCGATCTAACCGA-1,True,ACGCCGATCTAACCGA-1_contig_2,True,568,TRA,TRAV38-1,None,TRAJ43,TRAC,True,True,CAFMKLAYNDMRF,TGTGCTTTCATGAAGCTTGCTTACAATGACATGCGCTTT,1087,4,clonotype701,clonotype701_consensus_1
ACGCCGATCTAACCGA-1,True,ACGCCGATCTAACCGA-1_contig_3,True,370,TRB,None,None,TRBJ2-1,TRBC2,False,False,None,None,1262,4,clonotype701,None
ACGGAGAAGAGTAATC-1,True,ACGGAGAAGAGTAATC-1_contig_1,True,720,TRB,TRBV5-6,None,TRBJ2-2,TRBC2,True,True,CASSLSPEDPTNTGELFF,TGTGCCAGCAGCTTGAGTCCGGAAGACCCTACGAACACCGGGGAGCTGTTTTTT,2658,9,clonotype75,clonotype75_consensus_1
ACGGAGAAGAGTAATC-1,True,ACGGAGAAGAGTAATC-1_contig_2,True,303,TRB,None,None,TRBJ2-7,TRBC2,False,False,None,None,657,3,clonotype75,None
ACGGAGAAGCCTTGAT-1,True,ACGGAGAAGCCTTGAT-1_contig_1,True,509,TRA,TRAV25,None,TRAJ28,TRAC,True,True,CAGPSGAGSYQLTF,TGTGCAGGCCCCTCTGGGGCTGGGAGTTACCAACTCACTTTC,216,4,clonotype702,clonotype702_consensus_2
ACGGAGAAGCCTTGAT-1,True,ACGGAGAAGCCTTGAT-1_contig_2,True,496,TRB,TRBV5-6,None,TRBJ2-1,TRBC2,True,True,CASSPTGISSYNEQFF,TGTGCCAGCAGCCCGACAGGCATCTCCTCCTACAATGAGCAGTTCTTC,2284,12,clonotype702,clonotype702_consensus_1
ACGGAGAAGTACACCT-1,True,ACGGAGAAGTACACCT-1_contig_1,True,505,TRA,TRAV1-2,None,TRAJ33,TRAC,True,True,CAATDSNYQLIW,TGTGCTGCGACTGATAGCAACTATCAGTTAATCTGG,212,3,clonotype1,clonotype1_consensus_2
ACGGAGAAGTACACCT-1,True,ACGGAGAAGTACACCT-1_contig_2,True,521,TRB,TRBV20-1,None,TRBJ2-1,TRBC2,True,True,CSARVGSEVNEQFF,TGCAGTGCTAGAGTGGGGTCGGAAGTCAATGAGCAGTTCTTC,1023,4,clonotype1,clonotype1_consensus_1
ACGGAGACAAAGCGGT-1,True,ACGGAGACAAAGCGGT-1_contig_1,True,526,TRA,TRAV14/DV4,None,TRAJ18,TRAC,True,True,CAMKGRGSTLGRLYF,TGTGCAATGAAGGGCAGAGGCTCAACCCTGGGGAGGCTATACTTT,300,3,clonotype703,clonotype703_consensus_1
ACGGAGACAAAGCGGT-1,True,ACGGAGACAAAGCGGT-1_contig_2,True,665,TRB,TRBV5-6,None,TRBJ1-2,TRBC1,True,True,CASSPSGSNYGYTF,TGTGCCAGCAGCCCATCGGGATCCAACTATGGCTACACCTTC,1905,12,clonotype703,clonotype703_consensus_2
ACGGAGACAAAGCGGT-1,True,ACGGAGACAAAGCGGT-1_contig_3,True,566,TRA,TRAV8-4,None,TRAJ29,TRAC,True,False,None,None,138,2,clonotype703,None
ACGGAGACAAGCCGTC-1,True,ACGGAGACAAGCCGTC-1_contig_1,True,521,TRB,TRBV20-1,None,TRBJ1-5,TRBC1,True,True,CSAPRTGGDQPQHF,TGCAGTGCACCGCGGACAGGGGGCGATCAGCCCCAGCATTTT,724,5,clonotype704,clonotype704_consensus_1
ACGGAGACAATAGCAA-1,True,ACGGAGACAATAGCAA-1_contig_1,True,515,TRB,TRBV20-1,None,TRBJ1-2,TRBC1,True,True,CSARARTGLYTF,TGCAGTGCTAGAGCGAGGACGGGCTTATACACCTTC,2797,5,clonotype95,clonotype95_consensus_2
ACGGAGACAATAGCAA-1,True,ACGGAGACAATAGCAA-1_contig_2,True,494,TRA,TRAV38-2/DV8,None,TRAJ24,TRAC,True,True,CAVGSTDSWGKFQF,TGTGCCGTGGGGTCAACTGACAGCTGGGGGAAATTCCAGTTT,1688,4,clonotype95,clonotype95_consensus_1
ACGGAGACAATAGCAA-1,True,ACGGAGACAATAGCAA-1_contig_3,True,559,TRB,None,None,TRBJ2-6,TRBC2,False,False,None,None,162,2,clonotype95,None
ACGGAGACACCGAAAG-1,True,ACGGAGACACCGAAAG-1_contig_1,True,518,TRB,TRBV20-1,None,TRBJ1-4,TRBC1,True,True,CSAREVVSKKLFF,TGCAGTGCGCGAGAGGTGGTATCGAAAAAACTGTTTTTT,1082,3,clonotype705,clonotype705_consensus_2
ACGGAGACACCGAAAG-1,True,ACGGAGACACCGAAAG-1_contig_2,True,520,TRA,TRAV23/DV6,None,TRAJ27,TRAC,True,True,CALQSLSNNTNAGKSTF,TGTGCGCTTCAGTCTTTGTCTAATAACACCAATGCAGGCAAATCAACCTTT,610,4,clonotype705,clonotype705_consensus_1
ACGGAGACACCGAAAG-1,True,ACGGAGACACCGAAAG-1_contig_3,True,472,TRB,None,None,TRBJ2-6,TRBC2,False,False,None,None,183,1,clonotype705,None
ACGGAGACACGAAACG-1,True,ACGGAGACACGAAACG-1_contig_1,True,505,TRA,TRAV1-2,None,TRAJ33,TRAC,True,True,CAATDSNYQLIW,TGTGCTGCGACTGATAGCAACTATCAGTTAATCTGG,413,1,clonotype1,clonotype1_consensus_2
ACGGAGACACGAAACG-1,True,ACGGAGACACGAAACG-1_contig_2,True,521,TRB,TRBV20-1,None,TRBJ2-1,TRBC2,True,True,CSARVGSEVNEQFF,TGCAGTGCTAGAGTGGGGTCGGAAGTCAATGAGCAGTTCTTC,2218,11,clonotype1,clonotype1_consensus_1
ACGGAGACAGATCCAT-1,True,ACGGAGACAGATCCAT-1_contig_1,True,498,TRB,TRBV20-1,None,TRBJ2-1,TRBC2,True,True,CSARVGSEVNEQFF,TGCAGTGCTAGAGTGGGGTCGGAAGTCAATGAGCAGTTCTTC,1356,8,clonotype2,clonotype2_consensus_1
ACGGAGACAGATCCAT-1,True,ACGGAGACAGATCCAT-1_contig_2,True,359,TRA,TRAV10,None,TRAJ24,TRAC,True,False,None,None,454,2,clonotype2,None
ACGGAGACAGTCTTCC-1,True,ACGGAGACAGTCTTCC-1_contig_1,True,502,TRA,TRAV1-2,None,TRAJ33,TRAC,True,True,CAATDSNYQLIW,TGTGCTGCGACTGATAGCAACTATCAGTTAATCTGG,870,5,clonotype1,clonotype1_consensus_2
ACGGAGACAGTCTTCC-1,True,ACGGAGACAGTCTTCC-1_contig_2,True,521,TRB,TRBV20-1,None,TRBJ2-1,TRBC2,True,True,CSARVGSEVNEQFF,TGCAGTGCTAGAGTGGGGTCGGAAGTCAATGAGCAGTTCTTC,1673,7,clonotype1,clonotype1_consensus_1
ACGGAGACAGTGGGAT-1,True,ACGGAGACAGTGGGAT-1_contig_1,True,505,TRA,TRAV1-2,None,TRAJ33,TRAC,True,True,CAATDSNYQLIW,TGTGCTGCGACTGATAGCAACTATCAGTTAATCTGG,293,3,clonotype1,clonotype1_consensus_2
ACGGAGACAGTGGGAT-1,True,ACGGAGACAGTGGGAT-1_contig_2,True,521,TRB,TRBV20-1,None,TRBJ2-1,TRBC2,True,True,CSARVGSEVNEQFF,TGCAGTGCTAGAGTGGGGTCGGAAGTCAATGAGCAGTTCTTC,1679,10,clonotype1,clonotype1_consensus_1
ACGGAGACAGTGGGAT-1,True,ACGGAGACAGTGGGAT-1_contig_3,True,467,TRA,TRAV10,None,TRAJ24,TRAC,True,False,None,None,141,2,clonotype1,None
ACGGAGACATCCGGGT-1,True,ACGGAGACATCCGGGT-1_contig_1,True,506,TRB,TRBV20-1,None,TRBJ1-2,TRBC1,True,True,CSALYGYTF,TGCAGTGCCCTGTATGGCTACACCTTC,1491,9,clonotype706,clonotype706_consensus_2
ACGGAGACATCCGGGT-1,True,ACGGAGACATCCGGGT-1_contig_2,True,517,TRA,TRAV21,None,TRAJ31,TRAC,True,True,CAKGGNNARLMF,TGTGCTAAAGGGGGTAACAATGCCAGACTCATGTTT,948,4,clonotype706,clonotype706_consensus_1
ACGGAGAGTAGCCTAT-1,True,ACGGAGAGTAGCCTAT-1_contig_1,True,502,TRA,TRAV1-2,None,TRAJ33,TRAC,True,True,CAATDSNYQLIW,TGTGCTGCGACTGATAGCAACTATCAGTTAATCTGG,117,1,clonotype1,clonotype1_consensus_2
ACGGAGAGTAGCCTAT-1,True,ACGGAGAGTAGCCTAT-1_contig_2,True,515,TRB,TRBV20-1,None,TRBJ2-1,TRBC2,True,True,CSARVGSEVNEQFF,TGCAGTGCTAGAGTGGGGTCGGAAGTCAATGAGCAGTTCTTC,807,3,clonotype1,clonotype1_consensus_1
ACGGAGATCAAAGACA-1,True,ACGGAGATCAAAGACA-1_contig_1,True,517,TRA,TRAV26-1,None,TRAJ31,TRAC,True,True,CIVRNNNARLMF,TGCATCGTTCGGAATAACAATGCCAGACTCATGTTT,1020,5,clonotype707,clonotype707_consensus_2
ACGGAGATCAAAGACA-1,True,ACGGAGATCAAAGACA-1_contig_2,True,509,TRB,TRBV6-1,None,TRBJ2-3,TRBC2,True,True,CASSDAGRITDTQYF,TGTGCCAGCAGTGATGCAGGGAGGATCACAGATACGCAGTATTTT,520,6,clonotype707,clonotype707_consensus_1
ACGGAGATCACCACCT-1,True,ACGGAGATCACCACCT-1_contig_1,True,495,TRB,TRBV20-1,None,TRBJ1-2,TRBC1,True,True,CSAPFMAGRGYTF,TGCAGTGCCCCATTTATGGCCGGACGGGGCTACACCTTC,668,3,clonotype708,clonotype708_consensus_3
ACGGAGATCACCACCT-1,True,ACGGAGATCACCACCT-1_contig_2,True,468,TRA,TRAV13-1,None,TRAJ53,TRAC,True,True,CAAGKNSGGSNYKLTF,TGTGCAGCAGGCAAGAATAGTGGAGGTAGCAACTATAAACTGACATTT,1104,4,clonotype708,clonotype708_consensus_2
ACGGAGATCACCACCT-1,True,ACGGAGATCACCACCT-1_contig_3,True,498,TRB,TRBV20-1,None,TRBJ1-2,TRBC1,True,True,CSASVPSVLIGYTF,TGCAGTGCTAGTGTTCCTAGTGTCTTAATTGGCTACACCTTC,2678,12,clonotype708,clonotype708_consensus_1
ACGGAGATCACCACCT-1,True,ACGGAGATCACCACCT-1_contig_4,True,478,TRA,TRAV20,None,TRAJ45,TRAC,True,False,None,None,1256,4,clonotype708,None
ACGGAGATCACCACCT-1,True,ACGGAGATCACCACCT-1_contig_5,True,427,TRB,None,None,TRBJ2-2P,TRBC2,False,False,None,None,1235,4,clonotype708,None
ACGGAGATCACCACCT-1,True,ACGGAGATCACCACCT-1_contig_6,True,497,TRA,TRAV23/DV6,None,TRAJ43,TRAC,True,False,None,None,447,5,clonotype708,None
ACGGAGATCACCTCGT-1,True,ACGGAGATCACCTCGT-1_contig_1,True,505,TRA,TRAV1-2,None,TRAJ33,TRAC,True,True,CAATDSNYQLIW,TGTGCTGCGACTGATAGCAACTATCAGTTAATCTGG,352,3,clonotype1,clonotype1_consensus_2
ACGGAGATCACCTCGT-1,True,ACGGAGATCACCTCGT-1_contig_2,True,521,TRB,TRBV20-1,None,TRBJ2-1,TRBC2,True,True,CSARVGSEVNEQFF,TGCAGTGCTAGAGTGGGGTCGGAAGTCAATGAGCAGTTCTTC,2475,11,clonotype1,clonotype1_consensus_1
ACGGAGATCACGACTA-1,True,ACGGAGATCACGACTA-1_contig_1,True,505,TRA,TRAV1-2,None,TRAJ33,TRAC,True,True,CAATDSNYQLIW,TGTGCTGCGACTGATAGCAACTATCAGTTAATCTGG,535,1,clonotype1,clonotype1_consensus_2
ACGGAGATCACGACTA-1,True,ACGGAGATCACGACTA-1_contig_2,True,521,TRB,TRBV20-1,None,TRBJ2-1,TRBC2,True,True,CSARVGSEVNEQFF,TGCAGTGCTAGAGTGGGGTCGGAAGTCAATGAGCAGTTCTTC,2206,12,clonotype1,clonotype1_consensus_1
ACGGAGATCACGACTA-1,True,ACGGAGATCACGACTA-1_contig_3,True,465,TRA,TRAV10,None,TRAJ24,TRAC,True,False,None,None,511,2,clonotype1,None
ACGGAGATCCTTAATC-1,True,ACGGAGATCCTTAATC-1_contig_1,True,505,TRA,TRAV1-2,None,TRAJ33,TRAC,True,True,CAATDSNYQLIW,TGTGCTGCGACTGATAGCAACTATCAGTTAATCTGG,96,1,clonotype1,clonotype1_consensus_2
ACGGAGATCCTTAATC-1,True,ACGGAGATCCTTAATC-1_contig_2,True,521,TRB,TRBV20-1,None,TRBJ2-1,TRBC2,True,True,CSARVGSEVNEQFF,TGCAGTGCTAGAGTGGGGTCGGAAGTCAATGAGCAGTTCTTC,1427,11,clonotype1,clonotype1_consensus_1
ACGGAGATCTCTGTCG-1,True,ACGGAGATCTCTGTCG-1_contig_1,True,521,TRB,TRBV20-1,None,TRBJ2-1,TRBC2,True,True,CSARVGSEVNEQFF,TGCAGTGCTAGAGTGGGGTCGGAAGTCAATGAGCAGTTCTTC,2287,7,clonotype2,clonotype2_consensus_1
ACGGAGATCTCTGTCG-1,True,ACGGAGATCTCTGTCG-1_contig_2,True,482,TRA,TRAV10,None,TRAJ24,TRAC,True,False,None,None,479,2,clonotype2,None
ACGGAGATCTGAGGGA-1,True,ACGGAGATCTGAGGGA-1_contig_1,True,502,TRA,TRAV1-2,None,TRAJ30,TRAC,True,True,CAVRDLREIIF,TGTGCTGTGAGAGATCTTCGGGAGATCATCTTT,464,2,clonotype3,clonotype3_consensus_2
ACGGAGATCTGAGGGA-1,True,ACGGAGATCTGAGGGA-1_contig_2,True,520,TRB,TRBV5-5,None,TRBJ1-4,TRBC1,True,True,CASSHPGPNYATNEKLFF,TGTGCCAGCAGCCATCCCGGACCGAACTACGCAACTAATGAAAAACTGTTTTTT,2709,10,clonotype3,clonotype3_consensus_1
ACGGCCAAGACACGAC-1,True,ACGGCCAAGACACGAC-1_contig_1,True,533,TRB,TRBV5-5,None,TRBJ1-4,TRBC1,True,True,CASSHPGPNYATNEKLFF,TGTGCCAGCAGCCATCCCGGACCGAACTACGCAACTAATGAAAAACTGTTTTTT,157,4,clonotype4,clonotype4_consensus_1
ACGGCCAAGCGATGAC-1,True,ACGGCCAAGCGATGAC-1_contig_1,True,515,TRB,TRBV20-1,None,TRBJ1-5,TRBC1,True,True,CSAGRLDQPQHF,TGCAGTGCCGGGAGACTCGATCAGCCCCAGCATTTT,4136,13,clonotype34,clonotype34_consensus_2
ACGGCCAAGCGATGAC-1,True,ACGGCCAAGCGATGAC-1_contig_2,True,568,TRA,TRAV19,None,TRAJ39,TRAC,True,True,CALSERRNAGNMLTF,TGTGCTCTGAGTGAGAGGAGGAATGCAGGCAACATGCTCACCTTT,1200,5,clonotype34,clonotype34_consensus_1
ACGGCCAAGGCTAGGT-1,True,ACGGCCAAGGCTAGGT-1_contig_1,True,502,TRA,TRAV1-2,None,TRAJ30,TRAC,True,True,CAVRDLREIIF,TGTGCTGTGAGAGATCTTCGGGAGATCATCTTT,316,2,clonotype3,clonotype3_consensus_2
ACGGCCAAGGCTAGGT-1,True,ACGGCCAAGGCTAGGT-1_contig_2,True,664,TRB,TRBV5-5,None,TRBJ1-4,TRBC1,True,True,CASSHPGPNYATNEKLFF,TGTGCCAGCAGCCATCCCGGACCGAACTACGCAACTAATGAAAAACTGTTTTTT,481,4,clonotype3,clonotype3_consensus_1
ACGGCCAAGGGCTTCC-1,True,ACGGCCAAGGGCTTCC-1_contig_1,True,521,TRB,TRBV20-1,None,TRBJ1-1,TRBC1,True,True,CLASPPRLGTEAFF,TGCTTAGCGTCCCCCCCGAGATTGGGCACTGAAGCTTTCTTT,5758,21,clonotype199,clonotype199_consensus_1
ACGGCCAAGGGCTTCC-1,True,ACGGCCAAGGGCTTCC-1_contig_2,True,359,TRB,None,None,TRBJ2-3,TRBC2,False,False,None,None,162,2,clonotype199,None
ACGGCCAAGTCGAGTG-1,True,ACGGCCAAGTCGAGTG-1_contig_1,True,674,TRA,TRAV8-3,None,TRAJ49,TRAC,True,True,CAVAPNTGNQFYF,TGTGCTGTGGCCCCGAACACCGGTAACCAGTTCTATTTT,202,2,clonotype709,clonotype709_consensus_2
ACGGCCAAGTCGAGTG-1,True,ACGGCCAAGTCGAGTG-1_contig_2,True,654,TRB,TRBV5-5,None,TRBJ1-1,TRBC1,True,True,CASSLWAVNTEAFF,TGTGCCAGCAGCTTGTGGGCAGTGAACACTGAAGCTTTCTTT,6822,16,clonotype709,clonotype709_consensus_1
ACGGCCAAGTCTCCTC-1,True,ACGGCCAAGTCTCCTC-1_contig_1,True,498,TRB,TRBV20-1,None,TRBJ2-1,TRBC2,True,True,CSARVGSEVNEQFF,TGCAGTGCTAGAGTGGGGTCGGAAGTCAATGAGCAGTTCTTC,2859,7,clonotype2,clonotype2_consensus_1
ACGGCCAAGTCTCCTC-1,True,ACGGCCAAGTCTCCTC-1_contig_2,True,465,TRA,TRAV10,None,TRAJ24,TRAC,True,False,None,None,6596,2,clonotype2,None
ACGGCCAAGTTGTCGT-1,True,ACGGCCAAGTTGTCGT-1_contig_1,True,505,TRA,TRAV1-2,None,TRAJ33,TRAC,True,True,CAATDSNYQLIW,TGTGCTGCGACTGATAGCAACTATCAGTTAATCTGG,84,3,clonotype1,clonotype1_consensus_2
ACGGCCAAGTTGTCGT-1,True,ACGGCCAAGTTGTCGT-1_contig_2,True,521,TRB,TRBV20-1,None,TRBJ2-1,TRBC2,True,True,CSARVGSEVNEQFF,TGCAGTGCTAGAGTGGGGTCGGAAGTCAATGAGCAGTTCTTC,2663,13,clonotype1,clonotype1_consensus_1
ACGGCCACAACACCCG-1,True,ACGGCCACAACACCCG-1_contig_1,True,574,TRA,TRAV8-1,None,TRAJ40,TRAC,True,True,CAVNSLSGTYKYIF,TGTGCCGTGAATTCCCTTTCAGGAACCTACAAATACATCTTT,1189,5,clonotype710,clonotype710_consensus_2
ACGGCCACAACACCCG-1,True,ACGGCCACAACACCCG-1_contig_2,True,654,TRB,TRBV5-6,None,TRBJ1-1,TRBC1,True,True,CASSPAGRTEAFF,TGTGCCAGCAGCCCGGCCGGGCGCACTGAAGCTTTCTTT,2338,11,clonotype710,clonotype710_consensus_1
ACGGCCACAACACCCG-1,True,ACGGCCACAACACCCG-1_contig_3,True,481,TRA,TRAV4,None,TRAJ12,TRAC,True,False,None,None,143,2,clonotype710,None
ACGGCCACATCACGAT-1,True,ACGGCCACATCACGAT-1_contig_1,True,505,TRA,TRAV1-2,None,TRAJ33,TRAC,True,True,CAATDSNYQLIW,TGTGCTGCGACTGATAGCAACTATCAGTTAATCTGG,175,6,clonotype1,clonotype1_consensus_2
ACGGCCACATCACGAT-1,True,ACGGCCACATCACGAT-1_contig_2,True,521,TRB,TRBV20-1,None,TRBJ2-1,TRBC2,True,True,CSARVGSEVNEQFF,TGCAGTGCTAGAGTGGGGTCGGAAGTCAATGAGCAGTTCTTC,1426,6,clonotype1,clonotype1_consensus_1
ACGGCCACATCTCCCA-1,True,ACGGCCACATCTCCCA-1_contig_1,True,577,TRA,TRAV26-1,None,TRAJ23,TRAC,True,True,CIVSAYNQGGKLIF,TGCATCGTCAGTGCTTATAACCAGGGAGGAAAGCTTATCTTC,211,2,clonotype711,clonotype711_consensus_1
ACGGCCACATCTCCCA-1,True,ACGGCCACATCTCCCA-1_contig_2,True,507,TRB,TRBV20-1,None,TRBJ1-6,TRBC1,True,True,CSARDPDRSSYNSPLHF,TGCAGTGCTAGAGACCCGGACAGGAGCTCCTATAATTCACCCCTCCACTTT,2707,7,clonotype711,clonotype711_consensus_2
ACGGCCACATGGGAAC-1,True,ACGGCCACATGGGAAC-1_contig_1,True,514,TRB,TRBV20-1,None,TRBJ2-1,TRBC2,True,True,CSASYGTGQNEQFF,TGCAGTGCCTCGTATGGGACAGGGCAAAATGAGCAGTTCTTC,949,4,clonotype102,clonotype102_consensus_2
ACGGCCACATGGGAAC-1,True,ACGGCCACATGGGAAC-1_contig_2,True,506,TRA,TRAV6,None,TRAJ43,TRAC,True,True,CAPSNENNDMRF,TGTGCTCCCTCGAATGAGAACAATGACATGCGCTTT,2219,4,clonotype102,clonotype102_consensus_1
ACGGCCAGTCATCCCT-1,True,ACGGCCAGTCATCCCT-1_contig_1,True,540,TRA,TRAV17,None,TRAJ27,TRAC,True,True,CATVYNTNAGKSTF,TGTGCTACGGTCTATAACACCAATGCAGGCAAATCAACCTTT,361,1,clonotype712,clonotype712_consensus_2
ACGGCCAGTCATCCCT-1,True,ACGGCCAGTCATCCCT-1_contig_2,True,490,TRB,TRBV5-6,None,TRBJ2-5,TRBC2,True,True,CASSWDSGEGTQYF,TGTGCCAGCAGCTGGGACAGTGGGGAGGGGACCCAGTACTTC,2377,10,clonotype712,clonotype712_consensus_1
ACGGCCAGTGAGGGTT-1,True,ACGGCCAGTGAGGGTT-1_contig_1,True,505,TRA,TRAV1-2,None,TRAJ33,TRAC,True,True,CAATDSNYQLIW,TGTGCTGCGACTGATAGCAACTATCAGTTAATCTGG,689,3,clonotype1,clonotype1_consensus_2
ACGGCCAGTGAGGGTT-1,True,ACGGCCAGTGAGGGTT-1_contig_2,True,521,TRB,TRBV20-1,None,TRBJ2-1,TRBC2,True,True,CSARVGSEVNEQFF,TGCAGTGCTAGAGTGGGGTCGGAAGTCAATGAGCAGTTCTTC,2396,12,clonotype1,clonotype1_consensus_1
ACGGCCAGTGAGGGTT-1,True,ACGGCCAGTGAGGGTT-1_contig_3,True,465,TRA,TRAV10,None,TRAJ24,TRAC,True,False,None,None,1367,1,clonotype1,None
ACGGCCAGTGTATGGG-1,True,ACGGCCAGTGTATGGG-1_contig_1,True,490,TRB,TRBV5-6,None,TRBJ1-1,TRBC1,True,True,CASSSEGTRFDAFF,TGTGCCAGCAGCTCGGAGGGGACGCGGTTTGACGCTTTCTTT,3513,14,clonotype713,clonotype713_consensus_1
ACGGCCAGTGTGTGCC-1,True,ACGGCCAGTGTGTGCC-1_contig_1,True,505,TRA,TRAV1-2,None,TRAJ33,TRAC,True,True,CAATDSNYQLIW,TGTGCTGCGACTGATAGCAACTATCAGTTAATCTGG,931,4,clonotype1,clonotype1_consensus_2
ACGGCCAGTGTGTGCC-1,True,ACGGCCAGTGTGTGCC-1_contig_2,True,501,TRB,TRBV20-1,None,TRBJ2-1,TRBC2,True,True,CSARVGSEVNEQFF,TGCAGTGCTAGAGTGGGGTCGGAAGTCAATGAGCAGTTCTTC,1956,6,clonotype1,clonotype1_consensus_1
ACGGCCAGTTAGATGA-1,True,ACGGCCAGTTAGATGA-1_contig_1,True,502,TRA,TRAV1-2,None,TRAJ30,TRAC,True,True,CAVRDLREIIF,TGTGCTGTGAGAGATCTTCGGGAGATCATCTTT,1385,6,clonotype3,clonotype3_consensus_2
ACGGCCAGTTAGATGA-1,True,ACGGCCAGTTAGATGA-1_contig_2,True,520,TRB,TRBV5-5,None,TRBJ1-4,TRBC1,True,True,CASSHPGPNYATNEKLFF,TGTGCCAGCAGCCATCCCGGACCGAACTACGCAACTAATGAAAAACTGTTTTTT,2148,7,clonotype3,clonotype3_consensus_1
ACGGCCAGTTTAGCTG-1,True,ACGGCCAGTTTAGCTG-1_contig_1,True,547,TRA,TRAV5,None,TRAJ31,TRAC,True,True,CAEQGNNARLMF,TGTGCAGAGCAAGGTAACAATGCCAGACTCATGTTT,522,4,clonotype714,clonotype714_consensus_1
ACGGCCAGTTTAGCTG-1,True,ACGGCCAGTTTAGCTG-1_contig_2,True,485,TRB,TRBV20-1,None,None,TRBC2,False,False,None,None,3542,11,clonotype714,None
ACGGCCATCAATCTCT-1,True,ACGGCCATCAATCTCT-1_contig_1,True,462,TRA,TRAV13-1,None,TRAJ44,TRAC,True,True,CAASMSGTASKLTF,TGTGCAGCAAGTATGTCAGGCACTGCCAGTAAACTCACCTTT,4138,7,clonotype715,clonotype715_consensus_2
ACGGCCATCAATCTCT-1,True,ACGGCCATCAATCTCT-1_contig_2,True,656,TRB,TRBV5-5,None,TRBJ2-7,TRBC2,True,True,CASSRSQGVVYEQYF,TGTGCCAGCAGCCGGTCACAGGGAGTCGTCTACGAGCAGTACTTC,1849,26,clonotype715,clonotype715_consensus_1
ACGGCCATCACCCGAG-1,True,ACGGCCATCACCCGAG-1_contig_1,True,498,TRB,TRBV20-1,None,TRBJ1-1,TRBC1,True,True,CSARGQRGHTEAFF,TGCAGTGCTAGAGGCCAGCGAGGCCACACTGAAGCTTTCTTT,1619,7,clonotype716,clonotype716_consensus_1
ACGGCCATCACGACTA-1,True,ACGGCCATCACGACTA-1_contig_1,True,495,TRB,TRBV20-1,None,TRBJ2-6,TRBC2,True,True,CSASRSGANVLTF,TGCAGTGCTAGTCGGTCTGGGGCCAACGTCCTGACTTTC,2748,12,clonotype717,clonotype717_consensus_2
ACGGCCATCACGACTA-1,True,ACGGCCATCACGACTA-1_contig_2,True,502,TRA,TRAV20,None,TRAJ34,TRAC,True,True,CAGDFGTDKLIF,TGTGCTGGGGACTTCGGCACCGACAAGCTCATCTTT,4324,7,clonotype717,clonotype717_consensus_1
ACGGCCATCACGACTA-1,True,ACGGCCATCACGACTA-1_contig_3,True,351,TRB,None,None,TRBJ1-1,TRBC1,False,False,None,None,918,2,clonotype717,None
ACGGCCATCCTCGCAT-1,True,ACGGCCATCCTCGCAT-1_contig_1,True,505,TRA,TRAV1-2,None,TRAJ33,TRAC,True,True,CAATDSNYQLIW,TGTGCTGCGACTGATAGCAACTATCAGTTAATCTGG,1239,5,clonotype1,clonotype1_consensus_2
ACGGCCATCCTCGCAT-1,True,ACGGCCATCCTCGCAT-1_contig_2,True,498,TRB,TRBV20-1,None,TRBJ2-1,TRBC2,True,True,CSARVGSEVNEQFF,TGCAGTGCTAGAGTGGGGTCGGAAGTCAATGAGCAGTTCTTC,3079,8,clonotype1,clonotype1_consensus_1
ACGGCCATCGCACTCT-1,True,ACGGCCATCGCACTCT-1_contig_1,True,505,TRA,TRAV1-2,None,TRAJ33,TRAC,True,True,CAATDSNYQLIW,TGTGCTGCGACTGATAGCAACTATCAGTTAATCTGG,543,3,clonotype1,clonotype1_consensus_2
ACGGCCATCGCACTCT-1,True,ACGGCCATCGCACTCT-1_contig_2,True,521,TRB,TRBV20-1,None,TRBJ2-1,TRBC2,True,True,CSARVGSEVNEQFF,TGCAGTGCTAGAGTGGGGTCGGAAGTCAATGAGCAGTTCTTC,3332,9,clonotype1,clonotype1_consensus_1
ACGGCCATCTATCCTA-1,True,ACGGCCATCTATCCTA-1_contig_1,True,527,TRB,TRBV20-1,None,TRBJ2-3,TRBC2,True,True,CSAPVGGGPRTDTQYF,TGCAGTGCTCCCGTAGGTGGCGGTCCCCGAACAGATACGCAGTATTTT,2099,11,clonotype718,clonotype718_consensus_2
ACGGCCATCTATCCTA-1,True,ACGGCCATCTATCCTA-1_contig_2,True,535,TRA,TRAV14/DV4,None,TRAJ42,TRAC,True,True,CAMREPMNYGGSQGNLIF,TGTGCAATGAGAGAGCCTATGAATTATGGAGGAAGCCAAGGAAATCTCATCTTT,84,7,clonotype718,clonotype718_consensus_1
ACGGGCTAGAGCCTAG-1,True,ACGGGCTAGAGCCTAG-1_contig_1,True,521,TRB,TRBV20-1,None,TRBJ2-1,TRBC2,True,True,CSARVGSEVNEQFF,TGCAGTGCTAGAGTGGGGTCGGAAGTCAATGAGCAGTTCTTC,3506,12,clonotype2,clonotype2_consensus_1
ACGGGCTAGAGCCTAG-1,True,ACGGGCTAGAGCCTAG-1_contig_2,True,482,TRA,TRAV10,None,TRAJ24,TRAC,True,False,None,None,724,2,clonotype2,None
ACGGGCTAGGAATCGC-1,True,ACGGGCTAGGAATCGC-1_contig_1,True,518,TRB,TRBV20-1,None,TRBJ1-3,TRBC1,True,True,CSAFPGGGNTIYF,TGCAGTGCCTTTCCCGGGGGGGGGAACACCATATATTTT,1033,6,clonotype719,clonotype719_consensus_1
ACGGGCTAGGAATCGC-1,True,ACGGGCTAGGAATCGC-1_contig_2,True,488,TRA,TRAV35,None,TRAJ9,TRAC,True,True,CAGQKAGGFKTIF,TGTGCTGGGCAGAAAGCTGGAGGCTTCAAAACTATCTTT,349,2,clonotype719,clonotype719_consensus_2
ACGGGCTAGGAATCGC-1,True,ACGGGCTAGGAATCGC-1_contig_3,True,580,TRA,TRAV29/DV5,None,TRAJ53,TRAC,True,False,None,None,128,1,clonotype719,None
ACGGGCTAGTACGTAA-1,True,ACGGGCTAGTACGTAA-1_contig_1,True,518,TRB,TRBV20-1,None,TRBJ1-6,TRBC1,True,True,CSASRDINSPLHF,TGCAGTGCTTCCCGGGACATTAATTCACCCCTCCACTTT,3830,14,clonotype200,clonotype200_consensus_1
ACGGGCTAGTACGTAA-1,True,ACGGGCTAGTACGTAA-1_contig_2,True,547,TRA,TRAV12-2,None,TRAJ58,TRAC,True,True,CAVIPETSGSRLTF,TGTGCCGTGATACCAGAAACCAGTGGCTCTAGGTTGACCTTT,1170,7,clonotype200,clonotype200_consensus_2
ACGGGCTAGTACGTAA-1,True,ACGGGCTAGTACGTAA-1_contig_3,True,385,TRB,None,None,TRBJ1-1,TRBC1,False,False,None,None,1465,5,clonotype200,None
ACGGGCTAGTACGTAA-1,True,ACGGGCTAGTACGTAA-1_contig_4,True,523,Multi,TRDV3,None,TRAJ48,TRAC,True,False,None,None,354,3,clonotype200,None
ACGGGCTAGTACGTAA-1,True,ACGGGCTAGTACGTAA-1_contig_5,True,334,TRA,None,None,TRAJ48,TRAC,False,False,None,None,353,2,clonotype200,None
ACGGGCTAGTGGACGT-1,True,ACGGGCTAGTGGACGT-1_contig_1,True,552,TRA,TRAV12-1,None,TRAJ8,TRAC,True,True,CGKNTGFQKLVF,TGTGGCAAGAACACAGGCTTTCAGAAACTTGTATTT,2242,10,clonotype108,clonotype108_consensus_2
ACGGGCTAGTGGACGT-1,True,ACGGGCTAGTGGACGT-1_contig_2,True,481,TRB,TRBV5-6,None,TRBJ1-2,TRBC1,True,True,CASSLTGDTNYGYTF,TGTGCCAGCAGCTTGACGGGGGACACTAACTATGGCTACACCTTC,1138,7,clonotype108,clonotype108_consensus_1
ACGGGCTAGTGGACGT-1,True,ACGGGCTAGTGGACGT-1_contig_3,True,403,TRA,TRAV2,None,None,TRAC,False,False,None,None,283,1,clonotype108,None
ACGGGCTAGTTTAGGA-1,True,ACGGGCTAGTTTAGGA-1_contig_1,True,505,TRA,TRAV1-2,None,TRAJ33,TRAC,True,True,CAATDSNYQLIW,TGTGCTGCGACTGATAGCAACTATCAGTTAATCTGG,290,1,clonotype1,clonotype1_consensus_2
ACGGGCTAGTTTAGGA-1,True,ACGGGCTAGTTTAGGA-1_contig_2,True,521,TRB,TRBV20-1,None,TRBJ2-1,TRBC2,True,True,CSARVGSEVNEQFF,TGCAGTGCTAGAGTGGGGTCGGAAGTCAATGAGCAGTTCTTC,704,3,clonotype1,clonotype1_consensus_1
ACGGGCTAGTTTAGGA-1,True,ACGGGCTAGTTTAGGA-1_contig_3,True,482,TRA,TRAV10,None,TRAJ24,TRAC,True,False,None,None,455,4,clonotype1,None
ACGGGCTCAAACCCAT-1,True,ACGGGCTCAAACCCAT-1_contig_1,True,459,TRA,TRAV13-1,None,TRAJ49,TRAC,True,True,CAASIRTGNQFYF,TGTGCAGCAAGTATTAGGACCGGTAACCAGTTCTATTTT,7171,3,clonotype720,clonotype720_consensus_1
ACGGGCTCAAACCCAT-1,True,ACGGGCTCAAACCCAT-1_contig_2,True,536,TRB,TRBV20-1,None,TRBJ2-3,TRBC2,True,True,CSAVFIWTSGGGGTDTQYF,TGCAGTGCTGTGTTCATTTGGACTAGCGGGGGGGGGGGCACAGATACGCAGTATTTT,1321,3,clonotype720,clonotype720_consensus_2
ACGGGCTCAAATACAG-1,True,ACGGGCTCAAATACAG-1_contig_1,True,505,TRA,TRAV1-2,None,TRAJ33,TRAC,True,True,CAATDSNYQLIW,TGTGCTGCGACTGATAGCAACTATCAGTTAATCTGG,1579,3,clonotype1,clonotype1_consensus_2
ACGGGCTCAAATACAG-1,True,ACGGGCTCAAATACAG-1_contig_2,True,521,TRB,TRBV20-1,None,TRBJ2-1,TRBC2,True,True,CSARVGSEVNEQFF,TGCAGTGCTAGAGTGGGGTCGGAAGTCAATGAGCAGTTCTTC,1766,7,clonotype1,clonotype1_consensus_1
ACGGGCTCAAATCCGT-1,True,ACGGGCTCAAATCCGT-1_contig_1,True,685,TRA,TRAV8-3,None,TRAJ37,TRAC,True,True,CAVAGSSNTGKLIF,TGTGCTGTGGCCGGCTCTAGCAACACAGGCAAACTAATCTTT,4801,4,clonotype721,clonotype721_consensus_1
ACGGGCTCAAATCCGT-1,True,ACGGGCTCAAATCCGT-1_contig_2,True,673,TRB,TRBV5-6,None,TRBJ2-5,TRBC2,True,True,CASSLLGVRDRRYLAQYF,TGTGCCAGCAGCTTGTTGGGAGTCCGGGACAGGCGGTATTTGGCCCAGTACTTC,1931,7,clonotype721,clonotype721_consensus_2
ACGGGCTCATCGTCGG-1,True,ACGGGCTCATCGTCGG-1_contig_1,True,489,TRB,TRBV20-1,None,TRBJ1-2,TRBC1,True,True,CSAKGGANYGYTF,TGCAGTGCGAAAGGAGGAGCTAACTATGGCTACACCTTC,1105,5,clonotype722,clonotype722_consensus_1
ACGGGCTCATCGTCGG-1,True,ACGGGCTCATCGTCGG-1_contig_2,True,530,TRA,TRAV27,None,TRAJ37,TRAC,True,True,CAGVGLGNTGKLIF,TGTGCAGGAGTGGGTTTGGGCAACACAGGCAAACTAATCTTT,975,6,clonotype722,clonotype722_consensus_2
ACGGGCTGTCGATTGT-1,True,ACGGGCTGTCGATTGT-1_contig_1,True,515,TRB,TRBV20-1,None,TRBJ2-7,TRBC2,True,True,CSTNRGIYEQYF,TGCAGCACCAACAGGGGGATCTACGAGCAGTACTTC,1299,5,clonotype723,clonotype723_consensus_2
ACGGGCTGTCGATTGT-1,True,ACGGGCTGTCGATTGT-1_contig_2,True,547,TRA,TRAV12-2,None,TRAJ13,TRAC,True,True,CAVIKSGGYQKVTF,TGTGCCGTGATTAAATCTGGGGGTTACCAGAAAGTTACCTTT,3481,3,clonotype723,clonotype723_consensus_1
ACGGGCTGTCGATTGT-1,True,ACGGGCTGTCGATTGT-1_contig_3,True,499,TRA,TRAV1-2,None,TRAJ39,TRAC,True,False,None,None,352,2,clonotype723,None
ACGGGCTGTTATCACG-1,True,ACGGGCTGTTATCACG-1_contig_1,True,518,TRB,TRBV20-1,None,TRBJ2-5,TRBC2,True,True,CSAWTGGEETQYF,TGCAGTGCTTGGACAGGGGGTGAAGAGACCCAGTACTTC,1520,7,clonotype201,clonotype201_consensus_1
ACGGGCTGTTATCACG-1,True,ACGGGCTGTTATCACG-1_contig_2,True,647,TRA,TRAV8-2,None,TRAJ36,TRAC,True,True,CVSTGANNLFF,TGTGTTTCAACTGGGGCAAACAACCTCTTCTTT,1543,7,clonotype201,clonotype201_consensus_2
ACGGGCTTCACTTCAT-1,True,ACGGGCTTCACTTCAT-1_contig_1,True,511,TRA,TRAV23/DV6,None,TRAJ37,TRAC,True,True,CAARTSSNTGKLIF,TGTGCAGCAAGGACATCTAGCAACACAGGCAAACTAATCTTT,6080,1,clonotype724,clonotype724_consensus_2
ACGGGCTTCACTTCAT-1,True,ACGGGCTTCACTTCAT-1_contig_2,True,509,TRB,TRBV5-5,None,TRBJ1-2,TRBC1,True,True,CASSLANPKGGYTF,TGTGCCAGCAGCTTGGCCAACCCAAAGGGAGGCTACACCTTC,312,6,clonotype724,clonotype724_consensus_1
ACGGGCTTCACTTCAT-1,True,ACGGGCTTCACTTCAT-1_contig_3,True,692,TRA,TRAV8-3,None,TRAJ24,TRAC,True,False,CAVGGGVRLTA,TGTGCTGTGGGTGGTGGGGTAAGACTGACAGCT,806,3,clonotype724,None
ACGGGCTTCGTCCAGG-1,True,ACGGGCTTCGTCCAGG-1_contig_1,True,521,TRB,TRBV20-1,None,TRBJ2-1,TRBC2,True,True,CSARVGSEVNEQFF,TGCAGTGCTAGAGTGGGGTCGGAAGTCAATGAGCAGTTCTTC,2702,9,clonotype2,clonotype2_consensus_1
ACGGGCTTCTGTCCGT-1,True,ACGGGCTTCTGTCCGT-1_contig_1,True,505,TRA,TRAV1-2,None,TRAJ33,TRAC,True,True,CAATDSNYQLIW,TGTGCTGCGACTGATAGCAACTATCAGTTAATCTGG,234,5,clonotype1,clonotype1_consensus_2
ACGGGCTTCTGTCCGT-1,True,ACGGGCTTCTGTCCGT-1_contig_2,True,498,TRB,TRBV20-1,None,TRBJ2-1,TRBC2,True,True,CSARVGSEVNEQFF,TGCAGTGCTAGAGTGGGGTCGGAAGTCAATGAGCAGTTCTTC,2224,9,clonotype1,clonotype1_consensus_1
ACGGGTCAGAAGCCCA-1,True,ACGGGTCAGAAGCCCA-1_contig_1,True,667,TRB,TRBV5-6,None,TRBJ2-6,TRBC2,True,True,CASSLRRGDSGANVLTF,TGTGCCAGCAGCTTGCGGCGGGGGGACTCTGGGGCCAACGTCCTGACTTTC,517,3,clonotype725,clonotype725_consensus_1
ACGGGTCAGATGCGAC-1,True,ACGGGTCAGATGCGAC-1_contig_1,True,515,TRB,TRBV20-1,None,TRBJ2-7,TRBC2,True,True,CSATPGSYEQYF,TGCAGTGCTACTCCGGGCAGCTACGAGCAGTACTTC,4600,12,clonotype726,clonotype726_consensus_1
ACGGGTCAGATGCGAC-1,True,ACGGGTCAGATGCGAC-1_contig_2,True,588,TRA,TRAV29/DV5,None,TRAJ45,TRAC,True,False,CSKRVGPLLLGGGADGLTF,TGCAGCAAGCGGGTGGGGCCCCTTTTGTTAGGAGGAGGTGCTGACGGACTCACCTTT,470,3,clonotype726,None
ACGGGTCAGCGTAATA-1,True,ACGGGTCAGCGTAATA-1_contig_1,True,515,TRB,TRBV20-1,None,TRBJ2-5,TRBC2,True,True,CSASLFVGTQYF,TGCAGTGCTAGTTTGTTCGTCGGGACCCAGTACTTC,934,8,clonotype727,clonotype727_consensus_2
ACGGGTCAGCGTAATA-1,True,ACGGGTCAGCGTAATA-1_contig_2,True,465,TRA,TRAV13-1,None,TRAJ36,TRAC,True,True,CAASIAQTGANNLFF,TGTGCAGCAAGTATAGCTCAAACTGGGGCAAACAACCTCTTCTTT,670,2,clonotype727,clonotype727_consensus_1
ACGGGTCAGCGTAATA-1,True,ACGGGTCAGCGTAATA-1_contig_3,True,308,TRB,None,None,TRBJ1-5,TRBC1,False,False,None,None,95,2,clonotype727,None
ACGGGTCAGGAGTTGC-1,True,ACGGGTCAGGAGTTGC-1_contig_1,True,505,TRA,TRAV1-2,None,TRAJ33,TRAC,True,True,CAATDSNYQLIW,TGTGCTGCGACTGATAGCAACTATCAGTTAATCTGG,1141,4,clonotype1,clonotype1_consensus_2
ACGGGTCAGGAGTTGC-1,True,ACGGGTCAGGAGTTGC-1_contig_2,True,498,TRB,TRBV20-1,None,TRBJ2-1,TRBC2,True,True,CSARVGSEVNEQFF,TGCAGTGCTAGAGTGGGGTCGGAAGTCAATGAGCAGTTCTTC,508,6,clonotype1,clonotype1_consensus_1
ACGGGTCCAATAACGA-1,True,ACGGGTCCAATAACGA-1_contig_1,True,501,TRB,TRBV20-1,None,TRBJ1-5,TRBC1,True,True,CSAISITQGSQPQHF,TGCAGTGCTATTTCGATCACCCAGGGTAGTCAGCCCCAGCATTTT,1730,8,clonotype109,clonotype109_consensus_2
ACGGGTCCAATAACGA-1,True,ACGGGTCCAATAACGA-1_contig_2,True,505,TRA,TRAV1-2,None,TRAJ33,TRAC,True,True,CAPKDGNYQLIW,TGTGCTCCTAAAGACGGCAACTATCAGTTAATCTGG,161,3,clonotype109,clonotype109_consensus_1
ACGGGTCCAATAACGA-1,True,ACGGGTCCAATAACGA-1_contig_3,True,345,TRB,None,None,TRBJ2-3,TRBC2,False,False,None,None,532,3,clonotype109,None
ACGGGTCCAATCCGAT-1,True,ACGGGTCCAATCCGAT-1_contig_1,True,570,TRA,TRAV8-4,None,TRAJ9,TRAC,True,True,CAVSVPTGGFKTIF,TGTGCTGTGAGTGTCCCTACTGGAGGCTTCAAAACTATCTTT,1058,6,clonotype728,clonotype728_consensus_1
ACGGGTCCAATCCGAT-1,True,ACGGGTCCAATCCGAT-1_contig_2,True,705,TRB,TRBV5-6,None,TRBJ2-2,TRBC2,True,True,CASSLGLRNSGTGELFF,TGTGCCAGCAGCTTAGGCCTCCGCAATTCTGGCACCGGGGAGCTGTTTTTT,2970,12,clonotype728,clonotype728_consensus_2
ACGGGTCCAGCTTAAC-1,True,ACGGGTCCAGCTTAAC-1_contig_1,True,482,TRA,TRAV1-2,None,TRAJ33,TRAC,True,True,CAATDSNYQLIW,TGTGCTGCGACTGATAGCAACTATCAGTTAATCTGG,491,1,clonotype1,clonotype1_consensus_2
ACGGGTCCAGCTTAAC-1,True,ACGGGTCCAGCTTAAC-1_contig_2,True,514,TRB,TRBV20-1,None,TRBJ2-1,TRBC2,True,True,CSARVGSEVNEQFF,TGCAGTGCTAGAGTGGGGTCGGAAGTCAATGAGCAGTTCTTC,754,3,clonotype1,clonotype1_consensus_1
ACGGGTCCAGGCGATA-1,True,ACGGGTCCAGGCGATA-1_contig_1,True,573,TRA,TRAV22,None,TRAJ35,TRAC,True,True,CAVDPTLGFGNVLHC,TGTGCTGTGGACCCGACTTTAGGCTTTGGGAATGTGCTGCATTGC,657,3,clonotype37,clonotype37_consensus_1
ACGGGTCCAGGCGATA-1,True,ACGGGTCCAGGCGATA-1_contig_2,True,469,TRB,TRBV5-6,None,TRBJ2-7,TRBC2,True,True,CASSLAKEQYF,TGTGCCAGCAGCTTGGCAAAGGAGCAGTACTTC,442,3,clonotype37,clonotype37_consensus_2
ACGGGTCCAGGCGATA-1,True,ACGGGTCCAGGCGATA-1_contig_3,True,409,TRA,TRAV35,None,TRAJ38,TRAC,True,False,CSNAGNNRKLIW,TGCTCTAATGCTGGCAACAACCGTAAGCTGATTTGG,645,1,clonotype37,None
ACGGGTCCAGGCTCAC-1,True,ACGGGTCCAGGCTCAC-1_contig_1,True,514,TRA,TRAV23/DV6,None,TRAJ37,TRAC,True,True,CAASRGSSNTGKLIF,TGTGCAGCAAGCAGGGGCTCTAGCAACACAGGCAAACTAATCTTT,252,3,clonotype729,clonotype729_consensus_2
ACGGGTCCAGGCTCAC-1,True,ACGGGTCCAGGCTCAC-1_contig_2,True,512,TRB,TRBV20-1,None,TRBJ1-1,TRBC1,True,True,CSARGSTEAFF,TGCAGTGCTAGAGGGAGCACTGAAGCTTTCTTT,2843,10,clonotype729,clonotype729_consensus_1
ACGGGTCCATCGGAAG-1,True,ACGGGTCCATCGGAAG-1_contig_1,True,481,TRB,TRBV20-1,None,TRBJ2-1,TRBC2,True,True,CSARVGSEVNEQFF,TGCAGTGCTAGAGTGGGGTCGGAAGTCAATGAGCAGTTCTTC,797,3,clonotype2,clonotype2_consensus_1
ACGGGTCCATGCTGGC-1,True,ACGGGTCCATGCTGGC-1_contig_1,True,444,TRA,TRAV9-2,None,TRAJ30,TRAC,True,True,CALSVKDKIIF,TGTGCTCTGAGTGTAAAGGACAAGATCATCTTT,1383,4,clonotype730,clonotype730_consensus_1
ACGGGTCCATGCTGGC-1,True,ACGGGTCCATGCTGGC-1_contig_2,True,493,TRB,TRBV5-6,None,TRBJ2-5,TRBC2,True,True,CASSLGPGRQETQYF,TGTGCCAGCAGCTTGGGTCCGGGGAGGCAAGAGACCCAGTACTTC,1690,7,clonotype730,clonotype730_consensus_2
ACGGGTCCATGCTGGC-1,True,ACGGGTCCATGCTGGC-1_contig_3,True,335,TRA,TRAV8-1,None,None,TRAC,False,False,None,None,291,1,clonotype730,None
ACGGGTCCATGCTGGC-1,True,ACGGGTCCATGCTGGC-1_contig_4,True,338,TRB,None,None,TRBJ1-3,TRBC1,False,False,None,None,251,2,clonotype730,None
ACGGGTCGTCGCGTGT-1,True,ACGGGTCGTCGCGTGT-1_contig_1,True,573,TRA,TRAV8-4,None,TRAJ58,TRAC,True,True,CAVTPRQTSGSRLTF,TGTGCTGTGACCCCACGCCAAACCAGTGGCTCTAGGTTGACCTTT,325,2,clonotype731,clonotype731_consensus_2
ACGGGTCGTCGCGTGT-1,True,ACGGGTCGTCGCGTGT-1_contig_2,True,660,TRB,TRBV5-6,None,TRBJ2-2,TRBC2,True,True,CASSLGRIGELFF,TGTGCCAGCAGCCTGGGGAGGATCGGGGAGCTGTTTTTT,1009,7,clonotype731,clonotype731_consensus_1
ACGGGTCGTGAACCTT-1,True,ACGGGTCGTGAACCTT-1_contig_1,True,521,TRB,TRBV20-1,None,TRBJ2-1,TRBC2,True,True,CSARVGSEVNEQFF,TGCAGTGCTAGAGTGGGGTCGGAAGTCAATGAGCAGTTCTTC,666,5,clonotype2,clonotype2_consensus_1
ACGGGTCGTTCTCATT-1,True,ACGGGTCGTTCTCATT-1_contig_1,True,505,TRA,TRAV1-2,None,TRAJ33,TRAC,True,True,CAATDSNYQLIW,TGTGCTGCGACTGATAGCAACTATCAGTTAATCTGG,411,4,clonotype1,clonotype1_consensus_2
ACGGGTCGTTCTCATT-1,True,ACGGGTCGTTCTCATT-1_contig_2,True,498,TRB,TRBV20-1,None,TRBJ2-1,TRBC2,True,True,CSARVGSEVNEQFF,TGCAGTGCTAGAGTGGGGTCGGAAGTCAATGAGCAGTTCTTC,1774,9,clonotype1,clonotype1_consensus_1
ACGGGTCGTTCTCATT-1,True,ACGGGTCGTTCTCATT-1_contig_3,True,465,TRA,TRAV10,None,TRAJ24,TRAC,True,False,None,None,314,2,clonotype1,None
ACGGGTCTCAATAAGG-1,True,ACGGGTCTCAATAAGG-1_contig_1,True,502,TRA,TRAV1-2,None,TRAJ30,TRAC,True,True,CAVRDLREIIF,TGTGCTGTGAGAGATCTTCGGGAGATCATCTTT,5710,6,clonotype3,clonotype3_consensus_2
ACGGGTCTCAATAAGG-1,True,ACGGGTCTCAATAAGG-1_contig_2,True,576,TRB,TRBV5-5,None,TRBJ1-4,TRBC1,True,True,CASSHPGPNYATNEKLFF,TGTGCCAGCAGCCATCCCGGACCGAACTACGCAACTAATGAAAAACTGTTTTTT,2928,6,clonotype3,clonotype3_consensus_1
ACGGGTCTCAATAAGG-1,True,ACGGGTCTCAATAAGG-1_contig_3,True,510,TRB,TRBV7-3,None,TRBJ2-1,TRBC2,True,False,CQQRSLKAGGPYNEQFF,TGCCAGCAGCGGTCACTTAAAGCGGGGGGACCCTACAATGAGCAGTTCTTC,220,2,clonotype3,None
ACGGGTCTCACAGGCC-1,True,ACGGGTCTCACAGGCC-1_contig_1,True,654,TRB,TRBV5-6,None,TRBJ1-2,TRBC1,True,True,CASSSLPGGYTF,TGTGCCAGCAGCTCCCTCCCGGGTGGCTACACCTTC,1321,8,clonotype55,clonotype55_consensus_1
ACGGGTCTCACAGGCC-1,True,ACGGGTCTCACAGGCC-1_contig_2,True,465,TRA,TRAV13-1,None,TRAJ8,TRAC,True,True,CAARWMNTGFQKLVF,TGTGCAGCAAGGTGGATGAACACAGGCTTTCAGAAACTTGTATTT,518,2,clonotype55,clonotype55_consensus_2
ACGGGTCTCGGATGTT-1,True,ACGGGTCTCGGATGTT-1_contig_1,True,589,TRA,TRAV17,None,TRAJ37,TRAC,True,True,CATGGGSSNTGKLIF,TGTGCTACGGGAGGAGGCTCTAGCAACACAGGCAAACTAATCTTT,884,3,clonotype732,clonotype732_consensus_1
ACGGGTCTCGGATGTT-1,True,ACGGGTCTCGGATGTT-1_contig_2,True,473,TRB,TRBV5-5,None,TRBJ1-1,TRBC1,True,True,CASSLNTEAFF,TGTGCCAGCAGCTTGAACACTGAAGCTTTCTTT,2233,6,clonotype732,clonotype732_consensus_2
ACGGGTCTCGGATGTT-1,True,ACGGGTCTCGGATGTT-1_contig_3,True,492,TRA,TRAV2,None,None,TRAC,False,False,None,None,170,2,clonotype732,None
ACGGGTCTCTGCAGTA-1,True,ACGGGTCTCTGCAGTA-1_contig_1,True,502,TRA,TRAV1-2,None,TRAJ33,TRAC,True,True,CAATDSNYQLIW,TGTGCTGCGACTGATAGCAACTATCAGTTAATCTGG,698,5,clonotype1,clonotype1_consensus_2
ACGGGTCTCTGCAGTA-1,True,ACGGGTCTCTGCAGTA-1_contig_2,True,521,TRB,TRBV20-1,None,TRBJ2-1,TRBC2,True,True,CSARVGSEVNEQFF,TGCAGTGCTAGAGTGGGGTCGGAAGTCAATGAGCAGTTCTTC,2665,11,clonotype1,clonotype1_consensus_1
ACGGGTCTCTGCAGTA-1,True,ACGGGTCTCTGCAGTA-1_contig_3,True,482,TRA,TRAV10,None,TRAJ24,TRAC,True,False,None,None,604,4,clonotype1,None
ACGTCAAAGAGGTAGA-1,True,ACGTCAAAGAGGTAGA-1_contig_1,True,530,TRA,TRAV27,None,TRAJ52,TRAC,True,True,CAGEGGTSYGKLTF,TGTGCAGGAGAAGGTGGTACTAGCTATGGAAAGCTGACATTT,827,5,clonotype202,clonotype202_consensus_1
ACGTCAAAGAGGTAGA-1,True,ACGTCAAAGAGGTAGA-1_contig_2,True,700,TRB,TRBV5-6,None,TRBJ2-6,TRBC2,True,True,CASSLGSGANVLTF,TGTGCCAGCAGCTTGGGGTCCGGGGCCAACGTCCTGACTTTC,747,8,clonotype202,clonotype202_consensus_2
ACGTCAAAGCAGGCTA-1,True,ACGTCAAAGCAGGCTA-1_contig_1,True,505,TRA,TRAV1-2,None,TRAJ33,TRAC,True,True,CAATDSNYQLIW,TGTGCTGCGACTGATAGCAACTATCAGTTAATCTGG,714,3,clonotype1,clonotype1_consensus_2
ACGTCAAAGCAGGCTA-1,True,ACGTCAAAGCAGGCTA-1_contig_2,True,521,TRB,TRBV20-1,None,TRBJ2-1,TRBC2,True,True,CSARVGSEVNEQFF,TGCAGTGCTAGAGTGGGGTCGGAAGTCAATGAGCAGTTCTTC,3067,6,clonotype1,clonotype1_consensus_1
ACGTCAAAGCAGGCTA-1,True,ACGTCAAAGCAGGCTA-1_contig_3,True,517,TRA,TRAV10,None,TRAJ24,TRAC,True,False,None,None,354,3,clonotype1,None
ACGTCAAAGCCCTAAT-1,True,ACGTCAAAGCCCTAAT-1_contig_1,True,515,TRB,TRBV20-1,None,TRBJ2-7,TRBC2,True,True,CSARVQGSEQYF,TGCAGTGCGAGGGTCCAGGGATCCGAGCAGTACTTC,1851,12,clonotype733,clonotype733_consensus_2
ACGTCAAAGCCCTAAT-1,True,ACGTCAAAGCCCTAAT-1_contig_2,True,459,TRA,TRAV13-1,None,TRAJ21,TRAC,True,True,CAASKNNFNKFYF,TGTGCAGCAAGTAAGAACAACTTCAACAAATTTTACTTT,902,5,clonotype733,clonotype733_consensus_1
ACGTCAAAGCTGGAAC-1,True,ACGTCAAAGCTGGAAC-1_contig_1,True,505,TRA,TRAV1-2,None,TRAJ33,TRAC,True,True,CAATDSNYQLIW,TGTGCTGCGACTGATAGCAACTATCAGTTAATCTGG,591,3,clonotype1,clonotype1_consensus_2
ACGTCAAAGCTGGAAC-1,True,ACGTCAAAGCTGGAAC-1_contig_2,True,521,TRB,TRBV20-1,None,TRBJ2-1,TRBC2,True,True,CSARVGSEVNEQFF,TGCAGTGCTAGAGTGGGGTCGGAAGTCAATGAGCAGTTCTTC,419,4,clonotype1,clonotype1_consensus_1
ACGTCAAAGTCAATAG-1,True,ACGTCAAAGTCAATAG-1_contig_1,True,514,TRA,TRAV20,None,TRAJ38,TRAC,True,True,CAVRSLHAGNNRKLIW,TGTGCTGTGCGGTCTCTTCATGCTGGCAACAACCGTAAGCTGATTTGG,1835,7,clonotype734,clonotype734_consensus_1
ACGTCAAAGTCAATAG-1,True,ACGTCAAAGTCAATAG-1_contig_2,True,521,TRB,TRBV20-1,None,TRBJ1-4,TRBC1,True,True,CSLRPQGPNEKLFF,TGCAGCCTGAGGCCCCAGGGCCCTAATGAAAAACTGTTTTTT,2836,3,clonotype734,clonotype734_consensus_2
ACGTCAAAGTCAATAG-1,True,ACGTCAAAGTCAATAG-1_contig_3,True,517,TRA,TRAV8-1,None,TRAJ44,TRAC,True,False,None,None,72,2,clonotype734,None
ACGTCAACAACTGGCC-1,True,ACGTCAACAACTGGCC-1_contig_1,True,505,TRA,TRAV1-2,None,TRAJ33,TRAC,True,True,CAAMDSNYQLIW,TGTGCTGCCATGGATAGCAACTATCAGTTAATCTGG,531,2,clonotype21,clonotype21_consensus_2
ACGTCAACAACTGGCC-1,True,ACGTCAACAACTGGCC-1_contig_2,True,497,TRB,TRBV20-1,None,TRBJ1-1,TRBC1,True,True,CSAREGGKDTEAFF,TGCAGTGCTAGGGAGGGGGGTAAGGACACTGAAGCTTTCTTT,1026,6,clonotype21,clonotype21_consensus_1
ACGTCAACAACTGGCC-1,True,ACGTCAACAACTGGCC-1_contig_3,True,532,TRA,TRAV12-2,None,TRAJ49,TRAC,True,False,None,None,1337,3,clonotype21,None
ACGTCAACACAAGTAA-1,True,ACGTCAACACAAGTAA-1_contig_1,True,673,TRB,TRBV5-5,None,TRBJ1-4,TRBC1,True,True,CASSHPGPNYATNEKLFF,TGTGCCAGCAGCCATCCCGGACCGAACTACGCAACTAATGAAAAACTGTTTTTT,1035,3,clonotype4,clonotype4_consensus_1
ACGTCAACACAAGTAA-1,True,ACGTCAACACAAGTAA-1_contig_2,True,507,TRB,TRBV7-3,None,TRBJ2-1,TRBC2,True,False,CQQRSLKAGGPYNEQFF,TGCCAGCAGCGGTCACTTAAAGCGGGGGGACCCTACAATGAGCAGTTCTTC,80,3,clonotype4,None
ACGTCAACAGACACTT-1,True,ACGTCAACAGACACTT-1_contig_1,True,504,TRB,TRBV20-1,None,TRBJ1-6,TRBC1,True,True,CSARKPHWTGEASPLHF,TGCAGTGCTAGAAAACCTCACTGGACAGGGGAAGCTTCACCCCTCCACTTT,1187,4,clonotype30,clonotype30_consensus_2
ACGTCAACAGACACTT-1,True,ACGTCAACAGACACTT-1_contig_2,True,609,TRA,TRAV12-1,None,TRAJ35,TRAC,True,True,CVVIGFGNVLHC,TGTGTGGTGATAGGCTTTGGGAATGTGCTGCATTGC,647,10,clonotype30,clonotype30_consensus_1
ACGTCAACAGGCTGAA-1,True,ACGTCAACAGGCTGAA-1_contig_1,True,665,TRB,TRBV5-6,None,TRBJ1-5,TRBC1,True,True,CASSRRTGRLNQPQHF,TGTGCCAGCAGCCGGAGGACAGGGCGGCTAAATCAGCCCCAGCATTTT,2424,11,clonotype735,clonotype735_consensus_2
ACGTCAACAGGCTGAA-1,True,ACGTCAACAGGCTGAA-1_contig_2,True,489,TRA,TRAV9-2,None,TRAJ43,TRAC,True,True,CALSERNNDMRF,TGTGCTCTGAGTGAGAGGAACAATGACATGCGCTTT,1804,8,clonotype735,clonotype735_consensus_1
ACGTCAACAGGGCATA-1,True,ACGTCAACAGGGCATA-1_contig_1,True,504,TRB,TRBV20-1,None,TRBJ2-3,TRBC2,True,True,CSDQGGTSGATDTQYF,TGCAGTGATCAGGGCGGGACTAGCGGGGCCACAGATACGCAGTATTTT,4208,15,clonotype203,clonotype203_consensus_1
ACGTCAACAGGGCATA-1,True,ACGTCAACAGGGCATA-1_contig_2,True,513,TRA,TRAV12-3,None,TRAJ52,TRAC,True,True,CAMSAGIAGGTSYGKLTF,TGTGCAATGAGCGCTGGGATTGCTGGTGGTACTAGCTATGGAAAGCTGACATTT,752,6,clonotype203,clonotype203_consensus_2
ACGTCAACAGGGCATA-1,True,ACGTCAACAGGGCATA-1_contig_3,True,331,TRB,None,None,TRBJ2-7,TRBC2,False,False,None,None,791,4,clonotype203,None
ACGTCAACAGGTCCAC-1,True,ACGTCAACAGGTCCAC-1_contig_1,True,498,TRA,TRAV1-2,None,TRAJ33,TRAC,True,True,CAAMDSNYQLIW,TGTGCTGCCATGGATAGCAACTATCAGTTAATCTGG,244,1,clonotype21,clonotype21_consensus_2
ACGTCAACAGGTCCAC-1,True,ACGTCAACAGGTCCAC-1_contig_2,True,521,TRB,TRBV20-1,None,TRBJ1-1,TRBC1,True,True,CSAREGGKDTEAFF,TGCAGTGCTAGGGAGGGGGGTAAGGACACTGAAGCTTTCTTT,933,4,clonotype21,clonotype21_consensus_1
ACGTCAACAGGTCCAC-1,True,ACGTCAACAGGTCCAC-1_contig_3,True,522,TRA,TRAV12-2,None,TRAJ49,TRAC,True,False,None,None,425,3,clonotype21,None
ACGTCAACATCCGTGG-1,True,ACGTCAACATCCGTGG-1_contig_1,True,505,TRA,TRAV1-2,None,TRAJ33,TRAC,True,True,CAATDSNYQLIW,TGTGCTGCGACTGATAGCAACTATCAGTTAATCTGG,533,3,clonotype1,clonotype1_consensus_2
ACGTCAACATCCGTGG-1,True,ACGTCAACATCCGTGG-1_contig_2,True,485,TRB,TRBV20-1,None,TRBJ2-1,TRBC2,True,True,CSARVGSEVNEQFF,TGCAGTGCTAGAGTGGGGTCGGAAGTCAATGAGCAGTTCTTC,1715,9,clonotype1,clonotype1_consensus_1
ACGTCAACATGCTAGT-1,True,ACGTCAACATGCTAGT-1_contig_1,True,524,TRB,TRBV20-1,None,TRBJ2-3,TRBC2,True,True,CSARVAGESTDTQYF,TGCAGTGCTAGAGTTGCGGGGGAATCCACAGATACGCAGTATTTT,3872,11,clonotype736,clonotype736_consensus_2
ACGTCAACATGCTAGT-1,True,ACGTCAACATGCTAGT-1_contig_2,True,544,TRA,TRAV12-2,None,TRAJ45,TRAC,True,True,CAVRGGGADGLTF,TGTGCCGTGAGGGGAGGAGGTGCTGACGGACTCACCTTT,4227,3,clonotype736,clonotype736_consensus_1
ACGTCAACATGCTAGT-1,True,ACGTCAACATGCTAGT-1_contig_3,True,382,TRB,None,None,TRBJ2-7,TRBC2,False,False,None,None,100,2,clonotype736,None
ACGTCAAGTACGCTGC-1,True,ACGTCAAGTACGCTGC-1_contig_1,True,502,TRA,TRAV6,None,TRAJ39,TRAC,True,True,CPNNAGNMLTF,TGCCCTAATAATGCAGGCAACATGCTCACCTTT,658,3,clonotype737,clonotype737_consensus_1
ACGTCAAGTACGCTGC-1,True,ACGTCAAGTACGCTGC-1_contig_2,True,515,TRB,TRBV20-1,None,TRBJ1-2,TRBC1,True,True,CSARVGAYGYTF,TGCAGTGCTAGAGTTGGGGCCTATGGCTACACCTTC,988,5,clonotype737,clonotype737_consensus_2
ACGTCAAGTAGCCTCG-1,True,ACGTCAAGTAGCCTCG-1_contig_1,True,485,TRB,TRBV5-5,None,TRBJ2-7,TRBC2,True,True,CASSSGGRGPDEQYF,TGTGCCAGCAGCTCGGGGGGGCGGGGGCCCGACGAGCAGTACTTC,473,2,clonotype738,clonotype738_consensus_2
ACGTCAAGTAGCCTCG-1,True,ACGTCAAGTAGCCTCG-1_contig_2,True,490,TRB,TRBV5-6,None,TRBJ1-1,TRBC1,True,True,CASSFGTGNTEAFF,TGTGCCAGCAGCTTTGGGACAGGGAACACTGAAGCTTTCTTT,895,2,clonotype738,clonotype738_consensus_1
ACGTCAAGTAGCCTCG-1,True,ACGTCAAGTAGCCTCG-1_contig_3,True,326,TRB,None,None,TRBJ2-2P,TRBC2,False,False,None,None,310,4,clonotype738,None
ACGTCAAGTCTAGTGT-1,True,ACGTCAAGTCTAGTGT-1_contig_1,True,527,TRB,TRBV20-1,None,TRBJ1-3,TRBC1,True,True,CSARDHGRSAGNTIYF,TGCAGTGCTAGAGATCACGGCCGAAGCGCCGGAAACACCATATATTTT,1428,10,clonotype739,clonotype739_consensus_2
ACGTCAAGTCTAGTGT-1,True,ACGTCAAGTCTAGTGT-1_contig_2,True,564,TRA,TRAV8-4,None,TRAJ34,TRAC,True,True,CAVSRGTDKLIF,TGTGCTGTGAGTAGGGGCACCGACAAGCTCATCTTT,1179,4,clonotype739,clonotype739_consensus_1
ACGTCAAGTCTTGATG-1,True,ACGTCAAGTCTTGATG-1_contig_1,True,502,TRA,TRAV1-2,None,TRAJ33,TRAC,True,True,CAATDSNYQLIW,TGTGCTGCGACTGATAGCAACTATCAGTTAATCTGG,571,3,clonotype1,clonotype1_consensus_2
ACGTCAAGTCTTGATG-1,True,ACGTCAAGTCTTGATG-1_contig_2,True,521,TRB,TRBV20-1,None,TRBJ2-1,TRBC2,True,True,CSARVGSEVNEQFF,TGCAGTGCTAGAGTGGGGTCGGAAGTCAATGAGCAGTTCTTC,1141,6,clonotype1,clonotype1_consensus_1
ACGTCAAGTCTTGATG-1,True,ACGTCAAGTCTTGATG-1_contig_3,True,456,TRA,TRAV10,None,TRAJ24,TRAC,True,False,None,None,331,1,clonotype1,None
ACGTCAAGTGGACGAT-1,True,ACGTCAAGTGGACGAT-1_contig_1,True,505,TRA,TRAV1-2,None,TRAJ33,TRAC,True,True,CAATDSNYQLIW,TGTGCTGCGACTGATAGCAACTATCAGTTAATCTGG,563,6,clonotype1,clonotype1_consensus_2
ACGTCAAGTGGACGAT-1,True,ACGTCAAGTGGACGAT-1_contig_2,True,498,TRB,TRBV20-1,None,TRBJ2-1,TRBC2,True,True,CSARVGSEVNEQFF,TGCAGTGCTAGAGTGGGGTCGGAAGTCAATGAGCAGTTCTTC,2694,13,clonotype1,clonotype1_consensus_1
ACGTCAAGTTCGCGAC-1,True,ACGTCAAGTTCGCGAC-1_contig_1,True,505,TRA,TRAV1-2,None,TRAJ33,TRAC,True,True,CAATDSNYQLIW,TGTGCTGCGACTGATAGCAACTATCAGTTAATCTGG,490,3,clonotype1,clonotype1_consensus_2
ACGTCAAGTTCGCGAC-1,True,ACGTCAAGTTCGCGAC-1_contig_2,True,521,TRB,TRBV20-1,None,TRBJ2-1,TRBC2,True,True,CSARVGSEVNEQFF,TGCAGTGCTAGAGTGGGGTCGGAAGTCAATGAGCAGTTCTTC,1329,9,clonotype1,clonotype1_consensus_1
ACGTCAATCACATGCA-1,True,ACGTCAATCACATGCA-1_contig_1,True,495,TRB,TRBV20-1,None,TRBJ1-5,TRBC1,True,True,CSASLKRNQPQHF,TGCAGTGCTAGTCTCAAGCGCAATCAGCCCCAGCATTTT,2140,9,clonotype740,clonotype740_consensus_1
ACGTCAATCACATGCA-1,True,ACGTCAATCACATGCA-1_contig_2,True,523,TRA,TRAV27,None,TRAJ34,TRAC,True,True,CAGEGSDTDKLIF,TGTGCAGGAGAAGGCTCGGACACCGACAAGCTCATCTTT,1370,6,clonotype740,clonotype740_consensus_2
ACGTCAATCACATGCA-1,True,ACGTCAATCACATGCA-1_contig_3,True,489,TRA,TRAV9-2,None,TRAJ36,TRAC,True,True,CALQTGANNLFF,TGTGCTCTCCAAACTGGGGCAAACAACCTCTTCTTT,193,2,clonotype740,clonotype740_consensus_3
ACGTCAATCGTCCAGG-1,True,ACGTCAATCGTCCAGG-1_contig_1,True,529,TRA,TRAV14/DV4,None,TRAJ17,TRAC,True,True,CAMRGDFKAAGNKLTF,TGTGCAATGAGAGGAGACTTCAAAGCTGCAGGCAACAAGCTAACTTTT,789,7,clonotype741,clonotype741_consensus_2
ACGTCAATCGTCCAGG-1,True,ACGTCAATCGTCCAGG-1_contig_2,True,763,TRB,TRBV5-6,None,TRBJ2-7,TRBC2,True,True,CASSRRQGFPYEQYF,TGTGCCAGCAGCCGTAGACAGGGATTCCCCTACGAGCAGTACTTC,1710,8,clonotype741,clonotype741_consensus_1
ACGTCAATCTCGTTTA-1,True,ACGTCAATCTCGTTTA-1_contig_1,True,609,TRA,TRAV3,None,TRAJ23,TRAC,True,True,CAVRDSGKLIF,TGTGCTGTGAGAGACTCAGGAAAGCTTATCTTC,562,6,clonotype742,clonotype742_consensus_2
ACGTCAATCTCGTTTA-1,True,ACGTCAATCTCGTTTA-1_contig_2,True,495,TRB,TRBV20-1,None,TRBJ2-3,TRBC2,True,True,CSARVSTSTDTQYF,TGCAGTGCTAGAGTTTCGACTAGCACAGATACGCAGTATTTT,1012,5,clonotype742,clonotype742_consensus_1
ACGTCAATCTCTGAGA-1,True,ACGTCAATCTCTGAGA-1_contig_1,True,502,TRA,TRAV1-2,None,TRAJ30,TRAC,True,True,CAVRDLREIIF,TGTGCTGTGAGAGATCTTCGGGAGATCATCTTT,1062,4,clonotype3,clonotype3_consensus_2
ACGTCAATCTCTGAGA-1,True,ACGTCAATCTCTGAGA-1_contig_2,True,534,TRB,TRBV5-5,None,TRBJ1-4,TRBC1,True,True,CASSHPGPNYATNEKLFF,TGTGCCAGCAGCCATCCCGGACCGAACTACGCAACTAATGAAAAACTGTTTTTT,2071,12,clonotype3,clonotype3_consensus_1
ACGTCAATCTCTGAGA-1,True,ACGTCAATCTCTGAGA-1_contig_3,True,464,TRB,TRBV7-3,None,TRBJ2-1,TRBC2,True,False,CQQRSLKAGGPYNEQFF,TGCCAGCAGCGGTCACTTAAAGCGGGGGGACCCTACAATGAGCAGTTCTTC,93,2,clonotype3,None
ACGTCAATCTTCGAGA-1,True,ACGTCAATCTTCGAGA-1_contig_1,True,505,TRA,TRAV1-2,None,TRAJ33,TRAC,True,True,CAATDSNYQLIW,TGTGCTGCGACTGATAGCAACTATCAGTTAATCTGG,4460,6,clonotype1,clonotype1_consensus_2
ACGTCAATCTTCGAGA-1,True,ACGTCAATCTTCGAGA-1_contig_2,True,498,TRB,TRBV20-1,None,TRBJ2-1,TRBC2,True,True,CSARVGSEVNEQFF,TGCAGTGCTAGAGTGGGGTCGGAAGTCAATGAGCAGTTCTTC,1889,9,clonotype1,clonotype1_consensus_1
ACGTCAATCTTCGAGA-1,True,ACGTCAATCTTCGAGA-1_contig_3,True,459,TRA,TRAV10,None,TRAJ24,TRAC,True,False,None,None,240,1,clonotype1,None
ACTATCTAGCACACAG-1,True,ACTATCTAGCACACAG-1_contig_1,True,505,TRA,TRAV1-2,None,TRAJ33,TRAC,True,True,CAATDSNYQLIW,TGTGCTGCGACTGATAGCAACTATCAGTTAATCTGG,227,2,clonotype1,clonotype1_consensus_2
ACTATCTAGCACACAG-1,True,ACTATCTAGCACACAG-1_contig_2,True,498,TRB,TRBV20-1,None,TRBJ2-1,TRBC2,True,True,CSARVGSEVNEQFF,TGCAGTGCTAGAGTGGGGTCGGAAGTCAATGAGCAGTTCTTC,3707,12,clonotype1,clonotype1_consensus_1
ACTATCTAGCACACAG-1,True,ACTATCTAGCACACAG-1_contig_3,True,482,TRA,TRAV10,None,TRAJ24,TRAC,True,False,None,None,536,5,clonotype1,None
ACTATCTAGTACGTTC-1,True,ACTATCTAGTACGTTC-1_contig_1,True,521,TRB,TRBV20-1,None,TRBJ2-1,TRBC2,True,True,CSARVGSEVNEQFF,TGCAGTGCTAGAGTGGGGTCGGAAGTCAATGAGCAGTTCTTC,646,6,clonotype2,clonotype2_consensus_1
ACTATCTAGTACGTTC-1,True,ACTATCTAGTACGTTC-1_contig_2,True,457,TRA,TRAV10,None,TRAJ24,TRAC,True,False,None,None,351,1,clonotype2,None
ACTATCTAGTCATCCA-1,True,ACTATCTAGTCATCCA-1_contig_1,True,505,TRA,TRAV1-2,None,TRAJ33,TRAC,True,True,CAATDSNYQLIW,TGTGCTGCGACTGATAGCAACTATCAGTTAATCTGG,875,4,clonotype1,clonotype1_consensus_2
ACTATCTAGTCATCCA-1,True,ACTATCTAGTCATCCA-1_contig_2,True,498,TRB,TRBV20-1,None,TRBJ2-1,TRBC2,True,True,CSARVGSEVNEQFF,TGCAGTGCTAGAGTGGGGTCGGAAGTCAATGAGCAGTTCTTC,1782,12,clonotype1,clonotype1_consensus_1
ACTATCTCACGAAATA-1,True,ACTATCTCACGAAATA-1_contig_1,True,453,TRA,TRAV13-1,None,TRAJ39,TRAC,True,True,CAASTSGMLTF,TGTGCAGCAAGTACGAGCGGCATGCTCACCTTT,740,5,clonotype743,clonotype743_consensus_1
ACTATCTCACGAAATA-1,True,ACTATCTCACGAAATA-1_contig_2,True,518,TRB,TRBV5-5,None,TRBJ1-5,TRBC1,True,True,CASSSGQGARSNQPQHF,TGTGCCAGCAGCTCCGGACAGGGGGCGAGGAGCAATCAGCCCCAGCATTTT,3183,13,clonotype743,clonotype743_consensus_2
ACTATCTCAGTGGGAT-1,True,ACTATCTCAGTGGGAT-1_contig_1,True,505,TRA,TRAV1-2,None,TRAJ33,TRAC,True,True,CAATDSNYQLIW,TGTGCTGCGACTGATAGCAACTATCAGTTAATCTGG,384,5,clonotype1,clonotype1_consensus_2
ACTATCTCAGTGGGAT-1,True,ACTATCTCAGTGGGAT-1_contig_2,True,498,TRB,TRBV20-1,None,TRBJ2-1,TRBC2,True,True,CSARVGSEVNEQFF,TGCAGTGCTAGAGTGGGGTCGGAAGTCAATGAGCAGTTCTTC,3143,15,clonotype1,clonotype1_consensus_1
ACTATCTCAGTGGGAT-1,True,ACTATCTCAGTGGGAT-1_contig_3,True,478,TRA,TRAV10,None,TRAJ24,TRAC,True,False,None,None,529,1,clonotype1,None
ACTATCTCATACCATG-1,True,ACTATCTCATACCATG-1_contig_1,True,551,TRA,TRAV12-1,None,TRAJ8,TRAC,True,True,CGKNTGFQKLVF,TGTGGCAAGAACACAGGCTTTCAGAAACTTGTATTT,702,6,clonotype108,clonotype108_consensus_2
ACTATCTCATACCATG-1,True,ACTATCTCATACCATG-1_contig_2,True,659,TRB,TRBV5-6,None,TRBJ1-2,TRBC1,True,True,CASSLTGDTNYGYTF,TGTGCCAGCAGCTTGACGGGGGACACTAACTATGGCTACACCTTC,877,10,clonotype108,clonotype108_consensus_1
ACTATCTCATCGGGTC-1,True,ACTATCTCATCGGGTC-1_contig_1,True,505,TRA,TRAV1-2,None,TRAJ33,TRAC,True,True,CAATDSNYQLIW,TGTGCTGCGACTGATAGCAACTATCAGTTAATCTGG,279,2,clonotype8,clonotype8_consensus_1
ACTATCTCATCGGGTC-1,True,ACTATCTCATCGGGTC-1_contig_2,True,482,TRA,TRAV10,None,TRAJ24,TRAC,True,False,None,None,343,3,clonotype8,None
ACTATCTGTCGGCTCA-1,True,ACTATCTGTCGGCTCA-1_contig_1,True,462,TRA,TRAV13-1,None,TRAJ4,TRAC,True,True,CAASPSGGYNKLIF,TGTGCAGCAAGCCCCTCTGGTGGCTACAATAAGCTGATTTTT,878,9,clonotype744,clonotype744_consensus_1
ACTATCTGTCGGCTCA-1,True,ACTATCTGTCGGCTCA-1_contig_2,True,524,TRB,TRBV20-1,None,TRBJ1-4,TRBC1,True,True,CSARDARTDGEKLFF,TGCAGTGCTAGAGATGCCCGGACAGACGGAGAAAAACTGTTTTTT,1612,12,clonotype744,clonotype744_consensus_2
ACTATCTGTGACCAAG-1,True,ACTATCTGTGACCAAG-1_contig_1,True,504,TRB,TRBV20-1,None,TRBJ2-3,TRBC2,True,True,CSARNDGISSTDTQYF,TGCAGTGCTAGGAATGATGGCATTTCTAGCACAGATACGCAGTATTTT,2799,20,clonotype745,clonotype745_consensus_1
ACTATCTGTGACCAAG-1,True,ACTATCTGTGACCAAG-1_contig_2,True,596,TRA,TRAV26-1,None,TRAJ45,TRAC,True,True,CIVRLMYSGGGADGLTF,TGCATCGTCAGACTCATGTATTCAGGAGGAGGTGCTGACGGACTCACCTTT,1115,8,clonotype745,clonotype745_consensus_2
ACTATCTGTTGTTTGG-1,True,ACTATCTGTTGTTTGG-1_contig_1,True,518,TRB,TRBV20-1,None,TRBJ2-7,TRBC2,True,True,CSAKDRGGLYEQYF,TGCAGTGCTAAGGACAGGGGGGGCCTCTACGAGCAGTACTTC,517,5,clonotype69,clonotype69_consensus_2
ACTATCTGTTGTTTGG-1,True,ACTATCTGTTGTTTGG-1_contig_2,True,577,TRA,TRAV29/DV5,None,TRAJ22,TRAC,True,True,CAASPISSGSARQLTF,TGTGCAGCAAGCCCCATTTCTTCTGGTTCTGCAAGGCAACTGACCTTT,220,4,clonotype69,clonotype69_consensus_1
ACTATCTTCAAACGGG-1,True,ACTATCTTCAAACGGG-1_contig_1,True,489,TRA,TRAV1-2,None,TRAJ33,TRAC,True,True,CAATDSNYQLIW,TGTGCTGCGACTGATAGCAACTATCAGTTAATCTGG,269,4,clonotype1,clonotype1_consensus_2
ACTATCTTCAAACGGG-1,True,ACTATCTTCAAACGGG-1_contig_2,True,521,TRB,TRBV20-1,None,TRBJ2-1,TRBC2,True,True,CSARVGSEVNEQFF,TGCAGTGCTAGAGTGGGGTCGGAAGTCAATGAGCAGTTCTTC,884,9,clonotype1,clonotype1_consensus_1
ACTATCTTCAGTGCAT-1,True,ACTATCTTCAGTGCAT-1_contig_1,True,563,TRA,TRAV26-1,None,TRAJ48,TRAC,True,True,CIVSLRFGNEKLTF,TGCATCGTCAGTCTCCGCTTTGGAAATGAGAAATTAACCTTT,424,4,clonotype746,clonotype746_consensus_2
ACTATCTTCAGTGCAT-1,True,ACTATCTTCAGTGCAT-1_contig_2,True,518,TRB,TRBV20-1,None,TRBJ2-1,TRBC2,True,True,CSARPGGNNEQFF,TGCAGTGCAAGACCCGGGGGAAACAATGAGCAGTTCTTC,3152,19,clonotype746,clonotype746_consensus_1
ACTATCTTCCCTGACT-1,True,ACTATCTTCCCTGACT-1_contig_1,True,505,TRA,TRAV1-2,None,TRAJ33,TRAC,True,True,CAATDSNYQLIW,TGTGCTGCGACTGATAGCAACTATCAGTTAATCTGG,231,2,clonotype1,clonotype1_consensus_2
ACTATCTTCCCTGACT-1,True,ACTATCTTCCCTGACT-1_contig_2,True,521,TRB,TRBV20-1,None,TRBJ2-1,TRBC2,True,True,CSARVGSEVNEQFF,TGCAGTGCTAGAGTGGGGTCGGAAGTCAATGAGCAGTTCTTC,613,7,clonotype1,clonotype1_consensus_1
ACTATCTTCCTATTCA-1,True,ACTATCTTCCTATTCA-1_contig_1,True,524,TRB,TRBV20-1,None,TRBJ2-7,TRBC2,True,True,CSARPPGTSSYEQYF,TGCAGTGCTAGGCCCCCCGGGACATCCTCCTACGAGCAGTACTTC,2417,10,clonotype747,clonotype747_consensus_1
ACTATCTTCCTATTCA-1,True,ACTATCTTCCTATTCA-1_contig_2,True,502,TRA,TRAV17,None,TRAJ29,TRAC,True,True,CATDADSGNTPLVF,TGTGCTACGGACGCGGATTCAGGAAACACACCTCTTGTCTTT,144,3,clonotype747,clonotype747_consensus_2
ACTATCTTCCTATTCA-1,True,ACTATCTTCCTATTCA-1_contig_3,True,306,TRB,None,None,TRBJ2-1,TRBC2,False,False,None,None,231,2,clonotype747,None
ACTATCTTCTGAGGGA-1,True,ACTATCTTCTGAGGGA-1_contig_1,True,514,TRB,TRBV20-1,None,TRBJ2-1,TRBC2,True,True,CSARVGSEVNEQFF,TGCAGTGCTAGAGTGGGGTCGGAAGTCAATGAGCAGTTCTTC,856,10,clonotype2,clonotype2_consensus_1
ACTGAACAGAATGTGT-1,True,ACTGAACAGAATGTGT-1_contig_1,True,492,TRB,TRBV20-1,None,TRBJ1-5,TRBC1,True,True,CSARGPSNQPQHF,TGCAGTGCTAGAGGTCCGAGCAATCAGCCCCAGCATTTT,3415,11,clonotype748,clonotype748_consensus_2
ACTGAACAGAATGTGT-1,True,ACTGAACAGAATGTGT-1_contig_2,True,514,TRA,TRAV20,None,TRAJ32,TRAC,True,True,CAVQGPWGGATNKLIF,TGTGCTGTGCAGGGCCCCTGGGGTGGTGCTACAAACAAGCTCATCTTT,1252,5,clonotype748,clonotype748_consensus_1
ACTGAACAGCACGCCT-1,True,ACTGAACAGCACGCCT-1_contig_1,True,521,TRB,TRBV20-1,None,TRBJ2-1,TRBC2,True,True,CSARVGSEVNEQFF,TGCAGTGCTAGAGTGGGGTCGGAAGTCAATGAGCAGTTCTTC,2045,10,clonotype2,clonotype2_consensus_1
ACTGAACAGCACGCCT-1,True,ACTGAACAGCACGCCT-1_contig_2,True,482,TRA,TRAV10,None,TRAJ24,TRAC,True,False,None,None,84,2,clonotype2,None
ACTGAACAGCAGATCG-1,True,ACTGAACAGCAGATCG-1_contig_1,True,505,TRA,TRAV1-2,None,TRAJ33,TRAC,True,True,CAATDSNYQLIW,TGTGCTGCGACTGATAGCAACTATCAGTTAATCTGG,87,2,clonotype1,clonotype1_consensus_2
ACTGAACAGCAGATCG-1,True,ACTGAACAGCAGATCG-1_contig_2,True,517,TRB,TRBV20-1,None,TRBJ2-1,TRBC2,True,True,CSARVGSEVNEQFF,TGCAGTGCTAGAGTGGGGTCGGAAGTCAATGAGCAGTTCTTC,1310,7,clonotype1,clonotype1_consensus_1
ACTGAACAGCAGATCG-1,True,ACTGAACAGCAGATCG-1_contig_3,True,506,TRA,TRAV10,None,TRAJ24,TRAC,True,False,None,None,170,2,clonotype1,None
ACTGAACAGGGTATCG-1,True,ACTGAACAGGGTATCG-1_contig_1,True,574,TRA,TRAV29/DV5,None,TRAJ42,TRAC,True,True,CAATPGEGSQGNLIF,TGTGCAGCAACTCCTGGAGAAGGAAGCCAAGGAAATCTCATCTTT,562,3,clonotype749,clonotype749_consensus_1
ACTGAACAGGGTATCG-1,True,ACTGAACAGGGTATCG-1_contig_2,True,710,TRB,TRBV5-5,None,TRBJ1-3,TRBC1,True,True,CASSVQPGRGNTIYF,TGTGCCAGCAGCGTTCAACCCGGGAGAGGAAACACCATATATTTT,1808,8,clonotype749,clonotype749_consensus_2
ACTGAACAGGGTATCG-1,True,ACTGAACAGGGTATCG-1_contig_3,True,466,TRA,TRAV10,None,TRAJ39,TRAC,True,False,None,None,849,6,clonotype749,None
ACTGAACCACACTGCG-1,True,ACTGAACCACACTGCG-1_contig_1,True,596,TRA,TRAV26-1,None,TRAJ49,TRAC,True,True,CIVRVGDTGNQFYF,TGCATCGTCAGAGTCGGGGACACCGGTAACCAGTTCTATTTT,435,5,clonotype750,clonotype750_consensus_2
ACTGAACCACACTGCG-1,True,ACTGAACCACACTGCG-1_contig_2,True,494,TRB,TRBV20-1,None,TRBJ2-7,TRBC2,True,True,CSISPGLAGLRSYEQYF,TGCAGTATATCCCCCGGACTAGCGGGGTTACGCTCCTACGAGCAGTACTTC,1127,3,clonotype750,clonotype750_consensus_1
ACTGAACCACACTGCG-1,True,ACTGAACCACACTGCG-1_contig_3,True,519,TRB,None,None,TRBJ2-5,TRBC2,False,False,None,None,624,2,clonotype750,None
ACTGAACCACTACAGT-1,True,ACTGAACCACTACAGT-1_contig_1,True,500,TRA,TRAV1-2,None,TRAJ33,TRAC,True,True,CAATDSNYQLIW,TGTGCTGCGACTGATAGCAACTATCAGTTAATCTGG,345,7,clonotype1,clonotype1_consensus_2
ACTGAACCACTACAGT-1,True,ACTGAACCACTACAGT-1_contig_2,True,485,TRB,TRBV20-1,None,TRBJ2-1,TRBC2,True,True,CSARVGSEVNEQFF,TGCAGTGCTAGAGTGGGGTCGGAAGTCAATGAGCAGTTCTTC,3079,17,clonotype1,clonotype1_consensus_1
ACTGAACGTCCGAGTC-1,True,ACTGAACGTCCGAGTC-1_contig_1,True,499,TRB,TRBV7-3,None,TRBJ1-3,TRBC1,True,True,CASSSWTQADTIYF,TGTGCCAGCAGCTCTTGGACCCAAGCGGACACCATATATTTT,1379,5,clonotype751,clonotype751_consensus_1
ACTGAACGTCCGAGTC-1,True,ACTGAACGTCCGAGTC-1_contig_2,True,461,TRA,TRAV13-1,None,TRAJ3,TRAC,True,False,None,None,757,3,clonotype751,None
ACTGAACGTCCTCTTG-1,True,ACTGAACGTCCTCTTG-1_contig_1,True,541,TRA,TRAV12-2,None,TRAJ7,TRAC,True,True,CAVHYGNNRLAF,TGTGCCGTCCACTATGGGAACAACAGACTCGCTTTT,265,3,clonotype752,clonotype752_consensus_1
ACTGAACGTCCTCTTG-1,True,ACTGAACGTCCTCTTG-1_contig_2,True,679,TRA,TRAV8-3,None,TRAJ7,TRAC,True,True,CAVGDGNNRLAF,TGTGCTGTGGGTGACGGGAACAACAGACTCGCTTTT,1212,5,clonotype752,clonotype752_consensus_3
ACTGAACGTCCTCTTG-1,True,ACTGAACGTCCTCTTG-1_contig_3,True,658,TRB,TRBV5-6,None,TRBJ1-2,TRBC1,True,True,CASRIQGNLYGYTF,TGTGCCAGCAGGATACAGGGAAACCTCTATGGCTACACCTTC,529,7,clonotype752,clonotype752_consensus_2
ACTGAACGTCCTCTTG-1,True,ACTGAACGTCCTCTTG-1_contig_4,True,391,TRB,None,None,TRBJ1-5,TRBC1,False,False,None,None,916,3,clonotype752,None
ACTGAACGTCTGCGGT-1,True,ACTGAACGTCTGCGGT-1_contig_1,True,521,TRB,TRBV20-1,None,TRBJ2-1,TRBC2,True,True,CSARVGSEVNEQFF,TGCAGTGCTAGAGTGGGGTCGGAAGTCAATGAGCAGTTCTTC,3224,9,clonotype2,clonotype2_consensus_1
ACTGAACGTCTGCGGT-1,True,ACTGAACGTCTGCGGT-1_contig_2,True,465,TRA,TRAV10,None,TRAJ24,TRAC,True,False,None,None,1331,4,clonotype2,None
ACTGAACGTCTGCGGT-1,True,ACTGAACGTCTGCGGT-1_contig_3,True,377,TRA,TRAV1-2,None,TRAJ33,TRAC,True,False,CAATDSNYQLIW,TGTGCTGCGACTGATAGCAACTATCAGTTAATCTGG,164,1,clonotype2,None
ACTGAACGTTCGTGAT-1,True,ACTGAACGTTCGTGAT-1_contig_1,True,470,TRB,TRBV20-1,None,TRBJ2-5,TRBC2,True,True,CSARDWTVETQYF,TGCAGTGCTAGAGATTGGACAGTAGAGACCCAGTACTTC,696,3,clonotype753,clonotype753_consensus_2
ACTGAACGTTCGTGAT-1,True,ACTGAACGTTCGTGAT-1_contig_2,True,448,TRA,TRAV2,None,TRAJ20,TRAC,True,True,CAVESSNDYKLSF,TGTGCTGTGGAGAGCTCTAACGACTACAAGCTCAGCTTT,261,1,clonotype753,clonotype753_consensus_1
ACTGAACTCACTCCTG-1,True,ACTGAACTCACTCCTG-1_contig_1,True,521,TRB,TRBV20-1,None,TRBJ2-1,TRBC2,True,True,CSARVGSEVNEQFF,TGCAGTGCTAGAGTGGGGTCGGAAGTCAATGAGCAGTTCTTC,1204,6,clonotype2,clonotype2_consensus_1
ACTGAACTCACTCCTG-1,True,ACTGAACTCACTCCTG-1_contig_2,True,482,TRA,TRAV10,None,TRAJ24,TRAC,True,False,None,None,535,2,clonotype2,None
ACTGAACTCATAGCAC-1,True,ACTGAACTCATAGCAC-1_contig_1,True,505,TRA,TRAV1-2,None,TRAJ33,TRAC,True,True,CAATDSNYQLIW,TGTGCTGCGACTGATAGCAACTATCAGTTAATCTGG,1008,9,clonotype1,clonotype1_consensus_2
ACTGAACTCATAGCAC-1,True,ACTGAACTCATAGCAC-1_contig_2,True,521,TRB,TRBV20-1,None,TRBJ2-1,TRBC2,True,True,CSARVGSEVNEQFF,TGCAGTGCTAGAGTGGGGTCGGAAGTCAATGAGCAGTTCTTC,1838,11,clonotype1,clonotype1_consensus_1
ACTGAACTCGCTGATA-1,True,ACTGAACTCGCTGATA-1_contig_1,True,505,TRA,TRAV1-2,None,TRAJ33,TRAC,True,True,CAATDSNYQLIW,TGTGCTGCGACTGATAGCAACTATCAGTTAATCTGG,955,4,clonotype1,clonotype1_consensus_2
ACTGAACTCGCTGATA-1,True,ACTGAACTCGCTGATA-1_contig_2,True,521,TRB,TRBV20-1,None,TRBJ2-1,TRBC2,True,True,CSARVGSEVNEQFF,TGCAGTGCTAGAGTGGGGTCGGAAGTCAATGAGCAGTTCTTC,2121,9,clonotype1,clonotype1_consensus_1
ACTGAACTCGCTGATA-1,True,ACTGAACTCGCTGATA-1_contig_3,True,517,TRA,TRAV10,None,TRAJ24,TRAC,True,False,None,None,182,1,clonotype1,None
ACTGAACTCGGCTTGG-1,True,ACTGAACTCGGCTTGG-1_contig_1,True,446,TRA,TRAV2,None,TRAJ37,TRAC,True,True,CAVEGGSSNTGKLIF,TGTGCTGTGGAGGGGGGCTCTAGCAACACAGGCAAACTAATCTTT,146,1,clonotype754,clonotype754_consensus_1
ACTGAACTCGGCTTGG-1,True,ACTGAACTCGGCTTGG-1_contig_2,True,640,TRB,TRBV5-6,None,TRBJ2-5,TRBC2,True,True,CASSPSEGAKTQYF,TGTGCCAGCAGCCCTTCGGAGGGGGCTAAGACCCAGTACTTC,1677,11,clonotype754,clonotype754_consensus_2
ACTGAACTCGTATCAG-1,True,ACTGAACTCGTATCAG-1_contig_1,True,565,TRA,TRAV19,None,TRAJ10,TRAC,True,True,CALRVTGGGNKLTF,TGTGCTCTGAGGGTCACGGGAGGAGGAAACAAACTCACCTTT,391,3,clonotype755,clonotype755_consensus_1
ACTGAACTCGTATCAG-1,True,ACTGAACTCGTATCAG-1_contig_2,True,524,TRB,TRBV20-1,None,TRBJ2-1,TRBC2,True,True,CSATPRQGVYNEQFF,TGCAGTGCTACTCCCCGACAGGGGGTGTACAATGAGCAGTTCTTC,2503,12,clonotype755,clonotype755_consensus_2
ACTGAACTCTGTTTGT-1,True,ACTGAACTCTGTTTGT-1_contig_1,True,505,TRA,TRAV1-2,None,TRAJ33,TRAC,True,True,CAATDSNYQLIW,TGTGCTGCGACTGATAGCAACTATCAGTTAATCTGG,651,3,clonotype1,clonotype1_consensus_2
ACTGAACTCTGTTTGT-1,True,ACTGAACTCTGTTTGT-1_contig_2,True,492,TRB,TRBV20-1,None,TRBJ2-1,TRBC2,True,True,CSARVGSEVNEQFF,TGCAGTGCTAGAGTGGGGTCGGAAGTCAATGAGCAGTTCTTC,1607,5,clonotype1,clonotype1_consensus_1
ACTGAGTAGCCAGGAT-1,True,ACTGAGTAGCCAGGAT-1_contig_1,True,492,TRB,TRBV20-1,None,TRBJ2-1,TRBC2,True,True,CSARVGSEVNEQFF,TGCAGTGCTAGAGTGGGGTCGGAAGTCAATGAGCAGTTCTTC,2192,10,clonotype2,clonotype2_consensus_1
ACTGAGTAGCGAAGGG-1,True,ACTGAGTAGCGAAGGG-1_contig_1,True,666,TRB,TRBV5-6,None,TRBJ1-5,TRBC1,True,True,CASSFRGGANQPQHF,TGTGCCAGCAGCTTTCGAGGGGGCGCGAATCAGCCCCAGCATTTT,1605,8,clonotype36,clonotype36_consensus_1
ACTGAGTAGCTCAACT-1,True,ACTGAGTAGCTCAACT-1_contig_1,True,456,TRA,TRAV13-1,None,TRAJ37,TRAC,True,True,CAASLNTGKLIF,TGTGCAGCAAGTCTGAACACAGGCAAACTAATCTTT,311,4,clonotype756,clonotype756_consensus_1
ACTGAGTAGCTCAACT-1,True,ACTGAGTAGCTCAACT-1_contig_2,True,654,TRB,TRBV5-6,None,TRBJ2-5,TRBC2,True,True,CASSWRQGSETQYF,TGTGCCAGCAGCTGGCGACAGGGTTCCGAGACCCAGTACTTC,234,5,clonotype756,clonotype756_consensus_2
ACTGAGTAGGAGTACC-1,True,ACTGAGTAGGAGTACC-1_contig_1,True,521,TRB,TRBV20-1,None,TRBJ2-1,TRBC2,True,True,CSAPPSGGAGEQFF,TGCAGTGCTCCTCCTAGCGGGGGGGCCGGAGAGCAGTTCTTC,1737,8,clonotype757,clonotype757_consensus_1
ACTGAGTAGGTGCAAC-1,True,ACTGAGTAGGTGCAAC-1_contig_1,True,521,TRB,TRBV20-1,None,TRBJ2-1,TRBC2,True,True,CSARVGSEVNEQFF,TGCAGTGCTAGAGTGGGGTCGGAAGTCAATGAGCAGTTCTTC,2394,9,clonotype2,clonotype2_consensus_1
ACTGAGTAGTACGATA-1,True,ACTGAGTAGTACGATA-1_contig_1,True,489,TRB,TRBV20-1,None,TRBJ2-7,TRBC2,True,True,CGSYDRSYEQYF,TGCGGGTCATATGACAGGTCCTACGAGCAGTACTTC,706,4,clonotype758,clonotype758_consensus_1
ACTGAGTAGTACGATA-1,True,ACTGAGTAGTACGATA-1_contig_2,True,494,TRB,TRBV11-3,None,TRBJ1-5,TRBC1,True,True,CARYWIRNQPQHF,TGTGCCAGGTATTGGATCCGCAATCAGCCCCAGCATTTT,2408,2,clonotype758,clonotype758_consensus_2
ACTGAGTAGTACGATA-1,True,ACTGAGTAGTACGATA-1_contig_3,True,326,TRA,TRAV29/DV5,None,TRAJ53,TRAC,True,False,CSKRESGGSNYKLTF,TGCAGCAAGCGCGAGAGTGGAGGTAGCAACTATAAACTGACATTT,127,4,clonotype758,None
ACTGAGTCATGGATGG-1,True,ACTGAGTCATGGATGG-1_contig_1,True,505,TRA,TRAV1-2,None,TRAJ33,TRAC,True,True,CAATDSNYQLIW,TGTGCTGCGACTGATAGCAACTATCAGTTAATCTGG,267,2,clonotype1,clonotype1_consensus_2
ACTGAGTCATGGATGG-1,True,ACTGAGTCATGGATGG-1_contig_2,True,492,TRB,TRBV20-1,None,TRBJ2-1,TRBC2,True,True,CSARVGSEVNEQFF,TGCAGTGCTAGAGTGGGGTCGGAAGTCAATGAGCAGTTCTTC,1586,10,clonotype1,clonotype1_consensus_1
ACTGAGTCATGGATGG-1,True,ACTGAGTCATGGATGG-1_contig_3,True,455,TRA,TRAV10,None,TRAJ24,TRAC,True,False,None,None,124,1,clonotype1,None
ACTGAGTCATGTTCCC-1,True,ACTGAGTCATGTTCCC-1_contig_1,True,505,TRA,TRAV1-2,None,TRAJ33,TRAC,True,True,CAATDSNYQLIW,TGTGCTGCGACTGATAGCAACTATCAGTTAATCTGG,701,2,clonotype1,clonotype1_consensus_2
ACTGAGTCATGTTCCC-1,True,ACTGAGTCATGTTCCC-1_contig_2,True,498,TRB,TRBV20-1,None,TRBJ2-1,TRBC2,True,True,CSARVGSEVNEQFF,TGCAGTGCTAGAGTGGGGTCGGAAGTCAATGAGCAGTTCTTC,3214,8,clonotype1,clonotype1_consensus_1
ACTGAGTGTCATATGC-1,True,ACTGAGTGTCATATGC-1_contig_1,True,489,TRB,TRBV20-1,None,TRBJ1-5,TRBC1,True,True,CSARWHAGGPQHF,TGCAGTGCCCGGTGGCACGCCGGAGGGCCCCAGCATTTT,1091,5,clonotype43,clonotype43_consensus_2
ACTGAGTGTCATATGC-1,True,ACTGAGTGTCATATGC-1_contig_2,True,516,TRA,TRAV30,None,TRAJ48,TRAC,True,True,CGTLPWTGGNEKLTF,TGCGGCACACTCCCGTGGACAGGGGGAAATGAGAAATTAACCTTT,800,3,clonotype43,clonotype43_consensus_3
ACTGAGTGTCATATGC-1,True,ACTGAGTGTCATATGC-1_contig_3,True,486,TRA,TRAV12-3,None,TRAJ49,TRAC,True,True,CAIRGQFYF,TGTGCAATAAGAGGCCAGTTCTATTTT,1016,7,clonotype43,clonotype43_consensus_1
ACTGAGTGTCATATGC-1,True,ACTGAGTGTCATATGC-1_contig_4,True,307,TRB,None,None,TRBJ2-3,TRBC2,False,False,None,None,377,1,clonotype43,None
ACTGAGTGTGCCTGTG-1,True,ACTGAGTGTGCCTGTG-1_contig_1,True,505,TRA,TRAV1-2,None,TRAJ33,TRAC,True,True,CAATDSNYQLIW,TGTGCTGCGACTGATAGCAACTATCAGTTAATCTGG,164,3,clonotype1,clonotype1_consensus_2
ACTGAGTGTGCCTGTG-1,True,ACTGAGTGTGCCTGTG-1_contig_2,True,521,TRB,TRBV20-1,None,TRBJ2-1,TRBC2,True,True,CSARVGSEVNEQFF,TGCAGTGCTAGAGTGGGGTCGGAAGTCAATGAGCAGTTCTTC,943,8,clonotype1,clonotype1_consensus_1
ACTGAGTGTGCCTGTG-1,True,ACTGAGTGTGCCTGTG-1_contig_3,True,496,TRA,TRAV10,None,TRAJ24,TRAC,True,False,None,None,138,1,clonotype1,None
ACTGAGTGTGCGAAAC-1,True,ACTGAGTGTGCGAAAC-1_contig_1,True,534,TRB,TRBV6-9,None,TRBJ2-6,TRBC2,True,True,CASNLNQTGINSGANVLTF,TGTGCCAGCAACTTGAATCAGACAGGTATCAACTCTGGGGCCAACGTCCTGACTTTC,3170,9,clonotype759,clonotype759_consensus_1
ACTGAGTGTGCGAAAC-1,True,ACTGAGTGTGCGAAAC-1_contig_2,True,675,TRB,TRBV5-6,None,TRBJ2-6,TRBC2,True,True,CASSLQGTGANVLTF,TGTGCCAGCAGCTTGCAGGGGACTGGGGCCAACGTCCTGACTTTC,3316,10,clonotype759,clonotype759_consensus_2
ACTGAGTGTGCGAAAC-1,True,ACTGAGTGTGCGAAAC-1_contig_3,True,512,TRA,None,None,TRAJ38,TRAC,False,False,None,None,684,4,clonotype759,None
ACTGAGTGTGCTGTAT-1,True,ACTGAGTGTGCTGTAT-1_contig_1,True,505,TRA,TRAV1-2,None,TRAJ33,TRAC,True,True,CAATDSNYQLIW,TGTGCTGCGACTGATAGCAACTATCAGTTAATCTGG,273,3,clonotype1,clonotype1_consensus_2
ACTGAGTGTGCTGTAT-1,True,ACTGAGTGTGCTGTAT-1_contig_2,True,500,TRB,TRBV20-1,None,TRBJ2-1,TRBC2,True,True,CSARVGSEVNEQFF,TGCAGTGCTAGAGTGGGGTCGGAAGTCAATGAGCAGTTCTTC,329,6,clonotype1,clonotype1_consensus_1
ACTGAGTGTGGTCCGT-1,True,ACTGAGTGTGGTCCGT-1_contig_1,True,501,TRB,TRBV20-1,None,TRBJ2-3,TRBC2,True,True,CSARAPRGRTDTQYF,TGCAGTGCTAGAGCCCCGAGGGGCCGGACAGATACGCAGTATTTT,1469,7,clonotype760,clonotype760_consensus_2
ACTGAGTGTGGTCCGT-1,True,ACTGAGTGTGGTCCGT-1_contig_2,True,487,TRA,TRAV1-1,None,TRAJ26,TRAC,True,True,CAVIRQGQNFVF,TGCGCTGTGATAAGACAGGGACAGAATTTTGTCTTT,2875,11,clonotype760,clonotype760_consensus_1
ACTGAGTGTGGTCCGT-1,True,ACTGAGTGTGGTCCGT-1_contig_3,True,476,TRB,TRBV5-6,None,TRBJ2-5,TRBC2,True,False,None,None,191,1,clonotype760,None
ACTGAGTGTTCCACGG-1,True,ACTGAGTGTTCCACGG-1_contig_1,True,498,TRB,TRBV20-1,None,TRBJ2-1,TRBC2,True,True,CSARVGSEVNEQFF,TGCAGTGCTAGAGTGGGGTCGGAAGTCAATGAGCAGTTCTTC,511,5,clonotype2,clonotype2_consensus_1
ACTGAGTGTTCCACGG-1,True,ACTGAGTGTTCCACGG-1_contig_2,True,308,TRA,None,None,TRAJ31,None,False,False,None,None,16,1,clonotype2,None
ACTGAGTTCACAAACC-1,True,ACTGAGTTCACAAACC-1_contig_1,True,505,TRA,TRAV1-2,None,TRAJ33,TRAC,True,True,CAATDSNYQLIW,TGTGCTGCGACTGATAGCAACTATCAGTTAATCTGG,59,3,clonotype1,clonotype1_consensus_2
ACTGAGTTCACAAACC-1,True,ACTGAGTTCACAAACC-1_contig_2,True,497,TRB,TRBV20-1,None,TRBJ2-1,TRBC2,True,True,CSARVGSEVNEQFF,TGCAGTGCTAGAGTGGGGTCGGAAGTCAATGAGCAGTTCTTC,285,3,clonotype1,clonotype1_consensus_1
ACTGAGTTCCGTTGCT-1,True,ACTGAGTTCCGTTGCT-1_contig_1,True,505,TRA,TRAV1-2,None,TRAJ33,TRAC,True,True,CAATDSNYQLIW,TGTGCTGCGACTGATAGCAACTATCAGTTAATCTGG,430,4,clonotype1,clonotype1_consensus_2
ACTGAGTTCCGTTGCT-1,True,ACTGAGTTCCGTTGCT-1_contig_2,True,478,TRB,TRBV20-1,None,TRBJ2-1,TRBC2,True,True,CSARVGSEVNEQFF,TGCAGTGCTAGAGTGGGGTCGGAAGTCAATGAGCAGTTCTTC,374,2,clonotype1,clonotype1_consensus_1
ACTGAGTTCTGGCGAC-1,True,ACTGAGTTCTGGCGAC-1_contig_1,True,521,TRB,TRBV20-1,None,TRBJ2-1,TRBC2,True,True,CSARVGSEVNEQFF,TGCAGTGCTAGAGTGGGGTCGGAAGTCAATGAGCAGTTCTTC,1145,5,clonotype2,clonotype2_consensus_1
ACTGAGTTCTGGCGAC-1,True,ACTGAGTTCTGGCGAC-1_contig_2,True,482,TRA,TRAV10,None,TRAJ24,TRAC,True,False,None,None,209,3,clonotype2,None
ACTGAGTTCTTTAGTC-1,True,ACTGAGTTCTTTAGTC-1_contig_1,True,505,TRA,TRAV1-2,None,TRAJ33,TRAC,True,True,CAATDSNYQLIW,TGTGCTGCGACTGATAGCAACTATCAGTTAATCTGG,176,1,clonotype1,clonotype1_consensus_2
ACTGAGTTCTTTAGTC-1,True,ACTGAGTTCTTTAGTC-1_contig_2,True,489,TRB,TRBV20-1,None,TRBJ2-1,TRBC2,True,True,CSARVGSEVNEQFF,TGCAGTGCTAGAGTGGGGTCGGAAGTCAATGAGCAGTTCTTC,1819,5,clonotype1,clonotype1_consensus_1
ACTGAGTTCTTTAGTC-1,True,ACTGAGTTCTTTAGTC-1_contig_3,True,459,TRA,TRAV10,None,TRAJ24,TRAC,True,False,None,None,2268,2,clonotype1,None
ACTGATGAGTGTTGAA-1,True,ACTGATGAGTGTTGAA-1_contig_1,True,505,TRA,TRAV1-2,None,TRAJ33,TRAC,True,True,CAATDSNYQLIW,TGTGCTGCGACTGATAGCAACTATCAGTTAATCTGG,443,1,clonotype1,clonotype1_consensus_2
ACTGATGAGTGTTGAA-1,True,ACTGATGAGTGTTGAA-1_contig_2,True,521,TRB,TRBV20-1,None,TRBJ2-1,TRBC2,True,True,CSARVGSEVNEQFF,TGCAGTGCTAGAGTGGGGTCGGAAGTCAATGAGCAGTTCTTC,1776,11,clonotype1,clonotype1_consensus_1
ACTGATGAGTGTTGAA-1,True,ACTGATGAGTGTTGAA-1_contig_3,True,468,TRA,TRAV10,None,TRAJ24,TRAC,True,False,None,None,108,2,clonotype1,None
ACTGATGCAAGCGATG-1,True,ACTGATGCAAGCGATG-1_contig_1,True,661,TRA,TRAV8-3,None,TRAJ6,TRAC,True,True,CNPGYIPTF,TGCAACCCCGGCTACATACCTACATTT,337,3,clonotype761,clonotype761_consensus_2
ACTGATGCAAGCGATG-1,True,ACTGATGCAAGCGATG-1_contig_2,True,521,TRB,TRBV20-1,None,TRBJ1-2,TRBC1,True,True,CSARSMAGSHGYTF,TGCAGTGCTAGATCTATGGCAGGGAGCCATGGCTACACCTTC,1167,7,clonotype761,clonotype761_consensus_1
ACTGATGCAAGCGATG-1,True,ACTGATGCAAGCGATG-1_contig_3,True,454,TRA,TRAV5,None,TRAJ30,TRAC,True,False,CAESDRNDKIIF,TGTGCAGAGAGCGACAGAAATGACAAGATCATCTTT,239,1,clonotype761,None
ACTGATGCACCCTATC-1,True,ACTGATGCACCCTATC-1_contig_1,True,505,TRA,TRAV1-2,None,TRAJ33,TRAC,True,True,CAATDSNYQLIW,TGTGCTGCGACTGATAGCAACTATCAGTTAATCTGG,147,2,clonotype1,clonotype1_consensus_2
ACTGATGCACCCTATC-1,True,ACTGATGCACCCTATC-1_contig_2,True,516,TRB,TRBV20-1,None,TRBJ2-1,TRBC2,True,True,CSARVGSEVNEQFF,TGCAGTGCTAGAGTGGGGTCGGAAGTCAATGAGCAGTTCTTC,501,4,clonotype1,clonotype1_consensus_1
ACTGATGCACCCTATC-1,True,ACTGATGCACCCTATC-1_contig_3,True,459,TRA,TRAV10,None,TRAJ24,TRAC,True,False,None,None,478,1,clonotype1,None
ACTGATGCACGGATAG-1,True,ACTGATGCACGGATAG-1_contig_1,True,505,TRA,TRAV1-2,None,TRAJ33,TRAC,True,True,CAATDSNYQLIW,TGTGCTGCGACTGATAGCAACTATCAGTTAATCTGG,885,4,clonotype1,clonotype1_consensus_2
ACTGATGCACGGATAG-1,True,ACTGATGCACGGATAG-1_contig_2,True,498,TRB,TRBV20-1,None,TRBJ2-1,TRBC2,True,True,CSARVGSEVNEQFF,TGCAGTGCTAGAGTGGGGTCGGAAGTCAATGAGCAGTTCTTC,4333,10,clonotype1,clonotype1_consensus_1
ACTGATGCACGGATAG-1,True,ACTGATGCACGGATAG-1_contig_3,True,465,TRA,TRAV10,None,TRAJ24,TRAC,True,False,None,None,310,2,clonotype1,None
ACTGATGCATCGGTTA-1,True,ACTGATGCATCGGTTA-1_contig_1,True,521,TRB,TRBV20-1,None,TRBJ2-1,TRBC2,True,True,CSATGGASYNEQFF,TGCAGTGCCACAGGGGGGGCCTCCTACAATGAGCAGTTCTTC,3020,11,clonotype762,clonotype762_consensus_2
ACTGATGCATCGGTTA-1,True,ACTGATGCATCGGTTA-1_contig_2,True,537,TRA,TRAV6,None,TRAJ39,TRAC,True,True,CALYRDAGNMLTF,TGTGCTCTATATAGGGATGCAGGCAACATGCTCACCTTT,236,3,clonotype762,clonotype762_consensus_1
ACTGATGGTAACGTTC-1,True,ACTGATGGTAACGTTC-1_contig_1,True,518,TRB,TRBV20-1,None,TRBJ1-4,TRBC1,True,True,CSARRGAEEKLFF,TGCAGTGCTAGAAGGGGGGCAGAGGAAAAACTGTTTTTT,1185,7,clonotype763,clonotype763_consensus_1
ACTGATGGTAACGTTC-1,True,ACTGATGGTAACGTTC-1_contig_2,True,567,TRA,TRAV8-4,None,TRAJ8,TRAC,True,True,CAVTYGGFQKLVF,TGTGCTGTGACTTATGGAGGCTTTCAGAAACTTGTATTT,1478,6,clonotype763,clonotype763_consensus_2
ACTGATGGTAACGTTC-1,True,ACTGATGGTAACGTTC-1_contig_3,True,520,TRB,None,None,TRBJ2-5,TRBC2,False,False,None,None,949,2,clonotype763,None
ACTGATGGTCACCTAA-1,True,ACTGATGGTCACCTAA-1_contig_1,True,490,TRB,TRBV5-6,None,TRBJ2-2,TRBC2,True,True,CASSSDWNTGELFF,TGTGCCAGCAGCTCGGACTGGAACACCGGGGAGCTGTTTTTT,1029,6,clonotype189,clonotype189_consensus_1
ACTGATGGTCATCCCT-1,True,ACTGATGGTCATCCCT-1_contig_1,True,505,TRA,TRAV1-2,None,TRAJ33,TRAC,True,True,CAATDSNYQLIW,TGTGCTGCGACTGATAGCAACTATCAGTTAATCTGG,440,4,clonotype1,clonotype1_consensus_2
ACTGATGGTCATCCCT-1,True,ACTGATGGTCATCCCT-1_contig_2,True,521,TRB,TRBV20-1,None,TRBJ2-1,TRBC2,True,True,CSARVGSEVNEQFF,TGCAGTGCTAGAGTGGGGTCGGAAGTCAATGAGCAGTTCTTC,1704,11,clonotype1,clonotype1_consensus_1
ACTGATGGTCCCTTGT-1,True,ACTGATGGTCCCTTGT-1_contig_1,True,482,TRA,TRAV1-2,None,TRAJ33,TRAC,True,True,CAATDSNYQLIW,TGTGCTGCGACTGATAGCAACTATCAGTTAATCTGG,901,4,clonotype1,clonotype1_consensus_2
ACTGATGGTCCCTTGT-1,True,ACTGATGGTCCCTTGT-1_contig_2,True,521,TRB,TRBV20-1,None,TRBJ2-1,TRBC2,True,True,CSARVGSEVNEQFF,TGCAGTGCTAGAGTGGGGTCGGAAGTCAATGAGCAGTTCTTC,4005,12,clonotype1,clonotype1_consensus_1
ACTGATGGTCGCGGTT-1,True,ACTGATGGTCGCGGTT-1_contig_1,True,501,TRB,TRBV20-1,None,TRBJ1-6,TRBC1,True,True,CSARIRSSYNSPLHF,TGCAGTGCTAGAATTCGAAGCTCCTATAATTCACCCCTCCACTTT,4970,18,clonotype764,clonotype764_consensus_2
ACTGATGGTCGCGGTT-1,True,ACTGATGGTCGCGGTT-1_contig_2,True,487,TRA,TRAV35,None,TRAJ49,TRAC,True,True,CAGRAVNQFYF,TGTGCTGGGCGGGCGGTTAACCAGTTCTATTTT,185,2,clonotype764,clonotype764_consensus_1
ACTGATGGTCGCGGTT-1,True,ACTGATGGTCGCGGTT-1_contig_3,True,329,TRA,None,None,TRAJ38,TRAC,False,False,None,None,513,2,clonotype764,None
ACTGATGGTCGCGGTT-1,True,ACTGATGGTCGCGGTT-1_contig_4,True,419,TRA,TRAV26-2,None,TRAJ43,TRAC,True,False,CCCVLLHRPYNNDMRF,TGCTGCTGTGTACTACTGCATCGGCCCTATAACAATGACATGCGCTTT,156,1,clonotype764,None
ACTGATGGTCGCGGTT-1,True,ACTGATGGTCGCGGTT-1_contig_5,True,633,TRB,None,None,TRBJ1-5,TRBC1,False,False,None,None,924,6,clonotype764,None
ACTGATGGTCTAAAGA-1,True,ACTGATGGTCTAAAGA-1_contig_1,True,524,TRB,TRBV20-1,None,TRBJ1-3,TRBC1,True,True,CSANNPGQGGNTIYF,TGCAGTGCTAATAACCCGGGACAGGGGGGAAACACCATATATTTT,1794,7,clonotype765,clonotype765_consensus_2
ACTGATGGTCTAAAGA-1,True,ACTGATGGTCTAAAGA-1_contig_2,True,533,TRA,TRAV29/DV5,None,TRAJ52,TRAC,True,True,CAASSSYGKLTF,TGTGCAGCAAGTTCTAGCTATGGAAAGCTGACATTT,287,5,clonotype765,clonotype765_consensus_1
ACTGATGGTCTCTTTA-1,True,ACTGATGGTCTCTTTA-1_contig_1,True,505,TRA,TRAV1-2,None,TRAJ33,TRAC,True,True,CAATDSNYQLIW,TGTGCTGCGACTGATAGCAACTATCAGTTAATCTGG,1011,1,clonotype1,clonotype1_consensus_2
ACTGATGGTCTCTTTA-1,True,ACTGATGGTCTCTTTA-1_contig_2,True,521,TRB,TRBV20-1,None,TRBJ2-1,TRBC2,True,True,CSARVGSEVNEQFF,TGCAGTGCTAGAGTGGGGTCGGAAGTCAATGAGCAGTTCTTC,645,7,clonotype1,clonotype1_consensus_1
ACTGATGGTCTCTTTA-1,True,ACTGATGGTCTCTTTA-1_contig_3,True,465,TRA,TRAV10,None,TRAJ24,TRAC,True,False,None,None,277,1,clonotype1,None
ACTGATGGTGGTAACG-1,True,ACTGATGGTGGTAACG-1_contig_1,True,505,TRA,TRAV1-2,None,TRAJ33,TRAC,True,True,CAATDSNYQLIW,TGTGCTGCGACTGATAGCAACTATCAGTTAATCTGG,283,2,clonotype1,clonotype1_consensus_2
ACTGATGGTGGTAACG-1,True,ACTGATGGTGGTAACG-1_contig_2,True,521,TRB,TRBV20-1,None,TRBJ2-1,TRBC2,True,True,CSARVGSEVNEQFF,TGCAGTGCTAGAGTGGGGTCGGAAGTCAATGAGCAGTTCTTC,1048,4,clonotype1,clonotype1_consensus_1
ACTGATGTCCGCGGTA-1,True,ACTGATGTCCGCGGTA-1_contig_1,True,509,TRA,TRAV13-2,None,TRAJ24,TRAC,True,True,CAERADSWGKLQF,TGTGCAGAGCGCGCTGACAGCTGGGGGAAATTGCAGTTT,1191,7,clonotype204,clonotype204_consensus_2
ACTGATGTCCGCGGTA-1,True,ACTGATGTCCGCGGTA-1_contig_2,True,450,TRB,TRBV20-1,None,TRBJ2-4,TRBC2,True,True,CSARVSGQGDIQYF,TGCAGTGCTAGGGTCTCCGGGCAAGGGGACATTCAGTACTTC,689,4,clonotype204,clonotype204_consensus_1
ACTGATGTCGAGAGCA-1,True,ACTGATGTCGAGAGCA-1_contig_1,True,502,TRA,TRAV17,None,TRAJ11,TRAC,True,True,CATVGYSTLTF,TGTGCTACGGTGGGATACAGCACCCTCACCTTT,862,6,clonotype766,clonotype766_consensus_2
ACTGATGTCGAGAGCA-1,True,ACTGATGTCGAGAGCA-1_contig_2,True,658,TRB,TRBV5-6,None,TRBJ1-5,TRBC1,True,True,CASSLRAFNQPQHF,TGTGCCAGCAGTCTGAGGGCCTTCAATCAGCCCCAGCATTTT,1249,8,clonotype766,clonotype766_consensus_1
ACTGATGTCGAGCCCA-1,True,ACTGATGTCGAGCCCA-1_contig_1,True,492,TRA,TRAV9-2,None,TRAJ27,TRAC,True,True,CALINTNAGKSTF,TGTGCTCTGATTAACACCAATGCAGGCAAATCAACCTTT,472,3,clonotype767,clonotype767_consensus_2
ACTGATGTCGAGCCCA-1,True,ACTGATGTCGAGCCCA-1_contig_2,True,675,TRB,TRBV5-6,None,TRBJ2-5,TRBC2,True,True,CASSPLAGGQETQYF,TGTGCCAGCAGCCCTCTCGCGGGGGGTCAAGAGACCCAGTACTTC,1181,9,clonotype767,clonotype767_consensus_1
ACTGATGTCGATAGAA-1,True,ACTGATGTCGATAGAA-1_contig_1,True,538,TRB,TRBV5-5,None,TRBJ1-4,TRBC1,True,True,CASSHPGPNYATNEKLFF,TGTGCCAGCAGCCATCCCGGACCGAACTACGCAACTAATGAAAAACTGTTTTTT,785,3,clonotype39,clonotype39_consensus_1
ACTGATGTCGATAGAA-1,True,ACTGATGTCGATAGAA-1_contig_2,True,505,TRA,TRAV1-2,None,TRAJ33,TRAC,True,True,CAATDSNYQLIW,TGTGCTGCGACTGATAGCAACTATCAGTTAATCTGG,93,7,clonotype39,clonotype39_consensus_3
ACTGATGTCGATAGAA-1,True,ACTGATGTCGATAGAA-1_contig_3,True,473,TRB,TRBV20-1,None,TRBJ2-1,TRBC2,True,True,CSARVGSEVNEQFF,TGCAGTGCTAGAGTGGGGTCGGAAGTCAATGAGCAGTTCTTC,1334,8,clonotype39,clonotype39_consensus_2
ACTGATGTCGGTCTAA-1,True,ACTGATGTCGGTCTAA-1_contig_1,True,505,TRA,TRAV1-2,None,TRAJ33,TRAC,True,True,CAATDSNYQLIW,TGTGCTGCGACTGATAGCAACTATCAGTTAATCTGG,307,6,clonotype1,clonotype1_consensus_2
ACTGATGTCGGTCTAA-1,True,ACTGATGTCGGTCTAA-1_contig_2,True,492,TRB,TRBV20-1,None,TRBJ2-1,TRBC2,True,True,CSARVGSEVNEQFF,TGCAGTGCTAGAGTGGGGTCGGAAGTCAATGAGCAGTTCTTC,1354,8,clonotype1,clonotype1_consensus_1
ACTGCTCAGAAGCCCA-1,True,ACTGCTCAGAAGCCCA-1_contig_1,True,502,TRA,TRAV1-2,None,TRAJ30,TRAC,True,True,CAVRDLREIIF,TGTGCTGTGAGAGATCTTCGGGAGATCATCTTT,70,3,clonotype3,clonotype3_consensus_2
ACTGCTCAGAAGCCCA-1,True,ACTGCTCAGAAGCCCA-1_contig_2,True,494,TRB,TRBV5-5,None,TRBJ1-4,TRBC1,True,True,CASSHPGPNYATNEKLFF,TGTGCCAGCAGCCATCCCGGACCGAACTACGCAACTAATGAAAAACTGTTTTTT,1370,5,clonotype3,clonotype3_consensus_1
ACTGCTCAGCCGGTAA-1,True,ACTGCTCAGCCGGTAA-1_contig_1,True,574,TRA,TRAV29/DV5,None,TRAJ48,TRAC,True,True,CAASGGNFGNEKLTF,TGTGCAGCAAGCGGGGGTAACTTTGGAAATGAGAAATTAACCTTT,472,3,clonotype768,clonotype768_consensus_1
ACTGCTCAGCCGGTAA-1,True,ACTGCTCAGCCGGTAA-1_contig_2,True,521,TRB,TRBV20-1,None,TRBJ2-5,TRBC2,True,True,CSALLRRLQETQYF,TGCAGTGCCTTACTGAGGCGCCTTCAAGAGACCCAGTACTTC,1429,6,clonotype768,clonotype768_consensus_2
ACTGCTCAGCGGATCA-1,True,ACTGCTCAGCGGATCA-1_contig_1,True,505,TRA,TRAV1-2,None,TRAJ33,TRAC,True,True,CAATDSNYQLIW,TGTGCTGCGACTGATAGCAACTATCAGTTAATCTGG,814,5,clonotype1,clonotype1_consensus_2
ACTGCTCAGCGGATCA-1,True,ACTGCTCAGCGGATCA-1_contig_2,True,521,TRB,TRBV20-1,None,TRBJ2-1,TRBC2,True,True,CSARVGSEVNEQFF,TGCAGTGCTAGAGTGGGGTCGGAAGTCAATGAGCAGTTCTTC,1955,9,clonotype1,clonotype1_consensus_1
ACTGCTCAGCGGATCA-1,True,ACTGCTCAGCGGATCA-1_contig_3,True,305,TRB,None,None,TRBJ2-2P,TRBC2,False,False,None,None,416,3,clonotype1,None
ACTGCTCAGCGGATCA-1,True,ACTGCTCAGCGGATCA-1_contig_4,True,459,TRA,TRAV10,None,TRAJ24,TRAC,True,False,None,None,441,1,clonotype1,None
ACTGCTCAGGACTGGT-1,True,ACTGCTCAGGACTGGT-1_contig_1,True,505,TRA,TRAV1-2,None,TRAJ33,TRAC,True,True,CAATDSNYQLIW,TGTGCTGCGACTGATAGCAACTATCAGTTAATCTGG,1661,9,clonotype1,clonotype1_consensus_2
ACTGCTCAGGACTGGT-1,True,ACTGCTCAGGACTGGT-1_contig_2,True,521,TRB,TRBV20-1,None,TRBJ2-1,TRBC2,True,True,CSARVGSEVNEQFF,TGCAGTGCTAGAGTGGGGTCGGAAGTCAATGAGCAGTTCTTC,1058,7,clonotype1,clonotype1_consensus_1
ACTGCTCAGGGTATCG-1,True,ACTGCTCAGGGTATCG-1_contig_1,True,502,TRA,TRAV1-2,None,TRAJ30,TRAC,True,True,CAVRDLREIIF,TGTGCTGTGAGAGATCTTCGGGAGATCATCTTT,531,10,clonotype35,clonotype35_consensus_2
ACTGCTCAGGGTATCG-1,True,ACTGCTCAGGGTATCG-1_contig_2,True,521,TRB,TRBV20-1,None,TRBJ2-1,TRBC2,True,True,CSARVGSEVNEQFF,TGCAGTGCTAGAGTGGGGTCGGAAGTCAATGAGCAGTTCTTC,1082,8,clonotype35,clonotype35_consensus_1
ACTGCTCAGGGTATCG-1,True,ACTGCTCAGGGTATCG-1_contig_3,True,506,TRB,TRBV7-3,None,TRBJ2-1,TRBC2,True,False,CQQRSLKAGGPYNEQFF,TGCCAGCAGCGGTCACTTAAAGCGGGGGGACCCTACAATGAGCAGTTCTTC,330,4,clonotype35,None
ACTGCTCAGGGTATCG-1,True,ACTGCTCAGGGTATCG-1_contig_4,True,322,TRB,TRBV5-5,None,TRBJ1-4,TRBC1,True,False,CASSHPGPNYATNEKLFF,TGTGCCAGCAGCCATCCCGGACCGAACTACGCAACTAATGAAAAACTGTTTTTT,444,2,clonotype35,None
ACTGCTCAGGTGATTA-1,True,ACTGCTCAGGTGATTA-1_contig_1,True,502,TRA,TRAV1-2,None,TRAJ30,TRAC,True,True,CAVRDLREIIF,TGTGCTGTGAGAGATCTTCGGGAGATCATCTTT,826,4,clonotype3,clonotype3_consensus_2
ACTGCTCAGGTGATTA-1,True,ACTGCTCAGGTGATTA-1_contig_2,True,505,TRB,TRBV5-5,None,TRBJ1-4,TRBC1,True,True,CASSHPGPNYATNEKLFF,TGTGCCAGCAGCCATCCCGGACCGAACTACGCAACTAATGAAAAACTGTTTTTT,2142,7,clonotype3,clonotype3_consensus_1
ACTGCTCAGTGGGCTA-1,True,ACTGCTCAGTGGGCTA-1_contig_1,True,502,TRA,TRAV1-2,None,TRAJ30,TRAC,True,True,CAVRDLREIIF,TGTGCTGTGAGAGATCTTCGGGAGATCATCTTT,427,4,clonotype3,clonotype3_consensus_2
ACTGCTCAGTGGGCTA-1,True,ACTGCTCAGTGGGCTA-1_contig_2,True,494,TRB,TRBV5-5,None,TRBJ1-4,TRBC1,True,True,CASSHPGPNYATNEKLFF,TGTGCCAGCAGCCATCCCGGACCGAACTACGCAACTAATGAAAAACTGTTTTTT,966,3,clonotype3,clonotype3_consensus_1
ACTGCTCAGTGGGCTA-1,True,ACTGCTCAGTGGGCTA-1_contig_3,True,469,TRB,TRBV7-3,None,TRBJ2-1,None,True,False,CQQRSLKAGGPYNEQFF,TGCCAGCAGCGGTCACTTAAAGCGGGGGGACCCTACAATGAGCAGTTCTTC,262,1,clonotype3,None
ACTGCTCCAAGTAATG-1,True,ACTGCTCCAAGTAATG-1_contig_1,True,518,TRB,TRBV20-1,None,TRBJ1-1,TRBC1,True,True,CSAPPGGGTEAFF,TGCAGTGCGCCGCCCGGGGGGGGCACTGAAGCTTTCTTT,1465,7,clonotype769,clonotype769_consensus_2
ACTGCTCCAAGTAATG-1,True,ACTGCTCCAAGTAATG-1_contig_2,True,571,TRA,TRAV8-1,None,TRAJ23,TRAC,True,True,CAVRHNQGGKLIF,TGTGCCGTGAGGCATAACCAGGGAGGAAAGCTTATCTTC,4011,5,clonotype769,clonotype769_consensus_1
ACTGCTCCACGAGAGT-1,True,ACTGCTCCACGAGAGT-1_contig_1,True,555,TRB,TRBV30,None,TRBJ1-4,TRBC1,True,True,CAWSVPGGNEKLFF,TGTGCCTGGAGTGTACCCGGGGGTAATGAAAAACTGTTTTTT,2451,7,clonotype770,clonotype770_consensus_1
ACTGCTCCACGAGAGT-1,True,ACTGCTCCACGAGAGT-1_contig_2,True,547,TRA,TRAV5,None,TRAJ39,TRAC,True,True,CAGRDAGNMLTF,TGTGCCGGGAGGGATGCAGGCAACATGCTCACCTTT,1209,5,clonotype770,clonotype770_consensus_2
ACTGCTCCAGAGTGTG-1,True,ACTGCTCCAGAGTGTG-1_contig_1,True,505,TRA,TRAV1-2,None,TRAJ33,TRAC,True,True,CAATDSNYQLIW,TGTGCTGCGACTGATAGCAACTATCAGTTAATCTGG,1046,6,clonotype1,clonotype1_consensus_2
ACTGCTCCAGAGTGTG-1,True,ACTGCTCCAGAGTGTG-1_contig_2,True,521,TRB,TRBV20-1,None,TRBJ2-1,TRBC2,True,True,CSARVGSEVNEQFF,TGCAGTGCTAGAGTGGGGTCGGAAGTCAATGAGCAGTTCTTC,961,8,clonotype1,clonotype1_consensus_1
ACTGCTCCAGCTGCAC-1,True,ACTGCTCCAGCTGCAC-1_contig_1,True,505,TRA,TRAV1-2,None,TRAJ33,TRAC,True,True,CAATDSNYQLIW,TGTGCTGCGACTGATAGCAACTATCAGTTAATCTGG,775,4,clonotype1,clonotype1_consensus_2
ACTGCTCCAGCTGCAC-1,True,ACTGCTCCAGCTGCAC-1_contig_2,True,491,TRB,TRBV20-1,None,TRBJ2-1,TRBC2,True,True,CSARVGSEVNEQFF,TGCAGTGCTAGAGTGGGGTCGGAAGTCAATGAGCAGTTCTTC,855,3,clonotype1,clonotype1_consensus_1
ACTGCTCCAGCTGCAC-1,True,ACTGCTCCAGCTGCAC-1_contig_3,True,467,TRA,TRAV10,None,TRAJ24,TRAC,True,False,None,None,373,2,clonotype1,None
ACTGCTCCAGTACACT-1,True,ACTGCTCCAGTACACT-1_contig_1,True,505,TRA,TRAV1-2,None,TRAJ33,TRAC,True,True,CAATDSNYQLIW,TGTGCTGCGACTGATAGCAACTATCAGTTAATCTGG,127,3,clonotype1,clonotype1_consensus_2
ACTGCTCCAGTACACT-1,True,ACTGCTCCAGTACACT-1_contig_2,True,521,TRB,TRBV20-1,None,TRBJ2-1,TRBC2,True,True,CSARVGSEVNEQFF,TGCAGTGCTAGAGTGGGGTCGGAAGTCAATGAGCAGTTCTTC,1886,11,clonotype1,clonotype1_consensus_1
ACTGCTCCAGTACACT-1,True,ACTGCTCCAGTACACT-1_contig_3,True,465,TRA,TRAV10,None,TRAJ24,TRAC,True,False,None,None,110,4,clonotype1,None
ACTGCTCCAGTACACT-1,True,ACTGCTCCAGTACACT-1_contig_4,True,306,TRB,None,None,TRBJ2-2P,TRBC2,False,False,None,None,296,1,clonotype1,None
ACTGCTCCATGGTAGG-1,True,ACTGCTCCATGGTAGG-1_contig_1,True,505,TRA,TRAV1-2,None,TRAJ33,TRAC,True,True,CAATDSNYQLIW,TGTGCTGCGACTGATAGCAACTATCAGTTAATCTGG,386,2,clonotype1,clonotype1_consensus_2
ACTGCTCCATGGTAGG-1,True,ACTGCTCCATGGTAGG-1_contig_2,True,520,TRB,TRBV20-1,None,TRBJ2-1,TRBC2,True,True,CSARVGSEVNEQFF,TGCAGTGCTAGAGTGGGGTCGGAAGTCAATGAGCAGTTCTTC,2558,11,clonotype1,clonotype1_consensus_1
ACTGCTCCATGGTAGG-1,True,ACTGCTCCATGGTAGG-1_contig_3,True,467,TRA,TRAV10,None,TRAJ24,TRAC,True,False,None,None,151,1,clonotype1,None
ACTGCTCGTAGCGTCC-1,True,ACTGCTCGTAGCGTCC-1_contig_1,True,598,TRA,TRAV8-2,None,TRAJ34,TRAC,True,True,CVVSLSYNTDKLIF,TGTGTTGTGAGCCTTTCCTATAACACCGACAAGCTCATCTTT,116,2,clonotype771,clonotype771_consensus_2
ACTGCTCGTAGCGTCC-1,True,ACTGCTCGTAGCGTCC-1_contig_2,True,530,TRB,TRBV20-1,None,TRBJ2-7,TRBC2,True,True,CSARDSRRRGGGSEQYF,TGCAGTGCTAGAGACTCACGGCGGCGGGGGGGCGGCAGCGAGCAGTACTTC,1448,7,clonotype771,clonotype771_consensus_1
ACTGCTCGTAGCGTCC-1,True,ACTGCTCGTAGCGTCC-1_contig_3,True,479,TRB,TRBV23-1,None,TRBJ2-5,TRBC2,True,False,None,None,353,4,clonotype771,None
ACTGCTCGTGAGGGAG-1,True,ACTGCTCGTGAGGGAG-1_contig_1,True,518,TRB,TRBV20-1,None,TRBJ2-7,TRBC2,True,True,CSAKGDRSYEQYF,TGCAGTGCTAAGGGGGACAGGTCCTACGAGCAGTACTTC,4497,13,clonotype772,clonotype772_consensus_2
ACTGCTCGTGAGGGAG-1,True,ACTGCTCGTGAGGGAG-1_contig_2,True,514,TRA,TRAV38-1,None,TRAJ29,TRAC,True,True,CAFPVPSGNTPLVF,TGTGCTTTCCCCGTTCCTTCAGGAAACACACCTCTTGTCTTT,2754,9,clonotype772,clonotype772_consensus_1
ACTGCTCGTGAGGGAG-1,True,ACTGCTCGTGAGGGAG-1_contig_3,True,482,TRA,TRAV21,None,TRAJ5,TRAC,True,True,CAVDTGRRALTF,TGTGCTGTTGACACGGGCAGGAGAGCACTTACTTTT,4297,15,clonotype772,clonotype772_consensus_3
ACTGCTCGTGTGCGTC-1,True,ACTGCTCGTGTGCGTC-1_contig_1,True,498,TRB,TRBV20-1,None,TRBJ2-1,TRBC2,True,True,CSARVGSEVNEQFF,TGCAGTGCTAGAGTGGGGTCGGAAGTCAATGAGCAGTTCTTC,1378,4,clonotype2,clonotype2_consensus_1
ACTGCTCGTGTGCGTC-1,True,ACTGCTCGTGTGCGTC-1_contig_2,True,410,TRA,TRAV10,None,TRAJ24,TRAC,True,False,None,None,48,3,clonotype2,None
ACTGCTCGTTGGTAAA-1,True,ACTGCTCGTTGGTAAA-1_contig_1,True,521,TRB,TRBV20-1,None,TRBJ2-1,TRBC2,True,True,CSARVGSEVNEQFF,TGCAGTGCTAGAGTGGGGTCGGAAGTCAATGAGCAGTTCTTC,777,3,clonotype2,clonotype2_consensus_1
ACTGCTCGTTGGTAAA-1,True,ACTGCTCGTTGGTAAA-1_contig_2,True,482,TRA,TRAV10,None,TRAJ24,TRAC,True,False,None,None,588,4,clonotype2,None
ACTGCTCTCAAGCCTA-1,True,ACTGCTCTCAAGCCTA-1_contig_1,True,515,TRB,TRBV20-1,None,TRBJ2-5,TRBC2,True,True,CSARGLEETQYF,TGCAGTGCTAGAGGTTTGGAAGAGACCCAGTACTTC,2232,9,clonotype773,clonotype773_consensus_1
ACTGCTCTCAAGCCTA-1,True,ACTGCTCTCAAGCCTA-1_contig_2,True,570,TRA,TRAV8-4,None,TRAJ30,TRAC,True,True,CAVSVPHRDDKIIF,TGTGCTGTGAGTGTGCCCCACCGAGATGACAAGATCATCTTT,317,2,clonotype773,clonotype773_consensus_2
ACTGCTCTCAAGCCTA-1,True,ACTGCTCTCAAGCCTA-1_contig_3,True,544,TRA,TRAV12-2,None,TRAJ15,TRAC,True,True,CAVNRQAGTALIF,TGTGCCGTGAACCGCCAGGCAGGAACTGCTCTGATCTTT,505,4,clonotype773,clonotype773_consensus_3
ACTGCTCTCCGAAGAG-1,True,ACTGCTCTCCGAAGAG-1_contig_1,True,505,TRA,TRAV1-2,None,TRAJ33,TRAC,True,True,CAATDSNYQLIW,TGTGCTGCGACTGATAGCAACTATCAGTTAATCTGG,324,4,clonotype1,clonotype1_consensus_2
ACTGCTCTCCGAAGAG-1,True,ACTGCTCTCCGAAGAG-1_contig_2,True,518,TRB,TRBV20-1,None,TRBJ2-1,TRBC2,True,True,CSARVGSEVNEQFF,TGCAGTGCTAGAGTGGGGTCGGAAGTCAATGAGCAGTTCTTC,1333,6,clonotype1,clonotype1_consensus_1
ACTGCTCTCCTTGGTC-1,True,ACTGCTCTCCTTGGTC-1_contig_1,True,607,TRA,TRAV8-6,None,TRAJ21,TRAC,True,True,CAVSGVNFNKFYF,TGTGCTGTGAGTGGGGTCAACTTCAACAAATTTTACTTT,464,5,clonotype774,clonotype774_consensus_2
ACTGCTCTCCTTGGTC-1,True,ACTGCTCTCCTTGGTC-1_contig_2,True,512,TRB,TRBV20-1,None,TRBJ1-2,TRBC1,True,True,CSALGGDGYTF,TGCAGTGCTCTAGGAGGGGATGGCTACACCTTC,999,6,clonotype774,clonotype774_consensus_1
ACTGCTCTCGTGGTCG-1,True,ACTGCTCTCGTGGTCG-1_contig_1,True,518,TRB,TRBV20-1,None,TRBJ1-2,TRBC1,True,True,CSARDPIDGRYTF,TGCAGTGCTAGAGATCCAATCGACGGACGCTACACCTTC,1368,7,clonotype775,clonotype775_consensus_2
ACTGCTCTCGTGGTCG-1,True,ACTGCTCTCGTGGTCG-1_contig_2,True,498,TRA,TRAV12-3,None,TRAJ54,TRAC,True,True,CALQIQGAQKLVF,TGTGCACTGCAAATTCAGGGAGCCCAGAAGCTGGTATTT,66,1,clonotype775,clonotype775_consensus_1
ACTGCTCTCGTGGTCG-1,True,ACTGCTCTCGTGGTCG-1_contig_3,True,523,TRA,TRAV29/DV5,None,None,TRAC,False,False,None,None,128,2,clonotype775,None
ACTGCTCTCTAACTGG-1,True,ACTGCTCTCTAACTGG-1_contig_1,True,515,TRB,TRBV20-1,None,TRBJ1-1,TRBC1,True,True,CSAWAGNTEAFF,TGCAGTGCCTGGGCGGGGAACACTGAAGCTTTCTTT,5117,18,clonotype776,clonotype776_consensus_2
ACTGCTCTCTAACTGG-1,True,ACTGCTCTCTAACTGG-1_contig_2,True,565,TRA,TRAV19,None,TRAJ54,TRAC,True,True,CALISIQGAQKLVF,TGTGCTCTGATTTCGATTCAGGGAGCCCAGAAGCTGGTATTT,645,3,clonotype776,clonotype776_consensus_1
ACTGCTCTCTTAGAGC-1,True,ACTGCTCTCTTAGAGC-1_contig_1,True,505,TRA,TRAV1-2,None,TRAJ33,TRAC,True,True,CAATDSNYQLIW,TGTGCTGCGACTGATAGCAACTATCAGTTAATCTGG,258,4,clonotype1,clonotype1_consensus_2
ACTGCTCTCTTAGAGC-1,True,ACTGCTCTCTTAGAGC-1_contig_2,True,521,TRB,TRBV20-1,None,TRBJ2-1,TRBC2,True,True,CSARVGSEVNEQFF,TGCAGTGCTAGAGTGGGGTCGGAAGTCAATGAGCAGTTCTTC,5674,11,clonotype1,clonotype1_consensus_1
ACTGTCCAGAGGTACC-1,True,ACTGTCCAGAGGTACC-1_contig_1,True,502,TRA,TRAV1-2,None,TRAJ30,TRAC,True,True,CAVRDLREIIF,TGTGCTGTGAGAGATCTTCGGGAGATCATCTTT,184,4,clonotype3,clonotype3_consensus_2
ACTGTCCAGAGGTACC-1,True,ACTGTCCAGAGGTACC-1_contig_2,True,699,TRB,TRBV5-5,None,TRBJ1-4,TRBC1,True,True,CASSHPGPNYATNEKLFF,TGTGCCAGCAGCCATCCCGGACCGAACTACGCAACTAATGAAAAACTGTTTTTT,545,5,clonotype3,clonotype3_consensus_1
ACTGTCCAGCATCATC-1,True,ACTGTCCAGCATCATC-1_contig_1,True,498,TRB,TRBV20-1,None,TRBJ2-1,TRBC2,True,True,CSARVGSEVNEQFF,TGCAGTGCTAGAGTGGGGTCGGAAGTCAATGAGCAGTTCTTC,1211,7,clonotype2,clonotype2_consensus_1
ACTGTCCAGGACAGCT-1,True,ACTGTCCAGGACAGCT-1_contig_1,True,505,TRA,TRAV1-2,None,TRAJ33,TRAC,True,True,CAATDSNYQLIW,TGTGCTGCGACTGATAGCAACTATCAGTTAATCTGG,776,4,clonotype1,clonotype1_consensus_2
ACTGTCCAGGACAGCT-1,True,ACTGTCCAGGACAGCT-1_contig_2,True,498,TRB,TRBV20-1,None,TRBJ2-1,TRBC2,True,True,CSARVGSEVNEQFF,TGCAGTGCTAGAGTGGGGTCGGAAGTCAATGAGCAGTTCTTC,1584,9,clonotype1,clonotype1_consensus_1
ACTGTCCAGGACAGCT-1,True,ACTGTCCAGGACAGCT-1_contig_3,True,517,TRA,TRAV10,None,TRAJ24,TRAC,True,False,None,None,790,3,clonotype1,None
ACTGTCCAGGATGCGT-1,True,ACTGTCCAGGATGCGT-1_contig_1,True,505,TRA,TRAV1-2,None,TRAJ33,TRAC,True,True,CAATDSNYQLIW,TGTGCTGCGACTGATAGCAACTATCAGTTAATCTGG,186,2,clonotype1,clonotype1_consensus_2
ACTGTCCAGGATGCGT-1,True,ACTGTCCAGGATGCGT-1_contig_2,True,498,TRB,TRBV20-1,None,TRBJ2-1,TRBC2,True,True,CSARVGSEVNEQFF,TGCAGTGCTAGAGTGGGGTCGGAAGTCAATGAGCAGTTCTTC,457,6,clonotype1,clonotype1_consensus_1
ACTGTCCAGGCACATG-1,True,ACTGTCCAGGCACATG-1_contig_1,True,503,TRB,TRBV20-1,None,TRBJ2-7,TRBC2,True,True,CSASGGAFSYEQYF,TGCAGTGCTAGTGGAGGGGCCTTCTCCTACGAGCAGTACTTC,591,7,clonotype205,clonotype205_consensus_1
ACTGTCCAGGCACATG-1,True,ACTGTCCAGGCACATG-1_contig_2,True,571,TRA,TRAV8-1,None,TRAJ29,TRAC,True,True,CAVNGLGNTPLVF,TGTGCCGTGAATGGATTAGGAAACACACCTCTTGTCTTT,1022,5,clonotype205,clonotype205_consensus_2
ACTGTCCAGGCGACAT-1,True,ACTGTCCAGGCGACAT-1_contig_1,True,459,TRA,TRAV13-1,None,TRAJ45,TRAC,True,True,CAARGGGADGLTF,TGTGCAGCAAGGGGAGGAGGTGCTGACGGACTCACCTTT,521,1,clonotype110,clonotype110_consensus_2
ACTGTCCAGGCGACAT-1,True,ACTGTCCAGGCGACAT-1_contig_2,True,512,TRB,TRBV20-1,None,TRBJ1-1,TRBC1,True,True,CRALQGGEAFF,TGCAGGGCTCTACAGGGCGGTGAAGCTTTCTTT,3722,17,clonotype110,clonotype110_consensus_1
ACTGTCCAGGCGACAT-1,True,ACTGTCCAGGCGACAT-1_contig_3,True,413,TRA,TRAV26-2,None,TRAJ52,TRAC,True,False,CCCVLLHRGELTF,TGCTGCTGTGTACTACTGCACCGGGGGGAGCTGACATTT,1808,1,clonotype110,None
ACTGTCCAGGTACTCT-1,True,ACTGTCCAGGTACTCT-1_contig_1,True,521,TRB,TRBV20-1,None,TRBJ2-1,TRBC2,True,True,CSARVGSEVNEQFF,TGCAGTGCTAGAGTGGGGTCGGAAGTCAATGAGCAGTTCTTC,2095,8,clonotype2,clonotype2_consensus_1
ACTGTCCAGGTACTCT-1,True,ACTGTCCAGGTACTCT-1_contig_2,True,431,TRA,TRAV10,None,TRAJ24,TRAC,True,False,None,None,111,1,clonotype2,None
ACTGTCCAGTTGTCGT-1,True,ACTGTCCAGTTGTCGT-1_contig_1,True,515,TRB,TRBV20-1,None,TRBJ2-5,TRBC2,True,True,CSAPTGRETQYF,TGCAGTGCCCCGACTGGGAGGGAGACCCAGTACTTC,591,7,clonotype777,clonotype777_consensus_1
ACTGTCCAGTTGTCGT-1,True,ACTGTCCAGTTGTCGT-1_contig_2,True,509,TRA,TRAV13-2,None,TRAJ39,TRAC,True,True,CAENWNAGNMLTF,TGTGCAGAGAATTGGAATGCAGGCAACATGCTCACCTTT,394,3,clonotype777,clonotype777_consensus_2
ACTGTCCCAAGTCTGT-1,True,ACTGTCCCAAGTCTGT-1_contig_1,True,505,TRA,TRAV1-2,None,TRAJ33,TRAC,True,True,CAATDSNYQLIW,TGTGCTGCGACTGATAGCAACTATCAGTTAATCTGG,861,7,clonotype1,clonotype1_consensus_2
ACTGTCCCAAGTCTGT-1,True,ACTGTCCCAAGTCTGT-1_contig_2,True,521,TRB,TRBV20-1,None,TRBJ2-1,TRBC2,True,True,CSARVGSEVNEQFF,TGCAGTGCTAGAGTGGGGTCGGAAGTCAATGAGCAGTTCTTC,472,4,clonotype1,clonotype1_consensus_1
ACTGTCCCAATCCGAT-1,True,ACTGTCCCAATCCGAT-1_contig_1,True,501,TRB,TRBV20-1,None,TRBJ2-2,TRBC2,True,True,CSASPTGSPTGELFF,TGCAGTGCTAGCCCGACAGGGTCCCCCACCGGGGAGCTGTTTTTT,1794,10,clonotype778,clonotype778_consensus_1
ACTGTCCCAATCCGAT-1,True,ACTGTCCCAATCCGAT-1_contig_2,True,618,TRA,TRAV3,None,TRAJ35,TRAC,True,True,CAVRDGGFGNVLHC,TGTGCTGTGAGAGACGGAGGCTTTGGGAATGTGCTGCATTGC,1009,6,clonotype778,clonotype778_consensus_2
ACTGTCCCAATGTAAG-1,True,ACTGTCCCAATGTAAG-1_contig_1,True,484,TRA,TRAV39,None,TRAJ48,TRAC,True,True,CAADPNFGNEKLTF,TGTGCCGCGGACCCTAACTTTGGAAATGAGAAATTAACCTTT,1048,6,clonotype26,clonotype26_consensus_2
ACTGTCCCAATGTAAG-1,True,ACTGTCCCAATGTAAG-1_contig_2,True,659,TRB,TRBV5-6,None,TRBJ1-2,TRBC1,True,True,CASSSGRLNYGYTF,TGTGCCAGCAGCTCGGGACGGCTTAACTATGGCTACACCTTC,2210,8,clonotype26,clonotype26_consensus_1
ACTGTCCCACACAGAG-1,True,ACTGTCCCACACAGAG-1_contig_1,True,456,TRA,TRAV13-1,None,TRAJ20,TRAC,True,True,CAASKGDYKLSF,TGTGCAGCAAGTAAGGGCGACTACAAGCTCAGCTTT,704,5,clonotype206,clonotype206_consensus_2
ACTGTCCCACACAGAG-1,True,ACTGTCCCACACAGAG-1_contig_2,True,494,TRB,TRBV5-5,None,TRBJ1-6,TRBC1,True,True,CASSLGGRNGSPLHF,TGTGCCAGCAGCTTGGGGGGAAGAAATGGTTCACCCCTCCACTTT,1481,6,clonotype206,clonotype206_consensus_1
ACTGTCCCACACAGAG-1,True,ACTGTCCCACACAGAG-1_contig_3,True,373,TRB,None,None,TRBJ1-4,TRBC1,False,False,None,None,190,1,clonotype206,None
ACTGTCCCAGCTATTG-1,True,ACTGTCCCAGCTATTG-1_contig_1,True,521,TRB,TRBV20-1,None,TRBJ2-1,TRBC2,True,True,CSARVGSEVNEQFF,TGCAGTGCTAGAGTGGGGTCGGAAGTCAATGAGCAGTTCTTC,915,5,clonotype2,clonotype2_consensus_1
ACTGTCCCAGCTATTG-1,True,ACTGTCCCAGCTATTG-1_contig_2,True,482,TRA,TRAV10,None,TRAJ24,TRAC,True,False,None,None,165,2,clonotype2,None
ACTGTCCCATCCCACT-1,True,ACTGTCCCATCCCACT-1_contig_1,True,505,TRA,TRAV1-2,None,TRAJ33,TRAC,True,True,CAATDSNYQLIW,TGTGCTGCGACTGATAGCAACTATCAGTTAATCTGG,133,3,clonotype1,clonotype1_consensus_2
ACTGTCCCATCCCACT-1,True,ACTGTCCCATCCCACT-1_contig_2,True,498,TRB,TRBV20-1,None,TRBJ2-1,TRBC2,True,True,CSARVGSEVNEQFF,TGCAGTGCTAGAGTGGGGTCGGAAGTCAATGAGCAGTTCTTC,690,3,clonotype1,clonotype1_consensus_1
ACTGTCCCATGATCCA-1,True,ACTGTCCCATGATCCA-1_contig_1,True,459,TRA,TRAV13-1,None,TRAJ23,TRAC,True,True,CAASMGQGGKLIF,TGTGCAGCAAGTATGGGGCAGGGAGGAAAGCTTATCTTC,593,4,clonotype779,clonotype779_consensus_1
ACTGTCCCATGATCCA-1,True,ACTGTCCCATGATCCA-1_contig_2,True,504,TRB,TRBV20-1,None,TRBJ2-3,TRBC2,True,True,CSARDGAPGKPDTQYF,TGCAGTGCTAGAGATGGGGCCCCCGGGAAACCGGATACGCAGTATTTT,2815,12,clonotype779,clonotype779_consensus_2
ACTGTCCGTACCATCA-1,True,ACTGTCCGTACCATCA-1_contig_1,True,505,TRA,TRAV1-2,None,TRAJ33,TRAC,True,True,CAATDSNYQLIW,TGTGCTGCGACTGATAGCAACTATCAGTTAATCTGG,431,4,clonotype1,clonotype1_consensus_2
ACTGTCCGTACCATCA-1,True,ACTGTCCGTACCATCA-1_contig_2,True,521,TRB,TRBV20-1,None,TRBJ2-1,TRBC2,True,True,CSARVGSEVNEQFF,TGCAGTGCTAGAGTGGGGTCGGAAGTCAATGAGCAGTTCTTC,2333,8,clonotype1,clonotype1_consensus_1
ACTGTCCGTTCAGACT-1,True,ACTGTCCGTTCAGACT-1_contig_1,True,521,TRB,TRBV20-1,None,TRBJ1-5,TRBC1,True,True,CSSQGDTRNQPQHF,TGCAGTTCACAAGGAGATACAAGGAATCAGCCCCAGCATTTT,2692,10,clonotype780,clonotype780_consensus_1
ACTGTCCGTTCAGACT-1,True,ACTGTCCGTTCAGACT-1_contig_2,True,462,TRA,TRAV21,None,TRAJ23,TRAC,True,False,None,None,626,3,clonotype780,None
ACTGTCCGTTGGTTTG-1,True,ACTGTCCGTTGGTTTG-1_contig_1,True,505,TRA,TRAV1-2,None,TRAJ33,TRAC,True,True,CAATDSNYQLIW,TGTGCTGCGACTGATAGCAACTATCAGTTAATCTGG,290,3,clonotype1,clonotype1_consensus_2
ACTGTCCGTTGGTTTG-1,True,ACTGTCCGTTGGTTTG-1_contig_2,True,521,TRB,TRBV20-1,None,TRBJ2-1,TRBC2,True,True,CSARVGSEVNEQFF,TGCAGTGCTAGAGTGGGGTCGGAAGTCAATGAGCAGTTCTTC,2026,13,clonotype1,clonotype1_consensus_1
ACTGTCCGTTGGTTTG-1,True,ACTGTCCGTTGGTTTG-1_contig_3,True,482,TRA,TRAV10,None,TRAJ24,TRAC,True,False,None,None,189,3,clonotype1,None
ACTGTCCTCCGTAGTA-1,True,ACTGTCCTCCGTAGTA-1_contig_1,True,502,TRA,TRAV1-2,None,TRAJ33,TRAC,True,True,CAATDSNYQLIW,TGTGCTGCGACTGATAGCAACTATCAGTTAATCTGG,932,4,clonotype1,clonotype1_consensus_2
ACTGTCCTCCGTAGTA-1,True,ACTGTCCTCCGTAGTA-1_contig_2,True,520,TRB,TRBV20-1,None,TRBJ2-1,TRBC2,True,True,CSARVGSEVNEQFF,TGCAGTGCTAGAGTGGGGTCGGAAGTCAATGAGCAGTTCTTC,510,4,clonotype1,clonotype1_consensus_1
ACTGTCCTCTGAGTGT-1,True,ACTGTCCTCTGAGTGT-1_contig_1,True,521,TRB,TRBV20-1,None,TRBJ1-1,TRBC1,True,True,CSAGQVTMNTEAFF,TGCAGTGCTGGACAGGTGACAATGAACACTGAAGCTTTCTTT,1851,8,clonotype76,clonotype76_consensus_1
ACTGTCCTCTGAGTGT-1,True,ACTGTCCTCTGAGTGT-1_contig_2,True,568,TRA,TRAV19,None,TRAJ33,TRAC,True,True,CALSGGSWSNYQLIW,TGTGCTCTGAGTGGGGGGTCGTGGAGCAACTATCAGTTAATCTGG,155,2,clonotype76,clonotype76_consensus_2
ACTGTCCTCTGAGTGT-1,True,ACTGTCCTCTGAGTGT-1_contig_3,True,513,TRA,TRAV14/DV4,None,TRAJ13,TRAC,True,False,None,None,135,2,clonotype76,None
ACTGTCCTCTGATACG-1,True,ACTGTCCTCTGATACG-1_contig_1,True,521,TRB,TRBV20-1,None,TRBJ2-1,TRBC2,True,True,CSARVGSEVNEQFF,TGCAGTGCTAGAGTGGGGTCGGAAGTCAATGAGCAGTTCTTC,3160,9,clonotype2,clonotype2_consensus_1
ACTGTCCTCTGATACG-1,True,ACTGTCCTCTGATACG-1_contig_2,True,482,TRA,TRAV10,None,TRAJ24,TRAC,True,False,None,None,931,4,clonotype2,None
ACTTACTAGAATTGTG-1,True,ACTTACTAGAATTGTG-1_contig_1,True,505,TRA,TRAV1-2,None,TRAJ33,TRAC,True,True,CAATDSNYQLIW,TGTGCTGCGACTGATAGCAACTATCAGTTAATCTGG,863,6,clonotype8,clonotype8_consensus_1
ACTTACTAGACAGGCT-1,True,ACTTACTAGACAGGCT-1_contig_1,True,505,TRA,TRAV1-2,None,TRAJ33,TRAC,True,True,CAATDSNYQLIW,TGTGCTGCGACTGATAGCAACTATCAGTTAATCTGG,1039,5,clonotype1,clonotype1_consensus_2
ACTTACTAGACAGGCT-1,True,ACTTACTAGACAGGCT-1_contig_2,True,521,TRB,TRBV20-1,None,TRBJ2-1,TRBC2,True,True,CSARVGSEVNEQFF,TGCAGTGCTAGAGTGGGGTCGGAAGTCAATGAGCAGTTCTTC,1843,15,clonotype1,clonotype1_consensus_1
ACTTACTAGACGACGT-1,True,ACTTACTAGACGACGT-1_contig_1,True,479,TRB,TRBV20-1,None,TRBJ2-7,TRBC2,True,True,CSARVRTYEQYF,TGCAGTGCTAGAGTGAGGACCTACGAGCAGTACTTC,882,5,clonotype781,clonotype781_consensus_1
ACTTACTAGACGACGT-1,True,ACTTACTAGACGACGT-1_contig_2,True,544,TRA,TRAV12-2,None,TRAJ15,TRAC,True,True,CAVNNQAGTALIF,TGTGCCGTGAACAACCAGGCAGGAACTGCTCTGATCTTT,970,6,clonotype781,clonotype781_consensus_2
ACTTACTAGATATGGT-1,True,ACTTACTAGATATGGT-1_contig_1,True,483,TRB,TRBV20-1,None,TRBJ1-1,TRBC1,True,True,CSAGRQLNTEAFF,TGCAGTGCCGGCAGACAATTGAACACTGAAGCTTTCTTT,1328,4,clonotype782,clonotype782_consensus_1
ACTTACTAGATATGGT-1,True,ACTTACTAGATATGGT-1_contig_2,True,478,TRA,TRAV10,None,TRAJ32,TRAC,True,True,CVVSVGATNKLIF,TGTGTGGTGAGCGTTGGTGCTACAAACAAGCTCATCTTT,406,3,clonotype782,clonotype782_consensus_2
ACTTACTAGATATGGT-1,True,ACTTACTAGATATGGT-1_contig_3,True,553,TRA,TRAV13-1,None,TRAJ5,TRAC,True,False,CRPNTGRRALTF,TGCAGGCCCAACACGGGCAGGAGAGCACTTACTTTT,264,3,clonotype782,None
ACTTACTAGCCACGTC-1,True,ACTTACTAGCCACGTC-1_contig_1,True,521,TRB,TRBV20-1,None,TRBJ2-1,TRBC2,True,True,CSARVGSEVNEQFF,TGCAGTGCTAGAGTGGGGTCGGAAGTCAATGAGCAGTTCTTC,1508,6,clonotype2,clonotype2_consensus_1
ACTTACTAGGTAAACT-1,True,ACTTACTAGGTAAACT-1_contig_1,True,505,TRA,TRAV1-2,None,TRAJ33,TRAC,True,True,CAATDSNYQLIW,TGTGCTGCGACTGATAGCAACTATCAGTTAATCTGG,2352,5,clonotype1,clonotype1_consensus_2
ACTTACTAGGTAAACT-1,True,ACTTACTAGGTAAACT-1_contig_2,True,492,TRB,TRBV20-1,None,TRBJ2-1,TRBC2,True,True,CSARVGSEVNEQFF,TGCAGTGCTAGAGTGGGGTCGGAAGTCAATGAGCAGTTCTTC,1404,11,clonotype1,clonotype1_consensus_1
ACTTACTAGGTGCTTT-1,True,ACTTACTAGGTGCTTT-1_contig_1,True,498,TRB,TRBV20-1,None,TRBJ1-1,TRBC1,True,True,CSARVAGFGTEAFF,TGCAGTGCTAGAGTAGCCGGGTTTGGAACTGAAGCTTTCTTT,3125,9,clonotype783,clonotype783_consensus_1
ACTTACTAGGTGCTTT-1,True,ACTTACTAGGTGCTTT-1_contig_2,True,381,TRA,TRAV13-1,None,None,None,False,False,None,None,22,2,clonotype783,None
ACTTACTAGTACACCT-1,True,ACTTACTAGTACACCT-1_contig_1,True,624,TRA,TRAV3,None,TRAJ13,TRAC,True,True,CAVRDSNSGGYQKVTF,TGTGCTGTGAGAGACAGCAATTCTGGGGGTTACCAGAAAGTTACCTTT,640,6,clonotype207,clonotype207_consensus_1
ACTTACTAGTACACCT-1,True,ACTTACTAGTACACCT-1_contig_2,True,508,TRB,TRBV20-1,None,TRBJ1-1,TRBC1,True,True,CSVYRDPWNEAFF,TGCAGTGTCTACCGGGACCCCTGGAATGAAGCTTTCTTT,2314,5,clonotype207,clonotype207_consensus_3
ACTTACTAGTACACCT-1,True,ACTTACTAGTACACCT-1_contig_3,True,541,TRA,TRAV6,None,TRAJ6,TRAC,True,True,CAPAGESGGSYIPTF,TGTGCTCCGGCCGGAGAATCAGGAGGAAGCTACATACCTACATTT,843,2,clonotype207,clonotype207_consensus_2
ACTTACTAGTACACCT-1,True,ACTTACTAGTACACCT-1_contig_4,True,491,TRB,TRBV4-1,None,TRBJ1-3,None,True,False,CISAPAAQSVAGRSGNTIYF,TGTATCTCTGCGCCAGCAGCCCAGTCGGTCGCGGGCCGCTCTGGAAACACCATATATTTT,77,1,clonotype207,None
ACTTACTAGTCCAGGA-1,True,ACTTACTAGTCCAGGA-1_contig_1,True,583,TRA,TRAV29/DV5,None,TRAJ52,TRAC,True,True,CAASRPGAGGTSYGKLTF,TGTGCAGCAAGCCGCCCGGGGGCTGGTGGTACTAGCTATGGAAAGCTGACATTT,1758,10,clonotype54,clonotype54_consensus_1
ACTTACTAGTCCAGGA-1,True,ACTTACTAGTCCAGGA-1_contig_2,True,538,TRB,TRBV5-5,None,TRBJ1-6,TRBC1,True,True,CASSFVADNSPLHF,TGTGCCAGCAGCTTCGTGGCGGATAATTCACCCCTCCACTTT,1397,10,clonotype54,clonotype54_consensus_2
ACTTACTAGTCTTGCA-1,True,ACTTACTAGTCTTGCA-1_contig_1,True,505,TRA,TRAV1-2,None,TRAJ33,TRAC,True,True,CAATDSNYQLIW,TGTGCTGCGACTGATAGCAACTATCAGTTAATCTGG,270,2,clonotype1,clonotype1_consensus_2
ACTTACTAGTCTTGCA-1,True,ACTTACTAGTCTTGCA-1_contig_2,True,521,TRB,TRBV20-1,None,TRBJ2-1,TRBC2,True,True,CSARVGSEVNEQFF,TGCAGTGCTAGAGTGGGGTCGGAAGTCAATGAGCAGTTCTTC,2912,9,clonotype1,clonotype1_consensus_1
ACTTACTCAAACCTAC-1,True,ACTTACTCAAACCTAC-1_contig_1,True,505,TRA,TRAV1-2,None,TRAJ33,TRAC,True,True,CAATDSNYQLIW,TGTGCTGCGACTGATAGCAACTATCAGTTAATCTGG,795,6,clonotype1,clonotype1_consensus_2
ACTTACTCAAACCTAC-1,True,ACTTACTCAAACCTAC-1_contig_2,True,521,TRB,TRBV20-1,None,TRBJ2-1,TRBC2,True,True,CSARVGSEVNEQFF,TGCAGTGCTAGAGTGGGGTCGGAAGTCAATGAGCAGTTCTTC,2860,11,clonotype1,clonotype1_consensus_1
ACTTACTCAAGTCTGT-1,True,ACTTACTCAAGTCTGT-1_contig_1,True,518,TRB,TRBV20-1,None,TRBJ1-3,TRBC1,True,True,CSAYDSSGNTIYF,TGCAGTGCATATGACAGCTCTGGAAACACCATATATTTT,653,4,clonotype784,clonotype784_consensus_2
ACTTACTCAAGTCTGT-1,True,ACTTACTCAAGTCTGT-1_contig_2,True,495,TRA,TRAV9-2,None,TRAJ22,TRAC,True,True,CALGPSGSARQLTF,TGTGCTCTGGGGCCTTCTGGTTCTGCAAGGCAACTGACCTTT,448,3,clonotype784,clonotype784_consensus_1
ACTTACTCAATTGCTG-1,True,ACTTACTCAATTGCTG-1_contig_1,True,518,TRB,TRBV20-1,None,TRBJ1-1,TRBC1,True,True,CSAWRGTNTEAFF,TGCAGTGCCTGGCGGGGGACGAACACTGAAGCTTTCTTT,2087,9,clonotype785,clonotype785_consensus_1
ACTTACTCAATTGCTG-1,True,ACTTACTCAATTGCTG-1_contig_2,True,462,TRA,TRAV13-1,None,TRAJ5,TRAC,True,True,CAASSGTGRRALTF,TGTGCAGCAAGTAGCGGCACGGGCAGGAGAGCACTTACTTTT,747,8,clonotype785,clonotype785_consensus_2
ACTTACTCACAGCGTC-1,True,ACTTACTCACAGCGTC-1_contig_1,True,505,TRA,TRAV1-2,None,TRAJ33,TRAC,True,True,CAATDSNYQLIW,TGTGCTGCGACTGATAGCAACTATCAGTTAATCTGG,367,4,clonotype1,clonotype1_consensus_2
ACTTACTCACAGCGTC-1,True,ACTTACTCACAGCGTC-1_contig_2,True,521,TRB,TRBV20-1,None,TRBJ2-1,TRBC2,True,True,CSARVGSEVNEQFF,TGCAGTGCTAGAGTGGGGTCGGAAGTCAATGAGCAGTTCTTC,933,9,clonotype1,clonotype1_consensus_1
ACTTACTCAGTAAGAT-1,True,ACTTACTCAGTAAGAT-1_contig_1,True,505,TRA,TRAV1-2,None,TRAJ33,TRAC,True,True,CAATDSNYQLIW,TGTGCTGCGACTGATAGCAACTATCAGTTAATCTGG,609,1,clonotype1,clonotype1_consensus_2
ACTTACTCAGTAAGAT-1,True,ACTTACTCAGTAAGAT-1_contig_2,True,521,TRB,TRBV20-1,None,TRBJ2-1,TRBC2,True,True,CSARVGSEVNEQFF,TGCAGTGCTAGAGTGGGGTCGGAAGTCAATGAGCAGTTCTTC,1579,8,clonotype1,clonotype1_consensus_1
ACTTACTCAGTAAGAT-1,True,ACTTACTCAGTAAGAT-1_contig_3,True,465,TRA,TRAV10,None,TRAJ24,TRAC,True,False,None,None,182,1,clonotype1,None
ACTTACTCATCGGGTC-1,True,ACTTACTCATCGGGTC-1_contig_1,True,482,TRB,TRBV20-1,None,TRBJ1-2,TRBC1,True,True,CSARDPLTDGYTF,TGCAGTGCTAGAGATCCTCTAACAGATGGCTACACCTTC,320,4,clonotype786,clonotype786_consensus_2
ACTTACTCATCGGGTC-1,True,ACTTACTCATCGGGTC-1_contig_2,True,504,TRB,TRBV20-1,None,TRBJ1-4,TRBC1,True,True,CSARVEGPRDNEKLFF,TGCAGTGCTAGAGTGGAAGGCCCTAGAGATAATGAAAAACTGTTTTTT,1139,6,clonotype786,clonotype786_consensus_3
ACTTACTCATCGGGTC-1,True,ACTTACTCATCGGGTC-1_contig_3,True,505,TRA,TRAV23/DV6,None,TRAJ58,TRAC,True,True,CAAGPRGSRLTF,TGTGCAGCGGGGCCGAGGGGCTCTAGGTTGACCTTT,238,3,clonotype786,clonotype786_consensus_1
ACTTACTCATCGGGTC-1,True,ACTTACTCATCGGGTC-1_contig_4,True,497,TRA,TRAV16,None,TRAJ3,TRAC,True,False,None,None,45,2,clonotype786,None
ACTTACTCATTACCTT-1,True,ACTTACTCATTACCTT-1_contig_1,True,524,TRB,TRBV20-1,None,TRBJ2-7,TRBC2,True,True,CSARDRAALSYEQYF,TGCAGTGCTAGAGATCGGGCTGCGCTATCCTACGAGCAGTACTTC,3573,16,clonotype787,clonotype787_consensus_2
ACTTACTCATTACCTT-1,True,ACTTACTCATTACCTT-1_contig_2,True,465,TRA,TRAV13-1,None,TRAJ3,TRAC,True,True,CAARRRDSSASKIIF,TGTGCAGCCAGGAGGAGGGACAGCAGTGCTTCCAAGATAATCTTT,567,6,clonotype787,clonotype787_consensus_1
ACTTACTGTATGGTTC-1,True,ACTTACTGTATGGTTC-1_contig_1,True,505,TRA,TRAV1-2,None,TRAJ33,TRAC,True,True,CAATDSNYQLIW,TGTGCTGCGACTGATAGCAACTATCAGTTAATCTGG,373,3,clonotype1,clonotype1_consensus_2
ACTTACTGTATGGTTC-1,True,ACTTACTGTATGGTTC-1_contig_2,True,473,TRB,TRBV20-1,None,TRBJ2-1,TRBC2,True,True,CSARVGSEVNEQFF,TGCAGTGCTAGAGTGGGGTCGGAAGTCAATGAGCAGTTCTTC,1745,6,clonotype1,clonotype1_consensus_1
ACTTACTGTCTGCAAT-1,True,ACTTACTGTCTGCAAT-1_contig_1,True,506,TRA,TRAV13-2,None,TRAJ16,TRAC,True,True,CAENMNGQKLLF,TGTGCAGAGAATATGAATGGCCAGAAGCTGCTCTTT,794,2,clonotype208,clonotype208_consensus_1
ACTTACTGTCTGCAAT-1,True,ACTTACTGTCTGCAAT-1_contig_2,True,483,TRB,TRBV5-5,None,TRBJ1-1,TRBC1,True,True,CASSVSTGNTEAFF,TGTGCCAGCAGCGTCTCGACAGGGAACACTGAAGCTTTCTTT,1514,6,clonotype208,clonotype208_consensus_2
ACTTACTGTTGACGTT-1,True,ACTTACTGTTGACGTT-1_contig_1,True,512,TRA,TRAV13-2,None,TRAJ52,TRAC,True,True,CAETRGTSYGKLTF,TGTGCAGAGACTCGTGGTACTAGCTATGGAAAGCTGACATTT,613,5,clonotype209,clonotype209_consensus_2
ACTTACTGTTGACGTT-1,True,ACTTACTGTTGACGTT-1_contig_2,True,658,TRB,TRBV5-6,None,TRBJ1-5,TRBC1,True,True,CASSLAWGSNQPQHF,TGTGCCAGCAGCTTGGCCTGGGGTAGCAATCAGCCCCAGCATTTT,460,5,clonotype209,clonotype209_consensus_1
ACTTACTTCAACGAAA-1,True,ACTTACTTCAACGAAA-1_contig_1,True,462,TRA,TRAV13-1,None,TRAJ53,TRAC,True,True,CPHLQGGSNYKLTF,TGTCCACACCTACAGGGAGGTAGCAACTATAAACTGACATTT,1298,4,clonotype788,clonotype788_consensus_1
ACTTACTTCAACGAAA-1,True,ACTTACTTCAACGAAA-1_contig_2,True,524,TRB,TRBV20-1,None,TRBJ1-2,TRBC1,True,True,CSARVSRGQVYGYTF,TGCAGTGCTAGAGTCAGCCGGGGGCAGGTCTATGGCTACACCTTC,955,9,clonotype788,clonotype788_consensus_2
ACTTACTTCCCGACTT-1,True,ACTTACTTCCCGACTT-1_contig_1,True,514,TRB,TRBV20-1,None,TRBJ2-1,TRBC2,True,True,CSARVGSEVNEQFF,TGCAGTGCTAGAGTGGGGTCGGAAGTCAATGAGCAGTTCTTC,1203,9,clonotype2,clonotype2_consensus_1
ACTTACTTCCCTTGCA-1,True,ACTTACTTCCCTTGCA-1_contig_1,True,505,TRA,TRAV1-2,None,TRAJ33,TRAC,True,True,CAATDSNYQLIW,TGTGCTGCGACTGATAGCAACTATCAGTTAATCTGG,841,6,clonotype1,clonotype1_consensus_2
ACTTACTTCCCTTGCA-1,True,ACTTACTTCCCTTGCA-1_contig_2,True,521,TRB,TRBV20-1,None,TRBJ2-1,TRBC2,True,True,CSARVGSEVNEQFF,TGCAGTGCTAGAGTGGGGTCGGAAGTCAATGAGCAGTTCTTC,1687,12,clonotype1,clonotype1_consensus_1
ACTTACTTCCGCGTTT-1,True,ACTTACTTCCGCGTTT-1_contig_1,True,618,TRA,TRAV3,None,TRAJ29,TRAC,True,True,CAVRDYSGNTPLVF,TGTGCTGTGAGAGACTACTCAGGAAACACACCTCTTGTCTTT,204,1,clonotype789,clonotype789_consensus_1
ACTTACTTCCGCGTTT-1,True,ACTTACTTCCGCGTTT-1_contig_2,True,521,TRB,TRBV20-1,None,TRBJ1-5,TRBC1,True,True,CSASGLAGVQPQHF,TGCAGTGCTAGCGGCTTAGCAGGGGTTCAGCCCCAGCATTTT,1044,9,clonotype789,clonotype789_consensus_2
ACTTACTTCTCCAACC-1,True,ACTTACTTCTCCAACC-1_contig_1,True,505,TRA,TRAV1-2,None,TRAJ33,TRAC,True,True,CAATDSNYQLIW,TGTGCTGCGACTGATAGCAACTATCAGTTAATCTGG,129,1,clonotype1,clonotype1_consensus_2
ACTTACTTCTCCAACC-1,True,ACTTACTTCTCCAACC-1_contig_2,True,521,TRB,TRBV20-1,None,TRBJ2-1,TRBC2,True,True,CSARVGSEVNEQFF,TGCAGTGCTAGAGTGGGGTCGGAAGTCAATGAGCAGTTCTTC,837,7,clonotype1,clonotype1_consensus_1
ACTTACTTCTCCAACC-1,True,ACTTACTTCTCCAACC-1_contig_3,True,471,TRA,TRAV10,None,TRAJ24,TRAC,True,False,None,None,2813,1,clonotype1,None
ACTTGTTAGATATGGT-1,True,ACTTGTTAGATATGGT-1_contig_1,True,487,TRA,TRAV1-2,None,TRAJ33,TRAC,True,True,CAATDSNYQLIW,TGTGCTGCGACTGATAGCAACTATCAGTTAATCTGG,1430,5,clonotype1,clonotype1_consensus_2
ACTTGTTAGATATGGT-1,True,ACTTGTTAGATATGGT-1_contig_2,True,521,TRB,TRBV20-1,None,TRBJ2-1,TRBC2,True,True,CSARVGSEVNEQFF,TGCAGTGCTAGAGTGGGGTCGGAAGTCAATGAGCAGTTCTTC,274,3,clonotype1,clonotype1_consensus_1
ACTTGTTAGCAGGTCA-1,True,ACTTGTTAGCAGGTCA-1_contig_1,True,505,TRA,TRAV1-2,None,TRAJ33,TRAC,True,True,CAATDSNYQLIW,TGTGCTGCGACTGATAGCAACTATCAGTTAATCTGG,237,4,clonotype1,clonotype1_consensus_2
ACTTGTTAGCAGGTCA-1,True,ACTTGTTAGCAGGTCA-1_contig_2,True,518,TRB,TRBV20-1,None,TRBJ2-1,TRBC2,True,True,CSARVGSEVNEQFF,TGCAGTGCTAGAGTGGGGTCGGAAGTCAATGAGCAGTTCTTC,1614,10,clonotype1,clonotype1_consensus_1
ACTTGTTAGGATCGCA-1,True,ACTTGTTAGGATCGCA-1_contig_1,True,515,TRB,TRBV20-1,None,TRBJ2-7,TRBC2,True,True,CSALGNSYEQYF,TGCAGTGCCCTCGGGAACTCCTACGAGCAGTACTTC,1014,5,clonotype790,clonotype790_consensus_1
ACTTGTTAGGGTATCG-1,True,ACTTGTTAGGGTATCG-1_contig_1,True,453,TRA,TRAV13-1,None,TRAJ21,TRAC,True,True,CAARGFNKFYF,TGTGCAGCACGCGGCTTCAACAAATTTTACTTT,1477,9,clonotype791,clonotype791_consensus_2
ACTTGTTAGGGTATCG-1,True,ACTTGTTAGGGTATCG-1_contig_2,True,501,TRB,TRBV20-1,None,TRBJ2-2,TRBC2,True,True,CSADRALGDTGELFF,TGCAGTGCCGACCGGGCCCTCGGGGACACCGGGGAGCTGTTTTTT,2525,14,clonotype791,clonotype791_consensus_1
ACTTGTTAGGGTATCG-1,True,ACTTGTTAGGGTATCG-1_contig_3,True,416,TRA,TRAV9-2,None,TRAJ36,None,True,False,CALSDLNW,TGTGCTCTGAGTGATCTAAACTGG,131,1,clonotype791,None
ACTTGTTCACGACGAA-1,True,ACTTGTTCACGACGAA-1_contig_1,True,491,TRA,TRAV20,None,TRAJ24,TRAC,True,True,CAVMTTDSWGKFQF,TGTGCTGTTATGACAACTGACAGCTGGGGGAAATTCCAGTTT,449,3,clonotype7,clonotype7_consensus_2
ACTTGTTCACGACGAA-1,True,ACTTGTTCACGACGAA-1_contig_2,True,662,TRB,TRBV5-5,None,TRBJ2-7,TRBC2,True,True,CASSSLVEQGAYEQYF,TGTGCCAGCAGCTCGCTCGTAGAGCAGGGGGCCTACGAGCAGTACTTC,1059,5,clonotype7,clonotype7_consensus_1
ACTTGTTCACTTACGA-1,True,ACTTGTTCACTTACGA-1_contig_1,True,505,TRA,TRAV1-2,None,TRAJ33,TRAC,True,True,CAATDSNYQLIW,TGTGCTGCGACTGATAGCAACTATCAGTTAATCTGG,417,2,clonotype1,clonotype1_consensus_2
ACTTGTTCACTTACGA-1,True,ACTTGTTCACTTACGA-1_contig_2,True,521,TRB,TRBV20-1,None,TRBJ2-1,TRBC2,True,True,CSARVGSEVNEQFF,TGCAGTGCTAGAGTGGGGTCGGAAGTCAATGAGCAGTTCTTC,1113,6,clonotype1,clonotype1_consensus_1
ACTTGTTCAGCTTCGG-1,True,ACTTGTTCAGCTTCGG-1_contig_1,True,498,TRB,TRBV20-1,None,TRBJ2-1,TRBC2,True,True,CSARVGSEVNEQFF,TGCAGTGCTAGAGTGGGGTCGGAAGTCAATGAGCAGTTCTTC,737,7,clonotype2,clonotype2_consensus_1
ACTTGTTCATGTTGAC-1,True,ACTTGTTCATGTTGAC-1_contig_1,True,523,TRA,TRAV14/DV4,None,TRAJ21,TRAC,True,True,CAMRGGDNFNKFYF,TGTGCAATGAGAGGGGGGGACAACTTCAACAAATTTTACTTT,181,1,clonotype792,clonotype792_consensus_1
ACTTGTTCATGTTGAC-1,True,ACTTGTTCATGTTGAC-1_contig_2,True,618,TRA,TRAV3,None,TRAJ22,TRAC,True,True,CAVRQMGSARQLTF,TGTGCTGTGAGGCAGATGGGTTCTGCAAGGCAACTGACCTTT,223,1,clonotype792,clonotype792_consensus_3
ACTTGTTCATGTTGAC-1,True,ACTTGTTCATGTTGAC-1_contig_3,True,510,TRB,TRBV5-5,None,TRBJ1-1,TRBC1,True,True,CASSGGTLNTEAFF,TGTGCCAGCAGTGGGGGCACGCTGAACACTGAAGCTTTCTTT,1257,5,clonotype792,clonotype792_consensus_2
ACTTGTTCATTTGCTT-1,True,ACTTGTTCATTTGCTT-1_contig_1,True,469,TRB,TRBV5-6,None,TRBJ2-7,TRBC2,True,True,CASSLAKEQYF,TGTGCCAGCAGCTTGGCAAAGGAGCAGTACTTC,1276,7,clonotype16,clonotype16_consensus_1
ACTTGTTGTAAGAGAG-1,True,ACTTGTTGTAAGAGAG-1_contig_1,True,505,TRA,TRAV1-2,None,TRAJ33,TRAC,True,True,CAATDSNYQLIW,TGTGCTGCGACTGATAGCAACTATCAGTTAATCTGG,3614,3,clonotype1,clonotype1_consensus_2
ACTTGTTGTAAGAGAG-1,True,ACTTGTTGTAAGAGAG-1_contig_2,True,521,TRB,TRBV20-1,None,TRBJ2-1,TRBC2,True,True,CSARVGSEVNEQFF,TGCAGTGCTAGAGTGGGGTCGGAAGTCAATGAGCAGTTCTTC,983,9,clonotype1,clonotype1_consensus_1
ACTTGTTGTCAGCTAT-1,True,ACTTGTTGTCAGCTAT-1_contig_1,True,521,TRB,TRBV20-1,None,TRBJ1-5,TRBC1,True,True,CSASTGYSNQPQHF,TGCAGTGCTAGTACGGGTTATAGCAATCAGCCCCAGCATTTT,1460,8,clonotype793,clonotype793_consensus_1
ACTTGTTGTCAGCTAT-1,True,ACTTGTTGTCAGCTAT-1_contig_2,True,314,TRB,None,None,TRBJ2-7,TRBC2,False,False,None,None,2033,7,clonotype793,None
ACTTGTTGTCAGCTAT-1,True,ACTTGTTGTCAGCTAT-1_contig_3,True,565,TRA,TRAV16,None,TRAJ33,TRAC,True,False,None,None,87,3,clonotype793,None
ACTTGTTGTTTGTTTC-1,True,ACTTGTTGTTTGTTTC-1_contig_1,True,505,TRA,TRAV1-2,None,TRAJ33,TRAC,True,True,CAATDSNYQLIW,TGTGCTGCGACTGATAGCAACTATCAGTTAATCTGG,325,4,clonotype1,clonotype1_consensus_2
ACTTGTTGTTTGTTTC-1,True,ACTTGTTGTTTGTTTC-1_contig_2,True,521,TRB,TRBV20-1,None,TRBJ2-1,TRBC2,True,True,CSARVGSEVNEQFF,TGCAGTGCTAGAGTGGGGTCGGAAGTCAATGAGCAGTTCTTC,1040,8,clonotype1,clonotype1_consensus_1
ACTTGTTTCAACACTG-1,True,ACTTGTTTCAACACTG-1_contig_1,True,505,TRA,TRAV1-2,None,TRAJ33,TRAC,True,True,CAATDSNYQLIW,TGTGCTGCGACTGATAGCAACTATCAGTTAATCTGG,214,3,clonotype1,clonotype1_consensus_2
ACTTGTTTCAACACTG-1,True,ACTTGTTTCAACACTG-1_contig_2,True,498,TRB,TRBV20-1,None,TRBJ2-1,TRBC2,True,True,CSARVGSEVNEQFF,TGCAGTGCTAGAGTGGGGTCGGAAGTCAATGAGCAGTTCTTC,330,7,clonotype1,clonotype1_consensus_1
ACTTGTTTCAACACTG-1,True,ACTTGTTTCAACACTG-1_contig_3,True,465,TRA,TRAV10,None,TRAJ24,TRAC,True,False,None,None,175,1,clonotype1,None
ACTTGTTTCAGGATCT-1,True,ACTTGTTTCAGGATCT-1_contig_1,True,574,TRA,TRAV8-1,None,TRAJ47,TRAC,True,True,CAVKFPTYANKLVF,TGTGCCGTGAAATTCCCCACATATGCCAACAAACTGGTCTTT,989,3,clonotype794,clonotype794_consensus_2
ACTTGTTTCAGGATCT-1,True,ACTTGTTTCAGGATCT-1_contig_2,True,488,TRB,TRBV20-1,None,TRBJ2-7,TRBC2,True,True,CSALELAGYYEQYF,TGCAGTGCTTTAGAACTAGCGGGGTACTACGAGCAGTACTTC,1231,4,clonotype794,clonotype794_consensus_1
ACTTGTTTCAGGATCT-1,True,ACTTGTTTCAGGATCT-1_contig_3,True,318,TRB,None,None,TRBJ2-5,TRBC2,False,False,None,None,564,3,clonotype794,None
ACTTGTTTCCACTCCA-1,True,ACTTGTTTCCACTCCA-1_contig_1,True,479,TRB,TRBV20-1,None,TRBJ1-2,TRBC1,True,True,CSAREFNYGYTF,TGCAGTGCTAGAGAATTCAACTATGGCTACACCTTC,136,2,clonotype210,clonotype210_consensus_2
ACTTGTTTCCACTCCA-1,True,ACTTGTTTCCACTCCA-1_contig_2,True,571,TRA,TRAV29/DV5,None,TRAJ57,TRAC,True,True,CAAVTQGGSEKLVF,TGTGCAGCAGTAACTCAGGGCGGATCTGAAAAGCTGGTCTTT,740,4,clonotype210,clonotype210_consensus_1
ACTTGTTTCCACTCCA-1,True,ACTTGTTTCCACTCCA-1_contig_3,True,416,TRB,None,None,TRBJ1-5,TRBC1,False,False,None,None,162,2,clonotype210,None
ACTTGTTTCCGCAGTG-1,True,ACTTGTTTCCGCAGTG-1_contig_1,True,505,TRA,TRAV1-2,None,TRAJ33,TRAC,True,True,CAVLDSNYQLIW,TGTGCTGTCCTGGATAGCAACTATCAGTTAATCTGG,274,2,clonotype67,clonotype67_consensus_1
ACTTGTTTCCGCAGTG-1,True,ACTTGTTTCCGCAGTG-1_contig_2,True,498,TRB,TRBV20-1,None,TRBJ1-1,TRBC1,True,True,CSARGQRGHTEAFF,TGCAGTGCTAGAGGCCAGCGAGGCCACACTGAAGCTTTCTTT,757,5,clonotype67,clonotype67_consensus_2
ACTTGTTTCGGTCCGA-1,True,ACTTGTTTCGGTCCGA-1_contig_1,True,505,TRA,TRAV1-2,None,TRAJ33,TRAC,True,True,CAATDSNYQLIW,TGTGCTGCGACTGATAGCAACTATCAGTTAATCTGG,2571,2,clonotype1,clonotype1_consensus_2
ACTTGTTTCGGTCCGA-1,True,ACTTGTTTCGGTCCGA-1_contig_2,True,495,TRB,TRBV20-1,None,TRBJ2-1,TRBC2,True,True,CSARVGSEVNEQFF,TGCAGTGCTAGAGTGGGGTCGGAAGTCAATGAGCAGTTCTTC,2101,7,clonotype1,clonotype1_consensus_1
ACTTGTTTCTCTTATG-1,True,ACTTGTTTCTCTTATG-1_contig_1,True,505,TRA,TRAV1-2,None,TRAJ33,TRAC,True,True,CAATDSNYQLIW,TGTGCTGCGACTGATAGCAACTATCAGTTAATCTGG,1053,5,clonotype1,clonotype1_consensus_2
ACTTGTTTCTCTTATG-1,True,ACTTGTTTCTCTTATG-1_contig_2,True,515,TRB,TRBV20-1,None,TRBJ2-1,TRBC2,True,True,CSARVGSEVNEQFF,TGCAGTGCTAGAGTGGGGTCGGAAGTCAATGAGCAGTTCTTC,2998,16,clonotype1,clonotype1_consensus_1
ACTTGTTTCTCTTATG-1,True,ACTTGTTTCTCTTATG-1_contig_3,True,457,TRA,TRAV10,None,TRAJ24,TRAC,True,False,None,None,1912,2,clonotype1,None
ACTTGTTTCTTATCTG-1,True,ACTTGTTTCTTATCTG-1_contig_1,True,653,TRB,TRBV5-5,None,TRBJ1-1,TRBC1,True,True,CASSLDVSTEAFF,TGTGCCAGCAGCCTGGACGTGAGCACTGAAGCTTTCTTT,2088,14,clonotype795,clonotype795_consensus_2
ACTTGTTTCTTATCTG-1,True,ACTTGTTTCTTATCTG-1_contig_2,True,544,TRA,TRAV12-2,None,TRAJ43,TRAC,True,True,CAVNAGNNNDMRF,TGTGCCGTGAACGCGGGCAATAACAATGACATGCGCTTT,669,9,clonotype795,clonotype795_consensus_1
ACTTTCAAGAGTCTGG-1,True,ACTTTCAAGAGTCTGG-1_contig_1,True,467,TRB,TRBV20-1,None,TRBJ2-5,TRBC2,True,True,CSAPGAGRTQYF,TGCAGTGCACCAGGGGCAGGCCGGACCCAGTACTTC,2567,16,clonotype796,clonotype796_consensus_2
ACTTTCAAGAGTCTGG-1,True,ACTTTCAAGAGTCTGG-1_contig_2,True,574,TRA,TRAV29/DV5,None,TRAJ42,TRAC,True,True,CAAIGYGGSQGNLIF,TGTGCAGCAATCGGTTATGGAGGAAGCCAAGGAAATCTCATCTTT,226,4,clonotype796,clonotype796_consensus_1
ACTTTCAAGAGTCTGG-1,True,ACTTTCAAGAGTCTGG-1_contig_3,True,486,TRA,TRAV30,None,TRAJ15,TRAC,True,False,None,None,148,2,clonotype796,None
ACTTTCACAGATGGCA-1,True,ACTTTCACAGATGGCA-1_contig_1,True,505,TRA,TRAV1-2,None,TRAJ33,TRAC,True,True,CAATDSNYQLIW,TGTGCTGCGACTGATAGCAACTATCAGTTAATCTGG,2362,6,clonotype1,clonotype1_consensus_2
ACTTTCACAGATGGCA-1,True,ACTTTCACAGATGGCA-1_contig_2,True,521,TRB,TRBV20-1,None,TRBJ2-1,TRBC2,True,True,CSARVGSEVNEQFF,TGCAGTGCTAGAGTGGGGTCGGAAGTCAATGAGCAGTTCTTC,1174,8,clonotype1,clonotype1_consensus_1
ACTTTCACAGCGAACA-1,True,ACTTTCACAGCGAACA-1_contig_1,True,464,TRB,TRBV20-1,None,TRBJ1-1,TRBC1,True,True,CSAREGGTEAFF,TGCAGTGCTAGGGAGGGAGGGACTGAAGCTTTCTTT,521,4,clonotype797,clonotype797_consensus_2
ACTTTCACAGCGAACA-1,True,ACTTTCACAGCGAACA-1_contig_2,True,482,TRA,TRAV4,None,TRAJ31,TRAC,True,True,CLVGPRAINNNARLMF,TGCCTCGTGGGTCCCCGGGCAATAAATAACAATGCCAGACTCATGTTT,960,5,clonotype797,clonotype797_consensus_1
ACTTTCACAGCTGTTA-1,True,ACTTTCACAGCTGTTA-1_contig_1,True,650,TRB,TRBV5-6,None,TRBJ2-2,TRBC2,True,True,CASSFAAGELFF,TGTGCCAGCAGCTTTGCAGCCGGGGAGCTGTTTTTT,1207,7,clonotype211,clonotype211_consensus_1
ACTTTCAGTACCTACA-1,True,ACTTTCAGTACCTACA-1_contig_1,True,515,TRB,TRBV20-1,None,TRBJ1-5,TRBC1,True,True,CSASRPNQPQHF,TGCAGTGCCAGTAGACCCAATCAGCCCCAGCATTTT,2771,8,clonotype212,clonotype212_consensus_1
ACTTTCAGTACCTACA-1,True,ACTTTCAGTACCTACA-1_contig_2,True,665,TRA,TRAV8-6,None,TRAJ47,TRAC,True,True,CAVSASNEYGNKLVF,TGTGCTGTGAGTGCCTCCAACGAATATGGAAACAAACTGGTCTTT,2208,6,clonotype212,clonotype212_consensus_2
ACTTTCAGTAGAGTGC-1,True,ACTTTCAGTAGAGTGC-1_contig_1,True,521,TRB,TRBV20-1,None,TRBJ2-7,TRBC2,True,True,CSAKDRGGLYEQYF,TGCAGTGCTAAGGACAGGGGGGGCCTCTACGAGCAGTACTTC,323,5,clonotype69,clonotype69_consensus_2
ACTTTCAGTAGAGTGC-1,True,ACTTTCAGTAGAGTGC-1_contig_2,True,520,TRA,TRAV29/DV5,None,TRAJ22,TRAC,True,True,CAASPISSGSARQLTF,TGTGCAGCAAGCCCCATTTCTTCTGGTTCTGCAAGGCAACTGACCTTT,1427,3,clonotype69,clonotype69_consensus_1
ACTTTCAGTAGCGTAG-1,True,ACTTTCAGTAGCGTAG-1_contig_1,True,556,TRB,TRBV6-9,None,TRBJ2-6,TRBC2,True,True,CASNLNQTGINSGANVLTF,TGTGCCAGCAACTTGAATCAGACAGGTATCAACTCTGGGGCCAACGTCCTGACTTTC,526,5,clonotype15,clonotype15_consensus_1
ACTTTCAGTAGCGTAG-1,True,ACTTTCAGTAGCGTAG-1_contig_2,True,463,TRA,TRAV13-1,None,TRAJ16,TRAC,True,True,CAASSGFSDGQKLLF,TGTGCAGCAAGTTCGGGTTTTTCAGATGGCCAGAAGCTGCTCTTT,413,3,clonotype15,clonotype15_consensus_3
ACTTTCAGTAGCGTAG-1,True,ACTTTCAGTAGCGTAG-1_contig_3,True,661,TRB,TRBV5-6,None,TRBJ2-6,TRBC2,True,True,CASSLQGTGANVLTF,TGTGCCAGCAGCTTGCAGGGGACTGGGGCCAACGTCCTGACTTTC,1534,9,clonotype15,clonotype15_consensus_2
ACTTTCAGTAGTGAAT-1,True,ACTTTCAGTAGTGAAT-1_contig_1,True,684,TRA,TRAV8-3,None,TRAJ27,TRAC,True,True,CAVGGRTNAGKSTF,TGTGCTGTGGGTGGGAGGACCAATGCAGGCAAATCAACCTTT,1137,11,clonotype798,clonotype798_consensus_2
ACTTTCAGTAGTGAAT-1,True,ACTTTCAGTAGTGAAT-1_contig_2,True,493,TRB,TRBV5-6,None,TRBJ2-6,TRBC2,True,True,CASSLSDSGANVLTF,TGTGCCAGCAGCTTGTCAGACTCTGGGGCCAACGTCCTGACTTTC,2513,13,clonotype798,clonotype798_consensus_1
ACTTTCAGTATAGTAG-1,True,ACTTTCAGTATAGTAG-1_contig_1,True,505,TRA,TRAV1-2,None,TRAJ33,TRAC,True,True,CAATDSNYQLIW,TGTGCTGCGACTGATAGCAACTATCAGTTAATCTGG,1117,3,clonotype1,clonotype1_consensus_2
ACTTTCAGTATAGTAG-1,True,ACTTTCAGTATAGTAG-1_contig_2,True,495,TRB,TRBV20-1,None,TRBJ2-1,TRBC2,True,True,CSARVGSEVNEQFF,TGCAGTGCTAGAGTGGGGTCGGAAGTCAATGAGCAGTTCTTC,586,6,clonotype1,clonotype1_consensus_1
ACTTTCAGTCGAAAGC-1,True,ACTTTCAGTCGAAAGC-1_contig_1,True,521,TRB,TRBV20-1,None,TRBJ2-1,TRBC2,True,True,CSARVGSEVNEQFF,TGCAGTGCTAGAGTGGGGTCGGAAGTCAATGAGCAGTTCTTC,1349,10,clonotype2,clonotype2_consensus_1
ACTTTCAGTGCAACTT-1,True,ACTTTCAGTGCAACTT-1_contig_1,True,580,TRA,TRAV8-1,None,TRAJ5,TRAC,True,True,CAVTLPGDTGRRALTF,TGTGCCGTGACCCTCCCCGGGGACACGGGCAGGAGAGCACTTACTTTT,451,6,clonotype799,clonotype799_consensus_1
ACTTTCAGTGCAACTT-1,True,ACTTTCAGTGCAACTT-1_contig_2,True,524,TRB,TRBV20-1,None,TRBJ1-1,TRBC1,True,True,CSALTKPTMNTEAFF,TGCAGTGCCCTAACCAAGCCTACAATGAACACTGAAGCTTTCTTT,299,4,clonotype799,clonotype799_consensus_2
ACTTTCAGTTGGTAAA-1,True,ACTTTCAGTTGGTAAA-1_contig_1,True,502,TRA,TRAV1-2,None,TRAJ30,TRAC,True,True,CAVRDLREIIF,TGTGCTGTGAGAGATCTTCGGGAGATCATCTTT,317,4,clonotype3,clonotype3_consensus_2
ACTTTCAGTTGGTAAA-1,True,ACTTTCAGTTGGTAAA-1_contig_2,True,514,TRB,TRBV5-5,None,TRBJ1-4,TRBC1,True,True,CASSHPGPNYATNEKLFF,TGTGCCAGCAGCCATCCCGGACCGAACTACGCAACTAATGAAAAACTGTTTTTT,1381,13,clonotype3,clonotype3_consensus_1
ACTTTCATCACCACCT-1,True,ACTTTCATCACCACCT-1_contig_1,True,505,TRA,TRAV1-2,None,TRAJ33,TRAC,True,True,CAATDSNYQLIW,TGTGCTGCGACTGATAGCAACTATCAGTTAATCTGG,249,2,clonotype1,clonotype1_consensus_2
ACTTTCATCACCACCT-1,True,ACTTTCATCACCACCT-1_contig_2,True,501,TRB,TRBV20-1,None,TRBJ2-1,TRBC2,True,True,CSARVGSEVNEQFF,TGCAGTGCTAGAGTGGGGTCGGAAGTCAATGAGCAGTTCTTC,561,2,clonotype1,clonotype1_consensus_1
ACTTTCATCACCACCT-1,True,ACTTTCATCACCACCT-1_contig_3,True,456,TRA,TRAV10,None,TRAJ24,TRAC,True,False,None,None,273,2,clonotype1,None
ACTTTCATCATTTGGG-1,True,ACTTTCATCATTTGGG-1_contig_1,True,505,TRA,TRAV1-2,None,TRAJ33,TRAC,True,True,CAATDSNYQLIW,TGTGCTGCGACTGATAGCAACTATCAGTTAATCTGG,897,5,clonotype1,clonotype1_consensus_2
ACTTTCATCATTTGGG-1,True,ACTTTCATCATTTGGG-1_contig_2,True,521,TRB,TRBV20-1,None,TRBJ2-1,TRBC2,True,True,CSARVGSEVNEQFF,TGCAGTGCTAGAGTGGGGTCGGAAGTCAATGAGCAGTTCTTC,1447,8,clonotype1,clonotype1_consensus_1
ACTTTCATCGGTGTCG-1,True,ACTTTCATCGGTGTCG-1_contig_1,True,518,TRB,TRBV20-1,None,TRBJ2-3,TRBC2,True,True,CSASVGSTDTQYF,TGCAGTGCTAGTGTTGGGAGCACAGATACGCAGTATTTT,2123,9,clonotype800,clonotype800_consensus_2
ACTTTCATCGGTGTCG-1,True,ACTTTCATCGGTGTCG-1_contig_2,True,467,TRA,TRAV10,None,TRAJ10,TRAC,True,True,CVVSPLTGGGNKLTF,TGTGTGGTGAGTCCTCTCACGGGAGGAGGAAACAAACTCACCTTT,8548,10,clonotype800,clonotype800_consensus_3
ACTTTCATCGGTGTCG-1,True,ACTTTCATCGGTGTCG-1_contig_3,True,564,TRA,TRAV16,None,TRAJ22,TRAC,True,True,CALSGTARQLTF,TGTGCTCTAAGTGGAACTGCAAGGCAACTGACCTTT,2968,4,clonotype800,clonotype800_consensus_1
ACTTTCATCGGTGTCG-1,True,ACTTTCATCGGTGTCG-1_contig_4,True,344,TRB,None,None,TRBJ2-7,TRBC2,False,False,None,None,598,1,clonotype800,None
AGAATAGAGGCGATAC-1,True,AGAATAGAGGCGATAC-1_contig_1,True,508,TRB,TRBV20-1,None,TRBJ2-2,TRBC2,True,True,CTATAGGTGELFF,TGCACAGCCACTGCAGGGGGCACCGGGGAGCTGTTTTTT,666,3,clonotype66,clonotype66_consensus_1
AGAATAGAGGCGATAC-1,True,AGAATAGAGGCGATAC-1_contig_2,True,502,TRA,TRAV23/DV6,None,TRAJ49,TRAC,True,True,CAAPSGNQFYF,TGTGCAGCGCCTAGCGGTAACCAGTTCTATTTT,392,6,clonotype66,clonotype66_consensus_2
AGAATAGAGTACGTTC-1,True,AGAATAGAGTACGTTC-1_contig_1,True,505,TRA,TRAV1-2,None,TRAJ33,TRAC,True,True,CAATDSNYQLIW,TGTGCTGCGACTGATAGCAACTATCAGTTAATCTGG,626,7,clonotype1,clonotype1_consensus_2
AGAATAGAGTACGTTC-1,True,AGAATAGAGTACGTTC-1_contig_2,True,521,TRB,TRBV20-1,None,TRBJ2-1,TRBC2,True,True,CSARVGSEVNEQFF,TGCAGTGCTAGAGTGGGGTCGGAAGTCAATGAGCAGTTCTTC,678,7,clonotype1,clonotype1_consensus_1
AGAATAGAGTACGTTC-1,True,AGAATAGAGTACGTTC-1_contig_3,True,465,TRB,TRBV7-3,None,TRBJ2-1,TRBC2,True,False,CQQRSLKAGGPYNEQFF,TGCCAGCAGCGGTCACTTAAAGCGGGGGGACCCTACAATGAGCAGTTCTTC,157,3,clonotype1,None
AGAATAGAGTGCCATT-1,True,AGAATAGAGTGCCATT-1_contig_1,True,515,TRB,TRBV20-1,None,TRBJ2-4,TRBC2,True,True,CSAREGGHIQYF,TGCAGTGCTAGAGAGGGGGGACACATTCAGTACTTC,610,9,clonotype801,clonotype801_consensus_2
AGAATAGAGTGCCATT-1,True,AGAATAGAGTGCCATT-1_contig_2,True,562,TRA,TRAV19,None,TRAJ53,TRAC,True,True,CALRGSSNYKLTF,TGTGCTCTGAGGGGAAGTAGCAACTATAAACTGACATTT,644,4,clonotype801,clonotype801_consensus_1
AGAATAGAGTGTGGCA-1,True,AGAATAGAGTGTGGCA-1_contig_1,True,521,TRB,TRBV20-1,None,TRBJ2-1,TRBC2,True,True,CSARVGSEVNEQFF,TGCAGTGCTAGAGTGGGGTCGGAAGTCAATGAGCAGTTCTTC,1942,11,clonotype2,clonotype2_consensus_1
AGAATAGCAAGAAGAG-1,True,AGAATAGCAAGAAGAG-1_contig_1,True,521,TRB,TRBV20-1,None,TRBJ2-7,TRBC2,True,True,CSARRPEGSYEQYF,TGCAGTGCTAGACGCCCAGAGGGCTCCTACGAGCAGTACTTC,1594,10,clonotype802,clonotype802_consensus_2
AGAATAGCAAGAAGAG-1,True,AGAATAGCAAGAAGAG-1_contig_2,True,580,TRA,TRAV17,None,TRAJ17,TRAC,True,True,CAVKAAGNKLTF,TGTGCTGTTAAAGCTGCAGGCAACAAGCTAACTTTT,521,5,clonotype802,clonotype802_consensus_1
AGAATAGCAGGGTATG-1,True,AGAATAGCAGGGTATG-1_contig_1,True,505,TRA,TRAV1-2,None,TRAJ33,TRAC,True,True,CAATDSNYQLIW,TGTGCTGCGACTGATAGCAACTATCAGTTAATCTGG,119,3,clonotype1,clonotype1_consensus_2
AGAATAGCAGGGTATG-1,True,AGAATAGCAGGGTATG-1_contig_2,True,473,TRB,TRBV20-1,None,TRBJ2-1,TRBC2,True,True,CSARVGSEVNEQFF,TGCAGTGCTAGAGTGGGGTCGGAAGTCAATGAGCAGTTCTTC,502,4,clonotype1,clonotype1_consensus_1
AGAATAGCATGAGCGA-1,True,AGAATAGCATGAGCGA-1_contig_1,True,645,TRA,TRAV8-6,None,TRAJ30,TRAC,True,True,CAVSEGNRDDKIIF,TGTGCTGTGAGTGAAGGAAACAGAGATGACAAGATCATCTTT,212,2,clonotype213,clonotype213_consensus_2
AGAATAGCATGAGCGA-1,True,AGAATAGCATGAGCGA-1_contig_2,True,521,TRB,TRBV20-1,None,TRBJ1-1,TRBC1,True,True,CLASPPRLGTEAFF,TGCTTAGCGTCCCCCCCGAGATTGGGCACTGAAGCTTTCTTT,669,4,clonotype213,clonotype213_consensus_1
AGAATAGCATTGGCGC-1,True,AGAATAGCATTGGCGC-1_contig_1,True,492,TRA,TRAV4,None,TRAJ18,TRAC,True,True,CLVGDDRGSTLGRLYF,TGCCTCGTGGGTGACGACAGAGGCTCAACCCTGGGGAGGCTATACTTT,196,1,clonotype803,clonotype803_consensus_1
AGAATAGCATTGGCGC-1,True,AGAATAGCATTGGCGC-1_contig_2,True,671,TRB,TRBV5-6,None,TRBJ2-1,TRBC2,True,True,CASSLATSGVGLSGEQFF,TGTGCCAGCAGCTTGGCAACTAGCGGGGTAGGTCTCAGTGGTGAGCAGTTCTTC,671,9,clonotype803,clonotype803_consensus_2
AGAATAGGTATTACCG-1,True,AGAATAGGTATTACCG-1_contig_1,True,484,TRA,TRAV36/DV7,None,TRAJ58,TRAC,True,True,CAVGETSGSRLTF,TGTGCTGTGGGAGAAACCAGTGGCTCTAGGTTGACCTTT,1662,7,clonotype804,clonotype804_consensus_1
AGAATAGGTATTACCG-1,True,AGAATAGGTATTACCG-1_contig_2,True,521,TRB,TRBV20-1,None,TRBJ2-3,TRBC2,True,True,CSASKGTGTDTQYF,TGCAGTGCTAGTAAGGGTACAGGGACAGATACGCAGTATTTT,1232,10,clonotype804,clonotype804_consensus_2
AGAATAGGTATTACCG-1,True,AGAATAGGTATTACCG-1_contig_3,True,556,TRA,TRAV39,None,TRAJ49,TRAC,True,True,CAVENTGNQFYF,TGTGCCGTGGAGAACACCGGTAACCAGTTCTATTTT,1057,5,clonotype804,clonotype804_consensus_3
AGAATAGGTATTACCG-1,True,AGAATAGGTATTACCG-1_contig_4,True,432,TRB,TRBV21-1,None,None,TRBC2,False,False,None,None,1837,10,clonotype804,None
AGAATAGGTCCTAGCG-1,True,AGAATAGGTCCTAGCG-1_contig_1,True,505,TRA,TRAV1-2,None,TRAJ33,TRAC,True,True,CAATDSNYQLIW,TGTGCTGCGACTGATAGCAACTATCAGTTAATCTGG,123,1,clonotype1,clonotype1_consensus_2
AGAATAGGTCCTAGCG-1,True,AGAATAGGTCCTAGCG-1_contig_2,True,514,TRB,TRBV20-1,None,TRBJ2-1,TRBC2,True,True,CSARVGSEVNEQFF,TGCAGTGCTAGAGTGGGGTCGGAAGTCAATGAGCAGTTCTTC,898,6,clonotype1,clonotype1_consensus_1
AGAATAGGTCCTAGCG-1,True,AGAATAGGTCCTAGCG-1_contig_3,True,457,TRA,TRAV10,None,TRAJ24,TRAC,True,False,None,None,222,1,clonotype1,None
AGAATAGGTCTCGTTC-1,True,AGAATAGGTCTCGTTC-1_contig_1,True,521,TRB,TRBV20-1,None,TRBJ2-1,TRBC2,True,True,CSARVGSEVNEQFF,TGCAGTGCTAGAGTGGGGTCGGAAGTCAATGAGCAGTTCTTC,1829,10,clonotype2,clonotype2_consensus_1
AGAATAGGTCTCTCTG-1,True,AGAATAGGTCTCTCTG-1_contig_1,True,505,TRA,TRAV1-2,None,TRAJ33,TRAC,True,True,CAATDSNYQLIW,TGTGCTGCGACTGATAGCAACTATCAGTTAATCTGG,403,3,clonotype1,clonotype1_consensus_2
AGAATAGGTCTCTCTG-1,True,AGAATAGGTCTCTCTG-1_contig_2,True,521,TRB,TRBV20-1,None,TRBJ2-1,TRBC2,True,True,CSARVGSEVNEQFF,TGCAGTGCTAGAGTGGGGTCGGAAGTCAATGAGCAGTTCTTC,716,4,clonotype1,clonotype1_consensus_1
AGAATAGGTGTGGTTT-1,True,AGAATAGGTGTGGTTT-1_contig_1,True,547,TRA,TRAV12-2,None,TRAJ48,TRAC,True,True,CAVGTNFGNEKLTF,TGTGCCGTGGGAACTAACTTTGGAAATGAGAAATTAACCTTT,106,2,clonotype805,clonotype805_consensus_2
AGAATAGGTGTGGTTT-1,True,AGAATAGGTGTGGTTT-1_contig_2,True,494,TRB,TRBV5-5,None,TRBJ1-6,TRBC1,True,True,CASSPGSPLHF,TGTGCCAGCAGCCCGGGTTCACCCCTCCACTTT,2301,6,clonotype805,clonotype805_consensus_1
AGAATAGGTGTGGTTT-1,True,AGAATAGGTGTGGTTT-1_contig_3,True,328,TRB,None,None,TRBJ1-3,TRBC1,False,False,None,None,572,6,clonotype805,None
AGAATAGGTGTGGTTT-1,True,AGAATAGGTGTGGTTT-1_contig_4,True,491,TRA,TRAV35,None,TRAJ27,TRAC,True,False,None,None,304,5,clonotype805,None
AGAATAGTCACAGTAC-1,True,AGAATAGTCACAGTAC-1_contig_1,True,462,TRA,TRAV26-2,None,TRAJ42,TRAC,True,True,CILRIQGYGGSQGNLIF,TGCATCCTGAGAATTCAGGGTTATGGAGGAAGCCAAGGAAATCTCATCTTT,36,2,clonotype806,clonotype806_consensus_2
AGAATAGTCACAGTAC-1,True,AGAATAGTCACAGTAC-1_contig_2,True,478,TRB,TRBV29-1,None,TRBJ1-1,TRBC1,True,True,CSVGGGTEAFF,TGCAGCGTGGGGGGCGGCACTGAAGCTTTCTTT,1335,10,clonotype806,clonotype806_consensus_1
AGAATAGTCGCCCTTA-1,True,AGAATAGTCGCCCTTA-1_contig_1,True,505,TRA,TRAV1-2,None,TRAJ33,TRAC,True,True,CAATDSNYQLIW,TGTGCTGCGACTGATAGCAACTATCAGTTAATCTGG,573,4,clonotype1,clonotype1_consensus_2
AGAATAGTCGCCCTTA-1,True,AGAATAGTCGCCCTTA-1_contig_2,True,498,TRB,TRBV20-1,None,TRBJ2-1,TRBC2,True,True,CSARVGSEVNEQFF,TGCAGTGCTAGAGTGGGGTCGGAAGTCAATGAGCAGTTCTTC,1737,9,clonotype1,clonotype1_consensus_1
AGAATAGTCGCGTTTC-1,True,AGAATAGTCGCGTTTC-1_contig_1,True,509,TRB,TRBV20-1,None,TRBJ1-2,TRBC1,True,True,CSAGGSGYTF,TGCAGTGCTGGGGGGAGCGGCTACACCTTC,1245,7,clonotype807,clonotype807_consensus_1
AGACGTTAGACGACGT-1,True,AGACGTTAGACGACGT-1_contig_1,True,453,TRA,TRAV9-2,None,TRAJ12,TRAC,True,True,CALTSMDSSYKLIF,TGTGCTCTGACCTCGATGGATAGCAGCTATAAATTGATCTTC,1286,4,clonotype808,clonotype808_consensus_2
AGACGTTAGACGACGT-1,True,AGACGTTAGACGACGT-1_contig_2,True,501,TRB,TRBV20-1,None,TRBJ1-5,TRBC1,True,True,CSARISLGGNQPQHF,TGCAGTGCTAGGATTTCTCTCGGGGGCAATCAGCCCCAGCATTTT,5218,16,clonotype808,clonotype808_consensus_1
AGACGTTAGACGACGT-1,True,AGACGTTAGACGACGT-1_contig_3,True,800,TRB,TRBV7-2,None,TRBJ1-2,TRBC1,True,False,CQQLERGKGKGYGYTF,TGCCAGCAGCTTGAACGGGGGAAAGGAAAGGGTTATGGCTACACCTTC,207,3,clonotype808,None
AGACGTTAGAGACTTA-1,True,AGACGTTAGAGACTTA-1_contig_1,True,505,TRA,TRAV1-2,None,TRAJ33,TRAC,True,True,CAATDSNYQLIW,TGTGCTGCGACTGATAGCAACTATCAGTTAATCTGG,8905,4,clonotype1,clonotype1_consensus_2
AGACGTTAGAGACTTA-1,True,AGACGTTAGAGACTTA-1_contig_2,True,508,TRB,TRBV20-1,None,TRBJ2-1,TRBC2,True,True,CSARVGSEVNEQFF,TGCAGTGCTAGAGTGGGGTCGGAAGTCAATGAGCAGTTCTTC,621,2,clonotype1,clonotype1_consensus_1
AGACGTTAGAGACTTA-1,True,AGACGTTAGAGACTTA-1_contig_3,True,465,TRA,TRAV10,None,TRAJ24,TRAC,True,False,None,None,155,1,clonotype1,None
AGACGTTAGCGCTTAT-1,True,AGACGTTAGCGCTTAT-1_contig_1,True,505,TRA,TRAV1-2,None,TRAJ33,TRAC,True,True,CAATDSNYQLIW,TGTGCTGCGACTGATAGCAACTATCAGTTAATCTGG,148,2,clonotype1,clonotype1_consensus_2
AGACGTTAGCGCTTAT-1,True,AGACGTTAGCGCTTAT-1_contig_2,True,518,TRB,TRBV20-1,None,TRBJ2-1,TRBC2,True,True,CSARVGSEVNEQFF,TGCAGTGCTAGAGTGGGGTCGGAAGTCAATGAGCAGTTCTTC,934,7,clonotype1,clonotype1_consensus_1
AGACGTTAGCTTCGCG-1,True,AGACGTTAGCTTCGCG-1_contig_1,True,468,TRA,TRAV13-1,None,TRAJ42,TRAC,True,True,CAASPHYGGSQGNLIF,TGTGCAGCAAGTCCCCACTATGGAGGAAGCCAAGGAAATCTCATCTTT,594,3,clonotype809,clonotype809_consensus_1
AGACGTTAGCTTCGCG-1,True,AGACGTTAGCTTCGCG-1_contig_2,True,521,TRB,TRBV20-1,None,TRBJ1-2,TRBC1,True,True,CSALLRTGGYGYTF,TGCAGTGCTCTCCTTCGGACAGGGGGCTATGGCTACACCTTC,2131,9,clonotype809,clonotype809_consensus_2
AGACGTTAGCTTCGCG-1,True,AGACGTTAGCTTCGCG-1_contig_3,True,505,TRA,TRAV13-2,None,TRAJ43,TRAC,True,False,CREYLGNDMRF,TGCAGAGAATATTTAGGGAATGACATGCGCTTT,380,2,clonotype809,None
AGACGTTAGGTGCTTT-1,True,AGACGTTAGGTGCTTT-1_contig_1,True,505,TRA,TRAV1-2,None,TRAJ33,TRAC,True,True,CAATDSNYQLIW,TGTGCTGCGACTGATAGCAACTATCAGTTAATCTGG,726,2,clonotype1,clonotype1_consensus_2
AGACGTTAGGTGCTTT-1,True,AGACGTTAGGTGCTTT-1_contig_2,True,521,TRB,TRBV20-1,None,TRBJ2-1,TRBC2,True,True,CSARVGSEVNEQFF,TGCAGTGCTAGAGTGGGGTCGGAAGTCAATGAGCAGTTCTTC,1881,7,clonotype1,clonotype1_consensus_1
AGACGTTAGTAGGTGC-1,True,AGACGTTAGTAGGTGC-1_contig_1,True,462,TRA,TRAV13-1,None,TRAJ26,TRAC,True,True,CAATPDNYGQNFVF,TGTGCAGCAACCCCAGATAACTATGGTCAGAATTTTGTCTTT,863,5,clonotype18,clonotype18_consensus_1
AGACGTTAGTAGGTGC-1,True,AGACGTTAGTAGGTGC-1_contig_2,True,524,TRB,TRBV20-1,None,TRBJ1-2,TRBC1,True,True,CSARGPNLRVGGYTF,TGCAGTGCTAGAGGTCCTAATCTCAGGGTCGGTGGCTACACCTTC,2278,12,clonotype18,clonotype18_consensus_2
AGACGTTAGTAGGTGC-1,True,AGACGTTAGTAGGTGC-1_contig_3,True,497,TRA,TRAV13-2,None,TRAJ23,TRAC,True,False,None,None,528,5,clonotype18,None
AGACGTTCACTGCCAG-1,True,AGACGTTCACTGCCAG-1_contig_1,True,517,TRB,TRBV20-1,None,TRBJ1-5,TRBC1,True,True,CSARVVGGGGQPQHF,TGCAGTGCTAGGGTGGTGGGGGGCGGAGGTCAGCCCCAGCATTTT,1612,11,clonotype810,clonotype810_consensus_2
AGACGTTCACTGCCAG-1,True,AGACGTTCACTGCCAG-1_contig_2,True,526,TRA,TRAV14/DV4,None,TRAJ54,TRAC,True,True,CAMREGRQGAQKLVF,TGTGCAATGAGAGAGGGTCGTCAGGGAGCCCAGAAGCTGGTATTT,69,2,clonotype810,clonotype810_consensus_1
AGACGTTCAGATGGGT-1,True,AGACGTTCAGATGGGT-1_contig_1,True,555,TRA,TRAV12-1,None,TRAJ42,TRAC,True,True,CVVNDYGGSQGNLIF,TGTGTGGTGAACGATTATGGAGGAAGCCAAGGAAATCTCATCTTT,160,2,clonotype811,clonotype811_consensus_2
AGACGTTCAGATGGGT-1,True,AGACGTTCAGATGGGT-1_contig_2,True,496,TRB,TRBV5-6,None,TRBJ2-7,TRBC2,True,True,CASSLVPGRGPYEQYF,TGTGCCAGCAGCTTGGTCCCAGGGAGAGGACCCTACGAGCAGTACTTC,3086,12,clonotype811,clonotype811_consensus_1
AGACGTTCAGTAACGG-1,True,AGACGTTCAGTAACGG-1_contig_1,True,521,TRB,TRBV20-1,None,TRBJ2-1,TRBC2,True,True,CSARVGSEVNEQFF,TGCAGTGCTAGAGTGGGGTCGGAAGTCAATGAGCAGTTCTTC,2395,7,clonotype2,clonotype2_consensus_1
AGACGTTCAGTAACGG-1,True,AGACGTTCAGTAACGG-1_contig_2,True,482,TRA,TRAV10,None,TRAJ24,TRAC,True,False,None,None,196,1,clonotype2,None
AGACGTTCATCCGTGG-1,True,AGACGTTCATCCGTGG-1_contig_1,True,508,TRA,TRAV20,None,TRAJ37,TRAC,True,True,CAVQGSSNTGKLIF,TGTGCTGTGCAGGGCTCTAGCAACACAGGCAAACTAATCTTT,441,3,clonotype812,clonotype812_consensus_2
AGACGTTCATCCGTGG-1,True,AGACGTTCATCCGTGG-1_contig_2,True,530,TRB,TRBV20-1,None,TRBJ1-5,TRBC1,True,True,CSARAYKRGGGGQPQHF,TGCAGTGCTAGAGCCTACAAAAGGGGGGGAGGAGGGCAGCCCCAGCATTTT,1381,5,clonotype812,clonotype812_consensus_1
AGACGTTCATCCGTGG-1,True,AGACGTTCATCCGTGG-1_contig_3,True,324,TRB,None,None,TRBJ2-1,TRBC2,False,False,None,None,543,3,clonotype812,None
AGACGTTCATCTCCCA-1,True,AGACGTTCATCTCCCA-1_contig_1,True,650,TRB,TRBV5-6,None,TRBJ2-2,TRBC2,True,True,CASSFAAGELFF,TGTGCCAGCAGCTTTGCAGCCGGGGAGCTGTTTTTT,1839,9,clonotype211,clonotype211_consensus_1
AGACGTTCATCTCCCA-1,True,AGACGTTCATCTCCCA-1_contig_2,True,595,TRA,TRAV8-2,None,TRAJ10,TRAC,True,False,None,None,745,2,clonotype211,None
AGACGTTGTAAACGCG-1,True,AGACGTTGTAAACGCG-1_contig_1,True,518,TRB,TRBV20-1,None,TRBJ2-7,TRBC2,True,True,CSAEGLASYEQYF,TGCAGTGCGGAGGGACTAGCCTCCTACGAGCAGTACTTC,1630,9,clonotype813,clonotype813_consensus_1
AGACGTTGTAAATACG-1,True,AGACGTTGTAAATACG-1_contig_1,True,509,TRA,TRAV25,None,TRAJ53,TRAC,True,True,CAGRSGGSNYKLTF,TGTGCAGGGAGAAGTGGAGGTAGCAACTATAAACTGACATTT,92,1,clonotype9,clonotype9_consensus_2
AGACGTTGTAAATACG-1,True,AGACGTTGTAAATACG-1_contig_2,True,504,TRB,TRBV20-1,None,TRBJ1-5,TRBC1,True,True,CSAIGQGAPSNQPQHF,TGCAGTGCTATCGGACAGGGGGCGCCGAGCAATCAGCCCCAGCATTTT,997,5,clonotype9,clonotype9_consensus_1
AGACGTTGTAAATACG-1,True,AGACGTTGTAAATACG-1_contig_3,True,485,TRA,TRAV30,None,TRAJ53,TRAC,True,False,None,None,85,2,clonotype9,None
AGACGTTGTCCGCTGA-1,True,AGACGTTGTCCGCTGA-1_contig_1,True,505,TRA,TRAV1-2,None,TRAJ33,TRAC,True,True,CAATDSNYQLIW,TGTGCTGCGACTGATAGCAACTATCAGTTAATCTGG,553,3,clonotype1,clonotype1_consensus_2
AGACGTTGTCCGCTGA-1,True,AGACGTTGTCCGCTGA-1_contig_2,True,521,TRB,TRBV20-1,None,TRBJ2-1,TRBC2,True,True,CSARVGSEVNEQFF,TGCAGTGCTAGAGTGGGGTCGGAAGTCAATGAGCAGTTCTTC,284,3,clonotype1,clonotype1_consensus_1
AGACGTTGTCCGCTGA-1,True,AGACGTTGTCCGCTGA-1_contig_3,True,457,TRA,TRAV10,None,TRAJ24,TRAC,True,False,None,None,312,1,clonotype1,None
AGACGTTGTCTAGCGC-1,True,AGACGTTGTCTAGCGC-1_contig_1,True,527,TRB,TRBV20-1,None,TRBJ1-2,TRBC1,True,True,CSARDRGPSYNYGYTF,TGCAGTGCTAGAGACAGGGGGCCAAGTTACAACTATGGCTACACCTTC,1213,8,clonotype814,clonotype814_consensus_1
AGACGTTGTTGAGTTC-1,True,AGACGTTGTTGAGTTC-1_contig_1,True,505,TRA,TRAV1-2,None,TRAJ33,TRAC,True,True,CAATDSNYQLIW,TGTGCTGCGACTGATAGCAACTATCAGTTAATCTGG,3404,2,clonotype1,clonotype1_consensus_2
AGACGTTGTTGAGTTC-1,True,AGACGTTGTTGAGTTC-1_contig_2,True,485,TRB,TRBV20-1,None,TRBJ2-1,TRBC2,True,True,CSARVGSEVNEQFF,TGCAGTGCTAGAGTGGGGTCGGAAGTCAATGAGCAGTTCTTC,139,2,clonotype1,clonotype1_consensus_1
AGACGTTGTTGAGTTC-1,True,AGACGTTGTTGAGTTC-1_contig_3,True,469,TRA,TRAV10,None,TRAJ24,TRAC,True,False,None,None,166,2,clonotype1,None
AGACGTTGTTGCGCAC-1,True,AGACGTTGTTGCGCAC-1_contig_1,True,494,TRB,TRBV20-1,None,TRBJ2-3,TRBC2,True,True,CSAPTRNTDTQYF,TGCAGTGCCCCGACTAGGAACACAGATACGCAGTATTTT,475,1,clonotype53,clonotype53_consensus_2
AGACGTTGTTGCGCAC-1,True,AGACGTTGTTGCGCAC-1_contig_2,True,535,TRA,TRAV12-2,None,TRAJ20,TRAC,True,True,CAVGDYKLSF,TGTGCCGTGGGCGACTACAAGCTCAGCTTT,648,4,clonotype53,clonotype53_consensus_1
AGACGTTTCAAGAAGT-1,True,AGACGTTTCAAGAAGT-1_contig_1,True,653,TRB,TRBV5-6,None,TRBJ2-7,TRBC2,True,True,CASSLGGLEQYF,TGTGCCAGCAGCCTGGGAGGGCTCGAGCAGTACTTC,4095,4,clonotype815,clonotype815_consensus_1
AGACGTTTCAAGAAGT-1,True,AGACGTTTCAAGAAGT-1_contig_2,True,406,TRB,None,None,TRBJ1-3,TRBC1,False,False,None,None,306,2,clonotype815,None
AGACGTTTCACCTTAT-1,True,AGACGTTTCACCTTAT-1_contig_1,True,490,TRA,TRAV38-1,None,TRAJ43,TRAC,True,True,CAFMRPYNNNDMRF,TGTGCTTTCATGAGACCTTACAATAACAATGACATGCGCTTT,91,1,clonotype816,clonotype816_consensus_1
AGACGTTTCACCTTAT-1,True,AGACGTTTCACCTTAT-1_contig_2,True,508,TRB,TRBV20-1,None,TRBJ2-3,TRBC2,True,True,CSARPTGTGVTDTQYF,TGCAGTGCTAGACCAACCGGGACAGGGGTAACAGATACGCAGTATTTT,2690,12,clonotype816,clonotype816_consensus_2
AGACGTTTCACCTTAT-1,True,AGACGTTTCACCTTAT-1_contig_3,True,314,TRB,None,None,TRBJ1-5,TRBC1,False,False,None,None,1012,2,clonotype816,None
AGACGTTTCCGTCATC-1,True,AGACGTTTCCGTCATC-1_contig_1,True,505,TRA,TRAV1-2,None,TRAJ33,TRAC,True,True,CAATDSNYQLIW,TGTGCTGCGACTGATAGCAACTATCAGTTAATCTGG,471,5,clonotype1,clonotype1_consensus_2
AGACGTTTCCGTCATC-1,True,AGACGTTTCCGTCATC-1_contig_2,True,521,TRB,TRBV20-1,None,TRBJ2-1,TRBC2,True,True,CSARVGSEVNEQFF,TGCAGTGCTAGAGTGGGGTCGGAAGTCAATGAGCAGTTCTTC,2187,8,clonotype1,clonotype1_consensus_1
AGACGTTTCGCAGGCT-1,True,AGACGTTTCGCAGGCT-1_contig_1,True,505,TRA,TRAV1-2,None,TRAJ33,TRAC,True,True,CAATDSNYQLIW,TGTGCTGCGACTGATAGCAACTATCAGTTAATCTGG,945,7,clonotype1,clonotype1_consensus_2
AGACGTTTCGCAGGCT-1,True,AGACGTTTCGCAGGCT-1_contig_2,True,521,TRB,TRBV20-1,None,TRBJ2-1,TRBC2,True,True,CSARVGSEVNEQFF,TGCAGTGCTAGAGTGGGGTCGGAAGTCAATGAGCAGTTCTTC,2265,10,clonotype1,clonotype1_consensus_1
AGACGTTTCTTACCTA-1,True,AGACGTTTCTTACCTA-1_contig_1,True,502,TRA,TRAV1-2,None,TRAJ30,TRAC,True,True,CAVRDLREIIF,TGTGCTGTGAGAGATCTTCGGGAGATCATCTTT,624,4,clonotype17,clonotype17_consensus_1
AGACGTTTCTTGTACT-1,True,AGACGTTTCTTGTACT-1_contig_1,True,515,TRB,TRBV20-1,None,TRBJ1-5,TRBC1,True,True,CSASRPNQPQHF,TGCAGTGCCAGTAGACCCAATCAGCCCCAGCATTTT,647,7,clonotype111,clonotype111_consensus_1
AGACGTTTCTTGTACT-1,True,AGACGTTTCTTGTACT-1_contig_2,True,523,TRB,TRBV6-5,None,TRBJ2-1,TRBC2,True,False,CQLPPPMEGAFDEQFF,TGCCAACTCCCCCCCCCCATGGAGGGGGCGTTTGATGAGCAGTTCTTC,294,3,clonotype111,None
AGAGCGAAGATCTGAA-1,True,AGAGCGAAGATCTGAA-1_contig_1,True,507,TRA,TRAV12-3,None,TRAJ12,TRAC,True,True,CAMSPSQRDSSYKLIF,TGTGCAATGAGCCCCTCCCAAAGGGATAGCAGCTATAAATTGATCTTC,458,5,clonotype186,clonotype186_consensus_2
AGAGCGAAGATCTGAA-1,True,AGAGCGAAGATCTGAA-1_contig_2,True,489,TRB,TRBV20-1,None,TRBJ2-7,TRBC2,True,True,CSARTGAPYEQYF,TGCAGTGCTAGGACAGGGGCCCCTTACGAGCAGTACTTC,488,4,clonotype186,clonotype186_consensus_1
AGAGCGAAGCGTTGCC-1,True,AGAGCGAAGCGTTGCC-1_contig_1,True,505,TRA,TRAV1-2,None,TRAJ33,TRAC,True,True,CAATDSNYQLIW,TGTGCTGCGACTGATAGCAACTATCAGTTAATCTGG,502,3,clonotype1,clonotype1_consensus_2
AGAGCGAAGCGTTGCC-1,True,AGAGCGAAGCGTTGCC-1_contig_2,True,521,TRB,TRBV20-1,None,TRBJ2-1,TRBC2,True,True,CSARVGSEVNEQFF,TGCAGTGCTAGAGTGGGGTCGGAAGTCAATGAGCAGTTCTTC,2678,11,clonotype1,clonotype1_consensus_1
AGAGCGAAGGGATACC-1,True,AGAGCGAAGGGATACC-1_contig_1,True,513,TRB,TRBV20-1,None,TRBJ2-1,TRBC2,True,True,CSARVGSEVNEQFF,TGCAGTGCTAGAGTGGGGTCGGAAGTCAATGAGCAGTTCTTC,996,5,clonotype2,clonotype2_consensus_1
AGAGCGAAGGTACTCT-1,True,AGAGCGAAGGTACTCT-1_contig_1,True,512,TRB,TRBV20-1,None,TRBJ2-7,TRBC2,True,True,CSADLMLEQYF,TGCAGTGCTGACCTCATGTTAGAGCAGTACTTC,1112,5,clonotype817,clonotype817_consensus_1
AGAGCGAAGGTACTCT-1,True,AGAGCGAAGGTACTCT-1_contig_2,True,621,TRA,TRAV3,None,TRAJ12,TRAC,True,True,CAVRDGKDSSYKLIF,TGTGCTGTGAGAGACGGAAAGGATAGCAGCTATAAATTGATCTTC,264,4,clonotype817,clonotype817_consensus_2
AGAGCGAAGGTAGCCA-1,True,AGAGCGAAGGTAGCCA-1_contig_1,True,492,TRB,TRBV20-1,None,TRBJ2-3,TRBC2,True,True,CSARDGQGADTQYF,TGCAGTGCTAGAGATGGCCAGGGGGCAGATACGCAGTATTTT,2987,12,clonotype818,clonotype818_consensus_1
AGAGCGAAGGTAGCCA-1,True,AGAGCGAAGGTAGCCA-1_contig_2,True,597,TRA,TRAV12-1,None,TRAJ40,TRAC,True,True,CVVNPSGTYKYIF,TGTGTGGTGAACCCCTCAGGAACCTACAAATACATCTTT,120,1,clonotype818,clonotype818_consensus_2
AGAGCGAAGGTAGCCA-1,True,AGAGCGAAGGTAGCCA-1_contig_3,True,456,TRB,TRBV10-3,None,TRBJ1-6,TRBC1,True,False,CTSVPSGGLHF,TGTACTTCTGTGCCATCAGGAGGACTCCACTTT,216,1,clonotype818,None
AGAGCGACAAACGTGG-1,True,AGAGCGACAAACGTGG-1_contig_1,True,574,TRA,TRAV8-1,None,TRAJ29,TRAC,True,True,CAVTKSSGNTPLVF,TGTGCCGTGACCAAGAGTTCAGGAAACACACCTCTTGTCTTT,455,2,clonotype29,clonotype29_consensus_1
AGAGCGACAAACGTGG-1,True,AGAGCGACAAACGTGG-1_contig_2,True,527,TRB,TRBV20-1,None,TRBJ1-1,TRBC1,True,True,CSARDNHGTGEREAFF,TGCAGTGCTAGAGATAATCATGGGACAGGGGAAAGGGAAGCTTTCTTT,147,2,clonotype29,clonotype29_consensus_2
AGAGCGACAACACCCG-1,True,AGAGCGACAACACCCG-1_contig_1,True,504,TRA,TRAV1-2,None,TRAJ33,TRAC,True,True,CAATDSNYQLIW,TGTGCTGCGACTGATAGCAACTATCAGTTAATCTGG,289,2,clonotype1,clonotype1_consensus_2
AGAGCGACAACACCCG-1,True,AGAGCGACAACACCCG-1_contig_2,True,495,TRB,TRBV20-1,None,TRBJ2-1,TRBC2,True,True,CSARVGSEVNEQFF,TGCAGTGCTAGAGTGGGGTCGGAAGTCAATGAGCAGTTCTTC,1805,8,clonotype1,clonotype1_consensus_1
AGAGCGACACATCCGG-1,True,AGAGCGACACATCCGG-1_contig_1,True,505,TRA,TRAV1-2,None,TRAJ33,TRAC,True,True,CAATDSNYQLIW,TGTGCTGCGACTGATAGCAACTATCAGTTAATCTGG,1052,4,clonotype1,clonotype1_consensus_2
AGAGCGACACATCCGG-1,True,AGAGCGACACATCCGG-1_contig_2,True,505,TRB,TRBV20-1,None,TRBJ2-1,TRBC2,True,True,CSARVGSEVNEQFF,TGCAGTGCTAGAGTGGGGTCGGAAGTCAATGAGCAGTTCTTC,2003,6,clonotype1,clonotype1_consensus_1
AGAGCGACACATCCGG-1,True,AGAGCGACACATCCGG-1_contig_3,True,482,TRA,TRAV10,None,TRAJ24,TRAC,True,False,None,None,118,2,clonotype1,None
AGAGCGACACATCTTT-1,True,AGAGCGACACATCTTT-1_contig_1,True,574,TRA,TRAV26-1,None,TRAJ57,TRAC,True,True,CIVKRTGGSEKLVF,TGCATCGTCAAGCGAACGGGCGGATCTGAAAAGCTGGTCTTT,1820,9,clonotype819,clonotype819_consensus_1
AGAGCGACACATCTTT-1,True,AGAGCGACACATCTTT-1_contig_2,True,530,TRB,TRBV20-1,None,TRBJ2-1,TRBC2,True,True,CSASEPRGGSSYNEQFF,TGCAGTGCTAGTGAACCTCGCGGGGGGAGCTCCTACAATGAGCAGTTCTTC,4307,20,clonotype819,clonotype819_consensus_2
AGAGCGACAGATGGGT-1,True,AGAGCGACAGATGGGT-1_contig_1,True,505,TRA,TRAV1-2,None,TRAJ33,TRAC,True,True,CAATDSNYQLIW,TGTGCTGCGACTGATAGCAACTATCAGTTAATCTGG,346,4,clonotype1,clonotype1_consensus_2
AGAGCGACAGATGGGT-1,True,AGAGCGACAGATGGGT-1_contig_2,True,498,TRB,TRBV20-1,None,TRBJ2-1,TRBC2,True,True,CSARVGSEVNEQFF,TGCAGTGCTAGAGTGGGGTCGGAAGTCAATGAGCAGTTCTTC,111,5,clonotype1,clonotype1_consensus_1
AGAGCGAGTATAGTAG-1,True,AGAGCGAGTATAGTAG-1_contig_1,True,530,TRB,TRBV20-1,None,TRBJ2-5,TRBC2,True,True,CSASVGARSGGGMTQYF,TGCAGTGCTTCGGTCGGGGCGAGAAGCGGGGGGGGAATGACCCAGTACTTC,3150,7,clonotype820,clonotype820_consensus_1
AGAGCGAGTATAGTAG-1,True,AGAGCGAGTATAGTAG-1_contig_2,True,471,TRA,TRAV38-1,None,TRAJ43,TRAC,True,True,CAFIYNNNDMRF,TGTGCTTTCATATACAATAACAATGACATGCGCTTT,417,2,clonotype820,clonotype820_consensus_2
AGAGCGAGTCGAATCT-1,True,AGAGCGAGTCGAATCT-1_contig_1,True,505,TRA,TRAV1-2,None,TRAJ33,TRAC,True,True,CAATDSNYQLIW,TGTGCTGCGACTGATAGCAACTATCAGTTAATCTGG,814,2,clonotype1,clonotype1_consensus_2
AGAGCGAGTCGAATCT-1,True,AGAGCGAGTCGAATCT-1_contig_2,True,498,TRB,TRBV20-1,None,TRBJ2-1,TRBC2,True,True,CSARVGSEVNEQFF,TGCAGTGCTAGAGTGGGGTCGGAAGTCAATGAGCAGTTCTTC,1827,8,clonotype1,clonotype1_consensus_1
AGAGCGAGTGGGTATG-1,True,AGAGCGAGTGGGTATG-1_contig_1,True,505,TRA,TRAV1-2,None,TRAJ33,TRAC,True,True,CAATDSNYQLIW,TGTGCTGCGACTGATAGCAACTATCAGTTAATCTGG,274,3,clonotype1,clonotype1_consensus_2
AGAGCGAGTGGGTATG-1,True,AGAGCGAGTGGGTATG-1_contig_2,True,520,TRB,TRBV20-1,None,TRBJ2-1,TRBC2,True,True,CSARVGSEVNEQFF,TGCAGTGCTAGAGTGGGGTCGGAAGTCAATGAGCAGTTCTTC,2709,9,clonotype1,clonotype1_consensus_1
AGAGCGAGTGGGTATG-1,True,AGAGCGAGTGGGTATG-1_contig_3,True,482,TRA,TRAV10,None,TRAJ24,TRAC,True,False,None,None,548,4,clonotype1,None
AGAGCGAGTGTGCGTC-1,True,AGAGCGAGTGTGCGTC-1_contig_1,True,570,TRA,TRAV8-4,None,TRAJ29,TRAC,True,True,CAVTGLSGNTPLVF,TGTGCTGTGACCGGCCTTTCAGGAAACACACCTCTTGTCTTT,132,1,clonotype20,clonotype20_consensus_2
AGAGCGAGTGTGCGTC-1,True,AGAGCGAGTGTGCGTC-1_contig_2,True,498,TRB,TRBV20-1,None,TRBJ1-1,TRBC1,True,True,CSATDRARYTEAFF,TGCAGTGCCACGGACAGGGCGAGGTACACTGAAGCTTTCTTT,530,3,clonotype20,clonotype20_consensus_1
AGAGCGAGTTGATTGC-1,True,AGAGCGAGTTGATTGC-1_contig_1,True,505,TRA,TRAV1-2,None,TRAJ33,TRAC,True,True,CAATDSNYQLIW,TGTGCTGCGACTGATAGCAACTATCAGTTAATCTGG,103,1,clonotype1,clonotype1_consensus_2
AGAGCGAGTTGATTGC-1,True,AGAGCGAGTTGATTGC-1_contig_2,True,521,TRB,TRBV20-1,None,TRBJ2-1,TRBC2,True,True,CSARVGSEVNEQFF,TGCAGTGCTAGAGTGGGGTCGGAAGTCAATGAGCAGTTCTTC,940,5,clonotype1,clonotype1_consensus_1
AGAGCGAGTTGGAGGT-1,True,AGAGCGAGTTGGAGGT-1_contig_1,True,517,TRA,TRAV14/DV4,None,TRAJ32,TRAC,True,True,CATGGATNKLIF,TGTGCAACTGGTGGTGCTACAAACAAGCTCATCTTT,1187,5,clonotype821,clonotype821_consensus_1
AGAGCGAGTTGGAGGT-1,True,AGAGCGAGTTGGAGGT-1_contig_2,True,662,TRB,TRBV5-6,None,TRBJ2-5,TRBC2,True,True,CASLWARGGTETQYF,TGTGCCAGCCTGTGGGCCAGGGGGGGGACGGAGACCCAGTACTTC,917,6,clonotype821,clonotype821_consensus_2
AGAGCGAGTTGTTTGG-1,True,AGAGCGAGTTGTTTGG-1_contig_1,True,489,TRA,TRAV13-2,None,TRAJ5,TRAC,True,True,CAERGPGRRALTF,TGTGCAGAGAGGGGACCGGGCAGGAGAGCACTTACTTTT,1389,6,clonotype77,clonotype77_consensus_1
AGAGCGAGTTGTTTGG-1,True,AGAGCGAGTTGTTTGG-1_contig_2,True,524,TRB,TRBV20-1,None,TRBJ1-2,TRBC1,True,True,CSAIPDRARSYGYTF,TGCAGTGCTATACCCGACAGGGCCCGAAGCTATGGCTACACCTTC,646,6,clonotype77,clonotype77_consensus_2
AGAGCGATCACATAGC-1,True,AGAGCGATCACATAGC-1_contig_1,True,608,TRA,TRAV41,None,TRAJ32,TRAC,True,True,CAGGATNKLIF,TGTGCTGGTGGTGCTACAAACAAGCTCATCTTT,1025,5,clonotype822,clonotype822_consensus_2
AGAGCGATCACATAGC-1,True,AGAGCGATCACATAGC-1_contig_2,True,525,TRB,TRBV5-5,None,TRBJ2-3,TRBC2,True,True,CASSLGPGTDTQYF,TGTGCCAGCAGCTTGGGACCGGGCACAGATACGCAGTATTTT,5974,21,clonotype822,clonotype822_consensus_1
AGAGCGATCACATAGC-1,True,AGAGCGATCACATAGC-1_contig_3,True,310,TRB,None,None,TRBJ2-5,TRBC2,False,False,None,None,2023,3,clonotype822,None
AGAGCGATCACTTACT-1,True,AGAGCGATCACTTACT-1_contig_1,True,511,TRA,TRAV23/DV6,None,TRAJ58,TRAC,True,True,CAATRETSGSRLTF,TGTGCAGCAACGCGGGAAACCAGTGGCTCTAGGTTGACCTTT,707,5,clonotype823,clonotype823_consensus_2
AGAGCGATCACTTACT-1,True,AGAGCGATCACTTACT-1_contig_2,True,527,TRB,TRBV20-1,None,TRBJ2-3,TRBC2,True,True,CSATSDRLYGTDTQYF,TGCAGTGCTACATCGGACCGCCTCTATGGCACAGATACGCAGTATTTT,3838,12,clonotype823,clonotype823_consensus_1
AGAGCGATCACTTACT-1,True,AGAGCGATCACTTACT-1_contig_3,True,352,TRA,None,None,TRAJ38,TRAC,False,False,None,None,260,1,clonotype823,None
AGAGCGATCCGTAGGC-1,True,AGAGCGATCCGTAGGC-1_contig_1,True,505,TRA,TRAV1-2,None,TRAJ33,TRAC,True,True,CAATDSNYQLIW,TGTGCTGCGACTGATAGCAACTATCAGTTAATCTGG,924,3,clonotype1,clonotype1_consensus_2
AGAGCGATCCGTAGGC-1,True,AGAGCGATCCGTAGGC-1_contig_2,True,498,TRB,TRBV20-1,None,TRBJ2-1,TRBC2,True,True,CSARVGSEVNEQFF,TGCAGTGCTAGAGTGGGGTCGGAAGTCAATGAGCAGTTCTTC,2237,9,clonotype1,clonotype1_consensus_1
AGAGCGATCCGTAGGC-1,True,AGAGCGATCCGTAGGC-1_contig_3,True,470,TRA,TRAV10,None,TRAJ24,TRAC,True,False,None,None,38,2,clonotype1,None
AGAGCGATCCTTAATC-1,True,AGAGCGATCCTTAATC-1_contig_1,True,505,TRA,TRAV1-2,None,TRAJ33,TRAC,True,True,CAATDSNYQLIW,TGTGCTGCGACTGATAGCAACTATCAGTTAATCTGG,62,2,clonotype1,clonotype1_consensus_2
AGAGCGATCCTTAATC-1,True,AGAGCGATCCTTAATC-1_contig_2,True,485,TRB,TRBV20-1,None,TRBJ2-1,TRBC2,True,True,CSARVGSEVNEQFF,TGCAGTGCTAGAGTGGGGTCGGAAGTCAATGAGCAGTTCTTC,881,5,clonotype1,clonotype1_consensus_1
AGAGCGATCCTTAATC-1,True,AGAGCGATCCTTAATC-1_contig_3,True,465,TRA,TRAV10,None,TRAJ24,TRAC,True,False,None,None,225,1,clonotype1,None
AGAGCGATCGGAATCT-1,True,AGAGCGATCGGAATCT-1_contig_1,True,505,TRA,TRAV1-2,None,TRAJ33,TRAC,True,True,CAATDSNYQLIW,TGTGCTGCGACTGATAGCAACTATCAGTTAATCTGG,605,3,clonotype1,clonotype1_consensus_2
AGAGCGATCGGAATCT-1,True,AGAGCGATCGGAATCT-1_contig_2,True,508,TRB,TRBV20-1,None,TRBJ2-1,TRBC2,True,True,CSARVGSEVNEQFF,TGCAGTGCTAGAGTGGGGTCGGAAGTCAATGAGCAGTTCTTC,597,6,clonotype1,clonotype1_consensus_1
AGAGCGATCGGAATCT-1,True,AGAGCGATCGGAATCT-1_contig_3,True,467,TRA,TRAV10,None,TRAJ24,TRAC,True,False,None,None,90,1,clonotype1,None
AGAGCGATCTTAACCT-1,True,AGAGCGATCTTAACCT-1_contig_1,True,498,TRB,TRBV20-1,None,TRBJ2-1,TRBC2,True,True,CSARVGSEVNEQFF,TGCAGTGCTAGAGTGGGGTCGGAAGTCAATGAGCAGTTCTTC,647,4,clonotype2,clonotype2_consensus_1
AGAGCTTAGATATGCA-1,True,AGAGCTTAGATATGCA-1_contig_1,True,505,TRA,TRAV1-2,None,TRAJ33,TRAC,True,True,CAATDSNYQLIW,TGTGCTGCGACTGATAGCAACTATCAGTTAATCTGG,216,1,clonotype1,clonotype1_consensus_2
AGAGCTTAGATATGCA-1,True,AGAGCTTAGATATGCA-1_contig_2,True,496,TRB,TRBV20-1,None,TRBJ2-1,TRBC2,True,True,CSARVGSEVNEQFF,TGCAGTGCTAGAGTGGGGTCGGAAGTCAATGAGCAGTTCTTC,754,7,clonotype1,clonotype1_consensus_1
AGAGCTTAGCGTTTAC-1,True,AGAGCTTAGCGTTTAC-1_contig_1,True,621,TRA,TRAV41,None,TRAJ48,TRAC,True,True,CAVSLSSNFGNEKLTF,TGTGCTGTCAGCCTTTCATCTAACTTTGGAAATGAGAAATTAACCTTT,1299,9,clonotype824,clonotype824_consensus_2
AGAGCTTAGCGTTTAC-1,True,AGAGCTTAGCGTTTAC-1_contig_2,True,659,TRB,TRBV5-6,None,TRBJ1-2,TRBC1,True,True,CASSQGILKAIGYTF,TGTGCCAGCAGCCAGGGCATACTCAAAGCTATAGGCTACACCTTC,114,5,clonotype824,clonotype824_consensus_1
AGAGCTTAGGAATTAC-1,True,AGAGCTTAGGAATTAC-1_contig_1,True,505,TRA,TRAV1-2,None,TRAJ33,TRAC,True,True,CAATDSNYQLIW,TGTGCTGCGACTGATAGCAACTATCAGTTAATCTGG,1201,3,clonotype1,clonotype1_consensus_2
AGAGCTTAGGAATTAC-1,True,AGAGCTTAGGAATTAC-1_contig_2,True,521,TRB,TRBV20-1,None,TRBJ2-1,TRBC2,True,True,CSARVGSEVNEQFF,TGCAGTGCTAGAGTGGGGTCGGAAGTCAATGAGCAGTTCTTC,3589,7,clonotype1,clonotype1_consensus_1
AGAGCTTAGGAGCGAG-1,True,AGAGCTTAGGAGCGAG-1_contig_1,True,521,TRB,TRBV20-1,None,TRBJ2-1,TRBC2,True,True,CSARVGSEVNEQFF,TGCAGTGCTAGAGTGGGGTCGGAAGTCAATGAGCAGTTCTTC,1261,6,clonotype2,clonotype2_consensus_1
AGAGCTTAGGAGCGAG-1,True,AGAGCTTAGGAGCGAG-1_contig_2,True,458,TRA,TRAV10,None,TRAJ24,TRAC,True,False,None,None,153,2,clonotype2,None
AGAGCTTCAGACAAAT-1,True,AGAGCTTCAGACAAAT-1_contig_1,True,521,TRB,TRBV20-1,None,TRBJ2-1,TRBC2,True,True,CSARVGSEVNEQFF,TGCAGTGCTAGAGTGGGGTCGGAAGTCAATGAGCAGTTCTTC,990,10,clonotype2,clonotype2_consensus_1
AGAGCTTCAGCTATTG-1,True,AGAGCTTCAGCTATTG-1_contig_1,True,518,TRB,TRBV20-1,None,TRBJ2-1,TRBC2,True,True,CSARVGSEVNEQFF,TGCAGTGCTAGAGTGGGGTCGGAAGTCAATGAGCAGTTCTTC,719,5,clonotype2,clonotype2_consensus_1
AGAGCTTGTAACGTTC-1,True,AGAGCTTGTAACGTTC-1_contig_1,True,505,TRA,TRAV1-2,None,TRAJ33,TRAC,True,True,CAATDSNYQLIW,TGTGCTGCGACTGATAGCAACTATCAGTTAATCTGG,345,1,clonotype1,clonotype1_consensus_2
AGAGCTTGTAACGTTC-1,True,AGAGCTTGTAACGTTC-1_contig_2,True,521,TRB,TRBV20-1,None,TRBJ2-1,TRBC2,True,True,CSARVGSEVNEQFF,TGCAGTGCTAGAGTGGGGTCGGAAGTCAATGAGCAGTTCTTC,1666,4,clonotype1,clonotype1_consensus_1
AGAGCTTGTCCGCTGA-1,True,AGAGCTTGTCCGCTGA-1_contig_1,True,498,TRB,TRBV20-1,None,TRBJ2-1,TRBC2,True,True,CSARVGSEVNEQFF,TGCAGTGCTAGAGTGGGGTCGGAAGTCAATGAGCAGTTCTTC,2170,9,clonotype2,clonotype2_consensus_1
AGAGCTTGTCCGCTGA-1,True,AGAGCTTGTCCGCTGA-1_contig_2,True,463,TRA,TRAV10,None,TRAJ24,TRAC,True,False,None,None,151,1,clonotype2,None
AGAGCTTGTCCGCTGA-1,True,AGAGCTTGTCCGCTGA-1_contig_3,True,300,TRA,None,None,TRAJ32,TRAC,False,False,None,None,127,2,clonotype2,None
AGAGCTTGTGAGGCTA-1,True,AGAGCTTGTGAGGCTA-1_contig_1,True,505,TRA,TRAV1-2,None,TRAJ33,TRAC,True,True,CAATDSNYQLIW,TGTGCTGCGACTGATAGCAACTATCAGTTAATCTGG,958,3,clonotype1,clonotype1_consensus_2
AGAGCTTGTGAGGCTA-1,True,AGAGCTTGTGAGGCTA-1_contig_2,True,492,TRB,TRBV20-1,None,TRBJ2-1,TRBC2,True,True,CSARVGSEVNEQFF,TGCAGTGCTAGAGTGGGGTCGGAAGTCAATGAGCAGTTCTTC,2361,12,clonotype1,clonotype1_consensus_1
AGAGCTTGTGAGGCTA-1,True,AGAGCTTGTGAGGCTA-1_contig_3,True,473,TRA,TRAV10,None,TRAJ24,TRAC,True,False,None,None,467,3,clonotype1,None
AGAGCTTGTTAAGACA-1,True,AGAGCTTGTTAAGACA-1_contig_1,True,502,TRA,TRAV1-2,None,TRAJ30,TRAC,True,True,CAVRDLREIIF,TGTGCTGTGAGAGATCTTCGGGAGATCATCTTT,569,2,clonotype3,clonotype3_consensus_2
AGAGCTTGTTAAGACA-1,True,AGAGCTTGTTAAGACA-1_contig_2,True,675,TRB,TRBV5-5,None,TRBJ1-4,TRBC1,True,True,CASSHPGPNYATNEKLFF,TGTGCCAGCAGCCATCCCGGACCGAACTACGCAACTAATGAAAAACTGTTTTTT,684,4,clonotype3,clonotype3_consensus_1
AGAGCTTGTTCGTCTC-1,True,AGAGCTTGTTCGTCTC-1_contig_1,True,521,TRA,TRAV27,None,TRAJ37,TRAC,True,True,CAGSNTGKLIF,TGTGCCGGGAGCAACACAGGCAAACTAATCTTT,970,7,clonotype825,clonotype825_consensus_2
AGAGCTTGTTCGTCTC-1,True,AGAGCTTGTTCGTCTC-1_contig_2,True,521,TRB,TRBV20-1,None,TRBJ1-2,TRBC1,True,True,CSARVGKGRDGYTF,TGCAGTGCTAGAGTAGGTAAAGGGAGAGATGGCTACACCTTC,1127,9,clonotype825,clonotype825_consensus_1
AGAGCTTTCAACACGT-1,True,AGAGCTTTCAACACGT-1_contig_1,True,556,TRA,TRAV12-1,None,TRAJ26,TRAC,True,True,CVVNEGNYGQNFVF,TGTGTGGTGAACGAGGGAAACTATGGTCAGAATTTTGTCTTT,426,2,clonotype826,clonotype826_consensus_2
AGAGCTTTCAACACGT-1,True,AGAGCTTTCAACACGT-1_contig_2,True,499,TRA,TRAV6,None,TRAJ31,TRAC,True,True,CALIHNARLMF,TGTGCTCTAATCCACAATGCCAGACTCATGTTT,534,6,clonotype826,clonotype826_consensus_3
AGAGCTTTCAACACGT-1,True,AGAGCTTTCAACACGT-1_contig_3,True,533,TRB,TRBV20-1,None,TRBJ2-5,TRBC2,True,True,CSARDLGLAGGWEETQYF,TGCAGTGCTAGAGATCTGGGACTAGCGGGGGGCTGGGAAGAGACCCAGTACTTC,2064,15,clonotype826,clonotype826_consensus_1
AGAGCTTTCGGAGCAA-1,True,AGAGCTTTCGGAGCAA-1_contig_1,True,505,TRA,TRAV1-2,None,TRAJ33,TRAC,True,True,CAATDSNYQLIW,TGTGCTGCGACTGATAGCAACTATCAGTTAATCTGG,346,3,clonotype1,clonotype1_consensus_2
AGAGCTTTCGGAGCAA-1,True,AGAGCTTTCGGAGCAA-1_contig_2,True,498,TRB,TRBV20-1,None,TRBJ2-1,TRBC2,True,True,CSARVGSEVNEQFF,TGCAGTGCTAGAGTGGGGTCGGAAGTCAATGAGCAGTTCTTC,1160,6,clonotype1,clonotype1_consensus_1
AGAGCTTTCTCCAACC-1,True,AGAGCTTTCTCCAACC-1_contig_1,True,502,TRA,TRAV1-2,None,TRAJ30,TRAC,True,True,CAVRDLREIIF,TGTGCTGTGAGAGATCTTCGGGAGATCATCTTT,259,2,clonotype3,clonotype3_consensus_2
AGAGCTTTCTCCAACC-1,True,AGAGCTTTCTCCAACC-1_contig_2,True,495,TRB,TRBV5-5,None,TRBJ1-4,TRBC1,True,True,CASSHPGPNYATNEKLFF,TGTGCCAGCAGCCATCCCGGACCGAACTACGCAACTAATGAAAAACTGTTTTTT,1662,6,clonotype3,clonotype3_consensus_1
AGAGTGGAGACAGAGA-1,True,AGAGTGGAGACAGAGA-1_contig_1,True,670,TRB,TRBV5-5,None,TRBJ1-4,TRBC1,True,True,CASSHPGPNYATNEKLFF,TGTGCCAGCAGCCATCCCGGACCGAACTACGCAACTAATGAAAAACTGTTTTTT,1552,7,clonotype4,clonotype4_consensus_1
AGAGTGGAGACAGAGA-1,True,AGAGTGGAGACAGAGA-1_contig_2,True,368,TRB,None,None,TRBJ2-4,TRBC2,False,False,None,None,335,2,clonotype4,None
AGAGTGGAGATGTCGG-1,True,AGAGTGGAGATGTCGG-1_contig_1,True,524,TRB,TRBV20-1,None,TRBJ2-5,TRBC2,True,True,CSARPPGILQETQYF,TGCAGTGCTAGACCCCCGGGCATACTCCAAGAGACCCAGTACTTC,1271,6,clonotype827,clonotype827_consensus_2
AGAGTGGAGATGTCGG-1,True,AGAGTGGAGATGTCGG-1_contig_2,True,554,TRA,TRAV8-3,None,TRAJ47,TRAC,True,True,CAVVSMEYGNKLVF,TGTGCTGTGGTTTCCATGGAATATGGAAACAAACTGGTCTTT,130,1,clonotype827,clonotype827_consensus_1
AGAGTGGAGCGACGTA-1,True,AGAGTGGAGCGACGTA-1_contig_1,True,485,TRB,TRBV20-1,None,TRBJ2-1,TRBC2,True,True,CSARVGSEVNEQFF,TGCAGTGCTAGAGTGGGGTCGGAAGTCAATGAGCAGTTCTTC,1633,5,clonotype2,clonotype2_consensus_1
AGAGTGGAGCTCTCGG-1,True,AGAGTGGAGCTCTCGG-1_contig_1,True,505,TRA,TRAV1-2,None,TRAJ33,TRAC,True,True,CAATDSNYQLIW,TGTGCTGCGACTGATAGCAACTATCAGTTAATCTGG,907,7,clonotype8,clonotype8_consensus_1
AGAGTGGAGGTGATAT-1,True,AGAGTGGAGGTGATAT-1_contig_1,True,502,TRA,TRAV1-2,None,TRAJ30,TRAC,True,True,CAVRDLREIIF,TGTGCTGTGAGAGATCTTCGGGAGATCATCTTT,605,2,clonotype3,clonotype3_consensus_2
AGAGTGGAGGTGATAT-1,True,AGAGTGGAGGTGATAT-1_contig_2,True,516,TRB,TRBV5-5,None,TRBJ1-4,TRBC1,True,True,CASSHPGPNYATNEKLFF,TGTGCCAGCAGCCATCCCGGACCGAACTACGCAACTAATGAAAAACTGTTTTTT,296,2,clonotype3,clonotype3_consensus_1
AGAGTGGAGTCCGTAT-1,True,AGAGTGGAGTCCGTAT-1_contig_1,True,505,TRA,TRAV1-2,None,TRAJ33,TRAC,True,True,CAATDSNYQLIW,TGTGCTGCGACTGATAGCAACTATCAGTTAATCTGG,441,2,clonotype1,clonotype1_consensus_2
AGAGTGGAGTCCGTAT-1,True,AGAGTGGAGTCCGTAT-1_contig_2,True,521,TRB,TRBV20-1,None,TRBJ2-1,TRBC2,True,True,CSARVGSEVNEQFF,TGCAGTGCTAGAGTGGGGTCGGAAGTCAATGAGCAGTTCTTC,2118,8,clonotype1,clonotype1_consensus_1
AGAGTGGGTACCATCA-1,True,AGAGTGGGTACCATCA-1_contig_1,True,518,TRB,TRBV20-1,None,TRBJ2-7,TRBC2,True,True,CSALKGDVYEQYF,TGCAGTGCTCTCAAGGGAGACGTATACGAGCAGTACTTC,3811,14,clonotype828,clonotype828_consensus_1
AGAGTGGGTACCATCA-1,True,AGAGTGGGTACCATCA-1_contig_2,True,455,TRA,TRAV13-1,None,TRAJ40,TRAC,True,True,CAPSLGTYKYIF,TGTGCACCTTCACTAGGAACCTACAAATACATCTTT,7752,3,clonotype828,clonotype828_consensus_2
AGAGTGGGTACCATCA-1,True,AGAGTGGGTACCATCA-1_contig_3,True,303,TRB,None,None,TRBJ1-6,TRBC1,False,False,None,None,750,4,clonotype828,None
AGAGTGGGTACCGTAT-1,True,AGAGTGGGTACCGTAT-1_contig_1,True,469,TRA,TRAV1-1,None,TRAJ18,TRAC,True,True,CAVNRGSTLGRLYF,TGCGCTGTGAACAGAGGCTCAACCCTGGGGAGGCTATACTTT,227,1,clonotype829,clonotype829_consensus_3
AGAGTGGGTACCGTAT-1,True,AGAGTGGGTACCGTAT-1_contig_2,True,524,TRB,TRBV20-1,None,TRBJ2-3,TRBC2,True,True,CSARDSGALIDTQYF,TGCAGTGCTAGAGATAGTGGGGCCTTAATTGATACGCAGTATTTT,2467,11,clonotype829,clonotype829_consensus_1
AGAGTGGGTACCGTAT-1,True,AGAGTGGGTACCGTAT-1_contig_3,True,571,TRA,TRAV26-1,None,TRAJ21,TRAC,True,True,CIVRVVNFNKFYF,TGCATCGTCAGAGTCGTCAACTTCAACAAATTTTACTTT,208,5,clonotype829,clonotype829_consensus_2
AGAGTGGGTGCGGTAA-1,True,AGAGTGGGTGCGGTAA-1_contig_1,True,521,TRB,TRBV20-1,None,TRBJ1-2,TRBC1,True,True,CSASRGSPNYGYTF,TGCAGTGCTAGTAGGGGCAGTCCTAACTATGGCTACACCTTC,1122,5,clonotype830,clonotype830_consensus_1
AGAGTGGGTGCGGTAA-1,True,AGAGTGGGTGCGGTAA-1_contig_2,True,525,TRA,TRAV26-1,None,TRAJ44,TRAC,True,False,None,None,186,1,clonotype830,None
AGAGTGGGTTCACCTC-1,True,AGAGTGGGTTCACCTC-1_contig_1,True,497,TRA,TRAV12-1,None,TRAJ9,TRAC,True,True,CVVTRNTGGFKTIF,TGTGTGGTGACACGAAATACTGGAGGCTTCAAAACTATCTTT,551,2,clonotype831,clonotype831_consensus_2
AGAGTGGGTTCACCTC-1,True,AGAGTGGGTTCACCTC-1_contig_2,True,514,TRA,TRAV20,None,TRAJ45,TRAC,True,True,CAVGRSDRGGADGLTF,TGTGCTGTGGGACGATCCGACAGAGGAGGTGCTGACGGACTCACCTTT,479,6,clonotype831,clonotype831_consensus_4
AGAGTGGGTTCACCTC-1,True,AGAGTGGGTTCACCTC-1_contig_3,True,510,TRB,TRBV20-1,None,TRBJ1-5,TRBC1,True,True,CSARDDNRAKSFNQPQHF,TGCAGTGCTAGAGACGACAACCGGGCCAAATCCTTCAATCAGCCCCAGCATTTT,589,3,clonotype831,clonotype831_consensus_1
AGAGTGGGTTCACCTC-1,True,AGAGTGGGTTCACCTC-1_contig_4,True,503,TRB,TRBV5-5,None,TRBJ1-5,TRBC1,True,True,CASSPGTAYQPQHF,TGTGCCAGCAGCCCCGGGACAGCCTATCAGCCCCAGCATTTT,3016,15,clonotype831,clonotype831_consensus_3
AGAGTGGTCAGTTGAC-1,True,AGAGTGGTCAGTTGAC-1_contig_1,True,505,TRA,TRAV1-2,None,TRAJ33,TRAC,True,True,CAATDSNYQLIW,TGTGCTGCGACTGATAGCAACTATCAGTTAATCTGG,229,1,clonotype1,clonotype1_consensus_2
AGAGTGGTCAGTTGAC-1,True,AGAGTGGTCAGTTGAC-1_contig_2,True,498,TRB,TRBV20-1,None,TRBJ2-1,TRBC2,True,True,CSARVGSEVNEQFF,TGCAGTGCTAGAGTGGGGTCGGAAGTCAATGAGCAGTTCTTC,584,4,clonotype1,clonotype1_consensus_1
AGAGTGGTCAGTTGAC-1,True,AGAGTGGTCAGTTGAC-1_contig_3,True,482,TRA,TRAV10,None,TRAJ24,TRAC,True,False,None,None,147,3,clonotype1,None
AGAGTGGTCCAGGGCT-1,True,AGAGTGGTCCAGGGCT-1_contig_1,True,508,TRA,TRAV20,None,TRAJ13,TRAC,True,True,CAVLPSGGYQKVTF,TGTGCTGTTTTACCCAGTGGGGGTTACCAGAAAGTTACCTTT,579,3,clonotype832,clonotype832_consensus_1
AGAGTGGTCCAGGGCT-1,True,AGAGTGGTCCAGGGCT-1_contig_2,True,524,TRB,TRBV5-6,None,TRBJ1-6,TRBC1,True,True,CASSLTAIDDYNSPLHF,TGTGCCAGCAGCTTGACGGCGATCGATGATTATAATTCACCCCTCCACTTT,1503,6,clonotype832,clonotype832_consensus_2
AGAGTGGTCCCAAGTA-1,True,AGAGTGGTCCCAAGTA-1_contig_1,True,495,TRB,TRBV20-1,None,TRBJ2-1,TRBC2,True,True,CSARVGSEVNEQFF,TGCAGTGCTAGAGTGGGGTCGGAAGTCAATGAGCAGTTCTTC,1315,4,clonotype2,clonotype2_consensus_1
AGAGTGGTCCTAGAAC-1,True,AGAGTGGTCCTAGAAC-1_contig_1,True,511,TRB,TRBV20-1,None,TRBJ2-1,TRBC2,True,True,CSAVGGGVNEQFF,TGCAGTGCAGTCGGGGGGGGGGTGAATGAGCAGTTCTTC,1716,7,clonotype833,clonotype833_consensus_1
AGAGTGGTCCTAGAAC-1,True,AGAGTGGTCCTAGAAC-1_contig_2,True,637,TRA,TRAV8-3,None,TRAJ17,TRAC,True,True,CAVALKAAGNKLTF,TGTGCTGTGGCTCTTAAAGCTGCAGGCAACAAGCTAACTTTT,546,4,clonotype833,clonotype833_consensus_2
AGAGTGGTCCTAGAAC-1,True,AGAGTGGTCCTAGAAC-1_contig_3,True,494,TRA,TRAV4,None,TRAJ26,None,True,False,CLGRGGQNFVF,TGCCTCGGGCGAGGGGGTCAGAATTTTGTCTTT,60,2,clonotype833,None
AGAGTGGTCTCAACTT-1,True,AGAGTGGTCTCAACTT-1_contig_1,True,505,TRA,TRAV1-2,None,TRAJ33,TRAC,True,True,CAATDSNYQLIW,TGTGCTGCGACTGATAGCAACTATCAGTTAATCTGG,151,1,clonotype1,clonotype1_consensus_2
AGAGTGGTCTCAACTT-1,True,AGAGTGGTCTCAACTT-1_contig_2,True,492,TRB,TRBV20-1,None,TRBJ2-1,TRBC2,True,True,CSARVGSEVNEQFF,TGCAGTGCTAGAGTGGGGTCGGAAGTCAATGAGCAGTTCTTC,1526,7,clonotype1,clonotype1_consensus_1
AGATCTGAGAGTAATC-1,True,AGATCTGAGAGTAATC-1_contig_1,True,524,TRB,TRBV20-1,None,TRBJ1-5,TRBC1,True,True,CSARMGRGSNQPQHF,TGCAGTGCTAGAATGGGCAGGGGATCCAATCAGCCCCAGCATTTT,3665,14,clonotype834,clonotype834_consensus_2
AGATCTGAGAGTAATC-1,True,AGATCTGAGAGTAATC-1_contig_2,True,644,TRA,TRAV8-2,None,TRAJ11,TRAC,True,True,CVGAGYSTLTF,TGTGTTGGGGCAGGATACAGCACCCTCACCTTT,1715,12,clonotype834,clonotype834_consensus_1
AGATCTGAGAGTAATC-1,True,AGATCTGAGAGTAATC-1_contig_3,True,502,TRB,TRBV10-1,None,TRBJ1-5,TRBC1,True,False,None,None,541,5,clonotype834,None
AGATCTGAGATCTGAA-1,True,AGATCTGAGATCTGAA-1_contig_1,True,495,TRB,TRBV20-1,None,TRBJ2-1,TRBC2,True,True,CSARVPNYNEQFF,TGCAGTGCTAGAGTCCCTAACTACAATGAGCAGTTCTTC,452,3,clonotype112,clonotype112_consensus_1
AGATCTGAGATCTGAA-1,True,AGATCTGAGATCTGAA-1_contig_2,True,524,TRA,TRAV36/DV7,None,TRAJ58,TRAC,True,True,CAASRETSGSRLTF,TGTGCTGCCTCAAGGGAAACCAGTGGCTCTAGGTTGACCTTT,644,3,clonotype112,clonotype112_consensus_2
AGATCTGAGATCTGAA-1,True,AGATCTGAGATCTGAA-1_contig_3,True,338,TRB,None,None,TRBJ1-5,TRBC1,False,False,None,None,497,2,clonotype112,None
AGATCTGAGCATCATC-1,True,AGATCTGAGCATCATC-1_contig_1,True,479,TRB,TRBV20-1,None,TRBJ1-6,TRBC1,True,True,CSALDRNSPLHF,TGCAGTGCCTTGGACAGAAATTCACCCCTCCACTTT,935,2,clonotype835,clonotype835_consensus_2
AGATCTGAGCATCATC-1,True,AGATCTGAGCATCATC-1_contig_2,True,527,TRA,TRAV5,None,TRAJ9,TRAC,True,True,CAPKKDTGGFKTIF,TGTGCTCCCAAGAAGGATACTGGAGGCTTCAAAACTATCTTT,231,5,clonotype835,clonotype835_consensus_1
AGATCTGAGCATCATC-1,True,AGATCTGAGCATCATC-1_contig_3,True,596,TRA,None,None,TRAJ32,TRAC,False,False,None,None,82,2,clonotype835,None
AGATCTGAGCATCATC-1,True,AGATCTGAGCATCATC-1_contig_4,True,339,TRB,None,None,TRBJ2-1,TRBC2,False,False,None,None,424,2,clonotype835,None
AGATCTGAGCCAACAG-1,True,AGATCTGAGCCAACAG-1_contig_1,True,505,TRA,TRAV1-2,None,TRAJ33,TRAC,True,True,CAATDSNYQLIW,TGTGCTGCGACTGATAGCAACTATCAGTTAATCTGG,350,1,clonotype1,clonotype1_consensus_2
AGATCTGAGCCAACAG-1,True,AGATCTGAGCCAACAG-1_contig_2,True,497,TRB,TRBV20-1,None,TRBJ2-1,TRBC2,True,True,CSARVGSEVNEQFF,TGCAGTGCTAGAGTGGGGTCGGAAGTCAATGAGCAGTTCTTC,501,6,clonotype1,clonotype1_consensus_1
AGATCTGAGCCAACAG-1,True,AGATCTGAGCCAACAG-1_contig_3,True,898,TRB,None,None,TRBJ1-4,TRBC1,False,False,None,None,91,2,clonotype1,None
AGATCTGAGCTAACAA-1,True,AGATCTGAGCTAACAA-1_contig_1,True,502,TRA,TRAV1-2,None,TRAJ30,TRAC,True,True,CAVRDLREIIF,TGTGCTGTGAGAGATCTTCGGGAGATCATCTTT,509,3,clonotype3,clonotype3_consensus_2
AGATCTGAGCTAACAA-1,True,AGATCTGAGCTAACAA-1_contig_2,True,521,TRB,TRBV5-5,None,TRBJ1-4,TRBC1,True,True,CASSHPGPNYATNEKLFF,TGTGCCAGCAGCCATCCCGGACCGAACTACGCAACTAATGAAAAACTGTTTTTT,1460,7,clonotype3,clonotype3_consensus_1
AGATCTGAGGACACCA-1,True,AGATCTGAGGACACCA-1_contig_1,True,505,TRA,TRAV1-2,None,TRAJ33,TRAC,True,True,CAATDSNYQLIW,TGTGCTGCGACTGATAGCAACTATCAGTTAATCTGG,582,1,clonotype1,clonotype1_consensus_2
AGATCTGAGGACACCA-1,True,AGATCTGAGGACACCA-1_contig_2,True,485,TRB,TRBV20-1,None,TRBJ2-1,TRBC2,True,True,CSARVGSEVNEQFF,TGCAGTGCTAGAGTGGGGTCGGAAGTCAATGAGCAGTTCTTC,1047,7,clonotype1,clonotype1_consensus_1
AGATCTGAGTCAATAG-1,True,AGATCTGAGTCAATAG-1_contig_1,True,504,TRA,TRAV12-3,None,TRAJ22,TRAC,True,True,CAMRVSSGSARQLTF,TGTGCAATGAGGGTATCTTCTGGTTCTGCAAGGCAACTGACCTTT,339,2,clonotype836,clonotype836_consensus_1
AGATCTGAGTCAATAG-1,True,AGATCTGAGTCAATAG-1_contig_2,True,490,TRB,TRBV5-6,None,TRBJ1-2,TRBC1,True,True,CASTGQGWDYGYTF,TGTGCCAGCACCGGACAGGGGTGGGACTATGGCTACACCTTC,1304,6,clonotype836,clonotype836_consensus_2
AGATCTGCAATAAGCA-1,True,AGATCTGCAATAAGCA-1_contig_1,True,494,TRB,TRBV20-1,None,TRBJ1-1,TRBC1,True,True,CSANGGRGLGTNTEAFF,TGCAGTGCCAACGGTGGCAGGGGGCTTGGGACGAACACTGAAGCTTTCTTT,2646,10,clonotype837,clonotype837_consensus_2
AGATCTGCAATAAGCA-1,True,AGATCTGCAATAAGCA-1_contig_2,True,506,TRA,TRAV13-2,None,TRAJ9,TRAC,True,True,CAEIPGGFKTIF,TGTGCAGAGATCCCTGGAGGCTTCAAAACTATCTTT,317,3,clonotype837,clonotype837_consensus_1
AGATCTGCAATCGAAA-1,True,AGATCTGCAATCGAAA-1_contig_1,True,505,TRA,TRAV1-2,None,TRAJ33,None,True,True,CAATDSNYQLIW,TGTGCTGCGACTGATAGCAACTATCAGTTAATCTGG,302,2,clonotype1,clonotype1_consensus_2
AGATCTGCAATCGAAA-1,True,AGATCTGCAATCGAAA-1_contig_2,True,521,TRB,TRBV20-1,None,TRBJ2-1,TRBC2,True,True,CSARVGSEVNEQFF,TGCAGTGCTAGAGTGGGGTCGGAAGTCAATGAGCAGTTCTTC,897,7,clonotype1,clonotype1_consensus_1
AGATCTGCACCAGGCT-1,True,AGATCTGCACCAGGCT-1_contig_1,True,505,TRA,TRAV1-2,None,TRAJ33,TRAC,True,True,CAATDSNYQLIW,TGTGCTGCGACTGATAGCAACTATCAGTTAATCTGG,640,4,clonotype8,clonotype8_consensus_1
AGATCTGCACCAGGCT-1,True,AGATCTGCACCAGGCT-1_contig_2,True,482,TRA,TRAV10,None,TRAJ24,TRAC,True,False,None,None,389,3,clonotype8,None
AGATCTGCACCGCTAG-1,True,AGATCTGCACCGCTAG-1_contig_1,True,531,TRA,TRAV17,None,TRAJ15,TRAC,True,True,CATQRNQAGTALIF,TGTGCTACTCAACGTAACCAGGCAGGAACTGCTCTGATCTTT,745,3,clonotype838,clonotype838_consensus_1
AGATCTGCACCGCTAG-1,True,AGATCTGCACCGCTAG-1_contig_2,True,521,TRB,TRBV20-1,None,TRBJ2-5,TRBC2,True,True,CSAPNSGGLETQYF,TGCAGTGCCCCGAATTCCGGGGGCTTAGAGACCCAGTACTTC,2273,13,clonotype838,clonotype838_consensus_2
AGATCTGCACCGCTAG-1,True,AGATCTGCACCGCTAG-1_contig_3,True,457,TRA,TRAV21,None,TRAJ10,TRAC,True,False,CCERILTGGGNKLTF,TGCTGTGAGAGGATACTCACGGGAGGAGGAAACAAACTCACCTTT,927,3,clonotype838,None
AGATCTGCAGCTATTG-1,True,AGATCTGCAGCTATTG-1_contig_1,True,505,TRA,TRAV1-2,None,TRAJ33,TRAC,True,True,CAATDSNYQLIW,TGTGCTGCGACTGATAGCAACTATCAGTTAATCTGG,100,3,clonotype1,clonotype1_consensus_2
AGATCTGCAGCTATTG-1,True,AGATCTGCAGCTATTG-1_contig_2,True,492,TRB,TRBV20-1,None,TRBJ2-1,TRBC2,True,True,CSARVGSEVNEQFF,TGCAGTGCTAGAGTGGGGTCGGAAGTCAATGAGCAGTTCTTC,1150,9,clonotype1,clonotype1_consensus_1
AGATCTGCATTCACTT-1,True,AGATCTGCATTCACTT-1_contig_1,True,502,TRA,TRAV1-2,None,TRAJ33,TRAC,True,True,CAATDSNYQLIW,TGTGCTGCGACTGATAGCAACTATCAGTTAATCTGG,82,2,clonotype1,clonotype1_consensus_2
AGATCTGCATTCACTT-1,True,AGATCTGCATTCACTT-1_contig_2,True,521,TRB,TRBV20-1,None,TRBJ2-1,TRBC2,True,True,CSARVGSEVNEQFF,TGCAGTGCTAGAGTGGGGTCGGAAGTCAATGAGCAGTTCTTC,872,5,clonotype1,clonotype1_consensus_1
AGATCTGGTACTTCTT-1,True,AGATCTGGTACTTCTT-1_contig_1,True,559,TRA,TRAV12-1,None,TRAJ9,TRAC,True,True,CVVTRNTGGFKTIF,TGTGTGGTGACACGAAATACTGGAGGCTTCAAAACTATCTTT,801,7,clonotype5,clonotype5_consensus_2
AGATCTGGTACTTCTT-1,True,AGATCTGGTACTTCTT-1_contig_2,True,527,TRB,TRBV20-1,None,TRBJ1-5,TRBC1,True,True,CSARDDNRAKSFNQPQHF,TGCAGTGCTAGAGACGACAACCGGGCCAAATCCTTCAATCAGCCCCAGCATTTT,1375,7,clonotype5,clonotype5_consensus_1
AGATCTGGTAGCGTCC-1,True,AGATCTGGTAGCGTCC-1_contig_1,True,610,TRA,TRAV8-6,None,TRAJ57,TRAC,True,True,CAVSRQGGSEKLVF,TGTGCTGTGAGTCGTCAGGGCGGATCTGAAAAGCTGGTCTTT,262,2,clonotype839,clonotype839_consensus_1
AGATCTGGTAGCGTCC-1,True,AGATCTGGTAGCGTCC-1_contig_2,True,501,TRB,TRBV20-1,None,TRBJ2-1,TRBC2,True,True,CSARGRAPSYNEQFF,TGCAGTGCTAGAGGGAGGGCCCCCTCTTACAATGAGCAGTTCTTC,772,3,clonotype839,clonotype839_consensus_2
AGATCTGGTCTGATTG-1,True,AGATCTGGTCTGATTG-1_contig_1,True,473,TRB,TRBV20-1,None,TRBJ2-1,TRBC2,True,True,CSARVGSEVNEQFF,TGCAGTGCTAGAGTGGGGTCGGAAGTCAATGAGCAGTTCTTC,227,4,clonotype2,clonotype2_consensus_1
AGATCTGGTGAAGGCT-1,True,AGATCTGGTGAAGGCT-1_contig_1,True,521,TRB,TRBV20-1,None,TRBJ2-1,TRBC2,True,True,CSARVGSEVNEQFF,TGCAGTGCTAGAGTGGGGTCGGAAGTCAATGAGCAGTTCTTC,807,6,clonotype2,clonotype2_consensus_1
AGATCTGGTTTAGCTG-1,True,AGATCTGGTTTAGCTG-1_contig_1,True,524,TRB,TRBV20-1,None,TRBJ1-2,TRBC1,True,True,CSATNMGQGAPGYTF,TGCAGTGCCACTAATATGGGACAGGGGGCGCCGGGCTACACCTTC,1101,4,clonotype840,clonotype840_consensus_1
AGATCTGGTTTAGCTG-1,True,AGATCTGGTTTAGCTG-1_contig_2,True,376,TRA,TRAV13-2,None,TRAJ10,TRAC,True,False,None,None,60,2,clonotype840,None
AGATCTGGTTTAGCTG-1,True,AGATCTGGTTTAGCTG-1_contig_3,True,387,TRB,None,None,TRBJ1-1,TRBC1,False,False,None,None,1813,11,clonotype840,None
AGATCTGTCATGTAGC-1,True,AGATCTGTCATGTAGC-1_contig_1,True,515,TRA,TRAV13-2,None,TRAJ10,TRAC,True,True,CAENGVTGGGNKLTF,TGTGCAGAGAATGGGGTCACGGGAGGAGGAAACAAACTCACCTTT,901,12,clonotype841,clonotype841_consensus_2
AGATCTGTCATGTAGC-1,True,AGATCTGTCATGTAGC-1_contig_2,True,679,TRB,TRBV5-6,None,TRBJ1-2,TRBC1,True,True,CASSLLSGQGYGYTF,TGTGCCAGCAGCTTGCTCTCGGGACAGGGTTATGGCTACACCTTC,183,4,clonotype841,clonotype841_consensus_3
AGATCTGTCATGTAGC-1,True,AGATCTGTCATGTAGC-1_contig_3,True,679,TRB,TRBV5-6,None,TRBJ1-1,TRBC1,True,True,CASSLVPGQGSEAFF,TGTGCCAGCAGCTTGGTCCCGGGACAGGGCTCTGAAGCTTTCTTT,147,6,clonotype841,clonotype841_consensus_1
AGATCTGTCCGCGTTT-1,True,AGATCTGTCCGCGTTT-1_contig_1,True,530,TRB,TRBV20-1,None,TRBJ1-6,TRBC1,True,True,CSARKPHWTGEASPLHF,TGCAGTGCTAGAAAACCTCACTGGACAGGGGAAGCTTCACCCCTCCACTTT,2073,11,clonotype30,clonotype30_consensus_2
AGATCTGTCCGCGTTT-1,True,AGATCTGTCCGCGTTT-1_contig_2,True,543,TRA,TRAV12-1,None,TRAJ35,TRAC,True,True,CVVIGFGNVLHC,TGTGTGGTGATAGGCTTTGGGAATGTGCTGCATTGC,487,3,clonotype30,clonotype30_consensus_1
AGATCTGTCGTAGGTT-1,True,AGATCTGTCGTAGGTT-1_contig_1,True,521,TRB,TRBV20-1,None,TRBJ2-1,TRBC2,True,True,CSARVGSEVNEQFF,TGCAGTGCTAGAGTGGGGTCGGAAGTCAATGAGCAGTTCTTC,2519,9,clonotype2,clonotype2_consensus_1
AGATCTGTCGTCTGCT-1,True,AGATCTGTCGTCTGCT-1_contig_1,True,505,TRA,TRAV1-2,None,TRAJ33,TRAC,True,True,CAATDSNYQLIW,TGTGCTGCGACTGATAGCAACTATCAGTTAATCTGG,397,2,clonotype1,clonotype1_consensus_2
AGATCTGTCGTCTGCT-1,True,AGATCTGTCGTCTGCT-1_contig_2,True,521,TRB,TRBV20-1,None,TRBJ2-1,TRBC2,True,True,CSARVGSEVNEQFF,TGCAGTGCTAGAGTGGGGTCGGAAGTCAATGAGCAGTTCTTC,884,6,clonotype1,clonotype1_consensus_1
AGATCTGTCTTGTATC-1,True,AGATCTGTCTTGTATC-1_contig_1,True,505,TRA,TRAV1-2,None,TRAJ33,TRAC,True,True,CAATDSNYQLIW,TGTGCTGCGACTGATAGCAACTATCAGTTAATCTGG,538,6,clonotype1,clonotype1_consensus_2
AGATCTGTCTTGTATC-1,True,AGATCTGTCTTGTATC-1_contig_2,True,498,TRB,TRBV20-1,None,TRBJ2-1,TRBC2,True,True,CSARVGSEVNEQFF,TGCAGTGCTAGAGTGGGGTCGGAAGTCAATGAGCAGTTCTTC,1248,8,clonotype1,clonotype1_consensus_1
AGATTGCAGAAGGACA-1,True,AGATTGCAGAAGGACA-1_contig_1,True,462,TRA,TRAV13-1,None,TRAJ13,TRAC,True,True,CAALLPGGYQKVTF,TGTGCAGCCCTCCTCCCTGGGGGTTACCAGAAAGTTACCTTT,2270,10,clonotype196,clonotype196_consensus_1
AGATTGCAGAAGGACA-1,True,AGATTGCAGAAGGACA-1_contig_2,True,521,TRB,TRBV20-1,None,TRBJ1-4,TRBC1,True,True,CSAREDSLNEKLFF,TGCAGTGCTAGAGAGGACAGCCTAAATGAAAAACTGTTTTTT,458,3,clonotype196,clonotype196_consensus_2
AGATTGCAGAAGGACA-1,True,AGATTGCAGAAGGACA-1_contig_3,True,306,TRB,None,None,TRBJ2-7,TRBC2,False,False,None,None,931,4,clonotype196,None
AGATTGCAGACTAGGC-1,True,AGATTGCAGACTAGGC-1_contig_1,True,492,TRB,TRBV20-1,None,TRBJ2-5,TRBC2,True,True,CSARPGQETQYF,TGCAGTGCTAGACCCGGCCAAGAGACCCAGTACTTC,1342,7,clonotype842,clonotype842_consensus_2
AGATTGCAGACTAGGC-1,True,AGATTGCAGACTAGGC-1_contig_2,True,441,TRA,TRAV9-2,None,TRAJ54,TRAC,True,True,CALQKLVF,TGTGCTCTTCAGAAGCTGGTATTT,797,5,clonotype842,clonotype842_consensus_1
AGATTGCAGCACGCCT-1,True,AGATTGCAGCACGCCT-1_contig_1,True,574,TRA,TRAV8-1,None,TRAJ29,TRAC,True,True,CAVTKSSGNTPLVF,TGTGCCGTGACCAAGAGTTCAGGAAACACACCTCTTGTCTTT,796,6,clonotype29,clonotype29_consensus_1
AGATTGCAGCACGCCT-1,True,AGATTGCAGCACGCCT-1_contig_2,True,527,TRB,TRBV20-1,None,TRBJ1-1,TRBC1,True,True,CSARDNHGTGEREAFF,TGCAGTGCTAGAGATAATCATGGGACAGGGGAAAGGGAAGCTTTCTTT,1425,15,clonotype29,clonotype29_consensus_2
AGATTGCAGCAGCGTA-1,True,AGATTGCAGCAGCGTA-1_contig_1,True,498,TRB,TRBV20-1,None,TRBJ2-3,TRBC2,True,True,CSARAPPDLDTQYF,TGCAGTGCTAGGGCACCCCCGGATCTAGATACGCAGTATTTT,1342,7,clonotype78,clonotype78_consensus_1
AGATTGCAGCAGCGTA-1,True,AGATTGCAGCAGCGTA-1_contig_2,True,549,TRA,TRAV16,None,TRAJ29,TRAC,True,True,CALSGRGNTPLVF,TGTGCTCTAAGTGGCAGAGGAAACACACCTCTTGTCTTT,869,3,clonotype78,clonotype78_consensus_2
AGATTGCAGGACAGCT-1,True,AGATTGCAGGACAGCT-1_contig_1,True,465,TRA,TRAV13-1,None,TRAJ42,TRAC,True,True,CAASMPRGSQGNLIF,TGTGCAGCAAGTATGCCCCGAGGAAGCCAAGGAAATCTCATCTTT,388,2,clonotype843,clonotype843_consensus_1
AGATTGCAGGACAGCT-1,True,AGATTGCAGGACAGCT-1_contig_2,True,651,TRB,TRBV5-5,None,TRBJ2-2,TRBC2,True,True,CASSPQDVGELFF,TGTGCCAGCAGCCCCCAGGACGTCGGGGAGCTGTTTTTT,3110,15,clonotype843,clonotype843_consensus_2
AGATTGCAGGACAGCT-1,True,AGATTGCAGGACAGCT-1_contig_3,True,629,TRA,TRAV8-6,None,TRAJ22,TRAC,True,False,CAVSFFWF,TGTGCTGTGAGTTTCTTCTGGTTC,249,1,clonotype843,None
AGATTGCAGGACGAAA-1,True,AGATTGCAGGACGAAA-1_contig_1,True,505,TRA,TRAV1-2,None,TRAJ33,TRAC,True,True,CAATDSNYQLIW,TGTGCTGCGACTGATAGCAACTATCAGTTAATCTGG,238,3,clonotype1,clonotype1_consensus_2
AGATTGCAGGACGAAA-1,True,AGATTGCAGGACGAAA-1_contig_2,True,521,TRB,TRBV20-1,None,TRBJ2-1,TRBC2,True,True,CSARVGSEVNEQFF,TGCAGTGCTAGAGTGGGGTCGGAAGTCAATGAGCAGTTCTTC,2154,10,clonotype1,clonotype1_consensus_1
AGATTGCAGGGTGTTG-1,True,AGATTGCAGGGTGTTG-1_contig_1,True,492,TRB,TRBV20-1,None,TRBJ2-1,TRBC2,True,True,CSANRGNNEQFF,TGCAGTGCTAACAGGGGGAACAATGAGCAGTTCTTC,1183,7,clonotype844,clonotype844_consensus_2
AGATTGCAGGGTGTTG-1,True,AGATTGCAGGGTGTTG-1_contig_2,True,512,TRA,TRAV36/DV7,None,TRAJ36,TRAC,True,True,CAVVKGANNLFF,TGTGCTGTGGTAAAAGGGGCAAACAACCTCTTCTTT,481,2,clonotype844,clonotype844_consensus_1
AGATTGCAGTGGACGT-1,True,AGATTGCAGTGGACGT-1_contig_1,True,511,TRA,TRAV17,None,TRAJ29,TRAC,True,True,CATDAAQGNTPLVF,TGTGCTACGGACGCGGCTCAAGGAAACACACCTCTTGTCTTT,964,7,clonotype113,clonotype113_consensus_1
AGATTGCAGTGGACGT-1,True,AGATTGCAGTGGACGT-1_contig_2,True,478,TRB,TRBV5-6,None,TRBJ1-2,TRBC1,True,True,CASSLAGVPYGYTF,TGTGCCAGCAGCTTGGCAGGGGTTCCCTATGGCTACACCTTC,1744,9,clonotype113,clonotype113_consensus_2
AGATTGCAGTGTTAGA-1,True,AGATTGCAGTGTTAGA-1_contig_1,True,505,TRA,TRAV1-2,None,TRAJ33,TRAC,True,True,CAATDSNYQLIW,TGTGCTGCGACTGATAGCAACTATCAGTTAATCTGG,2296,1,clonotype1,clonotype1_consensus_2
AGATTGCAGTGTTAGA-1,True,AGATTGCAGTGTTAGA-1_contig_2,True,498,TRB,TRBV20-1,None,TRBJ2-1,TRBC2,True,True,CSARVGSEVNEQFF,TGCAGTGCTAGAGTGGGGTCGGAAGTCAATGAGCAGTTCTTC,932,4,clonotype1,clonotype1_consensus_1
AGATTGCCAAAGGTGC-1,True,AGATTGCCAAAGGTGC-1_contig_1,True,505,TRA,TRAV1-2,None,TRAJ33,TRAC,True,True,CAATDSNYQLIW,TGTGCTGCGACTGATAGCAACTATCAGTTAATCTGG,387,3,clonotype1,clonotype1_consensus_2
AGATTGCCAAAGGTGC-1,True,AGATTGCCAAAGGTGC-1_contig_2,True,498,TRB,TRBV20-1,None,TRBJ2-1,TRBC2,True,True,CSARVGSEVNEQFF,TGCAGTGCTAGAGTGGGGTCGGAAGTCAATGAGCAGTTCTTC,2436,7,clonotype1,clonotype1_consensus_1
AGATTGCCAACTGGCC-1,True,AGATTGCCAACTGGCC-1_contig_1,True,544,TRA,TRAV39,None,TRAJ45,TRAC,True,True,CAVGYSGGGADGLTF,TGTGCCGTGGGGTATTCAGGAGGAGGTGCTGACGGACTCACCTTT,1047,7,clonotype845,clonotype845_consensus_1
AGATTGCCAACTGGCC-1,True,AGATTGCCAACTGGCC-1_contig_2,True,665,TRB,TRBV5-6,None,TRBJ2-7,TRBC2,True,True,CASSPRGRGFSYEQYF,TGTGCCAGCAGCCCAAGGGGCAGGGGGTTCTCCTACGAGCAGTACTTC,1419,6,clonotype845,clonotype845_consensus_2
AGATTGCCAATAGCAA-1,True,AGATTGCCAATAGCAA-1_contig_1,True,505,TRA,TRAV1-2,None,TRAJ33,TRAC,True,True,CAATDSNYQLIW,TGTGCTGCGACTGATAGCAACTATCAGTTAATCTGG,1429,5,clonotype1,clonotype1_consensus_2
AGATTGCCAATAGCAA-1,True,AGATTGCCAATAGCAA-1_contig_2,True,498,TRB,TRBV20-1,None,TRBJ2-1,TRBC2,True,True,CSARVGSEVNEQFF,TGCAGTGCTAGAGTGGGGTCGGAAGTCAATGAGCAGTTCTTC,4073,16,clonotype1,clonotype1_consensus_1
AGATTGCCATGCATGT-1,True,AGATTGCCATGCATGT-1_contig_1,True,661,TRB,TRBV5-6,None,TRBJ1-1,TRBC1,True,True,CASSLVYRGPTEAFF,TGTGCCAGCAGCTTGGTGTATCGGGGCCCCACTGAAGCTTTCTTT,1277,5,clonotype846,clonotype846_consensus_1
AGATTGCGTAGCGTAG-1,True,AGATTGCGTAGCGTAG-1_contig_1,True,569,TRA,TRAV22,None,TRAJ32,TRAC,True,True,CAVPAKGGATNKLIF,TGTGCTGTGCCAGCGAAGGGTGGTGCTACAAACAAGCTCATCTTT,644,3,clonotype162,clonotype162_consensus_1
AGATTGCGTAGCGTAG-1,True,AGATTGCGTAGCGTAG-1_contig_2,True,647,TRB,TRBV5-6,None,TRBJ1-1,TRBC1,True,True,CASSQGPEAFF,TGTGCCAGCAGTCAGGGGCCTGAAGCTTTCTTT,906,5,clonotype162,clonotype162_consensus_2
AGATTGCGTCGACTAT-1,True,AGATTGCGTCGACTAT-1_contig_1,True,473,TRB,TRBV20-1,None,TRBJ2-1,TRBC2,True,True,CSARVGSEVNEQFF,TGCAGTGCTAGAGTGGGGTCGGAAGTCAATGAGCAGTTCTTC,533,3,clonotype2,clonotype2_consensus_1
AGATTGCGTCTAGTCA-1,True,AGATTGCGTCTAGTCA-1_contig_1,True,505,TRA,TRAV1-2,None,TRAJ33,TRAC,True,True,CAATDSNYQLIW,TGTGCTGCGACTGATAGCAACTATCAGTTAATCTGG,611,3,clonotype1,clonotype1_consensus_2
AGATTGCGTCTAGTCA-1,True,AGATTGCGTCTAGTCA-1_contig_2,True,473,TRB,TRBV20-1,None,TRBJ2-1,TRBC2,True,True,CSARVGSEVNEQFF,TGCAGTGCTAGAGTGGGGTCGGAAGTCAATGAGCAGTTCTTC,1745,6,clonotype1,clonotype1_consensus_1
AGATTGCGTCTAGTCA-1,True,AGATTGCGTCTAGTCA-1_contig_3,True,434,TRA,TRAV10,None,TRAJ24,TRAC,True,False,None,None,222,1,clonotype1,None
AGATTGCGTTGAACTC-1,True,AGATTGCGTTGAACTC-1_contig_1,True,505,TRA,TRAV1-2,None,TRAJ33,TRAC,True,True,CAATDSNYQLIW,TGTGCTGCGACTGATAGCAACTATCAGTTAATCTGG,77,3,clonotype1,clonotype1_consensus_2
AGATTGCGTTGAACTC-1,True,AGATTGCGTTGAACTC-1_contig_2,True,521,TRB,TRBV20-1,None,TRBJ2-1,TRBC2,True,True,CSARVGSEVNEQFF,TGCAGTGCTAGAGTGGGGTCGGAAGTCAATGAGCAGTTCTTC,700,3,clonotype1,clonotype1_consensus_1
AGATTGCGTTGAACTC-1,True,AGATTGCGTTGAACTC-1_contig_3,True,554,TRA,None,None,TRAJ32,TRAC,False,False,None,None,127,1,clonotype1,None
AGATTGCGTTGGAGGT-1,True,AGATTGCGTTGGAGGT-1_contig_1,True,479,TRB,TRBV20-1,None,TRBJ2-7,TRBC2,True,True,CSARASRLVLSYEQYF,TGCAGTGCTAGAGCCTCACGGCTAGTACTTTCCTACGAGCAGTACTTC,1297,7,clonotype11,clonotype11_consensus_2
AGATTGCGTTGGAGGT-1,True,AGATTGCGTTGGAGGT-1_contig_2,True,557,TRA,TRAV26-1,None,TRAJ34,TRAC,True,True,CIASSYNTDKLIF,TGCATCGCTTCATCTTATAACACCGACAAGCTCATCTTT,431,3,clonotype11,clonotype11_consensus_1
AGATTGCTCACGAAGG-1,True,AGATTGCTCACGAAGG-1_contig_1,True,521,TRB,TRBV20-1,None,TRBJ2-1,TRBC2,True,True,CSARVGSEVNEQFF,TGCAGTGCTAGAGTGGGGTCGGAAGTCAATGAGCAGTTCTTC,838,8,clonotype2,clonotype2_consensus_1
AGATTGCTCCGAAGAG-1,True,AGATTGCTCCGAAGAG-1_contig_1,True,505,TRA,TRAV1-2,None,TRAJ33,TRAC,True,True,CAATDSNYQLIW,TGTGCTGCGACTGATAGCAACTATCAGTTAATCTGG,334,2,clonotype1,clonotype1_consensus_2
AGATTGCTCCGAAGAG-1,True,AGATTGCTCCGAAGAG-1_contig_2,True,521,TRB,TRBV20-1,None,TRBJ2-1,TRBC2,True,True,CSARVGSEVNEQFF,TGCAGTGCTAGAGTGGGGTCGGAAGTCAATGAGCAGTTCTTC,819,5,clonotype1,clonotype1_consensus_1
AGATTGCTCTGCTGTC-1,True,AGATTGCTCTGCTGTC-1_contig_1,True,479,TRB,TRBV10-3,None,TRBJ2-3,TRBC2,True,True,CAISDLLAGSTDTQYF,TGTGCCATCAGTGACCTACTAGCGGGGTCCACAGATACGCAGTATTTT,1866,14,clonotype847,clonotype847_consensus_2
AGATTGCTCTGCTGTC-1,True,AGATTGCTCTGCTGTC-1_contig_2,True,529,TRA,TRAV16,None,TRAJ31,TRAC,True,True,CALKGNNARLMF,TGTGCTCTAAAGGGAAACAATGCCAGACTCATGTTT,58,2,clonotype847,clonotype847_consensus_1
AGCAGCCAGAGTGAGA-1,True,AGCAGCCAGAGTGAGA-1_contig_1,True,492,TRB,TRBV20-1,None,TRBJ2-1,TRBC2,True,True,CSARVGSEVNEQFF,TGCAGTGCTAGAGTGGGGTCGGAAGTCAATGAGCAGTTCTTC,698,4,clonotype2,clonotype2_consensus_1
AGCAGCCAGCGTGTCC-1,True,AGCAGCCAGCGTGTCC-1_contig_1,True,459,TRA,TRAV13-1,None,TRAJ22,TRAC,True,True,CAASIGTARQLTF,TGTGCAGCAAGTATAGGGACTGCAAGGCAACTGACCTTT,294,4,clonotype19,clonotype19_consensus_1
AGCAGCCAGCGTGTCC-1,True,AGCAGCCAGCGTGTCC-1_contig_2,True,518,TRB,TRBV20-1,None,TRBJ2-5,TRBC2,True,True,CSAQTTVVATQYF,TGCAGTGCCCAGACGACGGTAGTAGCGACCCAGTACTTC,1959,7,clonotype19,clonotype19_consensus_2
AGCAGCCAGCGTGTCC-1,True,AGCAGCCAGCGTGTCC-1_contig_3,True,528,TRB,TRBV6-5,None,TRBJ2-7,TRBC2,True,False,None,None,1237,3,clonotype19,None
AGCAGCCAGCTAACTC-1,True,AGCAGCCAGCTAACTC-1_contig_1,True,667,TRB,TRBV5-6,None,TRBJ1-4,TRBC1,True,True,CASSLKGAGKLFF,TGTGCCAGCAGCTTGAAGGGGGCGGGAAAACTGTTTTTT,590,5,clonotype848,clonotype848_consensus_1
AGCAGCCAGCTAACTC-1,True,AGCAGCCAGCTAACTC-1_contig_2,True,640,TRA,TRAV4,None,TRAJ33,TRAC,True,False,CAETP,TGTGCAGAGACGCCC,57,1,clonotype848,None
AGCAGCCAGGCTCATT-1,True,AGCAGCCAGGCTCATT-1_contig_1,True,518,TRB,TRBV20-1,None,TRBJ1-5,TRBC1,True,True,CSARWHAGGPQHF,TGCAGTGCCCGGTGGCACGCCGGAGGGCCCCAGCATTTT,934,5,clonotype97,clonotype97_consensus_2
AGCAGCCAGGCTCATT-1,True,AGCAGCCAGGCTCATT-1_contig_2,True,486,TRA,TRAV12-3,None,TRAJ49,TRAC,True,True,CAIRGQFYF,TGTGCAATAAGAGGCCAGTTCTATTTT,85,2,clonotype97,clonotype97_consensus_1
AGCAGCCAGGCTCATT-1,True,AGCAGCCAGGCTCATT-1_contig_3,True,546,TRA,TRAV30,None,TRAJ48,None,True,False,CGTLPWTGGNEKLTF,TGCGGCACACTCCCGTGGACAGGGGGAAATGAGAAATTAACCTTT,32,1,clonotype97,None
AGCAGCCAGTATTGGA-1,True,AGCAGCCAGTATTGGA-1_contig_1,True,505,TRA,TRAV1-2,None,TRAJ33,TRAC,True,True,CAATDSNYQLIW,TGTGCTGCGACTGATAGCAACTATCAGTTAATCTGG,469,3,clonotype1,clonotype1_consensus_2
AGCAGCCAGTATTGGA-1,True,AGCAGCCAGTATTGGA-1_contig_2,True,521,TRB,TRBV20-1,None,TRBJ2-1,TRBC2,True,True,CSARVGSEVNEQFF,TGCAGTGCTAGAGTGGGGTCGGAAGTCAATGAGCAGTTCTTC,9039,10,clonotype1,clonotype1_consensus_1
AGCAGCCCACTATCTT-1,True,AGCAGCCCACTATCTT-1_contig_1,True,524,TRB,TRBV20-1,None,TRBJ1-2,TRBC1,True,True,CSARDQTGVNYGYTF,TGCAGTGCTAGAGACCAGACAGGGGTTAACTATGGCTACACCTTC,1396,8,clonotype114,clonotype114_consensus_1
AGCAGCCCACTATCTT-1,True,AGCAGCCCACTATCTT-1_contig_2,True,552,TRA,TRAV16,None,TRAJ20,TRAC,True,False,None,None,8437,8,clonotype114,None
AGCAGCCCATATGGTC-1,True,AGCAGCCCATATGGTC-1_contig_1,True,505,TRA,TRAV1-2,None,TRAJ33,TRAC,True,True,CAATDSNYQLIW,TGTGCTGCGACTGATAGCAACTATCAGTTAATCTGG,253,1,clonotype1,clonotype1_consensus_2
AGCAGCCCATATGGTC-1,True,AGCAGCCCATATGGTC-1_contig_2,True,521,TRB,TRBV20-1,None,TRBJ2-1,TRBC2,True,True,CSARVGSEVNEQFF,TGCAGTGCTAGAGTGGGGTCGGAAGTCAATGAGCAGTTCTTC,1294,4,clonotype1,clonotype1_consensus_1
AGCAGCCGTCAAAGAT-1,True,AGCAGCCGTCAAAGAT-1_contig_1,True,521,TRB,TRBV20-1,None,TRBJ2-1,TRBC2,True,True,CSARVGSEVNEQFF,TGCAGTGCTAGAGTGGGGTCGGAAGTCAATGAGCAGTTCTTC,2996,8,clonotype2,clonotype2_consensus_1
AGCAGCCGTCAAAGAT-1,True,AGCAGCCGTCAAAGAT-1_contig_2,True,456,TRA,TRAV10,None,TRAJ24,TRAC,True,False,None,None,80,3,clonotype2,None
AGCAGCCGTCCGAAGA-1,True,AGCAGCCGTCCGAAGA-1_contig_1,True,501,TRB,TRBV20-1,None,TRBJ1-1,TRBC1,True,True,CSARGDREENTEAFF,TGCAGTGCTAGGGGGGACAGGGAGGAGAACACTGAAGCTTTCTTT,3121,7,clonotype849,clonotype849_consensus_2
AGCAGCCGTCCGAAGA-1,True,AGCAGCCGTCCGAAGA-1_contig_2,True,601,TRA,TRAV8-6,None,TRAJ20,TRAC,True,True,CARSNDYKLSF,TGTGCCCGTTCTAACGACTACAAGCTCAGCTTT,4093,1,clonotype849,clonotype849_consensus_3
AGCAGCCGTCCGAAGA-1,True,AGCAGCCGTCCGAAGA-1_contig_3,True,568,TRA,TRAV8-1,None,TRAJ22,TRAC,True,True,CAVGGSARQLTF,TGTGCCGTAGGAGGTTCTGCAAGGCAACTGACCTTT,286,3,clonotype849,clonotype849_consensus_1
AGCAGCCGTCTCCCTA-1,True,AGCAGCCGTCTCCCTA-1_contig_1,True,485,TRA,TRAV1-2,None,TRAJ33,TRAC,True,True,CAATDSNYQLIW,TGTGCTGCGACTGATAGCAACTATCAGTTAATCTGG,7130,1,clonotype1,clonotype1_consensus_2
AGCAGCCGTCTCCCTA-1,True,AGCAGCCGTCTCCCTA-1_contig_2,True,521,TRB,TRBV20-1,None,TRBJ2-1,TRBC2,True,True,CSARVGSEVNEQFF,TGCAGTGCTAGAGTGGGGTCGGAAGTCAATGAGCAGTTCTTC,1620,9,clonotype1,clonotype1_consensus_1
AGCAGCCGTCTGCAAT-1,True,AGCAGCCGTCTGCAAT-1_contig_1,True,505,TRA,TRAV1-2,None,TRAJ33,TRAC,True,True,CAATDSNYQLIW,TGTGCTGCGACTGATAGCAACTATCAGTTAATCTGG,767,4,clonotype1,clonotype1_consensus_2
AGCAGCCGTCTGCAAT-1,True,AGCAGCCGTCTGCAAT-1_contig_2,True,521,TRB,TRBV20-1,None,TRBJ2-1,TRBC2,True,True,CSARVGSEVNEQFF,TGCAGTGCTAGAGTGGGGTCGGAAGTCAATGAGCAGTTCTTC,3076,7,clonotype1,clonotype1_consensus_1
AGCAGCCGTGCTTCTC-1,True,AGCAGCCGTGCTTCTC-1_contig_1,True,505,TRA,TRAV1-2,None,TRAJ33,TRAC,True,True,CAATDSNYQLIW,TGTGCTGCGACTGATAGCAACTATCAGTTAATCTGG,321,3,clonotype1,clonotype1_consensus_2
AGCAGCCGTGCTTCTC-1,True,AGCAGCCGTGCTTCTC-1_contig_2,True,521,TRB,TRBV20-1,None,TRBJ2-1,TRBC2,True,True,CSARVGSEVNEQFF,TGCAGTGCTAGAGTGGGGTCGGAAGTCAATGAGCAGTTCTTC,3504,12,clonotype1,clonotype1_consensus_1
AGCAGCCGTTGTTTGG-1,True,AGCAGCCGTTGTTTGG-1_contig_1,True,527,TRB,TRBV20-1,None,TRBJ2-3,TRBC2,True,True,CSARELAGFSTDTQYF,TGCAGTGCTAGAGAGCTAGCGGGGTTTAGCACAGATACGCAGTATTTT,2593,8,clonotype850,clonotype850_consensus_2
AGCAGCCGTTGTTTGG-1,True,AGCAGCCGTTGTTTGG-1_contig_2,True,486,TRA,TRAV4,None,TRAJ7,TRAC,True,True,CLVAPTGGNNRLAF,TGCCTCGTGGCCCCGACAGGGGGGAACAACAGACTCGCTTTT,1115,4,clonotype850,clonotype850_consensus_1
AGCAGCCTCACAACGT-1,True,AGCAGCCTCACAACGT-1_contig_1,True,492,TRA,TRAV13-2,None,TRAJ52,TRAC,True,True,CAETRGTSYGKLTF,TGTGCAGAGACTCGTGGTACTAGCTATGGAAAGCTGACATTT,174,2,clonotype209,clonotype209_consensus_2
AGCAGCCTCACAACGT-1,True,AGCAGCCTCACAACGT-1_contig_2,True,707,TRB,TRBV5-6,None,TRBJ1-5,TRBC1,True,True,CASSLAWGSNQPQHF,TGTGCCAGCAGCTTGGCCTGGGGTAGCAATCAGCCCCAGCATTTT,2178,11,clonotype209,clonotype209_consensus_1
AGCAGCCTCACAACGT-1,True,AGCAGCCTCACAACGT-1_contig_3,True,470,TRA,TRAV17,None,None,TRAC,False,False,None,None,551,2,clonotype209,None
AGCAGCCTCATATCGG-1,True,AGCAGCCTCATATCGG-1_contig_1,True,558,TRA,TRAV26-1,None,TRAJ57,TRAC,True,True,CIVRVEGGGSEKLVF,TGCATCGTCAGAGTCGAGGGGGGCGGATCTGAAAAGCTGGTCTTT,159,1,clonotype851,clonotype851_consensus_2
AGCAGCCTCATATCGG-1,True,AGCAGCCTCATATCGG-1_contig_2,True,497,TRB,TRBV5-5,None,TRBJ2-3,TRBC2,True,True,CASSGGLAGGTDTQYF,TGTGCCAGCAGCGGCGGACTAGCGGGGGGGACAGATACGCAGTATTTT,1811,3,clonotype851,clonotype851_consensus_1
AGCAGCCTCTAGCACA-1,True,AGCAGCCTCTAGCACA-1_contig_1,True,533,TRB,TRBV5-5,None,TRBJ1-5,TRBC1,True,True,CASSLGEAFRSNQPQHF,TGTGCCAGCAGCTTGGGGGAGGCATTTCGCAGCAATCAGCCCCAGCATTTT,2005,5,clonotype852,clonotype852_consensus_1
AGCAGCCTCTAGCACA-1,True,AGCAGCCTCTAGCACA-1_contig_2,True,477,TRA,TRAV6,None,TRAJ29,TRAC,True,False,CALTGNTPLVF,TGTGCTCTCACAGGAAACACACCTCTTGTCTTT,381,5,clonotype852,None
AGCAGCCTCTGTTGAG-1,True,AGCAGCCTCTGTTGAG-1_contig_1,True,548,TRA,TRAV2,None,TRAJ10,TRAC,True,True,CAVEEWVLTGGGNKLTF,TGTGCTGTGGAGGAATGGGTACTCACGGGAGGAGGAAACAAACTCACCTTT,2035,5,clonotype853,clonotype853_consensus_1
AGCAGCCTCTGTTGAG-1,True,AGCAGCCTCTGTTGAG-1_contig_2,True,660,TRB,TRBV5-5,None,TRBJ1-1,TRBC1,True,True,CASSLVRGRELNTEAFF,TGTGCCAGCAGCTTGGTACGGGGTAGGGAATTGAACACTGAAGCTTTCTTT,1833,7,clonotype853,clonotype853_consensus_2
AGCAGCCTCTGTTGAG-1,True,AGCAGCCTCTGTTGAG-1_contig_3,True,433,TRA,TRAV1-1,None,TRAJ27,TRAC,True,False,None,None,55,1,clonotype853,None
AGCAGCCTCTGTTGAG-1,True,AGCAGCCTCTGTTGAG-1_contig_4,True,331,TRA,TRAV1-1,None,None,TRAC,False,False,None,None,612,1,clonotype853,None
AGCAGCCTCTTCGAGA-1,True,AGCAGCCTCTTCGAGA-1_contig_1,True,532,TRA,TRAV14/DV4,None,TRAJ47,TRAC,True,True,CAMREGQKVQYGNKLVF,TGTGCAATGAGAGAGGGCCAAAAAGTTCAGTATGGAAACAAACTGGTCTTT,230,2,clonotype854,clonotype854_consensus_1
AGCAGCCTCTTCGAGA-1,True,AGCAGCCTCTTCGAGA-1_contig_2,True,486,TRB,TRBV20-1,None,TRBJ2-5,TRBC2,True,True,CSARPPGGSETQYF,TGCAGTGCGAGACCCCCGGGAGGGTCAGAGACCCAGTACTTC,878,3,clonotype854,clonotype854_consensus_2
AGCAGCCTCTTCGAGA-1,True,AGCAGCCTCTTCGAGA-1_contig_3,True,303,TRB,None,None,TRBJ2-1,TRBC2,False,False,None,None,244,1,clonotype854,None
AGCATACAGAGCTTCT-1,True,AGCATACAGAGCTTCT-1_contig_1,True,523,TRA,TRAV14/DV4,None,TRAJ28,TRAC,True,True,CAMREGTGSYQLTF,TGTGCAATGAGAGAGGGGACTGGGAGTTACCAACTCACTTTC,410,4,clonotype115,clonotype115_consensus_1
AGCATACAGAGCTTCT-1,True,AGCATACAGAGCTTCT-1_contig_2,True,524,TRB,TRBV20-1,None,TRBJ2-4,TRBC2,True,True,CSARTPGALSGIQYF,TGCAGTGCTAGAACCCCGGGGGCGCTCAGTGGCATTCAGTACTTC,1943,15,clonotype115,clonotype115_consensus_2
AGCATACAGATATGCA-1,True,AGCATACAGATATGCA-1_contig_1,True,492,TRB,TRBV20-1,None,TRBJ1-1,TRBC1,True,True,CSTTTGGTEAFF,TGCAGTACGACGACAGGGGGGACTGAAGCTTTCTTT,3152,8,clonotype855,clonotype855_consensus_1
AGCATACAGATATGCA-1,True,AGCATACAGATATGCA-1_contig_2,True,501,TRA,TRAV12-3,None,TRAJ17,TRAC,True,True,CAMRVPAAGNKLTF,TGTGCAATGAGAGTCCCAGCTGCAGGCAACAAGCTAACTTTT,526,4,clonotype855,clonotype855_consensus_2
AGCATACAGATATGCA-1,True,AGCATACAGATATGCA-1_contig_3,True,339,TRB,None,None,TRBJ1-5,None,False,False,None,None,23,1,clonotype855,None
AGCATACAGATATGCA-1,True,AGCATACAGATATGCA-1_contig_4,True,317,TRB,None,None,TRBJ1-2,TRBC1,False,False,None,None,5199,14,clonotype855,None
AGCATACAGATATGCA-1,True,AGCATACAGATATGCA-1_contig_5,True,541,TRA,TRAV12-2,None,TRAJ9,TRAC,True,False,None,None,196,4,clonotype855,None
AGCATACAGCACAGGT-1,True,AGCATACAGCACAGGT-1_contig_1,True,521,TRB,TRBV20-1,None,TRBJ1-2,TRBC1,True,True,CSARDDRGPVGYTF,TGCAGTGCTAGAGATGACAGGGGGCCGGTTGGCTACACCTTC,1244,5,clonotype856,clonotype856_consensus_1
AGCATACAGCACAGGT-1,True,AGCATACAGCACAGGT-1_contig_2,True,332,TRB,None,None,TRBJ1-5,TRBC1,False,False,None,None,470,4,clonotype856,None
AGCATACAGCGATCCC-1,True,AGCATACAGCGATCCC-1_contig_1,True,515,TRB,TRBV20-1,None,TRBJ1-2,TRBC1,True,True,CSVQGNSYGYTF,TGCAGTGTTCAAGGGAACTCCTATGGCTACACCTTC,943,4,clonotype857,clonotype857_consensus_1
AGCATACAGCGATCCC-1,True,AGCATACAGCGATCCC-1_contig_2,True,630,TRA,TRAV26-1,None,TRAJ33,TRAC,True,True,CIVMDSNYQLIW,TGCATCGTAATGGATAGCAACTATCAGTTAATCTGG,775,4,clonotype857,clonotype857_consensus_2
AGCATACAGCTAACAA-1,True,AGCATACAGCTAACAA-1_contig_1,True,459,TRA,TRAV13-1,None,TRAJ22,TRAC,True,True,CAASIGTARQLTF,TGTGCAGCAAGTATAGGGACTGCAAGGCAACTGACCTTT,30,6,clonotype19,clonotype19_consensus_1
AGCATACAGCTAACAA-1,True,AGCATACAGCTAACAA-1_contig_2,True,508,TRB,TRBV20-1,None,TRBJ2-5,TRBC2,True,True,CSAQTTVVATQYF,TGCAGTGCCCAGACGACGGTAGTAGCGACCCAGTACTTC,705,4,clonotype19,clonotype19_consensus_2
AGCATACCAATCAGAA-1,True,AGCATACCAATCAGAA-1_contig_1,True,505,TRA,TRAV1-2,None,TRAJ33,TRAC,True,True,CAATDSNYQLIW,TGTGCTGCGACTGATAGCAACTATCAGTTAATCTGG,6224,3,clonotype1,clonotype1_consensus_2
AGCATACCAATCAGAA-1,True,AGCATACCAATCAGAA-1_contig_2,True,521,TRB,TRBV20-1,None,TRBJ2-1,TRBC2,True,True,CSARVGSEVNEQFF,TGCAGTGCTAGAGTGGGGTCGGAAGTCAATGAGCAGTTCTTC,895,7,clonotype1,clonotype1_consensus_1
AGCATACCAATCAGAA-1,True,AGCATACCAATCAGAA-1_contig_3,True,482,TRA,TRAV10,None,TRAJ24,TRAC,True,False,None,None,467,3,clonotype1,None
AGCATACCACTCAGGC-1,True,AGCATACCACTCAGGC-1_contig_1,True,505,TRA,TRAV1-2,None,TRAJ33,TRAC,True,True,CAATDSNYQLIW,TGTGCTGCGACTGATAGCAACTATCAGTTAATCTGG,1015,4,clonotype1,clonotype1_consensus_2
AGCATACCACTCAGGC-1,True,AGCATACCACTCAGGC-1_contig_2,True,521,TRB,TRBV20-1,None,TRBJ2-1,TRBC2,True,True,CSARVGSEVNEQFF,TGCAGTGCTAGAGTGGGGTCGGAAGTCAATGAGCAGTTCTTC,2146,10,clonotype1,clonotype1_consensus_1
AGCATACCACTCAGGC-1,True,AGCATACCACTCAGGC-1_contig_3,True,306,TRB,None,None,TRBJ2-2P,TRBC2,False,False,None,None,168,2,clonotype1,None
AGCATACCACTGAAGG-1,True,AGCATACCACTGAAGG-1_contig_1,True,505,TRA,TRAV1-2,None,TRAJ33,TRAC,True,True,CAATDSNYQLIW,TGTGCTGCGACTGATAGCAACTATCAGTTAATCTGG,295,2,clonotype1,clonotype1_consensus_2
AGCATACCACTGAAGG-1,True,AGCATACCACTGAAGG-1_contig_2,True,521,TRB,TRBV20-1,None,TRBJ2-1,TRBC2,True,True,CSARVGSEVNEQFF,TGCAGTGCTAGAGTGGGGTCGGAAGTCAATGAGCAGTTCTTC,3163,13,clonotype1,clonotype1_consensus_1
AGCATACCACTGAAGG-1,True,AGCATACCACTGAAGG-1_contig_3,True,460,TRA,TRAV10,None,TRAJ24,TRAC,True,False,None,None,311,2,clonotype1,None
AGCATACCAGCGTAAG-1,True,AGCATACCAGCGTAAG-1_contig_1,True,640,TRA,TRAV8-2,None,TRAJ42,TRAC,True,True,CVVSSSYGGSQGNLIF,TGTGTTGTGAGTTCTTCTTATGGAGGAAGCCAAGGAAATCTCATCTTT,675,3,clonotype214,clonotype214_consensus_2
AGCATACCAGCGTAAG-1,True,AGCATACCAGCGTAAG-1_contig_2,True,487,TRB,TRBV5-6,None,TRBJ1-2,TRBC1,True,True,CASSLTGTYGYTF,TGTGCCAGCAGCTTGACAGGGACCTATGGCTACACCTTC,1428,5,clonotype214,clonotype214_consensus_1
AGCATACCAGGTCTCG-1,True,AGCATACCAGGTCTCG-1_contig_1,True,498,TRB,TRBV20-1,None,TRBJ1-1,TRBC1,True,True,CSARSGQLNTEAFF,TGCAGTGCTAGATCGGGACAGCTGAACACTGAAGCTTTCTTT,1061,6,clonotype858,clonotype858_consensus_2
AGCATACCAGGTCTCG-1,True,AGCATACCAGGTCTCG-1_contig_2,True,437,TRA,TRAV4,None,TRAJ9,TRAC,True,True,CLVAYTGGFKTIF,TGCCTCGTGGCCTATACTGGAGGCTTCAAAACTATCTTT,275,3,clonotype858,clonotype858_consensus_1
AGCATACGTCGATTGT-1,True,AGCATACGTCGATTGT-1_contig_1,True,502,TRB,TRBV20-1,None,TRBJ1-2,TRBC1,True,True,CSARTVMVGYTF,TGCAGTGCTAGGACGGTGATGGTGGGCTACACCTTC,2470,9,clonotype215,clonotype215_consensus_1
AGCATACGTCGATTGT-1,True,AGCATACGTCGATTGT-1_contig_2,True,459,TRA,TRAV13-1,None,TRAJ29,TRAC,True,True,CAATDSGNTPLVF,TGTGCAGCAACCGATTCAGGAAACACACCTCTTGTCTTT,930,5,clonotype215,clonotype215_consensus_2
AGCATACGTTATGTGC-1,True,AGCATACGTTATGTGC-1_contig_1,True,624,TRA,TRAV26-1,None,TRAJ43,TRAC,True,True,CIVRVDDMRF,TGCATCGTCAGAGTCGATGACATGCGCTTT,241,2,clonotype859,clonotype859_consensus_1
AGCATACGTTATGTGC-1,True,AGCATACGTTATGTGC-1_contig_2,True,673,TRB,TRBV5-5,None,TRBJ2-3,TRBC2,True,True,CASSLRGGGRTDTQYF,TGTGCCAGCAGCTTGAGAGGGGGGGGCAGGACAGATACGCAGTATTTT,3160,9,clonotype859,clonotype859_consensus_3
AGCATACGTTATGTGC-1,True,AGCATACGTTATGTGC-1_contig_3,True,496,TRA,TRAV38-1,None,TRAJ40,TRAC,True,True,CAFMNSQASGTYKYIF,TGTGCTTTCATGAACTCTCAAGCCTCAGGAACCTACAAATACATCTTT,170,1,clonotype859,clonotype859_consensus_2
AGCATACGTTATGTGC-1,True,AGCATACGTTATGTGC-1_contig_4,True,478,TRB,TRBV11-2,None,TRBJ1-5,TRBC1,True,False,None,None,366,2,clonotype859,None
AGCATACGTTGGACCC-1,True,AGCATACGTTGGACCC-1_contig_1,True,518,TRB,TRBV20-1,None,TRBJ1-1,TRBC1,True,True,CSALDRGPERAFF,TGCAGTGCCCTTGACAGGGGGCCGGAGAGGGCTTTCTTT,2140,12,clonotype860,clonotype860_consensus_2
AGCATACGTTGGACCC-1,True,AGCATACGTTGGACCC-1_contig_2,True,621,TRA,TRAV8-3,None,TRAJ43,TRAC,True,True,CAVGALNNNDMRF,TGTGCTGTGGGTGCGTTGAATAACAATGACATGCGCTTT,403,3,clonotype860,clonotype860_consensus_1
AGCATACTCGAGAACG-1,True,AGCATACTCGAGAACG-1_contig_1,True,521,TRB,TRBV20-1,None,TRBJ2-1,TRBC2,True,True,CSARVGSEVNEQFF,TGCAGTGCTAGAGTGGGGTCGGAAGTCAATGAGCAGTTCTTC,3452,8,clonotype2,clonotype2_consensus_1
AGCATACTCGAGAACG-1,True,AGCATACTCGAGAACG-1_contig_2,True,456,TRA,TRAV10,None,TRAJ24,TRAC,True,False,None,None,320,2,clonotype2,None
AGCATACTCGATCCCT-1,True,AGCATACTCGATCCCT-1_contig_1,True,505,TRA,TRAV1-2,None,TRAJ33,TRAC,True,True,CAATDSNYQLIW,TGTGCTGCGACTGATAGCAACTATCAGTTAATCTGG,168,2,clonotype1,clonotype1_consensus_2
AGCATACTCGATCCCT-1,True,AGCATACTCGATCCCT-1_contig_2,True,521,TRB,TRBV20-1,None,TRBJ2-1,TRBC2,True,True,CSARVGSEVNEQFF,TGCAGTGCTAGAGTGGGGTCGGAAGTCAATGAGCAGTTCTTC,3258,13,clonotype1,clonotype1_consensus_1
AGCATACTCGATCCCT-1,True,AGCATACTCGATCCCT-1_contig_3,True,465,TRA,TRAV10,None,TRAJ24,TRAC,True,False,None,None,224,2,clonotype1,None
AGCATACTCGCGCCAA-1,True,AGCATACTCGCGCCAA-1_contig_1,True,491,TRA,TRAV9-2,None,TRAJ13,TRAC,True,True,CALNLEGYQKVTF,TGTGCTCTGAACTTAGAGGGTTACCAGAAAGTTACCTTT,1534,5,clonotype6,clonotype6_consensus_1
AGCATACTCGCGCCAA-1,True,AGCATACTCGCGCCAA-1_contig_2,True,679,TRB,TRBV5-6,None,TRBJ1-5,TRBC1,True,True,CASSFRGGANQPQHF,TGTGCCAGCAGCTTTCGAGGGGGCGCGAATCAGCCCCAGCATTTT,1130,8,clonotype6,clonotype6_consensus_2
AGCATACTCGGTTCGG-1,True,AGCATACTCGGTTCGG-1_contig_1,True,502,TRA,TRAV1-2,None,TRAJ30,TRAC,True,True,CAVRDLREIIF,TGTGCTGTGAGAGATCTTCGGGAGATCATCTTT,256,3,clonotype3,clonotype3_consensus_2
AGCATACTCGGTTCGG-1,True,AGCATACTCGGTTCGG-1_contig_2,True,670,TRB,TRBV5-5,None,TRBJ1-4,TRBC1,True,True,CASSHPGPNYATNEKLFF,TGTGCCAGCAGCCATCCCGGACCGAACTACGCAACTAATGAAAAACTGTTTTTT,1531,4,clonotype3,clonotype3_consensus_1
AGCATACTCGGTTCGG-1,True,AGCATACTCGGTTCGG-1_contig_3,True,383,TRB,TRBV7-3,None,TRBJ2-1,None,True,False,CQQRSLKAGGPYNEQFF,TGCCAGCAGCGGTCACTTAAAGCGGGGGGACCCTACAATGAGCAGTTCTTC,134,1,clonotype3,None
AGCATACTCTAACTCT-1,True,AGCATACTCTAACTCT-1_contig_1,True,492,TRB,TRBV20-1,None,TRBJ2-1,TRBC2,True,True,CSARVGSEVNEQFF,TGCAGTGCTAGAGTGGGGTCGGAAGTCAATGAGCAGTTCTTC,2073,9,clonotype2,clonotype2_consensus_1
AGCATACTCTAACTCT-1,True,AGCATACTCTAACTCT-1_contig_2,True,482,TRA,TRAV10,None,TRAJ24,TRAC,True,False,None,None,200,7,clonotype2,None
AGCATACTCTTAGAGC-1,True,AGCATACTCTTAGAGC-1_contig_1,True,521,TRB,TRBV20-1,None,TRBJ2-1,TRBC2,True,True,CSARVGSEVNEQFF,TGCAGTGCTAGAGTGGGGTCGGAAGTCAATGAGCAGTTCTTC,1764,10,clonotype2,clonotype2_consensus_1
AGCATACTCTTAGAGC-1,True,AGCATACTCTTAGAGC-1_contig_2,True,468,TRA,TRAV10,None,TRAJ24,TRAC,True,False,None,None,544,3,clonotype2,None
AGCCTAAAGAAACGAG-1,True,AGCCTAAAGAAACGAG-1_contig_1,True,505,TRB,TRBV20-1,None,TRBJ2-1,TRBC2,True,True,CSARVGSEVNEQFF,TGCAGTGCTAGAGTGGGGTCGGAAGTCAATGAGCAGTTCTTC,1809,12,clonotype2,clonotype2_consensus_1
AGCCTAAAGACGCACA-1,True,AGCCTAAAGACGCACA-1_contig_1,True,471,TRA,TRAV38-1,None,TRAJ23,TRAC,True,True,CAFMNQGGKLIF,TGTGCTTTCATGAACCAGGGAGGAAAGCTTATCTTC,8924,2,clonotype861,clonotype861_consensus_1
AGCCTAAAGACGCACA-1,True,AGCCTAAAGACGCACA-1_contig_2,True,498,TRB,TRBV20-1,None,TRBJ1-5,TRBC1,True,True,CSARGAGGTQPQHF,TGCAGTGCTAGAGGGGCAGGGGGGACTCAGCCCCAGCATTTT,3868,11,clonotype861,clonotype861_consensus_2
AGCCTAAAGCTGAACG-1,True,AGCCTAAAGCTGAACG-1_contig_1,True,505,TRA,TRAV1-2,None,TRAJ33,TRAC,True,True,CAATDSNYQLIW,TGTGCTGCGACTGATAGCAACTATCAGTTAATCTGG,6064,4,clonotype1,clonotype1_consensus_2
AGCCTAAAGCTGAACG-1,True,AGCCTAAAGCTGAACG-1_contig_2,True,498,TRB,TRBV20-1,None,TRBJ2-1,TRBC2,True,True,CSARVGSEVNEQFF,TGCAGTGCTAGAGTGGGGTCGGAAGTCAATGAGCAGTTCTTC,2386,6,clonotype1,clonotype1_consensus_1
AGCCTAAAGCTGAACG-1,True,AGCCTAAAGCTGAACG-1_contig_3,True,482,TRA,TRAV10,None,TRAJ24,TRAC,True,False,None,None,271,3,clonotype1,None
AGCCTAAAGCTGCAAG-1,True,AGCCTAAAGCTGCAAG-1_contig_1,True,505,TRA,TRAV1-2,None,TRAJ33,TRAC,True,True,CAATDSNYQLIW,TGTGCTGCGACTGATAGCAACTATCAGTTAATCTGG,90,3,clonotype1,clonotype1_consensus_2
AGCCTAAAGCTGCAAG-1,True,AGCCTAAAGCTGCAAG-1_contig_2,True,492,TRB,TRBV20-1,None,TRBJ2-1,TRBC2,True,True,CSARVGSEVNEQFF,TGCAGTGCTAGAGTGGGGTCGGAAGTCAATGAGCAGTTCTTC,1443,6,clonotype1,clonotype1_consensus_1
AGCCTAAAGCTGCAAG-1,True,AGCCTAAAGCTGCAAG-1_contig_3,True,469,TRA,TRAV10,None,TRAJ24,TRAC,True,False,None,None,287,2,clonotype1,None
AGCCTAACAACTGCGC-1,True,AGCCTAACAACTGCGC-1_contig_1,True,505,TRA,TRAV1-2,None,TRAJ33,TRAC,True,True,CAATDSNYQLIW,TGTGCTGCGACTGATAGCAACTATCAGTTAATCTGG,472,2,clonotype1,clonotype1_consensus_2
AGCCTAACAACTGCGC-1,True,AGCCTAACAACTGCGC-1_contig_2,True,521,TRB,TRBV20-1,None,TRBJ2-1,TRBC2,True,True,CSARVGSEVNEQFF,TGCAGTGCTAGAGTGGGGTCGGAAGTCAATGAGCAGTTCTTC,2696,10,clonotype1,clonotype1_consensus_1
AGCCTAACACAAGTAA-1,True,AGCCTAACACAAGTAA-1_contig_1,True,505,TRA,TRAV1-2,None,TRAJ33,TRAC,True,True,CAATDSNYQLIW,TGTGCTGCGACTGATAGCAACTATCAGTTAATCTGG,400,2,clonotype1,clonotype1_consensus_2
AGCCTAACACAAGTAA-1,True,AGCCTAACACAAGTAA-1_contig_2,True,519,TRB,TRBV20-1,None,TRBJ2-1,TRBC2,True,True,CSARVGSEVNEQFF,TGCAGTGCTAGAGTGGGGTCGGAAGTCAATGAGCAGTTCTTC,981,5,clonotype1,clonotype1_consensus_1
AGCCTAACACAAGTAA-1,True,AGCCTAACACAAGTAA-1_contig_3,True,457,TRA,TRAV10,None,TRAJ24,TRAC,True,False,None,None,176,3,clonotype1,None
AGCCTAACACAGGAGT-1,True,AGCCTAACACAGGAGT-1_contig_1,True,521,TRB,TRBV20-1,None,TRBJ2-7,TRBC2,True,True,CSAEARVRSYEQYF,TGCAGTGCTGAGGCCAGGGTAAGGTCTTACGAGCAGTACTTC,4498,14,clonotype216,clonotype216_consensus_1
AGCCTAACACAGGAGT-1,True,AGCCTAACACAGGAGT-1_contig_2,True,597,TRA,TRAV12-1,None,TRAJ9,TRAC,True,True,CVVIDTGGFKTIF,TGTGTGGTGATTGATACTGGAGGCTTCAAAACTATCTTT,1647,11,clonotype216,clonotype216_consensus_2
AGCCTAACACAGGAGT-1,True,AGCCTAACACAGGAGT-1_contig_3,True,450,TRA,None,None,TRAJ6,None,False,False,None,None,56,1,clonotype216,None
AGCCTAACACAGGAGT-1,True,AGCCTAACACAGGAGT-1_contig_4,True,452,TRA,TRAV4,None,None,TRAC,False,False,None,None,1510,5,clonotype216,None
AGCCTAACACCCTATC-1,True,AGCCTAACACCCTATC-1_contig_1,True,518,TRB,TRBV20-1,None,TRBJ2-7,TRBC2,True,True,CSAPGTGGYEQYF,TGCAGTGCACCCGGGACAGGGGGCTACGAGCAGTACTTC,5437,5,clonotype862,clonotype862_consensus_1
AGCCTAACACCCTATC-1,True,AGCCTAACACCCTATC-1_contig_2,True,487,TRA,TRAV21,None,TRAJ57,TRAC,True,True,CAGLLTQGGSEKLVF,TGTGCTGGGCTACTAACTCAGGGCGGATCTGAAAAGCTGGTCTTT,984,2,clonotype862,clonotype862_consensus_2
AGCCTAACAGGATTGG-1,True,AGCCTAACAGGATTGG-1_contig_1,True,515,TRB,TRBV20-1,None,TRBJ2-7,TRBC2,True,True,CSAEPGTYEQYF,TGCAGTGCCGAACCCGGGACCTACGAGCAGTACTTC,3561,15,clonotype863,clonotype863_consensus_2
AGCCTAACAGGATTGG-1,True,AGCCTAACAGGATTGG-1_contig_2,True,553,TRA,TRAV12-2,None,TRAJ52,TRAC,True,True,CAVDQAGGTSYGKLTF,TGTGCCGTGGATCAAGCTGGTGGTACTAGCTATGGAAAGCTGACATTT,396,2,clonotype863,clonotype863_consensus_1
AGCCTAACAGGATTGG-1,True,AGCCTAACAGGATTGG-1_contig_3,True,520,TRA,TRAV14/DV4,None,TRAJ34,TRAC,True,True,CAMRPINTDKLIF,TGTGCAATGAGACCAATTAACACCGACAAGCTCATCTTT,934,5,clonotype863,clonotype863_consensus_3
AGCCTAACAGGATTGG-1,True,AGCCTAACAGGATTGG-1_contig_4,True,341,TRB,None,None,TRBJ1-1,TRBC1,False,False,None,None,183,2,clonotype863,None
AGCCTAACATACCATG-1,True,AGCCTAACATACCATG-1_contig_1,True,500,TRA,TRAV29/DV5,None,TRAJ30,TRAC,True,True,CAARFFVDKIIF,TGTGCAGCAAGATTTTTCGTTGACAAGATCATCTTT,3360,2,clonotype864,clonotype864_consensus_1
AGCCTAACATACCATG-1,True,AGCCTAACATACCATG-1_contig_2,True,527,TRB,TRBV20-1,None,TRBJ2-5,TRBC2,True,True,CSARRLAGGELETQYF,TGCAGTGCTAGAAGGCTAGCGGGGGGGGAATTGGAGACCCAGTACTTC,863,8,clonotype864,clonotype864_consensus_2
AGCCTAACATAGTAAG-1,True,AGCCTAACATAGTAAG-1_contig_1,True,505,TRA,TRAV1-2,None,TRAJ33,TRAC,True,True,CAATDSNYQLIW,TGTGCTGCGACTGATAGCAACTATCAGTTAATCTGG,271,3,clonotype1,clonotype1_consensus_2
AGCCTAACATAGTAAG-1,True,AGCCTAACATAGTAAG-1_contig_2,True,521,TRB,TRBV20-1,None,TRBJ2-1,TRBC2,True,True,CSARVGSEVNEQFF,TGCAGTGCTAGAGTGGGGTCGGAAGTCAATGAGCAGTTCTTC,1242,9,clonotype1,clonotype1_consensus_1
AGCCTAAGTACCTACA-1,True,AGCCTAAGTACCTACA-1_contig_1,True,505,TRA,TRAV1-2,None,TRAJ33,TRAC,True,True,CAATDSNYQLIW,TGTGCTGCGACTGATAGCAACTATCAGTTAATCTGG,497,3,clonotype1,clonotype1_consensus_2
AGCCTAAGTACCTACA-1,True,AGCCTAAGTACCTACA-1_contig_2,True,514,TRB,TRBV20-1,None,TRBJ2-1,TRBC2,True,True,CSARVGSEVNEQFF,TGCAGTGCTAGAGTGGGGTCGGAAGTCAATGAGCAGTTCTTC,1178,4,clonotype1,clonotype1_consensus_1
AGCCTAAGTACCTACA-1,True,AGCCTAAGTACCTACA-1_contig_3,True,482,TRA,TRAV10,None,TRAJ24,TRAC,True,False,None,None,407,3,clonotype1,None
AGCCTAAGTAGGCTGA-1,True,AGCCTAAGTAGGCTGA-1_contig_1,True,505,TRA,TRAV1-2,None,TRAJ33,TRAC,True,True,CAATDSNYQLIW,TGTGCTGCGACTGATAGCAACTATCAGTTAATCTGG,399,3,clonotype1,clonotype1_consensus_2
AGCCTAAGTAGGCTGA-1,True,AGCCTAAGTAGGCTGA-1_contig_2,True,521,TRB,TRBV20-1,None,TRBJ2-1,TRBC2,True,True,CSARVGSEVNEQFF,TGCAGTGCTAGAGTGGGGTCGGAAGTCAATGAGCAGTTCTTC,2798,14,clonotype1,clonotype1_consensus_1
AGCCTAAGTAGGCTGA-1,True,AGCCTAAGTAGGCTGA-1_contig_3,True,482,TRA,TRAV10,None,TRAJ24,TRAC,True,False,None,None,210,1,clonotype1,None
AGCCTAAGTATATGAG-1,True,AGCCTAAGTATATGAG-1_contig_1,True,505,TRA,TRAV1-2,None,TRAJ33,TRAC,True,True,CAATDSNYQLIW,TGTGCTGCGACTGATAGCAACTATCAGTTAATCTGG,388,2,clonotype1,clonotype1_consensus_2
AGCCTAAGTATATGAG-1,True,AGCCTAAGTATATGAG-1_contig_2,True,517,TRB,TRBV20-1,None,TRBJ2-1,TRBC2,True,True,CSARVGSEVNEQFF,TGCAGTGCTAGAGTGGGGTCGGAAGTCAATGAGCAGTTCTTC,1433,7,clonotype1,clonotype1_consensus_1
AGCCTAAGTATATGAG-1,True,AGCCTAAGTATATGAG-1_contig_3,True,481,TRA,TRAV10,None,TRAJ24,TRAC,True,False,None,None,312,3,clonotype1,None
AGCCTAAGTCCCGACA-1,True,AGCCTAAGTCCCGACA-1_contig_1,True,505,TRA,TRAV1-2,None,TRAJ33,TRAC,True,True,CAATDSNYQLIW,TGTGCTGCGACTGATAGCAACTATCAGTTAATCTGG,626,3,clonotype1,clonotype1_consensus_2
AGCCTAAGTCCCGACA-1,True,AGCCTAAGTCCCGACA-1_contig_2,True,498,TRB,TRBV20-1,None,TRBJ2-1,TRBC2,True,True,CSARVGSEVNEQFF,TGCAGTGCTAGAGTGGGGTCGGAAGTCAATGAGCAGTTCTTC,2833,11,clonotype1,clonotype1_consensus_1
AGCCTAAGTTGGAGGT-1,True,AGCCTAAGTTGGAGGT-1_contig_1,True,530,TRB,TRBV20-1,None,TRBJ2-1,TRBC2,True,True,CSARDRLAGSFYNEQFF,TGCAGTGCTAGAGATCGCCTAGCGGGGAGCTTTTACAATGAGCAGTTCTTC,645,5,clonotype865,clonotype865_consensus_1
AGCCTAAGTTGGAGGT-1,True,AGCCTAAGTTGGAGGT-1_contig_2,True,341,TRB,None,None,TRBJ2-7,TRBC2,False,False,None,None,253,2,clonotype865,None
AGCCTAAGTTGGAGGT-1,True,AGCCTAAGTTGGAGGT-1_contig_3,True,506,TRA,TRAV6,None,TRAJ8,TRAC,True,False,None,None,509,1,clonotype865,None
AGCCTAAGTTTGACAC-1,True,AGCCTAAGTTTGACAC-1_contig_1,True,553,TRA,TRAV12-2,None,TRAJ48,TRAC,True,True,CAVNLISNFGNEKLTF,TGTGCCGTGAACTTAATATCTAACTTTGGAAATGAGAAATTAACCTTT,1053,3,clonotype79,clonotype79_consensus_3
AGCCTAAGTTTGACAC-1,True,AGCCTAAGTTTGACAC-1_contig_2,True,511,TRA,TRAV23/DV6,None,TRAJ42,TRAC,True,True,CAANRGGSQGNLIF,TGTGCAGCAAATAGAGGAGGAAGCCAAGGAAATCTCATCTTT,1604,7,clonotype79,clonotype79_consensus_2
AGCCTAAGTTTGACAC-1,True,AGCCTAAGTTTGACAC-1_contig_3,True,521,TRB,TRBV20-1,None,TRBJ2-1,TRBC2,True,True,CSAEGRGRFYEQFF,TGCAGTGCCGAAGGCAGGGGGCGCTTCTATGAGCAGTTCTTC,2030,6,clonotype79,clonotype79_consensus_1
AGCCTAATCACCCGAG-1,True,AGCCTAATCACCCGAG-1_contig_1,True,508,TRA,TRAV20,None,TRAJ24,TRAC,True,True,CAVMTTDSWGKFQF,TGTGCTGTTATGACAACTGACAGCTGGGGGAAATTCCAGTTT,1804,6,clonotype7,clonotype7_consensus_2
AGCCTAATCACCCGAG-1,True,AGCCTAATCACCCGAG-1_contig_2,True,513,TRB,TRBV5-5,None,TRBJ2-7,TRBC2,True,True,CASSSLVEQGAYEQYF,TGTGCCAGCAGCTCGCTCGTAGAGCAGGGGGCCTACGAGCAGTACTTC,3668,7,clonotype7,clonotype7_consensus_1
AGCCTAATCCCAACGG-1,True,AGCCTAATCCCAACGG-1_contig_1,True,677,TRB,TRBV5-6,None,TRBJ2-5,TRBC2,True,True,CASSYVGETQYF,TGTGCCAGCAGCTACGTTGGAGAGACCCAGTACTTC,1897,6,clonotype866,clonotype866_consensus_1
AGCCTAATCTCTTGAT-1,True,AGCCTAATCTCTTGAT-1_contig_1,True,521,TRB,TRBV20-1,None,TRBJ2-1,TRBC2,True,True,CSARVGSEVNEQFF,TGCAGTGCTAGAGTGGGGTCGGAAGTCAATGAGCAGTTCTTC,705,7,clonotype2,clonotype2_consensus_1
AGCCTAATCTTGCCGT-1,True,AGCCTAATCTTGCCGT-1_contig_1,True,485,TRB,TRBV20-1,None,TRBJ1-5,TRBC1,True,True,CSASRTQVNQPQHF,TGCAGTGCTAGTCGAACACAAGTCAATCAGCCCCAGCATTTT,666,3,clonotype217,clonotype217_consensus_1
AGCCTAATCTTGCCGT-1,True,AGCCTAATCTTGCCGT-1_contig_2,True,520,TRA,TRAV14/DV4,None,TRAJ30,TRAC,True,True,CAMRANRDDKIIF,TGTGCAATGAGGGCGAACAGAGATGACAAGATCATCTTT,215,5,clonotype217,clonotype217_consensus_2
AGCGGTCAGAGGTAGA-1,True,AGCGGTCAGAGGTAGA-1_contig_1,True,501,TRA,TRAV12-3,None,TRAJ3,TRAC,True,True,CAMSEGSSASKIIF,TGTGCAATGAGCGAAGGGAGCAGTGCTTCCAAGATAATCTTT,2424,7,clonotype867,clonotype867_consensus_1
AGCGGTCAGAGGTAGA-1,True,AGCGGTCAGAGGTAGA-1_contig_2,True,530,TRB,TRBV20-1,None,TRBJ1-2,TRBC1,True,True,CSARPSRGQGSTYGYTF,TGCAGTGCTAGGCCTTCTAGAGGACAGGGGAGCACCTATGGCTACACCTTC,1253,7,clonotype867,clonotype867_consensus_2
AGCGGTCAGAGGTAGA-1,True,AGCGGTCAGAGGTAGA-1_contig_3,True,521,TRB,TRBV20-1,None,TRBJ2-5,TRBC2,True,True,CSVLPGQGKETQYF,TGCAGTGTTCTCCCGGGACAGGGAAAAGAGACCCAGTACTTC,1946,8,clonotype867,clonotype867_consensus_3
AGCGGTCAGAGGTAGA-1,True,AGCGGTCAGAGGTAGA-1_contig_4,True,512,TRA,TRAV1-2,None,TRAJ33,TRAC,True,False,None,None,135,3,clonotype867,None
AGCGGTCAGAGTGAGA-1,True,AGCGGTCAGAGTGAGA-1_contig_1,True,518,TRB,TRBV20-1,None,TRBJ1-4,TRBC1,True,True,CSASVSLNEKLFF,TGCAGTGCTAGTGTATCCCTTAATGAAAAACTGTTTTTT,4702,17,clonotype868,clonotype868_consensus_2
AGCGGTCAGAGTGAGA-1,True,AGCGGTCAGAGTGAGA-1_contig_2,True,518,TRA,TRAV17,None,TRAJ49,TRAC,True,True,CAYTGNQFYF,TGTGCTTACACCGGTAACCAGTTCTATTTT,214,2,clonotype868,clonotype868_consensus_1
AGCGGTCAGCGTGTCC-1,True,AGCGGTCAGCGTGTCC-1_contig_1,True,574,TRA,TRAV29/DV5,None,TRAJ23,TRAC,True,True,CAASAGYNQGGKLIF,TGTGCAGCAAGCGCGGGATATAACCAGGGAGGAAAGCTTATCTTC,1074,5,clonotype869,clonotype869_consensus_1
AGCGGTCCAAGCCGTC-1,True,AGCGGTCCAAGCCGTC-1_contig_1,True,505,TRA,TRAV1-2,None,TRAJ33,TRAC,True,True,CAATDSNYQLIW,TGTGCTGCGACTGATAGCAACTATCAGTTAATCTGG,1408,3,clonotype1,clonotype1_consensus_2
AGCGGTCCAAGCCGTC-1,True,AGCGGTCCAAGCCGTC-1_contig_2,True,497,TRB,TRBV20-1,None,TRBJ2-1,TRBC2,True,True,CSARVGSEVNEQFF,TGCAGTGCTAGAGTGGGGTCGGAAGTCAATGAGCAGTTCTTC,1991,15,clonotype1,clonotype1_consensus_1
AGCGGTCCAAGCCGTC-1,True,AGCGGTCCAAGCCGTC-1_contig_3,True,482,TRA,TRAV10,None,TRAJ24,TRAC,True,False,None,None,1024,4,clonotype1,None
AGCGGTCCAATTGCTG-1,True,AGCGGTCCAATTGCTG-1_contig_1,True,456,TRA,TRAV13-1,None,TRAJ31,TRAC,True,True,CAANYNNARLMF,TGTGCAGCCAACTATAACAATGCCAGACTCATGTTT,805,3,clonotype870,clonotype870_consensus_1
AGCGGTCCAATTGCTG-1,True,AGCGGTCCAATTGCTG-1_contig_2,True,518,TRB,TRBV20-1,None,TRBJ2-5,TRBC2,True,True,CSATPGLAGETQYF,TGCAGTGCCACTCCGGGACTAGCCGGGGAGACCCAGTACTTC,2163,8,clonotype870,clonotype870_consensus_2
AGCGGTCCACAGGAGT-1,True,AGCGGTCCACAGGAGT-1_contig_1,True,494,TRB,TRBV20-1,None,TRBJ1-3,TRBC1,True,True,CSASSTAEQYSGNTIYF,TGCAGTGCTAGTTCTACCGCGGAACAATACTCTGGAAACACCATATATTTT,1051,3,clonotype871,clonotype871_consensus_1
AGCGGTCCACAGGAGT-1,True,AGCGGTCCACAGGAGT-1_contig_2,True,562,TRA,TRAV19,None,TRAJ12,TRAC,True,True,CALIGDSSYKLIF,TGTGCTCTGATAGGGGATAGCAGCTATAAATTGATCTTC,121,4,clonotype871,clonotype871_consensus_2
AGCGGTCCACAGGAGT-1,True,AGCGGTCCACAGGAGT-1_contig_3,True,504,TRA,TRAV5,None,TRAJ26,TRAC,True,False,CAEELWSEF,TGTGCAGAGGAACTATGGTCAGAATTT,97,2,clonotype871,None
AGCGGTCCACGGTAAG-1,True,AGCGGTCCACGGTAAG-1_contig_1,True,579,TRA,TRAV8-4,None,TRAJ10,TRAC,True,True,CAVSSNILTGGGNKLTF,TGTGCTGTGAGTTCAAATATACTCACGGGAGGAGGAAACAAACTCACCTTT,609,5,clonotype872,clonotype872_consensus_2
AGCGGTCCACGGTAAG-1,True,AGCGGTCCACGGTAAG-1_contig_2,True,489,TRB,TRBV20-1,None,TRBJ1-2,TRBC1,True,True,CTPGRTGGYTF,TGCACCCCCGGGAGGACCGGTGGCTACACCTTC,1716,7,clonotype872,clonotype872_consensus_1
AGCGGTCCACGTAAGG-1,True,AGCGGTCCACGTAAGG-1_contig_1,True,485,TRB,TRBV20-1,None,TRBJ2-1,TRBC2,True,True,CSARVGSEVNEQFF,TGCAGTGCTAGAGTGGGGTCGGAAGTCAATGAGCAGTTCTTC,578,3,clonotype2,clonotype2_consensus_1
AGCGGTCCACGTAAGG-1,True,AGCGGTCCACGTAAGG-1_contig_2,True,478,TRA,TRAV10,None,TRAJ24,TRAC,True,False,None,None,293,1,clonotype2,None
AGCGGTCCAGTCGTGC-1,True,AGCGGTCCAGTCGTGC-1_contig_1,True,515,TRB,TRBV20-1,None,TRBJ1-5,TRBC1,True,True,CSAKEGNQPQHF,TGCAGTGCTAAAGAGGGTAACCAGCCCCAGCATTTT,3343,14,clonotype218,clonotype218_consensus_2
AGCGGTCCAGTCGTGC-1,True,AGCGGTCCAGTCGTGC-1_contig_2,True,547,TRA,TRAV12-2,None,TRAJ53,TRAC,True,True,CAVSSGGSNYKLTF,TGTGCCGTGAGTAGTGGAGGTAGCAACTATAAACTGACATTT,1615,8,clonotype218,clonotype218_consensus_1
AGCGGTCCATCCTTGC-1,True,AGCGGTCCATCCTTGC-1_contig_1,True,521,TRB,TRBV20-1,None,TRBJ2-1,TRBC2,True,True,CSARVGSEVNEQFF,TGCAGTGCTAGAGTGGGGTCGGAAGTCAATGAGCAGTTCTTC,2366,10,clonotype2,clonotype2_consensus_1
AGCGGTCCATCGACGC-1,True,AGCGGTCCATCGACGC-1_contig_1,True,505,TRA,TRAV1-2,None,TRAJ33,TRAC,True,True,CAATDSNYQLIW,TGTGCTGCGACTGATAGCAACTATCAGTTAATCTGG,505,2,clonotype1,clonotype1_consensus_2
AGCGGTCCATCGACGC-1,True,AGCGGTCCATCGACGC-1_contig_2,True,521,TRB,TRBV20-1,None,TRBJ2-1,TRBC2,True,True,CSARVGSEVNEQFF,TGCAGTGCTAGAGTGGGGTCGGAAGTCAATGAGCAGTTCTTC,1018,5,clonotype1,clonotype1_consensus_1
AGCGGTCCATCGACGC-1,True,AGCGGTCCATCGACGC-1_contig_3,True,393,TRB,None,None,TRBJ1-4,TRBC1,False,False,None,None,280,2,clonotype1,None
AGCGGTCCATCGACGC-1,True,AGCGGTCCATCGACGC-1_contig_4,True,482,TRA,TRAV10,None,TRAJ24,TRAC,True,False,None,None,589,3,clonotype1,None
AGCGGTCCATCGACGC-1,True,AGCGGTCCATCGACGC-1_contig_5,True,363,TRA,None,None,TRAJ32,TRAC,False,False,None,None,850,2,clonotype1,None
AGCGGTCCATCGATTG-1,True,AGCGGTCCATCGATTG-1_contig_1,True,498,TRB,TRBV20-1,None,TRBJ1-6,TRBC1,True,True,CSATGTSGSYNSPLHF,TGCAGTGCTACCGGGACCTCGGGCTCCTATAATTCACCCCTCCACTTT,1062,5,clonotype198,clonotype198_consensus_2
AGCGGTCCATCGATTG-1,True,AGCGGTCCATCGATTG-1_contig_2,True,621,TRA,TRAV3,None,TRAJ11,TRAC,True,True,CAVRDPDSGYSTLTF,TGTGCTGTGAGAGACCCGGATTCAGGATACAGCACCCTCACCTTT,802,6,clonotype198,clonotype198_consensus_3
AGCGGTCCATCGATTG-1,True,AGCGGTCCATCGATTG-1_contig_3,True,581,TRA,TRAV8-3,None,TRAJ35,TRAC,True,True,CAVGSFGNVLHC,TGTGCTGTGGGGAGCTTTGGGAATGTGCTGCATTGC,481,2,clonotype198,clonotype198_consensus_1
AGCGGTCGTATTCTCT-1,True,AGCGGTCGTATTCTCT-1_contig_1,True,505,TRA,TRAV1-2,None,TRAJ33,TRAC,True,True,CAATDSNYQLIW,TGTGCTGCGACTGATAGCAACTATCAGTTAATCTGG,137,2,clonotype1,clonotype1_consensus_2
AGCGGTCGTATTCTCT-1,True,AGCGGTCGTATTCTCT-1_contig_2,True,521,TRB,TRBV20-1,None,TRBJ2-1,TRBC2,True,True,CSARVGSEVNEQFF,TGCAGTGCTAGAGTGGGGTCGGAAGTCAATGAGCAGTTCTTC,1235,6,clonotype1,clonotype1_consensus_1
AGCGGTCGTATTCTCT-1,True,AGCGGTCGTATTCTCT-1_contig_3,True,502,TRA,TRAV10,None,TRAJ24,TRAC,True,False,None,None,334,3,clonotype1,None
AGCGGTCGTGCGATAG-1,True,AGCGGTCGTGCGATAG-1_contig_1,True,501,TRB,TRBV20-1,None,TRBJ1-1,TRBC1,True,True,CSARVRKAGLTEAFF,TGCAGTGCTAGAGTTCGGAAGGCAGGCCTCACTGAAGCTTTCTTT,242,4,clonotype873,clonotype873_consensus_2
AGCGGTCGTGCGATAG-1,True,AGCGGTCGTGCGATAG-1_contig_2,True,503,TRA,TRAV38-2/DV8,None,TRAJ42,TRAC,True,True,CAYRSTNYGGSQGNLIF,TGTGCTTATAGGAGCACGAATTATGGAGGAAGCCAAGGAAATCTCATCTTT,322,2,clonotype873,clonotype873_consensus_1
AGCGGTCGTGGTTTCA-1,True,AGCGGTCGTGGTTTCA-1_contig_1,True,553,TRA,TRAV12-2,None,TRAJ38,TRAC,True,True,CAVNSRNAGNNRKLIW,TGTGCCGTGAACTCCCGCAATGCTGGCAACAACCGTAAGCTGATTTGG,509,7,clonotype874,clonotype874_consensus_2
AGCGGTCGTGGTTTCA-1,True,AGCGGTCGTGGTTTCA-1_contig_2,True,501,TRB,TRBV20-1,None,TRBJ2-6,TRBC2,True,True,CSARDGGSGANVLTF,TGCAGTGCTAGAGATGGGGGCTCTGGGGCCAACGTCCTGACTTTC,644,2,clonotype874,clonotype874_consensus_1
AGCGGTCGTTAAAGAC-1,True,AGCGGTCGTTAAAGAC-1_contig_1,True,515,TRB,TRBV20-1,None,TRBJ1-5,TRBC1,True,True,CSAARAIQPQHF,TGCAGTGCCGCCAGGGCGATTCAGCCCCAGCATTTT,3349,12,clonotype875,clonotype875_consensus_2
AGCGGTCGTTAAAGAC-1,True,AGCGGTCGTTAAAGAC-1_contig_2,True,498,TRA,TRAV38-1,None,TRAJ38,TRAC,True,True,CAFMNRYAGNNRKLIW,TGTGCTTTCATGAACCGCTATGCTGGCAACAACCGTAAGCTGATTTGG,378,3,clonotype875,clonotype875_consensus_1
AGCGGTCGTTAAAGAC-1,True,AGCGGTCGTTAAAGAC-1_contig_3,True,309,TRA,None,None,TRAJ10,TRAC,False,False,None,None,266,1,clonotype875,None
AGCGGTCGTTAAAGAC-1,True,AGCGGTCGTTAAAGAC-1_contig_4,True,306,TRA,None,None,TRAJ27,TRAC,False,False,None,None,1098,3,clonotype875,None
AGCGGTCTCACGAAGG-1,True,AGCGGTCTCACGAAGG-1_contig_1,True,554,TRA,TRAV12-1,None,TRAJ6,TRAC,True,True,CVVNGALGGSYIPTF,TGTGTGGTGAACGGGGCTCTAGGAGGAAGCTACATACCTACATTT,329,6,clonotype876,clonotype876_consensus_2
AGCGGTCTCACGAAGG-1,True,AGCGGTCTCACGAAGG-1_contig_2,True,658,TRB,TRBV5-6,None,TRBJ2-5,TRBC2,True,True,CASSPQGGAVETQYF,TGTGCCAGCAGCCCCCAAGGGGGGGCCGTGGAGACCCAGTACTTC,6405,20,clonotype876,clonotype876_consensus_1
AGCGGTCTCAGCAACT-1,True,AGCGGTCTCAGCAACT-1_contig_1,True,566,TRA,TRAV22,None,TRAJ26,TRAC,True,True,CAVGKGNYGQNFVF,TGTGCTGTGGGCAAGGGGAACTATGGTCAGAATTTTGTCTTT,781,3,clonotype877,clonotype877_consensus_1
AGCGGTCTCAGCAACT-1,True,AGCGGTCTCAGCAACT-1_contig_2,True,507,TRB,TRBV20-1,None,TRBJ2-1,TRBC2,True,True,CSARDPLAGLSYNEQFF,TGCAGTGCTAGAGACCCACTAGCGGGGCTATCCTACAATGAGCAGTTCTTC,512,7,clonotype877,clonotype877_consensus_2
AGCGGTCTCAGCAACT-1,True,AGCGGTCTCAGCAACT-1_contig_3,True,507,TRA,TRAV27,None,TRAJ39,TRAC,True,False,None,None,888,2,clonotype877,None
AGCGGTCTCAGTCCCT-1,True,AGCGGTCTCAGTCCCT-1_contig_1,True,505,TRA,TRAV1-2,None,TRAJ33,TRAC,True,True,CAATDSNYQLIW,TGTGCTGCGACTGATAGCAACTATCAGTTAATCTGG,832,4,clonotype1,clonotype1_consensus_2
AGCGGTCTCAGTCCCT-1,True,AGCGGTCTCAGTCCCT-1_contig_2,True,521,TRB,TRBV20-1,None,TRBJ2-1,TRBC2,True,True,CSARVGSEVNEQFF,TGCAGTGCTAGAGTGGGGTCGGAAGTCAATGAGCAGTTCTTC,764,8,clonotype1,clonotype1_consensus_1
AGCGGTCTCAGTCCCT-1,True,AGCGGTCTCAGTCCCT-1_contig_3,True,525,TRB,None,None,TRBJ2-2P,TRBC2,False,False,None,None,446,4,clonotype1,None
AGCGGTCTCCAGAGGA-1,True,AGCGGTCTCCAGAGGA-1_contig_1,True,505,TRA,TRAV1-2,None,TRAJ33,TRAC,True,True,CAATDSNYQLIW,TGTGCTGCGACTGATAGCAACTATCAGTTAATCTGG,577,3,clonotype1,clonotype1_consensus_2
AGCGGTCTCCAGAGGA-1,True,AGCGGTCTCCAGAGGA-1_contig_2,True,521,TRB,TRBV20-1,None,TRBJ2-1,TRBC2,True,True,CSARVGSEVNEQFF,TGCAGTGCTAGAGTGGGGTCGGAAGTCAATGAGCAGTTCTTC,1218,10,clonotype1,clonotype1_consensus_1
AGCGGTCTCCATGCTC-1,True,AGCGGTCTCCATGCTC-1_contig_1,True,505,TRA,TRAV1-2,None,TRAJ33,TRAC,True,True,CAATDSNYQLIW,TGTGCTGCGACTGATAGCAACTATCAGTTAATCTGG,149,3,clonotype1,clonotype1_consensus_2
AGCGGTCTCCATGCTC-1,True,AGCGGTCTCCATGCTC-1_contig_2,True,521,TRB,TRBV20-1,None,TRBJ2-1,TRBC2,True,True,CSARVGSEVNEQFF,TGCAGTGCTAGAGTGGGGTCGGAAGTCAATGAGCAGTTCTTC,2134,10,clonotype1,clonotype1_consensus_1
AGCGGTCTCCATGCTC-1,True,AGCGGTCTCCATGCTC-1_contig_3,True,482,TRA,TRAV10,None,TRAJ24,TRAC,True,False,None,None,70,3,clonotype1,None
AGCGGTCTCCTCAACC-1,True,AGCGGTCTCCTCAACC-1_contig_1,True,505,TRA,TRAV1-2,None,TRAJ33,TRAC,True,True,CAATDSNYQLIW,TGTGCTGCGACTGATAGCAACTATCAGTTAATCTGG,3633,5,clonotype1,clonotype1_consensus_2
AGCGGTCTCCTCAACC-1,True,AGCGGTCTCCTCAACC-1_contig_2,True,492,TRB,TRBV20-1,None,TRBJ2-1,TRBC2,True,True,CSARVGSEVNEQFF,TGCAGTGCTAGAGTGGGGTCGGAAGTCAATGAGCAGTTCTTC,706,2,clonotype1,clonotype1_consensus_1
AGCGGTCTCGTAGGTT-1,True,AGCGGTCTCGTAGGTT-1_contig_1,True,505,TRA,TRAV1-2,None,TRAJ33,TRAC,True,True,CAATDSNYQLIW,TGTGCTGCGACTGATAGCAACTATCAGTTAATCTGG,259,2,clonotype1,clonotype1_consensus_2
AGCGGTCTCGTAGGTT-1,True,AGCGGTCTCGTAGGTT-1_contig_2,True,521,TRB,TRBV20-1,None,TRBJ2-1,TRBC2,True,True,CSARVGSEVNEQFF,TGCAGTGCTAGAGTGGGGTCGGAAGTCAATGAGCAGTTCTTC,1240,7,clonotype1,clonotype1_consensus_1
AGCGGTCTCGTAGGTT-1,True,AGCGGTCTCGTAGGTT-1_contig_3,True,459,TRA,TRAV10,None,TRAJ24,TRAC,True,False,None,None,266,3,clonotype1,None
AGCGGTCTCGTTTATC-1,True,AGCGGTCTCGTTTATC-1_contig_1,True,487,TRA,TRAV1-2,None,TRAJ33,TRAC,True,True,CAATDSNYQLIW,TGTGCTGCGACTGATAGCAACTATCAGTTAATCTGG,76,2,clonotype1,clonotype1_consensus_2
AGCGGTCTCGTTTATC-1,True,AGCGGTCTCGTTTATC-1_contig_2,True,521,TRB,TRBV20-1,None,TRBJ2-1,TRBC2,True,True,CSARVGSEVNEQFF,TGCAGTGCTAGAGTGGGGTCGGAAGTCAATGAGCAGTTCTTC,1392,7,clonotype1,clonotype1_consensus_1
AGCGGTCTCTGGGCCA-1,True,AGCGGTCTCTGGGCCA-1_contig_1,True,521,TRB,TRBV20-1,None,TRBJ2-1,TRBC2,True,True,CSARVGSEVNEQFF,TGCAGTGCTAGAGTGGGGTCGGAAGTCAATGAGCAGTTCTTC,2680,11,clonotype2,clonotype2_consensus_1
AGCGTATAGCCACTAT-1,True,AGCGTATAGCCACTAT-1_contig_1,True,477,TRA,TRAV1-2,None,TRAJ33,TRAC,True,True,CAATDSNYQLIW,TGTGCTGCGACTGATAGCAACTATCAGTTAATCTGG,193,2,clonotype1,clonotype1_consensus_2
AGCGTATAGCCACTAT-1,True,AGCGTATAGCCACTAT-1_contig_2,True,521,TRB,TRBV20-1,None,TRBJ2-1,TRBC2,True,True,CSARVGSEVNEQFF,TGCAGTGCTAGAGTGGGGTCGGAAGTCAATGAGCAGTTCTTC,4072,11,clonotype1,clonotype1_consensus_1
AGCGTATAGCCACTAT-1,True,AGCGTATAGCCACTAT-1_contig_3,True,461,TRA,TRAV10,None,TRAJ24,TRAC,True,False,None,None,311,2,clonotype1,None
AGCGTATAGCGAGAAA-1,True,AGCGTATAGCGAGAAA-1_contig_1,True,501,TRB,TRBV20-1,None,TRBJ1-5,TRBC1,True,True,CSAISITQGSQPQHF,TGCAGTGCTATTTCGATCACCCAGGGTAGTCAGCCCCAGCATTTT,1387,6,clonotype109,clonotype109_consensus_2
AGCGTATAGCGAGAAA-1,True,AGCGTATAGCGAGAAA-1_contig_2,True,505,TRA,TRAV1-2,None,TRAJ33,TRAC,True,True,CAPKDGNYQLIW,TGTGCTCCTAAAGACGGCAACTATCAGTTAATCTGG,637,4,clonotype109,clonotype109_consensus_1
AGCGTATAGGTGTTAA-1,True,AGCGTATAGGTGTTAA-1_contig_1,True,554,TRA,TRAV26-1,None,TRAJ52,TRAC,True,True,CIVGTSYGKLTF,TGCATCGTCGGTACTAGCTATGGAAAGCTGACATTT,945,5,clonotype878,clonotype878_consensus_2
AGCGTATAGGTGTTAA-1,True,AGCGTATAGGTGTTAA-1_contig_2,True,759,TRB,TRBV5-6,None,TRBJ1-6,TRBC1,True,True,CASSLRTGSNSPLHF,TGTGCCAGCAGCCTCCGGACAGGGTCTAATTCACCCCTCCACTTT,1147,7,clonotype878,clonotype878_consensus_1
AGCGTATAGTGTGGCA-1,True,AGCGTATAGTGTGGCA-1_contig_1,True,522,TRA,TRAV26-1,None,TRAJ13,TRAC,True,True,CIVRPRNSGGYQKVTF,TGCATCGTCAGACCTCGGAATTCTGGGGGTTACCAGAAAGTTACCTTT,193,3,clonotype219,clonotype219_consensus_2
AGCGTATAGTGTGGCA-1,True,AGCGTATAGTGTGGCA-1_contig_2,True,519,TRB,TRBV5-6,None,TRBJ1-2,TRBC1,True,True,CASSLGQGGVGYTF,TGTGCCAGCAGCTTGGGACAGGGGGGAGTTGGCTACACCTTC,1872,6,clonotype219,clonotype219_consensus_1
AGCGTATCAATTCCTT-1,True,AGCGTATCAATTCCTT-1_contig_1,True,526,TRA,TRAV14/DV4,None,TRAJ37,TRAC,True,True,CAMSPGSSNTGKLIF,TGTGCAATGAGCCCGGGCTCTAGCAACACAGGCAAACTAATCTTT,1503,4,clonotype879,clonotype879_consensus_2
AGCGTATCAATTCCTT-1,True,AGCGTATCAATTCCTT-1_contig_2,True,498,TRB,TRBV20-1,None,TRBJ2-2,TRBC2,True,True,CSAARWGDTGELFF,TGCAGTGCCGCAAGGTGGGGGGACACCGGGGAGCTGTTTTTT,4105,7,clonotype879,clonotype879_consensus_1
AGCGTATCAATTCCTT-1,True,AGCGTATCAATTCCTT-1_contig_3,True,471,TRB,TRBV27,None,TRBJ2-5,TRBC2,True,False,None,None,3586,3,clonotype879,None
AGCGTATCATGGATGG-1,True,AGCGTATCATGGATGG-1_contig_1,True,505,TRA,TRAV1-2,None,TRAJ33,TRAC,True,True,CAATDSNYQLIW,TGTGCTGCGACTGATAGCAACTATCAGTTAATCTGG,299,2,clonotype1,clonotype1_consensus_2
AGCGTATCATGGATGG-1,True,AGCGTATCATGGATGG-1_contig_2,True,498,TRB,TRBV20-1,None,TRBJ2-1,TRBC2,True,True,CSARVGSEVNEQFF,TGCAGTGCTAGAGTGGGGTCGGAAGTCAATGAGCAGTTCTTC,642,6,clonotype1,clonotype1_consensus_1
AGCGTATCATGGATGG-1,True,AGCGTATCATGGATGG-1_contig_3,True,493,TRA,TRAV10,None,TRAJ24,TRAC,True,False,None,None,179,2,clonotype1,None
AGCGTATGTACAGCAG-1,True,AGCGTATGTACAGCAG-1_contig_1,True,521,TRB,TRBV20-1,None,TRBJ1-4,TRBC1,True,True,CSASTPRRGEKLFF,TGCAGTGCTAGCACCCCAAGGAGGGGGGAAAAACTGTTTTTT,2123,7,clonotype880,clonotype880_consensus_1
AGCGTATGTACAGCAG-1,True,AGCGTATGTACAGCAG-1_contig_2,True,607,TRA,TRAV8-6,None,TRAJ34,TRAC,True,True,CAVSDRNTDKLIF,TGTGCTGTGAGTGATCGCAACACCGACAAGCTCATCTTT,217,1,clonotype880,clonotype880_consensus_2
AGCGTATGTACAGCAG-1,True,AGCGTATGTACAGCAG-1_contig_3,True,438,TRA,TRAV13-1,None,TRAJ33,TRAC,True,False,CRTVNYQLIW,TGCAGGACGGTCAACTATCAGTTAATCTGG,32,2,clonotype880,None
AGCGTATGTCTGCCAG-1,True,AGCGTATGTCTGCCAG-1_contig_1,True,521,TRB,TRBV20-1,None,TRBJ2-1,TRBC2,True,True,CSARVGSEVNEQFF,TGCAGTGCTAGAGTGGGGTCGGAAGTCAATGAGCAGTTCTTC,1454,7,clonotype2,clonotype2_consensus_1
AGCGTATGTCTGCCAG-1,True,AGCGTATGTCTGCCAG-1_contig_2,True,425,TRA,None,None,TRAJ10,TRAC,False,False,None,None,60,3,clonotype2,None
AGCGTATGTGCTGTAT-1,True,AGCGTATGTGCTGTAT-1_contig_1,True,505,TRA,TRAV1-2,None,TRAJ33,TRAC,True,True,CAATDSNYQLIW,TGTGCTGCGACTGATAGCAACTATCAGTTAATCTGG,111,1,clonotype1,clonotype1_consensus_2
AGCGTATGTGCTGTAT-1,True,AGCGTATGTGCTGTAT-1_contig_2,True,521,TRB,TRBV20-1,None,TRBJ2-1,TRBC2,True,True,CSARVGSEVNEQFF,TGCAGTGCTAGAGTGGGGTCGGAAGTCAATGAGCAGTTCTTC,2700,10,clonotype1,clonotype1_consensus_1
AGCGTATGTGCTGTAT-1,True,AGCGTATGTGCTGTAT-1_contig_3,True,482,TRA,TRAV10,None,TRAJ24,TRAC,True,False,None,None,150,2,clonotype1,None
AGCGTATTCAGAGACG-1,True,AGCGTATTCAGAGACG-1_contig_1,True,504,TRB,TRBV20-1,None,TRBJ1-5,TRBC1,True,True,CSARPMGIGGNQPQHF,TGCAGTGCCCGCCCTATGGGGATTGGGGGCAATCAGCCCCAGCATTTT,1754,3,clonotype56,clonotype56_consensus_1
AGCGTATTCAGAGACG-1,True,AGCGTATTCAGAGACG-1_contig_2,True,541,TRA,TRAV12-2,None,TRAJ16,TRAC,True,True,CAVTALGQKLLF,TGTGCCGTGACAGCCCTAGGCCAGAAGCTGCTCTTT,723,4,clonotype56,clonotype56_consensus_2
AGCGTATTCAGAGACG-1,True,AGCGTATTCAGAGACG-1_contig_3,True,384,TRB,None,None,TRBJ2-7,TRBC2,False,False,None,None,2346,8,clonotype56,None
AGCGTATTCCAACCAA-1,True,AGCGTATTCCAACCAA-1_contig_1,True,547,TRA,TRAV12-2,None,TRAJ13,TRAC,True,True,CAVVDSGGYQKVTF,TGTGCCGTGGTGGATTCTGGGGGTTACCAGAAAGTTACCTTT,1009,8,clonotype116,clonotype116_consensus_1
AGCGTATTCCAACCAA-1,True,AGCGTATTCCAACCAA-1_contig_2,True,524,TRB,TRBV20-1,None,TRBJ2-1,TRBC2,True,True,CSALGLAGAGNEQFF,TGCAGTGCTCTCGGACTAGCGGGGGCCGGCAATGAGCAGTTCTTC,1584,10,clonotype116,clonotype116_consensus_2
AGCGTATTCCAACCAA-1,True,AGCGTATTCCAACCAA-1_contig_3,True,482,TRB,TRBV9,None,TRBJ2-5,TRBC2,True,False,None,None,206,1,clonotype116,None
AGCGTATTCGGCATCG-1,True,AGCGTATTCGGCATCG-1_contig_1,True,505,TRA,TRAV1-2,None,TRAJ33,TRAC,True,True,CAATDSNYQLIW,TGTGCTGCGACTGATAGCAACTATCAGTTAATCTGG,1322,5,clonotype1,clonotype1_consensus_2
AGCGTATTCGGCATCG-1,True,AGCGTATTCGGCATCG-1_contig_2,True,521,TRB,TRBV20-1,None,TRBJ2-1,TRBC2,True,True,CSARVGSEVNEQFF,TGCAGTGCTAGAGTGGGGTCGGAAGTCAATGAGCAGTTCTTC,2598,17,clonotype1,clonotype1_consensus_1
AGCGTCGAGAACAATC-1,True,AGCGTCGAGAACAATC-1_contig_1,True,505,TRA,TRAV1-2,None,TRAJ33,TRAC,True,True,CAATDSNYQLIW,TGTGCTGCGACTGATAGCAACTATCAGTTAATCTGG,1290,6,clonotype1,clonotype1_consensus_2
AGCGTCGAGAACAATC-1,True,AGCGTCGAGAACAATC-1_contig_2,True,498,TRB,TRBV20-1,None,TRBJ2-1,TRBC2,True,True,CSARVGSEVNEQFF,TGCAGTGCTAGAGTGGGGTCGGAAGTCAATGAGCAGTTCTTC,2381,10,clonotype1,clonotype1_consensus_1
AGCGTCGAGCAACGGT-1,True,AGCGTCGAGCAACGGT-1_contig_1,True,673,TRB,TRBV5-5,None,TRBJ2-1,TRBC2,True,True,CASSFDAAYNEQFF,TGTGCCAGCAGCTTTGACGCAGCCTACAATGAGCAGTTCTTC,2558,11,clonotype881,clonotype881_consensus_1
AGCGTCGAGCAACGGT-1,True,AGCGTCGAGCAACGGT-1_contig_2,True,467,TRA,TRAV13-1,None,TRAJ45,TRAC,True,False,CAASIIQEEVLTD,TGTGCAGCAAGTATAATTCAGGAGGAGGTGCTGACGGAC,357,2,clonotype881,None
AGCGTCGAGCTATGCT-1,True,AGCGTCGAGCTATGCT-1_contig_1,True,485,TRB,TRBV20-1,None,TRBJ2-1,TRBC2,True,True,CSARVGSEVNEQFF,TGCAGTGCTAGAGTGGGGTCGGAAGTCAATGAGCAGTTCTTC,1145,5,clonotype2,clonotype2_consensus_1
AGCGTCGAGCTATGCT-1,True,AGCGTCGAGCTATGCT-1_contig_2,True,441,TRA,TRAV10,None,TRAJ24,TRAC,True,False,None,None,47,2,clonotype2,None
AGCGTCGCACATCTTT-1,True,AGCGTCGCACATCTTT-1_contig_1,True,527,TRB,TRBV20-1,None,TRBJ2-5,TRBC2,True,True,CSARQLAGENRETQYF,TGCAGTGCTAGACAGCTAGCGGGGGAGAATAGGGAGACCCAGTACTTC,1582,7,clonotype882,clonotype882_consensus_1
AGCGTCGCAGTGGAGT-1,True,AGCGTCGCAGTGGAGT-1_contig_1,True,498,TRB,TRBV20-1,None,TRBJ2-1,TRBC2,True,True,CSARVGSEVNEQFF,TGCAGTGCTAGAGTGGGGTCGGAAGTCAATGAGCAGTTCTTC,1072,4,clonotype2,clonotype2_consensus_1
AGCGTCGCAGTGGAGT-1,True,AGCGTCGCAGTGGAGT-1_contig_2,True,465,TRA,TRAV10,None,TRAJ24,TRAC,True,False,None,None,5595,2,clonotype2,None
AGCGTCGCATTGAGCT-1,True,AGCGTCGCATTGAGCT-1_contig_1,True,506,TRA,TRAV30,None,TRAJ49,TRAC,True,True,CGTETGNQFYF,TGTGGCACAGAGACCGGTAACCAGTTCTATTTT,897,6,clonotype883,clonotype883_consensus_2
AGCGTCGCATTGAGCT-1,True,AGCGTCGCATTGAGCT-1_contig_2,True,521,TRA,TRAV27,None,TRAJ20,TRAC,True,True,CAGEDDYKLSF,TGTGCAGGAGAGGACGACTACAAGCTCAGCTTT,435,3,clonotype883,clonotype883_consensus_1
AGCGTCGCATTGAGCT-1,True,AGCGTCGCATTGAGCT-1_contig_3,True,521,TRB,TRBV20-1,None,TRBJ1-5,TRBC1,True,True,CSASLAPRDQPQHF,TGCAGTGCTAGCCTCGCACCCAGAGATCAGCCCCAGCATTTT,1285,9,clonotype883,clonotype883_consensus_3
AGCGTCGCATTGAGCT-1,True,AGCGTCGCATTGAGCT-1_contig_4,True,593,TRB,None,None,TRBJ2-3,TRBC2,False,False,None,None,209,2,clonotype883,None
AGCGTCGGTCCCTTGT-1,True,AGCGTCGGTCCCTTGT-1_contig_1,True,488,TRB,TRBV20-1,None,TRBJ1-2,TRBC1,True,True,CSARAGRGLSYGYTF,TGCAGTGCTAGAGCAGGAAGGGGGCTTAGCTATGGCTACACCTTC,559,3,clonotype884,clonotype884_consensus_2
AGCGTCGGTCCCTTGT-1,True,AGCGTCGGTCCCTTGT-1_contig_2,True,512,TRA,TRAV27,None,TRAJ20,TRAC,True,True,CAGSYNDYKLSF,TGTGCAGGGTCCTATAACGACTACAAGCTCAGCTTT,325,7,clonotype884,clonotype884_consensus_1
AGCGTCGGTCCTAGCG-1,True,AGCGTCGGTCCTAGCG-1_contig_1,True,505,TRA,TRAV1-2,None,TRAJ33,TRAC,True,True,CAATDSNYQLIW,TGTGCTGCGACTGATAGCAACTATCAGTTAATCTGG,165,2,clonotype1,clonotype1_consensus_2
AGCGTCGGTCCTAGCG-1,True,AGCGTCGGTCCTAGCG-1_contig_2,True,521,TRB,TRBV20-1,None,TRBJ2-1,TRBC2,True,True,CSARVGSEVNEQFF,TGCAGTGCTAGAGTGGGGTCGGAAGTCAATGAGCAGTTCTTC,470,6,clonotype1,clonotype1_consensus_1
AGCGTCGGTCCTAGCG-1,True,AGCGTCGGTCCTAGCG-1_contig_3,True,444,TRA,TRAV10,None,TRAJ24,TRAC,True,False,None,None,253,1,clonotype1,None
AGCGTCGGTCTTGTCC-1,True,AGCGTCGGTCTTGTCC-1_contig_1,True,518,TRB,TRBV20-1,None,TRBJ2-1,TRBC2,True,True,CSARVGSEVNEQFF,TGCAGTGCTAGAGTGGGGTCGGAAGTCAATGAGCAGTTCTTC,795,7,clonotype2,clonotype2_consensus_1
AGCGTCGTCAGTCCCT-1,True,AGCGTCGTCAGTCCCT-1_contig_1,True,522,TRB,TRBV13,None,TRBJ2-2,TRBC2,True,True,CASSSGTGDTGELFF,TGTGCCAGCAGCTCCGGGACAGGGGACACCGGGGAGCTGTTTTTT,387,4,clonotype885,clonotype885_consensus_1
AGCGTCGTCGGAAACG-1,True,AGCGTCGTCGGAAACG-1_contig_1,True,486,TRB,TRBV20-1,None,TRBJ2-1,TRBC2,True,True,CSAWYNEQFF,TGCAGTGCTTGGTACAATGAGCAGTTCTTC,178,4,clonotype886,clonotype886_consensus_1
AGCGTCGTCGGAAACG-1,True,AGCGTCGTCGGAAACG-1_contig_2,True,505,TRA,TRAV41,None,TRAJ49,TRAC,True,True,CAVRRTGNQFYF,TGTGCTGTCAGGAGGACCGGTAACCAGTTCTATTTT,212,4,clonotype886,clonotype886_consensus_2
AGCTCCTAGGAACTGC-1,True,AGCTCCTAGGAACTGC-1_contig_1,True,559,TRA,TRAV5,None,TRAJ45,TRAC,True,True,CAESRSGGGADGLTF,TGTGCAGAGAGTAGGTCAGGAGGAGGTGCTGACGGACTCACCTTT,137,3,clonotype887,clonotype887_consensus_2
AGCTCCTAGGAACTGC-1,True,AGCTCCTAGGAACTGC-1_contig_2,True,521,TRB,TRBV20-1,None,TRBJ1-1,TRBC1,True,True,CSARRGRTNTEAFF,TGCAGTGCTAGGAGAGGACGGACGAACACTGAAGCTTTCTTT,1666,7,clonotype887,clonotype887_consensus_1
AGCTCCTAGGAACTGC-1,True,AGCTCCTAGGAACTGC-1_contig_3,True,345,TRB,TRBV5-5,None,TRBJ1-1,TRBC1,True,False,CASSLVPAREGFWSQAFF,TGTGCCAGCAGCTTGGTTCCCGCCAGGGAGGGTTTCTGGTCGCAAGCTTTCTTT,440,3,clonotype887,None
AGCTCCTAGGAACTGC-1,True,AGCTCCTAGGAACTGC-1_contig_4,True,321,TRA,TRAV3,None,TRAJ35,TRAC,True,False,None,None,1076,3,clonotype887,None
AGCTCCTAGTACGCGA-1,True,AGCTCCTAGTACGCGA-1_contig_1,True,505,TRA,TRAV1-2,None,TRAJ33,TRAC,True,True,CAATDSNYQLIW,TGTGCTGCGACTGATAGCAACTATCAGTTAATCTGG,553,3,clonotype1,clonotype1_consensus_2
AGCTCCTAGTACGCGA-1,True,AGCTCCTAGTACGCGA-1_contig_2,True,521,TRB,TRBV20-1,None,TRBJ2-1,TRBC2,True,True,CSARVGSEVNEQFF,TGCAGTGCTAGAGTGGGGTCGGAAGTCAATGAGCAGTTCTTC,400,4,clonotype1,clonotype1_consensus_1
AGCTCCTAGTACGCGA-1,True,AGCTCCTAGTACGCGA-1_contig_3,True,492,TRA,TRAV10,None,TRAJ24,TRAC,True,False,None,None,349,6,clonotype1,None
AGCTCCTAGTGCGATG-1,True,AGCTCCTAGTGCGATG-1_contig_1,True,512,TRB,TRBV5-5,None,TRBJ2-7,TRBC2,True,True,CASSLGQGISYEQYF,TGTGCCAGCAGCCTTGGACAGGGGATCTCCTACGAGCAGTACTTC,2635,18,clonotype888,clonotype888_consensus_1
AGCTCCTAGTTCGCGC-1,True,AGCTCCTAGTTCGCGC-1_contig_1,True,505,TRA,TRAV1-2,None,TRAJ33,TRAC,True,True,CAATDSNYQLIW,TGTGCTGCGACTGATAGCAACTATCAGTTAATCTGG,790,4,clonotype1,clonotype1_consensus_2
AGCTCCTAGTTCGCGC-1,True,AGCTCCTAGTTCGCGC-1_contig_2,True,498,TRB,TRBV20-1,None,TRBJ2-1,TRBC2,True,True,CSARVGSEVNEQFF,TGCAGTGCTAGAGTGGGGTCGGAAGTCAATGAGCAGTTCTTC,1042,7,clonotype1,clonotype1_consensus_1
AGCTCCTAGTTCGCGC-1,True,AGCTCCTAGTTCGCGC-1_contig_3,True,458,TRA,TRAV10,None,TRAJ24,TRAC,True,False,None,None,779,3,clonotype1,None
AGCTCCTCAAGACACG-1,True,AGCTCCTCAAGACACG-1_contig_1,True,505,TRA,TRAV1-2,None,TRAJ33,TRAC,True,True,CAATDSNYQLIW,TGTGCTGCGACTGATAGCAACTATCAGTTAATCTGG,108,4,clonotype1,clonotype1_consensus_2
AGCTCCTCAAGACACG-1,True,AGCTCCTCAAGACACG-1_contig_2,True,486,TRB,TRBV20-1,None,TRBJ2-1,TRBC2,True,True,CSARVGSEVNEQFF,TGCAGTGCTAGAGTGGGGTCGGAAGTCAATGAGCAGTTCTTC,448,6,clonotype1,clonotype1_consensus_1
AGCTCCTCAAGACACG-1,True,AGCTCCTCAAGACACG-1_contig_3,True,482,TRA,TRAV10,None,TRAJ24,TRAC,True,False,None,None,107,2,clonotype1,None
AGCTCCTCAGCTGTAT-1,True,AGCTCCTCAGCTGTAT-1_contig_1,True,502,TRA,TRAV1-2,None,TRAJ33,TRAC,True,True,CAATDSNYQLIW,TGTGCTGCGACTGATAGCAACTATCAGTTAATCTGG,122,8,clonotype1,clonotype1_consensus_2
AGCTCCTCAGCTGTAT-1,True,AGCTCCTCAGCTGTAT-1_contig_2,True,518,TRB,TRBV20-1,None,TRBJ2-1,TRBC2,True,True,CSARVGSEVNEQFF,TGCAGTGCTAGAGTGGGGTCGGAAGTCAATGAGCAGTTCTTC,1385,10,clonotype1,clonotype1_consensus_1
AGCTCCTCATCTACGA-1,True,AGCTCCTCATCTACGA-1_contig_1,True,508,TRB,TRBV20-1,None,TRBJ2-1,TRBC2,True,True,CSARVGSEVNEQFF,TGCAGTGCTAGAGTGGGGTCGGAAGTCAATGAGCAGTTCTTC,2065,9,clonotype2,clonotype2_consensus_1
AGCTCCTCATTACCTT-1,True,AGCTCCTCATTACCTT-1_contig_1,True,505,TRA,TRAV1-2,None,TRAJ33,TRAC,True,True,CAATDSNYQLIW,TGTGCTGCGACTGATAGCAACTATCAGTTAATCTGG,165,7,clonotype1,clonotype1_consensus_2
AGCTCCTCATTACCTT-1,True,AGCTCCTCATTACCTT-1_contig_2,True,521,TRB,TRBV20-1,None,TRBJ2-1,TRBC2,True,True,CSARVGSEVNEQFF,TGCAGTGCTAGAGTGGGGTCGGAAGTCAATGAGCAGTTCTTC,2304,4,clonotype1,clonotype1_consensus_1
AGCTCCTGTACTTAGC-1,True,AGCTCCTGTACTTAGC-1_contig_1,True,512,TRA,TRAV13-2,None,TRAJ17,TRAC,True,True,CAELIKAAGNKLTF,TGTGCAGAGTTGATCAAAGCTGCAGGCAACAAGCTAACTTTT,644,4,clonotype889,clonotype889_consensus_1
AGCTCCTGTACTTAGC-1,True,AGCTCCTGTACTTAGC-1_contig_2,True,662,TRB,TRBV5-6,None,TRBJ1-5,TRBC1,True,True,CASSLVGTGNQPQHF,TGTGCCAGCAGCTTGGTTGGGACAGGAAATCAGCCCCAGCATTTT,2591,12,clonotype889,clonotype889_consensus_2
AGCTCCTGTCACAAGG-1,True,AGCTCCTGTCACAAGG-1_contig_1,True,501,TRB,TRBV20-1,None,TRBJ2-7,TRBC2,True,True,CSAIKLAGGPSEQYF,TGCAGTGCAATTAAACTAGCGGGGGGGCCGTCCGAGCAGTACTTC,1206,10,clonotype890,clonotype890_consensus_2
AGCTCCTGTCACAAGG-1,True,AGCTCCTGTCACAAGG-1_contig_2,True,559,TRA,TRAV12-1,None,TRAJ40,TRAC,True,True,CVVNTFTSGTYKYIF,TGTGTGGTGAACACTTTTACCTCAGGAACCTACAAATACATCTTT,431,3,clonotype890,clonotype890_consensus_1
AGCTCCTGTTAAGATG-1,True,AGCTCCTGTTAAGATG-1_contig_1,True,505,TRA,TRAV1-2,None,TRAJ33,TRAC,True,True,CAATDSNYQLIW,TGTGCTGCGACTGATAGCAACTATCAGTTAATCTGG,388,1,clonotype1,clonotype1_consensus_2
AGCTCCTGTTAAGATG-1,True,AGCTCCTGTTAAGATG-1_contig_2,True,495,TRB,TRBV20-1,None,TRBJ2-1,TRBC2,True,True,CSARVGSEVNEQFF,TGCAGTGCTAGAGTGGGGTCGGAAGTCAATGAGCAGTTCTTC,183,4,clonotype1,clonotype1_consensus_1
AGCTCCTTCAAACCAC-1,True,AGCTCCTTCAAACCAC-1_contig_1,True,505,TRA,TRAV1-2,None,TRAJ33,TRAC,True,True,CAATDSNYQLIW,TGTGCTGCGACTGATAGCAACTATCAGTTAATCTGG,187,11,clonotype1,clonotype1_consensus_2
AGCTCCTTCAAACCAC-1,True,AGCTCCTTCAAACCAC-1_contig_2,True,521,TRB,TRBV20-1,None,TRBJ2-1,TRBC2,True,True,CSARVGSEVNEQFF,TGCAGTGCTAGAGTGGGGTCGGAAGTCAATGAGCAGTTCTTC,4060,14,clonotype1,clonotype1_consensus_1
AGCTCCTTCAAGGCTT-1,True,AGCTCCTTCAAGGCTT-1_contig_1,True,459,TRA,TRAV13-1,None,TRAJ15,TRAC,True,True,CAASGQAGTALIF,TGTGCAGCTTCCGGGCAGGCAGGAACTGCTCTGATCTTT,1231,7,clonotype891,clonotype891_consensus_2
AGCTCCTTCAAGGCTT-1,True,AGCTCCTTCAAGGCTT-1_contig_2,True,681,TRB,TRBV5-6,None,TRBJ2-2,TRBC2,True,True,CASSSIQGALNTGELFF,TGTGCCAGCAGCTCAATCCAGGGGGCACTAAACACCGGGGAGCTGTTTTTT,754,8,clonotype891,clonotype891_consensus_1
AGCTCCTTCAGCGATT-1,True,AGCTCCTTCAGCGATT-1_contig_1,True,521,TRB,TRBV20-1,None,TRBJ2-1,TRBC2,True,True,CSARVGSEVNEQFF,TGCAGTGCTAGAGTGGGGTCGGAAGTCAATGAGCAGTTCTTC,1380,6,clonotype2,clonotype2_consensus_1
AGCTCCTTCAGTGCAT-1,True,AGCTCCTTCAGTGCAT-1_contig_1,True,527,TRB,TRBV20-1,None,TRBJ1-5,TRBC1,True,True,CSAIGQGAPSNQPQHF,TGCAGTGCTATCGGACAGGGGGCGCCGAGCAATCAGCCCCAGCATTTT,1512,12,clonotype12,clonotype12_consensus_1
AGCTCCTTCAGTGCAT-1,True,AGCTCCTTCAGTGCAT-1_contig_2,True,341,TRA,TRAV25,None,TRAJ53,TRAC,True,False,CAGRSGGSNYKLTF,TGTGCAGGGAGAAGTGGAGGTAGCAACTATAAACTGACATTT,263,5,clonotype12,None
AGCTCCTTCAGTGCAT-1,True,AGCTCCTTCAGTGCAT-1_contig_3,True,445,TRA,None,None,TRAJ39,TRAC,False,False,None,None,57,4,clonotype12,None
AGCTCCTTCCGTAGGC-1,True,AGCTCCTTCCGTAGGC-1_contig_1,True,530,TRB,TRBV20-1,None,TRBJ1-6,TRBC1,True,True,CSASDGGYSSYNSPLHF,TGCAGTGCTAGTGACGGGGGATACAGCTCCTATAATTCACCCCTCCACTTT,1728,10,clonotype892,clonotype892_consensus_2
AGCTCCTTCCGTAGGC-1,True,AGCTCCTTCCGTAGGC-1_contig_2,True,479,TRA,TRAV24,None,TRAJ53,TRAC,True,True,CAFGGGSNYKLTF,TGTGCCTTTGGAGGAGGTAGCAACTATAAACTGACATTT,591,7,clonotype892,clonotype892_consensus_1
AGCTCCTTCCTCAATT-1,True,AGCTCCTTCCTCAATT-1_contig_1,True,505,TRA,TRAV1-2,None,TRAJ33,TRAC,True,True,CAATDSNYQLIW,TGTGCTGCGACTGATAGCAACTATCAGTTAATCTGG,179,21,clonotype1,clonotype1_consensus_2
AGCTCCTTCCTCAATT-1,True,AGCTCCTTCCTCAATT-1_contig_2,True,521,TRB,TRBV20-1,None,TRBJ2-1,TRBC2,True,True,CSARVGSEVNEQFF,TGCAGTGCTAGAGTGGGGTCGGAAGTCAATGAGCAGTTCTTC,1551,29,clonotype1,clonotype1_consensus_1
AGCTCCTTCTGGTTCC-1,True,AGCTCCTTCTGGTTCC-1_contig_1,True,505,TRA,TRAV1-2,None,TRAJ33,TRAC,True,True,CAATDSNYQLIW,TGTGCTGCGACTGATAGCAACTATCAGTTAATCTGG,299,5,clonotype1,clonotype1_consensus_2
AGCTCCTTCTGGTTCC-1,True,AGCTCCTTCTGGTTCC-1_contig_2,True,521,TRB,TRBV20-1,None,TRBJ2-1,TRBC2,True,True,CSARVGSEVNEQFF,TGCAGTGCTAGAGTGGGGTCGGAAGTCAATGAGCAGTTCTTC,1235,7,clonotype1,clonotype1_consensus_1
AGCTCCTTCTTCGAGA-1,True,AGCTCCTTCTTCGAGA-1_contig_1,True,521,TRB,TRBV20-1,None,TRBJ2-5,TRBC2,True,True,CSARKTRTTETQYF,TGCAGTGCTAGAAAAACAAGAACGACGGAGACCCAGTACTTC,2381,13,clonotype893,clonotype893_consensus_2
AGCTCCTTCTTCGAGA-1,True,AGCTCCTTCTTCGAGA-1_contig_2,True,571,TRA,TRAV26-1,None,TRAJ31,TRAC,True,True,CIVTRNNNARLMF,TGCATCGTCACCCGGAATAACAATGCCAGACTCATGTTT,229,3,clonotype893,clonotype893_consensus_1
AGCTCTCAGACTAGAT-1,True,AGCTCTCAGACTAGAT-1_contig_1,True,530,TRB,TRBV20-1,None,TRBJ1-6,TRBC1,True,True,CSARKPHWTGEASPLHF,TGCAGTGCTAGAAAACCTCACTGGACAGGGGAAGCTTCACCCCTCCACTTT,1726,6,clonotype30,clonotype30_consensus_2
AGCTCTCAGACTAGAT-1,True,AGCTCTCAGACTAGAT-1_contig_2,True,538,TRA,TRAV12-1,None,TRAJ35,TRAC,True,True,CVVIGFGNVLHC,TGTGTGGTGATAGGCTTTGGGAATGTGCTGCATTGC,289,3,clonotype30,clonotype30_consensus_1
AGCTCTCAGACTAGAT-1,True,AGCTCTCAGACTAGAT-1_contig_3,True,455,TRA,None,None,TRAJ6,None,False,False,None,None,104,1,clonotype30,None
AGCTCTCAGAGCAATT-1,True,AGCTCTCAGAGCAATT-1_contig_1,True,522,TRA,TRAV22,None,TRAJ17,TRAC,True,True,CAVELILIKAAGNKLTF,TGTGCTGTGGAGCTCATACTGATCAAAGCTGCAGGCAACAAGCTAACTTTT,1315,5,clonotype894,clonotype894_consensus_2
AGCTCTCAGAGCAATT-1,True,AGCTCTCAGAGCAATT-1_contig_2,True,664,TRB,TRBV5-6,None,TRBJ2-1,TRBC2,True,True,CASSRTSGEDEQFF,TGTGCCAGCAGCCGGACTAGCGGGGAGGATGAGCAGTTCTTC,1840,10,clonotype894,clonotype894_consensus_1
AGCTCTCAGCAGGCTA-1,True,AGCTCTCAGCAGGCTA-1_contig_1,True,507,TRB,TRBV20-1,None,TRBJ1-3,TRBC1,True,True,CSARVGGQGEVGNTIYF,TGCAGTGCTAGAGTAGGAGGACAGGGTGAGGTTGGAAACACCATATATTTT,3218,12,clonotype895,clonotype895_consensus_1
AGCTCTCAGCAGGCTA-1,True,AGCTCTCAGCAGGCTA-1_contig_2,True,543,TRA,TRAV12-1,None,TRAJ15,TRAC,True,True,CVVKGQAGTALIF,TGTGTGGTGAAAGGCCAGGCAGGAACTGCTCTGATCTTT,1741,5,clonotype895,clonotype895_consensus_2
AGCTCTCAGCAGGCTA-1,True,AGCTCTCAGCAGGCTA-1_contig_3,True,358,TRB,None,None,TRBJ2-3,TRBC2,False,False,None,None,1618,5,clonotype895,None
AGCTCTCAGCTACCTA-1,True,AGCTCTCAGCTACCTA-1_contig_1,True,521,TRB,TRBV20-1,None,TRBJ2-1,TRBC2,True,True,CSARVGSEVNEQFF,TGCAGTGCTAGAGTGGGGTCGGAAGTCAATGAGCAGTTCTTC,2417,11,clonotype2,clonotype2_consensus_1
AGCTCTCAGCTACCTA-1,True,AGCTCTCAGCTACCTA-1_contig_2,True,502,TRA,TRAV10,None,TRAJ24,TRAC,True,False,None,None,117,5,clonotype2,None
AGCTCTCAGGGTCGAT-1,True,AGCTCTCAGGGTCGAT-1_contig_1,True,502,TRA,TRAV1-2,None,TRAJ33,TRAC,True,True,CAATDSNYQLIW,TGTGCTGCGACTGATAGCAACTATCAGTTAATCTGG,549,3,clonotype1,clonotype1_consensus_2
AGCTCTCAGGGTCGAT-1,True,AGCTCTCAGGGTCGAT-1_contig_2,True,495,TRB,TRBV20-1,None,TRBJ2-1,TRBC2,True,True,CSARVGSEVNEQFF,TGCAGTGCTAGAGTGGGGTCGGAAGTCAATGAGCAGTTCTTC,178,10,clonotype1,clonotype1_consensus_1
AGCTCTCAGGGTCGAT-1,True,AGCTCTCAGGGTCGAT-1_contig_3,True,505,TRA,TRAV10,None,TRAJ24,TRAC,True,False,None,None,313,2,clonotype1,None
AGCTCTCAGTGGTAAT-1,True,AGCTCTCAGTGGTAAT-1_contig_1,True,505,TRA,TRAV1-2,None,TRAJ33,TRAC,True,True,CAATDSNYQLIW,TGTGCTGCGACTGATAGCAACTATCAGTTAATCTGG,601,5,clonotype1,clonotype1_consensus_2
AGCTCTCAGTGGTAAT-1,True,AGCTCTCAGTGGTAAT-1_contig_2,True,521,TRB,TRBV20-1,None,TRBJ2-1,TRBC2,True,True,CSARVGSEVNEQFF,TGCAGTGCTAGAGTGGGGTCGGAAGTCAATGAGCAGTTCTTC,787,8,clonotype1,clonotype1_consensus_1
AGCTCTCCAACCGCCA-1,True,AGCTCTCCAACCGCCA-1_contig_1,True,505,TRA,TRAV1-2,None,TRAJ33,TRAC,True,True,CAATDSNYQLIW,TGTGCTGCGACTGATAGCAACTATCAGTTAATCTGG,811,3,clonotype1,clonotype1_consensus_2
AGCTCTCCAACCGCCA-1,True,AGCTCTCCAACCGCCA-1_contig_2,True,521,TRB,TRBV20-1,None,TRBJ2-1,TRBC2,True,True,CSARVGSEVNEQFF,TGCAGTGCTAGAGTGGGGTCGGAAGTCAATGAGCAGTTCTTC,746,6,clonotype1,clonotype1_consensus_1
AGCTCTCCAACCGCCA-1,True,AGCTCTCCAACCGCCA-1_contig_3,True,468,TRA,TRAV10,None,TRAJ24,TRAC,True,False,None,None,307,3,clonotype1,None
AGCTCTCCAAGAGTCG-1,True,AGCTCTCCAAGAGTCG-1_contig_1,True,505,TRA,TRAV1-2,None,TRAJ33,TRAC,True,True,CAATDSNYQLIW,TGTGCTGCGACTGATAGCAACTATCAGTTAATCTGG,333,4,clonotype1,clonotype1_consensus_2
AGCTCTCCAAGAGTCG-1,True,AGCTCTCCAAGAGTCG-1_contig_2,True,521,TRB,TRBV20-1,None,TRBJ2-1,TRBC2,True,True,CSARVGSEVNEQFF,TGCAGTGCTAGAGTGGGGTCGGAAGTCAATGAGCAGTTCTTC,1507,7,clonotype1,clonotype1_consensus_1
AGCTCTCCAAGCTGAG-1,True,AGCTCTCCAAGCTGAG-1_contig_1,True,505,TRA,TRAV1-2,None,TRAJ33,TRAC,True,True,CAATDSNYQLIW,TGTGCTGCGACTGATAGCAACTATCAGTTAATCTGG,199,3,clonotype1,clonotype1_consensus_2
AGCTCTCCAAGCTGAG-1,True,AGCTCTCCAAGCTGAG-1_contig_2,True,498,TRB,TRBV20-1,None,TRBJ2-1,TRBC2,True,True,CSARVGSEVNEQFF,TGCAGTGCTAGAGTGGGGTCGGAAGTCAATGAGCAGTTCTTC,4470,9,clonotype1,clonotype1_consensus_1
AGCTCTCCAAGCTGAG-1,True,AGCTCTCCAAGCTGAG-1_contig_3,True,500,TRA,TRAV10,None,TRAJ24,TRAC,True,False,None,None,653,2,clonotype1,None
AGCTCTCCAATTGCTG-1,True,AGCTCTCCAATTGCTG-1_contig_1,True,505,TRA,TRAV1-2,None,TRAJ33,TRAC,True,True,CAATDSNYQLIW,TGTGCTGCGACTGATAGCAACTATCAGTTAATCTGG,1328,6,clonotype1,clonotype1_consensus_2
AGCTCTCCAATTGCTG-1,True,AGCTCTCCAATTGCTG-1_contig_2,True,521,TRB,TRBV20-1,None,TRBJ2-1,TRBC2,True,True,CSARVGSEVNEQFF,TGCAGTGCTAGAGTGGGGTCGGAAGTCAATGAGCAGTTCTTC,1474,7,clonotype1,clonotype1_consensus_1
AGCTCTCCAATTGCTG-1,True,AGCTCTCCAATTGCTG-1_contig_3,True,461,TRA,TRAV10,None,TRAJ24,TRAC,True,False,None,None,1400,2,clonotype1,None
AGCTCTCCACCATCCT-1,True,AGCTCTCCACCATCCT-1_contig_1,True,527,TRB,TRBV20-1,None,TRBJ2-2,TRBC2,True,True,CSASDYAGQRTGELFF,TGCAGTGCTTCCGACTATGCGGGCCAAAGGACCGGGGAGCTGTTTTTT,2975,12,clonotype896,clonotype896_consensus_1
AGCTCTCCACTACAGT-1,True,AGCTCTCCACTACAGT-1_contig_1,True,465,TRA,TRAV13-1,None,TRAJ17,TRAC,True,True,CAVPFIKAAGNKLTF,TGTGCAGTCCCTTTTATCAAAGCTGCAGGCAACAAGCTAACTTTT,1153,8,clonotype897,clonotype897_consensus_1
AGCTCTCCACTACAGT-1,True,AGCTCTCCACTACAGT-1_contig_2,True,661,TRB,TRBV5-5,None,TRBJ2-1,TRBC2,True,True,CASFHPSTGAGEQFF,TGTGCCAGCTTCCACCCTTCTACAGGGGCGGGGGAGCAGTTCTTC,1804,7,clonotype897,clonotype897_consensus_2
AGCTCTCCATAGAAAC-1,True,AGCTCTCCATAGAAAC-1_contig_1,True,502,TRA,TRAV1-2,None,TRAJ33,TRAC,True,True,CAATDSNYQLIW,TGTGCTGCGACTGATAGCAACTATCAGTTAATCTGG,135,1,clonotype1,clonotype1_consensus_2
AGCTCTCCATAGAAAC-1,True,AGCTCTCCATAGAAAC-1_contig_2,True,521,TRB,TRBV20-1,None,TRBJ2-1,TRBC2,True,True,CSARVGSEVNEQFF,TGCAGTGCTAGAGTGGGGTCGGAAGTCAATGAGCAGTTCTTC,1690,10,clonotype1,clonotype1_consensus_1
AGCTCTCCATAGAAAC-1,True,AGCTCTCCATAGAAAC-1_contig_3,True,461,TRA,TRAV10,None,TRAJ24,TRAC,True,False,None,None,1352,2,clonotype1,None
AGCTCTCGTATAATGG-1,True,AGCTCTCGTATAATGG-1_contig_1,True,505,TRA,TRAV1-2,None,TRAJ33,TRAC,True,True,CAATDSNYQLIW,TGTGCTGCGACTGATAGCAACTATCAGTTAATCTGG,910,3,clonotype1,clonotype1_consensus_2
AGCTCTCGTATAATGG-1,True,AGCTCTCGTATAATGG-1_contig_2,True,492,TRB,TRBV20-1,None,TRBJ2-1,TRBC2,True,True,CSARVGSEVNEQFF,TGCAGTGCTAGAGTGGGGTCGGAAGTCAATGAGCAGTTCTTC,562,5,clonotype1,clonotype1_consensus_1
AGCTCTCGTCTAGTCA-1,True,AGCTCTCGTCTAGTCA-1_contig_1,True,510,TRA,TRAV13-2,None,TRAJ53,TRAC,True,True,CAENSGGSNYKLTF,TGTGCAGAGAATAGTGGAGGTAGCAACTATAAACTGACATTT,774,4,clonotype57,clonotype57_consensus_2
AGCTCTCGTCTAGTCA-1,True,AGCTCTCGTCTAGTCA-1_contig_2,True,524,TRB,TRBV20-1,None,TRBJ2-1,TRBC2,True,True,CSAKSGQGNYNEQFF,TGCAGTGCTAAGTCAGGACAGGGGAATTACAATGAGCAGTTCTTC,1853,11,clonotype57,clonotype57_consensus_1
AGCTCTCGTGAGCGAT-1,True,AGCTCTCGTGAGCGAT-1_contig_1,True,518,TRB,TRBV20-1,None,TRBJ2-1,TRBC2,True,True,CSARVGSEVNEQFF,TGCAGTGCTAGAGTGGGGTCGGAAGTCAATGAGCAGTTCTTC,1069,8,clonotype2,clonotype2_consensus_1
AGCTCTCGTGCGATAG-1,True,AGCTCTCGTGCGATAG-1_contig_1,True,652,TRA,TRAV8-6,None,TRAJ9,TRAC,True,True,CAVSDQGTGGFKTIF,TGTGCTGTGAGTGATCAAGGGACTGGAGGCTTCAAAACTATCTTT,736,5,clonotype898,clonotype898_consensus_1
AGCTCTCGTGCGATAG-1,True,AGCTCTCGTGCGATAG-1_contig_2,True,522,TRB,TRBV5-5,None,TRBJ1-6,TRBC1,True,True,CASSLGTGGGSPLHF,TGTGCCAGCAGCTTGGGGACAGGGGGCGGTTCACCCCTCCACTTT,3197,9,clonotype898,clonotype898_consensus_2
AGCTCTCTCAAGATCC-1,True,AGCTCTCTCAAGATCC-1_contig_1,True,547,TRA,TRAV12-1,None,TRAJ10,TRAC,True,True,CVASLTGGGNKLTF,TGTGTGGCTTCCCTCACGGGAGGAGGAAACAAACTCACCTTT,910,11,clonotype899,clonotype899_consensus_1
AGCTCTCTCAAGATCC-1,True,AGCTCTCTCAAGATCC-1_contig_2,True,504,TRB,TRBV5-5,None,TRBJ1-6,TRBC1,True,True,CASSWEGGVSPLHF,TGTGCCAGCAGCTGGGAAGGGGGGGTTTCACCCCTCCACTTT,1594,7,clonotype899,clonotype899_consensus_2
AGCTCTCTCAAGATCC-1,True,AGCTCTCTCAAGATCC-1_contig_3,True,325,TRB,None,None,TRBJ1-1,TRBC1,False,False,None,None,2169,7,clonotype899,None
AGCTTGAAGACGCAAC-1,True,AGCTTGAAGACGCAAC-1_contig_1,True,504,TRA,TRAV12-3,None,TRAJ4,TRAC,True,True,CAMIRLSGGYNKLIF,TGTGCAATGATTCGACTTTCTGGTGGCTACAATAAGCTGATTTTT,1812,8,clonotype900,clonotype900_consensus_1
AGCTTGAAGACGCAAC-1,True,AGCTTGAAGACGCAAC-1_contig_2,True,527,TRB,TRBV20-1,None,TRBJ2-3,TRBC2,True,True,CSAETSGGAGADTQYF,TGCAGTGCCGAGACTAGCGGGGGGGCTGGCGCAGATACGCAGTATTTT,2381,8,clonotype900,clonotype900_consensus_2
AGCTTGAAGAGCAATT-1,True,AGCTTGAAGAGCAATT-1_contig_1,True,505,TRA,TRAV1-2,None,TRAJ33,TRAC,True,True,CAATDSNYQLIW,TGTGCTGCGACTGATAGCAACTATCAGTTAATCTGG,307,2,clonotype1,clonotype1_consensus_2
AGCTTGAAGAGCAATT-1,True,AGCTTGAAGAGCAATT-1_contig_2,True,521,TRB,TRBV20-1,None,TRBJ2-1,TRBC2,True,True,CSARVGSEVNEQFF,TGCAGTGCTAGAGTGGGGTCGGAAGTCAATGAGCAGTTCTTC,2370,6,clonotype1,clonotype1_consensus_1
AGCTTGAAGAGGTACC-1,True,AGCTTGAAGAGGTACC-1_contig_1,True,505,TRA,TRAV1-2,None,TRAJ33,TRAC,True,True,CAATDSNYQLIW,TGTGCTGCGACTGATAGCAACTATCAGTTAATCTGG,6255,3,clonotype1,clonotype1_consensus_2
AGCTTGAAGAGGTACC-1,True,AGCTTGAAGAGGTACC-1_contig_2,True,521,TRB,TRBV20-1,None,TRBJ2-1,TRBC2,True,True,CSARVGSEVNEQFF,TGCAGTGCTAGAGTGGGGTCGGAAGTCAATGAGCAGTTCTTC,144,5,clonotype1,clonotype1_consensus_1
AGCTTGAAGATGTAAC-1,True,AGCTTGAAGATGTAAC-1_contig_1,True,502,TRA,TRAV1-2,None,TRAJ30,TRAC,True,True,CAVRDLREIIF,TGTGCTGTGAGAGATCTTCGGGAGATCATCTTT,1259,2,clonotype3,clonotype3_consensus_2
AGCTTGAAGATGTAAC-1,True,AGCTTGAAGATGTAAC-1_contig_2,True,512,TRB,TRBV5-5,None,TRBJ1-4,TRBC1,True,True,CASSHPGPNYATNEKLFF,TGTGCCAGCAGCCATCCCGGACCGAACTACGCAACTAATGAAAAACTGTTTTTT,499,5,clonotype3,clonotype3_consensus_1
AGCTTGAAGGACACCA-1,True,AGCTTGAAGGACACCA-1_contig_1,True,475,TRB,TRBV5-6,None,TRBJ2-3,TRBC2,True,True,CASSLAGPGTQYF,TGTGCCAGCAGCTTGGCGGGCCCCGGTACGCAGTATTTT,1367,5,clonotype901,clonotype901_consensus_1
AGCTTGAAGGGTTTCT-1,True,AGCTTGAAGGGTTTCT-1_contig_1,True,518,TRB,TRBV20-1,None,TRBJ1-5,TRBC1,True,True,CSARWHAGGPQHF,TGCAGTGCCCGGTGGCACGCCGGAGGGCCCCAGCATTTT,931,6,clonotype902,clonotype902_consensus_3
AGCTTGAAGGGTTTCT-1,True,AGCTTGAAGGGTTTCT-1_contig_2,True,514,TRA,TRAV29/DV5,None,TRAJ40,TRAC,True,True,CAASAIGGTYKYIF,TGTGCAGCAAGCGCGATTGGAGGAACCTACAAATACATCTTT,1417,7,clonotype902,clonotype902_consensus_1
AGCTTGAAGGGTTTCT-1,True,AGCTTGAAGGGTTTCT-1_contig_3,True,488,TRB,TRBV20-1,None,TRBJ1-2,TRBC1,True,True,CSARDWTVPYYGYTF,TGCAGTGCTAGGGATTGGACAGTCCCCTACTATGGCTACACCTTC,2327,13,clonotype902,clonotype902_consensus_4
AGCTTGAAGGGTTTCT-1,True,AGCTTGAAGGGTTTCT-1_contig_4,True,486,TRA,TRAV12-3,None,TRAJ49,TRAC,True,True,CAIRGQFYF,TGTGCAATAAGAGGCCAGTTCTATTTT,507,2,clonotype902,clonotype902_consensus_2
AGCTTGAAGGGTTTCT-1,True,AGCTTGAAGGGTTTCT-1_contig_5,True,311,TRB,None,None,TRBJ1-6,TRBC1,False,False,None,None,299,2,clonotype902,None
AGCTTGAAGGGTTTCT-1,True,AGCTTGAAGGGTTTCT-1_contig_6,True,305,TRB,None,None,TRBJ2-5,TRBC2,False,False,None,None,320,1,clonotype902,None
AGCTTGAAGGGTTTCT-1,True,AGCTTGAAGGGTTTCT-1_contig_7,True,455,TRA,TRAV21,None,TRAJ23,TRAC,True,False,None,None,920,6,clonotype902,None
AGCTTGAAGGGTTTCT-1,True,AGCTTGAAGGGTTTCT-1_contig_8,True,315,TRB,None,None,TRBJ2-3,TRBC2,False,False,None,None,297,2,clonotype902,None
AGCTTGAAGTCGTTTG-1,True,AGCTTGAAGTCGTTTG-1_contig_1,True,505,TRA,TRAV1-2,None,TRAJ33,TRAC,True,True,CAATDSNYQLIW,TGTGCTGCGACTGATAGCAACTATCAGTTAATCTGG,1868,6,clonotype1,clonotype1_consensus_2
AGCTTGAAGTCGTTTG-1,True,AGCTTGAAGTCGTTTG-1_contig_2,True,521,TRB,TRBV20-1,None,TRBJ2-1,TRBC2,True,True,CSARVGSEVNEQFF,TGCAGTGCTAGAGTGGGGTCGGAAGTCAATGAGCAGTTCTTC,2222,13,clonotype1,clonotype1_consensus_1
AGCTTGACAAGACGTG-1,True,AGCTTGACAAGACGTG-1_contig_1,True,505,TRA,TRAV1-2,None,TRAJ33,TRAC,True,True,CAATDSNYQLIW,TGTGCTGCGACTGATAGCAACTATCAGTTAATCTGG,549,2,clonotype1,clonotype1_consensus_2
AGCTTGACAAGACGTG-1,True,AGCTTGACAAGACGTG-1_contig_2,True,521,TRB,TRBV20-1,None,TRBJ2-1,TRBC2,True,True,CSARVGSEVNEQFF,TGCAGTGCTAGAGTGGGGTCGGAAGTCAATGAGCAGTTCTTC,1824,9,clonotype1,clonotype1_consensus_1
AGCTTGACAAGACGTG-1,True,AGCTTGACAAGACGTG-1_contig_3,True,465,TRA,TRAV10,None,TRAJ24,TRAC,True,False,None,None,172,2,clonotype1,None
AGCTTGACAATCTACG-1,True,AGCTTGACAATCTACG-1_contig_1,True,498,TRB,TRBV20-1,None,TRBJ2-1,TRBC2,True,True,CSARVGSEVNEQFF,TGCAGTGCTAGAGTGGGGTCGGAAGTCAATGAGCAGTTCTTC,2390,9,clonotype2,clonotype2_consensus_1
AGCTTGACAATCTACG-1,True,AGCTTGACAATCTACG-1_contig_2,True,438,TRA,TRAV10,None,TRAJ24,TRAC,True,False,None,None,240,2,clonotype2,None
AGCTTGACAGCGAACA-1,True,AGCTTGACAGCGAACA-1_contig_1,True,521,TRB,TRBV20-1,None,TRBJ2-1,TRBC2,True,True,CSARVGSEVNEQFF,TGCAGTGCTAGAGTGGGGTCGGAAGTCAATGAGCAGTTCTTC,1863,5,clonotype2,clonotype2_consensus_1
AGCTTGACAGCTTCGG-1,True,AGCTTGACAGCTTCGG-1_contig_1,True,501,TRB,TRBV20-1,None,TRBJ2-5,TRBC2,True,True,CSARVQGDQQETQYF,TGCAGTGCTAGAGTCCAGGGGGACCAACAAGAGACCCAGTACTTC,259,3,clonotype903,clonotype903_consensus_1
AGCTTGACAGTTCCCT-1,True,AGCTTGACAGTTCCCT-1_contig_1,True,453,TRA,TRAV35,None,TRAJ20,TRAC,True,True,CAGRRGKDDYKLSF,TGTGCTGGGCGTCGGGGGAAAGACGACTACAAGCTCAGCTTT,191,4,clonotype904,clonotype904_consensus_2
AGCTTGACAGTTCCCT-1,True,AGCTTGACAGTTCCCT-1_contig_2,True,490,TRB,TRBV5-6,None,TRBJ1-3,TRBC1,True,True,CASSLGTAGNTIYF,TGTGCCAGCAGCTTGGGGACAGCTGGAAACACCATATATTTT,1921,7,clonotype904,clonotype904_consensus_1
AGCTTGACAGTTTACG-1,True,AGCTTGACAGTTTACG-1_contig_1,True,505,TRA,TRAV1-2,None,TRAJ33,TRAC,True,True,CAATDSNYQLIW,TGTGCTGCGACTGATAGCAACTATCAGTTAATCTGG,310,2,clonotype1,clonotype1_consensus_2
AGCTTGACAGTTTACG-1,True,AGCTTGACAGTTTACG-1_contig_2,True,521,TRB,TRBV20-1,None,TRBJ2-1,TRBC2,True,True,CSARVGSEVNEQFF,TGCAGTGCTAGAGTGGGGTCGGAAGTCAATGAGCAGTTCTTC,3362,17,clonotype1,clonotype1_consensus_1
AGCTTGACAGTTTACG-1,True,AGCTTGACAGTTTACG-1_contig_3,True,478,TRA,TRAV10,None,TRAJ24,TRAC,True,False,None,None,162,3,clonotype1,None
AGCTTGAGTACCATCA-1,True,AGCTTGAGTACCATCA-1_contig_1,True,521,TRB,TRBV20-1,None,TRBJ2-1,TRBC2,True,True,CSARVGSEVNEQFF,TGCAGTGCTAGAGTGGGGTCGGAAGTCAATGAGCAGTTCTTC,2481,11,clonotype2,clonotype2_consensus_1
AGCTTGAGTAGGAGTC-1,True,AGCTTGAGTAGGAGTC-1_contig_1,True,505,TRA,TRAV1-2,None,TRAJ33,TRAC,True,True,CAATDSNYQLIW,TGTGCTGCGACTGATAGCAACTATCAGTTAATCTGG,809,3,clonotype1,clonotype1_consensus_2
AGCTTGAGTAGGAGTC-1,True,AGCTTGAGTAGGAGTC-1_contig_2,True,521,TRB,TRBV20-1,None,TRBJ2-1,TRBC2,True,True,CSARVGSEVNEQFF,TGCAGTGCTAGAGTGGGGTCGGAAGTCAATGAGCAGTTCTTC,2389,9,clonotype1,clonotype1_consensus_1
AGCTTGAGTATAATGG-1,True,AGCTTGAGTATAATGG-1_contig_1,True,504,TRB,TRBV20-1,None,TRBJ1-5,TRBC1,True,True,CSARDRGQGFYSNQPQHF,TGCAGTGCTAGAGACCGGGGACAGGGGTTTTATAGCAATCAGCCCCAGCATTTT,1329,7,clonotype905,clonotype905_consensus_1
AGCTTGAGTATAATGG-1,True,AGCTTGAGTATAATGG-1_contig_2,True,517,TRA,TRAV17,None,TRAJ30,TRAC,True,True,CATAAIMNRDDKIIF,TGTGCTACGGCCGCTATAATGAACAGAGATGACAAGATCATCTTT,132,2,clonotype905,clonotype905_consensus_2
AGCTTGAGTCTTCAAG-1,True,AGCTTGAGTCTTCAAG-1_contig_1,True,485,TRB,TRBV5-5,None,TRBJ1-1,TRBC1,True,True,CASSIIGQGGTEAFF,TGTGCCAGCAGCATAATAGGACAGGGCGGCACTGAAGCTTTCTTT,2918,5,clonotype906,clonotype906_consensus_1
AGCTTGATCAACACTG-1,True,AGCTTGATCAACACTG-1_contig_1,True,502,TRA,TRAV1-2,None,TRAJ30,TRAC,True,True,CAVRDLREIIF,TGTGCTGTGAGAGATCTTCGGGAGATCATCTTT,384,2,clonotype3,clonotype3_consensus_2
AGCTTGATCAACACTG-1,True,AGCTTGATCAACACTG-1_contig_2,True,803,TRB,TRBV5-5,None,TRBJ1-4,TRBC1,True,True,CASSHPGPNYATNEKLFF,TGTGCCAGCAGCCATCCCGGACCGAACTACGCAACTAATGAAAAACTGTTTTTT,1093,4,clonotype3,clonotype3_consensus_1
AGCTTGATCAACACTG-1,True,AGCTTGATCAACACTG-1_contig_3,True,416,TRB,TRBV7-3,None,TRBJ2-1,TRBC2,True,False,CQQRSLKAGGPYNEQFF,TGCCAGCAGCGGTCACTTAAAGCGGGGGGACCCTACAATGAGCAGTTCTTC,459,2,clonotype3,None
AGCTTGATCGAATGGG-1,True,AGCTTGATCGAATGGG-1_contig_1,True,498,TRB,TRBV20-1,None,TRBJ2-1,TRBC2,True,True,CSARVGSEVNEQFF,TGCAGTGCTAGAGTGGGGTCGGAAGTCAATGAGCAGTTCTTC,1367,6,clonotype2,clonotype2_consensus_1
AGCTTGATCGTAGATC-1,True,AGCTTGATCGTAGATC-1_contig_1,True,515,TRB,TRBV20-1,None,TRBJ2-1,TRBC2,True,True,CSAERTNNEQFF,TGCAGTGCTGAAAGAACGAACAATGAGCAGTTCTTC,3761,21,clonotype907,clonotype907_consensus_3
AGCTTGATCGTAGATC-1,True,AGCTTGATCGTAGATC-1_contig_2,True,553,TRA,TRAV5,None,TRAJ7,TRAC,True,True,CAEMADYGNNRLAF,TGTGCAGAGATGGCGGACTATGGGAACAACAGACTCGCTTTT,3399,2,clonotype907,clonotype907_consensus_4
AGCTTGATCGTAGATC-1,True,AGCTTGATCGTAGATC-1_contig_3,True,514,TRA,TRAV20,None,TRAJ54,TRAC,True,True,CAVQAAGIQGAQKLVF,TGTGCTGTGCAGGCAGCCGGAATTCAGGGAGCCCAGAAGCTGGTATTT,479,5,clonotype907,clonotype907_consensus_1
AGCTTGATCGTAGATC-1,True,AGCTTGATCGTAGATC-1_contig_4,True,498,TRB,TRBV20-1,None,TRBJ1-5,TRBC1,True,True,CSATLESVRQPQHF,TGCAGTGCTACGTTGGAATCGGTGCGGCAGCCCCAGCATTTT,2560,16,clonotype907,clonotype907_consensus_2
AGCTTGATCTCGGACG-1,True,AGCTTGATCTCGGACG-1_contig_1,True,505,TRA,TRAV1-2,None,TRAJ33,TRAC,True,True,CAATDSNYQLIW,TGTGCTGCGACTGATAGCAACTATCAGTTAATCTGG,448,2,clonotype1,clonotype1_consensus_2
AGCTTGATCTCGGACG-1,True,AGCTTGATCTCGGACG-1_contig_2,True,521,TRB,TRBV20-1,None,TRBJ2-1,TRBC2,True,True,CSARVGSEVNEQFF,TGCAGTGCTAGAGTGGGGTCGGAAGTCAATGAGCAGTTCTTC,1230,9,clonotype1,clonotype1_consensus_1
AGCTTGATCTGAGTGT-1,True,AGCTTGATCTGAGTGT-1_contig_1,True,505,TRA,TRAV1-2,None,TRAJ33,TRAC,True,True,CAATDSNYQLIW,TGTGCTGCGACTGATAGCAACTATCAGTTAATCTGG,326,4,clonotype1,clonotype1_consensus_2
AGCTTGATCTGAGTGT-1,True,AGCTTGATCTGAGTGT-1_contig_2,True,498,TRB,TRBV20-1,None,TRBJ2-1,TRBC2,True,True,CSARVGSEVNEQFF,TGCAGTGCTAGAGTGGGGTCGGAAGTCAATGAGCAGTTCTTC,770,8,clonotype1,clonotype1_consensus_1
AGCTTGATCTGGTGTA-1,True,AGCTTGATCTGGTGTA-1_contig_1,True,502,TRA,TRAV1-2,None,TRAJ30,TRAC,True,True,CAVRDLREIIF,TGTGCTGTGAGAGATCTTCGGGAGATCATCTTT,426,3,clonotype3,clonotype3_consensus_2
AGCTTGATCTGGTGTA-1,True,AGCTTGATCTGGTGTA-1_contig_2,True,719,TRB,TRBV5-5,None,TRBJ1-4,TRBC1,True,True,CASSHPGPNYATNEKLFF,TGTGCCAGCAGCCATCCCGGACCGAACTACGCAACTAATGAAAAACTGTTTTTT,2597,4,clonotype3,clonotype3_consensus_1
AGCTTGATCTGGTGTA-1,True,AGCTTGATCTGGTGTA-1_contig_3,True,510,TRB,TRBV7-3,None,TRBJ2-1,TRBC2,True,False,CQQRSLKAGGPYNEQFF,TGCCAGCAGCGGTCACTTAAAGCGGGGGGACCCTACAATGAGCAGTTCTTC,755,4,clonotype3,None
AGGCCACAGAGAACAG-1,True,AGGCCACAGAGAACAG-1_contig_1,True,505,TRA,TRAV1-2,None,TRAJ33,TRAC,True,True,CAATDSNYQLIW,TGTGCTGCGACTGATAGCAACTATCAGTTAATCTGG,4833,4,clonotype1,clonotype1_consensus_2
AGGCCACAGAGAACAG-1,True,AGGCCACAGAGAACAG-1_contig_2,True,521,TRB,TRBV20-1,None,TRBJ2-1,TRBC2,True,True,CSARVGSEVNEQFF,TGCAGTGCTAGAGTGGGGTCGGAAGTCAATGAGCAGTTCTTC,1951,5,clonotype1,clonotype1_consensus_1
AGGCCACAGAGCTGCA-1,True,AGGCCACAGAGCTGCA-1_contig_1,True,502,TRA,TRAV1-2,None,TRAJ30,TRAC,True,True,CAVRDLREIIF,TGTGCTGTGAGAGATCTTCGGGAGATCATCTTT,218,2,clonotype17,clonotype17_consensus_1
AGGCCACAGAGCTGCA-1,True,AGGCCACAGAGCTGCA-1_contig_2,True,473,TRB,TRBV7-3,None,TRBJ2-1,TRBC2,True,False,CQQRSLKAGGPYNEQFF,TGCCAGCAGCGGTCACTTAAAGCGGGGGGACCCTACAATGAGCAGTTCTTC,247,3,clonotype17,None
AGGCCACAGCGAGAAA-1,True,AGGCCACAGCGAGAAA-1_contig_1,True,505,TRA,TRAV1-2,None,TRAJ33,TRAC,True,True,CAATDSNYQLIW,TGTGCTGCGACTGATAGCAACTATCAGTTAATCTGG,523,2,clonotype1,clonotype1_consensus_2
AGGCCACAGCGAGAAA-1,True,AGGCCACAGCGAGAAA-1_contig_2,True,521,TRB,TRBV20-1,None,TRBJ2-1,TRBC2,True,True,CSARVGSEVNEQFF,TGCAGTGCTAGAGTGGGGTCGGAAGTCAATGAGCAGTTCTTC,451,3,clonotype1,clonotype1_consensus_1
AGGCCACAGCGATTCT-1,True,AGGCCACAGCGATTCT-1_contig_1,True,460,TRA,TRAV2,None,TRAJ23,TRAC,True,True,CAVEDRKIYNQGGKLIF,TGTGCTGTGGAGGATCGGAAGATTTATAACCAGGGAGGAAAGCTTATCTTC,504,1,clonotype908,clonotype908_consensus_1
AGGCCACAGCGATTCT-1,True,AGGCCACAGCGATTCT-1_contig_2,True,656,TRB,TRBV5-6,None,TRBJ1-1,TRBC1,True,True,CASSKTANTEAFF,TGTGCCAGCAGCAAGACAGCAAACACTGAAGCTTTCTTT,1959,8,clonotype908,clonotype908_consensus_2
AGGCCACAGGGATGGG-1,True,AGGCCACAGGGATGGG-1_contig_1,True,505,TRA,TRAV1-2,None,TRAJ33,TRAC,True,True,CAATDSNYQLIW,TGTGCTGCGACTGATAGCAACTATCAGTTAATCTGG,253,2,clonotype8,clonotype8_consensus_1
AGGCCACAGGGATGGG-1,True,AGGCCACAGGGATGGG-1_contig_2,True,463,TRA,TRAV10,None,TRAJ24,TRAC,True,False,None,None,868,1,clonotype8,None
AGGCCACCAAACGCGA-1,True,AGGCCACCAAACGCGA-1_contig_1,True,518,TRB,TRBV20-1,None,TRBJ1-6,TRBC1,True,True,CSARDGDNSPLHF,TGCAGTGCTAGGGACGGGGATAATTCACCCCTCCACTTT,2549,8,clonotype909,clonotype909_consensus_2
AGGCCACCAAACGCGA-1,True,AGGCCACCAAACGCGA-1_contig_2,True,511,TRA,TRAV20,None,TRAJ4,TRAC,True,True,CAVQGWGGGYNKLIF,TGTGCTGTGCAGGGGTGGGGTGGTGGCTACAATAAGCTGATTTTT,1338,5,clonotype909,clonotype909_consensus_1
AGGCCACCAAACGCGA-1,True,AGGCCACCAAACGCGA-1_contig_3,True,440,TRA,TRAV9-2,None,TRAJ6,TRAC,True,False,CALSDPLPHLHLEEEPALLF,TGTGCTCTGAGTGATCCGCTCCCCCACCTACATTTGGAAGAGGAACCAGCCTTATTGTTC,440,2,clonotype909,None
AGGCCACCAATTCCTT-1,True,AGGCCACCAATTCCTT-1_contig_1,True,521,TRB,TRBV20-1,None,TRBJ2-1,TRBC2,True,True,CSARVGSEVNEQFF,TGCAGTGCTAGAGTGGGGTCGGAAGTCAATGAGCAGTTCTTC,969,5,clonotype2,clonotype2_consensus_1
AGGCCACCAATTCCTT-1,True,AGGCCACCAATTCCTT-1_contig_2,True,302,TRB,None,None,TRBJ2-2P,TRBC2,False,False,None,None,523,3,clonotype2,None
AGGCCACCAATTCCTT-1,True,AGGCCACCAATTCCTT-1_contig_3,True,494,TRA,TRAV10,None,TRAJ24,TRAC,True,False,None,None,4892,2,clonotype2,None
AGGCCACCAGACGCAA-1,True,AGGCCACCAGACGCAA-1_contig_1,True,505,TRA,TRAV1-2,None,TRAJ33,TRAC,True,True,CAATDSNYQLIW,TGTGCTGCGACTGATAGCAACTATCAGTTAATCTGG,208,2,clonotype1,clonotype1_consensus_2
AGGCCACCAGACGCAA-1,True,AGGCCACCAGACGCAA-1_contig_2,True,521,TRB,TRBV20-1,None,TRBJ2-1,TRBC2,True,True,CSARVGSEVNEQFF,TGCAGTGCTAGAGTGGGGTCGGAAGTCAATGAGCAGTTCTTC,2211,6,clonotype1,clonotype1_consensus_1
AGGCCACCAGACGCAA-1,True,AGGCCACCAGACGCAA-1_contig_3,True,471,TRA,TRAV10,None,TRAJ24,TRAC,True,False,None,None,260,1,clonotype1,None
AGGCCACCAGGTCTCG-1,True,AGGCCACCAGGTCTCG-1_contig_1,True,505,TRA,TRAV1-2,None,TRAJ33,TRAC,True,True,CAATDSNYQLIW,TGTGCTGCGACTGATAGCAACTATCAGTTAATCTGG,248,4,clonotype1,clonotype1_consensus_2
AGGCCACCAGGTCTCG-1,True,AGGCCACCAGGTCTCG-1_contig_2,True,511,TRB,TRBV20-1,None,TRBJ2-1,TRBC2,True,True,CSARVGSEVNEQFF,TGCAGTGCTAGAGTGGGGTCGGAAGTCAATGAGCAGTTCTTC,1711,6,clonotype1,clonotype1_consensus_1
AGGCCACGTATCAGTC-1,True,AGGCCACGTATCAGTC-1_contig_1,True,497,TRB,TRBV20-1,None,TRBJ2-1,TRBC2,True,True,CSARVGSEVNEQFF,TGCAGTGCTAGAGTGGGGTCGGAAGTCAATGAGCAGTTCTTC,1151,4,clonotype2,clonotype2_consensus_1
AGGCCACGTATCAGTC-1,True,AGGCCACGTATCAGTC-1_contig_2,True,470,TRA,TRAV10,None,TRAJ24,TRAC,True,False,None,None,131,3,clonotype2,None
AGGCCACGTCTTCAAG-1,True,AGGCCACGTCTTCAAG-1_contig_1,True,515,TRB,TRBV20-1,None,TRBJ1-5,TRBC1,True,True,CSLSPAGQPQHF,TGCAGTCTTTCCCCGGCGGGGCAGCCCCAGCATTTT,2845,10,clonotype910,clonotype910_consensus_1
AGGCCACGTCTTCAAG-1,True,AGGCCACGTCTTCAAG-1_contig_2,True,548,TRA,TRAV26-1,None,TRAJ29,TRAC,True,True,CIVRVANSGNTPLVF,TGCATCGTCAGAGTCGCGAATTCAGGAAACACACCTCTTGTCTTT,1150,4,clonotype910,clonotype910_consensus_2
AGGCCACGTGGTCCGT-1,True,AGGCCACGTGGTCCGT-1_contig_1,True,505,TRA,TRAV1-2,None,TRAJ33,TRAC,True,True,CAATDSNYQLIW,TGTGCTGCGACTGATAGCAACTATCAGTTAATCTGG,538,2,clonotype1,clonotype1_consensus_2
AGGCCACGTGGTCCGT-1,True,AGGCCACGTGGTCCGT-1_contig_2,True,521,TRB,TRBV20-1,None,TRBJ2-1,TRBC2,True,True,CSARVGSEVNEQFF,TGCAGTGCTAGAGTGGGGTCGGAAGTCAATGAGCAGTTCTTC,2371,7,clonotype1,clonotype1_consensus_1
AGGCCACGTGGTCCGT-1,True,AGGCCACGTGGTCCGT-1_contig_3,True,493,TRA,TRAV10,None,TRAJ24,TRAC,True,False,None,None,601,3,clonotype1,None
AGGCCACGTTCTGAAC-1,True,AGGCCACGTTCTGAAC-1_contig_1,True,505,TRA,TRAV1-2,None,TRAJ33,TRAC,True,True,CAATDSNYQLIW,TGTGCTGCGACTGATAGCAACTATCAGTTAATCTGG,312,3,clonotype1,clonotype1_consensus_2
AGGCCACGTTCTGAAC-1,True,AGGCCACGTTCTGAAC-1_contig_2,True,521,TRB,TRBV20-1,None,TRBJ2-1,TRBC2,True,True,CSARVGSEVNEQFF,TGCAGTGCTAGAGTGGGGTCGGAAGTCAATGAGCAGTTCTTC,1918,7,clonotype1,clonotype1_consensus_1
AGGCCACGTTCTGAAC-1,True,AGGCCACGTTCTGAAC-1_contig_3,True,482,TRA,TRAV10,None,TRAJ24,TRAC,True,False,None,None,474,3,clonotype1,None
AGGCCACGTTCTGAAC-1,True,AGGCCACGTTCTGAAC-1_contig_4,True,311,TRB,None,None,TRBJ2-2P,TRBC2,False,False,None,None,288,2,clonotype1,None
AGGCCACGTTTGGCGC-1,True,AGGCCACGTTTGGCGC-1_contig_1,True,518,TRB,TRBV20-1,None,TRBJ1-4,TRBC1,True,True,CSARGGAHEKLFF,TGCAGTGCTAGGGGGGGGGCGCACGAAAAACTGTTTTTT,1846,7,clonotype220,clonotype220_consensus_2
AGGCCACGTTTGGCGC-1,True,AGGCCACGTTTGGCGC-1_contig_2,True,498,TRA,TRAV12-3,None,TRAJ11,TRAC,True,True,CAMSPQEYSTLTF,TGTGCAATGAGCCCTCAGGAATACAGCACCCTCACCTTT,1362,8,clonotype220,clonotype220_consensus_1
AGGCCACTCACGATGT-1,True,AGGCCACTCACGATGT-1_contig_1,True,505,TRA,TRAV1-2,None,TRAJ33,TRAC,True,True,CAATDSNYQLIW,TGTGCTGCGACTGATAGCAACTATCAGTTAATCTGG,858,2,clonotype1,clonotype1_consensus_2
AGGCCACTCACGATGT-1,True,AGGCCACTCACGATGT-1_contig_2,True,473,TRB,TRBV20-1,None,TRBJ2-1,TRBC2,True,True,CSARVGSEVNEQFF,TGCAGTGCTAGAGTGGGGTCGGAAGTCAATGAGCAGTTCTTC,1745,6,clonotype1,clonotype1_consensus_1
AGGCCACTCACGATGT-1,True,AGGCCACTCACGATGT-1_contig_3,True,482,TRA,TRAV10,None,TRAJ24,TRAC,True,False,None,None,306,1,clonotype1,None
AGGCCACTCCGAACGC-1,True,AGGCCACTCCGAACGC-1_contig_1,True,505,TRA,TRAV1-2,None,TRAJ33,TRAC,True,True,CAATDSNYQLIW,TGTGCTGCGACTGATAGCAACTATCAGTTAATCTGG,864,1,clonotype1,clonotype1_consensus_2
AGGCCACTCCGAACGC-1,True,AGGCCACTCCGAACGC-1_contig_2,True,521,TRB,TRBV20-1,None,TRBJ2-1,TRBC2,True,True,CSARVGSEVNEQFF,TGCAGTGCTAGAGTGGGGTCGGAAGTCAATGAGCAGTTCTTC,1832,6,clonotype1,clonotype1_consensus_1
AGGCCACTCCGAACGC-1,True,AGGCCACTCCGAACGC-1_contig_3,True,465,TRA,TRAV10,None,TRAJ24,TRAC,True,False,None,None,294,2,clonotype1,None
AGGCCACTCCTAAGTG-1,True,AGGCCACTCCTAAGTG-1_contig_1,True,566,TRA,TRAV22,None,TRAJ53,TRAC,True,True,CAVGQGGSNYKLTF,TGTGCTGTGGGCCAAGGGGGTAGCAACTATAAACTGACATTT,1000,3,clonotype911,clonotype911_consensus_2
AGGCCACTCCTAAGTG-1,True,AGGCCACTCCTAAGTG-1_contig_2,True,521,TRB,TRBV20-1,None,TRBJ1-3,TRBC1,True,True,CSAPDRASGNTIYF,TGCAGTGCCCCGGACAGGGCGTCTGGAAACACCATATATTTT,1701,8,clonotype911,clonotype911_consensus_1
AGGCCACTCCTAAGTG-1,True,AGGCCACTCCTAAGTG-1_contig_3,True,419,TRB,None,None,TRBJ1-5,TRBC1,False,False,None,None,1250,7,clonotype911,None
AGGCCACTCGCGTAGC-1,True,AGGCCACTCGCGTAGC-1_contig_1,True,505,TRA,TRAV1-2,None,TRAJ33,TRAC,True,True,CAATDSNYQLIW,TGTGCTGCGACTGATAGCAACTATCAGTTAATCTGG,2230,8,clonotype1,clonotype1_consensus_2
AGGCCACTCGCGTAGC-1,True,AGGCCACTCGCGTAGC-1_contig_2,True,521,TRB,TRBV20-1,None,TRBJ2-1,TRBC2,True,True,CSARVGSEVNEQFF,TGCAGTGCTAGAGTGGGGTCGGAAGTCAATGAGCAGTTCTTC,704,5,clonotype1,clonotype1_consensus_1
AGGCCACTCGGCTACG-1,True,AGGCCACTCGGCTACG-1_contig_1,True,518,TRB,TRBV20-1,None,TRBJ2-7,TRBC2,True,True,CSAEGLASYEQYF,TGCAGTGCGGAGGGACTAGCCTCCTACGAGCAGTACTTC,992,5,clonotype58,clonotype58_consensus_1
AGGCCACTCGGCTACG-1,True,AGGCCACTCGGCTACG-1_contig_2,True,644,TRA,TRAV8-2,None,TRAJ22,TRAC,True,True,CGSGSARQLTF,TGTGGCTCTGGTTCTGCAAGGCAACTGACCTTT,3056,4,clonotype58,clonotype58_consensus_2
AGGCCGTAGACGCAAC-1,True,AGGCCGTAGACGCAAC-1_contig_1,True,484,TRA,TRAV35,None,TRAJ40,TRAC,True,True,CAGRPDSGTYKYIF,TGTGCTGGTCGCCCGGACTCAGGAACCTACAAATACATCTTT,173,2,clonotype10,clonotype10_consensus_2
AGGCCGTAGACGCAAC-1,True,AGGCCGTAGACGCAAC-1_contig_2,True,498,TRB,TRBV20-1,None,TRBJ1-2,TRBC1,True,True,CSARDQTGVNYGYTF,TGCAGTGCTAGAGACCAGACAGGGGTTAACTATGGCTACACCTTC,1632,7,clonotype10,clonotype10_consensus_1
AGGCCGTAGACGCAAC-1,True,AGGCCGTAGACGCAAC-1_contig_3,True,543,TRA,TRAV16,None,TRAJ20,TRAC,True,False,None,None,204,4,clonotype10,None
AGGCCGTCAAAGAATC-1,True,AGGCCGTCAAAGAATC-1_contig_1,True,497,TRB,TRBV20-1,None,TRBJ2-1,TRBC2,True,True,CSARVGSEVNEQFF,TGCAGTGCTAGAGTGGGGTCGGAAGTCAATGAGCAGTTCTTC,2063,6,clonotype2,clonotype2_consensus_1
AGGCCGTCAAAGAATC-1,True,AGGCCGTCAAAGAATC-1_contig_2,True,482,TRA,TRAV10,None,TRAJ24,TRAC,True,False,None,None,62,2,clonotype2,None
AGGCCGTCAATACGCT-1,True,AGGCCGTCAATACGCT-1_contig_1,True,505,TRA,TRAV1-2,None,TRAJ33,TRAC,True,True,CAATDSNYQLIW,TGTGCTGCGACTGATAGCAACTATCAGTTAATCTGG,313,5,clonotype1,clonotype1_consensus_2
AGGCCGTCAATACGCT-1,True,AGGCCGTCAATACGCT-1_contig_2,True,521,TRB,TRBV20-1,None,TRBJ2-1,TRBC2,True,True,CSARVGSEVNEQFF,TGCAGTGCTAGAGTGGGGTCGGAAGTCAATGAGCAGTTCTTC,3029,8,clonotype1,clonotype1_consensus_1
AGGCCGTCAATACGCT-1,True,AGGCCGTCAATACGCT-1_contig_3,True,482,TRA,TRAV10,None,TRAJ24,TRAC,True,False,None,None,477,4,clonotype1,None
AGGCCGTCACAGGCCT-1,True,AGGCCGTCACAGGCCT-1_contig_1,True,495,TRB,TRBV20-1,None,TRBJ1-1,TRBC1,True,True,CSAERTGPTEAFF,TGCAGTGCTGAGAGGACAGGGCCCACTGAAGCTTTCTTT,2758,9,clonotype221,clonotype221_consensus_1
AGGCCGTCACAGGCCT-1,True,AGGCCGTCACAGGCCT-1_contig_2,True,577,TRA,TRAV8-1,None,TRAJ45,TRAC,True,True,CAVMDSGGGADGLTF,TGTGCCGTGATGGATTCAGGAGGAGGTGCTGACGGACTCACCTTT,487,8,clonotype221,clonotype221_consensus_2
AGGCCGTCAGCCTGTG-1,True,AGGCCGTCAGCCTGTG-1_contig_1,True,450,TRA,TRAV13-1,None,TRAJ49,TRAC,True,True,CASPGNQFYF,TGTGCGTCCCCCGGTAACCAGTTCTATTTT,1265,6,clonotype912,clonotype912_consensus_1
AGGCCGTCAGCCTGTG-1,True,AGGCCGTCAGCCTGTG-1_contig_2,True,530,TRB,TRBV20-1,None,TRBJ2-2,TRBC2,True,True,CSARRTSGDLNTGELFF,TGCAGTGCTAGGAGGACTAGCGGCGATTTAAACACCGGGGAGCTGTTTTTT,1498,8,clonotype912,clonotype912_consensus_2
AGGCCGTCAGCCTGTG-1,True,AGGCCGTCAGCCTGTG-1_contig_3,True,547,TRA,TRAV38-1,None,TRAJ53,TRAC,True,False,None,None,266,2,clonotype912,None
AGGCCGTCAGCCTGTG-1,True,AGGCCGTCAGCCTGTG-1_contig_4,True,489,TRB,TRBV13,None,TRBJ1-1,None,True,False,CASILLLR,TGTGCCAGCATCCTACTCCTCCGG,36,1,clonotype912,None
AGGCCGTCATGCTGGC-1,True,AGGCCGTCATGCTGGC-1_contig_1,True,666,TRB,TRBV5-6,None,TRBJ1-2,TRBC1,True,True,CASSHETTGIDYGYTF,TGTGCCAGCAGCCACGAGACGACAGGTATCGACTATGGCTACACCTTC,198,3,clonotype913,clonotype913_consensus_1
AGGCCGTCATGCTGGC-1,True,AGGCCGTCATGCTGGC-1_contig_2,True,504,TRA,TRAV6,None,TRAJ4,TRAC,True,True,CALISGGYNKLIF,TGTGCTCTGATTTCTGGTGGCTACAATAAGCTGATTTTT,1043,4,clonotype913,clonotype913_consensus_2
AGGCCGTCATGCTGGC-1,True,AGGCCGTCATGCTGGC-1_contig_3,True,463,TRA,TRAV13-1,None,TRAJ5,TRAC,True,False,None,None,144,2,clonotype913,None
AGGCCGTGTAAAGGAG-1,True,AGGCCGTGTAAAGGAG-1_contig_1,True,479,TRA,TRAV4,None,TRAJ9,TRAC,True,True,CLVGDPNTGGFKTIF,TGCCTCGTGGGTGATCCTAATACTGGAGGCTTCAAAACTATCTTT,1405,8,clonotype23,clonotype23_consensus_2
AGGCCGTGTAAAGGAG-1,True,AGGCCGTGTAAAGGAG-1_contig_2,True,521,TRB,TRBV20-1,None,TRBJ1-1,TRBC1,True,True,CSAGGRGSRTEAFF,TGCAGTGCTGGGGGGAGAGGGTCAAGGACTGAAGCTTTCTTT,870,7,clonotype23,clonotype23_consensus_1
AGGCCGTGTAATCACC-1,True,AGGCCGTGTAATCACC-1_contig_1,True,475,TRA,TRAV1-2,None,TRAJ33,TRAC,True,True,CAATDSNYQLIW,TGTGCTGCGACTGATAGCAACTATCAGTTAATCTGG,95,5,clonotype1,clonotype1_consensus_2
AGGCCGTGTAATCACC-1,True,AGGCCGTGTAATCACC-1_contig_2,True,498,TRB,TRBV20-1,None,TRBJ2-1,TRBC2,True,True,CSARVGSEVNEQFF,TGCAGTGCTAGAGTGGGGTCGGAAGTCAATGAGCAGTTCTTC,2084,12,clonotype1,clonotype1_consensus_1
AGGCCGTGTATATCCG-1,True,AGGCCGTGTATATCCG-1_contig_1,True,521,TRB,TRBV20-1,None,TRBJ2-1,TRBC2,True,True,CSARVGSEVNEQFF,TGCAGTGCTAGAGTGGGGTCGGAAGTCAATGAGCAGTTCTTC,1142,8,clonotype2,clonotype2_consensus_1
AGGCCGTGTATATCCG-1,True,AGGCCGTGTATATCCG-1_contig_2,True,482,TRA,TRAV10,None,TRAJ24,TRAC,True,False,None,None,326,5,clonotype2,None
AGGCCGTGTCTTTCAT-1,True,AGGCCGTGTCTTTCAT-1_contig_1,True,498,TRB,TRBV20-1,None,TRBJ2-7,TRBC2,True,True,CSARSPGTGLYEQYF,TGCAGTGCTAGATCACCCGGGACAGGATTATACGAGCAGTACTTC,1605,6,clonotype914,clonotype914_consensus_1
AGGCCGTGTTATTCTC-1,True,AGGCCGTGTTATTCTC-1_contig_1,True,467,TRA,TRAV1-2,None,TRAJ33,TRAC,True,True,CAATDSNYQLIW,TGTGCTGCGACTGATAGCAACTATCAGTTAATCTGG,47,1,clonotype1,clonotype1_consensus_2
AGGCCGTGTTATTCTC-1,True,AGGCCGTGTTATTCTC-1_contig_2,True,521,TRB,TRBV20-1,None,TRBJ2-1,TRBC2,True,True,CSARVGSEVNEQFF,TGCAGTGCTAGAGTGGGGTCGGAAGTCAATGAGCAGTTCTTC,1495,8,clonotype1,clonotype1_consensus_1
AGGCCGTGTTATTCTC-1,True,AGGCCGTGTTATTCTC-1_contig_3,True,456,TRA,TRAV10,None,TRAJ24,TRAC,True,False,None,None,339,2,clonotype1,None
AGGCCGTGTTCGCTAA-1,True,AGGCCGTGTTCGCTAA-1_contig_1,True,505,TRA,TRAV1-2,None,TRAJ33,TRAC,True,True,CAATDSNYQLIW,TGTGCTGCGACTGATAGCAACTATCAGTTAATCTGG,455,1,clonotype1,clonotype1_consensus_2
AGGCCGTGTTCGCTAA-1,True,AGGCCGTGTTCGCTAA-1_contig_2,True,485,TRB,TRBV20-1,None,TRBJ2-1,TRBC2,True,True,CSARVGSEVNEQFF,TGCAGTGCTAGAGTGGGGTCGGAAGTCAATGAGCAGTTCTTC,1359,6,clonotype1,clonotype1_consensus_1
AGGCCGTGTTCGCTAA-1,True,AGGCCGTGTTCGCTAA-1_contig_3,True,454,TRA,TRAV10,None,TRAJ24,TRAC,True,False,None,None,152,3,clonotype1,None
AGGCCGTGTTGATTGC-1,True,AGGCCGTGTTGATTGC-1_contig_1,True,547,TRA,TRAV12-2,None,TRAJ45,TRAC,True,True,CAVNTGGGADGLTF,TGTGCCGTGAACACGGGAGGAGGTGCTGACGGACTCACCTTT,613,3,clonotype915,clonotype915_consensus_2
AGGCCGTGTTGATTGC-1,True,AGGCCGTGTTGATTGC-1_contig_2,True,521,TRB,TRBV20-1,None,TRBJ1-2,TRBC1,True,True,CSGEDRLRNYGYTF,TGCAGTGGAGAGGACAGGCTACGCAACTATGGCTACACCTTC,668,4,clonotype915,clonotype915_consensus_1
AGGCCGTGTTGATTGC-1,True,AGGCCGTGTTGATTGC-1_contig_3,True,896,TRB,TRBV23-1,None,TRBJ1-5,TRBC1,True,False,None,None,132,6,clonotype915,None
AGGCCGTTCACAATGC-1,True,AGGCCGTTCACAATGC-1_contig_1,True,574,TRA,TRAV17,None,TRAJ43,TRAC,True,True,CATARSDMRF,TGTGCTACGGCCCGCTCCGACATGCGCTTT,305,4,clonotype916,clonotype916_consensus_1
AGGCCGTTCACAATGC-1,True,AGGCCGTTCACAATGC-1_contig_2,True,652,TRB,TRBV5-6,None,TRBJ1-1,TRBC1,True,True,CASSLVGATEAFF,TGTGCCAGCAGCTTGGTAGGGGCCACTGAAGCTTTCTTT,1108,4,clonotype916,clonotype916_consensus_2
AGGCCGTTCACAATGC-1,True,AGGCCGTTCACAATGC-1_contig_3,True,311,TRB,None,None,TRBJ2-2P,TRBC2,False,False,None,None,2175,6,clonotype916,None
AGGCCGTTCACAATGC-1,True,AGGCCGTTCACAATGC-1_contig_4,True,508,TRA,TRAV27,None,TRAJ36,TRAC,True,False,None,None,2157,3,clonotype916,None
AGGCCGTTCATAACCG-1,True,AGGCCGTTCATAACCG-1_contig_1,True,505,TRA,TRAV1-2,None,TRAJ33,TRAC,True,True,CAATDSNYQLIW,TGTGCTGCGACTGATAGCAACTATCAGTTAATCTGG,201,7,clonotype1,clonotype1_consensus_2
AGGCCGTTCATAACCG-1,True,AGGCCGTTCATAACCG-1_contig_2,True,521,TRB,TRBV20-1,None,TRBJ2-1,TRBC2,True,True,CSARVGSEVNEQFF,TGCAGTGCTAGAGTGGGGTCGGAAGTCAATGAGCAGTTCTTC,2240,11,clonotype1,clonotype1_consensus_1
AGGCCGTTCATGGTCA-1,True,AGGCCGTTCATGGTCA-1_contig_1,True,505,TRA,TRAV1-2,None,TRAJ33,TRAC,True,True,CAATDSNYQLIW,TGTGCTGCGACTGATAGCAACTATCAGTTAATCTGG,1108,5,clonotype1,clonotype1_consensus_2
AGGCCGTTCATGGTCA-1,True,AGGCCGTTCATGGTCA-1_contig_2,True,498,TRB,TRBV20-1,None,TRBJ2-1,TRBC2,True,True,CSARVGSEVNEQFF,TGCAGTGCTAGAGTGGGGTCGGAAGTCAATGAGCAGTTCTTC,5262,7,clonotype1,clonotype1_consensus_1
AGGCCGTTCTGGCGTG-1,True,AGGCCGTTCTGGCGTG-1_contig_1,True,505,TRA,TRAV1-2,None,TRAJ33,TRAC,True,True,CAATDSNYQLIW,TGTGCTGCGACTGATAGCAACTATCAGTTAATCTGG,618,3,clonotype1,clonotype1_consensus_2
AGGCCGTTCTGGCGTG-1,True,AGGCCGTTCTGGCGTG-1_contig_2,True,460,TRB,TRBV20-1,None,TRBJ2-1,TRBC2,True,True,CSARVGSEVNEQFF,TGCAGTGCTAGAGTGGGGTCGGAAGTCAATGAGCAGTTCTTC,756,4,clonotype1,clonotype1_consensus_1
AGGGAGTCAAATCCGT-1,True,AGGGAGTCAAATCCGT-1_contig_1,True,505,TRA,TRAV1-2,None,TRAJ33,TRAC,True,True,CAATDSNYQLIW,TGTGCTGCGACTGATAGCAACTATCAGTTAATCTGG,630,3,clonotype1,clonotype1_consensus_2
AGGGAGTCAAATCCGT-1,True,AGGGAGTCAAATCCGT-1_contig_2,True,498,TRB,TRBV20-1,None,TRBJ2-1,TRBC2,True,True,CSARVGSEVNEQFF,TGCAGTGCTAGAGTGGGGTCGGAAGTCAATGAGCAGTTCTTC,1178,5,clonotype1,clonotype1_consensus_1
AGGGAGTCACACCGCA-1,True,AGGGAGTCACACCGCA-1_contig_1,True,497,TRA,TRAV25,None,TRAJ54,TRAC,True,True,CAGGAQKLVF,TGTGCAGGGGGAGCCCAGAAGCTGGTATTT,532,3,clonotype917,clonotype917_consensus_1
AGGGAGTCACACCGCA-1,True,AGGGAGTCACACCGCA-1_contig_2,True,524,TRB,TRBV20-1,None,TRBJ1-2,TRBC1,True,True,CSAAPSGQGNYGYTF,TGCAGTGCCGCCCCTTCGGGACAGGGTAACTATGGCTACACCTTC,1551,10,clonotype917,clonotype917_consensus_2
AGGGAGTCACACCGCA-1,True,AGGGAGTCACACCGCA-1_contig_3,True,377,TRB,None,None,TRBJ2-1,TRBC2,False,False,None,None,155,2,clonotype917,None
AGGGAGTCACACGCTG-1,True,AGGGAGTCACACGCTG-1_contig_1,True,587,TRA,TRAV1-2,None,TRAJ33,TRAC,True,True,CAATDSNYQLIW,TGTGCTGCGACTGATAGCAACTATCAGTTAATCTGG,371,2,clonotype1,clonotype1_consensus_2
AGGGAGTCACACGCTG-1,True,AGGGAGTCACACGCTG-1_contig_2,True,521,TRB,TRBV20-1,None,TRBJ2-1,TRBC2,True,True,CSARVGSEVNEQFF,TGCAGTGCTAGAGTGGGGTCGGAAGTCAATGAGCAGTTCTTC,955,8,clonotype1,clonotype1_consensus_1
AGGGAGTCACACGCTG-1,True,AGGGAGTCACACGCTG-1_contig_3,True,482,TRA,TRAV10,None,TRAJ24,TRAC,True,False,None,None,1443,4,clonotype1,None
AGGGAGTCACGAGGTA-1,True,AGGGAGTCACGAGGTA-1_contig_1,True,558,TRA,TRAV12-1,None,TRAJ6,TRAC,True,True,CVVGASGGSYIPTF,TGTGTGGTGGGTGCATCAGGAGGAAGCTACATACCTACATTT,1466,4,clonotype918,clonotype918_consensus_1
AGGGAGTCACGAGGTA-1,True,AGGGAGTCACGAGGTA-1_contig_2,True,651,TRA,TRAV8-3,None,TRAJ21,TRAC,True,True,CAVGPIYNFNKFYF,TGTGCTGTGGGCCCCATATACAACTTCAACAAATTTTACTTT,705,2,clonotype918,clonotype918_consensus_2
AGGGAGTCACGAGGTA-1,True,AGGGAGTCACGAGGTA-1_contig_3,True,504,TRB,TRBV20-1,None,TRBJ2-1,TRBC2,True,True,CSAREPLGRDPNEQFF,TGCAGTGCTAGAGAACCCCTAGGGCGGGATCCCAATGAGCAGTTCTTC,671,2,clonotype918,clonotype918_consensus_3
AGGGAGTCACGGTGTC-1,True,AGGGAGTCACGGTGTC-1_contig_1,True,580,TRB,TRBV5-5,None,TRBJ2-3,TRBC2,True,True,CASSSRLKRGDTDTQYF,TGTGCCAGCAGCTCCCGTTTGAAGCGGGGGGACACAGATACGCAGTATTTT,1898,13,clonotype919,clonotype919_consensus_1
AGGGAGTCACGGTGTC-1,True,AGGGAGTCACGGTGTC-1_contig_2,True,562,TRA,TRAV19,None,TRAJ9,TRAC,True,True,CALSEEGGFKTIF,TGTGCTCTGAGTGAGGAAGGGGGCTTCAAAACTATCTTT,195,2,clonotype919,clonotype919_consensus_2
AGGGAGTCATAACCTG-1,True,AGGGAGTCATAACCTG-1_contig_1,True,521,TRB,TRBV20-1,None,TRBJ1-2,TRBC1,True,True,CSAPGRGNVYGYTF,TGCAGTGCCCCGGGGCGGGGGAATGTCTATGGCTACACCTTC,2260,10,clonotype920,clonotype920_consensus_1
AGGGAGTCATCAGTCA-1,True,AGGGAGTCATCAGTCA-1_contig_1,True,505,TRA,TRAV1-2,None,TRAJ33,TRAC,True,True,CAATDSNYQLIW,TGTGCTGCGACTGATAGCAACTATCAGTTAATCTGG,159,1,clonotype1,clonotype1_consensus_2
AGGGAGTCATCAGTCA-1,True,AGGGAGTCATCAGTCA-1_contig_2,True,498,TRB,TRBV20-1,None,TRBJ2-1,TRBC2,True,True,CSARVGSEVNEQFF,TGCAGTGCTAGAGTGGGGTCGGAAGTCAATGAGCAGTTCTTC,2977,11,clonotype1,clonotype1_consensus_1
AGGGAGTGTCACAAGG-1,True,AGGGAGTGTCACAAGG-1_contig_1,True,521,TRB,TRBV20-1,None,TRBJ2-1,TRBC2,True,True,CSARVGSEVNEQFF,TGCAGTGCTAGAGTGGGGTCGGAAGTCAATGAGCAGTTCTTC,1467,7,clonotype2,clonotype2_consensus_1
AGGGAGTGTCGCCATG-1,True,AGGGAGTGTCGCCATG-1_contig_1,True,521,TRB,TRBV20-1,None,TRBJ2-1,TRBC2,True,True,CSARVGSEVNEQFF,TGCAGTGCTAGAGTGGGGTCGGAAGTCAATGAGCAGTTCTTC,1870,9,clonotype2,clonotype2_consensus_1
AGGGAGTGTGCACTTA-1,True,AGGGAGTGTGCACTTA-1_contig_1,True,505,TRA,TRAV1-2,None,TRAJ33,TRAC,True,True,CAATDSNYQLIW,TGTGCTGCGACTGATAGCAACTATCAGTTAATCTGG,446,4,clonotype1,clonotype1_consensus_2
AGGGAGTGTGCACTTA-1,True,AGGGAGTGTGCACTTA-1_contig_2,True,495,TRB,TRBV20-1,None,TRBJ2-1,TRBC2,True,True,CSARVGSEVNEQFF,TGCAGTGCTAGAGTGGGGTCGGAAGTCAATGAGCAGTTCTTC,723,2,clonotype1,clonotype1_consensus_1
AGGGAGTGTGCCTGTG-1,True,AGGGAGTGTGCCTGTG-1_contig_1,True,505,TRA,TRAV1-2,None,TRAJ33,TRAC,True,True,CAATDSNYQLIW,TGTGCTGCGACTGATAGCAACTATCAGTTAATCTGG,874,3,clonotype1,clonotype1_consensus_2
AGGGAGTGTGCCTGTG-1,True,AGGGAGTGTGCCTGTG-1_contig_2,True,473,TRB,TRBV20-1,None,TRBJ2-1,TRBC2,True,True,CSARVGSEVNEQFF,TGCAGTGCTAGAGTGGGGTCGGAAGTCAATGAGCAGTTCTTC,1212,6,clonotype1,clonotype1_consensus_1
AGGGAGTGTGGTCCGT-1,True,AGGGAGTGTGGTCCGT-1_contig_1,True,505,TRA,TRAV1-2,None,TRAJ33,TRAC,True,True,CAATDSNYQLIW,TGTGCTGCGACTGATAGCAACTATCAGTTAATCTGG,1019,4,clonotype1,clonotype1_consensus_2
AGGGAGTGTGGTCCGT-1,True,AGGGAGTGTGGTCCGT-1_contig_2,True,521,TRB,TRBV20-1,None,TRBJ2-1,TRBC2,True,True,CSARVGSEVNEQFF,TGCAGTGCTAGAGTGGGGTCGGAAGTCAATGAGCAGTTCTTC,752,2,clonotype1,clonotype1_consensus_1
AGGGAGTGTGGTCCGT-1,True,AGGGAGTGTGGTCCGT-1_contig_3,True,458,TRA,TRAV10,None,TRAJ24,TRAC,True,False,None,None,368,3,clonotype1,None
AGGGAGTGTGTAAGTA-1,True,AGGGAGTGTGTAAGTA-1_contig_1,True,489,TRA,TRAV1-2,None,TRAJ33,TRAC,True,True,CAATDSNYQLIW,TGTGCTGCGACTGATAGCAACTATCAGTTAATCTGG,104,6,clonotype1,clonotype1_consensus_2
AGGGAGTGTGTAAGTA-1,True,AGGGAGTGTGTAAGTA-1_contig_2,True,498,TRB,TRBV20-1,None,TRBJ2-1,TRBC2,True,True,CSARVGSEVNEQFF,TGCAGTGCTAGAGTGGGGTCGGAAGTCAATGAGCAGTTCTTC,2113,11,clonotype1,clonotype1_consensus_1
AGGGAGTTCAGCATGT-1,True,AGGGAGTTCAGCATGT-1_contig_1,True,493,TRA,TRAV12-1,None,TRAJ5,TRAC,True,True,CVPTEGTGRRALTF,TGTGTGCCCACCGAGGGGACGGGCAGGAGAGCACTTACTTTT,938,4,clonotype921,clonotype921_consensus_1
AGGGAGTTCAGCATGT-1,True,AGGGAGTTCAGCATGT-1_contig_2,True,514,TRA,TRAV1-2,None,TRAJ5,TRAC,True,True,CAVSGPDTGRRALTF,TGTGCTGTGAGCGGCCCGGACACGGGCAGGAGAGCACTTACTTTT,2009,8,clonotype921,clonotype921_consensus_4
AGGGAGTTCAGCATGT-1,True,AGGGAGTTCAGCATGT-1_contig_3,True,521,TRB,TRBV20-1,None,TRBJ2-3,TRBC2,True,True,CSARTSGNTDTQYF,TGCAGTGCCCGGACTAGCGGAAACACAGATACGCAGTATTTT,2606,13,clonotype921,clonotype921_consensus_3
AGGGAGTTCAGCATGT-1,True,AGGGAGTTCAGCATGT-1_contig_4,True,504,TRB,TRBV12-4,None,TRBJ1-2,TRBC1,True,True,CASSLEVGQFGYTF,TGTGCCAGCAGTTTAGAGGTTGGGCAGTTTGGCTACACCTTC,1050,4,clonotype921,clonotype921_consensus_2
AGGGAGTTCCTCGCAT-1,True,AGGGAGTTCCTCGCAT-1_contig_1,True,505,TRA,TRAV1-2,None,TRAJ33,TRAC,True,True,CAATDSNYQLIW,TGTGCTGCGACTGATAGCAACTATCAGTTAATCTGG,281,4,clonotype1,clonotype1_consensus_2
AGGGAGTTCCTCGCAT-1,True,AGGGAGTTCCTCGCAT-1_contig_2,True,507,TRB,TRBV20-1,None,TRBJ2-1,TRBC2,True,True,CSARVGSEVNEQFF,TGCAGTGCTAGAGTGGGGTCGGAAGTCAATGAGCAGTTCTTC,876,5,clonotype1,clonotype1_consensus_1
AGGGAGTTCGCTGATA-1,True,AGGGAGTTCGCTGATA-1_contig_1,True,509,TRB,TRBV5-6,None,TRBJ2-5,TRBC2,True,True,CASSLLGETQYF,TGTGCCAGCAGCTTGCTGGGGGAGACCCAGTACTTC,855,5,clonotype922,clonotype922_consensus_2
AGGGAGTTCGCTGATA-1,True,AGGGAGTTCGCTGATA-1_contig_2,True,511,TRA,TRAV23/DV6,None,TRAJ30,TRAC,True,True,CAASPLGRDDKIIF,TGTGCAGCAAGCCCCTTGGGCAGAGATGACAAGATCATCTTT,982,5,clonotype922,clonotype922_consensus_1
AGGGAGTTCGGAAATA-1,True,AGGGAGTTCGGAAATA-1_contig_1,True,521,TRB,TRBV20-1,None,TRBJ2-1,TRBC2,True,True,CSARVGSEVNEQFF,TGCAGTGCTAGAGTGGGGTCGGAAGTCAATGAGCAGTTCTTC,1130,4,clonotype2,clonotype2_consensus_1
AGGGAGTTCGTCTGAA-1,True,AGGGAGTTCGTCTGAA-1_contig_1,True,526,TRA,TRAV14/DV4,None,TRAJ29,TRAC,True,True,CAMRGINSGNTPLVF,TGTGCAATGAGAGGGATCAATTCAGGAAACACACCTCTTGTCTTT,302,2,clonotype923,clonotype923_consensus_2
AGGGAGTTCGTCTGAA-1,True,AGGGAGTTCGTCTGAA-1_contig_2,True,661,TRB,TRBV5-6,None,TRBJ2-7,TRBC2,True,True,CASSFTGGNSYEQYF,TGTGCCAGCAGCTTTACAGGGGGAAACTCCTACGAGCAGTACTTC,1287,10,clonotype923,clonotype923_consensus_1
AGGGATGAGCAGCCTC-1,True,AGGGATGAGCAGCCTC-1_contig_1,True,505,TRA,TRAV1-2,None,TRAJ33,TRAC,True,True,CAATDSNYQLIW,TGTGCTGCGACTGATAGCAACTATCAGTTAATCTGG,244,2,clonotype1,clonotype1_consensus_2
AGGGATGAGCAGCCTC-1,True,AGGGATGAGCAGCCTC-1_contig_2,True,498,TRB,TRBV20-1,None,TRBJ2-1,TRBC2,True,True,CSARVGSEVNEQFF,TGCAGTGCTAGAGTGGGGTCGGAAGTCAATGAGCAGTTCTTC,6842,5,clonotype1,clonotype1_consensus_1
AGGGATGAGGAGTACC-1,True,AGGGATGAGGAGTACC-1_contig_1,True,588,TRA,TRAV36/DV7,None,TRAJ57,TRAC,True,True,CAVEAQGGSEKLVF,TGTGCTGTGGAGGCTCAGGGCGGATCTGAAAAGCTGGTCTTT,222,3,clonotype924,clonotype924_consensus_1
AGGGATGAGGAGTACC-1,True,AGGGATGAGGAGTACC-1_contig_2,True,592,TRB,TRBV5-5,None,TRBJ2-3,TRBC2,True,True,CATLRGGGYDTQYF,TGTGCCACCCTCAGAGGCGGGGGGTACGATACGCAGTATTTT,962,6,clonotype924,clonotype924_consensus_2
AGGGATGAGGATGTAT-1,True,AGGGATGAGGATGTAT-1_contig_1,True,459,TRA,TRAV13-1,None,TRAJ32,TRAC,True,True,CAAKRGATNKLIF,TGTGCAGCTAAACGCGGTGCTACAAACAAGCTCATCTTT,797,6,clonotype925,clonotype925_consensus_2
AGGGATGAGGATGTAT-1,True,AGGGATGAGGATGTAT-1_contig_2,True,527,TRB,TRBV20-1,None,TRBJ2-3,TRBC2,True,True,CSARGGGGASTDTQYF,TGCAGTGCTAGGGGGGGAGGAGGGGCCAGCACAGATACGCAGTATTTT,8140,7,clonotype925,clonotype925_consensus_1
AGGGATGAGGGAACGG-1,True,AGGGATGAGGGAACGG-1_contig_1,True,505,TRA,TRAV1-2,None,TRAJ33,TRAC,True,True,CAATDSNYQLIW,TGTGCTGCGACTGATAGCAACTATCAGTTAATCTGG,1160,5,clonotype1,clonotype1_consensus_2
AGGGATGAGGGAACGG-1,True,AGGGATGAGGGAACGG-1_contig_2,True,521,TRB,TRBV20-1,None,TRBJ2-1,TRBC2,True,True,CSARVGSEVNEQFF,TGCAGTGCTAGAGTGGGGTCGGAAGTCAATGAGCAGTTCTTC,3300,12,clonotype1,clonotype1_consensus_1
AGGGATGAGGGAACGG-1,True,AGGGATGAGGGAACGG-1_contig_3,True,465,TRA,TRAV10,None,TRAJ24,TRAC,True,False,None,None,191,2,clonotype1,None
AGGGATGAGGGCACTA-1,True,AGGGATGAGGGCACTA-1_contig_1,True,518,TRB,TRBV20-1,None,TRBJ2-1,TRBC2,True,True,CSAPAGGGDEQFF,TGCAGTGCTCCAGCGGGGGGCGGCGATGAGCAGTTCTTC,2476,8,clonotype222,clonotype222_consensus_2
AGGGATGAGGGCACTA-1,True,AGGGATGAGGGCACTA-1_contig_2,True,544,TRA,TRAV12-2,None,TRAJ24,TRAC,True,True,CASGAGSWGKLQF,TGTGCCTCTGGAGCCGGCAGCTGGGGGAAATTGCAGTTT,252,3,clonotype222,clonotype222_consensus_1
AGGGATGAGGGCACTA-1,True,AGGGATGAGGGCACTA-1_contig_3,True,322,TRB,None,None,TRBJ1-4,TRBC1,False,False,None,None,226,4,clonotype222,None
AGGGATGAGGTTACCT-1,True,AGGGATGAGGTTACCT-1_contig_1,True,443,TRA,TRAV2,None,TRAJ30,TRAC,True,True,CAVRDDKIIF,TGTGCTGTGAGAGATGACAAGATCATCTTT,895,4,clonotype926,clonotype926_consensus_1
AGGGATGAGGTTACCT-1,True,AGGGATGAGGTTACCT-1_contig_2,True,397,TRB,TRBV11-3,None,TRBJ1-1,TRBC1,True,False,CASSPFGSPGEVGTEAFF,TGTGCCAGCAGCCCTTTTGGGTCTCCGGGGGAGGTAGGCACTGAAGCTTTCTTT,1174,8,clonotype926,None
AGGGATGAGTCGCCGT-1,True,AGGGATGAGTCGCCGT-1_contig_1,True,521,TRB,TRBV20-1,None,TRBJ2-1,TRBC2,True,True,CSARVGSEVNEQFF,TGCAGTGCTAGAGTGGGGTCGGAAGTCAATGAGCAGTTCTTC,2706,6,clonotype2,clonotype2_consensus_1
AGGGATGAGTGAACGC-1,True,AGGGATGAGTGAACGC-1_contig_1,True,518,TRB,TRBV20-1,None,TRBJ2-3,TRBC2,True,True,CSIRTVSTDTQYF,TGCAGCATAAGGACAGTTAGCACAGATACGCAGTATTTT,1374,11,clonotype927,clonotype927_consensus_1
AGGGATGAGTGAACGC-1,True,AGGGATGAGTGAACGC-1_contig_2,True,445,TRA,TRAV9-2,None,TRAJ48,TRAC,True,True,CAPFTGTASKLTF,TGTGCTCCCTTTACCGGCACTGCCAGTAAACTCACCTTT,367,1,clonotype927,clonotype927_consensus_2
AGGGATGAGTGAACGC-1,True,AGGGATGAGTGAACGC-1_contig_3,True,679,TRA,TRAV8-3,None,TRAJ48,TRAC,True,True,CAVGVGNEKLTF,TGTGCTGTGGGTGTTGGAAATGAGAAATTAACCTTT,508,6,clonotype927,clonotype927_consensus_3
AGGGATGAGTGGCACA-1,True,AGGGATGAGTGGCACA-1_contig_1,True,521,TRB,TRBV20-1,None,TRBJ2-1,TRBC2,True,True,CSARVGSEVNEQFF,TGCAGTGCTAGAGTGGGGTCGGAAGTCAATGAGCAGTTCTTC,1104,7,clonotype2,clonotype2_consensus_1
AGGGATGAGTGGCACA-1,True,AGGGATGAGTGGCACA-1_contig_2,True,465,TRA,TRAV10,None,TRAJ24,TRAC,True,False,None,None,2804,2,clonotype2,None
AGGGATGCAAGCCGCT-1,True,AGGGATGCAAGCCGCT-1_contig_1,True,570,TRA,TRAV8-4,None,TRAJ44,TRAC,True,True,CAVSDGGTASKLTF,TGTGCTGTGAGTGACGGGGGCACTGCCAGTAAACTCACCTTT,359,2,clonotype928,clonotype928_consensus_2
AGGGATGCAAGCCGCT-1,True,AGGGATGCAAGCCGCT-1_contig_2,True,524,TRB,TRBV20-1,None,TRBJ2-1,TRBC2,True,True,CSATSGDYAYNEQFF,TGCAGTGCTACGTCGGGGGACTACGCCTACAATGAGCAGTTCTTC,4024,12,clonotype928,clonotype928_consensus_1
AGGGATGCAGACGTAG-1,True,AGGGATGCAGACGTAG-1_contig_1,True,505,TRA,TRAV1-2,None,TRAJ33,TRAC,True,True,CAATDSNYQLIW,TGTGCTGCGACTGATAGCAACTATCAGTTAATCTGG,1229,8,clonotype1,clonotype1_consensus_2
AGGGATGCAGACGTAG-1,True,AGGGATGCAGACGTAG-1_contig_2,True,498,TRB,TRBV20-1,None,TRBJ2-1,TRBC2,True,True,CSARVGSEVNEQFF,TGCAGTGCTAGAGTGGGGTCGGAAGTCAATGAGCAGTTCTTC,1832,9,clonotype1,clonotype1_consensus_1
AGGGATGGTCATATCG-1,True,AGGGATGGTCATATCG-1_contig_1,True,505,TRA,TRAV1-2,None,TRAJ33,TRAC,True,True,CAATDSNYQLIW,TGTGCTGCGACTGATAGCAACTATCAGTTAATCTGG,231,2,clonotype1,clonotype1_consensus_2
AGGGATGGTCATATCG-1,True,AGGGATGGTCATATCG-1_contig_2,True,521,TRB,TRBV20-1,None,TRBJ2-1,TRBC2,True,True,CSARVGSEVNEQFF,TGCAGTGCTAGAGTGGGGTCGGAAGTCAATGAGCAGTTCTTC,808,7,clonotype1,clonotype1_consensus_1
AGGGATGGTCTCTCGT-1,True,AGGGATGGTCTCTCGT-1_contig_1,True,507,TRB,TRBV20-1,None,TRBJ2-5,TRBC2,True,True,CSALDLHGLAGEETQYF,TGCAGTGCCCTCGACCTACATGGACTAGCGGGGGAGGAGACCCAGTACTTC,4404,5,clonotype929,clonotype929_consensus_2
AGGGATGGTCTCTCGT-1,True,AGGGATGGTCTCTCGT-1_contig_2,True,456,TRA,TRAV13-1,None,TRAJ49,TRAC,True,True,CAASSTGNQFYF,TGTGCAGCAAGTTCCACCGGTAACCAGTTCTATTTT,59,2,clonotype929,clonotype929_consensus_1
AGGGATGTCAACCAAC-1,True,AGGGATGTCAACCAAC-1_contig_1,True,521,TRB,TRBV20-1,None,TRBJ2-1,TRBC2,True,True,CSARVGSEVNEQFF,TGCAGTGCTAGAGTGGGGTCGGAAGTCAATGAGCAGTTCTTC,1866,10,clonotype2,clonotype2_consensus_1
AGGGATGTCACTTACT-1,True,AGGGATGTCACTTACT-1_contig_1,True,521,TRB,TRBV20-1,None,TRBJ2-7,TRBC2,True,True,CSASGGAFSYEQYF,TGCAGTGCTAGTGGAGGGGCCTTCTCCTACGAGCAGTACTTC,1238,5,clonotype205,clonotype205_consensus_1
AGGGATGTCACTTACT-1,True,AGGGATGTCACTTACT-1_contig_2,True,571,TRA,TRAV8-1,None,TRAJ29,TRAC,True,True,CAVNGLGNTPLVF,TGTGCCGTGAATGGATTAGGAAACACACCTCTTGTCTTT,94,3,clonotype205,clonotype205_consensus_2
AGGGATGTCATGGTCA-1,True,AGGGATGTCATGGTCA-1_contig_1,True,521,TRB,TRBV20-1,None,TRBJ1-6,TRBC1,True,True,CSATRVLGNSPLHF,TGCAGTGCTACCCGCGTACTGGGCAATTCACCCCTCCACTTT,310,4,clonotype930,clonotype930_consensus_1
AGGGATGTCCTTTACA-1,True,AGGGATGTCCTTTACA-1_contig_1,True,526,TRA,TRAV17,None,TRAJ22,TRAC,True,True,CATAPSGSARQLTF,TGTGCTACGGCCCCCTCTGGTTCTGCAAGGCAACTGACCTTT,765,2,clonotype931,clonotype931_consensus_1
AGGGATGTCTGGTTCC-1,True,AGGGATGTCTGGTTCC-1_contig_1,True,483,TRA,TRAV9-2,None,TRAJ49,TRAC,True,True,CALSKNQFYF,TGTGCTCTGAGTAAGAACCAGTTCTATTTT,235,2,clonotype932,clonotype932_consensus_1
AGGGATGTCTGGTTCC-1,True,AGGGATGTCTGGTTCC-1_contig_2,True,508,TRB,TRBV3-1,None,TRBJ2-2,TRBC2,True,True,CASSLHGGLASGPGELFF,TGTGCCAGCAGCCTCCACGGGGGACTAGCGAGCGGTCCCGGGGAGCTGTTTTTT,1658,14,clonotype932,clonotype932_consensus_2
AGGGATGTCTTAGAGC-1,True,AGGGATGTCTTAGAGC-1_contig_1,True,505,TRA,TRAV1-2,None,TRAJ33,TRAC,True,True,CAATDSNYQLIW,TGTGCTGCGACTGATAGCAACTATCAGTTAATCTGG,615,2,clonotype1,clonotype1_consensus_2
AGGGATGTCTTAGAGC-1,True,AGGGATGTCTTAGAGC-1_contig_2,True,498,TRB,TRBV20-1,None,TRBJ2-1,TRBC2,True,True,CSARVGSEVNEQFF,TGCAGTGCTAGAGTGGGGTCGGAAGTCAATGAGCAGTTCTTC,1448,8,clonotype1,clonotype1_consensus_1
AGGGATGTCTTAGAGC-1,True,AGGGATGTCTTAGAGC-1_contig_3,True,482,TRA,TRAV10,None,TRAJ24,TRAC,True,False,None,None,316,2,clonotype1,None
AGGGTGAAGGACACCA-1,True,AGGGTGAAGGACACCA-1_contig_1,True,505,TRA,TRAV1-2,None,TRAJ33,TRAC,True,True,CAATDSNYQLIW,TGTGCTGCGACTGATAGCAACTATCAGTTAATCTGG,361,2,clonotype1,clonotype1_consensus_2
AGGGTGAAGGACACCA-1,True,AGGGTGAAGGACACCA-1_contig_2,True,498,TRB,TRBV20-1,None,TRBJ2-1,TRBC2,True,True,CSARVGSEVNEQFF,TGCAGTGCTAGAGTGGGGTCGGAAGTCAATGAGCAGTTCTTC,1982,14,clonotype1,clonotype1_consensus_1
AGGGTGAAGGACACCA-1,True,AGGGTGAAGGACACCA-1_contig_3,True,441,TRA,TRAV10,None,TRAJ24,TRAC,True,False,None,None,31,1,clonotype1,None
AGGGTGACACATGTGT-1,True,AGGGTGACACATGTGT-1_contig_1,True,521,TRB,TRBV20-1,None,TRBJ2-1,TRBC2,True,True,CSARVGSEVNEQFF,TGCAGTGCTAGAGTGGGGTCGGAAGTCAATGAGCAGTTCTTC,605,5,clonotype2,clonotype2_consensus_1
AGGGTGACATCGGGTC-1,True,AGGGTGACATCGGGTC-1_contig_1,True,515,TRA,TRAV25,None,TRAJ37,TRAC,True,True,CAGRGTGSSNTGKLIF,TGTGCAGGGCGAGGGACGGGCTCTAGCAACACAGGCAAACTAATCTTT,10795,6,clonotype933,clonotype933_consensus_1
AGGGTGACATCGGGTC-1,True,AGGGTGACATCGGGTC-1_contig_2,True,672,TRB,TRBV5-6,None,TRBJ2-5,TRBC2,True,True,CASSPGTGGVETQYF,TGTGCCAGCAGCCCTGGGACAGGGGGTGTGGAGACCCAGTACTTC,715,6,clonotype933,clonotype933_consensus_2
AGGGTGACATCGGGTC-1,True,AGGGTGACATCGGGTC-1_contig_3,True,313,TRB,None,None,TRBJ1-1,TRBC1,False,False,None,None,961,2,clonotype933,None
AGGGTGACATGGGAAC-1,True,AGGGTGACATGGGAAC-1_contig_1,True,574,TRA,TRAV12-1,None,TRAJ41,TRAC,True,True,CVVQASNSGYALNF,TGTGTGGTGCAAGCTTCAAATTCCGGGTATGCACTCAACTTC,222,2,clonotype934,clonotype934_consensus_2
AGGGTGACATGGGAAC-1,True,AGGGTGACATGGGAAC-1_contig_2,True,515,TRB,TRBV20-1,None,TRBJ2-7,TRBC2,True,True,CSALGNSYEQYF,TGCAGTGCCCTCGGGAACTCCTACGAGCAGTACTTC,1989,13,clonotype934,clonotype934_consensus_1
AGGGTGAGTCGATTGT-1,True,AGGGTGAGTCGATTGT-1_contig_1,True,512,TRA,TRAV13-2,None,TRAJ10,TRAC,True,True,CAENIGGGGNKLTF,TGTGCAGAGAATATTGGGGGAGGAGGAAACAAACTCACCTTT,195,2,clonotype935,clonotype935_consensus_2
AGGGTGAGTCGATTGT-1,True,AGGGTGAGTCGATTGT-1_contig_2,True,473,TRB,TRBV20-1,None,TRBJ1-1,TRBC1,True,True,CSARPSAANTEAFF,TGCAGTGCTAGACCCAGCGCCGCGAACACTGAAGCTTTCTTT,1043,6,clonotype935,clonotype935_consensus_1
AGGGTGATCACGATGT-1,True,AGGGTGATCACGATGT-1_contig_1,True,505,TRA,TRAV1-2,None,TRAJ33,TRAC,True,True,CAATDSNYQLIW,TGTGCTGCGACTGATAGCAACTATCAGTTAATCTGG,723,5,clonotype1,clonotype1_consensus_2
AGGGTGATCACGATGT-1,True,AGGGTGATCACGATGT-1_contig_2,True,521,TRB,TRBV20-1,None,TRBJ2-1,TRBC2,True,True,CSARVGSEVNEQFF,TGCAGTGCTAGAGTGGGGTCGGAAGTCAATGAGCAGTTCTTC,2370,8,clonotype1,clonotype1_consensus_1
AGGGTGATCAGTCCCT-1,True,AGGGTGATCAGTCCCT-1_contig_1,True,496,TRB,TRBV5-6,None,TRBJ2-3,TRBC2,True,True,CASSSPRLAGADTQYF,TGTGCCAGCAGCTCACCCCGACTAGCGGGGGCAGATACGCAGTATTTT,1139,5,clonotype936,clonotype936_consensus_1
AGGGTGATCATCGGAT-1,True,AGGGTGATCATCGGAT-1_contig_1,True,524,TRB,TRBV20-1,None,TRBJ2-1,TRBC2,True,True,CSAEPGQINYNEQFF,TGCAGTGCTGAACCCGGACAGATTAACTACAATGAGCAGTTCTTC,1534,11,clonotype937,clonotype937_consensus_1
AGGGTGATCCGTACAA-1,True,AGGGTGATCCGTACAA-1_contig_1,True,505,TRA,TRAV1-2,None,TRAJ33,TRAC,True,True,CAATDSNYQLIW,TGTGCTGCGACTGATAGCAACTATCAGTTAATCTGG,366,3,clonotype1,clonotype1_consensus_2
AGGGTGATCCGTACAA-1,True,AGGGTGATCCGTACAA-1_contig_2,True,521,TRB,TRBV20-1,None,TRBJ2-1,TRBC2,True,True,CSARVGSEVNEQFF,TGCAGTGCTAGAGTGGGGTCGGAAGTCAATGAGCAGTTCTTC,1686,9,clonotype1,clonotype1_consensus_1
AGGTCATAGATAGTCA-1,True,AGGTCATAGATAGTCA-1_contig_1,True,506,TRA,TRAV25,None,TRAJ58,TRAC,True,True,CAGLETSGSRLTF,TGTGCAGGCCTCGAAACCAGTGGCTCTAGGTTGACCTTT,152,9,clonotype938,clonotype938_consensus_2
AGGTCATAGATAGTCA-1,True,AGGTCATAGATAGTCA-1_contig_2,True,672,TRB,TRBV5-5,None,TRBJ1-1,TRBC1,True,True,CASSLDLNTEAFF,TGTGCCAGCAGCTTGGACCTTAACACTGAAGCTTTCTTT,841,6,clonotype938,clonotype938_consensus_1
AGGTCATAGCAAATCA-1,True,AGGTCATAGCAAATCA-1_contig_1,True,505,TRA,TRAV1-2,None,TRAJ33,TRAC,True,True,CAATDSNYQLIW,TGTGCTGCGACTGATAGCAACTATCAGTTAATCTGG,651,3,clonotype1,clonotype1_consensus_2
AGGTCATAGCAAATCA-1,True,AGGTCATAGCAAATCA-1_contig_2,True,485,TRB,TRBV20-1,None,TRBJ2-1,TRBC2,True,True,CSARVGSEVNEQFF,TGCAGTGCTAGAGTGGGGTCGGAAGTCAATGAGCAGTTCTTC,722,6,clonotype1,clonotype1_consensus_1
AGGTCATAGCAAATCA-1,True,AGGTCATAGCAAATCA-1_contig_3,True,459,TRA,TRAV10,None,TRAJ24,TRAC,True,False,None,None,100,3,clonotype1,None
AGGTCATAGCCGTCGT-1,True,AGGTCATAGCCGTCGT-1_contig_1,True,518,TRB,TRBV20-1,None,TRBJ2-5,TRBC2,True,True,CSATRAIQETQYF,TGCAGTGCCACCCGGGCGATTCAAGAGACCCAGTACTTC,1923,11,clonotype939,clonotype939_consensus_1
AGGTCATAGCCGTCGT-1,True,AGGTCATAGCCGTCGT-1_contig_2,True,388,TRB,None,None,TRBJ1-5,TRBC1,False,False,None,None,1562,7,clonotype939,None
AGGTCATAGCCGTCGT-1,True,AGGTCATAGCCGTCGT-1_contig_3,True,502,TRA,TRAV26-2,None,TRAJ17,TRAC,True,False,None,None,59,2,clonotype939,None
AGGTCATAGCGTCAAG-1,True,AGGTCATAGCGTCAAG-1_contig_1,True,515,TRB,TRBV20-1,None,TRBJ1-6,TRBC1,True,True,CSATQPRSPLHF,TGCAGTGCCACCCAGCCCAGATCACCCCTCCACTTT,2933,12,clonotype940,clonotype940_consensus_1
AGGTCATAGCGTCAAG-1,True,AGGTCATAGCGTCAAG-1_contig_2,True,466,TRA,TRAV9-2,None,TRAJ57,TRAC,True,True,CALSGTQGGSEKLVF,TGTGCTCTGAGTGGAACTCAGGGCGGATCTGAAAAGCTGGTCTTT,103,2,clonotype940,clonotype940_consensus_2
AGGTCATAGCGTTTAC-1,True,AGGTCATAGCGTTTAC-1_contig_1,True,644,TRA,TRAV8-3,None,TRAJ17,TRAC,True,True,CAVAPRAAGNKLTF,TGTGCTGTGGCTCCCAGGGCTGCAGGCAACAAGCTAACTTTT,656,9,clonotype941,clonotype941_consensus_1
AGGTCATAGCGTTTAC-1,True,AGGTCATAGCGTTTAC-1_contig_2,True,520,TRB,TRBV20-1,None,TRBJ2-1,TRBC2,True,True,CSARTDGGHNEQFF,TGCAGTGCTAGAACAGACGGGGGACACAATGAGCAGTTCTTC,1770,9,clonotype941,clonotype941_consensus_2
AGGTCATAGGACAGCT-1,True,AGGTCATAGGACAGCT-1_contig_1,True,505,TRA,TRAV1-2,None,TRAJ33,TRAC,True,True,CAATDSNYQLIW,TGTGCTGCGACTGATAGCAACTATCAGTTAATCTGG,889,5,clonotype1,clonotype1_consensus_2
AGGTCATAGGACAGCT-1,True,AGGTCATAGGACAGCT-1_contig_2,True,521,TRB,TRBV20-1,None,TRBJ2-1,TRBC2,True,True,CSARVGSEVNEQFF,TGCAGTGCTAGAGTGGGGTCGGAAGTCAATGAGCAGTTCTTC,1466,8,clonotype1,clonotype1_consensus_1
AGGTCATAGGACAGCT-1,True,AGGTCATAGGACAGCT-1_contig_3,True,660,TRB,None,None,TRBJ1-4,TRBC1,False,False,None,None,884,4,clonotype1,None
AGGTCATAGTCCTCCT-1,True,AGGTCATAGTCCTCCT-1_contig_1,True,462,TRA,TRAV13-1,None,TRAJ30,TRAC,True,True,CAASPTNRDDKIIF,TGTGCAGCAAGCCCTACCAACAGAGATGACAAGATCATCTTT,526,3,clonotype942,clonotype942_consensus_1
AGGTCATAGTCCTCCT-1,True,AGGTCATAGTCCTCCT-1_contig_2,True,664,TRB,TRBV5-6,None,TRBJ2-3,TRBC2,True,True,CASSLAGTVGTDTQYF,TGTGCCAGCAGCTTGGCCGGCACGGTCGGCACAGATACGCAGTATTTT,1075,4,clonotype942,clonotype942_consensus_2
AGGTCATAGTTGAGAT-1,True,AGGTCATAGTTGAGAT-1_contig_1,True,467,TRB,TRBV20-1,None,TRBJ1-2,TRBC1,True,True,CSARTVMVGYTF,TGCAGTGCTAGGACGGTGATGGTGGGCTACACCTTC,530,5,clonotype215,clonotype215_consensus_1
AGGTCATAGTTGAGAT-1,True,AGGTCATAGTTGAGAT-1_contig_2,True,459,TRA,TRAV13-1,None,TRAJ29,TRAC,True,True,CAATDSGNTPLVF,TGTGCAGCAACCGATTCAGGAAACACACCTCTTGTCTTT,314,2,clonotype215,clonotype215_consensus_2
AGGTCATCACATGGGA-1,True,AGGTCATCACATGGGA-1_contig_1,True,505,TRA,TRAV1-2,None,TRAJ33,TRAC,True,True,CAATDSNYQLIW,TGTGCTGCGACTGATAGCAACTATCAGTTAATCTGG,293,5,clonotype1,clonotype1_consensus_2
AGGTCATCACATGGGA-1,True,AGGTCATCACATGGGA-1_contig_2,True,521,TRB,TRBV20-1,None,TRBJ2-1,TRBC2,True,True,CSARVGSEVNEQFF,TGCAGTGCTAGAGTGGGGTCGGAAGTCAATGAGCAGTTCTTC,3556,8,clonotype1,clonotype1_consensus_1
AGGTCATCACATTAGC-1,True,AGGTCATCACATTAGC-1_contig_1,True,502,TRA,TRAV1-2,None,TRAJ33,TRAC,True,True,CAATDSNYQLIW,TGTGCTGCGACTGATAGCAACTATCAGTTAATCTGG,131,6,clonotype1,clonotype1_consensus_2
AGGTCATCACATTAGC-1,True,AGGTCATCACATTAGC-1_contig_2,True,505,TRB,TRBV20-1,None,TRBJ2-1,TRBC2,True,True,CSARVGSEVNEQFF,TGCAGTGCTAGAGTGGGGTCGGAAGTCAATGAGCAGTTCTTC,1319,9,clonotype1,clonotype1_consensus_1
AGGTCATCACGGCGTT-1,True,AGGTCATCACGGCGTT-1_contig_1,True,505,TRA,TRAV1-2,None,TRAJ33,TRAC,True,True,CAATDSNYQLIW,TGTGCTGCGACTGATAGCAACTATCAGTTAATCTGG,293,1,clonotype1,clonotype1_consensus_2
AGGTCATCACGGCGTT-1,True,AGGTCATCACGGCGTT-1_contig_2,True,521,TRB,TRBV20-1,None,TRBJ2-1,TRBC2,True,True,CSARVGSEVNEQFF,TGCAGTGCTAGAGTGGGGTCGGAAGTCAATGAGCAGTTCTTC,111,2,clonotype1,clonotype1_consensus_1
AGGTCATCACGGCGTT-1,True,AGGTCATCACGGCGTT-1_contig_3,True,467,TRA,TRAV10,None,TRAJ24,TRAC,True,False,None,None,122,1,clonotype1,None
AGGTCATCACGGCTAC-1,True,AGGTCATCACGGCTAC-1_contig_1,True,505,TRA,TRAV1-2,None,TRAJ33,TRAC,True,True,CAATDSNYQLIW,TGTGCTGCGACTGATAGCAACTATCAGTTAATCTGG,228,1,clonotype1,clonotype1_consensus_2
AGGTCATCACGGCTAC-1,True,AGGTCATCACGGCTAC-1_contig_2,True,514,TRB,TRBV20-1,None,TRBJ2-1,TRBC2,True,True,CSARVGSEVNEQFF,TGCAGTGCTAGAGTGGGGTCGGAAGTCAATGAGCAGTTCTTC,764,3,clonotype1,clonotype1_consensus_1
AGGTCATCACGGCTAC-1,True,AGGTCATCACGGCTAC-1_contig_3,True,454,TRA,TRAV10,None,TRAJ24,TRAC,True,False,None,None,115,1,clonotype1,None
AGGTCATCATAACCTG-1,True,AGGTCATCATAACCTG-1_contig_1,True,505,TRA,TRAV1-2,None,TRAJ33,TRAC,True,True,CAATDSNYQLIW,TGTGCTGCGACTGATAGCAACTATCAGTTAATCTGG,3981,2,clonotype1,clonotype1_consensus_2
AGGTCATCATAACCTG-1,True,AGGTCATCATAACCTG-1_contig_2,True,521,TRB,TRBV20-1,None,TRBJ2-1,TRBC2,True,True,CSARVGSEVNEQFF,TGCAGTGCTAGAGTGGGGTCGGAAGTCAATGAGCAGTTCTTC,2699,10,clonotype1,clonotype1_consensus_1
AGGTCATCATAACCTG-1,True,AGGTCATCATAACCTG-1_contig_3,True,459,TRA,TRAV10,None,TRAJ24,TRAC,True,False,None,None,296,2,clonotype1,None
AGGTCATCATCGACGC-1,True,AGGTCATCATCGACGC-1_contig_1,True,521,TRB,TRBV20-1,None,TRBJ1-5,TRBC1,True,True,CSAVGGQGNQPQHF,TGCAGTGCCGTCGGGGGACAGGGAAATCAGCCCCAGCATTTT,1307,5,clonotype943,clonotype943_consensus_1
AGGTCATCATCGACGC-1,True,AGGTCATCATCGACGC-1_contig_2,True,511,TRA,TRAV38-1,None,TRAJ39,TRAC,True,True,CAFRHNAGNMLTF,TGTGCTTTCAGGCATAATGCAGGCAACATGCTCACCTTT,492,3,clonotype943,clonotype943_consensus_2
AGGTCATGTAAGGGAA-1,True,AGGTCATGTAAGGGAA-1_contig_1,True,505,TRA,TRAV1-2,None,TRAJ33,TRAC,True,True,CAATDSNYQLIW,TGTGCTGCGACTGATAGCAACTATCAGTTAATCTGG,4106,4,clonotype1,clonotype1_consensus_2
AGGTCATGTAAGGGAA-1,True,AGGTCATGTAAGGGAA-1_contig_2,True,498,TRB,TRBV20-1,None,TRBJ2-1,TRBC2,True,True,CSARVGSEVNEQFF,TGCAGTGCTAGAGTGGGGTCGGAAGTCAATGAGCAGTTCTTC,1389,6,clonotype1,clonotype1_consensus_1
AGGTCATGTACTCGCG-1,True,AGGTCATGTACTCGCG-1_contig_1,True,501,TRB,TRBV20-1,None,TRBJ1-3,TRBC1,True,True,CSARKGQGAGNTIYF,TGCAGTGCTAGAAAGGGCCAGGGGGCCGGAAACACCATATATTTT,1537,5,clonotype944,clonotype944_consensus_2
AGGTCATGTACTCGCG-1,True,AGGTCATGTACTCGCG-1_contig_2,True,498,TRA,TRAV12-3,None,TRAJ37,TRAC,True,True,CAMSATNTGKLIF,TGTGCAATGAGCGCGACCAACACAGGCAAACTAATCTTT,801,7,clonotype944,clonotype944_consensus_1
AGGTCATGTAGGCATG-1,True,AGGTCATGTAGGCATG-1_contig_1,True,495,TRB,TRBV20-1,None,TRBJ2-2,TRBC2,True,True,CSARGRRTGELFF,TGCAGTGCTAGGGGCAGGAGAACCGGGGAGCTGTTTTTT,1153,6,clonotype945,clonotype945_consensus_1
AGGTCATGTAGGCATG-1,True,AGGTCATGTAGGCATG-1_contig_2,True,529,TRA,TRAV14/DV4,None,TRAJ22,TRAC,True,True,CAMREGIPGSARQLTF,TGTGCAATGAGAGAGGGAATCCCTGGTTCTGCAAGGCAACTGACCTTT,325,2,clonotype945,clonotype945_consensus_2
AGGTCATGTCTCAACA-1,True,AGGTCATGTCTCAACA-1_contig_1,True,509,TRB,TRBV11-2,None,TRBJ2-7,TRBC2,True,True,CASSYRGGDEQYF,TGTGCCAGCAGCTACAGGGGTGGGGACGAGCAGTACTTC,2035,10,clonotype946,clonotype946_consensus_1
AGGTCATGTCTCAACA-1,True,AGGTCATGTCTCAACA-1_contig_2,True,505,TRA,TRAV23/DV6,None,TRAJ49,TRAC,True,True,CAAKYAGNQFYF,TGTGCAGCAAAGTACGCCGGTAACCAGTTCTATTTT,470,5,clonotype946,clonotype946_consensus_2
AGGTCATGTGCTTCTC-1,True,AGGTCATGTGCTTCTC-1_contig_1,True,498,TRB,TRBV20-1,None,TRBJ2-1,TRBC2,True,True,CSARVGSEVNEQFF,TGCAGTGCTAGAGTGGGGTCGGAAGTCAATGAGCAGTTCTTC,2188,10,clonotype2,clonotype2_consensus_1
AGGTCATGTGCTTCTC-1,True,AGGTCATGTGCTTCTC-1_contig_2,True,482,TRA,TRAV10,None,TRAJ24,TRAC,True,False,None,None,624,1,clonotype2,None
AGGTCATGTGTGCGTC-1,True,AGGTCATGTGTGCGTC-1_contig_1,True,505,TRA,TRAV1-2,None,TRAJ33,TRAC,True,True,CAATDSNYQLIW,TGTGCTGCGACTGATAGCAACTATCAGTTAATCTGG,4401,2,clonotype1,clonotype1_consensus_2
AGGTCATGTGTGCGTC-1,True,AGGTCATGTGTGCGTC-1_contig_2,True,521,TRB,TRBV20-1,None,TRBJ2-1,TRBC2,True,True,CSARVGSEVNEQFF,TGCAGTGCTAGAGTGGGGTCGGAAGTCAATGAGCAGTTCTTC,1224,7,clonotype1,clonotype1_consensus_1
AGGTCATGTTATGCGT-1,True,AGGTCATGTTATGCGT-1_contig_1,True,505,TRA,TRAV1-2,None,TRAJ33,TRAC,True,True,CAATDSNYQLIW,TGTGCTGCGACTGATAGCAACTATCAGTTAATCTGG,395,5,clonotype1,clonotype1_consensus_2
AGGTCATGTTATGCGT-1,True,AGGTCATGTTATGCGT-1_contig_2,True,521,TRB,TRBV20-1,None,TRBJ2-1,TRBC2,True,True,CSARVGSEVNEQFF,TGCAGTGCTAGAGTGGGGTCGGAAGTCAATGAGCAGTTCTTC,1864,9,clonotype1,clonotype1_consensus_1
AGGTCATGTTCCCTTG-1,True,AGGTCATGTTCCCTTG-1_contig_1,True,492,TRB,TRBV20-1,None,TRBJ1-5,TRBC1,True,True,CSARRGMQPQHF,TGCAGTGCTCGACGGGGGATGCAGCCCCAGCATTTT,1532,10,clonotype947,clonotype947_consensus_2
AGGTCATGTTCCCTTG-1,True,AGGTCATGTTCCCTTG-1_contig_2,True,482,TRA,TRAV38-1,None,TRAJ39,TRAC,True,True,CAFMNPPRNMLTF,TGTGCTTTCATGAACCCCCCCCGCAACATGCTCACCTTT,569,4,clonotype947,clonotype947_consensus_1
AGGTCATGTTCTGGTA-1,True,AGGTCATGTTCTGGTA-1_contig_1,True,505,TRA,TRAV1-2,None,TRAJ33,TRAC,True,True,CAATDSNYQLIW,TGTGCTGCGACTGATAGCAACTATCAGTTAATCTGG,815,4,clonotype1,clonotype1_consensus_2
AGGTCATGTTCTGGTA-1,True,AGGTCATGTTCTGGTA-1_contig_2,True,521,TRB,TRBV20-1,None,TRBJ2-1,TRBC2,True,True,CSARVGSEVNEQFF,TGCAGTGCTAGAGTGGGGTCGGAAGTCAATGAGCAGTTCTTC,1189,6,clonotype1,clonotype1_consensus_1
AGGTCATGTTGCGTTA-1,True,AGGTCATGTTGCGTTA-1_contig_1,True,523,TRB,TRBV5-5,None,TRBJ2-2,TRBC2,True,True,CASSLGDTGELFF,TGTGCCAGCAGCCTCGGGGACACCGGGGAGCTGTTTTTT,758,4,clonotype27,clonotype27_consensus_2
AGGTCATGTTGCGTTA-1,True,AGGTCATGTTGCGTTA-1_contig_2,True,544,TRA,TRAV12-2,None,TRAJ49,TRAC,True,True,CAVNGNTGNQFYF,TGTGCCGTGAATGGGAACACCGGTAACCAGTTCTATTTT,727,4,clonotype27,clonotype27_consensus_1
AGGTCATTCCTGCCAT-1,True,AGGTCATTCCTGCCAT-1_contig_1,True,521,TRB,TRBV20-1,None,TRBJ2-1,TRBC2,True,True,CSARVGSEVNEQFF,TGCAGTGCTAGAGTGGGGTCGGAAGTCAATGAGCAGTTCTTC,947,9,clonotype2,clonotype2_consensus_1
AGGTCATTCCTTTCGG-1,True,AGGTCATTCCTTTCGG-1_contig_1,True,505,TRA,TRAV1-2,None,TRAJ33,TRAC,True,True,CAATDSNYQLIW,TGTGCTGCGACTGATAGCAACTATCAGTTAATCTGG,3604,4,clonotype1,clonotype1_consensus_2
AGGTCATTCCTTTCGG-1,True,AGGTCATTCCTTTCGG-1_contig_2,True,521,TRB,TRBV20-1,None,TRBJ2-1,TRBC2,True,True,CSARVGSEVNEQFF,TGCAGTGCTAGAGTGGGGTCGGAAGTCAATGAGCAGTTCTTC,1217,5,clonotype1,clonotype1_consensus_1
AGGTCATTCGGAGCAA-1,True,AGGTCATTCGGAGCAA-1_contig_1,True,505,TRA,TRAV1-2,None,TRAJ33,TRAC,True,True,CAATDSNYQLIW,TGTGCTGCGACTGATAGCAACTATCAGTTAATCTGG,709,4,clonotype1,clonotype1_consensus_2
AGGTCATTCGGAGCAA-1,True,AGGTCATTCGGAGCAA-1_contig_2,True,521,TRB,TRBV20-1,None,TRBJ2-1,TRBC2,True,True,CSARVGSEVNEQFF,TGCAGTGCTAGAGTGGGGTCGGAAGTCAATGAGCAGTTCTTC,1840,8,clonotype1,clonotype1_consensus_1
AGGTCATTCTTGTACT-1,True,AGGTCATTCTTGTACT-1_contig_1,True,501,TRB,TRBV20-1,None,TRBJ1-2,TRBC1,True,True,CSARVQGRGNYGYTF,TGCAGTGCTAGAGTCCAGGGGCGCGGAAACTATGGCTACACCTTC,1629,6,clonotype948,clonotype948_consensus_2
AGGTCATTCTTGTACT-1,True,AGGTCATTCTTGTACT-1_contig_2,True,456,TRA,TRAV13-1,None,TRAJ49,TRAC,True,True,CAAGNTGNQFYF,TGTGCAGCAGGGAACACCGGTAACCAGTTCTATTTT,265,6,clonotype948,clonotype948_consensus_1
AGGTCCGAGATATGGT-1,True,AGGTCCGAGATATGGT-1_contig_1,True,521,TRB,TRBV20-1,None,TRBJ2-1,TRBC2,True,True,CSARVGSEVNEQFF,TGCAGTGCTAGAGTGGGGTCGGAAGTCAATGAGCAGTTCTTC,516,5,clonotype2,clonotype2_consensus_1
AGGTCCGAGATGCCAG-1,True,AGGTCCGAGATGCCAG-1_contig_1,True,473,TRB,TRBV20-1,None,TRBJ2-1,TRBC2,True,True,CSARVGSEVNEQFF,TGCAGTGCTAGAGTGGGGTCGGAAGTCAATGAGCAGTTCTTC,1867,10,clonotype2,clonotype2_consensus_1
AGGTCCGAGCTGCAAG-1,True,AGGTCCGAGCTGCAAG-1_contig_1,True,505,TRA,TRAV1-2,None,TRAJ33,TRAC,True,True,CAATDSNYQLIW,TGTGCTGCGACTGATAGCAACTATCAGTTAATCTGG,815,4,clonotype1,clonotype1_consensus_2
AGGTCCGAGCTGCAAG-1,True,AGGTCCGAGCTGCAAG-1_contig_2,True,521,TRB,TRBV20-1,None,TRBJ2-1,TRBC2,True,True,CSARVGSEVNEQFF,TGCAGTGCTAGAGTGGGGTCGGAAGTCAATGAGCAGTTCTTC,1755,9,clonotype1,clonotype1_consensus_1
AGGTCCGAGCTGCAAG-1,True,AGGTCCGAGCTGCAAG-1_contig_3,True,482,TRA,TRAV10,None,TRAJ24,TRAC,True,False,None,None,101,2,clonotype1,None
AGGTCCGAGTCTCCTC-1,True,AGGTCCGAGTCTCCTC-1_contig_1,True,521,TRB,TRBV20-1,None,TRBJ2-1,TRBC2,True,True,CSARVGSEVNEQFF,TGCAGTGCTAGAGTGGGGTCGGAAGTCAATGAGCAGTTCTTC,907,4,clonotype2,clonotype2_consensus_1
AGGTCCGAGTCTCCTC-1,True,AGGTCCGAGTCTCCTC-1_contig_2,True,457,TRA,TRAV10,None,TRAJ24,TRAC,True,False,None,None,242,2,clonotype2,None
AGGTCCGAGTCTCCTC-1,True,AGGTCCGAGTCTCCTC-1_contig_3,True,506,TRA,TRAV1-2,None,TRAJ33,TRAC,True,False,CAATDSNYQLIW,TGTGCTGCGACTGATAGCAACTATCAGTTAATCTGG,540,2,clonotype2,None
AGGTCCGCAAGCTGAG-1,True,AGGTCCGCAAGCTGAG-1_contig_1,True,505,TRA,TRAV1-2,None,TRAJ33,TRAC,True,True,CAATDSNYQLIW,TGTGCTGCGACTGATAGCAACTATCAGTTAATCTGG,350,2,clonotype1,clonotype1_consensus_2
AGGTCCGCAAGCTGAG-1,True,AGGTCCGCAAGCTGAG-1_contig_2,True,521,TRB,TRBV20-1,None,TRBJ2-1,TRBC2,True,True,CSARVGSEVNEQFF,TGCAGTGCTAGAGTGGGGTCGGAAGTCAATGAGCAGTTCTTC,458,8,clonotype1,clonotype1_consensus_1
AGGTCCGCAAGCTGAG-1,True,AGGTCCGCAAGCTGAG-1_contig_3,True,433,TRA,TRAV10,None,TRAJ24,TRAC,True,False,None,None,39,3,clonotype1,None
AGGTCCGCACCGCTAG-1,True,AGGTCCGCACCGCTAG-1_contig_1,True,521,TRB,TRBV20-1,None,TRBJ2-1,TRBC2,True,True,CSARVGSEVNEQFF,TGCAGTGCTAGAGTGGGGTCGGAAGTCAATGAGCAGTTCTTC,1431,13,clonotype2,clonotype2_consensus_1
AGGTCCGCAGCGAACA-1,True,AGGTCCGCAGCGAACA-1_contig_1,True,498,TRB,TRBV20-1,None,TRBJ2-1,TRBC2,True,True,CSARVGSEVNEQFF,TGCAGTGCTAGAGTGGGGTCGGAAGTCAATGAGCAGTTCTTC,846,7,clonotype2,clonotype2_consensus_1
AGGTCCGCAGCGAACA-1,True,AGGTCCGCAGCGAACA-1_contig_2,True,470,TRA,TRAV10,None,TRAJ24,TRAC,True,False,None,None,651,3,clonotype2,None
AGGTCCGCATCTACGA-1,True,AGGTCCGCATCTACGA-1_contig_1,True,495,TRB,TRBV20-1,None,TRBJ1-6,TRBC1,True,True,CSAAGRRNSPLHF,TGCAGTGCCGCCGGACGTAGGAATTCACCCCTCCACTTT,289,3,clonotype949,clonotype949_consensus_1
AGGTCCGCATCTACGA-1,True,AGGTCCGCATCTACGA-1_contig_2,True,305,TRA,None,None,TRAJ18,TRAC,False,False,None,None,193,2,clonotype949,None
AGGTCCGGTCATGCAT-1,True,AGGTCCGGTCATGCAT-1_contig_1,True,505,TRA,TRAV1-2,None,TRAJ33,TRAC,True,True,CAATDSNYQLIW,TGTGCTGCGACTGATAGCAACTATCAGTTAATCTGG,660,6,clonotype1,clonotype1_consensus_2
AGGTCCGGTCATGCAT-1,True,AGGTCCGGTCATGCAT-1_contig_2,True,498,TRB,TRBV20-1,None,TRBJ2-1,TRBC2,True,True,CSARVGSEVNEQFF,TGCAGTGCTAGAGTGGGGTCGGAAGTCAATGAGCAGTTCTTC,1201,7,clonotype1,clonotype1_consensus_1
AGGTCCGGTCGGCACT-1,True,AGGTCCGGTCGGCACT-1_contig_1,True,505,TRA,TRAV1-2,None,TRAJ33,TRAC,True,True,CAATDSNYQLIW,TGTGCTGCGACTGATAGCAACTATCAGTTAATCTGG,554,2,clonotype1,clonotype1_consensus_2
AGGTCCGGTCGGCACT-1,True,AGGTCCGGTCGGCACT-1_contig_2,True,518,TRB,TRBV20-1,None,TRBJ2-1,TRBC2,True,True,CSARVGSEVNEQFF,TGCAGTGCTAGAGTGGGGTCGGAAGTCAATGAGCAGTTCTTC,1384,6,clonotype1,clonotype1_consensus_1
AGGTCCGGTCGGCACT-1,True,AGGTCCGGTCGGCACT-1_contig_3,True,469,TRA,TRAV10,None,TRAJ24,TRAC,True,False,None,None,373,2,clonotype1,None
AGGTCCGGTCTTCTCG-1,True,AGGTCCGGTCTTCTCG-1_contig_1,True,527,TRB,TRBV20-1,None,TRBJ1-5,TRBC1,True,True,CSALIPGGYKNQPQHF,TGCAGTGCCCTGATCCCCGGGGGATACAAAAATCAGCCCCAGCATTTT,1431,10,clonotype950,clonotype950_consensus_1
AGGTCCGGTCTTCTCG-1,True,AGGTCCGGTCTTCTCG-1_contig_2,True,520,TRA,TRAV26-1,None,TRAJ54,TRAC,True,True,CTPVRQGAQKLVF,TGCACTCCAGTTCGCCAGGGAGCCCAGAAGCTGGTATTT,1520,4,clonotype950,clonotype950_consensus_2
AGGTCCGGTGCATCTA-1,True,AGGTCCGGTGCATCTA-1_contig_1,True,505,TRA,TRAV1-2,None,TRAJ33,TRAC,True,True,CAATDSNYQLIW,TGTGCTGCGACTGATAGCAACTATCAGTTAATCTGG,756,4,clonotype1,clonotype1_consensus_2
AGGTCCGGTGCATCTA-1,True,AGGTCCGGTGCATCTA-1_contig_2,True,521,TRB,TRBV20-1,None,TRBJ2-1,TRBC2,True,True,CSARVGSEVNEQFF,TGCAGTGCTAGAGTGGGGTCGGAAGTCAATGAGCAGTTCTTC,843,6,clonotype1,clonotype1_consensus_1
AGGTCCGGTGCATCTA-1,True,AGGTCCGGTGCATCTA-1_contig_3,True,457,TRA,TRAV10,None,TRAJ24,TRAC,True,False,None,None,699,6,clonotype1,None
AGGTCCGGTTTAGCTG-1,True,AGGTCCGGTTTAGCTG-1_contig_1,True,462,TRA,TRAV13-1,None,TRAJ18,TRAC,True,True,CAAHRGSTLGRLYF,TGTGCAGCACACAGAGGCTCAACCCTGGGGAGGCTATACTTT,677,5,clonotype951,clonotype951_consensus_2
AGGTCCGGTTTAGCTG-1,True,AGGTCCGGTTTAGCTG-1_contig_2,True,501,TRB,TRBV20-1,None,TRBJ2-3,TRBC2,True,True,CSARVVGGAADTQYF,TGCAGTGCTAGAGTAGTGGGGGGGGCCGCAGATACGCAGTATTTT,702,6,clonotype951,clonotype951_consensus_1
AGGTCCGTCACCTCGT-1,True,AGGTCCGTCACCTCGT-1_contig_1,True,495,TRB,TRBV20-1,None,TRBJ2-6,TRBC2,True,True,CSARGGAPNVLTF,TGCAGTGCTAGAGGGGGAGCTCCCAACGTCCTGACTTTC,2517,9,clonotype952,clonotype952_consensus_1
AGGTCCGTCACCTCGT-1,True,AGGTCCGTCACCTCGT-1_contig_2,True,377,TRB,None,None,TRBJ1-3,TRBC1,False,False,None,None,546,1,clonotype952,None
AGGTCCGTCAGCAACT-1,True,AGGTCCGTCAGCAACT-1_contig_1,True,485,TRB,TRBV20-1,None,TRBJ2-1,TRBC2,True,True,CSARVGSEVNEQFF,TGCAGTGCTAGAGTGGGGTCGGAAGTCAATGAGCAGTTCTTC,2070,11,clonotype2,clonotype2_consensus_1
AGGTCCGTCAGCAACT-1,True,AGGTCCGTCAGCAACT-1_contig_2,True,482,TRA,TRAV10,None,TRAJ24,TRAC,True,False,None,None,920,4,clonotype2,None
AGGTCCGTCGGCCGAT-1,True,AGGTCCGTCGGCCGAT-1_contig_1,True,481,TRB,TRBV5-6,None,TRBJ2-2,TRBC2,True,True,CASSSWTGGTGELFF,TGTGCCAGCAGCTCGTGGACAGGGGGCACCGGGGAGCTGTTTTTT,2940,11,clonotype223,clonotype223_consensus_1
AGGTCCGTCGTTTGCC-1,True,AGGTCCGTCGTTTGCC-1_contig_1,True,568,TRB,TRBV5-5,None,TRBJ1-4,TRBC1,True,True,CASSHPGPNYATNEKLFF,TGTGCCAGCAGCCATCCCGGACCGAACTACGCAACTAATGAAAAACTGTTTTTT,1140,4,clonotype4,clonotype4_consensus_1
AGGTCCGTCGTTTGCC-1,True,AGGTCCGTCGTTTGCC-1_contig_2,True,422,TRB,TRBV7-3,None,TRBJ2-1,TRBC2,True,False,CQQRSLKAGGPYNEQFF,TGCCAGCAGCGGTCACTTAAAGCGGGGGGACCCTACAATGAGCAGTTCTTC,84,1,clonotype4,None
AGTAGTCAGACGCACA-1,True,AGTAGTCAGACGCACA-1_contig_1,True,505,TRA,TRAV1-2,None,TRAJ33,TRAC,True,True,CAATDSNYQLIW,TGTGCTGCGACTGATAGCAACTATCAGTTAATCTGG,539,3,clonotype1,clonotype1_consensus_2
AGTAGTCAGACGCACA-1,True,AGTAGTCAGACGCACA-1_contig_2,True,521,TRB,TRBV20-1,None,TRBJ2-1,TRBC2,True,True,CSARVGSEVNEQFF,TGCAGTGCTAGAGTGGGGTCGGAAGTCAATGAGCAGTTCTTC,713,6,clonotype1,clonotype1_consensus_1
AGTAGTCAGGCCGAAT-1,True,AGTAGTCAGGCCGAAT-1_contig_1,True,505,TRA,TRAV1-2,None,TRAJ33,TRAC,True,True,CAATDSNYQLIW,TGTGCTGCGACTGATAGCAACTATCAGTTAATCTGG,433,3,clonotype1,clonotype1_consensus_2
AGTAGTCAGGCCGAAT-1,True,AGTAGTCAGGCCGAAT-1_contig_2,True,521,TRB,TRBV20-1,None,TRBJ2-1,TRBC2,True,True,CSARVGSEVNEQFF,TGCAGTGCTAGAGTGGGGTCGGAAGTCAATGAGCAGTTCTTC,1663,9,clonotype1,clonotype1_consensus_1
AGTAGTCAGTGTGGCA-1,True,AGTAGTCAGTGTGGCA-1_contig_1,True,672,TRB,TRBV5-6,None,TRBJ2-2,TRBC2,True,True,CASSLSPEDPTNTGELFF,TGTGCCAGCAGCTTGAGTCCGGAAGACCCTACGAACACCGGGGAGCTGTTTTTT,2544,14,clonotype75,clonotype75_consensus_1
AGTAGTCAGTGTGGCA-1,True,AGTAGTCAGTGTGGCA-1_contig_2,True,350,TRB,None,None,TRBJ2-7,TRBC2,False,False,None,None,595,4,clonotype75,None
AGTAGTCCAAGTCATC-1,True,AGTAGTCCAAGTCATC-1_contig_1,True,521,TRB,TRBV20-1,None,TRBJ2-1,TRBC2,True,True,CSARVGSEVNEQFF,TGCAGTGCTAGAGTGGGGTCGGAAGTCAATGAGCAGTTCTTC,684,5,clonotype2,clonotype2_consensus_1
AGTAGTCCACAACGCC-1,True,AGTAGTCCACAACGCC-1_contig_1,True,502,TRA,TRAV1-2,None,TRAJ33,TRAC,True,True,CAATDSNYQLIW,TGTGCTGCGACTGATAGCAACTATCAGTTAATCTGG,125,3,clonotype1,clonotype1_consensus_2
AGTAGTCCACAACGCC-1,True,AGTAGTCCACAACGCC-1_contig_2,True,473,TRB,TRBV20-1,None,TRBJ2-1,TRBC2,True,True,CSARVGSEVNEQFF,TGCAGTGCTAGAGTGGGGTCGGAAGTCAATGAGCAGTTCTTC,2352,12,clonotype1,clonotype1_consensus_1
AGTAGTCCACCGAAAG-1,True,AGTAGTCCACCGAAAG-1_contig_1,True,505,TRA,TRAV1-2,None,TRAJ33,TRAC,True,True,CAATDSNYQLIW,TGTGCTGCGACTGATAGCAACTATCAGTTAATCTGG,738,5,clonotype1,clonotype1_consensus_2
AGTAGTCCACCGAAAG-1,True,AGTAGTCCACCGAAAG-1_contig_2,True,521,TRB,TRBV20-1,None,TRBJ2-1,TRBC2,True,True,CSARVGSEVNEQFF,TGCAGTGCTAGAGTGGGGTCGGAAGTCAATGAGCAGTTCTTC,1474,9,clonotype1,clonotype1_consensus_1
AGTAGTCCACCGAAAG-1,True,AGTAGTCCACCGAAAG-1_contig_3,True,482,TRA,TRAV10,None,TRAJ24,TRAC,True,False,None,None,1052,3,clonotype1,None
AGTAGTCCACTTAACG-1,True,AGTAGTCCACTTAACG-1_contig_1,True,505,TRA,TRAV1-2,None,TRAJ33,TRAC,True,True,CAATDSNYQLIW,TGTGCTGCGACTGATAGCAACTATCAGTTAATCTGG,806,4,clonotype1,clonotype1_consensus_2
AGTAGTCCACTTAACG-1,True,AGTAGTCCACTTAACG-1_contig_2,True,521,TRB,TRBV20-1,None,TRBJ2-1,TRBC2,True,True,CSARVGSEVNEQFF,TGCAGTGCTAGAGTGGGGTCGGAAGTCAATGAGCAGTTCTTC,2841,19,clonotype1,clonotype1_consensus_1
AGTAGTCCACTTAACG-1,True,AGTAGTCCACTTAACG-1_contig_3,True,457,TRA,TRAV10,None,TRAJ24,TRAC,True,False,None,None,194,1,clonotype1,None
AGTAGTCCATCTACGA-1,True,AGTAGTCCATCTACGA-1_contig_1,True,505,TRA,TRAV1-2,None,TRAJ33,TRAC,True,True,CAATDSNYQLIW,TGTGCTGCGACTGATAGCAACTATCAGTTAATCTGG,410,3,clonotype1,clonotype1_consensus_2
AGTAGTCCATCTACGA-1,True,AGTAGTCCATCTACGA-1_contig_2,True,521,TRB,TRBV20-1,None,TRBJ2-1,TRBC2,True,True,CSARVGSEVNEQFF,TGCAGTGCTAGAGTGGGGTCGGAAGTCAATGAGCAGTTCTTC,799,7,clonotype1,clonotype1_consensus_1
AGTAGTCGTAAGCACG-1,True,AGTAGTCGTAAGCACG-1_contig_1,True,524,TRB,TRBV20-1,None,TRBJ2-7,TRBC2,True,True,CSARDHGGSVYEQYF,TGCAGTGCTAGAGATCATGGGGGGTCAGTGTACGAGCAGTACTTC,1229,8,clonotype224,clonotype224_consensus_1
AGTAGTCGTAAGCACG-1,True,AGTAGTCGTAAGCACG-1_contig_2,True,539,TRA,TRAV26-1,None,TRAJ21,TRAC,True,True,CIVGKFYF,TGCATCGTCGGGAAATTTTACTTT,437,2,clonotype224,clonotype224_consensus_2
AGTAGTCGTCGCTTTC-1,True,AGTAGTCGTCGCTTTC-1_contig_1,True,518,TRB,TRBV20-1,None,TRBJ2-3,TRBC2,True,True,CSARGAGTDTQYF,TGCAGTGCTAGAGGGGCAGGGACAGATACGCAGTATTTT,3206,18,clonotype953,clonotype953_consensus_2
AGTAGTCGTCGCTTTC-1,True,AGTAGTCGTCGCTTTC-1_contig_2,True,566,TRA,TRAV22,None,TRAJ48,TRAC,True,True,CAVRGTFGNEKLTF,TGTGCTGTGAGGGGGACCTTTGGAAATGAGAAATTAACCTTT,237,2,clonotype953,clonotype953_consensus_3
AGTAGTCGTCGCTTTC-1,True,AGTAGTCGTCGCTTTC-1_contig_3,True,500,TRB,TRBV5-5,None,TRBJ1-6,TRBC1,True,True,CASSGTVNSPLHF,TGTGCCAGCAGCGGGACAGTCAATTCACCCCTCCACTTT,1021,8,clonotype953,clonotype953_consensus_1
AGTAGTCGTCGCTTTC-1,True,AGTAGTCGTCGCTTTC-1_contig_4,True,506,TRA,TRAV13-2,None,TRAJ47,TRAC,True,True,CAENIQGNKLVF,TGTGCAGAGAATATACAGGGAAACAAACTGGTCTTT,662,4,clonotype953,clonotype953_consensus_4
AGTAGTCGTCGCTTTC-1,True,AGTAGTCGTCGCTTTC-1_contig_5,True,308,TRB,None,None,TRBJ2-2P,TRBC2,False,False,None,None,523,4,clonotype953,None
AGTAGTCGTTGTGGAG-1,True,AGTAGTCGTTGTGGAG-1_contig_1,True,523,TRA,TRAV27,None,TRAJ17,TRAC,True,True,CAGAGAAGNKLTF,TGTGCAGGAGCCGGAGCTGCAGGCAACAAGCTAACTTTT,222,1,clonotype954,clonotype954_consensus_1
AGTAGTCGTTGTGGAG-1,True,AGTAGTCGTTGTGGAG-1_contig_2,True,705,TRB,TRBV5-6,None,TRBJ2-5,TRBC2,True,True,CASSLSGGETQYF,TGTGCCAGCAGCCTGAGCGGGGGAGAGACCCAGTACTTC,1867,10,clonotype954,clonotype954_consensus_2
AGTAGTCTCAATAAGG-1,True,AGTAGTCTCAATAAGG-1_contig_1,True,518,TRB,TRBV20-1,None,TRBJ2-7,TRBC2,True,True,CSARRGAVLEQYF,TGCAGTGCTAGGAGGGGGGCGGTTTTGGAGCAGTACTTC,1650,7,clonotype955,clonotype955_consensus_1
AGTAGTCTCAATAAGG-1,True,AGTAGTCTCAATAAGG-1_contig_2,True,514,TRA,TRAV23/DV6,None,TRAJ41,TRAC,True,True,CAASRHSNSGYALNF,TGTGCAGCAAGCAGGCACTCAAATTCCGGGTATGCACTCAACTTC,580,3,clonotype955,clonotype955_consensus_2
AGTAGTCTCAGTTCGA-1,True,AGTAGTCTCAGTTCGA-1_contig_1,True,502,TRA,TRAV2,None,TRAJ36,TRAC,True,True,CAPQTGANNLFF,TGTGCCCCTCAAACTGGGGCAAACAACCTCTTCTTT,652,2,clonotype956,clonotype956_consensus_1
AGTAGTCTCAGTTCGA-1,True,AGTAGTCTCAGTTCGA-1_contig_2,True,524,TRB,TRBV20-1,None,TRBJ1-6,TRBC1,True,True,CSAPTSGLYNSPLHF,TGCAGTGCTCCGACATCGGGACTTTATAATTCACCCCTCCACTTT,1965,11,clonotype956,clonotype956_consensus_2
AGTAGTCTCAGTTCGA-1,True,AGTAGTCTCAGTTCGA-1_contig_3,True,448,TRB,TRBV27,None,TRBJ2-7,None,True,False,CEQYF,TGCGAGCAGTACTTC,71,1,clonotype956,None
AGTAGTCTCCTCCTAG-1,True,AGTAGTCTCCTCCTAG-1_contig_1,True,505,TRA,TRAV1-2,None,TRAJ33,TRAC,True,True,CAATDSNYQLIW,TGTGCTGCGACTGATAGCAACTATCAGTTAATCTGG,284,4,clonotype1,clonotype1_consensus_2
AGTAGTCTCCTCCTAG-1,True,AGTAGTCTCCTCCTAG-1_contig_2,True,521,TRB,TRBV20-1,None,TRBJ2-1,TRBC2,True,True,CSARVGSEVNEQFF,TGCAGTGCTAGAGTGGGGTCGGAAGTCAATGAGCAGTTCTTC,1252,5,clonotype1,clonotype1_consensus_1
AGTAGTCTCGTGGTCG-1,True,AGTAGTCTCGTGGTCG-1_contig_1,True,505,TRA,TRAV1-2,None,TRAJ33,TRAC,True,True,CAATDSNYQLIW,TGTGCTGCGACTGATAGCAACTATCAGTTAATCTGG,1170,5,clonotype1,clonotype1_consensus_2
AGTAGTCTCGTGGTCG-1,True,AGTAGTCTCGTGGTCG-1_contig_2,True,521,TRB,TRBV20-1,None,TRBJ2-1,TRBC2,True,True,CSARVGSEVNEQFF,TGCAGTGCTAGAGTGGGGTCGGAAGTCAATGAGCAGTTCTTC,2202,11,clonotype1,clonotype1_consensus_1
AGTAGTCTCTACCTGC-1,True,AGTAGTCTCTACCTGC-1_contig_1,True,505,TRA,TRAV1-2,None,TRAJ33,TRAC,True,True,CAATDSNYQLIW,TGTGCTGCGACTGATAGCAACTATCAGTTAATCTGG,288,4,clonotype1,clonotype1_consensus_2
AGTAGTCTCTACCTGC-1,True,AGTAGTCTCTACCTGC-1_contig_2,True,521,TRB,TRBV20-1,None,TRBJ2-1,TRBC2,True,True,CSARVGSEVNEQFF,TGCAGTGCTAGAGTGGGGTCGGAAGTCAATGAGCAGTTCTTC,3449,13,clonotype1,clonotype1_consensus_1
AGTAGTCTCTTAGCCC-1,True,AGTAGTCTCTTAGCCC-1_contig_1,True,505,TRA,TRAV1-2,None,TRAJ33,TRAC,True,True,CAATDSNYQLIW,TGTGCTGCGACTGATAGCAACTATCAGTTAATCTGG,366,3,clonotype1,clonotype1_consensus_2
AGTAGTCTCTTAGCCC-1,True,AGTAGTCTCTTAGCCC-1_contig_2,True,518,TRB,TRBV20-1,None,TRBJ2-1,TRBC2,True,True,CSARVGSEVNEQFF,TGCAGTGCTAGAGTGGGGTCGGAAGTCAATGAGCAGTTCTTC,944,6,clonotype1,clonotype1_consensus_1
AGTAGTCTCTTAGCCC-1,True,AGTAGTCTCTTAGCCC-1_contig_3,True,469,TRA,TRAV10,None,TRAJ24,TRAC,True,False,None,None,417,2,clonotype1,None
AGTCTTTAGGCAAAGA-1,True,AGTCTTTAGGCAAAGA-1_contig_1,True,489,TRB,TRBV20-1,None,TRBJ1-1,TRBC1,True,True,CSAGGQGAAFF,TGCAGTGCTGGAGGACAGGGGGCGGCTTTCTTT,3149,10,clonotype957,clonotype957_consensus_1
AGTCTTTAGGCAAAGA-1,True,AGTCTTTAGGCAAAGA-1_contig_2,True,334,TRB,None,None,TRBJ1-6,TRBC1,False,False,None,None,689,2,clonotype957,None
AGTCTTTAGTACACCT-1,True,AGTCTTTAGTACACCT-1_contig_1,True,527,TRB,TRBV20-1,None,TRBJ1-6,TRBC1,True,True,CSASKGASSYNSPLHF,TGCAGTGCTAGTAAAGGCGCCAGCTCCTATAATTCACCCCTCCACTTT,957,6,clonotype958,clonotype958_consensus_2
AGTCTTTAGTACACCT-1,True,AGTCTTTAGTACACCT-1_contig_2,True,517,TRA,TRAV23/DV6,None,TRAJ53,TRAC,True,True,CAARTGSGGSNYKLTF,TGTGCAGCAAGAACCGGTAGTGGAGGTAGCAACTATAAACTGACATTT,677,5,clonotype958,clonotype958_consensus_1
AGTCTTTAGTACACCT-1,True,AGTCTTTAGTACACCT-1_contig_3,True,383,TRB,None,None,TRBJ1-1,TRBC1,False,False,None,None,946,6,clonotype958,None
AGTCTTTCAATACGCT-1,True,AGTCTTTCAATACGCT-1_contig_1,True,518,TRB,TRBV20-1,None,TRBJ2-1,TRBC2,True,True,CSARVGSEVNEQFF,TGCAGTGCTAGAGTGGGGTCGGAAGTCAATGAGCAGTTCTTC,489,6,clonotype2,clonotype2_consensus_1
AGTCTTTCACATGGGA-1,True,AGTCTTTCACATGGGA-1_contig_1,True,518,TRB,TRBV20-1,None,TRBJ2-1,TRBC2,True,True,CSARVGSEVNEQFF,TGCAGTGCTAGAGTGGGGTCGGAAGTCAATGAGCAGTTCTTC,2095,7,clonotype2,clonotype2_consensus_1
AGTCTTTCAGCTTCGG-1,True,AGTCTTTCAGCTTCGG-1_contig_1,True,497,TRA,TRAV38-2/DV8,None,TRAJ42,TRAC,True,True,CAYKWVVGSQGNLIF,TGTGCTTATAAGTGGGTGGTAGGAAGCCAAGGAAATCTCATCTTT,563,6,clonotype959,clonotype959_consensus_2
AGTCTTTCAGCTTCGG-1,True,AGTCTTTCAGCTTCGG-1_contig_2,True,521,TRB,TRBV20-1,None,TRBJ2-5,TRBC2,True,True,CSAPSAGNSETQYF,TGCAGTGCCCCCTCGGCAGGGAATTCGGAGACCCAGTACTTC,1092,13,clonotype959,clonotype959_consensus_1
AGTCTTTCAGGATCGA-1,True,AGTCTTTCAGGATCGA-1_contig_1,True,511,TRA,TRAV23/DV6,None,TRAJ30,TRAC,True,True,CAASDSGRDDKIIF,TGTGCAGCAAGCGATTCCGGGAGAGATGACAAGATCATCTTT,1381,5,clonotype960,clonotype960_consensus_2
AGTCTTTCAGGATCGA-1,True,AGTCTTTCAGGATCGA-1_contig_2,True,493,TRB,TRBV5-6,None,TRBJ1-2,TRBC1,True,True,CASSLYGDRVYGYTF,TGTGCCAGCAGCTTATATGGGGACAGGGTCTATGGCTACACCTTC,345,6,clonotype960,clonotype960_consensus_1
AGTCTTTCAGTCGATT-1,True,AGTCTTTCAGTCGATT-1_contig_1,True,524,TRB,TRBV20-1,None,TRBJ1-6,TRBC1,True,True,CSAQGVMEEGSPLHF,TGCAGTGCCCAGGGCGTCATGGAAGAAGGGTCACCCCTCCACTTT,1287,10,clonotype225,clonotype225_consensus_1
AGTCTTTCATCATCCC-1,True,AGTCTTTCATCATCCC-1_contig_1,True,505,TRA,TRAV1-2,None,TRAJ33,TRAC,True,True,CAATDSNYQLIW,TGTGCTGCGACTGATAGCAACTATCAGTTAATCTGG,722,3,clonotype1,clonotype1_consensus_2
AGTCTTTCATCATCCC-1,True,AGTCTTTCATCATCCC-1_contig_2,True,521,TRB,TRBV20-1,None,TRBJ2-1,TRBC2,True,True,CSARVGSEVNEQFF,TGCAGTGCTAGAGTGGGGTCGGAAGTCAATGAGCAGTTCTTC,1220,14,clonotype1,clonotype1_consensus_1
AGTCTTTCATCATCCC-1,True,AGTCTTTCATCATCCC-1_contig_3,True,465,TRA,TRAV10,None,TRAJ24,TRAC,True,False,None,None,727,4,clonotype1,None
AGTCTTTGTAATCACC-1,True,AGTCTTTGTAATCACC-1_contig_1,True,488,TRA,TRAV21,None,TRAJ35,TRAC,True,True,CAVSRVGFGNVLHC,TGTGCTGTGAGTAGGGTAGGCTTTGGGAATGTGCTGCATTGC,8667,17,clonotype961,clonotype961_consensus_2
AGTCTTTGTAATCACC-1,True,AGTCTTTGTAATCACC-1_contig_2,True,762,TRB,TRBV5-6,None,TRBJ2-1,TRBC2,True,True,CASSSGTGGNEQFF,TGTGCCAGCAGCTCCGGGACAGGGGGCAATGAGCAGTTCTTC,4946,29,clonotype961,clonotype961_consensus_1
AGTCTTTGTAATCACC-1,True,AGTCTTTGTAATCACC-1_contig_3,True,416,TRB,TRBV21-1,None,TRBJ1-2,TRBC1,True,False,CISVPAANGRWRDGGYTF,TGTATTTCTGTGCCAGCAGCAAATGGCAGGTGGCGGGATGGAGGCTACACCTTC,222,5,clonotype961,None
AGTCTTTGTAATCACC-1,True,AGTCTTTGTAATCACC-1_contig_4,True,572,TRA,None,None,TRAJ31,TRAC,False,False,None,None,654,6,clonotype961,None
AGTCTTTGTACTTCTT-1,True,AGTCTTTGTACTTCTT-1_contig_1,True,504,TRB,TRBV20-1,None,TRBJ1-5,TRBC1,True,True,CSARDYTGTGNQPQHF,TGCAGTGCTAGAGATTACACAGGGACAGGCAATCAGCCCCAGCATTTT,1570,6,clonotype226,clonotype226_consensus_2
AGTCTTTGTACTTCTT-1,True,AGTCTTTGTACTTCTT-1_contig_2,True,505,TRA,TRAV1-2,None,TRAJ33,TRAC,True,True,CAVKDSNYQLIW,TGTGCTGTGAAGGATAGCAACTATCAGTTAATCTGG,2628,7,clonotype226,clonotype226_consensus_1
AGTCTTTGTCCTGCTT-1,True,AGTCTTTGTCCTGCTT-1_contig_1,True,502,TRA,TRAV1-2,None,TRAJ30,TRAC,True,True,CAVRDLREIIF,TGTGCTGTGAGAGATCTTCGGGAGATCATCTTT,267,2,clonotype17,clonotype17_consensus_1
AGTCTTTGTCCTGCTT-1,True,AGTCTTTGTCCTGCTT-1_contig_2,True,442,TRB,TRBV5-5,None,TRBJ1-4,TRBC1,True,False,CISVPAAIPDRTTQLMKKLFF,TGTATCTCTGTGCCAGCAGCCATCCCGGACCGAACTACGCAACTAATGAAAAAACTGTTTTTT,140,2,clonotype17,None
AGTCTTTGTCTAGCCG-1,True,AGTCTTTGTCTAGCCG-1_contig_1,True,509,TRA,TRAV25,None,TRAJ53,TRAC,True,True,CAGRSGGSNYKLTF,TGTGCAGGGAGAAGTGGAGGTAGCAACTATAAACTGACATTT,499,4,clonotype962,clonotype962_consensus_2
AGTCTTTGTCTAGCCG-1,True,AGTCTTTGTCTAGCCG-1_contig_2,True,527,TRB,TRBV20-1,None,TRBJ1-5,TRBC1,True,True,CSAIGQGAPSNQPQHF,TGCAGTGCTATCGGACAGGGGGCGCCGAGCAATCAGCCCCAGCATTTT,735,5,clonotype962,clonotype962_consensus_1
AGTCTTTGTCTAGCCG-1,True,AGTCTTTGTCTAGCCG-1_contig_3,True,530,TRB,TRBV20-1,None,TRBJ1-1,TRBC1,True,True,CSARDRQRGSLNTEAFF,TGCAGTGCTAGAGATCGACAGAGAGGAAGCCTTAACACTGAAGCTTTCTTT,1731,5,clonotype962,clonotype962_consensus_3
AGTCTTTGTCTAGCCG-1,True,AGTCTTTGTCTAGCCG-1_contig_4,True,480,TRB,TRBV7-2,None,TRBJ2-3,TRBC2,True,False,None,None,644,7,clonotype962,None
AGTCTTTGTCTCTCTG-1,True,AGTCTTTGTCTCTCTG-1_contig_1,True,498,TRB,TRBV20-1,None,TRBJ1-1,TRBC1,True,True,CSAGGRGSRTEAFF,TGCAGTGCTGGGGGGAGAGGGTCAAGGACTGAAGCTTTCTTT,1475,6,clonotype117,clonotype117_consensus_1
AGTCTTTGTCTGATCA-1,True,AGTCTTTGTCTGATCA-1_contig_1,True,479,TRA,TRAV38-2/DV8,None,TRAJ30,TRAC,True,True,CASTGEIIF,TGTGCCTCTACCGGGGAGATCATCTTT,974,9,clonotype963,clonotype963_consensus_1
AGTCTTTGTCTGATCA-1,True,AGTCTTTGTCTGATCA-1_contig_2,True,524,TRB,TRBV20-1,None,TRBJ2-5,TRBC2,True,True,CSARFPPSASGAQYF,TGCAGTGCTAGATTCCCCCCTAGCGCCTCAGGGGCCCAGTACTTC,1261,8,clonotype963,clonotype963_consensus_2
AGTCTTTGTTAAGACA-1,True,AGTCTTTGTTAAGACA-1_contig_1,True,518,TRB,TRBV20-1,None,TRBJ1-5,TRBC1,True,True,CSATRATGQPQHF,TGCAGTGCTACTCGCGCGACTGGGCAGCCCCAGCATTTT,836,8,clonotype964,clonotype964_consensus_1
AGTCTTTGTTTAGGAA-1,True,AGTCTTTGTTTAGGAA-1_contig_1,True,545,TRB,TRBV6-9,None,TRBJ2-6,TRBC2,True,True,CASNLNQTGINSGANVLTF,TGTGCCAGCAACTTGAATCAGACAGGTATCAACTCTGGGGCCAACGTCCTGACTTTC,1715,10,clonotype15,clonotype15_consensus_1
AGTCTTTGTTTAGGAA-1,True,AGTCTTTGTTTAGGAA-1_contig_2,True,465,TRA,TRAV13-1,None,TRAJ16,TRAC,True,True,CAASSGFSDGQKLLF,TGTGCAGCAAGTTCGGGTTTTTCAGATGGCCAGAAGCTGCTCTTT,889,9,clonotype15,clonotype15_consensus_3
AGTCTTTGTTTAGGAA-1,True,AGTCTTTGTTTAGGAA-1_contig_3,True,661,TRB,TRBV5-6,None,TRBJ2-6,TRBC2,True,True,CASSLQGTGANVLTF,TGTGCCAGCAGCTTGCAGGGGACTGGGGCCAACGTCCTGACTTTC,3034,11,clonotype15,clonotype15_consensus_2
AGTCTTTTCAAACGGG-1,True,AGTCTTTTCAAACGGG-1_contig_1,True,527,TRB,TRBV20-1,None,TRBJ2-7,TRBC2,True,True,CSARASRLVLSYEQYF,TGCAGTGCTAGAGCCTCACGGCTAGTACTTTCCTACGAGCAGTACTTC,884,9,clonotype59,clonotype59_consensus_1
AGTCTTTTCAAACGGG-1,True,AGTCTTTTCAAACGGG-1_contig_2,True,341,TRB,None,None,TRBJ1-6,TRBC1,False,False,None,None,647,1,clonotype59,None
AGTCTTTTCAACCAAC-1,True,AGTCTTTTCAACCAAC-1_contig_1,True,462,TRA,TRAV13-1,None,TRAJ26,TRAC,True,True,CAATPDNYGQNFVF,TGTGCAGCAACCCCAGATAACTATGGTCAGAATTTTGTCTTT,1005,4,clonotype18,clonotype18_consensus_1
AGTCTTTTCAACCAAC-1,True,AGTCTTTTCAACCAAC-1_contig_2,True,495,TRB,TRBV20-1,None,TRBJ1-2,TRBC1,True,True,CSARGPNLRVGGYTF,TGCAGTGCTAGAGGTCCTAATCTCAGGGTCGGTGGCTACACCTTC,2147,7,clonotype18,clonotype18_consensus_2
AGTCTTTTCAACCAAC-1,True,AGTCTTTTCAACCAAC-1_contig_3,True,493,TRA,TRAV13-2,None,TRAJ23,TRAC,True,False,None,None,1131,7,clonotype18,None
AGTCTTTTCAGTTCGA-1,True,AGTCTTTTCAGTTCGA-1_contig_1,True,637,TRB,TRBV5-6,None,TRBJ1-1,TRBC1,True,True,CASSLRQGGAFF,TGTGCCAGCAGCTTGAGACAGGGGGGAGCTTTCTTT,888,7,clonotype965,clonotype965_consensus_1
AGTCTTTTCAGTTCGA-1,True,AGTCTTTTCAGTTCGA-1_contig_2,True,497,TRA,TRAV38-2/DV8,None,TRAJ48,TRAC,True,True,CAYRSPGFGNEKLTF,TGTGCTTATAGGAGCCCAGGCTTTGGAAATGAGAAATTAACCTTT,971,11,clonotype965,clonotype965_consensus_2
AGTCTTTTCGCCAAAT-1,True,AGTCTTTTCGCCAAAT-1_contig_1,True,648,TRB,TRBV5-6,None,TRBJ1-6,TRBC1,True,True,CASSLGTGVSSPLHF,TGTGCCAGCAGTCTAGGGACAGGGGTTAGCTCACCCCTCCACTTT,570,6,clonotype966,clonotype966_consensus_1
AGTCTTTTCGGCCGAT-1,True,AGTCTTTTCGGCCGAT-1_contig_1,True,508,TRA,TRAV20,None,TRAJ24,TRAC,True,True,CAVMTTDSWGKFQF,TGTGCTGTTATGACAACTGACAGCTGGGGGAAATTCCAGTTT,353,2,clonotype7,clonotype7_consensus_2
AGTCTTTTCGGCCGAT-1,True,AGTCTTTTCGGCCGAT-1_contig_2,True,664,TRB,TRBV5-5,None,TRBJ2-7,TRBC2,True,True,CASSSLVEQGAYEQYF,TGTGCCAGCAGCTCGCTCGTAGAGCAGGGGGCCTACGAGCAGTACTTC,716,4,clonotype7,clonotype7_consensus_1
AGTGAGGAGCGTTTAC-1,True,AGTGAGGAGCGTTTAC-1_contig_1,True,518,TRB,TRBV20-1,None,TRBJ1-1,TRBC1,True,True,CSAKRGANTEAFF,TGCAGCGCGAAACGGGGCGCGAACACTGAAGCTTTCTTT,1555,8,clonotype967,clonotype967_consensus_1
AGTGAGGAGCGTTTAC-1,True,AGTGAGGAGCGTTTAC-1_contig_2,True,522,TRA,TRAV38-1,None,TRAJ48,TRAC,True,True,CASHFGNEKLTF,TGTGCTTCCCACTTTGGAAATGAGAAATTAACCTTT,627,2,clonotype967,clonotype967_consensus_2
AGTGAGGAGTGGCACA-1,True,AGTGAGGAGTGGCACA-1_contig_1,True,512,TRA,TRAV13-2,None,TRAJ53,TRAC,True,True,CAENSGGSNYKLTF,TGTGCAGAGAATAGTGGAGGTAGCAACTATAAACTGACATTT,152,1,clonotype57,clonotype57_consensus_2
AGTGAGGAGTGGCACA-1,True,AGTGAGGAGTGGCACA-1_contig_2,True,524,TRB,TRBV20-1,None,TRBJ2-1,TRBC2,True,True,CSAKSGQGNYNEQFF,TGCAGTGCTAAGTCAGGACAGGGGAATTACAATGAGCAGTTCTTC,966,6,clonotype57,clonotype57_consensus_1
AGTGAGGAGTGGCACA-1,True,AGTGAGGAGTGGCACA-1_contig_3,True,575,TRA,TRAV27,None,TRAJ45,TRAC,True,False,None,None,677,2,clonotype57,None
AGTGAGGCAAACGCGA-1,True,AGTGAGGCAAACGCGA-1_contig_1,True,502,TRA,TRAV1-2,None,TRAJ33,TRAC,True,True,CAATDSNYQLIW,TGTGCTGCGACTGATAGCAACTATCAGTTAATCTGG,679,9,clonotype1,clonotype1_consensus_2
AGTGAGGCAAACGCGA-1,True,AGTGAGGCAAACGCGA-1_contig_2,True,521,TRB,TRBV20-1,None,TRBJ2-1,TRBC2,True,True,CSARVGSEVNEQFF,TGCAGTGCTAGAGTGGGGTCGGAAGTCAATGAGCAGTTCTTC,1343,9,clonotype1,clonotype1_consensus_1
AGTGAGGCACCAACCG-1,True,AGTGAGGCACCAACCG-1_contig_1,True,505,TRA,TRAV1-2,None,TRAJ33,TRAC,True,True,CAATDSNYQLIW,TGTGCTGCGACTGATAGCAACTATCAGTTAATCTGG,379,2,clonotype1,clonotype1_consensus_2
AGTGAGGCACCAACCG-1,True,AGTGAGGCACCAACCG-1_contig_2,True,498,TRB,TRBV20-1,None,TRBJ2-1,TRBC2,True,True,CSARVGSEVNEQFF,TGCAGTGCTAGAGTGGGGTCGGAAGTCAATGAGCAGTTCTTC,2263,17,clonotype1,clonotype1_consensus_1
AGTGAGGCACCAACCG-1,True,AGTGAGGCACCAACCG-1_contig_3,True,467,TRA,TRAV10,None,TRAJ24,TRAC,True,False,None,None,546,2,clonotype1,None
AGTGAGGCAGCTGTTA-1,True,AGTGAGGCAGCTGTTA-1_contig_1,True,505,TRA,TRAV1-2,None,TRAJ33,TRAC,True,True,CAATDSNYQLIW,TGTGCTGCGACTGATAGCAACTATCAGTTAATCTGG,524,4,clonotype1,clonotype1_consensus_2
AGTGAGGCAGCTGTTA-1,True,AGTGAGGCAGCTGTTA-1_contig_2,True,498,TRB,TRBV20-1,None,TRBJ2-1,TRBC2,True,True,CSARVGSEVNEQFF,TGCAGTGCTAGAGTGGGGTCGGAAGTCAATGAGCAGTTCTTC,1975,5,clonotype1,clonotype1_consensus_1
AGTGAGGCATTAGGCT-1,True,AGTGAGGCATTAGGCT-1_contig_1,True,508,TRA,TRAV20,None,TRAJ24,TRAC,True,True,CAVMTTDSWGKFQF,TGTGCTGTTATGACAACTGACAGCTGGGGGAAATTCCAGTTT,831,4,clonotype7,clonotype7_consensus_2
AGTGAGGCATTAGGCT-1,True,AGTGAGGCATTAGGCT-1_contig_2,True,485,TRB,TRBV5-5,None,TRBJ2-7,TRBC2,True,True,CASSSLVEQGAYEQYF,TGTGCCAGCAGCTCGCTCGTAGAGCAGGGGGCCTACGAGCAGTACTTC,1122,5,clonotype7,clonotype7_consensus_1
AGTGAGGGTAAAGGAG-1,True,AGTGAGGGTAAAGGAG-1_contig_1,True,505,TRA,TRAV1-2,None,TRAJ33,TRAC,True,True,CAATDSNYQLIW,TGTGCTGCGACTGATAGCAACTATCAGTTAATCTGG,270,5,clonotype1,clonotype1_consensus_2
AGTGAGGGTAAAGGAG-1,True,AGTGAGGGTAAAGGAG-1_contig_2,True,492,TRB,TRBV20-1,None,TRBJ2-1,TRBC2,True,True,CSARVGSEVNEQFF,TGCAGTGCTAGAGTGGGGTCGGAAGTCAATGAGCAGTTCTTC,2138,12,clonotype1,clonotype1_consensus_1
AGTGAGGGTAAAGGAG-1,True,AGTGAGGGTAAAGGAG-1_contig_3,True,494,TRA,TRAV10,None,TRAJ24,TRAC,True,False,None,None,242,3,clonotype1,None
AGTGAGGGTAATCGTC-1,True,AGTGAGGGTAATCGTC-1_contig_1,True,494,TRB,TRBV5-5,None,TRBJ1-2,TRBC1,True,True,CASRPDRGNYGYTF,TGTGCCAGCAGGCCCGACAGGGGAAACTATGGCTACACCTTC,843,7,clonotype968,clonotype968_consensus_1
AGTGAGGGTACAGACG-1,True,AGTGAGGGTACAGACG-1_contig_1,True,600,TRA,TRAV12-1,None,TRAJ9,TRAC,True,True,CVVTRNTGGFKTIF,TGTGTGGTGACACGAAATACTGGAGGCTTCAAAACTATCTTT,888,4,clonotype5,clonotype5_consensus_2
AGTGAGGGTACAGACG-1,True,AGTGAGGGTACAGACG-1_contig_2,True,533,TRB,TRBV20-1,None,TRBJ1-5,TRBC1,True,True,CSARDDNRAKSFNQPQHF,TGCAGTGCTAGAGACGACAACCGGGCCAAATCCTTCAATCAGCCCCAGCATTTT,787,8,clonotype5,clonotype5_consensus_1
AGTGAGGGTACAGACG-1,True,AGTGAGGGTACAGACG-1_contig_3,True,500,TRB,TRBV5-6,None,TRBJ2-6,TRBC2,True,False,None,None,472,4,clonotype5,None
AGTGAGGGTACATCCA-1,True,AGTGAGGGTACATCCA-1_contig_1,True,505,TRA,TRAV1-2,None,TRAJ33,TRAC,True,True,CAATDSNYQLIW,TGTGCTGCGACTGATAGCAACTATCAGTTAATCTGG,60,5,clonotype1,clonotype1_consensus_2
AGTGAGGGTACATCCA-1,True,AGTGAGGGTACATCCA-1_contig_2,True,521,TRB,TRBV20-1,None,TRBJ2-1,TRBC2,True,True,CSARVGSEVNEQFF,TGCAGTGCTAGAGTGGGGTCGGAAGTCAATGAGCAGTTCTTC,3327,27,clonotype1,clonotype1_consensus_1
AGTGAGGGTATGCTTG-1,True,AGTGAGGGTATGCTTG-1_contig_1,True,502,TRA,TRAV1-2,None,TRAJ30,TRAC,True,True,CAVRDLREIIF,TGTGCTGTGAGAGATCTTCGGGAGATCATCTTT,361,8,clonotype35,clonotype35_consensus_2
AGTGAGGGTATGCTTG-1,True,AGTGAGGGTATGCTTG-1_contig_2,True,505,TRB,TRBV20-1,None,TRBJ2-1,TRBC2,True,True,CSARVGSEVNEQFF,TGCAGTGCTAGAGTGGGGTCGGAAGTCAATGAGCAGTTCTTC,54,1,clonotype35,clonotype35_consensus_1
AGTGAGGGTATGCTTG-1,True,AGTGAGGGTATGCTTG-1_contig_3,True,429,TRB,TRBV7-3,None,TRBJ2-1,TRBC2,True,False,CQQRSLKAGGPYNEQFF,TGCCAGCAGCGGTCACTTAAAGCGGGGGGACCCTACAATGAGCAGTTCTTC,367,3,clonotype35,None
AGTGAGGGTTCGCGAC-1,True,AGTGAGGGTTCGCGAC-1_contig_1,True,505,TRA,TRAV1-2,None,TRAJ33,TRAC,True,True,CAATDSNYQLIW,TGTGCTGCGACTGATAGCAACTATCAGTTAATCTGG,1163,4,clonotype1,clonotype1_consensus_2
AGTGAGGGTTCGCGAC-1,True,AGTGAGGGTTCGCGAC-1_contig_2,True,521,TRB,TRBV20-1,None,TRBJ2-1,TRBC2,True,True,CSARVGSEVNEQFF,TGCAGTGCTAGAGTGGGGTCGGAAGTCAATGAGCAGTTCTTC,1240,7,clonotype1,clonotype1_consensus_1
AGTGAGGGTTCTCATT-1,True,AGTGAGGGTTCTCATT-1_contig_1,True,505,TRA,TRAV1-2,None,TRAJ33,TRAC,True,True,CAATDSNYQLIW,TGTGCTGCGACTGATAGCAACTATCAGTTAATCTGG,971,7,clonotype1,clonotype1_consensus_2
AGTGAGGGTTCTCATT-1,True,AGTGAGGGTTCTCATT-1_contig_2,True,521,TRB,TRBV20-1,None,TRBJ2-1,TRBC2,True,True,CSARVGSEVNEQFF,TGCAGTGCTAGAGTGGGGTCGGAAGTCAATGAGCAGTTCTTC,871,6,clonotype1,clonotype1_consensus_1
AGTGAGGGTTGAGTTC-1,True,AGTGAGGGTTGAGTTC-1_contig_1,True,505,TRA,TRAV1-2,None,TRAJ33,TRAC,True,True,CAATDSNYQLIW,TGTGCTGCGACTGATAGCAACTATCAGTTAATCTGG,566,1,clonotype1,clonotype1_consensus_2
AGTGAGGGTTGAGTTC-1,True,AGTGAGGGTTGAGTTC-1_contig_2,True,505,TRB,TRBV20-1,None,TRBJ2-1,TRBC2,True,True,CSARVGSEVNEQFF,TGCAGTGCTAGAGTGGGGTCGGAAGTCAATGAGCAGTTCTTC,169,3,clonotype1,clonotype1_consensus_1
AGTGAGGGTTGAGTTC-1,True,AGTGAGGGTTGAGTTC-1_contig_3,True,960,TRB,None,None,TRBJ1-4,TRBC1,False,False,None,None,266,5,clonotype1,None
AGTGAGGTCTCAACTT-1,True,AGTGAGGTCTCAACTT-1_contig_1,True,502,TRA,TRAV1-2,None,TRAJ30,TRAC,True,True,CAVRDLREIIF,TGTGCTGTGAGAGATCTTCGGGAGATCATCTTT,519,6,clonotype3,clonotype3_consensus_2
AGTGAGGTCTCAACTT-1,True,AGTGAGGTCTCAACTT-1_contig_2,True,514,TRB,TRBV5-5,None,TRBJ1-4,TRBC1,True,True,CASSHPGPNYATNEKLFF,TGTGCCAGCAGCCATCCCGGACCGAACTACGCAACTAATGAAAAACTGTTTTTT,895,7,clonotype3,clonotype3_consensus_1
AGTGAGGTCTCAACTT-1,True,AGTGAGGTCTCAACTT-1_contig_3,True,465,TRB,TRBV7-3,None,TRBJ2-1,TRBC2,True,False,CQQRSLKAGGPYNEQFF,TGCCAGCAGCGGTCACTTAAAGCGGGGGGACCCTACAATGAGCAGTTCTTC,436,3,clonotype3,None
AGTGAGGTCTCGGACG-1,True,AGTGAGGTCTCGGACG-1_contig_1,True,505,TRA,TRAV1-2,None,TRAJ33,TRAC,True,True,CAATDSNYQLIW,TGTGCTGCGACTGATAGCAACTATCAGTTAATCTGG,163,3,clonotype1,clonotype1_consensus_2
AGTGAGGTCTCGGACG-1,True,AGTGAGGTCTCGGACG-1_contig_2,True,495,TRB,TRBV20-1,None,TRBJ2-1,TRBC2,True,True,CSARVGSEVNEQFF,TGCAGTGCTAGAGTGGGGTCGGAAGTCAATGAGCAGTTCTTC,1524,3,clonotype1,clonotype1_consensus_1
AGTGAGGTCTCGGACG-1,True,AGTGAGGTCTCGGACG-1_contig_3,True,459,TRA,TRAV10,None,TRAJ24,TRAC,True,False,None,None,173,3,clonotype1,None
AGTGGGAAGGCACATG-1,True,AGTGGGAAGGCACATG-1_contig_1,True,505,TRA,TRAV1-2,None,TRAJ33,TRAC,True,True,CAATDSNYQLIW,TGTGCTGCGACTGATAGCAACTATCAGTTAATCTGG,1934,9,clonotype1,clonotype1_consensus_2
AGTGGGAAGGCACATG-1,True,AGTGGGAAGGCACATG-1_contig_2,True,521,TRB,TRBV20-1,None,TRBJ2-1,TRBC2,True,True,CSARVGSEVNEQFF,TGCAGTGCTAGAGTGGGGTCGGAAGTCAATGAGCAGTTCTTC,6133,24,clonotype1,clonotype1_consensus_1
AGTGGGAAGGCACATG-1,True,AGTGGGAAGGCACATG-1_contig_3,True,317,TRB,None,None,TRBJ1-6,TRBC1,False,False,None,None,415,3,clonotype1,None
AGTGGGACACAGAGGT-1,True,AGTGGGACACAGAGGT-1_contig_1,True,498,TRA,TRAV21,None,TRAJ15,TRAC,True,True,CAPGGGQAGTALIF,TGTGCTCCCGGGGGGGGCCAGGCAGGAACTGCTCTGATCTTT,1804,7,clonotype969,clonotype969_consensus_2
AGTGGGACACAGAGGT-1,True,AGTGGGACACAGAGGT-1_contig_2,True,521,TRB,TRBV20-1,None,TRBJ1-2,TRBC1,True,True,CSARVQGFTYGYTF,TGCAGTGCTAGAGTGCAGGGGTTCACCTATGGCTACACCTTC,3256,10,clonotype969,clonotype969_consensus_1
AGTGGGACACAGAGGT-1,True,AGTGGGACACAGAGGT-1_contig_3,True,480,TRB,None,None,TRBJ2-1,TRBC2,False,False,None,None,569,1,clonotype969,None
AGTGGGACAGTCTTCC-1,True,AGTGGGACAGTCTTCC-1_contig_1,True,504,TRB,TRBV5-5,None,TRBJ1-1,TRBC1,True,True,CASSPAPDTEAFF,TGTGCCAGCAGCCCCGCTCCGGACACTGAAGCTTTCTTT,2514,8,clonotype99,clonotype99_consensus_1
AGTGGGACAGTTCATG-1,True,AGTGGGACAGTTCATG-1_contig_1,True,484,TRB,TRBV5-6,None,TRBJ2-5,TRBC2,True,True,CASSPVAGTQYF,TGTGCCAGCAGCCCGGTGGCGGGGACCCAGTACTTC,1943,6,clonotype970,clonotype970_consensus_1
AGTGGGACAGTTCATG-1,True,AGTGGGACAGTTCATG-1_contig_2,True,498,TRA,TRAV9-2,None,TRAJ45,TRAC,True,True,CALRDSGGGADGLTF,TGTGCTCTGAGGGATTCAGGAGGAGGTGCTGACGGACTCACCTTT,1194,4,clonotype970,clonotype970_consensus_2
AGTGGGACAGTTCATG-1,True,AGTGGGACAGTTCATG-1_contig_3,True,580,TRA,TRAV8-4,None,TRAJ53,TRAC,True,False,None,None,2603,1,clonotype970,None
AGTGGGACAGTTCATG-1,True,AGTGGGACAGTTCATG-1_contig_4,True,317,TRB,None,None,TRBJ2-6,TRBC2,False,False,None,None,4489,15,clonotype970,None
AGTGGGACATGGTCAT-1,True,AGTGGGACATGGTCAT-1_contig_1,True,521,TRB,TRBV20-1,None,TRBJ2-3,TRBC2,True,True,CSAETSGGSDTQYF,TGCAGTGCAGAGACTAGCGGGGGTTCAGATACGCAGTATTTT,8326,4,clonotype227,clonotype227_consensus_1
AGTGGGACATGGTCAT-1,True,AGTGGGACATGGTCAT-1_contig_2,True,529,TRA,TRAV14/DV4,None,TRAJ31,TRAC,True,True,CAMRAFVRNNNARLMF,TGTGCAATGAGAGCTTTCGTTCGGAATAACAATGCCAGACTCATGTTT,237,1,clonotype227,clonotype227_consensus_2
AGTGGGAGTACAGACG-1,True,AGTGGGAGTACAGACG-1_contig_1,True,502,TRA,TRAV1-2,None,TRAJ30,TRAC,True,True,CAVRDLREIIF,TGTGCTGTGAGAGATCTTCGGGAGATCATCTTT,112,2,clonotype3,clonotype3_consensus_2
AGTGGGAGTACAGACG-1,True,AGTGGGAGTACAGACG-1_contig_2,True,514,TRB,TRBV5-5,None,TRBJ1-4,TRBC1,True,True,CASSHPGPNYATNEKLFF,TGTGCCAGCAGCCATCCCGGACCGAACTACGCAACTAATGAAAAACTGTTTTTT,970,4,clonotype3,clonotype3_consensus_1
AGTGGGAGTACAGACG-1,True,AGTGGGAGTACAGACG-1_contig_3,True,510,TRB,TRBV7-3,None,TRBJ2-1,TRBC2,True,False,CQQRSLKAGGPYNEQFF,TGCCAGCAGCGGTCACTTAAAGCGGGGGGACCCTACAATGAGCAGTTCTTC,1948,4,clonotype3,None
AGTGGGAGTGCTTCTC-1,True,AGTGGGAGTGCTTCTC-1_contig_1,True,521,TRB,TRBV20-1,None,TRBJ2-1,TRBC2,True,True,CSARVGSEVNEQFF,TGCAGTGCTAGAGTGGGGTCGGAAGTCAATGAGCAGTTCTTC,1207,4,clonotype2,clonotype2_consensus_1
AGTGGGAGTGCTTCTC-1,True,AGTGGGAGTGCTTCTC-1_contig_2,True,465,TRA,TRAV10,None,TRAJ24,TRAC,True,False,None,None,257,1,clonotype2,None
AGTGGGAGTTCCACTC-1,True,AGTGGGAGTTCCACTC-1_contig_1,True,505,TRA,TRAV1-2,None,TRAJ33,TRAC,True,True,CAATDSNYQLIW,TGTGCTGCGACTGATAGCAACTATCAGTTAATCTGG,714,3,clonotype1,clonotype1_consensus_2
AGTGGGAGTTCCACTC-1,True,AGTGGGAGTTCCACTC-1_contig_2,True,473,TRB,TRBV20-1,None,TRBJ2-1,TRBC2,True,True,CSARVGSEVNEQFF,TGCAGTGCTAGAGTGGGGTCGGAAGTCAATGAGCAGTTCTTC,1255,6,clonotype1,clonotype1_consensus_1
AGTGGGAGTTCTGGTA-1,True,AGTGGGAGTTCTGGTA-1_contig_1,True,485,TRB,TRBV20-1,None,TRBJ2-1,TRBC2,True,True,CSARVGSEVNEQFF,TGCAGTGCTAGAGTGGGGTCGGAAGTCAATGAGCAGTTCTTC,4123,9,clonotype2,clonotype2_consensus_1
AGTGGGAGTTCTGGTA-1,True,AGTGGGAGTTCTGGTA-1_contig_2,True,506,TRA,TRAV1-2,None,TRAJ33,TRAC,True,False,CAATDSNYQLIW,TGTGCTGCGACTGATAGCAACTATCAGTTAATCTGG,403,3,clonotype2,None
AGTGGGATCAGAGCTT-1,True,AGTGGGATCAGAGCTT-1_contig_1,True,502,TRA,TRAV1-2,None,TRAJ30,TRAC,True,True,CAVRDLREIIF,TGTGCTGTGAGAGATCTTCGGGAGATCATCTTT,430,2,clonotype3,clonotype3_consensus_2
AGTGGGATCAGAGCTT-1,True,AGTGGGATCAGAGCTT-1_contig_2,True,770,TRB,TRBV5-5,None,TRBJ1-4,TRBC1,True,True,CASSHPGPNYATNEKLFF,TGTGCCAGCAGCCATCCCGGACCGAACTACGCAACTAATGAAAAACTGTTTTTT,5239,10,clonotype3,clonotype3_consensus_1
AGTGGGATCAGAGCTT-1,True,AGTGGGATCAGAGCTT-1_contig_3,True,513,TRB,TRBV7-3,None,TRBJ2-1,TRBC2,True,False,CQQRSLKAGGPYNEQFF,TGCCAGCAGCGGTCACTTAAAGCGGGGGGACCCTACAATGAGCAGTTCTTC,517,2,clonotype3,None
AGTGGGATCCGCAGTG-1,True,AGTGGGATCCGCAGTG-1_contig_1,True,505,TRA,TRAV1-2,None,TRAJ33,TRAC,True,True,CAATDSNYQLIW,TGTGCTGCGACTGATAGCAACTATCAGTTAATCTGG,747,2,clonotype1,clonotype1_consensus_2
AGTGGGATCCGCAGTG-1,True,AGTGGGATCCGCAGTG-1_contig_2,True,521,TRB,TRBV20-1,None,TRBJ2-1,TRBC2,True,True,CSARVGSEVNEQFF,TGCAGTGCTAGAGTGGGGTCGGAAGTCAATGAGCAGTTCTTC,4781,13,clonotype1,clonotype1_consensus_1
AGTGGGATCTGGTGTA-1,True,AGTGGGATCTGGTGTA-1_contig_1,True,504,TRB,TRBV20-1,None,TRBJ2-6,TRBC2,True,True,CSAGTSGPLSGANVLTF,TGCAGTGCTGGGACTAGCGGGCCGCTCTCTGGGGCCAACGTCCTGACTTTC,1345,5,clonotype118,clonotype118_consensus_2
AGTGGGATCTGGTGTA-1,True,AGTGGGATCTGGTGTA-1_contig_2,True,615,TRA,TRAV3,None,TRAJ26,TRAC,True,True,CAVRVNYGQNFVF,TGTGCTGTGAGAGTTAACTATGGTCAGAATTTTGTCTTT,1248,7,clonotype118,clonotype118_consensus_1
AGTGTCAAGACAAAGG-1,True,AGTGTCAAGACAAAGG-1_contig_1,True,519,TRA,TRAV21,None,TRAJ3,TRAC,True,True,CALRRSSASKIIF,TGTGCTCTACGCCGCAGCAGTGCTTCCAAGATAATCTTT,3881,16,clonotype971,clonotype971_consensus_1
AGTGTCAAGACAAAGG-1,True,AGTGTCAAGACAAAGG-1_contig_2,True,429,TRB,TRBV29-1,None,TRBJ1-4,TRBC1,True,False,None,None,294,2,clonotype971,None
AGTGTCAAGACAAAGG-1,True,AGTGTCAAGACAAAGG-1_contig_3,True,305,TRB,None,None,TRBJ2-4,TRBC2,False,False,None,None,272,3,clonotype971,None
AGTGTCAAGACAAAGG-1,True,AGTGTCAAGACAAAGG-1_contig_4,True,450,TRA,TRAV4,None,TRAJ4,TRAC,True,False,CLVGGGGYNKLIF,TGCCTCGTGGGGGGTGGTGGCTACAATAAGCTGATTTTT,252,1,clonotype971,None
AGTGTCAAGACAAGCC-1,True,AGTGTCAAGACAAGCC-1_contig_1,True,521,TRB,TRBV20-1,None,TRBJ2-1,TRBC2,True,True,CSARVGSEVNEQFF,TGCAGTGCTAGAGTGGGGTCGGAAGTCAATGAGCAGTTCTTC,4016,16,clonotype2,clonotype2_consensus_1
AGTGTCAAGACAAGCC-1,True,AGTGTCAAGACAAGCC-1_contig_2,True,484,TRA,TRAV10,None,TRAJ24,TRAC,True,False,None,None,882,5,clonotype2,None
AGTGTCAAGGCAGGTT-1,True,AGTGTCAAGGCAGGTT-1_contig_1,True,501,TRA,TRAV12-3,None,TRAJ9,TRAC,True,True,CAMSAMTGGFKTIF,TGTGCAATGAGCGCGATGACTGGAGGCTTCAAAACTATCTTT,518,4,clonotype972,clonotype972_consensus_1
AGTGTCAAGGCAGGTT-1,True,AGTGTCAAGGCAGGTT-1_contig_2,True,646,TRB,TRBV5-6,None,TRBJ2-7,TRBC2,True,True,CASSFTYEQYF,TGTGCCAGCAGCTTTACCTACGAGCAGTACTTC,2580,9,clonotype972,clonotype972_consensus_3
AGTGTCAAGGCAGGTT-1,True,AGTGTCAAGGCAGGTT-1_contig_3,True,497,TRA,TRAV9-2,None,TRAJ31,TRAC,True,True,CALSASGNNNARLMF,TGTGCTCTGAGTGCCTCCGGGAATAACAATGCCAGACTCATGTTT,932,3,clonotype972,clonotype972_consensus_2
AGTGTCAAGGGCACTA-1,True,AGTGTCAAGGGCACTA-1_contig_1,True,580,TRA,TRAV26-1,None,TRAJ37,TRAC,True,True,CIVSRHGSSNTGKLIF,TGCATCGTCAGTCGTCATGGCTCTAGCAACACAGGCAAACTAATCTTT,1502,5,clonotype228,clonotype228_consensus_1
AGTGTCAAGGGCACTA-1,True,AGTGTCAAGGGCACTA-1_contig_2,True,518,TRB,TRBV20-1,None,TRBJ1-2,TRBC1,True,True,CSAQGDRNYGYTF,TGCAGTGCTCAGGGGGACAGGAACTATGGCTACACCTTC,561,7,clonotype228,clonotype228_consensus_2
AGTGTCAAGTTCCACA-1,True,AGTGTCAAGTTCCACA-1_contig_1,True,527,TRA,TRAV27,None,TRAJ39,TRAC,True,True,CAGSEGAGNMLTF,TGTGCAGGATCTGAGGGAGCAGGCAACATGCTCACCTTT,2302,8,clonotype973,clonotype973_consensus_2
AGTGTCAAGTTCCACA-1,True,AGTGTCAAGTTCCACA-1_contig_2,True,657,TRB,TRBV5-6,None,TRBJ1-2,TRBC1,True,True,CASSLVAGNGYTF,TGTGCCAGCAGCTTGGTTGCAGGGAATGGCTACACCTTC,1894,6,clonotype973,clonotype973_consensus_1
AGTGTCACAACTGCGC-1,True,AGTGTCACAACTGCGC-1_contig_1,True,505,TRA,TRAV1-2,None,TRAJ33,TRAC,True,True,CAATDSNYQLIW,TGTGCTGCGACTGATAGCAACTATCAGTTAATCTGG,552,3,clonotype1,clonotype1_consensus_2
AGTGTCACAACTGCGC-1,True,AGTGTCACAACTGCGC-1_contig_2,True,507,TRB,TRBV20-1,None,TRBJ2-1,TRBC2,True,True,CSARVGSEVNEQFF,TGCAGTGCTAGAGTGGGGTCGGAAGTCAATGAGCAGTTCTTC,134,3,clonotype1,clonotype1_consensus_1
AGTGTCACAACTGCGC-1,True,AGTGTCACAACTGCGC-1_contig_3,True,482,TRA,TRAV10,None,TRAJ24,TRAC,True,False,None,None,987,3,clonotype1,None
AGTGTCACAAGGACAC-1,True,AGTGTCACAAGGACAC-1_contig_1,True,505,TRA,TRAV1-2,None,TRAJ33,TRAC,True,True,CAATDSNYQLIW,TGTGCTGCGACTGATAGCAACTATCAGTTAATCTGG,185,3,clonotype1,clonotype1_consensus_2
AGTGTCACAAGGACAC-1,True,AGTGTCACAAGGACAC-1_contig_2,True,521,TRB,TRBV20-1,None,TRBJ2-1,TRBC2,True,True,CSARVGSEVNEQFF,TGCAGTGCTAGAGTGGGGTCGGAAGTCAATGAGCAGTTCTTC,1213,6,clonotype1,clonotype1_consensus_1
AGTGTCACACCGTTGG-1,True,AGTGTCACACCGTTGG-1_contig_1,True,515,TRB,TRBV20-1,None,TRBJ1-4,TRBC1,True,True,CSARGRGEKLFF,TGCAGTGCTAGGGGAAGAGGGGAAAAACTGTTTTTT,2111,5,clonotype974,clonotype974_consensus_1
AGTGTCACACCGTTGG-1,True,AGTGTCACACCGTTGG-1_contig_2,True,677,TRA,TRAV8-3,None,TRAJ54,TRAC,True,True,CAVGPIQGAQKLVF,TGTGCTGTGGGGCCAATTCAGGGAGCCCAGAAGCTGGTATTT,209,4,clonotype974,clonotype974_consensus_2
AGTGTCACACTGTTAG-1,True,AGTGTCACACTGTTAG-1_contig_1,True,505,TRA,TRAV1-2,None,TRAJ33,TRAC,True,True,CAATDSNYQLIW,TGTGCTGCGACTGATAGCAACTATCAGTTAATCTGG,453,7,clonotype1,clonotype1_consensus_2
AGTGTCACACTGTTAG-1,True,AGTGTCACACTGTTAG-1_contig_2,True,498,TRB,TRBV20-1,None,TRBJ2-1,TRBC2,True,True,CSARVGSEVNEQFF,TGCAGTGCTAGAGTGGGGTCGGAAGTCAATGAGCAGTTCTTC,1525,10,clonotype1,clonotype1_consensus_1
AGTGTCACAGCAGTTT-1,True,AGTGTCACAGCAGTTT-1_contig_1,True,505,TRA,TRAV1-2,None,TRAJ33,TRAC,True,True,CAATDSNYQLIW,TGTGCTGCGACTGATAGCAACTATCAGTTAATCTGG,1039,6,clonotype1,clonotype1_consensus_2
AGTGTCACAGCAGTTT-1,True,AGTGTCACAGCAGTTT-1_contig_2,True,521,TRB,TRBV20-1,None,TRBJ2-1,TRBC2,True,True,CSARVGSEVNEQFF,TGCAGTGCTAGAGTGGGGTCGGAAGTCAATGAGCAGTTCTTC,1364,10,clonotype1,clonotype1_consensus_1
AGTGTCACATGAAGTA-1,True,AGTGTCACATGAAGTA-1_contig_1,True,505,TRA,TRAV1-2,None,TRAJ33,TRAC,True,True,CAATDSNYQLIW,TGTGCTGCGACTGATAGCAACTATCAGTTAATCTGG,781,3,clonotype1,clonotype1_consensus_2
AGTGTCACATGAAGTA-1,True,AGTGTCACATGAAGTA-1_contig_2,True,492,TRB,TRBV20-1,None,TRBJ2-1,TRBC2,True,True,CSARVGSEVNEQFF,TGCAGTGCTAGAGTGGGGTCGGAAGTCAATGAGCAGTTCTTC,838,3,clonotype1,clonotype1_consensus_1
AGTGTCACATGAAGTA-1,True,AGTGTCACATGAAGTA-1_contig_3,True,457,TRA,TRAV10,None,TRAJ24,TRAC,True,False,None,None,54,1,clonotype1,None
AGTGTCACATGCCACG-1,True,AGTGTCACATGCCACG-1_contig_1,True,505,TRA,TRAV1-2,None,TRAJ33,TRAC,True,True,CAATDSNYQLIW,TGTGCTGCGACTGATAGCAACTATCAGTTAATCTGG,547,2,clonotype1,clonotype1_consensus_2
AGTGTCACATGCCACG-1,True,AGTGTCACATGCCACG-1_contig_2,True,521,TRB,TRBV20-1,None,TRBJ2-1,TRBC2,True,True,CSARVGSEVNEQFF,TGCAGTGCTAGAGTGGGGTCGGAAGTCAATGAGCAGTTCTTC,3476,12,clonotype1,clonotype1_consensus_1
AGTGTCACATGCCACG-1,True,AGTGTCACATGCCACG-1_contig_3,True,482,TRA,TRAV10,None,TRAJ24,TRAC,True,False,None,None,1485,5,clonotype1,None
AGTGTCAGTCTCCCTA-1,True,AGTGTCAGTCTCCCTA-1_contig_1,True,526,TRB,TRBV5-5,None,TRBJ2-2,TRBC2,True,True,CASSLGYRGFGELFF,TGTGCCAGCAGCTTGGGCTACAGGGGGTTCGGGGAGCTGTTTTTT,5542,17,clonotype975,clonotype975_consensus_1
AGTGTCAGTTCCGTCT-1,True,AGTGTCAGTTCCGTCT-1_contig_1,True,505,TRA,TRAV1-2,None,TRAJ33,TRAC,True,True,CAATDSNYQLIW,TGTGCTGCGACTGATAGCAACTATCAGTTAATCTGG,145,1,clonotype1,clonotype1_consensus_2
AGTGTCAGTTCCGTCT-1,True,AGTGTCAGTTCCGTCT-1_contig_2,True,503,TRB,TRBV20-1,None,TRBJ2-1,TRBC2,True,True,CSARVGSEVNEQFF,TGCAGTGCTAGAGTGGGGTCGGAAGTCAATGAGCAGTTCTTC,833,8,clonotype1,clonotype1_consensus_1
AGTGTCAGTTCCGTCT-1,True,AGTGTCAGTTCCGTCT-1_contig_3,True,457,TRA,TRAV10,None,TRAJ24,TRAC,True,False,None,None,216,1,clonotype1,None
AGTGTCATCAACTCTT-1,True,AGTGTCATCAACTCTT-1_contig_1,True,524,TRB,TRBV20-1,None,TRBJ1-4,TRBC1,True,True,CSATTGHRGGEKLFF,TGCAGTGCTACCACCGGACACCGGGGAGGGGAAAAACTGTTTTTT,1407,8,clonotype976,clonotype976_consensus_1
AGTGTCATCACTTCAT-1,True,AGTGTCATCACTTCAT-1_contig_1,True,518,TRB,TRBV20-1,None,TRBJ1-2,TRBC1,True,True,CSARDPLTDGYTF,TGCAGTGCTAGAGATCCTCTAACAGATGGCTACACCTTC,223,8,clonotype80,clonotype80_consensus_2
AGTGTCATCACTTCAT-1,True,AGTGTCATCACTTCAT-1_contig_2,True,505,TRA,TRAV23/DV6,None,TRAJ58,TRAC,True,True,CAAGPRGSRLTF,TGTGCAGCGGGGCCGAGGGGCTCTAGGTTGACCTTT,252,5,clonotype80,clonotype80_consensus_1
AGTGTCATCAGCTGGC-1,True,AGTGTCATCAGCTGGC-1_contig_1,True,453,TRA,TRAV9-2,None,TRAJ13,TRAC,True,True,CALNLEGYQKVTF,TGTGCTCTGAACTTAGAGGGTTACCAGAAAGTTACCTTT,508,3,clonotype6,clonotype6_consensus_1
AGTGTCATCAGCTGGC-1,True,AGTGTCATCAGCTGGC-1_contig_2,True,664,TRB,TRBV5-6,None,TRBJ1-5,TRBC1,True,True,CASSFRGGANQPQHF,TGTGCCAGCAGCTTTCGAGGGGGCGCGAATCAGCCCCAGCATTTT,2228,8,clonotype6,clonotype6_consensus_2
AGTGTCATCAGTGTTG-1,True,AGTGTCATCAGTGTTG-1_contig_1,True,505,TRA,TRAV1-2,None,TRAJ33,TRAC,True,True,CAATDSNYQLIW,TGTGCTGCGACTGATAGCAACTATCAGTTAATCTGG,126,3,clonotype1,clonotype1_consensus_2
AGTGTCATCAGTGTTG-1,True,AGTGTCATCAGTGTTG-1_contig_2,True,521,TRB,TRBV20-1,None,TRBJ2-1,TRBC2,True,True,CSARVGSEVNEQFF,TGCAGTGCTAGAGTGGGGTCGGAAGTCAATGAGCAGTTCTTC,3515,17,clonotype1,clonotype1_consensus_1
AGTGTCATCAGTGTTG-1,True,AGTGTCATCAGTGTTG-1_contig_3,True,482,TRA,TRAV10,None,TRAJ24,TRAC,True,False,None,None,1086,2,clonotype1,None
AGTGTCATCCTCTAGC-1,True,AGTGTCATCCTCTAGC-1_contig_1,True,662,TRB,TRBV5-6,None,TRBJ1-1,TRBC1,True,True,CASSLWGREGRTEAFF,TGTGCCAGCAGCTTGTGGGGGCGGGAGGGGCGGACTGAAGCTTTCTTT,771,4,clonotype229,clonotype229_consensus_1
AGTGTCATCGGCTACG-1,True,AGTGTCATCGGCTACG-1_contig_1,True,505,TRA,TRAV1-2,None,TRAJ33,TRAC,True,True,CAATDSNYQLIW,TGTGCTGCGACTGATAGCAACTATCAGTTAATCTGG,957,5,clonotype1,clonotype1_consensus_2
AGTGTCATCGGCTACG-1,True,AGTGTCATCGGCTACG-1_contig_2,True,497,TRB,TRBV20-1,None,TRBJ2-1,TRBC2,True,True,CSARVGSEVNEQFF,TGCAGTGCTAGAGTGGGGTCGGAAGTCAATGAGCAGTTCTTC,796,3,clonotype1,clonotype1_consensus_1
AGTGTCATCGGCTACG-1,True,AGTGTCATCGGCTACG-1_contig_3,True,435,TRA,TRAV10,None,TRAJ24,TRAC,True,False,None,None,619,1,clonotype1,None
AGTGTCATCGTTTAGG-1,True,AGTGTCATCGTTTAGG-1_contig_1,True,515,TRB,TRBV20-1,None,TRBJ2-7,TRBC2,True,True,CSASRTGYEQYF,TGCAGTGCTAGTAGAACGGGCTACGAGCAGTACTTC,2077,12,clonotype977,clonotype977_consensus_1
AGTGTCATCTTGTCAT-1,True,AGTGTCATCTTGTCAT-1_contig_1,True,570,TRA,TRAV8-4,None,TRAJ44,TRAC,True,True,CAVSRTGTASKLTF,TGTGCTGTGAGCCGTACCGGCACTGCCAGTAAACTCACCTTT,1170,8,clonotype978,clonotype978_consensus_2
AGTGTCATCTTGTCAT-1,True,AGTGTCATCTTGTCAT-1_contig_2,True,647,TRB,TRBV5-4,None,TRBJ2-7,TRBC2,True,True,CASSTTGGYEQYF,TGTGCCAGCAGCACCACAGGGGGCTACGAGCAGTACTTC,893,7,clonotype978,clonotype978_consensus_1
AGTTGGTAGAAGGGTA-1,True,AGTTGGTAGAAGGGTA-1_contig_1,True,505,TRA,TRAV1-2,None,TRAJ33,TRAC,True,True,CAATDSNYQLIW,TGTGCTGCGACTGATAGCAACTATCAGTTAATCTGG,121,4,clonotype1,clonotype1_consensus_2
AGTTGGTAGAAGGGTA-1,True,AGTTGGTAGAAGGGTA-1_contig_2,True,521,TRB,TRBV20-1,None,TRBJ2-1,TRBC2,True,True,CSARVGSEVNEQFF,TGCAGTGCTAGAGTGGGGTCGGAAGTCAATGAGCAGTTCTTC,2782,10,clonotype1,clonotype1_consensus_1
AGTTGGTAGAAGGGTA-1,True,AGTTGGTAGAAGGGTA-1_contig_3,True,517,TRA,TRAV10,None,TRAJ24,TRAC,True,False,None,None,491,3,clonotype1,None
AGTTGGTAGACCTAGG-1,True,AGTTGGTAGACCTAGG-1_contig_1,True,489,TRA,TRAV1-2,None,TRAJ33,TRAC,True,True,CAATDSNYQLIW,TGTGCTGCGACTGATAGCAACTATCAGTTAATCTGG,2474,3,clonotype1,clonotype1_consensus_2
AGTTGGTAGACCTAGG-1,True,AGTTGGTAGACCTAGG-1_contig_2,True,521,TRB,TRBV20-1,None,TRBJ2-1,TRBC2,True,True,CSARVGSEVNEQFF,TGCAGTGCTAGAGTGGGGTCGGAAGTCAATGAGCAGTTCTTC,1169,6,clonotype1,clonotype1_consensus_1
AGTTGGTAGATCTGCT-1,True,AGTTGGTAGATCTGCT-1_contig_1,True,518,TRB,TRBV20-1,None,TRBJ2-7,TRBC2,True,True,CSARPGTHYEQYF,TGCAGTGCAAGACCCGGGACACACTACGAGCAGTACTTC,795,6,clonotype979,clonotype979_consensus_2
AGTTGGTAGATCTGCT-1,True,AGTTGGTAGATCTGCT-1_contig_2,True,542,TRA,TRAV29/DV5,None,TRAJ40,TRAC,True,True,CAASAAGTYKYIF,TGTGCAGCAAGCGCGGCAGGAACCTACAAATACATCTTT,139,2,clonotype979,clonotype979_consensus_1
AGTTGGTAGATCTGCT-1,True,AGTTGGTAGATCTGCT-1_contig_3,True,622,TRA,TRAV41,None,TRAJ48,TRAC,True,False,None,None,1005,2,clonotype979,None
AGTTGGTAGCACAGGT-1,True,AGTTGGTAGCACAGGT-1_contig_1,True,459,TRA,TRAV13-1,None,TRAJ40,TRAC,True,True,CAARVSGTYKYIF,TGTGCAGCCCGCGTCTCAGGAACCTACAAATACATCTTT,467,4,clonotype119,clonotype119_consensus_2
AGTTGGTAGCACAGGT-1,True,AGTTGGTAGCACAGGT-1_contig_2,True,524,TRB,TRBV20-1,None,TRBJ2-3,TRBC2,True,True,CSASTSGDPTDTQYF,TGCAGTGCTAGTACTAGCGGGGACCCCACAGATACGCAGTATTTT,2989,8,clonotype119,clonotype119_consensus_1
AGTTGGTAGCTAAACA-1,True,AGTTGGTAGCTAAACA-1_contig_1,True,505,TRA,TRAV1-2,None,TRAJ33,TRAC,True,True,CAATDSNYQLIW,TGTGCTGCGACTGATAGCAACTATCAGTTAATCTGG,1363,7,clonotype1,clonotype1_consensus_2
AGTTGGTAGCTAAACA-1,True,AGTTGGTAGCTAAACA-1_contig_2,True,470,TRB,TRBV20-1,None,TRBJ2-1,TRBC2,True,True,CSARVGSEVNEQFF,TGCAGTGCTAGAGTGGGGTCGGAAGTCAATGAGCAGTTCTTC,294,10,clonotype1,clonotype1_consensus_1
AGTTGGTAGGCGATAC-1,True,AGTTGGTAGGCGATAC-1_contig_1,True,474,TRB,TRBV20-1,None,TRBJ2-5,TRBC2,True,True,CSAGAVTQYF,TGCAGTGCAGGGGCGGTAACCCAGTACTTC,2163,8,clonotype980,clonotype980_consensus_2
AGTTGGTAGGCGATAC-1,True,AGTTGGTAGGCGATAC-1_contig_2,True,565,TRA,TRAV19,None,TRAJ34,TRAC,True,True,CALSEARDTDKLIF,TGTGCTCTGAGTGAGGCGAGGGACACCGACAAGCTCATCTTT,830,3,clonotype980,clonotype980_consensus_1
AGTTGGTAGGCGATAC-1,True,AGTTGGTAGGCGATAC-1_contig_3,True,512,TRA,None,None,TRAJ42,TRAC,False,False,None,None,5269,1,clonotype980,None
AGTTGGTAGGTGATTA-1,True,AGTTGGTAGGTGATTA-1_contig_1,True,492,TRB,TRBV20-1,None,TRBJ1-2,TRBC1,True,True,CSAIVGSYGYTF,TGCAGTGCTATCGTCGGGAGCTATGGCTACACCTTC,1509,12,clonotype981,clonotype981_consensus_2
AGTTGGTAGGTGATTA-1,True,AGTTGGTAGGTGATTA-1_contig_2,True,491,TRA,TRAV35,None,TRAJ48,TRAC,True,True,CAGQLGRYFGNEKLTF,TGTGCTGGGCAACTGGGGAGATACTTTGGAAATGAGAAATTAACCTTT,509,5,clonotype981,clonotype981_consensus_1
AGTTGGTAGTAGATGT-1,True,AGTTGGTAGTAGATGT-1_contig_1,True,491,TRA,TRAV1-2,None,TRAJ33,TRAC,True,True,CAATDSNYQLIW,TGTGCTGCGACTGATAGCAACTATCAGTTAATCTGG,2195,1,clonotype1,clonotype1_consensus_2
AGTTGGTAGTAGATGT-1,True,AGTTGGTAGTAGATGT-1_contig_2,True,521,TRB,TRBV20-1,None,TRBJ2-1,TRBC2,True,True,CSARVGSEVNEQFF,TGCAGTGCTAGAGTGGGGTCGGAAGTCAATGAGCAGTTCTTC,518,7,clonotype1,clonotype1_consensus_1
AGTTGGTAGTAGATGT-1,True,AGTTGGTAGTAGATGT-1_contig_3,True,482,TRA,TRAV10,None,TRAJ24,TRAC,True,False,None,None,4751,5,clonotype1,None
AGTTGGTAGTGCCAGA-1,True,AGTTGGTAGTGCCAGA-1_contig_1,True,548,TRA,TRAV12-1,None,TRAJ5,TRAC,True,True,CVVDTGRRALTF,TGTGTGGTGGACACGGGCAGGAGAGCACTTACTTTT,166,5,clonotype60,clonotype60_consensus_2
AGTTGGTAGTGCCAGA-1,True,AGTTGGTAGTGCCAGA-1_contig_2,True,492,TRB,TRBV20-1,None,TRBJ1-1,TRBC1,True,True,CSAEFGTGAEGAFF,TGCAGTGCTGAGTTCGGGACAGGGGCCGAAGGAGCTTTCTTT,3631,11,clonotype60,clonotype60_consensus_1
AGTTGGTCAATCACAC-1,True,AGTTGGTCAATCACAC-1_contig_1,True,527,TRB,TRBV20-1,None,TRBJ2-7,TRBC2,True,True,CSARASRLVLSYEQYF,TGCAGTGCTAGAGCCTCACGGCTAGTACTTTCCTACGAGCAGTACTTC,937,6,clonotype11,clonotype11_consensus_2
AGTTGGTCAATCACAC-1,True,AGTTGGTCAATCACAC-1_contig_2,True,501,TRA,TRAV26-1,None,TRAJ34,TRAC,True,True,CIASSYNTDKLIF,TGCATCGCTTCATCTTATAACACCGACAAGCTCATCTTT,239,4,clonotype11,clonotype11_consensus_1
AGTTGGTCACCAGATT-1,True,AGTTGGTCACCAGATT-1_contig_1,True,482,TRA,TRAV1-2,None,TRAJ33,TRAC,True,True,CAATDSNYQLIW,TGTGCTGCGACTGATAGCAACTATCAGTTAATCTGG,5653,4,clonotype1,clonotype1_consensus_2
AGTTGGTCACCAGATT-1,True,AGTTGGTCACCAGATT-1_contig_2,True,521,TRB,TRBV20-1,None,TRBJ2-1,TRBC2,True,True,CSARVGSEVNEQFF,TGCAGTGCTAGAGTGGGGTCGGAAGTCAATGAGCAGTTCTTC,2020,6,clonotype1,clonotype1_consensus_1
AGTTGGTCATTCTCAT-1,True,AGTTGGTCATTCTCAT-1_contig_1,True,521,TRB,TRBV20-1,None,TRBJ2-1,TRBC2,True,True,CSARVGSEVNEQFF,TGCAGTGCTAGAGTGGGGTCGGAAGTCAATGAGCAGTTCTTC,1264,10,clonotype2,clonotype2_consensus_1
AGTTGGTGTACCGAGA-1,True,AGTTGGTGTACCGAGA-1_contig_1,True,505,TRA,TRAV1-2,None,TRAJ33,TRAC,True,True,CAATDSNYQLIW,TGTGCTGCGACTGATAGCAACTATCAGTTAATCTGG,10755,7,clonotype1,clonotype1_consensus_2
AGTTGGTGTACCGAGA-1,True,AGTTGGTGTACCGAGA-1_contig_2,True,521,TRB,TRBV20-1,None,TRBJ2-1,TRBC2,True,True,CSARVGSEVNEQFF,TGCAGTGCTAGAGTGGGGTCGGAAGTCAATGAGCAGTTCTTC,2574,14,clonotype1,clonotype1_consensus_1
AGTTGGTGTACCGAGA-1,True,AGTTGGTGTACCGAGA-1_contig_3,True,465,TRA,TRAV10,None,TRAJ24,TRAC,True,False,None,None,483,2,clonotype1,None
AGTTGGTGTAGCGTCC-1,True,AGTTGGTGTAGCGTCC-1_contig_1,True,524,TRB,TRBV20-1,None,TRBJ2-3,TRBC2,True,True,CSAGPGGAGTDTQYF,TGCAGTGCGGGACCCGGGGGGGCTGGGACAGATACGCAGTATTTT,918,7,clonotype982,clonotype982_consensus_2
AGTTGGTGTAGCGTCC-1,True,AGTTGGTGTAGCGTCC-1_contig_2,True,542,TRA,TRAV26-1,None,TRAJ31,TRAC,True,True,CIVRVNNNARLMF,TGCATCGTCAGAGTAAATAACAATGCCAGACTCATGTTT,16158,3,clonotype982,clonotype982_consensus_1
AGTTGGTGTAGCGTCC-1,True,AGTTGGTGTAGCGTCC-1_contig_3,True,536,TRA,None,None,TRAJ20,TRAC,False,False,None,None,322,1,clonotype982,None
AGTTGGTGTAGCGTCC-1,True,AGTTGGTGTAGCGTCC-1_contig_4,True,310,TRB,None,None,TRBJ2-2P,TRBC2,False,False,None,None,670,3,clonotype982,None
AGTTGGTGTCACTGGC-1,True,AGTTGGTGTCACTGGC-1_contig_1,True,498,TRB,TRBV20-1,None,TRBJ2-1,TRBC2,True,True,CSARVGSEVNEQFF,TGCAGTGCTAGAGTGGGGTCGGAAGTCAATGAGCAGTTCTTC,1134,7,clonotype2,clonotype2_consensus_1
AGTTGGTGTCACTGGC-1,True,AGTTGGTGTCACTGGC-1_contig_2,True,465,TRA,TRAV10,None,TRAJ24,TRAC,True,False,None,None,354,5,clonotype2,None
AGTTGGTGTCAGAAGC-1,True,AGTTGGTGTCAGAAGC-1_contig_1,True,574,TRA,TRAV26-1,None,TRAJ44,TRAC,True,True,CTRTSTGTASKLTF,TGCACCCGTACCTCAACCGGCACTGCCAGTAAACTCACCTTT,289,3,clonotype983,clonotype983_consensus_1
AGTTGGTGTCAGAAGC-1,True,AGTTGGTGTCAGAAGC-1_contig_2,True,521,TRB,TRBV20-1,None,TRBJ2-1,TRBC2,True,True,CSANAGTSGGPQFF,TGCAGTGCTAACGCCGGGACTAGCGGGGGGCCGCAGTTCTTC,1174,6,clonotype983,clonotype983_consensus_2
AGTTGGTGTGTGCGTC-1,True,AGTTGGTGTGTGCGTC-1_contig_1,True,505,TRA,TRAV1-2,None,TRAJ33,TRAC,True,True,CAATDSNYQLIW,TGTGCTGCGACTGATAGCAACTATCAGTTAATCTGG,4352,2,clonotype1,clonotype1_consensus_2
AGTTGGTGTGTGCGTC-1,True,AGTTGGTGTGTGCGTC-1_contig_2,True,521,TRB,TRBV20-1,None,TRBJ2-1,TRBC2,True,True,CSARVGSEVNEQFF,TGCAGTGCTAGAGTGGGGTCGGAAGTCAATGAGCAGTTCTTC,675,5,clonotype1,clonotype1_consensus_1
AGTTGGTGTTCAGCGC-1,True,AGTTGGTGTTCAGCGC-1_contig_1,True,524,TRB,TRBV20-1,None,TRBJ1-5,TRBC1,True,True,CSARDPLGQGTQPQHF,TGCAGTGCTAGAGATCCCCTGGGGCAGGGCACTCAGCCCCAGCATTTT,4885,12,clonotype984,clonotype984_consensus_2
AGTTGGTGTTCAGCGC-1,True,AGTTGGTGTTCAGCGC-1_contig_2,True,514,TRA,TRAV21,None,TRAJ49,TRAC,True,True,CAVISAGNQFYF,TGTGCTGTGATCTCAGCCGGTAACCAGTTCTATTTT,7631,4,clonotype984,clonotype984_consensus_1
AGTTGGTGTTCTCATT-1,True,AGTTGGTGTTCTCATT-1_contig_1,True,492,TRB,TRBV20-1,None,TRBJ2-7,TRBC2,True,True,CSARVNLNEQYF,TGCAGTGCTAGAGTAAACTTAAACGAGCAGTACTTC,768,10,clonotype985,clonotype985_consensus_1
AGTTGGTTCGTACGGC-1,True,AGTTGGTTCGTACGGC-1_contig_1,True,505,TRA,TRAV1-2,None,TRAJ33,TRAC,True,True,CAATDSNYQLIW,TGTGCTGCGACTGATAGCAACTATCAGTTAATCTGG,740,5,clonotype1,clonotype1_consensus_2
AGTTGGTTCGTACGGC-1,True,AGTTGGTTCGTACGGC-1_contig_2,True,498,TRB,TRBV20-1,None,TRBJ2-1,TRBC2,True,True,CSARVGSEVNEQFF,TGCAGTGCTAGAGTGGGGTCGGAAGTCAATGAGCAGTTCTTC,913,4,clonotype1,clonotype1_consensus_1
ATAACGCAGACTACAA-1,True,ATAACGCAGACTACAA-1_contig_1,True,518,TRB,TRBV20-1,None,TRBJ1-1,TRBC1,True,True,CSARRPGQNTEAFF,TGCAGTGCTAGACGACCGGGACAGAACACTGAAGCTTTCTTT,815,3,clonotype230,clonotype230_consensus_2
ATAACGCAGACTACAA-1,True,ATAACGCAGACTACAA-1_contig_2,True,506,TRA,TRAV13-2,None,TRAJ15,TRAC,True,True,CAECQAGTALIF,TGTGCAGAGTGTCAGGCAGGAACTGCTCTGATCTTT,2261,11,clonotype230,clonotype230_consensus_1
ATAACGCAGACTTGAA-1,True,ATAACGCAGACTTGAA-1_contig_1,True,572,TRA,TRAV26-1,None,TRAJ52,TRAC,True,True,CIVKDGTAGGTSYGKLTF,TGCATCGTCAAGGATGGGACTGCTGGTGGTACTAGCTATGGAAAGCTGACATTT,1899,17,clonotype986,clonotype986_consensus_2
ATAACGCAGACTTGAA-1,True,ATAACGCAGACTTGAA-1_contig_2,True,669,TRB,TRBV5-6,None,TRBJ2-7,TRBC2,True,True,CASSEGLAGATYEQYF,TGTGCCAGCAGCGAGGGACTAGCGGGGGCTACCTACGAGCAGTACTTC,5826,24,clonotype986,clonotype986_consensus_1
ATAACGCAGACTTGAA-1,True,ATAACGCAGACTTGAA-1_contig_3,True,458,TRA,TRAV10,None,TRAJ24,TRAC,True,False,None,None,651,4,clonotype986,None
ATAACGCAGCCGATTT-1,True,ATAACGCAGCCGATTT-1_contig_1,True,518,TRB,TRBV20-1,None,TRBJ1-5,TRBC1,True,True,CSAGERGNQPQHF,TGCAGTGCTGGGGAGCGGGGCAATCAGCCCCAGCATTTT,1770,13,clonotype987,clonotype987_consensus_1
ATAACGCAGCCGATTT-1,True,ATAACGCAGCCGATTT-1_contig_2,True,615,TRA,TRAV3,None,TRAJ34,TRAC,True,True,CAVRDTNTDKLIF,TGTGCTGTGAGGGACACGAACACCGACAAGCTCATCTTT,400,3,clonotype987,clonotype987_consensus_2
ATAACGCAGCGATATA-1,True,ATAACGCAGCGATATA-1_contig_1,True,498,TRB,TRBV20-1,None,TRBJ2-1,TRBC2,True,True,CSARVGSEVNEQFF,TGCAGTGCTAGAGTGGGGTCGGAAGTCAATGAGCAGTTCTTC,886,6,clonotype2,clonotype2_consensus_1
ATAACGCAGGGTTTCT-1,True,ATAACGCAGGGTTTCT-1_contig_1,True,475,TRA,TRAV1-2,None,TRAJ30,TRAC,True,True,CAVRDLREIIF,TGTGCTGTGAGAGATCTTCGGGAGATCATCTTT,286,2,clonotype28,clonotype28_consensus_3
ATAACGCAGGGTTTCT-1,True,ATAACGCAGGGTTTCT-1_contig_2,True,522,TRB,TRBV5-5,None,TRBJ1-4,TRBC1,True,True,CASSHPGPNYATNEKLFF,TGTGCCAGCAGCCATCCCGGACCGAACTACGCAACTAATGAAAAACTGTTTTTT,338,2,clonotype28,clonotype28_consensus_1
ATAACGCAGGGTTTCT-1,True,ATAACGCAGGGTTTCT-1_contig_3,True,521,TRB,TRBV20-1,None,TRBJ2-1,TRBC2,True,True,CSARVGSEVNEQFF,TGCAGTGCTAGAGTGGGGTCGGAAGTCAATGAGCAGTTCTTC,1444,11,clonotype28,clonotype28_consensus_2
ATAACGCAGGGTTTCT-1,True,ATAACGCAGGGTTTCT-1_contig_4,True,307,TRB,None,None,TRBJ2-4,TRBC2,False,False,None,None,444,1,clonotype28,None
ATAACGCAGTAATCCC-1,True,ATAACGCAGTAATCCC-1_contig_1,True,663,TRB,TRBV5-6,None,TRBJ1-6,TRBC1,True,True,CASSFLTGEDSPLHF,TGTGCCAGCAGCTTCCTGACAGGGGAGGATTCACCCCTCCACTTT,1506,8,clonotype988,clonotype988_consensus_1
ATAACGCAGTAATCCC-1,True,ATAACGCAGTAATCCC-1_contig_2,True,444,TRA,TRAV29/DV5,None,TRAJ34,TRAC,True,False,CAASSPTSYNTDKLIF,TGTGCAGCAAGCTCTCCCACGAGTTATAACACCGACAAGCTCATCTTT,337,4,clonotype988,None
ATAACGCAGTAATCCC-1,True,ATAACGCAGTAATCCC-1_contig_3,True,397,TRA,TRAV8-6,None,None,TRAC,False,False,None,None,386,3,clonotype988,None
ATAACGCAGTACGTTC-1,True,ATAACGCAGTACGTTC-1_contig_1,True,512,TRB,TRBV20-1,None,TRBJ2-1,TRBC2,True,True,CSAILDHREQFF,TGCAGTGCTATTCTAGATCATCGTGAGCAGTTCTTC,3427,14,clonotype989,clonotype989_consensus_1
ATAACGCAGTACGTTC-1,True,ATAACGCAGTACGTTC-1_contig_2,True,648,TRA,TRAV26-1,None,TRAJ53,TRAC,True,True,CIVRVPRLSGGSNYKLTF,TGCATCGTCAGAGTCCCGAGACTCAGTGGAGGTAGCAACTATAAACTGACATTT,896,6,clonotype989,clonotype989_consensus_2
ATAACGCAGTACGTTC-1,True,ATAACGCAGTACGTTC-1_contig_3,True,530,TRA,TRAV29/DV5,None,TRAJ53,TRAC,True,False,None,None,350,1,clonotype989,None
ATAACGCAGTAGGTGC-1,True,ATAACGCAGTAGGTGC-1_contig_1,True,502,TRA,TRAV1-2,None,TRAJ33,TRAC,True,True,CAATDSNYQLIW,TGTGCTGCGACTGATAGCAACTATCAGTTAATCTGG,480,4,clonotype1,clonotype1_consensus_2
ATAACGCAGTAGGTGC-1,True,ATAACGCAGTAGGTGC-1_contig_2,True,514,TRB,TRBV20-1,None,TRBJ2-1,TRBC2,True,True,CSARVGSEVNEQFF,TGCAGTGCTAGAGTGGGGTCGGAAGTCAATGAGCAGTTCTTC,2586,9,clonotype1,clonotype1_consensus_1
ATAACGCAGTGAATTG-1,True,ATAACGCAGTGAATTG-1_contig_1,True,505,TRA,TRAV1-2,None,TRAJ33,TRAC,True,True,CAATDSNYQLIW,TGTGCTGCGACTGATAGCAACTATCAGTTAATCTGG,261,2,clonotype1,clonotype1_consensus_2
ATAACGCAGTGAATTG-1,True,ATAACGCAGTGAATTG-1_contig_2,True,498,TRB,TRBV20-1,None,TRBJ2-1,TRBC2,True,True,CSARVGSEVNEQFF,TGCAGTGCTAGAGTGGGGTCGGAAGTCAATGAGCAGTTCTTC,574,8,clonotype1,clonotype1_consensus_1
ATAACGCAGTTATCGC-1,True,ATAACGCAGTTATCGC-1_contig_1,True,518,TRB,TRBV20-1,None,TRBJ1-4,TRBC1,True,True,CSALTVGSEKLFF,TGCAGTGCTTTGACAGTAGGGAGTGAAAAACTGTTTTTT,1103,7,clonotype990,clonotype990_consensus_1
ATAACGCAGTTGAGAT-1,True,ATAACGCAGTTGAGAT-1_contig_1,True,521,TRB,TRBV20-1,None,TRBJ1-5,TRBC1,True,True,CSARDRRVYQPQHF,TGCAGTGCTAGAGATCGGCGGGTATATCAGCCCCAGCATTTT,1032,7,clonotype991,clonotype991_consensus_2
ATAACGCAGTTGAGAT-1,True,ATAACGCAGTTGAGAT-1_contig_2,True,486,TRA,TRAV38-2/DV8,None,TRAJ46,TRAC,True,True,CAYRKSSGDKLTF,TGTGCTTATAGGAAAAGCAGCGGAGACAAGCTGACTTTT,802,2,clonotype991,clonotype991_consensus_1
ATAACGCAGTTGAGAT-1,True,ATAACGCAGTTGAGAT-1_contig_3,True,301,TRB,None,None,TRBJ1-1,None,False,False,None,None,391,4,clonotype991,None
ATAACGCCACCGCTAG-1,True,ATAACGCCACCGCTAG-1_contig_1,True,515,TRB,TRBV20-1,None,TRBJ2-5,TRBC2,True,True,CSAEDNAETQYF,TGCAGTGCCGAGGACAATGCGGAGACCCAGTACTTC,868,6,clonotype992,clonotype992_consensus_2
ATAACGCCACCGCTAG-1,True,ATAACGCCACCGCTAG-1_contig_2,True,491,TRA,TRAV22,None,TRAJ44,TRAC,True,True,CAVEVPGTASKLTF,TGTGCTGTGGAGGTTCCCGGCACTGCCAGTAAACTCACCTTT,854,5,clonotype992,clonotype992_consensus_1
ATAACGCCACGGCGTT-1,True,ATAACGCCACGGCGTT-1_contig_1,True,508,TRA,TRAV20,None,TRAJ22,TRAC,True,True,CAVRFSGSARQLTF,TGTGCTGTGCGGTTCTCTGGTTCTGCAAGGCAACTGACCTTT,609,5,clonotype993,clonotype993_consensus_2
ATAACGCCACGGCGTT-1,True,ATAACGCCACGGCGTT-1_contig_2,True,498,TRB,TRBV20-1,None,TRBJ2-3,TRBC2,True,True,CSAPPALLTDTQYF,TGCAGTGCTCCGCCTGCTCTTCTCACAGATACGCAGTATTTT,3351,14,clonotype993,clonotype993_consensus_1
ATAACGCCAGGATCGA-1,True,ATAACGCCAGGATCGA-1_contig_1,True,518,TRB,TRBV20-1,None,TRBJ2-7,TRBC2,True,True,CSARDTRGYEQYF,TGCAGTGCTAGAGATACACGTGGCTACGAGCAGTACTTC,3262,17,clonotype71,clonotype71_consensus_2
ATAACGCCAGGATCGA-1,True,ATAACGCCAGGATCGA-1_contig_2,True,501,TRA,TRAV6,None,TRAJ29,TRAC,True,True,CALDMGGNTPLVF,TGTGCTCTAGACATGGGGGGAAACACACCTCTTGTCTTT,245,2,clonotype71,clonotype71_consensus_1
ATAACGCCATATACGC-1,True,ATAACGCCATATACGC-1_contig_1,True,498,TRB,TRBV20-1,None,TRBJ2-1,TRBC2,True,True,CSARVGSEVNEQFF,TGCAGTGCTAGAGTGGGGTCGGAAGTCAATGAGCAGTTCTTC,600,6,clonotype2,clonotype2_consensus_1
ATAACGCCATATACGC-1,True,ATAACGCCATATACGC-1_contig_2,True,458,TRA,TRAV10,None,TRAJ24,TRAC,True,False,None,None,710,2,clonotype2,None
ATAACGCCATCACAAC-1,True,ATAACGCCATCACAAC-1_contig_1,True,530,TRB,TRBV20-1,None,TRBJ1-6,TRBC1,True,True,CSARDADRSSYNSPLHF,TGCAGTGCTAGAGATGCCGACAGGAGCTCCTATAATTCACCCCTCCACTTT,1338,7,clonotype994,clonotype994_consensus_1
ATAACGCCATCACAAC-1,True,ATAACGCCATCACAAC-1_contig_2,True,524,TRA,TRAV30,None,TRAJ52,TRAC,True,True,CGTERDAGGTSYGKLTF,TGTGGCACAGAGCGGGATGCTGGTGGTACTAGCTATGGAAAGCTGACATTT,259,3,clonotype994,clonotype994_consensus_2
ATAACGCCATCATCCC-1,True,ATAACGCCATCATCCC-1_contig_1,True,505,TRA,TRAV1-2,None,TRAJ33,TRAC,True,True,CAATDSNYQLIW,TGTGCTGCGACTGATAGCAACTATCAGTTAATCTGG,1010,3,clonotype1,clonotype1_consensus_2
ATAACGCCATCATCCC-1,True,ATAACGCCATCATCCC-1_contig_2,True,497,TRB,TRBV20-1,None,TRBJ2-1,TRBC2,True,True,CSARVGSEVNEQFF,TGCAGTGCTAGAGTGGGGTCGGAAGTCAATGAGCAGTTCTTC,1069,8,clonotype1,clonotype1_consensus_1
ATAACGCCATCATCCC-1,True,ATAACGCCATCATCCC-1_contig_3,True,308,TRA,TRAV10,None,TRAJ24,TRAC,True,False,None,None,111,1,clonotype1,None
ATAACGCGTACTCAAC-1,True,ATAACGCGTACTCAAC-1_contig_1,True,550,TRA,TRAV5,None,TRAJ3,TRAC,True,True,CAESDSSASKIIF,TGTGCAGAGAGTGACAGCAGTGCTTCCAAGATAATCTTT,396,2,clonotype995,clonotype995_consensus_1
ATAACGCGTACTCAAC-1,True,ATAACGCGTACTCAAC-1_contig_2,True,497,TRB,TRBV5-5,None,TRBJ1-1,TRBC1,True,True,CASRVGVNTEAFF,TGTGCCAGCAGGGTGGGGGTGAACACTGAAGCTTTCTTT,730,5,clonotype995,clonotype995_consensus_2
ATAACGCGTATAGGGC-1,True,ATAACGCGTATAGGGC-1_contig_1,True,505,TRA,TRAV1-2,None,TRAJ33,TRAC,True,True,CAATDSNYQLIW,TGTGCTGCGACTGATAGCAACTATCAGTTAATCTGG,420,3,clonotype1,clonotype1_consensus_2
ATAACGCGTATAGGGC-1,True,ATAACGCGTATAGGGC-1_contig_2,True,514,TRB,TRBV20-1,None,TRBJ2-1,TRBC2,True,True,CSARVGSEVNEQFF,TGCAGTGCTAGAGTGGGGTCGGAAGTCAATGAGCAGTTCTTC,1346,12,clonotype1,clonotype1_consensus_1
ATAACGCGTGCCTTGG-1,True,ATAACGCGTGCCTTGG-1_contig_1,True,615,TRA,TRAV3,None,TRAJ43,TRAC,True,True,CAVRDGGNNDMRF,TGTGCTGTGAGAGACGGGGGGAACAATGACATGCGCTTT,482,4,clonotype996,clonotype996_consensus_1
ATAACGCGTGCCTTGG-1,True,ATAACGCGTGCCTTGG-1_contig_2,True,503,TRB,TRBV5-5,None,TRBJ1-6,TRBC1,True,True,CASSMGLDNSPLHF,TGTGCCAGCAGTATGGGCCTCGATAATTCACCCCTCCACTTT,2598,8,clonotype996,clonotype996_consensus_2
ATAACGCGTGCGATAG-1,True,ATAACGCGTGCGATAG-1_contig_1,True,505,TRA,TRAV1-2,None,TRAJ33,TRAC,True,True,CAATDSNYQLIW,TGTGCTGCGACTGATAGCAACTATCAGTTAATCTGG,367,3,clonotype1,clonotype1_consensus_2
ATAACGCGTGCGATAG-1,True,ATAACGCGTGCGATAG-1_contig_2,True,521,TRB,TRBV20-1,None,TRBJ2-1,TRBC2,True,True,CSARVGSEVNEQFF,TGCAGTGCTAGAGTGGGGTCGGAAGTCAATGAGCAGTTCTTC,1515,9,clonotype1,clonotype1_consensus_1
ATAACGCGTTGAGGTG-1,True,ATAACGCGTTGAGGTG-1_contig_1,True,495,TRB,TRBV20-1,None,TRBJ1-1,TRBC1,True,True,CSARGGQPLEAFF,TGCAGTGCGAGGGGGGGACAGCCCCTTGAAGCTTTCTTT,1456,6,clonotype997,clonotype997_consensus_2
ATAACGCGTTGAGGTG-1,True,ATAACGCGTTGAGGTG-1_contig_2,True,502,TRA,TRAV6,None,TRAJ23,TRAC,True,True,CALRNQGGKLIF,TGTGCTCTAAGGAACCAGGGAGGAAAGCTTATCTTC,697,3,clonotype997,clonotype997_consensus_1
ATAACGCTCATACGGT-1,True,ATAACGCTCATACGGT-1_contig_1,True,518,TRB,TRBV20-1,None,TRBJ2-1,TRBC2,True,True,CSARVGSEVNEQFF,TGCAGTGCTAGAGTGGGGTCGGAAGTCAATGAGCAGTTCTTC,1443,7,clonotype2,clonotype2_consensus_1
ATAACGCTCATACGGT-1,True,ATAACGCTCATACGGT-1_contig_2,True,557,TRA,None,None,TRAJ32,TRAC,False,False,None,None,180,2,clonotype2,None
ATAACGCTCATGCAAC-1,True,ATAACGCTCATGCAAC-1_contig_1,True,505,TRA,TRAV1-2,None,TRAJ33,TRAC,True,True,CAATDSNYQLIW,TGTGCTGCGACTGATAGCAACTATCAGTTAATCTGG,1549,3,clonotype1,clonotype1_consensus_2
ATAACGCTCATGCAAC-1,True,ATAACGCTCATGCAAC-1_contig_2,True,498,TRB,TRBV20-1,None,TRBJ2-1,TRBC2,True,True,CSARVGSEVNEQFF,TGCAGTGCTAGAGTGGGGTCGGAAGTCAATGAGCAGTTCTTC,662,7,clonotype1,clonotype1_consensus_1
ATAACGCTCATGCAAC-1,True,ATAACGCTCATGCAAC-1_contig_3,True,482,TRA,TRAV10,None,TRAJ24,TRAC,True,False,None,None,120,3,clonotype1,None
ATAACGCTCATGCAAC-1,True,ATAACGCTCATGCAAC-1_contig_4,True,402,TRB,None,None,TRBJ1-4,TRBC1,False,False,None,None,222,1,clonotype1,None
ATAACGCTCCACGCAG-1,True,ATAACGCTCCACGCAG-1_contig_1,True,506,TRA,TRAV25,None,TRAJ53,TRAC,True,True,CAGSGGSNYKLTF,TGTGCAGGTAGTGGAGGTAGCAACTATAAACTGACATTT,318,1,clonotype998,clonotype998_consensus_2
ATAACGCTCCACGCAG-1,True,ATAACGCTCCACGCAG-1_contig_2,True,518,TRB,TRBV20-1,None,TRBJ2-5,TRBC2,True,True,CSARDPFQETQYF,TGCAGTGCTAGAGATCCGTTCCAAGAGACCCAGTACTTC,1550,10,clonotype998,clonotype998_consensus_1
ATAACGCTCCTGCCAT-1,True,ATAACGCTCCTGCCAT-1_contig_1,True,485,TRB,TRBV20-1,None,TRBJ2-3,TRBC2,True,True,CSARGGAGGDTQYF,TGCAGTGCTAGGGGGGGGGCAGGAGGAGATACGCAGTATTTT,1586,13,clonotype999,clonotype999_consensus_1
ATAACGCTCCTGCCAT-1,True,ATAACGCTCCTGCCAT-1_contig_2,True,502,TRA,TRAV20,None,TRAJ33,TRAC,True,True,CAAYNSNYQLIW,TGTGCTGCCTACAATAGCAACTATCAGTTAATCTGG,1138,8,clonotype999,clonotype999_consensus_2
ATAACGCTCCTGCCAT-1,True,ATAACGCTCCTGCCAT-1_contig_3,True,475,TRA,TRAV13-2,None,TRAJ49,None,True,False,CREAGNQFYF,TGCAGAGAGGCCGGTAACCAGTTCTATTTT,291,1,clonotype999,None
ATAACGCTCTATCGCC-1,True,ATAACGCTCTATCGCC-1_contig_1,True,521,TRB,TRBV20-1,None,TRBJ2-1,TRBC2,True,True,CSARVGSEVNEQFF,TGCAGTGCTAGAGTGGGGTCGGAAGTCAATGAGCAGTTCTTC,1196,8,clonotype2,clonotype2_consensus_1
ATAACGCTCTATCGCC-1,True,ATAACGCTCTATCGCC-1_contig_2,True,468,TRA,TRAV10,None,TRAJ24,TRAC,True,False,None,None,236,1,clonotype2,None
ATAACGCTCTCGGACG-1,True,ATAACGCTCTCGGACG-1_contig_1,True,485,TRB,TRBV20-1,None,TRBJ2-1,TRBC2,True,True,CSARVGSEVNEQFF,TGCAGTGCTAGAGTGGGGTCGGAAGTCAATGAGCAGTTCTTC,1344,8,clonotype2,clonotype2_consensus_1
ATAAGAGAGAGTAATC-1,True,ATAAGAGAGAGTAATC-1_contig_1,True,569,TRA,TRAV22,None,TRAJ35,TRAC,True,True,CAVDPTLGFGNVLHC,TGTGCTGTGGACCCGACTTTAGGCTTTGGGAATGTGCTGCATTGC,152,3,clonotype1000,clonotype1000_consensus_2
ATAAGAGAGAGTAATC-1,True,ATAAGAGAGAGTAATC-1_contig_2,True,459,TRA,TRAV13-1,None,TRAJ30,TRAC,True,True,CAGIMNRDDKIIF,TGTGCGGGTATCATGAACAGAGATGACAAGATCATCTTT,440,4,clonotype1000,clonotype1000_consensus_4
ATAAGAGAGAGTAATC-1,True,ATAAGAGAGAGTAATC-1_contig_3,True,481,TRB,TRBV5-6,None,TRBJ2-7,TRBC2,True,True,CASSLAKEQYF,TGTGCCAGCAGCTTGGCAAAGGAGCAGTACTTC,531,4,clonotype1000,clonotype1000_consensus_3
ATAAGAGAGAGTAATC-1,True,ATAAGAGAGAGTAATC-1_contig_4,True,656,TRB,TRBV5-6,None,TRBJ1-1,TRBC1,True,True,CASSFGTGNTEAFF,TGTGCCAGCAGCTTTGGGACAGGGAACACTGAAGCTTTCTTT,334,5,clonotype1000,clonotype1000_consensus_1
ATAAGAGAGAGTCGGT-1,True,ATAAGAGAGAGTCGGT-1_contig_1,True,511,TRA,TRAV20,None,TRAJ57,TRAC,True,True,CAVQLTQGGSEKLVF,TGTGCTGTGCAGTTAACTCAGGGCGGATCTGAAAAGCTGGTCTTT,454,2,clonotype42,clonotype42_consensus_1
ATAAGAGAGAGTCGGT-1,True,ATAAGAGAGAGTCGGT-1_contig_2,True,761,TRB,TRBV5-5,None,TRBJ1-2,TRBC1,True,True,CASSPLMYGGGTGYTF,TGTGCCAGCAGCCCTTTAATGTACGGGGGTGGAACTGGCTACACCTTC,830,8,clonotype42,clonotype42_consensus_2
ATAAGAGAGATCACGG-1,True,ATAAGAGAGATCACGG-1_contig_1,True,518,TRB,TRBV20-1,None,TRBJ1-6,TRBC1,True,True,CSASRDINSPLHF,TGCAGTGCTTCCCGGGACATTAATTCACCCCTCCACTTT,1195,11,clonotype200,clonotype200_consensus_1
ATAAGAGAGATCACGG-1,True,ATAAGAGAGATCACGG-1_contig_2,True,547,TRA,TRAV12-2,None,TRAJ58,TRAC,True,True,CAVIPETSGSRLTF,TGTGCCGTGATACCAGAAACCAGTGGCTCTAGGTTGACCTTT,314,4,clonotype200,clonotype200_consensus_2
ATAAGAGAGATCACGG-1,True,ATAAGAGAGATCACGG-1_contig_3,True,486,Multi,TRDV3,None,TRAJ48,TRAC,True,False,None,None,169,1,clonotype200,None
ATAAGAGAGATGTCGG-1,True,ATAAGAGAGATGTCGG-1_contig_1,True,665,TRB,TRBV5-6,None,TRBJ2-2,TRBC2,True,True,CASSSWTGGTGELFF,TGTGCCAGCAGCTCGTGGACAGGGGGCACCGGGGAGCTGTTTTTT,556,6,clonotype223,clonotype223_consensus_1
ATAAGAGAGCCCAATT-1,True,ATAAGAGAGCCCAATT-1_contig_1,True,491,TRB,TRBV20-1,None,TRBJ1-6,TRBC1,True,True,CSARQGNSPLHF,TGCAGTGCTAGACAGGGGAATTCACCCCTCCACTTT,657,6,clonotype61,clonotype61_consensus_2
ATAAGAGAGCCCAATT-1,True,ATAAGAGAGCCCAATT-1_contig_2,True,457,TRA,TRAV13-1,None,TRAJ15,TRAC,True,True,CAASNQAGTALIF,TGTGCAGCAAGTAACCAGGCAGGAACTGCTCTGATCTTT,397,4,clonotype61,clonotype61_consensus_1
ATAAGAGAGCGGATCA-1,True,ATAAGAGAGCGGATCA-1_contig_1,True,521,TRB,TRBV20-1,None,TRBJ2-1,TRBC2,True,True,CSARVGSEVNEQFF,TGCAGTGCTAGAGTGGGGTCGGAAGTCAATGAGCAGTTCTTC,1052,7,clonotype2,clonotype2_consensus_1
ATAAGAGAGGAATGGA-1,True,ATAAGAGAGGAATGGA-1_contig_1,True,515,TRB,TRBV20-1,None,TRBJ2-7,TRBC2,True,True,CSARAQGAEQYF,TGCAGTGCTAGAGCGCAGGGGGCCGAGCAGTACTTC,1131,8,clonotype1001,clonotype1001_consensus_1
ATAAGAGAGGAATGGA-1,True,ATAAGAGAGGAATGGA-1_contig_2,True,517,TRA,TRAV29/DV5,None,TRAJ37,TRAC,True,True,CAASGGSSNTGKLIF,TGTGCAGCAAGCGGGGGCTCTAGCAACACAGGCAAACTAATCTTT,561,7,clonotype1001,clonotype1001_consensus_2
ATAAGAGAGGAATGGA-1,True,ATAAGAGAGGAATGGA-1_contig_3,True,313,TRB,None,None,TRBJ1-5,TRBC1,False,False,None,None,519,2,clonotype1001,None
ATAAGAGAGTGCCATT-1,True,ATAAGAGAGTGCCATT-1_contig_1,True,512,TRA,TRAV25,None,TRAJ45,TRAC,True,True,CAGPYPGGGADGLTF,TGTGCAGGGCCGTATCCAGGAGGAGGTGCTGACGGACTCACCTTT,122,3,clonotype81,clonotype81_consensus_2
ATAAGAGAGTGCCATT-1,True,ATAAGAGAGTGCCATT-1_contig_2,True,491,TRB,TRBV5-5,None,TRBJ1-4,TRBC1,True,True,CASSWGIYVATNEKLFF,TGTGCCAGCAGCTGGGGAATTTATGTTGCAACTAATGAAAAACTGTTTTTT,588,6,clonotype81,clonotype81_consensus_1
ATAAGAGCAAGCGCTC-1,True,ATAAGAGCAAGCGCTC-1_contig_1,True,642,TRA,TRAV26-1,None,TRAJ39,TRAC,True,True,CIVRVGNNNAGNMLTF,TGCATCGTCAGAGTCGGGAATAATAATGCAGGCAACATGCTCACCTTT,231,3,clonotype1002,clonotype1002_consensus_1
ATAAGAGCAAGCGCTC-1,True,ATAAGAGCAAGCGCTC-1_contig_2,True,470,TRB,TRBV5-5,None,TRBJ1-2,TRBC1,True,True,CASTSLSGYTF,TGTGCCAGCACCTCCCTGAGTGGCTACACCTTC,1365,7,clonotype1002,clonotype1002_consensus_2
ATAAGAGCACATTTCT-1,True,ATAAGAGCACATTTCT-1_contig_1,True,462,TRA,TRAV13-1,None,TRAJ26,TRAC,True,True,CAATPDNYGQNFVF,TGTGCAGCAACCCCAGATAACTATGGTCAGAATTTTGTCTTT,95,2,clonotype18,clonotype18_consensus_1
ATAAGAGCACATTTCT-1,True,ATAAGAGCACATTTCT-1_contig_2,True,524,TRB,TRBV20-1,None,TRBJ1-2,TRBC1,True,True,CSARGPNLRVGGYTF,TGCAGTGCTAGAGGTCCTAATCTCAGGGTCGGTGGCTACACCTTC,227,3,clonotype18,clonotype18_consensus_2
ATAAGAGCACATTTCT-1,True,ATAAGAGCACATTTCT-1_contig_3,True,497,TRA,TRAV13-2,None,TRAJ23,TRAC,True,False,None,None,401,4,clonotype18,None
ATAAGAGCACGAAACG-1,True,ATAAGAGCACGAAACG-1_contig_1,True,505,TRA,TRAV1-2,None,TRAJ33,TRAC,True,True,CAATDSNYQLIW,TGTGCTGCGACTGATAGCAACTATCAGTTAATCTGG,568,2,clonotype1,clonotype1_consensus_2
ATAAGAGCACGAAACG-1,True,ATAAGAGCACGAAACG-1_contig_2,True,521,TRB,TRBV20-1,None,TRBJ2-1,TRBC2,True,True,CSARVGSEVNEQFF,TGCAGTGCTAGAGTGGGGTCGGAAGTCAATGAGCAGTTCTTC,745,4,clonotype1,clonotype1_consensus_1
ATAAGAGCACGAAACG-1,True,ATAAGAGCACGAAACG-1_contig_3,True,482,TRA,TRAV10,None,TRAJ24,TRAC,True,False,None,None,147,3,clonotype1,None
ATAAGAGCAGACTCGC-1,True,ATAAGAGCAGACTCGC-1_contig_1,True,530,TRB,TRBV20-1,None,TRBJ2-5,TRBC2,True,True,CSGIAPIAGSGQETQYF,TGCAGTGGTATAGCGCCAATAGCGGGGAGTGGCCAAGAGACCCAGTACTTC,3114,17,clonotype1003,clonotype1003_consensus_1
ATAAGAGCAGACTCGC-1,True,ATAAGAGCAGACTCGC-1_contig_2,True,615,TRA,TRAV3,None,TRAJ26,TRAC,True,True,CAVRDNYGQNFVF,TGTGCTGTGAGAGATAACTATGGTCAGAATTTTGTCTTT,1000,6,clonotype1003,clonotype1003_consensus_2
ATAAGAGCAGTCGATT-1,True,ATAAGAGCAGTCGATT-1_contig_1,True,505,TRA,TRAV1-2,None,TRAJ33,TRAC,True,True,CAATDSNYQLIW,TGTGCTGCGACTGATAGCAACTATCAGTTAATCTGG,73,3,clonotype1,clonotype1_consensus_2
ATAAGAGCAGTCGATT-1,True,ATAAGAGCAGTCGATT-1_contig_2,True,521,TRB,TRBV20-1,None,TRBJ2-1,TRBC2,True,True,CSARVGSEVNEQFF,TGCAGTGCTAGAGTGGGGTCGGAAGTCAATGAGCAGTTCTTC,456,4,clonotype1,clonotype1_consensus_1
ATAAGAGCATAGGATA-1,True,ATAAGAGCATAGGATA-1_contig_1,True,508,TRA,TRAV20,None,TRAJ24,TRAC,True,True,CAVMTTDSWGKFQF,TGTGCTGTTATGACAACTGACAGCTGGGGGAAATTCCAGTTT,744,7,clonotype7,clonotype7_consensus_2
ATAAGAGCATAGGATA-1,True,ATAAGAGCATAGGATA-1_contig_2,True,662,TRB,TRBV5-5,None,TRBJ2-7,TRBC2,True,True,CASSSLVEQGAYEQYF,TGTGCCAGCAGCTCGCTCGTAGAGCAGGGGGCCTACGAGCAGTACTTC,1374,4,clonotype7,clonotype7_consensus_1
ATAAGAGCATCAGTCA-1,True,ATAAGAGCATCAGTCA-1_contig_1,True,509,TRA,TRAV25,None,TRAJ56,TRAC,True,True,CAGPGCTGANSKLTF,TGTGCAGGGCCGGGCTGTACTGGAGCCAATAGTAAGCTGACATTT,207,2,clonotype1004,clonotype1004_consensus_3
ATAAGAGCATCAGTCA-1,True,ATAAGAGCATCAGTCA-1_contig_2,True,523,TRA,TRAV14/DV4,None,TRAJ49,TRAC,True,True,CAMREGLEGNQFYF,TGTGCAATGAGAGAGGGCCTCGAGGGTAACCAGTTCTATTTT,605,5,clonotype1004,clonotype1004_consensus_2
ATAAGAGCATCAGTCA-1,True,ATAAGAGCATCAGTCA-1_contig_3,True,527,TRB,TRBV20-1,None,TRBJ2-5,TRBC2,True,True,CSPQRPSRLSQETQYF,TGCAGCCCCCAGAGGCCTTCCCGGCTCTCCCAAGAGACCCAGTACTTC,940,9,clonotype1004,clonotype1004_consensus_1
ATAAGAGCATCCCACT-1,True,ATAAGAGCATCCCACT-1_contig_1,True,505,TRA,TRAV1-2,None,TRAJ33,TRAC,True,True,CAATDSNYQLIW,TGTGCTGCGACTGATAGCAACTATCAGTTAATCTGG,124,2,clonotype1,clonotype1_consensus_2
ATAAGAGCATCCCACT-1,True,ATAAGAGCATCCCACT-1_contig_2,True,521,TRB,TRBV20-1,None,TRBJ2-1,TRBC2,True,True,CSARVGSEVNEQFF,TGCAGTGCTAGAGTGGGGTCGGAAGTCAATGAGCAGTTCTTC,599,4,clonotype1,clonotype1_consensus_1
ATAAGAGTCTGCCAGG-1,True,ATAAGAGTCTGCCAGG-1_contig_1,True,529,TRA,TRAV26-1,None,TRAJ39,TRAC,True,True,CIVRVAERNAGNMLTF,TGCATCGTCAGAGTCGCTGAACGTAATGCAGGCAACATGCTCACCTTT,361,3,clonotype1005,clonotype1005_consensus_2
ATAAGAGTCTGCCAGG-1,True,ATAAGAGTCTGCCAGG-1_contig_2,True,501,TRB,TRBV20-1,None,TRBJ1-3,TRBC1,True,True,CSASRDGYSGNTIYF,TGCAGTGCTAGCCGGGACGGCTACTCTGGAAACACCATATATTTT,1638,13,clonotype1005,clonotype1005_consensus_1
ATAAGAGTCTGCCAGG-1,True,ATAAGAGTCTGCCAGG-1_contig_3,True,473,TRB,None,None,TRBJ2-5,TRBC2,False,False,None,None,81,1,clonotype1005,None
ATAGACCAGACATAAC-1,True,ATAGACCAGACATAAC-1_contig_1,True,473,TRB,TRBV20-1,None,TRBJ2-1,TRBC2,True,True,CSARVGSEVNEQFF,TGCAGTGCTAGAGTGGGGTCGGAAGTCAATGAGCAGTTCTTC,2560,9,clonotype2,clonotype2_consensus_1
ATAGACCAGACATAAC-1,True,ATAGACCAGACATAAC-1_contig_2,True,465,TRA,TRAV10,None,TRAJ24,TRAC,True,False,None,None,1429,2,clonotype2,None
ATAGACCAGAGCCCAA-1,True,ATAGACCAGAGCCCAA-1_contig_1,True,505,TRA,TRAV1-2,None,TRAJ33,TRAC,True,True,CAATDSNYQLIW,TGTGCTGCGACTGATAGCAACTATCAGTTAATCTGG,382,4,clonotype1,clonotype1_consensus_2
ATAGACCAGAGCCCAA-1,True,ATAGACCAGAGCCCAA-1_contig_2,True,521,TRB,TRBV20-1,None,TRBJ2-1,TRBC2,True,True,CSARVGSEVNEQFF,TGCAGTGCTAGAGTGGGGTCGGAAGTCAATGAGCAGTTCTTC,2600,7,clonotype1,clonotype1_consensus_1
ATAGACCAGCGGATCA-1,True,ATAGACCAGCGGATCA-1_contig_1,True,521,TRB,TRBV20-1,None,TRBJ1-6,TRBC1,True,True,CSARIGPSGSPLHF,TGCAGTGCTAGAATAGGACCGTCTGGTTCACCCCTCCACTTT,2599,10,clonotype1006,clonotype1006_consensus_1
ATAGACCAGCGGATCA-1,True,ATAGACCAGCGGATCA-1_contig_2,True,479,TRA,TRAV24,None,TRAJ10,TRAC,True,True,CAPTGGGNKLTF,TGTGCCCCTACGGGAGGAGGAAACAAACTCACCTTT,692,1,clonotype1006,clonotype1006_consensus_2
ATAGACCAGGACGAAA-1,True,ATAGACCAGGACGAAA-1_contig_1,True,571,TRA,TRAV8-1,None,TRAJ22,TRAC,True,True,CAVNSGSARQLTF,TGTGCCGTGAATTCTGGTTCTGCAAGGCAACTGACCTTT,54,4,clonotype1007,clonotype1007_consensus_2
ATAGACCAGGACGAAA-1,True,ATAGACCAGGACGAAA-1_contig_2,True,692,TRB,TRBV5-6,None,TRBJ2-7,TRBC2,True,True,CASSQTGAYSYEQYF,TGTGCCAGCAGCCAGACCGGGGCCTACTCCTACGAGCAGTACTTC,758,2,clonotype1007,clonotype1007_consensus_1
ATAGACCAGGACGAAA-1,True,ATAGACCAGGACGAAA-1_contig_3,True,322,TRB,None,None,TRBJ2-1,TRBC2,False,False,None,None,242,4,clonotype1007,None
ATAGACCAGGATGGTC-1,True,ATAGACCAGGATGGTC-1_contig_1,True,505,TRA,TRAV1-2,None,TRAJ33,TRAC,True,True,CAATDSNYQLIW,TGTGCTGCGACTGATAGCAACTATCAGTTAATCTGG,744,2,clonotype1,clonotype1_consensus_2
ATAGACCAGGATGGTC-1,True,ATAGACCAGGATGGTC-1_contig_2,True,521,TRB,TRBV20-1,None,TRBJ2-1,TRBC2,True,True,CSARVGSEVNEQFF,TGCAGTGCTAGAGTGGGGTCGGAAGTCAATGAGCAGTTCTTC,871,4,clonotype1,clonotype1_consensus_1
ATAGACCAGGTGACCA-1,True,ATAGACCAGGTGACCA-1_contig_1,True,670,TRA,TRAV8-2,None,TRAJ48,TRAC,True,True,CVVSDPGFGNEKLTF,TGTGTTGTGAGTGATCCGGGCTTTGGAAATGAGAAATTAACCTTT,431,4,clonotype231,clonotype231_consensus_1
ATAGACCAGGTGACCA-1,True,ATAGACCAGGTGACCA-1_contig_2,True,521,TRB,TRBV20-1,None,TRBJ1-6,TRBC1,True,True,CSAKTGGEVSPLHF,TGCAGTGCTAAGACAGGGGGCGAGGTCTCACCCCTCCACTTT,1257,6,clonotype231,clonotype231_consensus_2
ATAGACCAGTGGTCCC-1,True,ATAGACCAGTGGTCCC-1_contig_1,True,515,TRB,TRBV20-1,None,TRBJ2-5,TRBC2,True,True,CSGTGTLETQYF,TGCAGTGGAACAGGGACCCTAGAGACCCAGTACTTC,1534,5,clonotype1008,clonotype1008_consensus_3
ATAGACCAGTGGTCCC-1,True,ATAGACCAGTGGTCCC-1_contig_2,True,504,TRB,TRBV20-1,None,TRBJ2-3,TRBC2,True,True,CSAHPTDSADTDTQYF,TGCAGTGCTCATCCAACGGACAGCGCAGACACAGATACGCAGTATTTT,1811,11,clonotype1008,clonotype1008_consensus_1
ATAGACCAGTGGTCCC-1,True,ATAGACCAGTGGTCCC-1_contig_3,True,656,TRA,TRAV8-6,None,TRAJ22,TRAC,True,True,CAVSGSARQLTF,TGTGCTGTATCTGGTTCTGCAAGGCAACTGACCTTT,870,4,clonotype1008,clonotype1008_consensus_4
ATAGACCAGTGGTCCC-1,True,ATAGACCAGTGGTCCC-1_contig_4,True,537,TRA,TRAV17,None,TRAJ45,TRAC,True,True,CATNQGGADGLTF,TGTGCTACGAACCAAGGAGGTGCTGACGGACTCACCTTT,477,2,clonotype1008,clonotype1008_consensus_2
ATAGACCCAAGAAGAG-1,True,ATAGACCCAAGAAGAG-1_contig_1,True,456,TRA,TRAV13-1,None,TRAJ20,TRAC,True,True,CAASTNDYKLSF,TGTGCAGCAAGTACTAACGACTACAAGCTCAGCTTT,773,4,clonotype232,clonotype232_consensus_2
ATAGACCCAAGAAGAG-1,True,ATAGACCCAAGAAGAG-1_contig_2,True,487,TRB,TRBV5-6,None,TRBJ1-5,TRBC1,True,True,CASSLKPRQGRGQPQHF,TGTGCCAGCAGCTTGAAACCCCGACAGGGTAGGGGACAGCCCCAGCATTTT,6499,16,clonotype232,clonotype232_consensus_1
ATAGACCGTAATCACC-1,True,ATAGACCGTAATCACC-1_contig_1,True,524,TRB,TRBV20-1,None,TRBJ2-7,TRBC2,True,True,CSARDHGGSVYEQYF,TGCAGTGCTAGAGATCATGGGGGGTCAGTGTACGAGCAGTACTTC,1341,6,clonotype224,clonotype224_consensus_1
ATAGACCGTAATCACC-1,True,ATAGACCGTAATCACC-1_contig_2,True,542,TRA,TRAV26-1,None,TRAJ21,TRAC,True,True,CIVGKFYF,TGCATCGTCGGGAAATTTTACTTT,1723,6,clonotype224,clonotype224_consensus_2
ATAGACCGTAGTAGTA-1,True,ATAGACCGTAGTAGTA-1_contig_1,True,521,TRB,TRBV20-1,None,TRBJ2-1,TRBC2,True,True,CSARVGSEVNEQFF,TGCAGTGCTAGAGTGGGGTCGGAAGTCAATGAGCAGTTCTTC,1727,9,clonotype2,clonotype2_consensus_1
ATAGACCGTCAGAGGT-1,True,ATAGACCGTCAGAGGT-1_contig_1,True,485,TRB,TRBV20-1,None,TRBJ2-1,TRBC2,True,True,CSARVGSEVNEQFF,TGCAGTGCTAGAGTGGGGTCGGAAGTCAATGAGCAGTTCTTC,665,5,clonotype2,clonotype2_consensus_1
ATAGACCGTCAGAGGT-1,True,ATAGACCGTCAGAGGT-1_contig_2,True,457,TRA,TRAV10,None,TRAJ24,TRAC,True,False,None,None,173,4,clonotype2,None
ATAGACCGTTGAGTTC-1,True,ATAGACCGTTGAGTTC-1_contig_1,True,499,TRA,TRAV20,None,TRAJ16,TRAC,True,True,CAVPDGQKLLF,TGTGCTGTCCCAGATGGCCAGAAGCTGCTCTTT,528,3,clonotype1009,clonotype1009_consensus_1
ATAGACCGTTGAGTTC-1,True,ATAGACCGTTGAGTTC-1_contig_2,True,678,TRB,TRBV5-6,None,TRBJ2-3,TRBC2,True,True,CASSSPGLAVDTQYF,TGTGCCAGCAGCTCCCCGGGACTAGCAGTAGATACGCAGTATTTT,1398,9,clonotype1009,clonotype1009_consensus_2
ATAGACCTCAGAGCTT-1,True,ATAGACCTCAGAGCTT-1_contig_1,True,505,TRA,TRAV1-2,None,TRAJ33,TRAC,True,True,CAATDSNYQLIW,TGTGCTGCGACTGATAGCAACTATCAGTTAATCTGG,204,6,clonotype1,clonotype1_consensus_2
ATAGACCTCAGAGCTT-1,True,ATAGACCTCAGAGCTT-1_contig_2,True,492,TRB,TRBV20-1,None,TRBJ2-1,TRBC2,True,True,CSARVGSEVNEQFF,TGCAGTGCTAGAGTGGGGTCGGAAGTCAATGAGCAGTTCTTC,1684,8,clonotype1,clonotype1_consensus_1
ATAGACCTCCTGTACC-1,True,ATAGACCTCCTGTACC-1_contig_1,True,532,TRA,TRAV14/DV4,None,TRAJ49,TRAC,True,True,CAMREALTRMVGNQFYF,TGTGCAATGAGAGAGGCCCTAACAAGAATGGTGGGTAACCAGTTCTATTTT,283,1,clonotype233,clonotype233_consensus_2
ATAGACCTCCTGTACC-1,True,ATAGACCTCCTGTACC-1_contig_2,True,710,TRB,TRBV5-5,None,TRBJ1-6,TRBC1,True,True,CASSLSGFYNSPLHF,TGTGCCAGCAGCTTGTCAGGATTCTATAATTCACCCCTCCACTTT,1991,5,clonotype233,clonotype233_consensus_1
ATAGACCTCCTGTACC-1,True,ATAGACCTCCTGTACC-1_contig_3,True,334,Multi,TRDV2,None,None,TRAC,False,False,None,None,2193,5,clonotype233,None
ATAGACCTCGCCCTTA-1,True,ATAGACCTCGCCCTTA-1_contig_1,True,518,TRB,TRBV20-1,None,TRBJ2-2,TRBC2,True,True,CSASRRGTGELFF,TGCAGTGCTAGTAGGAGGGGGACCGGGGAGCTGTTTTTT,1835,10,clonotype1010,clonotype1010_consensus_1
ATAGACCTCGCCCTTA-1,True,ATAGACCTCGCCCTTA-1_contig_2,True,548,TRA,TRAV26-1,None,TRAJ44,TRAC,True,True,CIVRGYTGTASKLTF,TGCATCGTCAGAGGGTATACCGGCACTGCCAGTAAACTCACCTTT,297,1,clonotype1010,clonotype1010_consensus_2
ATAGACCTCGCCCTTA-1,True,ATAGACCTCGCCCTTA-1_contig_3,True,496,TRA,TRAV36/DV7,None,TRAJ42,TRAC,True,False,None,None,149,1,clonotype1010,None
ATCACGAAGAAACCTA-1,True,ATCACGAAGAAACCTA-1_contig_1,True,521,TRB,TRBV20-1,None,TRBJ2-3,TRBC2,True,True,CSARPGQAGDTQYF,TGCAGTGCTAGACCGGGACAGGCCGGAGATACGCAGTATTTT,4535,14,clonotype1011,clonotype1011_consensus_1
ATCACGAAGCGACGTA-1,True,ATCACGAAGCGACGTA-1_contig_1,True,445,TRA,TRAV9-2,None,TRAJ13,TRAC,True,True,CALNLEGYQKVTF,TGTGCTCTGAACTTAGAGGGTTACCAGAAAGTTACCTTT,503,4,clonotype6,clonotype6_consensus_1
ATCACGAAGCGACGTA-1,True,ATCACGAAGCGACGTA-1_contig_2,True,676,TRB,TRBV5-6,None,TRBJ1-5,TRBC1,True,True,CASSFRGGANQPQHF,TGTGCCAGCAGCTTTCGAGGGGGCGCGAATCAGCCCCAGCATTTT,692,4,clonotype6,clonotype6_consensus_2
ATCACGAAGGCAGTCA-1,True,ATCACGAAGGCAGTCA-1_contig_1,True,518,TRB,TRBV20-1,None,TRBJ2-1,TRBC2,True,True,CSARDATYNEQFF,TGCAGTGCCCGGGACGCCACCTACAATGAGCAGTTCTTC,3612,16,clonotype120,clonotype120_consensus_2
ATCACGAAGGCAGTCA-1,True,ATCACGAAGGCAGTCA-1_contig_2,True,527,TRA,TRAV5,None,TRAJ40,TRAC,True,True,CAEIPLSGTYKYIF,TGTGCAGAGATCCCTCTCTCAGGAACCTACAAATACATCTTT,335,2,clonotype120,clonotype120_consensus_1
ATCACGAAGGCTCTTA-1,True,ATCACGAAGGCTCTTA-1_contig_1,True,515,TRB,TRBV20-1,None,TRBJ2-3,TRBC2,True,True,CSANGFTDTQYF,TGCAGTGCTAACGGGTTCACAGATACGCAGTATTTT,4118,15,clonotype1012,clonotype1012_consensus_1
ATCACGAAGGCTCTTA-1,True,ATCACGAAGGCTCTTA-1_contig_2,True,520,TRA,TRAV14/DV4,None,TRAJ43,TRAC,True,True,CAMRELANNDMRF,TGTGCAATGAGAGAGTTAGCTAACAATGACATGCGCTTT,1895,7,clonotype1012,clonotype1012_consensus_2
ATCACGAAGGCTCTTA-1,True,ATCACGAAGGCTCTTA-1_contig_3,True,500,TRB,TRBV9,None,TRBJ1-1,TRBC1,True,False,None,None,473,4,clonotype1012,None
ATCACGAAGGTTACCT-1,True,ATCACGAAGGTTACCT-1_contig_1,True,521,TRB,TRBV20-1,None,TRBJ2-1,TRBC2,True,True,CSARVGSEVNEQFF,TGCAGTGCTAGAGTGGGGTCGGAAGTCAATGAGCAGTTCTTC,2002,7,clonotype2,clonotype2_consensus_1
ATCACGACAAGGACAC-1,True,ATCACGACAAGGACAC-1_contig_1,True,505,TRA,TRAV1-2,None,TRAJ33,TRAC,True,True,CAATDSNYQLIW,TGTGCTGCGACTGATAGCAACTATCAGTTAATCTGG,474,3,clonotype1,clonotype1_consensus_2
ATCACGACAAGGACAC-1,True,ATCACGACAAGGACAC-1_contig_2,True,498,TRB,TRBV20-1,None,TRBJ2-1,TRBC2,True,True,CSARVGSEVNEQFF,TGCAGTGCTAGAGTGGGGTCGGAAGTCAATGAGCAGTTCTTC,2070,5,clonotype1,clonotype1_consensus_1
ATCACGACAAGGACAC-1,True,ATCACGACAAGGACAC-1_contig_3,True,457,TRA,TRAV10,None,TRAJ24,TRAC,True,False,None,None,378,1,clonotype1,None
ATCACGACAGCTCGAC-1,True,ATCACGACAGCTCGAC-1_contig_1,True,447,TRA,TRAV13-1,None,TRAJ49,TRAC,True,True,CAAPPVRNF,TGTGCAGCACCCCCAGTGAGGAATTTT,158,3,clonotype1013,clonotype1013_consensus_1
ATCACGACAGCTCGAC-1,True,ATCACGACAGCTCGAC-1_contig_2,True,522,TRB,TRBV20-1,None,TRBJ2-3,TRBC2,True,True,CSATLGTGDTDTQYF,TGCAGTGCTACCCTCGGGACAGGTGACACAGATACGCAGTATTTT,1464,6,clonotype1013,clonotype1013_consensus_2
ATCACGACAGCTCGAC-1,True,ATCACGACAGCTCGAC-1_contig_3,True,403,TRA,TRAV35,None,TRAJ15,TRAC,True,False,None,None,407,1,clonotype1013,None
ATCACGACATTTGCTT-1,True,ATCACGACATTTGCTT-1_contig_1,True,521,TRB,TRBV20-1,None,TRBJ2-7,TRBC2,True,True,CSASLAGGLHEQYF,TGCAGTGCTAGCCTAGCGGGGGGGCTCCACGAGCAGTACTTC,1168,5,clonotype1014,clonotype1014_consensus_1
ATCACGACATTTGCTT-1,True,ATCACGACATTTGCTT-1_contig_2,True,513,TRA,TRAV39,None,TRAJ46,TRAC,True,True,CAEQKKSSGDKLTF,TGTGCCGAGCAGAAGAAAAGCAGCGGAGACAAGCTGACTTTT,506,2,clonotype1014,clonotype1014_consensus_2
ATCACGACATTTGCTT-1,True,ATCACGACATTTGCTT-1_contig_3,True,385,TRA,None,None,TRAJ61,TRAC,False,False,None,None,235,3,clonotype1014,None
ATCACGACATTTGCTT-1,True,ATCACGACATTTGCTT-1_contig_4,True,431,TRB,TRBV9,None,TRBJ1-5,TRBC1,True,False,None,None,269,1,clonotype1014,None
ATCACGAGTCGGCACT-1,True,ATCACGAGTCGGCACT-1_contig_1,True,505,TRA,TRAV1-2,None,TRAJ33,TRAC,True,True,CAATDSNYQLIW,TGTGCTGCGACTGATAGCAACTATCAGTTAATCTGG,333,4,clonotype1,clonotype1_consensus_2
ATCACGAGTCGGCACT-1,True,ATCACGAGTCGGCACT-1_contig_2,True,521,TRB,TRBV20-1,None,TRBJ2-1,TRBC2,True,True,CSARVGSEVNEQFF,TGCAGTGCTAGAGTGGGGTCGGAAGTCAATGAGCAGTTCTTC,1501,9,clonotype1,clonotype1_consensus_1
ATCACGAGTCGGCACT-1,True,ATCACGAGTCGGCACT-1_contig_3,True,467,TRA,TRAV10,None,TRAJ24,TRAC,True,False,None,None,153,1,clonotype1,None
ATCACGAGTCTGGTCG-1,True,ATCACGAGTCTGGTCG-1_contig_1,True,505,TRA,TRAV1-2,None,TRAJ33,TRAC,True,True,CAATDSNYQLIW,TGTGCTGCGACTGATAGCAACTATCAGTTAATCTGG,1133,6,clonotype1,clonotype1_consensus_2
ATCACGAGTCTGGTCG-1,True,ATCACGAGTCTGGTCG-1_contig_2,True,498,TRB,TRBV20-1,None,TRBJ2-1,TRBC2,True,True,CSARVGSEVNEQFF,TGCAGTGCTAGAGTGGGGTCGGAAGTCAATGAGCAGTTCTTC,1763,7,clonotype1,clonotype1_consensus_1
ATCACGAGTGATGCCC-1,True,ATCACGAGTGATGCCC-1_contig_1,True,488,TRB,TRBV20-1,None,TRBJ1-1,TRBC1,True,True,CSASMVREINTEAFF,TGCAGTGCTAGCATGGTGAGGGAGATCAACACTGAAGCTTTCTTT,227,5,clonotype1015,clonotype1015_consensus_2
ATCACGAGTGATGCCC-1,True,ATCACGAGTGATGCCC-1_contig_2,True,618,TRA,TRAV3,None,TRAJ5,TRAC,True,True,CAVRDIPGRRALTF,TGTGCTGTGAGAGACATCCCGGGCAGGAGAGCACTTACTTTT,262,1,clonotype1015,clonotype1015_consensus_1
ATCACGAGTGGCTCCA-1,True,ATCACGAGTGGCTCCA-1_contig_1,True,535,TRA,TRAV26-1,None,TRAJ18,TRAC,True,True,CIVRVKVGRGSTLGRLYF,TGCATCGTCAGAGTCAAAGTCGGCAGAGGCTCAACCCTGGGGAGGCTATACTTT,798,2,clonotype1016,clonotype1016_consensus_1
ATCACGAGTGGCTCCA-1,True,ATCACGAGTGGCTCCA-1_contig_2,True,482,TRB,TRBV20-1,None,TRBJ2-3,TRBC2,True,True,CSARGSFLDTQYF,TGCAGTGCTAGAGGAAGCTTTCTAGATACGCAGTATTTT,2662,9,clonotype1016,clonotype1016_consensus_2
ATCACGAGTGGCTCCA-1,True,ATCACGAGTGGCTCCA-1_contig_3,True,441,TRA,TRAV2,None,None,TRAC,False,False,None,None,561,2,clonotype1016,None
ATCACGAGTGTATGGG-1,True,ATCACGAGTGTATGGG-1_contig_1,True,502,TRA,TRAV1-2,None,TRAJ33,TRAC,True,True,CAATDSNYQLIW,TGTGCTGCGACTGATAGCAACTATCAGTTAATCTGG,122,3,clonotype1,clonotype1_consensus_2
ATCACGAGTGTATGGG-1,True,ATCACGAGTGTATGGG-1_contig_2,True,521,TRB,TRBV20-1,None,TRBJ2-1,TRBC2,True,True,CSARVGSEVNEQFF,TGCAGTGCTAGAGTGGGGTCGGAAGTCAATGAGCAGTTCTTC,1090,7,clonotype1,clonotype1_consensus_1
ATCACGAGTTCTGAAC-1,True,ATCACGAGTTCTGAAC-1_contig_1,True,509,TRA,TRAV25,None,TRAJ53,TRAC,True,True,CAGRSGGSNYKLTF,TGTGCAGGGAGAAGTGGAGGTAGCAACTATAAACTGACATTT,94,5,clonotype9,clonotype9_consensus_2
ATCACGAGTTCTGAAC-1,True,ATCACGAGTTCTGAAC-1_contig_2,True,527,TRB,TRBV20-1,None,TRBJ1-5,TRBC1,True,True,CSAIGQGAPSNQPQHF,TGCAGTGCTATCGGACAGGGGGCGCCGAGCAATCAGCCCCAGCATTTT,1657,4,clonotype9,clonotype9_consensus_1
ATCACGAGTTCTGAAC-1,True,ATCACGAGTTCTGAAC-1_contig_3,True,506,TRB,TRBV7-2,None,TRBJ2-3,TRBC2,True,False,None,None,223,3,clonotype9,None
ATCACGAGTTGTTTGG-1,True,ATCACGAGTTGTTTGG-1_contig_1,True,523,TRA,TRAV14/DV4,None,TRAJ15,TRAC,True,True,CAMRGNQAGTALIF,TGTGCAATGAGAGGAAACCAGGCAGGAACTGCTCTGATCTTT,1494,12,clonotype1017,clonotype1017_consensus_1
ATCACGAGTTGTTTGG-1,True,ATCACGAGTTGTTTGG-1_contig_2,True,706,TRB,TRBV5-6,None,TRBJ2-7,TRBC2,True,True,CASSTYRDKYEQYF,TGTGCCAGCAGCACCTACCGGGACAAGTACGAGCAGTACTTC,1781,7,clonotype1017,clonotype1017_consensus_2
ATCACGATCATCATTC-1,True,ATCACGATCATCATTC-1_contig_1,True,524,TRB,TRBV20-1,None,TRBJ2-7,TRBC2,True,True,CSARDGDGNSYEQYF,TGCAGTGCTAGAGATGGGGACGGAAACTCCTACGAGCAGTACTTC,1449,7,clonotype1018,clonotype1018_consensus_2
ATCACGATCATCATTC-1,True,ATCACGATCATCATTC-1_contig_2,True,677,TRA,TRAV8-3,None,TRAJ31,TRAC,True,True,CAVVINARLMF,TGTGCTGTGGTCATCAATGCCAGACTCATGTTT,877,5,clonotype1018,clonotype1018_consensus_1
ATCACGATCCCTAACC-1,True,ATCACGATCCCTAACC-1_contig_1,True,662,TRB,TRBV5-6,None,TRBJ1-1,TRBC1,True,True,CASSYGVVMNTEAFF,TGTGCCAGCAGTTATGGGGTAGTCATGAACACTGAAGCTTTCTTT,1097,6,clonotype1019,clonotype1019_consensus_1
ATCACGATCGTGGACC-1,True,ATCACGATCGTGGACC-1_contig_1,True,505,TRA,TRAV1-2,None,TRAJ33,TRAC,True,True,CAATDSNYQLIW,TGTGCTGCGACTGATAGCAACTATCAGTTAATCTGG,842,5,clonotype1,clonotype1_consensus_2
ATCACGATCGTGGACC-1,True,ATCACGATCGTGGACC-1_contig_2,True,521,TRB,TRBV20-1,None,TRBJ2-1,TRBC2,True,True,CSARVGSEVNEQFF,TGCAGTGCTAGAGTGGGGTCGGAAGTCAATGAGCAGTTCTTC,1400,9,clonotype1,clonotype1_consensus_1
ATCACGATCGTGGACC-1,True,ATCACGATCGTGGACC-1_contig_3,True,468,TRA,TRAV10,None,TRAJ24,TRAC,True,False,None,None,647,4,clonotype1,None
ATCATCTCAACTTGAC-1,True,ATCATCTCAACTTGAC-1_contig_1,True,505,TRA,TRAV1-2,None,TRAJ33,TRAC,True,True,CAATDSNYQLIW,TGTGCTGCGACTGATAGCAACTATCAGTTAATCTGG,578,5,clonotype1,clonotype1_consensus_2
ATCATCTCAACTTGAC-1,True,ATCATCTCAACTTGAC-1_contig_2,True,498,TRB,TRBV20-1,None,TRBJ2-1,TRBC2,True,True,CSARVGSEVNEQFF,TGCAGTGCTAGAGTGGGGTCGGAAGTCAATGAGCAGTTCTTC,1859,10,clonotype1,clonotype1_consensus_1
ATCATCTCAATAGAGT-1,True,ATCATCTCAATAGAGT-1_contig_1,True,501,TRA,TRAV36/DV7,None,TRAJ44,TRAC,True,True,CAVHTGTASKLTF,TGTGCTGTTCATACCGGCACTGCCAGTAAACTCACCTTT,164,2,clonotype1020,clonotype1020_consensus_2
ATCATCTCAATAGAGT-1,True,ATCATCTCAATAGAGT-1_contig_2,True,511,TRB,TRBV20-1,None,TRBJ1-1,TRBC1,True,True,CSAHTTGDTEAFF,TGCAGTGCCCATACCACAGGGGACACTGAAGCTTTCTTT,1178,11,clonotype1020,clonotype1020_consensus_1
ATCATCTCACACGCTG-1,True,ATCATCTCACACGCTG-1_contig_1,True,558,TRA,TRAV5,None,TRAJ24,TRAC,True,True,CAEWTQTDSWGKLQF,TGTGCAGAGTGGACACAAACTGACAGCTGGGGGAAATTGCAGTTT,789,6,clonotype1021,clonotype1021_consensus_2
ATCATCTCACACGCTG-1,True,ATCATCTCACACGCTG-1_contig_2,True,515,TRB,TRBV20-1,None,TRBJ1-1,TRBC1,True,True,CSARDQGAPNTEAFF,TGCAGTGCTAGGGACCAGGGGGCGCCGAACACTGAAGCTTTCTTT,766,9,clonotype1021,clonotype1021_consensus_1
ATCATCTCACGCATCG-1,True,ATCATCTCACGCATCG-1_contig_1,True,480,TRA,TRAV2,None,TRAJ26,TRAC,True,True,CAVEDYGQNFVF,TGTGCTGTGGAGGACTATGGTCAGAATTTTGTCTTT,4093,3,clonotype1022,clonotype1022_consensus_1
ATCATCTCACGCATCG-1,True,ATCATCTCACGCATCG-1_contig_2,True,521,TRB,TRBV20-1,None,TRBJ1-5,TRBC1,True,True,CSAESGTSDQPQHF,TGCAGTGCGGAATCCGGGACCTCGGATCAGCCCCAGCATTTT,2274,13,clonotype1022,clonotype1022_consensus_2
ATCATCTCACGCATCG-1,True,ATCATCTCACGCATCG-1_contig_3,True,507,TRA,TRAV1-2,None,TRAJ12,TRAC,True,False,None,None,366,2,clonotype1022,None
ATCATCTCACTATCTT-1,True,ATCATCTCACTATCTT-1_contig_1,True,505,TRA,TRAV1-2,None,TRAJ33,TRAC,True,True,CAATDSNYQLIW,TGTGCTGCGACTGATAGCAACTATCAGTTAATCTGG,499,4,clonotype1,clonotype1_consensus_2
ATCATCTCACTATCTT-1,True,ATCATCTCACTATCTT-1_contig_2,True,521,TRB,TRBV20-1,None,TRBJ2-1,TRBC2,True,True,CSARVGSEVNEQFF,TGCAGTGCTAGAGTGGGGTCGGAAGTCAATGAGCAGTTCTTC,1639,16,clonotype1,clonotype1_consensus_1
ATCATCTCAGACAAAT-1,True,ATCATCTCAGACAAAT-1_contig_1,True,521,TRB,TRBV20-1,None,TRBJ2-1,TRBC2,True,True,CSARVGSEVNEQFF,TGCAGTGCTAGAGTGGGGTCGGAAGTCAATGAGCAGTTCTTC,945,5,clonotype2,clonotype2_consensus_1
ATCATCTCAGCGTAAG-1,True,ATCATCTCAGCGTAAG-1_contig_1,True,462,TRA,TRAV13-1,None,TRAJ33,TRAC,True,True,CAARGLSSNYQLIW,TGTGCAGCAAGGGGCCTGAGTAGCAACTATCAGTTAATCTGG,559,4,clonotype31,clonotype31_consensus_2
ATCATCTCAGCGTAAG-1,True,ATCATCTCAGCGTAAG-1_contig_2,True,527,TRB,TRBV20-1,None,TRBJ2-7,TRBC2,True,True,CSARETRTSGGYEQYF,TGCAGTGCTAGAGAAACAAGGACTAGCGGGGGGTACGAGCAGTACTTC,1673,8,clonotype31,clonotype31_consensus_1
ATCATCTCATCGGGTC-1,True,ATCATCTCATCGGGTC-1_contig_1,True,505,TRA,TRAV1-2,None,TRAJ33,TRAC,True,True,CAATDSNYQLIW,TGTGCTGCGACTGATAGCAACTATCAGTTAATCTGG,773,4,clonotype1,clonotype1_consensus_2
ATCATCTCATCGGGTC-1,True,ATCATCTCATCGGGTC-1_contig_2,True,473,TRB,TRBV20-1,None,TRBJ2-1,TRBC2,True,True,CSARVGSEVNEQFF,TGCAGTGCTAGAGTGGGGTCGGAAGTCAATGAGCAGTTCTTC,1520,7,clonotype1,clonotype1_consensus_1
ATCATCTGTCAAAGAT-1,True,ATCATCTGTCAAAGAT-1_contig_1,True,513,TRB,TRBV20-1,None,TRBJ2-7,TRBC2,True,True,CSARGAEYSVAGLSYEQYF,TGCAGTGCTAGAGGCGCCGAATATAGCGTAGCGGGGCTATCCTACGAGCAGTACTTC,2162,11,clonotype44,clonotype44_consensus_3
ATCATCTGTCAAAGAT-1,True,ATCATCTGTCAAAGAT-1_contig_2,True,599,TRA,TRAV8-2,None,TRAJ8,TRAC,True,True,CVVSGFQKLVF,TGTGTTGTGAGTGGGTTTCAGAAACTTGTATTT,934,7,clonotype44,clonotype44_consensus_2
ATCATCTGTCAAAGAT-1,True,ATCATCTGTCAAAGAT-1_contig_3,True,499,TRA,TRAV1-2,None,TRAJ7,TRAC,True,True,CAVRPNRLAF,TGTGCTGTGAGACCCAACAGACTCGCTTTT,1582,5,clonotype44,clonotype44_consensus_1
ATCATCTGTCGGCACT-1,True,ATCATCTGTCGGCACT-1_contig_1,True,489,TRB,TRBV20-1,None,TRBJ2-1,TRBC2,True,True,CSARPYNEQFF,TGCAGTGCTAGACCCTACAATGAGCAGTTCTTC,1400,8,clonotype1023,clonotype1023_consensus_1
ATCATCTGTCGGCACT-1,True,ATCATCTGTCGGCACT-1_contig_2,True,445,TRA,TRAV9-2,None,TRAJ29,TRAC,True,True,CALDVSGNTPLVF,TGTGCTCTTGACGTTTCAGGAAACACACCTCTTGTCTTT,391,6,clonotype1023,clonotype1023_consensus_2
ATCATCTGTCGGCACT-1,True,ATCATCTGTCGGCACT-1_contig_3,True,508,TRB,TRBV7-2,None,TRBJ2-3,TRBC2,True,False,None,None,437,1,clonotype1023,None
ATCATCTGTGTGGCTC-1,True,ATCATCTGTGTGGCTC-1_contig_1,True,505,TRA,TRAV1-2,None,TRAJ33,TRAC,True,True,CAATDSNYQLIW,TGTGCTGCGACTGATAGCAACTATCAGTTAATCTGG,548,4,clonotype1,clonotype1_consensus_2
ATCATCTGTGTGGCTC-1,True,ATCATCTGTGTGGCTC-1_contig_2,True,521,TRB,TRBV20-1,None,TRBJ2-1,TRBC2,True,True,CSARVGSEVNEQFF,TGCAGTGCTAGAGTGGGGTCGGAAGTCAATGAGCAGTTCTTC,1870,9,clonotype1,clonotype1_consensus_1
ATCATCTGTTAAGACA-1,True,ATCATCTGTTAAGACA-1_contig_1,True,566,TRA,TRAV22,None,TRAJ24,TRAC,True,True,CAVKPTDSWGKFQF,TGTGCTGTGAAACCAACTGACAGCTGGGGGAAATTCCAGTTT,916,1,clonotype1024,clonotype1024_consensus_1
ATCATCTGTTAAGACA-1,True,ATCATCTGTTAAGACA-1_contig_2,True,521,TRB,TRBV20-1,None,TRBJ1-6,TRBC1,True,True,CSARGGGQGESPLHF,TGCAGTGCTAGAGGGGGGGGACAGGGGGAATCACCCCTCCACTTT,1556,7,clonotype1024,clonotype1024_consensus_2
ATCATCTGTTGTACAC-1,True,ATCATCTGTTGTACAC-1_contig_1,True,505,TRA,TRAV1-2,None,TRAJ33,TRAC,True,True,CAATDSNYQLIW,TGTGCTGCGACTGATAGCAACTATCAGTTAATCTGG,3957,3,clonotype1,clonotype1_consensus_2
ATCATCTGTTGTACAC-1,True,ATCATCTGTTGTACAC-1_contig_2,True,518,TRB,TRBV20-1,None,TRBJ2-1,TRBC2,True,True,CSARVGSEVNEQFF,TGCAGTGCTAGAGTGGGGTCGGAAGTCAATGAGCAGTTCTTC,2294,7,clonotype1,clonotype1_consensus_1
ATCATCTGTTGTACAC-1,True,ATCATCTGTTGTACAC-1_contig_3,True,457,TRA,TRAV10,None,TRAJ24,TRAC,True,False,None,None,100,1,clonotype1,None
ATCATCTTCGCAAGCC-1,True,ATCATCTTCGCAAGCC-1_contig_1,True,495,TRB,TRBV20-1,None,TRBJ1-5,TRBC1,True,True,CSASHQEYSNQPQHF,TGCAGTGCTAGCCACCAGGAGTATAGCAATCAGCCCCAGCATTTT,1186,10,clonotype1025,clonotype1025_consensus_1
ATCATCTTCGTGACAT-1,True,ATCATCTTCGTGACAT-1_contig_1,True,498,TRB,TRBV20-1,None,TRBJ2-1,TRBC2,True,True,CSARVGSEVNEQFF,TGCAGTGCTAGAGTGGGGTCGGAAGTCAATGAGCAGTTCTTC,1709,8,clonotype2,clonotype2_consensus_1
ATCATCTTCGTGACAT-1,True,ATCATCTTCGTGACAT-1_contig_2,True,459,TRA,TRAV10,None,TRAJ24,TRAC,True,False,None,None,178,3,clonotype2,None
ATCATGGAGAAACGAG-1,True,ATCATGGAGAAACGAG-1_contig_1,True,518,TRB,TRBV20-1,None,TRBJ2-7,TRBC2,True,True,CSAEGLARNEQYF,TGCAGTGCCGAAGGACTAGCGAGAAACGAGCAGTACTTC,354,4,clonotype1026,clonotype1026_consensus_1
ATCATGGAGACAAAGG-1,True,ATCATGGAGACAAAGG-1_contig_1,True,521,TRB,TRBV20-1,None,TRBJ2-1,TRBC2,True,True,CSARVGSEVNEQFF,TGCAGTGCTAGAGTGGGGTCGGAAGTCAATGAGCAGTTCTTC,1639,6,clonotype2,clonotype2_consensus_1
ATCATGGAGACCTTTG-1,True,ATCATGGAGACCTTTG-1_contig_1,True,505,TRA,TRAV1-2,None,TRAJ33,TRAC,True,True,CAATDSNYQLIW,TGTGCTGCGACTGATAGCAACTATCAGTTAATCTGG,366,3,clonotype1,clonotype1_consensus_2
ATCATGGAGACCTTTG-1,True,ATCATGGAGACCTTTG-1_contig_2,True,492,TRB,TRBV20-1,None,TRBJ2-1,TRBC2,True,True,CSARVGSEVNEQFF,TGCAGTGCTAGAGTGGGGTCGGAAGTCAATGAGCAGTTCTTC,1252,5,clonotype1,clonotype1_consensus_1
ATCATGGAGACCTTTG-1,True,ATCATGGAGACCTTTG-1_contig_3,True,459,TRA,TRAV10,None,TRAJ24,TRAC,True,False,None,None,1844,3,clonotype1,None
ATCATGGAGCGTGTCC-1,True,ATCATGGAGCGTGTCC-1_contig_1,True,509,TRA,TRAV13-2,None,TRAJ17,TRAC,True,True,CAETEAAGNKLTF,TGTGCAGAGACAGAAGCTGCAGGCAACAAGCTAACTTTT,5951,5,clonotype234,clonotype234_consensus_1
ATCATGGAGCGTGTCC-1,True,ATCATGGAGCGTGTCC-1_contig_2,True,524,TRB,TRBV20-1,None,TRBJ2-1,TRBC2,True,True,CSASRGRGVYNEQFF,TGCAGTGCTAGTAGGGGCCGGGGTGTCTACAATGAGCAGTTCTTC,1072,6,clonotype234,clonotype234_consensus_2
ATCATGGAGGTGCAAC-1,True,ATCATGGAGGTGCAAC-1_contig_1,True,485,TRB,TRBV20-1,None,TRBJ2-7,TRBC2,True,True,CSARESRGMYEQYF,TGCAGTGCTAGAGAGTCCAGGGGTATGTACGAGCAGTACTTC,855,4,clonotype1027,clonotype1027_consensus_2
ATCATGGAGGTGCAAC-1,True,ATCATGGAGGTGCAAC-1_contig_2,True,519,TRA,TRAV17,None,TRAJ23,TRAC,True,True,CATEKPGGKLIF,TGTGCTACGGAAAAACCCGGAGGAAAGCTTATCTTC,103,1,clonotype1027,clonotype1027_consensus_1
ATCATGGAGGTGCAAC-1,True,ATCATGGAGGTGCAAC-1_contig_3,True,304,TRB,None,None,TRBJ1-1,TRBC1,False,False,None,None,470,1,clonotype1027,None
ATCATGGAGTGAACGC-1,True,ATCATGGAGTGAACGC-1_contig_1,True,495,TRB,TRBV20-1,None,TRBJ2-5,TRBC2,True,True,CSARESFLRAQYF,TGCAGTGCTAGAGAGTCTTTCCTCAGGGCCCAGTACTTC,1418,6,clonotype1028,clonotype1028_consensus_2
ATCATGGAGTGAACGC-1,True,ATCATGGAGTGAACGC-1_contig_2,True,518,TRA,TRAV27,None,TRAJ38,TRAC,True,True,CAGVGAGNNRKLIW,TGTGCAGGAGTCGGTGCTGGCAACAACCGTAAGCTGATTTGG,1294,11,clonotype1028,clonotype1028_consensus_1
ATCATGGAGTGAACGC-1,True,ATCATGGAGTGAACGC-1_contig_3,True,502,TRB,TRBV7-3,None,TRBJ1-6,TRBC1,True,False,None,None,3080,8,clonotype1028,None
ATCATGGAGTGAACGC-1,True,ATCATGGAGTGAACGC-1_contig_4,True,359,TRB,None,None,TRBJ2-1,TRBC2,False,False,None,None,197,1,clonotype1028,None
ATCATGGAGTTCGCGC-1,True,ATCATGGAGTTCGCGC-1_contig_1,True,480,TRB,TRBV20-1,None,TRBJ1-2,TRBC1,True,True,CSARVANRNHYGYTF,TGCAGTGCTAGAGTGGCAAACAGAAATCACTATGGCTACACCTTC,523,3,clonotype1029,clonotype1029_consensus_1
ATCATGGAGTTCGCGC-1,True,ATCATGGAGTTCGCGC-1_contig_2,True,538,TRA,TRAV14/DV4,None,TRAJ42,TRAC,True,True,CAMREGPGNYGGSQGNLIF,TGTGCAATGAGAGAGGGCCCGGGGAATTATGGAGGAAGCCAAGGAAATCTCATCTTT,80,1,clonotype1029,clonotype1029_consensus_2
ATCATGGCAAACAACA-1,True,ATCATGGCAAACAACA-1_contig_1,True,505,TRA,TRAV1-2,None,TRAJ33,TRAC,True,True,CAATDSNYQLIW,TGTGCTGCGACTGATAGCAACTATCAGTTAATCTGG,478,2,clonotype1,clonotype1_consensus_2
ATCATGGCAAACAACA-1,True,ATCATGGCAAACAACA-1_contig_2,True,521,TRB,TRBV20-1,None,TRBJ2-1,TRBC2,True,True,CSARVGSEVNEQFF,TGCAGTGCTAGAGTGGGGTCGGAAGTCAATGAGCAGTTCTTC,1497,10,clonotype1,clonotype1_consensus_1
ATCATGGCAAGCCATT-1,True,ATCATGGCAAGCCATT-1_contig_1,True,511,TRB,TRBV20-1,None,TRBJ1-5,TRBC1,True,True,CSAARDTNQPQHF,TGCAGTGCTGCCAGGGACACTAATCAGCCCCAGCATTTT,2756,8,clonotype1030,clonotype1030_consensus_1
ATCATGGCAAGCCATT-1,True,ATCATGGCAAGCCATT-1_contig_2,True,573,TRA,None,None,TRAJ10,TRAC,False,False,None,None,128,1,clonotype1030,None
ATCATGGCAAGGTTTC-1,True,ATCATGGCAAGGTTTC-1_contig_1,True,505,TRA,TRAV1-2,None,TRAJ33,TRAC,True,True,CAATDSNYQLIW,TGTGCTGCGACTGATAGCAACTATCAGTTAATCTGG,1002,1,clonotype1,clonotype1_consensus_2
ATCATGGCAAGGTTTC-1,True,ATCATGGCAAGGTTTC-1_contig_2,True,521,TRB,TRBV20-1,None,TRBJ2-1,TRBC2,True,True,CSARVGSEVNEQFF,TGCAGTGCTAGAGTGGGGTCGGAAGTCAATGAGCAGTTCTTC,2745,6,clonotype1,clonotype1_consensus_1
ATCATGGCAAGTCTAC-1,True,ATCATGGCAAGTCTAC-1_contig_1,True,501,TRB,TRBV20-1,None,TRBJ1-4,TRBC1,True,True,CSATRQGGTNEKLFF,TGCAGTGCTACACGGCAGGGGGGGACTAATGAAAAACTGTTTTTT,414,4,clonotype1031,clonotype1031_consensus_2
ATCATGGCAAGTCTAC-1,True,ATCATGGCAAGTCTAC-1_contig_2,True,590,TRA,TRAV36/DV7,None,TRAJ34,TRAC,True,True,CASRTNTDKLIF,TGTGCCTCCAGAACTAACACCGACAAGCTCATCTTT,155,2,clonotype1031,clonotype1031_consensus_1
ATCATGGCAAGTCTAC-1,True,ATCATGGCAAGTCTAC-1_contig_3,True,424,TRA,TRAV26-2,None,TRAJ30,TRAC,True,False,None,None,392,4,clonotype1031,None
ATCATGGCAAGTCTAC-1,True,ATCATGGCAAGTCTAC-1_contig_4,True,477,TRB,TRBV23-1,None,TRBJ1-5,TRBC1,True,False,CASSKPVGNQPQHF,TGCGCCAGCAGCAAACCTGTGGGCAATCAGCCCCAGCATTTT,431,4,clonotype1031,None
ATCATGGCATGTTCCC-1,True,ATCATGGCATGTTCCC-1_contig_1,True,505,TRA,TRAV1-2,None,TRAJ33,TRAC,True,True,CAATDSNYQLIW,TGTGCTGCGACTGATAGCAACTATCAGTTAATCTGG,572,2,clonotype1,clonotype1_consensus_2
ATCATGGCATGTTCCC-1,True,ATCATGGCATGTTCCC-1_contig_2,True,521,TRB,TRBV20-1,None,TRBJ2-1,TRBC2,True,True,CSARVGSEVNEQFF,TGCAGTGCTAGAGTGGGGTCGGAAGTCAATGAGCAGTTCTTC,1601,5,clonotype1,clonotype1_consensus_1
ATCATGGGTACTTCTT-1,True,ATCATGGGTACTTCTT-1_contig_1,True,521,TRB,TRBV20-1,None,TRBJ2-1,TRBC2,True,True,CSARVGSEVNEQFF,TGCAGTGCTAGAGTGGGGTCGGAAGTCAATGAGCAGTTCTTC,1587,9,clonotype2,clonotype2_consensus_1
ATCATGGGTCAATGTC-1,True,ATCATGGGTCAATGTC-1_contig_1,True,506,TRA,TRAV25,None,TRAJ32,TRAC,True,True,CAGPGGATNKLIF,TGTGCAGGGCCAGGTGGTGCTACAAACAAGCTCATCTTT,407,4,clonotype1032,clonotype1032_consensus_1
ATCATGGGTCAATGTC-1,True,ATCATGGGTCAATGTC-1_contig_2,True,638,TRB,TRBV5-6,None,TRBJ1-4,TRBC1,True,True,CASSDQGISNEKLFF,TGTGCCAGCAGTGATCAGGGGATCTCTAATGAAAAACTGTTTTTT,515,5,clonotype1032,clonotype1032_consensus_2
ATCATGGGTTGTCTTT-1,True,ATCATGGGTTGTCTTT-1_contig_1,True,505,TRA,TRAV1-2,None,TRAJ33,TRAC,True,True,CAATDSNYQLIW,TGTGCTGCGACTGATAGCAACTATCAGTTAATCTGG,660,2,clonotype1,clonotype1_consensus_2
ATCATGGGTTGTCTTT-1,True,ATCATGGGTTGTCTTT-1_contig_2,True,498,TRB,TRBV20-1,None,TRBJ2-1,TRBC2,True,True,CSARVGSEVNEQFF,TGCAGTGCTAGAGTGGGGTCGGAAGTCAATGAGCAGTTCTTC,2210,15,clonotype1,clonotype1_consensus_1
ATCATGGGTTGTCTTT-1,True,ATCATGGGTTGTCTTT-1_contig_3,True,482,TRA,TRAV10,None,TRAJ24,TRAC,True,False,None,None,390,2,clonotype1,None
ATCATGGTCAGTCAGT-1,True,ATCATGGTCAGTCAGT-1_contig_1,True,506,TRB,TRBV5-1,None,TRBJ2-1,TRBC2,True,True,CASSARDSSSYNEQFF,TGCGCCAGCAGCGCTAGGGACAGCAGCTCCTACAATGAGCAGTTCTTC,1439,8,clonotype1033,clonotype1033_consensus_1
ATCATGGTCAGTTAGC-1,True,ATCATGGTCAGTTAGC-1_contig_1,True,505,TRA,TRAV1-2,None,TRAJ33,TRAC,True,True,CAATDSNYQLIW,TGTGCTGCGACTGATAGCAACTATCAGTTAATCTGG,151,1,clonotype1,clonotype1_consensus_2
ATCATGGTCAGTTAGC-1,True,ATCATGGTCAGTTAGC-1_contig_2,True,521,TRB,TRBV20-1,None,TRBJ2-1,TRBC2,True,True,CSARVGSEVNEQFF,TGCAGTGCTAGAGTGGGGTCGGAAGTCAATGAGCAGTTCTTC,1889,7,clonotype1,clonotype1_consensus_1
ATCATGGTCCGAATGT-1,True,ATCATGGTCCGAATGT-1_contig_1,True,521,TRB,TRBV20-1,None,TRBJ2-1,TRBC2,True,True,CSARVGSEVNEQFF,TGCAGTGCTAGAGTGGGGTCGGAAGTCAATGAGCAGTTCTTC,1557,10,clonotype2,clonotype2_consensus_1
ATCATGGTCGGGAGTA-1,True,ATCATGGTCGGGAGTA-1_contig_1,True,505,TRA,TRAV1-2,None,TRAJ33,TRAC,True,True,CAATDSNYQLIW,TGTGCTGCGACTGATAGCAACTATCAGTTAATCTGG,1319,7,clonotype1,clonotype1_consensus_2
ATCATGGTCGGGAGTA-1,True,ATCATGGTCGGGAGTA-1_contig_2,True,498,TRB,TRBV20-1,None,TRBJ2-1,TRBC2,True,True,CSARVGSEVNEQFF,TGCAGTGCTAGAGTGGGGTCGGAAGTCAATGAGCAGTTCTTC,777,7,clonotype1,clonotype1_consensus_1
ATCATGGTCGGGAGTA-1,True,ATCATGGTCGGGAGTA-1_contig_3,True,459,TRA,TRAV10,None,TRAJ24,TRAC,True,False,None,None,166,1,clonotype1,None
ATCATGGTCGTCTGCT-1,True,ATCATGGTCGTCTGCT-1_contig_1,True,505,TRA,TRAV1-2,None,TRAJ33,TRAC,True,True,CAATDSNYQLIW,TGTGCTGCGACTGATAGCAACTATCAGTTAATCTGG,1105,5,clonotype1,clonotype1_consensus_2
ATCATGGTCGTCTGCT-1,True,ATCATGGTCGTCTGCT-1_contig_2,True,505,TRB,TRBV20-1,None,TRBJ2-1,TRBC2,True,True,CSARVGSEVNEQFF,TGCAGTGCTAGAGTGGGGTCGGAAGTCAATGAGCAGTTCTTC,2605,11,clonotype1,clonotype1_consensus_1
ATCCACCAGAAGGGTA-1,True,ATCCACCAGAAGGGTA-1_contig_1,True,521,TRB,TRBV20-1,None,TRBJ2-1,TRBC2,True,True,CSARVGSEVNEQFF,TGCAGTGCTAGAGTGGGGTCGGAAGTCAATGAGCAGTTCTTC,1208,9,clonotype2,clonotype2_consensus_1
ATCCACCAGCCTCGTG-1,True,ATCCACCAGCCTCGTG-1_contig_1,True,521,TRB,TRBV20-1,None,TRBJ2-1,TRBC2,True,True,CSARVGSEVNEQFF,TGCAGTGCTAGAGTGGGGTCGGAAGTCAATGAGCAGTTCTTC,2155,7,clonotype2,clonotype2_consensus_1
ATCCACCAGCTCCCAG-1,True,ATCCACCAGCTCCCAG-1_contig_1,True,521,TRB,TRBV20-1,None,TRBJ2-7,TRBC2,True,True,CSARDTGGGYEQYF,TGCAGTGCTAGAGATACAGGGGGCGGGTACGAGCAGTACTTC,597,3,clonotype1034,clonotype1034_consensus_1
ATCCACCAGGTAAACT-1,True,ATCCACCAGGTAAACT-1_contig_1,True,505,TRA,TRAV1-2,None,TRAJ33,TRAC,True,True,CAATDSNYQLIW,TGTGCTGCGACTGATAGCAACTATCAGTTAATCTGG,1088,5,clonotype1,clonotype1_consensus_2
ATCCACCAGGTAAACT-1,True,ATCCACCAGGTAAACT-1_contig_2,True,521,TRB,TRBV20-1,None,TRBJ2-1,TRBC2,True,True,CSARVGSEVNEQFF,TGCAGTGCTAGAGTGGGGTCGGAAGTCAATGAGCAGTTCTTC,617,13,clonotype1,clonotype1_consensus_1
ATCCACCAGTAAGTAC-1,True,ATCCACCAGTAAGTAC-1_contig_1,True,505,TRA,TRAV1-2,None,TRAJ33,TRAC,True,True,CAATDSNYQLIW,TGTGCTGCGACTGATAGCAACTATCAGTTAATCTGG,272,1,clonotype1,clonotype1_consensus_2
ATCCACCAGTAAGTAC-1,True,ATCCACCAGTAAGTAC-1_contig_2,True,498,TRB,TRBV20-1,None,TRBJ2-1,TRBC2,True,True,CSARVGSEVNEQFF,TGCAGTGCTAGAGTGGGGTCGGAAGTCAATGAGCAGTTCTTC,2503,14,clonotype1,clonotype1_consensus_1
ATCCACCAGTAAGTAC-1,True,ATCCACCAGTAAGTAC-1_contig_3,True,459,TRA,TRAV10,None,TRAJ24,TRAC,True,False,None,None,3110,5,clonotype1,None
ATCCACCAGTGGTAGC-1,True,ATCCACCAGTGGTAGC-1_contig_1,True,518,TRB,TRBV20-1,None,TRBJ2-7,TRBC2,True,True,CSARDTRGYEQYF,TGCAGTGCTAGAGATACACGTGGCTACGAGCAGTACTTC,2130,9,clonotype71,clonotype71_consensus_2
ATCCACCAGTGGTAGC-1,True,ATCCACCAGTGGTAGC-1_contig_2,True,504,TRA,TRAV6,None,TRAJ29,TRAC,True,True,CALDMGGNTPLVF,TGTGCTCTAGACATGGGGGGAAACACACCTCTTGTCTTT,1540,8,clonotype71,clonotype71_consensus_1
ATCCACCCAAAGCGGT-1,True,ATCCACCCAAAGCGGT-1_contig_1,True,464,TRA,TRAV4,None,TRAJ34,TRAC,True,True,CPVYNTDKLIF,TGCCCCGTTTATAACACCGACAAGCTCATCTTT,57,3,clonotype1035,clonotype1035_consensus_1
ATCCACCCAAAGCGGT-1,True,ATCCACCCAAAGCGGT-1_contig_2,True,527,TRB,TRBV20-1,None,TRBJ2-1,TRBC2,True,True,CSARGTKGLAGTEQFF,TGCAGTGCTAGAGGAACTAAGGGACTAGCGGGGACTGAGCAGTTCTTC,1271,7,clonotype1035,clonotype1035_consensus_2
ATCCACCCACATCCAA-1,True,ATCCACCCACATCCAA-1_contig_1,True,517,TRA,TRAV29/DV5,None,TRAJ39,TRAC,True,True,CAASANNNAGNMLTF,TGTGCAGCAAGCGCGAATAATAATGCAGGCAACATGCTCACCTTT,276,2,clonotype182,clonotype182_consensus_2
ATCCACCCACATCCAA-1,True,ATCCACCCACATCCAA-1_contig_2,True,496,TRB,TRBV5-6,None,TRBJ1-6,TRBC1,True,True,CASSLGIDLYNSPLHF,TGTGCCAGCAGCTTGGGAATAGATCTCTATAATTCACCCCTCCACTTT,413,2,clonotype182,clonotype182_consensus_1
ATCCACCCACCAGTTA-1,True,ATCCACCCACCAGTTA-1_contig_1,True,511,TRB,TRBV5-5,None,TRBJ1-6,TRBC1,True,True,CASSGTVNSPLHF,TGTGCCAGCAGCGGGACAGTCAATTCACCCCTCCACTTT,4706,13,clonotype1036,clonotype1036_consensus_1
ATCCACCGTAACGTTC-1,True,ATCCACCGTAACGTTC-1_contig_1,True,505,TRA,TRAV1-2,None,TRAJ33,TRAC,True,True,CAATDSNYQLIW,TGTGCTGCGACTGATAGCAACTATCAGTTAATCTGG,304,6,clonotype1,clonotype1_consensus_2
ATCCACCGTAACGTTC-1,True,ATCCACCGTAACGTTC-1_contig_2,True,521,TRB,TRBV20-1,None,TRBJ2-1,TRBC2,True,True,CSARVGSEVNEQFF,TGCAGTGCTAGAGTGGGGTCGGAAGTCAATGAGCAGTTCTTC,739,7,clonotype1,clonotype1_consensus_1
ATCCACCGTCAGTGGA-1,True,ATCCACCGTCAGTGGA-1_contig_1,True,435,TRA,TRAV40,None,TRAJ42,TRAC,True,True,CLLGDLIF,TGTCTTCTGGGAGATCTCATCTTT,459,2,clonotype1037,clonotype1037_consensus_2
ATCCACCGTCAGTGGA-1,True,ATCCACCGTCAGTGGA-1_contig_2,True,521,TRB,TRBV20-1,None,TRBJ2-3,TRBC2,True,True,CSARYRVGTDTQYF,TGCAGTGCTAGATACAGGGTGGGCACAGATACGCAGTATTTT,1414,7,clonotype1037,clonotype1037_consensus_1
ATCCACCGTCAGTGGA-1,True,ATCCACCGTCAGTGGA-1_contig_3,True,393,TRA,TRAV41,None,TRAJ49,None,False,False,CAVSNTGNQFYF,TGTGCTGTTTCGAACACCGGTAACCAGTTCTATTTT,34,1,clonotype1037,None
ATCCACCGTCGACTGC-1,True,ATCCACCGTCGACTGC-1_contig_1,True,505,TRA,TRAV1-2,None,TRAJ33,TRAC,True,True,CAATDSNYQLIW,TGTGCTGCGACTGATAGCAACTATCAGTTAATCTGG,1089,6,clonotype1,clonotype1_consensus_2
ATCCACCGTCGACTGC-1,True,ATCCACCGTCGACTGC-1_contig_2,True,521,TRB,TRBV20-1,None,TRBJ2-1,TRBC2,True,True,CSARVGSEVNEQFF,TGCAGTGCTAGAGTGGGGTCGGAAGTCAATGAGCAGTTCTTC,950,9,clonotype1,clonotype1_consensus_1
ATCCACCGTCTAGAGG-1,True,ATCCACCGTCTAGAGG-1_contig_1,True,505,TRA,TRAV1-2,None,TRAJ33,TRAC,True,True,CAATDSNYQLIW,TGTGCTGCGACTGATAGCAACTATCAGTTAATCTGG,216,2,clonotype1,clonotype1_consensus_2
ATCCACCGTCTAGAGG-1,True,ATCCACCGTCTAGAGG-1_contig_2,True,505,TRB,TRBV20-1,None,TRBJ2-1,TRBC2,True,True,CSARVGSEVNEQFF,TGCAGTGCTAGAGTGGGGTCGGAAGTCAATGAGCAGTTCTTC,941,7,clonotype1,clonotype1_consensus_1
ATCCACCGTCTAGAGG-1,True,ATCCACCGTCTAGAGG-1_contig_3,True,462,TRA,TRAV10,None,TRAJ24,TRAC,True,False,None,None,143,6,clonotype1,None
ATCCACCGTTTGGGCC-1,True,ATCCACCGTTTGGGCC-1_contig_1,True,505,TRA,TRAV1-2,None,TRAJ33,TRAC,True,True,CAATDSNYQLIW,TGTGCTGCGACTGATAGCAACTATCAGTTAATCTGG,367,3,clonotype1,clonotype1_consensus_2
ATCCACCGTTTGGGCC-1,True,ATCCACCGTTTGGGCC-1_contig_2,True,492,TRB,TRBV20-1,None,TRBJ2-1,TRBC2,True,True,CSARVGSEVNEQFF,TGCAGTGCTAGAGTGGGGTCGGAAGTCAATGAGCAGTTCTTC,832,7,clonotype1,clonotype1_consensus_1
ATCCACCTCAATAAGG-1,True,ATCCACCTCAATAAGG-1_contig_1,True,521,TRB,TRBV20-1,None,TRBJ2-1,TRBC2,True,True,CSARVGSEVNEQFF,TGCAGTGCTAGAGTGGGGTCGGAAGTCAATGAGCAGTTCTTC,1250,6,clonotype2,clonotype2_consensus_1
ATCCACCTCAATAAGG-1,True,ATCCACCTCAATAAGG-1_contig_2,True,467,TRA,TRAV10,None,TRAJ24,TRAC,True,False,None,None,248,5,clonotype2,None
ATCCACCTCACCTCGT-1,True,ATCCACCTCACCTCGT-1_contig_1,True,524,TRB,TRBV20-1,None,TRBJ2-1,TRBC2,True,True,CSAKDAGGPYNEQFF,TGCAGTGCTAAGGACGCGGGGGGGCCATACAATGAGCAGTTCTTC,2930,14,clonotype1038,clonotype1038_consensus_2
ATCCACCTCACCTCGT-1,True,ATCCACCTCACCTCGT-1_contig_2,True,539,TRA,TRAV26-1,None,TRAJ44,TRAC,True,True,CIVRVGTGTASKLTF,TGCATCGTCAGAGTCGGGACCGGCACTGCCAGTAAACTCACCTTT,301,2,clonotype1038,clonotype1038_consensus_1
ATCCACCTCACCTCGT-1,True,ATCCACCTCACCTCGT-1_contig_3,True,495,TRA,TRAV12-3,None,TRAJ23,TRAC,True,True,CAIDNQGGKLIF,TGTGCAATAGATAACCAGGGAGGAAAGCTTATCTTC,166,2,clonotype1038,clonotype1038_consensus_3
ATCCACCTCCGTACAA-1,True,ATCCACCTCCGTACAA-1_contig_1,True,505,TRA,TRAV1-2,None,TRAJ33,TRAC,True,True,CAATDSNYQLIW,TGTGCTGCGACTGATAGCAACTATCAGTTAATCTGG,304,5,clonotype1,clonotype1_consensus_2
ATCCACCTCCGTACAA-1,True,ATCCACCTCCGTACAA-1_contig_2,True,521,TRB,TRBV20-1,None,TRBJ2-1,TRBC2,True,True,CSARVGSEVNEQFF,TGCAGTGCTAGAGTGGGGTCGGAAGTCAATGAGCAGTTCTTC,821,7,clonotype1,clonotype1_consensus_1
ATCCACCTCGTATCAG-1,True,ATCCACCTCGTATCAG-1_contig_1,True,482,TRA,TRAV1-2,None,TRAJ33,TRAC,True,True,CAATDSNYQLIW,TGTGCTGCGACTGATAGCAACTATCAGTTAATCTGG,123,3,clonotype1,clonotype1_consensus_2
ATCCACCTCGTATCAG-1,True,ATCCACCTCGTATCAG-1_contig_2,True,498,TRB,TRBV20-1,None,TRBJ2-1,TRBC2,True,True,CSARVGSEVNEQFF,TGCAGTGCTAGAGTGGGGTCGGAAGTCAATGAGCAGTTCTTC,5900,8,clonotype1,clonotype1_consensus_1
ATCCACCTCGTATCAG-1,True,ATCCACCTCGTATCAG-1_contig_3,True,457,TRA,TRAV10,None,TRAJ24,TRAC,True,False,None,None,308,1,clonotype1,None
ATCCACCTCTGGGCCA-1,True,ATCCACCTCTGGGCCA-1_contig_1,True,417,TRB,TRBV20-1,None,TRBJ2-2,None,True,True,CSARPQLTNTGELFF,TGCAGTGCTAGACCCCAACTAACCAACACCGGGGAGCTGTTTTTT,1,1,clonotype1039,clonotype1039_consensus_2
ATCCACCTCTGGGCCA-1,True,ATCCACCTCTGGGCCA-1_contig_2,True,582,TRA,TRAV8-4,None,TRAJ18,TRAC,True,True,CAVSKAPNRGSTLGRLYF,TGTGCTGTGAGTAAGGCTCCCAACAGAGGCTCAACCCTGGGGAGGCTATACTTT,432,10,clonotype1039,clonotype1039_consensus_1
ATCCACCTCTGGGCCA-1,True,ATCCACCTCTGGGCCA-1_contig_3,True,361,TRB,None,None,TRBJ2-1,TRBC2,False,False,None,None,81,1,clonotype1039,None
ATCCACCTCTGGGCCA-1,True,ATCCACCTCTGGGCCA-1_contig_4,True,707,TRB,TRBV5-6,None,TRBJ2-1,TRBC2,True,False,None,None,3092,23,clonotype1039,None
ATCCACCTCTGGGCCA-1,True,ATCCACCTCTGGGCCA-1_contig_5,True,385,TRB,None,None,TRBJ1-4,TRBC1,False,False,None,None,625,7,clonotype1039,None
ATCCGAAAGAGTGACC-1,True,ATCCGAAAGAGTGACC-1_contig_1,True,500,TRA,TRAV1-2,None,TRAJ33,TRAC,True,True,CAATDSNYQLIW,TGTGCTGCGACTGATAGCAACTATCAGTTAATCTGG,362,3,clonotype1,clonotype1_consensus_2
ATCCGAAAGAGTGACC-1,True,ATCCGAAAGAGTGACC-1_contig_2,True,521,TRB,TRBV20-1,None,TRBJ2-1,TRBC2,True,True,CSARVGSEVNEQFF,TGCAGTGCTAGAGTGGGGTCGGAAGTCAATGAGCAGTTCTTC,2303,13,clonotype1,clonotype1_consensus_1
ATCCGAAAGCATGGCA-1,True,ATCCGAAAGCATGGCA-1_contig_1,True,505,TRA,TRAV1-2,None,TRAJ33,TRAC,True,True,CAATDSNYQLIW,TGTGCTGCGACTGATAGCAACTATCAGTTAATCTGG,470,3,clonotype1,clonotype1_consensus_2
ATCCGAAAGCATGGCA-1,True,ATCCGAAAGCATGGCA-1_contig_2,True,498,TRB,TRBV20-1,None,TRBJ2-1,TRBC2,True,True,CSARVGSEVNEQFF,TGCAGTGCTAGAGTGGGGTCGGAAGTCAATGAGCAGTTCTTC,1344,8,clonotype1,clonotype1_consensus_1
ATCCGAAAGCATGGCA-1,True,ATCCGAAAGCATGGCA-1_contig_3,True,469,TRA,TRAV10,None,TRAJ24,TRAC,True,False,None,None,215,1,clonotype1,None
ATCCGAAAGCTCCTCT-1,True,ATCCGAAAGCTCCTCT-1_contig_1,True,498,TRB,TRBV20-1,None,TRBJ2-1,TRBC2,True,True,CSARWLAGVREQFF,TGCAGTGCTAGATGGCTAGCGGGGGTCCGTGAGCAGTTCTTC,1730,9,clonotype121,clonotype121_consensus_2
ATCCGAAAGCTCCTCT-1,True,ATCCGAAAGCTCCTCT-1_contig_2,True,563,TRA,TRAV22,None,TRAJ9,TRAC,True,True,CAVEGTGGFKTIF,TGTGCTGTGGAAGGTACTGGAGGCTTCAAAACTATCTTT,424,3,clonotype121,clonotype121_consensus_1
ATCCGAACAAAGGCGT-1,True,ATCCGAACAAAGGCGT-1_contig_1,True,604,TRA,TRAV36/DV7,None,TRAJ23,TRAC,True,True,CAVVRGKLIF,TGTGCTGTGGTAAGAGGAAAGCTTATCTTC,187,3,clonotype1040,clonotype1040_consensus_2
ATCCGAACAAAGGCGT-1,True,ATCCGAACAAAGGCGT-1_contig_2,True,508,TRB,TRBV20-1,None,TRBJ2-2,TRBC2,True,True,CSAPNAGGSYTGELFF,TGCAGTGCCCCCAACGCGGGGGGGTCGTACACCGGGGAGCTGTTTTTT,620,7,clonotype1040,clonotype1040_consensus_1
ATCCGAACAATGTAAG-1,True,ATCCGAACAATGTAAG-1_contig_1,True,505,TRA,TRAV1-2,None,TRAJ33,TRAC,True,True,CAATDSNYQLIW,TGTGCTGCGACTGATAGCAACTATCAGTTAATCTGG,251,2,clonotype1,clonotype1_consensus_2
ATCCGAACAATGTAAG-1,True,ATCCGAACAATGTAAG-1_contig_2,True,521,TRB,TRBV20-1,None,TRBJ2-1,TRBC2,True,True,CSARVGSEVNEQFF,TGCAGTGCTAGAGTGGGGTCGGAAGTCAATGAGCAGTTCTTC,425,5,clonotype1,clonotype1_consensus_1
ATCCGAACAATGTAAG-1,True,ATCCGAACAATGTAAG-1_contig_3,True,457,TRA,TRAV10,None,TRAJ24,TRAC,True,False,None,None,510,1,clonotype1,None
ATCCGAACACCACGTG-1,True,ATCCGAACACCACGTG-1_contig_1,True,505,TRA,TRAV1-2,None,TRAJ33,TRAC,True,True,CAATDSNYQLIW,TGTGCTGCGACTGATAGCAACTATCAGTTAATCTGG,680,2,clonotype1,clonotype1_consensus_2
ATCCGAACACCACGTG-1,True,ATCCGAACACCACGTG-1_contig_2,True,485,TRB,TRBV20-1,None,TRBJ2-1,TRBC2,True,True,CSARVGSEVNEQFF,TGCAGTGCTAGAGTGGGGTCGGAAGTCAATGAGCAGTTCTTC,2258,7,clonotype1,clonotype1_consensus_1
ATCCGAACACCACGTG-1,True,ATCCGAACACCACGTG-1_contig_3,True,467,TRA,TRAV10,None,TRAJ24,TRAC,True,False,None,None,10474,3,clonotype1,None
ATCCGAACAGTAGAGC-1,True,ATCCGAACAGTAGAGC-1_contig_1,True,505,TRA,TRAV1-2,None,TRAJ33,TRAC,True,True,CAATDSNYQLIW,TGTGCTGCGACTGATAGCAACTATCAGTTAATCTGG,150,2,clonotype1,clonotype1_consensus_2
ATCCGAACAGTAGAGC-1,True,ATCCGAACAGTAGAGC-1_contig_2,True,521,TRB,TRBV20-1,None,TRBJ2-1,TRBC2,True,True,CSARVGSEVNEQFF,TGCAGTGCTAGAGTGGGGTCGGAAGTCAATGAGCAGTTCTTC,1326,6,clonotype1,clonotype1_consensus_1
ATCCGAACAGTAGAGC-1,True,ATCCGAACAGTAGAGC-1_contig_3,True,457,TRA,TRAV10,None,TRAJ24,TRAC,True,False,None,None,359,3,clonotype1,None
ATCCGAACATCGGAAG-1,True,ATCCGAACATCGGAAG-1_contig_1,True,473,TRB,TRBV20-1,None,TRBJ2-1,TRBC2,True,True,CSARVGSEVNEQFF,TGCAGTGCTAGAGTGGGGTCGGAAGTCAATGAGCAGTTCTTC,1214,3,clonotype2,clonotype2_consensus_1
ATCCGAAGTAACGTTC-1,True,ATCCGAAGTAACGTTC-1_contig_1,True,505,TRA,TRAV1-2,None,TRAJ33,TRAC,True,True,CAATDSNYQLIW,TGTGCTGCGACTGATAGCAACTATCAGTTAATCTGG,444,5,clonotype1,clonotype1_consensus_2
ATCCGAAGTAACGTTC-1,True,ATCCGAAGTAACGTTC-1_contig_2,True,521,TRB,TRBV20-1,None,TRBJ2-1,TRBC2,True,True,CSARVGSEVNEQFF,TGCAGTGCTAGAGTGGGGTCGGAAGTCAATGAGCAGTTCTTC,742,4,clonotype1,clonotype1_consensus_1
ATCCGAAGTACCGTTA-1,True,ATCCGAAGTACCGTTA-1_contig_1,True,501,TRB,TRBV20-1,None,TRBJ2-1,TRBC2,True,True,CSASDGTGSYNEQFF,TGCAGTGCTAGCGATGGGACAGGGTCCTACAATGAGCAGTTCTTC,635,4,clonotype1041,clonotype1041_consensus_1
ATCCGAAGTACCGTTA-1,True,ATCCGAAGTACCGTTA-1_contig_2,True,631,TRA,TRAV8-2,None,TRAJ21,TRAC,True,True,CVVSADNFNKFYF,TGTGTTGTGAGTGCGGACAACTTCAACAAATTTTACTTT,2167,4,clonotype1041,clonotype1041_consensus_2
ATCCGAAGTCAGTGGA-1,True,ATCCGAAGTCAGTGGA-1_contig_1,True,521,TRB,TRBV20-1,None,TRBJ2-1,TRBC2,True,True,CSARVGSEVNEQFF,TGCAGTGCTAGAGTGGGGTCGGAAGTCAATGAGCAGTTCTTC,828,6,clonotype2,clonotype2_consensus_1
ATCCGAAGTCTGATCA-1,True,ATCCGAAGTCTGATCA-1_contig_1,True,453,TRA,TRAV13-1,None,TRAJ30,TRAC,True,True,CAASRDDKIIF,TGTGCAGCAAGTCGGGATGACAAGATCATCTTT,3605,7,clonotype1042,clonotype1042_consensus_2
ATCCGAAGTCTGATCA-1,True,ATCCGAAGTCTGATCA-1_contig_2,True,496,TRB,TRBV20-1,None,TRBJ1-6,TRBC1,True,True,CSAREGSYNSPLHF,TGCAGTGCTAGAGAGGGCTCCTATAATTCACCCCTCCACTTT,1239,8,clonotype1042,clonotype1042_consensus_1
ATCCGAAGTGTAATGA-1,True,ATCCGAAGTGTAATGA-1_contig_1,True,505,TRA,TRAV1-2,None,TRAJ33,TRAC,True,True,CAATDSNYQLIW,TGTGCTGCGACTGATAGCAACTATCAGTTAATCTGG,470,3,clonotype1,clonotype1_consensus_2
ATCCGAAGTGTAATGA-1,True,ATCCGAAGTGTAATGA-1_contig_2,True,521,TRB,TRBV20-1,None,TRBJ2-1,TRBC2,True,True,CSARVGSEVNEQFF,TGCAGTGCTAGAGTGGGGTCGGAAGTCAATGAGCAGTTCTTC,1310,5,clonotype1,clonotype1_consensus_1
ATCCGAAGTGTCGCTG-1,True,ATCCGAAGTGTCGCTG-1_contig_1,True,518,TRB,TRBV20-1,None,TRBJ2-1,TRBC2,True,True,CSARVGSEVNEQFF,TGCAGTGCTAGAGTGGGGTCGGAAGTCAATGAGCAGTTCTTC,1156,5,clonotype2,clonotype2_consensus_1
ATCCGAAGTGTCGCTG-1,True,ATCCGAAGTGTCGCTG-1_contig_2,True,465,TRA,TRAV10,None,TRAJ24,TRAC,True,False,None,None,852,2,clonotype2,None
ATCCGAAGTTGCGTTA-1,True,ATCCGAAGTTGCGTTA-1_contig_1,True,521,TRB,TRBV20-1,None,TRBJ2-1,TRBC2,True,True,CSARVGSEVNEQFF,TGCAGTGCTAGAGTGGGGTCGGAAGTCAATGAGCAGTTCTTC,918,7,clonotype2,clonotype2_consensus_1
ATCCGAAGTTGCGTTA-1,True,ATCCGAAGTTGCGTTA-1_contig_2,True,469,TRA,TRAV10,None,TRAJ24,TRAC,True,False,None,None,718,1,clonotype2,None
ATCCGAATCGTTTAGG-1,True,ATCCGAATCGTTTAGG-1_contig_1,True,577,TRA,TRAV26-1,None,TRAJ5,TRAC,True,True,CIVRVLMDTGRRALTF,TGCATCGTCAGAGTCCTAATGGACACGGGCAGGAGAGCACTTACTTTT,203,2,clonotype1043,clonotype1043_consensus_2
ATCCGAATCGTTTAGG-1,True,ATCCGAATCGTTTAGG-1_contig_2,True,498,TRB,TRBV20-1,None,TRBJ1-1,TRBC1,True,True,CSARDQGRNTEAFF,TGCAGTGCTAGAGATCAGGGGAGGAACACTGAAGCTTTCTTT,1823,13,clonotype1043,clonotype1043_consensus_1
ATCCGAATCTCCAGGG-1,True,ATCCGAATCTCCAGGG-1_contig_1,True,509,TRB,TRBV5-5,None,TRBJ1-2,TRBC1,True,True,CASSSSGAGYTF,TGTGCCAGCAGCTCCTCCGGCGCTGGCTACACCTTC,1029,7,clonotype1044,clonotype1044_consensus_1
ATCGAGTAGCTGAACG-1,True,ATCGAGTAGCTGAACG-1_contig_1,True,505,TRA,TRAV1-2,None,TRAJ33,TRAC,True,True,CAATDSNYQLIW,TGTGCTGCGACTGATAGCAACTATCAGTTAATCTGG,460,1,clonotype1,clonotype1_consensus_2
ATCGAGTAGCTGAACG-1,True,ATCGAGTAGCTGAACG-1_contig_2,True,503,TRB,TRBV20-1,None,TRBJ2-1,TRBC2,True,True,CSARVGSEVNEQFF,TGCAGTGCTAGAGTGGGGTCGGAAGTCAATGAGCAGTTCTTC,2453,7,clonotype1,clonotype1_consensus_1
ATCGAGTAGCTGAACG-1,True,ATCGAGTAGCTGAACG-1_contig_3,True,456,TRA,TRAV10,None,TRAJ24,TRAC,True,False,None,None,41,1,clonotype1,None
ATCGAGTAGGATGTAT-1,True,ATCGAGTAGGATGTAT-1_contig_1,True,515,TRB,TRBV20-1,None,TRBJ1-2,TRBC1,True,True,CSARARTGLYTF,TGCAGTGCTAGAGCGAGGACGGGCTTATACACCTTC,3288,17,clonotype95,clonotype95_consensus_2
ATCGAGTAGGATGTAT-1,True,ATCGAGTAGGATGTAT-1_contig_2,True,494,TRA,TRAV38-2/DV8,None,TRAJ24,TRAC,True,True,CAVGSTDSWGKFQF,TGTGCCGTGGGGTCAACTGACAGCTGGGGGAAATTCCAGTTT,2917,19,clonotype95,clonotype95_consensus_1
ATCGAGTAGGATGTAT-1,True,ATCGAGTAGGATGTAT-1_contig_3,True,338,TRB,None,None,TRBJ1-6,TRBC1,False,False,None,None,425,2,clonotype95,None
ATCGAGTAGGATGTAT-1,True,ATCGAGTAGGATGTAT-1_contig_4,True,398,TRB,None,None,TRBJ2-6,TRBC2,False,False,None,None,480,2,clonotype95,None
ATCGAGTAGTTTGCGT-1,True,ATCGAGTAGTTTGCGT-1_contig_1,True,505,TRA,TRAV1-2,None,TRAJ33,TRAC,True,True,CAATDSNYQLIW,TGTGCTGCGACTGATAGCAACTATCAGTTAATCTGG,371,3,clonotype1,clonotype1_consensus_2
ATCGAGTAGTTTGCGT-1,True,ATCGAGTAGTTTGCGT-1_contig_2,True,521,TRB,TRBV20-1,None,TRBJ2-1,TRBC2,True,True,CSARVGSEVNEQFF,TGCAGTGCTAGAGTGGGGTCGGAAGTCAATGAGCAGTTCTTC,1493,11,clonotype1,clonotype1_consensus_1
ATCGAGTCAATGGAAT-1,True,ATCGAGTCAATGGAAT-1_contig_1,True,521,TRB,TRBV20-1,None,TRBJ2-1,TRBC2,True,True,CSARVGSEVNEQFF,TGCAGTGCTAGAGTGGGGTCGGAAGTCAATGAGCAGTTCTTC,228,4,clonotype2,clonotype2_consensus_1
ATCGAGTCAATGGAAT-1,True,ATCGAGTCAATGGAAT-1_contig_2,True,337,TRA,TRAV1-2,None,TRAJ33,TRAC,True,False,CAATDSNYQLIW,TGTGCTGCGACTGATAGCAACTATCAGTTAATCTGG,656,1,clonotype2,None
ATCGAGTCAGATCGGA-1,True,ATCGAGTCAGATCGGA-1_contig_1,True,514,TRB,TRBV20-1,None,TRBJ2-1,TRBC2,True,True,CSARVGSEVNEQFF,TGCAGTGCTAGAGTGGGGTCGGAAGTCAATGAGCAGTTCTTC,2192,8,clonotype2,clonotype2_consensus_1
ATCGAGTGTACCTACA-1,True,ATCGAGTGTACCTACA-1_contig_1,True,505,TRA,TRAV1-2,None,TRAJ33,TRAC,True,True,CAATDSNYQLIW,TGTGCTGCGACTGATAGCAACTATCAGTTAATCTGG,1289,5,clonotype1,clonotype1_consensus_2
ATCGAGTGTACCTACA-1,True,ATCGAGTGTACCTACA-1_contig_2,True,497,TRB,TRBV20-1,None,TRBJ2-1,TRBC2,True,True,CSARVGSEVNEQFF,TGCAGTGCTAGAGTGGGGTCGGAAGTCAATGAGCAGTTCTTC,510,3,clonotype1,clonotype1_consensus_1
ATCGAGTGTACCTACA-1,True,ATCGAGTGTACCTACA-1_contig_3,True,471,TRA,TRAV10,None,TRAJ24,TRAC,True,False,None,None,433,4,clonotype1,None
ATCGAGTGTAGCCTAT-1,True,ATCGAGTGTAGCCTAT-1_contig_1,True,505,TRA,TRAV1-2,None,TRAJ33,TRAC,True,True,CAATDSNYQLIW,TGTGCTGCGACTGATAGCAACTATCAGTTAATCTGG,537,3,clonotype1,clonotype1_consensus_2
ATCGAGTGTAGCCTAT-1,True,ATCGAGTGTAGCCTAT-1_contig_2,True,521,TRB,TRBV20-1,None,TRBJ2-1,TRBC2,True,True,CSARVGSEVNEQFF,TGCAGTGCTAGAGTGGGGTCGGAAGTCAATGAGCAGTTCTTC,2961,10,clonotype1,clonotype1_consensus_1
ATCGAGTGTCATCGGC-1,True,ATCGAGTGTCATCGGC-1_contig_1,True,505,TRA,TRAV1-2,None,TRAJ33,TRAC,True,True,CAATDSNYQLIW,TGTGCTGCGACTGATAGCAACTATCAGTTAATCTGG,79,3,clonotype1,clonotype1_consensus_2
ATCGAGTGTCATCGGC-1,True,ATCGAGTGTCATCGGC-1_contig_2,True,498,TRB,TRBV20-1,None,TRBJ2-1,TRBC2,True,True,CSARVGSEVNEQFF,TGCAGTGCTAGAGTGGGGTCGGAAGTCAATGAGCAGTTCTTC,1152,5,clonotype1,clonotype1_consensus_1
ATCGAGTGTCCATGAT-1,True,ATCGAGTGTCCATGAT-1_contig_1,True,505,TRA,TRAV1-2,None,TRAJ33,TRAC,True,True,CAATDSNYQLIW,TGTGCTGCGACTGATAGCAACTATCAGTTAATCTGG,243,6,clonotype1,clonotype1_consensus_2
ATCGAGTGTCCATGAT-1,True,ATCGAGTGTCCATGAT-1_contig_2,True,521,TRB,TRBV20-1,None,TRBJ2-1,TRBC2,True,True,CSARVGSEVNEQFF,TGCAGTGCTAGAGTGGGGTCGGAAGTCAATGAGCAGTTCTTC,1368,7,clonotype1,clonotype1_consensus_1
ATCGAGTGTCTAGCGC-1,True,ATCGAGTGTCTAGCGC-1_contig_1,True,586,TRA,TRAV41,None,TRAJ42,TRAC,True,True,CAVSVRGSQGNLIF,TGTGCTGTCAGCGTCAGGGGAAGCCAAGGAAATCTCATCTTT,229,2,clonotype1045,clonotype1045_consensus_2
ATCGAGTGTCTAGCGC-1,True,ATCGAGTGTCTAGCGC-1_contig_2,True,497,TRB,TRBV5-5,None,TRBJ2-7,TRBC2,True,True,CASSPGYGYEQYF,TGTGCCAGCAGCCCAGGCTACGGCTACGAGCAGTACTTC,585,6,clonotype1045,clonotype1045_consensus_1
ATCGAGTGTTCCCTTG-1,True,ATCGAGTGTTCCCTTG-1_contig_1,True,505,TRA,TRAV1-2,None,TRAJ33,TRAC,True,True,CAATDSNYQLIW,TGTGCTGCGACTGATAGCAACTATCAGTTAATCTGG,122,2,clonotype1,clonotype1_consensus_2
ATCGAGTGTTCCCTTG-1,True,ATCGAGTGTTCCCTTG-1_contig_2,True,521,TRB,TRBV20-1,None,TRBJ2-1,TRBC2,True,True,CSARVGSEVNEQFF,TGCAGTGCTAGAGTGGGGTCGGAAGTCAATGAGCAGTTCTTC,888,6,clonotype1,clonotype1_consensus_1
ATCGAGTTCACATACG-1,True,ATCGAGTTCACATACG-1_contig_1,True,505,TRA,TRAV1-2,None,TRAJ33,TRAC,True,True,CAATDSNYQLIW,TGTGCTGCGACTGATAGCAACTATCAGTTAATCTGG,474,6,clonotype1,clonotype1_consensus_2
ATCGAGTTCACATACG-1,True,ATCGAGTTCACATACG-1_contig_2,True,521,TRB,TRBV20-1,None,TRBJ2-1,TRBC2,True,True,CSARVGSEVNEQFF,TGCAGTGCTAGAGTGGGGTCGGAAGTCAATGAGCAGTTCTTC,1116,9,clonotype1,clonotype1_consensus_1
ATCGAGTTCACATACG-1,True,ATCGAGTTCACATACG-1_contig_3,True,517,TRA,TRAV10,None,TRAJ24,TRAC,True,False,None,None,73,3,clonotype1,None
ATCGAGTTCGGACAAG-1,True,ATCGAGTTCGGACAAG-1_contig_1,True,505,TRA,TRAV1-2,None,TRAJ33,TRAC,True,True,CAATDSNYQLIW,TGTGCTGCGACTGATAGCAACTATCAGTTAATCTGG,597,1,clonotype1,clonotype1_consensus_2
ATCGAGTTCGGACAAG-1,True,ATCGAGTTCGGACAAG-1_contig_2,True,521,TRB,TRBV20-1,None,TRBJ2-1,TRBC2,True,True,CSARVGSEVNEQFF,TGCAGTGCTAGAGTGGGGTCGGAAGTCAATGAGCAGTTCTTC,760,6,clonotype1,clonotype1_consensus_1
ATCGAGTTCGGACAAG-1,True,ATCGAGTTCGGACAAG-1_contig_3,True,460,TRA,TRAV10,None,TRAJ24,TRAC,True,False,None,None,207,1,clonotype1,None
ATCTACTAGAGCTGGT-1,True,ATCTACTAGAGCTGGT-1_contig_1,True,498,TRB,TRBV20-1,None,TRBJ2-1,TRBC2,True,True,CSARVGSEVNEQFF,TGCAGTGCTAGAGTGGGGTCGGAAGTCAATGAGCAGTTCTTC,780,6,clonotype2,clonotype2_consensus_1
ATCTACTAGCGATAGC-1,True,ATCTACTAGCGATAGC-1_contig_1,True,505,TRA,TRAV1-2,None,TRAJ33,TRAC,True,True,CAATDSNYQLIW,TGTGCTGCGACTGATAGCAACTATCAGTTAATCTGG,507,2,clonotype1,clonotype1_consensus_2
ATCTACTAGCGATAGC-1,True,ATCTACTAGCGATAGC-1_contig_2,True,521,TRB,TRBV20-1,None,TRBJ2-1,TRBC2,True,True,CSARVGSEVNEQFF,TGCAGTGCTAGAGTGGGGTCGGAAGTCAATGAGCAGTTCTTC,2688,6,clonotype1,clonotype1_consensus_1
ATCTACTAGCGATAGC-1,True,ATCTACTAGCGATAGC-1_contig_3,True,309,TRA,None,None,TRAJ18,TRAC,False,False,None,None,5900,1,clonotype1,None
ATCTACTAGGAGTAGA-1,True,ATCTACTAGGAGTAGA-1_contig_1,True,489,TRB,TRBV20-1,None,TRBJ1-5,TRBC1,True,True,CSASRAPNQPQHF,TGCAGTGCTAGTAGGGCGCCCAATCAGCCCCAGCATTTT,1486,9,clonotype1046,clonotype1046_consensus_2
ATCTACTAGGAGTAGA-1,True,ATCTACTAGGAGTAGA-1_contig_2,True,514,TRA,TRAV20,None,TRAJ53,TRAC,True,True,CAVQAIGGGSNYKLTF,TGTGCTGTGCAGGCCATAGGCGGAGGTAGCAACTATAAACTGACATTT,3371,2,clonotype1046,clonotype1046_consensus_1
ATCTACTCAACGCACC-1,True,ATCTACTCAACGCACC-1_contig_1,True,512,TRA,TRAV13-2,None,TRAJ6,TRAC,True,True,CAETPLGGSYIPTF,TGTGCAGAGACTCCCCTGGGTGGAAGCTACATACCTACATTT,550,2,clonotype1047,clonotype1047_consensus_2
ATCTACTCAACGCACC-1,True,ATCTACTCAACGCACC-1_contig_2,True,498,TRB,TRBV20-1,None,TRBJ2-3,TRBC2,True,True,CSARDTGYTDTQYF,TGCAGTGCTAGAGACACAGGCTACACAGATACGCAGTATTTT,826,6,clonotype1047,clonotype1047_consensus_3
ATCTACTCAACGCACC-1,True,ATCTACTCAACGCACC-1_contig_3,True,621,TRA,TRAV3,None,TRAJ17,TRAC,True,True,CAVRKSKAAGNKLTF,TGTGCTGTGAGAAAGAGCAAAGCTGCAGGCAACAAGCTAACTTTT,482,3,clonotype1047,clonotype1047_consensus_1
ATCTACTCAAGTTGTC-1,True,ATCTACTCAAGTTGTC-1_contig_1,True,505,TRA,TRAV1-2,None,TRAJ33,TRAC,True,True,CAATDSNYQLIW,TGTGCTGCGACTGATAGCAACTATCAGTTAATCTGG,426,4,clonotype1,clonotype1_consensus_2
ATCTACTCAAGTTGTC-1,True,ATCTACTCAAGTTGTC-1_contig_2,True,521,TRB,TRBV20-1,None,TRBJ2-1,TRBC2,True,True,CSARVGSEVNEQFF,TGCAGTGCTAGAGTGGGGTCGGAAGTCAATGAGCAGTTCTTC,1708,8,clonotype1,clonotype1_consensus_1
ATCTACTCAAGTTGTC-1,True,ATCTACTCAAGTTGTC-1_contig_3,True,482,TRA,TRAV10,None,TRAJ24,TRAC,True,False,None,None,313,3,clonotype1,None
ATCTACTCACAGCCCA-1,True,ATCTACTCACAGCCCA-1_contig_1,True,505,TRA,TRAV1-2,None,TRAJ33,TRAC,True,True,CAATDSNYQLIW,TGTGCTGCGACTGATAGCAACTATCAGTTAATCTGG,236,2,clonotype1,clonotype1_consensus_2
ATCTACTCACAGCCCA-1,True,ATCTACTCACAGCCCA-1_contig_2,True,521,TRB,TRBV20-1,None,TRBJ2-1,TRBC2,True,True,CSARVGSEVNEQFF,TGCAGTGCTAGAGTGGGGTCGGAAGTCAATGAGCAGTTCTTC,1577,10,clonotype1,clonotype1_consensus_1
ATCTACTCACAGCCCA-1,True,ATCTACTCACAGCCCA-1_contig_3,True,482,TRA,TRAV10,None,TRAJ24,TRAC,True,False,None,None,565,4,clonotype1,None
ATCTACTCACGGCGTT-1,True,ATCTACTCACGGCGTT-1_contig_1,True,515,TRB,TRBV20-1,None,TRBJ2-5,TRBC2,True,True,CSARTGQETQYF,TGCAGTGCTAGAACGGGGCAAGAGACCCAGTACTTC,1135,7,clonotype1048,clonotype1048_consensus_2
ATCTACTCACGGCGTT-1,True,ATCTACTCACGGCGTT-1_contig_2,True,607,TRA,TRAV8-6,None,TRAJ29,TRAC,True,True,CAVRGRGNTPLVF,TGTGCTGTGAGGGGGCGTGGAAACACACCTCTTGTCTTT,307,3,clonotype1048,clonotype1048_consensus_1
ATCTACTCACGGCGTT-1,True,ATCTACTCACGGCGTT-1_contig_3,True,453,TRA,None,None,TRAJ37,TRAC,False,False,None,None,2307,4,clonotype1048,None
ATCTACTCACGGCGTT-1,True,ATCTACTCACGGCGTT-1_contig_4,True,399,TRB,None,None,TRBJ1-5,TRBC1,False,False,None,None,583,3,clonotype1048,None
ATCTACTCATATACGC-1,True,ATCTACTCATATACGC-1_contig_1,True,626,TRA,TRAV41,None,TRAJ48,TRAC,True,True,CAVIRLTSNFGNEKLTF,TGTGCTGTCATTAGGCTAACATCTAACTTTGGAAATGAGAAATTAACCTTT,475,3,clonotype235,clonotype235_consensus_1
ATCTACTCATATACGC-1,True,ATCTACTCATATACGC-1_contig_2,True,521,TRB,TRBV20-1,None,TRBJ1-1,TRBC1,True,True,CSAGGWQEDTEAFF,TGCAGTGCTGGGGGTTGGCAAGAGGACACTGAAGCTTTCTTT,566,3,clonotype235,clonotype235_consensus_2
ATCTACTCATCAGTCA-1,True,ATCTACTCATCAGTCA-1_contig_1,True,702,TRB,TRBV5-6,None,TRBJ1-5,TRBC1,True,True,CASSLYPGSINQPQHF,TGTGCCAGCAGCTTGTATCCTGGGAGCATAAATCAGCCCCAGCATTTT,598,6,clonotype1049,clonotype1049_consensus_2
ATCTACTCATCAGTCA-1,True,ATCTACTCATCAGTCA-1_contig_2,True,520,TRA,TRAV14/DV4,None,TRAJ40,TRAC,True,True,CAMIRSGTYKYIF,TGTGCAATGATCCGCTCAGGAACCTACAAATACATCTTT,125,2,clonotype1049,clonotype1049_consensus_1
ATCTACTCATCAGTCA-1,True,ATCTACTCATCAGTCA-1_contig_3,True,390,TRB,TRBV12-3,None,TRBJ1-2,TRBC1,True,False,None,None,167,2,clonotype1049,None
ATCTACTGTACCGGCT-1,True,ATCTACTGTACCGGCT-1_contig_1,True,571,TRA,TRAV29/DV5,None,TRAJ57,TRAC,True,True,CAASGFGGSEKLVF,TGTGCAGCAAGCGGGTTTGGCGGATCTGAAAAGCTGGTCTTT,737,4,clonotype1050,clonotype1050_consensus_2
ATCTACTGTACCGGCT-1,True,ATCTACTGTACCGGCT-1_contig_2,True,514,TRB,TRBV5-5,None,TRBJ1-6,TRBC1,True,True,CASSPLGTVNSPLHF,TGTGCCAGCAGCCCGCTTGGGACAGTCAATTCACCCCTCCACTTT,4363,16,clonotype1050,clonotype1050_consensus_1
ATCTACTGTCCTCCAT-1,True,ATCTACTGTCCTCCAT-1_contig_1,True,533,TRB,TRBV20-1,None,TRBJ1-1,TRBC1,True,True,CSASKYQEGSYMNTEAFF,TGCAGTGCTAGTAAGTATCAAGAGGGGTCCTACATGAACACTGAAGCTTTCTTT,1691,4,clonotype40,clonotype40_consensus_2
ATCTACTGTCCTCCAT-1,True,ATCTACTGTCCTCCAT-1_contig_2,True,563,TRA,TRAV22,None,TRAJ17,TRAC,True,True,CAVWKAAGNKLTF,TGTGCTGTGTGGAAAGCTGCAGGCAACAAGCTAACTTTT,82,1,clonotype40,clonotype40_consensus_1
ATCTACTGTCTCCATC-1,True,ATCTACTGTCTCCATC-1_contig_1,True,506,TRA,TRAV35,None,TRAJ40,TRAC,True,True,CAGRPDSGTYKYIF,TGTGCTGGTCGCCCGGACTCAGGAACCTACAAATACATCTTT,793,2,clonotype10,clonotype10_consensus_2
ATCTACTGTCTCCATC-1,True,ATCTACTGTCTCCATC-1_contig_2,True,499,TRB,TRBV20-1,None,TRBJ1-2,TRBC1,True,True,CSARDQTGVNYGYTF,TGCAGTGCTAGAGACCAGACAGGGGTTAACTATGGCTACACCTTC,1769,6,clonotype10,clonotype10_consensus_1
ATCTACTGTCTCCATC-1,True,ATCTACTGTCTCCATC-1_contig_3,True,499,TRA,TRAV16,None,TRAJ20,TRAC,True,False,None,None,279,4,clonotype10,None
ATCTACTGTGACTCAT-1,True,ATCTACTGTGACTCAT-1_contig_1,True,492,TRB,TRBV20-1,None,TRBJ2-4,TRBC2,True,True,CSARVTGGRNIQYF,TGCAGTGCTAGAGTGACAGGGGGACGGAACATTCAGTACTTC,528,7,clonotype1051,clonotype1051_consensus_2
ATCTACTGTGACTCAT-1,True,ATCTACTGTGACTCAT-1_contig_2,True,498,TRA,TRAV9-2,None,TRAJ39,TRAC,True,True,CALSLAGNAGNMLTF,TGTGCTCTGAGTTTGGCGGGGAATGCAGGCAACATGCTCACCTTT,510,3,clonotype1051,clonotype1051_consensus_1
ATCTACTGTGACTCAT-1,True,ATCTACTGTGACTCAT-1_contig_3,True,442,TRA,TRAV13-1,None,TRAJ47,TRAC,True,False,None,None,390,3,clonotype1051,None
ATCTACTGTGCGAAAC-1,True,ATCTACTGTGCGAAAC-1_contig_1,True,519,TRB,TRBV5-5,None,TRBJ1-4,TRBC1,True,True,CASSHPGPNYATNEKLFF,TGTGCCAGCAGCCATCCCGGACCGAACTACGCAACTAATGAAAAACTGTTTTTT,829,5,clonotype4,clonotype4_consensus_1
ATCTACTGTGGGTATG-1,True,ATCTACTGTGGGTATG-1_contig_1,True,524,TRB,TRBV20-1,None,TRBJ1-6,TRBC1,True,True,CSARTGGAPNSPLHF,TGCAGTGCGAGGACAGGGGGCGCCCCAAATTCACCCCTCCACTTT,2109,6,clonotype1052,clonotype1052_consensus_2
ATCTACTGTGGGTATG-1,True,ATCTACTGTGGGTATG-1_contig_2,True,571,TRA,TRAV19,None,TRAJ45,TRAC,True,True,CALTHYSGGGADGLTF,TGTGCTCTGACTCACTATTCAGGAGGAGGTGCTGACGGACTCACCTTT,648,6,clonotype1052,clonotype1052_consensus_1
ATCTACTTCCAACCAA-1,True,ATCTACTTCCAACCAA-1_contig_1,True,505,TRA,TRAV1-2,None,TRAJ33,TRAC,True,True,CAATDSNYQLIW,TGTGCTGCGACTGATAGCAACTATCAGTTAATCTGG,119,8,clonotype1,clonotype1_consensus_2
ATCTACTTCCAACCAA-1,True,ATCTACTTCCAACCAA-1_contig_2,True,498,TRB,TRBV20-1,None,TRBJ2-1,TRBC2,True,True,CSARVGSEVNEQFF,TGCAGTGCTAGAGTGGGGTCGGAAGTCAATGAGCAGTTCTTC,1542,5,clonotype1,clonotype1_consensus_1
ATCTACTTCCAGAGGA-1,True,ATCTACTTCCAGAGGA-1_contig_1,True,505,TRA,TRAV1-2,None,TRAJ33,TRAC,True,True,CAATDSNYQLIW,TGTGCTGCGACTGATAGCAACTATCAGTTAATCTGG,427,2,clonotype1,clonotype1_consensus_2
ATCTACTTCCAGAGGA-1,True,ATCTACTTCCAGAGGA-1_contig_2,True,498,TRB,TRBV20-1,None,TRBJ2-1,TRBC2,True,True,CSARVGSEVNEQFF,TGCAGTGCTAGAGTGGGGTCGGAAGTCAATGAGCAGTTCTTC,556,5,clonotype1,clonotype1_consensus_1
ATCTACTTCCAGAGGA-1,True,ATCTACTTCCAGAGGA-1_contig_3,True,482,TRA,TRAV10,None,TRAJ24,TRAC,True,False,None,None,356,3,clonotype1,None
ATCTACTTCCATTCTA-1,True,ATCTACTTCCATTCTA-1_contig_1,True,515,TRB,TRBV20-1,None,TRBJ2-7,TRBC2,True,True,CSAPQGAIRQYF,TGCAGTGCCCCACAGGGGGCGATACGGCAGTACTTC,609,6,clonotype1053,clonotype1053_consensus_1
ATCTACTTCGGCGCAT-1,True,ATCTACTTCGGCGCAT-1_contig_1,True,493,TRA,TRAV1-2,None,TRAJ33,TRAC,True,True,CAATDSNYQLIW,TGTGCTGCGACTGATAGCAACTATCAGTTAATCTGG,149,1,clonotype1,clonotype1_consensus_2
ATCTACTTCGGCGCAT-1,True,ATCTACTTCGGCGCAT-1_contig_2,True,498,TRB,TRBV20-1,None,TRBJ2-1,TRBC2,True,True,CSARVGSEVNEQFF,TGCAGTGCTAGAGTGGGGTCGGAAGTCAATGAGCAGTTCTTC,1707,6,clonotype1,clonotype1_consensus_1
ATCTACTTCGGCGCTA-1,True,ATCTACTTCGGCGCTA-1_contig_1,True,527,TRB,TRBV20-1,None,TRBJ2-2,TRBC2,True,True,CSARDRRTANTGELFF,TGCAGTGCTAGAGATCGGAGGACAGCGAACACCGGGGAGCTGTTTTTT,1405,10,clonotype1054,clonotype1054_consensus_1
ATCTACTTCGGCGCTA-1,True,ATCTACTTCGGCGCTA-1_contig_2,True,490,TRA,TRAV21,None,TRAJ49,TRAC,True,True,CAVRSEPTAGNQFYF,TGTGCTGTGAGGAGTGAGCCCACAGCCGGTAACCAGTTCTATTTT,173,4,clonotype1054,clonotype1054_consensus_2
ATCTACTTCTGCGGCA-1,True,ATCTACTTCTGCGGCA-1_contig_1,True,560,TRA,TRAV12-1,None,TRAJ23,TRAC,True,True,CVVNIQNQGGKLIF,TGTGTGGTGAACATACAGAACCAGGGAGGAAAGCTTATCTTC,546,2,clonotype1055,clonotype1055_consensus_1
ATCTACTTCTGCGGCA-1,True,ATCTACTTCTGCGGCA-1_contig_2,True,649,TRB,TRBV5-6,None,TRBJ1-1,TRBC1,True,True,CASSLGRINTEAFF,TGTGCCAGCAGCTTGGGACGGATAAACACTGAAGCTTTCTTT,715,4,clonotype1055,clonotype1055_consensus_2
ATCTGCCAGAATGTTG-1,True,ATCTGCCAGAATGTTG-1_contig_1,True,521,TRB,TRBV20-1,None,TRBJ2-1,TRBC2,True,True,CSARVGSEVNEQFF,TGCAGTGCTAGAGTGGGGTCGGAAGTCAATGAGCAGTTCTTC,1149,10,clonotype2,clonotype2_consensus_1
ATCTGCCAGGCTCTTA-1,True,ATCTGCCAGGCTCTTA-1_contig_1,True,505,TRA,TRAV1-2,None,TRAJ33,TRAC,True,True,CAATDSNYQLIW,TGTGCTGCGACTGATAGCAACTATCAGTTAATCTGG,278,3,clonotype1,clonotype1_consensus_2
ATCTGCCAGGCTCTTA-1,True,ATCTGCCAGGCTCTTA-1_contig_2,True,521,TRB,TRBV20-1,None,TRBJ2-1,TRBC2,True,True,CSARVGSEVNEQFF,TGCAGTGCTAGAGTGGGGTCGGAAGTCAATGAGCAGTTCTTC,1110,8,clonotype1,clonotype1_consensus_1
ATCTGCCAGTACTTGC-1,True,ATCTGCCAGTACTTGC-1_contig_1,True,505,TRA,TRAV1-2,None,TRAJ33,TRAC,True,True,CAATDSNYQLIW,TGTGCTGCGACTGATAGCAACTATCAGTTAATCTGG,368,2,clonotype1,clonotype1_consensus_2
ATCTGCCAGTACTTGC-1,True,ATCTGCCAGTACTTGC-1_contig_2,True,521,TRB,TRBV20-1,None,TRBJ2-1,TRBC2,True,True,CSARVGSEVNEQFF,TGCAGTGCTAGAGTGGGGTCGGAAGTCAATGAGCAGTTCTTC,2429,10,clonotype1,clonotype1_consensus_1
ATCTGCCAGTACTTGC-1,True,ATCTGCCAGTACTTGC-1_contig_3,True,457,TRA,TRAV10,None,TRAJ24,TRAC,True,False,None,None,216,3,clonotype1,None
ATCTGCCAGTAGGTGC-1,True,ATCTGCCAGTAGGTGC-1_contig_1,True,635,TRB,TRBV5-5,None,TRBJ1-1,TRBC1,True,True,CASSLVLDTEAFF,TGTGCCAGCAGCTTGGTGTTGGACACTGAAGCTTTCTTT,2004,6,clonotype1056,clonotype1056_consensus_1
ATCTGCCAGTAGGTGC-1,True,ATCTGCCAGTAGGTGC-1_contig_2,True,426,TRA,TRAV26-1,None,TRAJ23,TRAC,True,False,CIVTYNQGGKLIF,TGCATCGTTACTTATAACCAGGGAGGAAAGCTTATCTTC,124,1,clonotype1056,None
ATCTGCCCACAAGCCC-1,True,ATCTGCCCACAAGCCC-1_contig_1,True,498,TRB,TRBV20-1,None,TRBJ2-1,TRBC2,True,True,CSARVGSEVNEQFF,TGCAGTGCTAGAGTGGGGTCGGAAGTCAATGAGCAGTTCTTC,501,4,clonotype2,clonotype2_consensus_1
ATCTGCCCACAAGCCC-1,True,ATCTGCCCACAAGCCC-1_contig_2,True,482,TRA,TRAV10,None,TRAJ24,TRAC,True,False,None,None,611,2,clonotype2,None
ATCTGCCCAGGTCTCG-1,True,ATCTGCCCAGGTCTCG-1_contig_1,True,521,TRB,TRBV20-1,None,TRBJ1-1,TRBC1,True,True,CSAGQVTMNTEAFF,TGCAGTGCTGGACAGGTGACAATGAACACTGAAGCTTTCTTT,747,7,clonotype76,clonotype76_consensus_1
ATCTGCCCAGGTCTCG-1,True,ATCTGCCCAGGTCTCG-1_contig_2,True,568,TRA,TRAV19,None,TRAJ33,TRAC,True,True,CALSGGSWSNYQLIW,TGTGCTCTGAGTGGGGGGTCGTGGAGCAACTATCAGTTAATCTGG,148,2,clonotype76,clonotype76_consensus_2
ATCTGCCCAGGTCTCG-1,True,ATCTGCCCAGGTCTCG-1_contig_3,True,513,TRA,TRAV14/DV4,None,TRAJ13,TRAC,True,False,None,None,434,4,clonotype76,None
ATCTGCCCATGAGCGA-1,True,ATCTGCCCATGAGCGA-1_contig_1,True,505,TRA,TRAV1-2,None,TRAJ33,TRAC,True,True,CAATDSNYQLIW,TGTGCTGCGACTGATAGCAACTATCAGTTAATCTGG,1416,5,clonotype1,clonotype1_consensus_2
ATCTGCCCATGAGCGA-1,True,ATCTGCCCATGAGCGA-1_contig_2,True,486,TRB,TRBV20-1,None,TRBJ2-1,TRBC2,True,True,CSARVGSEVNEQFF,TGCAGTGCTAGAGTGGGGTCGGAAGTCAATGAGCAGTTCTTC,1628,7,clonotype1,clonotype1_consensus_1
ATCTGCCGTAAACGCG-1,True,ATCTGCCGTAAACGCG-1_contig_1,True,521,TRB,TRBV20-1,None,TRBJ2-1,TRBC2,True,True,CSARVGSEVNEQFF,TGCAGTGCTAGAGTGGGGTCGGAAGTCAATGAGCAGTTCTTC,2147,8,clonotype2,clonotype2_consensus_1
ATCTGCCGTAAACGCG-1,True,ATCTGCCGTAAACGCG-1_contig_2,True,457,TRA,TRAV10,None,TRAJ24,TRAC,True,False,None,None,146,3,clonotype2,None
ATCTGCCGTCGATTGT-1,True,ATCTGCCGTCGATTGT-1_contig_1,True,515,TRB,TRBV20-1,None,TRBJ1-6,TRBC1,True,True,CSARQGNSPLHF,TGCAGTGCTAGACAGGGGAATTCACCCCTCCACTTT,1317,8,clonotype61,clonotype61_consensus_2
ATCTGCCGTCGATTGT-1,True,ATCTGCCGTCGATTGT-1_contig_2,True,459,TRA,TRAV13-1,None,TRAJ15,TRAC,True,True,CAASNQAGTALIF,TGTGCAGCAAGTAACCAGGCAGGAACTGCTCTGATCTTT,437,2,clonotype61,clonotype61_consensus_1
ATCTGCCGTCGATTGT-1,True,ATCTGCCGTCGATTGT-1_contig_3,True,549,TRA,TRAV5,None,TRAJ34,TRAC,True,False,None,None,654,1,clonotype61,None
ATCTGCCGTGAACCTT-1,True,ATCTGCCGTGAACCTT-1_contig_1,True,505,TRA,TRAV1-2,None,TRAJ33,TRAC,True,True,CAATDSNYQLIW,TGTGCTGCGACTGATAGCAACTATCAGTTAATCTGG,300,4,clonotype1,clonotype1_consensus_2
ATCTGCCGTGAACCTT-1,True,ATCTGCCGTGAACCTT-1_contig_2,True,495,TRB,TRBV20-1,None,TRBJ2-1,TRBC2,True,True,CSARVGSEVNEQFF,TGCAGTGCTAGAGTGGGGTCGGAAGTCAATGAGCAGTTCTTC,1143,5,clonotype1,clonotype1_consensus_1
ATCTGCCGTGCAGGTA-1,True,ATCTGCCGTGCAGGTA-1_contig_1,True,492,TRB,TRBV20-1,None,TRBJ1-2,TRBC1,True,True,CSATGSNYGYTF,TGCAGTGCTACCGGGTCTAACTATGGCTACACCTTC,1780,8,clonotype1057,clonotype1057_consensus_1
ATCTGCCGTGTAAGTA-1,True,ATCTGCCGTGTAAGTA-1_contig_1,True,492,TRB,TRBV20-1,None,TRBJ1-5,TRBC1,True,True,CSASPGGQPQHF,TGCAGTGCTTCTCCGGGGGGTCAGCCCCAGCATTTT,2520,10,clonotype1058,clonotype1058_consensus_1
ATCTGCCGTGTAAGTA-1,True,ATCTGCCGTGTAAGTA-1_contig_2,True,491,TRA,TRAV1-2,None,TRAJ33,None,True,False,CAVRP,TGTGCTGTGAGACCC,34,2,clonotype1058,None
ATCTGCCTCACCTCGT-1,True,ATCTGCCTCACCTCGT-1_contig_1,True,505,TRA,TRAV1-2,None,TRAJ33,TRAC,True,True,CAATDSNYQLIW,TGTGCTGCGACTGATAGCAACTATCAGTTAATCTGG,423,2,clonotype1,clonotype1_consensus_2
ATCTGCCTCACCTCGT-1,True,ATCTGCCTCACCTCGT-1_contig_2,True,521,TRB,TRBV20-1,None,TRBJ2-1,TRBC2,True,True,CSARVGSEVNEQFF,TGCAGTGCTAGAGTGGGGTCGGAAGTCAATGAGCAGTTCTTC,2169,13,clonotype1,clonotype1_consensus_1
ATCTGCCTCAGCGATT-1,True,ATCTGCCTCAGCGATT-1_contig_1,True,505,TRA,TRAV1-2,None,TRAJ33,TRAC,True,True,CAATDSNYQLIW,TGTGCTGCGACTGATAGCAACTATCAGTTAATCTGG,229,2,clonotype1,clonotype1_consensus_2
ATCTGCCTCAGCGATT-1,True,ATCTGCCTCAGCGATT-1_contig_2,True,473,TRB,TRBV20-1,None,TRBJ2-1,TRBC2,True,True,CSARVGSEVNEQFF,TGCAGTGCTAGAGTGGGGTCGGAAGTCAATGAGCAGTTCTTC,1331,6,clonotype1,clonotype1_consensus_1
ATCTGCCTCCACTCCA-1,True,ATCTGCCTCCACTCCA-1_contig_1,True,498,TRB,TRBV20-1,None,TRBJ1-3,TRBC1,True,True,CSARDFRAASGNTIYF,TGCAGTGCTAGAGATTTCCGGGCCGCCTCTGGAAACACCATATATTTT,1267,5,clonotype1059,clonotype1059_consensus_1
ATCTGCCTCCCAAGTA-1,True,ATCTGCCTCCCAAGTA-1_contig_1,True,502,TRA,TRAV1-2,None,TRAJ30,TRAC,True,True,CAVRDLREIIF,TGTGCTGTGAGAGATCTTCGGGAGATCATCTTT,192,3,clonotype3,clonotype3_consensus_2
ATCTGCCTCCCAAGTA-1,True,ATCTGCCTCCCAAGTA-1_contig_2,True,537,TRB,TRBV5-5,None,TRBJ1-4,TRBC1,True,True,CASSHPGPNYATNEKLFF,TGTGCCAGCAGCCATCCCGGACCGAACTACGCAACTAATGAAAAACTGTTTTTT,2769,9,clonotype3,clonotype3_consensus_1
ATCTGCCTCCCTCAGT-1,True,ATCTGCCTCCCTCAGT-1_contig_1,True,654,TRB,TRBV5-6,None,TRBJ1-1,TRBC1,True,True,CASSLLTEAFF,TGTGCCAGCAGCCTTCTCACTGAAGCTTTCTTT,1536,6,clonotype1060,clonotype1060_consensus_2
ATCTGCCTCCCTCAGT-1,True,ATCTGCCTCCCTCAGT-1_contig_2,True,498,TRA,TRAV12-3,None,TRAJ29,TRAC,True,True,CAMSRGGNTPLVF,TGTGCAATGAGCCGGGGAGGAAACACACCTCTTGTCTTT,352,3,clonotype1060,clonotype1060_consensus_1
ATCTGCCTCCCTCAGT-1,True,ATCTGCCTCCCTCAGT-1_contig_3,True,394,TRB,None,None,TRBJ2-6,TRBC2,False,False,None,None,972,3,clonotype1060,None
ATCTGCCTCGCTGATA-1,True,ATCTGCCTCGCTGATA-1_contig_1,True,494,TRB,TRBV20-1,None,TRBJ2-1,TRBC2,True,True,CSARVGSEVNEQFF,TGCAGTGCTAGAGTGGGGTCGGAAGTCAATGAGCAGTTCTTC,2069,6,clonotype2,clonotype2_consensus_1
ATCTGCCTCGCTGATA-1,True,ATCTGCCTCGCTGATA-1_contig_2,True,467,TRA,TRAV10,None,TRAJ24,TRAC,True,False,None,None,494,3,clonotype2,None
ATGAGGGAGAACTGTA-1,True,ATGAGGGAGAACTGTA-1_contig_1,True,521,TRB,TRBV20-1,None,TRBJ2-1,TRBC2,True,True,CSARVGSEVNEQFF,TGCAGTGCTAGAGTGGGGTCGGAAGTCAATGAGCAGTTCTTC,2320,6,clonotype2,clonotype2_consensus_1
ATGAGGGAGAACTGTA-1,True,ATGAGGGAGAACTGTA-1_contig_2,True,364,TRA,TRAV1-2,None,TRAJ33,TRAC,True,False,CAATDSNYQLIW,TGTGCTGCGACTGATAGCAACTATCAGTTAATCTGG,75,5,clonotype2,None
ATGAGGGAGCGATTCT-1,True,ATGAGGGAGCGATTCT-1_contig_1,True,505,TRA,TRAV1-2,None,TRAJ33,TRAC,True,True,CAATDSNYQLIW,TGTGCTGCGACTGATAGCAACTATCAGTTAATCTGG,153,2,clonotype1,clonotype1_consensus_2
ATGAGGGAGCGATTCT-1,True,ATGAGGGAGCGATTCT-1_contig_2,True,498,TRB,TRBV20-1,None,TRBJ2-1,TRBC2,True,True,CSARVGSEVNEQFF,TGCAGTGCTAGAGTGGGGTCGGAAGTCAATGAGCAGTTCTTC,591,4,clonotype1,clonotype1_consensus_1
ATGAGGGAGCGATTCT-1,True,ATGAGGGAGCGATTCT-1_contig_3,True,457,TRA,TRAV10,None,TRAJ24,TRAC,True,False,None,None,4425,2,clonotype1,None
ATGAGGGAGGAGTAGA-1,True,ATGAGGGAGGAGTAGA-1_contig_1,True,536,TRB,TRBV5-5,None,TRBJ1-4,TRBC1,True,True,CASSHPGPNYATNEKLFF,TGTGCCAGCAGCCATCCCGGACCGAACTACGCAACTAATGAAAAACTGTTTTTT,2907,7,clonotype4,clonotype4_consensus_1
ATGAGGGAGGAGTAGA-1,True,ATGAGGGAGGAGTAGA-1_contig_2,True,482,TRB,TRBV7-3,None,TRBJ2-1,TRBC2,True,False,CQQRSLKAGGPYNEQFF,TGCCAGCAGCGGTCACTTAAAGCGGGGGGACCCTACAATGAGCAGTTCTTC,294,2,clonotype4,None
ATGAGGGAGGTAGCCA-1,True,ATGAGGGAGGTAGCCA-1_contig_1,True,505,TRA,TRAV1-2,None,TRAJ33,TRAC,True,True,CAATDSNYQLIW,TGTGCTGCGACTGATAGCAACTATCAGTTAATCTGG,797,3,clonotype1,clonotype1_consensus_2
ATGAGGGAGGTAGCCA-1,True,ATGAGGGAGGTAGCCA-1_contig_2,True,498,TRB,TRBV20-1,None,TRBJ2-1,TRBC2,True,True,CSARVGSEVNEQFF,TGCAGTGCTAGAGTGGGGTCGGAAGTCAATGAGCAGTTCTTC,1678,11,clonotype1,clonotype1_consensus_1
ATGAGGGAGGTAGCCA-1,True,ATGAGGGAGGTAGCCA-1_contig_3,True,437,TRA,TRAV10,None,TRAJ24,TRAC,True,False,None,None,1054,3,clonotype1,None
ATGAGGGAGTACGCGA-1,True,ATGAGGGAGTACGCGA-1_contig_1,True,521,TRB,TRBV20-1,None,TRBJ2-1,TRBC2,True,True,CSARVGSEVNEQFF,TGCAGTGCTAGAGTGGGGTCGGAAGTCAATGAGCAGTTCTTC,2223,13,clonotype2,clonotype2_consensus_1
ATGAGGGCAACACCCG-1,True,ATGAGGGCAACACCCG-1_contig_1,True,643,TRA,TRAV8-6,None,TRAJ37,TRAC,True,True,CAVTFSSNTGKLIF,TGTGCTGTGACTTTCTCTAGCAACACAGGCAAACTAATCTTT,551,4,clonotype1061,clonotype1061_consensus_2
ATGAGGGCAACACCCG-1,True,ATGAGGGCAACACCCG-1_contig_2,True,524,TRB,TRBV20-1,None,TRBJ1-2,TRBC1,True,True,CSARDSLDRNYGYTF,TGCAGTGCTAGAGACTCCCTGGACAGGAACTATGGCTACACCTTC,1501,7,clonotype1061,clonotype1061_consensus_1
ATGAGGGCACATGGGA-1,True,ATGAGGGCACATGGGA-1_contig_1,True,501,TRB,TRBV20-1,None,TRBJ2-3,TRBC2,True,True,CSARAGTGSTDTQYF,TGCAGTGCTAGAGCCGGGACAGGGAGCACAGATACGCAGTATTTT,1629,11,clonotype1062,clonotype1062_consensus_2
ATGAGGGCACATGGGA-1,True,ATGAGGGCACATGGGA-1_contig_2,True,491,TRA,TRAV38-2/DV8,None,TRAJ31,TRAC,True,True,CAYFWNNNARLMF,TGTGCTTATTTTTGGAATAACAATGCCAGACTCATGTTT,841,5,clonotype1062,clonotype1062_consensus_1
ATGAGGGCACCGTTGG-1,True,ATGAGGGCACCGTTGG-1_contig_1,True,505,TRA,TRAV1-2,None,TRAJ33,TRAC,True,True,CAATDSNYQLIW,TGTGCTGCGACTGATAGCAACTATCAGTTAATCTGG,658,2,clonotype1,clonotype1_consensus_2
ATGAGGGCACCGTTGG-1,True,ATGAGGGCACCGTTGG-1_contig_2,True,485,TRB,TRBV20-1,None,TRBJ2-1,TRBC2,True,True,CSARVGSEVNEQFF,TGCAGTGCTAGAGTGGGGTCGGAAGTCAATGAGCAGTTCTTC,550,6,clonotype1,clonotype1_consensus_1
ATGAGGGCACGCGAAA-1,True,ATGAGGGCACGCGAAA-1_contig_1,True,505,TRA,TRAV1-2,None,TRAJ33,TRAC,True,True,CAATDSNYQLIW,TGTGCTGCGACTGATAGCAACTATCAGTTAATCTGG,276,1,clonotype1,clonotype1_consensus_2
ATGAGGGCACGCGAAA-1,True,ATGAGGGCACGCGAAA-1_contig_2,True,521,TRB,TRBV20-1,None,TRBJ2-1,TRBC2,True,True,CSARVGSEVNEQFF,TGCAGTGCTAGAGTGGGGTCGGAAGTCAATGAGCAGTTCTTC,1865,14,clonotype1,clonotype1_consensus_1
ATGAGGGCATTGAGCT-1,True,ATGAGGGCATTGAGCT-1_contig_1,True,484,TRA,TRAV1-2,None,TRAJ33,TRAC,True,True,CAATDSNYQLIW,TGTGCTGCGACTGATAGCAACTATCAGTTAATCTGG,26,1,clonotype1,clonotype1_consensus_2
ATGAGGGCATTGAGCT-1,True,ATGAGGGCATTGAGCT-1_contig_2,True,498,TRB,TRBV20-1,None,TRBJ2-1,TRBC2,True,True,CSARVGSEVNEQFF,TGCAGTGCTAGAGTGGGGTCGGAAGTCAATGAGCAGTTCTTC,1600,7,clonotype1,clonotype1_consensus_1
ATGAGGGCATTGAGCT-1,True,ATGAGGGCATTGAGCT-1_contig_3,True,459,TRA,TRAV10,None,TRAJ24,TRAC,True,False,None,None,112,1,clonotype1,None
ATGAGGGCATTGAGCT-1,True,ATGAGGGCATTGAGCT-1_contig_4,True,386,TRB,None,None,TRBJ1-6,TRBC1,False,False,None,None,822,4,clonotype1,None
ATGAGGGCATTGTGCA-1,True,ATGAGGGCATTGTGCA-1_contig_1,True,521,TRB,TRBV20-1,None,TRBJ2-1,TRBC2,True,True,CSARVGSEVNEQFF,TGCAGTGCTAGAGTGGGGTCGGAAGTCAATGAGCAGTTCTTC,756,6,clonotype2,clonotype2_consensus_1
ATGAGGGGTAACGCGA-1,True,ATGAGGGGTAACGCGA-1_contig_1,True,515,TRB,TRBV20-1,None,TRBJ1-2,TRBC1,True,True,CSATTGSYGYTF,TGCAGTGCAACAACCGGGAGCTATGGCTACACCTTC,851,3,clonotype1063,clonotype1063_consensus_2
ATGAGGGGTAACGCGA-1,True,ATGAGGGGTAACGCGA-1_contig_2,True,476,TRA,TRAV26-2,None,TRAJ4,TRAC,True,True,CIRAPGGYNKLIF,TGCATTCGGGCCCCTGGTGGCTACAATAAGCTGATTTTT,534,3,clonotype1063,clonotype1063_consensus_1
ATGAGGGGTAACGCGA-1,True,ATGAGGGGTAACGCGA-1_contig_3,True,318,TRB,None,None,TRBJ1-1,TRBC1,False,False,None,None,723,1,clonotype1063,None
ATGAGGGGTCTAGGTT-1,True,ATGAGGGGTCTAGGTT-1_contig_1,True,498,TRB,TRBV20-1,None,TRBJ2-1,TRBC2,True,True,CSARVGSEVNEQFF,TGCAGTGCTAGAGTGGGGTCGGAAGTCAATGAGCAGTTCTTC,984,6,clonotype2,clonotype2_consensus_1
ATGAGGGGTCTAGGTT-1,True,ATGAGGGGTCTAGGTT-1_contig_2,True,459,TRA,TRAV10,None,TRAJ24,TRAC,True,False,None,None,342,1,clonotype2,None
ATGAGGGGTCTCAACA-1,True,ATGAGGGGTCTCAACA-1_contig_1,True,496,TRA,TRAV1-1,None,TRAJ10,TRAC,True,True,CAVRDRGGGGNKLTF,TGCGCTGTGAGAGATCGTGGGGGAGGAGGAAACAAACTCACCTTT,709,10,clonotype1064,clonotype1064_consensus_2
ATGAGGGGTCTCAACA-1,True,ATGAGGGGTCTCAACA-1_contig_2,True,504,TRB,TRBV20-1,None,TRBJ2-7,TRBC2,True,True,CSARGTSGVFSYEQYF,TGCAGTGCTCGAGGGACTAGCGGGGTTTTCTCCTACGAGCAGTACTTC,3292,13,clonotype1064,clonotype1064_consensus_1
ATGAGGGGTCTCCCTA-1,True,ATGAGGGGTCTCCCTA-1_contig_1,True,505,TRA,TRAV1-2,None,TRAJ33,TRAC,True,True,CAATDSNYQLIW,TGTGCTGCGACTGATAGCAACTATCAGTTAATCTGG,39,2,clonotype1,clonotype1_consensus_2
ATGAGGGGTCTCCCTA-1,True,ATGAGGGGTCTCCCTA-1_contig_2,True,521,TRB,TRBV20-1,None,TRBJ2-1,TRBC2,True,True,CSARVGSEVNEQFF,TGCAGTGCTAGAGTGGGGTCGGAAGTCAATGAGCAGTTCTTC,1398,8,clonotype1,clonotype1_consensus_1
ATGAGGGGTTCACCTC-1,True,ATGAGGGGTTCACCTC-1_contig_1,True,564,TRA,TRAV19,None,TRAJ43,TRAC,True,True,CALSEAWNNNDMRF,TGTGCTCTGAGTGAGGCATGGAATAACAATGACATGCGCTTT,203,3,clonotype1065,clonotype1065_consensus_3
ATGAGGGGTTCACCTC-1,True,ATGAGGGGTTCACCTC-1_contig_2,True,524,TRB,TRBV20-1,None,TRBJ2-1,TRBC2,True,True,CSADPGWAIYNEQFF,TGCAGTGCCGACCCAGGGTGGGCCATTTACAATGAGCAGTTCTTC,2498,13,clonotype1065,clonotype1065_consensus_1
ATGAGGGGTTCACCTC-1,True,ATGAGGGGTTCACCTC-1_contig_3,True,468,TRA,TRAV38-1,None,TRAJ34,TRAC,True,True,CAFGIWTDKLIF,TGTGCTTTCGGGATATGGACCGACAAGCTCATCTTT,114,2,clonotype1065,clonotype1065_consensus_2
ATGAGGGGTTCACCTC-1,True,ATGAGGGGTTCACCTC-1_contig_4,True,521,TRB,TRBV20-1,None,TRBJ2-2,TRBC2,True,True,CSARGRGDTGELFF,TGCAGTGCTAGGGGCAGGGGCGACACCGGGGAGCTGTTTTTT,883,6,clonotype1065,clonotype1065_consensus_4
ATGAGGGTCAAACCAC-1,True,ATGAGGGTCAAACCAC-1_contig_1,True,521,TRB,TRBV20-1,None,TRBJ2-1,TRBC2,True,True,CSARVGSEVNEQFF,TGCAGTGCTAGAGTGGGGTCGGAAGTCAATGAGCAGTTCTTC,974,5,clonotype2,clonotype2_consensus_1
ATGAGGGTCAAACCAC-1,True,ATGAGGGTCAAACCAC-1_contig_2,True,482,TRA,TRAV10,None,TRAJ24,TRAC,True,False,None,None,433,4,clonotype2,None
ATGAGGGTCGCTGATA-1,True,ATGAGGGTCGCTGATA-1_contig_1,True,518,TRB,TRBV20-1,None,TRBJ2-1,TRBC2,True,True,CSARVGSEVNEQFF,TGCAGTGCTAGAGTGGGGTCGGAAGTCAATGAGCAGTTCTTC,1828,5,clonotype2,clonotype2_consensus_1
ATGAGGGTCGCTGATA-1,True,ATGAGGGTCGCTGATA-1_contig_2,True,482,TRA,TRAV10,None,TRAJ24,TRAC,True,False,None,None,348,3,clonotype2,None
ATGAGGGTCTTACCGC-1,True,ATGAGGGTCTTACCGC-1_contig_1,True,472,TRB,TRBV2,None,TRBJ1-5,TRBC1,True,True,CASRPGLSNQPQHF,TGTGCCAGCAGGCCAGGGTTGAGCAATCAGCCCCAGCATTTT,2148,9,clonotype1066,clonotype1066_consensus_2
ATGAGGGTCTTACCGC-1,True,ATGAGGGTCTTACCGC-1_contig_2,True,545,TRA,TRAV26-1,None,TRAJ29,TRAC,True,True,CIVRLDSGNTPLVF,TGCATCGTCAGATTGGATTCAGGAAACACACCTCTTGTCTTT,92,3,clonotype1066,clonotype1066_consensus_1
ATGAGGGTCTTCTGGC-1,True,ATGAGGGTCTTCTGGC-1_contig_1,True,498,TRB,TRBV20-1,None,TRBJ2-3,TRBC2,True,True,CSARAPPDLDTQYF,TGCAGTGCTAGGGCACCCCCGGATCTAGATACGCAGTATTTT,182,6,clonotype236,clonotype236_consensus_1
ATGCGATAGAAGGTGA-1,True,ATGCGATAGAAGGTGA-1_contig_1,True,505,TRA,TRAV1-2,None,TRAJ33,TRAC,True,True,CAATDSNYQLIW,TGTGCTGCGACTGATAGCAACTATCAGTTAATCTGG,773,4,clonotype1,clonotype1_consensus_2
ATGCGATAGAAGGTGA-1,True,ATGCGATAGAAGGTGA-1_contig_2,True,521,TRB,TRBV20-1,None,TRBJ2-1,TRBC2,True,True,CSARVGSEVNEQFF,TGCAGTGCTAGAGTGGGGTCGGAAGTCAATGAGCAGTTCTTC,893,5,clonotype1,clonotype1_consensus_1
ATGCGATAGAAGGTGA-1,True,ATGCGATAGAAGGTGA-1_contig_3,True,517,TRA,TRAV10,None,TRAJ24,TRAC,True,False,None,None,210,4,clonotype1,None
ATGCGATAGCTAAGAT-1,True,ATGCGATAGCTAAGAT-1_contig_1,True,505,TRA,TRAV1-2,None,TRAJ33,TRAC,True,True,CAATDSNYQLIW,TGTGCTGCGACTGATAGCAACTATCAGTTAATCTGG,3283,4,clonotype1,clonotype1_consensus_2
ATGCGATAGCTAAGAT-1,True,ATGCGATAGCTAAGAT-1_contig_2,True,521,TRB,TRBV20-1,None,TRBJ2-1,TRBC2,True,True,CSARVGSEVNEQFF,TGCAGTGCTAGAGTGGGGTCGGAAGTCAATGAGCAGTTCTTC,1038,5,clonotype1,clonotype1_consensus_1
ATGCGATAGGACATTA-1,True,ATGCGATAGGACATTA-1_contig_1,True,544,TRA,TRAV16,None,TRAJ20,TRAC,True,True,CALKDDYKLSF,TGTGCTCTAAAGGACGACTACAAGCTCAGCTTT,1626,8,clonotype1067,clonotype1067_consensus_1
ATGCGATAGGACATTA-1,True,ATGCGATAGGACATTA-1_contig_2,True,527,TRB,TRBV5-5,None,TRBJ1-2,TRBC1,True,True,CASSLTAEPNYGYTF,TGTGCCAGCAGCTTGACGGCAGAGCCAAACTATGGCTACACCTTC,6876,12,clonotype1067,clonotype1067_consensus_2
ATGCGATAGGAGCGTT-1,True,ATGCGATAGGAGCGTT-1_contig_1,True,507,TRA,TRAV12-3,None,TRAJ10,TRAC,True,True,CAMSEGFTGGGNKLTF,TGTGCAATGAGCGAGGGGTTCACGGGAGGAGGAAACAAACTCACCTTT,2238,13,clonotype1068,clonotype1068_consensus_2
ATGCGATAGGAGCGTT-1,True,ATGCGATAGGAGCGTT-1_contig_2,True,512,TRB,TRBV5-5,None,TRBJ2-1,TRBC2,True,True,CASSRTGSNNEQFF,TGTGCCAGCAGCAGGACAGGGTCTAACAATGAGCAGTTCTTC,3060,9,clonotype1068,clonotype1068_consensus_1
ATGCGATAGGCGATAC-1,True,ATGCGATAGGCGATAC-1_contig_1,True,679,TRA,TRAV8-3,None,TRAJ15,TRAC,True,True,CAVVFNQAGTALIF,TGTGCTGTGGTTTTCAACCAGGCAGGAACTGCTCTGATCTTT,171,2,clonotype1069,clonotype1069_consensus_2
ATGCGATAGGCGATAC-1,True,ATGCGATAGGCGATAC-1_contig_2,True,521,TRB,TRBV20-1,None,TRBJ2-5,TRBC2,True,True,CSARPDRGQETQYF,TGCAGTGCTAGACCGGACAGGGGACAAGAGACCCAGTACTTC,1759,6,clonotype1069,clonotype1069_consensus_1
ATGCGATCAACACCTA-1,True,ATGCGATCAACACCTA-1_contig_1,True,515,TRB,TRBV20-1,None,TRBJ2-3,TRBC2,True,True,CSAMGGTDTQYF,TGCAGTGCTATGGGTGGGACAGATACGCAGTATTTT,1086,7,clonotype1070,clonotype1070_consensus_1
ATGCGATCAACACCTA-1,True,ATGCGATCAACACCTA-1_contig_2,True,459,TRA,TRAV13-1,None,TRAJ27,TRAC,True,True,CAAGGTNAGKSTF,TGTGCAGCAGGCGGCACCAATGCAGGCAAATCAACCTTT,615,2,clonotype1070,clonotype1070_consensus_2
ATGCGATCAAGTTAAG-1,True,ATGCGATCAAGTTAAG-1_contig_1,True,459,TRA,TRAV13-1,None,TRAJ15,TRAC,True,True,CAASNQAGTALIF,TGTGCAGCAAGTAACCAGGCAGGAACTGCTCTGATCTTT,881,6,clonotype1071,clonotype1071_consensus_1
ATGCGATCAAGTTAAG-1,True,ATGCGATCAAGTTAAG-1_contig_2,True,527,TRB,TRBV20-1,None,TRBJ2-5,TRBC2,True,True,CSARDFSGGAGETQYF,TGCAGTGCTAGAGATTTTAGCGGGGGGGCCGGGGAGACCCAGTACTTC,1530,6,clonotype1071,clonotype1071_consensus_2
ATGCGATCAATAAGCA-1,True,ATGCGATCAATAAGCA-1_contig_1,True,517,TRA,TRAV29/DV5,None,TRAJ27,TRAC,True,True,CAASLLNTNAGKSTF,TGTGCAGCAAGCCTCTTGAACACCAATGCAGGCAAATCAACCTTT,1351,8,clonotype237,clonotype237_consensus_1
ATGCGATCAATAAGCA-1,True,ATGCGATCAATAAGCA-1_contig_2,True,706,TRB,TRBV5-6,None,TRBJ2-3,TRBC2,True,True,CASSFLGETDTQYF,TGTGCCAGCAGCTTCCTGGGGGAAACAGATACGCAGTATTTT,2717,11,clonotype237,clonotype237_consensus_2
ATGCGATCAATTGCTG-1,True,ATGCGATCAATTGCTG-1_contig_1,True,479,TRB,TRBV20-1,None,TRBJ1-3,TRBC1,True,True,CSASHSGSTIYF,TGCAGTGCTAGTCACTCAGGAAGCACCATATATTTT,1800,12,clonotype1072,clonotype1072_consensus_2
ATGCGATCAATTGCTG-1,True,ATGCGATCAATTGCTG-1_contig_2,True,498,TRA,TRAV12-3,None,TRAJ31,TRAC,True,True,CAMSENNNARLMF,TGTGCAATGAGCGAGAATAACAATGCCAGACTCATGTTT,2337,5,clonotype1072,clonotype1072_consensus_1
ATGCGATCAATTGCTG-1,True,ATGCGATCAATTGCTG-1_contig_3,True,480,TRA,TRAV9-2,None,TRAJ13,TRAC,True,False,None,None,104,1,clonotype1072,None
ATGCGATCACCCTATC-1,True,ATGCGATCACCCTATC-1_contig_1,True,505,TRA,TRAV1-2,None,TRAJ33,TRAC,True,True,CAATDSNYQLIW,TGTGCTGCGACTGATAGCAACTATCAGTTAATCTGG,209,3,clonotype1,clonotype1_consensus_2
ATGCGATCACCCTATC-1,True,ATGCGATCACCCTATC-1_contig_2,True,521,TRB,TRBV20-1,None,TRBJ2-1,TRBC2,True,True,CSARVGSEVNEQFF,TGCAGTGCTAGAGTGGGGTCGGAAGTCAATGAGCAGTTCTTC,2268,10,clonotype1,clonotype1_consensus_1
ATGCGATCACGGCGTT-1,True,ATGCGATCACGGCGTT-1_contig_1,True,656,TRB,TRBV5-6,None,TRBJ2-2,TRBC2,True,True,CASSYRAAGELFF,TGTGCCAGCAGCTACAGGGCGGCCGGGGAGCTGTTTTTT,262,3,clonotype1073,clonotype1073_consensus_1
ATGCGATCACGGCGTT-1,True,ATGCGATCACGGCGTT-1_contig_2,True,492,TRB,TRBV23-1,None,TRBJ2-5,TRBC2,True,False,CATFPKGWGLAGAQETQYF,TGCGCCACCTTCCCCAAGGGATGGGGACTAGCGGGGGCCCAAGAGACCCAGTACTTC,383,4,clonotype1073,None
ATGCGATCATACCATG-1,True,ATGCGATCATACCATG-1_contig_1,True,705,TRB,TRBV5-6,None,TRBJ1-1,TRBC1,True,True,CASSSTTGPRFRFGAFF,TGTGCCAGCAGTTCCACGACGGGGCCTCGCTTTCGCTTTGGAGCTTTCTTT,2811,12,clonotype1074,clonotype1074_consensus_2
ATGCGATCATACCATG-1,True,ATGCGATCATACCATG-1_contig_2,True,485,TRA,TRAV38-2/DV8,None,TRAJ30,TRAC,True,True,CAYDRDDKIIF,TGTGCTTATGACAGAGATGACAAGATCATCTTT,2394,12,clonotype1074,clonotype1074_consensus_1
ATGCGATCATACGCCG-1,True,ATGCGATCATACGCCG-1_contig_1,True,505,TRA,TRAV1-2,None,TRAJ33,TRAC,True,True,CAATDSNYQLIW,TGTGCTGCGACTGATAGCAACTATCAGTTAATCTGG,179,3,clonotype1,clonotype1_consensus_2
ATGCGATCATACGCCG-1,True,ATGCGATCATACGCCG-1_contig_2,True,498,TRB,TRBV20-1,None,TRBJ2-1,TRBC2,True,True,CSARVGSEVNEQFF,TGCAGTGCTAGAGTGGGGTCGGAAGTCAATGAGCAGTTCTTC,2073,7,clonotype1,clonotype1_consensus_1
ATGCGATGTAGTAGTA-1,True,ATGCGATGTAGTAGTA-1_contig_1,True,593,TRA,TRAV26-1,None,TRAJ28,TRAC,True,True,CSLSGAGSYQLTF,TGCTCACTGTCAGGGGCTGGGAGTTACCAACTCACTTTC,4673,2,clonotype1075,clonotype1075_consensus_1
ATGCGATGTAGTAGTA-1,True,ATGCGATGTAGTAGTA-1_contig_2,True,711,TRB,TRBV5-6,None,TRBJ2-2,TRBC2,True,True,CASSSDWNTGELFF,TGTGCCAGCAGCTCGGACTGGAACACCGGGGAGCTGTTTTTT,2907,11,clonotype1075,clonotype1075_consensus_2
ATGCGATGTATATGAG-1,True,ATGCGATGTATATGAG-1_contig_1,True,502,TRA,TRAV1-2,None,TRAJ30,TRAC,True,True,CAVRDLREIIF,TGTGCTGTGAGAGATCTTCGGGAGATCATCTTT,384,3,clonotype28,clonotype28_consensus_3
ATGCGATGTATATGAG-1,True,ATGCGATGTATATGAG-1_contig_2,True,529,TRB,TRBV5-5,None,TRBJ1-4,TRBC1,True,True,CASSHPGPNYATNEKLFF,TGTGCCAGCAGCCATCCCGGACCGAACTACGCAACTAATGAAAAACTGTTTTTT,697,3,clonotype28,clonotype28_consensus_1
ATGCGATGTATATGAG-1,True,ATGCGATGTATATGAG-1_contig_3,True,494,TRB,TRBV20-1,None,TRBJ2-1,TRBC2,True,True,CSARVGSEVNEQFF,TGCAGTGCTAGAGTGGGGTCGGAAGTCAATGAGCAGTTCTTC,361,3,clonotype28,clonotype28_consensus_2
ATGCGATGTATATGAG-1,True,ATGCGATGTATATGAG-1_contig_4,True,482,TRA,TRAV10,None,TRAJ24,TRAC,True,False,None,None,92,2,clonotype28,None
ATGCGATGTATATGAG-1,True,ATGCGATGTATATGAG-1_contig_5,True,377,TRB,None,None,TRBJ2-4,TRBC2,False,False,None,None,186,1,clonotype28,None
ATGCGATGTCACTGGC-1,True,ATGCGATGTCACTGGC-1_contig_1,True,516,TRA,TRAV24,None,TRAJ53,TRAC,True,True,CAPRGGSNYKLTF,TGTGCCCCTCGTGGAGGTAGCAACTATAAACTGACATTT,639,4,clonotype1076,clonotype1076_consensus_2
ATGCGATGTCACTGGC-1,True,ATGCGATGTCACTGGC-1_contig_2,True,659,TRB,TRBV5-6,None,TRBJ1-6,TRBC1,True,True,CASSWGQGNSPLHF,TGTGCCAGCAGCTGGGGACAGGGTAATTCACCCCTCCACTTT,1987,7,clonotype1076,clonotype1076_consensus_1
ATGCGATGTCACTTCC-1,True,ATGCGATGTCACTTCC-1_contig_1,True,527,TRB,TRBV20-1,None,TRBJ2-3,TRBC2,True,True,CSAGDRGRTSTDTQYF,TGCAGTGCTGGAGACAGGGGCAGGACTAGCACAGATACGCAGTATTTT,2686,13,clonotype1077,clonotype1077_consensus_1
ATGCGATGTCACTTCC-1,True,ATGCGATGTCACTTCC-1_contig_2,True,499,TRA,TRAV17,None,TRAJ45,TRAC,True,True,CAPAGGGADGLTF,TGTGCTCCAGCAGGAGGAGGTGCTGACGGACTCACCTTT,257,2,clonotype1077,clonotype1077_consensus_2
ATGCGATGTGCAACGA-1,True,ATGCGATGTGCAACGA-1_contig_1,True,505,TRA,TRAV1-2,None,TRAJ33,TRAC,True,True,CAATDSNYQLIW,TGTGCTGCGACTGATAGCAACTATCAGTTAATCTGG,3567,4,clonotype1,clonotype1_consensus_2
ATGCGATGTGCAACGA-1,True,ATGCGATGTGCAACGA-1_contig_2,True,521,TRB,TRBV20-1,None,TRBJ2-1,TRBC2,True,True,CSARVGSEVNEQFF,TGCAGTGCTAGAGTGGGGTCGGAAGTCAATGAGCAGTTCTTC,2399,12,clonotype1,clonotype1_consensus_1
ATGCGATGTGCGATAG-1,True,ATGCGATGTGCGATAG-1_contig_1,True,505,TRA,TRAV1-2,None,TRAJ33,TRAC,True,True,CAATDSNYQLIW,TGTGCTGCGACTGATAGCAACTATCAGTTAATCTGG,10341,2,clonotype1,clonotype1_consensus_2
ATGCGATGTGCGATAG-1,True,ATGCGATGTGCGATAG-1_contig_2,True,498,TRB,TRBV20-1,None,TRBJ2-1,TRBC2,True,True,CSARVGSEVNEQFF,TGCAGTGCTAGAGTGGGGTCGGAAGTCAATGAGCAGTTCTTC,1287,6,clonotype1,clonotype1_consensus_1
ATGCGATGTGCGATAG-1,True,ATGCGATGTGCGATAG-1_contig_3,True,482,TRA,TRAV10,None,TRAJ24,TRAC,True,False,None,None,612,2,clonotype1,None
ATGCGATGTTCATGGT-1,True,ATGCGATGTTCATGGT-1_contig_1,True,527,TRB,TRBV20-1,None,TRBJ2-7,TRBC2,True,True,CSARETRTSGGYEQYF,TGCAGTGCTAGAGAAACAAGGACTAGCGGGGGGTACGAGCAGTACTTC,2863,11,clonotype70,clonotype70_consensus_1
ATGCGATGTTCATGGT-1,True,ATGCGATGTTCATGGT-1_contig_2,True,354,TRA,TRAV13-1,None,None,None,False,False,None,None,59,1,clonotype70,None
ATGCGATTCAGCTGGC-1,True,ATGCGATTCAGCTGGC-1_contig_1,True,505,TRB,TRBV20-1,None,TRBJ2-1,TRBC2,True,True,CSARVGSEVNEQFF,TGCAGTGCTAGAGTGGGGTCGGAAGTCAATGAGCAGTTCTTC,2006,7,clonotype2,clonotype2_consensus_1
ATGCGATTCAGCTGGC-1,True,ATGCGATTCAGCTGGC-1_contig_2,True,465,TRA,TRAV10,None,TRAJ24,TRAC,True,False,None,None,123,1,clonotype2,None
ATGCGATTCATGTCTT-1,True,ATGCGATTCATGTCTT-1_contig_1,True,505,TRA,TRAV1-2,None,TRAJ33,TRAC,True,True,CAATDSNYQLIW,TGTGCTGCGACTGATAGCAACTATCAGTTAATCTGG,324,3,clonotype1,clonotype1_consensus_2
ATGCGATTCATGTCTT-1,True,ATGCGATTCATGTCTT-1_contig_2,True,521,TRB,TRBV20-1,None,TRBJ2-1,TRBC2,True,True,CSARVGSEVNEQFF,TGCAGTGCTAGAGTGGGGTCGGAAGTCAATGAGCAGTTCTTC,1120,7,clonotype1,clonotype1_consensus_1
ATGCGATTCATGTCTT-1,True,ATGCGATTCATGTCTT-1_contig_3,True,482,TRA,TRAV10,None,TRAJ24,TRAC,True,False,None,None,587,4,clonotype1,None
ATGCGATTCCGCATCT-1,True,ATGCGATTCCGCATCT-1_contig_1,True,505,TRA,TRAV1-2,None,TRAJ33,TRAC,True,True,CAATDSNYQLIW,TGTGCTGCGACTGATAGCAACTATCAGTTAATCTGG,924,5,clonotype1,clonotype1_consensus_2
ATGCGATTCCGCATCT-1,True,ATGCGATTCCGCATCT-1_contig_2,True,514,TRB,TRBV20-1,None,TRBJ2-1,TRBC2,True,True,CSARVGSEVNEQFF,TGCAGTGCTAGAGTGGGGTCGGAAGTCAATGAGCAGTTCTTC,488,9,clonotype1,clonotype1_consensus_1
ATGCGATTCGGATGTT-1,True,ATGCGATTCGGATGTT-1_contig_1,True,505,TRA,TRAV1-2,None,TRAJ33,TRAC,True,True,CAATDSNYQLIW,TGTGCTGCGACTGATAGCAACTATCAGTTAATCTGG,605,2,clonotype1,clonotype1_consensus_2
ATGCGATTCGGATGTT-1,True,ATGCGATTCGGATGTT-1_contig_2,True,492,TRB,TRBV20-1,None,TRBJ2-1,TRBC2,True,True,CSARVGSEVNEQFF,TGCAGTGCTAGAGTGGGGTCGGAAGTCAATGAGCAGTTCTTC,818,4,clonotype1,clonotype1_consensus_1
ATGCGATTCGGATGTT-1,True,ATGCGATTCGGATGTT-1_contig_3,True,465,TRA,TRAV10,None,TRAJ24,TRAC,True,False,None,None,7878,1,clonotype1,None
ATGCGATTCTCTGTCG-1,True,ATGCGATTCTCTGTCG-1_contig_1,True,701,TRB,TRBV5-5,None,TRBJ2-2,TRBC2,True,True,CASSLGDTGELFF,TGTGCCAGCAGCCTCGGGGACACCGGGGAGCTGTTTTTT,2008,8,clonotype1078,clonotype1078_consensus_1
ATGGGAGAGACTCGGA-1,True,ATGGGAGAGACTCGGA-1_contig_1,True,527,TRB,TRBV20-1,None,TRBJ1-5,TRBC1,True,True,CSAIGQGAPSNQPQHF,TGCAGTGCTATCGGACAGGGGGCGCCGAGCAATCAGCCCCAGCATTTT,1767,10,clonotype12,clonotype12_consensus_1
ATGGGAGAGACTCGGA-1,True,ATGGGAGAGACTCGGA-1_contig_2,True,506,TRB,TRBV7-2,None,TRBJ2-3,TRBC2,True,False,None,None,396,2,clonotype12,None
ATGGGAGAGGGCTTGA-1,True,ATGGGAGAGGGCTTGA-1_contig_1,True,518,TRB,TRBV20-1,None,TRBJ2-5,TRBC2,True,True,CSARIGARETQYF,TGCAGTGCTAGGATAGGGGCTCGAGAGACCCAGTACTTC,5987,16,clonotype1079,clonotype1079_consensus_1
ATGGGAGAGGTCGGAT-1,True,ATGGGAGAGGTCGGAT-1_contig_1,True,505,TRA,TRAV1-2,None,TRAJ33,TRAC,True,True,CAATDSNYQLIW,TGTGCTGCGACTGATAGCAACTATCAGTTAATCTGG,678,2,clonotype1,clonotype1_consensus_2
ATGGGAGAGGTCGGAT-1,True,ATGGGAGAGGTCGGAT-1_contig_2,True,521,TRB,TRBV20-1,None,TRBJ2-1,TRBC2,True,True,CSARVGSEVNEQFF,TGCAGTGCTAGAGTGGGGTCGGAAGTCAATGAGCAGTTCTTC,1088,5,clonotype1,clonotype1_consensus_1
ATGGGAGAGGTCGGAT-1,True,ATGGGAGAGGTCGGAT-1_contig_3,True,482,TRA,TRAV10,None,TRAJ24,TRAC,True,False,None,None,798,3,clonotype1,None
ATGGGAGAGGTGCAAC-1,True,ATGGGAGAGGTGCAAC-1_contig_1,True,504,TRB,TRBV20-1,None,TRBJ2-7,TRBC2,True,True,CSARASRLVLSYEQYF,TGCAGTGCTAGAGCCTCACGGCTAGTACTTTCCTACGAGCAGTACTTC,1105,6,clonotype11,clonotype11_consensus_2
ATGGGAGAGGTGCAAC-1,True,ATGGGAGAGGTGCAAC-1_contig_2,True,497,TRA,TRAV26-1,None,TRAJ34,TRAC,True,True,CIASSYNTDKLIF,TGCATCGCTTCATCTTATAACACCGACAAGCTCATCTTT,310,3,clonotype11,clonotype11_consensus_1
ATGGGAGAGTACGCCC-1,True,ATGGGAGAGTACGCCC-1_contig_1,True,515,TRB,TRBV20-1,None,TRBJ1-5,TRBC1,True,True,CSVRAPDQPQHF,TGCAGTGTTAGGGCCCCTGATCAGCCCCAGCATTTT,1377,9,clonotype1080,clonotype1080_consensus_1
ATGGGAGAGTACGCCC-1,True,ATGGGAGAGTACGCCC-1_contig_2,True,614,TRA,TRAV8-2,None,TRAJ15,TRAC,True,True,CVVSDQNNQAGTALIF,TGTGTTGTGAGTGATCAGAATAACCAGGCAGGAACTGCTCTGATCTTT,5111,5,clonotype1080,clonotype1080_consensus_2
ATGGGAGAGTGGAGAA-1,True,ATGGGAGAGTGGAGAA-1_contig_1,True,498,TRB,TRBV20-1,None,TRBJ2-2,TRBC2,True,True,CSASLGGARGAGELFF,TGCAGTGCAAGCCTGGGGGGGGCAAGGGGGGCCGGGGAGCTGTTTTTT,1054,2,clonotype1081,clonotype1081_consensus_1
ATGGGAGAGTGGAGAA-1,True,ATGGGAGAGTGGAGAA-1_contig_2,True,517,TRA,TRAV14/DV4,None,TRAJ27,TRAC,True,True,CAMRENAGKSTF,TGTGCAATGAGAGAGAATGCAGGCAAATCAACCTTT,799,4,clonotype1081,clonotype1081_consensus_3
ATGGGAGAGTGGAGAA-1,True,ATGGGAGAGTGGAGAA-1_contig_3,True,546,TRA,TRAV16,None,TRAJ26,TRAC,True,True,CAPRADGQNFVF,TGTGCCCCCCGGGCAGATGGTCAGAATTTTGTCTTT,576,3,clonotype1081,clonotype1081_consensus_2
ATGGGAGCAATGGACG-1,True,ATGGGAGCAATGGACG-1_contig_1,True,505,TRA,TRAV1-2,None,TRAJ33,TRAC,True,True,CAATDSNYQLIW,TGTGCTGCGACTGATAGCAACTATCAGTTAATCTGG,965,4,clonotype1,clonotype1_consensus_2
ATGGGAGCAATGGACG-1,True,ATGGGAGCAATGGACG-1_contig_2,True,521,TRB,TRBV20-1,None,TRBJ2-1,TRBC2,True,True,CSARVGSEVNEQFF,TGCAGTGCTAGAGTGGGGTCGGAAGTCAATGAGCAGTTCTTC,7464,8,clonotype1,clonotype1_consensus_1
ATGGGAGCAATGGACG-1,True,ATGGGAGCAATGGACG-1_contig_3,True,483,TRA,TRAV10,None,TRAJ24,TRAC,True,False,None,None,131,1,clonotype1,None
ATGGGAGCACCTATCC-1,True,ATGGGAGCACCTATCC-1_contig_1,True,505,TRA,TRAV1-2,None,TRAJ33,TRAC,True,True,CAATDSNYQLIW,TGTGCTGCGACTGATAGCAACTATCAGTTAATCTGG,894,5,clonotype1,clonotype1_consensus_2
ATGGGAGCACCTATCC-1,True,ATGGGAGCACCTATCC-1_contig_2,True,521,TRB,TRBV20-1,None,TRBJ2-1,TRBC2,True,True,CSARVGSEVNEQFF,TGCAGTGCTAGAGTGGGGTCGGAAGTCAATGAGCAGTTCTTC,1232,4,clonotype1,clonotype1_consensus_1
ATGGGAGCACCTATCC-1,True,ATGGGAGCACCTATCC-1_contig_3,True,482,TRA,TRAV10,None,TRAJ24,TRAC,True,False,None,None,184,2,clonotype1,None
ATGGGAGCAGCCAATT-1,True,ATGGGAGCAGCCAATT-1_contig_1,True,505,TRA,TRAV1-2,None,TRAJ33,TRAC,True,True,CAATDSNYQLIW,TGTGCTGCGACTGATAGCAACTATCAGTTAATCTGG,497,1,clonotype1,clonotype1_consensus_2
ATGGGAGCAGCCAATT-1,True,ATGGGAGCAGCCAATT-1_contig_2,True,521,TRB,TRBV20-1,None,TRBJ2-1,TRBC2,True,True,CSARVGSEVNEQFF,TGCAGTGCTAGAGTGGGGTCGGAAGTCAATGAGCAGTTCTTC,964,10,clonotype1,clonotype1_consensus_1
ATGGGAGCATCGGAAG-1,True,ATGGGAGCATCGGAAG-1_contig_1,True,521,TRB,TRBV20-1,None,TRBJ2-1,TRBC2,True,True,CSARVGSEVNEQFF,TGCAGTGCTAGAGTGGGGTCGGAAGTCAATGAGCAGTTCTTC,1323,7,clonotype2,clonotype2_consensus_1
ATGGGAGCATGAACCT-1,True,ATGGGAGCATGAACCT-1_contig_1,True,479,TRB,TRBV20-1,None,TRBJ1-2,TRBC1,True,True,CSARVENYGYTF,TGCAGTGCTAGGGTTGAGAACTATGGCTACACCTTC,935,4,clonotype1082,clonotype1082_consensus_1
ATGGGAGCATGAACCT-1,True,ATGGGAGCATGAACCT-1_contig_2,True,511,TRA,TRAV20,None,TRAJ53,TRAC,True,True,CAVQVLGGSNYKLTF,TGTGCTGTGCAGGTACTAGGAGGTAGCAACTATAAACTGACATTT,105,3,clonotype1082,clonotype1082_consensus_2
ATGGGAGGTATAAACG-1,True,ATGGGAGGTATAAACG-1_contig_1,True,527,TRB,TRBV20-1,None,TRBJ2-3,TRBC2,True,True,CSVPGLAGTSTDTQYF,TGCAGCGTTCCGGGACTAGCGGGGACTAGCACAGATACGCAGTATTTT,8063,15,clonotype1083,clonotype1083_consensus_1
ATGGGAGGTATAAACG-1,True,ATGGGAGGTATAAACG-1_contig_2,True,553,TRA,TRAV12-1,None,TRAJ6,TRAC,True,True,CVVQRGGSYIPTF,TGTGTGGTCCAACGGGGAGGAAGCTACATACCTACATTT,1983,9,clonotype1083,clonotype1083_consensus_2
ATGGGAGGTATAAACG-1,True,ATGGGAGGTATAAACG-1_contig_3,True,577,TRA,TRAV1-1,None,TRAJ27,TRAC,True,False,None,None,172,3,clonotype1083,None
ATGGGAGGTCTTCTCG-1,True,ATGGGAGGTCTTCTCG-1_contig_1,True,521,TRB,TRBV20-1,None,TRBJ2-1,TRBC2,True,True,CSARVGSEVNEQFF,TGCAGTGCTAGAGTGGGGTCGGAAGTCAATGAGCAGTTCTTC,1265,6,clonotype2,clonotype2_consensus_1
ATGGGAGGTCTTCTCG-1,True,ATGGGAGGTCTTCTCG-1_contig_2,True,471,TRA,TRAV10,None,TRAJ24,TRAC,True,False,None,None,1213,7,clonotype2,None
ATGGGAGGTGATGATA-1,True,ATGGGAGGTGATGATA-1_contig_1,True,446,TRA,TRAV9-2,None,TRAJ13,TRAC,True,True,CALNLEGYQKVTF,TGTGCTCTGAACTTAGAGGGTTACCAGAAAGTTACCTTT,915,5,clonotype6,clonotype6_consensus_1
ATGGGAGGTGATGATA-1,True,ATGGGAGGTGATGATA-1_contig_2,True,706,TRB,TRBV5-6,None,TRBJ1-5,TRBC1,True,True,CASSFRGGANQPQHF,TGTGCCAGCAGCTTTCGAGGGGGCGCGAATCAGCCCCAGCATTTT,1603,8,clonotype6,clonotype6_consensus_2
ATGGGAGGTGATGATA-1,True,ATGGGAGGTGATGATA-1_contig_3,True,509,TRA,TRAV1-2,None,TRAJ40,TRAC,True,False,None,None,268,1,clonotype6,None
ATGGGAGGTGCGGTAA-1,True,ATGGGAGGTGCGGTAA-1_contig_1,True,521,TRB,TRBV20-1,None,TRBJ2-1,TRBC2,True,True,CSARVGSEVNEQFF,TGCAGTGCTAGAGTGGGGTCGGAAGTCAATGAGCAGTTCTTC,640,8,clonotype2,clonotype2_consensus_1
ATGGGAGGTGCTTCTC-1,True,ATGGGAGGTGCTTCTC-1_contig_1,True,495,TRB,TRBV20-1,None,TRBJ1-1,TRBC1,True,True,CSARTGTGPKAFF,TGCAGTGCTAGAACCGGGACAGGGCCAAAAGCTTTCTTT,1380,7,clonotype1084,clonotype1084_consensus_3
ATGGGAGGTGCTTCTC-1,True,ATGGGAGGTGCTTCTC-1_contig_2,True,559,TRA,TRAV41,None,TRAJ30,TRAC,True,True,CAVSRGGNRDDKIIF,TGTGCTGTCAGTAGAGGGGGGAACAGAGATGACAAGATCATCTTT,196,4,clonotype1084,clonotype1084_consensus_1
ATGGGAGGTGCTTCTC-1,True,ATGGGAGGTGCTTCTC-1_contig_3,True,494,TRA,TRAV38-1,None,TRAJ44,TRAC,True,True,CAFMKHTGTASKLTF,TGTGCTTTCATGAAGCATACCGGCACTGCCAGTAAACTCACCTTT,536,1,clonotype1084,clonotype1084_consensus_2
ATGGGAGGTTCACCTC-1,True,ATGGGAGGTTCACCTC-1_contig_1,True,505,TRA,TRAV1-2,None,TRAJ33,TRAC,True,True,CAATDSNYQLIW,TGTGCTGCGACTGATAGCAACTATCAGTTAATCTGG,137,4,clonotype1,clonotype1_consensus_2
ATGGGAGGTTCACCTC-1,True,ATGGGAGGTTCACCTC-1_contig_2,True,498,TRB,TRBV20-1,None,TRBJ2-1,TRBC2,True,True,CSARVGSEVNEQFF,TGCAGTGCTAGAGTGGGGTCGGAAGTCAATGAGCAGTTCTTC,5225,8,clonotype1,clonotype1_consensus_1
ATGGGAGGTTCGTCTC-1,True,ATGGGAGGTTCGTCTC-1_contig_1,True,683,TRB,TRBV5-5,None,TRBJ1-4,TRBC1,True,True,CASSHPGPNYATNEKLFF,TGTGCCAGCAGCCATCCCGGACCGAACTACGCAACTAATGAAAAACTGTTTTTT,1858,8,clonotype4,clonotype4_consensus_1
ATGGGAGTCGCATGGC-1,True,ATGGGAGTCGCATGGC-1_contig_1,True,530,TRB,TRBV20-1,None,TRBJ1-1,TRBC1,True,True,CSAYTIPQGIMNTEAFF,TGCAGTGCTTATACCATCCCACAGGGGATCATGAACACTGAAGCTTTCTTT,1709,14,clonotype1085,clonotype1085_consensus_2
ATGGGAGTCGCATGGC-1,True,ATGGGAGTCGCATGGC-1_contig_2,True,542,TRA,TRAV26-1,None,TRAJ49,TRAC,True,True,CIVRKNTGNQFYF,TGCATCGTCAGAAAGAACACCGGTAACCAGTTCTATTTT,538,4,clonotype1085,clonotype1085_consensus_1
ATGGGAGTCGGTCCGA-1,True,ATGGGAGTCGGTCCGA-1_contig_1,True,554,TRA,TRAV16,None,TRAJ20,TRAC,True,True,CALAENYKLSF,TGTGCTCTGGCTGAAAACTACAAGCTCAGCTTT,943,4,clonotype1086,clonotype1086_consensus_2
ATGGGAGTCGGTCCGA-1,True,ATGGGAGTCGGTCCGA-1_contig_2,True,514,TRB,TRBV5-5,None,TRBJ2-7,TRBC2,True,True,CASSLMPGQGESEQYF,TGTGCCAGCAGCTTGATGCCGGGACAGGGTGAGAGCGAGCAGTACTTC,1601,7,clonotype1086,clonotype1086_consensus_1
ATGGGAGTCGGTCCGA-1,True,ATGGGAGTCGGTCCGA-1_contig_3,True,496,TRA,TRAV9-2,None,TRAJ4,TRAC,True,False,None,None,857,2,clonotype1086,None
ATGTGTGAGTCACGCC-1,True,ATGTGTGAGTCACGCC-1_contig_1,True,505,TRA,TRAV1-2,None,TRAJ33,TRAC,True,True,CAATDSNYQLIW,TGTGCTGCGACTGATAGCAACTATCAGTTAATCTGG,253,3,clonotype1,clonotype1_consensus_2
ATGTGTGAGTCACGCC-1,True,ATGTGTGAGTCACGCC-1_contig_2,True,521,TRB,TRBV20-1,None,TRBJ2-1,TRBC2,True,True,CSARVGSEVNEQFF,TGCAGTGCTAGAGTGGGGTCGGAAGTCAATGAGCAGTTCTTC,895,5,clonotype1,clonotype1_consensus_1
ATGTGTGAGTGAAGTT-1,True,ATGTGTGAGTGAAGTT-1_contig_1,True,521,TRB,TRBV20-1,None,TRBJ2-1,TRBC2,True,True,CSARVGSEVNEQFF,TGCAGTGCTAGAGTGGGGTCGGAAGTCAATGAGCAGTTCTTC,746,9,clonotype2,clonotype2_consensus_1
ATGTGTGAGTGAAGTT-1,True,ATGTGTGAGTGAAGTT-1_contig_2,True,461,TRA,TRAV10,None,TRAJ24,TRAC,True,False,None,None,120,4,clonotype2,None
ATGTGTGCAAACCCAT-1,True,ATGTGTGCAAACCCAT-1_contig_1,True,511,TRA,TRAV20,None,TRAJ44,TRAC,True,True,CAVQPHTGTASKLTF,TGTGCTGTGCAGCCCCATACCGGCACTGCCAGTAAACTCACCTTT,421,2,clonotype1087,clonotype1087_consensus_2
ATGTGTGCAAACCCAT-1,True,ATGTGTGCAAACCCAT-1_contig_2,True,662,TRB,TRBV5-6,None,TRBJ2-3,TRBC2,True,True,CASSLSRRGTSDTQYF,TGTGCCAGCAGCTTGTCACGGCGGGGAACCTCAGATACGCAGTATTTT,1125,5,clonotype1087,clonotype1087_consensus_3
ATGTGTGCAAACCCAT-1,True,ATGTGTGCAAACCCAT-1_contig_3,True,562,TRA,TRAV19,None,TRAJ47,TRAC,True,True,CALSEKGGNKLVF,TGTGCTCTGAGTGAAAAGGGTGGAAACAAACTGGTCTTT,361,4,clonotype1087,clonotype1087_consensus_1
ATGTGTGCAAACCCAT-1,True,ATGTGTGCAAACCCAT-1_contig_4,True,462,TRB,TRBV21-1,None,TRBJ2-7,TRBC2,True,False,CISVPAHPSYEQYF,TGTATTTCTGTGCCAGCACACCCTTCCTACGAGCAGTACTTC,221,2,clonotype1087,None
ATGTGTGCAAATACAG-1,True,ATGTGTGCAAATACAG-1_contig_1,True,503,TRA,TRAV1-2,None,TRAJ33,TRAC,True,True,CAATDSNYQLIW,TGTGCTGCGACTGATAGCAACTATCAGTTAATCTGG,167,2,clonotype1,clonotype1_consensus_2
ATGTGTGCAAATACAG-1,True,ATGTGTGCAAATACAG-1_contig_2,True,521,TRB,TRBV20-1,None,TRBJ2-1,TRBC2,True,True,CSARVGSEVNEQFF,TGCAGTGCTAGAGTGGGGTCGGAAGTCAATGAGCAGTTCTTC,2364,13,clonotype1,clonotype1_consensus_1
ATGTGTGCAAATACAG-1,True,ATGTGTGCAAATACAG-1_contig_3,True,482,TRA,TRAV10,None,TRAJ24,TRAC,True,False,None,None,554,7,clonotype1,None
ATGTGTGCACGAGAGT-1,True,ATGTGTGCACGAGAGT-1_contig_1,True,505,TRA,TRAV1-2,None,TRAJ33,TRAC,True,True,CAATDSNYQLIW,TGTGCTGCGACTGATAGCAACTATCAGTTAATCTGG,641,2,clonotype1,clonotype1_consensus_2
ATGTGTGCACGAGAGT-1,True,ATGTGTGCACGAGAGT-1_contig_2,True,521,TRB,TRBV20-1,None,TRBJ2-1,TRBC2,True,True,CSARVGSEVNEQFF,TGCAGTGCTAGAGTGGGGTCGGAAGTCAATGAGCAGTTCTTC,1204,5,clonotype1,clonotype1_consensus_1
ATGTGTGCATAGAAAC-1,True,ATGTGTGCATAGAAAC-1_contig_1,True,514,TRB,TRBV5-5,None,TRBJ1-4,TRBC1,True,True,CASSHPGPNYATNEKLFF,TGTGCCAGCAGCCATCCCGGACCGAACTACGCAACTAATGAAAAACTGTTTTTT,3839,3,clonotype4,clonotype4_consensus_1
ATGTGTGCATGTTGAC-1,True,ATGTGTGCATGTTGAC-1_contig_1,True,522,TRA,TRAV12-2,None,TRAJ37,TRAC,True,True,CAVVYSSNTGKLIF,TGTGCCGTGGTATACTCTAGCAACACAGGCAAACTAATCTTT,556,3,clonotype1088,clonotype1088_consensus_1
ATGTGTGGTACGCTGC-1,True,ATGTGTGGTACGCTGC-1_contig_1,True,492,TRB,TRBV20-1,None,TRBJ2-1,TRBC2,True,True,CSARVGSEVNEQFF,TGCAGTGCTAGAGTGGGGTCGGAAGTCAATGAGCAGTTCTTC,1280,5,clonotype2,clonotype2_consensus_1
ATGTGTGGTGCACGAA-1,True,ATGTGTGGTGCACGAA-1_contig_1,True,505,TRA,TRAV1-2,None,TRAJ33,TRAC,True,True,CAATDSNYQLIW,TGTGCTGCGACTGATAGCAACTATCAGTTAATCTGG,559,7,clonotype1,clonotype1_consensus_2
ATGTGTGGTGCACGAA-1,True,ATGTGTGGTGCACGAA-1_contig_2,True,485,TRB,TRBV20-1,None,TRBJ2-1,TRBC2,True,True,CSARVGSEVNEQFF,TGCAGTGCTAGAGTGGGGTCGGAAGTCAATGAGCAGTTCTTC,1628,9,clonotype1,clonotype1_consensus_1
ATGTGTGGTGGTTTCA-1,True,ATGTGTGGTGGTTTCA-1_contig_1,True,505,TRA,TRAV1-2,None,TRAJ33,TRAC,True,True,CAATDSNYQLIW,TGTGCTGCGACTGATAGCAACTATCAGTTAATCTGG,656,3,clonotype1,clonotype1_consensus_2
ATGTGTGGTGGTTTCA-1,True,ATGTGTGGTGGTTTCA-1_contig_2,True,521,TRB,TRBV20-1,None,TRBJ2-1,TRBC2,True,True,CSARVGSEVNEQFF,TGCAGTGCTAGAGTGGGGTCGGAAGTCAATGAGCAGTTCTTC,1306,8,clonotype1,clonotype1_consensus_1
ATGTGTGGTGTGACCC-1,True,ATGTGTGGTGTGACCC-1_contig_1,True,533,TRB,TRBV20-1,None,TRBJ2-5,TRBC2,True,True,CSARDPSGGGAGRETQYF,TGCAGTGCTAGAGATCCCTCGGGCGGGGGGGCCGGCAGGGAGACCCAGTACTTC,1158,7,clonotype1089,clonotype1089_consensus_1
ATGTGTGGTGTGACCC-1,True,ATGTGTGGTGTGACCC-1_contig_2,True,339,TRA,TRAV2,None,None,TRAC,False,False,None,None,486,2,clonotype1089,None
ATGTGTGGTTACGCGC-1,True,ATGTGTGGTTACGCGC-1_contig_1,True,505,TRA,TRAV1-2,None,TRAJ33,TRAC,True,True,CAATDSNYQLIW,TGTGCTGCGACTGATAGCAACTATCAGTTAATCTGG,204,1,clonotype1,clonotype1_consensus_2
ATGTGTGGTTACGCGC-1,True,ATGTGTGGTTACGCGC-1_contig_2,True,492,TRB,TRBV20-1,None,TRBJ2-1,TRBC2,True,True,CSARVGSEVNEQFF,TGCAGTGCTAGAGTGGGGTCGGAAGTCAATGAGCAGTTCTTC,932,12,clonotype1,clonotype1_consensus_1
ATGTGTGGTTACGCGC-1,True,ATGTGTGGTTACGCGC-1_contig_3,True,441,TRA,TRAV10,None,TRAJ24,TRAC,True,False,None,None,102,1,clonotype1,None
ATGTGTGGTTCCACAA-1,True,ATGTGTGGTTCCACAA-1_contig_1,True,530,TRB,TRBV20-1,None,TRBJ1-6,TRBC1,True,True,CSARDPGQGTYNSPLHF,TGCAGTGCTAGAGATCCGGGACAGGGGACTTATAATTCACCCCTCCACTTT,1438,7,clonotype1090,clonotype1090_consensus_2
ATGTGTGGTTCCACAA-1,True,ATGTGTGGTTCCACAA-1_contig_2,True,580,TRA,TRAV29/DV5,None,TRAJ37,TRAC,True,True,CAASERFGSSNTGKLIF,TGTGCAGCAAGCGAAAGGTTTGGCTCTAGCAACACAGGCAAACTAATCTTT,415,7,clonotype1090,clonotype1090_consensus_1
ATGTGTGGTTCCGGCA-1,True,ATGTGTGGTTCCGGCA-1_contig_1,True,556,TRA,TRAV12-1,None,TRAJ23,TRAC,True,True,CVVNIAGEGGKLIF,TGTGTGGTGAACATAGCGGGTGAGGGAGGAAAGCTTATCTTC,1095,5,clonotype1091,clonotype1091_consensus_1
ATGTGTGGTTCCGGCA-1,True,ATGTGTGGTTCCGGCA-1_contig_2,True,657,TRB,TRBV5-6,None,TRBJ2-7,TRBC2,True,True,CASSFRDSKAYEQYF,TGTGCCAGCAGCTTCCGGGACAGCAAAGCCTACGAGCAGTACTTC,2644,15,clonotype1091,clonotype1091_consensus_2
ATGTGTGGTTGACGTT-1,True,ATGTGTGGTTGACGTT-1_contig_1,True,518,TRA,TRAV39,None,TRAJ50,TRAC,True,True,CAVDMTETSYDKVIF,TGTGCCGTGGACATGACGGAGACCTCCTACGACAAGGTGATATTT,755,4,clonotype1092,clonotype1092_consensus_2
ATGTGTGGTTGACGTT-1,True,ATGTGTGGTTGACGTT-1_contig_2,True,656,TRB,TRBV5-5,None,TRBJ2-5,TRBC2,True,True,CASSLDLYWTQYF,TGTGCCAGCAGCTTGGACCTTTATTGGACCCAGTACTTC,398,4,clonotype1092,clonotype1092_consensus_1
ATGTGTGGTTGTGGCC-1,True,ATGTGTGGTTGTGGCC-1_contig_1,True,498,TRB,TRBV20-1,None,TRBJ2-1,TRBC2,True,True,CSARVGSEVNEQFF,TGCAGTGCTAGAGTGGGGTCGGAAGTCAATGAGCAGTTCTTC,1430,6,clonotype2,clonotype2_consensus_1
ATGTGTGGTTGTGGCC-1,True,ATGTGTGGTTGTGGCC-1_contig_2,True,388,TRA,TRAV6,None,TRAJ22,TRAC,True,False,CRLSYLPLPRRQLTF,TGCAGACTCAGCTACCTACCTCTGCCCCGCAGGCAACTGACCTTT,558,1,clonotype2,None
ATGTGTGTCAAACCGT-1,True,ATGTGTGTCAAACCGT-1_contig_1,True,518,TRB,TRBV20-1,None,TRBJ2-1,TRBC2,True,True,CSARVGSEVNEQFF,TGCAGTGCTAGAGTGGGGTCGGAAGTCAATGAGCAGTTCTTC,600,8,clonotype2,clonotype2_consensus_1
ATGTGTGTCAAACCGT-1,True,ATGTGTGTCAAACCGT-1_contig_2,True,482,TRA,TRAV10,None,TRAJ24,TRAC,True,False,None,None,344,3,clonotype2,None
ATGTGTGTCAGGTAAA-1,True,ATGTGTGTCAGGTAAA-1_contig_1,True,505,TRA,TRAV1-2,None,TRAJ33,TRAC,True,True,CAATDSNYQLIW,TGTGCTGCGACTGATAGCAACTATCAGTTAATCTGG,194,2,clonotype1,clonotype1_consensus_2
ATGTGTGTCAGGTAAA-1,True,ATGTGTGTCAGGTAAA-1_contig_2,True,521,TRB,TRBV20-1,None,TRBJ2-1,TRBC2,True,True,CSARVGSEVNEQFF,TGCAGTGCTAGAGTGGGGTCGGAAGTCAATGAGCAGTTCTTC,1716,11,clonotype1,clonotype1_consensus_1
ATGTGTGTCAGGTAAA-1,True,ATGTGTGTCAGGTAAA-1_contig_3,True,457,TRA,TRAV10,None,TRAJ24,TRAC,True,False,None,None,267,3,clonotype1,None
ATGTGTGTCGACGGAA-1,True,ATGTGTGTCGACGGAA-1_contig_1,True,502,TRA,TRAV1-2,None,TRAJ33,TRAC,True,True,CAATDSNYQLIW,TGTGCTGCGACTGATAGCAACTATCAGTTAATCTGG,588,4,clonotype1,clonotype1_consensus_2
ATGTGTGTCGACGGAA-1,True,ATGTGTGTCGACGGAA-1_contig_2,True,521,TRB,TRBV20-1,None,TRBJ2-1,TRBC2,True,True,CSARVGSEVNEQFF,TGCAGTGCTAGAGTGGGGTCGGAAGTCAATGAGCAGTTCTTC,2387,8,clonotype1,clonotype1_consensus_1
ATGTGTGTCTTGTTTG-1,True,ATGTGTGTCTTGTTTG-1_contig_1,True,502,TRA,TRAV1-2,None,TRAJ33,TRAC,True,True,CAATDSNYQLIW,TGTGCTGCGACTGATAGCAACTATCAGTTAATCTGG,210,5,clonotype1,clonotype1_consensus_2
ATGTGTGTCTTGTTTG-1,True,ATGTGTGTCTTGTTTG-1_contig_2,True,521,TRB,TRBV20-1,None,TRBJ2-1,TRBC2,True,True,CSARVGSEVNEQFF,TGCAGTGCTAGAGTGGGGTCGGAAGTCAATGAGCAGTTCTTC,1894,11,clonotype1,clonotype1_consensus_1
ATTACTCAGCCACTAT-1,True,ATTACTCAGCCACTAT-1_contig_1,True,515,TRB,TRBV20-1,None,TRBJ1-2,TRBC1,True,True,CSASLPPGGYTF,TGCAGTGCTAGCCTCCCCCCGGGTGGCTACACCTTC,1198,6,clonotype166,clonotype166_consensus_1
ATTACTCAGCCACTAT-1,True,ATTACTCAGCCACTAT-1_contig_2,True,565,TRA,TRAV19,None,TRAJ22,TRAC,True,True,CALGAPGSARQLTF,TGTGCTCTGGGGGCCCCTGGTTCTGCAAGGCAACTGACCTTT,470,3,clonotype166,clonotype166_consensus_2
ATTACTCAGCGATAGC-1,True,ATTACTCAGCGATAGC-1_contig_1,True,505,TRA,TRAV1-2,None,TRAJ33,TRAC,True,True,CAATDSNYQLIW,TGTGCTGCGACTGATAGCAACTATCAGTTAATCTGG,126,3,clonotype1,clonotype1_consensus_2
ATTACTCAGCGATAGC-1,True,ATTACTCAGCGATAGC-1_contig_2,True,485,TRB,TRBV20-1,None,TRBJ2-1,TRBC2,True,True,CSARVGSEVNEQFF,TGCAGTGCTAGAGTGGGGTCGGAAGTCAATGAGCAGTTCTTC,317,6,clonotype1,clonotype1_consensus_1
ATTACTCAGCGCCTCA-1,True,ATTACTCAGCGCCTCA-1_contig_1,True,505,TRA,TRAV1-2,None,TRAJ33,TRAC,True,True,CAATDSNYQLIW,TGTGCTGCGACTGATAGCAACTATCAGTTAATCTGG,71,3,clonotype1,clonotype1_consensus_2
ATTACTCAGCGCCTCA-1,True,ATTACTCAGCGCCTCA-1_contig_2,True,521,TRB,TRBV20-1,None,TRBJ2-1,TRBC2,True,True,CSARVGSEVNEQFF,TGCAGTGCTAGAGTGGGGTCGGAAGTCAATGAGCAGTTCTTC,1677,9,clonotype1,clonotype1_consensus_1
ATTACTCAGGAGCGTT-1,True,ATTACTCAGGAGCGTT-1_contig_1,True,505,TRA,TRAV1-2,None,TRAJ33,TRAC,True,True,CAATDSNYQLIW,TGTGCTGCGACTGATAGCAACTATCAGTTAATCTGG,1069,8,clonotype1,clonotype1_consensus_2
ATTACTCAGGAGCGTT-1,True,ATTACTCAGGAGCGTT-1_contig_2,True,447,TRB,TRBV20-1,None,TRBJ2-1,TRBC2,True,True,CSARVGSEVNEQFF,TGCAGTGCTAGAGTGGGGTCGGAAGTCAATGAGCAGTTCTTC,500,2,clonotype1,clonotype1_consensus_1
ATTACTCAGGCGATAC-1,True,ATTACTCAGGCGATAC-1_contig_1,True,505,TRA,TRAV1-2,None,TRAJ33,TRAC,True,True,CAATDSNYQLIW,TGTGCTGCGACTGATAGCAACTATCAGTTAATCTGG,369,3,clonotype1,clonotype1_consensus_2
ATTACTCAGGCGATAC-1,True,ATTACTCAGGCGATAC-1_contig_2,True,521,TRB,TRBV20-1,None,TRBJ2-1,TRBC2,True,True,CSARVGSEVNEQFF,TGCAGTGCTAGAGTGGGGTCGGAAGTCAATGAGCAGTTCTTC,2809,11,clonotype1,clonotype1_consensus_1
ATTACTCAGGCGATAC-1,True,ATTACTCAGGCGATAC-1_contig_3,True,457,TRA,TRAV10,None,TRAJ24,TRAC,True,False,None,None,287,3,clonotype1,None
ATTACTCAGTTATCGC-1,True,ATTACTCAGTTATCGC-1_contig_1,True,521,TRB,TRBV20-1,None,TRBJ2-1,TRBC2,True,True,CSARVGSEVNEQFF,TGCAGTGCTAGAGTGGGGTCGGAAGTCAATGAGCAGTTCTTC,1250,8,clonotype2,clonotype2_consensus_1
ATTACTCAGTTATCGC-1,True,ATTACTCAGTTATCGC-1_contig_2,True,457,TRA,TRAV10,None,TRAJ24,TRAC,True,False,None,None,376,3,clonotype2,None
ATTACTCCAAGAAGAG-1,True,ATTACTCCAAGAAGAG-1_contig_1,True,459,TRA,TRAV13-1,None,TRAJ40,TRAC,True,True,CAARVSGTYKYIF,TGTGCAGCCCGCGTCTCAGGAACCTACAAATACATCTTT,319,5,clonotype119,clonotype119_consensus_2
ATTACTCCAAGAAGAG-1,True,ATTACTCCAAGAAGAG-1_contig_2,True,498,TRB,TRBV20-1,None,TRBJ2-3,TRBC2,True,True,CSASTSGDPTDTQYF,TGCAGTGCTAGTACTAGCGGGGACCCCACAGATACGCAGTATTTT,689,7,clonotype119,clonotype119_consensus_1
ATTACTCCACCCATTC-1,True,ATTACTCCACCCATTC-1_contig_1,True,505,TRA,TRAV1-2,None,TRAJ33,TRAC,True,True,CAATDSNYQLIW,TGTGCTGCGACTGATAGCAACTATCAGTTAATCTGG,282,3,clonotype1,clonotype1_consensus_2
ATTACTCCACCCATTC-1,True,ATTACTCCACCCATTC-1_contig_2,True,521,TRB,TRBV20-1,None,TRBJ2-1,TRBC2,True,True,CSARVGSEVNEQFF,TGCAGTGCTAGAGTGGGGTCGGAAGTCAATGAGCAGTTCTTC,1392,9,clonotype1,clonotype1_consensus_1
ATTACTCCAGTTCCCT-1,True,ATTACTCCAGTTCCCT-1_contig_1,True,523,TRB,TRBV20-1,None,TRBJ1-5,TRBC1,True,True,CSAKGDSNQPQHF,TGCAGTGCTAAGGGGGACAGCAATCAGCCCCAGCATTTT,1249,7,clonotype238,clonotype238_consensus_2
ATTACTCCAGTTCCCT-1,True,ATTACTCCAGTTCCCT-1_contig_2,True,493,TRA,TRAV38-1,None,TRAJ23,TRAC,True,True,CASPYYNQGGKLIF,TGTGCTTCGCCCTACTATAACCAGGGAGGAAAGCTTATCTTC,281,5,clonotype238,clonotype238_consensus_1
ATTACTCCATTCTCAT-1,True,ATTACTCCATTCTCAT-1_contig_1,True,473,TRB,TRBV20-1,None,TRBJ2-1,TRBC2,True,True,CSARVGSEVNEQFF,TGCAGTGCTAGAGTGGGGTCGGAAGTCAATGAGCAGTTCTTC,489,3,clonotype2,clonotype2_consensus_1
ATTACTCGTACCGTAT-1,True,ATTACTCGTACCGTAT-1_contig_1,True,717,TRB,TRBV5-6,None,TRBJ2-2,TRBC2,True,True,CASSRIETENTGELFF,TGTGCCAGCAGCCGGATAGAAACAGAGAACACCGGGGAGCTGTTTTTT,2226,8,clonotype1093,clonotype1093_consensus_1
ATTACTCGTACCGTAT-1,True,ATTACTCGTACCGTAT-1_contig_2,True,647,TRA,TRAV8-2,None,TRAJ43,TRAC,True,True,CVVSYNNNDMRF,TGTGTTGTGAGTTACAATAACAATGACATGCGCTTT,379,7,clonotype1093,clonotype1093_consensus_2
ATTACTCGTGCAACGA-1,True,ATTACTCGTGCAACGA-1_contig_1,True,505,TRA,TRAV1-2,None,TRAJ33,TRAC,True,True,CAATDSNYQLIW,TGTGCTGCGACTGATAGCAACTATCAGTTAATCTGG,219,2,clonotype1,clonotype1_consensus_2
ATTACTCGTGCAACGA-1,True,ATTACTCGTGCAACGA-1_contig_2,True,524,TRB,TRBV20-1,None,TRBJ2-1,TRBC2,True,True,CSARVGSEVNEQFF,TGCAGTGCTAGAGTGGGGTCGGAAGTCAATGAGCAGTTCTTC,348,5,clonotype1,clonotype1_consensus_1
ATTACTCGTTCCACTC-1,True,ATTACTCGTTCCACTC-1_contig_1,True,518,TRB,TRBV20-1,None,TRBJ1-2,TRBC1,True,True,CSAAGTDRLGYTF,TGCAGTGCTGCCGGGACTGATCGTCTAGGCTACACCTTC,918,7,clonotype1094,clonotype1094_consensus_1
ATTACTCGTTCTGGTA-1,True,ATTACTCGTTCTGGTA-1_contig_1,True,512,TRA,TRAV25,None,TRAJ45,TRAC,True,True,CAGPYPGGGADGLTF,TGTGCAGGGCCGTATCCAGGAGGAGGTGCTGACGGACTCACCTTT,594,2,clonotype81,clonotype81_consensus_2
ATTACTCGTTCTGGTA-1,True,ATTACTCGTTCTGGTA-1_contig_2,True,543,TRB,TRBV5-5,None,TRBJ1-4,TRBC1,True,True,CASSWGIYVATNEKLFF,TGTGCCAGCAGCTGGGGAATTTATGTTGCAACTAATGAAAAACTGTTTTTT,1095,5,clonotype81,clonotype81_consensus_1
ATTACTCGTTCTGGTA-1,True,ATTACTCGTTCTGGTA-1_contig_3,True,348,TRB,None,None,TRBJ2-3,TRBC2,False,False,None,None,255,2,clonotype81,None
ATTACTCTCAGCTCTC-1,True,ATTACTCTCAGCTCTC-1_contig_1,True,505,TRA,TRAV1-2,None,TRAJ33,TRAC,True,True,CAATDSNYQLIW,TGTGCTGCGACTGATAGCAACTATCAGTTAATCTGG,64,1,clonotype1,clonotype1_consensus_2
ATTACTCTCAGCTCTC-1,True,ATTACTCTCAGCTCTC-1_contig_2,True,521,TRB,TRBV20-1,None,TRBJ2-1,TRBC2,True,True,CSARVGSEVNEQFF,TGCAGTGCTAGAGTGGGGTCGGAAGTCAATGAGCAGTTCTTC,1373,7,clonotype1,clonotype1_consensus_1
ATTACTCTCGGAATCT-1,True,ATTACTCTCGGAATCT-1_contig_1,True,505,TRA,TRAV1-2,None,TRAJ33,TRAC,True,True,CAATDSNYQLIW,TGTGCTGCGACTGATAGCAACTATCAGTTAATCTGG,201,3,clonotype1,clonotype1_consensus_2
ATTACTCTCGGAATCT-1,True,ATTACTCTCGGAATCT-1_contig_2,True,521,TRB,TRBV20-1,None,TRBJ2-1,TRBC2,True,True,CSARVGSEVNEQFF,TGCAGTGCTAGAGTGGGGTCGGAAGTCAATGAGCAGTTCTTC,1654,7,clonotype1,clonotype1_consensus_1
ATTACTCTCTACCTGC-1,True,ATTACTCTCTACCTGC-1_contig_1,True,505,TRA,TRAV1-2,None,TRAJ33,TRAC,True,True,CAATDSNYQLIW,TGTGCTGCGACTGATAGCAACTATCAGTTAATCTGG,323,2,clonotype1,clonotype1_consensus_2
ATTACTCTCTACCTGC-1,True,ATTACTCTCTACCTGC-1_contig_2,True,498,TRB,TRBV20-1,None,TRBJ2-1,TRBC2,True,True,CSARVGSEVNEQFF,TGCAGTGCTAGAGTGGGGTCGGAAGTCAATGAGCAGTTCTTC,459,3,clonotype1,clonotype1_consensus_1
ATTATCCAGACCGGAT-1,True,ATTATCCAGACCGGAT-1_contig_1,True,515,TRB,TRBV20-1,None,TRBJ1-6,TRBC1,True,True,CSATGFDSPLHF,TGCAGTGCTACAGGGTTTGATTCACCCCTCCACTTT,497,4,clonotype1095,clonotype1095_consensus_2
ATTATCCAGACCGGAT-1,True,ATTATCCAGACCGGAT-1_contig_2,True,472,TRA,TRAV21,None,TRAJ43,TRAC,True,True,CAVGANDMRF,TGTGCTGTGGGAGCCAATGACATGCGCTTT,733,9,clonotype1095,clonotype1095_consensus_1
ATTATCCAGACCGGAT-1,True,ATTATCCAGACCGGAT-1_contig_3,True,302,TRB,None,None,TRBJ2-1,TRBC2,False,False,None,None,450,1,clonotype1095,None
ATTATCCAGCTCCTCT-1,True,ATTATCCAGCTCCTCT-1_contig_1,True,518,TRB,TRBV20-1,None,TRBJ1-5,TRBC1,True,True,CSAKDRVHQPQHF,TGCAGTGCAAAGGACAGGGTACATCAGCCCCAGCATTTT,857,11,clonotype1096,clonotype1096_consensus_2
ATTATCCAGCTCCTCT-1,True,ATTATCCAGCTCCTCT-1_contig_2,True,472,TRA,TRAV34,None,TRAJ45,TRAC,True,True,CGADRRGGGADGLTF,TGTGGAGCAGACCGGCGAGGAGGAGGTGCTGACGGACTCACCTTT,908,6,clonotype1096,clonotype1096_consensus_1
ATTATCCAGCTGAAAT-1,True,ATTATCCAGCTGAAAT-1_contig_1,True,531,TRA,TRAV12-1,None,TRAJ9,TRAC,True,True,CVVTRNTGGFKTIF,TGTGTGGTGACACGAAATACTGGAGGCTTCAAAACTATCTTT,228,4,clonotype5,clonotype5_consensus_2
ATTATCCAGCTGAAAT-1,True,ATTATCCAGCTGAAAT-1_contig_2,True,533,TRB,TRBV20-1,None,TRBJ1-5,TRBC1,True,True,CSARDDNRAKSFNQPQHF,TGCAGTGCTAGAGACGACAACCGGGCCAAATCCTTCAATCAGCCCCAGCATTTT,1361,9,clonotype5,clonotype5_consensus_1
ATTATCCAGTACGATA-1,True,ATTATCCAGTACGATA-1_contig_1,True,518,TRB,TRBV20-1,None,TRBJ2-3,TRBC2,True,True,CSAISGVRDTQYF,TGCAGTGCCATTTCGGGGGTTCGAGATACGCAGTATTTT,1147,11,clonotype1097,clonotype1097_consensus_3
ATTATCCAGTACGATA-1,True,ATTATCCAGTACGATA-1_contig_2,True,580,TRA,TRAV12-1,None,TRAJ4,TRAC,True,True,CVVSPFSGGYNKLIF,TGTGTGGTGAGTCCTTTTTCTGGTGGCTACAATAAGCTGATTTTT,952,7,clonotype1097,clonotype1097_consensus_1
ATTATCCAGTACGATA-1,True,ATTATCCAGTACGATA-1_contig_3,True,674,TRB,TRBV5-6,None,TRBJ2-4,TRBC2,True,True,CASSAWTESAERPENIQYF,TGTGCCAGCAGCGCATGGACAGAGTCCGCCGAAAGACCAGAAAACATTCAGTACTTC,640,10,clonotype1097,clonotype1097_consensus_2
ATTATCCCAATGAAAC-1,True,ATTATCCCAATGAAAC-1_contig_1,True,521,TRB,TRBV20-1,None,TRBJ2-1,TRBC2,True,True,CSARVGSEVNEQFF,TGCAGTGCTAGAGTGGGGTCGGAAGTCAATGAGCAGTTCTTC,1040,5,clonotype2,clonotype2_consensus_1
ATTATCCCAGGTTTCA-1,True,ATTATCCCAGGTTTCA-1_contig_1,True,686,TRB,TRBV5-6,None,TRBJ1-6,TRBC1,True,True,CASSPGTGGYNSPLHF,TGTGCCAGCAGCCCCGGGACAGGGGGCTATAATTCACCCCTCCACTTT,1439,12,clonotype1098,clonotype1098_consensus_1
ATTATCCCATATACCG-1,True,ATTATCCCATATACCG-1_contig_1,True,508,TRA,TRAV23/DV6,None,TRAJ22,TRAC,True,True,CAALGGSARQLTF,TGTGCAGCCCTCGGGGGTTCTGCAAGGCAACTGACCTTT,238,2,clonotype1099,clonotype1099_consensus_2
ATTATCCCATATACCG-1,True,ATTATCCCATATACCG-1_contig_2,True,662,TRB,TRBV5-6,None,TRBJ1-5,TRBC1,True,True,CASSSQGWSNQPQHF,TGTGCCAGCAGCTCACAGGGGTGGAGCAATCAGCCCCAGCATTTT,766,4,clonotype1099,clonotype1099_consensus_1
ATTATCCCATATACCG-1,True,ATTATCCCATATACCG-1_contig_3,True,440,TRA,TRAV6,None,TRAJ33,TRAC,True,False,CVPGSNYQLIW,TGTGTCCCCGGGAGCAACTATCAGTTAATCTGG,215,1,clonotype1099,None
ATTATCCCATCCCATC-1,True,ATTATCCCATCCCATC-1_contig_1,True,717,TRA,TRAV8-3,None,TRAJ44,TRAC,True,True,CAVGAGNTGTASKLTF,TGTGCTGTGGGTGCCGGCAATACCGGCACTGCCAGTAAACTCACCTTT,298,5,clonotype1100,clonotype1100_consensus_2
ATTATCCCATCCCATC-1,True,ATTATCCCATCCCATC-1_contig_2,True,524,TRB,TRBV20-1,None,TRBJ2-1,TRBC2,True,True,CSAIHTRRPYNEQFF,TGCAGTGCCATACACACTCGGAGGCCATACAATGAGCAGTTCTTC,1556,10,clonotype1100,clonotype1100_consensus_1
ATTATCCGTCCAACTA-1,True,ATTATCCGTCCAACTA-1_contig_1,True,505,TRB,TRBV20-1,None,TRBJ1-1,TRBC1,True,True,CSAEVRMGTEAFF,TGCAGTGCCGAGGTCAGGATGGGCACTGAAGCTTTCTTT,2095,11,clonotype1101,clonotype1101_consensus_1
ATTATCCGTCCAACTA-1,True,ATTATCCGTCCAACTA-1_contig_2,True,546,TRA,TRAV12-2,None,TRAJ53,TRAC,True,True,CAVNSGGSNYKLTF,TGTGCCGTTAATAGTGGAGGTAGCAACTATAAACTGACATTT,523,8,clonotype1101,clonotype1101_consensus_2
ATTATCCGTCTAGCCG-1,True,ATTATCCGTCTAGCCG-1_contig_1,True,505,TRA,TRAV1-2,None,TRAJ33,TRAC,True,True,CAATDSNYQLIW,TGTGCTGCGACTGATAGCAACTATCAGTTAATCTGG,957,4,clonotype1,clonotype1_consensus_2
ATTATCCGTCTAGCCG-1,True,ATTATCCGTCTAGCCG-1_contig_2,True,521,TRB,TRBV20-1,None,TRBJ2-1,TRBC2,True,True,CSARVGSEVNEQFF,TGCAGTGCTAGAGTGGGGTCGGAAGTCAATGAGCAGTTCTTC,1000,8,clonotype1,clonotype1_consensus_1
ATTATCCGTCTAGCCG-1,True,ATTATCCGTCTAGCCG-1_contig_3,True,502,TRA,TRAV10,None,TRAJ24,TRAC,True,False,None,None,328,1,clonotype1,None
ATTATCCGTTCGCTAA-1,True,ATTATCCGTTCGCTAA-1_contig_1,True,505,TRA,TRAV1-2,None,TRAJ33,TRAC,True,True,CAATDSNYQLIW,TGTGCTGCGACTGATAGCAACTATCAGTTAATCTGG,320,3,clonotype1,clonotype1_consensus_2
ATTATCCGTTCGCTAA-1,True,ATTATCCGTTCGCTAA-1_contig_2,True,521,TRB,TRBV20-1,None,TRBJ2-1,TRBC2,True,True,CSARVGSEVNEQFF,TGCAGTGCTAGAGTGGGGTCGGAAGTCAATGAGCAGTTCTTC,905,6,clonotype1,clonotype1_consensus_1
ATTATCCTCACCTTAT-1,True,ATTATCCTCACCTTAT-1_contig_1,True,459,TRA,TRAV13-1,None,TRAJ30,TRAC,True,True,CAGIMNRDDKIIF,TGTGCGGGTATCATGAACAGAGATGACAAGATCATCTTT,455,6,clonotype45,clonotype45_consensus_2
ATTATCCTCACCTTAT-1,True,ATTATCCTCACCTTAT-1_contig_2,True,658,TRB,TRBV5-6,None,TRBJ1-1,TRBC1,True,True,CASSFGTGNTEAFF,TGTGCCAGCAGCTTTGGGACAGGGAACACTGAAGCTTTCTTT,920,6,clonotype45,clonotype45_consensus_1
ATTATCCTCATTCACT-1,True,ATTATCCTCATTCACT-1_contig_1,True,518,TRB,TRBV20-1,None,TRBJ2-1,TRBC2,True,True,CSARVGSEVNEQFF,TGCAGTGCTAGAGTGGGGTCGGAAGTCAATGAGCAGTTCTTC,167,5,clonotype2,clonotype2_consensus_1
ATTATCCTCATTCACT-1,True,ATTATCCTCATTCACT-1_contig_2,True,482,TRA,TRAV10,None,TRAJ24,TRAC,True,False,None,None,884,4,clonotype2,None
ATTATCCTCCCACTTG-1,True,ATTATCCTCCCACTTG-1_contig_1,True,570,TRA,TRAV8-4,None,TRAJ56,TRAC,True,True,CAVYPVGANSKLTF,TGTGCTGTGTACCCCGTAGGAGCCAATAGTAAGCTGACATTT,1010,9,clonotype1102,clonotype1102_consensus_2
ATTATCCTCCCACTTG-1,True,ATTATCCTCCCACTTG-1_contig_2,True,523,TRB,TRBV5-5,None,TRBJ2-2,TRBC2,True,True,CASSLGPIRGIGTGELFF,TGTGCCAGCAGCTTAGGACCGATAAGGGGGATCGGGACCGGGGAGCTGTTTTTT,1906,9,clonotype1102,clonotype1102_consensus_1
ATTATCCTCTTACCGC-1,True,ATTATCCTCTTACCGC-1_contig_1,True,523,TRA,TRAV17,None,TRAJ23,TRAC,True,True,CAFQGGKLIF,TGTGCCTTCCAGGGAGGAAAGCTTATCTTC,615,5,clonotype194,clonotype194_consensus_3
ATTATCCTCTTACCGC-1,True,ATTATCCTCTTACCGC-1_contig_2,True,524,TRB,TRBV20-1,None,TRBJ2-7,TRBC2,True,True,CSASDRDRGSYEQYF,TGCAGTGCCAGCGACCGGGACAGGGGGTCGTATGAGCAGTACTTC,1558,9,clonotype194,clonotype194_consensus_2
ATTATCCTCTTACCGC-1,True,ATTATCCTCTTACCGC-1_contig_3,True,480,TRA,TRAV2,None,TRAJ29,TRAC,True,True,CAVVRNTPLVF,TGTGCTGTGGTGAGAAACACACCTCTTGTCTTT,255,3,clonotype194,clonotype194_consensus_1
ATTCTACAGAATGTTG-1,True,ATTCTACAGAATGTTG-1_contig_1,True,509,TRB,TRBV5-5,None,TRBJ2-7,TRBC2,True,True,CASSSLVEQGAYEQYF,TGTGCCAGCAGCTCGCTCGTAGAGCAGGGGGCCTACGAGCAGTACTTC,1294,7,clonotype179,clonotype179_consensus_1
ATTCTACAGAATGTTG-1,True,ATTCTACAGAATGTTG-1_contig_2,True,421,TRA,TRAV2,None,TRAJ30,TRAC,True,False,CCLLLCCSRDDKIIF,TGCTGTTTACTACTGTGCTGTTCCAGAGATGACAAGATCATCTTT,198,4,clonotype179,None
ATTCTACAGACCACGA-1,True,ATTCTACAGACCACGA-1_contig_1,True,501,TRB,TRBV20-1,None,TRBJ1-3,TRBC1,True,True,CSARPRRGSGNTIYF,TGCAGTGCTAGACCAAGGCGAGGTTCTGGAAACACCATATATTTT,1592,8,clonotype122,clonotype122_consensus_1
ATTCTACAGACCACGA-1,True,ATTCTACAGACCACGA-1_contig_2,True,687,TRA,TRAV8-3,None,TRAJ4,TRAC,True,True,CAVGRRSGGYNKLIF,TGTGCTGTGGGGCGGCGATCTGGTGGCTACAATAAGCTGATTTTT,604,5,clonotype122,clonotype122_consensus_2
ATTCTACAGACTCGGA-1,True,ATTCTACAGACTCGGA-1_contig_1,True,514,TRA,TRAV20,None,TRAJ54,TRAC,True,True,CAVQALIIQGAQKLVF,TGTGCTGTGCAGGCCCTAATAATTCAGGGAGCCCAGAAGCTGGTATTT,1094,2,clonotype1103,clonotype1103_consensus_2
ATTCTACAGACTCGGA-1,True,ATTCTACAGACTCGGA-1_contig_2,True,521,TRB,TRBV20-1,None,TRBJ1-2,TRBC1,True,True,CSASRRSHGSGYTF,TGCAGTGCTAGCCGCAGGTCACATGGGAGTGGCTACACCTTC,1407,6,clonotype1103,clonotype1103_consensus_1
ATTCTACAGACTCGGA-1,True,ATTCTACAGACTCGGA-1_contig_3,True,519,TRB,TRBV5-1,None,TRBJ1-2,TRBC1,True,False,None,None,195,1,clonotype1103,None
ATTCTACAGATAGGAG-1,True,ATTCTACAGATAGGAG-1_contig_1,True,495,TRB,TRBV20-1,None,TRBJ2-1,TRBC2,True,True,CSAADYYGSEQFF,TGCAGTGCTGCTGACTACTACGGGAGTGAGCAGTTCTTC,1632,9,clonotype1104,clonotype1104_consensus_1
ATTCTACAGATAGGAG-1,True,ATTCTACAGATAGGAG-1_contig_2,True,517,TRA,TRAV17,None,TRAJ53,TRAC,True,True,CATGGGSGGSNYKLTF,TGTGCTACGGGCGGGGGGAGTGGAGGTAGCAACTATAAACTGACATTT,282,1,clonotype1104,clonotype1104_consensus_2
ATTCTACAGATAGGAG-1,True,ATTCTACAGATAGGAG-1_contig_3,True,465,TRA,TRAV13-1,None,TRAJ53,TRAC,True,False,None,None,792,1,clonotype1104,None
ATTCTACAGATGTGTA-1,True,ATTCTACAGATGTGTA-1_contig_1,True,521,TRB,TRBV20-1,None,TRBJ2-1,TRBC2,True,True,CSARVGSEVNEQFF,TGCAGTGCTAGAGTGGGGTCGGAAGTCAATGAGCAGTTCTTC,291,7,clonotype2,clonotype2_consensus_1
ATTCTACCAACTGGCC-1,True,ATTCTACCAACTGGCC-1_contig_1,True,460,TRA,TRAV9-2,None,TRAJ13,TRAC,True,True,CALNLEGYQKVTF,TGTGCTCTGAACTTAGAGGGTTACCAGAAAGTTACCTTT,685,5,clonotype6,clonotype6_consensus_1
ATTCTACCAACTGGCC-1,True,ATTCTACCAACTGGCC-1_contig_2,True,481,TRB,TRBV5-6,None,TRBJ1-5,TRBC1,True,True,CASSFRGGANQPQHF,TGTGCCAGCAGCTTTCGAGGGGGCGCGAATCAGCCCCAGCATTTT,659,6,clonotype6,clonotype6_consensus_2
ATTCTACCAACTGGCC-1,True,ATTCTACCAACTGGCC-1_contig_3,True,321,TRB,None,None,TRBJ1-6,TRBC1,False,False,None,None,456,2,clonotype6,None
ATTCTACCACAGCCCA-1,True,ATTCTACCACAGCCCA-1_contig_1,True,505,TRA,TRAV1-2,None,TRAJ33,TRAC,True,True,CAATDSNYQLIW,TGTGCTGCGACTGATAGCAACTATCAGTTAATCTGG,348,3,clonotype1,clonotype1_consensus_2
ATTCTACCACAGCCCA-1,True,ATTCTACCACAGCCCA-1_contig_2,True,498,TRB,TRBV20-1,None,TRBJ2-1,TRBC2,True,True,CSARVGSEVNEQFF,TGCAGTGCTAGAGTGGGGTCGGAAGTCAATGAGCAGTTCTTC,634,7,clonotype1,clonotype1_consensus_1
ATTCTACCAGGTCTCG-1,True,ATTCTACCAGGTCTCG-1_contig_1,True,505,TRA,TRAV1-2,None,TRAJ33,TRAC,True,True,CAATDSNYQLIW,TGTGCTGCGACTGATAGCAACTATCAGTTAATCTGG,414,2,clonotype1,clonotype1_consensus_2
ATTCTACCAGGTCTCG-1,True,ATTCTACCAGGTCTCG-1_contig_2,True,485,TRB,TRBV20-1,None,TRBJ2-1,TRBC2,True,True,CSARVGSEVNEQFF,TGCAGTGCTAGAGTGGGGTCGGAAGTCAATGAGCAGTTCTTC,302,3,clonotype1,clonotype1_consensus_1
ATTCTACCAGGTCTCG-1,True,ATTCTACCAGGTCTCG-1_contig_3,True,359,TRB,None,None,TRBJ2-3,TRBC2,False,False,None,None,442,1,clonotype1,None
ATTCTACCATATGGTC-1,True,ATTCTACCATATGGTC-1_contig_1,True,505,TRA,TRAV1-2,None,TRAJ33,TRAC,True,True,CAATDSNYQLIW,TGTGCTGCGACTGATAGCAACTATCAGTTAATCTGG,422,4,clonotype1,clonotype1_consensus_2
ATTCTACCATATGGTC-1,True,ATTCTACCATATGGTC-1_contig_2,True,521,TRB,TRBV20-1,None,TRBJ2-1,TRBC2,True,True,CSARVGSEVNEQFF,TGCAGTGCTAGAGTGGGGTCGGAAGTCAATGAGCAGTTCTTC,1005,7,clonotype1,clonotype1_consensus_1
ATTCTACCATATGGTC-1,True,ATTCTACCATATGGTC-1_contig_3,True,457,TRA,TRAV10,None,TRAJ24,TRAC,True,False,None,None,401,3,clonotype1,None
ATTCTACCATCCTAGA-1,True,ATTCTACCATCCTAGA-1_contig_1,True,484,TRA,TRAV1-2,None,TRAJ33,TRAC,True,True,CAATDSNYQLIW,TGTGCTGCGACTGATAGCAACTATCAGTTAATCTGG,263,1,clonotype1,clonotype1_consensus_2
ATTCTACCATCCTAGA-1,True,ATTCTACCATCCTAGA-1_contig_2,True,516,TRB,TRBV20-1,None,TRBJ2-1,TRBC2,True,True,CSARVGSEVNEQFF,TGCAGTGCTAGAGTGGGGTCGGAAGTCAATGAGCAGTTCTTC,1284,6,clonotype1,clonotype1_consensus_1
ATTCTACCATCGTCGG-1,True,ATTCTACCATCGTCGG-1_contig_1,True,506,TRB,TRBV20-1,None,TRBJ2-3,TRBC2,True,True,CSARVNRVQYF,TGCAGTGCTAGAGTTAACAGGGTACAGTATTTT,1456,10,clonotype239,clonotype239_consensus_1
ATTCTACCATTAGCCA-1,True,ATTCTACCATTAGCCA-1_contig_1,True,524,TRB,TRBV20-1,None,TRBJ1-1,TRBC1,True,True,CSARDFYGGSAEAFF,TGCAGTGCTAGAGATTTCTACGGGGGTAGCGCTGAAGCTTTCTTT,3387,17,clonotype1105,clonotype1105_consensus_1
ATTCTACCATTAGCCA-1,True,ATTCTACCATTAGCCA-1_contig_2,True,559,TRA,TRAV19,None,TRAJ9,TRAC,True,True,CALHTGGFKTIF,TGTGCTCTCCATACTGGAGGCTTCAAAACTATCTTT,2783,9,clonotype1105,clonotype1105_consensus_2
ATTCTACCATTAGCCA-1,True,ATTCTACCATTAGCCA-1_contig_3,True,311,TRB,None,None,TRBJ2-7,TRBC2,False,False,None,None,501,2,clonotype1105,None
ATTCTACGTAGAGTGC-1,True,ATTCTACGTAGAGTGC-1_contig_1,True,569,TRA,TRAV22,None,TRAJ35,TRAC,True,True,CAVDPTLGFGNVLHC,TGTGCTGTGGACCCGACTTTAGGCTTTGGGAATGTGCTGCATTGC,224,2,clonotype37,clonotype37_consensus_1
ATTCTACGTAGAGTGC-1,True,ATTCTACGTAGAGTGC-1_contig_2,True,535,TRB,TRBV5-6,None,TRBJ2-7,TRBC2,True,True,CASSLAKEQYF,TGTGCCAGCAGCTTGGCAAAGGAGCAGTACTTC,405,6,clonotype37,clonotype37_consensus_2
ATTCTACGTCAAGCGA-1,True,ATTCTACGTCAAGCGA-1_contig_1,True,513,TRB,TRBV5-5,None,TRBJ2-3,TRBC2,True,True,CASSPGGGGTDTQYF,TGTGCCAGCAGCCCCGGGGGAGGGGGCACAGATACGCAGTATTTT,754,4,clonotype1106,clonotype1106_consensus_1
ATTCTACGTTATTCTC-1,True,ATTCTACGTTATTCTC-1_contig_1,True,485,TRB,TRBV20-1,None,TRBJ2-1,TRBC2,True,True,CSARVGSEVNEQFF,TGCAGTGCTAGAGTGGGGTCGGAAGTCAATGAGCAGTTCTTC,305,5,clonotype2,clonotype2_consensus_1
ATTCTACTCAGTTAGC-1,True,ATTCTACTCAGTTAGC-1_contig_1,True,519,TRB,TRBV5-5,None,TRBJ2-7,TRBC2,True,True,CASSLETGAYEQYF,TGTGCCAGCAGCTTGGAGACAGGGGCCTACGAGCAGTACTTC,1013,5,clonotype1107,clonotype1107_consensus_1
ATTCTACTCCCAACGG-1,True,ATTCTACTCCCAACGG-1_contig_1,True,505,TRA,TRAV1-2,None,TRAJ33,TRAC,True,True,CAATDSNYQLIW,TGTGCTGCGACTGATAGCAACTATCAGTTAATCTGG,265,3,clonotype1,clonotype1_consensus_2
ATTCTACTCCCAACGG-1,True,ATTCTACTCCCAACGG-1_contig_2,True,521,TRB,TRBV20-1,None,TRBJ2-1,TRBC2,True,True,CSARVGSEVNEQFF,TGCAGTGCTAGAGTGGGGTCGGAAGTCAATGAGCAGTTCTTC,452,4,clonotype1,clonotype1_consensus_1
ATTCTACTCTTGACGA-1,True,ATTCTACTCTTGACGA-1_contig_1,True,521,TRB,TRBV20-1,None,TRBJ2-1,TRBC2,True,True,CSARVGSEVNEQFF,TGCAGTGCTAGAGTGGGGTCGGAAGTCAATGAGCAGTTCTTC,1355,6,clonotype2,clonotype2_consensus_1
ATTCTACTCTTGACGA-1,True,ATTCTACTCTTGACGA-1_contig_2,True,465,TRA,TRAV10,None,TRAJ24,TRAC,True,False,None,None,392,1,clonotype2,None
ATTGGACAGAGTCGGT-1,True,ATTGGACAGAGTCGGT-1_contig_1,True,505,TRA,TRAV1-2,None,TRAJ33,TRAC,True,True,CAATDSNYQLIW,TGTGCTGCGACTGATAGCAACTATCAGTTAATCTGG,345,2,clonotype1,clonotype1_consensus_2
ATTGGACAGAGTCGGT-1,True,ATTGGACAGAGTCGGT-1_contig_2,True,518,TRB,TRBV20-1,None,TRBJ2-1,TRBC2,True,True,CSARVGSEVNEQFF,TGCAGTGCTAGAGTGGGGTCGGAAGTCAATGAGCAGTTCTTC,1450,10,clonotype1,clonotype1_consensus_1
ATTGGACAGAGTCGGT-1,True,ATTGGACAGAGTCGGT-1_contig_3,True,482,TRA,TRAV10,None,TRAJ24,TRAC,True,False,None,None,504,2,clonotype1,None
ATTGGACAGCACAGGT-1,True,ATTGGACAGCACAGGT-1_contig_1,True,491,TRA,TRAV1-2,None,TRAJ33,TRAC,True,True,CAATDSNYQLIW,TGTGCTGCGACTGATAGCAACTATCAGTTAATCTGG,70,1,clonotype1,clonotype1_consensus_2
ATTGGACAGCACAGGT-1,True,ATTGGACAGCACAGGT-1_contig_2,True,445,TRB,TRBV20-1,None,TRBJ2-1,TRBC2,True,True,CSARVGSEVNEQFF,TGCAGTGCTAGAGTGGGGTCGGAAGTCAATGAGCAGTTCTTC,1064,3,clonotype1,clonotype1_consensus_1
ATTGGACAGCGTCAAG-1,True,ATTGGACAGCGTCAAG-1_contig_1,True,486,TRB,TRBV5-5,None,TRBJ1-3,TRBC1,True,True,CASSLGGTGSGNTIYF,TGTGCCAGCAGCTTGGGAGGGACGGGCTCTGGAAACACCATATATTTT,579,5,clonotype1108,clonotype1108_consensus_2
ATTGGACAGCGTCAAG-1,True,ATTGGACAGCGTCAAG-1_contig_2,True,505,TRA,TRAV23/DV6,None,TRAJ45,TRAC,True,True,CAAGGGADGLTF,TGTGCAGCAGGAGGAGGTGCTGACGGACTCACCTTT,1162,5,clonotype1108,clonotype1108_consensus_1
ATTGGACAGCTCTCGG-1,True,ATTGGACAGCTCTCGG-1_contig_1,True,518,TRB,TRBV20-1,None,TRBJ2-2,TRBC2,True,True,CSARAPNTGELFF,TGCAGTGCTAGAGCTCCGAACACCGGGGAGCTGTTTTTT,2197,6,clonotype1109,clonotype1109_consensus_1
ATTGGACAGCTCTCGG-1,True,ATTGGACAGCTCTCGG-1_contig_2,True,523,TRA,TRAV20,None,TRAJ42,TRAC,True,True,CAVQETERGGGGSQGNLIF,TGTGCTGTGCAGGAGACCGAGAGAGGTGGTGGAGGAAGCCAAGGAAATCTCATCTTT,1362,5,clonotype1109,clonotype1109_consensus_2
ATTGGACAGTGGGATC-1,True,ATTGGACAGTGGGATC-1_contig_1,True,502,TRA,TRAV20,None,TRAJ49,TRAC,True,True,CAVQAAGNQFYF,TGTGCTGTGCAGGCGGCCGGTAACCAGTTCTATTTT,492,2,clonotype1110,clonotype1110_consensus_2
ATTGGACAGTGGGATC-1,True,ATTGGACAGTGGGATC-1_contig_2,True,449,TRA,TRAV40,None,TRAJ56,TRAC,True,True,CLLGAGANSKLTF,TGTCTTCTGGGAGCTGGAGCCAATAGTAAGCTGACATTT,640,4,clonotype1110,clonotype1110_consensus_3
ATTGGACAGTGGGATC-1,True,ATTGGACAGTGGGATC-1_contig_3,True,494,TRB,TRBV5-5,None,TRBJ2-5,TRBC2,True,True,CASSLSAEIKTQYF,TGTGCCAGCAGCTTGTCGGCGGAGATTAAGACCCAGTACTTC,311,3,clonotype1110,clonotype1110_consensus_1
ATTGGACAGTGTACGG-1,True,ATTGGACAGTGTACGG-1_contig_1,True,524,TRB,TRBV20-1,None,TRBJ2-1,TRBC2,True,True,CSANPRGGSYNEQFF,TGCAGTGCTAACCCCCGGGGGGGATCCTACAATGAGCAGTTCTTC,2756,11,clonotype1111,clonotype1111_consensus_2
ATTGGACAGTGTACGG-1,True,ATTGGACAGTGTACGG-1_contig_2,True,621,TRA,TRAV3,None,TRAJ37,TRAC,True,True,CAVRDVSSNTGKLIF,TGTGCTGTGAGAGACGTCTCTAGCAACACAGGCAAACTAATCTTT,696,6,clonotype1111,clonotype1111_consensus_1
ATTGGACAGTTACGGG-1,True,ATTGGACAGTTACGGG-1_contig_1,True,505,TRA,TRAV1-2,None,TRAJ33,TRAC,True,True,CAATDSNYQLIW,TGTGCTGCGACTGATAGCAACTATCAGTTAATCTGG,708,4,clonotype1,clonotype1_consensus_2
ATTGGACAGTTACGGG-1,True,ATTGGACAGTTACGGG-1_contig_2,True,521,TRB,TRBV20-1,None,TRBJ2-1,TRBC2,True,True,CSARVGSEVNEQFF,TGCAGTGCTAGAGTGGGGTCGGAAGTCAATGAGCAGTTCTTC,1757,8,clonotype1,clonotype1_consensus_1
ATTGGACAGTTACGGG-1,True,ATTGGACAGTTACGGG-1_contig_3,True,457,TRA,TRAV10,None,TRAJ24,TRAC,True,False,None,None,62,1,clonotype1,None
ATTGGACCACCGATAT-1,True,ATTGGACCACCGATAT-1_contig_1,True,511,TRA,TRAV12-1,None,TRAJ20,TRAC,True,True,CVVPSRSNDYKLSF,TGTGTGGTTCCCTCTCGTTCTAACGACTACAAGCTCAGCTTT,117,2,clonotype1112,clonotype1112_consensus_2
ATTGGACCACCGATAT-1,True,ATTGGACCACCGATAT-1_contig_2,True,507,TRB,TRBV5-5,None,TRBJ1-5,TRBC1,True,True,CASSLGGDQPQHF,TGTGCCAGCAGCTTGGGGGGGGATCAGCCCCAGCATTTT,1302,8,clonotype1112,clonotype1112_consensus_1
ATTGGACCACCGATAT-1,True,ATTGGACCACCGATAT-1_contig_3,True,414,TRB,TRBV20-1,None,TRBJ2-1,TRBC2,True,False,CSARVGSEVNEQFF,TGCAGTGCTAGAGTGGGGTCGGAAGTCAATGAGCAGTTCTTC,849,3,clonotype1112,None
ATTGGACCACGAAACG-1,True,ATTGGACCACGAAACG-1_contig_1,True,541,TRA,TRAV12-2,None,TRAJ31,TRAC,True,True,CAVTNNNARLMF,TGTGCCGTCACGAATAACAATGCCAGACTCATGTTT,4448,2,clonotype1113,clonotype1113_consensus_1
ATTGGACCACGAAACG-1,True,ATTGGACCACGAAACG-1_contig_2,True,489,TRB,TRBV20-1,None,TRBJ2-7,TRBC2,True,True,CSAREVYEQYF,TGCAGTGCTAGAGAGGTCTACGAGCAGTACTTC,781,8,clonotype1113,clonotype1113_consensus_2
ATTGGACCACGGTTTA-1,True,ATTGGACCACGGTTTA-1_contig_1,True,668,TRB,TRBV5-5,None,TRBJ1-1,TRBC1,True,True,CASSFQGDTEAFF,TGTGCCAGCAGCTTTCAGGGAGACACTGAAGCTTTCTTT,6508,11,clonotype1114,clonotype1114_consensus_2
ATTGGACCACGGTTTA-1,True,ATTGGACCACGGTTTA-1_contig_2,True,536,TRA,TRAV16,None,TRAJ13,TRAC,True,True,CALHSGGYQKVTF,TGTGCTCTCCATTCTGGGGGTTACCAGAAAGTTACCTTT,82,2,clonotype1114,clonotype1114_consensus_1
ATTGGACCACGGTTTA-1,True,ATTGGACCACGGTTTA-1_contig_3,True,463,TRA,TRAV13-1,None,TRAJ6,TRAC,True,False,None,None,214,1,clonotype1114,None
ATTGGACCAGCTGTTA-1,True,ATTGGACCAGCTGTTA-1_contig_1,True,505,TRA,TRAV1-2,None,TRAJ33,TRAC,True,True,CAATDSNYQLIW,TGTGCTGCGACTGATAGCAACTATCAGTTAATCTGG,80,3,clonotype1,clonotype1_consensus_2
ATTGGACCAGCTGTTA-1,True,ATTGGACCAGCTGTTA-1_contig_2,True,498,TRB,TRBV20-1,None,TRBJ2-1,TRBC2,True,True,CSARVGSEVNEQFF,TGCAGTGCTAGAGTGGGGTCGGAAGTCAATGAGCAGTTCTTC,2156,9,clonotype1,clonotype1_consensus_1
ATTGGACGTAACGACG-1,True,ATTGGACGTAACGACG-1_contig_1,True,501,TRB,TRBV20-1,None,TRBJ1-6,TRBC1,True,True,CSASPPGQGKSPLHF,TGCAGTGCTAGTCCCCCGGGACAGGGGAAATCACCCCTCCACTTT,7430,16,clonotype1115,clonotype1115_consensus_2
ATTGGACGTAACGACG-1,True,ATTGGACGTAACGACG-1_contig_2,True,544,TRA,TRAV12-2,None,TRAJ36,TRAC,True,True,CAVFLTGANNLFF,TGTGCCGTCTTTTTAACTGGGGCAAACAACCTCTTCTTT,343,2,clonotype1115,clonotype1115_consensus_1
ATTGGACGTAACGACG-1,True,ATTGGACGTAACGACG-1_contig_3,True,437,TRA,TRAV8-6,None,None,TRAC,False,False,None,None,355,2,clonotype1115,None
ATTGGACTCAATACCG-1,True,ATTGGACTCAATACCG-1_contig_1,True,508,TRA,TRAV20,None,TRAJ24,TRAC,True,True,CAVMTTDSWGKFQF,TGTGCTGTTATGACAACTGACAGCTGGGGGAAATTCCAGTTT,1337,6,clonotype7,clonotype7_consensus_2
ATTGGACTCAATACCG-1,True,ATTGGACTCAATACCG-1_contig_2,True,666,TRB,TRBV5-5,None,TRBJ2-7,TRBC2,True,True,CASSSLVEQGAYEQYF,TGTGCCAGCAGCTCGCTCGTAGAGCAGGGGGCCTACGAGCAGTACTTC,639,3,clonotype7,clonotype7_consensus_1
ATTGGACTCCGTACAA-1,True,ATTGGACTCCGTACAA-1_contig_1,True,666,TRA,TRAV8-3,None,TRAJ31,TRAC,True,True,CAVFARLMF,TGTGCTGTATTTGCCAGACTCATGTTT,1539,8,clonotype1116,clonotype1116_consensus_3
ATTGGACTCCGTACAA-1,True,ATTGGACTCCGTACAA-1_contig_2,True,508,TRA,TRAV23/DV6,None,TRAJ20,TRAC,True,True,CAAHGSNDYKLSF,TGTGCAGCCCACGGTTCTAACGACTACAAGCTCAGCTTT,655,4,clonotype1116,clonotype1116_consensus_1
ATTGGACTCCGTACAA-1,True,ATTGGACTCCGTACAA-1_contig_3,True,659,TRB,TRBV5-6,None,TRBJ2-5,TRBC2,True,True,CASRLAGGKETQYF,TGTGCCAGCCGACTAGCGGGGGGCAAAGAGACCCAGTACTTC,1809,8,clonotype1116,clonotype1116_consensus_2
ATTGGACTCGAGGTAG-1,True,ATTGGACTCGAGGTAG-1_contig_1,True,510,TRB,TRBV20-1,None,TRBJ2-7,TRBC2,True,True,CSARAQSRGQGSPYEQYF,TGCAGTGCTAGGGCGCAGTCCCGAGGACAGGGGTCCCCCTACGAGCAGTACTTC,1544,11,clonotype240,clonotype240_consensus_1
ATTGGACTCGAGGTAG-1,True,ATTGGACTCGAGGTAG-1_contig_2,True,513,TRA,TRAV13-2,None,TRAJ50,TRAC,True,False,None,None,201,3,clonotype240,None
ATTGGTGAGATGTGTA-1,True,ATTGGTGAGATGTGTA-1_contig_1,True,476,TRB,TRBV5-5,None,TRBJ1-5,TRBC1,True,True,CASSRSSNQPQHF,TGTGCCAGCAGCCGGTCGAGCAATCAGCCCCAGCATTTT,1996,14,clonotype1117,clonotype1117_consensus_1
ATTGGTGAGCCAGAAC-1,True,ATTGGTGAGCCAGAAC-1_contig_1,True,512,TRB,TRBV20-1,None,TRBJ2-7,TRBC2,True,True,CSARGEREQYF,TGCAGTGCAAGGGGAGAACGGGAGCAGTACTTC,2562,11,clonotype1118,clonotype1118_consensus_1
ATTGGTGAGCCAGAAC-1,True,ATTGGTGAGCCAGAAC-1_contig_2,True,568,TRA,TRAV29/DV5,None,TRAJ10,TRAC,True,True,CAASWGGGNKLTF,TGTGCAGCAAGTTGGGGAGGAGGAAACAAACTCACCTTT,720,6,clonotype1118,clonotype1118_consensus_2
ATTGGTGAGGAACTGC-1,True,ATTGGTGAGGAACTGC-1_contig_1,True,505,TRA,TRAV1-2,None,TRAJ33,TRAC,True,True,CAATDSNYQLIW,TGTGCTGCGACTGATAGCAACTATCAGTTAATCTGG,1040,7,clonotype1,clonotype1_consensus_2
ATTGGTGAGGAACTGC-1,True,ATTGGTGAGGAACTGC-1_contig_2,True,521,TRB,TRBV20-1,None,TRBJ2-1,TRBC2,True,True,CSARVGSEVNEQFF,TGCAGTGCTAGAGTGGGGTCGGAAGTCAATGAGCAGTTCTTC,1100,10,clonotype1,clonotype1_consensus_1
ATTGGTGAGGGCACTA-1,True,ATTGGTGAGGGCACTA-1_contig_1,True,505,TRA,TRAV1-2,None,TRAJ33,TRAC,True,True,CAAMDSNYQLIW,TGTGCTGCCATGGATAGCAACTATCAGTTAATCTGG,145,2,clonotype21,clonotype21_consensus_2
ATTGGTGAGGGCACTA-1,True,ATTGGTGAGGGCACTA-1_contig_2,True,498,TRB,TRBV20-1,None,TRBJ1-1,TRBC1,True,True,CSAREGGKDTEAFF,TGCAGTGCTAGGGAGGGGGGTAAGGACACTGAAGCTTTCTTT,1863,9,clonotype21,clonotype21_consensus_1
ATTGGTGAGGGCACTA-1,True,ATTGGTGAGGGCACTA-1_contig_3,True,532,TRA,TRAV12-2,None,TRAJ49,TRAC,True,False,None,None,217,1,clonotype21,None
ATTGGTGAGTTAGGTA-1,True,ATTGGTGAGTTAGGTA-1_contig_1,True,505,TRA,TRAV1-2,None,TRAJ33,TRAC,True,True,CAATDSNYQLIW,TGTGCTGCGACTGATAGCAACTATCAGTTAATCTGG,203,2,clonotype1,clonotype1_consensus_2
ATTGGTGAGTTAGGTA-1,True,ATTGGTGAGTTAGGTA-1_contig_2,True,521,TRB,TRBV20-1,None,TRBJ2-1,TRBC2,True,True,CSARVGSEVNEQFF,TGCAGTGCTAGAGTGGGGTCGGAAGTCAATGAGCAGTTCTTC,676,7,clonotype1,clonotype1_consensus_1
ATTGGTGAGTTAGGTA-1,True,ATTGGTGAGTTAGGTA-1_contig_3,True,459,TRA,TRAV10,None,TRAJ24,TRAC,True,False,None,None,1291,1,clonotype1,None
ATTGGTGCAAAGCAAT-1,True,ATTGGTGCAAAGCAAT-1_contig_1,True,521,TRB,TRBV20-1,None,TRBJ2-2,TRBC2,True,True,CSARPQLTNTGELFF,TGCAGTGCTAGACCCCAACTAACCAACACCGGGGAGCTGTTTTTT,3203,13,clonotype13,clonotype13_consensus_2
ATTGGTGCAAAGCAAT-1,True,ATTGGTGCAAAGCAAT-1_contig_2,True,519,TRA,TRAV21,None,TRAJ11,TRAC,True,True,CAASASGYSTLTF,TGTGCTGCCTCAGCATCAGGATACAGCACCCTCACCTTT,4038,7,clonotype13,clonotype13_consensus_1
ATTGGTGCACCGCTAG-1,True,ATTGGTGCACCGCTAG-1_contig_1,True,504,TRB,TRBV20-1,None,TRBJ1-5,TRBC1,True,True,CSARGQGVYSNQPQHF,TGCAGTGCTAGGGGCCAAGGGGTATATAGCAATCAGCCCCAGCATTTT,2240,6,clonotype1119,clonotype1119_consensus_1
ATTGGTGCACCGCTAG-1,True,ATTGGTGCACCGCTAG-1_contig_2,True,455,TRA,TRAV9-2,None,TRAJ39,TRAC,True,True,CALSDRGNAGNMLTF,TGTGCTCTGAGTGATCGGGGTAATGCAGGCAACATGCTCACCTTT,6112,3,clonotype1119,clonotype1119_consensus_2
ATTGGTGCAGCAGTTT-1,True,ATTGGTGCAGCAGTTT-1_contig_1,True,509,TRB,TRBV20-1,None,TRBJ2-5,TRBC2,True,True,CSAPQETQYF,TGCAGTGCTCCGCAAGAGACCCAGTACTTC,2636,12,clonotype1120,clonotype1120_consensus_2
ATTGGTGCAGCAGTTT-1,True,ATTGGTGCAGCAGTTT-1_contig_2,True,490,TRA,TRAV10,None,TRAJ6,TRAC,True,True,CVVSGGGLSGGSYIPTF,TGTGTGGTGAGCGGGGGGGGCTTATCAGGAGGAAGCTACATACCTACATTT,587,8,clonotype1120,clonotype1120_consensus_1
ATTGGTGCAGCGAACA-1,True,ATTGGTGCAGCGAACA-1_contig_1,True,505,TRA,TRAV1-2,None,TRAJ33,TRAC,True,True,CAATDSNYQLIW,TGTGCTGCGACTGATAGCAACTATCAGTTAATCTGG,729,3,clonotype1,clonotype1_consensus_2
ATTGGTGCAGCGAACA-1,True,ATTGGTGCAGCGAACA-1_contig_2,True,485,TRB,TRBV20-1,None,TRBJ2-1,TRBC2,True,True,CSARVGSEVNEQFF,TGCAGTGCTAGAGTGGGGTCGGAAGTCAATGAGCAGTTCTTC,3235,12,clonotype1,clonotype1_consensus_1
ATTGGTGCAGCGAACA-1,True,ATTGGTGCAGCGAACA-1_contig_3,True,457,TRA,TRAV10,None,TRAJ24,TRAC,True,False,None,None,501,3,clonotype1,None
ATTGGTGCAGGGATTG-1,True,ATTGGTGCAGGGATTG-1_contig_1,True,505,TRA,TRAV1-2,None,TRAJ33,TRAC,True,True,CAVTDSNYQLIW,TGTGCTGTGACGGATAGCAACTATCAGTTAATCTGG,860,5,clonotype123,clonotype123_consensus_2
ATTGGTGCAGGGATTG-1,True,ATTGGTGCAGGGATTG-1_contig_2,True,519,TRB,TRBV20-1,None,TRBJ2-5,TRBC2,True,True,CSAKSGGAEETQYF,TGCAGTGCTAAGAGCGGGGGGGCGGAGGAGACCCAGTACTTC,1261,5,clonotype123,clonotype123_consensus_1
ATTGGTGCAGGGATTG-1,True,ATTGGTGCAGGGATTG-1_contig_3,True,331,TRB,TRBV27,None,TRBJ2-7,TRBC2,True,False,CQQFPTSQFYEQYF,TGCCAGCAGTTCCCGACTAGCCAATTTTACGAGCAGTACTTC,148,1,clonotype123,None
ATTGGTGCAGGGATTG-1,True,ATTGGTGCAGGGATTG-1_contig_4,True,573,TRA,TRAV19,None,TRAJ32,TRAC,True,False,None,None,179,2,clonotype123,None
ATTGGTGGTATTCTCT-1,True,ATTGGTGGTATTCTCT-1_contig_1,True,505,TRA,TRAV1-2,None,TRAJ33,TRAC,True,True,CAATDSNYQLIW,TGTGCTGCGACTGATAGCAACTATCAGTTAATCTGG,997,3,clonotype1,clonotype1_consensus_2
ATTGGTGGTATTCTCT-1,True,ATTGGTGGTATTCTCT-1_contig_2,True,521,TRB,TRBV20-1,None,TRBJ2-1,TRBC2,True,True,CSARVGSEVNEQFF,TGCAGTGCTAGAGTGGGGTCGGAAGTCAATGAGCAGTTCTTC,1278,6,clonotype1,clonotype1_consensus_1
ATTGGTGGTCTAGTCA-1,True,ATTGGTGGTCTAGTCA-1_contig_1,True,505,TRA,TRAV1-2,None,TRAJ33,TRAC,True,True,CAATDSNYQLIW,TGTGCTGCGACTGATAGCAACTATCAGTTAATCTGG,570,5,clonotype1,clonotype1_consensus_2
ATTGGTGGTCTAGTCA-1,True,ATTGGTGGTCTAGTCA-1_contig_2,True,521,TRB,TRBV20-1,None,TRBJ2-1,TRBC2,True,True,CSARVGSEVNEQFF,TGCAGTGCTAGAGTGGGGTCGGAAGTCAATGAGCAGTTCTTC,878,8,clonotype1,clonotype1_consensus_1
ATTGGTGTCAGATAAG-1,True,ATTGGTGTCAGATAAG-1_contig_1,True,495,TRA,TRAV9-2,None,TRAJ13,TRAC,True,True,CALKDSGGYQKVTF,TGTGCTCTGAAAGATTCTGGGGGTTACCAGAAAGTTACCTTT,922,4,clonotype241,clonotype241_consensus_2
ATTGGTGTCAGATAAG-1,True,ATTGGTGTCAGATAAG-1_contig_2,True,524,TRB,TRBV20-1,None,TRBJ2-3,TRBC2,True,True,CSAELKRGNTDTQYF,TGCAGTGCAGAACTAAAGCGGGGGAACACAGATACGCAGTATTTT,3007,13,clonotype241,clonotype241_consensus_1
ATTGGTGTCAGATAAG-1,True,ATTGGTGTCAGATAAG-1_contig_3,True,362,TRA,TRAV8-6,None,None,TRAC,False,False,None,None,82,5,clonotype241,None
ATTGGTGTCAGATAAG-1,True,ATTGGTGTCAGATAAG-1_contig_4,True,309,TRB,None,None,TRBJ1-1,TRBC1,False,False,None,None,749,3,clonotype241,None
ATTGGTGTCAGTTGAC-1,True,ATTGGTGTCAGTTGAC-1_contig_1,True,505,TRA,TRAV1-2,None,TRAJ33,TRAC,True,True,CAATDSNYQLIW,TGTGCTGCGACTGATAGCAACTATCAGTTAATCTGG,1994,1,clonotype1,clonotype1_consensus_2
ATTGGTGTCAGTTGAC-1,True,ATTGGTGTCAGTTGAC-1_contig_2,True,521,TRB,TRBV20-1,None,TRBJ2-1,TRBC2,True,True,CSARVGSEVNEQFF,TGCAGTGCTAGAGTGGGGTCGGAAGTCAATGAGCAGTTCTTC,1267,3,clonotype1,clonotype1_consensus_1
ATTGGTGTCAGTTGAC-1,True,ATTGGTGTCAGTTGAC-1_contig_3,True,465,TRA,TRAV10,None,TRAJ24,TRAC,True,False,None,None,149,2,clonotype1,None
ATTGGTGTCGCGTTTC-1,True,ATTGGTGTCGCGTTTC-1_contig_1,True,530,TRB,TRBV5-5,None,TRBJ2-1,TRBC2,True,True,CASSLGPGSDYNEQFF,TGTGCCAGCAGCTTGGGCCCCGGGTCAGACTACAATGAGCAGTTCTTC,1839,10,clonotype1121,clonotype1121_consensus_1
ATTGGTGTCGCGTTTC-1,True,ATTGGTGTCGCGTTTC-1_contig_2,True,503,TRA,TRAV16,None,TRAJ29,TRAC,True,True,CALSPGNTPLVF,TGTGCTCTAAGCCCAGGAAACACACCTCTTGTCTTT,247,4,clonotype1121,clonotype1121_consensus_2
ATTGGTGTCGCGTTTC-1,True,ATTGGTGTCGCGTTTC-1_contig_3,True,460,TRA,TRAV13-1,None,TRAJ31,TRAC,True,False,None,None,401,2,clonotype1121,None
ATTGGTGTCTCGAGTA-1,True,ATTGGTGTCTCGAGTA-1_contig_1,True,518,TRB,TRBV20-1,None,TRBJ2-1,TRBC2,True,True,CSAYTGGPNEQFF,TGCAGTGCGTATACGGGGGGACCCAATGAGCAGTTCTTC,1717,6,clonotype1122,clonotype1122_consensus_1
ATTGGTGTCTCGAGTA-1,True,ATTGGTGTCTCGAGTA-1_contig_2,True,526,TRA,TRAV14/DV4,None,TRAJ37,TRAC,True,True,CAMREGSSNTGKLIF,TGTGCAATGAGAGAGGGCTCTAGCAACACAGGCAAACTAATCTTT,258,2,clonotype1122,clonotype1122_consensus_2
ATTGGTGTCTCGAGTA-1,True,ATTGGTGTCTCGAGTA-1_contig_3,True,509,TRA,TRAV27,None,TRAJ32,TRAC,True,False,None,None,135,1,clonotype1122,None
ATTGGTGTCTTGTACT-1,True,ATTGGTGTCTTGTACT-1_contig_1,True,565,TRA,TRAV12-1,None,TRAJ42,TRAC,True,True,CVVTLFTRGGSQGNLIF,TGTGTGGTGACCTTATTCACGCGAGGAGGAAGCCAAGGAAATCTCATCTTT,287,2,clonotype1123,clonotype1123_consensus_1
ATTGGTGTCTTGTACT-1,True,ATTGGTGTCTTGTACT-1_contig_2,True,512,TRB,TRBV20-1,None,TRBJ2-7,TRBC2,True,True,CSAPDRYEQYF,TGCAGTGCTCCTGACAGATACGAGCAGTACTTC,617,4,clonotype1123,clonotype1123_consensus_2
ATTTCTGAGAGCTATA-1,True,ATTTCTGAGAGCTATA-1_contig_1,True,547,TRA,TRAV12-2,None,TRAJ13,TRAC,True,True,CAVPHSGGYQKVTF,TGTGCCGTTCCCCATTCTGGGGGTTACCAGAAAGTTACCTTT,700,3,clonotype242,clonotype242_consensus_1
ATTTCTGAGAGCTATA-1,True,ATTTCTGAGAGCTATA-1_contig_2,True,504,TRB,TRBV20-1,None,TRBJ1-5,TRBC1,True,True,CSARETQGLGNQPQHF,TGCAGTGCTAGAGAAACACAGGGATTGGGCAATCAGCCCCAGCATTTT,540,5,clonotype242,clonotype242_consensus_2
ATTTCTGCAAGTTAAG-1,True,ATTTCTGCAAGTTAAG-1_contig_1,True,505,TRA,TRAV1-2,None,TRAJ33,TRAC,True,True,CAATDSNYQLIW,TGTGCTGCGACTGATAGCAACTATCAGTTAATCTGG,342,5,clonotype1,clonotype1_consensus_2
ATTTCTGCAAGTTAAG-1,True,ATTTCTGCAAGTTAAG-1_contig_2,True,521,TRB,TRBV20-1,None,TRBJ2-1,TRBC2,True,True,CSARVGSEVNEQFF,TGCAGTGCTAGAGTGGGGTCGGAAGTCAATGAGCAGTTCTTC,1062,7,clonotype1,clonotype1_consensus_1
ATTTCTGCACACCGCA-1,True,ATTTCTGCACACCGCA-1_contig_1,True,505,TRA,TRAV1-2,None,TRAJ33,TRAC,True,True,CAATDSNYQLIW,TGTGCTGCGACTGATAGCAACTATCAGTTAATCTGG,285,2,clonotype1,clonotype1_consensus_2
ATTTCTGCACACCGCA-1,True,ATTTCTGCACACCGCA-1_contig_2,True,485,TRB,TRBV20-1,None,TRBJ2-1,TRBC2,True,True,CSARVGSEVNEQFF,TGCAGTGCTAGAGTGGGGTCGGAAGTCAATGAGCAGTTCTTC,1223,6,clonotype1,clonotype1_consensus_1
ATTTCTGCACACCGCA-1,True,ATTTCTGCACACCGCA-1_contig_3,True,465,TRA,TRAV10,None,TRAJ24,TRAC,True,False,None,None,509,3,clonotype1,None
ATTTCTGCACCGAATT-1,True,ATTTCTGCACCGAATT-1_contig_1,True,655,TRB,TRBV5-6,None,TRBJ2-7,TRBC2,True,True,CASSRDRSYEQYF,TGTGCCAGCAGCCGGGACAGGTCCTACGAGCAGTACTTC,817,5,clonotype1124,clonotype1124_consensus_1
ATTTCTGCATACCATG-1,True,ATTTCTGCATACCATG-1_contig_1,True,521,TRB,TRBV20-1,None,TRBJ2-1,TRBC2,True,True,CSARVGSEVNEQFF,TGCAGTGCTAGAGTGGGGTCGGAAGTCAATGAGCAGTTCTTC,1144,9,clonotype2,clonotype2_consensus_1
ATTTCTGCATACCATG-1,True,ATTTCTGCATACCATG-1_contig_2,True,463,TRA,TRAV10,None,TRAJ24,TRAC,True,False,None,None,112,2,clonotype2,None
ATTTCTGCATGGAATA-1,True,ATTTCTGCATGGAATA-1_contig_1,True,495,TRA,TRAV9-2,None,TRAJ28,TRAC,True,True,CALKGGAGSYQLTF,TGTGCTCTGAAGGGAGGGGCTGGGAGTTACCAACTCACTTTC,460,3,clonotype1125,clonotype1125_consensus_2
ATTTCTGCATGGAATA-1,True,ATTTCTGCATGGAATA-1_contig_2,True,521,TRB,TRBV20-1,None,TRBJ1-5,TRBC1,True,True,CSAAGLGGNQPQHF,TGCAGTGCAGCAGGGTTAGGTGGCAATCAGCCCCAGCATTTT,2212,15,clonotype1125,clonotype1125_consensus_1
ATTTCTGCATGGAATA-1,True,ATTTCTGCATGGAATA-1_contig_3,True,641,TRA,TRAV8-2,None,TRAJ43,TRAC,True,True,CVVSDLQDDMRF,TGTGTTGTGAGTGATCTACAGGATGACATGCGCTTT,296,3,clonotype1125,clonotype1125_consensus_3
ATTTCTGGTAAAGTCA-1,True,ATTTCTGGTAAAGTCA-1_contig_1,True,515,TRA,TRAV13-2,None,TRAJ6,TRAC,True,True,CAETFPSGGSYIPTF,TGTGCAGAGACCTTCCCATCAGGAGGAAGCTACATACCTACATTT,1487,6,clonotype1126,clonotype1126_consensus_2
ATTTCTGGTAAAGTCA-1,True,ATTTCTGGTAAAGTCA-1_contig_2,True,653,TRB,TRBV5-6,None,TRBJ2-5,TRBC2,True,True,CASSFWGQETQYF,TGTGCCAGCAGCTTTTGGGGGCAAGAGACCCAGTACTTC,451,6,clonotype1126,clonotype1126_consensus_1
ATTTCTGGTAAAGTCA-1,True,ATTTCTGGTAAAGTCA-1_contig_3,True,387,TRB,None,None,TRBJ1-2,TRBC1,False,False,None,None,178,2,clonotype1126,None
ATTTCTGGTATGAAAC-1,True,ATTTCTGGTATGAAAC-1_contig_1,True,462,TRA,TRAV13-1,None,TRAJ33,TRAC,True,True,CAASIGDSNYQLIW,TGTGCAGCAAGTATTGGGGATAGCAACTATCAGTTAATCTGG,176,3,clonotype1127,clonotype1127_consensus_2
ATTTCTGGTATGAAAC-1,True,ATTTCTGGTATGAAAC-1_contig_2,True,509,TRB,TRBV5-5,None,TRBJ2-1,TRBC2,True,True,CASSSGTFKGEQFF,TGTGCCAGCAGCTCCGGGACTTTCAAAGGGGAGCAGTTCTTC,577,7,clonotype1127,clonotype1127_consensus_1
ATTTCTGGTCGCCATG-1,True,ATTTCTGGTCGCCATG-1_contig_1,True,505,TRA,TRAV1-2,None,TRAJ33,TRAC,True,True,CAATDSNYQLIW,TGTGCTGCGACTGATAGCAACTATCAGTTAATCTGG,107,2,clonotype1,clonotype1_consensus_2
ATTTCTGGTCGCCATG-1,True,ATTTCTGGTCGCCATG-1_contig_2,True,498,TRB,TRBV20-1,None,TRBJ2-1,TRBC2,True,True,CSARVGSEVNEQFF,TGCAGTGCTAGAGTGGGGTCGGAAGTCAATGAGCAGTTCTTC,588,7,clonotype1,clonotype1_consensus_1
ATTTCTGTCAGGTAAA-1,True,ATTTCTGTCAGGTAAA-1_contig_1,True,556,TRA,TRAV12-1,None,TRAJ9,TRAC,True,True,CVVTRNTGGFKTIF,TGTGTGGTGACACGAAATACTGGAGGCTTCAAAACTATCTTT,379,5,clonotype5,clonotype5_consensus_2
ATTTCTGTCAGGTAAA-1,True,ATTTCTGTCAGGTAAA-1_contig_2,True,533,TRB,TRBV20-1,None,TRBJ1-5,TRBC1,True,True,CSARDDNRAKSFNQPQHF,TGCAGTGCTAGAGACGACAACCGGGCCAAATCCTTCAATCAGCCCCAGCATTTT,1509,5,clonotype5,clonotype5_consensus_1
ATTTCTGTCAGGTAAA-1,True,ATTTCTGTCAGGTAAA-1_contig_3,True,367,TRA,None,None,TRAJ10,TRAC,False,False,None,None,581,1,clonotype5,None
ATTTCTGTCGGCTACG-1,True,ATTTCTGTCGGCTACG-1_contig_1,True,505,TRA,TRAV1-2,None,TRAJ33,TRAC,True,True,CAATDSNYQLIW,TGTGCTGCGACTGATAGCAACTATCAGTTAATCTGG,78,1,clonotype1,clonotype1_consensus_2
ATTTCTGTCGGCTACG-1,True,ATTTCTGTCGGCTACG-1_contig_2,True,521,TRB,TRBV20-1,None,TRBJ2-1,TRBC2,True,True,CSARVGSEVNEQFF,TGCAGTGCTAGAGTGGGGTCGGAAGTCAATGAGCAGTTCTTC,734,6,clonotype1,clonotype1_consensus_1
CAACCAAAGATCTGCT-1,True,CAACCAAAGATCTGCT-1_contig_1,True,514,TRA,TRAV29/DV5,None,TRAJ40,TRAC,True,True,CAASSNSGTYKYIF,TGTGCAGCAAGCTCTAACTCAGGAACCTACAAATACATCTTT,112,1,clonotype1128,clonotype1128_consensus_1
CAACCAAAGATCTGCT-1,True,CAACCAAAGATCTGCT-1_contig_2,True,527,TRB,TRBV20-1,None,TRBJ2-7,TRBC2,True,True,CSAYPRLAGRDYEQYF,TGCAGTGCTTACCCTCGACTAGCGGGGAGGGACTACGAGCAGTACTTC,1792,7,clonotype1128,clonotype1128_consensus_2
CAACCAAAGATCTGCT-1,True,CAACCAAAGATCTGCT-1_contig_3,True,400,TRA,TRAV25,None,TRAJ17,TRAC,True,False,None,None,402,2,clonotype1128,None
CAACCAAAGCCCGAAA-1,True,CAACCAAAGCCCGAAA-1_contig_1,True,492,TRA,TRAV9-2,None,TRAJ13,TRAC,True,True,CALNLEGYQKVTF,TGTGCTCTGAACTTAGAGGGTTACCAGAAAGTTACCTTT,773,6,clonotype6,clonotype6_consensus_1
CAACCAAAGCCCGAAA-1,True,CAACCAAAGCCCGAAA-1_contig_2,True,660,TRB,TRBV5-6,None,TRBJ1-5,TRBC1,True,True,CASSFRGGANQPQHF,TGTGCCAGCAGCTTTCGAGGGGGCGCGAATCAGCCCCAGCATTTT,3424,13,clonotype6,clonotype6_consensus_2
CAACCAAAGGTGTTAA-1,True,CAACCAAAGGTGTTAA-1_contig_1,True,505,TRA,TRAV1-2,None,TRAJ33,TRAC,True,True,CAATDSNYQLIW,TGTGCTGCGACTGATAGCAACTATCAGTTAATCTGG,2616,4,clonotype1,clonotype1_consensus_2
CAACCAAAGGTGTTAA-1,True,CAACCAAAGGTGTTAA-1_contig_2,True,521,TRB,TRBV20-1,None,TRBJ2-1,TRBC2,True,True,CSARVGSEVNEQFF,TGCAGTGCTAGAGTGGGGTCGGAAGTCAATGAGCAGTTCTTC,2438,13,clonotype1,clonotype1_consensus_1
CAACCAAAGGTGTTAA-1,True,CAACCAAAGGTGTTAA-1_contig_3,True,482,TRA,TRAV10,None,TRAJ24,TRAC,True,False,None,None,177,3,clonotype1,None
CAACCAAAGTGAAGAG-1,True,CAACCAAAGTGAAGAG-1_contig_1,True,505,TRA,TRAV1-2,None,TRAJ33,TRAC,True,True,CAATDSNYQLIW,TGTGCTGCGACTGATAGCAACTATCAGTTAATCTGG,685,3,clonotype1,clonotype1_consensus_2
CAACCAAAGTGAAGAG-1,True,CAACCAAAGTGAAGAG-1_contig_2,True,521,TRB,TRBV20-1,None,TRBJ2-1,TRBC2,True,True,CSARVGSEVNEQFF,TGCAGTGCTAGAGTGGGGTCGGAAGTCAATGAGCAGTTCTTC,945,6,clonotype1,clonotype1_consensus_1
CAACCAAAGTGAATTG-1,True,CAACCAAAGTGAATTG-1_contig_1,True,498,TRB,TRBV20-1,None,TRBJ2-1,TRBC2,True,True,CSARVGSEVNEQFF,TGCAGTGCTAGAGTGGGGTCGGAAGTCAATGAGCAGTTCTTC,6349,11,clonotype2,clonotype2_consensus_1
CAACCAACAATCCAAC-1,True,CAACCAACAATCCAAC-1_contig_1,True,505,TRA,TRAV1-2,None,TRAJ33,TRAC,True,True,CAATDSNYQLIW,TGTGCTGCGACTGATAGCAACTATCAGTTAATCTGG,392,1,clonotype1,clonotype1_consensus_2
CAACCAACAATCCAAC-1,True,CAACCAACAATCCAAC-1_contig_2,True,521,TRB,TRBV20-1,None,TRBJ2-1,TRBC2,True,True,CSARVGSEVNEQFF,TGCAGTGCTAGAGTGGGGTCGGAAGTCAATGAGCAGTTCTTC,2031,3,clonotype1,clonotype1_consensus_1
CAACCAACAGGGCATA-1,True,CAACCAACAGGGCATA-1_contig_1,True,505,TRA,TRAV20,None,TRAJ54,TRAC,True,True,CAVIIQGAQKLVF,TGTGCTGTGATAATTCAGGGAGCCCAGAAGCTGGTATTT,258,4,clonotype1129,clonotype1129_consensus_1
CAACCAACAGGGCATA-1,True,CAACCAACAGGGCATA-1_contig_2,True,696,TRB,TRBV5-6,None,TRBJ2-3,TRBC2,True,True,CASSMPGGGTRYTQYF,TGTGCCAGCAGCATGCCTGGGGGGGGGACGCGTTATACGCAGTATTTT,308,5,clonotype1129,clonotype1129_consensus_2
CAACCAACATCATCCC-1,True,CAACCAACATCATCCC-1_contig_1,True,482,TRA,TRAV1-2,None,TRAJ33,TRAC,True,True,CAATDSNYQLIW,TGTGCTGCGACTGATAGCAACTATCAGTTAATCTGG,289,2,clonotype1,clonotype1_consensus_2
CAACCAACATCATCCC-1,True,CAACCAACATCATCCC-1_contig_2,True,521,TRB,TRBV20-1,None,TRBJ2-1,TRBC2,True,True,CSARVGSEVNEQFF,TGCAGTGCTAGAGTGGGGTCGGAAGTCAATGAGCAGTTCTTC,400,6,clonotype1,clonotype1_consensus_1
CAACCAAGTAACGACG-1,True,CAACCAAGTAACGACG-1_contig_1,True,518,TRB,TRBV20-1,None,TRBJ1-3,TRBC1,True,True,CSAMTGAGNTIYF,TGCAGTGCAATGACAGGGGCCGGAAACACCATATATTTT,1800,10,clonotype1130,clonotype1130_consensus_1
CAACCAAGTAAGAGAG-1,True,CAACCAAGTAAGAGAG-1_contig_1,True,505,TRA,TRAV1-2,None,TRAJ33,TRAC,True,True,CAATDSNYQLIW,TGTGCTGCGACTGATAGCAACTATCAGTTAATCTGG,662,2,clonotype1,clonotype1_consensus_2
CAACCAAGTAAGAGAG-1,True,CAACCAAGTAAGAGAG-1_contig_2,True,521,TRB,TRBV20-1,None,TRBJ2-1,TRBC2,True,True,CSARVGSEVNEQFF,TGCAGTGCTAGAGTGGGGTCGGAAGTCAATGAGCAGTTCTTC,873,6,clonotype1,clonotype1_consensus_1
CAACCAAGTAAGAGAG-1,True,CAACCAAGTAAGAGAG-1_contig_3,True,471,TRA,TRAV10,None,TRAJ24,TRAC,True,False,None,None,381,3,clonotype1,None
CAACCAAGTACCGAGA-1,True,CAACCAAGTACCGAGA-1_contig_1,True,558,TRA,TRAV8-4,None,TRAJ39,TRAC,True,True,CAVSGNMLTF,TGTGCTGTGAGTGGAAACATGCTCACCTTT,1426,6,clonotype1131,clonotype1131_consensus_1
CAACCAAGTACCGAGA-1,True,CAACCAAGTACCGAGA-1_contig_2,True,574,TRA,TRAV8-1,None,TRAJ40,TRAC,True,True,CAVRTTSGTYKYIF,TGTGCCGTGAGGACTACCTCAGGAACCTACAAATACATCTTT,387,3,clonotype1131,clonotype1131_consensus_3
CAACCAAGTACCGAGA-1,True,CAACCAAGTACCGAGA-1_contig_3,True,563,TRB,TRBV5-6,None,TRBJ2-2,TRBC2,True,True,CASSAGLAGNTGELFF,TGTGCCAGCAGCGCTGGACTAGCGGGGAACACCGGGGAGCTGTTTTTT,142,4,clonotype1131,clonotype1131_consensus_2
CAACCAAGTAGAGTGC-1,True,CAACCAAGTAGAGTGC-1_contig_1,True,505,TRA,TRAV1-2,None,TRAJ33,TRAC,True,True,CAATDSNYQLIW,TGTGCTGCGACTGATAGCAACTATCAGTTAATCTGG,145,2,clonotype1,clonotype1_consensus_2
CAACCAAGTAGAGTGC-1,True,CAACCAAGTAGAGTGC-1_contig_2,True,519,TRB,TRBV20-1,None,TRBJ2-1,TRBC2,True,True,CSARVGSEVNEQFF,TGCAGTGCTAGAGTGGGGTCGGAAGTCAATGAGCAGTTCTTC,4507,15,clonotype1,clonotype1_consensus_1
CAACCAAGTAGAGTGC-1,True,CAACCAAGTAGAGTGC-1_contig_3,True,454,TRA,TRAV10,None,TRAJ24,TRAC,True,False,None,None,519,3,clonotype1,None
CAACCAAGTCCGAATT-1,True,CAACCAAGTCCGAATT-1_contig_1,True,492,TRB,TRBV20-1,None,TRBJ1-1,TRBC1,True,True,CSARVTGREAFF,TGCAGTGCTAGAGTTACCGGCCGCGAAGCTTTCTTT,4794,12,clonotype1132,clonotype1132_consensus_1
CAACCAAGTCCGAATT-1,True,CAACCAAGTCCGAATT-1_contig_2,True,523,TRA,TRAV26-1,None,TRAJ33,TRAC,True,True,CIVTPLDSNYQLIW,TGCATCGTCACTCCACTCGATAGCAACTATCAGTTAATCTGG,208,1,clonotype1132,clonotype1132_consensus_2
CAACCAAGTCCGAATT-1,True,CAACCAAGTCCGAATT-1_contig_3,True,485,TRA,TRAV9-2,None,TRAJ37,TRAC,True,False,None,None,880,3,clonotype1132,None
CAACCAAGTGACTCAT-1,True,CAACCAAGTGACTCAT-1_contig_1,True,570,TRA,TRAV8-4,None,TRAJ16,TRAC,True,True,CAVNPFSDGQKLLF,TGTGCTGTGAACCCCTTTTCAGATGGCCAGAAGCTGCTCTTT,578,3,clonotype1133,clonotype1133_consensus_2
CAACCAAGTGACTCAT-1,True,CAACCAAGTGACTCAT-1_contig_2,True,527,TRA,TRAV27,None,TRAJ22,TRAC,True,True,CAGATGSARQLTF,TGTGCAGGAGCTACCGGTTCTGCAAGGCAACTGACCTTT,1331,6,clonotype1133,clonotype1133_consensus_1
CAACCAAGTTCTGGTA-1,True,CAACCAAGTTCTGGTA-1_contig_1,True,533,TRB,TRBV20-1,None,TRBJ2-3,TRBC2,True,True,CSAGTGPQKGISSDTQYF,TGCAGTGCTGGTACAGGGCCGCAAAAGGGGATTAGCTCAGATACGCAGTATTTT,2417,12,clonotype1134,clonotype1134_consensus_2
CAACCAAGTTCTGGTA-1,True,CAACCAAGTTCTGGTA-1_contig_2,True,449,TRA,TRAV9-2,None,TRAJ9,TRAC,True,True,CALSDAGGFKTIF,TGTGCTCTGAGTGATGCTGGAGGCTTCAAAACTATCTTT,1673,8,clonotype1134,clonotype1134_consensus_1
CAACCAAGTTTGTTGG-1,True,CAACCAAGTTTGTTGG-1_contig_1,True,505,TRA,TRAV1-2,None,TRAJ33,TRAC,True,True,CAATDSNYQLIW,TGTGCTGCGACTGATAGCAACTATCAGTTAATCTGG,413,2,clonotype1,clonotype1_consensus_2
CAACCAAGTTTGTTGG-1,True,CAACCAAGTTTGTTGG-1_contig_2,True,490,TRB,TRBV20-1,None,TRBJ2-1,TRBC2,True,True,CSARVGSEVNEQFF,TGCAGTGCTAGAGTGGGGTCGGAAGTCAATGAGCAGTTCTTC,86,2,clonotype1,clonotype1_consensus_1
CAACCAAGTTTGTTGG-1,True,CAACCAAGTTTGTTGG-1_contig_3,True,465,TRA,TRAV10,None,TRAJ24,TRAC,True,False,None,None,156,1,clonotype1,None
CAACCAATCATGCAAC-1,True,CAACCAATCATGCAAC-1_contig_1,True,521,TRB,TRBV20-1,None,TRBJ2-1,TRBC2,True,True,CSARVGSEVNEQFF,TGCAGTGCTAGAGTGGGGTCGGAAGTCAATGAGCAGTTCTTC,2179,8,clonotype2,clonotype2_consensus_1
CAACCAATCATGCAAC-1,True,CAACCAATCATGCAAC-1_contig_2,True,463,TRA,TRAV10,None,TRAJ24,TRAC,True,False,None,None,65,3,clonotype2,None
CAACCAATCCAAGTAC-1,True,CAACCAATCCAAGTAC-1_contig_1,True,505,TRA,TRAV1-2,None,TRAJ33,TRAC,True,True,CAATDSNYQLIW,TGTGCTGCGACTGATAGCAACTATCAGTTAATCTGG,1203,7,clonotype1,clonotype1_consensus_2
CAACCAATCCAAGTAC-1,True,CAACCAATCCAAGTAC-1_contig_2,True,521,TRB,TRBV20-1,None,TRBJ2-1,TRBC2,True,True,CSARVGSEVNEQFF,TGCAGTGCTAGAGTGGGGTCGGAAGTCAATGAGCAGTTCTTC,1377,7,clonotype1,clonotype1_consensus_1
CAACCAATCCGCTGTT-1,True,CAACCAATCCGCTGTT-1_contig_1,True,505,TRA,TRAV1-2,None,TRAJ33,TRAC,True,True,CAATDSNYQLIW,TGTGCTGCGACTGATAGCAACTATCAGTTAATCTGG,309,4,clonotype1,clonotype1_consensus_2
CAACCAATCCGCTGTT-1,True,CAACCAATCCGCTGTT-1_contig_2,True,521,TRB,TRBV20-1,None,TRBJ2-1,TRBC2,True,True,CSARVGSEVNEQFF,TGCAGTGCTAGAGTGGGGTCGGAAGTCAATGAGCAGTTCTTC,2430,9,clonotype1,clonotype1_consensus_1
CAACCAATCCGCTGTT-1,True,CAACCAATCCGCTGTT-1_contig_3,True,461,TRA,TRAV10,None,TRAJ24,TRAC,True,False,None,None,524,2,clonotype1,None
CAACCAATCGATGAGG-1,True,CAACCAATCGATGAGG-1_contig_1,True,501,TRB,TRBV20-1,None,TRBJ2-2,TRBC2,True,True,CSAAAGGLNTGELFF,TGCAGTGCCGCGGCAGGGGGCCTGAACACCGGGGAGCTGTTTTTT,2663,16,clonotype1135,clonotype1135_consensus_1
CAACCAATCGCTTGTC-1,True,CAACCAATCGCTTGTC-1_contig_1,True,501,TRB,TRBV20-1,None,TRBJ2-7,TRBC2,True,True,CSARAGQGNAYEQYF,TGCAGTGCTAGAGCTGGACAGGGGAATGCCTACGAGCAGTACTTC,1661,9,clonotype1136,clonotype1136_consensus_1
CAACCAATCTCAAACG-1,True,CAACCAATCTCAAACG-1_contig_1,True,521,TRB,TRBV20-1,None,TRBJ2-1,TRBC2,True,True,CSARVGSEVNEQFF,TGCAGTGCTAGAGTGGGGTCGGAAGTCAATGAGCAGTTCTTC,3403,11,clonotype2,clonotype2_consensus_1
CAACCTCAGGAGTAGA-1,True,CAACCTCAGGAGTAGA-1_contig_1,True,653,TRA,TRAV8-2,None,TRAJ17,TRAC,True,True,CVVTPVKAAGNKLTF,TGTGTTGTGACCCCAGTCAAAGCTGCAGGCAACAAGCTAACTTTT,348,4,clonotype1137,clonotype1137_consensus_1
CAACCTCAGGAGTAGA-1,True,CAACCTCAGGAGTAGA-1_contig_2,True,512,TRB,TRBV20-1,None,TRBJ1-2,TRBC1,True,True,CSVLIQGFYTF,TGCAGTGTTCTAATCCAGGGCTTCTACACCTTC,1789,6,clonotype1137,clonotype1137_consensus_2
CAACCTCAGGAGTAGA-1,True,CAACCTCAGGAGTAGA-1_contig_3,True,498,TRB,TRBV21-1,None,TRBJ1-1,TRBC1,True,False,CASSPPRGKLGTGTEAFF,TGTGCCAGCAGCCCCCCCCGGGGAAAACTGGGGACGGGCACTGAAGCTTTCTTT,1154,5,clonotype1137,None
CAACCTCAGGTAGCCA-1,True,CAACCTCAGGTAGCCA-1_contig_1,True,491,TRB,TRBV20-1,None,TRBJ2-7,TRBC2,True,True,CSARDLAPEQYF,TGCAGTGCTAGAGACTTAGCCCCCGAGCAGTACTTC,333,5,clonotype1138,clonotype1138_consensus_2
CAACCTCAGGTAGCCA-1,True,CAACCTCAGGTAGCCA-1_contig_2,True,639,TRA,TRAV8-6,None,TRAJ52,TRAC,True,True,CAVSGGGTSYGKLTF,TGTGCTGTGAGTGGTGGTGGTACTAGCTATGGAAAGCTGACATTT,393,2,clonotype1138,clonotype1138_consensus_1
CAACCTCAGTCGATAA-1,True,CAACCTCAGTCGATAA-1_contig_1,True,527,TRA,TRAV27,None,TRAJ17,TRAC,True,True,CAGSKAAGNKLTF,TGTGCAGGCTCCAAAGCTGCAGGCAACAAGCTAACTTTT,3260,5,clonotype1139,clonotype1139_consensus_2
CAACCTCAGTCGATAA-1,True,CAACCTCAGTCGATAA-1_contig_2,True,509,TRB,TRBV5-5,None,TRBJ1-2,TRBC1,True,True,CASSHPGQPYGYTF,TGTGCCAGCAGCCACCCGGGACAGCCTTATGGCTACACCTTC,1881,7,clonotype1139,clonotype1139_consensus_1
CAACCTCAGTGACTCT-1,True,CAACCTCAGTGACTCT-1_contig_1,True,665,TRB,TRBV5-6,None,TRBJ2-3,TRBC2,True,True,CASSVAGGSSTDTQYF,TGTGCCAGCAGCGTAGCGGGGGGCTCTAGCACAGATACGCAGTATTTT,879,9,clonotype1140,clonotype1140_consensus_1
CAACCTCAGTGACTCT-1,True,CAACCTCAGTGACTCT-1_contig_2,True,541,TRA,TRAV12-2,None,TRAJ9,TRAC,True,True,CAVNAGGFKTIF,TGTGCCGTGAACGCTGGAGGCTTCAAAACTATCTTT,1333,6,clonotype1140,clonotype1140_consensus_2
CAACCTCAGTGACTCT-1,True,CAACCTCAGTGACTCT-1_contig_3,True,304,TRA,TRAV1-1,None,TRAJ31,TRAC,True,False,None,None,376,2,clonotype1140,None
CAACCTCCAAGCTGGA-1,True,CAACCTCCAAGCTGGA-1_contig_1,True,656,TRB,TRBV5-6,None,TRBJ2-1,TRBC2,True,True,CASIRRQYNEQFF,TGTGCCAGCATACGCAGACAGTACAATGAGCAGTTCTTC,3438,15,clonotype1141,clonotype1141_consensus_1
CAACCTCCACACGCTG-1,True,CAACCTCCACACGCTG-1_contig_1,True,496,TRB,TRBV5-6,None,TRBJ1-5,TRBC1,True,True,CASSLGAAWSNQPQHF,TGTGCCAGCAGCTTGGGGGCGGCCTGGAGCAATCAGCCCCAGCATTTT,1818,9,clonotype1142,clonotype1142_consensus_1
CAACCTCCACACGCTG-1,True,CAACCTCCACACGCTG-1_contig_2,True,451,TRA,TRAV12-2,None,TRAJ36,TRAC,True,True,CAVIRTGANNLFF,TGTGCCGTGATACGGACTGGGGCAAACAACCTCTTCTTT,308,2,clonotype1142,clonotype1142_consensus_2
CAACCTCCACCAGTTA-1,True,CAACCTCCACCAGTTA-1_contig_1,True,524,TRB,TRBV20-1,None,TRBJ1-4,TRBC1,True,True,CSATGTGLGNEKLFF,TGCAGTGCTACGGGGACAGGGTTGGGGAATGAAAAACTGTTTTTT,2339,6,clonotype1143,clonotype1143_consensus_1
CAACCTCCACCAGTTA-1,True,CAACCTCCACCAGTTA-1_contig_2,True,583,TRA,TRAV17,None,TRAJ22,TRAC,True,True,CAPVSGSARQLTF,TGTGCTCCCGTCTCTGGTTCTGCAAGGCAACTGACCTTT,479,6,clonotype1143,clonotype1143_consensus_2
CAACCTCCACCAGTTA-1,True,CAACCTCCACCAGTTA-1_contig_3,True,582,TRB,None,None,TRBJ1-6,TRBC1,False,False,None,None,277,2,clonotype1143,None
CAACCTCCAGCGAACA-1,True,CAACCTCCAGCGAACA-1_contig_1,True,502,TRA,TRAV1-2,None,TRAJ30,TRAC,True,True,CAVRDLREIIF,TGTGCTGTGAGAGATCTTCGGGAGATCATCTTT,211,2,clonotype32,clonotype32_consensus_3
CAACCTCCAGCGAACA-1,True,CAACCTCCAGCGAACA-1_contig_2,True,531,TRB,TRBV5-5,None,TRBJ1-4,TRBC1,True,True,CASSHPGPNYATNEKLFF,TGTGCCAGCAGCCATCCCGGACCGAACTACGCAACTAATGAAAAACTGTTTTTT,504,6,clonotype32,clonotype32_consensus_1
CAACCTCCAGCGAACA-1,True,CAACCTCCAGCGAACA-1_contig_3,True,505,TRA,TRAV1-2,None,TRAJ33,TRAC,True,True,CAATDSNYQLIW,TGTGCTGCGACTGATAGCAACTATCAGTTAATCTGG,186,2,clonotype32,clonotype32_consensus_4
CAACCTCCAGCGAACA-1,True,CAACCTCCAGCGAACA-1_contig_4,True,521,TRB,TRBV20-1,None,TRBJ2-1,TRBC2,True,True,CSARVGSEVNEQFF,TGCAGTGCTAGAGTGGGGTCGGAAGTCAATGAGCAGTTCTTC,3855,13,clonotype32,clonotype32_consensus_2
CAACCTCCAGCGAACA-1,True,CAACCTCCAGCGAACA-1_contig_5,True,482,TRA,TRAV10,None,TRAJ24,TRAC,True,False,None,None,1427,5,clonotype32,None
CAACCTCCATCACGAT-1,True,CAACCTCCATCACGAT-1_contig_1,True,546,TRA,TRAV12-1,None,TRAJ9,TRAC,True,True,CVVTRNTGGFKTIF,TGTGTGGTGACACGAAATACTGGAGGCTTCAAAACTATCTTT,571,5,clonotype5,clonotype5_consensus_2
CAACCTCCATCACGAT-1,True,CAACCTCCATCACGAT-1_contig_2,True,533,TRB,TRBV20-1,None,TRBJ1-5,TRBC1,True,True,CSARDDNRAKSFNQPQHF,TGCAGTGCTAGAGACGACAACCGGGCCAAATCCTTCAATCAGCCCCAGCATTTT,1155,4,clonotype5,clonotype5_consensus_1
CAACCTCGTGGTACAG-1,True,CAACCTCGTGGTACAG-1_contig_1,True,498,TRB,TRBV20-1,None,TRBJ1-2,TRBC1,True,True,CSARASRAPYGYTF,TGCAGTGCTAGAGCCAGCCGGGCCCCCTATGGCTACACCTTC,1411,6,clonotype1144,clonotype1144_consensus_1
CAACCTCGTGGTACAG-1,True,CAACCTCGTGGTACAG-1_contig_2,True,389,TRA,TRAV6,None,TRAJ7,TRAC,True,False,None,None,693,5,clonotype1144,None
CAACCTCGTTCCATGA-1,True,CAACCTCGTTCCATGA-1_contig_1,True,518,TRB,TRBV20-1,None,TRBJ2-5,TRBC2,True,True,CSARVWRGETQYF,TGCAGTGCTAGAGTTTGGCGGGGGGAGACCCAGTACTTC,2782,8,clonotype1145,clonotype1145_consensus_1
CAACCTCGTTCTCATT-1,True,CAACCTCGTTCTCATT-1_contig_1,True,502,TRA,TRAV1-2,None,TRAJ30,TRAC,True,True,CAVRDLREIIF,TGTGCTGTGAGAGATCTTCGGGAGATCATCTTT,3017,2,clonotype3,clonotype3_consensus_2
CAACCTCGTTCTCATT-1,True,CAACCTCGTTCTCATT-1_contig_2,True,512,TRB,TRBV5-5,None,TRBJ1-4,TRBC1,True,True,CASSHPGPNYATNEKLFF,TGTGCCAGCAGCCATCCCGGACCGAACTACGCAACTAATGAAAAACTGTTTTTT,1081,9,clonotype3,clonotype3_consensus_1
CAACCTCGTTGGACCC-1,True,CAACCTCGTTGGACCC-1_contig_1,True,491,TRA,TRAV1-2,None,TRAJ33,TRAC,True,True,CAATDSNYQLIW,TGTGCTGCGACTGATAGCAACTATCAGTTAATCTGG,542,2,clonotype1,clonotype1_consensus_2
CAACCTCGTTGGACCC-1,True,CAACCTCGTTGGACCC-1_contig_2,True,485,TRB,TRBV20-1,None,TRBJ2-1,TRBC2,True,True,CSARVGSEVNEQFF,TGCAGTGCTAGAGTGGGGTCGGAAGTCAATGAGCAGTTCTTC,1337,7,clonotype1,clonotype1_consensus_1
CAACCTCTCATTGCGA-1,True,CAACCTCTCATTGCGA-1_contig_1,True,518,TRB,TRBV20-1,None,TRBJ1-1,TRBC1,True,True,CSAPGPKYGEAFF,TGCAGTGCGCCGGGACCCAAGTATGGTGAAGCTTTCTTT,808,8,clonotype62,clonotype62_consensus_1
CAACCTCTCATTGCGA-1,True,CAACCTCTCATTGCGA-1_contig_2,True,574,TRA,TRAV8-1,None,TRAJ29,TRAC,True,True,CAVNTNSGNTPLVF,TGTGCCGTGAATACGAATTCAGGAAACACACCTCTTGTCTTT,1022,3,clonotype62,clonotype62_consensus_2
CAACCTCTCATTGCGA-1,True,CAACCTCTCATTGCGA-1_contig_3,True,548,TRA,TRAV12-1,None,TRAJ22,TRAC,True,False,CVVGRF,TGTGTGGTGGGCCGGTTC,50,4,clonotype62,None
CAACCTCTCCCAACGG-1,True,CAACCTCTCCCAACGG-1_contig_1,True,511,TRA,TRAV20,None,TRAJ40,TRAC,True,True,CAAGGSTSGTYKYIF,TGTGCTGCGGGGGGGTCTACCTCAGGAACCTACAAATACATCTTT,917,5,clonotype1146,clonotype1146_consensus_1
CAACCTCTCCCAACGG-1,True,CAACCTCTCCCAACGG-1_contig_2,True,667,TRB,TRBV5-6,None,TRBJ2-2,TRBC2,True,True,CASSLNGGGFGELFF,TGTGCCAGCAGCTTGAATGGAGGGGGGTTCGGGGAGCTGTTTTTT,572,4,clonotype1146,clonotype1146_consensus_2
CAACCTCTCCCAACGG-1,True,CAACCTCTCCCAACGG-1_contig_3,True,684,TRB,TRBV5-5,None,TRBJ1-5,TRBC1,True,False,None,None,69,1,clonotype1146,None
CAACCTCTCCTCGCAT-1,True,CAACCTCTCCTCGCAT-1_contig_1,True,504,TRA,TRAV12-1,None,TRAJ9,TRAC,True,True,CVVTRNTGGFKTIF,TGTGTGGTGACACGAAATACTGGAGGCTTCAAAACTATCTTT,1004,5,clonotype5,clonotype5_consensus_2
CAACCTCTCCTCGCAT-1,True,CAACCTCTCCTCGCAT-1_contig_2,True,533,TRB,TRBV20-1,None,TRBJ1-5,TRBC1,True,True,CSARDDNRAKSFNQPQHF,TGCAGTGCTAGAGACGACAACCGGGCCAAATCCTTCAATCAGCCCCAGCATTTT,1893,8,clonotype5,clonotype5_consensus_1
CAACCTCTCGTTTAGG-1,True,CAACCTCTCGTTTAGG-1_contig_1,True,495,TRB,TRBV20-1,None,TRBJ1-5,TRBC1,True,True,CSATPPAGGNQPQHF,TGCAGTGCTACCCCCCCCGCAGGGGGTAATCAGCCCCAGCATTTT,1457,6,clonotype1147,clonotype1147_consensus_1
CAACCTCTCTCGGACG-1,True,CAACCTCTCTCGGACG-1_contig_1,True,493,TRA,TRAV1-1,None,TRAJ30,TRAC,True,True,CAVRDPNRDDKIIF,TGCGCTGTGAGAGATCCTAACAGAGATGACAAGATCATCTTT,808,4,clonotype1148,clonotype1148_consensus_2
CAACCTCTCTCGGACG-1,True,CAACCTCTCTCGGACG-1_contig_2,True,504,TRB,TRBV20-1,None,TRBJ1-1,TRBC1,True,True,CSAREYRVGINTEAFF,TGCAGTGCTAGAGAATACAGGGTGGGGATCAACACTGAAGCTTTCTTT,3675,14,clonotype1148,clonotype1148_consensus_1
CAACTAGAGCCAGAAC-1,True,CAACTAGAGCCAGAAC-1_contig_1,True,505,TRA,TRAV1-2,None,TRAJ33,TRAC,True,True,CAATDSNYQLIW,TGTGCTGCGACTGATAGCAACTATCAGTTAATCTGG,1678,5,clonotype1,clonotype1_consensus_2
CAACTAGAGCCAGAAC-1,True,CAACTAGAGCCAGAAC-1_contig_2,True,473,TRB,TRBV20-1,None,TRBJ2-1,TRBC2,True,True,CSARVGSEVNEQFF,TGCAGTGCTAGAGTGGGGTCGGAAGTCAATGAGCAGTTCTTC,580,5,clonotype1,clonotype1_consensus_1
CAACTAGAGCGTGAGT-1,True,CAACTAGAGCGTGAGT-1_contig_1,True,498,TRB,TRBV20-1,None,TRBJ2-1,TRBC2,True,True,CSARVGSEVNEQFF,TGCAGTGCTAGAGTGGGGTCGGAAGTCAATGAGCAGTTCTTC,2596,10,clonotype2,clonotype2_consensus_1
CAACTAGAGCGTGAGT-1,True,CAACTAGAGCGTGAGT-1_contig_2,True,465,TRA,TRAV10,None,TRAJ24,TRAC,True,False,None,None,853,6,clonotype2,None
CAACTAGAGTCGATAA-1,True,CAACTAGAGTCGATAA-1_contig_1,True,502,TRA,TRAV1-2,None,TRAJ30,TRAC,True,True,CAVRDLREIIF,TGTGCTGTGAGAGATCTTCGGGAGATCATCTTT,428,7,clonotype3,clonotype3_consensus_2
CAACTAGAGTCGATAA-1,True,CAACTAGAGTCGATAA-1_contig_2,True,936,TRB,TRBV5-5,None,TRBJ1-4,None,True,True,CASSHPGPNYATNEKLFF,TGTGCCAGCAGCCATCCCGGACCGAACTACGCAACTAATGAAAAACTGTTTTTT,89,2,clonotype3,clonotype3_consensus_1
CAACTAGAGTTCGCGC-1,True,CAACTAGAGTTCGCGC-1_contig_1,True,505,TRA,TRAV1-2,None,TRAJ33,TRAC,True,True,CAATDSNYQLIW,TGTGCTGCGACTGATAGCAACTATCAGTTAATCTGG,110,2,clonotype1,clonotype1_consensus_2
CAACTAGAGTTCGCGC-1,True,CAACTAGAGTTCGCGC-1_contig_2,True,521,TRB,TRBV20-1,None,TRBJ2-1,TRBC2,True,True,CSARVGSEVNEQFF,TGCAGTGCTAGAGTGGGGTCGGAAGTCAATGAGCAGTTCTTC,1798,6,clonotype1,clonotype1_consensus_1
CAACTAGAGTTCGCGC-1,True,CAACTAGAGTTCGCGC-1_contig_3,True,482,TRA,TRAV10,None,TRAJ24,TRAC,True,False,None,None,670,3,clonotype1,None
CAACTAGCAACTGCTA-1,True,CAACTAGCAACTGCTA-1_contig_1,True,505,TRA,TRAV1-2,None,TRAJ33,TRAC,True,True,CAATDSNYQLIW,TGTGCTGCGACTGATAGCAACTATCAGTTAATCTGG,1134,3,clonotype1,clonotype1_consensus_2
CAACTAGCAACTGCTA-1,True,CAACTAGCAACTGCTA-1_contig_2,True,473,TRB,TRBV20-1,None,TRBJ2-1,TRBC2,True,True,CSARVGSEVNEQFF,TGCAGTGCTAGAGTGGGGTCGGAAGTCAATGAGCAGTTCTTC,690,2,clonotype1,clonotype1_consensus_1
CAACTAGCAACTGCTA-1,True,CAACTAGCAACTGCTA-1_contig_3,True,465,TRA,TRAV10,None,TRAJ24,TRAC,True,False,None,None,833,2,clonotype1,None
CAACTAGCACAAGCCC-1,True,CAACTAGCACAAGCCC-1_contig_1,True,502,TRA,TRAV1-2,None,TRAJ30,TRAC,True,True,CAVRDLREIIF,TGTGCTGTGAGAGATCTTCGGGAGATCATCTTT,280,4,clonotype3,clonotype3_consensus_2
CAACTAGCACAAGCCC-1,True,CAACTAGCACAAGCCC-1_contig_2,True,516,TRB,TRBV5-5,None,TRBJ1-4,TRBC1,True,True,CASSHPGPNYATNEKLFF,TGTGCCAGCAGCCATCCCGGACCGAACTACGCAACTAATGAAAAACTGTTTTTT,1723,9,clonotype3,clonotype3_consensus_1
CAACTAGCACCAGTTA-1,True,CAACTAGCACCAGTTA-1_contig_1,True,489,TRB,TRBV20-1,None,TRBJ1-1,TRBC1,True,True,CSARDTTEAFF,TGCAGTGCTAGAGACACGACTGAAGCTTTCTTT,3611,14,clonotype1149,clonotype1149_consensus_1
CAACTAGCAGCCTTGG-1,True,CAACTAGCAGCCTTGG-1_contig_1,True,502,TRA,TRAV1-2,None,TRAJ30,TRAC,True,True,CAVRDLREIIF,TGTGCTGTGAGAGATCTTCGGGAGATCATCTTT,587,5,clonotype3,clonotype3_consensus_2
CAACTAGCAGCCTTGG-1,True,CAACTAGCAGCCTTGG-1_contig_2,True,536,TRB,TRBV5-5,None,TRBJ1-4,TRBC1,True,True,CASSHPGPNYATNEKLFF,TGTGCCAGCAGCCATCCCGGACCGAACTACGCAACTAATGAAAAACTGTTTTTT,1249,8,clonotype3,clonotype3_consensus_1
CAACTAGCAGCCTTGG-1,True,CAACTAGCAGCCTTGG-1_contig_3,True,482,TRB,TRBV7-3,None,TRBJ2-1,TRBC2,True,False,CQQRSLKAGGPYNEQFF,TGCCAGCAGCGGTCACTTAAAGCGGGGGGACCCTACAATGAGCAGTTCTTC,1130,3,clonotype3,None
CAACTAGCAGGTGCCT-1,True,CAACTAGCAGGTGCCT-1_contig_1,True,485,TRA,TRAV1-2,None,TRAJ33,TRAC,True,True,CAATDSNYQLIW,TGTGCTGCGACTGATAGCAACTATCAGTTAATCTGG,474,4,clonotype1,clonotype1_consensus_2
CAACTAGCAGGTGCCT-1,True,CAACTAGCAGGTGCCT-1_contig_2,True,476,TRB,TRBV20-1,None,TRBJ2-1,TRBC2,True,True,CSARVGSEVNEQFF,TGCAGTGCTAGAGTGGGGTCGGAAGTCAATGAGCAGTTCTTC,1491,6,clonotype1,clonotype1_consensus_1
CAACTAGCATAAGACA-1,True,CAACTAGCATAAGACA-1_contig_1,True,530,TRB,TRBV20-1,None,TRBJ2-7,TRBC2,True,True,CSARDRGTSGGSYEQYF,TGCAGTGCTAGAGACCGGGGGACTAGCGGGGGATCCTACGAGCAGTACTTC,1044,6,clonotype1150,clonotype1150_consensus_1
CAACTAGCATAAGACA-1,True,CAACTAGCATAAGACA-1_contig_2,True,621,TRA,TRAV3,None,TRAJ27,TRAC,True,True,CAVRDLSTNAGKSTF,TGTGCTGTGAGAGACCTCAGCACCAATGCAGGCAAATCAACCTTT,495,4,clonotype1150,clonotype1150_consensus_2
CAACTAGGTAAGGGCT-1,True,CAACTAGGTAAGGGCT-1_contig_1,True,596,TRA,TRAV41,None,TRAJ52,TRAC,True,True,CAGMRAGGTSYGKLTF,TGTGCTGGTATGAGAGCTGGTGGTACTAGCTATGGAAAGCTGACATTT,451,4,clonotype1151,clonotype1151_consensus_2
CAACTAGGTAAGGGCT-1,True,CAACTAGGTAAGGGCT-1_contig_2,True,674,TRB,TRBV5-6,None,TRBJ2-5,TRBC2,True,True,CASSLLGDQETQYF,TGTGCCAGCAGCTTGTTAGGTGACCAAGAGACCCAGTACTTC,525,5,clonotype1151,clonotype1151_consensus_1
CAACTAGGTACCATCA-1,True,CAACTAGGTACCATCA-1_contig_1,True,476,TRB,TRBV20-1,None,TRBJ2-1,TRBC2,True,True,CSARVGSEVNEQFF,TGCAGTGCTAGAGTGGGGTCGGAAGTCAATGAGCAGTTCTTC,1651,5,clonotype2,clonotype2_consensus_1
CAACTAGGTCAGAATA-1,True,CAACTAGGTCAGAATA-1_contig_1,True,521,TRB,TRBV20-1,None,TRBJ2-1,TRBC2,True,True,CSARVGSEVNEQFF,TGCAGTGCTAGAGTGGGGTCGGAAGTCAATGAGCAGTTCTTC,1730,10,clonotype2,clonotype2_consensus_1
CAACTAGGTCCAGTAT-1,True,CAACTAGGTCCAGTAT-1_contig_1,True,514,TRA,TRAV1-2,None,TRAJ32,TRAC,True,True,CAVKAPGGATNKLIF,TGTGCTGTGAAGGCTCCTGGTGGTGCTACAAACAAGCTCATCTTT,296,7,clonotype1152,clonotype1152_consensus_1
CAACTAGGTCCAGTAT-1,True,CAACTAGGTCCAGTAT-1_contig_2,True,521,TRB,TRBV20-1,None,TRBJ1-5,TRBC1,True,True,CSAPKQGLGQPQHF,TGCAGTGCACCTAAACAGGGTCTCGGTCAGCCCCAGCATTTT,2241,9,clonotype1152,clonotype1152_consensus_2
CAACTAGGTCCAGTAT-1,True,CAACTAGGTCCAGTAT-1_contig_3,True,519,TRB,None,None,TRBJ2-5,TRBC2,False,False,None,None,1054,2,clonotype1152,None
CAACTAGGTGGCTCCA-1,True,CAACTAGGTGGCTCCA-1_contig_1,True,502,TRA,TRAV1-2,None,TRAJ33,TRAC,True,True,CAATDSNYQLIW,TGTGCTGCGACTGATAGCAACTATCAGTTAATCTGG,81,4,clonotype1,clonotype1_consensus_2
CAACTAGGTGGCTCCA-1,True,CAACTAGGTGGCTCCA-1_contig_2,True,521,TRB,TRBV20-1,None,TRBJ2-1,TRBC2,True,True,CSARVGSEVNEQFF,TGCAGTGCTAGAGTGGGGTCGGAAGTCAATGAGCAGTTCTTC,1863,10,clonotype1,clonotype1_consensus_1
CAACTAGGTTAGATGA-1,True,CAACTAGGTTAGATGA-1_contig_1,True,566,TRA,TRAV26-1,None,TRAJ8,TRAC,True,True,CIVRVRENTGFQKLVF,TGCATCGTCAGAGTCCGGGAGAACACAGGCTTTCAGAAACTTGTATTT,1288,5,clonotype1153,clonotype1153_consensus_2
CAACTAGGTTAGATGA-1,True,CAACTAGGTTAGATGA-1_contig_2,True,476,TRB,TRBV20-1,None,TRBJ1-2,TRBC1,True,True,CSASPVGALNYGYTF,TGCAGTGCTAGCCCCGTGGGGGCCCTAAACTATGGCTACACCTTC,536,7,clonotype1153,clonotype1153_consensus_1
CAACTAGGTTCCACTC-1,True,CAACTAGGTTCCACTC-1_contig_1,True,505,TRA,TRAV1-2,None,TRAJ33,TRAC,True,True,CAATDSNYQLIW,TGTGCTGCGACTGATAGCAACTATCAGTTAATCTGG,517,5,clonotype1,clonotype1_consensus_2
CAACTAGGTTCCACTC-1,True,CAACTAGGTTCCACTC-1_contig_2,True,498,TRB,TRBV20-1,None,TRBJ2-1,TRBC2,True,True,CSARVGSEVNEQFF,TGCAGTGCTAGAGTGGGGTCGGAAGTCAATGAGCAGTTCTTC,1056,7,clonotype1,clonotype1_consensus_1
CAACTAGGTTCGCTAA-1,True,CAACTAGGTTCGCTAA-1_contig_1,True,521,TRB,TRBV20-1,None,TRBJ2-1,TRBC2,True,True,CSARVGSEVNEQFF,TGCAGTGCTAGAGTGGGGTCGGAAGTCAATGAGCAGTTCTTC,1925,8,clonotype2,clonotype2_consensus_1
CAACTAGGTTCGCTAA-1,True,CAACTAGGTTCGCTAA-1_contig_2,True,465,TRA,TRAV10,None,TRAJ24,TRAC,True,False,None,None,177,5,clonotype2,None
CAACTAGTCAAAGTAG-1,True,CAACTAGTCAAAGTAG-1_contig_1,True,450,TRA,TRAV13-1,None,TRAJ22,TRAC,True,True,CAASIRQLTF,TGTGCAGCAAGTATAAGGCAACTGACCTTT,674,6,clonotype1154,clonotype1154_consensus_2
CAACTAGTCAAAGTAG-1,True,CAACTAGTCAAAGTAG-1_contig_2,True,521,TRB,TRBV20-1,None,TRBJ2-5,TRBC2,True,True,CSAWTSALQETQYF,TGCAGTGCTTGGACTAGCGCCCTCCAAGAGACCCAGTACTTC,992,8,clonotype1154,clonotype1154_consensus_1
CAACTAGTCAAAGTAG-1,True,CAACTAGTCAAAGTAG-1_contig_3,True,309,TRB,None,None,TRBJ2-3,TRBC2,False,False,None,None,803,4,clonotype1154,None
CAACTAGTCAGCAACT-1,True,CAACTAGTCAGCAACT-1_contig_1,True,500,TRA,TRAV4,None,TRAJ17,TRAC,True,True,CLVGDVLKAAGNKLTF,TGCCTCGTGGGTGACGTCCTCAAAGCTGCAGGCAACAAGCTAACTTTT,337,6,clonotype1155,clonotype1155_consensus_1
CAACTAGTCAGTACGT-1,True,CAACTAGTCAGTACGT-1_contig_1,True,634,TRA,TRAV12-1,None,TRAJ22,TRAC,True,True,CVVTSSGSARQLTF,TGTGTGGTGACCTCTTCTGGTTCTGCAAGGCAACTGACCTTT,561,4,clonotype124,clonotype124_consensus_1
CAACTAGTCAGTACGT-1,True,CAACTAGTCAGTACGT-1_contig_2,True,513,TRB,TRBV20-1,None,TRBJ2-2,TRBC2,True,True,CSASLLYSGGLSNTGELFF,TGCAGTGCTAGCCTCCTTTATAGCGGGGGGCTGTCGAACACCGGGGAGCTGTTTTTT,2501,9,clonotype124,clonotype124_consensus_2
CAACTAGTCAGTACGT-1,True,CAACTAGTCAGTACGT-1_contig_3,True,463,TRB,TRBV29-1,None,TRBJ1-2,TRBC1,True,False,None,None,539,1,clonotype124,None
CAACTAGTCATCTGTT-1,True,CAACTAGTCATCTGTT-1_contig_1,True,507,TRA,TRAV6,None,TRAJ11,TRAC,True,True,CALVGNSGYSTLTF,TGTGCTCTAGTTGGGAATTCAGGATACAGCACCCTCACCTTT,141,5,clonotype1156,clonotype1156_consensus_2
CAACTAGTCATCTGTT-1,True,CAACTAGTCATCTGTT-1_contig_2,True,521,TRB,TRBV20-1,None,TRBJ1-6,TRBC1,True,True,CSARPQGAYSPLHF,TGCAGTGCTAGACCACAGGGGGCCTATTCACCCCTCCACTTT,1917,12,clonotype1156,clonotype1156_consensus_1
CAACTAGTCCATTCTA-1,True,CAACTAGTCCATTCTA-1_contig_1,True,495,TRB,TRBV20-1,None,TRBJ2-1,TRBC2,True,True,CSARAGVLNEQFF,TGCAGTGCTAGAGCGGGGGTTTTAAATGAGCAGTTCTTC,2739,8,clonotype1157,clonotype1157_consensus_1
CAACTAGTCCATTCTA-1,True,CAACTAGTCCATTCTA-1_contig_2,True,565,TRA,TRAV19,None,TRAJ11,TRAC,True,True,CALSETVGYSTLTF,TGTGCTCTGAGTGAGACGGTGGGATACAGCACCCTCACCTTT,2559,4,clonotype1157,clonotype1157_consensus_2
CAACTAGTCCTAAGTG-1,True,CAACTAGTCCTAAGTG-1_contig_1,True,505,TRA,TRAV1-2,None,TRAJ33,TRAC,True,True,CAATDSNYQLIW,TGTGCTGCGACTGATAGCAACTATCAGTTAATCTGG,181,2,clonotype1,clonotype1_consensus_2
CAACTAGTCCTAAGTG-1,True,CAACTAGTCCTAAGTG-1_contig_2,True,498,TRB,TRBV20-1,None,TRBJ2-1,TRBC2,True,True,CSARVGSEVNEQFF,TGCAGTGCTAGAGTGGGGTCGGAAGTCAATGAGCAGTTCTTC,6298,7,clonotype1,clonotype1_consensus_1
CAACTAGTCCTAAGTG-1,True,CAACTAGTCCTAAGTG-1_contig_3,True,465,TRA,TRAV10,None,TRAJ24,TRAC,True,False,None,None,249,1,clonotype1,None
CAACTAGTCTAGAGTC-1,True,CAACTAGTCTAGAGTC-1_contig_1,True,505,TRA,TRAV1-2,None,TRAJ33,TRAC,True,True,CAATDSNYQLIW,TGTGCTGCGACTGATAGCAACTATCAGTTAATCTGG,685,2,clonotype1,clonotype1_consensus_2
CAACTAGTCTAGAGTC-1,True,CAACTAGTCTAGAGTC-1_contig_2,True,521,TRB,TRBV20-1,None,TRBJ2-1,TRBC2,True,True,CSARVGSEVNEQFF,TGCAGTGCTAGAGTGGGGTCGGAAGTCAATGAGCAGTTCTTC,1726,22,clonotype1,clonotype1_consensus_1
CAACTAGTCTGACCTC-1,True,CAACTAGTCTGACCTC-1_contig_1,True,508,TRA,TRAV20,None,TRAJ24,TRAC,True,True,CAVMTTDSWGKFQF,TGTGCTGTTATGACAACTGACAGCTGGGGGAAATTCCAGTTT,593,5,clonotype7,clonotype7_consensus_2
CAACTAGTCTGACCTC-1,True,CAACTAGTCTGACCTC-1_contig_2,True,664,TRB,TRBV5-5,None,TRBJ2-7,TRBC2,True,True,CASSSLVEQGAYEQYF,TGTGCCAGCAGCTCGCTCGTAGAGCAGGGGGCCTACGAGCAGTACTTC,223,6,clonotype7,clonotype7_consensus_1
CAAGAAAAGAACTCGG-1,True,CAAGAAAAGAACTCGG-1_contig_1,True,505,TRA,TRAV1-2,None,TRAJ33,TRAC,True,True,CAATDSNYQLIW,TGTGCTGCGACTGATAGCAACTATCAGTTAATCTGG,256,2,clonotype1,clonotype1_consensus_2
CAAGAAAAGAACTCGG-1,True,CAAGAAAAGAACTCGG-1_contig_2,True,497,TRB,TRBV20-1,None,TRBJ2-1,TRBC2,True,True,CSARVGSEVNEQFF,TGCAGTGCTAGAGTGGGGTCGGAAGTCAATGAGCAGTTCTTC,1344,5,clonotype1,clonotype1_consensus_1
CAAGAAAAGGACATTA-1,True,CAAGAAAAGGACATTA-1_contig_1,True,505,TRA,TRAV1-2,None,TRAJ33,TRAC,True,True,CAATDSNYQLIW,TGTGCTGCGACTGATAGCAACTATCAGTTAATCTGG,237,3,clonotype1,clonotype1_consensus_2
CAAGAAAAGGACATTA-1,True,CAAGAAAAGGACATTA-1_contig_2,True,485,TRB,TRBV20-1,None,TRBJ2-1,TRBC2,True,True,CSARVGSEVNEQFF,TGCAGTGCTAGAGTGGGGTCGGAAGTCAATGAGCAGTTCTTC,2800,5,clonotype1,clonotype1_consensus_1
CAAGAAAAGGAGTTTA-1,True,CAAGAAAAGGAGTTTA-1_contig_1,True,509,TRA,TRAV25,None,TRAJ53,TRAC,True,True,CAGRSGGSNYKLTF,TGTGCAGGGAGAAGTGGAGGTAGCAACTATAAACTGACATTT,281,6,clonotype9,clonotype9_consensus_2
CAAGAAAAGGAGTTTA-1,True,CAAGAAAAGGAGTTTA-1_contig_2,True,527,TRB,TRBV20-1,None,TRBJ1-5,TRBC1,True,True,CSAIGQGAPSNQPQHF,TGCAGTGCTATCGGACAGGGGGCGCCGAGCAATCAGCCCCAGCATTTT,560,3,clonotype9,clonotype9_consensus_1
CAAGAAAAGGATGCGT-1,True,CAAGAAAAGGATGCGT-1_contig_1,True,521,TRB,TRBV20-1,None,TRBJ2-1,TRBC2,True,True,CSARVGSEVNEQFF,TGCAGTGCTAGAGTGGGGTCGGAAGTCAATGAGCAGTTCTTC,1074,6,clonotype2,clonotype2_consensus_1
CAAGAAACAAGCCATT-1,True,CAAGAAACAAGCCATT-1_contig_1,True,491,TRB,TRBV20-1,None,TRBJ2-7,TRBC2,True,True,CSARETRTSGGYEQYF,TGCAGTGCTAGAGAAACAAGGACTAGCGGGGGGTACGAGCAGTACTTC,722,5,clonotype70,clonotype70_consensus_1
CAAGAAACAATAGCGG-1,True,CAAGAAACAATAGCGG-1_contig_1,True,509,TRA,TRAV13-2,None,TRAJ17,TRAC,True,True,CAENGAAGNKLTF,TGTGCAGAGAATGGGGCTGCAGGCAACAAGCTAACTTTT,626,3,clonotype1158,clonotype1158_consensus_1
CAAGAAACAATAGCGG-1,True,CAAGAAACAATAGCGG-1_contig_2,True,667,TRA,TRAV12-1,None,TRAJ20,TRAC,True,True,CVVPDYKLSF,TGTGTGGTTCCCGACTACAAGCTCAGCTTT,314,3,clonotype1158,clonotype1158_consensus_2
CAAGAAACAATAGCGG-1,True,CAAGAAACAATAGCGG-1_contig_3,True,521,TRB,TRBV20-1,None,TRBJ2-6,TRBC2,True,True,CSARGGSGANVLTF,TGCAGTGCTAGGGGGGGGTCTGGGGCCAACGTCCTGACTTTC,1253,11,clonotype1158,clonotype1158_consensus_3
CAAGAAACAATAGCGG-1,True,CAAGAAACAATAGCGG-1_contig_4,True,503,TRB,TRBV10-3,None,TRBJ1-5,TRBC1,True,False,CTSVPSVRALTGSSSNQPQHF,TGTACTTCTGTGCCATCAGTGAGGGCCCTTACAGGGTCTTCTAGCAATCAGCCCCAGCATTTT,254,4,clonotype1158,None
CAAGAAACACACATGT-1,True,CAAGAAACACACATGT-1_contig_1,True,485,TRB,TRBV20-1,None,TRBJ1-5,TRBC1,True,True,CSARDDNRAKSFNQPQHF,TGCAGTGCTAGAGACGACAACCGGGCCAAATCCTTCAATCAGCCCCAGCATTTT,1356,5,clonotype1159,clonotype1159_consensus_1
CAAGAAACACGTTGGC-1,True,CAAGAAACACGTTGGC-1_contig_1,True,521,TRB,TRBV20-1,None,TRBJ2-1,TRBC2,True,True,CSARVGSEVNEQFF,TGCAGTGCTAGAGTGGGGTCGGAAGTCAATGAGCAGTTCTTC,1327,8,clonotype2,clonotype2_consensus_1
CAAGAAACACGTTGGC-1,True,CAAGAAACACGTTGGC-1_contig_2,True,482,TRA,TRAV10,None,TRAJ24,TRAC,True,False,None,None,76,1,clonotype2,None
CAAGAAACAGACGCCT-1,True,CAAGAAACAGACGCCT-1_contig_1,True,505,TRA,TRAV1-2,None,TRAJ33,TRAC,True,True,CAATDSNYQLIW,TGTGCTGCGACTGATAGCAACTATCAGTTAATCTGG,110,3,clonotype1,clonotype1_consensus_2
CAAGAAACAGACGCCT-1,True,CAAGAAACAGACGCCT-1_contig_2,True,498,TRB,TRBV20-1,None,TRBJ2-1,TRBC2,True,True,CSARVGSEVNEQFF,TGCAGTGCTAGAGTGGGGTCGGAAGTCAATGAGCAGTTCTTC,3216,9,clonotype1,clonotype1_consensus_1
CAAGAAACATGGTCAT-1,True,CAAGAAACATGGTCAT-1_contig_1,True,487,TRA,TRAV1-2,None,TRAJ33,TRAC,True,True,CAATDSNYQLIW,TGTGCTGCGACTGATAGCAACTATCAGTTAATCTGG,424,3,clonotype1,clonotype1_consensus_2
CAAGAAACATGGTCAT-1,True,CAAGAAACATGGTCAT-1_contig_2,True,485,TRB,TRBV20-1,None,TRBJ2-1,TRBC2,True,True,CSARVGSEVNEQFF,TGCAGTGCTAGAGTGGGGTCGGAAGTCAATGAGCAGTTCTTC,797,3,clonotype1,clonotype1_consensus_1
CAAGAAACATGGTCAT-1,True,CAAGAAACATGGTCAT-1_contig_3,True,482,TRA,TRAV10,None,TRAJ24,TRAC,True,False,None,None,536,2,clonotype1,None
CAAGAAACATGTCGAT-1,True,CAAGAAACATGTCGAT-1_contig_1,True,684,TRB,TRBV5-6,None,TRBJ1-2,TRBC1,True,True,CASSPGGPGTGNNYGYTF,TGTGCCAGCAGCCCCGGGGGGCCCGGGACAGGGAATAACTATGGCTACACCTTC,899,6,clonotype1160,clonotype1160_consensus_2
CAAGAAACATGTCGAT-1,True,CAAGAAACATGTCGAT-1_contig_2,True,677,TRA,TRAV8-3,None,TRAJ7,TRAC,True,True,CAVGARGNNRLAF,TGTGCTGTGGGTGCGAGGGGGAACAACAGACTCGCTTTT,341,4,clonotype1160,clonotype1160_consensus_1
CAAGAAACATGTCGAT-1,True,CAAGAAACATGTCGAT-1_contig_3,True,612,TRA,TRAV8-6,None,TRAJ3,TRAC,True,False,None,None,1087,3,clonotype1160,None
CAAGAAAGTACTCAAC-1,True,CAAGAAAGTACTCAAC-1_contig_1,True,521,TRB,TRBV20-1,None,TRBJ2-1,TRBC2,True,True,CSARVGSEVNEQFF,TGCAGTGCTAGAGTGGGGTCGGAAGTCAATGAGCAGTTCTTC,2455,5,clonotype2,clonotype2_consensus_1
CAAGAAAGTCATGCCG-1,True,CAAGAAAGTCATGCCG-1_contig_1,True,462,TRA,TRAV13-1,None,TRAJ26,TRAC,True,True,CAATPDNYGQNFVF,TGTGCAGCAACCCCAGATAACTATGGTCAGAATTTTGTCTTT,242,2,clonotype18,clonotype18_consensus_1
CAAGAAAGTCATGCCG-1,True,CAAGAAAGTCATGCCG-1_contig_2,True,524,TRB,TRBV20-1,None,TRBJ1-2,TRBC1,True,True,CSARGPNLRVGGYTF,TGCAGTGCTAGAGGTCCTAATCTCAGGGTCGGTGGCTACACCTTC,374,3,clonotype18,clonotype18_consensus_2
CAAGAAAGTCTCATCC-1,True,CAAGAAAGTCTCATCC-1_contig_1,True,447,TRA,TRAV25,None,TRAJ11,TRAC,True,True,CAGHRGYSTLTF,TGTGCAGGGCATAGAGGATACAGCACCCTCACCTTT,316,3,clonotype1161,clonotype1161_consensus_2
CAAGAAAGTCTCATCC-1,True,CAAGAAAGTCTCATCC-1_contig_2,True,481,TRB,TRBV5-6,None,TRBJ1-2,TRBC1,True,True,CASSYGTGPNYGYTF,TGTGCCAGCAGCTATGGGACAGGCCCTAACTATGGCTACACCTTC,490,5,clonotype1161,clonotype1161_consensus_1
CAAGAAAGTGAGTGAC-1,True,CAAGAAAGTGAGTGAC-1_contig_1,True,505,TRA,TRAV1-2,None,TRAJ33,TRAC,True,True,CAATDSNYQLIW,TGTGCTGCGACTGATAGCAACTATCAGTTAATCTGG,380,2,clonotype1,clonotype1_consensus_2
CAAGAAAGTGAGTGAC-1,True,CAAGAAAGTGAGTGAC-1_contig_2,True,495,TRB,TRBV20-1,None,TRBJ2-1,TRBC2,True,True,CSARVGSEVNEQFF,TGCAGTGCTAGAGTGGGGTCGGAAGTCAATGAGCAGTTCTTC,1020,3,clonotype1,clonotype1_consensus_1
CAAGAAATCAGGCGAA-1,True,CAAGAAATCAGGCGAA-1_contig_1,True,504,TRB,TRBV5-5,None,TRBJ1-6,TRBC1,True,True,CASSFAGLSSYNSPLHF,TGTGCCAGCAGCTTTGCAGGCCTGAGCTCCTATAATTCACCCCTCCACTTT,762,4,clonotype1162,clonotype1162_consensus_1
CAAGAAATCAGGCGAA-1,True,CAAGAAATCAGGCGAA-1_contig_2,True,496,TRA,TRAV12-1,None,TRAJ36,TRAC,True,True,CVVIKTGANNLFF,TGTGTGGTGATTAAAACTGGGGCAAACAACCTCTTCTTT,333,2,clonotype1162,clonotype1162_consensus_2
CAAGAAATCATGTAGC-1,True,CAAGAAATCATGTAGC-1_contig_1,True,505,TRA,TRAV1-2,None,TRAJ33,TRAC,True,True,CAATDSNYQLIW,TGTGCTGCGACTGATAGCAACTATCAGTTAATCTGG,846,5,clonotype1,clonotype1_consensus_2
CAAGAAATCATGTAGC-1,True,CAAGAAATCATGTAGC-1_contig_2,True,498,TRB,TRBV20-1,None,TRBJ2-1,TRBC2,True,True,CSARVGSEVNEQFF,TGCAGTGCTAGAGTGGGGTCGGAAGTCAATGAGCAGTTCTTC,2944,3,clonotype1,clonotype1_consensus_1
CAAGAAATCATGTAGC-1,True,CAAGAAATCATGTAGC-1_contig_3,True,422,TRA,TRAV39,None,TRAJ21,TRAC,True,False,CAVDRNKFYF,TGTGCCGTGGACAGGAACAAATTTTACTTT,275,1,clonotype1,None
CAAGAAATCCGCATCT-1,True,CAAGAAATCCGCATCT-1_contig_1,True,504,TRA,TRAV26-1,None,TRAJ22,TRAC,True,True,CIVVSSGSARQLTF,TGCATCGTTGTATCTTCTGGTTCTGCAAGGCAACTGACCTTT,200,1,clonotype1163,clonotype1163_consensus_1
CAAGAAATCCGCATCT-1,True,CAAGAAATCCGCATCT-1_contig_2,True,498,TRB,TRBV20-1,None,TRBJ2-7,TRBC2,True,True,CSARAFGGAYEQYF,TGCAGTGCTAGAGCCTTTGGGGGGGCCTACGAGCAGTACTTC,366,5,clonotype1163,clonotype1163_consensus_2
CAAGAAATCCGCATCT-1,True,CAAGAAATCCGCATCT-1_contig_3,True,413,TRA,None,None,TRAJ32,TRAC,False,False,None,None,97,1,clonotype1163,None
CAAGAAATCTCAAACG-1,True,CAAGAAATCTCAAACG-1_contig_1,True,505,TRA,TRAV1-2,None,TRAJ33,TRAC,True,True,CAATDSNYQLIW,TGTGCTGCGACTGATAGCAACTATCAGTTAATCTGG,441,4,clonotype1,clonotype1_consensus_2
CAAGAAATCTCAAACG-1,True,CAAGAAATCTCAAACG-1_contig_2,True,521,TRB,TRBV20-1,None,TRBJ2-1,TRBC2,True,True,CSARVGSEVNEQFF,TGCAGTGCTAGAGTGGGGTCGGAAGTCAATGAGCAGTTCTTC,453,3,clonotype1,clonotype1_consensus_1
CAAGATCAGAAACGAG-1,True,CAAGATCAGAAACGAG-1_contig_1,True,523,TRB,TRBV20-1,None,TRBJ1-6,TRBC1,True,True,CSARPTGDPNSPLHF,TGCAGTGCTCGCCCGACAGGCGACCCCAATTCACCCCTCCACTTT,688,6,clonotype1164,clonotype1164_consensus_1
CAAGATCAGAAACGAG-1,True,CAAGATCAGAAACGAG-1_contig_2,True,526,TRA,TRAV14/DV4,None,TRAJ29,TRAC,True,True,CAMREGNSGNTPLVF,TGTGCAATGAGAGAGGGAAATTCAGGAAACACACCTCTTGTCTTT,219,4,clonotype1164,clonotype1164_consensus_2
CAAGATCAGACAAGCC-1,True,CAAGATCAGACAAGCC-1_contig_1,True,496,TRB,TRBV20-1,None,TRBJ1-2,TRBC1,True,True,CSAFSEGRNYGYTF,TGCAGTGCCTTTAGCGAGGGGCGCAACTATGGCTACACCTTC,473,4,clonotype1165,clonotype1165_consensus_1
CAAGATCAGACAAGCC-1,True,CAAGATCAGACAAGCC-1_contig_2,True,475,TRA,TRAV10,None,TRAJ33,TRAC,True,True,CVVRGSNYQLIW,TGTGTGGTGAGGGGGAGCAACTATCAGTTAATCTGG,1048,2,clonotype1165,clonotype1165_consensus_2
CAAGATCAGAGGTTGC-1,True,CAAGATCAGAGGTTGC-1_contig_1,True,484,TRA,TRAV21,None,TRAJ16,TRAC,True,True,CAVRGASDGQKLLF,TGTGCTGTGAGAGGGGCTTCAGATGGCCAGAAGCTGCTCTTT,1076,11,clonotype1166,clonotype1166_consensus_1
CAAGATCAGAGGTTGC-1,True,CAAGATCAGAGGTTGC-1_contig_2,True,762,TRB,TRBV5-6,None,TRBJ2-7,TRBC2,True,True,CASSVRGITYEQYF,TGTGCCAGCAGCGTCAGGGGAATTACCTACGAGCAGTACTTC,1182,4,clonotype1166,clonotype1166_consensus_2
CAAGATCAGAGGTTGC-1,True,CAAGATCAGAGGTTGC-1_contig_3,True,440,TRB,TRBV7-3,None,TRBJ2-5,TRBC2,True,False,CASSPEAGTSGGARETQYF,TGTGCCAGCAGCCCCGAGGCCGGGACTAGCGGGGGGGCCCGAGAGACCCAGTACTTC,1649,5,clonotype1166,None
CAAGATCAGCGAGAAA-1,True,CAAGATCAGCGAGAAA-1_contig_1,True,521,TRB,TRBV20-1,None,TRBJ2-1,TRBC2,True,True,CSARVGSEVNEQFF,TGCAGTGCTAGAGTGGGGTCGGAAGTCAATGAGCAGTTCTTC,1946,8,clonotype2,clonotype2_consensus_1
CAAGATCAGTGAACGC-1,True,CAAGATCAGTGAACGC-1_contig_1,True,515,TRB,TRBV20-1,None,TRBJ1-2,TRBC1,True,True,CSARDLKDGYTF,TGCAGTGCTAGAGATCTGAAGGACGGCTACACCTTC,2163,10,clonotype1167,clonotype1167_consensus_3
CAAGATCAGTGAACGC-1,True,CAAGATCAGTGAACGC-1_contig_2,True,501,TRA,TRAV12-3,None,TRAJ3,TRAC,True,True,CGFTPGSSASKIIF,TGTGGATTCACCCCAGGCAGCAGTGCTTCCAAGATAATCTTT,1663,6,clonotype1167,clonotype1167_consensus_2
CAAGATCAGTGAACGC-1,True,CAAGATCAGTGAACGC-1_contig_3,True,484,TRB,TRBV5-5,None,TRBJ2-7,TRBC2,True,True,CASSFGGSANEQYF,TGTGCCAGCAGCTTCGGGGGCTCAGCAAACGAGCAGTACTTC,1364,5,clonotype1167,clonotype1167_consensus_1
CAAGATCAGTGAACGC-1,True,CAAGATCAGTGAACGC-1_contig_4,True,397,TRA,TRAV8-6,None,None,TRAC,False,False,None,None,1206,3,clonotype1167,None
CAAGATCCAAATACAG-1,True,CAAGATCCAAATACAG-1_contig_1,True,509,TRB,TRBV20-1,None,TRBJ1-2,TRBC1,True,True,CSAEDGGYTF,TGCAGTGCTGAAGATGGGGGCTACACCTTC,1440,4,clonotype1168,clonotype1168_consensus_1
CAAGATCCACATCTTT-1,True,CAAGATCCACATCTTT-1_contig_1,True,493,TRA,TRAV1-2,None,TRAJ33,TRAC,True,True,CAATDSNYQLIW,TGTGCTGCGACTGATAGCAACTATCAGTTAATCTGG,954,3,clonotype1,clonotype1_consensus_2
CAAGATCCACATCTTT-1,True,CAAGATCCACATCTTT-1_contig_2,True,485,TRB,TRBV20-1,None,TRBJ2-1,TRBC2,True,True,CSARVGSEVNEQFF,TGCAGTGCTAGAGTGGGGTCGGAAGTCAATGAGCAGTTCTTC,3778,7,clonotype1,clonotype1_consensus_1
CAAGATCCATATACCG-1,True,CAAGATCCATATACCG-1_contig_1,True,679,TRB,TRBV5-6,None,TRBJ1-4,TRBC1,True,True,CASSLGSTEKLFF,TGTGCCAGCAGCTTGGGAAGCACTGAAAAACTGTTTTTT,1794,7,clonotype1169,clonotype1169_consensus_2
CAAGATCCATATACCG-1,True,CAAGATCCATATACCG-1_contig_2,True,506,TRA,TRAV13-2,None,TRAJ29,TRAC,True,True,CAENSPRTPLVF,TGTGCAGAGAACTCCCCCCGGACACCTCTTGTCTTT,748,3,clonotype1169,clonotype1169_consensus_1
CAAGATCCATGTCGAT-1,True,CAAGATCCATGTCGAT-1_contig_1,True,505,TRA,TRAV1-2,None,TRAJ33,TRAC,True,True,CAATDSNYQLIW,TGTGCTGCGACTGATAGCAACTATCAGTTAATCTGG,1770,5,clonotype1,clonotype1_consensus_2
CAAGATCCATGTCGAT-1,True,CAAGATCCATGTCGAT-1_contig_2,True,498,TRB,TRBV20-1,None,TRBJ2-1,TRBC2,True,True,CSARVGSEVNEQFF,TGCAGTGCTAGAGTGGGGTCGGAAGTCAATGAGCAGTTCTTC,1806,8,clonotype1,clonotype1_consensus_1
CAAGATCGTAAATGTG-1,True,CAAGATCGTAAATGTG-1_contig_1,True,492,TRB,TRBV20-1,None,TRBJ2-5,TRBC2,True,True,CSAAGDQETQYF,TGCAGTGCTGCAGGAGACCAAGAGACCCAGTACTTC,7253,7,clonotype1170,clonotype1170_consensus_2
CAAGATCGTAAATGTG-1,True,CAAGATCGTAAATGTG-1_contig_2,True,513,TRA,TRAV38-1,None,TRAJ38,TRAC,True,True,CAFINAGNNRKLIW,TGTGCTTTCATAAATGCTGGCAACAACCGTAAGCTGATTTGG,1118,3,clonotype1170,clonotype1170_consensus_1
CAAGATCGTACCGCTG-1,True,CAAGATCGTACCGCTG-1_contig_1,True,509,TRA,TRAV13-2,None,TRAJ41,TRAC,True,True,CAETLNSGYALNF,TGTGCAGAGACCTTAAATTCCGGGTATGCACTCAACTTC,626,1,clonotype1171,clonotype1171_consensus_2
CAAGATCGTACCGCTG-1,True,CAAGATCGTACCGCTG-1_contig_2,True,521,TRB,TRBV20-1,None,TRBJ2-3,TRBC2,True,True,CSARKASGGDTQYF,TGCAGTGCTAGAAAAGCTAGCGGGGGCGATACGCAGTATTTT,902,8,clonotype1171,clonotype1171_consensus_1
CAAGATCGTACCGCTG-1,True,CAAGATCGTACCGCTG-1_contig_3,True,431,TRA,TRAV13-1,None,TRAJ30,None,True,False,CAASTEMTRSSLEKGHDFIF,TGTGCAGCAAGTACGGAGATGACAAGATCATCTTTGGAAAAGGGACACGACTTCATATTC,218,1,clonotype1171,None
CAAGATCGTCAATACC-1,True,CAAGATCGTCAATACC-1_contig_1,True,530,TRB,TRBV20-1,None,TRBJ2-1,TRBC2,True,True,CSALESTPGAGYNEQFF,TGCAGTGCTTTAGAGTCGACACCGGGGGCGGGGTACAATGAGCAGTTCTTC,1234,5,clonotype1172,clonotype1172_consensus_1
CAAGATCGTCAATACC-1,True,CAAGATCGTCAATACC-1_contig_2,True,312,TRB,None,None,TRBJ1-5,TRBC1,False,False,None,None,2193,3,clonotype1172,None
CAAGATCGTCCGTCAG-1,True,CAAGATCGTCCGTCAG-1_contig_1,True,565,TRA,TRAV8-1,None,TRAJ36,TRAC,True,True,CAVKGANNLFF,TGTGCCGTGAAAGGGGCAAACAACCTCTTCTTT,949,6,clonotype1173,clonotype1173_consensus_2
CAAGATCGTCCGTCAG-1,True,CAAGATCGTCCGTCAG-1_contig_2,True,498,TRB,TRBV20-1,None,TRBJ1-5,TRBC1,True,True,CSARGTVSNQPQHF,TGCAGTGCTAGAGGGACAGTGAGCAATCAGCCCCAGCATTTT,3977,8,clonotype1173,clonotype1173_consensus_1
CAAGATCGTCCGTCAG-1,True,CAAGATCGTCCGTCAG-1_contig_3,True,515,TRB,TRBV21-1,None,TRBJ1-3,TRBC1,True,False,CASSKAPLRQSSGNTIYF,TGTGCCAGCAGCAAAGCCCCCCTTCGACAATCCTCTGGAAACACCATATATTTT,1810,6,clonotype1173,None
CAAGATCGTCCTCCAT-1,True,CAAGATCGTCCTCCAT-1_contig_1,True,492,TRB,TRBV20-1,None,TRBJ2-1,TRBC2,True,True,CSARVGSEVNEQFF,TGCAGTGCTAGAGTGGGGTCGGAAGTCAATGAGCAGTTCTTC,1044,5,clonotype2,clonotype2_consensus_1
CAAGATCGTTGACGTT-1,True,CAAGATCGTTGACGTT-1_contig_1,True,515,TRB,TRBV20-1,None,TRBJ2-1,TRBC2,True,True,CSASGTTNEQFF,TGCAGTGCTAGTGGGACAACCAATGAGCAGTTCTTC,5376,9,clonotype243,clonotype243_consensus_1
CAAGATCGTTGACGTT-1,True,CAAGATCGTTGACGTT-1_contig_2,True,462,TRA,TRAV13-1,None,TRAJ33,TRAC,True,True,CAASRLDSNYQLIW,TGTGCAGCAAGTCGATTGGATAGCAACTATCAGTTAATCTGG,431,3,clonotype243,clonotype243_consensus_2
CAAGATCGTTGACGTT-1,True,CAAGATCGTTGACGTT-1_contig_3,True,470,TRB,TRBV21-1,None,TRBJ1-1,TRBC1,True,False,CISVPAARPIEAFF,TGTATTTCTGTGCCAGCAGCAAGACCAATTGAAGCTTTCTTT,377,3,clonotype243,None
CAAGATCGTTGACGTT-1,True,CAAGATCGTTGACGTT-1_contig_4,True,492,TRA,TRAV12-1,None,TRAJ6,TRAC,True,False,None,None,108,4,clonotype243,None
CAAGATCTCCTAGAAC-1,True,CAAGATCTCCTAGAAC-1_contig_1,True,505,TRA,TRAV1-2,None,TRAJ33,TRAC,True,True,CAATDSNYQLIW,TGTGCTGCGACTGATAGCAACTATCAGTTAATCTGG,586,7,clonotype1,clonotype1_consensus_2
CAAGATCTCCTAGAAC-1,True,CAAGATCTCCTAGAAC-1_contig_2,True,521,TRB,TRBV20-1,None,TRBJ2-1,TRBC2,True,True,CSARVGSEVNEQFF,TGCAGTGCTAGAGTGGGGTCGGAAGTCAATGAGCAGTTCTTC,1834,10,clonotype1,clonotype1_consensus_1
CAAGATCTCTTACCTA-1,True,CAAGATCTCTTACCTA-1_contig_1,True,505,TRA,TRAV1-2,None,TRAJ33,TRAC,True,True,CAATDSNYQLIW,TGTGCTGCGACTGATAGCAACTATCAGTTAATCTGG,5121,1,clonotype1,clonotype1_consensus_2
CAAGATCTCTTACCTA-1,True,CAAGATCTCTTACCTA-1_contig_2,True,492,TRB,TRBV20-1,None,TRBJ2-1,TRBC2,True,True,CSARVGSEVNEQFF,TGCAGTGCTAGAGTGGGGTCGGAAGTCAATGAGCAGTTCTTC,7762,4,clonotype1,clonotype1_consensus_1
CAAGGCCAGAACTGTA-1,True,CAAGGCCAGAACTGTA-1_contig_1,True,498,TRB,TRBV20-1,None,TRBJ2-1,TRBC2,True,True,CSARVGSEVNEQFF,TGCAGTGCTAGAGTGGGGTCGGAAGTCAATGAGCAGTTCTTC,1424,9,clonotype2,clonotype2_consensus_1
CAAGGCCAGATGTAAC-1,True,CAAGGCCAGATGTAAC-1_contig_1,True,505,TRA,TRAV1-2,None,TRAJ33,TRAC,True,True,CAATDSNYQLIW,TGTGCTGCGACTGATAGCAACTATCAGTTAATCTGG,524,2,clonotype1,clonotype1_consensus_2
CAAGGCCAGATGTAAC-1,True,CAAGGCCAGATGTAAC-1_contig_2,True,485,TRB,TRBV20-1,None,TRBJ2-1,TRBC2,True,True,CSARVGSEVNEQFF,TGCAGTGCTAGAGTGGGGTCGGAAGTCAATGAGCAGTTCTTC,455,3,clonotype1,clonotype1_consensus_1
CAAGGCCAGATGTAAC-1,True,CAAGGCCAGATGTAAC-1_contig_3,True,465,TRA,TRAV10,None,TRAJ24,TRAC,True,False,None,None,907,3,clonotype1,None
CAAGGCCAGTAGCCGA-1,True,CAAGGCCAGTAGCCGA-1_contig_1,True,645,TRB,TRBV5-6,None,TRBJ1-5,TRBC1,True,True,CASSFRGGANQPQHF,TGTGCCAGCAGCTTTCGAGGGGGCGCGAATCAGCCCCAGCATTTT,1041,4,clonotype36,clonotype36_consensus_1
CAAGGCCAGTAGCGGT-1,True,CAAGGCCAGTAGCGGT-1_contig_1,True,505,TRA,TRAV1-2,None,TRAJ33,TRAC,True,True,CAATDSNYQLIW,TGTGCTGCGACTGATAGCAACTATCAGTTAATCTGG,772,2,clonotype1,clonotype1_consensus_2
CAAGGCCAGTAGCGGT-1,True,CAAGGCCAGTAGCGGT-1_contig_2,True,511,TRB,TRBV20-1,None,TRBJ2-1,TRBC2,True,True,CSARVGSEVNEQFF,TGCAGTGCTAGAGTGGGGTCGGAAGTCAATGAGCAGTTCTTC,2376,12,clonotype1,clonotype1_consensus_1
CAAGGCCAGTCTCGGC-1,True,CAAGGCCAGTCTCGGC-1_contig_1,True,495,TRB,TRBV20-1,None,TRBJ2-5,TRBC2,True,True,CSARDGRIETQYF,TGCAGTGCTAGAGATGGGCGTATAGAGACCCAGTACTTC,2517,14,clonotype1174,clonotype1174_consensus_2
CAAGGCCAGTCTCGGC-1,True,CAAGGCCAGTCTCGGC-1_contig_2,True,564,TRA,TRAV8-4,None,TRAJ54,TRAC,True,True,CALRQGAQKLVF,TGTGCCTTGAGGCAGGGAGCCCAGAAGCTGGTATTT,1053,5,clonotype1174,clonotype1174_consensus_1
CAAGGCCAGTCTCGGC-1,True,CAAGGCCAGTCTCGGC-1_contig_3,True,663,TRA,TRAV26-2,None,TRAJ29,TRAC,True,False,CILRVVSSGNTPLVF,TGCATCCTGAGAGTCGTTTCTTCAGGAAACACACCTCTTGTCTTT,199,2,clonotype1174,None
CAAGGCCCAATACGCT-1,True,CAAGGCCCAATACGCT-1_contig_1,True,518,TRB,TRBV20-1,None,TRBJ1-1,TRBC1,True,True,CSARVEGNTEAFF,TGCAGTGCTAGGGTAGAGGGGAACACTGAAGCTTTCTTT,1792,9,clonotype1175,clonotype1175_consensus_1
CAAGGCCCAATACGCT-1,True,CAAGGCCCAATACGCT-1_contig_2,True,556,TRA,TRAV26-2,None,TRAJ53,TRAC,True,True,CILRRGSNYKLTF,TGCATCCTGAGGAGAGGTAGCAACTATAAACTGACATTT,407,5,clonotype1175,clonotype1175_consensus_2
CAAGGCCCACTTAAGC-1,True,CAAGGCCCACTTAAGC-1_contig_1,True,515,TRB,TRBV20-1,None,TRBJ1-1,TRBC1,True,True,CSARDPDTEAFF,TGCAGTGCTAGAGACCCAGACACTGAAGCTTTCTTT,1019,4,clonotype1176,clonotype1176_consensus_2
CAAGGCCCACTTAAGC-1,True,CAAGGCCCACTTAAGC-1_contig_2,True,554,TRA,TRAV12-1,None,TRAJ9,TRAC,True,True,CVVNRAGGFKTIF,TGTGTGGTGAACAGGGCTGGAGGCTTCAAAACTATCTTT,561,5,clonotype1176,clonotype1176_consensus_1
CAAGGCCCACTTAAGC-1,True,CAAGGCCCACTTAAGC-1_contig_3,True,362,TRB,None,None,TRBJ1-6,TRBC1,False,False,None,None,1226,3,clonotype1176,None
CAAGGCCCAGACACTT-1,True,CAAGGCCCAGACACTT-1_contig_1,True,509,TRB,TRBV20-1,None,TRBJ1-1,TRBC1,True,True,CSARRAEAFF,TGCAGTGCTAGGAGGGCTGAAGCTTTCTTT,6454,13,clonotype244,clonotype244_consensus_1
CAAGGCCCAGACACTT-1,True,CAAGGCCCAGACACTT-1_contig_2,True,500,TRA,TRAV38-2/DV8,None,TRAJ56,TRAC,True,True,CAYRGMFTGANSKLTF,TGTGCTTATAGGGGCATGTTTACTGGAGCCAATAGTAAGCTGACATTT,4585,5,clonotype244,clonotype244_consensus_2
CAAGGCCCAGACACTT-1,True,CAAGGCCCAGACACTT-1_contig_3,True,327,TRA,None,None,TRAJ49,TRAC,False,False,None,None,289,1,clonotype244,None
CAAGGCCCAGCCTTGG-1,True,CAAGGCCCAGCCTTGG-1_contig_1,True,505,TRA,TRAV1-2,None,TRAJ33,TRAC,True,True,CAATDSNYQLIW,TGTGCTGCGACTGATAGCAACTATCAGTTAATCTGG,858,4,clonotype1,clonotype1_consensus_2
CAAGGCCCAGCCTTGG-1,True,CAAGGCCCAGCCTTGG-1_contig_2,True,485,TRB,TRBV20-1,None,TRBJ2-1,TRBC2,True,True,CSARVGSEVNEQFF,TGCAGTGCTAGAGTGGGGTCGGAAGTCAATGAGCAGTTCTTC,8308,5,clonotype1,clonotype1_consensus_1
CAAGGCCCAGCCTTGG-1,True,CAAGGCCCAGCCTTGG-1_contig_3,True,465,TRA,TRAV10,None,TRAJ24,TRAC,True,False,None,None,527,3,clonotype1,None
CAAGGCCCAGGATTGG-1,True,CAAGGCCCAGGATTGG-1_contig_1,True,521,TRB,TRBV20-1,None,TRBJ2-1,TRBC2,True,True,CSARVGSEVNEQFF,TGCAGTGCTAGAGTGGGGTCGGAAGTCAATGAGCAGTTCTTC,14721,4,clonotype2,clonotype2_consensus_1
CAAGGCCCAGGATTGG-1,True,CAAGGCCCAGGATTGG-1_contig_2,True,567,TRB,None,None,TRBJ1-4,None,False,False,None,None,51,3,clonotype2,None
CAAGGCCCAGTAAGAT-1,True,CAAGGCCCAGTAAGAT-1_contig_1,True,530,TRB,TRBV5-5,None,TRBJ1-4,TRBC1,True,True,CASSHPGPNYATNEKLFF,TGTGCCAGCAGCCATCCCGGACCGAACTACGCAACTAATGAAAAACTGTTTTTT,1215,6,clonotype4,clonotype4_consensus_1
CAAGGCCGTGCCTGTG-1,True,CAAGGCCGTGCCTGTG-1_contig_1,True,505,TRA,TRAV1-2,None,TRAJ33,TRAC,True,True,CAATDSNYQLIW,TGTGCTGCGACTGATAGCAACTATCAGTTAATCTGG,1566,4,clonotype1,clonotype1_consensus_2
CAAGGCCGTGCCTGTG-1,True,CAAGGCCGTGCCTGTG-1_contig_2,True,521,TRB,TRBV20-1,None,TRBJ2-1,TRBC2,True,True,CSARVGSEVNEQFF,TGCAGTGCTAGAGTGGGGTCGGAAGTCAATGAGCAGTTCTTC,2406,9,clonotype1,clonotype1_consensus_1
CAAGGCCGTGCCTGTG-1,True,CAAGGCCGTGCCTGTG-1_contig_3,True,367,TRA,TRAV10,None,TRAJ24,TRAC,True,False,None,None,224,1,clonotype1,None
CAAGGCCGTTGGACCC-1,True,CAAGGCCGTTGGACCC-1_contig_1,True,521,TRB,TRBV20-1,None,TRBJ2-7,TRBC2,True,True,CSAPNPGGWGEQYF,TGCAGTGCTCCGAACCCGGGGGGTTGGGGAGAGCAGTACTTC,2002,10,clonotype1177,clonotype1177_consensus_1
CAAGGCCTCACAAACC-1,True,CAAGGCCTCACAAACC-1_contig_1,True,521,TRB,TRBV20-1,None,TRBJ2-1,TRBC2,True,True,CSARVGSEVNEQFF,TGCAGTGCTAGAGTGGGGTCGGAAGTCAATGAGCAGTTCTTC,2694,8,clonotype2,clonotype2_consensus_1
CAAGGCCTCACAAACC-1,True,CAAGGCCTCACAAACC-1_contig_2,True,436,TRA,TRAV10,None,TRAJ24,TRAC,True,False,None,None,81,1,clonotype2,None
CAAGGCCTCCACGTTC-1,True,CAAGGCCTCCACGTTC-1_contig_1,True,521,TRB,TRBV20-1,None,TRBJ2-2,TRBC2,True,True,CSAKGRVDTGELFF,TGCAGTGCTAAAGGCAGGGTTGACACCGGGGAGCTGTTTTTT,2915,9,clonotype1178,clonotype1178_consensus_1
CAAGGCCTCCACGTTC-1,True,CAAGGCCTCCACGTTC-1_contig_2,True,307,TRB,None,None,TRBJ2-5,TRBC2,False,False,None,None,1073,2,clonotype1178,None
CAAGGCCTCCACTGGG-1,True,CAAGGCCTCCACTGGG-1_contig_1,True,498,TRB,TRBV20-1,None,TRBJ2-1,TRBC2,True,True,CSARVGSEVNEQFF,TGCAGTGCTAGAGTGGGGTCGGAAGTCAATGAGCAGTTCTTC,3946,7,clonotype2,clonotype2_consensus_1
CAAGGCCTCCTGTAGA-1,True,CAAGGCCTCCTGTAGA-1_contig_1,True,505,TRA,TRAV1-2,None,TRAJ33,TRAC,True,True,CAATDSNYQLIW,TGTGCTGCGACTGATAGCAACTATCAGTTAATCTGG,172,1,clonotype1,clonotype1_consensus_2
CAAGGCCTCCTGTAGA-1,True,CAAGGCCTCCTGTAGA-1_contig_2,True,521,TRB,TRBV20-1,None,TRBJ2-1,TRBC2,True,True,CSARVGSEVNEQFF,TGCAGTGCTAGAGTGGGGTCGGAAGTCAATGAGCAGTTCTTC,1109,5,clonotype1,clonotype1_consensus_1
CAAGGCCTCCTGTAGA-1,True,CAAGGCCTCCTGTAGA-1_contig_3,True,465,TRA,TRAV10,None,TRAJ24,TRAC,True,False,None,None,205,3,clonotype1,None
CAAGGCCTCGATCCCT-1,True,CAAGGCCTCGATCCCT-1_contig_1,True,505,TRA,TRAV1-2,None,TRAJ33,TRAC,True,True,CAATDSNYQLIW,TGTGCTGCGACTGATAGCAACTATCAGTTAATCTGG,1071,6,clonotype1,clonotype1_consensus_2
CAAGGCCTCGATCCCT-1,True,CAAGGCCTCGATCCCT-1_contig_2,True,498,TRB,TRBV20-1,None,TRBJ2-1,TRBC2,True,True,CSARVGSEVNEQFF,TGCAGTGCTAGAGTGGGGTCGGAAGTCAATGAGCAGTTCTTC,2187,9,clonotype1,clonotype1_consensus_1
CAAGGCCTCTTGAGAC-1,True,CAAGGCCTCTTGAGAC-1_contig_1,True,493,TRA,TRAV38-1,None,TRAJ32,TRAC,True,True,CAFMNYGATNKLIF,TGTGCTTTCATGAATTACGGTGCTACAAACAAGCTCATCTTT,5789,6,clonotype1179,clonotype1179_consensus_2
CAAGGCCTCTTGAGAC-1,True,CAAGGCCTCTTGAGAC-1_contig_2,True,521,TRB,TRBV20-1,None,TRBJ1-2,TRBC1,True,True,CSARGTGGGDGYTF,TGCAGTGCTAGAGGGACAGGCGGAGGAGATGGCTACACCTTC,2043,11,clonotype1179,clonotype1179_consensus_1
CAAGTTGAGAAACGCC-1,True,CAAGTTGAGAAACGCC-1_contig_1,True,502,TRA,TRAV1-2,None,TRAJ30,TRAC,True,True,CAVRDLREIIF,TGTGCTGTGAGAGATCTTCGGGAGATCATCTTT,826,7,clonotype3,clonotype3_consensus_2
CAAGTTGAGAAACGCC-1,True,CAAGTTGAGAAACGCC-1_contig_2,True,683,TRB,TRBV5-5,None,TRBJ1-4,TRBC1,True,True,CASSHPGPNYATNEKLFF,TGTGCCAGCAGCCATCCCGGACCGAACTACGCAACTAATGAAAAACTGTTTTTT,1519,8,clonotype3,clonotype3_consensus_1
CAAGTTGAGAAACGCC-1,True,CAAGTTGAGAAACGCC-1_contig_3,True,510,TRB,TRBV7-3,None,TRBJ2-1,TRBC2,True,False,CQQRSLKAGGPYNEQFF,TGCCAGCAGCGGTCACTTAAAGCGGGGGGACCCTACAATGAGCAGTTCTTC,238,2,clonotype3,None
CAAGTTGAGAGCCCAA-1,True,CAAGTTGAGAGCCCAA-1_contig_1,True,505,TRA,TRAV1-2,None,TRAJ33,TRAC,True,True,CAATDSNYQLIW,TGTGCTGCGACTGATAGCAACTATCAGTTAATCTGG,646,2,clonotype1,clonotype1_consensus_2
CAAGTTGAGAGCCCAA-1,True,CAAGTTGAGAGCCCAA-1_contig_2,True,485,TRB,TRBV20-1,None,TRBJ2-1,TRBC2,True,True,CSARVGSEVNEQFF,TGCAGTGCTAGAGTGGGGTCGGAAGTCAATGAGCAGTTCTTC,3234,8,clonotype1,clonotype1_consensus_1
CAAGTTGAGAGCCCAA-1,True,CAAGTTGAGAGCCCAA-1_contig_3,True,482,TRA,TRAV10,None,TRAJ24,TRAC,True,False,None,None,266,1,clonotype1,None
CAAGTTGAGATGAGAG-1,True,CAAGTTGAGATGAGAG-1_contig_1,True,492,TRB,TRBV20-1,None,TRBJ2-1,TRBC2,True,True,CSARVGSEVNEQFF,TGCAGTGCTAGAGTGGGGTCGGAAGTCAATGAGCAGTTCTTC,760,4,clonotype2,clonotype2_consensus_1
CAAGTTGAGATGAGAG-1,True,CAAGTTGAGATGAGAG-1_contig_2,True,482,TRA,TRAV10,None,TRAJ24,TRAC,True,False,None,None,222,6,clonotype2,None
CAAGTTGAGATGAGAG-1,True,CAAGTTGAGATGAGAG-1_contig_3,True,443,TRB,None,None,TRBJ1-5,None,False,False,None,None,18,1,clonotype2,None
CAAGTTGAGCGCTTAT-1,True,CAAGTTGAGCGCTTAT-1_contig_1,True,474,TRB,TRBV20-1,None,TRBJ2-1,TRBC2,True,True,CSARVGSEVNEQFF,TGCAGTGCTAGAGTGGGGTCGGAAGTCAATGAGCAGTTCTTC,484,3,clonotype2,clonotype2_consensus_1
CAAGTTGAGGGCACTA-1,True,CAAGTTGAGGGCACTA-1_contig_1,True,524,TRB,TRBV20-1,None,TRBJ1-1,TRBC1,True,True,CSASRGTGANTEAFF,TGCAGTGCTAGCCGCGGGACAGGGGCTAACACTGAAGCTTTCTTT,1841,12,clonotype1180,clonotype1180_consensus_1
CAAGTTGAGGGCACTA-1,True,CAAGTTGAGGGCACTA-1_contig_2,True,538,TRA,TRAV19,None,TRAJ6,TRAC,True,False,None,None,81,1,clonotype1180,None
CAAGTTGAGGTGCAAC-1,True,CAAGTTGAGGTGCAAC-1_contig_1,True,477,TRB,TRBV5-5,None,TRBJ2-7,TRBC2,True,True,CASSLDVAVEQYF,TGTGCCAGCAGCTTGGACGTGGCTGTGGAGCAGTACTTC,991,8,clonotype1181,clonotype1181_consensus_1
CAAGTTGAGTCCCACG-1,True,CAAGTTGAGTCCCACG-1_contig_1,True,505,TRA,TRAV1-2,None,TRAJ33,TRAC,True,True,CAATDSNYQLIW,TGTGCTGCGACTGATAGCAACTATCAGTTAATCTGG,1615,10,clonotype1,clonotype1_consensus_2
CAAGTTGAGTCCCACG-1,True,CAAGTTGAGTCCCACG-1_contig_2,True,521,TRB,TRBV20-1,None,TRBJ2-1,TRBC2,True,True,CSARVGSEVNEQFF,TGCAGTGCTAGAGTGGGGTCGGAAGTCAATGAGCAGTTCTTC,430,5,clonotype1,clonotype1_consensus_1
CAAGTTGAGTCGTTTG-1,True,CAAGTTGAGTCGTTTG-1_contig_1,True,669,TRB,TRBV5-6,None,TRBJ2-1,TRBC2,True,True,CASSYLAGGSYNEQFF,TGTGCCAGCAGCTACTTAGCGGGGGGGTCCTACAATGAGCAGTTCTTC,1647,23,clonotype245,clonotype245_consensus_2
CAAGTTGAGTCGTTTG-1,True,CAAGTTGAGTCGTTTG-1_contig_2,True,540,TRA,TRAV12-1,None,TRAJ15,TRAC,True,True,CVVNQAGTALIF,TGTGTGGTGAACCAGGCAGGAACTGCTCTGATCTTT,498,30,clonotype245,clonotype245_consensus_1
CAAGTTGAGTGGGATC-1,True,CAAGTTGAGTGGGATC-1_contig_1,True,505,TRA,TRAV1-2,None,TRAJ33,TRAC,True,True,CAATDSNYQLIW,TGTGCTGCGACTGATAGCAACTATCAGTTAATCTGG,205,4,clonotype1,clonotype1_consensus_2
CAAGTTGAGTGGGATC-1,True,CAAGTTGAGTGGGATC-1_contig_2,True,498,TRB,TRBV20-1,None,TRBJ2-1,TRBC2,True,True,CSARVGSEVNEQFF,TGCAGTGCTAGAGTGGGGTCGGAAGTCAATGAGCAGTTCTTC,406,4,clonotype1,clonotype1_consensus_1
CAAGTTGCACATCCAA-1,True,CAAGTTGCACATCCAA-1_contig_1,True,504,TRB,TRBV20-1,None,TRBJ2-1,TRBC2,True,True,CSARDPGTVTGNEQFF,TGCAGTGCTAGAGATCCCGGGACGGTAACAGGCAATGAGCAGTTCTTC,2505,13,clonotype1182,clonotype1182_consensus_2
CAAGTTGCACATCCAA-1,True,CAAGTTGCACATCCAA-1_contig_2,True,489,TRA,TRAV9-2,None,TRAJ27,TRAC,True,True,CALNTNAGKSTF,TGTGCTCTAAACACCAATGCAGGCAAATCAACCTTT,1352,4,clonotype1182,clonotype1182_consensus_1
CAAGTTGCACCCATTC-1,True,CAAGTTGCACCCATTC-1_contig_1,True,648,TRB,TRBV5-5,None,TRBJ1-2,TRBC1,True,True,CASSARESYGYTF,TGTGCCAGCAGCGCCAGGGAGAGCTATGGCTACACCTTC,1991,5,clonotype1183,clonotype1183_consensus_1
CAAGTTGCACCCATTC-1,True,CAAGTTGCACCCATTC-1_contig_2,True,577,TRA,TRAV29/DV5,None,TRAJ53,TRAC,True,True,CAASAVSGGSNYKLTF,TGTGCAGCAAGCGCGGTGAGTGGAGGTAGCAACTATAAACTGACATTT,455,3,clonotype1183,clonotype1183_consensus_2
CAAGTTGCACCTCGTT-1,True,CAAGTTGCACCTCGTT-1_contig_1,True,475,TRA,TRAV21,None,TRAJ31,TRAC,True,True,CAVNNARLMF,TGTGCTGTTAACAATGCCAGACTCATGTTT,2037,11,clonotype1184,clonotype1184_consensus_2
CAAGTTGCACCTCGTT-1,True,CAAGTTGCACCTCGTT-1_contig_2,True,527,TRB,TRBV20-1,None,TRBJ2-2,TRBC2,True,True,CSARPIDRPNTGELFF,TGCAGTGCCAGGCCAATAGACAGGCCTAACACCGGGGAGCTGTTTTTT,2960,12,clonotype1184,clonotype1184_consensus_1
CAAGTTGCACCTCGTT-1,True,CAAGTTGCACCTCGTT-1_contig_3,True,304,TRB,None,None,TRBJ2-7,TRBC2,False,False,None,None,494,5,clonotype1184,None
CAAGTTGCAGGAATCG-1,True,CAAGTTGCAGGAATCG-1_contig_1,True,498,TRB,TRBV20-1,None,TRBJ2-1,TRBC2,True,True,CSARVGSEVNEQFF,TGCAGTGCTAGAGTGGGGTCGGAAGTCAATGAGCAGTTCTTC,2114,8,clonotype2,clonotype2_consensus_1
CAAGTTGCAGGAATCG-1,True,CAAGTTGCAGGAATCG-1_contig_2,True,381,TRB,None,None,TRBJ1-4,TRBC1,False,False,None,None,71,1,clonotype2,None
CAAGTTGGTGATGTCT-1,True,CAAGTTGGTGATGTCT-1_contig_1,True,508,TRA,TRAV20,None,TRAJ24,TRAC,True,True,CAVMTTDSWGKFQF,TGTGCTGTTATGACAACTGACAGCTGGGGGAAATTCCAGTTT,1786,12,clonotype7,clonotype7_consensus_2
CAAGTTGGTGATGTCT-1,True,CAAGTTGGTGATGTCT-1_contig_2,True,489,TRB,TRBV5-5,None,TRBJ2-7,TRBC2,True,True,CASSSLVEQGAYEQYF,TGTGCCAGCAGCTCGCTCGTAGAGCAGGGGGCCTACGAGCAGTACTTC,1278,5,clonotype7,clonotype7_consensus_1
CAAGTTGTCACCACCT-1,True,CAAGTTGTCACCACCT-1_contig_1,True,463,TRA,TRAV38-1,None,TRAJ53,TRAC,True,True,CAFMKQWGGGSNYKLTF,TGTGCTTTCATGAAGCAGTGGGGTGGAGGTAGCAACTATAAACTGACATTT,466,2,clonotype1185,clonotype1185_consensus_2
CAAGTTGTCACCACCT-1,True,CAAGTTGTCACCACCT-1_contig_2,True,652,TRB,TRBV5-6,None,TRBJ1-2,TRBC1,True,True,CASTLLRHYGYTF,TGTGCCAGCACTCTCCTCCGACACTATGGCTACACCTTC,4076,12,clonotype1185,clonotype1185_consensus_1
CAAGTTGTCATCGGAT-1,True,CAAGTTGTCATCGGAT-1_contig_1,True,553,TRA,TRAV19,None,TRAJ20,TRAC,True,True,CALDDYKLSF,TGTGCTCTTGACGACTACAAGCTCAGCTTT,739,3,clonotype1186,clonotype1186_consensus_1
CAAGTTGTCATCGGAT-1,True,CAAGTTGTCATCGGAT-1_contig_2,True,490,TRB,TRBV5-6,None,TRBJ2-7,TRBC2,True,True,CASSLPRVPHEQYF,TGTGCCAGCAGCTTGCCCAGGGTCCCCCACGAGCAGTACTTC,2350,6,clonotype1186,clonotype1186_consensus_2
CAAGTTGTCATCGGAT-1,True,CAAGTTGTCATCGGAT-1_contig_3,True,672,TRA,TRAV8-6,None,TRAJ33,TRAC,True,False,None,None,332,4,clonotype1186,None
CAAGTTGTCTACCAGA-1,True,CAAGTTGTCTACCAGA-1_contig_1,True,550,TRA,TRAV12-1,None,TRAJ31,TRAC,True,True,CVVNRLNARLMF,TGTGTGGTGAACCGCCTCAATGCCAGACTCATGTTT,899,5,clonotype1187,clonotype1187_consensus_2
CAAGTTGTCTACCAGA-1,True,CAAGTTGTCTACCAGA-1_contig_2,True,661,TRB,TRBV5-6,None,TRBJ1-1,TRBC1,True,True,CASSPTGGMNTEAFF,TGTGCCAGCAGCCCTACCGGGGGGATGAACACTGAAGCTTTCTTT,739,5,clonotype1187,clonotype1187_consensus_1
CACAAACAGACACTAA-1,True,CACAAACAGACACTAA-1_contig_1,True,507,TRB,TRBV20-1,None,TRBJ2-5,TRBC2,True,True,CSAPGTGVVGRKETQYF,TGCAGTGCCCCCGGGACAGGGGTAGTAGGGAGAAAAGAGACCCAGTACTTC,4961,18,clonotype1188,clonotype1188_consensus_2
CACAAACAGACACTAA-1,True,CACAAACAGACACTAA-1_contig_2,True,498,TRA,TRAV12-3,None,TRAJ37,TRAC,True,True,CAMSASNTGKLIF,TGTGCAATGAGCGCGAGCAACACAGGCAAACTAATCTTT,74,2,clonotype1188,clonotype1188_consensus_1
CACAAACAGACACTAA-1,True,CACAAACAGACACTAA-1_contig_3,True,609,Multi,TRDV1,None,TRAJ26,TRAC,True,False,None,None,1023,4,clonotype1188,None
CACAAACAGCGCCTTG-1,True,CACAAACAGCGCCTTG-1_contig_1,True,505,TRA,TRAV1-2,None,TRAJ33,TRAC,True,True,CAATDSNYQLIW,TGTGCTGCGACTGATAGCAACTATCAGTTAATCTGG,778,5,clonotype1,clonotype1_consensus_2
CACAAACAGCGCCTTG-1,True,CACAAACAGCGCCTTG-1_contig_2,True,495,TRB,TRBV20-1,None,TRBJ2-1,TRBC2,True,True,CSARVGSEVNEQFF,TGCAGTGCTAGAGTGGGGTCGGAAGTCAATGAGCAGTTCTTC,653,5,clonotype1,clonotype1_consensus_1
CACAAACAGTTGAGAT-1,True,CACAAACAGTTGAGAT-1_contig_1,True,524,TRB,TRBV20-1,None,TRBJ2-3,TRBC2,True,True,CSAHTWLASTDTQYF,TGCAGTGCTCACACCTGGCTAGCAAGCACAGATACGCAGTATTTT,1480,9,clonotype1189,clonotype1189_consensus_1
CACAAACAGTTGAGAT-1,True,CACAAACAGTTGAGAT-1_contig_2,True,523,TRA,TRAV27,None,TRAJ58,TRAC,True,True,CAAKETSGSRLTF,TGTGCGGCGAAAGAAACCAGTGGCTCTAGGTTGACCTTT,775,5,clonotype1189,clonotype1189_consensus_2
CACAAACCAAGCCATT-1,True,CACAAACCAAGCCATT-1_contig_1,True,521,TRB,TRBV20-1,None,TRBJ2-1,TRBC2,True,True,CSARGELAGNEQFF,TGCAGTGCTAGGGGGGAACTAGCGGGCAATGAGCAGTTCTTC,1191,5,clonotype1190,clonotype1190_consensus_1
CACAAACCACATCCGG-1,True,CACAAACCACATCCGG-1_contig_1,True,514,TRA,TRAV1-2,None,TRAJ32,TRAC,True,True,CAVLPYGGATNKLIF,TGTGCTGTCCTCCCTTATGGTGGTGCTACAAACAAGCTCATCTTT,603,6,clonotype1191,clonotype1191_consensus_1
CACAAACCACATCCGG-1,True,CACAAACCACATCCGG-1_contig_2,True,665,TRB,TRBV5-6,None,TRBJ2-2,TRBC2,True,True,CASSPGGTGGTGELFF,TGTGCCAGCAGCCCAGGAGGGACAGGGGGCACCGGGGAGCTGTTTTTT,2917,12,clonotype1191,clonotype1191_consensus_2
CACAAACCACCCTATC-1,True,CACAAACCACCCTATC-1_contig_1,True,505,TRA,TRAV1-2,None,TRAJ33,TRAC,True,True,CAATDSNYQLIW,TGTGCTGCGACTGATAGCAACTATCAGTTAATCTGG,782,5,clonotype1,clonotype1_consensus_2
CACAAACCACCCTATC-1,True,CACAAACCACCCTATC-1_contig_2,True,521,TRB,TRBV20-1,None,TRBJ2-1,TRBC2,True,True,CSARVGSEVNEQFF,TGCAGTGCTAGAGTGGGGTCGGAAGTCAATGAGCAGTTCTTC,1715,6,clonotype1,clonotype1_consensus_1
CACAAACCACGACGAA-1,True,CACAAACCACGACGAA-1_contig_1,True,505,TRA,TRAV1-2,None,TRAJ33,TRAC,True,True,CAATDSNYQLIW,TGTGCTGCGACTGATAGCAACTATCAGTTAATCTGG,531,5,clonotype1,clonotype1_consensus_2
CACAAACCACGACGAA-1,True,CACAAACCACGACGAA-1_contig_2,True,521,TRB,TRBV20-1,None,TRBJ2-1,TRBC2,True,True,CSARVGSEVNEQFF,TGCAGTGCTAGAGTGGGGTCGGAAGTCAATGAGCAGTTCTTC,2664,8,clonotype1,clonotype1_consensus_1
CACAAACCAGATAATG-1,True,CACAAACCAGATAATG-1_contig_1,True,530,TRB,TRBV20-1,None,TRBJ2-7,TRBC2,True,True,CSASNRRQGLSVYEQYF,TGCAGTGCTAGCAATAGACGACAGGGTTTGTCGGTCTACGAGCAGTACTTC,1104,7,clonotype246,clonotype246_consensus_1
CACAAACCAGATAATG-1,True,CACAAACCAGATAATG-1_contig_2,True,532,TRA,TRAV14/DV4,None,TRAJ45,TRAC,True,True,CAMREIYSGGGADGLTF,TGTGCAATGAGAGAGATCTATTCAGGAGGAGGTGCTGACGGACTCACCTTT,6436,8,clonotype246,clonotype246_consensus_2
CACAAACCAGCCTGTG-1,True,CACAAACCAGCCTGTG-1_contig_1,True,521,TRB,TRBV20-1,None,TRBJ2-1,TRBC2,True,True,CSARVGSEVNEQFF,TGCAGTGCTAGAGTGGGGTCGGAAGTCAATGAGCAGTTCTTC,1519,9,clonotype2,clonotype2_consensus_1
CACAAACGTCGAATCT-1,True,CACAAACGTCGAATCT-1_contig_1,True,509,TRA,TRAV25,None,TRAJ53,TRAC,True,True,CAGRSGGSNYKLTF,TGTGCAGGGAGAAGTGGAGGTAGCAACTATAAACTGACATTT,1817,5,clonotype9,clonotype9_consensus_2
CACAAACGTCGAATCT-1,True,CACAAACGTCGAATCT-1_contig_2,True,504,TRB,TRBV20-1,None,TRBJ1-5,TRBC1,True,True,CSAIGQGAPSNQPQHF,TGCAGTGCTATCGGACAGGGGGCGCCGAGCAATCAGCCCCAGCATTTT,2068,8,clonotype9,clonotype9_consensus_1
CACAAACGTCGAATCT-1,True,CACAAACGTCGAATCT-1_contig_3,True,500,TRB,TRBV7-2,None,TRBJ2-3,TRBC2,True,False,None,None,290,1,clonotype9,None
CACAAACGTTATGTGC-1,True,CACAAACGTTATGTGC-1_contig_1,True,524,TRB,TRBV20-1,None,TRBJ2-1,TRBC2,True,True,CSARVGSEVNEQFF,TGCAGTGCTAGAGTGGGGTCGGAAGTCAATGAGCAGTTCTTC,719,5,clonotype2,clonotype2_consensus_1
CACAAACTCCCATTTA-1,True,CACAAACTCCCATTTA-1_contig_1,True,501,TRA,TRAV12-3,None,TRAJ32,TRAC,True,True,CARRYGGATNKLIF,TGTGCACGGAGATATGGTGGTGCTACAAACAAGCTCATCTTT,251,3,clonotype22,clonotype22_consensus_1
CACAAACTCCCATTTA-1,True,CACAAACTCCCATTTA-1_contig_2,True,502,TRB,TRBV5-6,None,TRBJ2-2,TRBC2,True,True,CASSLSPEDPTNTGELFF,TGTGCCAGCAGCTTGAGTCCGGAAGACCCTACGAACACCGGGGAGCTGTTTTTT,284,3,clonotype22,clonotype22_consensus_2
CACAAACTCGTTACAG-1,True,CACAAACTCGTTACAG-1_contig_1,True,515,TRB,TRBV20-1,None,TRBJ1-2,TRBC1,True,True,CSAQTAIYGYTF,TGCAGTGCTCAGACAGCTATCTATGGCTACACCTTC,2467,7,clonotype1192,clonotype1192_consensus_1
CACAAACTCGTTACAG-1,True,CACAAACTCGTTACAG-1_contig_2,True,612,TRA,TRAV41,None,TRAJ43,TRAC,True,True,CAVPYNNNDMRF,TGTGCTGTCCCGTACAATAACAATGACATGCGCTTT,1573,8,clonotype1192,clonotype1192_consensus_2
CACAAACTCTCATTCA-1,True,CACAAACTCTCATTCA-1_contig_1,True,505,TRA,TRAV1-2,None,TRAJ33,TRAC,True,True,CAATDSNYQLIW,TGTGCTGCGACTGATAGCAACTATCAGTTAATCTGG,70,3,clonotype1,clonotype1_consensus_2
CACAAACTCTCATTCA-1,True,CACAAACTCTCATTCA-1_contig_2,True,521,TRB,TRBV20-1,None,TRBJ2-1,TRBC2,True,True,CSARVGSEVNEQFF,TGCAGTGCTAGAGTGGGGTCGGAAGTCAATGAGCAGTTCTTC,3906,13,clonotype1,clonotype1_consensus_1
CACAAACTCTCATTCA-1,True,CACAAACTCTCATTCA-1_contig_3,True,467,TRA,TRAV10,None,TRAJ24,TRAC,True,False,None,None,251,13,clonotype1,None
CACACAAAGACCACGA-1,True,CACACAAAGACCACGA-1_contig_1,True,508,TRA,TRAV20,None,TRAJ24,TRAC,True,True,CAVMTTDSWGKFQF,TGTGCTGTTATGACAACTGACAGCTGGGGGAAATTCCAGTTT,746,2,clonotype7,clonotype7_consensus_2
CACACAAAGACCACGA-1,True,CACACAAAGACCACGA-1_contig_2,True,698,TRB,TRBV5-5,None,TRBJ2-7,TRBC2,True,True,CASSSLVEQGAYEQYF,TGTGCCAGCAGCTCGCTCGTAGAGCAGGGGGCCTACGAGCAGTACTTC,3432,10,clonotype7,clonotype7_consensus_1
CACACAAAGATAGCAT-1,True,CACACAAAGATAGCAT-1_contig_1,True,524,TRA,TRAV5,None,TRAJ39,TRAC,True,True,CAETGNAGNMLTF,TGTGCAGAGACTGGTAATGCAGGCAACATGCTCACCTTT,1985,6,clonotype1193,clonotype1193_consensus_2
CACACAAAGATAGCAT-1,True,CACACAAAGATAGCAT-1_contig_2,True,507,TRB,TRBV5-5,None,TRBJ1-6,TRBC1,True,True,CASSLAGTGNSPLHF,TGTGCCAGCAGCTTGGCCGGGACAGGAAATTCACCCCTCCACTTT,1915,9,clonotype1193,clonotype1193_consensus_1
CACACAAAGATAGCAT-1,True,CACACAAAGATAGCAT-1_contig_3,True,373,TRB,TRBV7-3,None,TRBJ2-2,TRBC2,True,False,None,None,2392,4,clonotype1193,None
CACACAAAGCGATCCC-1,True,CACACAAAGCGATCCC-1_contig_1,True,495,TRA,TRAV1-2,None,TRAJ33,TRAC,True,True,CAATDSNYQLIW,TGTGCTGCGACTGATAGCAACTATCAGTTAATCTGG,503,1,clonotype1,clonotype1_consensus_2
CACACAAAGCGATCCC-1,True,CACACAAAGCGATCCC-1_contig_2,True,521,TRB,TRBV20-1,None,TRBJ2-1,TRBC2,True,True,CSARVGSEVNEQFF,TGCAGTGCTAGAGTGGGGTCGGAAGTCAATGAGCAGTTCTTC,3541,9,clonotype1,clonotype1_consensus_1
CACACAAAGCGATTCT-1,True,CACACAAAGCGATTCT-1_contig_1,True,521,TRB,TRBV20-1,None,TRBJ2-1,TRBC2,True,True,CSARVGSEVNEQFF,TGCAGTGCTAGAGTGGGGTCGGAAGTCAATGAGCAGTTCTTC,559,5,clonotype2,clonotype2_consensus_1
CACACAAAGTCACGCC-1,True,CACACAAAGTCACGCC-1_contig_1,True,518,TRB,TRBV20-1,None,TRBJ1-2,TRBC1,True,True,CSASRDRNYGYTF,TGCAGTGCTAGTCGGGACAGAAACTATGGCTACACCTTC,3844,8,clonotype1194,clonotype1194_consensus_2
CACACAAAGTCACGCC-1,True,CACACAAAGTCACGCC-1_contig_2,True,494,TRA,TRAV5,None,TRAJ20,TRAC,True,True,CAEANDYKLSF,TGTGCAGAGGCTAACGACTACAAGCTCAGCTTT,1139,6,clonotype1194,clonotype1194_consensus_1
CACACAACACGCTTTC-1,True,CACACAACACGCTTTC-1_contig_1,True,527,TRB,TRBV20-1,None,TRBJ1-1,TRBC1,True,True,CSARDTLKGGDTEAFF,TGCAGTGCTAGAGATACTTTAAAGGGGGGAGACACTGAAGCTTTCTTT,3179,12,clonotype1195,clonotype1195_consensus_1
CACACAACACGCTTTC-1,True,CACACAACACGCTTTC-1_contig_2,True,517,TRA,TRAV12-1,None,TRAJ22,TRAC,True,True,CVVQGFSGSARQLTF,TGTGTGGTGCAAGGATTTTCTGGTTCTGCAAGGCAACTGACCTTT,829,6,clonotype1195,clonotype1195_consensus_2
CACACAACATCGGTTA-1,True,CACACAACATCGGTTA-1_contig_1,True,495,TRB,TRBV20-1,None,TRBJ1-2,TRBC1,True,True,CSVAQGSSYGYTF,TGCAGTGTCGCCCAGGGGTCGAGCTATGGCTACACCTTC,3594,12,clonotype165,clonotype165_consensus_1
CACACAACATCGGTTA-1,True,CACACAACATCGGTTA-1_contig_2,True,577,TRA,TRAV8-1,None,TRAJ42,TRAC,True,True,CAVTQGRGSQGNLIF,TGTGCCGTGACCCAGGGGCGAGGAAGCCAAGGAAATCTCATCTTT,797,6,clonotype165,clonotype165_consensus_2
CACACAACATCGGTTA-1,True,CACACAACATCGGTTA-1_contig_3,True,472,TRA,TRAV13-1,None,TRAJ27,TRAC,True,False,None,None,651,4,clonotype165,None
CACACAACATGTCCTC-1,True,CACACAACATGTCCTC-1_contig_1,True,505,TRA,TRAV1-2,None,TRAJ33,TRAC,True,True,CAATDSNYQLIW,TGTGCTGCGACTGATAGCAACTATCAGTTAATCTGG,579,3,clonotype1,clonotype1_consensus_2
CACACAACATGTCCTC-1,True,CACACAACATGTCCTC-1_contig_2,True,521,TRB,TRBV20-1,None,TRBJ2-1,TRBC2,True,True,CSARVGSEVNEQFF,TGCAGTGCTAGAGTGGGGTCGGAAGTCAATGAGCAGTTCTTC,888,6,clonotype1,clonotype1_consensus_1
CACACAACATGTCCTC-1,True,CACACAACATGTCCTC-1_contig_3,True,467,TRA,TRAV10,None,TRAJ24,TRAC,True,False,None,None,391,2,clonotype1,None
CACACAAGTCTAAACC-1,True,CACACAAGTCTAAACC-1_contig_1,True,507,TRB,TRBV20-1,None,TRBJ2-7,TRBC2,True,True,CSARGSGAIEQYF,TGCAGTGCTAGAGGTAGCGGGGCGATAGAGCAGTACTTC,421,3,clonotype1196,clonotype1196_consensus_1
CACACAAGTGAAAGAG-1,True,CACACAAGTGAAAGAG-1_contig_1,True,521,TRB,TRBV20-1,None,TRBJ2-1,TRBC2,True,True,CSARVGSEVNEQFF,TGCAGTGCTAGAGTGGGGTCGGAAGTCAATGAGCAGTTCTTC,1000,7,clonotype2,clonotype2_consensus_1
CACACAAGTGAAAGAG-1,True,CACACAAGTGAAAGAG-1_contig_2,True,467,TRA,TRAV10,None,TRAJ24,TRAC,True,False,None,None,321,2,clonotype2,None
CACACAAGTGTGACCC-1,True,CACACAAGTGTGACCC-1_contig_1,True,521,TRB,TRBV20-1,None,TRBJ2-5,TRBC2,True,True,CSPQTVGFRETQYF,TGCAGTCCTCAGACAGTGGGTTTTCGAGAGACCCAGTACTTC,2400,8,clonotype1197,clonotype1197_consensus_2
CACACAAGTGTGACCC-1,True,CACACAAGTGTGACCC-1_contig_2,True,535,TRA,TRAV14/DV4,None,TRAJ42,TRAC,True,True,CAMREVPYYGGSQGNLIF,TGTGCAATGAGAGAGGTCCCATATTATGGAGGAAGCCAAGGAAATCTCATCTTT,5047,6,clonotype1197,clonotype1197_consensus_1
CACACAATCCTAAGTG-1,True,CACACAATCCTAAGTG-1_contig_1,True,498,TRB,TRBV20-1,None,TRBJ2-1,TRBC2,True,True,CSARVGSEVNEQFF,TGCAGTGCTAGAGTGGGGTCGGAAGTCAATGAGCAGTTCTTC,534,5,clonotype2,clonotype2_consensus_1
CACACAATCCTAAGTG-1,True,CACACAATCCTAAGTG-1_contig_2,True,482,TRA,TRAV10,None,TRAJ24,TRAC,True,False,None,None,712,5,clonotype2,None
CACACAATCGTTTAGG-1,True,CACACAATCGTTTAGG-1_contig_1,True,505,TRA,TRAV1-2,None,TRAJ33,TRAC,True,True,CAATDSNYQLIW,TGTGCTGCGACTGATAGCAACTATCAGTTAATCTGG,434,1,clonotype1,clonotype1_consensus_2
CACACAATCGTTTAGG-1,True,CACACAATCGTTTAGG-1_contig_2,True,521,TRB,TRBV20-1,None,TRBJ2-1,TRBC2,True,True,CSARVGSEVNEQFF,TGCAGTGCTAGAGTGGGGTCGGAAGTCAATGAGCAGTTCTTC,1915,12,clonotype1,clonotype1_consensus_1
CACACAATCTGTCTCG-1,True,CACACAATCTGTCTCG-1_contig_1,True,570,TRA,TRAV8-4,None,TRAJ29,TRAC,True,True,CAVTGLSGNTPLVF,TGTGCTGTGACCGGCCTTTCAGGAAACACACCTCTTGTCTTT,324,3,clonotype20,clonotype20_consensus_2
CACACAATCTGTCTCG-1,True,CACACAATCTGTCTCG-1_contig_2,True,521,TRB,TRBV20-1,None,TRBJ1-1,TRBC1,True,True,CSATDRARYTEAFF,TGCAGTGCCACGGACAGGGCGAGGTACACTGAAGCTTTCTTT,2258,8,clonotype20,clonotype20_consensus_1
CACACAATCTGTCTCG-1,True,CACACAATCTGTCTCG-1_contig_3,True,510,TRB,TRBV6-5,None,TRBJ2-3,TRBC2,True,False,None,None,502,1,clonotype20,None
CACACAATCTTGCATT-1,True,CACACAATCTTGCATT-1_contig_1,True,505,TRA,TRAV1-2,None,TRAJ33,TRAC,True,True,CAATDSNYQLIW,TGTGCTGCGACTGATAGCAACTATCAGTTAATCTGG,694,3,clonotype1,clonotype1_consensus_2
CACACAATCTTGCATT-1,True,CACACAATCTTGCATT-1_contig_2,True,514,TRB,TRBV20-1,None,TRBJ2-1,TRBC2,True,True,CSARVGSEVNEQFF,TGCAGTGCTAGAGTGGGGTCGGAAGTCAATGAGCAGTTCTTC,1121,9,clonotype1,clonotype1_consensus_1
CACACAATCTTGCATT-1,True,CACACAATCTTGCATT-1_contig_3,True,471,TRA,TRAV10,None,TRAJ24,TRAC,True,False,None,None,1079,2,clonotype1,None
CACACAATCTTTCCTC-1,True,CACACAATCTTTCCTC-1_contig_1,True,532,TRA,TRAV14/DV4,None,TRAJ45,TRAC,True,True,CAMRLMYSGGGADGLTF,TGTGCAATGAGACTGATGTATTCAGGAGGAGGTGCTGACGGACTCACCTTT,616,2,clonotype1198,clonotype1198_consensus_1
CACACAATCTTTCCTC-1,True,CACACAATCTTTCCTC-1_contig_2,True,480,TRB,TRBV5-6,None,TRBJ1-5,TRBC1,True,True,CASSLGDRENQPQHF,TGTGCCAGCAGCTTGGGGGACAGGGAGAATCAGCCCCAGCATTTT,159,2,clonotype1198,clonotype1198_consensus_2
CACACCTAGAAGGTTT-1,True,CACACCTAGAAGGTTT-1_contig_1,True,502,TRA,TRAV1-2,None,TRAJ30,TRAC,True,True,CAVRDLREIIF,TGTGCTGTGAGAGATCTTCGGGAGATCATCTTT,338,9,clonotype3,clonotype3_consensus_2
CACACCTAGAAGGTTT-1,True,CACACCTAGAAGGTTT-1_contig_2,True,529,TRB,TRBV5-5,None,TRBJ1-4,TRBC1,True,True,CASSHPGPNYATNEKLFF,TGTGCCAGCAGCCATCCCGGACCGAACTACGCAACTAATGAAAAACTGTTTTTT,5920,14,clonotype3,clonotype3_consensus_1
CACACCTAGACATAAC-1,True,CACACCTAGACATAAC-1_contig_1,True,499,TRB,TRBV5-6,None,TRBJ1-2,TRBC1,True,True,CASSPRLVTGGIQGYTF,TGTGCCAGCAGCCCTCGTCTCGTGACAGGGGGTATTCAGGGCTACACCTTC,1136,8,clonotype1199,clonotype1199_consensus_1
CACACCTAGACATAAC-1,True,CACACCTAGACATAAC-1_contig_2,True,508,TRA,TRAV23/DV6,None,TRAJ11,TRAC,True,True,CAALLSGYSTLTF,TGTGCAGCACTTCTCTCAGGATACAGCACCCTCACCTTT,1113,7,clonotype1199,clonotype1199_consensus_2
CACACCTAGACATAAC-1,True,CACACCTAGACATAAC-1_contig_3,True,622,TRA,TRAV13-2,None,TRAJ10,TRAC,True,False,CAENLGVTRKLPLEL,TGTGCAGAGAATCTGGGGGTTACCAGAAAGTTACCTTTGGAATTG,41,2,clonotype1199,None
CACACCTAGACCTAGG-1,True,CACACCTAGACCTAGG-1_contig_1,True,505,TRA,TRAV1-2,None,TRAJ33,TRAC,True,True,CAATDSNYQLIW,TGTGCTGCGACTGATAGCAACTATCAGTTAATCTGG,475,2,clonotype1,clonotype1_consensus_2
CACACCTAGACCTAGG-1,True,CACACCTAGACCTAGG-1_contig_2,True,521,TRB,TRBV20-1,None,TRBJ2-1,TRBC2,True,True,CSARVGSEVNEQFF,TGCAGTGCTAGAGTGGGGTCGGAAGTCAATGAGCAGTTCTTC,1835,9,clonotype1,clonotype1_consensus_1
CACACCTAGACCTAGG-1,True,CACACCTAGACCTAGG-1_contig_3,True,469,TRA,TRAV10,None,TRAJ24,TRAC,True,False,None,None,84,2,clonotype1,None
CACACCTAGACGACGT-1,True,CACACCTAGACGACGT-1_contig_1,True,505,TRA,TRAV1-2,None,TRAJ33,TRAC,True,True,CAATDSNYQLIW,TGTGCTGCGACTGATAGCAACTATCAGTTAATCTGG,1456,4,clonotype1,clonotype1_consensus_2
CACACCTAGACGACGT-1,True,CACACCTAGACGACGT-1_contig_2,True,521,TRB,TRBV20-1,None,TRBJ2-1,TRBC2,True,True,CSARVGSEVNEQFF,TGCAGTGCTAGAGTGGGGTCGGAAGTCAATGAGCAGTTCTTC,206,5,clonotype1,clonotype1_consensus_1
CACACCTAGACGACGT-1,True,CACACCTAGACGACGT-1_contig_3,True,482,TRA,TRAV10,None,TRAJ24,TRAC,True,False,None,None,95,2,clonotype1,None
CACACCTAGCCAGTTT-1,True,CACACCTAGCCAGTTT-1_contig_1,True,505,TRA,TRAV1-2,None,TRAJ33,TRAC,True,True,CAATDSNYQLIW,TGTGCTGCGACTGATAGCAACTATCAGTTAATCTGG,593,3,clonotype1,clonotype1_consensus_2
CACACCTAGCCAGTTT-1,True,CACACCTAGCCAGTTT-1_contig_2,True,521,TRB,TRBV20-1,None,TRBJ2-1,TRBC2,True,True,CSARVGSEVNEQFF,TGCAGTGCTAGAGTGGGGTCGGAAGTCAATGAGCAGTTCTTC,1613,7,clonotype1,clonotype1_consensus_1
CACACCTAGCCAGTTT-1,True,CACACCTAGCCAGTTT-1_contig_3,True,517,TRA,TRAV10,None,TRAJ24,TRAC,True,False,None,None,587,5,clonotype1,None
CACACCTAGTAACCCT-1,True,CACACCTAGTAACCCT-1_contig_1,True,521,TRB,TRBV20-1,None,TRBJ2-1,TRBC2,True,True,CSARVGSEVNEQFF,TGCAGTGCTAGAGTGGGGTCGGAAGTCAATGAGCAGTTCTTC,2609,7,clonotype2,clonotype2_consensus_1
CACACCTAGTAACCCT-1,True,CACACCTAGTAACCCT-1_contig_2,True,482,TRA,TRAV10,None,TRAJ24,TRAC,True,False,None,None,569,4,clonotype2,None
CACACCTAGTCATGCT-1,True,CACACCTAGTCATGCT-1_contig_1,True,485,TRB,TRBV20-1,None,TRBJ1-2,TRBC1,True,True,CSARDPLTDGYTF,TGCAGTGCTAGAGATCCTCTAACAGATGGCTACACCTTC,458,5,clonotype80,clonotype80_consensus_2
CACACCTAGTCATGCT-1,True,CACACCTAGTCATGCT-1_contig_2,True,505,TRA,TRAV23/DV6,None,TRAJ58,TRAC,True,True,CAAGPRGSRLTF,TGTGCAGCGGGGCCGAGGGGCTCTAGGTTGACCTTT,334,4,clonotype80,clonotype80_consensus_1
CACACCTCAAGACGTG-1,True,CACACCTCAAGACGTG-1_contig_1,True,527,TRB,TRBV20-1,None,TRBJ1-4,TRBC1,True,True,CSARDLGQSNEKLFF,TGCAGTGCTAGAGATTTGGGACAATCTAATGAAAAACTGTTTTTT,719,6,clonotype247,clonotype247_consensus_1
CACACCTCAAGACGTG-1,True,CACACCTCAAGACGTG-1_contig_2,True,465,TRA,TRAV13-1,None,TRAJ4,TRAC,True,True,CAASIGSGGYNKLIF,TGTGCAGCAAGTATTGGGTCTGGTGGCTACAATAAGCTGATTTTT,5115,7,clonotype247,clonotype247_consensus_2
CACACCTCAAGACGTG-1,True,CACACCTCAAGACGTG-1_contig_3,True,616,Multi,TRGV2,None,TRAJ58,TRAC,True,False,CATWDGPGGETSGSRLTF,TGTGCCACCTGGGACGGGCCCGGCGGAGAAACCAGTGGCTCTAGGTTGACCTTT,430,2,clonotype247,None
CACACCTCAATGGTCT-1,True,CACACCTCAATGGTCT-1_contig_1,True,505,TRA,TRAV1-2,None,TRAJ33,TRAC,True,True,CAATDSNYQLIW,TGTGCTGCGACTGATAGCAACTATCAGTTAATCTGG,483,4,clonotype1,clonotype1_consensus_2
CACACCTCAATGGTCT-1,True,CACACCTCAATGGTCT-1_contig_2,True,485,TRB,TRBV20-1,None,TRBJ2-1,TRBC2,True,True,CSARVGSEVNEQFF,TGCAGTGCTAGAGTGGGGTCGGAAGTCAATGAGCAGTTCTTC,918,4,clonotype1,clonotype1_consensus_1
CACACCTCAATGTTGC-1,True,CACACCTCAATGTTGC-1_contig_1,True,521,TRB,TRBV20-1,None,TRBJ2-1,TRBC2,True,True,CSARVGSEVNEQFF,TGCAGTGCTAGAGTGGGGTCGGAAGTCAATGAGCAGTTCTTC,1651,7,clonotype2,clonotype2_consensus_1
CACACCTCAATGTTGC-1,True,CACACCTCAATGTTGC-1_contig_2,True,482,TRA,TRAV10,None,TRAJ24,TRAC,True,False,None,None,402,5,clonotype2,None
CACACCTCAATGTTGC-1,True,CACACCTCAATGTTGC-1_contig_3,True,302,TRB,None,None,TRBJ2-2P,TRBC2,False,False,None,None,1197,6,clonotype2,None
CACACCTGTAGCGTGA-1,True,CACACCTGTAGCGTGA-1_contig_1,True,505,TRA,TRAV1-2,None,TRAJ33,TRAC,True,True,CAATDSNYQLIW,TGTGCTGCGACTGATAGCAACTATCAGTTAATCTGG,540,3,clonotype1,clonotype1_consensus_2
CACACCTGTAGCGTGA-1,True,CACACCTGTAGCGTGA-1_contig_2,True,518,TRB,TRBV20-1,None,TRBJ2-1,TRBC2,True,True,CSARVGSEVNEQFF,TGCAGTGCTAGAGTGGGGTCGGAAGTCAATGAGCAGTTCTTC,255,5,clonotype1,clonotype1_consensus_1
CACACCTGTCAGGACA-1,True,CACACCTGTCAGGACA-1_contig_1,True,495,TRB,TRBV20-1,None,TRBJ2-7,TRBC2,True,True,CSARGADSREQYF,TGCAGTGCTAGAGGAGCGGACAGTAGGGAGCAGTACTTC,1460,4,clonotype248,clonotype248_consensus_1
CACACCTGTCGAGATG-1,True,CACACCTGTCGAGATG-1_contig_1,True,502,TRA,TRAV1-2,None,TRAJ33,TRAC,True,True,CAATDSNYQLIW,TGTGCTGCGACTGATAGCAACTATCAGTTAATCTGG,270,3,clonotype1,clonotype1_consensus_2
CACACCTGTCGAGATG-1,True,CACACCTGTCGAGATG-1_contig_2,True,521,TRB,TRBV20-1,None,TRBJ2-1,TRBC2,True,True,CSARVGSEVNEQFF,TGCAGTGCTAGAGTGGGGTCGGAAGTCAATGAGCAGTTCTTC,2429,12,clonotype1,clonotype1_consensus_1
CACACCTGTCGAGATG-1,True,CACACCTGTCGAGATG-1_contig_3,True,483,TRA,TRAV10,None,TRAJ24,TRAC,True,False,None,None,1032,4,clonotype1,None
CACACCTGTCTAGTCA-1,True,CACACCTGTCTAGTCA-1_contig_1,True,505,TRA,TRAV1-2,None,TRAJ33,TRAC,True,True,CAATDSNYQLIW,TGTGCTGCGACTGATAGCAACTATCAGTTAATCTGG,289,3,clonotype1,clonotype1_consensus_2
CACACCTGTCTAGTCA-1,True,CACACCTGTCTAGTCA-1_contig_2,True,492,TRB,TRBV20-1,None,TRBJ2-1,TRBC2,True,True,CSARVGSEVNEQFF,TGCAGTGCTAGAGTGGGGTCGGAAGTCAATGAGCAGTTCTTC,396,3,clonotype1,clonotype1_consensus_1
CACACCTGTGAGTGAC-1,True,CACACCTGTGAGTGAC-1_contig_1,True,505,TRA,TRAV1-2,None,TRAJ33,TRAC,True,True,CAATDSNYQLIW,TGTGCTGCGACTGATAGCAACTATCAGTTAATCTGG,752,4,clonotype1,clonotype1_consensus_2
CACACCTGTGAGTGAC-1,True,CACACCTGTGAGTGAC-1_contig_2,True,521,TRB,TRBV20-1,None,TRBJ2-1,TRBC2,True,True,CSARVGSEVNEQFF,TGCAGTGCTAGAGTGGGGTCGGAAGTCAATGAGCAGTTCTTC,1557,8,clonotype1,clonotype1_consensus_1
CACACCTGTGTTTGGT-1,True,CACACCTGTGTTTGGT-1_contig_1,True,509,TRA,TRAV25,None,TRAJ53,TRAC,True,True,CAGRSGGSNYKLTF,TGTGCAGGGAGAAGTGGAGGTAGCAACTATAAACTGACATTT,815,5,clonotype9,clonotype9_consensus_2
CACACCTGTGTTTGGT-1,True,CACACCTGTGTTTGGT-1_contig_2,True,527,TRB,TRBV20-1,None,TRBJ1-5,TRBC1,True,True,CSAIGQGAPSNQPQHF,TGCAGTGCTATCGGACAGGGGGCGCCGAGCAATCAGCCCCAGCATTTT,1812,6,clonotype9,clonotype9_consensus_1
CACACCTGTTATTCTC-1,True,CACACCTGTTATTCTC-1_contig_1,True,521,TRB,TRBV20-1,None,TRBJ2-1,TRBC2,True,True,CSARVGSEVNEQFF,TGCAGTGCTAGAGTGGGGTCGGAAGTCAATGAGCAGTTCTTC,2109,8,clonotype2,clonotype2_consensus_1
CACACCTTCACTCCTG-1,True,CACACCTTCACTCCTG-1_contig_1,True,505,TRA,TRAV1-2,None,TRAJ33,TRAC,True,True,CAATDSNYQLIW,TGTGCTGCGACTGATAGCAACTATCAGTTAATCTGG,678,3,clonotype1,clonotype1_consensus_2
CACACCTTCACTCCTG-1,True,CACACCTTCACTCCTG-1_contig_2,True,498,TRB,TRBV20-1,None,TRBJ2-1,TRBC2,True,True,CSARVGSEVNEQFF,TGCAGTGCTAGAGTGGGGTCGGAAGTCAATGAGCAGTTCTTC,2169,9,clonotype1,clonotype1_consensus_1
CACACCTTCACTCCTG-1,True,CACACCTTCACTCCTG-1_contig_3,True,440,TRA,TRAV10,None,TRAJ24,TRAC,True,False,None,None,397,1,clonotype1,None
CACACCTTCATGTGGT-1,True,CACACCTTCATGTGGT-1_contig_1,True,505,TRA,TRAV1-2,None,TRAJ33,TRAC,True,True,CAATDSNYQLIW,TGTGCTGCGACTGATAGCAACTATCAGTTAATCTGG,55,1,clonotype1,clonotype1_consensus_2
CACACCTTCATGTGGT-1,True,CACACCTTCATGTGGT-1_contig_2,True,521,TRB,TRBV20-1,None,TRBJ2-1,TRBC2,True,True,CSARVGSEVNEQFF,TGCAGTGCTAGAGTGGGGTCGGAAGTCAATGAGCAGTTCTTC,1712,6,clonotype1,clonotype1_consensus_1
CACACCTTCATGTGGT-1,True,CACACCTTCATGTGGT-1_contig_3,True,457,TRA,TRAV10,None,TRAJ24,TRAC,True,False,None,None,614,3,clonotype1,None
CACACCTTCCTAGGGC-1,True,CACACCTTCCTAGGGC-1_contig_1,True,521,TRB,TRBV20-1,None,TRBJ2-1,TRBC2,True,True,CSARVGSEVNEQFF,TGCAGTGCTAGAGTGGGGTCGGAAGTCAATGAGCAGTTCTTC,2030,6,clonotype2,clonotype2_consensus_1
CACACCTTCCTAGGGC-1,True,CACACCTTCCTAGGGC-1_contig_2,True,459,TRA,TRAV10,None,TRAJ24,TRAC,True,False,None,None,1031,2,clonotype2,None
CACACCTTCCTGCAGG-1,True,CACACCTTCCTGCAGG-1_contig_1,True,521,TRB,TRBV20-1,None,TRBJ2-1,TRBC2,True,True,CSARVGSEVNEQFF,TGCAGTGCTAGAGTGGGGTCGGAAGTCAATGAGCAGTTCTTC,1963,8,clonotype2,clonotype2_consensus_1
CACACCTTCCTGCAGG-1,True,CACACCTTCCTGCAGG-1_contig_2,True,602,TRA,TRAV1-2,None,TRAJ27,TRAC,True,False,CAATDSNYQLIW,TGTGCTGCGACTGATAGCAACTATCAGTTAATCTGG,327,2,clonotype2,None
CACACCTTCCTGCAGG-1,True,CACACCTTCCTGCAGG-1_contig_3,True,482,TRA,TRAV10,None,TRAJ24,TRAC,True,False,None,None,82,2,clonotype2,None
CACACCTTCGGAAACG-1,True,CACACCTTCGGAAACG-1_contig_1,True,512,TRB,TRBV20-1,None,TRBJ2-2,TRBC2,True,True,CSVEGAGELFF,TGCAGTGTTGAGGGCGCCGGGGAGCTGTTTTTT,4314,14,clonotype1200,clonotype1200_consensus_2
CACACCTTCGGAAACG-1,True,CACACCTTCGGAAACG-1_contig_2,True,456,TRA,TRAV9-2,None,TRAJ8,TRAC,True,True,CALMDTGFQKLVF,TGTGCTCTGATGGACACAGGCTTTCAGAAACTTGTATTT,488,3,clonotype1200,clonotype1200_consensus_1
CACACCTTCGGAAACG-1,True,CACACCTTCGGAAACG-1_contig_3,True,457,TRA,TRAV21,None,TRAJ45,TRAC,True,False,None,None,8404,2,clonotype1200,None
CACACCTTCGTACGGC-1,True,CACACCTTCGTACGGC-1_contig_1,True,492,TRB,TRBV20-1,None,TRBJ2-1,TRBC2,True,True,CSARVGSEVNEQFF,TGCAGTGCTAGAGTGGGGTCGGAAGTCAATGAGCAGTTCTTC,548,3,clonotype2,clonotype2_consensus_1
CACACTCAGGTAAACT-1,True,CACACTCAGGTAAACT-1_contig_1,True,505,TRA,TRAV1-2,None,TRAJ33,TRAC,True,True,CAATDSNYQLIW,TGTGCTGCGACTGATAGCAACTATCAGTTAATCTGG,814,3,clonotype1,clonotype1_consensus_2
CACACTCAGGTAAACT-1,True,CACACTCAGGTAAACT-1_contig_2,True,521,TRB,TRBV20-1,None,TRBJ2-1,TRBC2,True,True,CSARVGSEVNEQFF,TGCAGTGCTAGAGTGGGGTCGGAAGTCAATGAGCAGTTCTTC,5316,8,clonotype1,clonotype1_consensus_1
CACACTCAGGTAAACT-1,True,CACACTCAGGTAAACT-1_contig_3,True,465,TRA,TRAV10,None,TRAJ24,TRAC,True,False,None,None,296,3,clonotype1,None
CACACTCAGTCGCCGT-1,True,CACACTCAGTCGCCGT-1_contig_1,True,502,TRA,TRAV1-2,None,TRAJ30,TRAC,True,True,CAVRDLREIIF,TGTGCTGTGAGAGATCTTCGGGAGATCATCTTT,665,6,clonotype3,clonotype3_consensus_2
CACACTCAGTCGCCGT-1,True,CACACTCAGTCGCCGT-1_contig_2,True,672,TRB,TRBV5-5,None,TRBJ1-4,TRBC1,True,True,CASSHPGPNYATNEKLFF,TGTGCCAGCAGCCATCCCGGACCGAACTACGCAACTAATGAAAAACTGTTTTTT,675,5,clonotype3,clonotype3_consensus_1
CACACTCAGTCGCCGT-1,True,CACACTCAGTCGCCGT-1_contig_3,True,463,TRB,TRBV7-3,None,TRBJ2-1,TRBC2,True,False,CQQRSLKAGGPYNEQFF,TGCCAGCAGCGGTCACTTAAAGCGGGGGGACCCTACAATGAGCAGTTCTTC,918,5,clonotype3,None
CACACTCAGTGACTCT-1,True,CACACTCAGTGACTCT-1_contig_1,True,505,TRA,TRAV1-2,None,TRAJ33,TRAC,True,True,CAATDSNYQLIW,TGTGCTGCGACTGATAGCAACTATCAGTTAATCTGG,161,1,clonotype1,clonotype1_consensus_2
CACACTCAGTGACTCT-1,True,CACACTCAGTGACTCT-1_contig_2,True,492,TRB,TRBV20-1,None,TRBJ2-1,TRBC2,True,True,CSARVGSEVNEQFF,TGCAGTGCTAGAGTGGGGTCGGAAGTCAATGAGCAGTTCTTC,1563,6,clonotype1,clonotype1_consensus_1
CACACTCAGTGACTCT-1,True,CACACTCAGTGACTCT-1_contig_3,True,465,TRA,TRAV10,None,TRAJ24,TRAC,True,False,None,None,506,3,clonotype1,None
CACACTCCAAGCCATT-1,True,CACACTCCAAGCCATT-1_contig_1,True,512,TRB,TRBV7-9,None,TRBJ1-2,TRBC1,True,True,CASSSPPSGQLIYGYTF,TGTGCCAGCAGCTCCCCACCCTCGGGACAGTTGATCTATGGCTACACCTTC,968,7,clonotype1201,clonotype1201_consensus_1
CACACTCCAAGCCATT-1,True,CACACTCCAAGCCATT-1_contig_2,True,514,TRA,TRAV14/DV4,None,TRAJ43,TRAC,True,True,CAMRGGGDMRF,TGTGCAATGAGAGGGGGCGGTGACATGCGCTTT,544,6,clonotype1201,clonotype1201_consensus_2
CACACTCCAAGCGATG-1,True,CACACTCCAAGCGATG-1_contig_1,True,518,TRB,TRBV20-1,None,TRBJ2-1,TRBC2,True,True,CSARVGSEVNEQFF,TGCAGTGCTAGAGTGGGGTCGGAAGTCAATGAGCAGTTCTTC,667,7,clonotype2,clonotype2_consensus_1
CACACTCCACAAGACG-1,True,CACACTCCACAAGACG-1_contig_1,True,505,TRA,TRAV1-2,None,TRAJ33,TRAC,True,True,CAATDSNYQLIW,TGTGCTGCGACTGATAGCAACTATCAGTTAATCTGG,263,3,clonotype1,clonotype1_consensus_2
CACACTCCACAAGACG-1,True,CACACTCCACAAGACG-1_contig_2,True,492,TRB,TRBV20-1,None,TRBJ2-1,TRBC2,True,True,CSARVGSEVNEQFF,TGCAGTGCTAGAGTGGGGTCGGAAGTCAATGAGCAGTTCTTC,1503,6,clonotype1,clonotype1_consensus_1
CACACTCCACAAGACG-1,True,CACACTCCACAAGACG-1_contig_3,True,459,TRA,TRAV10,None,TRAJ24,TRAC,True,False,None,None,861,1,clonotype1,None
CACACTCCAGACTCGC-1,True,CACACTCCAGACTCGC-1_contig_1,True,505,TRA,TRAV1-2,None,TRAJ33,TRAC,True,True,CAATDSNYQLIW,TGTGCTGCGACTGATAGCAACTATCAGTTAATCTGG,161,1,clonotype1,clonotype1_consensus_2
CACACTCCAGACTCGC-1,True,CACACTCCAGACTCGC-1_contig_2,True,518,TRB,TRBV20-1,None,TRBJ2-1,TRBC2,True,True,CSARVGSEVNEQFF,TGCAGTGCTAGAGTGGGGTCGGAAGTCAATGAGCAGTTCTTC,2538,8,clonotype1,clonotype1_consensus_1
CACACTCCAGACTCGC-1,True,CACACTCCAGACTCGC-1_contig_3,True,482,TRA,TRAV10,None,TRAJ24,TRAC,True,False,None,None,487,3,clonotype1,None
CACACTCCAGATGGGT-1,True,CACACTCCAGATGGGT-1_contig_1,True,518,TRB,TRBV20-1,None,TRBJ2-7,TRBC2,True,True,CSFLGLAGYEQYF,TGCAGTTTCCTGGGACTAGCAGGCTACGAGCAGTACTTC,2374,8,clonotype1202,clonotype1202_consensus_2
CACACTCCAGATGGGT-1,True,CACACTCCAGATGGGT-1_contig_2,True,579,TRA,TRAV8-4,None,TRAJ53,TRAC,True,True,CAVSDPGSGGSNYKLTF,TGTGCTGTGAGTGATCCAGGTAGTGGAGGTAGCAACTATAAACTGACATTT,399,3,clonotype1202,clonotype1202_consensus_1
CACACTCCAGCTTCGG-1,True,CACACTCCAGCTTCGG-1_contig_1,True,492,TRB,TRBV20-1,None,TRBJ2-1,TRBC2,True,True,CSARVGSEVNEQFF,TGCAGTGCTAGAGTGGGGTCGGAAGTCAATGAGCAGTTCTTC,1580,5,clonotype2,clonotype2_consensus_1
CACACTCGTAGATTAG-1,True,CACACTCGTAGATTAG-1_contig_1,True,521,TRB,TRBV20-1,None,TRBJ2-1,TRBC2,True,True,CSARVGSEVNEQFF,TGCAGTGCTAGAGTGGGGTCGGAAGTCAATGAGCAGTTCTTC,1206,9,clonotype2,clonotype2_consensus_1
CACACTCGTGACTCAT-1,True,CACACTCGTGACTCAT-1_contig_1,True,498,TRB,TRBV20-1,None,TRBJ2-1,TRBC2,True,True,CSARVGSEVNEQFF,TGCAGTGCTAGAGTGGGGTCGGAAGTCAATGAGCAGTTCTTC,1926,9,clonotype2,clonotype2_consensus_1
CACACTCGTGACTCAT-1,True,CACACTCGTGACTCAT-1_contig_2,True,482,TRA,TRAV10,None,TRAJ24,TRAC,True,False,None,None,167,3,clonotype2,None
CACACTCGTTATGTGC-1,True,CACACTCGTTATGTGC-1_contig_1,True,521,TRB,TRBV20-1,None,TRBJ2-1,TRBC2,True,True,CSARVGSEVNEQFF,TGCAGTGCTAGAGTGGGGTCGGAAGTCAATGAGCAGTTCTTC,1420,11,clonotype2,clonotype2_consensus_1
CACACTCGTTCCGTCT-1,True,CACACTCGTTCCGTCT-1_contig_1,True,505,TRA,TRAV1-2,None,TRAJ33,TRAC,True,True,CAATDSNYQLIW,TGTGCTGCGACTGATAGCAACTATCAGTTAATCTGG,846,3,clonotype1,clonotype1_consensus_2
CACACTCGTTCCGTCT-1,True,CACACTCGTTCCGTCT-1_contig_2,True,504,TRB,TRBV20-1,None,TRBJ2-1,TRBC2,True,True,CSARVGSEVNEQFF,TGCAGTGCTAGAGTGGGGTCGGAAGTCAATGAGCAGTTCTTC,2560,6,clonotype1,clonotype1_consensus_1
CACACTCGTTGGGACA-1,True,CACACTCGTTGGGACA-1_contig_1,True,495,TRA,TRAV9-2,None,TRAJ27,TRAC,True,True,CALSLNTNAGKSTF,TGTGCTCTTTCCTTAAACACCAATGCAGGCAAATCAACCTTT,258,2,clonotype1203,clonotype1203_consensus_2
CACACTCGTTGGGACA-1,True,CACACTCGTTGGGACA-1_contig_2,True,527,TRB,TRBV20-1,None,TRBJ2-1,TRBC2,True,True,CSAPGGGGGFYNEQFF,TGCAGTGCCCCTGGGGGGGGCGGGGGATTCTACAATGAGCAGTTCTTC,1441,13,clonotype1203,clonotype1203_consensus_1
CACACTCTCAGTCAGT-1,True,CACACTCTCAGTCAGT-1_contig_1,True,505,TRA,TRAV1-2,None,TRAJ33,TRAC,True,True,CAATDSNYQLIW,TGTGCTGCGACTGATAGCAACTATCAGTTAATCTGG,568,6,clonotype1,clonotype1_consensus_2
CACACTCTCAGTCAGT-1,True,CACACTCTCAGTCAGT-1_contig_2,True,496,TRB,TRBV20-1,None,TRBJ2-1,TRBC2,True,True,CSARVGSEVNEQFF,TGCAGTGCTAGAGTGGGGTCGGAAGTCAATGAGCAGTTCTTC,2972,11,clonotype1,clonotype1_consensus_1
CACACTCTCGCAAGCC-1,True,CACACTCTCGCAAGCC-1_contig_1,True,505,TRA,TRAV1-2,None,TRAJ33,TRAC,True,True,CAATDSNYQLIW,TGTGCTGCGACTGATAGCAACTATCAGTTAATCTGG,423,2,clonotype1,clonotype1_consensus_2
CACACTCTCGCAAGCC-1,True,CACACTCTCGCAAGCC-1_contig_2,True,521,TRB,TRBV20-1,None,TRBJ2-1,TRBC2,True,True,CSARVGSEVNEQFF,TGCAGTGCTAGAGTGGGGTCGGAAGTCAATGAGCAGTTCTTC,509,5,clonotype1,clonotype1_consensus_1
CACACTCTCGCAAGCC-1,True,CACACTCTCGCAAGCC-1_contig_3,True,482,TRA,TRAV10,None,TRAJ24,TRAC,True,False,None,None,370,2,clonotype1,None
CACACTCTCTCAACTT-1,True,CACACTCTCTCAACTT-1_contig_1,True,502,TRA,TRAV1-2,None,TRAJ33,TRAC,True,True,CAATDSNYQLIW,TGTGCTGCGACTGATAGCAACTATCAGTTAATCTGG,543,2,clonotype1,clonotype1_consensus_2
CACACTCTCTCAACTT-1,True,CACACTCTCTCAACTT-1_contig_2,True,483,TRB,TRBV20-1,None,TRBJ2-1,TRBC2,True,True,CSARVGSEVNEQFF,TGCAGTGCTAGAGTGGGGTCGGAAGTCAATGAGCAGTTCTTC,679,5,clonotype1,clonotype1_consensus_1
CACACTCTCTCAACTT-1,True,CACACTCTCTCAACTT-1_contig_3,True,482,TRA,TRAV10,None,TRAJ24,TRAC,True,False,None,None,125,4,clonotype1,None
CACACTCTCTTGGGTA-1,True,CACACTCTCTTGGGTA-1_contig_1,True,459,TRA,TRAV13-1,None,TRAJ28,TRAC,True,True,CAALGAGSYQLTF,TGTGCAGCCCTTGGGGCTGGGAGTTACCAACTCACTTTC,500,7,clonotype1204,clonotype1204_consensus_2
CACACTCTCTTGGGTA-1,True,CACACTCTCTTGGGTA-1_contig_2,True,521,TRB,TRBV20-1,None,TRBJ2-7,TRBC2,True,True,CSARDGQGADEQYF,TGCAGTGCTAGAGATGGGCAGGGCGCGGACGAGCAGTACTTC,3531,21,clonotype1204,clonotype1204_consensus_1
CACAGGCAGACAGAGA-1,True,CACAGGCAGACAGAGA-1_contig_1,True,521,TRB,TRBV20-1,None,TRBJ2-1,TRBC2,True,True,CSARVGSEVNEQFF,TGCAGTGCTAGAGTGGGGTCGGAAGTCAATGAGCAGTTCTTC,1616,7,clonotype2,clonotype2_consensus_1
CACAGGCAGACAGAGA-1,True,CACAGGCAGACAGAGA-1_contig_2,True,462,TRA,TRAV10,None,TRAJ24,TRAC,True,False,None,None,707,3,clonotype2,None
CACAGGCAGCACCGTC-1,True,CACAGGCAGCACCGTC-1_contig_1,True,527,TRB,TRBV20-1,None,TRBJ1-1,TRBC1,True,True,CSAIPGQGRMNTEAFF,TGCAGTGCTATTCCGGGACAGGGGAGAATGAACACTGAAGCTTTCTTT,3506,14,clonotype125,clonotype125_consensus_2
CACAGGCAGCACCGTC-1,True,CACAGGCAGCACCGTC-1_contig_2,True,574,TRA,TRAV19,None,TRAJ28,TRAC,True,True,CALRREYSGAGSYQLTF,TGTGCTCTGAGGAGGGAGTACTCTGGGGCTGGGAGTTACCAACTCACTTTC,573,3,clonotype125,clonotype125_consensus_1
CACAGGCAGTCAAGCG-1,True,CACAGGCAGTCAAGCG-1_contig_1,True,521,TRB,TRBV20-1,None,TRBJ2-1,TRBC2,True,True,CSARVGSEVNEQFF,TGCAGTGCTAGAGTGGGGTCGGAAGTCAATGAGCAGTTCTTC,1531,6,clonotype2,clonotype2_consensus_1
CACAGGCAGTCAAGCG-1,True,CACAGGCAGTCAAGCG-1_contig_2,True,500,TRA,TRAV10,None,TRAJ24,TRAC,True,False,None,None,505,4,clonotype2,None
CACAGGCAGTGAAGTT-1,True,CACAGGCAGTGAAGTT-1_contig_1,True,505,TRA,TRAV1-2,None,TRAJ33,TRAC,True,True,CAATDSNYQLIW,TGTGCTGCGACTGATAGCAACTATCAGTTAATCTGG,278,3,clonotype1,clonotype1_consensus_2
CACAGGCAGTGAAGTT-1,True,CACAGGCAGTGAAGTT-1_contig_2,True,521,TRB,TRBV20-1,None,TRBJ2-1,TRBC2,True,True,CSARVGSEVNEQFF,TGCAGTGCTAGAGTGGGGTCGGAAGTCAATGAGCAGTTCTTC,1122,5,clonotype1,clonotype1_consensus_1
CACAGGCAGTGAAGTT-1,True,CACAGGCAGTGAAGTT-1_contig_3,True,459,TRA,TRAV10,None,TRAJ24,TRAC,True,False,None,None,87,2,clonotype1,None
CACAGGCAGTGTACGG-1,True,CACAGGCAGTGTACGG-1_contig_1,True,498,TRB,TRBV20-1,None,TRBJ2-7,TRBC2,True,True,CSAVPGQGTHEQYF,TGCAGTGCTGTGCCGGGACAGGGGACCCACGAGCAGTACTTC,2609,12,clonotype1205,clonotype1205_consensus_2
CACAGGCAGTGTACGG-1,True,CACAGGCAGTGTACGG-1_contig_2,True,505,TRA,TRAV17,None,TRAJ10,TRAC,True,True,CALTGGGNKLTF,TGTGCCCTCACGGGAGGAGGAAACAAACTCACCTTT,1564,7,clonotype1205,clonotype1205_consensus_1
CACAGGCCAAACCTAC-1,True,CACAGGCCAAACCTAC-1_contig_1,True,479,TRA,TRAV4,None,TRAJ9,TRAC,True,True,CLVGDPNTGGFKTIF,TGCCTCGTGGGTGATCCTAATACTGGAGGCTTCAAAACTATCTTT,417,5,clonotype23,clonotype23_consensus_2
CACAGGCCAAACCTAC-1,True,CACAGGCCAAACCTAC-1_contig_2,True,521,TRB,TRBV20-1,None,TRBJ1-1,TRBC1,True,True,CSAGGRGSRTEAFF,TGCAGTGCTGGGGGGAGAGGGTCAAGGACTGAAGCTTTCTTT,5804,5,clonotype23,clonotype23_consensus_1
CACAGGCCAACGCACC-1,True,CACAGGCCAACGCACC-1_contig_1,True,505,TRA,TRAV1-2,None,TRAJ33,TRAC,True,True,CAATDSNYQLIW,TGTGCTGCGACTGATAGCAACTATCAGTTAATCTGG,633,3,clonotype1,clonotype1_consensus_2
CACAGGCCAACGCACC-1,True,CACAGGCCAACGCACC-1_contig_2,True,498,TRB,TRBV20-1,None,TRBJ2-1,TRBC2,True,True,CSARVGSEVNEQFF,TGCAGTGCTAGAGTGGGGTCGGAAGTCAATGAGCAGTTCTTC,981,5,clonotype1,clonotype1_consensus_1
CACAGGCCACCGAAAG-1,True,CACAGGCCACCGAAAG-1_contig_1,True,657,TRB,TRBV5-5,None,TRBJ2-3,TRBC2,True,True,CASSPEADTQYF,TGTGCCAGCAGCCCCGAGGCCGATACGCAGTATTTT,4711,15,clonotype1206,clonotype1206_consensus_1
CACAGGCCACCGAAAG-1,True,CACAGGCCACCGAAAG-1_contig_2,True,502,TRA,TRAV20,None,TRAJ31,TRAC,True,True,CAVQAGNARLMF,TGTGCTGTGCAGGCTGGCAATGCCAGACTCATGTTT,940,3,clonotype1206,clonotype1206_consensus_2
CACAGGCCAGGACGTA-1,True,CACAGGCCAGGACGTA-1_contig_1,True,505,TRA,TRAV1-2,None,TRAJ33,TRAC,True,True,CAATDSNYQLIW,TGTGCTGCGACTGATAGCAACTATCAGTTAATCTGG,103,3,clonotype1,clonotype1_consensus_2
CACAGGCCAGGACGTA-1,True,CACAGGCCAGGACGTA-1_contig_2,True,521,TRB,TRBV20-1,None,TRBJ2-1,TRBC2,True,True,CSARVGSEVNEQFF,TGCAGTGCTAGAGTGGGGTCGGAAGTCAATGAGCAGTTCTTC,1084,8,clonotype1,clonotype1_consensus_1
CACAGGCCAGGACGTA-1,True,CACAGGCCAGGACGTA-1_contig_3,True,482,TRA,TRAV10,None,TRAJ24,TRAC,True,False,None,None,302,3,clonotype1,None
CACAGGCCAGGGATTG-1,True,CACAGGCCAGGGATTG-1_contig_1,True,520,TRA,TRAV14/DV4,None,TRAJ15,TRAC,True,True,CAMRPQAGTALIF,TGTGCAATGCGGCCACAGGCAGGAACTGCTCTGATCTTT,972,6,clonotype1207,clonotype1207_consensus_2
CACAGGCCAGGGATTG-1,True,CACAGGCCAGGGATTG-1_contig_2,True,506,TRB,TRBV5-5,None,TRBJ2-5,TRBC2,True,True,CASSDLRGLQETQYF,TGTGCCAGCAGCGACTTGCGGGGGCTTCAAGAGACCCAGTACTTC,7606,18,clonotype1207,clonotype1207_consensus_1
CACAGGCCAGGGATTG-1,True,CACAGGCCAGGGATTG-1_contig_3,True,460,TRA,TRAV10,None,TRAJ20,TRAC,True,False,CGEREGDYKLSF,TGTGGTGAGCGCGAGGGGGACTACAAGCTCAGCTTT,168,2,clonotype1207,None
CACAGGCCATGACGGA-1,True,CACAGGCCATGACGGA-1_contig_1,True,505,TRA,TRAV1-2,None,TRAJ33,TRAC,True,True,CAATDSNYQLIW,TGTGCTGCGACTGATAGCAACTATCAGTTAATCTGG,562,2,clonotype1,clonotype1_consensus_2
CACAGGCCATGACGGA-1,True,CACAGGCCATGACGGA-1_contig_2,True,521,TRB,TRBV20-1,None,TRBJ2-1,TRBC2,True,True,CSARVGSEVNEQFF,TGCAGTGCTAGAGTGGGGTCGGAAGTCAATGAGCAGTTCTTC,2450,7,clonotype1,clonotype1_consensus_1
CACAGGCCATGACGGA-1,True,CACAGGCCATGACGGA-1_contig_3,True,459,TRA,TRAV10,None,TRAJ24,TRAC,True,False,None,None,298,1,clonotype1,None
CACAGGCCATTACCTT-1,True,CACAGGCCATTACCTT-1_contig_1,True,505,TRA,TRAV1-2,None,TRAJ33,TRAC,True,True,CAATDSNYQLIW,TGTGCTGCGACTGATAGCAACTATCAGTTAATCTGG,3368,3,clonotype1,clonotype1_consensus_2
CACAGGCCATTACCTT-1,True,CACAGGCCATTACCTT-1_contig_2,True,498,TRB,TRBV20-1,None,TRBJ2-1,TRBC2,True,True,CSARVGSEVNEQFF,TGCAGTGCTAGAGTGGGGTCGGAAGTCAATGAGCAGTTCTTC,1480,4,clonotype1,clonotype1_consensus_1
CACAGGCCATTCACTT-1,True,CACAGGCCATTCACTT-1_contig_1,True,518,TRB,TRBV20-1,None,TRBJ2-1,TRBC2,True,True,CSASSGGAGEQFF,TGCAGTGCTAGTAGTGGGGGGGCCGGGGAGCAGTTCTTC,3274,10,clonotype41,clonotype41_consensus_1
CACAGGCCATTCACTT-1,True,CACAGGCCATTCACTT-1_contig_2,True,524,TRA,TRAV5,None,TRAJ40,TRAC,True,True,CAEFTTSGTYKYIF,TGTGCAGAGTTTACTACCTCAGGAACCTACAAATACATCTTT,172,2,clonotype41,clonotype41_consensus_2
CACAGGCGTACTTAGC-1,True,CACAGGCGTACTTAGC-1_contig_1,True,521,TRB,TRBV20-1,None,TRBJ2-1,TRBC2,True,True,CSARVGSEVNEQFF,TGCAGTGCTAGAGTGGGGTCGGAAGTCAATGAGCAGTTCTTC,1359,6,clonotype2,clonotype2_consensus_1
CACAGGCGTACTTAGC-1,True,CACAGGCGTACTTAGC-1_contig_2,True,482,TRA,TRAV10,None,TRAJ24,TRAC,True,False,None,None,36,3,clonotype2,None
CACAGGCGTAGATTAG-1,True,CACAGGCGTAGATTAG-1_contig_1,True,521,TRB,TRBV20-1,None,TRBJ2-1,TRBC2,True,True,CSARVGSEVNEQFF,TGCAGTGCTAGAGTGGGGTCGGAAGTCAATGAGCAGTTCTTC,1377,5,clonotype2,clonotype2_consensus_1
CACAGGCGTAGATTAG-1,True,CACAGGCGTAGATTAG-1_contig_2,True,401,TRB,None,None,TRBJ1-4,TRBC1,False,False,None,None,175,2,clonotype2,None
CACAGGCGTAGCACGA-1,True,CACAGGCGTAGCACGA-1_contig_1,True,505,TRA,TRAV1-2,None,TRAJ33,TRAC,True,True,CAATDSNYQLIW,TGTGCTGCGACTGATAGCAACTATCAGTTAATCTGG,186,3,clonotype1,clonotype1_consensus_2
CACAGGCGTAGCACGA-1,True,CACAGGCGTAGCACGA-1_contig_2,True,512,TRB,TRBV20-1,None,TRBJ2-1,TRBC2,True,True,CSARVGSEVNEQFF,TGCAGTGCTAGAGTGGGGTCGGAAGTCAATGAGCAGTTCTTC,838,2,clonotype1,clonotype1_consensus_1
CACAGGCGTAGCACGA-1,True,CACAGGCGTAGCACGA-1_contig_3,True,482,TRA,TRAV10,None,TRAJ24,TRAC,True,False,None,None,131,2,clonotype1,None
CACAGGCGTAGCCTCG-1,True,CACAGGCGTAGCCTCG-1_contig_1,True,505,TRA,TRAV1-2,None,TRAJ33,TRAC,True,True,CAATDSNYQLIW,TGTGCTGCGACTGATAGCAACTATCAGTTAATCTGG,518,3,clonotype1,clonotype1_consensus_2
CACAGGCGTAGCCTCG-1,True,CACAGGCGTAGCCTCG-1_contig_2,True,498,TRB,TRBV20-1,None,TRBJ2-1,TRBC2,True,True,CSARVGSEVNEQFF,TGCAGTGCTAGAGTGGGGTCGGAAGTCAATGAGCAGTTCTTC,2940,10,clonotype1,clonotype1_consensus_1
CACAGGCGTGTAACGG-1,True,CACAGGCGTGTAACGG-1_contig_1,True,505,TRA,TRAV1-2,None,TRAJ33,TRAC,True,True,CAATDSNYQLIW,TGTGCTGCGACTGATAGCAACTATCAGTTAATCTGG,2033,6,clonotype1,clonotype1_consensus_2
CACAGGCGTGTAACGG-1,True,CACAGGCGTGTAACGG-1_contig_2,True,498,TRB,TRBV20-1,None,TRBJ2-1,TRBC2,True,True,CSARVGSEVNEQFF,TGCAGTGCTAGAGTGGGGTCGGAAGTCAATGAGCAGTTCTTC,2711,11,clonotype1,clonotype1_consensus_1
CACAGGCGTTCCATGA-1,True,CACAGGCGTTCCATGA-1_contig_1,True,505,TRA,TRAV1-2,None,TRAJ33,TRAC,True,True,CAATDSNYQLIW,TGTGCTGCGACTGATAGCAACTATCAGTTAATCTGG,1321,5,clonotype1,clonotype1_consensus_2
CACAGGCGTTCCATGA-1,True,CACAGGCGTTCCATGA-1_contig_2,True,521,TRB,TRBV20-1,None,TRBJ2-1,TRBC2,True,True,CSARVGSEVNEQFF,TGCAGTGCTAGAGTGGGGTCGGAAGTCAATGAGCAGTTCTTC,1678,7,clonotype1,clonotype1_consensus_1
CACAGGCGTTCTGGTA-1,True,CACAGGCGTTCTGGTA-1_contig_1,True,521,TRB,TRBV20-1,None,TRBJ2-1,TRBC2,True,True,CSARVGSEVNEQFF,TGCAGTGCTAGAGTGGGGTCGGAAGTCAATGAGCAGTTCTTC,2572,6,clonotype2,clonotype2_consensus_1
CACAGGCGTTCTGGTA-1,True,CACAGGCGTTCTGGTA-1_contig_2,True,488,TRA,TRAV1-2,None,TRAJ33,TRAC,True,False,CAATDSNYQLIW,TGTGCTGCGACTGATAGCAACTATCAGTTAATCTGG,334,1,clonotype2,None
CACAGGCTCACCATAG-1,True,CACAGGCTCACCATAG-1_contig_1,True,511,TRB,TRBV20-1,None,TRBJ2-1,TRBC2,True,True,CSARVGSEVNEQFF,TGCAGTGCTAGAGTGGGGTCGGAAGTCAATGAGCAGTTCTTC,1400,7,clonotype2,clonotype2_consensus_1
CACAGGCTCCACGTGG-1,True,CACAGGCTCCACGTGG-1_contig_1,True,518,TRB,TRBV20-1,None,TRBJ2-3,TRBC2,True,True,CSASGQNTDTQYF,TGCAGTGCTTCGGGACAGAACACAGATACGCAGTATTTT,1367,6,clonotype1208,clonotype1208_consensus_1
CACAGGCTCCACGTGG-1,True,CACAGGCTCCACGTGG-1_contig_2,True,320,TRB,None,None,TRBJ1-1,TRBC1,False,False,None,None,452,4,clonotype1208,None
CACAGGCTCCGCAAGC-1,True,CACAGGCTCCGCAAGC-1_contig_1,True,504,TRA,TRAV12-1,None,TRAJ9,TRAC,True,True,CVVTRNTGGFKTIF,TGTGTGGTGACACGAAATACTGGAGGCTTCAAAACTATCTTT,552,4,clonotype5,clonotype5_consensus_2
CACAGGCTCCGCAAGC-1,True,CACAGGCTCCGCAAGC-1_contig_2,True,533,TRB,TRBV20-1,None,TRBJ1-5,TRBC1,True,True,CSARDDNRAKSFNQPQHF,TGCAGTGCTAGAGACGACAACCGGGCCAAATCCTTCAATCAGCCCCAGCATTTT,1622,9,clonotype5,clonotype5_consensus_1
CACAGGCTCCGCAAGC-1,True,CACAGGCTCCGCAAGC-1_contig_3,True,497,TRB,TRBV5-6,None,TRBJ2-6,TRBC2,True,False,None,None,551,2,clonotype5,None
CACAGGCTCCGCGCAA-1,True,CACAGGCTCCGCGCAA-1_contig_1,True,523,TRA,TRAV26-1,None,TRAJ9,TRAC,True,True,CIVRGNTGGFKTIF,TGCATCGTCAGAGGAAATACTGGAGGCTTCAAAACTATCTTT,516,3,clonotype1209,clonotype1209_consensus_2
CACAGGCTCCGCGCAA-1,True,CACAGGCTCCGCGCAA-1_contig_2,True,518,TRB,TRBV5-5,None,TRBJ2-3,TRBC2,True,True,CASSPSSGILAGNTQYF,TGTGCCAGCAGCCCTTCTTCAGGGATACTAGCGGGTAATACGCAGTATTTT,5855,19,clonotype1209,clonotype1209_consensus_1
CACAGGCTCTCGATGA-1,True,CACAGGCTCTCGATGA-1_contig_1,True,557,TRA,TRAV12-1,None,TRAJ9,TRAC,True,True,CVVTRNTGGFKTIF,TGTGTGGTGACACGAAATACTGGAGGCTTCAAAACTATCTTT,1250,10,clonotype5,clonotype5_consensus_2
CACAGGCTCTCGATGA-1,True,CACAGGCTCTCGATGA-1_contig_2,True,510,TRB,TRBV20-1,None,TRBJ1-5,TRBC1,True,True,CSARDDNRAKSFNQPQHF,TGCAGTGCTAGAGACGACAACCGGGCCAAATCCTTCAATCAGCCCCAGCATTTT,1094,6,clonotype5,clonotype5_consensus_1
CACAGTAAGACTACAA-1,True,CACAGTAAGACTACAA-1_contig_1,True,505,TRA,TRAV1-2,None,TRAJ33,TRAC,True,True,CAATDSNYQLIW,TGTGCTGCGACTGATAGCAACTATCAGTTAATCTGG,271,6,clonotype1,clonotype1_consensus_2
CACAGTAAGACTACAA-1,True,CACAGTAAGACTACAA-1_contig_2,True,473,TRB,TRBV20-1,None,TRBJ2-1,TRBC2,True,True,CSARVGSEVNEQFF,TGCAGTGCTAGAGTGGGGTCGGAAGTCAATGAGCAGTTCTTC,3142,9,clonotype1,clonotype1_consensus_1
CACAGTAAGTGGCACA-1,True,CACAGTAAGTGGCACA-1_contig_1,True,500,TRB,TRBV11-3,None,TRBJ2-2,TRBC2,True,True,CASSPLAGSTGELFF,TGTGCCAGCAGCCCACTAGCGGGGTCCACCGGGGAGCTGTTTTTT,2116,6,clonotype1210,clonotype1210_consensus_2
CACAGTAAGTGGCACA-1,True,CACAGTAAGTGGCACA-1_contig_2,True,527,TRA,TRAV27,None,TRAJ27,TRAC,True,True,CAGAQTNAGKSTF,TGTGCAGGAGCTCAAACCAATGCAGGCAAATCAACCTTT,445,5,clonotype1210,clonotype1210_consensus_1
CACAGTACATCCTAGA-1,True,CACAGTACATCCTAGA-1_contig_1,True,495,TRB,TRBV20-1,None,TRBJ2-1,TRBC2,True,True,CSARVGSEVNEQFF,TGCAGTGCTAGAGTGGGGTCGGAAGTCAATGAGCAGTTCTTC,10019,8,clonotype2,clonotype2_consensus_1
CACAGTAGTCCGAGTC-1,True,CACAGTAGTCCGAGTC-1_contig_1,True,521,TRB,TRBV20-1,None,TRBJ2-1,TRBC2,True,True,CSARVGSEVNEQFF,TGCAGTGCTAGAGTGGGGTCGGAAGTCAATGAGCAGTTCTTC,1649,7,clonotype2,clonotype2_consensus_1
CACAGTATCAGAGACG-1,True,CACAGTATCAGAGACG-1_contig_1,True,505,TRA,TRAV1-2,None,TRAJ33,TRAC,True,True,CAATDSNYQLIW,TGTGCTGCGACTGATAGCAACTATCAGTTAATCTGG,1159,5,clonotype1,clonotype1_consensus_2
CACAGTATCAGAGACG-1,True,CACAGTATCAGAGACG-1_contig_2,True,497,TRB,TRBV20-1,None,TRBJ2-1,TRBC2,True,True,CSARVGSEVNEQFF,TGCAGTGCTAGAGTGGGGTCGGAAGTCAATGAGCAGTTCTTC,2205,9,clonotype1,clonotype1_consensus_1
CACAGTATCAGAGACG-1,True,CACAGTATCAGAGACG-1_contig_3,True,482,TRA,TRAV10,None,TRAJ24,TRAC,True,False,None,None,255,2,clonotype1,None
CACAGTATCAGCGATT-1,True,CACAGTATCAGCGATT-1_contig_1,True,507,TRA,TRAV1-2,None,TRAJ33,TRAC,True,True,CAATDSNYQLIW,TGTGCTGCGACTGATAGCAACTATCAGTTAATCTGG,127,1,clonotype1,clonotype1_consensus_2
CACAGTATCAGCGATT-1,True,CACAGTATCAGCGATT-1_contig_2,True,521,TRB,TRBV20-1,None,TRBJ2-1,TRBC2,True,True,CSARVGSEVNEQFF,TGCAGTGCTAGAGTGGGGTCGGAAGTCAATGAGCAGTTCTTC,877,5,clonotype1,clonotype1_consensus_1
CACAGTATCCACGAAT-1,True,CACAGTATCCACGAAT-1_contig_1,True,527,TRB,TRBV20-1,None,TRBJ2-7,TRBC2,True,True,CSARASRLVLSYEQYF,TGCAGTGCTAGAGCCTCACGGCTAGTACTTTCCTACGAGCAGTACTTC,994,4,clonotype11,clonotype11_consensus_2
CACAGTATCCACGAAT-1,True,CACAGTATCCACGAAT-1_contig_2,True,571,TRA,TRAV26-1,None,TRAJ34,TRAC,True,True,CIASSYNTDKLIF,TGCATCGCTTCATCTTATAACACCGACAAGCTCATCTTT,1018,8,clonotype11,clonotype11_consensus_1
CACAGTATCCACGTTC-1,True,CACAGTATCCACGTTC-1_contig_1,True,574,TRA,TRAV8-1,None,TRAJ5,TRAC,True,True,CAVNAGTGRRALTF,TGTGCCGTGAATGCGGGGACGGGCAGGAGAGCACTTACTTTT,1069,5,clonotype1211,clonotype1211_consensus_2
CACAGTATCCACGTTC-1,True,CACAGTATCCACGTTC-1_contig_2,True,524,TRB,TRBV20-1,None,TRBJ1-3,TRBC1,True,True,CSARDGGASGNTIYF,TGCAGTGCTAGAGATGGGGGGGCCTCTGGAAACACCATATATTTT,2126,9,clonotype1211,clonotype1211_consensus_1
CACAGTATCCACGTTC-1,True,CACAGTATCCACGTTC-1_contig_3,True,305,TRB,None,None,TRBJ2-2,TRBC2,False,False,None,None,180,2,clonotype1211,None
CACAGTATCCGTCATC-1,True,CACAGTATCCGTCATC-1_contig_1,True,495,TRB,TRBV20-1,None,TRBJ2-1,TRBC2,True,True,CSARVGSEVNEQFF,TGCAGTGCTAGAGTGGGGTCGGAAGTCAATGAGCAGTTCTTC,3379,10,clonotype2,clonotype2_consensus_1
CACATAGAGAGGTAGA-1,True,CACATAGAGAGGTAGA-1_contig_1,True,515,TRB,TRBV20-1,None,TRBJ2-1,TRBC2,True,True,CSVGQGAHEQFF,TGCAGTGTCGGACAGGGGGCGCATGAGCAGTTCTTC,3029,9,clonotype1212,clonotype1212_consensus_2
CACATAGAGAGGTAGA-1,True,CACATAGAGAGGTAGA-1_contig_2,True,608,TRA,TRAV8-6,None,TRAJ50,TRAC,True,True,CAVMKTSYDKVIF,TGTGCTGTGATGAAAACCTCCTACGACAAGGTGATATTT,1667,3,clonotype1212,clonotype1212_consensus_1
CACATAGAGCCAGGAT-1,True,CACATAGAGCCAGGAT-1_contig_1,True,505,TRA,TRAV1-2,None,TRAJ33,TRAC,True,True,CAATDSNYQLIW,TGTGCTGCGACTGATAGCAACTATCAGTTAATCTGG,679,1,clonotype1,clonotype1_consensus_2
CACATAGAGCCAGGAT-1,True,CACATAGAGCCAGGAT-1_contig_2,True,521,TRB,TRBV20-1,None,TRBJ2-1,TRBC2,True,True,CSARVGSEVNEQFF,TGCAGTGCTAGAGTGGGGTCGGAAGTCAATGAGCAGTTCTTC,1627,10,clonotype1,clonotype1_consensus_1
CACATAGAGCCAGGAT-1,True,CACATAGAGCCAGGAT-1_contig_3,True,458,TRA,TRAV10,None,TRAJ24,TRAC,True,False,None,None,331,2,clonotype1,None
CACATAGAGCCCAACC-1,True,CACATAGAGCCCAACC-1_contig_1,True,521,TRB,TRBV20-1,None,TRBJ2-1,TRBC2,True,True,CSARVGSEVNEQFF,TGCAGTGCTAGAGTGGGGTCGGAAGTCAATGAGCAGTTCTTC,1384,6,clonotype2,clonotype2_consensus_1
CACATAGAGCGAAGGG-1,True,CACATAGAGCGAAGGG-1_contig_1,True,521,TRB,TRBV20-1,None,TRBJ2-1,TRBC2,True,True,CSARVGSEVNEQFF,TGCAGTGCTAGAGTGGGGTCGGAAGTCAATGAGCAGTTCTTC,499,4,clonotype2,clonotype2_consensus_1
CACATAGAGCGAAGGG-1,True,CACATAGAGCGAAGGG-1_contig_2,True,467,TRA,TRAV10,None,TRAJ24,TRAC,True,False,None,None,766,2,clonotype2,None
CACATAGAGGTGCTAG-1,True,CACATAGAGGTGCTAG-1_contig_1,True,521,TRB,TRBV20-1,None,TRBJ2-1,TRBC2,True,True,CSARVGSEVNEQFF,TGCAGTGCTAGAGTGGGGTCGGAAGTCAATGAGCAGTTCTTC,1663,6,clonotype2,clonotype2_consensus_1
CACATAGAGGTGCTAG-1,True,CACATAGAGGTGCTAG-1_contig_2,True,482,TRA,TRAV10,None,TRAJ24,TRAC,True,False,None,None,728,4,clonotype2,None
CACATAGAGTGACATA-1,True,CACATAGAGTGACATA-1_contig_1,True,505,TRA,TRAV1-2,None,TRAJ33,TRAC,True,True,CAATDSNYQLIW,TGTGCTGCGACTGATAGCAACTATCAGTTAATCTGG,299,3,clonotype1,clonotype1_consensus_2
CACATAGAGTGACATA-1,True,CACATAGAGTGACATA-1_contig_2,True,521,TRB,TRBV20-1,None,TRBJ2-1,TRBC2,True,True,CSARVGSEVNEQFF,TGCAGTGCTAGAGTGGGGTCGGAAGTCAATGAGCAGTTCTTC,1528,7,clonotype1,clonotype1_consensus_1
CACATAGAGTGACTCT-1,True,CACATAGAGTGACTCT-1_contig_1,True,501,TRA,TRAV12-3,None,TRAJ21,TRAC,True,True,CAMSTRYNFNKFYF,TGTGCAATGAGTACCAGATACAACTTCAACAAATTTTACTTT,281,2,clonotype1213,clonotype1213_consensus_1
CACATAGAGTGACTCT-1,True,CACATAGAGTGACTCT-1_contig_2,True,570,TRA,TRAV8-4,None,TRAJ5,TRAC,True,True,CAVSDRTGRRALTF,TGTGCTGTGAGTGATCGGACGGGCAGGAGAGCACTTACTTTT,221,3,clonotype1213,clonotype1213_consensus_2
CACATAGAGTGACTCT-1,True,CACATAGAGTGACTCT-1_contig_3,True,521,TRB,TRBV20-1,None,TRBJ1-5,TRBC1,True,True,CSAAQEYGNQPQHF,TGCAGTGCTGCCCAGGAGTATGGAAATCAGCCCCAGCATTTT,596,4,clonotype1213,clonotype1213_consensus_3
CACATAGAGTGGTAGC-1,True,CACATAGAGTGGTAGC-1_contig_1,True,510,TRA,TRAV12-3,None,TRAJ57,TRAC,True,True,CAMIDVVGQGGSEKLVF,TGTGCAATGATAGATGTGGTGGGACAGGGCGGATCTGAAAAGCTGGTCTTT,1249,7,clonotype1214,clonotype1214_consensus_1
CACATAGAGTGGTAGC-1,True,CACATAGAGTGGTAGC-1_contig_2,True,481,TRB,TRBV5-6,None,TRBJ2-7,TRBC2,True,True,CASSLGDRDSYEQYF,TGTGCCAGCAGCTTGGGGGACAGGGACTCCTACGAGCAGTACTTC,632,6,clonotype1214,clonotype1214_consensus_2
CACATAGCAAGCCATT-1,True,CACATAGCAAGCCATT-1_contig_1,True,515,TRA,TRAV41,None,TRAJ44,TRAC,True,True,CAVHRPTGTASKLTF,TGTGCTGTCCACCGACCCACCGGCACTGCCAGTAAACTCACCTTT,4319,6,clonotype1215,clonotype1215_consensus_1
CACATAGCAAGCCATT-1,True,CACATAGCAAGCCATT-1_contig_2,True,699,TRB,TRBV5-6,None,TRBJ2-1,TRBC2,True,True,CASSHYNEQFF,TGTGCCAGCAGCCACTACAATGAGCAGTTCTTC,709,8,clonotype1215,clonotype1215_consensus_2
CACATAGCAGCCTGTG-1,True,CACATAGCAGCCTGTG-1_contig_1,True,485,TRB,TRBV20-1,None,TRBJ2-1,TRBC2,True,True,CSARVGSEVNEQFF,TGCAGTGCTAGAGTGGGGTCGGAAGTCAATGAGCAGTTCTTC,1341,4,clonotype2,clonotype2_consensus_1
CACATAGCAGTATCTG-1,True,CACATAGCAGTATCTG-1_contig_1,True,505,TRA,TRAV1-2,None,TRAJ33,TRAC,True,True,CAATDSNYQLIW,TGTGCTGCGACTGATAGCAACTATCAGTTAATCTGG,1769,11,clonotype1,clonotype1_consensus_2
CACATAGCAGTATCTG-1,True,CACATAGCAGTATCTG-1_contig_2,True,521,TRB,TRBV20-1,None,TRBJ2-1,TRBC2,True,True,CSARVGSEVNEQFF,TGCAGTGCTAGAGTGGGGTCGGAAGTCAATGAGCAGTTCTTC,4941,19,clonotype1,clonotype1_consensus_1
CACATAGCAGTCTTCC-1,True,CACATAGCAGTCTTCC-1_contig_1,True,506,TRA,TRAV27,None,TRAJ43,TRAC,True,True,CAGDNNDMRF,TGTGCAGGAGATAACAATGACATGCGCTTT,1594,10,clonotype126,clonotype126_consensus_2
CACATAGCAGTCTTCC-1,True,CACATAGCAGTCTTCC-1_contig_2,True,664,TRB,TRBV5-6,None,TRBJ2-3,TRBC2,True,True,CASSLVSLAGRADTQYF,TGTGCCAGCAGCTTGGTCTCCCTAGCGGGGAGGGCAGATACGCAGTATTTT,2309,9,clonotype126,clonotype126_consensus_1
CACATAGCATAAAGGT-1,True,CACATAGCATAAAGGT-1_contig_1,True,504,TRB,TRBV20-1,None,TRBJ2-2,TRBC2,True,True,CSARERRGLSTGELFF,TGCAGTGCTAGAGAAAGAAGGGGTTTAAGTACCGGGGAGCTGTTTTTT,8273,10,clonotype1216,clonotype1216_consensus_1
CACATAGCATAAAGGT-1,True,CACATAGCATAAAGGT-1_contig_2,True,451,TRA,TRAV2,None,TRAJ10,TRAC,True,True,CAVEDRGGGNKLTF,TGTGCTGTGGAGGATAGGGGAGGAGGAAACAAACTCACCTTT,348,2,clonotype1216,clonotype1216_consensus_3
CACATAGCATAAAGGT-1,True,CACATAGCATAAAGGT-1_contig_3,True,490,TRA,TRAV1-1,None,TRAJ12,TRAC,True,True,CAVRDQGSYKLIF,TGCGCTGTGAGAGATCAGGGCAGCTATAAATTGATCTTC,653,2,clonotype1216,clonotype1216_consensus_2
CACATAGGTAAATGTG-1,True,CACATAGGTAAATGTG-1_contig_1,True,521,TRB,TRBV20-1,None,TRBJ2-1,TRBC2,True,True,CSARVGSEVNEQFF,TGCAGTGCTAGAGTGGGGTCGGAAGTCAATGAGCAGTTCTTC,997,7,clonotype2,clonotype2_consensus_1
CACATAGGTAAATGTG-1,True,CACATAGGTAAATGTG-1_contig_2,True,456,TRA,TRAV10,None,TRAJ24,TRAC,True,False,None,None,286,3,clonotype2,None
CACATAGGTAGCCTAT-1,True,CACATAGGTAGCCTAT-1_contig_1,True,505,TRA,TRAV1-2,None,TRAJ33,TRAC,True,True,CAATDSNYQLIW,TGTGCTGCGACTGATAGCAACTATCAGTTAATCTGG,172,3,clonotype8,clonotype8_consensus_1
CACATAGGTAGCCTAT-1,True,CACATAGGTAGCCTAT-1_contig_2,True,482,TRA,TRAV10,None,TRAJ24,TRAC,True,False,None,None,221,2,clonotype8,None
CACATAGGTATGCTTG-1,True,CACATAGGTATGCTTG-1_contig_1,True,505,TRA,TRAV1-2,None,TRAJ33,TRAC,True,True,CAATDSNYQLIW,TGTGCTGCGACTGATAGCAACTATCAGTTAATCTGG,100,1,clonotype1,clonotype1_consensus_2
CACATAGGTATGCTTG-1,True,CACATAGGTATGCTTG-1_contig_2,True,521,TRB,TRBV20-1,None,TRBJ2-1,TRBC2,True,True,CSARVGSEVNEQFF,TGCAGTGCTAGAGTGGGGTCGGAAGTCAATGAGCAGTTCTTC,1040,7,clonotype1,clonotype1_consensus_1
CACATAGGTATGGTTC-1,True,CACATAGGTATGGTTC-1_contig_1,True,450,TRA,TRAV13-1,None,TRAJ3,TRAC,True,True,CAESASKIIF,TGTGCAGAAAGTGCTTCCAAGATAATCTTT,1370,6,clonotype1217,clonotype1217_consensus_1
CACATAGGTATGGTTC-1,True,CACATAGGTATGGTTC-1_contig_2,True,501,TRB,TRBV20-1,None,TRBJ1-4,TRBC1,True,True,CSAAMSWEANEKLFF,TGCAGTGCGGCGATGTCGTGGGAGGCTAATGAAAAACTGTTTTTT,453,5,clonotype1217,clonotype1217_consensus_2
CACATAGGTATGGTTC-1,True,CACATAGGTATGGTTC-1_contig_3,True,507,TRA,TRAV1-2,None,TRAJ23,TRAC,True,False,None,None,337,1,clonotype1217,None
CACATAGGTATGGTTC-1,True,CACATAGGTATGGTTC-1_contig_4,True,437,TRA,None,None,TRAJ6,TRAC,False,False,None,None,379,2,clonotype1217,None
CACATAGGTATGGTTC-1,True,CACATAGGTATGGTTC-1_contig_5,True,776,TRB,TRBV23-1,None,TRBJ1-2,TRBC1,True,False,CARTTAAGTVDYGYTF,TGCGCCAGGACGACCGCCGCGGGAACGGTAGACTATGGCTACACCTTC,1189,9,clonotype1217,None
CACATAGGTCCCGACA-1,True,CACATAGGTCCCGACA-1_contig_1,True,505,TRA,TRAV1-2,None,TRAJ33,TRAC,True,True,CAATDSNYQLIW,TGTGCTGCGACTGATAGCAACTATCAGTTAATCTGG,2135,6,clonotype1,clonotype1_consensus_2
CACATAGGTCCCGACA-1,True,CACATAGGTCCCGACA-1_contig_2,True,521,TRB,TRBV20-1,None,TRBJ2-1,TRBC2,True,True,CSARVGSEVNEQFF,TGCAGTGCTAGAGTGGGGTCGGAAGTCAATGAGCAGTTCTTC,12610,9,clonotype1,clonotype1_consensus_1
CACATAGGTCCCGACA-1,True,CACATAGGTCCCGACA-1_contig_3,True,465,TRA,TRAV10,None,TRAJ24,TRAC,True,False,None,None,6608,3,clonotype1,None
CACATAGGTGAAATCA-1,True,CACATAGGTGAAATCA-1_contig_1,True,520,TRA,TRAV14/DV4,None,TRAJ49,TRAC,True,True,CAMRENTGNQFYF,TGTGCAATGAGAGAGAACACCGGTAACCAGTTCTATTTT,5877,2,clonotype1218,clonotype1218_consensus_2
CACATAGGTGAAATCA-1,True,CACATAGGTGAAATCA-1_contig_2,True,493,TRB,TRBV5-6,None,TRBJ2-1,TRBC2,True,True,CASSLLRSSYNEQFF,TGTGCCAGCAGCTTGCTAAGGAGCTCCTACAATGAGCAGTTCTTC,6911,6,clonotype1218,clonotype1218_consensus_1
CACATAGGTGACGGTA-1,True,CACATAGGTGACGGTA-1_contig_1,True,521,TRB,TRBV20-1,None,TRBJ2-1,TRBC2,True,True,CSARVGSEVNEQFF,TGCAGTGCTAGAGTGGGGTCGGAAGTCAATGAGCAGTTCTTC,565,3,clonotype2,clonotype2_consensus_1
CACATAGGTGACGGTA-1,True,CACATAGGTGACGGTA-1_contig_2,True,482,TRA,TRAV10,None,TRAJ24,TRAC,True,False,None,None,127,5,clonotype2,None
CACATAGGTGGGTATG-1,True,CACATAGGTGGGTATG-1_contig_1,True,505,TRA,TRAV1-2,None,TRAJ33,TRAC,True,True,CAATDSNYQLIW,TGTGCTGCGACTGATAGCAACTATCAGTTAATCTGG,69,10,clonotype1,clonotype1_consensus_2
CACATAGGTGGGTATG-1,True,CACATAGGTGGGTATG-1_contig_2,True,498,TRB,TRBV20-1,None,TRBJ2-1,TRBC2,True,True,CSARVGSEVNEQFF,TGCAGTGCTAGAGTGGGGTCGGAAGTCAATGAGCAGTTCTTC,1393,6,clonotype1,clonotype1_consensus_1
CACATAGGTGTAAGTA-1,True,CACATAGGTGTAAGTA-1_contig_1,True,521,TRB,TRBV20-1,None,TRBJ2-3,TRBC2,True,True,CSARGSSAQNTQYF,TGCAGTGCTAGAGGTTCTTCGGCTCAGAATACGCAGTATTTT,7276,11,clonotype1219,clonotype1219_consensus_2
CACATAGGTGTAAGTA-1,True,CACATAGGTGTAAGTA-1_contig_2,True,567,TRA,TRAV19,None,TRAJ56,TRAC,True,True,CALSERTGANSKLTF,TGTGCTCTGAGTGAGAGGACTGGAGCCAATAGTAAGCTGACATTT,798,8,clonotype1219,clonotype1219_consensus_1
CACATAGGTTACGTCA-1,True,CACATAGGTTACGTCA-1_contig_1,True,462,TRA,TRAV13-1,None,TRAJ33,TRAC,True,True,CAARGLSSNYQLIW,TGTGCAGCAAGGGGCCTGAGTAGCAACTATCAGTTAATCTGG,593,3,clonotype31,clonotype31_consensus_2
CACATAGGTTACGTCA-1,True,CACATAGGTTACGTCA-1_contig_2,True,527,TRB,TRBV20-1,None,TRBJ2-7,TRBC2,True,True,CSARETRTSGGYEQYF,TGCAGTGCTAGAGAAACAAGGACTAGCGGGGGGTACGAGCAGTACTTC,1252,6,clonotype31,clonotype31_consensus_1
CACATAGTCACCACCT-1,True,CACATAGTCACCACCT-1_contig_1,True,485,TRA,TRAV13-1,None,TRAJ12,TRAC,True,True,CAAPGRDSSYKLIF,TGTGCAGCCCCGGGGAGGGATAGCAGCTATAAATTGATCTTC,757,3,clonotype1220,clonotype1220_consensus_2
CACATAGTCACCACCT-1,True,CACATAGTCACCACCT-1_contig_2,True,686,TRA,TRAV8-3,None,TRAJ34,TRAC,True,True,CAVGAYNTDKLIF,TGTGCTGTGGGTGCCTATAACACCGACAAGCTCATCTTT,4123,3,clonotype1220,clonotype1220_consensus_3
CACATAGTCACCACCT-1,True,CACATAGTCACCACCT-1_contig_3,True,662,TRB,TRBV5-6,None,TRBJ2-7,TRBC2,True,True,CASRPEPGTGYEQYF,TGTGCCAGCAGACCTGAACCCGGGACAGGGTACGAGCAGTACTTC,2469,9,clonotype1220,clonotype1220_consensus_1
CACATAGTCACCCTCA-1,True,CACATAGTCACCCTCA-1_contig_1,True,521,TRB,TRBV20-1,None,TRBJ2-1,TRBC2,True,True,CSARVGSEVNEQFF,TGCAGTGCTAGAGTGGGGTCGGAAGTCAATGAGCAGTTCTTC,793,5,clonotype2,clonotype2_consensus_1
CACATAGTCACCCTCA-1,True,CACATAGTCACCCTCA-1_contig_2,True,465,TRA,TRAV10,None,TRAJ24,TRAC,True,False,None,None,725,5,clonotype2,None
CACATAGTCCGGCACA-1,True,CACATAGTCCGGCACA-1_contig_1,True,521,TRB,TRBV20-1,None,TRBJ2-1,TRBC2,True,True,CSARVGSEVNEQFF,TGCAGTGCTAGAGTGGGGTCGGAAGTCAATGAGCAGTTCTTC,534,4,clonotype2,clonotype2_consensus_1
CACATAGTCTATCCCG-1,True,CACATAGTCTATCCCG-1_contig_1,True,505,TRA,TRAV1-2,None,TRAJ33,TRAC,True,True,CAATDSNYQLIW,TGTGCTGCGACTGATAGCAACTATCAGTTAATCTGG,391,2,clonotype1,clonotype1_consensus_2
CACATAGTCTATCCCG-1,True,CACATAGTCTATCCCG-1_contig_2,True,521,TRB,TRBV20-1,None,TRBJ2-1,TRBC2,True,True,CSARVGSEVNEQFF,TGCAGTGCTAGAGTGGGGTCGGAAGTCAATGAGCAGTTCTTC,3137,14,clonotype1,clonotype1_consensus_1
CACATAGTCTATCCCG-1,True,CACATAGTCTATCCCG-1_contig_3,True,482,TRA,TRAV10,None,TRAJ24,TRAC,True,False,None,None,281,2,clonotype1,None
CACATAGTCTCCAGGG-1,True,CACATAGTCTCCAGGG-1_contig_1,True,484,TRB,TRBV5-6,None,TRBJ1-5,TRBC1,True,True,CASSTRTASNQPQHF,TGTGCCAGCAGCACCCGGACAGCTTCTAATCAGCCCCAGCATTTT,415,2,clonotype1221,clonotype1221_consensus_1
CACATTTAGCACAGGT-1,True,CACATTTAGCACAGGT-1_contig_1,True,487,TRA,TRAV12-3,None,TRAJ53,TRAC,True,True,CAAGSGGSNYKLTF,TGTGCCGCAGGGAGTGGAGGTAGCAACTATAAACTGACATTT,294,2,clonotype1222,clonotype1222_consensus_2
CACATTTAGCACAGGT-1,True,CACATTTAGCACAGGT-1_contig_2,True,524,TRB,TRBV20-1,None,TRBJ2-5,TRBC2,True,True,CSARSIAGAQETQYF,TGCAGTGCTAGATCAATAGCGGGGGCCCAAGAGACCCAGTACTTC,2207,7,clonotype1222,clonotype1222_consensus_1
CACATTTAGGCCATAG-1,True,CACATTTAGGCCATAG-1_contig_1,True,559,TRA,TRAV19,None,TRAJ33,TRAC,True,True,CALTDSNYQLIW,TGTGCTCTGACGGATAGCAACTATCAGTTAATCTGG,260,2,clonotype1223,clonotype1223_consensus_2
CACATTTAGGCCATAG-1,True,CACATTTAGGCCATAG-1_contig_2,True,658,TRB,TRBV5-6,None,TRBJ1-5,TRBC1,True,True,CASSLGTYSNQPQHF,TGTGCCAGCAGCTTGGGAACTTATAGCAATCAGCCCCAGCATTTT,525,3,clonotype1223,clonotype1223_consensus_1
CACATTTAGGTAGCCA-1,True,CACATTTAGGTAGCCA-1_contig_1,True,611,TRA,TRAV8-2,None,TRAJ39,TRAC,True,True,CVVTPNNNAGNMLTF,TGTGTTGTGACCCCGAATAATAATGCAGGCAACATGCTCACCTTT,40,1,clonotype1224,clonotype1224_consensus_2
CACATTTAGGTAGCCA-1,True,CACATTTAGGTAGCCA-1_contig_2,True,511,TRB,TRBV20-1,None,TRBJ2-3,TRBC2,True,True,CSARGHGLAGSTDTQYF,TGCAGTGCTAGAGGCCACGGACTAGCGGGTTCCACAGATACGCAGTATTTT,660,2,clonotype1224,clonotype1224_consensus_1
CACATTTAGGTAGCCA-1,True,CACATTTAGGTAGCCA-1_contig_3,True,498,TRA,TRAV8-3,None,TRAJ8,TRAC,True,False,None,None,90,2,clonotype1224,None
CACATTTAGGTGTTAA-1,True,CACATTTAGGTGTTAA-1_contig_1,True,499,TRA,TRAV1-2,None,TRAJ30,TRAC,True,True,CAVRDLREIIF,TGTGCTGTGAGAGATCTTCGGGAGATCATCTTT,73,8,clonotype3,clonotype3_consensus_2
CACATTTAGGTGTTAA-1,True,CACATTTAGGTGTTAA-1_contig_2,True,534,TRB,TRBV5-5,None,TRBJ1-4,TRBC1,True,True,CASSHPGPNYATNEKLFF,TGTGCCAGCAGCCATCCCGGACCGAACTACGCAACTAATGAAAAACTGTTTTTT,1079,7,clonotype3,clonotype3_consensus_1
CACATTTAGGTGTTAA-1,True,CACATTTAGGTGTTAA-1_contig_3,True,510,TRB,TRBV7-3,None,TRBJ2-1,TRBC2,True,False,CQQRSLKAGGPYNEQFF,TGCCAGCAGCGGTCACTTAAAGCGGGGGGACCCTACAATGAGCAGTTCTTC,451,5,clonotype3,None
CACATTTAGTAACCCT-1,True,CACATTTAGTAACCCT-1_contig_1,True,505,TRA,TRAV1-2,None,TRAJ33,TRAC,True,True,CAATDSNYQLIW,TGTGCTGCGACTGATAGCAACTATCAGTTAATCTGG,328,1,clonotype1,clonotype1_consensus_2
CACATTTAGTAACCCT-1,True,CACATTTAGTAACCCT-1_contig_2,True,521,TRB,TRBV20-1,None,TRBJ2-1,TRBC2,True,True,CSARVGSEVNEQFF,TGCAGTGCTAGAGTGGGGTCGGAAGTCAATGAGCAGTTCTTC,672,6,clonotype1,clonotype1_consensus_1
CACATTTAGTCTCAAC-1,True,CACATTTAGTCTCAAC-1_contig_1,True,505,TRA,TRAV1-2,None,TRAJ33,TRAC,True,True,CAATDSNYQLIW,TGTGCTGCGACTGATAGCAACTATCAGTTAATCTGG,1239,6,clonotype1,clonotype1_consensus_2
CACATTTAGTCTCAAC-1,True,CACATTTAGTCTCAAC-1_contig_2,True,498,TRB,TRBV20-1,None,TRBJ2-1,TRBC2,True,True,CSARVGSEVNEQFF,TGCAGTGCTAGAGTGGGGTCGGAAGTCAATGAGCAGTTCTTC,1975,6,clonotype1,clonotype1_consensus_1
CACATTTAGTCTCAAC-1,True,CACATTTAGTCTCAAC-1_contig_3,True,374,TRB,None,None,TRBJ1-5,TRBC1,False,False,None,None,522,3,clonotype1,None
CACATTTAGTCTCAAC-1,True,CACATTTAGTCTCAAC-1_contig_4,True,482,TRA,TRAV10,None,TRAJ24,TRAC,True,False,None,None,971,6,clonotype1,None
CACATTTAGTGTACTC-1,True,CACATTTAGTGTACTC-1_contig_1,True,513,TRB,TRBV5-5,None,TRBJ2-7,TRBC2,True,True,CASSSVVAGQDEQYF,TGTGCCAGCAGCTCAGTTGTGGCAGGCCAGGACGAGCAGTACTTC,2744,11,clonotype1225,clonotype1225_consensus_1
CACATTTAGTTGAGAT-1,True,CACATTTAGTTGAGAT-1_contig_1,True,518,TRB,TRBV20-1,None,TRBJ2-1,TRBC2,True,True,CSARVGSEVNEQFF,TGCAGTGCTAGAGTGGGGTCGGAAGTCAATGAGCAGTTCTTC,2873,5,clonotype2,clonotype2_consensus_1
CACATTTAGTTGAGAT-1,True,CACATTTAGTTGAGAT-1_contig_2,True,467,TRA,TRAV10,None,TRAJ24,TRAC,True,False,None,None,77,3,clonotype2,None
CACATTTCACTGAAGG-1,True,CACATTTCACTGAAGG-1_contig_1,True,505,TRA,TRAV1-2,None,TRAJ33,TRAC,True,True,CAATDSNYQLIW,TGTGCTGCGACTGATAGCAACTATCAGTTAATCTGG,1350,6,clonotype1,clonotype1_consensus_2
CACATTTCACTGAAGG-1,True,CACATTTCACTGAAGG-1_contig_2,True,498,TRB,TRBV20-1,None,TRBJ2-1,TRBC2,True,True,CSARVGSEVNEQFF,TGCAGTGCTAGAGTGGGGTCGGAAGTCAATGAGCAGTTCTTC,5218,12,clonotype1,clonotype1_consensus_1
CACATTTCAGATAATG-1,True,CACATTTCAGATAATG-1_contig_1,True,515,TRB,TRBV20-1,None,TRBJ1-1,TRBC1,True,True,CSATGGRVEAFF,TGCAGTGCTACCGGGGGCAGGGTTGAAGCTTTCTTT,4985,10,clonotype1226,clonotype1226_consensus_1
CACATTTCAGATAATG-1,True,CACATTTCAGATAATG-1_contig_2,True,505,TRA,None,None,TRAJ43,TRAC,False,False,None,None,420,2,clonotype1226,None
CACATTTCAGGGTATG-1,True,CACATTTCAGGGTATG-1_contig_1,True,505,TRA,TRAV1-2,None,TRAJ33,TRAC,True,True,CAATDSNYQLIW,TGTGCTGCGACTGATAGCAACTATCAGTTAATCTGG,388,4,clonotype1,clonotype1_consensus_2
CACATTTCAGGGTATG-1,True,CACATTTCAGGGTATG-1_contig_2,True,521,TRB,TRBV20-1,None,TRBJ2-1,TRBC2,True,True,CSARVGSEVNEQFF,TGCAGTGCTAGAGTGGGGTCGGAAGTCAATGAGCAGTTCTTC,3005,12,clonotype1,clonotype1_consensus_1
CACATTTCATATGGTC-1,True,CACATTTCATATGGTC-1_contig_1,True,517,TRB,TRBV5-5,None,TRBJ2-3,TRBC2,True,True,CASSLGLAGNTDTQYF,TGTGCCAGCAGCTTGGGGCTAGCGGGAAACACAGATACGCAGTATTTT,4852,11,clonotype249,clonotype249_consensus_1
CACATTTCATATGGTC-1,True,CACATTTCATATGGTC-1_contig_2,True,505,TRA,TRAV1-2,None,TRAJ8,TRAC,True,True,CAPTTGFQKLVF,TGTGCCCCCACCACAGGCTTTCAGAAACTTGTATTT,4486,5,clonotype249,clonotype249_consensus_2
CACATTTCATATGGTC-1,True,CACATTTCATATGGTC-1_contig_3,True,331,TRA,TRAV1-1,None,TRAJ29,TRAC,True,False,None,None,3620,2,clonotype249,None
CACATTTCATCAGTCA-1,True,CACATTTCATCAGTCA-1_contig_1,True,505,TRA,TRAV1-2,None,TRAJ33,TRAC,True,True,CAATDSNYQLIW,TGTGCTGCGACTGATAGCAACTATCAGTTAATCTGG,2745,5,clonotype1,clonotype1_consensus_2
CACATTTCATCAGTCA-1,True,CACATTTCATCAGTCA-1_contig_2,True,498,TRB,TRBV20-1,None,TRBJ2-1,TRBC2,True,True,CSARVGSEVNEQFF,TGCAGTGCTAGAGTGGGGTCGGAAGTCAATGAGCAGTTCTTC,2005,11,clonotype1,clonotype1_consensus_1
CACATTTCATGCCCGA-1,True,CACATTTCATGCCCGA-1_contig_1,True,521,TRB,TRBV20-1,None,TRBJ1-2,TRBC1,True,True,CSARADRGDYGYTF,TGCAGTGCTAGAGCCGACAGGGGGGACTATGGCTACACCTTC,1018,6,clonotype1227,clonotype1227_consensus_2
CACATTTCATGCCCGA-1,True,CACATTTCATGCCCGA-1_contig_2,True,508,TRA,TRAV6,None,TRAJ37,TRAC,True,True,CAPGSSNTGKLIF,TGTGCCCCCGGCTCTAGCAACACAGGCAAACTAATCTTT,381,2,clonotype1227,clonotype1227_consensus_1
CACATTTGTAGCTGCC-1,True,CACATTTGTAGCTGCC-1_contig_1,True,521,TRB,TRBV20-1,None,TRBJ2-1,TRBC2,True,True,CSARVGSEVNEQFF,TGCAGTGCTAGAGTGGGGTCGGAAGTCAATGAGCAGTTCTTC,1371,6,clonotype2,clonotype2_consensus_1
CACATTTGTAGCTGCC-1,True,CACATTTGTAGCTGCC-1_contig_2,True,500,TRA,TRAV10,None,TRAJ24,TRAC,True,False,None,None,591,2,clonotype2,None
CACATTTGTTCAGTAC-1,True,CACATTTGTTCAGTAC-1_contig_1,True,505,TRA,TRAV1-2,None,TRAJ33,TRAC,True,True,CAATDSNYQLIW,TGTGCTGCGACTGATAGCAACTATCAGTTAATCTGG,611,3,clonotype1,clonotype1_consensus_2
CACATTTGTTCAGTAC-1,True,CACATTTGTTCAGTAC-1_contig_2,True,487,TRB,TRBV20-1,None,TRBJ2-1,TRBC2,True,True,CSARVGSEVNEQFF,TGCAGTGCTAGAGTGGGGTCGGAAGTCAATGAGCAGTTCTTC,78,12,clonotype1,clonotype1_consensus_1
CACATTTGTTGATTCG-1,True,CACATTTGTTGATTCG-1_contig_1,True,491,TRA,TRAV4,None,TRAJ28,TRAC,True,True,CLVGGEGAGSYQLTF,TGCCTCGTGGGTGGGGAGGGGGCTGGGAGTTACCAACTCACTTTC,277,2,clonotype1228,clonotype1228_consensus_1
CACATTTGTTGATTCG-1,True,CACATTTGTTGATTCG-1_contig_2,True,468,TRA,TRAV13-1,None,TRAJ28,TRAC,True,True,CAARGHSGAGSYQLTF,TGTGCAGCAAGGGGCCACTCTGGGGCTGGGAGTTACCAACTCACTTTC,1479,6,clonotype1228,clonotype1228_consensus_3
CACATTTGTTGATTCG-1,True,CACATTTGTTGATTCG-1_contig_3,True,710,TRB,TRBV5-5,None,TRBJ1-3,TRBC1,True,True,CASSTRTGSGNTIYF,TGTGCCAGCAGCACCCGGACGGGCTCTGGAAACACCATATATTTT,2145,6,clonotype1228,clonotype1228_consensus_2
CACATTTTCACTATTC-1,True,CACATTTTCACTATTC-1_contig_1,True,518,TRB,TRBV20-1,None,TRBJ1-5,TRBC1,True,True,CSAPQGANQPQHF,TGCAGTGCTCCGCAGGGGGCCAATCAGCCCCAGCATTTT,2110,18,clonotype1229,clonotype1229_consensus_1
CACATTTTCACTATTC-1,True,CACATTTTCACTATTC-1_contig_2,True,505,TRA,TRAV17,None,TRAJ34,TRAC,True,True,CATDWGTDKLIF,TGTGCTACGGACTGGGGCACCGACAAGCTCATCTTT,439,6,clonotype1229,clonotype1229_consensus_2
CACATTTTCAGAAATG-1,True,CACATTTTCAGAAATG-1_contig_1,True,521,TRB,TRBV20-1,None,TRBJ2-1,TRBC2,True,True,CSARVGSEVNEQFF,TGCAGTGCTAGAGTGGGGTCGGAAGTCAATGAGCAGTTCTTC,1510,12,clonotype2,clonotype2_consensus_1
CACATTTTCAGCTTAG-1,True,CACATTTTCAGCTTAG-1_contig_1,True,505,TRA,TRAV1-2,None,TRAJ33,TRAC,True,True,CAATDSNYQLIW,TGTGCTGCGACTGATAGCAACTATCAGTTAATCTGG,387,2,clonotype1,clonotype1_consensus_2
CACATTTTCAGCTTAG-1,True,CACATTTTCAGCTTAG-1_contig_2,True,485,TRB,TRBV20-1,None,TRBJ2-1,TRBC2,True,True,CSARVGSEVNEQFF,TGCAGTGCTAGAGTGGGGTCGGAAGTCAATGAGCAGTTCTTC,4047,10,clonotype1,clonotype1_consensus_1
CACATTTTCAGCTTAG-1,True,CACATTTTCAGCTTAG-1_contig_3,True,482,TRA,TRAV10,None,TRAJ24,TRAC,True,False,None,None,2726,3,clonotype1,None
CACATTTTCGAACTGT-1,True,CACATTTTCGAACTGT-1_contig_1,True,501,TRB,TRBV20-1,None,TRBJ1-1,TRBC1,True,True,CSAMDRPLANTEAFF,TGCAGTGCTATGGACAGGCCACTCGCGAACACTGAAGCTTTCTTT,1691,8,clonotype1230,clonotype1230_consensus_1
CACATTTTCGAACTGT-1,True,CACATTTTCGAACTGT-1_contig_2,True,518,TRA,TRAV13-2,None,TRAJ45,TRAC,True,True,CAEKLPLGGGADGLTF,TGTGCAGAGAAGCTCCCCCTCGGAGGAGGTGCTGACGGACTCACCTTT,916,7,clonotype1230,clonotype1230_consensus_2
CACATTTTCTCTAAGG-1,True,CACATTTTCTCTAAGG-1_contig_1,True,515,TRB,TRBV20-1,None,TRBJ1-5,TRBC1,True,True,CSAGQGDQPQHF,TGCAGTGCTGGACAGGGGGATCAGCCCCAGCATTTT,1359,17,clonotype1231,clonotype1231_consensus_1
CACATTTTCTCTAAGG-1,True,CACATTTTCTCTAAGG-1_contig_2,True,580,TRA,TRAV17,None,TRAJ20,TRAC,True,True,CATDANDYKLSF,TGTGCTACGGACGCGAACGACTACAAGCTCAGCTTT,152,4,clonotype1231,clonotype1231_consensus_2
CACCACTAGACACGAC-1,True,CACCACTAGACACGAC-1_contig_1,True,521,TRB,TRBV20-1,None,TRBJ2-1,TRBC2,True,True,CSARVGSEVNEQFF,TGCAGTGCTAGAGTGGGGTCGGAAGTCAATGAGCAGTTCTTC,854,7,clonotype2,clonotype2_consensus_1
CACCACTAGGTGTGGT-1,True,CACCACTAGGTGTGGT-1_contig_1,True,492,TRB,TRBV20-1,None,TRBJ1-5,TRBC1,True,True,CSASRPNQPQHF,TGCAGTGCCAGTAGACCCAATCAGCCCCAGCATTTT,4570,14,clonotype111,clonotype111_consensus_1
CACCACTCAAACGCGA-1,True,CACCACTCAAACGCGA-1_contig_1,True,498,TRB,TRBV20-1,None,TRBJ2-1,TRBC2,True,True,CSARVGSEVNEQFF,TGCAGTGCTAGAGTGGGGTCGGAAGTCAATGAGCAGTTCTTC,2452,7,clonotype2,clonotype2_consensus_1
CACCACTCAAACGCGA-1,True,CACCACTCAAACGCGA-1_contig_2,True,500,TRA,TRAV10,None,TRAJ24,TRAC,True,False,None,None,1367,4,clonotype2,None
CACCACTCAAGTCTGT-1,True,CACCACTCAAGTCTGT-1_contig_1,True,637,TRA,TRAV12-1,None,TRAJ3,TRAC,True,True,CVVNMGYSSASKIIF,TGTGTGGTGAACATGGGGTACAGCAGTGCTTCCAAGATAATCTTT,158,3,clonotype250,clonotype250_consensus_2
CACCACTCAAGTCTGT-1,True,CACCACTCAAGTCTGT-1_contig_2,True,521,TRB,TRBV20-1,None,TRBJ2-3,TRBC2,True,True,CSATLAGPTDTQYF,TGCAGTGCTACACTAGCGGGGCCCACAGATACGCAGTATTTT,1357,9,clonotype250,clonotype250_consensus_1
CACCACTCAAGTCTGT-1,True,CACCACTCAAGTCTGT-1_contig_3,True,663,TRA,TRAV8-2,None,TRAJ18,TRAC,True,False,None,None,7593,3,clonotype250,None
CACCACTCAATCTGCA-1,True,CACCACTCAATCTGCA-1_contig_1,True,557,TRA,TRAV12-1,None,TRAJ9,TRAC,True,True,CVVTRNTGGFKTIF,TGTGTGGTGACACGAAATACTGGAGGCTTCAAAACTATCTTT,1028,5,clonotype5,clonotype5_consensus_2
CACCACTCAATCTGCA-1,True,CACCACTCAATCTGCA-1_contig_2,True,507,TRB,TRBV20-1,None,TRBJ1-5,TRBC1,True,True,CSARDDNRAKSFNQPQHF,TGCAGTGCTAGAGACGACAACCGGGCCAAATCCTTCAATCAGCCCCAGCATTTT,1139,5,clonotype5,clonotype5_consensus_1
CACCACTCACATCCGG-1,True,CACCACTCACATCCGG-1_contig_1,True,502,TRA,TRAV1-2,None,TRAJ30,TRAC,True,True,CAVRDLREIIF,TGTGCTGTGAGAGATCTTCGGGAGATCATCTTT,426,5,clonotype3,clonotype3_consensus_2
CACCACTCACATCCGG-1,True,CACCACTCACATCCGG-1_contig_2,True,730,TRB,TRBV5-5,None,TRBJ1-4,TRBC1,True,True,CASSHPGPNYATNEKLFF,TGTGCCAGCAGCCATCCCGGACCGAACTACGCAACTAATGAAAAACTGTTTTTT,1303,5,clonotype3,clonotype3_consensus_1
CACCACTCACATCCGG-1,True,CACCACTCACATCCGG-1_contig_3,True,510,TRB,TRBV7-3,None,TRBJ2-1,TRBC2,True,False,CQQRSLKAGGPYNEQFF,TGCCAGCAGCGGTCACTTAAAGCGGGGGGACCCTACAATGAGCAGTTCTTC,1568,3,clonotype3,None
CACCACTCACTCAGGC-1,True,CACCACTCACTCAGGC-1_contig_1,True,574,TRA,TRAV26-1,None,TRAJ23,TRAC,True,True,CIVYNYNQGGKLIF,TGCATCGTCTACAATTATAACCAGGGAGGAAAGCTTATCTTC,100,2,clonotype1232,clonotype1232_consensus_2
CACCACTCACTCAGGC-1,True,CACCACTCACTCAGGC-1_contig_2,True,518,TRB,TRBV20-1,None,TRBJ1-5,TRBC1,True,True,CSASMGSNQPQHF,TGCAGTGCTAGTATGGGGAGCAATCAGCCCCAGCATTTT,2422,9,clonotype1232,clonotype1232_consensus_1
CACCACTCAGCCTATA-1,True,CACCACTCAGCCTATA-1_contig_1,True,505,TRA,TRAV1-2,None,TRAJ33,TRAC,True,True,CAATDSNYQLIW,TGTGCTGCGACTGATAGCAACTATCAGTTAATCTGG,610,5,clonotype1,clonotype1_consensus_2
CACCACTCAGCCTATA-1,True,CACCACTCAGCCTATA-1_contig_2,True,521,TRB,TRBV20-1,None,TRBJ2-1,TRBC2,True,True,CSARVGSEVNEQFF,TGCAGTGCTAGAGTGGGGTCGGAAGTCAATGAGCAGTTCTTC,1350,9,clonotype1,clonotype1_consensus_1
CACCACTCATTCACTT-1,True,CACCACTCATTCACTT-1_contig_1,True,534,TRA,TRAV12-1,None,TRAJ48,TRAC,True,True,CVVNSHFGNEKLTF,TGTGTGGTGAACTCCCACTTTGGAAATGAGAAATTAACCTTT,910,6,clonotype251,clonotype251_consensus_2
CACCACTCATTCACTT-1,True,CACCACTCATTCACTT-1_contig_2,True,523,TRB,TRBV5-6,None,TRBJ1-2,TRBC1,True,True,CASSSRTGSVMDGYTF,TGTGCCAGCAGCTCGCGGACAGGGTCGGTCATGGATGGCTACACCTTC,1039,8,clonotype251,clonotype251_consensus_1
CACCACTGTCACCCAG-1,True,CACCACTGTCACCCAG-1_contig_1,True,518,TRB,TRBV20-1,None,TRBJ1-3,TRBC1,True,True,CSARGPAGNTIYF,TGCAGTGCTAGAGGCCCGGCTGGAAACACCATATATTTT,4498,12,clonotype1233,clonotype1233_consensus_1
CACCACTGTCACCCAG-1,True,CACCACTGTCACCCAG-1_contig_2,True,486,TRA,TRAV35,None,TRAJ40,TRAC,True,True,CAGPPVTSGTYKYIF,TGTGCTGGCCCTCCGGTTACCTCAGGAACCTACAAATACATCTTT,159,2,clonotype1233,clonotype1233_consensus_2
CACCACTGTCTCTTAT-1,True,CACCACTGTCTCTTAT-1_contig_1,True,518,TRB,TRBV20-1,None,TRBJ1-2,TRBC1,True,True,CSARDPLTDGYTF,TGCAGTGCTAGAGATCCTCTAACAGATGGCTACACCTTC,1713,8,clonotype80,clonotype80_consensus_2
CACCACTGTCTCTTAT-1,True,CACCACTGTCTCTTAT-1_contig_2,True,505,TRA,TRAV23/DV6,None,TRAJ58,TRAC,True,True,CAAGPRGSRLTF,TGTGCAGCGGGGCCGAGGGGCTCTAGGTTGACCTTT,68,2,clonotype80,clonotype80_consensus_1
CACCACTGTGAGTGAC-1,True,CACCACTGTGAGTGAC-1_contig_1,True,493,TRB,TRBV5-6,None,TRBJ1-3,TRBC1,True,True,CASSSRYFSGNTIYF,TGTGCCAGCAGCTCCCGTTATTTCTCTGGAAACACCATATATTTT,665,4,clonotype1234,clonotype1234_consensus_1
CACCACTGTGTAATGA-1,True,CACCACTGTGTAATGA-1_contig_1,True,502,TRA,TRAV1-2,None,TRAJ33,TRAC,True,True,CAATDSNYQLIW,TGTGCTGCGACTGATAGCAACTATCAGTTAATCTGG,193,7,clonotype1,clonotype1_consensus_2
CACCACTGTGTAATGA-1,True,CACCACTGTGTAATGA-1_contig_2,True,521,TRB,TRBV20-1,None,TRBJ2-1,TRBC2,True,True,CSARVGSEVNEQFF,TGCAGTGCTAGAGTGGGGTCGGAAGTCAATGAGCAGTTCTTC,5784,4,clonotype1,clonotype1_consensus_1
CACCACTGTTGGTGGA-1,True,CACCACTGTTGGTGGA-1_contig_1,True,629,TRA,TRAV12-1,None,TRAJ5,TRAC,True,True,CVVDTGRRALTF,TGTGTGGTGGACACGGGCAGGAGAGCACTTACTTTT,1971,9,clonotype60,clonotype60_consensus_2
CACCACTGTTGGTGGA-1,True,CACCACTGTTGGTGGA-1_contig_2,True,521,TRB,TRBV20-1,None,TRBJ1-1,TRBC1,True,True,CSAEFGTGAEGAFF,TGCAGTGCTGAGTTCGGGACAGGGGCCGAAGGAGCTTTCTTT,2176,6,clonotype60,clonotype60_consensus_1
CACCACTGTTGGTGGA-1,True,CACCACTGTTGGTGGA-1_contig_3,True,302,TRB,None,None,TRBJ2-7,TRBC2,False,False,None,None,1034,10,clonotype60,None
CACCACTTCAGTCAGT-1,True,CACCACTTCAGTCAGT-1_contig_1,True,493,TRB,TRBV5-6,None,TRBJ1-5,TRBC1,True,True,CASSFRGGANQPQHF,TGTGCCAGCAGCTTTCGAGGGGGCGCGAATCAGCCCCAGCATTTT,2522,14,clonotype36,clonotype36_consensus_1
CACCACTTCCCTAATT-1,True,CACCACTTCCCTAATT-1_contig_1,True,501,TRB,TRBV20-1,None,TRBJ1-3,TRBC1,True,True,CSARDPRGTGNTIYF,TGCAGTGCTAGAGATCCAAGGGGAACTGGAAACACCATATATTTT,361,2,clonotype1235,clonotype1235_consensus_2
CACCACTTCCCTAATT-1,True,CACCACTTCCCTAATT-1_contig_2,True,680,TRA,TRAV8-3,None,TRAJ54,TRAC,True,True,CAVGALQGAQKLVF,TGTGCTGTGGGTGCCCTTCAGGGAGCCCAGAAGCTGGTATTT,1258,4,clonotype1235,clonotype1235_consensus_1
CACCACTTCCCTAATT-1,True,CACCACTTCCCTAATT-1_contig_3,True,510,TRB,TRBV6-5,None,TRBJ2-7,TRBC2,True,False,CEQYF,TGCGAGCAGTACTTC,577,3,clonotype1235,None
CACCACTTCTTCTGGC-1,True,CACCACTTCTTCTGGC-1_contig_1,True,524,TRB,TRBV5-5,None,TRBJ1-1,TRBC1,True,True,CASSLVGRDTEAFF,TGTGCCAGCAGCCTTGTGGGGAGGGACACTGAAGCTTTCTTT,1498,7,clonotype127,clonotype127_consensus_1
CACCAGGAGGACAGCT-1,True,CACCAGGAGGACAGCT-1_contig_1,True,524,TRB,TRBV20-1,None,TRBJ1-4,TRBC1,True,True,CSALDRDRAYEKLFF,TGCAGTGCTCTCGACCGGGACAGGGCGTATGAAAAACTGTTTTTT,1798,5,clonotype1236,clonotype1236_consensus_2
CACCAGGAGGACAGCT-1,True,CACCAGGAGGACAGCT-1_contig_2,True,503,TRA,TRAV13-2,None,TRAJ33,TRAC,True,True,CAERLNYQLIW,TGTGCAGAGAGGTTAAACTATCAGTTAATCTGG,528,2,clonotype1236,clonotype1236_consensus_1
CACCAGGAGTAGGCCA-1,True,CACCAGGAGTAGGCCA-1_contig_1,True,490,TRA,TRAV29/DV5,None,TRAJ13,TRAC,True,True,CAAISGGYQKVTF,TGTGCGGCTATTTCTGGGGGTTACCAGAAAGTTACCTTT,413,1,clonotype1237,clonotype1237_consensus_1
CACCAGGAGTAGGCCA-1,True,CACCAGGAGTAGGCCA-1_contig_2,True,659,TRB,TRBV5-6,None,TRBJ2-7,TRBC2,True,True,CASSLANRGIDEQYF,TGTGCCAGCAGCTTGGCTAACAGGGGGATCGACGAGCAGTACTTC,499,3,clonotype1237,clonotype1237_consensus_2
CACCAGGAGTAGGCCA-1,True,CACCAGGAGTAGGCCA-1_contig_3,True,366,TRA,None,None,TRAJ12,TRAC,False,False,None,None,294,2,clonotype1237,None
CACCAGGCAAATCCGT-1,True,CACCAGGCAAATCCGT-1_contig_1,True,524,TRB,TRBV20-1,None,TRBJ2-7,TRBC2,True,True,CSARDLSGEATYEQYF,TGCAGTGCTAGAGATCTCTCGGGGGAGGCAACTTACGAGCAGTACTTC,1954,7,clonotype1238,clonotype1238_consensus_3
CACCAGGCAAATCCGT-1,True,CACCAGGCAAATCCGT-1_contig_2,True,481,TRA,TRAV1-1,None,TRAJ35,TRAC,True,True,CAPLRNVLHC,TGCGCTCCCCTCAGGAATGTGCTGCATTGC,1319,3,clonotype1238,clonotype1238_consensus_2
CACCAGGCAAATCCGT-1,True,CACCAGGCAAATCCGT-1_contig_3,True,490,TRA,TRAV1-1,None,TRAJ32,TRAC,True,True,CAVRGGATNKLIF,TGCGCTGTGAGAGGAGGTGCTACAAACAAGCTCATCTTT,718,3,clonotype1238,clonotype1238_consensus_1
CACCAGGCAAGTCTAC-1,True,CACCAGGCAAGTCTAC-1_contig_1,True,530,TRB,TRBV20-1,None,TRBJ2-1,TRBC2,True,True,CSAQKLGLESSYNEQFF,TGCAGTGCTCAAAAGTTGGGACTCGAGAGCTCCTACAATGAGCAGTTCTTC,1672,8,clonotype1239,clonotype1239_consensus_1
CACCAGGCAAGTCTAC-1,True,CACCAGGCAAGTCTAC-1_contig_2,True,612,TRA,TRAV3,None,TRAJ4,TRAC,True,True,CAVSRGYNKLIF,TGTGCTGTGTCACGTGGCTACAATAAGCTGATTTTT,11989,7,clonotype1239,clonotype1239_consensus_2
CACCAGGCAATGACCT-1,True,CACCAGGCAATGACCT-1_contig_1,True,505,TRA,TRAV1-2,None,TRAJ33,TRAC,True,True,CAATDSNYQLIW,TGTGCTGCGACTGATAGCAACTATCAGTTAATCTGG,899,2,clonotype1,clonotype1_consensus_2
CACCAGGCAATGACCT-1,True,CACCAGGCAATGACCT-1_contig_2,True,521,TRB,TRBV20-1,None,TRBJ2-1,TRBC2,True,True,CSARVGSEVNEQFF,TGCAGTGCTAGAGTGGGGTCGGAAGTCAATGAGCAGTTCTTC,1371,8,clonotype1,clonotype1_consensus_1
CACCAGGCAATGACCT-1,True,CACCAGGCAATGACCT-1_contig_3,True,457,TRA,TRAV10,None,TRAJ24,TRAC,True,False,None,None,365,1,clonotype1,None
CACCAGGCACGACGAA-1,True,CACCAGGCACGACGAA-1_contig_1,True,501,TRB,TRBV20-1,None,TRBJ2-2,TRBC2,True,True,CSARDGRRDTGELFF,TGCAGTGCTAGAGATGGGCGGAGGGACACCGGGGAGCTGTTTTTT,2539,8,clonotype1240,clonotype1240_consensus_2
CACCAGGCACGACGAA-1,True,CACCAGGCACGACGAA-1_contig_2,True,612,TRA,TRAV3,None,TRAJ9,TRAC,True,True,CAVNTGGFKTIF,TGTGCTGTTAATACTGGAGGCTTCAAAACTATCTTT,611,8,clonotype1240,clonotype1240_consensus_1
CACCAGGCATTAGGCT-1,True,CACCAGGCATTAGGCT-1_contig_1,True,527,TRB,TRBV20-1,None,TRBJ1-6,TRBC1,True,True,CSARDAVSGENSPLHF,TGCAGTGCTAGAGATGCCGTATCGGGAGAAAATTCACCCCTCCACTTT,2262,8,clonotype1241,clonotype1241_consensus_2
CACCAGGCATTAGGCT-1,True,CACCAGGCATTAGGCT-1_contig_2,True,492,TRA,TRAV12-1,None,TRAJ31,TRAC,True,True,CVVNPDNNARLMF,TGTGTGGTGAACCCTGATAACAATGCCAGACTCATGTTT,1685,5,clonotype1241,clonotype1241_consensus_1
CACCAGGGTAAACCTC-1,True,CACCAGGGTAAACCTC-1_contig_1,True,505,TRA,TRAV1-2,None,TRAJ33,TRAC,True,True,CAATDSNYQLIW,TGTGCTGCGACTGATAGCAACTATCAGTTAATCTGG,1270,4,clonotype1,clonotype1_consensus_2
CACCAGGGTAAACCTC-1,True,CACCAGGGTAAACCTC-1_contig_2,True,473,TRB,TRBV20-1,None,TRBJ2-1,TRBC2,True,True,CSARVGSEVNEQFF,TGCAGTGCTAGAGTGGGGTCGGAAGTCAATGAGCAGTTCTTC,1863,3,clonotype1,clonotype1_consensus_1
CACCAGGGTAAACCTC-1,True,CACCAGGGTAAACCTC-1_contig_3,True,467,TRA,TRAV10,None,TRAJ24,TRAC,True,False,None,None,3566,3,clonotype1,None
CACCAGGGTCAGATAA-1,True,CACCAGGGTCAGATAA-1_contig_1,True,505,TRA,TRAV1-2,None,TRAJ33,TRAC,True,True,CAATDSNYQLIW,TGTGCTGCGACTGATAGCAACTATCAGTTAATCTGG,179,2,clonotype1,clonotype1_consensus_2
CACCAGGGTCAGATAA-1,True,CACCAGGGTCAGATAA-1_contig_2,True,498,TRB,TRBV20-1,None,TRBJ2-1,TRBC2,True,True,CSARVGSEVNEQFF,TGCAGTGCTAGAGTGGGGTCGGAAGTCAATGAGCAGTTCTTC,1718,10,clonotype1,clonotype1_consensus_1
CACCAGGGTCAGATAA-1,True,CACCAGGGTCAGATAA-1_contig_3,True,465,TRA,TRAV10,None,TRAJ24,TRAC,True,False,None,None,290,2,clonotype1,None
CACCAGGTCATGCAAC-1,True,CACCAGGTCATGCAAC-1_contig_1,True,505,TRA,TRAV1-2,None,TRAJ33,TRAC,True,True,CAATDSNYQLIW,TGTGCTGCGACTGATAGCAACTATCAGTTAATCTGG,549,5,clonotype1,clonotype1_consensus_2
CACCAGGTCATGCAAC-1,True,CACCAGGTCATGCAAC-1_contig_2,True,495,TRB,TRBV20-1,None,TRBJ2-1,TRBC2,True,True,CSARVGSEVNEQFF,TGCAGTGCTAGAGTGGGGTCGGAAGTCAATGAGCAGTTCTTC,1695,3,clonotype1,clonotype1_consensus_1
CACCAGGTCCAAACTG-1,True,CACCAGGTCCAAACTG-1_contig_1,True,505,TRA,TRAV1-2,None,TRAJ33,TRAC,True,True,CAATDSNYQLIW,TGTGCTGCGACTGATAGCAACTATCAGTTAATCTGG,1287,4,clonotype1,clonotype1_consensus_2
CACCAGGTCCAAACTG-1,True,CACCAGGTCCAAACTG-1_contig_2,True,492,TRB,TRBV20-1,None,TRBJ2-1,TRBC2,True,True,CSARVGSEVNEQFF,TGCAGTGCTAGAGTGGGGTCGGAAGTCAATGAGCAGTTCTTC,136,2,clonotype1,clonotype1_consensus_1
CACCAGGTCCAACCAA-1,True,CACCAGGTCCAACCAA-1_contig_1,True,553,TRA,TRAV12-2,None,TRAJ48,TRAC,True,True,CAVNLISNFGNEKLTF,TGTGCCGTGAACTTAATATCTAACTTTGGAAATGAGAAATTAACCTTT,877,5,clonotype79,clonotype79_consensus_3
CACCAGGTCCAACCAA-1,True,CACCAGGTCCAACCAA-1_contig_2,True,511,TRA,TRAV23/DV6,None,TRAJ42,TRAC,True,True,CAANRGGSQGNLIF,TGTGCAGCAAATAGAGGAGGAAGCCAAGGAAATCTCATCTTT,1559,9,clonotype79,clonotype79_consensus_2
CACCAGGTCCAACCAA-1,True,CACCAGGTCCAACCAA-1_contig_3,True,497,TRB,TRBV20-1,None,TRBJ2-1,TRBC2,True,True,CSAEGRGRFYEQFF,TGCAGTGCCGAAGGCAGGGGGCGCTTCTATGAGCAGTTCTTC,1681,17,clonotype79,clonotype79_consensus_1
CACCAGGTCCGCATCT-1,True,CACCAGGTCCGCATCT-1_contig_1,True,529,TRA,TRAV19,None,TRAJ34,TRAC,True,True,CALSGGYNTDKLIF,TGTGCTCTGAGTGGAGGGTATAACACCGACAAGCTCATCTTT,7246,2,clonotype1242,clonotype1242_consensus_1
CACCAGGTCCGCATCT-1,True,CACCAGGTCCGCATCT-1_contig_2,True,490,TRB,TRBV5-6,None,TRBJ2-7,TRBC2,True,True,CASSLYGDSYEQYF,TGTGCCAGCAGCTTGTATGGGGACAGCTACGAGCAGTACTTC,8950,2,clonotype1242,clonotype1242_consensus_2
CACCAGGTCCGCATCT-1,True,CACCAGGTCCGCATCT-1_contig_3,True,312,TRB,None,None,TRBJ1-4,TRBC1,False,False,None,None,1785,4,clonotype1242,None
CACCAGGTCCGCATCT-1,True,CACCAGGTCCGCATCT-1_contig_4,True,497,TRA,TRAV16,None,TRAJ20,TRAC,True,False,None,None,119,2,clonotype1242,None
CACCAGGTCCTCAATT-1,True,CACCAGGTCCTCAATT-1_contig_1,True,505,TRA,TRAV1-2,None,TRAJ33,TRAC,True,True,CAATDSNYQLIW,TGTGCTGCGACTGATAGCAACTATCAGTTAATCTGG,75,2,clonotype1,clonotype1_consensus_2
CACCAGGTCCTCAATT-1,True,CACCAGGTCCTCAATT-1_contig_2,True,521,TRB,TRBV20-1,None,TRBJ2-1,TRBC2,True,True,CSARVGSEVNEQFF,TGCAGTGCTAGAGTGGGGTCGGAAGTCAATGAGCAGTTCTTC,1451,7,clonotype1,clonotype1_consensus_1
CACCAGGTCCTCAATT-1,True,CACCAGGTCCTCAATT-1_contig_3,True,482,TRA,TRAV10,None,TRAJ24,TRAC,True,False,None,None,303,5,clonotype1,None
CACCAGGTCCTCAATT-1,True,CACCAGGTCCTCAATT-1_contig_4,True,437,TRB,None,None,TRBJ1-6,TRBC1,False,False,None,None,147,2,clonotype1,None
CACCAGGTCTCTGTCG-1,True,CACCAGGTCTCTGTCG-1_contig_1,True,478,TRB,TRBV20-1,None,TRBJ1-6,TRBC1,True,True,CSAIYTGDSPLHF,TGCAGTGCTATTTATACAGGGGATTCACCCCTCCACTTT,2773,7,clonotype1243,clonotype1243_consensus_1
CACCTTGAGACAATAC-1,True,CACCTTGAGACAATAC-1_contig_1,True,505,TRA,TRAV1-2,None,TRAJ33,TRAC,True,True,CAATDSNYQLIW,TGTGCTGCGACTGATAGCAACTATCAGTTAATCTGG,721,1,clonotype1,clonotype1_consensus_2
CACCTTGAGACAATAC-1,True,CACCTTGAGACAATAC-1_contig_2,True,521,TRB,TRBV20-1,None,TRBJ2-1,TRBC2,True,True,CSARVGSEVNEQFF,TGCAGTGCTAGAGTGGGGTCGGAAGTCAATGAGCAGTTCTTC,750,11,clonotype1,clonotype1_consensus_1
CACCTTGAGACAATAC-1,True,CACCTTGAGACAATAC-1_contig_3,True,455,TRA,TRAV10,None,TRAJ24,TRAC,True,False,None,None,309,4,clonotype1,None
CACCTTGAGCACGCCT-1,True,CACCTTGAGCACGCCT-1_contig_1,True,522,TRB,TRBV20-1,None,TRBJ1-6,TRBC1,True,True,CSAFWTGADNSPLHF,TGCAGTGCTTTTTGGACAGGGGCTGACAATTCACCCCTCCACTTT,1337,4,clonotype1244,clonotype1244_consensus_1
CACCTTGAGTCCAGGA-1,True,CACCTTGAGTCCAGGA-1_contig_1,True,503,TRA,TRAV1-2,None,TRAJ33,TRAC,True,True,CAATDSNYQLIW,TGTGCTGCGACTGATAGCAACTATCAGTTAATCTGG,700,3,clonotype1,clonotype1_consensus_2
CACCTTGAGTCCAGGA-1,True,CACCTTGAGTCCAGGA-1_contig_2,True,521,TRB,TRBV20-1,None,TRBJ2-1,TRBC2,True,True,CSARVGSEVNEQFF,TGCAGTGCTAGAGTGGGGTCGGAAGTCAATGAGCAGTTCTTC,1091,8,clonotype1,clonotype1_consensus_1
CACCTTGAGTCCAGGA-1,True,CACCTTGAGTCCAGGA-1_contig_3,True,457,TRA,TRAV10,None,TRAJ24,TRAC,True,False,None,None,145,5,clonotype1,None
CACCTTGCAACTGCTA-1,True,CACCTTGCAACTGCTA-1_contig_1,True,481,TRA,TRAV10,None,TRAJ23,TRAC,True,True,CVVSTYNQGGKLIF,TGTGTGGTGAGCACTTATAACCAGGGAGGAAAGCTTATCTTC,734,7,clonotype1245,clonotype1245_consensus_1
CACCTTGCAACTGCTA-1,True,CACCTTGCAACTGCTA-1_contig_2,True,524,TRB,TRBV20-1,None,TRBJ1-5,TRBC1,True,True,CSARVGGAGNQPQHF,TGCAGTGCTAGGGTAGGGGGGGCAGGAAATCAGCCCCAGCATTTT,940,7,clonotype1245,clonotype1245_consensus_2
CACCTTGCAACTGCTA-1,True,CACCTTGCAACTGCTA-1_contig_3,True,306,TRB,None,None,TRBJ1-1,TRBC1,False,False,None,None,1312,9,clonotype1245,None
CACCTTGCACAGACTT-1,True,CACCTTGCACAGACTT-1_contig_1,True,508,TRA,TRAV20,None,TRAJ24,TRAC,True,True,CAVMTTDSWGKFQF,TGTGCTGTTATGACAACTGACAGCTGGGGGAAATTCCAGTTT,1460,8,clonotype7,clonotype7_consensus_2
CACCTTGCACAGACTT-1,True,CACCTTGCACAGACTT-1_contig_2,True,517,TRB,TRBV5-5,None,TRBJ2-7,TRBC2,True,True,CASSSLVEQGAYEQYF,TGTGCCAGCAGCTCGCTCGTAGAGCAGGGGGCCTACGAGCAGTACTTC,328,8,clonotype7,clonotype7_consensus_1
CACCTTGCATGGTCAT-1,True,CACCTTGCATGGTCAT-1_contig_1,True,505,TRA,TRAV1-2,None,TRAJ33,TRAC,True,True,CAATDSNYQLIW,TGTGCTGCGACTGATAGCAACTATCAGTTAATCTGG,143,4,clonotype8,clonotype8_consensus_1
CACCTTGGTAAGTGGC-1,True,CACCTTGGTAAGTGGC-1_contig_1,True,498,TRB,TRBV20-1,None,TRBJ2-1,TRBC2,True,True,CSARVGSEVNEQFF,TGCAGTGCTAGAGTGGGGTCGGAAGTCAATGAGCAGTTCTTC,3467,10,clonotype2,clonotype2_consensus_1
CACCTTGGTCAACTGT-1,True,CACCTTGGTCAACTGT-1_contig_1,True,514,TRA,TRAV23/DV6,None,TRAJ48,TRAC,True,True,CAASISNFGNEKLTF,TGTGCAGCCTCAATATCTAACTTTGGAAATGAGAAATTAACCTTT,579,4,clonotype1246,clonotype1246_consensus_2
CACCTTGGTCAACTGT-1,True,CACCTTGGTCAACTGT-1_contig_2,True,493,TRB,TRBV5-6,None,TRBJ2-3,TRBC2,True,True,CASSLAIQDTDTQYF,TGTGCCAGCAGCTTGGCCATCCAGGACACAGATACGCAGTATTTT,691,5,clonotype1246,clonotype1246_consensus_1
CACCTTGGTCCAAGTT-1,True,CACCTTGGTCCAAGTT-1_contig_1,True,485,TRB,TRBV20-1,None,TRBJ2-1,TRBC2,True,True,CSARVGSEVNEQFF,TGCAGTGCTAGAGTGGGGTCGGAAGTCAATGAGCAGTTCTTC,712,5,clonotype2,clonotype2_consensus_1
CACCTTGGTCCAAGTT-1,True,CACCTTGGTCCAAGTT-1_contig_2,True,482,TRA,TRAV10,None,TRAJ24,TRAC,True,False,None,None,381,4,clonotype2,None
CACCTTGGTCCAGTTA-1,True,CACCTTGGTCCAGTTA-1_contig_1,True,653,TRB,TRBV5-6,None,TRBJ1-1,TRBC1,True,True,CASSQTGGTEAFF,TGTGCCAGCAGCCAGACAGGGGGGACTGAAGCTTTCTTT,1428,8,clonotype1247,clonotype1247_consensus_1
CACCTTGGTCCATCCT-1,True,CACCTTGGTCCATCCT-1_contig_1,True,505,TRA,TRAV1-2,None,TRAJ33,TRAC,True,True,CAATDSNYQLIW,TGTGCTGCGACTGATAGCAACTATCAGTTAATCTGG,104,4,clonotype1,clonotype1_consensus_2
CACCTTGGTCCATCCT-1,True,CACCTTGGTCCATCCT-1_contig_2,True,498,TRB,TRBV20-1,None,TRBJ2-1,TRBC2,True,True,CSARVGSEVNEQFF,TGCAGTGCTAGAGTGGGGTCGGAAGTCAATGAGCAGTTCTTC,2915,9,clonotype1,clonotype1_consensus_1
CACCTTGGTCCATCCT-1,True,CACCTTGGTCCATCCT-1_contig_3,True,469,TRA,TRAV10,None,TRAJ24,TRAC,True,False,None,None,290,4,clonotype1,None
CACCTTGGTCGCGTGT-1,True,CACCTTGGTCGCGTGT-1_contig_1,True,505,TRA,TRAV1-2,None,TRAJ33,TRAC,True,True,CAATDSNYQLIW,TGTGCTGCGACTGATAGCAACTATCAGTTAATCTGG,100,3,clonotype1,clonotype1_consensus_2
CACCTTGGTCGCGTGT-1,True,CACCTTGGTCGCGTGT-1_contig_2,True,492,TRB,TRBV20-1,None,TRBJ2-1,TRBC2,True,True,CSARVGSEVNEQFF,TGCAGTGCTAGAGTGGGGTCGGAAGTCAATGAGCAGTTCTTC,961,6,clonotype1,clonotype1_consensus_1
CACCTTGGTCGCGTGT-1,True,CACCTTGGTCGCGTGT-1_contig_3,True,482,TRA,TRAV10,None,TRAJ24,TRAC,True,False,None,None,237,3,clonotype1,None
CACCTTGGTGAGGCTA-1,True,CACCTTGGTGAGGCTA-1_contig_1,True,468,TRA,TRAV13-1,None,TRAJ8,TRAC,True,True,CAASIDMNTGFQKLVF,TGTGCAGCAAGTATAGACATGAACACAGGCTTTCAGAAACTTGTATTT,945,5,clonotype1248,clonotype1248_consensus_2
CACCTTGGTGAGGCTA-1,True,CACCTTGGTGAGGCTA-1_contig_2,True,659,TRB,TRBV5-6,None,TRBJ1-5,TRBC1,True,True,CASSLSSSNQPQHF,TGTGCCAGCAGCTTGTCCAGTAGCAATCAGCCCCAGCATTTT,1010,9,clonotype1248,clonotype1248_consensus_1
CACCTTGGTTACGCGC-1,True,CACCTTGGTTACGCGC-1_contig_1,True,505,TRA,TRAV1-2,None,TRAJ33,TRAC,True,True,CAATDSNYQLIW,TGTGCTGCGACTGATAGCAACTATCAGTTAATCTGG,128,2,clonotype1,clonotype1_consensus_2
CACCTTGGTTACGCGC-1,True,CACCTTGGTTACGCGC-1_contig_2,True,508,TRB,TRBV20-1,None,TRBJ2-1,TRBC2,True,True,CSARVGSEVNEQFF,TGCAGTGCTAGAGTGGGGTCGGAAGTCAATGAGCAGTTCTTC,1690,7,clonotype1,clonotype1_consensus_1
CACCTTGGTTACGCGC-1,True,CACCTTGGTTACGCGC-1_contig_3,True,482,TRA,TRAV10,None,TRAJ24,TRAC,True,False,None,None,531,4,clonotype1,None
CACCTTGTCCGCATAA-1,True,CACCTTGTCCGCATAA-1_contig_1,True,521,TRB,TRBV20-1,None,TRBJ2-1,TRBC2,True,True,CSARVGSEVNEQFF,TGCAGTGCTAGAGTGGGGTCGGAAGTCAATGAGCAGTTCTTC,1253,6,clonotype2,clonotype2_consensus_1
CACCTTGTCGCCGTGA-1,True,CACCTTGTCGCCGTGA-1_contig_1,True,518,TRB,TRBV20-1,None,TRBJ1-6,TRBC1,True,True,CSAGPDSNSPLHF,TGCAGTGCGGGCCCGGACTCCAATTCACCCCTCCACTTT,1241,8,clonotype1249,clonotype1249_consensus_1
CACCTTGTCGCCGTGA-1,True,CACCTTGTCGCCGTGA-1_contig_2,True,531,TRA,TRAV12-2,None,TRAJ17,TRAC,True,True,CAVIKGAAGNKLTF,TGTGCCGTGATCAAGGGAGCTGCAGGCAACAAGCTAACTTTT,502,2,clonotype1249,clonotype1249_consensus_2
CACCTTGTCGCCGTGA-1,True,CACCTTGTCGCCGTGA-1_contig_3,True,454,TRA,TRAV13-1,None,TRAJ16,TRAC,True,False,None,None,518,3,clonotype1249,None
CACCTTGTCTTTAGTC-1,True,CACCTTGTCTTTAGTC-1_contig_1,True,481,TRA,TRAV10,None,TRAJ33,TRAC,True,True,CVVSSMDSNYQLIW,TGTGTGGTGAGCTCCATGGATAGCAACTATCAGTTAATCTGG,1011,6,clonotype1250,clonotype1250_consensus_3
CACCTTGTCTTTAGTC-1,True,CACCTTGTCTTTAGTC-1_contig_2,True,530,TRB,TRBV20-1,None,TRBJ2-7,TRBC2,True,True,CSARDLPGLAESYEQYF,TGCAGTGCTAGAGATCTTCCGGGACTAGCGGAATCCTACGAGCAGTACTTC,7890,11,clonotype1250,clonotype1250_consensus_2
CACCTTGTCTTTAGTC-1,True,CACCTTGTCTTTAGTC-1_contig_3,True,533,TRB,TRBV20-1,None,TRBJ2-5,TRBC2,True,True,CSARDPGLYSAVQETQYF,TGCAGTGCTAGAGACCCGGGACTCTATTCGGCGGTTCAAGAGACCCAGTACTTC,1724,16,clonotype1250,clonotype1250_consensus_1
CACCTTGTCTTTAGTC-1,True,CACCTTGTCTTTAGTC-1_contig_4,True,379,TRA,TRAV3,None,None,TRAC,False,False,None,None,236,1,clonotype1250,None
CACCTTGTCTTTAGTC-1,True,CACCTTGTCTTTAGTC-1_contig_5,True,543,TRA,TRAV16,None,TRAJ20,TRAC,True,False,None,None,1567,6,clonotype1250,None
CACCTTGTCTTTAGTC-1,True,CACCTTGTCTTTAGTC-1_contig_6,True,460,TRA,TRAV4,None,TRAJ10,TRAC,True,False,CTTASGGLTGGGNKLTF,TGTACTACTGCCTCGGGGGGGCTCACGGGAGGAGGAAACAAACTCACCTTT,560,1,clonotype1250,None
CACCTTGTCTTTAGTC-1,True,CACCTTGTCTTTAGTC-1_contig_7,True,592,TRA,None,None,TRAJ32,TRAC,False,False,None,None,2708,8,clonotype1250,None
CACTCCAAGCAGATCG-1,True,CACTCCAAGCAGATCG-1_contig_1,True,521,TRB,TRBV20-1,None,TRBJ2-1,TRBC2,True,True,CSARVGSEVNEQFF,TGCAGTGCTAGAGTGGGGTCGGAAGTCAATGAGCAGTTCTTC,2341,7,clonotype2,clonotype2_consensus_1
CACTCCAAGCAGATCG-1,True,CACTCCAAGCAGATCG-1_contig_2,True,462,TRA,TRAV10,None,TRAJ24,TRAC,True,False,None,None,173,2,clonotype2,None
CACTCCAAGCTTCGCG-1,True,CACTCCAAGCTTCGCG-1_contig_1,True,505,TRA,TRAV1-2,None,TRAJ33,TRAC,True,True,CAATDSNYQLIW,TGTGCTGCGACTGATAGCAACTATCAGTTAATCTGG,176,1,clonotype1,clonotype1_consensus_2
CACTCCAAGCTTCGCG-1,True,CACTCCAAGCTTCGCG-1_contig_2,True,521,TRB,TRBV20-1,None,TRBJ2-1,TRBC2,True,True,CSARVGSEVNEQFF,TGCAGTGCTAGAGTGGGGTCGGAAGTCAATGAGCAGTTCTTC,462,7,clonotype1,clonotype1_consensus_1
CACTCCAAGCTTCGCG-1,True,CACTCCAAGCTTCGCG-1_contig_3,True,467,TRA,TRAV10,None,TRAJ24,TRAC,True,False,None,None,178,1,clonotype1,None
CACTCCAAGGACAGCT-1,True,CACTCCAAGGACAGCT-1_contig_1,True,505,TRA,TRAV1-2,None,TRAJ33,TRAC,True,True,CAATDSNYQLIW,TGTGCTGCGACTGATAGCAACTATCAGTTAATCTGG,7092,4,clonotype1,clonotype1_consensus_2
CACTCCAAGGACAGCT-1,True,CACTCCAAGGACAGCT-1_contig_2,True,521,TRB,TRBV20-1,None,TRBJ2-1,TRBC2,True,True,CSARVGSEVNEQFF,TGCAGTGCTAGAGTGGGGTCGGAAGTCAATGAGCAGTTCTTC,1220,7,clonotype1,clonotype1_consensus_1
CACTCCAAGTTATCGC-1,True,CACTCCAAGTTATCGC-1_contig_1,True,518,TRB,TRBV20-1,None,TRBJ2-2,TRBC2,True,True,CSARDFLDTGELFF,TGCAGTGCTAGAGATTTTCTCGACACCGGGGAGCTGTTTTTT,1899,9,clonotype1251,clonotype1251_consensus_1
CACTCCAAGTTATCGC-1,True,CACTCCAAGTTATCGC-1_contig_2,True,577,TRA,TRAV8-1,None,TRAJ23,TRAC,True,True,CAVKRRGNQGGKLIF,TGTGCCGTGAAGAGGAGGGGAAACCAGGGAGGAAAGCTTATCTTC,5322,1,clonotype1251,clonotype1251_consensus_2
CACTCCACAAACAACA-1,True,CACTCCACAAACAACA-1_contig_1,True,557,TRA,TRAV12-1,None,TRAJ42,TRAC,True,True,CVVPRGGSQGNLIF,TGTGTGGTGCCTCGGGGGGGAAGCCAAGGAAATCTCATCTTT,568,8,clonotype1252,clonotype1252_consensus_2
CACTCCACAAACAACA-1,True,CACTCCACAAACAACA-1_contig_2,True,504,TRB,TRBV20-1,None,TRBJ1-1,TRBC1,True,True,CSATKGSLNRGTEAFF,TGCAGTGCTACCAAGGGGTCCCTAAACAGGGGGACTGAAGCTTTCTTT,4377,17,clonotype1252,clonotype1252_consensus_3
CACTCCACAAACAACA-1,True,CACTCCACAAACAACA-1_contig_3,True,615,TRA,TRAV3,None,TRAJ39,TRAC,True,True,CAVRGWAGNMLTF,TGTGCTGTGAGAGGTTGGGCAGGCAACATGCTCACCTTT,250,6,clonotype1252,clonotype1252_consensus_1
CACTCCACACAGTCGC-1,True,CACTCCACACAGTCGC-1_contig_1,True,513,TRB,TRBV5-5,None,TRBJ2-1,TRBC2,True,True,CASSSTPGQGRNEQFF,TGTGCCAGCAGCTCAACCCCGGGACAGGGTCGCAATGAGCAGTTCTTC,422,6,clonotype1253,clonotype1253_consensus_1
CACTCCACACAGTCGC-1,True,CACTCCACACAGTCGC-1_contig_2,True,474,TRA,TRAV24,None,TRAJ44,TRAC,True,True,CAPPGTASKLTF,TGTGCCCCTCCCGGCACTGCCAGTAAACTCACCTTT,123,4,clonotype1253,clonotype1253_consensus_2
CACTCCACACGTGAGA-1,True,CACTCCACACGTGAGA-1_contig_1,True,527,TRB,TRBV20-1,None,TRBJ1-1,TRBC1,True,True,CSARDPGQGAFTEAFF,TGCAGTGCTAGAGACCCGGGACAGGGGGCGTTCACTGAAGCTTTCTTT,2499,11,clonotype252,clonotype252_consensus_2
CACTCCACACGTGAGA-1,True,CACTCCACACGTGAGA-1_contig_2,True,498,TRA,TRAV12-3,None,TRAJ43,TRAC,True,True,CAMSGHNNNDMRF,TGTGCAATGAGCGGCCACAATAACAATGACATGCGCTTT,773,7,clonotype252,clonotype252_consensus_1
CACTCCACAGACGCTC-1,True,CACTCCACAGACGCTC-1_contig_1,True,495,TRB,TRBV20-1,None,TRBJ2-7,TRBC2,True,True,CSARGADSREQYF,TGCAGTGCTAGAGGAGCGGACAGTAGGGAGCAGTACTTC,1821,9,clonotype73,clonotype73_consensus_1
CACTCCACAGACGCTC-1,True,CACTCCACAGACGCTC-1_contig_2,True,511,TRA,TRAV29/DV5,None,TRAJ40,TRAC,True,True,CAASSSGTYKYIF,TGTGCAGCTTCGAGTTCAGGAACCTACAAATACATCTTT,347,4,clonotype73,clonotype73_consensus_2
CACTCCAGTAAACGCG-1,True,CACTCCAGTAAACGCG-1_contig_1,True,491,TRA,TRAV20,None,TRAJ6,TRAC,True,True,CAVQASGGSYIPTF,TGTGCTGTGCAGGCATCAGGAGGAAGCTACATACCTACATTT,7319,7,clonotype1254,clonotype1254_consensus_1
CACTCCAGTAAACGCG-1,True,CACTCCAGTAAACGCG-1_contig_2,True,498,TRB,TRBV20-1,None,TRBJ1-1,TRBC1,True,True,CSAQDRGGVIEAFF,TGCAGTGCCCAAGATAGAGGGGGGGTTATTGAAGCTTTCTTT,607,5,clonotype1254,clonotype1254_consensus_2
CACTCCAGTAAACGCG-1,True,CACTCCAGTAAACGCG-1_contig_3,True,439,TRA,TRAV13-1,None,TRAJ7,TRAC,True,False,None,None,1296,6,clonotype1254,None
CACTCCAGTAAACGCG-1,True,CACTCCAGTAAACGCG-1_contig_4,True,317,TRB,None,None,TRBJ1-5,TRBC1,False,False,None,None,1180,4,clonotype1254,None
CACTCCAGTACTTCTT-1,True,CACTCCAGTACTTCTT-1_contig_1,True,502,TRA,TRAV1-2,None,TRAJ30,TRAC,True,True,CAVRDLREIIF,TGTGCTGTGAGAGATCTTCGGGAGATCATCTTT,334,7,clonotype3,clonotype3_consensus_2
CACTCCAGTACTTCTT-1,True,CACTCCAGTACTTCTT-1_contig_2,True,662,TRB,TRBV5-5,None,TRBJ1-4,TRBC1,True,True,CASSHPGPNYATNEKLFF,TGTGCCAGCAGCCATCCCGGACCGAACTACGCAACTAATGAAAAACTGTTTTTT,140,10,clonotype3,clonotype3_consensus_1
CACTCCAGTAGAAGGA-1,True,CACTCCAGTAGAAGGA-1_contig_1,True,498,TRB,TRBV20-1,None,TRBJ2-1,TRBC2,True,True,CSARVGSEVNEQFF,TGCAGTGCTAGAGTGGGGTCGGAAGTCAATGAGCAGTTCTTC,1980,10,clonotype2,clonotype2_consensus_1
CACTCCAGTCGTTGTA-1,True,CACTCCAGTCGTTGTA-1_contig_1,True,505,TRA,TRAV1-2,None,TRAJ33,TRAC,True,True,CAATDSNYQLIW,TGTGCTGCGACTGATAGCAACTATCAGTTAATCTGG,252,2,clonotype1,clonotype1_consensus_2
CACTCCAGTCGTTGTA-1,True,CACTCCAGTCGTTGTA-1_contig_2,True,495,TRB,TRBV20-1,None,TRBJ2-1,TRBC2,True,True,CSARVGSEVNEQFF,TGCAGTGCTAGAGTGGGGTCGGAAGTCAATGAGCAGTTCTTC,716,8,clonotype1,clonotype1_consensus_1
CACTCCAGTCGTTGTA-1,True,CACTCCAGTCGTTGTA-1_contig_3,True,517,TRA,TRAV10,None,TRAJ24,TRAC,True,False,None,None,340,2,clonotype1,None
CACTCCAGTGCACGAA-1,True,CACTCCAGTGCACGAA-1_contig_1,True,505,TRA,TRAV1-2,None,TRAJ33,TRAC,True,True,CAATDSNYQLIW,TGTGCTGCGACTGATAGCAACTATCAGTTAATCTGG,847,11,clonotype1,clonotype1_consensus_2
CACTCCAGTGCACGAA-1,True,CACTCCAGTGCACGAA-1_contig_2,True,521,TRB,TRBV20-1,None,TRBJ2-1,TRBC2,True,True,CSARVGSEVNEQFF,TGCAGTGCTAGAGTGGGGTCGGAAGTCAATGAGCAGTTCTTC,1148,16,clonotype1,clonotype1_consensus_1
CACTCCATCAAGCCTA-1,True,CACTCCATCAAGCCTA-1_contig_1,True,505,TRA,TRAV1-2,None,TRAJ33,TRAC,True,True,CAATDSNYQLIW,TGTGCTGCGACTGATAGCAACTATCAGTTAATCTGG,881,5,clonotype1,clonotype1_consensus_2
CACTCCATCAAGCCTA-1,True,CACTCCATCAAGCCTA-1_contig_2,True,498,TRB,TRBV20-1,None,TRBJ2-1,TRBC2,True,True,CSARVGSEVNEQFF,TGCAGTGCTAGAGTGGGGTCGGAAGTCAATGAGCAGTTCTTC,1368,9,clonotype1,clonotype1_consensus_1
CACTCCATCCAGTATG-1,True,CACTCCATCCAGTATG-1_contig_1,True,498,TRB,TRBV20-1,None,TRBJ2-1,TRBC2,True,True,CSARVGSEVNEQFF,TGCAGTGCTAGAGTGGGGTCGGAAGTCAATGAGCAGTTCTTC,2037,10,clonotype2,clonotype2_consensus_1
CACTCCATCCAGTATG-1,True,CACTCCATCCAGTATG-1_contig_2,True,475,TRA,TRAV10,None,TRAJ24,TRAC,True,False,None,None,381,5,clonotype2,None
CACTCCATCGAACGGA-1,True,CACTCCATCGAACGGA-1_contig_1,True,505,TRA,TRAV1-2,None,TRAJ33,TRAC,True,True,CAATDSNYQLIW,TGTGCTGCGACTGATAGCAACTATCAGTTAATCTGG,937,3,clonotype1,clonotype1_consensus_2
CACTCCATCGAACGGA-1,True,CACTCCATCGAACGGA-1_contig_2,True,521,TRB,TRBV20-1,None,TRBJ2-1,TRBC2,True,True,CSARVGSEVNEQFF,TGCAGTGCTAGAGTGGGGTCGGAAGTCAATGAGCAGTTCTTC,1786,5,clonotype1,clonotype1_consensus_1
CACTCCATCGAACGGA-1,True,CACTCCATCGAACGGA-1_contig_3,True,432,TRB,None,None,TRBJ1-5,TRBC1,False,False,None,None,519,1,clonotype1,None
CACTCCATCGAACGGA-1,True,CACTCCATCGAACGGA-1_contig_4,True,482,TRA,TRAV10,None,TRAJ24,TRAC,True,False,None,None,100,2,clonotype1,None
CAGAATCAGATACACA-1,True,CAGAATCAGATACACA-1_contig_1,True,508,TRA,TRAV20,None,TRAJ24,TRAC,True,True,CAVMTTDSWGKFQF,TGTGCTGTTATGACAACTGACAGCTGGGGGAAATTCCAGTTT,787,3,clonotype1255,clonotype1255_consensus_3
CAGAATCAGATACACA-1,True,CAGAATCAGATACACA-1_contig_2,True,497,TRB,TRBV5-5,None,TRBJ2-7,TRBC2,True,True,CASSSLVEQGAYEQYF,TGTGCCAGCAGCTCGCTCGTAGAGCAGGGGGCCTACGAGCAGTACTTC,3029,8,clonotype1255,clonotype1255_consensus_1
CAGAATCAGATACACA-1,True,CAGAATCAGATACACA-1_contig_3,True,618,TRA,TRAV3,None,TRAJ37,TRAC,True,True,CAVIISSNTGKLIF,TGTGCTGTGATTATCTCTAGCAACACAGGCAAACTAATCTTT,3986,8,clonotype1255,clonotype1255_consensus_2
CAGAATCAGCCAGTAG-1,True,CAGAATCAGCCAGTAG-1_contig_1,True,502,TRA,TRAV1-2,None,TRAJ30,TRAC,True,True,CAVRDLREIIF,TGTGCTGTGAGAGATCTTCGGGAGATCATCTTT,812,2,clonotype3,clonotype3_consensus_2
CAGAATCAGCCAGTAG-1,True,CAGAATCAGCCAGTAG-1_contig_2,True,520,TRB,TRBV5-5,None,TRBJ1-4,TRBC1,True,True,CASSHPGPNYATNEKLFF,TGTGCCAGCAGCCATCCCGGACCGAACTACGCAACTAATGAAAAACTGTTTTTT,1690,8,clonotype3,clonotype3_consensus_1
CAGAATCAGCCAGTAG-1,True,CAGAATCAGCCAGTAG-1_contig_3,True,430,TRB,TRBV7-3,None,TRBJ2-1,TRBC2,True,False,CQQRSLKAGGPYNEQFF,TGCCAGCAGCGGTCACTTAAAGCGGGGGGACCCTACAATGAGCAGTTCTTC,692,1,clonotype3,None
CAGAATCAGTCTCCTC-1,True,CAGAATCAGTCTCCTC-1_contig_1,True,500,TRA,TRAV1-2,None,TRAJ33,TRAC,True,True,CAATDSNYQLIW,TGTGCTGCGACTGATAGCAACTATCAGTTAATCTGG,1170,5,clonotype1,clonotype1_consensus_2
CAGAATCAGTCTCCTC-1,True,CAGAATCAGTCTCCTC-1_contig_2,True,521,TRB,TRBV20-1,None,TRBJ2-1,TRBC2,True,True,CSARVGSEVNEQFF,TGCAGTGCTAGAGTGGGGTCGGAAGTCAATGAGCAGTTCTTC,1410,9,clonotype1,clonotype1_consensus_1
CAGAATCCAAGCGTAG-1,True,CAGAATCCAAGCGTAG-1_contig_1,True,505,TRA,TRAV1-2,None,TRAJ33,TRAC,True,True,CAATDSNYQLIW,TGTGCTGCGACTGATAGCAACTATCAGTTAATCTGG,93,4,clonotype1,clonotype1_consensus_2
CAGAATCCAAGCGTAG-1,True,CAGAATCCAAGCGTAG-1_contig_2,True,521,TRB,TRBV20-1,None,TRBJ2-1,TRBC2,True,True,CSARVGSEVNEQFF,TGCAGTGCTAGAGTGGGGTCGGAAGTCAATGAGCAGTTCTTC,1840,9,clonotype1,clonotype1_consensus_1
CAGAATCCACAAGTAA-1,True,CAGAATCCACAAGTAA-1_contig_1,True,505,TRA,TRAV1-2,None,TRAJ33,TRAC,True,True,CAATDSNYQLIW,TGTGCTGCGACTGATAGCAACTATCAGTTAATCTGG,413,3,clonotype1,clonotype1_consensus_2
CAGAATCCACAAGTAA-1,True,CAGAATCCACAAGTAA-1_contig_2,True,871,TRB,TRBV20-1,None,TRBJ2-1,None,True,True,CSARVGSEVNEQFF,TGCAGTGCTAGAGTGGGGTCGGAAGTCAATGAGCAGTTCTTC,268,5,clonotype1,clonotype1_consensus_1
CAGAATCCAGACAAGC-1,True,CAGAATCCAGACAAGC-1_contig_1,True,500,TRB,TRBV20-1,None,TRBJ2-7,TRBC2,True,True,CSARGAEYSVAGLSYEQYF,TGCAGTGCTAGAGGCGCCGAATATAGCGTAGCGGGGCTATCCTACGAGCAGTACTTC,1081,3,clonotype44,clonotype44_consensus_3
CAGAATCCAGACAAGC-1,True,CAGAATCCAGACAAGC-1_contig_2,True,599,TRA,TRAV8-2,None,TRAJ8,TRAC,True,True,CVVSGFQKLVF,TGTGTTGTGAGTGGGTTTCAGAAACTTGTATTT,832,6,clonotype44,clonotype44_consensus_2
CAGAATCCAGACAAGC-1,True,CAGAATCCAGACAAGC-1_contig_3,True,499,TRA,TRAV1-2,None,TRAJ7,TRAC,True,True,CAVRPNRLAF,TGTGCTGTGAGACCCAACAGACTCGCTTTT,2839,4,clonotype44,clonotype44_consensus_1
CAGAATCCAGACGCCT-1,True,CAGAATCCAGACGCCT-1_contig_1,True,521,TRB,TRBV20-1,None,TRBJ2-1,TRBC2,True,True,CSARVGSEVNEQFF,TGCAGTGCTAGAGTGGGGTCGGAAGTCAATGAGCAGTTCTTC,681,3,clonotype2,clonotype2_consensus_1
CAGAATCCAGGAATCG-1,True,CAGAATCCAGGAATCG-1_contig_1,True,505,TRA,TRAV1-2,None,TRAJ33,TRAC,True,True,CAATDSNYQLIW,TGTGCTGCGACTGATAGCAACTATCAGTTAATCTGG,91,2,clonotype1,clonotype1_consensus_2
CAGAATCCAGGAATCG-1,True,CAGAATCCAGGAATCG-1_contig_2,True,521,TRB,TRBV20-1,None,TRBJ2-1,TRBC2,True,True,CSARVGSEVNEQFF,TGCAGTGCTAGAGTGGGGTCGGAAGTCAATGAGCAGTTCTTC,1741,7,clonotype1,clonotype1_consensus_1
CAGAATCCAGGAATCG-1,True,CAGAATCCAGGAATCG-1_contig_3,True,445,TRA,TRAV10,None,TRAJ24,TRAC,True,False,None,None,735,2,clonotype1,None
CAGAATCCAGTACACT-1,True,CAGAATCCAGTACACT-1_contig_1,True,501,TRB,TRBV20-1,None,TRBJ1-5,TRBC1,True,True,CSAISITQGSQPQHF,TGCAGTGCTATTTCGATCACCCAGGGTAGTCAGCCCCAGCATTTT,915,6,clonotype109,clonotype109_consensus_2
CAGAATCCAGTACACT-1,True,CAGAATCCAGTACACT-1_contig_2,True,505,TRA,TRAV1-2,None,TRAJ33,TRAC,True,True,CAPKDGNYQLIW,TGTGCTCCTAAAGACGGCAACTATCAGTTAATCTGG,84,6,clonotype109,clonotype109_consensus_1
CAGAATCCATTCTTAC-1,True,CAGAATCCATTCTTAC-1_contig_1,True,515,TRB,TRBV20-1,None,TRBJ2-3,TRBC2,True,True,CSARESGDTQYF,TGCAGTGCTAGAGAGTCTGGAGATACGCAGTATTTT,1266,11,clonotype1256,clonotype1256_consensus_1
CAGAATCCATTCTTAC-1,True,CAGAATCCATTCTTAC-1_contig_2,True,465,TRA,TRAV13-1,None,TRAJ23,TRAC,True,True,CAAMPIYNQGGKLIF,TGTGCAGCAATGCCGATTTATAACCAGGGAGGAAAGCTTATCTTC,226,3,clonotype1256,clonotype1256_consensus_2
CAGAATCCATTCTTAC-1,True,CAGAATCCATTCTTAC-1_contig_3,True,300,TRA,None,None,TRAJ5,TRAC,False,False,None,None,235,1,clonotype1256,None
CAGAATCCATTGGGCC-1,True,CAGAATCCATTGGGCC-1_contig_1,True,505,TRA,TRAV1-2,None,TRAJ33,TRAC,True,True,CAATDSNYQLIW,TGTGCTGCGACTGATAGCAACTATCAGTTAATCTGG,193,1,clonotype1,clonotype1_consensus_2
CAGAATCCATTGGGCC-1,True,CAGAATCCATTGGGCC-1_contig_2,True,521,TRB,TRBV20-1,None,TRBJ2-1,TRBC2,True,True,CSARVGSEVNEQFF,TGCAGTGCTAGAGTGGGGTCGGAAGTCAATGAGCAGTTCTTC,1598,7,clonotype1,clonotype1_consensus_1
CAGAATCGTAGCGCAA-1,True,CAGAATCGTAGCGCAA-1_contig_1,True,687,TRB,TRBV5-5,None,TRBJ1-2,TRBC1,True,True,CASSLGTGRRYTF,TGTGCCAGCAGCTTGGGGACGGGCAGAAGATACACCTTC,2833,14,clonotype1257,clonotype1257_consensus_1
CAGAATCGTAGCGCAA-1,True,CAGAATCGTAGCGCAA-1_contig_2,True,457,TRA,TRAV13-1,None,TRAJ31,TRAC,True,False,None,None,2513,2,clonotype1257,None
CAGAATCGTTACCGAT-1,True,CAGAATCGTTACCGAT-1_contig_1,True,521,TRB,TRBV20-1,None,TRBJ2-2,TRBC2,True,True,CSAPGPGMAGELFF,TGCAGTGCCCCGGGCCCCGGAATGGCCGGGGAGCTGTTTTTT,2865,11,clonotype1258,clonotype1258_consensus_1
CAGAATCTCAGGCGAA-1,True,CAGAATCTCAGGCGAA-1_contig_1,True,568,TRA,TRAV16,None,TRAJ17,TRAC,True,True,CALKGKAAGNKLTF,TGTGCTCTTAAAGGCAAAGCTGCAGGCAACAAGCTAACTTTT,193,4,clonotype1259,clonotype1259_consensus_1
CAGAATCTCAGGCGAA-1,True,CAGAATCTCAGGCGAA-1_contig_2,True,521,TRB,TRBV20-1,None,TRBJ2-1,TRBC2,True,True,CSASSSGDYNEQFF,TGCAGTGCTAGTTCCAGCGGGGACTACAATGAGCAGTTCTTC,819,5,clonotype1259,clonotype1259_consensus_2
CAGAATCTCAGGCGAA-1,True,CAGAATCTCAGGCGAA-1_contig_3,True,459,TRA,TRAV20,None,TRAJ37,TRAC,True,False,None,None,92,2,clonotype1259,None
CAGAATCTCGCAAGCC-1,True,CAGAATCTCGCAAGCC-1_contig_1,True,505,TRA,TRAV1-2,None,TRAJ33,TRAC,True,True,CAATDSNYQLIW,TGTGCTGCGACTGATAGCAACTATCAGTTAATCTGG,5873,5,clonotype1,clonotype1_consensus_2
CAGAATCTCGCAAGCC-1,True,CAGAATCTCGCAAGCC-1_contig_2,True,521,TRB,TRBV20-1,None,TRBJ2-1,TRBC2,True,True,CSARVGSEVNEQFF,TGCAGTGCTAGAGTGGGGTCGGAAGTCAATGAGCAGTTCTTC,1874,14,clonotype1,clonotype1_consensus_1
CAGAATCTCGCTGATA-1,True,CAGAATCTCGCTGATA-1_contig_1,True,505,TRA,TRAV1-2,None,TRAJ33,TRAC,True,True,CAATDSNYQLIW,TGTGCTGCGACTGATAGCAACTATCAGTTAATCTGG,113,4,clonotype1,clonotype1_consensus_2
CAGAATCTCGCTGATA-1,True,CAGAATCTCGCTGATA-1_contig_2,True,521,TRB,TRBV20-1,None,TRBJ2-1,TRBC2,True,True,CSARVGSEVNEQFF,TGCAGTGCTAGAGTGGGGTCGGAAGTCAATGAGCAGTTCTTC,2243,10,clonotype1,clonotype1_consensus_1
CAGAATCTCGCTGATA-1,True,CAGAATCTCGCTGATA-1_contig_3,True,465,TRA,TRAV10,None,TRAJ24,TRAC,True,False,None,None,382,3,clonotype1,None
CAGAATCTCGTCTGCT-1,True,CAGAATCTCGTCTGCT-1_contig_1,True,521,TRB,TRBV5-5,None,TRBJ1-2,TRBC1,True,True,CASRVDPRDRESGYTF,TGTGCCAGCAGAGTGGATCCCCGGGACAGGGAATCTGGCTACACCTTC,1344,7,clonotype1260,clonotype1260_consensus_1
CAGAATCTCGTCTGCT-1,True,CAGAATCTCGTCTGCT-1_contig_2,True,488,TRA,TRAV38-2/DV8,None,TRAJ43,TRAC,True,True,CAYRSRNNDMRF,TGTGCTTATAGGAGTCGTAACAATGACATGCGCTTT,234,1,clonotype1260,clonotype1260_consensus_2
CAGAGAGAGAGCTATA-1,True,CAGAGAGAGAGCTATA-1_contig_1,True,518,TRB,TRBV20-1,None,TRBJ1-5,TRBC1,True,True,CSVGTGMNQPQHF,TGCAGTGTCGGGACAGGTATGAATCAGCCCCAGCATTTT,1058,5,clonotype1261,clonotype1261_consensus_2
CAGAGAGAGAGCTATA-1,True,CAGAGAGAGAGCTATA-1_contig_2,True,659,TRA,TRAV8-6,None,TRAJ8,TRAC,True,True,CAVLKAGFQKLVF,TGTGCTGTCTTGAAGGCAGGCTTTCAGAAACTTGTATTT,142,1,clonotype1261,clonotype1261_consensus_1
CAGAGAGAGAGCTATA-1,True,CAGAGAGAGAGCTATA-1_contig_3,True,374,TRB,None,None,TRBJ2-1,TRBC2,False,False,None,None,1232,4,clonotype1261,None
CAGAGAGAGAGCTATA-1,True,CAGAGAGAGAGCTATA-1_contig_4,True,419,TRA,TRAV9-2,None,TRAJ13,TRAC,True,False,None,None,419,1,clonotype1261,None
CAGAGAGAGATGGCGT-1,True,CAGAGAGAGATGGCGT-1_contig_1,True,471,TRA,TRAV26-2,None,TRAJ41,TRAC,True,True,CILSLSGYALNF,TGCATCCTCTCCCTTTCCGGGTATGCACTCAACTTC,630,3,clonotype1262,clonotype1262_consensus_1
CAGAGAGAGCTCTCGG-1,True,CAGAGAGAGCTCTCGG-1_contig_1,True,524,TRB,TRBV20-1,None,TRBJ1-3,TRBC1,True,True,CSARPRRGSGNTIYF,TGCAGTGCTAGACCAAGGCGAGGTTCTGGAAACACCATATATTTT,1845,6,clonotype122,clonotype122_consensus_1
CAGAGAGAGCTCTCGG-1,True,CAGAGAGAGCTCTCGG-1_contig_2,True,680,TRA,TRAV8-3,None,TRAJ4,TRAC,True,True,CAVGRRSGGYNKLIF,TGTGCTGTGGGGCGGCGATCTGGTGGCTACAATAAGCTGATTTTT,520,6,clonotype122,clonotype122_consensus_2
CAGAGAGAGTTCGATC-1,True,CAGAGAGAGTTCGATC-1_contig_1,True,524,TRB,TRBV20-1,None,TRBJ1-4,TRBC1,True,True,CSARDLGQSNEKLFF,TGCAGTGCTAGAGATTTGGGACAATCTAATGAAAAACTGTTTTTT,965,3,clonotype1263,clonotype1263_consensus_2
CAGAGAGAGTTCGATC-1,True,CAGAGAGAGTTCGATC-1_contig_2,True,527,TRB,TRBV20-1,None,TRBJ2-5,TRBC2,True,True,CSAGTMGGTAVETQYF,TGCAGTGCTGGGACTATGGGGGGGACAGCGGTCGAGACCCAGTACTTC,2417,8,clonotype1263,clonotype1263_consensus_3
CAGAGAGAGTTCGATC-1,True,CAGAGAGAGTTCGATC-1_contig_3,True,530,TRA,TRAV21,None,TRAJ52,TRAC,True,True,CAVTAGGTSYGKLTF,TGTGCTGTTACTGCTGGTGGTACTAGCTATGGAAAGCTGACATTT,1347,7,clonotype1263,clonotype1263_consensus_1
CAGAGAGAGTTCGATC-1,True,CAGAGAGAGTTCGATC-1_contig_4,True,653,Multi,TRGV2,None,TRAJ58,TRAC,True,False,CATWDGPGGETSGSRLTF,TGTGCCACCTGGGACGGGCCCGGCGGAGAAACCAGTGGCTCTAGGTTGACCTTT,378,5,clonotype1263,None
CAGAGAGAGTTCGATC-1,True,CAGAGAGAGTTCGATC-1_contig_5,True,368,TRB,TRBV21-1,None,TRBJ2-2,TRBC2,True,False,CISVPAANGDHRGMTGELFF,TGTATTTCTGTGCCAGCAGCAAACGGGGACCACAGGGGTATGACCGGGGAGCTGTTTTTT,772,4,clonotype1263,None
CAGAGAGCACTGCCAG-1,True,CAGAGAGCACTGCCAG-1_contig_1,True,518,TRB,TRBV20-1,None,TRBJ1-6,TRBC1,True,True,CSARGQGNTPLHF,TGCAGTGCTAGGGGGCAGGGGAACACACCCCTCCACTTT,3310,7,clonotype1264,clonotype1264_consensus_2
CAGAGAGCACTGCCAG-1,True,CAGAGAGCACTGCCAG-1_contig_2,True,495,TRA,TRAV9-2,None,TRAJ6,TRAC,True,True,CALRGAGGSYIPTF,TGTGCTCTGAGGGGAGCAGGAGGAAGCTACATACCTACATTT,2760,11,clonotype1264,clonotype1264_consensus_1
CAGAGAGCACTGCCAG-1,True,CAGAGAGCACTGCCAG-1_contig_3,True,517,TRB,TRBV11-2,None,TRBJ1-5,TRBC1,True,False,None,None,242,2,clonotype1264,None
CAGAGAGCAGCTGTTA-1,True,CAGAGAGCAGCTGTTA-1_contig_1,True,505,TRA,TRAV1-2,None,TRAJ33,TRAC,True,True,CAATDSNYQLIW,TGTGCTGCGACTGATAGCAACTATCAGTTAATCTGG,1045,4,clonotype1,clonotype1_consensus_2
CAGAGAGCAGCTGTTA-1,True,CAGAGAGCAGCTGTTA-1_contig_2,True,521,TRB,TRBV20-1,None,TRBJ2-1,TRBC2,True,True,CSARVGSEVNEQFF,TGCAGTGCTAGAGTGGGGTCGGAAGTCAATGAGCAGTTCTTC,2847,12,clonotype1,clonotype1_consensus_1
CAGAGAGGTAAACGCG-1,True,CAGAGAGGTAAACGCG-1_contig_1,True,524,TRB,TRBV20-1,None,TRBJ1-4,TRBC1,True,True,CSARDGEGLNEKLFF,TGCAGTGCTAGAGATGGGGAGGGCCTAAATGAAAAACTGTTTTTT,3498,12,clonotype1265,clonotype1265_consensus_1
CAGAGAGGTAAACGCG-1,True,CAGAGAGGTAAACGCG-1_contig_2,True,511,TRA,TRAV17,None,TRAJ4,TRAC,True,True,CATDGRGGYNKLIF,TGTGCTACGGACGGAAGAGGTGGCTACAATAAGCTGATTTTT,1140,3,clonotype1265,clonotype1265_consensus_2
CAGAGAGGTAAGTAGT-1,True,CAGAGAGGTAAGTAGT-1_contig_1,True,502,TRA,TRAV1-2,None,TRAJ33,TRAC,True,True,CAATDSNYQLIW,TGTGCTGCGACTGATAGCAACTATCAGTTAATCTGG,1111,5,clonotype1,clonotype1_consensus_2
CAGAGAGGTAAGTAGT-1,True,CAGAGAGGTAAGTAGT-1_contig_2,True,498,TRB,TRBV20-1,None,TRBJ2-1,TRBC2,True,True,CSARVGSEVNEQFF,TGCAGTGCTAGAGTGGGGTCGGAAGTCAATGAGCAGTTCTTC,7925,9,clonotype1,clonotype1_consensus_1
CAGAGAGGTACACCGC-1,True,CAGAGAGGTACACCGC-1_contig_1,True,521,TRB,TRBV20-1,None,TRBJ2-1,TRBC2,True,True,CSARVGSEVNEQFF,TGCAGTGCTAGAGTGGGGTCGGAAGTCAATGAGCAGTTCTTC,1109,9,clonotype2,clonotype2_consensus_1
CAGAGAGGTCCCTACT-1,True,CAGAGAGGTCCCTACT-1_contig_1,True,653,TRB,TRBV5-6,None,TRBJ1-2,TRBC1,True,True,CASNRDLYGYTF,TGTGCCAGCAACAGGGACCTTTATGGCTACACCTTC,903,7,clonotype172,clonotype172_consensus_1
CAGAGAGGTCCCTACT-1,True,CAGAGAGGTCCCTACT-1_contig_2,True,564,TRA,TRAV8-4,None,TRAJ20,TRAC,True,True,CAVSKNDYKLSF,TGTGCTGTGAGTAAGAACGACTACAAGCTCAGCTTT,299,4,clonotype172,clonotype172_consensus_2
CAGAGAGGTCCCTACT-1,True,CAGAGAGGTCCCTACT-1_contig_3,True,560,TRB,None,None,TRBJ1-4,TRBC1,False,False,None,None,119,1,clonotype172,None
CAGAGAGGTTAAAGAC-1,True,CAGAGAGGTTAAAGAC-1_contig_1,True,493,TRB,TRBV20-1,None,TRBJ1-2,TRBC1,True,True,CSARDPEKYGYTF,TGCAGTGCTAGAGACCCAGAGAAATATGGCTACACCTTC,1336,7,clonotype1266,clonotype1266_consensus_2
CAGAGAGGTTAAAGAC-1,True,CAGAGAGGTTAAAGAC-1_contig_2,True,514,TRA,TRAV17,None,TRAJ52,TRAC,True,True,CAPTRGTSYGKLTF,TGTGCTCCAACTCGGGGTACTAGCTATGGAAAGCTGACATTT,592,3,clonotype1266,clonotype1266_consensus_1
CAGAGAGGTTGTACAC-1,True,CAGAGAGGTTGTACAC-1_contig_1,True,521,TRB,TRBV20-1,None,TRBJ2-1,TRBC2,True,True,CSARVGSEVNEQFF,TGCAGTGCTAGAGTGGGGTCGGAAGTCAATGAGCAGTTCTTC,2164,9,clonotype2,clonotype2_consensus_1
CAGAGAGGTTGTACAC-1,True,CAGAGAGGTTGTACAC-1_contig_2,True,465,TRA,TRAV10,None,TRAJ24,TRAC,True,False,None,None,94,1,clonotype2,None
CAGAGAGGTTTAGGAA-1,True,CAGAGAGGTTTAGGAA-1_contig_1,True,502,TRA,TRAV1-2,None,TRAJ33,TRAC,True,True,CAATDSNYQLIW,TGTGCTGCGACTGATAGCAACTATCAGTTAATCTGG,604,4,clonotype1,clonotype1_consensus_2
CAGAGAGGTTTAGGAA-1,True,CAGAGAGGTTTAGGAA-1_contig_2,True,485,TRB,TRBV20-1,None,TRBJ2-1,TRBC2,True,True,CSARVGSEVNEQFF,TGCAGTGCTAGAGTGGGGTCGGAAGTCAATGAGCAGTTCTTC,866,7,clonotype1,clonotype1_consensus_1
CAGAGAGTCAACACAC-1,True,CAGAGAGTCAACACAC-1_contig_1,True,505,TRA,TRAV1-2,None,TRAJ33,TRAC,True,True,CAATDSNYQLIW,TGTGCTGCGACTGATAGCAACTATCAGTTAATCTGG,1396,5,clonotype1,clonotype1_consensus_2
CAGAGAGTCAACACAC-1,True,CAGAGAGTCAACACAC-1_contig_2,True,521,TRB,TRBV20-1,None,TRBJ2-1,TRBC2,True,True,CSARVGSEVNEQFF,TGCAGTGCTAGAGTGGGGTCGGAAGTCAATGAGCAGTTCTTC,102,5,clonotype1,clonotype1_consensus_1
CAGAGAGTCAACACAC-1,True,CAGAGAGTCAACACAC-1_contig_3,True,465,TRA,TRAV10,None,TRAJ24,TRAC,True,False,None,None,1081,1,clonotype1,None
CAGAGAGTCGCGGATC-1,True,CAGAGAGTCGCGGATC-1_contig_1,True,505,TRA,TRAV1-2,None,TRAJ33,TRAC,True,True,CAATDSNYQLIW,TGTGCTGCGACTGATAGCAACTATCAGTTAATCTGG,82,1,clonotype1,clonotype1_consensus_2
CAGAGAGTCGCGGATC-1,True,CAGAGAGTCGCGGATC-1_contig_2,True,498,TRB,TRBV20-1,None,TRBJ2-1,TRBC2,True,True,CSARVGSEVNEQFF,TGCAGTGCTAGAGTGGGGTCGGAAGTCAATGAGCAGTTCTTC,2174,8,clonotype1,clonotype1_consensus_1
CAGAGAGTCGCGGATC-1,True,CAGAGAGTCGCGGATC-1_contig_3,True,445,TRA,TRAV10,None,TRAJ24,TRAC,True,False,None,None,1093,2,clonotype1,None
CAGATCAAGCAATATG-1,True,CAGATCAAGCAATATG-1_contig_1,True,505,TRA,TRAV1-2,None,TRAJ33,TRAC,True,True,CAATDSNYQLIW,TGTGCTGCGACTGATAGCAACTATCAGTTAATCTGG,1637,7,clonotype1,clonotype1_consensus_2
CAGATCAAGCAATATG-1,True,CAGATCAAGCAATATG-1_contig_2,True,495,TRB,TRBV20-1,None,TRBJ2-1,TRBC2,True,True,CSARVGSEVNEQFF,TGCAGTGCTAGAGTGGGGTCGGAAGTCAATGAGCAGTTCTTC,169,5,clonotype1,clonotype1_consensus_1
CAGATCAAGCCTTGAT-1,True,CAGATCAAGCCTTGAT-1_contig_1,True,524,TRB,TRBV20-1,None,TRBJ1-1,TRBC1,True,True,CSAKGQHYQNTEAFF,TGCAGTGCTAAGGGACAGCACTACCAGAACACTGAAGCTTTCTTT,1127,11,clonotype1267,clonotype1267_consensus_2
CAGATCAAGCCTTGAT-1,True,CAGATCAAGCCTTGAT-1_contig_2,True,550,TRA,TRAV12-2,None,TRAJ3,TRAC,True,True,CAVGPGYSSASKIIF,TGTGCCGTGGGCCCGGGGTACAGCAGTGCTTCCAAGATAATCTTT,438,2,clonotype1267,clonotype1267_consensus_1
CAGATCAAGGGCATGT-1,True,CAGATCAAGGGCATGT-1_contig_1,True,502,TRA,TRAV1-2,None,TRAJ30,TRAC,True,True,CAVRDLREIIF,TGTGCTGTGAGAGATCTTCGGGAGATCATCTTT,174,2,clonotype17,clonotype17_consensus_1
CAGATCAAGGGCATGT-1,True,CAGATCAAGGGCATGT-1_contig_2,True,535,TRB,TRBV5-5,None,TRBJ1-4,None,True,False,CASSHPGPNYATNEKLFF,TGTGCCAGCAGCCATCCCGGACCGAACTACGCAACTAATGAAAAACTGTTTTTT,456,2,clonotype17,None
CAGATCAAGTGGGATC-1,True,CAGATCAAGTGGGATC-1_contig_1,True,515,TRB,TRBV20-1,None,TRBJ1-1,TRBC1,True,True,CSAPDGIAEAFF,TGCAGTGCTCCGGACGGGATTGCTGAAGCTTTCTTT,4345,14,clonotype1268,clonotype1268_consensus_2
CAGATCAAGTGGGATC-1,True,CAGATCAAGTGGGATC-1_contig_2,True,498,TRA,TRAV9-2,None,TRAJ15,TRAC,True,True,CALSHSNQAGTALIF,TGTGCTCTGAGCCACTCCAACCAGGCAGGAACTGCTCTGATCTTT,160,4,clonotype1268,clonotype1268_consensus_1
CAGATCACAACGATCT-1,True,CAGATCACAACGATCT-1_contig_1,True,518,TRB,TRBV20-1,None,TRBJ1-4,TRBC1,True,True,CSARDASVEKLFF,TGCAGTGCTAGAGACGCCTCCGTTGAAAAACTGTTTTTT,2879,15,clonotype1269,clonotype1269_consensus_1
CAGATCACAACGATCT-1,True,CAGATCACAACGATCT-1_contig_2,True,495,TRA,TRAV9-2,None,TRAJ15,TRAC,True,True,CALLGGGAGTALIF,TGTGCTCTTCTTGGAGGGGGGGCAGGAACTGCTCTGATCTTT,1004,5,clonotype1269,clonotype1269_consensus_2
CAGATCACACCACCAG-1,True,CAGATCACACCACCAG-1_contig_1,True,500,TRA,TRAV1-2,None,TRAJ33,TRAC,True,True,CAATDSNYQLIW,TGTGCTGCGACTGATAGCAACTATCAGTTAATCTGG,352,2,clonotype1,clonotype1_consensus_2
CAGATCACACCACCAG-1,True,CAGATCACACCACCAG-1_contig_2,True,495,TRB,TRBV20-1,None,TRBJ2-1,TRBC2,True,True,CSARVGSEVNEQFF,TGCAGTGCTAGAGTGGGGTCGGAAGTCAATGAGCAGTTCTTC,1972,10,clonotype1,clonotype1_consensus_1
CAGATCACACCACCAG-1,True,CAGATCACACCACCAG-1_contig_3,True,463,TRA,TRAV10,None,TRAJ24,TRAC,True,False,None,None,461,2,clonotype1,None
CAGATCACACTCAGGC-1,True,CAGATCACACTCAGGC-1_contig_1,True,527,TRB,TRBV20-1,None,TRBJ2-3,TRBC2,True,True,CSARVAGRGNTDTQYF,TGCAGTGCTAGAGTGGCAGGGCGGGGGAACACAGATACGCAGTATTTT,2903,15,clonotype1270,clonotype1270_consensus_2
CAGATCACACTCAGGC-1,True,CAGATCACACTCAGGC-1_contig_2,True,633,TRA,TRAV8-6,None,TRAJ57,TRAC,True,True,CAATQGGSEKLVF,TGTGCTGCAACTCAGGGCGGATCTGAAAAGCTGGTCTTT,1044,6,clonotype1270,clonotype1270_consensus_1
CAGATCACACTCAGGC-1,True,CAGATCACACTCAGGC-1_contig_3,True,495,TRA,TRAV39,None,TRAJ40,TRAC,True,False,CHLLLCRGQGGSGTYKYIF,TGCCACCTACTTCTGTGCCGTGGACAGGGCGGCTCAGGAACCTACAAATACATCTTT,278,3,clonotype1270,None
CAGATCACACTCAGGC-1,True,CAGATCACACTCAGGC-1_contig_4,True,613,TRB,None,None,TRBJ1-4,TRBC1,False,False,None,None,798,3,clonotype1270,None
CAGATCACAGAGTGTG-1,True,CAGATCACAGAGTGTG-1_contig_1,True,505,TRA,TRAV1-2,None,TRAJ33,TRAC,True,True,CAATDSNYQLIW,TGTGCTGCGACTGATAGCAACTATCAGTTAATCTGG,1025,2,clonotype1,clonotype1_consensus_2
CAGATCACAGAGTGTG-1,True,CAGATCACAGAGTGTG-1_contig_2,True,497,TRB,TRBV20-1,None,TRBJ2-1,TRBC2,True,True,CSARVGSEVNEQFF,TGCAGTGCTAGAGTGGGGTCGGAAGTCAATGAGCAGTTCTTC,2177,10,clonotype1,clonotype1_consensus_1
CAGATCACAGAGTGTG-1,True,CAGATCACAGAGTGTG-1_contig_3,True,460,TRA,TRAV10,None,TRAJ24,TRAC,True,False,None,None,235,3,clonotype1,None
CAGATCACAGCCTTTC-1,True,CAGATCACAGCCTTTC-1_contig_1,True,505,TRA,TRAV1-2,None,TRAJ33,TRAC,True,True,CAATDSNYQLIW,TGTGCTGCGACTGATAGCAACTATCAGTTAATCTGG,1758,7,clonotype1,clonotype1_consensus_2
CAGATCACAGCCTTTC-1,True,CAGATCACAGCCTTTC-1_contig_2,True,492,TRB,TRBV20-1,None,TRBJ2-1,TRBC2,True,True,CSARVGSEVNEQFF,TGCAGTGCTAGAGTGGGGTCGGAAGTCAATGAGCAGTTCTTC,1907,8,clonotype1,clonotype1_consensus_1
CAGATCACAGCCTTTC-1,True,CAGATCACAGCCTTTC-1_contig_3,True,482,TRA,TRAV10,None,TRAJ24,TRAC,True,False,None,None,2744,3,clonotype1,None
CAGATCACATAAAGGT-1,True,CAGATCACATAAAGGT-1_contig_1,True,524,TRB,TRBV20-1,None,TRBJ2-7,TRBC2,True,True,CSASDRDRGSYEQYF,TGCAGTGCCAGCGACCGGGACAGGGGGTCGTATGAGCAGTACTTC,5091,7,clonotype1271,clonotype1271_consensus_1
CAGATCACATCACCCT-1,True,CAGATCACATCACCCT-1_contig_1,True,505,TRA,TRAV1-2,None,TRAJ33,TRAC,True,True,CAATDSNYQLIW,TGTGCTGCGACTGATAGCAACTATCAGTTAATCTGG,238,6,clonotype1,clonotype1_consensus_2
CAGATCACATCACCCT-1,True,CAGATCACATCACCCT-1_contig_2,True,498,TRB,TRBV20-1,None,TRBJ2-1,TRBC2,True,True,CSARVGSEVNEQFF,TGCAGTGCTAGAGTGGGGTCGGAAGTCAATGAGCAGTTCTTC,1120,5,clonotype1,clonotype1_consensus_1
CAGATCACATGACGGA-1,True,CAGATCACATGACGGA-1_contig_1,True,485,TRB,TRBV20-1,None,TRBJ2-1,TRBC2,True,True,CSARVGSEVNEQFF,TGCAGTGCTAGAGTGGGGTCGGAAGTCAATGAGCAGTTCTTC,2157,9,clonotype2,clonotype2_consensus_1
CAGATCAGTACCTACA-1,True,CAGATCAGTACCTACA-1_contig_1,True,505,TRA,TRAV1-2,None,TRAJ33,TRAC,True,True,CAATDSNYQLIW,TGTGCTGCGACTGATAGCAACTATCAGTTAATCTGG,73,1,clonotype1,clonotype1_consensus_2
CAGATCAGTACCTACA-1,True,CAGATCAGTACCTACA-1_contig_2,True,498,TRB,TRBV20-1,None,TRBJ2-1,TRBC2,True,True,CSARVGSEVNEQFF,TGCAGTGCTAGAGTGGGGTCGGAAGTCAATGAGCAGTTCTTC,1908,5,clonotype1,clonotype1_consensus_1
CAGATCAGTACCTACA-1,True,CAGATCAGTACCTACA-1_contig_3,True,456,TRA,TRAV10,None,TRAJ24,TRAC,True,False,None,None,137,3,clonotype1,None
CAGATCAGTAGCCTAT-1,True,CAGATCAGTAGCCTAT-1_contig_1,True,656,TRB,TRBV5-6,None,TRBJ2-7,TRBC2,True,True,CASSYRDGYEQYF,TGTGCCAGCAGCTACAGGGACGGGTACGAGCAGTACTTC,1542,7,clonotype1272,clonotype1272_consensus_1
CAGATCAGTAGCCTAT-1,True,CAGATCAGTAGCCTAT-1_contig_2,True,492,TRA,TRAV9-2,None,TRAJ30,TRAC,True,True,CALSENRDDKIIF,TGTGCTCTGAGTGAAAACAGAGATGACAAGATCATCTTT,1755,5,clonotype1272,clonotype1272_consensus_2
CAGATCAGTAGCCTAT-1,True,CAGATCAGTAGCCTAT-1_contig_3,True,652,TRA,TRAV8-6,None,TRAJ29,TRAC,True,False,None,None,329,2,clonotype1272,None
CAGATCAGTAGTAGTA-1,True,CAGATCAGTAGTAGTA-1_contig_1,True,505,TRA,TRAV1-2,None,TRAJ33,TRAC,True,True,CAATDSNYQLIW,TGTGCTGCGACTGATAGCAACTATCAGTTAATCTGG,1604,7,clonotype1,clonotype1_consensus_2
CAGATCAGTAGTAGTA-1,True,CAGATCAGTAGTAGTA-1_contig_2,True,498,TRB,TRBV20-1,None,TRBJ2-1,TRBC2,True,True,CSARVGSEVNEQFF,TGCAGTGCTAGAGTGGGGTCGGAAGTCAATGAGCAGTTCTTC,1783,6,clonotype1,clonotype1_consensus_1
CAGATCAGTCAAAGAT-1,True,CAGATCAGTCAAAGAT-1_contig_1,True,518,TRB,TRBV20-1,None,TRBJ1-1,TRBC1,True,True,CSAPEGQNIEAFF,TGCAGTGCTCCCGAGGGACAGAATATTGAAGCTTTCTTT,2063,15,clonotype1273,clonotype1273_consensus_2
CAGATCAGTCAAAGAT-1,True,CAGATCAGTCAAAGAT-1_contig_2,True,517,TRA,TRAV23/DV6,None,TRAJ37,TRAC,True,True,CAATRRGSSNTGKLIF,TGTGCAGCAACCCGCCGGGGCTCTAGCAACACAGGCAAACTAATCTTT,644,2,clonotype1273,clonotype1273_consensus_1
CAGATCAGTCATCGGC-1,True,CAGATCAGTCATCGGC-1_contig_1,True,505,TRA,TRAV1-2,None,TRAJ33,TRAC,True,True,CAATDSNYQLIW,TGTGCTGCGACTGATAGCAACTATCAGTTAATCTGG,766,10,clonotype1,clonotype1_consensus_2
CAGATCAGTCATCGGC-1,True,CAGATCAGTCATCGGC-1_contig_2,True,521,TRB,TRBV20-1,None,TRBJ2-1,TRBC2,True,True,CSARVGSEVNEQFF,TGCAGTGCTAGAGTGGGGTCGGAAGTCAATGAGCAGTTCTTC,434,5,clonotype1,clonotype1_consensus_1
CAGATCAGTCGGCACT-1,True,CAGATCAGTCGGCACT-1_contig_1,True,505,TRA,TRAV1-2,None,TRAJ33,TRAC,True,True,CAATDSNYQLIW,TGTGCTGCGACTGATAGCAACTATCAGTTAATCTGG,676,4,clonotype1,clonotype1_consensus_2
CAGATCAGTCGGCACT-1,True,CAGATCAGTCGGCACT-1_contig_2,True,521,TRB,TRBV20-1,None,TRBJ2-1,TRBC2,True,True,CSARVGSEVNEQFF,TGCAGTGCTAGAGTGGGGTCGGAAGTCAATGAGCAGTTCTTC,2550,10,clonotype1,clonotype1_consensus_1
CAGATCAGTTACGGAG-1,True,CAGATCAGTTACGGAG-1_contig_1,True,504,TRB,TRBV20-1,None,TRBJ2-2,TRBC2,True,True,CSAPYTGHLNTGELFF,TGCAGTGCTCCTTATACGGGACACTTGAACACCGGGGAGCTGTTTTTT,489,3,clonotype1274,clonotype1274_consensus_1
CAGATCAGTTACGGAG-1,True,CAGATCAGTTACGGAG-1_contig_2,True,360,TRB,None,None,TRBJ2-7,TRBC2,False,False,None,None,349,5,clonotype1274,None
CAGATCAGTTACGGAG-1,True,CAGATCAGTTACGGAG-1_contig_3,True,362,TRA,TRAV6,None,TRAJ9,TRAC,True,False,CALDETGGFKTIF,TGTGCTCTAGACGAAACTGGAGGCTTCAAAACTATCTTT,116,3,clonotype1274,None
CAGATCAGTTCAGACT-1,True,CAGATCAGTTCAGACT-1_contig_1,True,508,TRA,TRAV20,None,TRAJ24,TRAC,True,True,CAVMTTDSWGKFQF,TGTGCTGTTATGACAACTGACAGCTGGGGGAAATTCCAGTTT,1855,6,clonotype7,clonotype7_consensus_2
CAGATCAGTTCAGACT-1,True,CAGATCAGTTCAGACT-1_contig_2,True,489,TRB,TRBV5-5,None,TRBJ2-7,TRBC2,True,True,CASSSLVEQGAYEQYF,TGTGCCAGCAGCTCGCTCGTAGAGCAGGGGGCCTACGAGCAGTACTTC,1947,6,clonotype7,clonotype7_consensus_1
CAGATCAGTTCAGACT-1,True,CAGATCAGTTCAGACT-1_contig_3,True,418,TRB,None,None,TRBJ1-3,TRBC1,False,False,None,None,500,2,clonotype7,None
CAGATCAGTTTGTTGG-1,True,CAGATCAGTTTGTTGG-1_contig_1,True,502,TRA,TRAV1-2,None,TRAJ30,TRAC,True,True,CAVRDLREIIF,TGTGCTGTGAGAGATCTTCGGGAGATCATCTTT,641,3,clonotype3,clonotype3_consensus_2
CAGATCAGTTTGTTGG-1,True,CAGATCAGTTTGTTGG-1_contig_2,True,678,TRB,TRBV5-5,None,TRBJ1-4,TRBC1,True,True,CASSHPGPNYATNEKLFF,TGTGCCAGCAGCCATCCCGGACCGAACTACGCAACTAATGAAAAACTGTTTTTT,969,7,clonotype3,clonotype3_consensus_1
CAGATCATCGCGCCAA-1,True,CAGATCATCGCGCCAA-1_contig_1,True,505,TRA,TRAV1-2,None,TRAJ33,TRAC,True,True,CAATDSNYQLIW,TGTGCTGCGACTGATAGCAACTATCAGTTAATCTGG,432,4,clonotype1,clonotype1_consensus_2
CAGATCATCGCGCCAA-1,True,CAGATCATCGCGCCAA-1_contig_2,True,521,TRB,TRBV20-1,None,TRBJ2-1,TRBC2,True,True,CSARVGSEVNEQFF,TGCAGTGCTAGAGTGGGGTCGGAAGTCAATGAGCAGTTCTTC,941,5,clonotype1,clonotype1_consensus_1
CAGATCATCTATCCTA-1,True,CAGATCATCTATCCTA-1_contig_1,True,459,TRA,TRAV13-1,None,TRAJ22,TRAC,True,True,CAASIGTARQLTF,TGTGCAGCAAGTATAGGGACTGCAAGGCAACTGACCTTT,1329,6,clonotype19,clonotype19_consensus_1
CAGATCATCTATCCTA-1,True,CAGATCATCTATCCTA-1_contig_2,True,495,TRB,TRBV20-1,None,TRBJ2-5,TRBC2,True,True,CSAQTTVVATQYF,TGCAGTGCCCAGACGACGGTAGTAGCGACCCAGTACTTC,1566,7,clonotype19,clonotype19_consensus_2
CAGATCATCTATCCTA-1,True,CAGATCATCTATCCTA-1_contig_3,True,528,TRB,TRBV6-5,None,TRBJ2-7,TRBC2,True,False,None,None,1050,5,clonotype19,None
CAGATCATCTGTGCAA-1,True,CAGATCATCTGTGCAA-1_contig_1,True,521,TRB,TRBV20-1,None,TRBJ2-1,TRBC2,True,True,CSARVGSEVNEQFF,TGCAGTGCTAGAGTGGGGTCGGAAGTCAATGAGCAGTTCTTC,942,3,clonotype2,clonotype2_consensus_1
CAGCAGCAGACGACGT-1,True,CAGCAGCAGACGACGT-1_contig_1,True,526,TRA,TRAV14/DV4,None,TRAJ6,TRAC,True,True,CAMSGGSGGSYIPTF,TGTGCAATGAGTGGAGGATCAGGAGGAAGCTACATACCTACATTT,1220,5,clonotype1275,clonotype1275_consensus_1
CAGCAGCAGACGACGT-1,True,CAGCAGCAGACGACGT-1_contig_2,True,664,TRB,TRBV5-6,None,TRBJ1-5,TRBC1,True,True,CASSFVGQGRNQPQHF,TGTGCCAGCAGCTTCGTGGGACAGGGTCGCAATCAGCCCCAGCATTTT,2886,10,clonotype1275,clonotype1275_consensus_2
CAGCAGCAGACGACGT-1,True,CAGCAGCAGACGACGT-1_contig_3,True,433,TRA,TRAV10,None,None,TRAC,False,False,None,None,563,3,clonotype1275,None
CAGCAGCAGATCTGAA-1,True,CAGCAGCAGATCTGAA-1_contig_1,True,505,TRA,TRAV1-2,None,TRAJ33,TRAC,True,True,CAATDSNYQLIW,TGTGCTGCGACTGATAGCAACTATCAGTTAATCTGG,1233,5,clonotype1,clonotype1_consensus_2
CAGCAGCAGATCTGAA-1,True,CAGCAGCAGATCTGAA-1_contig_2,True,521,TRB,TRBV20-1,None,TRBJ2-1,TRBC2,True,True,CSARVGSEVNEQFF,TGCAGTGCTAGAGTGGGGTCGGAAGTCAATGAGCAGTTCTTC,1713,7,clonotype1,clonotype1_consensus_1
CAGCAGCAGATCTGAA-1,True,CAGCAGCAGATCTGAA-1_contig_3,True,482,TRA,TRAV10,None,TRAJ24,TRAC,True,False,None,None,1399,6,clonotype1,None
CAGCAGCAGATGTGGC-1,True,CAGCAGCAGATGTGGC-1_contig_1,True,504,TRB,TRBV20-1,None,TRBJ2-4,TRBC2,True,True,CSARDSTSGAGNIQYF,TGCAGTGCTAGAGATTCGACTAGCGGGGCGGGAAACATTCAGTACTTC,2285,7,clonotype1276,clonotype1276_consensus_1
CAGCAGCAGTACGCCC-1,True,CAGCAGCAGTACGCCC-1_contig_1,True,509,TRB,TRBV20-1,None,TRBJ2-5,TRBC2,True,True,CSARRETQYF,TGCAGTGCTAGACGAGAGACCCAGTACTTC,1446,9,clonotype1277,clonotype1277_consensus_2
CAGCAGCAGTACGCCC-1,True,CAGCAGCAGTACGCCC-1_contig_2,True,547,TRA,TRAV12-2,None,TRAJ45,TRAC,True,True,CAVPTGGGADGLTF,TGTGCCGTCCCCACAGGAGGAGGTGCTGACGGACTCACCTTT,974,2,clonotype1277,clonotype1277_consensus_1
CAGCAGCAGTGGAGTC-1,True,CAGCAGCAGTGGAGTC-1_contig_1,True,505,TRA,TRAV1-2,None,TRAJ33,TRAC,True,True,CAATDSNYQLIW,TGTGCTGCGACTGATAGCAACTATCAGTTAATCTGG,52,1,clonotype1,clonotype1_consensus_2
CAGCAGCAGTGGAGTC-1,True,CAGCAGCAGTGGAGTC-1_contig_2,True,498,TRB,TRBV20-1,None,TRBJ2-1,TRBC2,True,True,CSARVGSEVNEQFF,TGCAGTGCTAGAGTGGGGTCGGAAGTCAATGAGCAGTTCTTC,3616,10,clonotype1,clonotype1_consensus_1
CAGCAGCCAACTGCGC-1,True,CAGCAGCCAACTGCGC-1_contig_1,True,491,TRA,TRAV26-1,None,TRAJ49,TRAC,True,True,CIVSTGNQFYF,TGCATCGTCAGCACCGGTAACCAGTTCTATTTT,67,1,clonotype1278,clonotype1278_consensus_2
CAGCAGCCAACTGCGC-1,True,CAGCAGCCAACTGCGC-1_contig_2,True,479,TRB,TRBV20-1,None,TRBJ1-1,TRBC1,True,True,CSARDASRQQNTEAFF,TGCAGTGCTAGAGACGCCTCACGACAGCAGAACACTGAAGCTTTCTTT,2433,6,clonotype1278,clonotype1278_consensus_1
CAGCAGCCAACTGCGC-1,True,CAGCAGCCAACTGCGC-1_contig_3,True,407,TRA,TRAV36/DV7,None,TRAJ28,TRAC,True,False,CAVKTLGL,TGTGCTGTGAAAACTCTGGGGCTG,551,1,clonotype1278,None
CAGCAGCCACGAAACG-1,True,CAGCAGCCACGAAACG-1_contig_1,True,505,TRA,TRAV1-2,None,TRAJ33,TRAC,True,True,CAATDSNYQLIW,TGTGCTGCGACTGATAGCAACTATCAGTTAATCTGG,871,4,clonotype1,clonotype1_consensus_2
CAGCAGCCACGAAACG-1,True,CAGCAGCCACGAAACG-1_contig_2,True,521,TRB,TRBV20-1,None,TRBJ2-1,TRBC2,True,True,CSARVGSEVNEQFF,TGCAGTGCTAGAGTGGGGTCGGAAGTCAATGAGCAGTTCTTC,955,3,clonotype1,clonotype1_consensus_1
CAGCAGCCACTCAGGC-1,True,CAGCAGCCACTCAGGC-1_contig_1,True,647,TRA,TRAV8-2,None,TRAJ28,TRAC,True,True,CVIYSGAGSYQLTF,TGTGTCATATACTCTGGGGCTGGGAGTTACCAACTCACTTTC,136,2,clonotype1279,clonotype1279_consensus_2
CAGCAGCCACTCAGGC-1,True,CAGCAGCCACTCAGGC-1_contig_2,True,501,TRB,TRBV20-1,None,TRBJ2-7,TRBC2,True,True,CSASDPPLKESYEQYF,TGCAGTGCTAGTGATCCTCCCTTGAAGGAATCCTACGAGCAGTACTTC,7503,6,clonotype1279,clonotype1279_consensus_1
CAGCAGCCACTCAGGC-1,True,CAGCAGCCACTCAGGC-1_contig_3,True,400,TRB,None,None,TRBJ1-5,TRBC1,False,False,None,None,587,2,clonotype1279,None
CAGCAGCCATTCTCAT-1,True,CAGCAGCCATTCTCAT-1_contig_1,True,470,TRA,TRAV21,None,TRAJ23,TRAC,True,True,CAVQYNQGGKLIF,TGTGCTGTACAATATAACCAGGGAGGAAAGCTTATCTTC,8200,8,clonotype1280,clonotype1280_consensus_2
CAGCAGCCATTCTCAT-1,True,CAGCAGCCATTCTCAT-1_contig_2,True,490,TRB,TRBV5-6,None,TRBJ2-5,TRBC2,True,True,CASRTTGGAETQYF,TGTGCCAGCAGGACAACAGGGGGCGCGGAGACCCAGTACTTC,6156,20,clonotype1280,clonotype1280_consensus_1
CAGCAGCGTCCAGTGC-1,True,CAGCAGCGTCCAGTGC-1_contig_1,True,448,TRA,TRAV13-1,None,TRAJ26,TRAC,True,True,CAAPGQNFVF,TGTGCAGCTCCCGGTCAGAATTTTGTCTTT,405,1,clonotype1281,clonotype1281_consensus_2
CAGCAGCGTCCAGTGC-1,True,CAGCAGCGTCCAGTGC-1_contig_2,True,501,TRB,TRBV20-1,None,TRBJ1-1,TRBC1,True,True,CSANQGAVRGDATEAFF,TGCAGTGCTAATCAAGGGGCAGTGAGGGGAGATGCCACTGAAGCTTTCTTT,3062,8,clonotype1281,clonotype1281_consensus_1
CAGCAGCGTCCAGTGC-1,True,CAGCAGCGTCCAGTGC-1_contig_3,True,302,TRB,None,None,TRBJ2-1,TRBC2,False,False,None,None,483,2,clonotype1281,None
CAGCAGCGTGTAATGA-1,True,CAGCAGCGTGTAATGA-1_contig_1,True,489,TRB,TRBV20-1,None,TRBJ1-1,TRBC1,True,True,CSAEGGMNTEAFF,TGCAGTGCTGAGGGGGGTATGAACACTGAAGCTTTCTTT,1195,7,clonotype1282,clonotype1282_consensus_2
CAGCAGCGTGTAATGA-1,True,CAGCAGCGTGTAATGA-1_contig_2,True,544,TRA,TRAV8-4,None,TRAJ49,TRAC,True,True,CAVRGTGNQFYF,TGTGCTGTGAGGGGCACCGGTAACCAGTTCTATTTT,643,3,clonotype1282,clonotype1282_consensus_1
CAGCAGCGTGTAATGA-1,True,CAGCAGCGTGTAATGA-1_contig_3,True,338,TRB,None,None,TRBJ1-6,TRBC1,False,False,None,None,625,2,clonotype1282,None
CAGCAGCTCCGTTGCT-1,True,CAGCAGCTCCGTTGCT-1_contig_1,True,505,TRA,TRAV1-2,None,TRAJ33,TRAC,True,True,CAATDSNYQLIW,TGTGCTGCGACTGATAGCAACTATCAGTTAATCTGG,89,2,clonotype1,clonotype1_consensus_2
CAGCAGCTCCGTTGCT-1,True,CAGCAGCTCCGTTGCT-1_contig_2,True,521,TRB,TRBV20-1,None,TRBJ2-1,TRBC2,True,True,CSARVGSEVNEQFF,TGCAGTGCTAGAGTGGGGTCGGAAGTCAATGAGCAGTTCTTC,1232,4,clonotype1,clonotype1_consensus_1
CAGCAGCTCCGTTGCT-1,True,CAGCAGCTCCGTTGCT-1_contig_3,True,482,TRA,TRAV10,None,TRAJ24,TRAC,True,False,None,None,1532,3,clonotype1,None
CAGCAGCTCGATAGAA-1,True,CAGCAGCTCGATAGAA-1_contig_1,True,507,TRB,TRBV20-1,None,TRBJ1-1,TRBC1,True,True,CSASTGTGYFRYTEAFF,TGCAGTGCGAGCACCGGGACAGGGTATTTTCGGTACACTGAAGCTTTCTTT,2044,8,clonotype38,clonotype38_consensus_1
CAGCAGCTCGATAGAA-1,True,CAGCAGCTCGATAGAA-1_contig_2,True,478,TRA,TRAV35,None,TRAJ47,TRAC,True,True,CAGVEYGNKLVF,TGTGCTGGGGTGGAATATGGAAACAAACTGGTCTTT,2862,5,clonotype38,clonotype38_consensus_2
CAGCAGCTCGCGTTTC-1,True,CAGCAGCTCGCGTTTC-1_contig_1,True,505,TRA,TRAV1-2,None,TRAJ33,TRAC,True,True,CAATDSNYQLIW,TGTGCTGCGACTGATAGCAACTATCAGTTAATCTGG,160,2,clonotype1,clonotype1_consensus_2
CAGCAGCTCGCGTTTC-1,True,CAGCAGCTCGCGTTTC-1_contig_2,True,521,TRB,TRBV20-1,None,TRBJ2-1,TRBC2,True,True,CSARVGSEVNEQFF,TGCAGTGCTAGAGTGGGGTCGGAAGTCAATGAGCAGTTCTTC,1604,7,clonotype1,clonotype1_consensus_1
CAGCAGCTCGCGTTTC-1,True,CAGCAGCTCGCGTTTC-1_contig_3,True,469,TRA,TRAV10,None,TRAJ24,TRAC,True,False,None,None,223,1,clonotype1,None
CAGCAGCTCTTAGCCC-1,True,CAGCAGCTCTTAGCCC-1_contig_1,True,515,TRB,TRBV20-1,None,TRBJ2-1,TRBC2,True,True,CSASRDYNEQFF,TGCAGTGCCTCGCGGGACTACAATGAGCAGTTCTTC,2488,8,clonotype1283,clonotype1283_consensus_1
CAGCAGCTCTTAGCCC-1,True,CAGCAGCTCTTAGCCC-1_contig_2,True,481,TRA,TRAV10,None,TRAJ10,TRAC,True,True,CVVQVWGGGNKLTF,TGTGTGGTGCAGGTTTGGGGAGGAGGAAACAAACTCACCTTT,8025,6,clonotype1283,clonotype1283_consensus_2
CAGCAGCTCTTAGCCC-1,True,CAGCAGCTCTTAGCCC-1_contig_3,True,524,TRB,TRBV20-1,None,TRBJ2-7,TRBC2,True,True,CSASLVGDRGYEQYF,TGCAGTGCTTCCCTGGTTGGGGACAGAGGATACGAGCAGTACTTC,1579,7,clonotype1283,clonotype1283_consensus_3
CAGCAGCTCTTAGCCC-1,True,CAGCAGCTCTTAGCCC-1_contig_4,True,678,TRA,TRAV8-3,None,TRAJ12,TRAC,True,False,None,None,331,2,clonotype1283,None
CAGCAGCTCTTGAGAC-1,True,CAGCAGCTCTTGAGAC-1_contig_1,True,485,TRB,TRBV20-1,None,TRBJ2-1,TRBC2,True,True,CSARVGSEVNEQFF,TGCAGTGCTAGAGTGGGGTCGGAAGTCAATGAGCAGTTCTTC,805,4,clonotype2,clonotype2_consensus_1
CAGCAGCTCTTGAGAC-1,True,CAGCAGCTCTTGAGAC-1_contig_2,True,483,TRA,TRAV10,None,TRAJ24,TRAC,True,False,None,None,191,4,clonotype2,None
CAGCATAAGAGATGAG-1,True,CAGCATAAGAGATGAG-1_contig_1,True,505,TRA,TRAV1-2,None,TRAJ33,TRAC,True,True,CAATDSNYQLIW,TGTGCTGCGACTGATAGCAACTATCAGTTAATCTGG,607,5,clonotype1,clonotype1_consensus_2
CAGCATAAGAGATGAG-1,True,CAGCATAAGAGATGAG-1_contig_2,True,492,TRB,TRBV20-1,None,TRBJ2-1,TRBC2,True,True,CSARVGSEVNEQFF,TGCAGTGCTAGAGTGGGGTCGGAAGTCAATGAGCAGTTCTTC,6074,6,clonotype1,clonotype1_consensus_1
CAGCATAAGAGTGACC-1,True,CAGCATAAGAGTGACC-1_contig_1,True,505,TRA,TRAV1-2,None,TRAJ33,TRAC,True,True,CAATDSNYQLIW,TGTGCTGCGACTGATAGCAACTATCAGTTAATCTGG,772,3,clonotype1,clonotype1_consensus_2
CAGCATAAGAGTGACC-1,True,CAGCATAAGAGTGACC-1_contig_2,True,521,TRB,TRBV20-1,None,TRBJ2-1,TRBC2,True,True,CSARVGSEVNEQFF,TGCAGTGCTAGAGTGGGGTCGGAAGTCAATGAGCAGTTCTTC,1625,5,clonotype1,clonotype1_consensus_1
CAGCATAAGAGTGACC-1,True,CAGCATAAGAGTGACC-1_contig_3,True,343,TRB,None,None,TRBJ1-6,TRBC1,False,False,None,None,1007,1,clonotype1,None
CAGCATAAGATGTGGC-1,True,CAGCATAAGATGTGGC-1_contig_1,True,524,TRB,TRBV20-1,None,TRBJ2-2,TRBC2,True,True,CSARESSPNTGELFF,TGCAGTGCTAGAGAGTCTAGTCCGAACACCGGGGAGCTGTTTTTT,1245,4,clonotype1284,clonotype1284_consensus_1
CAGCATAAGCCACGTC-1,True,CAGCATAAGCCACGTC-1_contig_1,True,505,TRA,TRAV1-2,None,TRAJ33,TRAC,True,True,CAATDSNYQLIW,TGTGCTGCGACTGATAGCAACTATCAGTTAATCTGG,380,5,clonotype1,clonotype1_consensus_2
CAGCATAAGCCACGTC-1,True,CAGCATAAGCCACGTC-1_contig_2,True,498,TRB,TRBV20-1,None,TRBJ2-1,TRBC2,True,True,CSARVGSEVNEQFF,TGCAGTGCTAGAGTGGGGTCGGAAGTCAATGAGCAGTTCTTC,183,2,clonotype1,clonotype1_consensus_1
CAGCATAAGCCAGTAG-1,True,CAGCATAAGCCAGTAG-1_contig_1,True,505,TRA,TRAV1-2,None,TRAJ33,TRAC,True,True,CAATDSNYQLIW,TGTGCTGCGACTGATAGCAACTATCAGTTAATCTGG,5701,1,clonotype1,clonotype1_consensus_2
CAGCATAAGCCAGTAG-1,True,CAGCATAAGCCAGTAG-1_contig_2,True,498,TRB,TRBV20-1,None,TRBJ2-1,TRBC2,True,True,CSARVGSEVNEQFF,TGCAGTGCTAGAGTGGGGTCGGAAGTCAATGAGCAGTTCTTC,3575,6,clonotype1,clonotype1_consensus_1
CAGCATAAGTATCGAA-1,True,CAGCATAAGTATCGAA-1_contig_1,True,530,TRA,TRAV5,None,TRAJ40,TRAC,True,True,CAEKGRTSGTYKYIF,TGTGCAGAGAAGGGACGGACCTCAGGAACCTACAAATACATCTTT,3577,6,clonotype1285,clonotype1285_consensus_1
CAGCATAAGTATCGAA-1,True,CAGCATAAGTATCGAA-1_contig_2,True,521,TRB,TRBV20-1,None,TRBJ1-3,TRBC1,True,True,CSASTQVSGNTIYF,TGCAGTGCTAGCACACAGGTCTCTGGAAACACCATATATTTT,2701,11,clonotype1285,clonotype1285_consensus_2
CAGCATAAGTATCGAA-1,True,CAGCATAAGTATCGAA-1_contig_3,True,460,TRA,None,None,TRAJ6,None,False,False,None,None,161,1,clonotype1285,None
CAGCATAAGTATCGAA-1,True,CAGCATAAGTATCGAA-1_contig_4,True,313,TRB,None,None,TRBJ1-4,TRBC1,False,False,None,None,249,2,clonotype1285,None
CAGCATAAGTGAAGTT-1,True,CAGCATAAGTGAAGTT-1_contig_1,True,505,TRA,TRAV1-2,None,TRAJ33,TRAC,True,True,CAATDSNYQLIW,TGTGCTGCGACTGATAGCAACTATCAGTTAATCTGG,2002,6,clonotype1,clonotype1_consensus_2
CAGCATAAGTGAAGTT-1,True,CAGCATAAGTGAAGTT-1_contig_2,True,492,TRB,TRBV20-1,None,TRBJ2-1,TRBC2,True,True,CSARVGSEVNEQFF,TGCAGTGCTAGAGTGGGGTCGGAAGTCAATGAGCAGTTCTTC,2253,8,clonotype1,clonotype1_consensus_1
CAGCATAAGTTACCCA-1,True,CAGCATAAGTTACCCA-1_contig_1,True,518,TRB,TRBV20-1,None,TRBJ2-5,TRBC2,True,True,CSAWTGGEETQYF,TGCAGTGCTTGGACAGGGGGTGAAGAGACCCAGTACTTC,2489,11,clonotype201,clonotype201_consensus_1
CAGCATAAGTTACCCA-1,True,CAGCATAAGTTACCCA-1_contig_2,True,634,TRA,TRAV8-2,None,TRAJ36,TRAC,True,True,CVSTGANNLFF,TGTGTTTCAACTGGGGCAAACAACCTCTTCTTT,114,3,clonotype201,clonotype201_consensus_2
CAGCATACACAACGCC-1,True,CAGCATACACAACGCC-1_contig_1,True,505,TRA,TRAV1-2,None,TRAJ33,TRAC,True,True,CAATDSNYQLIW,TGTGCTGCGACTGATAGCAACTATCAGTTAATCTGG,550,3,clonotype1,clonotype1_consensus_2
CAGCATACACAACGCC-1,True,CAGCATACACAACGCC-1_contig_2,True,498,TRB,TRBV20-1,None,TRBJ2-1,TRBC2,True,True,CSARVGSEVNEQFF,TGCAGTGCTAGAGTGGGGTCGGAAGTCAATGAGCAGTTCTTC,1420,6,clonotype1,clonotype1_consensus_1
CAGCATACACACAGAG-1,True,CAGCATACACACAGAG-1_contig_1,True,495,TRB,TRBV20-1,None,TRBJ2-1,TRBC2,True,True,CSASVLAGSYNEQFF,TGCAGTGCTAGCGTACTAGCGGGCTCCTACAATGAGCAGTTCTTC,456,3,clonotype253,clonotype253_consensus_2
CAGCATACACACAGAG-1,True,CAGCATACACACAGAG-1_contig_2,True,478,TRA,TRAV38-1,None,TRAJ43,TRAC,True,True,CAFMKHGGNNNDMRF,TGTGCTTTCATGAAGCATGGGGGAAATAACAATGACATGCGCTTT,8561,3,clonotype253,clonotype253_consensus_1
CAGCATACACACCGCA-1,True,CAGCATACACACCGCA-1_contig_1,True,521,TRB,TRBV20-1,None,TRBJ2-1,TRBC2,True,True,CSARVGSEVNEQFF,TGCAGTGCTAGAGTGGGGTCGGAAGTCAATGAGCAGTTCTTC,2021,8,clonotype2,clonotype2_consensus_1
CAGCATACACACCGCA-1,True,CAGCATACACACCGCA-1_contig_2,True,459,TRA,TRAV10,None,TRAJ24,TRAC,True,False,None,None,119,3,clonotype2,None
CAGCATACACCATCCT-1,True,CAGCATACACCATCCT-1_contig_1,True,505,TRA,TRAV1-2,None,TRAJ33,TRAC,True,True,CAATDSNYQLIW,TGTGCTGCGACTGATAGCAACTATCAGTTAATCTGG,1448,2,clonotype1,clonotype1_consensus_2
CAGCATACACCATCCT-1,True,CAGCATACACCATCCT-1_contig_2,True,521,TRB,TRBV20-1,None,TRBJ2-1,TRBC2,True,True,CSARVGSEVNEQFF,TGCAGTGCTAGAGTGGGGTCGGAAGTCAATGAGCAGTTCTTC,1370,9,clonotype1,clonotype1_consensus_1
CAGCATACACTTACGA-1,True,CAGCATACACTTACGA-1_contig_1,True,624,TRA,TRAV3,None,TRAJ17,TRAC,True,True,CAVRGHRLAAGNKLTF,TGTGCTGTGAGAGGCCACCGGTTAGCTGCAGGCAACAAGCTAACTTTT,372,5,clonotype1286,clonotype1286_consensus_2
CAGCATACACTTACGA-1,True,CAGCATACACTTACGA-1_contig_2,True,496,TRB,TRBV5-6,None,TRBJ2-7,TRBC2,True,True,CASSFGDRGFSYEQYF,TGTGCCAGCAGCTTCGGGGACAGGGGGTTCTCCTACGAGCAGTACTTC,1421,4,clonotype1286,clonotype1286_consensus_1
CAGCATACATCATCCC-1,True,CAGCATACATCATCCC-1_contig_1,True,505,TRA,TRAV1-2,None,TRAJ33,TRAC,True,True,CAATDSNYQLIW,TGTGCTGCGACTGATAGCAACTATCAGTTAATCTGG,136,3,clonotype1,clonotype1_consensus_2
CAGCATACATCATCCC-1,True,CAGCATACATCATCCC-1_contig_2,True,473,TRB,TRBV20-1,None,TRBJ2-1,TRBC2,True,True,CSARVGSEVNEQFF,TGCAGTGCTAGAGTGGGGTCGGAAGTCAATGAGCAGTTCTTC,1448,7,clonotype1,clonotype1_consensus_1
CAGCATAGTAGCTTGT-1,True,CAGCATAGTAGCTTGT-1_contig_1,True,505,TRA,TRAV1-2,None,TRAJ33,TRAC,True,True,CAATDSNYQLIW,TGTGCTGCGACTGATAGCAACTATCAGTTAATCTGG,5377,6,clonotype1,clonotype1_consensus_2
CAGCATAGTAGCTTGT-1,True,CAGCATAGTAGCTTGT-1_contig_2,True,521,TRB,TRBV20-1,None,TRBJ2-1,TRBC2,True,True,CSARVGSEVNEQFF,TGCAGTGCTAGAGTGGGGTCGGAAGTCAATGAGCAGTTCTTC,2646,9,clonotype1,clonotype1_consensus_1
CAGCATAGTCGGCACT-1,True,CAGCATAGTCGGCACT-1_contig_1,True,502,TRA,TRAV1-2,None,TRAJ30,TRAC,True,True,CAVRDLREIIF,TGTGCTGTGAGAGATCTTCGGGAGATCATCTTT,583,3,clonotype32,clonotype32_consensus_3
CAGCATAGTCGGCACT-1,True,CAGCATAGTCGGCACT-1_contig_2,True,684,TRB,TRBV5-5,None,TRBJ1-4,TRBC1,True,True,CASSHPGPNYATNEKLFF,TGTGCCAGCAGCCATCCCGGACCGAACTACGCAACTAATGAAAAACTGTTTTTT,1419,6,clonotype32,clonotype32_consensus_1
CAGCATAGTCGGCACT-1,True,CAGCATAGTCGGCACT-1_contig_3,True,505,TRA,TRAV1-2,None,TRAJ33,TRAC,True,True,CAATDSNYQLIW,TGTGCTGCGACTGATAGCAACTATCAGTTAATCTGG,946,4,clonotype32,clonotype32_consensus_4
CAGCATAGTCGGCACT-1,True,CAGCATAGTCGGCACT-1_contig_4,True,521,TRB,TRBV20-1,None,TRBJ2-1,TRBC2,True,True,CSARVGSEVNEQFF,TGCAGTGCTAGAGTGGGGTCGGAAGTCAATGAGCAGTTCTTC,647,4,clonotype32,clonotype32_consensus_2
CAGCATAGTCTCCCTA-1,True,CAGCATAGTCTCCCTA-1_contig_1,True,505,TRA,TRAV1-2,None,TRAJ33,TRAC,True,True,CAATDSNYQLIW,TGTGCTGCGACTGATAGCAACTATCAGTTAATCTGG,362,1,clonotype1,clonotype1_consensus_2
CAGCATAGTCTCCCTA-1,True,CAGCATAGTCTCCCTA-1_contig_2,True,521,TRB,TRBV20-1,None,TRBJ2-1,TRBC2,True,True,CSARVGSEVNEQFF,TGCAGTGCTAGAGTGGGGTCGGAAGTCAATGAGCAGTTCTTC,676,6,clonotype1,clonotype1_consensus_1
CAGCATAGTCTCCCTA-1,True,CAGCATAGTCTCCCTA-1_contig_3,True,459,TRA,TRAV10,None,TRAJ24,TRAC,True,False,None,None,252,1,clonotype1,None
CAGCATATCAGCACAT-1,True,CAGCATATCAGCACAT-1_contig_1,True,521,TRB,TRBV20-1,None,TRBJ1-4,TRBC1,True,True,CSARTGGRNEKLFF,TGCAGTGCTAGAACAGGGGGGCGTAATGAAAAACTGTTTTTT,1947,9,clonotype1287,clonotype1287_consensus_1
CAGCATATCAGCGACC-1,True,CAGCATATCAGCGACC-1_contig_1,True,505,TRA,TRAV1-2,None,TRAJ33,TRAC,True,True,CAATDSNYQLIW,TGTGCTGCGACTGATAGCAACTATCAGTTAATCTGG,519,3,clonotype1,clonotype1_consensus_2
CAGCATATCAGCGACC-1,True,CAGCATATCAGCGACC-1_contig_2,True,498,TRB,TRBV20-1,None,TRBJ2-1,TRBC2,True,True,CSARVGSEVNEQFF,TGCAGTGCTAGAGTGGGGTCGGAAGTCAATGAGCAGTTCTTC,625,6,clonotype1,clonotype1_consensus_1
CAGCATATCAGCGACC-1,True,CAGCATATCAGCGACC-1_contig_3,True,471,TRA,TRAV10,None,TRAJ24,TRAC,True,False,None,None,761,2,clonotype1,None
CAGCATATCCAGATCA-1,True,CAGCATATCCAGATCA-1_contig_1,True,502,TRA,TRAV1-2,None,TRAJ33,TRAC,True,True,CAATDSNYQLIW,TGTGCTGCGACTGATAGCAACTATCAGTTAATCTGG,149,1,clonotype1,clonotype1_consensus_2
CAGCATATCCAGATCA-1,True,CAGCATATCCAGATCA-1_contig_2,True,473,TRB,TRBV20-1,None,TRBJ2-1,TRBC2,True,True,CSARVGSEVNEQFF,TGCAGTGCTAGAGTGGGGTCGGAAGTCAATGAGCAGTTCTTC,741,6,clonotype1,clonotype1_consensus_1
CAGCATATCCAGATCA-1,True,CAGCATATCCAGATCA-1_contig_3,True,467,TRA,TRAV10,None,TRAJ24,TRAC,True,False,None,None,620,2,clonotype1,None
CAGCATATCCGTTGTC-1,True,CAGCATATCCGTTGTC-1_contig_1,True,567,TRA,TRAV8-4,None,TRAJ9,TRAC,True,True,CAVRNTGGFKTIF,TGTGCTGTGAGGAATACTGGAGGCTTCAAAACTATCTTT,1121,10,clonotype46,clonotype46_consensus_2
CAGCATATCCGTTGTC-1,True,CAGCATATCCGTTGTC-1_contig_2,True,668,TRB,TRBV5-6,None,TRBJ2-2,TRBC2,True,True,CASSHQVQRGDTGELFF,TGTGCCAGCAGCCATCAGGTCCAGCGGGGGGACACCGGGGAGCTGTTTTTT,2991,9,clonotype46,clonotype46_consensus_1
CAGCATATCGGAGGTA-1,True,CAGCATATCGGAGGTA-1_contig_1,True,535,TRA,TRAV16,None,TRAJ31,TRAC,True,True,CALSGRNNNARLMF,TGTGCTCTAAGTGGACGGAATAACAATGCCAGACTCATGTTT,4937,1,clonotype1288,clonotype1288_consensus_2
CAGCATATCGGAGGTA-1,True,CAGCATATCGGAGGTA-1_contig_2,True,521,TRB,TRBV20-1,None,TRBJ2-2,TRBC2,True,True,CSAGGGASTGELFF,TGCAGTGCCGGCGGGGGGGCGAGTACCGGGGAGCTGTTTTTT,2188,9,clonotype1288,clonotype1288_consensus_1
CAGCATATCGGCGCTA-1,True,CAGCATATCGGCGCTA-1_contig_1,True,505,TRA,TRAV1-2,None,TRAJ33,TRAC,True,True,CAATDSNYQLIW,TGTGCTGCGACTGATAGCAACTATCAGTTAATCTGG,171,1,clonotype1,clonotype1_consensus_2
CAGCATATCGGCGCTA-1,True,CAGCATATCGGCGCTA-1_contig_2,True,521,TRB,TRBV20-1,None,TRBJ2-1,TRBC2,True,True,CSARVGSEVNEQFF,TGCAGTGCTAGAGTGGGGTCGGAAGTCAATGAGCAGTTCTTC,2544,11,clonotype1,clonotype1_consensus_1
CAGCATATCGGCGCTA-1,True,CAGCATATCGGCGCTA-1_contig_3,True,482,TRA,TRAV10,None,TRAJ24,TRAC,True,False,None,None,4625,4,clonotype1,None
CAGCATATCTCGCTTG-1,True,CAGCATATCTCGCTTG-1_contig_1,True,478,TRA,TRAV26-1,None,TRAJ27,TRAC,True,True,CIVRTNAGKSTF,TGCATCGTCAGGACCAATGCAGGCAAATCAACCTTT,137,2,clonotype254,clonotype254_consensus_2
CAGCATATCTCGCTTG-1,True,CAGCATATCTCGCTTG-1_contig_2,True,527,TRB,TRBV20-1,None,TRBJ1-4,TRBC1,True,True,CSARNREVSTNEKLFF,TGCAGTGCTAGAAACAGGGAGGTTTCAACTAATGAAAAACTGTTTTTT,2303,12,clonotype254,clonotype254_consensus_1
CAGCATATCTTACCGC-1,True,CAGCATATCTTACCGC-1_contig_1,True,505,TRA,TRAV1-2,None,TRAJ33,TRAC,True,True,CAATDSNYQLIW,TGTGCTGCGACTGATAGCAACTATCAGTTAATCTGG,439,1,clonotype1,clonotype1_consensus_2
CAGCATATCTTACCGC-1,True,CAGCATATCTTACCGC-1_contig_2,True,498,TRB,TRBV20-1,None,TRBJ2-1,TRBC2,True,True,CSARVGSEVNEQFF,TGCAGTGCTAGAGTGGGGTCGGAAGTCAATGAGCAGTTCTTC,1681,9,clonotype1,clonotype1_consensus_1
CAGCATATCTTACCGC-1,True,CAGCATATCTTACCGC-1_contig_3,True,465,TRA,TRAV10,None,TRAJ24,TRAC,True,False,None,None,436,3,clonotype1,None
CAGCCGAAGACGCAAC-1,True,CAGCCGAAGACGCAAC-1_contig_1,True,502,TRA,TRAV1-2,None,TRAJ30,TRAC,True,True,CAVRDLREIIF,TGTGCTGTGAGAGATCTTCGGGAGATCATCTTT,8641,2,clonotype3,clonotype3_consensus_2
CAGCCGAAGACGCAAC-1,True,CAGCCGAAGACGCAAC-1_contig_2,True,492,TRB,TRBV5-5,None,TRBJ1-4,TRBC1,True,True,CASSHPGPNYATNEKLFF,TGTGCCAGCAGCCATCCCGGACCGAACTACGCAACTAATGAAAAACTGTTTTTT,41,1,clonotype3,clonotype3_consensus_1
CAGCCGAAGACGCAAC-1,True,CAGCCGAAGACGCAAC-1_contig_3,True,432,TRB,TRBV7-3,None,TRBJ2-1,TRBC2,True,False,CQQRSLKAGGPYNEQFF,TGCCAGCAGCGGTCACTTAAAGCGGGGGGACCCTACAATGAGCAGTTCTTC,111,5,clonotype3,None
CAGCCGAAGACTAAGT-1,True,CAGCCGAAGACTAAGT-1_contig_1,True,621,TRA,TRAV41,None,TRAJ48,TRAC,True,True,CAVSADFGNEKLTF,TGTGCTGTCAGCGCTGACTTTGGAAATGAGAAATTAACCTTT,444,2,clonotype1289,clonotype1289_consensus_3
CAGCCGAAGACTAAGT-1,True,CAGCCGAAGACTAAGT-1_contig_2,True,524,TRB,TRBV20-1,None,TRBJ2-1,TRBC2,True,True,CSASPRDSLYNEQFF,TGCAGTGCTAGTCCTCGGGACAGCCTGTACAATGAGCAGTTCTTC,2780,9,clonotype1289,clonotype1289_consensus_1
CAGCCGAAGACTAAGT-1,True,CAGCCGAAGACTAAGT-1_contig_3,True,547,TRA,TRAV12-1,None,TRAJ26,TRAC,True,True,CVVAPYGQNFVF,TGTGTGGTGGCCCCCTATGGTCAGAATTTTGTCTTT,572,4,clonotype1289,clonotype1289_consensus_2
CAGCCGAAGACTAAGT-1,True,CAGCCGAAGACTAAGT-1_contig_4,True,510,TRB,TRBV5-5,None,TRBJ2-7,TRBC2,True,True,CASSFPGGTYEQYF,TGTGCCAGCAGCTTTCCCGGGGGCACCTACGAGCAGTACTTC,2804,10,clonotype1289,clonotype1289_consensus_4
CAGCCGAAGCCCAACC-1,True,CAGCCGAAGCCCAACC-1_contig_1,True,654,TRB,TRBV5-6,None,TRBJ2-7,TRBC2,True,True,CASSLAKEQYF,TGTGCCAGCAGCTTGGCAAAGGAGCAGTACTTC,1639,7,clonotype16,clonotype16_consensus_1
CAGCCGAAGCCCAACC-1,True,CAGCCGAAGCCCAACC-1_contig_2,True,523,TRA,TRAV35,None,TRAJ27,TRAC,True,False,CSNAGNNRKLIW,TGCTCTAATGCTGGCAACAACCGTAAGCTGATTTGG,579,3,clonotype16,None
CAGCCGAAGCCCTAAT-1,True,CAGCCGAAGCCCTAAT-1_contig_1,True,509,TRA,TRAV13-2,None,TRAJ37,TRAC,True,True,CAENLGGTGKLIF,TGTGCAGAGAATCTCGGGGGCACAGGCAAACTAATCTTT,585,3,clonotype1290,clonotype1290_consensus_2
CAGCCGAAGCCCTAAT-1,True,CAGCCGAAGCCCTAAT-1_contig_2,True,518,TRB,TRBV20-1,None,TRBJ1-5,TRBC1,True,True,CSARVQGNQPQHF,TGCAGTGCTAGGGTCCAGGGTAATCAGCCCCAGCATTTT,9421,16,clonotype1290,clonotype1290_consensus_1
CAGCCGAAGCCCTAAT-1,True,CAGCCGAAGCCCTAAT-1_contig_3,True,306,TRB,None,None,TRBJ2-2P,TRBC2,False,False,None,None,1049,2,clonotype1290,None
CAGCCGAAGGAGCGAG-1,True,CAGCCGAAGGAGCGAG-1_contig_1,True,505,TRA,TRAV1-2,None,TRAJ33,TRAC,True,True,CAATDSNYQLIW,TGTGCTGCGACTGATAGCAACTATCAGTTAATCTGG,580,5,clonotype1,clonotype1_consensus_2
CAGCCGAAGGAGCGAG-1,True,CAGCCGAAGGAGCGAG-1_contig_2,True,521,TRB,TRBV20-1,None,TRBJ2-1,TRBC2,True,True,CSARVGSEVNEQFF,TGCAGTGCTAGAGTGGGGTCGGAAGTCAATGAGCAGTTCTTC,1231,6,clonotype1,clonotype1_consensus_1
CAGCCGAAGGATGGAA-1,True,CAGCCGAAGGATGGAA-1_contig_1,True,505,TRA,TRAV1-2,None,TRAJ33,TRAC,True,True,CAATDSNYQLIW,TGTGCTGCGACTGATAGCAACTATCAGTTAATCTGG,732,4,clonotype1,clonotype1_consensus_2
CAGCCGAAGGATGGAA-1,True,CAGCCGAAGGATGGAA-1_contig_2,True,521,TRB,TRBV20-1,None,TRBJ2-1,TRBC2,True,True,CSARVGSEVNEQFF,TGCAGTGCTAGAGTGGGGTCGGAAGTCAATGAGCAGTTCTTC,1835,7,clonotype1,clonotype1_consensus_1
CAGCCGAAGGTGGGTT-1,True,CAGCCGAAGGTGGGTT-1_contig_1,True,508,TRB,TRBV7-3,None,TRBJ2-2,TRBC2,True,True,CASSLLRTTDTGELFF,TGTGCCAGCAGCCTGCTGAGGACAACCGACACCGGGGAGCTGTTTTTT,2478,15,clonotype1291,clonotype1291_consensus_1
CAGCCGAAGGTGGGTT-1,True,CAGCCGAAGGTGGGTT-1_contig_2,True,546,TRA,TRAV5,None,TRAJ6,TRAC,True,True,CASERGSYIPTF,TGTGCTTCCGAAAGAGGAAGCTACATACCTACATTT,376,5,clonotype1291,clonotype1291_consensus_2
CAGCCGAAGTCTCAAC-1,True,CAGCCGAAGTCTCAAC-1_contig_1,True,498,TRB,TRBV20-1,None,TRBJ1-5,TRBC1,True,True,CSARLQGRNQPQHF,TGCAGTGCTAGACTGCAGGGACGCAATCAGCCCCAGCATTTT,3251,10,clonotype1292,clonotype1292_consensus_2
CAGCCGAAGTCTCAAC-1,True,CAGCCGAAGTCTCAAC-1_contig_2,True,513,TRA,TRAV6,None,TRAJ16,TRAC,True,True,CALDMGMGQKLLF,TGTGCTCTAGACATGGGTATGGGCCAGAAGCTGCTCTTT,237,2,clonotype1292,clonotype1292_consensus_1
CAGCCGACAATCCAAC-1,True,CAGCCGACAATCCAAC-1_contig_1,True,518,TRB,TRBV20-1,None,TRBJ2-1,TRBC2,True,True,CSARARLDNEQFF,TGCAGTGCTAGAGCCCGACTCGACAATGAGCAGTTCTTC,2765,7,clonotype1293,clonotype1293_consensus_1
CAGCCGACAATCCAAC-1,True,CAGCCGACAATCCAAC-1_contig_2,True,521,TRB,TRBV20-1,None,TRBJ2-1,TRBC2,True,True,CSAPLAGRRNEQFF,TGCAGTGCTCCACTAGCGGGCCGGCGGAATGAGCAGTTCTTC,1445,11,clonotype1293,clonotype1293_consensus_2
CAGCCGACACATCCAA-1,True,CAGCCGACACATCCAA-1_contig_1,True,505,TRA,TRAV1-2,None,TRAJ33,TRAC,True,True,CAATDSNYQLIW,TGTGCTGCGACTGATAGCAACTATCAGTTAATCTGG,394,1,clonotype1,clonotype1_consensus_2
CAGCCGACACATCCAA-1,True,CAGCCGACACATCCAA-1_contig_2,True,473,TRB,TRBV20-1,None,TRBJ2-1,TRBC2,True,True,CSARVGSEVNEQFF,TGCAGTGCTAGAGTGGGGTCGGAAGTCAATGAGCAGTTCTTC,1779,5,clonotype1,clonotype1_consensus_1
CAGCCGACACATCCAA-1,True,CAGCCGACACATCCAA-1_contig_3,True,470,TRA,TRAV10,None,TRAJ24,TRAC,True,False,None,None,794,3,clonotype1,None
CAGCCGACACCAGGTC-1,True,CAGCCGACACCAGGTC-1_contig_1,True,574,TRA,TRAV26-1,None,TRAJ45,TRAC,True,True,CIVRLGGGADGLTF,TGCATCGTCAGGCTAGGAGGAGGTGCTGACGGACTCACCTTT,699,3,clonotype1294,clonotype1294_consensus_2
CAGCCGACACCAGGTC-1,True,CAGCCGACACCAGGTC-1_contig_2,True,521,TRB,TRBV20-1,None,TRBJ2-1,TRBC2,True,True,CSTTDRLSYNEQFF,TGCAGTACAACCGACAGGCTCTCCTACAATGAGCAGTTCTTC,614,4,clonotype1294,clonotype1294_consensus_3
CAGCCGACACCAGGTC-1,True,CAGCCGACACCAGGTC-1_contig_3,True,498,TRA,TRAV12-3,None,TRAJ44,TRAC,True,True,CAINTGTASKLTF,TGTGCAATCAATACCGGCACTGCCAGTAAACTCACCTTT,662,2,clonotype1294,clonotype1294_consensus_1
CAGCCGACAGATCTGT-1,True,CAGCCGACAGATCTGT-1_contig_1,True,505,TRA,TRAV20,None,TRAJ35,TRAC,True,True,CAVQPGFGNVLHC,TGTGCTGTGCAGCCGGGCTTTGGGAATGTGCTGCATTGC,1371,6,clonotype1295,clonotype1295_consensus_1
CAGCCGACAGATCTGT-1,True,CAGCCGACAGATCTGT-1_contig_2,True,504,TRB,TRBV5-5,None,TRBJ1-2,TRBC1,True,True,CASSSDRGAYGYTF,TGTGCCAGCAGTTCTGACAGGGGAGCTTACGGCTACACCTTC,13615,11,clonotype1295,clonotype1295_consensus_2
CAGCCGACAGATCTGT-1,True,CAGCCGACAGATCTGT-1_contig_3,True,406,TRA,TRAV8-6,None,None,TRAC,False,False,None,None,533,1,clonotype1295,None
CAGCCGAGTAGTAGTA-1,True,CAGCCGAGTAGTAGTA-1_contig_1,True,621,TRA,TRAV3,None,TRAJ18,TRAC,True,True,CAVNDRGSTLGRLYF,TGTGCTGTGAACGACAGAGGCTCAACCCTGGGGAGGCTATACTTT,386,3,clonotype107,clonotype107_consensus_1
CAGCCGAGTAGTAGTA-1,True,CAGCCGAGTAGTAGTA-1_contig_2,True,494,TRB,TRBV5-5,None,TRBJ1-2,TRBC1,True,True,CASSTGTGGSYGYTF,TGTGCCAGCAGCACAGGGACAGGGGGCAGCTATGGCTACACCTTC,1697,7,clonotype107,clonotype107_consensus_2
CAGCCGAGTATATGGA-1,True,CAGCCGAGTATATGGA-1_contig_1,True,439,TRA,TRAV39,None,TRAJ34,TRAC,True,True,CAAVNTDKLIF,TGTGCCGCGGTGAACACCGACAAGCTCATCTTT,716,4,clonotype1296,clonotype1296_consensus_1
CAGCCGAGTATATGGA-1,True,CAGCCGAGTATATGGA-1_contig_2,True,676,TRB,TRBV5-6,None,TRBJ2-3,TRBC2,True,True,CASSSVRGGGADTQYF,TGTGCCAGCAGCTCCGTACGGGGGGGCGGAGCAGATACGCAGTATTTT,960,8,clonotype1296,clonotype1296_consensus_2
CAGCCGAGTCCGACGT-1,True,CAGCCGAGTCCGACGT-1_contig_1,True,505,TRB,TRBV20-1,None,TRBJ2-3,TRBC2,True,True,CSASLAGQDTQYF,TGCAGTGCTAGTCTAGCGGGGCAAGATACGCAGTATTTT,2280,9,clonotype255,clonotype255_consensus_1
CAGCCGAGTCCGACGT-1,True,CAGCCGAGTCCGACGT-1_contig_2,True,501,TRA,TRAV12-3,None,TRAJ44,TRAC,True,True,CAMQEPGTASKLTF,TGTGCAATGCAAGAGCCCGGCACTGCCAGTAAACTCACCTTT,279,3,clonotype255,clonotype255_consensus_2
CAGCCGAGTCCTCTTG-1,True,CAGCCGAGTCCTCTTG-1_contig_1,True,512,TRB,TRBV5-5,None,TRBJ2-7,TRBC2,True,True,CASSSNLNRGTRSYEQYF,TGTGCCAGCAGCTCGAACCTCAACAGGGGGACTAGGTCCTACGAGCAGTACTTC,1462,4,clonotype1297,clonotype1297_consensus_2
CAGCCGAGTCCTCTTG-1,True,CAGCCGAGTCCTCTTG-1_contig_2,True,544,TRA,TRAV16,None,TRAJ28,TRAC,True,True,CALSPTGAGSYQLTF,TGTGCTCTAAGTCCTACTGGGGCTGGGAGTTACCAACTCACTTTC,432,2,clonotype1297,clonotype1297_consensus_1
CAGCCGAGTGCAGGTA-1,True,CAGCCGAGTGCAGGTA-1_contig_1,True,521,TRB,TRBV20-1,None,TRBJ2-1,TRBC2,True,True,CSARVGSEVNEQFF,TGCAGTGCTAGAGTGGGGTCGGAAGTCAATGAGCAGTTCTTC,2513,4,clonotype2,clonotype2_consensus_1
CAGCCGAGTTCACGGC-1,True,CAGCCGAGTTCACGGC-1_contig_1,True,514,TRA,TRAV1-2,None,TRAJ15,TRAC,True,True,CAVRDLGQAGTALIF,TGTGCTGTGAGAGATCTAGGGCAGGCAGGAACTGCTCTGATCTTT,1324,4,clonotype1298,clonotype1298_consensus_2
CAGCCGAGTTCACGGC-1,True,CAGCCGAGTTCACGGC-1_contig_2,True,533,TRB,TRBV20-1,None,TRBJ2-3,TRBC2,True,True,CSAHVRRGAIDLTDTQYF,TGCAGTGCTCACGTCCGGCGGGGGGCGATAGATCTCACAGATACGCAGTATTTT,3633,14,clonotype1298,clonotype1298_consensus_1
CAGCCGATCACTTCAT-1,True,CAGCCGATCACTTCAT-1_contig_1,True,502,TRA,TRAV1-2,None,TRAJ30,TRAC,True,True,CAVRDLREIIF,TGTGCTGTGAGAGATCTTCGGGAGATCATCTTT,103,4,clonotype3,clonotype3_consensus_2
CAGCCGATCACTTCAT-1,True,CAGCCGATCACTTCAT-1_contig_2,True,487,TRB,TRBV5-5,None,TRBJ1-4,TRBC1,True,True,CASSHPGPNYATNEKLFF,TGTGCCAGCAGCCATCCCGGACCGAACTACGCAACTAATGAAAAACTGTTTTTT,265,2,clonotype3,clonotype3_consensus_1
CAGCCGATCACTTCAT-1,True,CAGCCGATCACTTCAT-1_contig_3,True,335,TRB,None,None,TRBJ1-6,TRBC1,False,False,None,None,62,1,clonotype3,None
CAGCCGATCGATCCCT-1,True,CAGCCGATCGATCCCT-1_contig_1,True,632,TRA,TRAV12-1,None,TRAJ9,TRAC,True,True,CVVTRNTGGFKTIF,TGTGTGGTGACACGAAATACTGGAGGCTTCAAAACTATCTTT,1355,5,clonotype188,clonotype188_consensus_1
CAGCGACAGACAAGCC-1,True,CAGCGACAGACAAGCC-1_contig_1,True,505,TRA,TRAV1-2,None,TRAJ33,TRAC,True,True,CAATDSNYQLIW,TGTGCTGCGACTGATAGCAACTATCAGTTAATCTGG,591,4,clonotype1,clonotype1_consensus_2
CAGCGACAGACAAGCC-1,True,CAGCGACAGACAAGCC-1_contig_2,True,502,TRB,TRBV20-1,None,TRBJ2-1,TRBC2,True,True,CSARVGSEVNEQFF,TGCAGTGCTAGAGTGGGGTCGGAAGTCAATGAGCAGTTCTTC,1932,7,clonotype1,clonotype1_consensus_1
CAGCGACAGCCACTAT-1,True,CAGCGACAGCCACTAT-1_contig_1,True,521,TRB,TRBV20-1,None,TRBJ2-1,TRBC2,True,True,CSARVGSEVNEQFF,TGCAGTGCTAGAGTGGGGTCGGAAGTCAATGAGCAGTTCTTC,2011,9,clonotype2,clonotype2_consensus_1
CAGCGACAGCCACTAT-1,True,CAGCGACAGCCACTAT-1_contig_2,True,482,TRA,TRAV10,None,TRAJ24,TRAC,True,False,None,None,535,1,clonotype2,None
CAGCGACAGCTCCCAG-1,True,CAGCGACAGCTCCCAG-1_contig_1,True,498,TRB,TRBV20-1,None,TRBJ2-1,TRBC2,True,True,CSARVGSEVNEQFF,TGCAGTGCTAGAGTGGGGTCGGAAGTCAATGAGCAGTTCTTC,1623,5,clonotype2,clonotype2_consensus_1
CAGCGACAGCTCTCGG-1,True,CAGCGACAGCTCTCGG-1_contig_1,True,505,TRA,TRAV1-2,None,TRAJ33,TRAC,True,True,CAATDSNYQLIW,TGTGCTGCGACTGATAGCAACTATCAGTTAATCTGG,968,4,clonotype1,clonotype1_consensus_2
CAGCGACAGCTCTCGG-1,True,CAGCGACAGCTCTCGG-1_contig_2,True,521,TRB,TRBV20-1,None,TRBJ2-1,TRBC2,True,True,CSARVGSEVNEQFF,TGCAGTGCTAGAGTGGGGTCGGAAGTCAATGAGCAGTTCTTC,2419,7,clonotype1,clonotype1_consensus_1
CAGCGACAGCTCTCGG-1,True,CAGCGACAGCTCTCGG-1_contig_3,True,458,TRA,TRAV10,None,TRAJ24,TRAC,True,False,None,None,451,2,clonotype1,None
CAGCGACAGGATGTAT-1,True,CAGCGACAGGATGTAT-1_contig_1,True,586,TRA,TRAV17,None,TRAJ56,TRAC,True,True,CATDAAGANSKLTF,TGTGCTACGGACGCAGCGGGAGCCAATAGTAAGCTGACATTT,2315,8,clonotype1299,clonotype1299_consensus_2
CAGCGACAGGATGTAT-1,True,CAGCGACAGGATGTAT-1_contig_2,True,475,TRB,TRBV5-6,None,TRBJ1-6,TRBC1,True,True,CASSLRRDSPLHF,TGTGCCAGCAGCTTGCGCAGGGATTCACCCCTCCACTTT,589,3,clonotype1299,clonotype1299_consensus_1
CAGCGACAGGATGTAT-1,True,CAGCGACAGGATGTAT-1_contig_3,True,304,TRB,None,None,TRBJ2-5,TRBC2,False,False,None,None,201,2,clonotype1299,None
CAGCGACAGGGATGGG-1,True,CAGCGACAGGGATGGG-1_contig_1,True,502,TRA,TRAV1-2,None,TRAJ33,TRAC,True,True,CAATDSNYQLIW,TGTGCTGCGACTGATAGCAACTATCAGTTAATCTGG,545,3,clonotype1,clonotype1_consensus_2
CAGCGACAGGGATGGG-1,True,CAGCGACAGGGATGGG-1_contig_2,True,521,TRB,TRBV20-1,None,TRBJ2-1,TRBC2,True,True,CSARVGSEVNEQFF,TGCAGTGCTAGAGTGGGGTCGGAAGTCAATGAGCAGTTCTTC,1215,5,clonotype1,clonotype1_consensus_1
CAGCGACAGTGCCAGA-1,True,CAGCGACAGTGCCAGA-1_contig_1,True,511,TRA,TRAV20,None,TRAJ57,TRAC,True,True,CAVQLTQGGSEKLVF,TGTGCTGTGCAGTTAACTCAGGGCGGATCTGAAAAGCTGGTCTTT,169,1,clonotype42,clonotype42_consensus_1
CAGCGACAGTGCCAGA-1,True,CAGCGACAGTGCCAGA-1_contig_2,True,510,TRB,TRBV5-5,None,TRBJ1-2,TRBC1,True,True,CASSPLMYGGGTGYTF,TGTGCCAGCAGCCCTTTAATGTACGGGGGTGGAACTGGCTACACCTTC,2373,6,clonotype42,clonotype42_consensus_2
CAGCGACAGTGCCAGA-1,True,CAGCGACAGTGCCAGA-1_contig_3,True,516,TRA,TRAV25,None,TRAJ52,TRAC,True,False,None,None,466,1,clonotype42,None
CAGCGACCAAGACGTG-1,True,CAGCGACCAAGACGTG-1_contig_1,True,505,TRA,TRAV1-2,None,TRAJ33,TRAC,True,True,CAATDSNYQLIW,TGTGCTGCGACTGATAGCAACTATCAGTTAATCTGG,725,3,clonotype1,clonotype1_consensus_2
CAGCGACCAAGACGTG-1,True,CAGCGACCAAGACGTG-1_contig_2,True,521,TRB,TRBV20-1,None,TRBJ2-1,TRBC2,True,True,CSARVGSEVNEQFF,TGCAGTGCTAGAGTGGGGTCGGAAGTCAATGAGCAGTTCTTC,1477,5,clonotype1,clonotype1_consensus_1
CAGCGACCACAGTCGC-1,True,CAGCGACCACAGTCGC-1_contig_1,True,459,TRA,TRAV13-1,None,TRAJ11,TRAC,True,True,CAPSNSGYSTLTF,TGTGCACCCTCGAATTCAGGATACAGCACCCTCACCTTT,610,8,clonotype1300,clonotype1300_consensus_1
CAGCGACCACAGTCGC-1,True,CAGCGACCACAGTCGC-1_contig_2,True,530,TRB,TRBV20-1,None,TRBJ2-5,TRBC2,True,True,CSASEGLAGGARETQYF,TGCAGTGCTAGTGAAGGACTAGCGGGGGGTGCGCGAGAGACCCAGTACTTC,1782,8,clonotype1300,clonotype1300_consensus_3
CAGCGACCACAGTCGC-1,True,CAGCGACCACAGTCGC-1_contig_3,True,515,TRA,TRAV21,None,TRAJ27,TRAC,True,True,CAVDTNAGKSTF,TGTGCTGTAGACACCAATGCAGGCAAATCAACCTTT,1040,13,clonotype1300,clonotype1300_consensus_2
CAGCGACCACAGTCGC-1,True,CAGCGACCACAGTCGC-1_contig_4,True,482,TRB,TRBV5-6,None,TRBJ1-6,TRBC1,True,False,None,None,656,3,clonotype1300,None
CAGCGACCACTCGACG-1,True,CAGCGACCACTCGACG-1_contig_1,True,570,TRA,TRAV8-4,None,TRAJ29,TRAC,True,True,CAVTGLSGNTPLVF,TGTGCTGTGACCGGCCTTTCAGGAAACACACCTCTTGTCTTT,396,4,clonotype20,clonotype20_consensus_2
CAGCGACCACTCGACG-1,True,CAGCGACCACTCGACG-1_contig_2,True,521,TRB,TRBV20-1,None,TRBJ1-1,TRBC1,True,True,CSATDRARYTEAFF,TGCAGTGCCACGGACAGGGCGAGGTACACTGAAGCTTTCTTT,2481,6,clonotype20,clonotype20_consensus_1
CAGCGACCACTCGACG-1,True,CAGCGACCACTCGACG-1_contig_3,True,534,TRA,TRAV27,None,TRAJ39,TRAC,True,False,None,None,247,1,clonotype20,None
CAGCGACCAGACGCAA-1,True,CAGCGACCAGACGCAA-1_contig_1,True,489,TRB,TRBV25-1,None,TRBJ1-4,TRBC1,True,True,CASPEVDATNEKLFF,TGTGCCAGCCCTGAAGTAGACGCAACTAATGAAAAACTGTTTTTT,665,2,clonotype1301,clonotype1301_consensus_1
CAGCGACCAGACGCAA-1,True,CAGCGACCAGACGCAA-1_contig_2,True,495,TRB,TRBV20-1,None,TRBJ2-5,TRBC2,True,True,CSARDLYQETQYF,TGCAGTGCTAGAGACCTATACCAAGAGACCCAGTACTTC,667,5,clonotype1301,clonotype1301_consensus_2
CAGCGACCAGGAATCG-1,True,CAGCGACCAGGAATCG-1_contig_1,True,505,TRA,TRAV1-2,None,TRAJ33,TRAC,True,True,CAATDSNYQLIW,TGTGCTGCGACTGATAGCAACTATCAGTTAATCTGG,83,1,clonotype1,clonotype1_consensus_2
CAGCGACCAGGAATCG-1,True,CAGCGACCAGGAATCG-1_contig_2,True,521,TRB,TRBV20-1,None,TRBJ2-1,TRBC2,True,True,CSARVGSEVNEQFF,TGCAGTGCTAGAGTGGGGTCGGAAGTCAATGAGCAGTTCTTC,1245,5,clonotype1,clonotype1_consensus_1
CAGCGACCAGGAATCG-1,True,CAGCGACCAGGAATCG-1_contig_3,True,465,TRA,TRAV10,None,TRAJ24,TRAC,True,False,None,None,811,2,clonotype1,None
CAGCGACCATGAAGTA-1,True,CAGCGACCATGAAGTA-1_contig_1,True,512,TRB,TRBV20-1,None,TRBJ2-7,TRBC2,True,True,CSARTTYEQYF,TGCAGTGCCAGGACTACCTACGAGCAGTACTTC,2130,10,clonotype1302,clonotype1302_consensus_1
CAGCGACCATGAAGTA-1,True,CAGCGACCATGAAGTA-1_contig_2,True,335,TRA,TRAV8-1,None,None,TRAC,False,False,None,None,1224,4,clonotype1302,None
CAGCGACCATGCGCAC-1,True,CAGCGACCATGCGCAC-1_contig_1,True,515,TRB,TRBV20-1,None,TRBJ2-5,TRBC2,True,True,CSAPYIQETQYF,TGCAGTGCTCCCTACATCCAAGAGACCCAGTACTTC,904,5,clonotype1303,clonotype1303_consensus_1
CAGCGACGTCGAACAG-1,True,CAGCGACGTCGAACAG-1_contig_1,True,486,TRB,TRBV20-1,None,TRBJ2-7,TRBC2,True,True,CSAPDKYYEQYF,TGCAGTGCTCCGGACAAGTACTACGAGCAGTACTTC,1873,7,clonotype1304,clonotype1304_consensus_3
CAGCGACGTCGAACAG-1,True,CAGCGACGTCGAACAG-1_contig_2,True,515,TRA,TRAV13-2,None,TRAJ23,TRAC,True,True,CAEIRVYNQGGKLIF,TGTGCAGAGATTAGGGTTTATAACCAGGGAGGAAAGCTTATCTTC,802,3,clonotype1304,clonotype1304_consensus_1
CAGCGACGTCGAACAG-1,True,CAGCGACGTCGAACAG-1_contig_3,True,726,TRB,TRBV5-6,None,TRBJ2-6,TRBC2,True,True,CASSLFATGVGFGANVLTF,TGTGCCAGCAGCTTGTTTGCAACAGGAGTGGGCTTTGGGGCCAACGTCCTGACTTTC,2483,9,clonotype1304,clonotype1304_consensus_2
CAGCGACGTCGAACAG-1,True,CAGCGACGTCGAACAG-1_contig_4,True,327,TRB,None,None,TRBJ1-6,TRBC1,False,False,None,None,639,1,clonotype1304,None
CAGCGACGTCGCGGTT-1,True,CAGCGACGTCGCGGTT-1_contig_1,True,496,TRB,TRBV5-6,None,TRBJ1-4,TRBC1,True,True,CASSLDLVGANEKLFF,TGTGCCAGCAGCTTGGATCTTGTAGGGGCTAATGAAAAACTGTTTTTT,751,4,clonotype1305,clonotype1305_consensus_1
CAGCGACGTCGCTTCT-1,True,CAGCGACGTCGCTTCT-1_contig_1,True,530,TRB,TRBV20-1,None,TRBJ1-5,TRBC1,True,True,CSAIGQGAPSNQPQHF,TGCAGTGCTATCGGACAGGGGGCGCCGAGCAATCAGCCCCAGCATTTT,949,3,clonotype12,clonotype12_consensus_1
CAGCGACGTCGTCTTC-1,True,CAGCGACGTCGTCTTC-1_contig_1,True,510,TRB,TRBV20-1,None,TRBJ1-6,TRBC1,True,True,CSARATVVAPYNSPLHF,TGCAGTGCTAGGGCGACAGTCGTTGCCCCCTATAATTCACCCCTCCACTTT,1540,10,clonotype1306,clonotype1306_consensus_2
CAGCGACGTCGTCTTC-1,True,CAGCGACGTCGTCTTC-1_contig_2,True,520,TRA,TRAV17,None,TRAJ37,TRAC,True,True,CATSDVRSSNTGKLIF,TGTGCTACGTCCGATGTGAGGTCTAGCAACACAGGCAAACTAATCTTT,755,3,clonotype1306,clonotype1306_consensus_1
CAGCGACGTGCACCAC-1,True,CAGCGACGTGCACCAC-1_contig_1,True,492,TRA,TRAV12-3,None,TRAJ49,TRAC,True,True,CAMRTGNQFYF,TGTGCAATGAGAACCGGTAACCAGTTCTATTTT,398,2,clonotype1307,clonotype1307_consensus_2
CAGCGACGTGCACCAC-1,True,CAGCGACGTGCACCAC-1_contig_2,True,530,TRB,TRBV20-1,None,TRBJ2-3,TRBC2,True,True,CSAETSGGAQPTDTQYF,TGCAGTGCGGAGACTAGCGGGGGGGCTCAGCCCACAGATACGCAGTATTTT,3010,11,clonotype1307,clonotype1307_consensus_1
CAGCGACTCACCCTCA-1,True,CAGCGACTCACCCTCA-1_contig_1,True,495,TRB,TRBV20-1,None,TRBJ2-1,TRBC2,True,True,CSARVGSEVNEQFF,TGCAGTGCTAGAGTGGGGTCGGAAGTCAATGAGCAGTTCTTC,1313,4,clonotype2,clonotype2_consensus_1
CAGCGACTCACCCTCA-1,True,CAGCGACTCACCCTCA-1_contig_2,True,644,TRA,TRAV10,None,TRAJ24,TRAC,True,False,None,None,268,3,clonotype2,None
CAGCGACTCCCTGACT-1,True,CAGCGACTCCCTGACT-1_contig_1,True,565,TRA,TRAV19,None,TRAJ17,TRAC,True,True,CALSSYLAGNKLTF,TGTGCTCTGAGTTCCTACCTGGCAGGCAACAAGCTAACTTTT,259,2,clonotype1308,clonotype1308_consensus_2
CAGCGACTCCCTGACT-1,True,CAGCGACTCCCTGACT-1_contig_2,True,524,TRB,TRBV20-1,None,TRBJ1-5,TRBC1,True,True,CSARAEGWRYQPQHF,TGCAGTGCTAGAGCCGAGGGCTGGAGATATCAGCCCCAGCATTTT,1675,9,clonotype1308,clonotype1308_consensus_1
CAGCGACTCTCGCATC-1,True,CAGCGACTCTCGCATC-1_contig_1,True,473,TRB,TRBV20-1,None,TRBJ2-1,TRBC2,True,True,CSARVGSEVNEQFF,TGCAGTGCTAGAGTGGGGTCGGAAGTCAATGAGCAGTTCTTC,3188,9,clonotype2,clonotype2_consensus_1
CAGCTAAAGACACGAC-1,True,CAGCTAAAGACACGAC-1_contig_1,True,511,TRA,TRAV20,None,TRAJ32,TRAC,True,True,CAVLPYGGATNKLIF,TGTGCTGTGCTCCCCTATGGTGGTGCTACAAACAAGCTCATCTTT,121,4,clonotype1309,clonotype1309_consensus_2
CAGCTAAAGACACGAC-1,True,CAGCTAAAGACACGAC-1_contig_2,True,660,TRB,TRBV5-6,None,TRBJ2-5,TRBC2,True,True,CASSLGTSGETQYF,TGTGCCAGCAGCTTGGGGACTAGCGGAGAGACCCAGTACTTC,6729,21,clonotype1309,clonotype1309_consensus_1
CAGCTAAAGCGTTTAC-1,True,CAGCTAAAGCGTTTAC-1_contig_1,True,498,TRB,TRBV20-1,None,TRBJ2-1,TRBC2,True,True,CSARVGSEVNEQFF,TGCAGTGCTAGAGTGGGGTCGGAAGTCAATGAGCAGTTCTTC,1074,6,clonotype2,clonotype2_consensus_1
CAGCTAAAGCGTTTAC-1,True,CAGCTAAAGCGTTTAC-1_contig_2,True,465,TRA,TRAV10,None,TRAJ24,TRAC,True,False,None,None,266,2,clonotype2,None
CAGCTAAAGGACCACA-1,True,CAGCTAAAGGACCACA-1_contig_1,True,502,TRA,TRAV1-2,None,TRAJ30,TRAC,True,True,CAVRDLREIIF,TGTGCTGTGAGAGATCTTCGGGAGATCATCTTT,1547,4,clonotype3,clonotype3_consensus_2
CAGCTAAAGGACCACA-1,True,CAGCTAAAGGACCACA-1_contig_2,True,665,TRB,TRBV5-5,None,TRBJ1-4,TRBC1,True,True,CASSHPGPNYATNEKLFF,TGTGCCAGCAGCCATCCCGGACCGAACTACGCAACTAATGAAAAACTGTTTTTT,1210,3,clonotype3,clonotype3_consensus_1
CAGCTAAAGGACCACA-1,True,CAGCTAAAGGACCACA-1_contig_3,True,482,TRB,TRBV7-3,None,TRBJ2-1,TRBC2,True,False,CQQRSLKAGGPYNEQFF,TGCCAGCAGCGGTCACTTAAAGCGGGGGGACCCTACAATGAGCAGTTCTTC,843,3,clonotype3,None
CAGCTAAAGGAGCGTT-1,True,CAGCTAAAGGAGCGTT-1_contig_1,True,505,TRA,TRAV1-2,None,TRAJ33,TRAC,True,True,CAATDSNYQLIW,TGTGCTGCGACTGATAGCAACTATCAGTTAATCTGG,8199,1,clonotype1,clonotype1_consensus_2
CAGCTAAAGGAGCGTT-1,True,CAGCTAAAGGAGCGTT-1_contig_2,True,521,TRB,TRBV20-1,None,TRBJ2-1,TRBC2,True,True,CSARVGSEVNEQFF,TGCAGTGCTAGAGTGGGGTCGGAAGTCAATGAGCAGTTCTTC,2069,7,clonotype1,clonotype1_consensus_1
CAGCTAAAGTAGGTGC-1,True,CAGCTAAAGTAGGTGC-1_contig_1,True,705,TRB,TRBV5-6,None,TRBJ1-2,TRBC1,True,True,CASSWGRGTGYTF,TGTGCCAGCAGCTGGGGTCGTGGGACTGGCTACACCTTC,1402,8,clonotype1310,clonotype1310_consensus_1
CAGCTAAAGTTTCCTT-1,True,CAGCTAAAGTTTCCTT-1_contig_1,True,495,TRB,TRBV20-1,None,TRBJ1-2,TRBC1,True,True,CSGGKGGGYGYTF,TGCAGTGGGGGAAAAGGGGGGGGCTATGGCTACACCTTC,925,5,clonotype1311,clonotype1311_consensus_2
CAGCTAAAGTTTCCTT-1,True,CAGCTAAAGTTTCCTT-1_contig_2,True,446,TRA,TRAV2,None,TRAJ30,TRAC,True,True,CAAGGRDDKIIF,TGTGCTGCGGGGGGCAGAGATGACAAGATCATCTTT,469,1,clonotype1311,clonotype1311_consensus_1
CAGCTAACAAGCGTAG-1,True,CAGCTAACAAGCGTAG-1_contig_1,True,648,TRA,TRAV8-6,None,TRAJ4,TRAC,True,True,CAVSPFSGGYNKLIF,TGTGCTGTGAGCCCTTTTTCTGGTGGCTACAATAAGCTGATTTTT,387,1,clonotype1312,clonotype1312_consensus_2
CAGCTAACAAGCGTAG-1,True,CAGCTAACAAGCGTAG-1_contig_2,True,510,TRB,TRBV20-1,None,TRBJ1-2,TRBC1,True,True,CSARGNAATTGGTPGYTF,TGCAGTGCTAGAGGAAACGCAGCTACAACAGGGGGGACTCCTGGCTACACCTTC,4253,14,clonotype1312,clonotype1312_consensus_1
CAGCTAACAATGGTCT-1,True,CAGCTAACAATGGTCT-1_contig_1,True,505,TRA,TRAV1-2,None,TRAJ33,TRAC,True,True,CAATDSNYQLIW,TGTGCTGCGACTGATAGCAACTATCAGTTAATCTGG,910,3,clonotype1,clonotype1_consensus_2
CAGCTAACAATGGTCT-1,True,CAGCTAACAATGGTCT-1_contig_2,True,498,TRB,TRBV20-1,None,TRBJ2-1,TRBC2,True,True,CSARVGSEVNEQFF,TGCAGTGCTAGAGTGGGGTCGGAAGTCAATGAGCAGTTCTTC,2488,4,clonotype1,clonotype1_consensus_1
CAGCTAACACAGGCCT-1,True,CAGCTAACACAGGCCT-1_contig_1,True,530,TRB,TRBV20-1,None,TRBJ2-3,TRBC2,True,True,CSARVSAGRGLTDTQYF,TGCAGTGCTAGAGTCTCGGCGGGGCGGGGCCTCACAGATACGCAGTATTTT,1374,8,clonotype82,clonotype82_consensus_1
CAGCTAACACCAGGCT-1,True,CAGCTAACACCAGGCT-1_contig_1,True,501,TRB,TRBV20-1,None,TRBJ1-3,TRBC1,True,True,CSARASGGSRNTIYF,TGCAGTGCCAGGGCGTCAGGGGGCTCTAGAAACACCATATATTTT,2640,10,clonotype1313,clonotype1313_consensus_1
CAGCTAACACCAGGCT-1,True,CAGCTAACACCAGGCT-1_contig_2,True,514,TRA,TRAV23/DV6,None,TRAJ32,TRAC,True,True,CAVGSEGGATNKLIF,TGTGCAGTCGGATCGGAGGGTGGTGCTACAAACAAGCTCATCTTT,7495,2,clonotype1313,clonotype1313_consensus_2
CAGCTAACACCAGGCT-1,True,CAGCTAACACCAGGCT-1_contig_3,True,422,TRB,None,None,TRBJ2-2P,TRBC2,False,False,None,None,709,2,clonotype1313,None
CAGCTAACAGCTGTTA-1,True,CAGCTAACAGCTGTTA-1_contig_1,True,505,TRA,TRAV1-2,None,TRAJ33,TRAC,True,True,CAATDSNYQLIW,TGTGCTGCGACTGATAGCAACTATCAGTTAATCTGG,132,1,clonotype1,clonotype1_consensus_2
CAGCTAACAGCTGTTA-1,True,CAGCTAACAGCTGTTA-1_contig_2,True,521,TRB,TRBV20-1,None,TRBJ2-1,TRBC2,True,True,CSARVGSEVNEQFF,TGCAGTGCTAGAGTGGGGTCGGAAGTCAATGAGCAGTTCTTC,2324,9,clonotype1,clonotype1_consensus_1
CAGCTAACAGCTGTTA-1,True,CAGCTAACAGCTGTTA-1_contig_3,True,463,TRA,TRAV10,None,TRAJ24,TRAC,True,False,None,None,788,2,clonotype1,None
CAGCTAACATGGTTGT-1,True,CAGCTAACATGGTTGT-1_contig_1,True,501,TRB,TRBV20-1,None,TRBJ2-7,TRBC2,True,True,CSARDSARTTWEQYF,TGCAGTGCTAGAGATTCCGCCCGGACAACGTGGGAGCAGTACTTC,18665,21,clonotype1314,clonotype1314_consensus_1
CAGCTAACATGGTTGT-1,True,CAGCTAACATGGTTGT-1_contig_2,True,514,TRA,TRAV23/DV6,None,TRAJ17,TRAC,True,True,CAASMKKAAGNKLTF,TGTGCAGCAAGCATGAAAAAAGCTGCAGGCAACAAGCTAACTTTT,2551,10,clonotype1314,clonotype1314_consensus_3
CAGCTAACATGGTTGT-1,True,CAGCTAACATGGTTGT-1_contig_3,True,568,TRA,TRAV29/DV5,None,TRAJ31,TRAC,True,True,CARVRNNNARLMF,TGTGCACGGGTACGGAATAACAATGCCAGACTCATGTTT,2476,7,clonotype1314,clonotype1314_consensus_2
CAGCTAAGTAGCCTCG-1,True,CAGCTAAGTAGCCTCG-1_contig_1,True,478,TRA,TRAV38-1,None,TRAJ56,TRAC,True,True,CAFMKPSGANSKLTF,TGTGCTTTCATGAAGCCCAGCGGAGCCAATAGTAAGCTGACATTT,1872,2,clonotype256,clonotype256_consensus_2
CAGCTAAGTAGCCTCG-1,True,CAGCTAAGTAGCCTCG-1_contig_2,True,498,TRB,TRBV20-1,None,TRBJ1-1,TRBC1,True,True,CSASLRWGGTEAFF,TGCAGTGCTAGCCTCCGATGGGGGGGCACTGAAGCTTTCTTT,2686,7,clonotype256,clonotype256_consensus_1
CAGCTAAGTAGCCTCG-1,True,CAGCTAAGTAGCCTCG-1_contig_3,True,512,TRB,TRBV12-3,None,TRBJ1-3,TRBC1,True,False,CQQSFGRVQSGNTIYF,TGCCAGCAGTCCTTCGGACGGGTACAGTCTGGAAACACCATATATTTT,332,2,clonotype256,None
CAGCTAAGTAGCCTCG-1,True,CAGCTAAGTAGCCTCG-1_contig_4,True,527,TRA,TRAV27,None,TRAJ50,TRAC,True,False,None,None,213,1,clonotype256,None
CAGCTAAGTAGCGCTC-1,True,CAGCTAAGTAGCGCTC-1_contig_1,True,527,TRB,TRBV20-1,None,TRBJ1-1,TRBC1,True,True,CSVSQGTSLVNTEAFF,TGCAGTGTCTCACAGGGGACATCTCTTGTAAACACTGAAGCTTTCTTT,3628,11,clonotype1315,clonotype1315_consensus_2
CAGCTAAGTAGCGCTC-1,True,CAGCTAAGTAGCGCTC-1_contig_2,True,506,TRA,TRAV13-2,None,TRAJ39,TRAC,True,True,CAENNAGNMLTF,TGTGCAGAGAATAATGCAGGCAACATGCTCACCTTT,12958,4,clonotype1315,clonotype1315_consensus_1
CAGCTAAGTCATATCG-1,True,CAGCTAAGTCATATCG-1_contig_1,True,574,TRA,TRAV8-1,None,TRAJ9,TRAC,True,True,CAVNAETGGFKTIF,TGTGCCGTGAATGCAGAGACTGGAGGCTTCAAAACTATCTTT,359,3,clonotype1316,clonotype1316_consensus_2
CAGCTAAGTCATATCG-1,True,CAGCTAAGTCATATCG-1_contig_2,True,703,TRB,TRBV5-6,None,TRBJ2-5,TRBC2,True,True,CASSSLQRGTQYF,TGTGCCAGCAGCTCCCTACAACGGGGGACCCAGTACTTC,5484,11,clonotype1316,clonotype1316_consensus_1
CAGCTAAGTGAGGGTT-1,True,CAGCTAAGTGAGGGTT-1_contig_1,True,502,TRA,TRAV1-2,None,TRAJ33,TRAC,True,True,CAATDSNYQLIW,TGTGCTGCGACTGATAGCAACTATCAGTTAATCTGG,4298,3,clonotype1,clonotype1_consensus_2
CAGCTAAGTGAGGGTT-1,True,CAGCTAAGTGAGGGTT-1_contig_2,True,521,TRB,TRBV20-1,None,TRBJ2-1,TRBC2,True,True,CSARVGSEVNEQFF,TGCAGTGCTAGAGTGGGGTCGGAAGTCAATGAGCAGTTCTTC,1818,10,clonotype1,clonotype1_consensus_1
CAGCTAAGTGAGGGTT-1,True,CAGCTAAGTGAGGGTT-1_contig_3,True,465,TRA,TRAV10,None,TRAJ24,TRAC,True,False,None,None,232,1,clonotype1,None
CAGCTAAGTGCACCAC-1,True,CAGCTAAGTGCACCAC-1_contig_1,True,555,TRA,TRAV12-1,None,TRAJ49,TRAC,True,True,CVVNTGNQFYF,TGTGTGGTGAACACCGGTAACCAGTTCTATTTT,8942,7,clonotype1317,clonotype1317_consensus_1
CAGCTAAGTGCACCAC-1,True,CAGCTAAGTGCACCAC-1_contig_2,True,510,TRB,TRBV20-1,None,TRBJ2-1,TRBC2,True,True,CSARVFGGDRGSYNEQFF,TGCAGTGCTAGAGTCTTTGGGGGCGACAGGGGGTCCTACAATGAGCAGTTCTTC,2584,11,clonotype1317,clonotype1317_consensus_2
CAGCTAAGTGCGAAAC-1,True,CAGCTAAGTGCGAAAC-1_contig_1,True,505,TRA,TRAV1-2,None,TRAJ33,TRAC,True,True,CAATDSNYQLIW,TGTGCTGCGACTGATAGCAACTATCAGTTAATCTGG,538,3,clonotype1,clonotype1_consensus_2
CAGCTAAGTGCGAAAC-1,True,CAGCTAAGTGCGAAAC-1_contig_2,True,521,TRB,TRBV20-1,None,TRBJ2-1,TRBC2,True,True,CSARVGSEVNEQFF,TGCAGTGCTAGAGTGGGGTCGGAAGTCAATGAGCAGTTCTTC,1157,5,clonotype1,clonotype1_consensus_1
CAGCTAAGTGGTCCGT-1,True,CAGCTAAGTGGTCCGT-1_contig_1,True,473,TRB,TRBV20-1,None,TRBJ2-1,TRBC2,True,True,CSARVGSEVNEQFF,TGCAGTGCTAGAGTGGGGTCGGAAGTCAATGAGCAGTTCTTC,587,7,clonotype2,clonotype2_consensus_1
CAGCTAAGTGGTCCGT-1,True,CAGCTAAGTGGTCCGT-1_contig_2,True,321,TRA,TRAV1-2,None,TRAJ33,TRAC,True,False,CAATDSNYQLIW,TGTGCTGCGACTGATAGCAACTATCAGTTAATCTGG,122,3,clonotype2,None
CAGCTAAGTTAGTGGG-1,True,CAGCTAAGTTAGTGGG-1_contig_1,True,505,TRA,TRAV1-2,None,TRAJ33,TRAC,True,True,CAATDSNYQLIW,TGTGCTGCGACTGATAGCAACTATCAGTTAATCTGG,207,2,clonotype1,clonotype1_consensus_2
CAGCTAAGTTAGTGGG-1,True,CAGCTAAGTTAGTGGG-1_contig_2,True,518,TRB,TRBV20-1,None,TRBJ2-1,TRBC2,True,True,CSARVGSEVNEQFF,TGCAGTGCTAGAGTGGGGTCGGAAGTCAATGAGCAGTTCTTC,701,11,clonotype1,clonotype1_consensus_1
CAGCTAAGTTAGTGGG-1,True,CAGCTAAGTTAGTGGG-1_contig_3,True,465,TRA,TRAV10,None,TRAJ24,TRAC,True,False,None,None,387,1,clonotype1,None
CAGCTAATCAGCATGT-1,True,CAGCTAATCAGCATGT-1_contig_1,True,505,TRA,TRAV1-2,None,TRAJ33,TRAC,True,True,CAATDSNYQLIW,TGTGCTGCGACTGATAGCAACTATCAGTTAATCTGG,2030,7,clonotype1,clonotype1_consensus_2
CAGCTAATCAGCATGT-1,True,CAGCTAATCAGCATGT-1_contig_2,True,498,TRB,TRBV20-1,None,TRBJ2-1,TRBC2,True,True,CSARVGSEVNEQFF,TGCAGTGCTAGAGTGGGGTCGGAAGTCAATGAGCAGTTCTTC,3495,10,clonotype1,clonotype1_consensus_1
CAGCTAATCAGCTCGG-1,True,CAGCTAATCAGCTCGG-1_contig_1,True,467,TRA,TRAV38-1,None,TRAJ26,TRAC,True,True,CAFTSYGQNFVF,TGTGCTTTCACCTCATATGGTCAGAATTTTGTCTTT,835,4,clonotype14,clonotype14_consensus_1
CAGCTAATCAGCTCGG-1,True,CAGCTAATCAGCTCGG-1_contig_2,True,521,TRB,TRBV20-1,None,TRBJ2-3,TRBC2,True,True,CSARPDTSTDTQYF,TGCAGTGCCCGTCCTGATACTAGCACAGATACGCAGTATTTT,1021,5,clonotype14,clonotype14_consensus_2
CAGCTAATCCCGGATG-1,True,CAGCTAATCCCGGATG-1_contig_1,True,505,TRA,TRAV1-2,None,TRAJ33,TRAC,True,True,CAATDSNYQLIW,TGTGCTGCGACTGATAGCAACTATCAGTTAATCTGG,515,4,clonotype1,clonotype1_consensus_2
CAGCTAATCCCGGATG-1,True,CAGCTAATCCCGGATG-1_contig_2,True,521,TRB,TRBV20-1,None,TRBJ2-1,TRBC2,True,True,CSARVGSEVNEQFF,TGCAGTGCTAGAGTGGGGTCGGAAGTCAATGAGCAGTTCTTC,768,4,clonotype1,clonotype1_consensus_1
CAGCTAATCTAACTGG-1,True,CAGCTAATCTAACTGG-1_contig_1,True,489,TRB,TRBV20-1,None,TRBJ1-2,TRBC1,True,True,CSASGGYGYTF,TGCAGTGCCTCCGGAGGCTATGGCTACACCTTC,1853,15,clonotype1318,clonotype1318_consensus_1
CAGCTGGAGATCCGAG-1,True,CAGCTGGAGATCCGAG-1_contig_1,True,505,TRA,TRAV1-2,None,TRAJ33,TRAC,True,True,CAATDSNYQLIW,TGTGCTGCGACTGATAGCAACTATCAGTTAATCTGG,1153,4,clonotype1,clonotype1_consensus_2
CAGCTGGAGATCCGAG-1,True,CAGCTGGAGATCCGAG-1_contig_2,True,498,TRB,TRBV20-1,None,TRBJ2-1,TRBC2,True,True,CSARVGSEVNEQFF,TGCAGTGCTAGAGTGGGGTCGGAAGTCAATGAGCAGTTCTTC,11441,12,clonotype1,clonotype1_consensus_1
CAGCTGGAGATCCGAG-1,True,CAGCTGGAGATCCGAG-1_contig_3,True,482,TRA,TRAV10,None,TRAJ24,TRAC,True,False,None,None,1350,4,clonotype1,None
CAGCTGGAGCAACGGT-1,True,CAGCTGGAGCAACGGT-1_contig_1,True,560,TRA,TRAV26-1,None,TRAJ57,TRAC,True,True,CIARGRSGSEKLVF,TGCATCGCCAGGGGAAGGAGCGGATCTGAAAAGCTGGTCTTT,198,1,clonotype1319,clonotype1319_consensus_1
CAGCTGGAGCAACGGT-1,True,CAGCTGGAGCAACGGT-1_contig_2,True,527,TRB,TRBV20-1,None,TRBJ1-4,TRBC1,True,True,CSARADQHLGSEKLFF,TGCAGTGCTAGAGCCGACCAACACCTGGGCTCTGAAAAACTGTTTTTT,1262,8,clonotype1319,clonotype1319_consensus_2
CAGCTGGAGCAGACTG-1,True,CAGCTGGAGCAGACTG-1_contig_1,True,570,TRA,TRAV8-4,None,TRAJ27,TRAC,True,True,CAVRAPTNAGKSTF,TGTGCTGTGAGAGCCCCCACCAATGCAGGCAAATCAACCTTT,4814,4,clonotype1320,clonotype1320_consensus_1
CAGCTGGAGCAGACTG-1,True,CAGCTGGAGCAGACTG-1_contig_2,True,514,TRB,TRBV5-5,None,TRBJ2-7,TRBC2,True,True,CASSLSGLGSYEQYF,TGTGCCAGCAGCTTGAGCGGGTTGGGGTCCTACGAGCAGTACTTC,8107,1,clonotype1320,clonotype1320_consensus_2
CAGCTGGAGGGTCTCC-1,True,CAGCTGGAGGGTCTCC-1_contig_1,True,524,TRB,TRBV20-1,None,TRBJ2-2,TRBC2,True,True,CSAVPTGLHTGELFF,TGCAGTGCCGTTCCGACAGGACTCCACACCGGGGAGCTGTTTTTT,1681,11,clonotype1321,clonotype1321_consensus_1
CAGCTGGAGGGTCTCC-1,True,CAGCTGGAGGGTCTCC-1_contig_2,True,416,TRA,TRAV2,None,TRAJ37,TRAC,True,False,CAVEKDTGKLIF,TGTGCTGTGGAGAAGGACACAGGCAAACTAATCTTT,683,1,clonotype1321,None
CAGCTGGAGGTGCTAG-1,True,CAGCTGGAGGTGCTAG-1_contig_1,True,498,TRB,TRBV20-1,None,TRBJ2-5,TRBC2,True,True,CSATGWGDVETQYF,TGCAGTGCTACAGGGTGGGGTGATGTGGAGACCCAGTACTTC,1909,13,clonotype1322,clonotype1322_consensus_2
CAGCTGGAGGTGCTAG-1,True,CAGCTGGAGGTGCTAG-1_contig_2,True,490,TRA,TRAV12-1,None,TRAJ34,TRAC,True,True,CVVNMRNTDKLIF,TGTGTGGTGAACATGCGGAACACCGACAAGCTCATCTTT,2296,6,clonotype1322,clonotype1322_consensus_1
CAGCTGGAGGTGCTAG-1,True,CAGCTGGAGGTGCTAG-1_contig_3,True,463,TRA,TRAV13-1,None,TRAJ17,TRAC,True,False,None,None,3817,2,clonotype1322,None
CAGCTGGCACGACGAA-1,True,CAGCTGGCACGACGAA-1_contig_1,True,570,TRA,TRAV8-4,None,TRAJ3,TRAC,True,True,CAVSGDSSASKIIF,TGTGCTGTGAGTGGAGACAGCAGTGCTTCCAAGATAATCTTT,147,2,clonotype1323,clonotype1323_consensus_2
CAGCTGGCACGACGAA-1,True,CAGCTGGCACGACGAA-1_contig_2,True,659,TRB,TRBV5-6,None,TRBJ1-3,TRBC1,True,True,CASSSPGQSSGNTIYF,TGTGCCAGCAGCTCCCCGGGACAGAGCTCTGGAAACACCATATATTTT,241,1,clonotype1323,clonotype1323_consensus_1
CAGCTGGCACGACGAA-1,True,CAGCTGGCACGACGAA-1_contig_3,True,503,TRB,TRBV27,None,TRBJ1-5,TRBC1,True,False,CQQFILFDRSRSQPQHF,TGCCAGCAGTTTATCTTGTTCGACAGGTCCCGCAGTCAGCCCCAGCATTTT,218,3,clonotype1323,None
CAGCTGGCACTTCGAA-1,True,CAGCTGGCACTTCGAA-1_contig_1,True,520,TRA,TRAV23/DV6,None,TRAJ52,TRAC,True,True,CAATSTFGGTSYGKLTF,TGTGCAGCAACTTCAACTTTCGGTGGTACTAGCTATGGAAAGCTGACATTT,5293,2,clonotype1324,clonotype1324_consensus_1
CAGCTGGCACTTCGAA-1,True,CAGCTGGCACTTCGAA-1_contig_2,True,505,TRB,TRBV5-5,None,TRBJ1-2,TRBC1,True,True,CASSTDRVVTGGYTF,TGTGCCAGCAGTACGGACAGGGTAGTTACGGGTGGCTACACCTTC,1855,6,clonotype1324,clonotype1324_consensus_2
CAGCTGGCAGACGTAG-1,True,CAGCTGGCAGACGTAG-1_contig_1,True,522,TRB,TRBV5-5,None,TRBJ1-4,TRBC1,True,True,CASSHPGPNYATNEKLFF,TGTGCCAGCAGCCATCCCGGACCGAACTACGCAACTAATGAAAAACTGTTTTTT,1148,3,clonotype4,clonotype4_consensus_1
CAGCTGGCAGACGTAG-1,True,CAGCTGGCAGACGTAG-1_contig_2,True,510,TRB,TRBV7-3,None,TRBJ2-1,TRBC2,True,False,CQQRSLKAGGPYNEQFF,TGCCAGCAGCGGTCACTTAAAGCGGGGGGACCCTACAATGAGCAGTTCTTC,74,2,clonotype4,None
CAGCTGGCATAGAAAC-1,True,CAGCTGGCATAGAAAC-1_contig_1,True,483,TRB,TRBV20-1,None,TRBJ1-2,TRBC1,True,True,CSAREGPAF,TGCAGTGCTAGAGAGGGGCCGGCCTTC,10378,10,clonotype1325,clonotype1325_consensus_1
CAGCTGGCATAGAAAC-1,True,CAGCTGGCATAGAAAC-1_contig_2,True,503,TRA,TRAV25,None,TRAJ37,TRAC,True,True,CADGSNTGKLIF,TGTGCAGACGGGAGCAACACAGGCAAACTAATCTTT,409,2,clonotype1325,clonotype1325_consensus_2
CAGCTGGCATGAACCT-1,True,CAGCTGGCATGAACCT-1_contig_1,True,521,TRB,TRBV20-1,None,TRBJ2-1,TRBC2,True,True,CSARVGSEVNEQFF,TGCAGTGCTAGAGTGGGGTCGGAAGTCAATGAGCAGTTCTTC,502,4,clonotype2,clonotype2_consensus_1
CAGCTGGCATTAGGCT-1,True,CAGCTGGCATTAGGCT-1_contig_1,True,515,TRB,TRBV20-1,None,TRBJ2-7,TRBC2,True,True,CSAREGGIEQYF,TGCAGTGCTAGAGAAGGGGGAATCGAGCAGTACTTC,9356,5,clonotype257,clonotype257_consensus_2
CAGCTGGCATTAGGCT-1,True,CAGCTGGCATTAGGCT-1_contig_2,True,559,TRA,TRAV12-1,None,TRAJ22,TRAC,True,True,CVVTPISSGSARQLTF,TGTGTGGTGACCCCAATTTCTTCTGGTTCTGCAAGGCAACTGACCTTT,380,2,clonotype257,clonotype257_consensus_1
CAGCTGGGTGCTGTAT-1,True,CAGCTGGGTGCTGTAT-1_contig_1,True,515,TRB,TRBV20-1,None,TRBJ1-2,TRBC1,True,True,CSAVQGPYGYTF,TGCAGTGCTGTACAGGGTCCCTATGGCTACACCTTC,2856,8,clonotype1326,clonotype1326_consensus_1
CAGCTGGGTGCTGTAT-1,True,CAGCTGGGTGCTGTAT-1_contig_2,True,508,TRA,TRAV23/DV6,None,TRAJ57,TRAC,True,True,CAANKGGSEKLVF,TGTGCAGCAAATAAGGGCGGATCTGAAAAGCTGGTCTTT,159,4,clonotype1326,clonotype1326_consensus_2
CAGCTGGGTTATCCGA-1,True,CAGCTGGGTTATCCGA-1_contig_1,True,505,TRA,TRAV1-2,None,TRAJ33,TRAC,True,True,CAATDSNYQLIW,TGTGCTGCGACTGATAGCAACTATCAGTTAATCTGG,5068,4,clonotype1,clonotype1_consensus_2
CAGCTGGGTTATCCGA-1,True,CAGCTGGGTTATCCGA-1_contig_2,True,521,TRB,TRBV20-1,None,TRBJ2-1,TRBC2,True,True,CSARVGSEVNEQFF,TGCAGTGCTAGAGTGGGGTCGGAAGTCAATGAGCAGTTCTTC,1913,6,clonotype1,clonotype1_consensus_1
CAGCTGGTCGGGAGTA-1,True,CAGCTGGTCGGGAGTA-1_contig_1,True,518,TRB,TRBV20-1,None,TRBJ2-5,TRBC2,True,True,CSARDGVRETQYF,TGCAGTGCTAGAGACGGAGTGCGGGAGACCCAGTACTTC,3791,8,clonotype1327,clonotype1327_consensus_2
CAGCTGGTCGGGAGTA-1,True,CAGCTGGTCGGGAGTA-1_contig_2,True,543,TRA,TRAV2,None,TRAJ32,TRAC,True,True,CAVAPGGGATNKLIF,TGTGCTGTGGCCCCCGGGGGTGGTGCTACAAACAAGCTCATCTTT,6653,2,clonotype1327,clonotype1327_consensus_1
CAGCTGGTCGGGAGTA-1,True,CAGCTGGTCGGGAGTA-1_contig_3,True,555,TRA,TRAV12-1,None,TRAJ39,TRAC,True,True,CVVNKNAGNMLTF,TGTGTGGTGAACAAGAATGCAGGCAACATGCTCACCTTT,5841,1,clonotype1327,clonotype1327_consensus_3
CAGCTGGTCGGGAGTA-1,True,CAGCTGGTCGGGAGTA-1_contig_4,True,503,TRB,TRBV5-5,None,TRBJ1-1,TRBC1,True,True,CASSLDPRSDTEAFF,TGTGCCAGCAGCCTCGACCCAAGATCGGACACTGAAGCTTTCTTT,2203,8,clonotype1327,clonotype1327_consensus_4
CAGCTGGTCGGGAGTA-1,True,CAGCTGGTCGGGAGTA-1_contig_5,True,501,TRA,TRAV6,None,TRAJ3,TRAC,True,False,None,None,1013,5,clonotype1327,None
CAGCTGGTCGTTACGA-1,True,CAGCTGGTCGTTACGA-1_contig_1,True,481,TRB,TRBV5-6,None,TRBJ1-3,TRBC1,True,True,CASSLAGGSGNTIYF,TGTGCCAGCAGCTTGGCAGGGGGCTCTGGAAACACCATATATTTT,536,5,clonotype1328,clonotype1328_consensus_1
CAGGTGCAGACTTTCG-1,True,CAGGTGCAGACTTTCG-1_contig_1,True,496,TRA,TRAV17,None,TRAJ52,TRAC,True,True,CVFAGGTSYGKLTF,TGTGTTTTTGCTGGTGGTACTAGCTATGGAAAGCTGACATTT,325,2,clonotype1329,clonotype1329_consensus_2
CAGGTGCAGACTTTCG-1,True,CAGGTGCAGACTTTCG-1_contig_2,True,498,TRB,TRBV20-1,None,TRBJ2-1,TRBC2,True,True,CSARDQRAPPVQFF,TGCAGTGCTAGAGATCAAAGGGCACCTCCAGTGCAGTTCTTC,2034,11,clonotype1329,clonotype1329_consensus_1
CAGGTGCAGACTTTCG-1,True,CAGGTGCAGACTTTCG-1_contig_3,True,468,TRA,None,None,TRAJ53,TRAC,False,False,None,None,456,2,clonotype1329,None
CAGGTGCAGCAGGCTA-1,True,CAGGTGCAGCAGGCTA-1_contig_1,True,529,TRA,TRAV26-1,None,TRAJ44,TRAC,True,True,CIVSSPHTGTASKLTF,TGCATCGTCAGCTCCCCTCATACCGGCACTGCCAGTAAACTCACCTTT,317,1,clonotype1330,clonotype1330_consensus_2
CAGGTGCAGCAGGCTA-1,True,CAGGTGCAGCAGGCTA-1_contig_2,True,497,TRA,TRAV25,None,TRAJ34,TRAC,True,True,CADSTRKLIF,TGTGCAGATTCCACCAGGAAGCTCATCTTT,295,2,clonotype1330,clonotype1330_consensus_1
CAGGTGCAGCAGGCTA-1,True,CAGGTGCAGCAGGCTA-1_contig_3,True,488,TRB,TRBV20-1,None,TRBJ2-7,TRBC2,True,True,CSASPGQGATYEQYF,TGCAGTGCTTCGCCGGGACAGGGGGCGACCTACGAGCAGTACTTC,1496,4,clonotype1330,clonotype1330_consensus_4
CAGGTGCAGCAGGCTA-1,True,CAGGTGCAGCAGGCTA-1_contig_4,True,510,TRB,TRBV5-5,None,TRBJ1-2,TRBC1,True,True,CASSFVPGQGNYGYTF,TGTGCCAGCAGCTTTGTTCCGGGACAGGGTAACTATGGCTACACCTTC,2614,8,clonotype1330,clonotype1330_consensus_3
CAGGTGCAGGGCACTA-1,True,CAGGTGCAGGGCACTA-1_contig_1,True,505,TRA,TRAV23/DV6,None,TRAJ15,TRAC,True,True,CAATQAGTALIF,TGTGCAGCAACTCAGGCAGGAACTGCTCTGATCTTT,171,3,clonotype1331,clonotype1331_consensus_1
CAGGTGCAGGGCACTA-1,True,CAGGTGCAGGGCACTA-1_contig_2,True,498,TRB,TRBV20-1,None,TRBJ1-1,TRBC1,True,True,CSARLPGVNTEAFF,TGCAGTGCTAGACTACCTGGGGTGAACACTGAAGCTTTCTTT,1272,6,clonotype1331,clonotype1331_consensus_2
CAGGTGCAGGGCACTA-1,True,CAGGTGCAGGGCACTA-1_contig_3,True,553,TRA,TRAV16,None,TRAJ23,TRAC,True,False,CSKPFYNQGGKLIF,TGCTCTAAGCCGTTTTATAACCAGGGAGGAAAGCTTATCTTC,249,3,clonotype1331,None
CAGGTGCAGGTAAACT-1,True,CAGGTGCAGGTAAACT-1_contig_1,True,505,TRA,TRAV1-2,None,TRAJ33,TRAC,True,True,CAATDSNYQLIW,TGTGCTGCGACTGATAGCAACTATCAGTTAATCTGG,76,7,clonotype1,clonotype1_consensus_2
CAGGTGCAGGTAAACT-1,True,CAGGTGCAGGTAAACT-1_contig_2,True,473,TRB,TRBV20-1,None,TRBJ2-1,TRBC2,True,True,CSARVGSEVNEQFF,TGCAGTGCTAGAGTGGGGTCGGAAGTCAATGAGCAGTTCTTC,671,4,clonotype1,clonotype1_consensus_1
CAGGTGCCAAGGACTG-1,True,CAGGTGCCAAGGACTG-1_contig_1,True,505,TRA,TRAV1-2,None,TRAJ33,TRAC,True,True,CAATDSNYQLIW,TGTGCTGCGACTGATAGCAACTATCAGTTAATCTGG,298,2,clonotype1,clonotype1_consensus_2
CAGGTGCCAAGGACTG-1,True,CAGGTGCCAAGGACTG-1_contig_2,True,521,TRB,TRBV20-1,None,TRBJ2-1,TRBC2,True,True,CSARVGSEVNEQFF,TGCAGTGCTAGAGTGGGGTCGGAAGTCAATGAGCAGTTCTTC,1769,8,clonotype1,clonotype1_consensus_1
CAGGTGCCAAGGACTG-1,True,CAGGTGCCAAGGACTG-1_contig_3,True,457,TRA,TRAV10,None,TRAJ24,TRAC,True,False,None,None,156,2,clonotype1,None
CAGGTGCCAATCTACG-1,True,CAGGTGCCAATCTACG-1_contig_1,True,505,TRA,TRAV1-2,None,TRAJ33,TRAC,True,True,CAATDSNYQLIW,TGTGCTGCGACTGATAGCAACTATCAGTTAATCTGG,1060,6,clonotype1,clonotype1_consensus_2
CAGGTGCCAATCTACG-1,True,CAGGTGCCAATCTACG-1_contig_2,True,485,TRB,TRBV20-1,None,TRBJ2-1,TRBC2,True,True,CSARVGSEVNEQFF,TGCAGTGCTAGAGTGGGGTCGGAAGTCAATGAGCAGTTCTTC,3096,11,clonotype1,clonotype1_consensus_1
CAGGTGCCACCAACCG-1,True,CAGGTGCCACCAACCG-1_contig_1,True,505,TRA,TRAV1-2,None,TRAJ33,TRAC,True,True,CAATDSNYQLIW,TGTGCTGCGACTGATAGCAACTATCAGTTAATCTGG,555,7,clonotype1,clonotype1_consensus_2
CAGGTGCCACCAACCG-1,True,CAGGTGCCACCAACCG-1_contig_2,True,498,TRB,TRBV20-1,None,TRBJ2-1,TRBC2,True,True,CSARVGSEVNEQFF,TGCAGTGCTAGAGTGGGGTCGGAAGTCAATGAGCAGTTCTTC,1286,10,clonotype1,clonotype1_consensus_1
CAGGTGCCAGCTCGAC-1,True,CAGGTGCCAGCTCGAC-1_contig_1,True,502,TRA,TRAV1-2,None,TRAJ30,TRAC,True,True,CAVRDLREIIF,TGTGCTGTGAGAGATCTTCGGGAGATCATCTTT,284,4,clonotype3,clonotype3_consensus_2
CAGGTGCCAGCTCGAC-1,True,CAGGTGCCAGCTCGAC-1_contig_2,True,512,TRB,TRBV5-5,None,TRBJ1-4,TRBC1,True,True,CASSHPGPNYATNEKLFF,TGTGCCAGCAGCCATCCCGGACCGAACTACGCAACTAATGAAAAACTGTTTTTT,1450,4,clonotype3,clonotype3_consensus_1
CAGGTGCCATTGGGCC-1,True,CAGGTGCCATTGGGCC-1_contig_1,True,505,TRA,TRAV1-2,None,TRAJ33,TRAC,True,True,CAATDSNYQLIW,TGTGCTGCGACTGATAGCAACTATCAGTTAATCTGG,255,2,clonotype1,clonotype1_consensus_2
CAGGTGCCATTGGGCC-1,True,CAGGTGCCATTGGGCC-1_contig_2,True,498,TRB,TRBV20-1,None,TRBJ2-1,TRBC2,True,True,CSARVGSEVNEQFF,TGCAGTGCTAGAGTGGGGTCGGAAGTCAATGAGCAGTTCTTC,2996,9,clonotype1,clonotype1_consensus_1
CAGGTGCGTGCTTCTC-1,True,CAGGTGCGTGCTTCTC-1_contig_1,True,545,TRA,TRAV26-1,None,TRAJ3,TRAC,True,True,CIVRGYSSASKIIF,TGCATCGTCAGAGGATACAGCAGTGCTTCCAAGATAATCTTT,5932,7,clonotype1332,clonotype1332_consensus_1
CAGGTGCGTGCTTCTC-1,True,CAGGTGCGTGCTTCTC-1_contig_2,True,501,TRB,TRBV20-1,None,TRBJ2-1,TRBC2,True,True,CSAKPGTGDYGEQFF,TGCAGTGCTAAGCCCGGGACAGGGGATTACGGTGAGCAGTTCTTC,1208,8,clonotype1332,clonotype1332_consensus_2
CAGGTGCGTTGATTGC-1,True,CAGGTGCGTTGATTGC-1_contig_1,True,530,TRB,TRBV20-1,None,TRBJ2-2,TRBC2,True,True,CSARIPPGGPGTGELFF,TGCAGTGCTAGAATACCTCCGGGGGGGCCGGGCACCGGGGAGCTGTTTTTT,2483,15,clonotype1333,clonotype1333_consensus_2
CAGGTGCGTTGATTGC-1,True,CAGGTGCGTTGATTGC-1_contig_2,True,515,TRA,TRAV27,None,TRAJ40,TRAC,True,True,CAGDTSGTYKYIF,TGTGCAGGAGACACCTCAGGAACCTACAAATACATCTTT,5890,2,clonotype1333,clonotype1333_consensus_1
CAGGTGCGTTGATTGC-1,True,CAGGTGCGTTGATTGC-1_contig_3,True,500,TRA,TRAV21,None,TRAJ49,TRAC,True,False,None,None,621,4,clonotype1333,None
CAGGTGCGTTTCGCTC-1,True,CAGGTGCGTTTCGCTC-1_contig_1,True,495,TRB,TRBV20-1,None,TRBJ2-1,TRBC2,True,True,CSARVGSEVNEQFF,TGCAGTGCTAGAGTGGGGTCGGAAGTCAATGAGCAGTTCTTC,1595,7,clonotype2,clonotype2_consensus_1
CAGGTGCGTTTCGCTC-1,True,CAGGTGCGTTTCGCTC-1_contig_2,True,465,TRA,TRAV10,None,TRAJ24,TRAC,True,False,None,None,429,3,clonotype2,None
CAGGTGCTCAAACCGT-1,True,CAGGTGCTCAAACCGT-1_contig_1,True,490,TRA,TRAV17,None,TRAJ5,TRAC,True,True,CATLTGRRALTF,TGTGCTACGTTAACGGGCAGGAGAGCACTTACTTTT,559,2,clonotype1334,clonotype1334_consensus_1
CAGGTGCTCAAACCGT-1,True,CAGGTGCTCAAACCGT-1_contig_2,True,486,TRB,TRBV5-5,None,TRBJ1-5,TRBC1,True,True,CASSLAGDSNQPQHF,TGTGCCAGCAGCTTGGCAGGGGATAGCAATCAGCCCCAGCATTTT,412,3,clonotype1334,clonotype1334_consensus_2
CAGGTGCTCACTATTC-1,True,CAGGTGCTCACTATTC-1_contig_1,True,505,TRA,TRAV1-2,None,TRAJ33,TRAC,True,True,CAATDSNYQLIW,TGTGCTGCGACTGATAGCAACTATCAGTTAATCTGG,488,5,clonotype1,clonotype1_consensus_2
CAGGTGCTCACTATTC-1,True,CAGGTGCTCACTATTC-1_contig_2,True,521,TRB,TRBV20-1,None,TRBJ2-1,TRBC2,True,True,CSARVGSEVNEQFF,TGCAGTGCTAGAGTGGGGTCGGAAGTCAATGAGCAGTTCTTC,704,3,clonotype1,clonotype1_consensus_1
CAGGTGCTCAGCTCTC-1,True,CAGGTGCTCAGCTCTC-1_contig_1,True,520,TRB,TRBV20-1,None,TRBJ2-1,TRBC2,True,True,CSARTGGIGNEQFF,TGCAGTGCTAGGACGGGGGGCATCGGCAATGAGCAGTTCTTC,4039,15,clonotype258,clonotype258_consensus_2
CAGGTGCTCAGCTCTC-1,True,CAGGTGCTCAGCTCTC-1_contig_2,True,511,TRA,TRAV29/DV5,None,TRAJ6,TRAC,True,True,CAASERGSYIPTF,TGTGCAGCAAGCGAGCGAGGAAGCTACATACCTACATTT,3151,10,clonotype258,clonotype258_consensus_1
CAGGTGCTCCTTCAAT-1,True,CAGGTGCTCCTTCAAT-1_contig_1,True,518,TRB,TRBV20-1,None,TRBJ1-1,TRBC1,True,True,CSARRQVNTEAFF,TGCAGTGCTAGAAGACAGGTGAACACTGAAGCTTTCTTT,2513,11,clonotype1335,clonotype1335_consensus_2
CAGGTGCTCCTTCAAT-1,True,CAGGTGCTCCTTCAAT-1_contig_2,True,532,TRA,TRAV14/DV4,None,TRAJ53,TRAC,True,True,CAMREVNSGGSNYKLTF,TGTGCAATGAGAGAGGTTAATAGTGGAGGTAGCAACTATAAACTGACATTT,763,2,clonotype1335,clonotype1335_consensus_1
CAGGTGCTCGCGGATC-1,True,CAGGTGCTCGCGGATC-1_contig_1,True,670,TRA,TRAV8-2,None,TRAJ48,TRAC,True,True,CVVSDPGFGNEKLTF,TGTGTTGTGAGTGATCCGGGCTTTGGAAATGAGAAATTAACCTTT,889,9,clonotype231,clonotype231_consensus_1
CAGGTGCTCGCGGATC-1,True,CAGGTGCTCGCGGATC-1_contig_2,True,521,TRB,TRBV20-1,None,TRBJ1-6,TRBC1,True,True,CSAKTGGEVSPLHF,TGCAGTGCTAAGACAGGGGGCGAGGTCTCACCCCTCCACTTT,2535,9,clonotype231,clonotype231_consensus_2
CAGGTGCTCTTACCGC-1,True,CAGGTGCTCTTACCGC-1_contig_1,True,492,TRB,TRBV20-1,None,TRBJ1-1,TRBC1,True,True,CSARGTGNTEAFF,TGCAGTGCTAGGGGGACAGGGAACACTGAAGCTTTCTTT,489,7,clonotype1336,clonotype1336_consensus_1
CAGTAACAGACGCTTT-1,True,CAGTAACAGACGCTTT-1_contig_1,True,498,TRB,TRBV20-1,None,TRBJ1-2,TRBC1,True,True,CSARDSRGLYGYTF,TGCAGTGCTAGAGATTCGCGGGGGCTCTATGGCTACACCTTC,1511,4,clonotype1337,clonotype1337_consensus_2
CAGTAACAGACGCTTT-1,True,CAGTAACAGACGCTTT-1_contig_2,True,536,TRA,TRAV12-1,None,TRAJ43,TRAC,True,True,CVVNLVDGNDMRF,TGTGTGGTGAACCTTGTTGACGGCAATGACATGCGCTTT,516,3,clonotype1337,clonotype1337_consensus_1
CAGTAACAGAGGGATA-1,True,CAGTAACAGAGGGATA-1_contig_1,True,505,TRA,TRAV1-2,None,TRAJ33,TRAC,True,True,CAATDSNYQLIW,TGTGCTGCGACTGATAGCAACTATCAGTTAATCTGG,356,2,clonotype1,clonotype1_consensus_2
CAGTAACAGAGGGATA-1,True,CAGTAACAGAGGGATA-1_contig_2,True,521,TRB,TRBV20-1,None,TRBJ2-1,TRBC2,True,True,CSARVGSEVNEQFF,TGCAGTGCTAGAGTGGGGTCGGAAGTCAATGAGCAGTTCTTC,1247,7,clonotype1,clonotype1_consensus_1
CAGTAACAGAGGGATA-1,True,CAGTAACAGAGGGATA-1_contig_3,True,456,TRA,TRAV10,None,TRAJ24,TRAC,True,False,None,None,58,1,clonotype1,None
CAGTAACAGCACCGCT-1,True,CAGTAACAGCACCGCT-1_contig_1,True,505,TRA,TRAV1-2,None,TRAJ33,TRAC,True,True,CAATDSNYQLIW,TGTGCTGCGACTGATAGCAACTATCAGTTAATCTGG,753,4,clonotype1,clonotype1_consensus_2
CAGTAACAGCACCGCT-1,True,CAGTAACAGCACCGCT-1_contig_2,True,521,TRB,TRBV20-1,None,TRBJ2-1,TRBC2,True,True,CSARVGSEVNEQFF,TGCAGTGCTAGAGTGGGGTCGGAAGTCAATGAGCAGTTCTTC,1487,5,clonotype1,clonotype1_consensus_1
CAGTAACAGCTAAACA-1,True,CAGTAACAGCTAAACA-1_contig_1,True,505,TRA,TRAV1-2,None,TRAJ33,TRAC,True,True,CAATDSNYQLIW,TGTGCTGCGACTGATAGCAACTATCAGTTAATCTGG,3332,4,clonotype1,clonotype1_consensus_2
CAGTAACAGCTAAACA-1,True,CAGTAACAGCTAAACA-1_contig_2,True,521,TRB,TRBV20-1,None,TRBJ2-1,TRBC2,True,True,CSARVGSEVNEQFF,TGCAGTGCTAGAGTGGGGTCGGAAGTCAATGAGCAGTTCTTC,874,5,clonotype1,clonotype1_consensus_1
CAGTAACAGCTAAACA-1,True,CAGTAACAGCTAAACA-1_contig_3,True,467,TRA,TRAV10,None,TRAJ24,TRAC,True,False,None,None,157,1,clonotype1,None
CAGTAACAGCTGTCTA-1,True,CAGTAACAGCTGTCTA-1_contig_1,True,505,TRB,TRBV20-1,None,TRBJ1-1,TRBC1,True,True,CSAAGGSEAFF,TGCAGTGCTGCAGGGGGCTCTGAAGCTTTCTTT,676,3,clonotype1338,clonotype1338_consensus_1
CAGTAACAGCTGTCTA-1,True,CAGTAACAGCTGTCTA-1_contig_2,True,444,TRA,TRAV2,None,TRAJ3,TRAC,True,False,CCLLLCCDNSSASKIIF,TGCTGTTTACTACTGTGCTGTGATAACAGCAGTGCTTCCAAGATAATCTTT,615,3,clonotype1338,None
CAGTAACAGGAGTACC-1,True,CAGTAACAGGAGTACC-1_contig_1,True,498,TRB,TRBV20-1,None,TRBJ2-1,TRBC2,True,True,CSARVGSEVNEQFF,TGCAGTGCTAGAGTGGGGTCGGAAGTCAATGAGCAGTTCTTC,1223,6,clonotype2,clonotype2_consensus_1
CAGTAACCAAGCTGAG-1,True,CAGTAACCAAGCTGAG-1_contig_1,True,498,TRB,TRBV20-1,None,TRBJ2-1,TRBC2,True,True,CSARVGSEVNEQFF,TGCAGTGCTAGAGTGGGGTCGGAAGTCAATGAGCAGTTCTTC,1998,9,clonotype2,clonotype2_consensus_1
CAGTAACCACAGATTC-1,True,CAGTAACCACAGATTC-1_contig_1,True,524,TRB,TRBV20-1,None,TRBJ1-2,TRBC1,True,True,CSARGGYPYNYGYTF,TGCAGTGCTAGAGGAGGGTATCCGTATAACTATGGCTACACCTTC,1322,4,clonotype259,clonotype259_consensus_1
CAGTAACCACAGATTC-1,True,CAGTAACCACAGATTC-1_contig_2,True,501,TRA,TRAV17,None,TRAJ8,TRAC,True,True,CATDVNTGFQKLVF,TGTGCTACGGACGTGAACACAGGCTTTCAGAAACTTGTATTT,60,3,clonotype259,clonotype259_consensus_2
CAGTAACCAGGTGCCT-1,True,CAGTAACCAGGTGCCT-1_contig_1,True,498,TRB,TRBV20-1,None,TRBJ2-1,TRBC2,True,True,CSARGYETYNEQFF,TGCAGTGCTAGGGGTTACGAAACCTACAATGAGCAGTTCTTC,1359,5,clonotype128,clonotype128_consensus_2
CAGTAACCAGGTGCCT-1,True,CAGTAACCAGGTGCCT-1_contig_2,True,561,TRA,TRAV16,None,TRAJ13,TRAC,True,True,CALKPGGYQKVTF,TGTGCTCTAAAGCCTGGGGGTTACCAGAAAGTTACCTTT,499,3,clonotype128,clonotype128_consensus_1
CAGTAACCATAGTAAG-1,True,CAGTAACCATAGTAAG-1_contig_1,True,457,TRA,TRAV22,None,TRAJ35,TRAC,True,True,CAVAASIGFGNVLHC,TGTGCTGTGGCCGCTTCGATAGGCTTTGGGAATGTGCTGCATTGC,248,1,clonotype47,clonotype47_consensus_2
CAGTAACCATAGTAAG-1,True,CAGTAACCATAGTAAG-1_contig_2,True,687,TRB,TRBV5-6,None,TRBJ2-1,TRBC2,True,True,CASSLANEQFF,TGTGCCAGCAGCTTGGCCAATGAGCAGTTCTTC,2569,8,clonotype47,clonotype47_consensus_1
CAGTAACCATAGTAAG-1,True,CAGTAACCATAGTAAG-1_contig_3,True,406,TRA,TRAV8-6,None,None,TRAC,False,False,None,None,926,1,clonotype47,None
CAGTAACCATAGTAAG-1,True,CAGTAACCATAGTAAG-1_contig_4,True,310,TRB,None,None,TRBJ2-5,TRBC2,False,False,None,None,2059,6,clonotype47,None
CAGTAACCATGCATGT-1,True,CAGTAACCATGCATGT-1_contig_1,True,504,TRB,TRBV20-1,None,TRBJ1-6,TRBC1,True,True,CSASVDSVANNSPLHF,TGCAGTGCTAGTGTGGACAGTGTGGCGAATAATTCACCCCTCCACTTT,2781,7,clonotype1339,clonotype1339_consensus_1
CAGTAACCATGCATGT-1,True,CAGTAACCATGCATGT-1_contig_2,True,486,TRA,TRAV9-2,None,TRAJ48,TRAC,True,True,CALRTNEKLTF,TGTGCTCTGAGGACGAATGAGAAATTAACCTTT,953,6,clonotype1339,clonotype1339_consensus_2
CAGTAACGTACGACCC-1,True,CAGTAACGTACGACCC-1_contig_1,True,906,TRB,TRBV5-5,None,TRBJ1-2,TRBC1,True,True,CASSLGPGVNYGYTF,TGTGCCAGCAGCTTGGGTCCAGGGGTAAACTATGGCTACACCTTC,257,3,clonotype1340,clonotype1340_consensus_1
CAGTAACGTAGCGTCC-1,True,CAGTAACGTAGCGTCC-1_contig_1,True,495,TRB,TRBV20-1,None,TRBJ1-1,TRBC1,True,True,CSASVWRTGNTEAFF,TGCAGTGCTAGTGTATGGCGGACAGGGAACACTGAAGCTTTCTTT,1913,4,clonotype1341,clonotype1341_consensus_1
CAGTAACGTCTACCTC-1,True,CAGTAACGTCTACCTC-1_contig_1,True,502,TRA,TRAV1-2,None,TRAJ30,TRAC,True,True,CAVRDLREIIF,TGTGCTGTGAGAGATCTTCGGGAGATCATCTTT,468,3,clonotype3,clonotype3_consensus_2
CAGTAACGTCTACCTC-1,True,CAGTAACGTCTACCTC-1_contig_2,True,664,TRB,TRBV5-5,None,TRBJ1-4,TRBC1,True,True,CASSHPGPNYATNEKLFF,TGTGCCAGCAGCCATCCCGGACCGAACTACGCAACTAATGAAAAACTGTTTTTT,2004,3,clonotype3,clonotype3_consensus_1
CAGTAACGTCTACCTC-1,True,CAGTAACGTCTACCTC-1_contig_3,True,513,TRB,TRBV7-3,None,TRBJ2-1,TRBC2,True,False,CQQRSLKAGGPYNEQFF,TGCCAGCAGCGGTCACTTAAAGCGGGGGGACCCTACAATGAGCAGTTCTTC,338,1,clonotype3,None
CAGTAACGTGAGTATA-1,True,CAGTAACGTGAGTATA-1_contig_1,True,538,TRA,TRAV12-2,None,TRAJ7,TRAC,True,True,CAVNGNNRLAF,TGTGCCGTGAATGGGAACAACAGACTCGCTTTT,779,3,clonotype1342,clonotype1342_consensus_2
CAGTAACGTGAGTATA-1,True,CAGTAACGTGAGTATA-1_contig_2,True,521,TRB,TRBV20-1,None,TRBJ1-1,TRBC1,True,True,CSARVSGPNTEAFF,TGCAGTGCTAGAGTTTCGGGGCCCAACACTGAAGCTTTCTTT,2596,7,clonotype1342,clonotype1342_consensus_1
CAGTAACTCCCAGGTG-1,True,CAGTAACTCCCAGGTG-1_contig_1,True,489,TRA,TRAV1-2,None,TRAJ33,TRAC,True,True,CAATDSNYQLIW,TGTGCTGCGACTGATAGCAACTATCAGTTAATCTGG,607,3,clonotype1,clonotype1_consensus_2
CAGTAACTCCCAGGTG-1,True,CAGTAACTCCCAGGTG-1_contig_2,True,521,TRB,TRBV20-1,None,TRBJ2-1,TRBC2,True,True,CSARVGSEVNEQFF,TGCAGTGCTAGAGTGGGGTCGGAAGTCAATGAGCAGTTCTTC,921,9,clonotype1,clonotype1_consensus_1
CAGTAACTCCCAGGTG-1,True,CAGTAACTCCCAGGTG-1_contig_3,True,465,TRA,TRAV10,None,TRAJ24,TRAC,True,False,None,None,121,1,clonotype1,None
CAGTAACTCGACAGCC-1,True,CAGTAACTCGACAGCC-1_contig_1,True,518,TRB,TRBV20-1,None,TRBJ1-4,TRBC1,True,True,CSAVRGFNEKLFF,TGCAGTGCTGTCAGGGGTTTTAATGAAAAACTGTTTTTT,1118,4,clonotype1343,clonotype1343_consensus_1
CAGTAACTCGACAGCC-1,True,CAGTAACTCGACAGCC-1_contig_2,True,511,TRA,TRAV23/DV6,None,TRAJ16,TRAC,True,True,CAASMARDGQKLLF,TGTGCAGCAAGCATGGCCCGAGATGGCCAGAAGCTGCTCTTT,664,4,clonotype1343,clonotype1343_consensus_2
CAGTAACTCGTGGGAA-1,True,CAGTAACTCGTGGGAA-1_contig_1,True,650,TRB,TRBV5-6,None,TRBJ1-1,TRBC1,True,True,CASSLGGYTEAFF,TGTGCCAGCAGCTTGGGAGGGTACACTGAAGCTTTCTTT,389,3,clonotype1344,clonotype1344_consensus_1
CAGTAACTCGTGGGAA-1,True,CAGTAACTCGTGGGAA-1_contig_2,True,326,TRB,None,None,TRBJ2-4,TRBC2,False,False,None,None,318,2,clonotype1344,None
CAGTAACTCTTAGAGC-1,True,CAGTAACTCTTAGAGC-1_contig_1,True,498,TRA,TRAV1-2,None,TRAJ33,TRAC,True,True,CAATDSNYQLIW,TGTGCTGCGACTGATAGCAACTATCAGTTAATCTGG,426,1,clonotype1,clonotype1_consensus_2
CAGTAACTCTTAGAGC-1,True,CAGTAACTCTTAGAGC-1_contig_2,True,521,TRB,TRBV20-1,None,TRBJ2-1,TRBC2,True,True,CSARVGSEVNEQFF,TGCAGTGCTAGAGTGGGGTCGGAAGTCAATGAGCAGTTCTTC,569,5,clonotype1,clonotype1_consensus_1
CAGTAACTCTTAGAGC-1,True,CAGTAACTCTTAGAGC-1_contig_3,True,461,TRA,TRAV10,None,TRAJ24,TRAC,True,False,None,None,122,1,clonotype1,None
CAGTCCTAGAAGGTTT-1,True,CAGTCCTAGAAGGTTT-1_contig_1,True,495,TRB,TRBV20-1,None,TRBJ2-1,TRBC2,True,True,CSARRGQGALDEQFF,TGCAGTGCTAGACGCGGGCAGGGGGCGTTGGATGAGCAGTTCTTC,1492,11,clonotype1345,clonotype1345_consensus_1
CAGTCCTAGTACTTGC-1,True,CAGTCCTAGTACTTGC-1_contig_1,True,505,TRA,TRAV1-2,None,TRAJ33,TRAC,True,True,CAATDSNYQLIW,TGTGCTGCGACTGATAGCAACTATCAGTTAATCTGG,521,2,clonotype1,clonotype1_consensus_2
CAGTCCTAGTACTTGC-1,True,CAGTCCTAGTACTTGC-1_contig_2,True,515,TRB,TRBV20-1,None,TRBJ2-1,TRBC2,True,True,CSARVGSEVNEQFF,TGCAGTGCTAGAGTGGGGTCGGAAGTCAATGAGCAGTTCTTC,3895,6,clonotype1,clonotype1_consensus_1
CAGTCCTAGTACTTGC-1,True,CAGTCCTAGTACTTGC-1_contig_3,True,482,TRA,TRAV10,None,TRAJ24,TRAC,True,False,None,None,187,3,clonotype1,None
CAGTCCTAGTGTCTCA-1,True,CAGTCCTAGTGTCTCA-1_contig_1,True,479,TRB,TRBV20-1,None,TRBJ2-1,TRBC2,True,True,CSATFRVHEQFF,TGCAGTGCTACTTTTAGAGTGCATGAGCAGTTCTTC,932,7,clonotype1346,clonotype1346_consensus_1
CAGTCCTAGTGTCTCA-1,True,CAGTCCTAGTGTCTCA-1_contig_2,True,547,TRA,TRAV12-2,None,TRAJ57,TRAC,True,True,CAVNNKGGSEKLVF,TGTGCCGTGAACAACAAGGGCGGATCTGAAAAGCTGGTCTTT,1056,9,clonotype1346,clonotype1346_consensus_2
CAGTCCTCACATCCGG-1,True,CAGTCCTCACATCCGG-1_contig_1,True,505,TRA,TRAV1-2,None,TRAJ33,TRAC,True,True,CAATDSNYQLIW,TGTGCTGCGACTGATAGCAACTATCAGTTAATCTGG,795,3,clonotype1,clonotype1_consensus_2
CAGTCCTCACATCCGG-1,True,CAGTCCTCACATCCGG-1_contig_2,True,521,TRB,TRBV20-1,None,TRBJ2-1,TRBC2,True,True,CSARVGSEVNEQFF,TGCAGTGCTAGAGTGGGGTCGGAAGTCAATGAGCAGTTCTTC,6360,17,clonotype1,clonotype1_consensus_1
CAGTCCTCACATCCGG-1,True,CAGTCCTCACATCCGG-1_contig_3,True,465,TRA,TRAV10,None,TRAJ24,TRAC,True,False,None,None,573,1,clonotype1,None
CAGTCCTCAGTATCTG-1,True,CAGTCCTCAGTATCTG-1_contig_1,True,505,TRA,TRAV1-2,None,TRAJ33,TRAC,True,True,CAATDSNYQLIW,TGTGCTGCGACTGATAGCAACTATCAGTTAATCTGG,383,2,clonotype1,clonotype1_consensus_2
CAGTCCTCAGTATCTG-1,True,CAGTCCTCAGTATCTG-1_contig_2,True,521,TRB,TRBV20-1,None,TRBJ2-1,TRBC2,True,True,CSARVGSEVNEQFF,TGCAGTGCTAGAGTGGGGTCGGAAGTCAATGAGCAGTTCTTC,482,4,clonotype1,clonotype1_consensus_1
CAGTCCTCAGTATCTG-1,True,CAGTCCTCAGTATCTG-1_contig_3,True,434,TRA,TRAV10,None,TRAJ24,TRAC,True,False,None,None,122,2,clonotype1,None
CAGTCCTCATCCGGGT-1,True,CAGTCCTCATCCGGGT-1_contig_1,True,505,TRA,TRAV1-2,None,TRAJ33,TRAC,True,True,CAATDSNYQLIW,TGTGCTGCGACTGATAGCAACTATCAGTTAATCTGG,711,5,clonotype1,clonotype1_consensus_2
CAGTCCTCATCCGGGT-1,True,CAGTCCTCATCCGGGT-1_contig_2,True,492,TRB,TRBV20-1,None,TRBJ2-1,TRBC2,True,True,CSARVGSEVNEQFF,TGCAGTGCTAGAGTGGGGTCGGAAGTCAATGAGCAGTTCTTC,631,5,clonotype1,clonotype1_consensus_1
CAGTCCTCATCCGGGT-1,True,CAGTCCTCATCCGGGT-1_contig_3,True,482,TRA,TRAV10,None,TRAJ24,TRAC,True,False,None,None,232,3,clonotype1,None
CAGTCCTCATTAACCG-1,True,CAGTCCTCATTAACCG-1_contig_1,True,514,TRA,TRAV23/DV6,None,TRAJ45,TRAC,True,True,CAASILGGGADGLTF,TGTGCAGCAAGCATACTGGGAGGAGGTGCTGACGGACTCACCTTT,369,7,clonotype1347,clonotype1347_consensus_2
CAGTCCTCATTAACCG-1,True,CAGTCCTCATTAACCG-1_contig_2,True,658,TRB,TRBV5-5,None,TRBJ1-2,TRBC1,True,True,CASSLGRAQHGYTF,TGTGCCAGCAGCTTGGGGAGGGCCCAGCATGGCTACACCTTC,894,4,clonotype1347,clonotype1347_consensus_1
CAGTCCTGTCGTTGTA-1,True,CAGTCCTGTCGTTGTA-1_contig_1,True,505,TRA,TRAV1-2,None,TRAJ33,TRAC,True,True,CAATDSNYQLIW,TGTGCTGCGACTGATAGCAACTATCAGTTAATCTGG,861,5,clonotype1,clonotype1_consensus_2
CAGTCCTGTCGTTGTA-1,True,CAGTCCTGTCGTTGTA-1_contig_2,True,514,TRB,TRBV20-1,None,TRBJ2-1,TRBC2,True,True,CSARVGSEVNEQFF,TGCAGTGCTAGAGTGGGGTCGGAAGTCAATGAGCAGTTCTTC,1416,7,clonotype1,clonotype1_consensus_1
CAGTCCTGTTTCGCTC-1,True,CAGTCCTGTTTCGCTC-1_contig_1,True,505,TRA,TRAV1-2,None,TRAJ33,TRAC,True,True,CAATDSNYQLIW,TGTGCTGCGACTGATAGCAACTATCAGTTAATCTGG,1123,5,clonotype1,clonotype1_consensus_2
CAGTCCTGTTTCGCTC-1,True,CAGTCCTGTTTCGCTC-1_contig_2,True,521,TRB,TRBV20-1,None,TRBJ2-1,TRBC2,True,True,CSARVGSEVNEQFF,TGCAGTGCTAGAGTGGGGTCGGAAGTCAATGAGCAGTTCTTC,2477,10,clonotype1,clonotype1_consensus_1
CAGTCCTGTTTCGCTC-1,True,CAGTCCTGTTTCGCTC-1_contig_3,True,482,TRA,TRAV10,None,TRAJ24,TRAC,True,False,None,None,1302,6,clonotype1,None
CAGTCCTTCATGCAAC-1,True,CAGTCCTTCATGCAAC-1_contig_1,True,574,TRA,TRAV19,None,TRAJ52,TRAC,True,True,CALKGISGGTSYGKLTF,TGTGCTCTGAAGGGAATTTCTGGTGGTACTAGCTATGGAAAGCTGACATTT,6322,6,clonotype1348,clonotype1348_consensus_1
CAGTCCTTCATGCAAC-1,True,CAGTCCTTCATGCAAC-1_contig_2,True,498,TRB,TRBV20-1,None,TRBJ2-3,TRBC2,True,True,CSARGGGARDTQYF,TGCAGTGCTAGAGGAGGGGGGGCCAGGGATACGCAGTATTTT,4080,19,clonotype1348,clonotype1348_consensus_2
CAGTCCTTCCAGGGCT-1,True,CAGTCCTTCCAGGGCT-1_contig_1,True,505,TRA,TRAV1-2,None,TRAJ33,TRAC,True,True,CAATDSNYQLIW,TGTGCTGCGACTGATAGCAACTATCAGTTAATCTGG,239,7,clonotype1,clonotype1_consensus_2
CAGTCCTTCCAGGGCT-1,True,CAGTCCTTCCAGGGCT-1_contig_2,True,521,TRB,TRBV20-1,None,TRBJ2-1,TRBC2,True,True,CSARVGSEVNEQFF,TGCAGTGCTAGAGTGGGGTCGGAAGTCAATGAGCAGTTCTTC,642,6,clonotype1,clonotype1_consensus_1
CAGTCCTTCTAACCGA-1,True,CAGTCCTTCTAACCGA-1_contig_1,True,488,TRA,TRAV9-2,None,TRAJ13,TRAC,True,True,CALNLEGYQKVTF,TGTGCTCTGAACTTAGAGGGTTACCAGAAAGTTACCTTT,647,6,clonotype6,clonotype6_consensus_1
CAGTCCTTCTAACCGA-1,True,CAGTCCTTCTAACCGA-1_contig_2,True,522,TRB,TRBV5-6,None,TRBJ1-5,TRBC1,True,True,CASSFRGGANQPQHF,TGTGCCAGCAGCTTTCGAGGGGGCGCGAATCAGCCCCAGCATTTT,526,6,clonotype6,clonotype6_consensus_2
CATATGGAGACGACGT-1,True,CATATGGAGACGACGT-1_contig_1,True,521,TRB,TRBV20-1,None,TRBJ2-1,TRBC2,True,True,CSARVGSEVNEQFF,TGCAGTGCTAGAGTGGGGTCGGAAGTCAATGAGCAGTTCTTC,513,3,clonotype2,clonotype2_consensus_1
CATATGGAGCAGGTCA-1,True,CATATGGAGCAGGTCA-1_contig_1,True,547,TRA,TRAV12-2,None,TRAJ15,TRAC,True,True,CASRIWQAGTALIF,TGTGCCTCCCGGATATGGCAGGCAGGAACTGCTCTGATCTTT,604,4,clonotype1349,clonotype1349_consensus_2
CATATGGAGCAGGTCA-1,True,CATATGGAGCAGGTCA-1_contig_2,True,524,TRB,TRBV20-1,None,TRBJ2-2,TRBC2,True,True,CSAASSGGAAGELFF,TGCAGTGCCGCTTCTAGCGGGGGGGCCGCCGGGGAGCTGTTTTTT,1400,11,clonotype1349,clonotype1349_consensus_1
CATATGGAGCGCCTCA-1,True,CATATGGAGCGCCTCA-1_contig_1,True,505,TRA,TRAV1-2,None,TRAJ33,TRAC,True,True,CAATDSNYQLIW,TGTGCTGCGACTGATAGCAACTATCAGTTAATCTGG,879,3,clonotype1,clonotype1_consensus_2
CATATGGAGCGCCTCA-1,True,CATATGGAGCGCCTCA-1_contig_2,True,518,TRB,TRBV20-1,None,TRBJ2-1,TRBC2,True,True,CSARVGSEVNEQFF,TGCAGTGCTAGAGTGGGGTCGGAAGTCAATGAGCAGTTCTTC,1336,5,clonotype1,clonotype1_consensus_1
CATATGGAGCGCCTCA-1,True,CATATGGAGCGCCTCA-1_contig_3,True,459,TRA,TRAV10,None,TRAJ24,TRAC,True,False,None,None,720,3,clonotype1,None
CATATGGAGTGTACTC-1,True,CATATGGAGTGTACTC-1_contig_1,True,521,TRB,TRBV20-1,None,TRBJ2-1,TRBC2,True,True,CSARVGSEVNEQFF,TGCAGTGCTAGAGTGGGGTCGGAAGTCAATGAGCAGTTCTTC,1450,8,clonotype2,clonotype2_consensus_1
CATATGGCAACTGGCC-1,True,CATATGGCAACTGGCC-1_contig_1,True,495,TRB,TRBV20-1,None,TRBJ1-5,TRBC1,True,True,CSAREGGGQPQHF,TGCAGTGCTAGAGAGGGGGGGGGACAGCCCCAGCATTTT,2360,15,clonotype1350,clonotype1350_consensus_2
CATATGGCAACTGGCC-1,True,CATATGGCAACTGGCC-1_contig_2,True,681,TRA,TRAV8-3,None,TRAJ5,TRAC,True,True,CAVGAAGRRALTF,TGTGCTGTGGGTGCCGCGGGCAGGAGAGCACTTACTTTT,1035,6,clonotype1350,clonotype1350_consensus_1
CATATGGCACCCATTC-1,True,CATATGGCACCCATTC-1_contig_1,True,524,TRB,TRBV20-1,None,TRBJ2-5,TRBC2,True,True,CSARDDEGFQETQYF,TGCAGTGCTAGAGATGACGAGGGTTTCCAAGAGACCCAGTACTTC,4328,12,clonotype260,clonotype260_consensus_2
CATATGGCACCCATTC-1,True,CATATGGCACCCATTC-1_contig_2,True,574,TRA,TRAV29/DV5,None,TRAJ48,TRAC,True,True,CAATISNFGNEKLTF,TGTGCAGCCACTATATCTAACTTTGGAAATGAGAAATTAACCTTT,611,6,clonotype260,clonotype260_consensus_1
CATATGGCACCCATTC-1,True,CATATGGCACCCATTC-1_contig_3,True,358,TRA,TRAV17,None,TRAJ16,TRAC,True,False,None,None,461,1,clonotype260,None
CATATGGCAGTCAGAG-1,True,CATATGGCAGTCAGAG-1_contig_1,True,505,TRA,TRAV1-2,None,TRAJ33,TRAC,True,True,CAATDSNYQLIW,TGTGCTGCGACTGATAGCAACTATCAGTTAATCTGG,204,2,clonotype1,clonotype1_consensus_2
CATATGGCAGTCAGAG-1,True,CATATGGCAGTCAGAG-1_contig_2,True,521,TRB,TRBV20-1,None,TRBJ2-1,TRBC2,True,True,CSARVGSEVNEQFF,TGCAGTGCTAGAGTGGGGTCGGAAGTCAATGAGCAGTTCTTC,1427,7,clonotype1,clonotype1_consensus_1
CATATGGCAGTCAGAG-1,True,CATATGGCAGTCAGAG-1_contig_3,True,482,TRA,TRAV10,None,TRAJ24,TRAC,True,False,None,None,692,1,clonotype1,None
CATATGGGTACCGAGA-1,True,CATATGGGTACCGAGA-1_contig_1,True,524,TRB,TRBV20-1,None,TRBJ2-7,TRBC2,True,True,CSARDPTSGDYEQYF,TGCAGTGCTAGAGATCCGACTAGCGGCGACTACGAGCAGTACTTC,1118,5,clonotype261,clonotype261_consensus_1
CATATGGGTACCTACA-1,True,CATATGGGTACCTACA-1_contig_1,True,462,TRA,TRAV13-1,None,TRAJ8,TRAC,True,True,CAAGGNTGFQKLVF,TGTGCAGCTGGGGGGAACACAGGCTTTCAGAAACTTGTATTT,263,3,clonotype1351,clonotype1351_consensus_2
CATATGGGTACCTACA-1,True,CATATGGGTACCTACA-1_contig_2,True,527,TRB,TRBV20-1,None,TRBJ2-5,TRBC2,True,True,CSASPLMTGNQETQYF,TGCAGTGCTAGCCCCCTCATGACAGGGAACCAAGAGACCCAGTACTTC,530,3,clonotype1351,clonotype1351_consensus_1
CATATGGGTGACGGTA-1,True,CATATGGGTGACGGTA-1_contig_1,True,524,TRB,TRBV20-1,None,TRBJ2-1,TRBC2,True,True,CSASPRDSLYNEQFF,TGCAGTGCTAGTCCTCGGGACAGCCTGTACAATGAGCAGTTCTTC,550,4,clonotype1352,clonotype1352_consensus_2
CATATGGGTGACGGTA-1,True,CATATGGGTGACGGTA-1_contig_2,True,474,TRA,TRAV38-1,None,TRAJ26,TRAC,True,True,CAFTSYGQNFVF,TGTGCTTTCACCTCATATGGTCAGAATTTTGTCTTT,4665,3,clonotype1352,clonotype1352_consensus_4
CATATGGGTGACGGTA-1,True,CATATGGGTGACGGTA-1_contig_3,True,626,TRA,TRAV12-1,None,TRAJ26,TRAC,True,True,CVVAPYGQNFVF,TGTGTGGTGGCCCCCTATGGTCAGAATTTTGTCTTT,459,4,clonotype1352,clonotype1352_consensus_3
CATATGGGTGACGGTA-1,True,CATATGGGTGACGGTA-1_contig_4,True,521,TRB,TRBV20-1,None,TRBJ2-3,TRBC2,True,True,CSARPDTSTDTQYF,TGCAGTGCCCGTCCTGATACTAGCACAGATACGCAGTATTTT,1609,6,clonotype1352,clonotype1352_consensus_1
CATATGGGTGGGTCAA-1,True,CATATGGGTGGGTCAA-1_contig_1,True,505,TRA,TRAV1-2,None,TRAJ33,TRAC,True,True,CAATDSNYQLIW,TGTGCTGCGACTGATAGCAACTATCAGTTAATCTGG,591,6,clonotype1,clonotype1_consensus_2
CATATGGGTGGGTCAA-1,True,CATATGGGTGGGTCAA-1_contig_2,True,498,TRB,TRBV20-1,None,TRBJ2-1,TRBC2,True,True,CSARVGSEVNEQFF,TGCAGTGCTAGAGTGGGGTCGGAAGTCAATGAGCAGTTCTTC,663,3,clonotype1,clonotype1_consensus_1
CATATGGGTGGGTCAA-1,True,CATATGGGTGGGTCAA-1_contig_3,True,457,TRA,TRAV10,None,TRAJ24,TRAC,True,False,None,None,292,1,clonotype1,None
CATATGGGTTCCACAA-1,True,CATATGGGTTCCACAA-1_contig_1,True,514,TRB,TRBV5-5,None,TRBJ2-3,TRBC2,True,True,CASSGDLEDSTDTQYF,TGTGCCAGCAGCGGTGACTTGGAAGATAGCACAGATACGCAGTATTTT,1463,7,clonotype1353,clonotype1353_consensus_1
CATATGGGTTCCACAA-1,True,CATATGGGTTCCACAA-1_contig_2,True,481,TRA,TRAV13-2,None,TRAJ30,TRAC,True,True,CAPLRDDKIIF,TGTGCACCCCTGAGGGATGACAAGATCATCTTT,5361,1,clonotype1353,clonotype1353_consensus_2
CATATGGGTTCCACAA-1,True,CATATGGGTTCCACAA-1_contig_3,True,385,TRB,None,None,TRBJ1-5,TRBC1,False,False,None,None,541,1,clonotype1353,None
CATATGGTCATAGCAC-1,True,CATATGGTCATAGCAC-1_contig_1,True,473,TRB,TRBV20-1,None,TRBJ1-1,TRBC1,True,True,CSGDGFGMNTEAFF,TGCAGTGGAGACGGGTTCGGGATGAACACTGAAGCTTTCTTT,3713,7,clonotype1354,clonotype1354_consensus_2
CATATGGTCATAGCAC-1,True,CATATGGTCATAGCAC-1_contig_2,True,481,TRA,TRAV21,None,TRAJ56,TRAC,True,True,CAVTGANSKLTF,TGTGCTGTTACTGGAGCCAATAGTAAGCTGACATTT,596,3,clonotype1354,clonotype1354_consensus_1
CATATGGTCATGCTCC-1,True,CATATGGTCATGCTCC-1_contig_1,True,505,TRA,TRAV1-2,None,TRAJ33,TRAC,True,True,CAATDSNYQLIW,TGTGCTGCGACTGATAGCAACTATCAGTTAATCTGG,521,3,clonotype1,clonotype1_consensus_2
CATATGGTCATGCTCC-1,True,CATATGGTCATGCTCC-1_contig_2,True,521,TRB,TRBV20-1,None,TRBJ2-1,TRBC2,True,True,CSARVGSEVNEQFF,TGCAGTGCTAGAGTGGGGTCGGAAGTCAATGAGCAGTTCTTC,4813,6,clonotype1,clonotype1_consensus_1
CATATGGTCCGTTGTC-1,True,CATATGGTCCGTTGTC-1_contig_1,True,502,TRA,TRAV1-2,None,TRAJ33,TRAC,True,True,CAATDSNYQLIW,TGTGCTGCGACTGATAGCAACTATCAGTTAATCTGG,91,2,clonotype1,clonotype1_consensus_2
CATATGGTCCGTTGTC-1,True,CATATGGTCCGTTGTC-1_contig_2,True,498,TRB,TRBV20-1,None,TRBJ2-1,TRBC2,True,True,CSARVGSEVNEQFF,TGCAGTGCTAGAGTGGGGTCGGAAGTCAATGAGCAGTTCTTC,1282,9,clonotype1,clonotype1_consensus_1
CATATGGTCCGTTGTC-1,True,CATATGGTCCGTTGTC-1_contig_3,True,457,TRA,TRAV10,None,TRAJ24,TRAC,True,False,None,None,217,2,clonotype1,None
CATATGGTCTCGCATC-1,True,CATATGGTCTCGCATC-1_contig_1,True,505,TRA,TRAV1-2,None,TRAJ33,TRAC,True,True,CAATDSNYQLIW,TGTGCTGCGACTGATAGCAACTATCAGTTAATCTGG,192,1,clonotype1,clonotype1_consensus_2
CATATGGTCTCGCATC-1,True,CATATGGTCTCGCATC-1_contig_2,True,521,TRB,TRBV20-1,None,TRBJ2-1,TRBC2,True,True,CSARVGSEVNEQFF,TGCAGTGCTAGAGTGGGGTCGGAAGTCAATGAGCAGTTCTTC,3979,7,clonotype1,clonotype1_consensus_1
CATATGGTCTGCAGTA-1,True,CATATGGTCTGCAGTA-1_contig_1,True,505,TRA,TRAV1-2,None,TRAJ33,TRAC,True,True,CAATDSNYQLIW,TGTGCTGCGACTGATAGCAACTATCAGTTAATCTGG,460,4,clonotype1,clonotype1_consensus_2
CATATGGTCTGCAGTA-1,True,CATATGGTCTGCAGTA-1_contig_2,True,498,TRB,TRBV20-1,None,TRBJ2-1,TRBC2,True,True,CSARVGSEVNEQFF,TGCAGTGCTAGAGTGGGGTCGGAAGTCAATGAGCAGTTCTTC,972,7,clonotype1,clonotype1_consensus_1
CATATGGTCTGTGCAA-1,True,CATATGGTCTGTGCAA-1_contig_1,True,504,TRB,TRBV20-1,None,TRBJ2-7,TRBC2,True,True,CSARASRLVLSYEQYF,TGCAGTGCTAGAGCCTCACGGCTAGTACTTTCCTACGAGCAGTACTTC,1282,6,clonotype11,clonotype11_consensus_2
CATATGGTCTGTGCAA-1,True,CATATGGTCTGTGCAA-1_contig_2,True,510,TRA,TRAV26-1,None,TRAJ34,TRAC,True,True,CIASSYNTDKLIF,TGCATCGCTTCATCTTATAACACCGACAAGCTCATCTTT,214,1,clonotype11,clonotype11_consensus_1
CATATGGTCTGTGCAA-1,True,CATATGGTCTGTGCAA-1_contig_3,True,548,TRA,TRAV12-2,None,TRAJ44,TRAC,True,False,None,None,661,2,clonotype11,None
CATATTCCACAGACAG-1,True,CATATTCCACAGACAG-1_contig_1,True,533,TRB,TRBV20-1,None,TRBJ2-1,TRBC2,True,True,CSARGKPLAGGSYNEQFF,TGCAGTGCTAGAGGGAAACCACTAGCGGGGGGGTCCTACAATGAGCAGTTCTTC,9637,32,clonotype1355,clonotype1355_consensus_1
CATATTCCACAGACAG-1,True,CATATTCCACAGACAG-1_contig_2,True,520,TRA,TRAV14/DV4,None,TRAJ33,TRAC,True,True,CAMSEDSNYQLIW,TGTGCAATGAGCGAGGATAGCAACTATCAGTTAATCTGG,2253,10,clonotype1355,clonotype1355_consensus_2
CATATTCCACATTAGC-1,True,CATATTCCACATTAGC-1_contig_1,True,505,TRA,TRAV1-2,None,TRAJ33,TRAC,True,True,CAATDSNYQLIW,TGTGCTGCGACTGATAGCAACTATCAGTTAATCTGG,536,3,clonotype1,clonotype1_consensus_2
CATATTCCACATTAGC-1,True,CATATTCCACATTAGC-1_contig_2,True,521,TRB,TRBV20-1,None,TRBJ2-1,TRBC2,True,True,CSARVGSEVNEQFF,TGCAGTGCTAGAGTGGGGTCGGAAGTCAATGAGCAGTTCTTC,802,4,clonotype1,clonotype1_consensus_1
CATATTCCACCCATGG-1,True,CATATTCCACCCATGG-1_contig_1,True,505,TRA,TRAV1-2,None,TRAJ33,TRAC,True,True,CAATDSNYQLIW,TGTGCTGCGACTGATAGCAACTATCAGTTAATCTGG,1395,1,clonotype1,clonotype1_consensus_2
CATATTCCACCCATGG-1,True,CATATTCCACCCATGG-1_contig_2,True,498,TRB,TRBV20-1,None,TRBJ2-1,TRBC2,True,True,CSARVGSEVNEQFF,TGCAGTGCTAGAGTGGGGTCGGAAGTCAATGAGCAGTTCTTC,867,6,clonotype1,clonotype1_consensus_1
CATATTCCACCCATGG-1,True,CATATTCCACCCATGG-1_contig_3,True,482,TRA,TRAV10,None,TRAJ24,TRAC,True,False,None,None,300,2,clonotype1,None
CATATTCCACGTAAGG-1,True,CATATTCCACGTAAGG-1_contig_1,True,495,TRA,TRAV9-2,None,TRAJ26,TRAC,True,True,CALSPTNYGQNFVF,TGTGCTCTGAGCCCTACCAACTATGGTCAGAATTTTGTCTTT,607,6,clonotype1356,clonotype1356_consensus_1
CATATTCCACGTAAGG-1,True,CATATTCCACGTAAGG-1_contig_2,True,530,TRB,TRBV20-1,None,TRBJ2-1,TRBC2,True,True,CSARDPVTGTHYNEQFF,TGCAGTGCTAGAGATCCGGTGACTGGGACTCACTACAATGAGCAGTTCTTC,1140,9,clonotype1356,clonotype1356_consensus_2
CATATTCCATGTCTCC-1,True,CATATTCCATGTCTCC-1_contig_1,True,505,TRA,TRAV1-2,None,TRAJ33,TRAC,True,True,CAATDSNYQLIW,TGTGCTGCGACTGATAGCAACTATCAGTTAATCTGG,1431,6,clonotype1,clonotype1_consensus_2
CATATTCCATGTCTCC-1,True,CATATTCCATGTCTCC-1_contig_2,True,521,TRB,TRBV20-1,None,TRBJ2-1,TRBC2,True,True,CSARVGSEVNEQFF,TGCAGTGCTAGAGTGGGGTCGGAAGTCAATGAGCAGTTCTTC,1179,9,clonotype1,clonotype1_consensus_1
CATATTCGTAAATGAC-1,True,CATATTCGTAAATGAC-1_contig_1,True,509,TRB,TRBV20-1,None,TRBJ1-1,TRBC1,True,True,CSADRARAFF,TGCAGTGCTGACAGGGCGAGGGCTTTCTTT,777,4,clonotype1357,clonotype1357_consensus_1
CATATTCGTATTCTCT-1,True,CATATTCGTATTCTCT-1_contig_1,True,505,TRA,TRAV1-2,None,TRAJ33,TRAC,True,True,CAATDSNYQLIW,TGTGCTGCGACTGATAGCAACTATCAGTTAATCTGG,387,2,clonotype1,clonotype1_consensus_2
CATATTCGTATTCTCT-1,True,CATATTCGTATTCTCT-1_contig_2,True,492,TRB,TRBV20-1,None,TRBJ2-1,TRBC2,True,True,CSARVGSEVNEQFF,TGCAGTGCTAGAGTGGGGTCGGAAGTCAATGAGCAGTTCTTC,316,2,clonotype1,clonotype1_consensus_1
CATATTCTCACAATGC-1,True,CATATTCTCACAATGC-1_contig_1,True,515,TRB,TRBV20-1,None,TRBJ2-7,TRBC2,True,True,CSAREGGIEQYF,TGCAGTGCTAGAGAAGGGGGAATCGAGCAGTACTTC,1565,10,clonotype257,clonotype257_consensus_2
CATATTCTCACAATGC-1,True,CATATTCTCACAATGC-1_contig_2,True,556,TRA,TRAV12-1,None,TRAJ22,TRAC,True,True,CVVTPISSGSARQLTF,TGTGTGGTGACCCCAATTTCTTCTGGTTCTGCAAGGCAACTGACCTTT,165,2,clonotype257,clonotype257_consensus_1
CATATTCTCATGGTCA-1,True,CATATTCTCATGGTCA-1_contig_1,True,482,TRA,TRAV12-1,None,TRAJ26,TRAC,True,True,CVVNYGQNFVF,TGTGTGGTGAACTATGGTCAGAATTTTGTCTTT,359,3,clonotype1358,clonotype1358_consensus_2
CATATTCTCATGGTCA-1,True,CATATTCTCATGGTCA-1_contig_2,True,527,TRB,TRBV20-1,None,TRBJ1-2,TRBC1,True,True,CSARDPGGGANYGYTF,TGCAGTGCTAGAGACCCCGGTGGAGGAGCTAACTATGGCTACACCTTC,969,6,clonotype1358,clonotype1358_consensus_1
CATATTCTCATGGTCA-1,True,CATATTCTCATGGTCA-1_contig_3,True,377,TRB,None,None,TRBJ1-6,TRBC1,False,False,None,None,158,2,clonotype1358,None
CATATTCTCATGGTCA-1,True,CATATTCTCATGGTCA-1_contig_4,True,444,TRA,TRAV9-2,None,TRAJ37,TRAC,True,False,CSEPCNTGKLIF,TGCTCTGAGCCTTGCAACACAGGCAAACTAATCTTT,1573,2,clonotype1358,None
CATATTCTCCTGTAGA-1,True,CATATTCTCCTGTAGA-1_contig_1,True,498,TRB,TRBV20-1,None,TRBJ2-1,TRBC2,True,True,CSARVGSEVNEQFF,TGCAGTGCTAGAGTGGGGTCGGAAGTCAATGAGCAGTTCTTC,816,5,clonotype2,clonotype2_consensus_1
CATATTCTCTCGATGA-1,True,CATATTCTCTCGATGA-1_contig_1,True,518,TRB,TRBV20-1,None,TRBJ2-1,TRBC2,True,True,CSARVGSEVNEQFF,TGCAGTGCTAGAGTGGGGTCGGAAGTCAATGAGCAGTTCTTC,2507,10,clonotype2,clonotype2_consensus_1
CATATTCTCTCGATGA-1,True,CATATTCTCTCGATGA-1_contig_2,True,459,TRA,TRAV10,None,TRAJ24,TRAC,True,False,None,None,70,1,clonotype2,None
CATATTCTCTGTGCAA-1,True,CATATTCTCTGTGCAA-1_contig_1,True,521,TRB,TRBV20-1,None,TRBJ2-1,TRBC2,True,True,CSARVGSEVNEQFF,TGCAGTGCTAGAGTGGGGTCGGAAGTCAATGAGCAGTTCTTC,1153,7,clonotype2,clonotype2_consensus_1
CATCAAGAGACTGTAA-1,True,CATCAAGAGACTGTAA-1_contig_1,True,472,TRB,TRBV5-6,None,TRBJ1-2,TRBC1,True,True,CASSLMTEPHTF,TGTGCCAGCAGCCTGATGACTGAGCCCCACACCTTC,385,5,clonotype1359,clonotype1359_consensus_1
CATCAAGAGACTGTAA-1,True,CATCAAGAGACTGTAA-1_contig_2,True,476,TRA,TRAV30,None,TRAJ24,TRAC,True,True,CGTESDSWGKLQF,TGTGGCACAGAGTCTGACAGCTGGGGGAAATTGCAGTTT,441,5,clonotype1359,clonotype1359_consensus_2
CATCAAGAGGCCCTTG-1,True,CATCAAGAGGCCCTTG-1_contig_1,True,536,TRB,TRBV20-1,None,TRBJ2-2,TRBC2,True,True,CSARDSLGGSPANTGELFF,TGCAGTGCTAGAGATTCCCTGGGCGGATCCCCAGCGAACACCGGGGAGCTGTTTTTT,2782,9,clonotype1360,clonotype1360_consensus_4
CATCAAGAGGCCCTTG-1,True,CATCAAGAGGCCCTTG-1_contig_2,True,530,TRA,TRAV27,None,TRAJ41,TRAC,True,True,CAGGEANSGYALNF,TGTGCAGGGGGGGAAGCAAATTCCGGGTATGCACTCAACTTC,592,2,clonotype1360,clonotype1360_consensus_2
CATCAAGAGGCCCTTG-1,True,CATCAAGAGGCCCTTG-1_contig_3,True,502,TRA,TRAV20,None,TRAJ41,TRAC,True,True,CAITHSGYALNF,TGTGCCATCACCCATTCCGGGTATGCACTCAACTTC,1255,4,clonotype1360,clonotype1360_consensus_1
CATCAAGAGGCCCTTG-1,True,CATCAAGAGGCCCTTG-1_contig_4,True,718,TRB,TRBV5-6,None,TRBJ2-1,TRBC2,True,True,CASSFSVTINEQFF,TGTGCCAGCAGCTTTAGTGTAACAATCAATGAGCAGTTCTTC,1927,10,clonotype1360,clonotype1360_consensus_3
CATCAAGAGGCCCTTG-1,True,CATCAAGAGGCCCTTG-1_contig_5,True,404,TRA,TRAV8-6,None,None,TRAC,False,False,None,None,39,2,clonotype1360,None
CATCAAGAGTCTCGGC-1,True,CATCAAGAGTCTCGGC-1_contig_1,True,505,TRA,TRAV1-2,None,TRAJ33,TRAC,True,True,CAATDSNYQLIW,TGTGCTGCGACTGATAGCAACTATCAGTTAATCTGG,355,1,clonotype1,clonotype1_consensus_2
CATCAAGAGTCTCGGC-1,True,CATCAAGAGTCTCGGC-1_contig_2,True,521,TRB,TRBV20-1,None,TRBJ2-1,TRBC2,True,True,CSARVGSEVNEQFF,TGCAGTGCTAGAGTGGGGTCGGAAGTCAATGAGCAGTTCTTC,1512,8,clonotype1,clonotype1_consensus_1
CATCAAGAGTGTACGG-1,True,CATCAAGAGTGTACGG-1_contig_1,True,505,TRA,TRAV1-2,None,TRAJ33,TRAC,True,True,CAATDSNYQLIW,TGTGCTGCGACTGATAGCAACTATCAGTTAATCTGG,254,3,clonotype1,clonotype1_consensus_2
CATCAAGAGTGTACGG-1,True,CATCAAGAGTGTACGG-1_contig_2,True,498,TRB,TRBV20-1,None,TRBJ2-1,TRBC2,True,True,CSARVGSEVNEQFF,TGCAGTGCTAGAGTGGGGTCGGAAGTCAATGAGCAGTTCTTC,1639,10,clonotype1,clonotype1_consensus_1
CATCAAGAGTGTACGG-1,True,CATCAAGAGTGTACGG-1_contig_3,True,457,TRA,TRAV10,None,TRAJ24,TRAC,True,False,None,None,217,3,clonotype1,None
CATCAAGAGTGTCCAT-1,True,CATCAAGAGTGTCCAT-1_contig_1,True,515,TRB,TRBV20-1,None,TRBJ1-1,TRBC1,True,True,CSALTGDTEAFF,TGCAGTGCCTTAACAGGGGACACTGAAGCTTTCTTT,2780,12,clonotype1361,clonotype1361_consensus_2
CATCAAGAGTGTCCAT-1,True,CATCAAGAGTGTCCAT-1_contig_2,True,541,TRA,TRAV38-1,None,TRAJ50,TRAC,True,True,CASGGTSYDKVIF,TGTGCTTCAGGGGGAACCTCCTACGACAAGGTGATATTT,594,4,clonotype1361,clonotype1361_consensus_1
CATCAAGCAACTGCTA-1,True,CATCAAGCAACTGCTA-1_contig_1,True,527,TRB,TRBV20-1,None,TRBJ1-5,TRBC1,True,True,CSAIGQGAPSNQPQHF,TGCAGTGCTATCGGACAGGGGGCGCCGAGCAATCAGCCCCAGCATTTT,3205,11,clonotype12,clonotype12_consensus_1
CATCAAGCAAGAAGAG-1,True,CATCAAGCAAGAAGAG-1_contig_1,True,462,TRA,TRAV13-1,None,TRAJ6,TRAC,True,True,CAAHTSGGSYIPTF,TGTGCAGCTCATACATCAGGAGGAAGCTACATACCTACATTT,596,5,clonotype129,clonotype129_consensus_2
CATCAAGCAAGAAGAG-1,True,CATCAAGCAAGAAGAG-1_contig_2,True,521,TRB,TRBV20-1,None,TRBJ2-3,TRBC2,True,True,CSAKNRGPTDTQYF,TGCAGTGCAAAGAACAGGGGGCCTACAGATACGCAGTATTTT,2983,13,clonotype129,clonotype129_consensus_1
CATCAAGCACAGGCCT-1,True,CATCAAGCACAGGCCT-1_contig_1,True,570,TRA,TRAV8-4,None,TRAJ15,TRAC,True,True,CAVTQNQAGTALIF,TGTGCTGTGACCCAGAACCAGGCAGGAACTGCTCTGATCTTT,396,3,clonotype130,clonotype130_consensus_1
CATCAAGCACAGGCCT-1,True,CATCAAGCACAGGCCT-1_contig_2,True,521,TRB,TRBV20-1,None,TRBJ2-3,TRBC2,True,True,CSARGDSRPDTQYF,TGCAGTGCTAGGGGGGACAGTCGGCCAGATACGCAGTATTTT,1051,8,clonotype130,clonotype130_consensus_2
CATCAAGCACATGGGA-1,True,CATCAAGCACATGGGA-1_contig_1,True,505,TRA,TRAV1-2,None,TRAJ33,TRAC,True,True,CAATDSNYQLIW,TGTGCTGCGACTGATAGCAACTATCAGTTAATCTGG,187,3,clonotype1,clonotype1_consensus_2
CATCAAGCACATGGGA-1,True,CATCAAGCACATGGGA-1_contig_2,True,492,TRB,TRBV20-1,None,TRBJ2-1,TRBC2,True,True,CSARVGSEVNEQFF,TGCAGTGCTAGAGTGGGGTCGGAAGTCAATGAGCAGTTCTTC,2502,11,clonotype1,clonotype1_consensus_1
CATCAAGCAGCCTGTG-1,True,CATCAAGCAGCCTGTG-1_contig_1,True,524,TRB,TRBV20-1,None,TRBJ2-3,TRBC2,True,True,CSASLIRGGTDTQYF,TGCAGTGCTTCCTTGATCAGGGGAGGCACAGATACGCAGTATTTT,897,6,clonotype1362,clonotype1362_consensus_1
CATCAAGCAGCCTGTG-1,True,CATCAAGCAGCCTGTG-1_contig_2,True,480,TRA,TRAV38-1,None,TRAJ30,TRAC,True,True,CAFMKHMNRDDKIIF,TGTGCTTTCATGAAGCATATGAACAGAGATGACAAGATCATCTTT,813,1,clonotype1362,clonotype1362_consensus_2
CATCAAGCAGCCTGTG-1,True,CATCAAGCAGCCTGTG-1_contig_3,True,462,TRA,TRAV40,None,TRAJ32,TRAC,True,True,CLLGEPNYGGATNKLIF,TGTCTTCTGGGAGAGCCGAATTATGGTGGTGCTACAAACAAGCTCATCTTT,340,2,clonotype1362,clonotype1362_consensus_3
CATCAAGCAGCTGCTG-1,True,CATCAAGCAGCTGCTG-1_contig_1,True,505,TRA,TRAV1-2,None,TRAJ33,TRAC,True,True,CAATDSNYQLIW,TGTGCTGCGACTGATAGCAACTATCAGTTAATCTGG,918,5,clonotype8,clonotype8_consensus_1
CATCAAGCAGTCAGCC-1,True,CATCAAGCAGTCAGCC-1_contig_1,True,505,TRA,TRAV1-2,None,TRAJ33,TRAC,True,True,CAATDSNYQLIW,TGTGCTGCGACTGATAGCAACTATCAGTTAATCTGG,408,4,clonotype1,clonotype1_consensus_2
CATCAAGCAGTCAGCC-1,True,CATCAAGCAGTCAGCC-1_contig_2,True,521,TRB,TRBV20-1,None,TRBJ2-1,TRBC2,True,True,CSARVGSEVNEQFF,TGCAGTGCTAGAGTGGGGTCGGAAGTCAATGAGCAGTTCTTC,1182,8,clonotype1,clonotype1_consensus_1
CATCAAGCATGGGAAC-1,True,CATCAAGCATGGGAAC-1_contig_1,True,491,TRA,TRAV1-2,None,TRAJ33,TRAC,True,True,CAATDSNYQLIW,TGTGCTGCGACTGATAGCAACTATCAGTTAATCTGG,435,2,clonotype1,clonotype1_consensus_2
CATCAAGCATGGGAAC-1,True,CATCAAGCATGGGAAC-1_contig_2,True,521,TRB,TRBV20-1,None,TRBJ2-1,TRBC2,True,True,CSARVGSEVNEQFF,TGCAGTGCTAGAGTGGGGTCGGAAGTCAATGAGCAGTTCTTC,1670,10,clonotype1,clonotype1_consensus_1
CATCAAGGTCACTGGC-1,True,CATCAAGGTCACTGGC-1_contig_1,True,521,TRB,TRBV20-1,None,TRBJ2-1,TRBC2,True,True,CSARVGSEVNEQFF,TGCAGTGCTAGAGTGGGGTCGGAAGTCAATGAGCAGTTCTTC,980,4,clonotype2,clonotype2_consensus_1
CATCAAGGTCACTGGC-1,True,CATCAAGGTCACTGGC-1_contig_2,True,482,TRA,TRAV10,None,TRAJ24,TRAC,True,False,None,None,282,2,clonotype2,None
CATCAAGGTCATATGC-1,True,CATCAAGGTCATATGC-1_contig_1,True,505,TRA,TRAV1-2,None,TRAJ33,TRAC,True,True,CAATDSNYQLIW,TGTGCTGCGACTGATAGCAACTATCAGTTAATCTGG,102,5,clonotype1,clonotype1_consensus_2
CATCAAGGTCATATGC-1,True,CATCAAGGTCATATGC-1_contig_2,True,498,TRB,TRBV20-1,None,TRBJ2-1,TRBC2,True,True,CSARVGSEVNEQFF,TGCAGTGCTAGAGTGGGGTCGGAAGTCAATGAGCAGTTCTTC,869,5,clonotype1,clonotype1_consensus_1
CATCAAGGTCTCCATC-1,True,CATCAAGGTCTCCATC-1_contig_1,True,505,TRA,TRAV1-2,None,TRAJ33,TRAC,True,True,CAATDSNYQLIW,TGTGCTGCGACTGATAGCAACTATCAGTTAATCTGG,267,3,clonotype1,clonotype1_consensus_2
CATCAAGGTCTCCATC-1,True,CATCAAGGTCTCCATC-1_contig_2,True,521,TRB,TRBV20-1,None,TRBJ2-1,TRBC2,True,True,CSARVGSEVNEQFF,TGCAGTGCTAGAGTGGGGTCGGAAGTCAATGAGCAGTTCTTC,720,4,clonotype1,clonotype1_consensus_1
CATCAAGGTGTGAATA-1,True,CATCAAGGTGTGAATA-1_contig_1,True,505,TRA,TRAV1-2,None,TRAJ33,TRAC,True,True,CAATDSNYQLIW,TGTGCTGCGACTGATAGCAACTATCAGTTAATCTGG,66,2,clonotype1,clonotype1_consensus_2
CATCAAGGTGTGAATA-1,True,CATCAAGGTGTGAATA-1_contig_2,True,521,TRB,TRBV20-1,None,TRBJ2-1,TRBC2,True,True,CSARVGSEVNEQFF,TGCAGTGCTAGAGTGGGGTCGGAAGTCAATGAGCAGTTCTTC,2757,12,clonotype1,clonotype1_consensus_1
CATCAAGGTGTGAATA-1,True,CATCAAGGTGTGAATA-1_contig_3,True,407,TRA,TRAV10,None,TRAJ24,TRAC,True,False,None,None,37,2,clonotype1,None
CATCAAGGTGTGCGTC-1,True,CATCAAGGTGTGCGTC-1_contig_1,True,505,TRA,TRAV1-2,None,TRAJ33,TRAC,True,True,CAATDSNYQLIW,TGTGCTGCGACTGATAGCAACTATCAGTTAATCTGG,1000,4,clonotype1,clonotype1_consensus_2
CATCAAGGTGTGCGTC-1,True,CATCAAGGTGTGCGTC-1_contig_2,True,521,TRB,TRBV20-1,None,TRBJ2-1,TRBC2,True,True,CSARVGSEVNEQFF,TGCAGTGCTAGAGTGGGGTCGGAAGTCAATGAGCAGTTCTTC,1887,10,clonotype1,clonotype1_consensus_1
CATCAAGGTTAGAACA-1,True,CATCAAGGTTAGAACA-1_contig_1,True,502,TRA,TRAV1-2,None,TRAJ33,TRAC,True,True,CAATDSNYQLIW,TGTGCTGCGACTGATAGCAACTATCAGTTAATCTGG,87,3,clonotype1,clonotype1_consensus_2
CATCAAGGTTAGAACA-1,True,CATCAAGGTTAGAACA-1_contig_2,True,498,TRB,TRBV20-1,None,TRBJ2-1,TRBC2,True,True,CSARVGSEVNEQFF,TGCAGTGCTAGAGTGGGGTCGGAAGTCAATGAGCAGTTCTTC,1341,4,clonotype1,clonotype1_consensus_1
CATCAAGGTTAGAACA-1,True,CATCAAGGTTAGAACA-1_contig_3,True,465,TRA,TRAV10,None,TRAJ24,TRAC,True,False,None,None,279,2,clonotype1,None
CATCAAGTCACGACTA-1,True,CATCAAGTCACGACTA-1_contig_1,True,489,TRB,TRBV20-1,None,TRBJ1-5,TRBC1,True,True,CSARWHAGGPQHF,TGCAGTGCCCGGTGGCACGCCGGAGGGCCCCAGCATTTT,1861,4,clonotype43,clonotype43_consensus_2
CATCAAGTCACGACTA-1,True,CATCAAGTCACGACTA-1_contig_2,True,478,TRA,TRAV30,None,TRAJ48,TRAC,True,True,CGTLPWTGGNEKLTF,TGCGGCACACTCCCGTGGACAGGGGGAAATGAGAAATTAACCTTT,690,4,clonotype43,clonotype43_consensus_3
CATCAAGTCACGACTA-1,True,CATCAAGTCACGACTA-1_contig_3,True,486,TRA,TRAV12-3,None,TRAJ49,TRAC,True,True,CAIRGQFYF,TGTGCAATAAGAGGCCAGTTCTATTTT,677,2,clonotype43,clonotype43_consensus_1
CATCAAGTCACGACTA-1,True,CATCAAGTCACGACTA-1_contig_4,True,330,TRB,None,None,TRBJ2-7,TRBC2,False,False,None,None,208,2,clonotype43,None
CATCAAGTCGGATGTT-1,True,CATCAAGTCGGATGTT-1_contig_1,True,505,TRA,TRAV1-2,None,TRAJ33,TRAC,True,True,CAATDSNYQLIW,TGTGCTGCGACTGATAGCAACTATCAGTTAATCTGG,470,3,clonotype1,clonotype1_consensus_2
CATCAAGTCGGATGTT-1,True,CATCAAGTCGGATGTT-1_contig_2,True,521,TRB,TRBV20-1,None,TRBJ2-1,TRBC2,True,True,CSARVGSEVNEQFF,TGCAGTGCTAGAGTGGGGTCGGAAGTCAATGAGCAGTTCTTC,1901,9,clonotype1,clonotype1_consensus_1
CATCAAGTCGGATGTT-1,True,CATCAAGTCGGATGTT-1_contig_3,True,463,TRA,TRAV10,None,TRAJ24,TRAC,True,False,None,None,581,2,clonotype1,None
CATCAGAAGAGTTGGC-1,True,CATCAGAAGAGTTGGC-1_contig_1,True,592,TRA,TRAV12-1,None,TRAJ41,TRAC,True,True,CVVNTGYALNF,TGTGTGGTGAACACCGGGTATGCACTCAACTTC,762,5,clonotype1363,clonotype1363_consensus_2
CATCAGAAGAGTTGGC-1,True,CATCAGAAGAGTTGGC-1_contig_2,True,527,TRB,TRBV20-1,None,TRBJ2-2,TRBC2,True,True,CSARLPQGENTGELFF,TGCAGTGCTAGACTCCCGCAGGGGGAGAACACCGGGGAGCTGTTTTTT,9970,29,clonotype1363,clonotype1363_consensus_1
CATCAGAAGCACGCCT-1,True,CATCAGAAGCACGCCT-1_contig_1,True,509,TRA,TRAV13-2,None,TRAJ13,TRAC,True,True,CAESVGGYQKVTF,TGTGCAGAGTCAGTAGGGGGTTACCAGAAAGTTACCTTT,1098,4,clonotype1364,clonotype1364_consensus_1
CATCAGAAGCACGCCT-1,True,CATCAGAAGCACGCCT-1_contig_2,True,524,TRB,TRBV20-1,None,TRBJ2-7,TRBC2,True,True,CSARVPGTSSEEQYF,TGCAGTGCTAGAGTTCCCGGGACTAGCAGCGAAGAGCAGTACTTC,4444,16,clonotype1364,clonotype1364_consensus_3
CATCAGAAGCACGCCT-1,True,CATCAGAAGCACGCCT-1_contig_3,True,449,TRA,TRAV39,None,TRAJ48,TRAC,True,True,CAADPNFGNEKLTF,TGTGCCGCGGACCCTAACTTTGGAAATGAGAAATTAACCTTT,4898,5,clonotype1364,clonotype1364_consensus_2
CATCAGAAGCACGCCT-1,True,CATCAGAAGCACGCCT-1_contig_4,True,683,TRB,TRBV5-6,None,TRBJ1-2,TRBC1,True,True,CASSSGRLNYGYTF,TGTGCCAGCAGCTCGGGACGGCTTAACTATGGCTACACCTTC,1363,6,clonotype1364,clonotype1364_consensus_4
CATCAGAAGCACGCCT-1,True,CATCAGAAGCACGCCT-1_contig_5,True,362,TRA,TRAV41,None,None,TRAC,False,False,None,None,374,3,clonotype1364,None
CATCAGAAGCCACGTC-1,True,CATCAGAAGCCACGTC-1_contig_1,True,505,TRA,TRAV1-2,None,TRAJ33,TRAC,True,True,CAATDSNYQLIW,TGTGCTGCGACTGATAGCAACTATCAGTTAATCTGG,1704,6,clonotype1,clonotype1_consensus_2
CATCAGAAGCCACGTC-1,True,CATCAGAAGCCACGTC-1_contig_2,True,521,TRB,TRBV20-1,None,TRBJ2-1,TRBC2,True,True,CSARVGSEVNEQFF,TGCAGTGCTAGAGTGGGGTCGGAAGTCAATGAGCAGTTCTTC,2750,15,clonotype1,clonotype1_consensus_1
CATCAGAAGCCACGTC-1,True,CATCAGAAGCCACGTC-1_contig_3,True,517,TRA,TRAV10,None,TRAJ24,TRAC,True,False,None,None,1513,5,clonotype1,None
CATCAGAAGGAGCGTT-1,True,CATCAGAAGGAGCGTT-1_contig_1,True,505,TRA,TRAV1-2,None,TRAJ33,TRAC,True,True,CAATDSNYQLIW,TGTGCTGCGACTGATAGCAACTATCAGTTAATCTGG,57,2,clonotype1,clonotype1_consensus_2
CATCAGAAGGAGCGTT-1,True,CATCAGAAGGAGCGTT-1_contig_2,True,521,TRB,TRBV20-1,None,TRBJ2-1,TRBC2,True,True,CSARVGSEVNEQFF,TGCAGTGCTAGAGTGGGGTCGGAAGTCAATGAGCAGTTCTTC,7002,8,clonotype1,clonotype1_consensus_1
CATCAGAAGGAGCGTT-1,True,CATCAGAAGGAGCGTT-1_contig_3,True,464,TRA,TRAV10,None,TRAJ24,TRAC,True,False,None,None,494,1,clonotype1,None
CATCAGAAGGCTCATT-1,True,CATCAGAAGGCTCATT-1_contig_1,True,508,TRA,TRAV1-2,None,TRAJ6,TRAC,True,True,CAASSGGSYIPTF,TGTGCTGCGTCATCAGGAGGAAGCTACATACCTACATTT,9347,18,clonotype1365,clonotype1365_consensus_2
CATCAGAAGGCTCATT-1,True,CATCAGAAGGCTCATT-1_contig_2,True,538,TRB,TRBV5-6,None,TRBJ1-1,TRBC1,True,True,CASSFGSMNTEAFF,TGTGCCAGCAGCTTCGGCTCTATGAACACTGAAGCTTTCTTT,4138,21,clonotype1365,clonotype1365_consensus_1
CATCAGAAGTCCTCCT-1,True,CATCAGAAGTCCTCCT-1_contig_1,True,505,TRA,TRAV1-2,None,TRAJ33,TRAC,True,True,CAATDSNYQLIW,TGTGCTGCGACTGATAGCAACTATCAGTTAATCTGG,426,1,clonotype1,clonotype1_consensus_2
CATCAGAAGTCCTCCT-1,True,CATCAGAAGTCCTCCT-1_contig_2,True,513,TRB,TRBV20-1,None,TRBJ2-1,TRBC2,True,True,CSARVGSEVNEQFF,TGCAGTGCTAGAGTGGGGTCGGAAGTCAATGAGCAGTTCTTC,280,7,clonotype1,clonotype1_consensus_1
CATCAGAAGTCCTCCT-1,True,CATCAGAAGTCCTCCT-1_contig_3,True,657,TRA,TRAV10,None,TRAJ24,TRAC,True,False,None,None,181,1,clonotype1,None
CATCAGAAGTGGAGTC-1,True,CATCAGAAGTGGAGTC-1_contig_1,True,524,TRB,TRBV20-1,None,TRBJ2-3,TRBC2,True,True,CSAALPGSSTDTQYF,TGCAGTGCTGCGCTCCCGGGATCAAGTACAGATACGCAGTATTTT,954,8,clonotype1366,clonotype1366_consensus_1
CATCAGAAGTGTACCT-1,True,CATCAGAAGTGTACCT-1_contig_1,True,508,TRA,TRAV1-2,None,TRAJ30,TRAC,True,True,CAFSPRGDDKIIF,TGTGCTTTCTCTCCGAGGGGAGATGACAAGATCATCTTT,857,7,clonotype1367,clonotype1367_consensus_1
CATCAGAAGTGTACCT-1,True,CATCAGAAGTGTACCT-1_contig_2,True,512,TRB,TRBV20-1,None,TRBJ2-7,TRBC2,True,True,CSASAGTPRYF,TGCAGTGCTAGTGCGGGGACTCCCAGGTACTTC,13047,14,clonotype1367,clonotype1367_consensus_2
CATCAGAAGTGTACCT-1,True,CATCAGAAGTGTACCT-1_contig_3,True,603,TRB,None,None,TRBJ1-3,TRBC1,False,False,None,None,459,4,clonotype1367,None
CATCAGAAGTGTACCT-1,True,CATCAGAAGTGTACCT-1_contig_4,True,352,TRB,None,None,TRBJ1-2,TRBC1,False,False,None,None,1733,3,clonotype1367,None
CATCAGACAAACTGTC-1,True,CATCAGACAAACTGTC-1_contig_1,True,524,TRB,TRBV20-1,None,TRBJ1-6,TRBC1,True,True,CSARDRSGRNSPLHF,TGCAGTGCTAGAGATCGCTCGGGACGGAATTCACCCCTCCACTTT,3965,14,clonotype1368,clonotype1368_consensus_1
CATCAGACAAACTGTC-1,True,CATCAGACAAACTGTC-1_contig_2,True,506,TRA,TRAV2,None,TRAJ30,TRAC,True,True,CAVEPDDKIIF,TGTGCTGTGGAGCCCGATGACAAGATCATCTTT,1778,8,clonotype1368,clonotype1368_consensus_2
CATCAGACAAACTGTC-1,True,CATCAGACAAACTGTC-1_contig_3,True,494,TRB,TRBV7-9,None,TRBJ1-2,TRBC1,True,False,CISVPAAKGHTYGYTF,TGTATCTCTGTGCCAGCAGCTAAAGGACACACCTATGGCTACACCTTC,498,7,clonotype1368,None
CATCAGACACATGGGA-1,True,CATCAGACACATGGGA-1_contig_1,True,494,TRB,TRBV20-1,None,TRBJ1-1,TRBC1,True,True,CSARRQTNTEAFF,TGCAGTGCTAGAAGACAGACTAACACTGAAGCTTTCTTT,470,5,clonotype1369,clonotype1369_consensus_1
CATCAGACATGTTCCC-1,True,CATCAGACATGTTCCC-1_contig_1,True,505,TRA,TRAV1-2,None,TRAJ33,TRAC,True,True,CAATDSNYQLIW,TGTGCTGCGACTGATAGCAACTATCAGTTAATCTGG,426,3,clonotype1,clonotype1_consensus_2
CATCAGACATGTTCCC-1,True,CATCAGACATGTTCCC-1_contig_2,True,518,TRB,TRBV20-1,None,TRBJ2-1,TRBC2,True,True,CSARVGSEVNEQFF,TGCAGTGCTAGAGTGGGGTCGGAAGTCAATGAGCAGTTCTTC,650,4,clonotype1,clonotype1_consensus_1
CATCAGACATGTTCCC-1,True,CATCAGACATGTTCCC-1_contig_3,True,482,TRA,TRAV10,None,TRAJ24,TRAC,True,False,None,None,167,2,clonotype1,None
CATCAGACATTCTCAT-1,True,CATCAGACATTCTCAT-1_contig_1,True,518,TRB,TRBV20-1,None,TRBJ2-5,TRBC2,True,True,CSAPGGGLYSQYF,TGCAGTGCACCCGGCGGGGGCCTATACTCCCAGTACTTC,1657,9,clonotype262,clonotype262_consensus_2
CATCAGACATTCTCAT-1,True,CATCAGACATTCTCAT-1_contig_2,True,508,TRA,TRAV23/DV6,None,TRAJ9,TRAC,True,True,CAAKKTGGFKTIF,TGTGCAGCAAAGAAAACTGGAGGCTTCAAAACTATCTTT,279,3,clonotype262,clonotype262_consensus_1
CATCAGACATTCTCAT-1,True,CATCAGACATTCTCAT-1_contig_3,True,351,TRA,TRAV25,None,TRAJ30,TRAC,True,False,None,None,267,5,clonotype262,None
CATCAGACATTGAGCT-1,True,CATCAGACATTGAGCT-1_contig_1,True,521,TRB,TRBV20-1,None,TRBJ2-1,TRBC2,True,True,CSARVGSEVNEQFF,TGCAGTGCTAGAGTGGGGTCGGAAGTCAATGAGCAGTTCTTC,525,6,clonotype2,clonotype2_consensus_1
CATCAGAGTAAGTAGT-1,True,CATCAGAGTAAGTAGT-1_contig_1,True,659,TRB,TRBV5-6,None,TRBJ1-6,TRBC1,True,True,CASSFQEWNSPLHF,TGTGCCAGCAGCTTCCAGGAGTGGAATTCACCCCTCCACTTT,1933,8,clonotype263,clonotype263_consensus_1
CATCAGAGTAAGTAGT-1,True,CATCAGAGTAAGTAGT-1_contig_2,True,334,TRB,None,None,TRBJ2-5,TRBC2,False,False,None,None,540,5,clonotype263,None
CATCAGAGTAAGTAGT-1,True,CATCAGAGTAAGTAGT-1_contig_3,True,494,TRA,TRAV25,None,TRAJ36,TRAC,True,False,None,None,329,3,clonotype263,None
CATCAGAGTACTCTCC-1,True,CATCAGAGTACTCTCC-1_contig_1,True,495,TRB,TRBV20-1,None,TRBJ1-5,TRBC1,True,True,CSARWHAGGPQHF,TGCAGTGCCCGGTGGCACGCCGGAGGGCCCCAGCATTTT,1873,6,clonotype97,clonotype97_consensus_2
CATCAGAGTACTCTCC-1,True,CATCAGAGTACTCTCC-1_contig_2,True,486,TRA,TRAV12-3,None,TRAJ49,TRAC,True,True,CAIRGQFYF,TGTGCAATAAGAGGCCAGTTCTATTTT,496,4,clonotype97,clonotype97_consensus_1
CATCAGAGTATATGAG-1,True,CATCAGAGTATATGAG-1_contig_1,True,504,TRB,TRBV20-1,None,TRBJ2-2,TRBC2,True,True,CSATKDGGANTGELFF,TGCAGTGCTACCAAGGATGGCGGGGCGAACACCGGGGAGCTGTTTTTT,4811,9,clonotype1370,clonotype1370_consensus_1
CATCAGAGTATATGAG-1,True,CATCAGAGTATATGAG-1_contig_2,True,577,TRA,TRAV8-1,None,TRAJ23,TRAC,True,True,CAVTPIYNQGGKLIF,TGTGCCGTGACTCCGATTTATAACCAGGGAGGAAAGCTTATCTTC,331,5,clonotype1370,clonotype1370_consensus_2
CATCAGAGTCTGCAAT-1,True,CATCAGAGTCTGCAAT-1_contig_1,True,504,TRA,TRAV1-2,None,TRAJ33,TRAC,True,True,CAATDSNYQLIW,TGTGCTGCGACTGATAGCAACTATCAGTTAATCTGG,1244,8,clonotype1,clonotype1_consensus_2
CATCAGAGTCTGCAAT-1,True,CATCAGAGTCTGCAAT-1_contig_2,True,521,TRB,TRBV20-1,None,TRBJ2-1,TRBC2,True,True,CSARVGSEVNEQFF,TGCAGTGCTAGAGTGGGGTCGGAAGTCAATGAGCAGTTCTTC,3349,9,clonotype1,clonotype1_consensus_1
CATCAGAGTCTGCAAT-1,True,CATCAGAGTCTGCAAT-1_contig_3,True,306,TRB,None,None,TRBJ2-2P,TRBC2,False,False,None,None,38,1,clonotype1,None
CATCAGAGTTCACGGC-1,True,CATCAGAGTTCACGGC-1_contig_1,True,505,TRA,TRAV1-2,None,TRAJ33,TRAC,True,True,CAATDSNYQLIW,TGTGCTGCGACTGATAGCAACTATCAGTTAATCTGG,91,2,clonotype1,clonotype1_consensus_2
CATCAGAGTTCACGGC-1,True,CATCAGAGTTCACGGC-1_contig_2,True,521,TRB,TRBV20-1,None,TRBJ2-1,TRBC2,True,True,CSARVGSEVNEQFF,TGCAGTGCTAGAGTGGGGTCGGAAGTCAATGAGCAGTTCTTC,1051,6,clonotype1,clonotype1_consensus_1
CATCAGAGTTTCGCTC-1,True,CATCAGAGTTTCGCTC-1_contig_1,True,505,TRA,TRAV1-2,None,TRAJ33,TRAC,True,True,CAATDSNYQLIW,TGTGCTGCGACTGATAGCAACTATCAGTTAATCTGG,95,3,clonotype1,clonotype1_consensus_2
CATCAGAGTTTCGCTC-1,True,CATCAGAGTTTCGCTC-1_contig_2,True,521,TRB,TRBV20-1,None,TRBJ2-1,TRBC2,True,True,CSARVGSEVNEQFF,TGCAGTGCTAGAGTGGGGTCGGAAGTCAATGAGCAGTTCTTC,1441,8,clonotype1,clonotype1_consensus_1
CATCAGATCACTTATC-1,True,CATCAGATCACTTATC-1_contig_1,True,521,TRA,TRAV27,None,TRAJ37,TRAC,True,True,CAGRPASSNTGKLIF,TGTGCAGGCCGGCCGGCCTCTAGCAACACAGGCAAACTAATCTTT,7171,7,clonotype1371,clonotype1371_consensus_1
CATCAGATCACTTATC-1,True,CATCAGATCACTTATC-1_contig_2,True,507,TRB,TRBV5-5,None,TRBJ1-2,TRBC1,True,True,CASTPGLGYGYTF,TGTGCCAGTACCCCGGGACTGGGATATGGCTACACCTTC,1038,5,clonotype1371,clonotype1371_consensus_2
CATCAGATCCAGAGGA-1,True,CATCAGATCCAGAGGA-1_contig_1,True,495,TRB,TRBV20-1,None,TRBJ2-1,TRBC2,True,True,CSASEGGRNEQFF,TGCAGTGCTAGTGAGGGGGGTAGGAATGAGCAGTTCTTC,1660,5,clonotype1372,clonotype1372_consensus_1
CATCAGATCCAGAGGA-1,True,CATCAGATCCAGAGGA-1_contig_2,True,562,TRA,TRAV2,None,TRAJ20,TRAC,True,True,CAVGPNDYKLSF,TGTGCTGTGGGCCCTAACGACTACAAGCTCAGCTTT,237,2,clonotype1372,clonotype1372_consensus_2
CATCAGATCCAGTAGT-1,True,CATCAGATCCAGTAGT-1_contig_1,True,685,TRA,TRAV8-3,None,TRAJ42,TRAC,True,True,CAVGLYGGSQGNLIF,TGTGCTGTGGGCCTTTATGGAGGAAGCCAAGGAAATCTCATCTTT,366,7,clonotype1373,clonotype1373_consensus_1
CATCAGATCCAGTAGT-1,True,CATCAGATCCAGTAGT-1_contig_2,True,486,TRB,TRBV5-6,None,TRBJ2-1,TRBC2,True,True,CASSQAVPGGTEQFF,TGTGCCAGCAGCCAAGCAGTCCCAGGGGGCACTGAGCAGTTCTTC,246,3,clonotype1373,clonotype1373_consensus_2
CATCAGATCCGCAGTG-1,True,CATCAGATCCGCAGTG-1_contig_1,True,502,TRA,TRAV1-2,None,TRAJ33,TRAC,True,True,CAATDSNYQLIW,TGTGCTGCGACTGATAGCAACTATCAGTTAATCTGG,392,3,clonotype1,clonotype1_consensus_2
CATCAGATCCGCAGTG-1,True,CATCAGATCCGCAGTG-1_contig_2,True,521,TRB,TRBV20-1,None,TRBJ2-1,TRBC2,True,True,CSARVGSEVNEQFF,TGCAGTGCTAGAGTGGGGTCGGAAGTCAATGAGCAGTTCTTC,1136,9,clonotype1,clonotype1_consensus_1
CATCAGATCCGCAGTG-1,True,CATCAGATCCGCAGTG-1_contig_3,True,465,TRA,TRAV10,None,TRAJ24,TRAC,True,False,None,None,260,1,clonotype1,None
CATCAGATCGCGTTTC-1,True,CATCAGATCGCGTTTC-1_contig_1,True,505,TRA,TRAV1-2,None,TRAJ33,TRAC,True,True,CAATDSNYQLIW,TGTGCTGCGACTGATAGCAACTATCAGTTAATCTGG,721,5,clonotype1,clonotype1_consensus_2
CATCAGATCGCGTTTC-1,True,CATCAGATCGCGTTTC-1_contig_2,True,473,TRB,TRBV20-1,None,TRBJ2-1,TRBC2,True,True,CSARVGSEVNEQFF,TGCAGTGCTAGAGTGGGGTCGGAAGTCAATGAGCAGTTCTTC,1742,9,clonotype1,clonotype1_consensus_1
CATCAGATCTGTCAAG-1,True,CATCAGATCTGTCAAG-1_contig_1,True,485,TRB,TRBV20-1,None,TRBJ2-1,TRBC2,True,True,CSARVGSEVNEQFF,TGCAGTGCTAGAGTGGGGTCGGAAGTCAATGAGCAGTTCTTC,2062,8,clonotype2,clonotype2_consensus_1
CATCCACAGACTAGGC-1,True,CATCCACAGACTAGGC-1_contig_1,True,505,TRA,TRAV1-2,None,TRAJ33,TRAC,True,True,CAATDSNYQLIW,TGTGCTGCGACTGATAGCAACTATCAGTTAATCTGG,431,4,clonotype1,clonotype1_consensus_2
CATCCACAGACTAGGC-1,True,CATCCACAGACTAGGC-1_contig_2,True,521,TRB,TRBV20-1,None,TRBJ2-1,TRBC2,True,True,CSARVGSEVNEQFF,TGCAGTGCTAGAGTGGGGTCGGAAGTCAATGAGCAGTTCTTC,2661,9,clonotype1,clonotype1_consensus_1
CATCCACAGACTAGGC-1,True,CATCCACAGACTAGGC-1_contig_3,True,465,TRA,TRAV10,None,TRAJ24,TRAC,True,False,None,None,417,7,clonotype1,None
CATCCACAGAGACGAA-1,True,CATCCACAGAGACGAA-1_contig_1,True,515,TRB,TRBV20-1,None,TRBJ1-2,TRBC1,True,True,CSAREGRYGYTF,TGCAGTGCTAGGGAGGGGCGCTATGGCTACACCTTC,902,7,clonotype1374,clonotype1374_consensus_1
CATCCACAGAGACGAA-1,True,CATCCACAGAGACGAA-1_contig_2,True,565,TRA,TRAV29/DV5,None,TRAJ57,TRAC,True,True,CAASGGSEKLVF,TGTGCAGCAAGCGGAGGATCTGAAAAGCTGGTCTTT,769,7,clonotype1374,clonotype1374_consensus_2
CATCCACAGAGACGAA-1,True,CATCCACAGAGACGAA-1_contig_3,True,617,TRB,TRBV21-1,None,TRBJ1-3,TRBC1,True,False,CISVPGPSTGMTGNTIYF,TGTATTTCTGTGCCAGGACCTTCTACGGGGATGACTGGAAACACCATATATTTT,306,2,clonotype1374,None
CATCCACAGCTCCTCT-1,True,CATCCACAGCTCCTCT-1_contig_1,True,505,TRA,TRAV1-2,None,TRAJ33,TRAC,True,True,CAATDSNYQLIW,TGTGCTGCGACTGATAGCAACTATCAGTTAATCTGG,977,4,clonotype1,clonotype1_consensus_2
CATCCACAGCTCCTCT-1,True,CATCCACAGCTCCTCT-1_contig_2,True,521,TRB,TRBV20-1,None,TRBJ2-1,TRBC2,True,True,CSARVGSEVNEQFF,TGCAGTGCTAGAGTGGGGTCGGAAGTCAATGAGCAGTTCTTC,563,5,clonotype1,clonotype1_consensus_1
CATCCACAGCTTTGGT-1,True,CATCCACAGCTTTGGT-1_contig_1,True,504,TRA,TRAV1-2,None,TRAJ33,TRAC,True,True,CAATDSNYQLIW,TGTGCTGCGACTGATAGCAACTATCAGTTAATCTGG,596,6,clonotype1,clonotype1_consensus_2
CATCCACAGCTTTGGT-1,True,CATCCACAGCTTTGGT-1_contig_2,True,492,TRB,TRBV20-1,None,TRBJ2-1,TRBC2,True,True,CSARVGSEVNEQFF,TGCAGTGCTAGAGTGGGGTCGGAAGTCAATGAGCAGTTCTTC,4384,16,clonotype1,clonotype1_consensus_1
CATCCACCAATGACCT-1,True,CATCCACCAATGACCT-1_contig_1,True,505,TRA,TRAV1-2,None,TRAJ33,TRAC,True,True,CAATDSNYQLIW,TGTGCTGCGACTGATAGCAACTATCAGTTAATCTGG,339,3,clonotype1,clonotype1_consensus_2
CATCCACCAATGACCT-1,True,CATCCACCAATGACCT-1_contig_2,True,521,TRB,TRBV20-1,None,TRBJ2-1,TRBC2,True,True,CSARVGSEVNEQFF,TGCAGTGCTAGAGTGGGGTCGGAAGTCAATGAGCAGTTCTTC,2275,10,clonotype1,clonotype1_consensus_1
CATCCACCAATGACCT-1,True,CATCCACCAATGACCT-1_contig_3,True,465,TRA,TRAV10,None,TRAJ24,TRAC,True,False,None,None,204,5,clonotype1,None
CATCCACCATCGTCGG-1,True,CATCCACCATCGTCGG-1_contig_1,True,530,TRA,TRAV27,None,TRAJ53,TRAC,True,True,CAGKSGGSNYKLTF,TGTGCAGGAAAAAGTGGAGGTAGCAACTATAAACTGACATTT,814,6,clonotype1375,clonotype1375_consensus_2
CATCCACCATCGTCGG-1,True,CATCCACCATCGTCGG-1_contig_2,True,521,TRB,TRBV20-1,None,TRBJ1-5,TRBC1,True,True,CSAIEGGGNQPQHF,TGCAGTGCTATCGAGGGAGGAGGCAATCAGCCCCAGCATTTT,1441,8,clonotype1375,clonotype1375_consensus_1
CATCCACCATTTCAGG-1,True,CATCCACCATTTCAGG-1_contig_1,True,498,TRB,TRBV20-1,None,TRBJ2-1,TRBC2,True,True,CSARVGSEVNEQFF,TGCAGTGCTAGAGTGGGGTCGGAAGTCAATGAGCAGTTCTTC,1596,6,clonotype2,clonotype2_consensus_1
CATCCACCATTTCAGG-1,True,CATCCACCATTTCAGG-1_contig_2,True,482,TRA,TRAV10,None,TRAJ24,TRAC,True,False,None,None,374,3,clonotype2,None
CATCCACGTACGACCC-1,True,CATCCACGTACGACCC-1_contig_1,True,523,TRA,TRAV14/DV4,None,TRAJ38,TRAC,True,True,CAIQRAGNNRKLIW,TGTGCAATCCAGCGAGCTGGCAACAACCGTAAGCTGATTTGG,1065,8,clonotype1376,clonotype1376_consensus_1
CATCCACGTACGACCC-1,True,CATCCACGTACGACCC-1_contig_2,True,662,TRB,TRBV5-6,None,TRBJ2-6,TRBC2,True,True,CASSLAASSGANVLTF,TGTGCCAGCAGCTTGGCCGCCAGCTCTGGGGCCAACGTCCTGACTTTC,2780,11,clonotype1376,clonotype1376_consensus_2
CATCCACGTACGACCC-1,True,CATCCACGTACGACCC-1_contig_3,True,522,TRB,TRBV6-5,None,TRBJ2-1,TRBC2,True,False,None,None,269,1,clonotype1376,None
CATCCACGTAGCCTAT-1,True,CATCCACGTAGCCTAT-1_contig_1,True,521,TRB,TRBV20-1,None,TRBJ2-3,TRBC2,True,True,CSARLGQDTDTQYF,TGCAGTGCTAGACTTGGACAGGACACAGATACGCAGTATTTT,4545,11,clonotype1377,clonotype1377_consensus_1
CATCCACGTATATCCG-1,True,CATCCACGTATATCCG-1_contig_1,True,515,TRB,TRBV20-1,None,TRBJ1-4,TRBC1,True,True,CSARQGNEKLFF,TGCAGTGCTAGACAGGGTAATGAAAAACTGTTTTTT,3515,7,clonotype1378,clonotype1378_consensus_2
CATCCACGTATATCCG-1,True,CATCCACGTATATCCG-1_contig_2,True,527,TRA,TRAV27,None,TRAJ40,TRAC,True,True,CAGAGSGTYKYIF,TGTGCAGGAGCGGGCTCAGGAACCTACAAATACATCTTT,1680,6,clonotype1378,clonotype1378_consensus_1
CATCCACGTATATCCG-1,True,CATCCACGTATATCCG-1_contig_3,True,357,TRB,None,None,TRBJ1-5,TRBC1,False,False,None,None,718,8,clonotype1378,None
CATCCACGTCTCTTAT-1,True,CATCCACGTCTCTTAT-1_contig_1,True,574,TRA,TRAV8-1,None,TRAJ28,TRAC,True,True,CAVNSGAGSYQLTF,TGTGCCGTTAACTCTGGGGCTGGGAGTTACCAACTCACTTTC,953,5,clonotype33,clonotype33_consensus_2
CATCCACGTCTCTTAT-1,True,CATCCACGTCTCTTAT-1_contig_2,True,521,TRB,TRBV20-1,None,TRBJ1-2,TRBC1,True,True,CSASVPSVLIGYTF,TGCAGTGCTAGTGTTCCTAGTGTCTTAATTGGCTACACCTTC,4211,13,clonotype33,clonotype33_consensus_1
CATCCACGTCTCTTAT-1,True,CATCCACGTCTCTTAT-1_contig_3,True,478,TRA,TRAV20,None,TRAJ45,TRAC,True,False,None,None,895,6,clonotype33,None
CATCCACTCACAGTAC-1,True,CATCCACTCACAGTAC-1_contig_1,True,521,TRB,TRBV20-1,None,TRBJ1-2,TRBC1,True,True,CSAVMGQLFYGYTF,TGCAGTGCTGTAATGGGACAGCTCTTCTATGGCTACACCTTC,3822,15,clonotype1379,clonotype1379_consensus_1
CATCCACTCACAGTAC-1,True,CATCCACTCACAGTAC-1_contig_2,True,501,TRA,TRAV6,None,TRAJ39,TRAC,True,True,CALDNAGNMLTF,TGTGCTCTAGATAATGCAGGCAACATGCTCACCTTT,698,4,clonotype1379,clonotype1379_consensus_2
CATCCACTCACGATGT-1,True,CATCCACTCACGATGT-1_contig_1,True,505,TRA,TRAV1-2,None,TRAJ33,TRAC,True,True,CAATDSNYQLIW,TGTGCTGCGACTGATAGCAACTATCAGTTAATCTGG,350,1,clonotype1,clonotype1_consensus_2
CATCCACTCACGATGT-1,True,CATCCACTCACGATGT-1_contig_2,True,474,TRB,TRBV20-1,None,TRBJ2-1,TRBC2,True,True,CSARVGSEVNEQFF,TGCAGTGCTAGAGTGGGGTCGGAAGTCAATGAGCAGTTCTTC,2241,7,clonotype1,clonotype1_consensus_1
CATCCACTCACGATGT-1,True,CATCCACTCACGATGT-1_contig_3,True,457,TRA,TRAV10,None,TRAJ24,TRAC,True,False,None,None,264,1,clonotype1,None
CATCCACTCAGTTCGA-1,True,CATCCACTCAGTTCGA-1_contig_1,True,505,TRA,TRAV1-2,None,TRAJ33,TRAC,True,True,CAATDSNYQLIW,TGTGCTGCGACTGATAGCAACTATCAGTTAATCTGG,442,1,clonotype1,clonotype1_consensus_2
CATCCACTCAGTTCGA-1,True,CATCCACTCAGTTCGA-1_contig_2,True,521,TRB,TRBV20-1,None,TRBJ2-1,TRBC2,True,True,CSARVGSEVNEQFF,TGCAGTGCTAGAGTGGGGTCGGAAGTCAATGAGCAGTTCTTC,1177,6,clonotype1,clonotype1_consensus_1
CATCCACTCAGTTCGA-1,True,CATCCACTCAGTTCGA-1_contig_3,True,366,TRA,None,None,TRAJ27,TRAC,False,False,None,None,405,1,clonotype1,None
CATCCACTCAGTTCGA-1,True,CATCCACTCAGTTCGA-1_contig_4,True,482,TRA,TRAV10,None,TRAJ24,TRAC,True,False,None,None,325,3,clonotype1,None
CATCCACTCCCTTGCA-1,True,CATCCACTCCCTTGCA-1_contig_1,True,501,TRB,TRBV20-1,None,TRBJ2-3,TRBC2,True,True,CSAIEWDRVRDTQYF,TGCAGTGCTATTGAATGGGACAGGGTGAGAGATACGCAGTATTTT,1454,12,clonotype1380,clonotype1380_consensus_1
CATCCACTCCGATATG-1,True,CATCCACTCCGATATG-1_contig_1,True,505,TRA,TRAV1-2,None,TRAJ33,TRAC,True,True,CAATDSNYQLIW,TGTGCTGCGACTGATAGCAACTATCAGTTAATCTGG,215,1,clonotype1,clonotype1_consensus_2
CATCCACTCCGATATG-1,True,CATCCACTCCGATATG-1_contig_2,True,521,TRB,TRBV20-1,None,TRBJ2-1,TRBC2,True,True,CSARVGSEVNEQFF,TGCAGTGCTAGAGTGGGGTCGGAAGTCAATGAGCAGTTCTTC,1147,6,clonotype1,clonotype1_consensus_1
CATCCACTCCTTTACA-1,True,CATCCACTCCTTTACA-1_contig_1,True,505,TRA,TRAV1-2,None,TRAJ33,TRAC,True,True,CAATDSNYQLIW,TGTGCTGCGACTGATAGCAACTATCAGTTAATCTGG,1446,5,clonotype1,clonotype1_consensus_2
CATCCACTCCTTTACA-1,True,CATCCACTCCTTTACA-1_contig_2,True,505,TRB,TRBV20-1,None,TRBJ2-1,TRBC2,True,True,CSARVGSEVNEQFF,TGCAGTGCTAGAGTGGGGTCGGAAGTCAATGAGCAGTTCTTC,1988,7,clonotype1,clonotype1_consensus_1
CATCCACTCCTTTACA-1,True,CATCCACTCCTTTACA-1_contig_3,True,440,TRB,None,None,TRBJ1-5,TRBC1,False,False,None,None,67,2,clonotype1,None
CATCCACTCGACCAGC-1,True,CATCCACTCGACCAGC-1_contig_1,True,470,TRB,TRBV20-1,None,TRBJ1-5,TRBC1,True,True,CSACEVLNQPQHF,TGCAGTGCTTGTGAAGTCCTCAATCAGCCCCAGCATTTT,1548,8,clonotype1381,clonotype1381_consensus_1
CATCCACTCGACCAGC-1,True,CATCCACTCGACCAGC-1_contig_2,True,503,TRA,TRAV13-2,None,TRAJ20,TRAC,True,True,CAPYNDYKLSF,TGTGCACCTTATAACGACTACAAGCTCAGCTTT,1111,6,clonotype1381,clonotype1381_consensus_2
CATCCACTCGCCCTTA-1,True,CATCCACTCGCCCTTA-1_contig_1,True,521,TRB,TRBV20-1,None,TRBJ2-1,TRBC2,True,True,CSARVGSEVNEQFF,TGCAGTGCTAGAGTGGGGTCGGAAGTCAATGAGCAGTTCTTC,1961,14,clonotype2,clonotype2_consensus_1
CATCCACTCGCCCTTA-1,True,CATCCACTCGCCCTTA-1_contig_2,True,457,TRA,TRAV10,None,TRAJ24,TRAC,True,False,None,None,98,3,clonotype2,None
CATCCACTCGCTAGCG-1,True,CATCCACTCGCTAGCG-1_contig_1,True,505,TRA,TRAV29/DV5,None,TRAJ34,TRAC,True,True,CAASATDKLIF,TGTGCAGCAAGCGCGACCGACAAGCTCATCTTT,1027,8,clonotype1382,clonotype1382_consensus_2
CATCCACTCGCTAGCG-1,True,CATCCACTCGCTAGCG-1_contig_2,True,493,TRB,TRBV5-6,None,TRBJ1-1,TRBC1,True,True,CASSLGPVRGTEAFF,TGTGCCAGCAGCTTGGGTCCGGTCAGGGGCACTGAAGCTTTCTTT,1273,10,clonotype1382,clonotype1382_consensus_1
CATCGAAAGAACTCGG-1,True,CATCGAAAGAACTCGG-1_contig_1,True,524,TRB,TRBV20-1,None,TRBJ2-7,TRBC2,True,True,CSARERAGNFYEQYF,TGCAGTGCTAGAGAACGGGCAGGGAATTTCTACGAGCAGTACTTC,2047,12,clonotype1383,clonotype1383_consensus_2
CATCGAAAGAACTCGG-1,True,CATCGAAAGAACTCGG-1_contig_2,True,520,TRA,TRAV29/DV5,None,TRAJ45,TRAC,True,True,CAASSYSGGGADGLTF,TGTGCAGCAAGCTCTTATTCAGGAGGAGGTGCTGACGGACTCACCTTT,1142,3,clonotype1383,clonotype1383_consensus_1
CATCGAAAGGCGTACA-1,True,CATCGAAAGGCGTACA-1_contig_1,True,499,TRA,TRAV1-2,None,TRAJ30,TRAC,True,True,CAVRDLREIIF,TGTGCTGTGAGAGATCTTCGGGAGATCATCTTT,617,3,clonotype3,clonotype3_consensus_2
CATCGAAAGGCGTACA-1,True,CATCGAAAGGCGTACA-1_contig_2,True,512,TRB,TRBV5-5,None,TRBJ1-4,TRBC1,True,True,CASSHPGPNYATNEKLFF,TGTGCCAGCAGCCATCCCGGACCGAACTACGCAACTAATGAAAAACTGTTTTTT,740,5,clonotype3,clonotype3_consensus_1
CATCGAAAGTGTCCAT-1,True,CATCGAAAGTGTCCAT-1_contig_1,True,618,TRA,TRAV3,None,TRAJ20,TRAC,True,True,CAVRDSPNDYKLSF,TGTGCTGTGAGAGACTCCCCTAACGACTACAAGCTCAGCTTT,536,3,clonotype1384,clonotype1384_consensus_2
CATCGAAAGTGTCCAT-1,True,CATCGAAAGTGTCCAT-1_contig_2,True,498,TRB,TRBV20-1,None,TRBJ1-1,TRBC1,True,True,CSASLRQKNTEAFF,TGCAGTGCTAGTCTTCGCCAAAAGAACACTGAAGCTTTCTTT,2190,5,clonotype1384,clonotype1384_consensus_1
CATCGAAAGTGTCCAT-1,True,CATCGAAAGTGTCCAT-1_contig_3,True,378,TRB,None,None,TRBJ2-1,TRBC2,False,False,None,None,458,2,clonotype1384,None
CATCGAACAGGCTCAC-1,True,CATCGAACAGGCTCAC-1_contig_1,True,492,TRB,TRBV20-1,None,TRBJ2-5,TRBC2,True,True,CSASRVGETQYF,TGCAGTGCTAGCAGGGTCGGAGAGACCCAGTACTTC,1268,6,clonotype1385,clonotype1385_consensus_2
CATCGAACAGGCTCAC-1,True,CATCGAACAGGCTCAC-1_contig_2,True,522,TRA,TRAV21,None,TRAJ23,TRAC,True,True,CAVCGNQGGKLIF,TGTGCTGTGTGCGGTAACCAGGGAGGAAAGCTTATCTTC,1078,4,clonotype1385,clonotype1385_consensus_1
CATCGAACATACGCTA-1,True,CATCGAACATACGCTA-1_contig_1,True,542,TRA,TRAV26-1,None,TRAJ37,TRAC,True,True,CIVSRHGSSNTGKLIF,TGCATCGTCAGTCGTCATGGCTCTAGCAACACAGGCAAACTAATCTTT,1807,1,clonotype228,clonotype228_consensus_1
CATCGAACATACGCTA-1,True,CATCGAACATACGCTA-1_contig_2,True,495,TRB,TRBV20-1,None,TRBJ1-2,TRBC1,True,True,CSAQGDRNYGYTF,TGCAGTGCTCAGGGGGACAGGAACTATGGCTACACCTTC,2777,17,clonotype228,clonotype228_consensus_2
CATCGAAGTAAGCACG-1,True,CATCGAAGTAAGCACG-1_contig_1,True,465,TRA,TRAV1-2,None,TRAJ33,TRAC,True,True,CAATDSNYQLIW,TGTGCTGCGACTGATAGCAACTATCAGTTAATCTGG,1718,4,clonotype1,clonotype1_consensus_2
CATCGAAGTAAGCACG-1,True,CATCGAAGTAAGCACG-1_contig_2,True,521,TRB,TRBV20-1,None,TRBJ2-1,TRBC2,True,True,CSARVGSEVNEQFF,TGCAGTGCTAGAGTGGGGTCGGAAGTCAATGAGCAGTTCTTC,1538,10,clonotype1,clonotype1_consensus_1
CATCGAAGTGTGAATA-1,True,CATCGAAGTGTGAATA-1_contig_1,True,527,TRB,TRBV20-1,None,TRBJ2-3,TRBC2,True,True,CSDQGGTSGATDTQYF,TGCAGTGATCAGGGCGGGACTAGCGGGGCCACAGATACGCAGTATTTT,6996,17,clonotype203,clonotype203_consensus_1
CATCGAAGTGTGAATA-1,True,CATCGAAGTGTGAATA-1_contig_2,True,513,TRA,TRAV12-3,None,TRAJ52,TRAC,True,True,CAMSAGIAGGTSYGKLTF,TGTGCAATGAGCGCTGGGATTGCTGGTGGTACTAGCTATGGAAAGCTGACATTT,380,3,clonotype203,clonotype203_consensus_2
CATCGAAGTTATGCGT-1,True,CATCGAAGTTATGCGT-1_contig_1,True,491,TRB,TRBV20-1,None,TRBJ2-3,TRBC2,True,True,CSARGGGTRSTDTQYF,TGCAGTGCCCGGGGGGGGGGGACCCGTAGCACAGATACGCAGTATTTT,1949,8,clonotype1386,clonotype1386_consensus_1
CATCGAAGTTATGCGT-1,True,CATCGAAGTTATGCGT-1_contig_2,True,522,TRA,TRAV38-1,None,TRAJ26,TRAC,True,True,CAFMKMWDNYGQNFVF,TGTGCTTTCATGAAGATGTGGGATAACTATGGTCAGAATTTTGTCTTT,1380,7,clonotype1386,clonotype1386_consensus_2
CATCGAAGTTGAACTC-1,True,CATCGAAGTTGAACTC-1_contig_1,True,505,TRA,TRAV1-2,None,TRAJ33,TRAC,True,True,CAATDSNYQLIW,TGTGCTGCGACTGATAGCAACTATCAGTTAATCTGG,283,3,clonotype1,clonotype1_consensus_2
CATCGAAGTTGAACTC-1,True,CATCGAAGTTGAACTC-1_contig_2,True,498,TRB,TRBV20-1,None,TRBJ2-1,TRBC2,True,True,CSARVGSEVNEQFF,TGCAGTGCTAGAGTGGGGTCGGAAGTCAATGAGCAGTTCTTC,559,4,clonotype1,clonotype1_consensus_1
CATCGAAGTTGTGGCC-1,True,CATCGAAGTTGTGGCC-1_contig_1,True,524,TRB,TRBV20-1,None,TRBJ2-1,TRBC2,True,True,CSARDQRVSYNEQFF,TGCAGTGCTAGAGATCAAAGGGTCTCCTACAATGAGCAGTTCTTC,3409,9,clonotype83,clonotype83_consensus_2
CATCGAAGTTGTGGCC-1,True,CATCGAAGTTGTGGCC-1_contig_2,True,506,TRA,TRAV13-2,None,TRAJ6,TRAC,True,True,CAENGGSYIPTF,TGTGCAGAGAACGGAGGAAGCTACATACCTACATTT,2723,7,clonotype83,clonotype83_consensus_1
CATCGAAGTTGTGGCC-1,True,CATCGAAGTTGTGGCC-1_contig_3,True,363,TRA,TRAV6,None,TRAJ9,TRAC,True,False,None,None,536,2,clonotype83,None
CATCGAATCAGAGGTG-1,True,CATCGAATCAGAGGTG-1_contig_1,True,505,TRA,TRAV1-2,None,TRAJ33,TRAC,True,True,CAATDSNYQLIW,TGTGCTGCGACTGATAGCAACTATCAGTTAATCTGG,4212,7,clonotype1,clonotype1_consensus_2
CATCGAATCAGAGGTG-1,True,CATCGAATCAGAGGTG-1_contig_2,True,521,TRB,TRBV20-1,None,TRBJ2-1,TRBC2,True,True,CSARVGSEVNEQFF,TGCAGTGCTAGAGTGGGGTCGGAAGTCAATGAGCAGTTCTTC,2440,10,clonotype1,clonotype1_consensus_1
CATCGGGAGATGCCAG-1,True,CATCGGGAGATGCCAG-1_contig_1,True,505,TRA,TRAV1-2,None,TRAJ33,TRAC,True,True,CAATDSNYQLIW,TGTGCTGCGACTGATAGCAACTATCAGTTAATCTGG,171,2,clonotype1,clonotype1_consensus_2
CATCGGGAGATGCCAG-1,True,CATCGGGAGATGCCAG-1_contig_2,True,485,TRB,TRBV20-1,None,TRBJ2-1,TRBC2,True,True,CSARVGSEVNEQFF,TGCAGTGCTAGAGTGGGGTCGGAAGTCAATGAGCAGTTCTTC,992,4,clonotype1,clonotype1_consensus_1
CATCGGGAGCAGGTCA-1,True,CATCGGGAGCAGGTCA-1_contig_1,True,505,TRA,TRAV1-2,None,TRAJ33,TRAC,True,True,CAATDSNYQLIW,TGTGCTGCGACTGATAGCAACTATCAGTTAATCTGG,589,2,clonotype1,clonotype1_consensus_2
CATCGGGAGCAGGTCA-1,True,CATCGGGAGCAGGTCA-1_contig_2,True,521,TRB,TRBV20-1,None,TRBJ2-1,TRBC2,True,True,CSARVGSEVNEQFF,TGCAGTGCTAGAGTGGGGTCGGAAGTCAATGAGCAGTTCTTC,3653,11,clonotype1,clonotype1_consensus_1
CATCGGGAGCAGGTCA-1,True,CATCGGGAGCAGGTCA-1_contig_3,True,482,TRA,TRAV10,None,TRAJ24,TRAC,True,False,None,None,225,1,clonotype1,None
CATCGGGAGCCAGGAT-1,True,CATCGGGAGCCAGGAT-1_contig_1,True,491,TRA,TRAV38-1,None,TRAJ49,TRAC,True,True,CALISTGNQFYF,TGTGCTTTAATTTCCACCGGTAACCAGTTCTATTTT,305,4,clonotype1387,clonotype1387_consensus_2
CATCGGGAGCCAGGAT-1,True,CATCGGGAGCCAGGAT-1_contig_2,True,512,TRA,TRAV27,None,TRAJ56,TRAC,True,True,CAGDGANSKLTF,TGTGCAGGAGATGGAGCCAATAGTAAGCTGACATTT,937,4,clonotype1387,clonotype1387_consensus_3
CATCGGGAGCCAGGAT-1,True,CATCGGGAGCCAGGAT-1_contig_3,True,704,TRB,TRBV5-6,None,TRBJ1-4,TRBC1,True,True,CASSLGDREKLFF,TGTGCCAGCAGCTTGGGGGACCGAGAAAAACTGTTTTTT,1247,9,clonotype1387,clonotype1387_consensus_1
CATCGGGAGCCAGGAT-1,True,CATCGGGAGCCAGGAT-1_contig_4,True,534,TRB,None,None,TRBJ1-3,TRBC1,False,False,None,None,1077,1,clonotype1387,None
CATCGGGAGCTACCTA-1,True,CATCGGGAGCTACCTA-1_contig_1,True,512,TRA,TRAV13-2,None,TRAJ5,TRAC,True,True,CAENMDTGRRALTF,TGTGCAGAGAATATGGACACGGGCAGGAGAGCACTTACTTTT,723,3,clonotype1388,clonotype1388_consensus_1
CATCGGGAGCTACCTA-1,True,CATCGGGAGCTACCTA-1_contig_2,True,507,TRB,TRBV20-1,None,TRBJ1-1,TRBC1,True,True,CSARPTGVGTMNTEAFF,TGCAGTGCTAGACCAACAGGGGTTGGGACCATGAACACTGAAGCTTTCTTT,3630,12,clonotype1388,clonotype1388_consensus_2
CATCGGGAGCTACCTA-1,True,CATCGGGAGCTACCTA-1_contig_3,True,482,TRA,TRAV1-1,None,TRAJ29,TRAC,True,False,None,None,748,3,clonotype1388,None
CATCGGGAGCTCTCGG-1,True,CATCGGGAGCTCTCGG-1_contig_1,True,552,TRA,TRAV5,None,TRAJ30,TRAC,True,True,CAESMNRDDKIIF,TGTGCAGAGAGTATGAACAGAGATGACAAGATCATCTTT,974,8,clonotype1389,clonotype1389_consensus_2
CATCGGGAGCTCTCGG-1,True,CATCGGGAGCTCTCGG-1_contig_2,True,755,TRB,TRBV5-5,None,TRBJ2-7,TRBC2,True,True,CASSGRRDYEQYF,TGTGCCAGCAGCGGCCGCCGGGACTACGAGCAGTACTTC,1693,8,clonotype1389,clonotype1389_consensus_1
CATCGGGAGGTGACCA-1,True,CATCGGGAGGTGACCA-1_contig_1,True,521,TRB,TRBV20-1,None,TRBJ1-1,TRBC1,True,True,CSATDRARYTEAFF,TGCAGTGCCACGGACAGGGCGAGGTACACTGAAGCTTTCTTT,1394,5,clonotype264,clonotype264_consensus_1
CATCGGGAGGTGACCA-1,True,CATCGGGAGGTGACCA-1_contig_2,True,510,TRB,TRBV6-5,None,TRBJ2-3,TRBC2,True,False,None,None,730,3,clonotype264,None
CATCGGGAGTACACCT-1,True,CATCGGGAGTACACCT-1_contig_1,True,530,TRB,TRBV20-1,None,TRBJ2-4,TRBC2,True,True,CSASWTSGGLAKNIQYF,TGCAGTGCTAGTTGGACTAGCGGGGGGTTAGCCAAAAACATTCAGTACTTC,3715,18,clonotype1390,clonotype1390_consensus_1
CATCGGGAGTACACCT-1,True,CATCGGGAGTACACCT-1_contig_2,True,477,TRA,TRAV9-2,None,TRAJ26,TRAC,True,True,CALSDRPYDNYGQNFVF,TGTGCTCTGAGTGACAGGCCCTATGATAACTATGGTCAGAATTTTGTCTTT,1443,5,clonotype1390,clonotype1390_consensus_3
CATCGGGAGTACACCT-1,True,CATCGGGAGTACACCT-1_contig_3,True,571,TRA,TRAV19,None,TRAJ13,TRAC,True,True,CALSEPYSGGYQKVTF,TGTGCTCTGAGTGAGCCCTATTCTGGGGGTTACCAGAAAGTTACCTTT,478,2,clonotype1390,clonotype1390_consensus_2
CATCGGGAGTCCCACG-1,True,CATCGGGAGTCCCACG-1_contig_1,True,505,TRA,TRAV1-2,None,TRAJ33,TRAC,True,True,CAATDSNYQLIW,TGTGCTGCGACTGATAGCAACTATCAGTTAATCTGG,461,3,clonotype1,clonotype1_consensus_2
CATCGGGAGTCCCACG-1,True,CATCGGGAGTCCCACG-1_contig_2,True,498,TRB,TRBV20-1,None,TRBJ2-1,TRBC2,True,True,CSARVGSEVNEQFF,TGCAGTGCTAGAGTGGGGTCGGAAGTCAATGAGCAGTTCTTC,654,6,clonotype1,clonotype1_consensus_1
CATCGGGAGTCCCACG-1,True,CATCGGGAGTCCCACG-1_contig_3,True,459,TRA,TRAV10,None,TRAJ24,TRAC,True,False,None,None,497,1,clonotype1,None
CATCGGGCAATCCAAC-1,True,CATCGGGCAATCCAAC-1_contig_1,True,505,TRA,TRAV1-2,None,TRAJ33,TRAC,True,True,CAATDSNYQLIW,TGTGCTGCGACTGATAGCAACTATCAGTTAATCTGG,410,3,clonotype1,clonotype1_consensus_2
CATCGGGCAATCCAAC-1,True,CATCGGGCAATCCAAC-1_contig_2,True,449,TRB,TRBV20-1,None,TRBJ2-1,TRBC2,True,True,CSARVGSEVNEQFF,TGCAGTGCTAGAGTGGGGTCGGAAGTCAATGAGCAGTTCTTC,1021,4,clonotype1,clonotype1_consensus_1
CATCGGGCAGACACTT-1,True,CATCGGGCAGACACTT-1_contig_1,True,498,TRB,TRBV20-1,None,TRBJ2-1,TRBC2,True,True,CSARVGSEVNEQFF,TGCAGTGCTAGAGTGGGGTCGGAAGTCAATGAGCAGTTCTTC,1776,8,clonotype2,clonotype2_consensus_1
CATCGGGCAGACACTT-1,True,CATCGGGCAGACACTT-1_contig_2,True,482,TRA,TRAV10,None,TRAJ24,TRAC,True,False,None,None,629,4,clonotype2,None
CATCGGGCAGCGTTCG-1,True,CATCGGGCAGCGTTCG-1_contig_1,True,505,TRA,TRAV1-2,None,TRAJ33,TRAC,True,True,CAATDSNYQLIW,TGTGCTGCGACTGATAGCAACTATCAGTTAATCTGG,548,1,clonotype1,clonotype1_consensus_2
CATCGGGCAGCGTTCG-1,True,CATCGGGCAGCGTTCG-1_contig_2,True,498,TRB,TRBV20-1,None,TRBJ2-1,TRBC2,True,True,CSARVGSEVNEQFF,TGCAGTGCTAGAGTGGGGTCGGAAGTCAATGAGCAGTTCTTC,1476,4,clonotype1,clonotype1_consensus_1
CATCGGGCAGGTTTCA-1,True,CATCGGGCAGGTTTCA-1_contig_1,True,505,TRA,TRAV1-2,None,TRAJ33,TRAC,True,True,CAATDSNYQLIW,TGTGCTGCGACTGATAGCAACTATCAGTTAATCTGG,118,2,clonotype1,clonotype1_consensus_2
CATCGGGCAGGTTTCA-1,True,CATCGGGCAGGTTTCA-1_contig_2,True,521,TRB,TRBV20-1,None,TRBJ2-1,TRBC2,True,True,CSARVGSEVNEQFF,TGCAGTGCTAGAGTGGGGTCGGAAGTCAATGAGCAGTTCTTC,2131,9,clonotype1,clonotype1_consensus_1
CATCGGGCAGGTTTCA-1,True,CATCGGGCAGGTTTCA-1_contig_3,True,463,TRA,TRAV10,None,TRAJ24,TRAC,True,False,None,None,477,2,clonotype1,None
CATCGGGGTAATCACC-1,True,CATCGGGGTAATCACC-1_contig_1,True,505,TRA,TRAV1-2,None,TRAJ33,TRAC,True,True,CAATDSNYQLIW,TGTGCTGCGACTGATAGCAACTATCAGTTAATCTGG,735,3,clonotype1,clonotype1_consensus_2
CATCGGGGTAATCACC-1,True,CATCGGGGTAATCACC-1_contig_2,True,521,TRB,TRBV20-1,None,TRBJ2-1,TRBC2,True,True,CSARVGSEVNEQFF,TGCAGTGCTAGAGTGGGGTCGGAAGTCAATGAGCAGTTCTTC,1566,8,clonotype1,clonotype1_consensus_1
CATCGGGGTAATCACC-1,True,CATCGGGGTAATCACC-1_contig_3,True,482,TRA,TRAV10,None,TRAJ24,TRAC,True,False,None,None,367,5,clonotype1,None
CATCGGGGTAGCGCAA-1,True,CATCGGGGTAGCGCAA-1_contig_1,True,517,TRA,TRAV38-1,None,TRAJ56,TRAC,True,True,CAFMKPSGANSKLTF,TGTGCTTTCATGAAGCCCAGCGGAGCCAATAGTAAGCTGACATTT,456,1,clonotype256,clonotype256_consensus_2
CATCGGGGTAGCGCAA-1,True,CATCGGGGTAGCGCAA-1_contig_2,True,521,TRB,TRBV20-1,None,TRBJ1-1,TRBC1,True,True,CSASLRWGGTEAFF,TGCAGTGCTAGCCTCCGATGGGGGGGCACTGAAGCTTTCTTT,2203,9,clonotype256,clonotype256_consensus_1
CATCGGGGTAGCGCAA-1,True,CATCGGGGTAGCGCAA-1_contig_3,True,523,TRA,TRAV27,None,TRAJ50,TRAC,True,False,None,None,181,1,clonotype256,None
CATCGGGGTTACCAGT-1,True,CATCGGGGTTACCAGT-1_contig_1,True,459,TRA,TRAV13-1,None,TRAJ6,TRAC,True,True,CAASKGGSYIPTF,TGTGCAGCAAGTAAAGGAGGAAGCTACATACCTACATTT,487,5,clonotype1391,clonotype1391_consensus_2
CATCGGGGTTACCAGT-1,True,CATCGGGGTTACCAGT-1_contig_2,True,524,TRB,TRBV20-1,None,TRBJ2-5,TRBC2,True,True,CSARDGVGVGETQYF,TGCAGTGCTAGAGATGGAGTGGGGGTAGGAGAGACCCAGTACTTC,465,5,clonotype1391,clonotype1391_consensus_1
CATCGGGGTTCGCTAA-1,True,CATCGGGGTTCGCTAA-1_contig_1,True,668,TRB,TRBV5-6,None,TRBJ2-5,TRBC2,True,True,CASSFSGQGSTQETQYF,TGTGCCAGCAGCTTTTCGGGGCAGGGTTCTACTCAAGAGACCCAGTACTTC,4683,9,clonotype1392,clonotype1392_consensus_1
CATCGGGGTTCGCTAA-1,True,CATCGGGGTTCGCTAA-1_contig_2,True,446,TRA,TRAV2,None,TRAJ24,TRAC,True,False,None,None,817,4,clonotype1392,None
CATCGGGTCAGTGTTG-1,True,CATCGGGTCAGTGTTG-1_contig_1,True,504,TRB,TRBV20-1,None,TRBJ1-4,TRBC1,True,True,CSARVEGPRDNEKLFF,TGCAGTGCTAGAGTGGAAGGCCCTAGAGATAATGAAAAACTGTTTTTT,2730,11,clonotype1393,clonotype1393_consensus_1
CATCGGGTCAGTGTTG-1,True,CATCGGGTCAGTGTTG-1_contig_2,True,446,TRA,TRAV4,None,TRAJ20,TRAC,True,False,CLVGDNDYKLSF,TGCCTCGTGGGTGACAACGACTACAAGCTCAGCTTT,201,5,clonotype1393,None
CATCGGGTCATTGCGA-1,True,CATCGGGTCATTGCGA-1_contig_1,True,505,TRA,TRAV1-2,None,TRAJ33,TRAC,True,True,CAATDSNYQLIW,TGTGCTGCGACTGATAGCAACTATCAGTTAATCTGG,289,2,clonotype1,clonotype1_consensus_2
CATCGGGTCATTGCGA-1,True,CATCGGGTCATTGCGA-1_contig_2,True,498,TRB,TRBV20-1,None,TRBJ2-1,TRBC2,True,True,CSARVGSEVNEQFF,TGCAGTGCTAGAGTGGGGTCGGAAGTCAATGAGCAGTTCTTC,833,6,clonotype1,clonotype1_consensus_1
CATCGGGTCCTGCTTG-1,True,CATCGGGTCCTGCTTG-1_contig_1,True,485,TRB,TRBV20-1,None,TRBJ2-1,TRBC2,True,True,CSARVGSEVNEQFF,TGCAGTGCTAGAGTGGGGTCGGAAGTCAATGAGCAGTTCTTC,1987,6,clonotype2,clonotype2_consensus_1
CATCGGGTCGATAGAA-1,True,CATCGGGTCGATAGAA-1_contig_1,True,556,TRA,TRAV5,None,TRAJ28,TRAC,True,True,CAEGDSGAGSYQLTF,TGTGCAGAGGGGGACTCTGGGGCTGGGAGTTACCAACTCACTTTC,320,3,clonotype1394,clonotype1394_consensus_1
CATCGGGTCGATAGAA-1,True,CATCGGGTCGATAGAA-1_contig_2,True,499,TRB,TRBV20-1,None,TRBJ2-7,TRBC2,True,True,CSARGGYEQYF,TGCAGTGCTAGAGGAGGGTACGAGCAGTACTTC,2266,12,clonotype1394,clonotype1394_consensus_2
CATCGGGTCGTCCAGG-1,True,CATCGGGTCGTCCAGG-1_contig_1,True,505,TRA,TRAV1-2,None,TRAJ33,TRAC,True,True,CAATDSNYQLIW,TGTGCTGCGACTGATAGCAACTATCAGTTAATCTGG,206,5,clonotype1,clonotype1_consensus_2
CATCGGGTCGTCCAGG-1,True,CATCGGGTCGTCCAGG-1_contig_2,True,521,TRB,TRBV20-1,None,TRBJ2-1,TRBC2,True,True,CSARVGSEVNEQFF,TGCAGTGCTAGAGTGGGGTCGGAAGTCAATGAGCAGTTCTTC,2371,8,clonotype1,clonotype1_consensus_1
CATGACAAGAATAGGG-1,True,CATGACAAGAATAGGG-1_contig_1,True,538,TRA,TRAV12-2,None,TRAJ33,TRAC,True,True,CAVNSNYQLIW,TGTGCCGTGAATAGCAACTATCAGTTAATCTGG,509,3,clonotype1395,clonotype1395_consensus_1
CATGACAAGAATAGGG-1,True,CATGACAAGAATAGGG-1_contig_2,True,498,TRA,TRAV21,None,TRAJ29,TRAC,True,True,CAVHANSGNTPLVF,TGTGCTGTGCACGCGAATTCAGGAAACACACCTCTTGTCTTT,1121,6,clonotype1395,clonotype1395_consensus_3
CATGACAAGAATAGGG-1,True,CATGACAAGAATAGGG-1_contig_3,True,527,TRB,TRBV20-1,None,TRBJ1-4,TRBC1,True,True,CSARGALGAPNEKLFF,TGCAGTGCTAGAGGGGCTCTTGGGGCACCCAATGAAAAACTGTTTTTT,959,6,clonotype1395,clonotype1395_consensus_2
CATGACAAGAATAGGG-1,True,CATGACAAGAATAGGG-1_contig_4,True,492,TRB,TRBV20-1,None,TRBJ1-2,TRBC1,True,True,CSASDLTRPYGYTF,TGCAGTGCTAGTGATTTGACTAGGCCTTATGGCTACACCTTC,619,7,clonotype1395,clonotype1395_consensus_4
CATGACAAGCATGGCA-1,True,CATGACAAGCATGGCA-1_contig_1,True,500,TRA,TRAV25,None,TRAJ26,TRAC,True,True,CAGLYGQNFVF,TGTGCAGGCCTCTATGGTCAGAATTTTGTCTTT,124,1,clonotype265,clonotype265_consensus_1
CATGACAAGCATGGCA-1,True,CATGACAAGCATGGCA-1_contig_2,True,662,TRB,TRBV5-6,None,TRBJ1-2,TRBC1,True,True,CASSLRAGITYGYTF,TGTGCCAGCAGCTTGAGAGCAGGAATCACGTATGGCTACACCTTC,2172,7,clonotype265,clonotype265_consensus_2
CATGACAAGGCTACGA-1,True,CATGACAAGGCTACGA-1_contig_1,True,524,TRB,TRBV20-1,None,TRBJ1-1,TRBC1,True,True,CSARDLTGANTEAFF,TGCAGTGCTAGAGATCTAACCGGGGCCAACACTGAAGCTTTCTTT,660,4,clonotype1396,clonotype1396_consensus_2
CATGACAAGGCTACGA-1,True,CATGACAAGGCTACGA-1_contig_2,True,685,TRA,TRAV8-3,None,TRAJ10,TRAC,True,True,CAVVGPGGGNKLTF,TGTGCTGTGGTAGGCCCGGGAGGAGGAAACAAACTCACCTTT,5310,4,clonotype1396,clonotype1396_consensus_1
CATGACAAGGCTACGA-1,True,CATGACAAGGCTACGA-1_contig_3,True,397,TRB,None,None,TRBJ2-7,TRBC2,False,False,None,None,1573,5,clonotype1396,None
CATGACAAGGCTCTTA-1,True,CATGACAAGGCTCTTA-1_contig_1,True,539,TRA,TRAV26-1,None,TRAJ27,TRAC,True,True,CIVLPNAGKSTF,TGCATCGTCCTACCTAATGCAGGCAAATCAACCTTT,727,3,clonotype1397,clonotype1397_consensus_1
CATGACAAGGCTCTTA-1,True,CATGACAAGGCTCTTA-1_contig_2,True,536,TRB,TRBV18,None,TRBJ2-2,TRBC2,True,True,CASSPTQGNTGELFF,TGTGCCAGCTCACCCACACAGGGGAACACCGGGGAGCTGTTTTTT,2214,8,clonotype1397,clonotype1397_consensus_2
CATGACACAATAGAGT-1,True,CATGACACAATAGAGT-1_contig_1,True,505,TRA,TRAV1-2,None,TRAJ33,TRAC,True,True,CAATDSNYQLIW,TGTGCTGCGACTGATAGCAACTATCAGTTAATCTGG,831,4,clonotype1,clonotype1_consensus_2
CATGACACAATAGAGT-1,True,CATGACACAATAGAGT-1_contig_2,True,521,TRB,TRBV20-1,None,TRBJ2-1,TRBC2,True,True,CSARVGSEVNEQFF,TGCAGTGCTAGAGTGGGGTCGGAAGTCAATGAGCAGTTCTTC,3863,9,clonotype1,clonotype1_consensus_1
CATGACACAATAGAGT-1,True,CATGACACAATAGAGT-1_contig_3,True,459,TRA,TRAV10,None,TRAJ24,TRAC,True,False,None,None,308,2,clonotype1,None
CATGACACAATGACCT-1,True,CATGACACAATGACCT-1_contig_1,True,505,TRA,TRAV1-2,None,TRAJ33,TRAC,True,True,CAATDSNYQLIW,TGTGCTGCGACTGATAGCAACTATCAGTTAATCTGG,467,3,clonotype1,clonotype1_consensus_2
CATGACACAATGACCT-1,True,CATGACACAATGACCT-1_contig_2,True,485,TRB,TRBV20-1,None,TRBJ2-1,TRBC2,True,True,CSARVGSEVNEQFF,TGCAGTGCTAGAGTGGGGTCGGAAGTCAATGAGCAGTTCTTC,1520,7,clonotype1,clonotype1_consensus_1
CATGACACAATGACCT-1,True,CATGACACAATGACCT-1_contig_3,True,459,TRA,TRAV10,None,TRAJ24,TRAC,True,False,None,None,199,2,clonotype1,None
CATGACACACTGAAGG-1,True,CATGACACACTGAAGG-1_contig_1,True,495,TRB,TRBV20-1,None,TRBJ2-1,TRBC2,True,True,CSARVGSEVNEQFF,TGCAGTGCTAGAGTGGGGTCGGAAGTCAATGAGCAGTTCTTC,3056,6,clonotype2,clonotype2_consensus_1
CATGACACATTACCTT-1,True,CATGACACATTACCTT-1_contig_1,True,527,TRB,TRBV20-1,None,TRBJ1-5,TRBC1,True,True,CSAREGAAKGNQPQHF,TGCAGTGCTAGAGAGGGCGCAGCAAAGGGCAATCAGCCCCAGCATTTT,2742,5,clonotype1398,clonotype1398_consensus_2
CATGACACATTACCTT-1,True,CATGACACATTACCTT-1_contig_2,True,660,TRA,TRAV8-2,None,TRAJ9,TRAC,True,True,CVVSDSGGFKTIF,TGTGTTGTGAGTGACTCTGGAGGCTTCAAAACTATCTTT,904,3,clonotype1398,clonotype1398_consensus_1
CATGACACATTACCTT-1,True,CATGACACATTACCTT-1_contig_3,True,430,TRA,TRAV6,None,TRAJ3,TRAC,True,False,None,None,1280,3,clonotype1398,None
CATGACAGTAAGTAGT-1,True,CATGACAGTAAGTAGT-1_contig_1,True,521,TRB,TRBV20-1,None,TRBJ2-1,TRBC2,True,True,CSARVGSEVNEQFF,TGCAGTGCTAGAGTGGGGTCGGAAGTCAATGAGCAGTTCTTC,493,7,clonotype2,clonotype2_consensus_1
CATGACAGTAAGTAGT-1,True,CATGACAGTAAGTAGT-1_contig_2,True,467,TRA,TRAV10,None,TRAJ24,TRAC,True,False,None,None,285,3,clonotype2,None
CATGACAGTAGCGCAA-1,True,CATGACAGTAGCGCAA-1_contig_1,True,521,TRB,TRBV20-1,None,TRBJ2-1,TRBC2,True,True,CSARVGSEVNEQFF,TGCAGTGCTAGAGTGGGGTCGGAAGTCAATGAGCAGTTCTTC,1164,5,clonotype2,clonotype2_consensus_1
CATGACAGTCCTAGCG-1,True,CATGACAGTCCTAGCG-1_contig_1,True,505,TRA,TRAV1-2,None,TRAJ33,TRAC,True,True,CAATDSNYQLIW,TGTGCTGCGACTGATAGCAACTATCAGTTAATCTGG,449,4,clonotype1,clonotype1_consensus_2
CATGACAGTCCTAGCG-1,True,CATGACAGTCCTAGCG-1_contig_2,True,524,TRB,TRBV20-1,None,TRBJ2-1,TRBC2,True,True,CSARVGSEVNEQFF,TGCAGTGCTAGAGTGGGGTCGGAAGTCAATGAGCAGTTCTTC,480,4,clonotype1,clonotype1_consensus_1
CATGACAGTCGTGGCT-1,True,CATGACAGTCGTGGCT-1_contig_1,True,496,TRA,TRAV36/DV7,None,TRAJ42,TRAC,True,True,CAVDYGGSQGNLIF,TGTGCTGTGGATTATGGAGGAAGCCAAGGAAATCTCATCTTT,786,3,clonotype1399,clonotype1399_consensus_1
CATGACAGTCGTGGCT-1,True,CATGACAGTCGTGGCT-1_contig_2,True,524,TRB,TRBV5-5,None,TRBJ1-4,TRBC1,True,True,CASSLEDRGEKLFF,TGTGCCAGCAGCTTGGAAGACAGGGGTGAAAAACTGTTTTTT,1838,9,clonotype1399,clonotype1399_consensus_2
CATGACAGTCTCACCT-1,True,CATGACAGTCTCACCT-1_contig_1,True,505,TRA,TRAV1-2,None,TRAJ33,TRAC,True,True,CAATDSNYQLIW,TGTGCTGCGACTGATAGCAACTATCAGTTAATCTGG,376,3,clonotype1,clonotype1_consensus_2
CATGACAGTCTCACCT-1,True,CATGACAGTCTCACCT-1_contig_2,True,498,TRB,TRBV20-1,None,TRBJ2-1,TRBC2,True,True,CSARVGSEVNEQFF,TGCAGTGCTAGAGTGGGGTCGGAAGTCAATGAGCAGTTCTTC,1717,8,clonotype1,clonotype1_consensus_1
CATGACAGTGTGGCTC-1,True,CATGACAGTGTGGCTC-1_contig_1,True,521,TRB,TRBV20-1,None,TRBJ2-1,TRBC2,True,True,CSARVGSEVNEQFF,TGCAGTGCTAGAGTGGGGTCGGAAGTCAATGAGCAGTTCTTC,590,4,clonotype2,clonotype2_consensus_1
CATGACAGTGTGGCTC-1,True,CATGACAGTGTGGCTC-1_contig_2,True,461,TRA,TRAV10,None,TRAJ24,TRAC,True,False,None,None,82,2,clonotype2,None
CATGACAGTTCACGGC-1,True,CATGACAGTTCACGGC-1_contig_1,True,505,TRA,TRAV1-2,None,TRAJ33,TRAC,True,True,CAATDSNYQLIW,TGTGCTGCGACTGATAGCAACTATCAGTTAATCTGG,101,3,clonotype1,clonotype1_consensus_2
CATGACAGTTCACGGC-1,True,CATGACAGTTCACGGC-1_contig_2,True,521,TRB,TRBV20-1,None,TRBJ2-1,TRBC2,True,True,CSARVGSEVNEQFF,TGCAGTGCTAGAGTGGGGTCGGAAGTCAATGAGCAGTTCTTC,1270,9,clonotype1,clonotype1_consensus_1
CATGACAGTTGTGGAG-1,True,CATGACAGTTGTGGAG-1_contig_1,True,577,TRA,TRAV29/DV5,None,TRAJ28,TRAC,True,True,CAAIPYSGAGSYQLTF,TGTGCAGCAATCCCATACTCTGGGGCTGGGAGTTACCAACTCACTTTC,1359,5,clonotype1400,clonotype1400_consensus_2
CATGACAGTTGTGGAG-1,True,CATGACAGTTGTGGAG-1_contig_2,True,669,TRB,TRBV5-6,None,TRBJ2-7,TRBC2,True,True,CASSLLSGGNEQYF,TGTGCCAGCAGCTTGTTAAGCGGGGGAAACGAGCAGTACTTC,4704,24,clonotype1400,clonotype1400_consensus_1
CATGACAGTTGTGGAG-1,True,CATGACAGTTGTGGAG-1_contig_3,True,478,TRB,TRBV21-1,None,TRBJ1-1,TRBC1,True,False,CISVPAAPRRQLNTEAFF,TGTATTTCTGTGCCAGCAGCCCCCCGCAGACAGTTGAACACTGAAGCTTTCTTT,687,6,clonotype1400,None
CATGACATCATAAAGG-1,True,CATGACATCATAAAGG-1_contig_1,True,505,TRA,TRAV1-2,None,TRAJ33,TRAC,True,True,CAATDSNYQLIW,TGTGCTGCGACTGATAGCAACTATCAGTTAATCTGG,374,5,clonotype1,clonotype1_consensus_2
CATGACATCATAAAGG-1,True,CATGACATCATAAAGG-1_contig_2,True,521,TRB,TRBV20-1,None,TRBJ2-1,TRBC2,True,True,CSARVGSEVNEQFF,TGCAGTGCTAGAGTGGGGTCGGAAGTCAATGAGCAGTTCTTC,12942,13,clonotype1,clonotype1_consensus_1
CATGACATCCTGCAGG-1,True,CATGACATCCTGCAGG-1_contig_1,True,524,TRA,TRAV27,None,TRAJ30,TRAC,True,True,CAGAGRDDKIIF,TGTGCAGGGGCGGGCAGAGATGACAAGATCATCTTT,899,5,clonotype1401,clonotype1401_consensus_2
CATGACATCCTGCAGG-1,True,CATGACATCCTGCAGG-1_contig_2,True,491,TRA,TRAV38-2/DV8,None,TRAJ42,TRAC,True,True,CASHGGSQGNLIF,TGTGCCTCCCATGGAGGAAGCCAAGGAAATCTCATCTTT,596,3,clonotype1401,clonotype1401_consensus_1
CATGACATCCTGCAGG-1,True,CATGACATCCTGCAGG-1_contig_3,True,658,TRB,TRBV5-6,None,TRBJ2-5,TRBC2,True,True,CASSLGFSGETQYF,TGTGCCAGCAGCTTGGGGTTCTCGGGAGAGACCCAGTACTTC,2233,12,clonotype1401,clonotype1401_consensus_3
CATGACATCCTGCAGG-1,True,CATGACATCCTGCAGG-1_contig_4,True,397,TRB,None,None,TRBJ2-6,TRBC2,False,False,None,None,229,1,clonotype1401,None
CATGACATCGTCCGTT-1,True,CATGACATCGTCCGTT-1_contig_1,True,515,TRA,TRAV13-2,None,TRAJ10,TRAC,True,True,CAENGVTGGGNKLTF,TGTGCAGAGAATGGGGTCACGGGAGGAGGAAACAAACTCACCTTT,136,2,clonotype266,clonotype266_consensus_1
CATGACATCGTCCGTT-1,True,CATGACATCGTCCGTT-1_contig_2,True,493,TRB,TRBV5-6,None,TRBJ1-2,TRBC1,True,True,CASSLLSGQGYGYTF,TGTGCCAGCAGCTTGCTCTCGGGACAGGGTTATGGCTACACCTTC,8838,3,clonotype266,clonotype266_consensus_2
CATGACATCGTGGACC-1,True,CATGACATCGTGGACC-1_contig_1,True,505,TRA,TRAV1-2,None,TRAJ33,TRAC,True,True,CAATDSNYQLIW,TGTGCTGCGACTGATAGCAACTATCAGTTAATCTGG,401,3,clonotype1,clonotype1_consensus_2
CATGACATCGTGGACC-1,True,CATGACATCGTGGACC-1_contig_2,True,521,TRB,TRBV20-1,None,TRBJ2-1,TRBC2,True,True,CSARVGSEVNEQFF,TGCAGTGCTAGAGTGGGGTCGGAAGTCAATGAGCAGTTCTTC,1033,7,clonotype1,clonotype1_consensus_1
CATGACATCGTGGACC-1,True,CATGACATCGTGGACC-1_contig_3,True,616,TRA,None,None,TRAJ32,TRAC,False,False,None,None,784,1,clonotype1,None
CATGACATCTCACATT-1,True,CATGACATCTCACATT-1_contig_1,True,493,TRA,TRAV1-2,None,TRAJ33,TRAC,True,True,CAATDSNYQLIW,TGTGCTGCGACTGATAGCAACTATCAGTTAATCTGG,1413,4,clonotype1,clonotype1_consensus_2
CATGACATCTCACATT-1,True,CATGACATCTCACATT-1_contig_2,True,521,TRB,TRBV20-1,None,TRBJ2-1,TRBC2,True,True,CSARVGSEVNEQFF,TGCAGTGCTAGAGTGGGGTCGGAAGTCAATGAGCAGTTCTTC,2185,11,clonotype1,clonotype1_consensus_1
CATGACATCTCACATT-1,True,CATGACATCTCACATT-1_contig_3,True,469,TRA,TRAV10,None,TRAJ24,TRAC,True,False,None,None,174,6,clonotype1,None
CATGCCTAGAGTGAGA-1,True,CATGCCTAGAGTGAGA-1_contig_1,True,524,TRB,TRBV20-1,None,TRBJ1-5,TRBC1,True,True,CSASTGELINQPQHF,TGCAGTGCTAGTACAGGGGAGTTAATCAATCAGCCCCAGCATTTT,5619,17,clonotype1402,clonotype1402_consensus_1
CATGCCTAGCCAGTAG-1,True,CATGCCTAGCCAGTAG-1_contig_1,True,505,TRA,TRAV1-2,None,TRAJ33,TRAC,True,True,CAATDSNYQLIW,TGTGCTGCGACTGATAGCAACTATCAGTTAATCTGG,2388,2,clonotype1,clonotype1_consensus_2
CATGCCTAGCCAGTAG-1,True,CATGCCTAGCCAGTAG-1_contig_2,True,521,TRB,TRBV20-1,None,TRBJ2-1,TRBC2,True,True,CSARVGSEVNEQFF,TGCAGTGCTAGAGTGGGGTCGGAAGTCAATGAGCAGTTCTTC,3146,9,clonotype1,clonotype1_consensus_1
CATGCCTAGGAATCGC-1,True,CATGCCTAGGAATCGC-1_contig_1,True,505,TRA,TRAV1-2,None,TRAJ33,TRAC,True,True,CAATDSNYQLIW,TGTGCTGCGACTGATAGCAACTATCAGTTAATCTGG,291,5,clonotype1,clonotype1_consensus_2
CATGCCTAGGAATCGC-1,True,CATGCCTAGGAATCGC-1_contig_2,True,521,TRB,TRBV20-1,None,TRBJ2-1,TRBC2,True,True,CSARVGSEVNEQFF,TGCAGTGCTAGAGTGGGGTCGGAAGTCAATGAGCAGTTCTTC,2279,6,clonotype1,clonotype1_consensus_1
CATGCCTAGGAATCGC-1,True,CATGCCTAGGAATCGC-1_contig_3,True,442,TRA,TRAV10,None,TRAJ24,TRAC,True,False,None,None,34,3,clonotype1,None
CATGCCTAGTATGACA-1,True,CATGCCTAGTATGACA-1_contig_1,True,493,TRA,TRAV1-2,None,TRAJ33,TRAC,True,True,CAATDSNYQLIW,TGTGCTGCGACTGATAGCAACTATCAGTTAATCTGG,1224,2,clonotype1,clonotype1_consensus_2
CATGCCTAGTATGACA-1,True,CATGCCTAGTATGACA-1_contig_2,True,495,TRB,TRBV20-1,None,TRBJ2-1,TRBC2,True,True,CSARVGSEVNEQFF,TGCAGTGCTAGAGTGGGGTCGGAAGTCAATGAGCAGTTCTTC,713,9,clonotype1,clonotype1_consensus_1
CATGCCTAGTATGACA-1,True,CATGCCTAGTATGACA-1_contig_3,True,458,TRA,TRAV10,None,TRAJ24,TRAC,True,False,None,None,704,3,clonotype1,None
CATGCCTCACAAGTAA-1,True,CATGCCTCACAAGTAA-1_contig_1,True,486,TRB,TRBV20-1,None,TRBJ1-2,TRBC1,True,True,CSAGGYGYTF,TGCAGTGCTGGGGGCTATGGCTACACCTTC,2690,9,clonotype1403,clonotype1403_consensus_1
CATGCCTCACAAGTAA-1,True,CATGCCTCACAAGTAA-1_contig_2,True,481,TRA,TRAV35,None,TRAJ39,TRAC,True,True,CAGSDNAGNMLTF,TGTGCTGGGTCCGATAATGCAGGCAACATGCTCACCTTT,690,3,clonotype1403,clonotype1403_consensus_2
CATGCCTCACAAGTAA-1,True,CATGCCTCACAAGTAA-1_contig_3,True,573,TRA,TRAV29/DV5,None,TRAJ57,TRAC,True,False,CSKCEWGGSEKLVF,TGCAGCAAGTGCGAGTGGGGCGGATCTGAAAAGCTGGTCTTT,122,1,clonotype1403,None
CATGCCTCACGAGAGT-1,True,CATGCCTCACGAGAGT-1_contig_1,True,505,TRA,TRAV1-2,None,TRAJ33,TRAC,True,True,CAATDSNYQLIW,TGTGCTGCGACTGATAGCAACTATCAGTTAATCTGG,645,2,clonotype1,clonotype1_consensus_2
CATGCCTCACGAGAGT-1,True,CATGCCTCACGAGAGT-1_contig_2,True,521,TRB,TRBV20-1,None,TRBJ2-1,TRBC2,True,True,CSARVGSEVNEQFF,TGCAGTGCTAGAGTGGGGTCGGAAGTCAATGAGCAGTTCTTC,1041,8,clonotype1,clonotype1_consensus_1
CATGCCTCACGAGAGT-1,True,CATGCCTCACGAGAGT-1_contig_3,True,459,TRA,TRAV10,None,TRAJ24,TRAC,True,False,None,None,332,3,clonotype1,None
CATGCCTCAGAGCCAA-1,True,CATGCCTCAGAGCCAA-1_contig_1,True,536,TRB,TRBV20-1,None,TRBJ2-7,TRBC2,True,True,CSARDTLGQGRRLEGEQYF,TGCAGTGCTAGAGACACGCTCGGACAGGGGAGGCGATTGGAGGGCGAGCAGTACTTC,4380,14,clonotype1404,clonotype1404_consensus_1
CATGCCTCAGAGCCAA-1,True,CATGCCTCAGAGCCAA-1_contig_2,True,503,TRA,TRAV4,None,TRAJ37,TRAC,True,True,CLVGGSSRSSNTGKLIF,TGCCTCGTGGGTGGGTCCTCAAGGTCTAGCAACACAGGCAAACTAATCTTT,1186,7,clonotype1404,clonotype1404_consensus_2
CATGCCTCAGAGCCAA-1,True,CATGCCTCAGAGCCAA-1_contig_3,True,486,TRA,TRAV16,None,TRAJ22,TRAC,True,False,CALVVRF,TGTGCTCTAGTAGTCCGGTTC,183,1,clonotype1404,None
CATGCCTCAGATGAGC-1,True,CATGCCTCAGATGAGC-1_contig_1,True,505,TRA,TRAV1-2,None,TRAJ33,TRAC,True,True,CAATDSNYQLIW,TGTGCTGCGACTGATAGCAACTATCAGTTAATCTGG,627,4,clonotype1,clonotype1_consensus_2
CATGCCTCAGATGAGC-1,True,CATGCCTCAGATGAGC-1_contig_2,True,521,TRB,TRBV20-1,None,TRBJ2-1,TRBC2,True,True,CSARVGSEVNEQFF,TGCAGTGCTAGAGTGGGGTCGGAAGTCAATGAGCAGTTCTTC,2520,12,clonotype1,clonotype1_consensus_1
CATGCCTCAGCCAGAA-1,True,CATGCCTCAGCCAGAA-1_contig_1,True,502,TRA,TRAV1-2,None,TRAJ33,TRAC,True,True,CAATDSNYQLIW,TGTGCTGCGACTGATAGCAACTATCAGTTAATCTGG,2338,8,clonotype1,clonotype1_consensus_2
CATGCCTCAGCCAGAA-1,True,CATGCCTCAGCCAGAA-1_contig_2,True,498,TRB,TRBV20-1,None,TRBJ2-1,TRBC2,True,True,CSARVGSEVNEQFF,TGCAGTGCTAGAGTGGGGTCGGAAGTCAATGAGCAGTTCTTC,1716,8,clonotype1,clonotype1_consensus_1
CATGCCTCAGCCAGAA-1,True,CATGCCTCAGCCAGAA-1_contig_3,True,320,TRB,None,None,TRBJ2-2P,TRBC2,False,False,None,None,866,2,clonotype1,None
CATGCCTCAGCGTTCG-1,True,CATGCCTCAGCGTTCG-1_contig_1,True,493,TRB,TRBV20-1,None,TRBJ1-5,TRBC1,True,True,CSARWHAGGPQHF,TGCAGTGCCCGGTGGCACGCCGGAGGGCCCCAGCATTTT,1304,5,clonotype1405,clonotype1405_consensus_2
CATGCCTCAGCGTTCG-1,True,CATGCCTCAGCGTTCG-1_contig_2,True,514,TRA,TRAV30,None,TRAJ48,TRAC,True,True,CGTLPWTGGNEKLTF,TGCGGCACACTCCCGTGGACAGGGGGAAATGAGAAATTAACCTTT,318,2,clonotype1405,clonotype1405_consensus_3
CATGCCTCAGCGTTCG-1,True,CATGCCTCAGCGTTCG-1_contig_3,True,486,TRA,TRAV12-3,None,TRAJ49,TRAC,True,True,CAIRGQFYF,TGTGCAATAAGAGGCCAGTTCTATTTT,475,4,clonotype1405,clonotype1405_consensus_1
CATGCCTCAGCGTTCG-1,True,CATGCCTCAGCGTTCG-1_contig_4,True,677,TRB,TRBV5-6,None,TRBJ2-2,TRBC2,True,True,CASSSDWNTGELFF,TGTGCCAGCAGCTCGGACTGGAACACCGGGGAGCTGTTTTTT,4332,11,clonotype1405,clonotype1405_consensus_4
CATGCCTCAGCGTTCG-1,True,CATGCCTCAGCGTTCG-1_contig_5,True,310,TRB,None,None,TRBJ2-7,TRBC2,False,False,None,None,355,4,clonotype1405,None
CATGCCTCAGCGTTCG-1,True,CATGCCTCAGCGTTCG-1_contig_6,True,505,TRA,TRAV26-1,None,TRAJ28,TRAC,True,False,CSLSGAGSYQLTF,TGCTCACTGTCAGGGGCTGGGAGTTACCAACTCACTTTC,2585,3,clonotype1405,None
CATGCCTCAGGATCGA-1,True,CATGCCTCAGGATCGA-1_contig_1,True,505,TRA,TRAV1-2,None,TRAJ33,TRAC,True,True,CAATDSNYQLIW,TGTGCTGCGACTGATAGCAACTATCAGTTAATCTGG,945,5,clonotype1,clonotype1_consensus_2
CATGCCTCAGGATCGA-1,True,CATGCCTCAGGATCGA-1_contig_2,True,521,TRB,TRBV20-1,None,TRBJ2-1,TRBC2,True,True,CSARVGSEVNEQFF,TGCAGTGCTAGAGTGGGGTCGGAAGTCAATGAGCAGTTCTTC,503,5,clonotype1,clonotype1_consensus_1
CATGCCTCATCCCATC-1,True,CATGCCTCATCCCATC-1_contig_1,True,491,TRA,TRAV22,None,TRAJ37,TRAC,True,True,CAVTGSSNTGKLIF,TGTGCTGTGACCGGCTCTAGCAACACAGGCAAACTAATCTTT,341,2,clonotype1406,clonotype1406_consensus_2
CATGCCTCATCCCATC-1,True,CATGCCTCATCCCATC-1_contig_2,True,506,TRB,TRBV5-5,None,TRBJ2-1,TRBC2,True,True,CASSKGLAGYNEQFF,TGTGCCAGCAGCAAGGGACTAGCGGGGTACAATGAGCAGTTCTTC,4532,15,clonotype1406,clonotype1406_consensus_1
CATGCCTCATCCCATC-1,True,CATGCCTCATCCCATC-1_contig_3,True,518,TRA,TRAV35,None,TRAJ49,TRAC,True,False,None,None,477,1,clonotype1406,None
CATGCCTGTGCACCAC-1,True,CATGCCTGTGCACCAC-1_contig_1,True,489,TRA,TRAV13-2,None,TRAJ5,TRAC,True,True,CAERGPGRRALTF,TGTGCAGAGAGGGGACCGGGCAGGAGAGCACTTACTTTT,6608,8,clonotype77,clonotype77_consensus_1
CATGCCTGTGCACCAC-1,True,CATGCCTGTGCACCAC-1_contig_2,True,524,TRB,TRBV20-1,None,TRBJ1-2,TRBC1,True,True,CSAIPDRARSYGYTF,TGCAGTGCTATACCCGACAGGGCCCGAAGCTATGGCTACACCTTC,5159,17,clonotype77,clonotype77_consensus_2
CATGCCTGTTAGATGA-1,True,CATGCCTGTTAGATGA-1_contig_1,True,479,TRA,TRAV1-2,None,TRAJ30,TRAC,True,True,CAVRDLREIIF,TGTGCTGTGAGAGATCTTCGGGAGATCATCTTT,201,6,clonotype3,clonotype3_consensus_2
CATGCCTGTTAGATGA-1,True,CATGCCTGTTAGATGA-1_contig_2,True,516,TRB,TRBV5-5,None,TRBJ1-4,TRBC1,True,True,CASSHPGPNYATNEKLFF,TGTGCCAGCAGCCATCCCGGACCGAACTACGCAACTAATGAAAAACTGTTTTTT,4428,10,clonotype3,clonotype3_consensus_1
CATGCCTTCACAAACC-1,True,CATGCCTTCACAAACC-1_contig_1,True,527,TRB,TRBV20-1,None,TRBJ2-3,TRBC2,True,True,CSARPSSGGATDTQYF,TGCAGTGCTAGACCCTCTAGCGGGGGCGCCACAGATACGCAGTATTTT,2975,9,clonotype1407,clonotype1407_consensus_4
CATGCCTTCACAAACC-1,True,CATGCCTTCACAAACC-1_contig_2,True,527,TRB,TRBV20-1,None,TRBJ1-4,TRBC1,True,True,CSARVGGVATNEKLFF,TGCAGTGCTAGGGTTGGGGGCGTAGCAACTAATGAAAAACTGTTTTTT,1337,3,clonotype1407,clonotype1407_consensus_3
CATGCCTTCACAAACC-1,True,CATGCCTTCACAAACC-1_contig_3,True,456,TRA,TRAV13-1,None,TRAJ43,TRAC,True,True,CAASRNNNDMRF,TGTGCAGCAAGTCGTAATAACAATGACATGCGCTTT,390,3,clonotype1407,clonotype1407_consensus_1
CATGCCTTCACAAACC-1,True,CATGCCTTCACAAACC-1_contig_4,True,498,TRA,TRAV12-3,None,TRAJ10,TRAC,True,True,CAMSLGGGNKLTF,TGTGCAATGTCCCTCGGAGGAGGAAACAAACTCACCTTT,312,2,clonotype1407,clonotype1407_consensus_2
CATGCCTTCACAAACC-1,True,CATGCCTTCACAAACC-1_contig_5,True,369,TRA,TRAV8-2,None,None,TRAC,False,False,None,None,121,1,clonotype1407,None
CATGCCTTCACAAACC-1,True,CATGCCTTCACAAACC-1_contig_6,True,507,TRA,TRAV13-2,None,TRAJ15,TRAC,True,False,None,None,297,2,clonotype1407,None
CATGCCTTCACAAACC-1,True,CATGCCTTCACAAACC-1_contig_7,True,309,TRB,None,None,TRBJ1-2,TRBC1,False,False,None,None,818,6,clonotype1407,None
CATGCCTTCAGCGATT-1,True,CATGCCTTCAGCGATT-1_contig_1,True,498,TRB,TRBV20-1,None,TRBJ2-1,TRBC2,True,True,CSARDLAGYNEQFF,TGCAGTGCTAGAGACCTCGCGGGATACAATGAGCAGTTCTTC,3029,23,clonotype267,clonotype267_consensus_1
CATGCCTTCAGCGATT-1,True,CATGCCTTCAGCGATT-1_contig_2,True,513,TRA,TRAV12-3,None,TRAJ18,TRAC,True,True,CAMSGGPDRGSTLGRLYF,TGTGCAATGAGCGGTGGCCCCGACAGAGGCTCAACCCTGGGGAGGCTATACTTT,1268,8,clonotype267,clonotype267_consensus_2
CATGCCTTCAGCTCTC-1,True,CATGCCTTCAGCTCTC-1_contig_1,True,524,TRB,TRBV20-1,None,TRBJ2-3,TRBC2,True,True,CSATPTNTETDTQYF,TGCAGTGCTACCCCGACGAACACAGAAACAGATACGCAGTATTTT,1009,3,clonotype1408,clonotype1408_consensus_1
CATGCCTTCAGCTCTC-1,True,CATGCCTTCAGCTCTC-1_contig_2,True,393,TRB,None,None,TRBJ2-1,TRBC2,False,False,None,None,1442,4,clonotype1408,None
CATGCCTTCCTCAACC-1,True,CATGCCTTCCTCAACC-1_contig_1,True,505,TRA,TRAV1-2,None,TRAJ33,TRAC,True,True,CAATDSNYQLIW,TGTGCTGCGACTGATAGCAACTATCAGTTAATCTGG,1097,7,clonotype1,clonotype1_consensus_2
CATGCCTTCCTCAACC-1,True,CATGCCTTCCTCAACC-1_contig_2,True,521,TRB,TRBV20-1,None,TRBJ2-1,TRBC2,True,True,CSARVGSEVNEQFF,TGCAGTGCTAGAGTGGGGTCGGAAGTCAATGAGCAGTTCTTC,1292,8,clonotype1,clonotype1_consensus_1
CATGCCTTCGGCTACG-1,True,CATGCCTTCGGCTACG-1_contig_1,True,505,TRA,TRAV1-2,None,TRAJ33,TRAC,True,True,CAATDSNYQLIW,TGTGCTGCGACTGATAGCAACTATCAGTTAATCTGG,330,2,clonotype1,clonotype1_consensus_2
CATGCCTTCGGCTACG-1,True,CATGCCTTCGGCTACG-1_contig_2,True,498,TRB,TRBV20-1,None,TRBJ2-1,TRBC2,True,True,CSARVGSEVNEQFF,TGCAGTGCTAGAGTGGGGTCGGAAGTCAATGAGCAGTTCTTC,2113,9,clonotype1,clonotype1_consensus_1
CATGCCTTCGGCTACG-1,True,CATGCCTTCGGCTACG-1_contig_3,True,466,TRA,TRAV10,None,TRAJ24,TRAC,True,False,None,None,426,1,clonotype1,None
CATGCCTTCTCTAGGA-1,True,CATGCCTTCTCTAGGA-1_contig_1,True,505,TRA,TRAV1-2,None,TRAJ33,TRAC,True,True,CAATDSNYQLIW,TGTGCTGCGACTGATAGCAACTATCAGTTAATCTGG,1451,7,clonotype1,clonotype1_consensus_2
CATGCCTTCTCTAGGA-1,True,CATGCCTTCTCTAGGA-1_contig_2,True,521,TRB,TRBV20-1,None,TRBJ2-1,TRBC2,True,True,CSARVGSEVNEQFF,TGCAGTGCTAGAGTGGGGTCGGAAGTCAATGAGCAGTTCTTC,1900,10,clonotype1,clonotype1_consensus_1
CATGCCTTCTTAGCCC-1,True,CATGCCTTCTTAGCCC-1_contig_1,True,485,TRB,TRBV20-1,None,TRBJ2-7,TRBC2,True,True,CSARDRRLAYEQYF,TGCAGTGCTAGAGATAGGCGGCTAGCCTACGAGCAGTACTTC,864,6,clonotype1409,clonotype1409_consensus_1
CATGGCGAGCGATAGC-1,True,CATGGCGAGCGATAGC-1_contig_1,True,492,TRB,TRBV20-1,None,TRBJ1-3,TRBC1,True,True,CSLDGSGNTIYF,TGCAGCCTGGACGGCTCTGGAAACACCATATATTTT,4360,18,clonotype1410,clonotype1410_consensus_2
CATGGCGAGCGATAGC-1,True,CATGGCGAGCGATAGC-1_contig_2,True,505,TRA,TRAV17,None,TRAJ13,TRAC,True,True,CATKSGGYQKVTF,TGTGCTACGAAATCTGGGGGTTACCAGAAAGTTACCTTT,219,2,clonotype1410,clonotype1410_consensus_1
CATGGCGAGCGATGAC-1,True,CATGGCGAGCGATGAC-1_contig_1,True,554,TRA,TRAV12-1,None,TRAJ9,TRAC,True,True,CVVTRNTGGFKTIF,TGTGTGGTGACACGAAATACTGGAGGCTTCAAAACTATCTTT,855,3,clonotype5,clonotype5_consensus_2
CATGGCGAGCGATGAC-1,True,CATGGCGAGCGATGAC-1_contig_2,True,533,TRB,TRBV20-1,None,TRBJ1-5,TRBC1,True,True,CSARDDNRAKSFNQPQHF,TGCAGTGCTAGAGACGACAACCGGGCCAAATCCTTCAATCAGCCCCAGCATTTT,976,4,clonotype5,clonotype5_consensus_1
CATGGCGAGCGATGAC-1,True,CATGGCGAGCGATGAC-1_contig_3,True,633,TRB,TRBV5-6,None,TRBJ2-6,TRBC2,True,False,None,None,127,2,clonotype5,None
CATGGCGAGCTAGTGG-1,True,CATGGCGAGCTAGTGG-1_contig_1,True,491,TRB,TRBV20-1,None,TRBJ1-6,TRBC1,True,True,CSARDRRQGANSPLHF,TGCAGTGCTAGAGATCGAAGACAGGGGGCTAATTCACCCCTCCACTTT,2354,7,clonotype1411,clonotype1411_consensus_1
CATGGCGAGGCAAAGA-1,True,CATGGCGAGGCAAAGA-1_contig_1,True,506,TRA,TRAV13-2,None,TRAJ43,TRAC,True,True,CAENINSNDMRF,TGTGCAGAGAATATCAACAGCAATGACATGCGCTTT,1032,4,clonotype1412,clonotype1412_consensus_2
CATGGCGAGGCAAAGA-1,True,CATGGCGAGGCAAAGA-1_contig_2,True,478,TRB,TRBV5-6,None,TRBJ1-5,TRBC1,True,True,CASSFGRSGQPQHF,TGTGCCAGCAGCTTTGGAAGGTCAGGTCAGCCCCAGCATTTT,1314,2,clonotype1412,clonotype1412_consensus_1
CATGGCGAGGCAAAGA-1,True,CATGGCGAGGCAAAGA-1_contig_3,True,615,TRB,None,None,TRBJ1-2,TRBC1,False,False,None,None,559,2,clonotype1412,None
CATGGCGAGGCAAAGA-1,True,CATGGCGAGGCAAAGA-1_contig_4,True,318,TRB,None,None,TRBJ1-1,TRBC1,False,False,None,None,390,1,clonotype1412,None
CATGGCGAGGCAAAGA-1,True,CATGGCGAGGCAAAGA-1_contig_5,True,1632,TRB,None,None,TRBJ2-1,TRBC2,False,False,None,None,1304,40,clonotype1412,None
CATGGCGAGGGATACC-1,True,CATGGCGAGGGATACC-1_contig_1,True,505,TRA,TRAV1-2,None,TRAJ33,TRAC,True,True,CAATDSNYQLIW,TGTGCTGCGACTGATAGCAACTATCAGTTAATCTGG,2118,5,clonotype1,clonotype1_consensus_2
CATGGCGAGGGATACC-1,True,CATGGCGAGGGATACC-1_contig_2,True,521,TRB,TRBV20-1,None,TRBJ2-1,TRBC2,True,True,CSARVGSEVNEQFF,TGCAGTGCTAGAGTGGGGTCGGAAGTCAATGAGCAGTTCTTC,4301,13,clonotype1,clonotype1_consensus_1
CATGGCGAGGGATACC-1,True,CATGGCGAGGGATACC-1_contig_3,True,465,TRA,TRAV10,None,TRAJ24,TRAC,True,False,None,None,348,3,clonotype1,None
CATGGCGAGGGTCGAT-1,True,CATGGCGAGGGTCGAT-1_contig_1,True,462,TRA,TRAV13-1,None,TRAJ26,TRAC,True,True,CAATPDNYGQNFVF,TGTGCAGCAACCCCAGATAACTATGGTCAGAATTTTGTCTTT,777,3,clonotype18,clonotype18_consensus_1
CATGGCGAGGGTCGAT-1,True,CATGGCGAGGGTCGAT-1_contig_2,True,501,TRB,TRBV20-1,None,TRBJ1-2,TRBC1,True,True,CSARGPNLRVGGYTF,TGCAGTGCTAGAGGTCCTAATCTCAGGGTCGGTGGCTACACCTTC,1371,4,clonotype18,clonotype18_consensus_2
CATGGCGAGGGTCGAT-1,True,CATGGCGAGGGTCGAT-1_contig_3,True,497,TRA,TRAV13-2,None,TRAJ23,TRAC,True,False,None,None,915,4,clonotype18,None
CATGGCGAGTGGCACA-1,True,CATGGCGAGTGGCACA-1_contig_1,True,505,TRA,TRAV1-2,None,TRAJ33,TRAC,True,True,CAATDSNYQLIW,TGTGCTGCGACTGATAGCAACTATCAGTTAATCTGG,513,3,clonotype1,clonotype1_consensus_2
CATGGCGAGTGGCACA-1,True,CATGGCGAGTGGCACA-1_contig_2,True,521,TRB,TRBV20-1,None,TRBJ2-1,TRBC2,True,True,CSARVGSEVNEQFF,TGCAGTGCTAGAGTGGGGTCGGAAGTCAATGAGCAGTTCTTC,3160,12,clonotype1,clonotype1_consensus_1
CATGGCGCAAGACACG-1,True,CATGGCGCAAGACACG-1_contig_1,True,505,TRA,TRAV1-2,None,TRAJ33,TRAC,True,True,CAATDSNYQLIW,TGTGCTGCGACTGATAGCAACTATCAGTTAATCTGG,300,1,clonotype1,clonotype1_consensus_2
CATGGCGCAAGACACG-1,True,CATGGCGCAAGACACG-1_contig_2,True,498,TRB,TRBV20-1,None,TRBJ2-1,TRBC2,True,True,CSARVGSEVNEQFF,TGCAGTGCTAGAGTGGGGTCGGAAGTCAATGAGCAGTTCTTC,1093,7,clonotype1,clonotype1_consensus_1
CATGGCGCACCGATAT-1,True,CATGGCGCACCGATAT-1_contig_1,True,480,TRA,TRAV9-2,None,TRAJ54,TRAC,True,True,CALILPWGAQKLVF,TGTGCTCTGATACTCCCCTGGGGAGCCCAGAAGCTGGTATTT,608,9,clonotype1413,clonotype1413_consensus_1
CATGGCGCACCGATAT-1,True,CATGGCGCACCGATAT-1_contig_2,True,513,TRB,TRBV5-5,None,TRBJ1-1,TRBC1,True,True,CASSLEVEAFF,TGTGCCAGCAGCCTTGAGGTTGAAGCTTTCTTT,1088,4,clonotype1413,clonotype1413_consensus_2
CATGGCGCACCGATAT-1,True,CATGGCGCACCGATAT-1_contig_3,True,475,TRB,TRBV21-1,None,TRBJ2-1,TRBC2,True,False,CISVPAADRHEQFF,TGTATTTCTGTGCCAGCAGCAGACAGACATGAGCAGTTCTTC,1439,5,clonotype1413,None
CATGGCGCACGTCTCT-1,True,CATGGCGCACGTCTCT-1_contig_1,True,515,TRB,TRBV20-1,None,TRBJ1-5,TRBC1,True,True,CSAKEGNQPQHF,TGCAGTGCTAAAGAGGGTAACCAGCCCCAGCATTTT,3345,16,clonotype218,clonotype218_consensus_2
CATGGCGCACGTCTCT-1,True,CATGGCGCACGTCTCT-1_contig_2,True,547,TRA,TRAV12-2,None,TRAJ53,TRAC,True,True,CAVSSGGSNYKLTF,TGTGCCGTGAGTAGTGGAGGTAGCAACTATAAACTGACATTT,1044,7,clonotype218,clonotype218_consensus_1
CATGGCGCAGCGAACA-1,True,CATGGCGCAGCGAACA-1_contig_1,True,530,TRB,TRBV20-1,None,TRBJ1-3,TRBC1,True,True,CSARKVGQATGGGNTIYF,TGCAGTGCTAGAAAAGTCGGACAGGCCACCGGGGGTGGAAACACCATATATTTT,1052,8,clonotype1414,clonotype1414_consensus_1
CATGGCGCATGGTAGG-1,True,CATGGCGCATGGTAGG-1_contig_1,True,505,TRA,TRAV1-2,None,TRAJ33,TRAC,True,True,CAATDSNYQLIW,TGTGCTGCGACTGATAGCAACTATCAGTTAATCTGG,920,3,clonotype1,clonotype1_consensus_2
CATGGCGCATGGTAGG-1,True,CATGGCGCATGGTAGG-1_contig_2,True,521,TRB,TRBV20-1,None,TRBJ2-1,TRBC2,True,True,CSARVGSEVNEQFF,TGCAGTGCTAGAGTGGGGTCGGAAGTCAATGAGCAGTTCTTC,3949,11,clonotype1,clonotype1_consensus_1
CATGGCGGTAAGAGAG-1,True,CATGGCGGTAAGAGAG-1_contig_1,True,494,TRB,TRBV5-5,None,TRBJ2-7,TRBC2,True,True,CASSSGGRGPDEQYF,TGTGCCAGCAGCTCGGGGGGGCGGGGGCCCGACGAGCAGTACTTC,608,8,clonotype1415,clonotype1415_consensus_1
CATGGCGGTCTAGTGT-1,True,CATGGCGGTCTAGTGT-1_contig_1,True,518,TRB,TRBV20-1,None,TRBJ2-2,TRBC2,True,True,CSAGTANTGELFF,TGCAGTGCCGGGACGGCGAACACCGGGGAGCTGTTTTTT,2182,10,clonotype1416,clonotype1416_consensus_1
CATGGCGGTCTAGTGT-1,True,CATGGCGGTCTAGTGT-1_contig_2,True,509,TRA,TRAV25,None,TRAJ13,TRAC,True,True,CAGQDSGGYQKVTF,TGTGCAGGGCAGGATTCTGGGGGTTACCAGAAAGTTACCTTT,609,2,clonotype1416,clonotype1416_consensus_2
CATGGCGGTGCCTTGG-1,True,CATGGCGGTGCCTTGG-1_contig_1,True,570,TRA,TRAV8-4,None,TRAJ29,TRAC,True,True,CAVSAASGNTPLVF,TGTGCTGTGAGTGCTGCTTCAGGAAACACACCTCTTGTCTTT,148,10,clonotype63,clonotype63_consensus_2
CATGGCGGTGCCTTGG-1,True,CATGGCGGTGCCTTGG-1_contig_2,True,521,TRB,TRBV20-1,None,TRBJ1-1,TRBC1,True,True,CSAGDRGRYTEAFF,TGCAGTGCTGGGGACAGGGGAAGGTACACTGAAGCTTTCTTT,1214,5,clonotype63,clonotype63_consensus_1
CATGGCGGTGCCTTGG-1,True,CATGGCGGTGCCTTGG-1_contig_3,True,315,TRB,None,None,TRBJ2-1,TRBC2,False,False,None,None,189,2,clonotype63,None
CATGGCGGTTACGTCA-1,True,CATGGCGGTTACGTCA-1_contig_1,True,482,TRB,TRBV20-1,None,TRBJ2-2,TRBC2,True,True,CTATAGGTGELFF,TGCACAGCCACTGCAGGGGGCACCGGGGAGCTGTTTTTT,3335,7,clonotype66,clonotype66_consensus_1
CATGGCGGTTACGTCA-1,True,CATGGCGGTTACGTCA-1_contig_2,True,502,TRA,TRAV23/DV6,None,TRAJ49,TRAC,True,True,CAAPSGNQFYF,TGTGCAGCGCCTAGCGGTAACCAGTTCTATTTT,3834,5,clonotype66,clonotype66_consensus_2
CATGGCGGTTACGTCA-1,True,CATGGCGGTTACGTCA-1_contig_3,True,307,TRB,None,None,TRBJ1-1,TRBC1,False,False,None,None,831,1,clonotype66,None
CATGGCGTCAAAGACA-1,True,CATGGCGTCAAAGACA-1_contig_1,True,498,TRB,TRBV20-1,None,TRBJ2-1,TRBC2,True,True,CSARVGSEVNEQFF,TGCAGTGCTAGAGTGGGGTCGGAAGTCAATGAGCAGTTCTTC,1556,6,clonotype2,clonotype2_consensus_1
CATGGCGTCAAAGACA-1,True,CATGGCGTCAAAGACA-1_contig_2,True,411,TRA,TRAV1-2,None,TRAJ33,TRAC,True,False,CAATDSNYQLIW,TGTGCTGCGACTGATAGCAACTATCAGTTAATCTGG,29,1,clonotype2,None
CATGGCGTCACAGTAC-1,True,CATGGCGTCACAGTAC-1_contig_1,True,505,TRA,TRAV1-2,None,TRAJ33,TRAC,True,True,CAATDSNYQLIW,TGTGCTGCGACTGATAGCAACTATCAGTTAATCTGG,497,5,clonotype1,clonotype1_consensus_2
CATGGCGTCACAGTAC-1,True,CATGGCGTCACAGTAC-1_contig_2,True,521,TRB,TRBV20-1,None,TRBJ2-1,TRBC2,True,True,CSARVGSEVNEQFF,TGCAGTGCTAGAGTGGGGTCGGAAGTCAATGAGCAGTTCTTC,1914,13,clonotype1,clonotype1_consensus_1
CATGGCGTCGCCCTTA-1,True,CATGGCGTCGCCCTTA-1_contig_1,True,515,TRB,TRBV5-5,None,TRBJ2-1,TRBC2,True,True,CASSAGATGNYNEQFF,TGTGCCAGCAGCGCCGGGGCGACAGGTAATTACAATGAGCAGTTCTTC,4140,13,clonotype1417,clonotype1417_consensus_1
CATGGCGTCTTATCTG-1,True,CATGGCGTCTTATCTG-1_contig_1,True,483,TRB,TRBV20-1,None,TRBJ2-1,TRBC2,True,True,CSARVGSEVNEQFF,TGCAGTGCTAGAGTGGGGTCGGAAGTCAATGAGCAGTTCTTC,778,7,clonotype2,clonotype2_consensus_1
CATTATCAGAAACCAT-1,True,CATTATCAGAAACCAT-1_contig_1,True,505,TRA,TRAV1-2,None,TRAJ33,TRAC,True,True,CAATDSNYQLIW,TGTGCTGCGACTGATAGCAACTATCAGTTAATCTGG,3016,2,clonotype1,clonotype1_consensus_2
CATTATCAGAAACCAT-1,True,CATTATCAGAAACCAT-1_contig_2,True,521,TRB,TRBV20-1,None,TRBJ2-1,TRBC2,True,True,CSARVGSEVNEQFF,TGCAGTGCTAGAGTGGGGTCGGAAGTCAATGAGCAGTTCTTC,1410,9,clonotype1,clonotype1_consensus_1
CATTATCAGACTGTAA-1,True,CATTATCAGACTGTAA-1_contig_1,True,505,TRA,TRAV1-2,None,TRAJ33,TRAC,True,True,CAATDSNYQLIW,TGTGCTGCGACTGATAGCAACTATCAGTTAATCTGG,2709,2,clonotype1,clonotype1_consensus_2
CATTATCAGACTGTAA-1,True,CATTATCAGACTGTAA-1_contig_2,True,511,TRB,TRBV20-1,None,TRBJ2-1,TRBC2,True,True,CSARVGSEVNEQFF,TGCAGTGCTAGAGTGGGGTCGGAAGTCAATGAGCAGTTCTTC,813,6,clonotype1,clonotype1_consensus_1
CATTATCAGACTTGAA-1,True,CATTATCAGACTTGAA-1_contig_1,True,502,TRA,TRAV1-2,None,TRAJ30,TRAC,True,True,CAVRDLREIIF,TGTGCTGTGAGAGATCTTCGGGAGATCATCTTT,373,2,clonotype3,clonotype3_consensus_2
CATTATCAGACTTGAA-1,True,CATTATCAGACTTGAA-1_contig_2,True,529,TRB,TRBV5-5,None,TRBJ1-4,TRBC1,True,True,CASSHPGPNYATNEKLFF,TGTGCCAGCAGCCATCCCGGACCGAACTACGCAACTAATGAAAAACTGTTTTTT,1449,10,clonotype3,clonotype3_consensus_1
CATTATCAGCAGCGTA-1,True,CATTATCAGCAGCGTA-1_contig_1,True,472,TRA,TRAV38-1,None,TRAJ38,TRAC,True,True,CAFLRAGNNRKLIW,TGTGCTTTCCTCCGGGCTGGCAACAACCGTAAGCTGATTTGG,1315,5,clonotype1418,clonotype1418_consensus_1
CATTATCAGCAGCGTA-1,True,CATTATCAGCAGCGTA-1_contig_2,True,349,TRB,None,None,TRBJ2-3,TRBC2,False,False,None,None,1443,5,clonotype1418,None
CATTATCAGGTGATTA-1,True,CATTATCAGGTGATTA-1_contig_1,True,505,TRA,TRAV1-2,None,TRAJ33,TRAC,True,True,CAATDSNYQLIW,TGTGCTGCGACTGATAGCAACTATCAGTTAATCTGG,398,4,clonotype1,clonotype1_consensus_2
CATTATCAGGTGATTA-1,True,CATTATCAGGTGATTA-1_contig_2,True,498,TRB,TRBV20-1,None,TRBJ2-1,TRBC2,True,True,CSARVGSEVNEQFF,TGCAGTGCTAGAGTGGGGTCGGAAGTCAATGAGCAGTTCTTC,2081,9,clonotype1,clonotype1_consensus_1
CATTATCAGGTTCCTA-1,True,CATTATCAGGTTCCTA-1_contig_1,True,505,TRA,TRAV1-2,None,TRAJ33,TRAC,True,True,CAATDSNYQLIW,TGTGCTGCGACTGATAGCAACTATCAGTTAATCTGG,231,2,clonotype1,clonotype1_consensus_2
CATTATCAGGTTCCTA-1,True,CATTATCAGGTTCCTA-1_contig_2,True,485,TRB,TRBV20-1,None,TRBJ2-1,TRBC2,True,True,CSARVGSEVNEQFF,TGCAGTGCTAGAGTGGGGTCGGAAGTCAATGAGCAGTTCTTC,798,6,clonotype1,clonotype1_consensus_1
CATTATCAGTCTCCTC-1,True,CATTATCAGTCTCCTC-1_contig_1,True,500,TRA,TRAV25,None,TRAJ26,TRAC,True,True,CAGLYGQNFVF,TGTGCAGGCCTCTATGGTCAGAATTTTGTCTTT,396,3,clonotype265,clonotype265_consensus_1
CATTATCAGTCTCCTC-1,True,CATTATCAGTCTCCTC-1_contig_2,True,518,TRB,TRBV5-6,None,TRBJ1-2,TRBC1,True,True,CASSLRAGITYGYTF,TGTGCCAGCAGCTTGAGAGCAGGAATCACGTATGGCTACACCTTC,2281,10,clonotype265,clonotype265_consensus_2
CATTATCAGTGTACTC-1,True,CATTATCAGTGTACTC-1_contig_1,True,512,TRB,TRBV20-1,None,TRBJ1-3,TRBC1,True,True,CSARGGNTIYF,TGCAGTGCTAGGGGTGGAAACACCATATATTTT,739,3,clonotype1419,clonotype1419_consensus_1
CATTATCAGTGTACTC-1,True,CATTATCAGTGTACTC-1_contig_2,True,395,TRA,TRAV17,None,TRAJ44,TRAC,True,False,CATDPTGTASKLTF,TGTGCTACGGACCCTACCGGCACTGCCAGTAAACTCACCTTT,448,1,clonotype1419,None
CATTATCCAAGCGCTC-1,True,CATTATCCAAGCGCTC-1_contig_1,True,502,TRA,TRAV1-2,None,TRAJ30,TRAC,True,True,CAVRDLREIIF,TGTGCTGTGAGAGATCTTCGGGAGATCATCTTT,934,5,clonotype32,clonotype32_consensus_3
CATTATCCAAGCGCTC-1,True,CATTATCCAAGCGCTC-1_contig_2,True,717,TRB,TRBV5-5,None,TRBJ1-4,TRBC1,True,True,CASSHPGPNYATNEKLFF,TGTGCCAGCAGCCATCCCGGACCGAACTACGCAACTAATGAAAAACTGTTTTTT,583,3,clonotype32,clonotype32_consensus_1
CATTATCCAAGCGCTC-1,True,CATTATCCAAGCGCTC-1_contig_3,True,505,TRA,TRAV1-2,None,TRAJ33,TRAC,True,True,CAATDSNYQLIW,TGTGCTGCGACTGATAGCAACTATCAGTTAATCTGG,116,2,clonotype32,clonotype32_consensus_4
CATTATCCAAGCGCTC-1,True,CATTATCCAAGCGCTC-1_contig_4,True,515,TRB,TRBV20-1,None,TRBJ2-1,TRBC2,True,True,CSARVGSEVNEQFF,TGCAGTGCTAGAGTGGGGTCGGAAGTCAATGAGCAGTTCTTC,678,2,clonotype32,clonotype32_consensus_2
CATTATCCAAGCGCTC-1,True,CATTATCCAAGCGCTC-1_contig_5,True,467,TRA,TRAV10,None,TRAJ24,TRAC,True,False,None,None,677,5,clonotype32,None
CATTATCCAAGCGCTC-1,True,CATTATCCAAGCGCTC-1_contig_6,True,481,TRB,TRBV7-3,None,TRBJ2-1,TRBC2,True,False,CQQRSLKAGGPYNEQFF,TGCCAGCAGCGGTCACTTAAAGCGGGGGGACCCTACAATGAGCAGTTCTTC,195,3,clonotype32,None
CATTATCCACCCAGTG-1,True,CATTATCCACCCAGTG-1_contig_1,True,521,TRB,TRBV20-1,None,TRBJ2-1,TRBC2,True,True,CSARVGSEVNEQFF,TGCAGTGCTAGAGTGGGGTCGGAAGTCAATGAGCAGTTCTTC,1149,6,clonotype2,clonotype2_consensus_1
CATTATCCACCCAGTG-1,True,CATTATCCACCCAGTG-1_contig_2,True,469,TRA,TRAV10,None,TRAJ24,TRAC,True,False,None,None,43,1,clonotype2,None
CATTATCCAGAGTGTG-1,True,CATTATCCAGAGTGTG-1_contig_1,True,502,TRA,TRAV1-2,None,TRAJ30,TRAC,True,True,CAVRDLREIIF,TGTGCTGTGAGAGATCTTCGGGAGATCATCTTT,236,3,clonotype3,clonotype3_consensus_2
CATTATCCAGAGTGTG-1,True,CATTATCCAGAGTGTG-1_contig_2,True,667,TRB,TRBV5-5,None,TRBJ1-4,TRBC1,True,True,CASSHPGPNYATNEKLFF,TGTGCCAGCAGCCATCCCGGACCGAACTACGCAACTAATGAAAAACTGTTTTTT,608,3,clonotype3,clonotype3_consensus_1
CATTATCCAGAGTGTG-1,True,CATTATCCAGAGTGTG-1_contig_3,True,332,TRB,None,None,TRBJ2-4,TRBC2,False,False,None,None,368,1,clonotype3,None
CATTATCCATAAGACA-1,True,CATTATCCATAAGACA-1_contig_1,True,524,TRB,TRBV20-1,None,TRBJ2-1,TRBC2,True,True,CSARQGGGLNNEQFF,TGCAGTGCTAGACAAGGCGGGGGGCTAAACAATGAGCAGTTCTTC,4635,5,clonotype1420,clonotype1420_consensus_1
CATTATCCATAAGACA-1,True,CATTATCCATAAGACA-1_contig_2,True,461,TRA,TRAV34,None,TRAJ31,TRAC,True,True,CGAAYNNARLMF,TGTGGAGCAGCTTATAACAATGCCAGACTCATGTTT,331,2,clonotype1420,clonotype1420_consensus_2
CATTATCCATTACCTT-1,True,CATTATCCATTACCTT-1_contig_1,True,521,TRB,TRBV20-1,None,TRBJ1-4,TRBC1,True,True,CSAGRTGAQEKLFF,TGCAGTGCTGGAAGGACAGGGGCCCAGGAGAAACTGTTTTTT,1780,9,clonotype1421,clonotype1421_consensus_2
CATTATCCATTACCTT-1,True,CATTATCCATTACCTT-1_contig_2,True,515,TRA,TRAV17,None,TRAJ5,TRAC,True,True,CATVDTGRRALTF,TGTGCTACGGTGGACACGGGCAGGAGAGCACTTACTTTT,1084,4,clonotype1421,clonotype1421_consensus_1
CATTATCCATTACCTT-1,True,CATTATCCATTACCTT-1_contig_3,True,335,TRA,TRAV8-1,None,None,TRAC,False,False,None,None,364,2,clonotype1421,None
CATTATCGTAAGAGGA-1,True,CATTATCGTAAGAGGA-1_contig_1,True,662,TRA,TRAV8-6,None,TRAJ12,TRAC,True,True,CAVTALDSSYKLIF,TGTGCTGTGACCGCGCTGGATAGCAGCTATAAATTGATCTTC,619,7,clonotype1422,clonotype1422_consensus_1
CATTATCGTAAGAGGA-1,True,CATTATCGTAAGAGGA-1_contig_2,True,312,TRB,None,None,TRBJ1-5,TRBC1,False,False,None,None,153,8,clonotype1422,None
CATTATCGTAGTACCT-1,True,CATTATCGTAGTACCT-1_contig_1,True,505,TRA,TRAV1-2,None,TRAJ33,TRAC,True,True,CAATDSNYQLIW,TGTGCTGCGACTGATAGCAACTATCAGTTAATCTGG,407,2,clonotype1,clonotype1_consensus_2
CATTATCGTAGTACCT-1,True,CATTATCGTAGTACCT-1_contig_2,True,518,TRB,TRBV20-1,None,TRBJ2-1,TRBC2,True,True,CSARVGSEVNEQFF,TGCAGTGCTAGAGTGGGGTCGGAAGTCAATGAGCAGTTCTTC,3764,8,clonotype1,clonotype1_consensus_1
CATTATCGTAGTACCT-1,True,CATTATCGTAGTACCT-1_contig_3,True,457,TRA,TRAV10,None,TRAJ24,TRAC,True,False,None,None,289,1,clonotype1,None
CATTATCGTATCGCAT-1,True,CATTATCGTATCGCAT-1_contig_1,True,505,TRA,TRAV1-2,None,TRAJ33,TRAC,True,True,CAATDSNYQLIW,TGTGCTGCGACTGATAGCAACTATCAGTTAATCTGG,1029,3,clonotype1,clonotype1_consensus_2
CATTATCGTATCGCAT-1,True,CATTATCGTATCGCAT-1_contig_2,True,511,TRB,TRBV20-1,None,TRBJ2-1,TRBC2,True,True,CSARVGSEVNEQFF,TGCAGTGCTAGAGTGGGGTCGGAAGTCAATGAGCAGTTCTTC,265,6,clonotype1,clonotype1_consensus_1
CATTATCGTGCAACGA-1,True,CATTATCGTGCAACGA-1_contig_1,True,493,TRA,TRAV1-2,None,TRAJ33,TRAC,True,True,CAATDSNYQLIW,TGTGCTGCGACTGATAGCAACTATCAGTTAATCTGG,463,2,clonotype1,clonotype1_consensus_2
CATTATCGTGCAACGA-1,True,CATTATCGTGCAACGA-1_contig_2,True,521,TRB,TRBV20-1,None,TRBJ2-1,TRBC2,True,True,CSARVGSEVNEQFF,TGCAGTGCTAGAGTGGGGTCGGAAGTCAATGAGCAGTTCTTC,1114,8,clonotype1,clonotype1_consensus_1
CATTATCGTGCAACGA-1,True,CATTATCGTGCAACGA-1_contig_3,True,465,TRA,TRAV10,None,TRAJ24,TRAC,True,False,None,None,139,3,clonotype1,None
CATTATCGTTAAAGAC-1,True,CATTATCGTTAAAGAC-1_contig_1,True,493,TRA,TRAV1-1,None,TRAJ20,TRAC,True,True,CAVRDRPNDYKLSF,TGCGCTGTGAGAGATCGACCTAACGACTACAAGCTCAGCTTT,1257,5,clonotype1423,clonotype1423_consensus_1
CATTATCGTTAAAGAC-1,True,CATTATCGTTAAAGAC-1_contig_2,True,492,TRB,TRBV20-1,None,TRBJ2-3,TRBC2,True,True,CSARVSGVGDTQYF,TGCAGTGCTAGAGTTAGCGGGGTGGGAGATACGCAGTATTTT,1417,5,clonotype1423,clonotype1423_consensus_2
CATTATCGTTAAAGAC-1,True,CATTATCGTTAAAGAC-1_contig_3,True,320,TRA,TRAV13-2,None,TRAJ24,TRAC,True,False,CAERNDSWGKLQF,TGTGCAGAGAGAAATGACAGCTGGGGGAAATTGCAGTTT,180,1,clonotype1423,None
CATTATCGTTGGTTTG-1,True,CATTATCGTTGGTTTG-1_contig_1,True,487,TRA,TRAV22,None,TRAJ35,TRAC,True,True,CAVDPTLGFGNVLHC,TGTGCTGTGGACCCGACTTTAGGCTTTGGGAATGTGCTGCATTGC,128,3,clonotype37,clonotype37_consensus_1
CATTATCGTTGGTTTG-1,True,CATTATCGTTGGTTTG-1_contig_2,True,656,TRB,TRBV5-6,None,TRBJ2-7,TRBC2,True,True,CASSLAKEQYF,TGTGCCAGCAGCTTGGCAAAGGAGCAGTACTTC,380,5,clonotype37,clonotype37_consensus_2
CATTATCTCACGGTTA-1,True,CATTATCTCACGGTTA-1_contig_1,True,505,TRA,TRAV1-2,None,TRAJ33,TRAC,True,True,CAATDSNYQLIW,TGTGCTGCGACTGATAGCAACTATCAGTTAATCTGG,654,3,clonotype1,clonotype1_consensus_2
CATTATCTCACGGTTA-1,True,CATTATCTCACGGTTA-1_contig_2,True,495,TRB,TRBV20-1,None,TRBJ2-1,TRBC2,True,True,CSARVGSEVNEQFF,TGCAGTGCTAGAGTGGGGTCGGAAGTCAATGAGCAGTTCTTC,162,6,clonotype1,clonotype1_consensus_1
CATTATCTCATTGCCC-1,True,CATTATCTCATTGCCC-1_contig_1,True,530,TRA,TRAV27,None,TRAJ48,TRAC,True,True,CAGARYFGNEKLTF,TGTGCAGGAGCGAGGTACTTTGGAAATGAGAAATTAACCTTT,1054,5,clonotype1424,clonotype1424_consensus_2
CATTATCTCATTGCCC-1,True,CATTATCTCATTGCCC-1_contig_2,True,487,TRB,TRBV5-6,None,TRBJ1-2,TRBC1,True,True,CASSLSSGYGYTF,TGTGCCAGCAGCTTGTCATCTGGCTATGGCTACACCTTC,1608,8,clonotype1424,clonotype1424_consensus_1
CATTATCTCCCTAATT-1,True,CATTATCTCCCTAATT-1_contig_1,True,449,TRA,TRAV9-2,None,TRAJ39,TRAC,True,True,CALRRNNAGNMLTF,TGTGCTCTGAGACGTAATAATGCAGGCAACATGCTCACCTTT,180,1,clonotype103,clonotype103_consensus_1
CATTATCTCCCTAATT-1,True,CATTATCTCCCTAATT-1_contig_2,True,524,TRB,TRBV20-1,None,TRBJ2-1,TRBC2,True,True,CSAEYLAGGLNEQFF,TGCAGTGCCGAGTACCTAGCGGGGGGGCTGAATGAGCAGTTCTTC,380,7,clonotype103,clonotype103_consensus_2
CATTATCTCCCTAATT-1,True,CATTATCTCCCTAATT-1_contig_3,True,509,TRB,TRBV6-1,None,TRBJ2-3,TRBC2,True,True,CASRRTSVGTDTQYF,TGTGCCAGCAGGCGGACTAGCGTCGGCACAGATACGCAGTATTTT,876,2,clonotype103,clonotype103_consensus_3
CATTATCTCCCTTGCA-1,True,CATTATCTCCCTTGCA-1_contig_1,True,505,TRA,TRAV1-2,None,TRAJ33,TRAC,True,True,CAATDSNYQLIW,TGTGCTGCGACTGATAGCAACTATCAGTTAATCTGG,1282,4,clonotype1,clonotype1_consensus_2
CATTATCTCCCTTGCA-1,True,CATTATCTCCCTTGCA-1_contig_2,True,521,TRB,TRBV20-1,None,TRBJ2-1,TRBC2,True,True,CSARVGSEVNEQFF,TGCAGTGCTAGAGTGGGGTCGGAAGTCAATGAGCAGTTCTTC,1230,11,clonotype1,clonotype1_consensus_1
CATTATCTCGACCAGC-1,True,CATTATCTCGACCAGC-1_contig_1,True,524,TRB,TRBV20-1,None,TRBJ2-5,TRBC2,True,True,CSAPIPGLGQETQYF,TGCAGTGCCCCAATTCCGGGACTAGGGCAAGAGACCCAGTACTTC,336,4,clonotype1425,clonotype1425_consensus_1
CATTATCTCGACCAGC-1,True,CATTATCTCGACCAGC-1_contig_2,True,535,TRA,TRAV17,None,TRAJ24,TRAC,True,True,CAFMTTDSWGKLQF,TGTGCTTTCATGACAACTGACAGCTGGGGGAAATTGCAGTTT,69,4,clonotype1425,clonotype1425_consensus_2
CATTATCTCGCAGGCT-1,True,CATTATCTCGCAGGCT-1_contig_1,True,498,TRB,TRBV20-1,None,TRBJ2-1,TRBC2,True,True,CSARVGSEVNEQFF,TGCAGTGCTAGAGTGGGGTCGGAAGTCAATGAGCAGTTCTTC,1547,9,clonotype2,clonotype2_consensus_1
CATTATCTCTGAAAGA-1,True,CATTATCTCTGAAAGA-1_contig_1,True,497,TRA,TRAV38-2/DV8,None,TRAJ40,TRAC,True,True,CAYRTSTSGTYKYIF,TGTGCTTATAGGACCTCTACCTCAGGAACCTACAAATACATCTTT,1907,4,clonotype64,clonotype64_consensus_1
CATTATCTCTGAAAGA-1,True,CATTATCTCTGAAAGA-1_contig_2,True,512,TRB,TRBV20-1,None,TRBJ2-4,TRBC2,True,True,CSARSGSIQYF,TGCAGTGCCAGGTCAGGGAGCATTCAGTACTTC,417,8,clonotype64,clonotype64_consensus_2
CATTCGCAGAGGTTAT-1,True,CATTCGCAGAGGTTAT-1_contig_1,True,481,TRA,TRAV27,None,TRAJ43,TRAC,True,True,CAGDNNDMRF,TGTGCAGGAGATAACAATGACATGCGCTTT,598,3,clonotype268,clonotype268_consensus_3
CATTCGCAGAGGTTAT-1,True,CATTCGCAGAGGTTAT-1_contig_2,True,568,TRA,TRAV26-1,None,TRAJ40,TRAC,True,True,CIVIGGTYKYIF,TGCATCGTCATAGGGGGAACCTACAAATACATCTTT,187,4,clonotype268,clonotype268_consensus_1
CATTCGCAGAGGTTAT-1,True,CATTCGCAGAGGTTAT-1_contig_3,True,665,TRB,TRBV5-6,None,TRBJ2-3,TRBC2,True,True,CASSLVSLAGRADTQYF,TGTGCCAGCAGCTTGGTCTCCCTAGCGGGGAGGGCAGATACGCAGTATTTT,608,3,clonotype268,clonotype268_consensus_2
CATTCGCAGTCCCACG-1,True,CATTCGCAGTCCCACG-1_contig_1,True,631,TRA,TRAV12-1,None,TRAJ9,TRAC,True,True,CVVTRNTGGFKTIF,TGTGTGGTGACACGAAATACTGGAGGCTTCAAAACTATCTTT,876,4,clonotype5,clonotype5_consensus_2
CATTCGCAGTCCCACG-1,True,CATTCGCAGTCCCACG-1_contig_2,True,533,TRB,TRBV20-1,None,TRBJ1-5,TRBC1,True,True,CSARDDNRAKSFNQPQHF,TGCAGTGCTAGAGACGACAACCGGGCCAAATCCTTCAATCAGCCCCAGCATTTT,1458,10,clonotype5,clonotype5_consensus_1
CATTCGCCAAAGGAAG-1,True,CATTCGCCAAAGGAAG-1_contig_1,True,565,TRA,TRAV19,None,TRAJ40,TRAC,True,True,CALKTASGTYKYIF,TGTGCTCTGAAGACGGCCTCAGGAACCTACAAATACATCTTT,723,3,clonotype1426,clonotype1426_consensus_2
CATTCGCCAAAGGAAG-1,True,CATTCGCCAAAGGAAG-1_contig_2,True,501,TRB,TRBV20-1,None,TRBJ2-3,TRBC2,True,True,CSAERLAGGSDTQYF,TGCAGTGCCGAAAGACTAGCGGGGGGCTCAGATACGCAGTATTTT,2200,11,clonotype1426,clonotype1426_consensus_1
CATTCGCCAAAGGAAG-1,True,CATTCGCCAAAGGAAG-1_contig_3,True,398,TRA,TRAV13-2,None,TRAJ43,TRAC,True,False,None,None,70,1,clonotype1426,None
CATTCGCCAAAGGAAG-1,True,CATTCGCCAAAGGAAG-1_contig_4,True,418,TRA,TRAV13-2,None,TRAJ43,TRAC,True,False,CAENCANNDMRF,TGTGCAGAGAATTGTGCCAACAATGACATGCGCTTT,125,1,clonotype1426,None
CATTCGCCAAGAAGAG-1,True,CATTCGCCAAGAAGAG-1_contig_1,True,521,TRB,TRBV20-1,None,TRBJ2-7,TRBC2,True,True,CSARVPSGSDEQYF,TGCAGTGCTAGAGTGCCTAGCGGGTCTGACGAGCAGTACTTC,4418,15,clonotype1427,clonotype1427_consensus_2
CATTCGCCAAGAAGAG-1,True,CATTCGCCAAGAAGAG-1_contig_2,True,680,TRA,TRAV8-3,None,TRAJ48,TRAC,True,True,CAVGASNFGNEKLTF,TGTGCTGTGGGTGCATCTAACTTTGGAAATGAGAAATTAACCTTT,487,4,clonotype1427,clonotype1427_consensus_1
CATTCGCCAAGAAGAG-1,True,CATTCGCCAAGAAGAG-1_contig_3,True,516,TRA,TRAV21,None,TRAJ52,TRAC,True,False,None,None,590,2,clonotype1427,None
CATTCGCCAAGCCCAC-1,True,CATTCGCCAAGCCCAC-1_contig_1,True,502,TRA,TRAV1-2,None,TRAJ30,TRAC,True,True,CAVRDLREIIF,TGTGCTGTGAGAGATCTTCGGGAGATCATCTTT,358,3,clonotype3,clonotype3_consensus_2
CATTCGCCAAGCCCAC-1,True,CATTCGCCAAGCCCAC-1_contig_2,True,667,TRB,TRBV5-5,None,TRBJ1-4,TRBC1,True,True,CASSHPGPNYATNEKLFF,TGTGCCAGCAGCCATCCCGGACCGAACTACGCAACTAATGAAAAACTGTTTTTT,1189,3,clonotype3,clonotype3_consensus_1
CATTCGCCAAGCCCAC-1,True,CATTCGCCAAGCCCAC-1_contig_3,True,388,TRB,None,None,TRBJ2-4,TRBC2,False,False,None,None,841,1,clonotype3,None
CATTCGCCAATGAATG-1,True,CATTCGCCAATGAATG-1_contig_1,True,505,TRA,TRAV1-2,None,TRAJ33,TRAC,True,True,CAATDSNYQLIW,TGTGCTGCGACTGATAGCAACTATCAGTTAATCTGG,353,2,clonotype1,clonotype1_consensus_2
CATTCGCCAATGAATG-1,True,CATTCGCCAATGAATG-1_contig_2,True,521,TRB,TRBV20-1,None,TRBJ2-1,TRBC2,True,True,CSARVGSEVNEQFF,TGCAGTGCTAGAGTGGGGTCGGAAGTCAATGAGCAGTTCTTC,1785,7,clonotype1,clonotype1_consensus_1
CATTCGCCAATGAATG-1,True,CATTCGCCAATGAATG-1_contig_3,True,458,TRA,TRAV10,None,TRAJ24,TRAC,True,False,None,None,129,4,clonotype1,None
CATTCGCCACAGATTC-1,True,CATTCGCCACAGATTC-1_contig_1,True,505,TRA,TRAV1-2,None,TRAJ33,TRAC,True,True,CAATDSNYQLIW,TGTGCTGCGACTGATAGCAACTATCAGTTAATCTGG,471,2,clonotype1,clonotype1_consensus_2
CATTCGCCACAGATTC-1,True,CATTCGCCACAGATTC-1_contig_2,True,497,TRB,TRBV20-1,None,TRBJ2-1,TRBC2,True,True,CSARVGSEVNEQFF,TGCAGTGCTAGAGTGGGGTCGGAAGTCAATGAGCAGTTCTTC,1474,6,clonotype1,clonotype1_consensus_1
CATTCGCCACAGATTC-1,True,CATTCGCCACAGATTC-1_contig_3,True,482,TRA,TRAV10,None,TRAJ24,TRAC,True,False,None,None,744,2,clonotype1,None
CATTCGCCAGAGTGTG-1,True,CATTCGCCAGAGTGTG-1_contig_1,True,473,TRB,TRBV20-1,None,TRBJ2-1,TRBC2,True,True,CSARVGSEVNEQFF,TGCAGTGCTAGAGTGGGGTCGGAAGTCAATGAGCAGTTCTTC,659,4,clonotype2,clonotype2_consensus_1
CATTCGCCATATACGC-1,True,CATTCGCCATATACGC-1_contig_1,True,527,TRB,TRBV20-1,None,TRBJ2-3,TRBC2,True,True,CSASRDRSLSTDTQYF,TGCAGTGCTAGCCGGGACAGAAGTCTTAGCACAGATACGCAGTATTTT,1454,5,clonotype1428,clonotype1428_consensus_2
CATTCGCCATATACGC-1,True,CATTCGCCATATACGC-1_contig_2,True,493,TRA,TRAV4,None,TRAJ34,TRAC,True,True,CLVGDIPGTDKLIF,TGCCTCGTGGGTGACATCCCGGGCACCGACAAGCTCATCTTT,322,2,clonotype1428,clonotype1428_consensus_1
CATTCGCCATCACGAT-1,True,CATTCGCCATCACGAT-1_contig_1,True,513,TRA,TRAV26-2,None,TRAJ41,TRAC,True,True,CILRNSNSGYALNF,TGCATCCTGAGGAACTCAAATTCCGGGTATGCACTCAACTTC,569,3,clonotype1429,clonotype1429_consensus_2
CATTCGCCATCACGAT-1,True,CATTCGCCATCACGAT-1_contig_2,True,527,TRB,TRBV20-1,None,TRBJ1-1,TRBC1,True,True,CSARDHQRNRNTEAFF,TGCAGTGCTAGAGACCATCAAAGGAACAGGAACACTGAAGCTTTCTTT,1587,9,clonotype1429,clonotype1429_consensus_1
CATTCGCGTAAGCACG-1,True,CATTCGCGTAAGCACG-1_contig_1,True,505,TRA,TRAV1-2,None,TRAJ33,TRAC,True,True,CAATDSNYQLIW,TGTGCTGCGACTGATAGCAACTATCAGTTAATCTGG,831,2,clonotype1,clonotype1_consensus_2
CATTCGCGTAAGCACG-1,True,CATTCGCGTAAGCACG-1_contig_2,True,521,TRB,TRBV20-1,None,TRBJ2-1,TRBC2,True,True,CSARVGSEVNEQFF,TGCAGTGCTAGAGTGGGGTCGGAAGTCAATGAGCAGTTCTTC,765,3,clonotype1,clonotype1_consensus_1
CATTCGCGTAGCGTCC-1,True,CATTCGCGTAGCGTCC-1_contig_1,True,505,TRA,TRAV1-2,None,TRAJ33,TRAC,True,True,CAATDSNYQLIW,TGTGCTGCGACTGATAGCAACTATCAGTTAATCTGG,1078,7,clonotype1,clonotype1_consensus_2
CATTCGCGTAGCGTCC-1,True,CATTCGCGTAGCGTCC-1_contig_2,True,492,TRB,TRBV20-1,None,TRBJ2-1,TRBC2,True,True,CSARVGSEVNEQFF,TGCAGTGCTAGAGTGGGGTCGGAAGTCAATGAGCAGTTCTTC,327,3,clonotype1,clonotype1_consensus_1
CATTCGCGTCGACTAT-1,True,CATTCGCGTCGACTAT-1_contig_1,True,547,TRA,TRAV12-2,None,TRAJ16,TRAC,True,True,CAVSLFSDGQKLLF,TGTGCCGTCAGCCTCTTTTCAGATGGCCAGAAGCTGCTCTTT,110,2,clonotype1430,clonotype1430_consensus_1
CATTCGCGTCGACTAT-1,True,CATTCGCGTCGACTAT-1_contig_2,True,524,TRB,TRBV20-1,None,TRBJ2-7,TRBC2,True,True,CSAYSRQGGPGEQYF,TGCAGTGCTTACTCCCGACAGGGGGGGCCTGGGGAGCAGTACTTC,922,9,clonotype1430,clonotype1430_consensus_2
CATTCGCGTCGACTAT-1,True,CATTCGCGTCGACTAT-1_contig_3,True,379,TRA,TRAV3,None,None,TRAC,False,False,None,None,189,1,clonotype1430,None
CATTCGCGTCGGATCC-1,True,CATTCGCGTCGGATCC-1_contig_1,True,520,TRB,TRBV20-1,None,TRBJ2-3,TRBC2,True,True,CSASRDRSLSTDTQYF,TGCAGTGCTAGCCGGGACAGAAGTCTTAGCACAGATACGCAGTATTTT,302,3,clonotype269,clonotype269_consensus_1
CATTCGCGTTTGACTG-1,True,CATTCGCGTTTGACTG-1_contig_1,True,505,TRA,TRAV1-2,None,TRAJ33,TRAC,True,True,CAATDSNYQLIW,TGTGCTGCGACTGATAGCAACTATCAGTTAATCTGG,324,4,clonotype1,clonotype1_consensus_2
CATTCGCGTTTGACTG-1,True,CATTCGCGTTTGACTG-1_contig_2,True,521,TRB,TRBV20-1,None,TRBJ2-1,TRBC2,True,True,CSARVGSEVNEQFF,TGCAGTGCTAGAGTGGGGTCGGAAGTCAATGAGCAGTTCTTC,2109,9,clonotype1,clonotype1_consensus_1
CATTCGCTCAAGGCTT-1,True,CATTCGCTCAAGGCTT-1_contig_1,True,495,TRB,TRBV20-1,None,TRBJ2-1,TRBC2,True,True,CSARVGSEVNEQFF,TGCAGTGCTAGAGTGGGGTCGGAAGTCAATGAGCAGTTCTTC,765,4,clonotype2,clonotype2_consensus_1
CATTCGCTCACCATAG-1,True,CATTCGCTCACCATAG-1_contig_1,True,505,TRA,TRAV1-2,None,TRAJ33,TRAC,True,True,CAATDSNYQLIW,TGTGCTGCGACTGATAGCAACTATCAGTTAATCTGG,223,1,clonotype1,clonotype1_consensus_2
CATTCGCTCACCATAG-1,True,CATTCGCTCACCATAG-1_contig_2,True,485,TRB,TRBV20-1,None,TRBJ2-1,TRBC2,True,True,CSARVGSEVNEQFF,TGCAGTGCTAGAGTGGGGTCGGAAGTCAATGAGCAGTTCTTC,1371,7,clonotype1,clonotype1_consensus_1
CATTCGCTCACCATAG-1,True,CATTCGCTCACCATAG-1_contig_3,True,462,TRA,TRAV10,None,TRAJ24,TRAC,True,False,None,None,378,1,clonotype1,None
CATTCGCTCATCTGCC-1,True,CATTCGCTCATCTGCC-1_contig_1,True,505,TRA,TRAV1-2,None,TRAJ33,TRAC,True,True,CAATDSNYQLIW,TGTGCTGCGACTGATAGCAACTATCAGTTAATCTGG,845,5,clonotype1,clonotype1_consensus_2
CATTCGCTCATCTGCC-1,True,CATTCGCTCATCTGCC-1_contig_2,True,521,TRB,TRBV20-1,None,TRBJ2-1,TRBC2,True,True,CSARVGSEVNEQFF,TGCAGTGCTAGAGTGGGGTCGGAAGTCAATGAGCAGTTCTTC,689,4,clonotype1,clonotype1_consensus_1
CATTCGCTCATGGTCA-1,True,CATTCGCTCATGGTCA-1_contig_1,True,505,TRA,TRAV1-2,None,TRAJ33,TRAC,True,True,CAATDSNYQLIW,TGTGCTGCGACTGATAGCAACTATCAGTTAATCTGG,848,3,clonotype1,clonotype1_consensus_2
CATTCGCTCATGGTCA-1,True,CATTCGCTCATGGTCA-1_contig_2,True,520,TRB,TRBV20-1,None,TRBJ2-1,TRBC2,True,True,CSARVGSEVNEQFF,TGCAGTGCTAGAGTGGGGTCGGAAGTCAATGAGCAGTTCTTC,1496,7,clonotype1,clonotype1_consensus_1
CATTCGCTCTCATTCA-1,True,CATTCGCTCTCATTCA-1_contig_1,True,495,TRB,TRBV20-1,None,TRBJ2-1,TRBC2,True,True,CSARVGSEVNEQFF,TGCAGTGCTAGAGTGGGGTCGGAAGTCAATGAGCAGTTCTTC,542,5,clonotype2,clonotype2_consensus_1
CATTCGCTCTCATTCA-1,True,CATTCGCTCTCATTCA-1_contig_2,True,463,TRA,TRAV10,None,TRAJ24,TRAC,True,False,None,None,326,2,clonotype2,None
CCAATCCAGACGCTTT-1,True,CCAATCCAGACGCTTT-1_contig_1,True,523,TRA,TRAV14/DV4,None,TRAJ3,TRAC,True,True,CAMREWSSASKIIF,TGTGCAATGAGAGAGTGGAGCAGTGCTTCCAAGATAATCTTT,460,3,clonotype1431,clonotype1431_consensus_2
CCAATCCAGACGCTTT-1,True,CCAATCCAGACGCTTT-1_contig_2,True,521,TRB,TRBV20-1,None,TRBJ1-1,TRBC1,True,True,CSAKGGPLNTEAFF,TGCAGTGCTAAAGGGGGACCGCTGAACACTGAAGCTTTCTTT,1666,11,clonotype1431,clonotype1431_consensus_1
CCAATCCAGCAGACTG-1,True,CCAATCCAGCAGACTG-1_contig_1,True,505,TRA,TRAV1-2,None,TRAJ33,TRAC,True,True,CAATDSNYQLIW,TGTGCTGCGACTGATAGCAACTATCAGTTAATCTGG,989,4,clonotype1,clonotype1_consensus_2
CCAATCCAGCAGACTG-1,True,CCAATCCAGCAGACTG-1_contig_2,True,498,TRB,TRBV20-1,None,TRBJ2-1,TRBC2,True,True,CSARVGSEVNEQFF,TGCAGTGCTAGAGTGGGGTCGGAAGTCAATGAGCAGTTCTTC,3463,13,clonotype1,clonotype1_consensus_1
CCAATCCAGCAGACTG-1,True,CCAATCCAGCAGACTG-1_contig_3,True,465,TRA,TRAV10,None,TRAJ24,TRAC,True,False,None,None,271,3,clonotype1,None
CCAATCCAGCCTCGTG-1,True,CCAATCCAGCCTCGTG-1_contig_1,True,504,TRB,TRBV20-1,None,TRBJ2-4,TRBC2,True,True,CSARGPTGRNRNIQYF,TGCAGTGCTAGGGGTCCTACAGGGAGGAATCGAAACATTCAGTACTTC,714,6,clonotype270,clonotype270_consensus_1
CCAATCCAGCCTCGTG-1,True,CCAATCCAGCCTCGTG-1_contig_2,True,497,TRA,TRAV4,None,TRAJ30,TRAC,True,True,CLVGDVMNRDDKIIF,TGCCTCGTGGGTGACGTGATGAACAGAGATGACAAGATCATCTTT,512,3,clonotype270,clonotype270_consensus_2
CCAATCCAGCTAAACA-1,True,CCAATCCAGCTAAACA-1_contig_1,True,505,TRA,TRAV1-2,None,TRAJ33,TRAC,True,True,CAATDSNYQLIW,TGTGCTGCGACTGATAGCAACTATCAGTTAATCTGG,625,3,clonotype1,clonotype1_consensus_2
CCAATCCAGCTAAACA-1,True,CCAATCCAGCTAAACA-1_contig_2,True,521,TRB,TRBV20-1,None,TRBJ2-1,TRBC2,True,True,CSARVGSEVNEQFF,TGCAGTGCTAGAGTGGGGTCGGAAGTCAATGAGCAGTTCTTC,817,6,clonotype1,clonotype1_consensus_1
CCAATCCAGGACATTA-1,True,CCAATCCAGGACATTA-1_contig_1,True,536,TRA,TRAV26-1,None,TRAJ30,TRAC,True,True,CIVRVDLGDDKIIF,TGCATCGTCAGAGTCGATTTAGGAGATGACAAGATCATCTTT,303,1,clonotype1432,clonotype1432_consensus_2
CCAATCCAGGACATTA-1,True,CCAATCCAGGACATTA-1_contig_2,True,518,TRB,TRBV20-1,None,TRBJ2-7,TRBC2,True,True,CSASASGGVGQYF,TGCAGTGCTAGTGCTAGCGGGGGGGTGGGGCAGTACTTC,715,8,clonotype1432,clonotype1432_consensus_1
CCAATCCAGGACATTA-1,True,CCAATCCAGGACATTA-1_contig_3,True,640,TRA,TRAV8-3,None,TRAJ42,TRAC,True,False,None,None,340,3,clonotype1432,None
CCAATCCAGTACGCCC-1,True,CCAATCCAGTACGCCC-1_contig_1,True,505,TRA,TRAV1-2,None,TRAJ33,TRAC,True,True,CAATDSNYQLIW,TGTGCTGCGACTGATAGCAACTATCAGTTAATCTGG,158,3,clonotype1,clonotype1_consensus_2
CCAATCCAGTACGCCC-1,True,CCAATCCAGTACGCCC-1_contig_2,True,498,TRB,TRBV20-1,None,TRBJ2-1,TRBC2,True,True,CSARVGSEVNEQFF,TGCAGTGCTAGAGTGGGGTCGGAAGTCAATGAGCAGTTCTTC,1669,10,clonotype1,clonotype1_consensus_1
CCAATCCAGTACGCCC-1,True,CCAATCCAGTACGCCC-1_contig_3,True,465,TRA,TRAV10,None,TRAJ24,TRAC,True,False,None,None,491,3,clonotype1,None
CCAATCCAGTAGATGT-1,True,CCAATCCAGTAGATGT-1_contig_1,True,505,TRA,TRAV1-2,None,TRAJ33,TRAC,True,True,CAATDSNYQLIW,TGTGCTGCGACTGATAGCAACTATCAGTTAATCTGG,1365,4,clonotype1,clonotype1_consensus_2
CCAATCCAGTAGATGT-1,True,CCAATCCAGTAGATGT-1_contig_2,True,521,TRB,TRBV20-1,None,TRBJ2-1,TRBC2,True,True,CSARVGSEVNEQFF,TGCAGTGCTAGAGTGGGGTCGGAAGTCAATGAGCAGTTCTTC,1517,8,clonotype1,clonotype1_consensus_1
CCAATCCCAAGCGCTC-1,True,CCAATCCCAAGCGCTC-1_contig_1,True,508,TRA,TRAV20,None,TRAJ8,TRAC,True,True,CAVQAGTGFQKLVF,TGTGCTGTGCAGGCGGGCACAGGCTTTCAGAAACTTGTATTT,730,3,clonotype1433,clonotype1433_consensus_1
CCAATCCCAAGCGCTC-1,True,CCAATCCCAAGCGCTC-1_contig_2,True,512,TRB,TRBV20-1,None,TRBJ2-1,TRBC2,True,True,CSARGGNEQFF,TGCAGTGCTAGGGGCGGCAATGAGCAGTTCTTC,2968,10,clonotype1433,clonotype1433_consensus_2
CCAATCCCAAGCGCTC-1,True,CCAATCCCAAGCGCTC-1_contig_3,True,505,TRA,TRAV13-2,None,TRAJ20,TRAC,True,False,CREYRGDYKLSF,TGCAGAGAATATAGGGGCGACTACAAGCTCAGCTTT,55,1,clonotype1433,None
CCAATCCCAAGCTGAG-1,True,CCAATCCCAAGCTGAG-1_contig_1,True,505,TRA,TRAV1-2,None,TRAJ33,TRAC,True,True,CAATDSNYQLIW,TGTGCTGCGACTGATAGCAACTATCAGTTAATCTGG,112,1,clonotype1,clonotype1_consensus_2
CCAATCCCAAGCTGAG-1,True,CCAATCCCAAGCTGAG-1_contig_2,True,498,TRB,TRBV20-1,None,TRBJ2-1,TRBC2,True,True,CSARVGSEVNEQFF,TGCAGTGCTAGAGTGGGGTCGGAAGTCAATGAGCAGTTCTTC,560,3,clonotype1,clonotype1_consensus_1
CCAATCCCAAGCTGTT-1,True,CCAATCCCAAGCTGTT-1_contig_1,True,505,TRA,TRAV20,None,TRAJ8,TRAC,True,True,CAVQSTGFQKLVF,TGTGCTGTGCAGTCCACAGGCTTTCAGAAACTTGTATTT,5095,6,clonotype1434,clonotype1434_consensus_1
CCAATCCCAAGCTGTT-1,True,CCAATCCCAAGCTGTT-1_contig_2,True,527,TRB,TRBV20-1,None,TRBJ2-3,TRBC2,True,True,CSARDPRQGATDTQYF,TGCAGTGCTAGAGATCCGCGACAGGGGGCGACAGATACGCAGTATTTT,227,3,clonotype1434,clonotype1434_consensus_2
CCAATCCCAGGTGCCT-1,True,CCAATCCCAGGTGCCT-1_contig_1,True,498,TRB,TRBV20-1,None,TRBJ2-1,TRBC2,True,True,CSARVGSEVNEQFF,TGCAGTGCTAGAGTGGGGTCGGAAGTCAATGAGCAGTTCTTC,704,3,clonotype2,clonotype2_consensus_1
CCAATCCGTGACGGTA-1,True,CCAATCCGTGACGGTA-1_contig_1,True,495,TRB,TRBV20-1,None,TRBJ2-7,TRBC2,True,True,CSASWPPKDEQYF,TGCAGTGCTAGTTGGCCCCCCAAAGACGAGCAGTACTTC,3058,15,clonotype271,clonotype271_consensus_1
CCAATCCGTGACGGTA-1,True,CCAATCCGTGACGGTA-1_contig_2,True,456,TRA,TRAV13-1,None,TRAJ27,TRAC,True,True,CAASIGAGKSTF,TGTGCAGCAAGTATAGGAGCAGGCAAATCAACCTTT,391,6,clonotype271,clonotype271_consensus_2
CCAATCCGTTCCACTC-1,True,CCAATCCGTTCCACTC-1_contig_1,True,505,TRA,TRAV1-2,None,TRAJ33,TRAC,True,True,CAATDSNYQLIW,TGTGCTGCGACTGATAGCAACTATCAGTTAATCTGG,346,3,clonotype1,clonotype1_consensus_2
CCAATCCGTTCCACTC-1,True,CCAATCCGTTCCACTC-1_contig_2,True,521,TRB,TRBV20-1,None,TRBJ2-1,TRBC2,True,True,CSARVGSEVNEQFF,TGCAGTGCTAGAGTGGGGTCGGAAGTCAATGAGCAGTTCTTC,1300,8,clonotype1,clonotype1_consensus_1
CCAATCCGTTCCACTC-1,True,CCAATCCGTTCCACTC-1_contig_3,True,482,TRA,TRAV10,None,TRAJ24,TRAC,True,False,None,None,381,5,clonotype1,None
CCAATCCGTTGCGCAC-1,True,CCAATCCGTTGCGCAC-1_contig_1,True,529,TRA,TRAV14/DV4,None,TRAJ22,TRAC,True,True,CAMREILDGSARQLTF,TGTGCAATGAGAGAGATACTAGATGGTTCTGCAAGGCAACTGACCTTT,1414,4,clonotype1435,clonotype1435_consensus_1
CCAATCCGTTGCGCAC-1,True,CCAATCCGTTGCGCAC-1_contig_2,True,680,TRB,TRBV5-6,None,TRBJ2-5,TRBC2,True,True,CASSSGLDSLETQYF,TGTGCCAGCAGCTCGGGACTCGATTCGCTAGAGACCCAGTACTTC,1665,8,clonotype1435,clonotype1435_consensus_2
CCAATCCTCAACGCTA-1,True,CCAATCCTCAACGCTA-1_contig_1,True,521,TRB,TRBV20-1,None,TRBJ2-1,TRBC2,True,True,CSARVGSEVNEQFF,TGCAGTGCTAGAGTGGGGTCGGAAGTCAATGAGCAGTTCTTC,1650,10,clonotype2,clonotype2_consensus_1
CCAATCCTCAAGAAGT-1,True,CCAATCCTCAAGAAGT-1_contig_1,True,521,TRB,TRBV20-1,None,TRBJ2-1,TRBC2,True,True,CSATRTGGGNEQFF,TGCAGTGCTACACGGACAGGGGGGGGCAATGAGCAGTTCTTC,3459,13,clonotype1436,clonotype1436_consensus_2
CCAATCCTCAAGAAGT-1,True,CCAATCCTCAAGAAGT-1_contig_2,True,502,TRA,TRAV20,None,TRAJ26,TRAC,True,True,CAVNNYGQNFVF,TGTGCTGTGAATAACTATGGTCAGAATTTTGTCTTT,407,8,clonotype1436,clonotype1436_consensus_1
CCAATCCTCACTCCTG-1,True,CCAATCCTCACTCCTG-1_contig_1,True,526,TRA,TRAV14/DV4,None,TRAJ48,TRAC,True,True,CAMREAIFGNEKLTF,TGTGCAATGAGAGAGGCTATATTTGGAAATGAGAAATTAACCTTT,712,5,clonotype1437,clonotype1437_consensus_1
CCAATCCTCACTCCTG-1,True,CCAATCCTCACTCCTG-1_contig_2,True,501,TRB,TRBV20-1,None,TRBJ1-6,TRBC1,True,True,CSARDHRDSPYNSPLHF,TGCAGTGCTAGAGATCATCGGGACAGCCCCTATAATTCACCCCTCCACTTT,875,5,clonotype1437,clonotype1437_consensus_2
CCAATCCTCACTCCTG-1,True,CCAATCCTCACTCCTG-1_contig_3,True,617,TRB,TRBV4-2,None,TRBJ1-1,None,True,False,CQQPALNTEAFF,TGCCAGCAGCCAGCACTGAACACTGAAGCTTTCTTT,60,2,clonotype1437,None
CCAATCCTCAGTTCGA-1,True,CCAATCCTCAGTTCGA-1_contig_1,True,550,TRA,TRAV12-2,None,TRAJ42,TRAC,True,True,CAVMGYGGSQGNLIF,TGTGCCGTGATGGGATATGGAGGAAGCCAAGGAAATCTCATCTTT,1499,5,clonotype131,clonotype131_consensus_2
CCAATCCTCAGTTCGA-1,True,CCAATCCTCAGTTCGA-1_contig_2,True,514,TRB,TRBV5-5,None,TRBJ2-5,TRBC2,True,True,CASSLVATNQETQYF,TGTGCCAGCAGCTTGGTAGCGACTAACCAAGAGACCCAGTACTTC,1349,8,clonotype131,clonotype131_consensus_1
CCAATCCTCCTCAACC-1,True,CCAATCCTCCTCAACC-1_contig_1,True,559,TRA,TRAV36/DV7,None,TRAJ53,TRAC,True,True,CAVDLSGGSNYKLTF,TGTGCTGTGGACCTCTCCGGAGGTAGCAACTATAAACTGACATTT,645,4,clonotype1438,clonotype1438_consensus_2
CCAATCCTCCTCAACC-1,True,CCAATCCTCCTCAACC-1_contig_2,True,524,TRB,TRBV20-1,None,TRBJ2-3,TRBC2,True,True,CSAPSSGGYTDTQYF,TGCAGTGCCCCTTCTAGCGGGGGATACACAGATACGCAGTATTTT,2187,18,clonotype1438,clonotype1438_consensus_1
CCAATCCTCCTCAACC-1,True,CCAATCCTCCTCAACC-1_contig_3,True,481,TRA,TRAV21,None,TRAJ32,TRAC,True,False,None,None,328,4,clonotype1438,None
CCAATCCTCTTACCTA-1,True,CCAATCCTCTTACCTA-1_contig_1,True,505,TRA,TRAV1-2,None,TRAJ33,TRAC,True,True,CAATDSNYQLIW,TGTGCTGCGACTGATAGCAACTATCAGTTAATCTGG,198,1,clonotype1,clonotype1_consensus_2
CCAATCCTCTTACCTA-1,True,CCAATCCTCTTACCTA-1_contig_2,True,491,TRB,TRBV20-1,None,TRBJ2-1,TRBC2,True,True,CSARVGSEVNEQFF,TGCAGTGCTAGAGTGGGGTCGGAAGTCAATGAGCAGTTCTTC,1150,6,clonotype1,clonotype1_consensus_1
CCAATCCTCTTACCTA-1,True,CCAATCCTCTTACCTA-1_contig_3,True,465,TRA,TRAV10,None,TRAJ24,TRAC,True,False,None,None,1799,1,clonotype1,None
CCAATCCTCTTGCAAG-1,True,CCAATCCTCTTGCAAG-1_contig_1,True,505,TRA,TRAV1-2,None,TRAJ33,TRAC,True,True,CAATDSNYQLIW,TGTGCTGCGACTGATAGCAACTATCAGTTAATCTGG,176,6,clonotype1,clonotype1_consensus_2
CCAATCCTCTTGCAAG-1,True,CCAATCCTCTTGCAAG-1_contig_2,True,492,TRB,TRBV20-1,None,TRBJ2-1,TRBC2,True,True,CSARVGSEVNEQFF,TGCAGTGCTAGAGTGGGGTCGGAAGTCAATGAGCAGTTCTTC,816,10,clonotype1,clonotype1_consensus_1
CCAATCCTCTTGCAAG-1,True,CCAATCCTCTTGCAAG-1_contig_3,True,467,TRA,TRAV10,None,TRAJ24,TRAC,True,False,None,None,189,3,clonotype1,None
CCACCTAAGGATGGTC-1,True,CCACCTAAGGATGGTC-1_contig_1,True,515,TRB,TRBV20-1,None,TRBJ2-7,TRBC2,True,True,CSALGNSYEQYF,TGCAGTGCTTTGGGGAACTCCTACGAGCAGTACTTC,291,4,clonotype132,clonotype132_consensus_1
CCACCTAAGGATGGTC-1,True,CCACCTAAGGATGGTC-1_contig_2,True,321,TRB,None,None,TRBJ2-1,TRBC2,False,False,None,None,329,5,clonotype132,None
CCACCTAAGTAAGTAC-1,True,CCACCTAAGTAAGTAC-1_contig_1,True,527,TRB,TRBV20-1,None,TRBJ2-1,TRBC2,True,True,CSARVLSGGHYNEQFF,TGCAGTGCTAGAGTCCTAAGCGGGGGGCACTACAATGAGCAGTTCTTC,617,3,clonotype1439,clonotype1439_consensus_1
CCACCTAAGTTACCCA-1,True,CCACCTAAGTTACCCA-1_contig_1,True,467,TRB,TRBV20-1,None,TRBJ2-1,TRBC2,True,True,CSASRPNNEQFF,TGCAGTGCTAGCCGGCCGAACAATGAGCAGTTCTTC,151,2,clonotype1440,clonotype1440_consensus_3
CCACCTAAGTTACCCA-1,True,CCACCTAAGTTACCCA-1_contig_2,True,487,TRA,TRAV21,None,TRAJ48,TRAC,True,True,CAVKSNFGNEKLTF,TGTGCTGTGAAATCTAACTTTGGAAATGAGAAATTAACCTTT,738,5,clonotype1440,clonotype1440_consensus_1
CCACCTAAGTTACCCA-1,True,CCACCTAAGTTACCCA-1_contig_3,True,497,TRA,TRAV38-2/DV8,None,TRAJ26,TRAC,True,True,CAYRTPDNYGQNFVF,TGTGCTTATAGGACCCCTGATAACTATGGTCAGAATTTTGTCTTT,847,3,clonotype1440,clonotype1440_consensus_2
CCACCTACAAAGGCGT-1,True,CCACCTACAAAGGCGT-1_contig_1,True,508,TRA,TRAV20,None,TRAJ38,TRAC,True,True,CAVQVAGNNRKLIW,TGTGCTGTGCAGGTGGCTGGCAACAACCGTAAGCTGATTTGG,368,2,clonotype272,clonotype272_consensus_2
CCACCTACAAAGGCGT-1,True,CCACCTACAAAGGCGT-1_contig_2,True,483,TRB,TRBV5-5,None,TRBJ2-2,TRBC2,True,True,CASSLLGNTGELFF,TGTGCCAGCAGCTTGTTAGGGAACACCGGGGAGCTGTTTTTT,884,6,clonotype272,clonotype272_consensus_1
CCACCTACAAAGGCGT-1,True,CCACCTACAAAGGCGT-1_contig_3,True,673,TRA,TRAV8-6,None,TRAJ53,TRAC,True,False,None,None,422,3,clonotype272,None
CCACCTACAGGGAGAG-1,True,CCACCTACAGGGAGAG-1_contig_1,True,498,TRB,TRBV20-1,None,TRBJ2-1,TRBC2,True,True,CSARVGSEVNEQFF,TGCAGTGCTAGAGTGGGGTCGGAAGTCAATGAGCAGTTCTTC,2364,10,clonotype2,clonotype2_consensus_1
CCACCTACAGGGAGAG-1,True,CCACCTACAGGGAGAG-1_contig_2,True,482,TRA,TRAV10,None,TRAJ24,TRAC,True,False,None,None,407,7,clonotype2,None
CCACCTACATGATCCA-1,True,CCACCTACATGATCCA-1_contig_1,True,502,TRA,TRAV1-2,None,TRAJ30,TRAC,True,True,CAVRDLREIIF,TGTGCTGTGAGAGATCTTCGGGAGATCATCTTT,115,5,clonotype32,clonotype32_consensus_3
CCACCTACATGATCCA-1,True,CCACCTACATGATCCA-1_contig_2,True,529,TRB,TRBV5-5,None,TRBJ1-4,TRBC1,True,True,CASSHPGPNYATNEKLFF,TGTGCCAGCAGCCATCCCGGACCGAACTACGCAACTAATGAAAAACTGTTTTTT,961,16,clonotype32,clonotype32_consensus_1
CCACCTACATGATCCA-1,True,CCACCTACATGATCCA-1_contig_3,True,505,TRA,TRAV1-2,None,TRAJ33,TRAC,True,True,CAATDSNYQLIW,TGTGCTGCGACTGATAGCAACTATCAGTTAATCTGG,217,21,clonotype32,clonotype32_consensus_4
CCACCTACATGATCCA-1,True,CCACCTACATGATCCA-1_contig_4,True,515,TRB,TRBV20-1,None,TRBJ2-1,TRBC2,True,True,CSARVGSEVNEQFF,TGCAGTGCTAGAGTGGGGTCGGAAGTCAATGAGCAGTTCTTC,1031,13,clonotype32,clonotype32_consensus_2
CCACCTACATGATCCA-1,True,CCACCTACATGATCCA-1_contig_5,True,480,TRB,TRBV7-3,None,TRBJ2-1,TRBC2,True,False,CQQRSLKAGGPYNEQFF,TGCCAGCAGCGGTCACTTAAAGCGGGGGGACCCTACAATGAGCAGTTCTTC,1067,16,clonotype32,None
CCACCTAGTACGACCC-1,True,CCACCTAGTACGACCC-1_contig_1,True,518,TRB,TRBV20-1,None,TRBJ1-4,TRBC1,True,True,CSATGDRGKKLFF,TGCAGTGCTACGGGGGACCGGGGGAAAAAACTGTTTTTT,1837,8,clonotype1441,clonotype1441_consensus_1
CCACCTAGTACGACCC-1,True,CCACCTAGTACGACCC-1_contig_2,True,506,TRA,TRAV13-2,None,TRAJ48,TRAC,True,True,CADFFGNEKLTF,TGTGCAGACTTCTTTGGAAATGAGAAATTAACCTTT,508,2,clonotype1441,clonotype1441_consensus_2
CCACCTAGTGAGCGAT-1,True,CCACCTAGTGAGCGAT-1_contig_1,True,505,TRA,TRAV1-2,None,TRAJ33,TRAC,True,True,CAATDSNYQLIW,TGTGCTGCGACTGATAGCAACTATCAGTTAATCTGG,1129,5,clonotype1,clonotype1_consensus_2
CCACCTAGTGAGCGAT-1,True,CCACCTAGTGAGCGAT-1_contig_2,True,521,TRB,TRBV20-1,None,TRBJ2-1,TRBC2,True,True,CSARVGSEVNEQFF,TGCAGTGCTAGAGTGGGGTCGGAAGTCAATGAGCAGTTCTTC,2081,18,clonotype1,clonotype1_consensus_1
CCACCTAGTGAGCGAT-1,True,CCACCTAGTGAGCGAT-1_contig_3,True,463,TRA,TRAV10,None,TRAJ24,TRAC,True,False,None,None,426,10,clonotype1,None
CCACCTAGTGTGCCTG-1,True,CCACCTAGTGTGCCTG-1_contig_1,True,527,TRB,TRBV20-1,None,TRBJ2-7,TRBC2,True,True,CSARKSTSGATYEQYF,TGCAGTGCTAGAAAATCTACGAGCGGGGCGACCTACGAGCAGTACTTC,6736,35,clonotype1442,clonotype1442_consensus_1
CCACCTAGTGTGCCTG-1,True,CCACCTAGTGTGCCTG-1_contig_2,True,482,TRA,TRAV38-1,None,TRAJ37,TRAC,True,True,CAFMKGIGGNTGKLIF,TGTGCTTTCATGAAGGGAATTGGGGGCAACACAGGCAAACTAATCTTT,2707,12,clonotype1442,clonotype1442_consensus_2
CCACCTAGTGTGCCTG-1,True,CCACCTAGTGTGCCTG-1_contig_3,True,498,TRB,None,None,TRBJ1-2,TRBC1,False,False,None,None,103,6,clonotype1442,None
CCACCTAGTTAAGTAG-1,True,CCACCTAGTTAAGTAG-1_contig_1,True,526,TRA,TRAV14/DV4,None,TRAJ26,TRAC,True,True,CAMREGINYGQNFVF,TGTGCAATGAGAGAGGGCATAAACTATGGTCAGAATTTTGTCTTT,361,14,clonotype1443,clonotype1443_consensus_1
CCACCTAGTTAAGTAG-1,True,CCACCTAGTTAAGTAG-1_contig_2,True,521,TRB,TRBV20-1,None,TRBJ2-7,TRBC2,True,True,CSAHKGPLSHEQYF,TGCAGTGCTCATAAAGGGCCCCTCAGCCACGAGCAGTACTTC,803,25,clonotype1443,clonotype1443_consensus_2
CCACCTAGTTCTGTTT-1,True,CCACCTAGTTCTGTTT-1_contig_1,True,498,TRB,TRBV20-1,None,TRBJ2-1,TRBC2,True,True,CSARVGSEVNEQFF,TGCAGTGCTAGAGTGGGGTCGGAAGTCAATGAGCAGTTCTTC,1272,11,clonotype2,clonotype2_consensus_1
CCACCTATCACGACTA-1,True,CCACCTATCACGACTA-1_contig_1,True,527,TRB,TRBV20-1,None,TRBJ1-5,TRBC1,True,True,CSAREWTGESNQPQHF,TGCAGTGCTAGAGAGTGGACAGGAGAATCAAATCAGCCCCAGCATTTT,3268,15,clonotype1444,clonotype1444_consensus_2
CCACCTATCACGACTA-1,True,CCACCTATCACGACTA-1_contig_2,True,544,TRA,TRAV12-2,None,TRAJ37,TRAC,True,True,CAVNRGNTGKLIF,TGTGCCGTGAACCGCGGCAACACAGGCAAACTAATCTTT,1213,22,clonotype1444,clonotype1444_consensus_1
CCACCTATCATTGCCC-1,True,CCACCTATCATTGCCC-1_contig_1,True,570,TRA,TRAV8-4,None,TRAJ11,TRAC,True,True,CAVSGGSGYSTLTF,TGTGCTGTGAGTGGAGGGTCAGGATACAGCACCCTCACCTTT,436,12,clonotype133,clonotype133_consensus_2
CCACCTATCATTGCCC-1,True,CCACCTATCATTGCCC-1_contig_2,True,478,TRB,TRBV5-6,None,TRBJ1-1,TRBC1,True,True,CASSLTATGTEAFF,TGTGCCAGCAGCTTAACAGCGACGGGAACTGAAGCTTTCTTT,4477,31,clonotype133,clonotype133_consensus_1
CCACCTATCCCAAGAT-1,True,CCACCTATCCCAAGAT-1_contig_1,True,524,TRB,TRBV20-1,None,TRBJ2-3,TRBC2,True,True,CSARESGLIVYTQYF,TGCAGTGCTAGAGAGTCGGGGCTAATCGTTTATACGCAGTATTTT,1989,8,clonotype1445,clonotype1445_consensus_1
CCACCTATCCCAAGAT-1,True,CCACCTATCCCAAGAT-1_contig_2,True,676,TRA,TRAV8-3,None,TRAJ49,TRAC,True,True,CAVGAPGNQFYF,TGTGCTGTGGGTGCACCCGGTAACCAGTTCTATTTT,1235,12,clonotype1445,clonotype1445_consensus_2
CCACCTATCCGAGCCA-1,True,CCACCTATCCGAGCCA-1_contig_1,True,502,TRA,TRAV1-2,None,TRAJ33,TRAC,True,True,CAATDSNYQLIW,TGTGCTGCGACTGATAGCAACTATCAGTTAATCTGG,668,8,clonotype1,clonotype1_consensus_2
CCACCTATCCGAGCCA-1,True,CCACCTATCCGAGCCA-1_contig_2,True,492,TRB,TRBV20-1,None,TRBJ2-1,TRBC2,True,True,CSARVGSEVNEQFF,TGCAGTGCTAGAGTGGGGTCGGAAGTCAATGAGCAGTTCTTC,1054,31,clonotype1,clonotype1_consensus_1
CCACCTATCCGAGCCA-1,True,CCACCTATCCGAGCCA-1_contig_3,True,465,TRA,TRAV10,None,TRAJ24,TRAC,True,False,None,None,96,10,clonotype1,None
CCACCTATCCTTGACC-1,True,CCACCTATCCTTGACC-1_contig_1,True,505,TRA,TRAV1-2,None,TRAJ33,TRAC,True,True,CAATDSNYQLIW,TGTGCTGCGACTGATAGCAACTATCAGTTAATCTGG,286,11,clonotype1,clonotype1_consensus_2
CCACCTATCCTTGACC-1,True,CCACCTATCCTTGACC-1_contig_2,True,498,TRB,TRBV20-1,None,TRBJ2-1,TRBC2,True,True,CSARVGSEVNEQFF,TGCAGTGCTAGAGTGGGGTCGGAAGTCAATGAGCAGTTCTTC,1105,11,clonotype1,clonotype1_consensus_1
CCACCTATCTTAGCCC-1,True,CCACCTATCTTAGCCC-1_contig_1,True,524,TRB,TRBV20-1,None,TRBJ1-2,TRBC1,True,True,CSATPGQGASYGYTF,TGCAGTGCTACCCCGGGACAGGGGGCGAGCTATGGCTACACCTTC,2312,8,clonotype1446,clonotype1446_consensus_1
CCACCTATCTTAGCCC-1,True,CCACCTATCTTAGCCC-1_contig_2,True,568,TRA,TRAV8-1,None,TRAJ30,TRAC,True,True,CAVTRRDDKIIF,TGTGCCGTGACCAGGAGAGATGACAAGATCATCTTT,935,10,clonotype1446,clonotype1446_consensus_2
CCACGGAAGATGTAAC-1,True,CCACGGAAGATGTAAC-1_contig_1,True,505,TRA,TRAV1-2,None,TRAJ33,TRAC,True,True,CAATDSNYQLIW,TGTGCTGCGACTGATAGCAACTATCAGTTAATCTGG,1380,3,clonotype1,clonotype1_consensus_2
CCACGGAAGATGTAAC-1,True,CCACGGAAGATGTAAC-1_contig_2,True,521,TRB,TRBV20-1,None,TRBJ2-1,TRBC2,True,True,CSARVGSEVNEQFF,TGCAGTGCTAGAGTGGGGTCGGAAGTCAATGAGCAGTTCTTC,1524,6,clonotype1,clonotype1_consensus_1
CCACGGAAGATGTAAC-1,True,CCACGGAAGATGTAAC-1_contig_3,True,465,TRA,TRAV10,None,TRAJ24,TRAC,True,False,None,None,718,2,clonotype1,None
CCACGGAAGCGATGAC-1,True,CCACGGAAGCGATGAC-1_contig_1,True,505,TRA,TRAV1-2,None,TRAJ33,TRAC,True,True,CAATDSNYQLIW,TGTGCTGCGACTGATAGCAACTATCAGTTAATCTGG,1180,6,clonotype1,clonotype1_consensus_2
CCACGGAAGCGATGAC-1,True,CCACGGAAGCGATGAC-1_contig_2,True,521,TRB,TRBV20-1,None,TRBJ2-1,TRBC2,True,True,CSARVGSEVNEQFF,TGCAGTGCTAGAGTGGGGTCGGAAGTCAATGAGCAGTTCTTC,2873,8,clonotype1,clonotype1_consensus_1
CCACGGAAGCGATGAC-1,True,CCACGGAAGCGATGAC-1_contig_3,True,459,TRA,TRAV10,None,TRAJ24,TRAC,True,False,None,None,1244,3,clonotype1,None
CCACGGAAGCGATGAC-1,True,CCACGGAAGCGATGAC-1_contig_4,True,371,TRB,None,None,TRBJ1-5,TRBC1,False,False,None,None,332,2,clonotype1,None
CCACGGAAGTAAGTAC-1,True,CCACGGAAGTAAGTAC-1_contig_1,True,505,TRA,TRAV1-2,None,TRAJ33,TRAC,True,True,CAATDSNYQLIW,TGTGCTGCGACTGATAGCAACTATCAGTTAATCTGG,620,2,clonotype1,clonotype1_consensus_2
CCACGGAAGTAAGTAC-1,True,CCACGGAAGTAAGTAC-1_contig_2,True,521,TRB,TRBV20-1,None,TRBJ2-1,TRBC2,True,True,CSARVGSEVNEQFF,TGCAGTGCTAGAGTGGGGTCGGAAGTCAATGAGCAGTTCTTC,4122,15,clonotype1,clonotype1_consensus_1
CCACGGAAGTAAGTAC-1,True,CCACGGAAGTAAGTAC-1_contig_3,True,467,TRA,TRAV10,None,TRAJ24,TRAC,True,False,None,None,140,2,clonotype1,None
CCACGGAAGTAATCCC-1,True,CCACGGAAGTAATCCC-1_contig_1,True,677,TRB,TRBV5-6,None,TRBJ1-1,TRBC1,True,True,CASSFRGPGTEAFF,TGTGCCAGCAGCTTCAGGGGGCCAGGCACTGAAGCTTTCTTT,1816,5,clonotype1447,clonotype1447_consensus_1
CCACGGAAGTCATCCA-1,True,CCACGGAAGTCATCCA-1_contig_1,True,501,TRB,TRBV20-1,None,TRBJ2-7,TRBC2,True,True,CSAWRSSTSAGEQYF,TGCAGTGCTTGGAGAAGCAGCACTTCCGCGGGGGAGCAGTACTTC,1090,5,clonotype1448,clonotype1448_consensus_2
CCACGGAAGTCATCCA-1,True,CCACGGAAGTCATCCA-1_contig_2,True,521,TRB,TRBV20-1,None,TRBJ2-7,TRBC2,True,True,CSARMSGRHYEQYF,TGCAGTGCTAGGATGTCGGGGAGACACTACGAGCAGTACTTC,2003,11,clonotype1448,clonotype1448_consensus_1
CCACGGAAGTCATCCA-1,True,CCACGGAAGTCATCCA-1_contig_3,True,571,Multi,TRDV1,None,TRAJ27,TRAC,True,False,CALGELGGWELPTHFREGDQTL,TGTGCTCTTGGGGAACTTGGGGGCTGGGAGTTACCAACTCACTTTCGGGAAGGGGACCAAACTCTC,89,1,clonotype1448,None
CCACGGAAGTCTCGGC-1,True,CCACGGAAGTCTCGGC-1_contig_1,True,505,TRA,TRAV1-2,None,TRAJ33,TRAC,True,True,CAATDSNYQLIW,TGTGCTGCGACTGATAGCAACTATCAGTTAATCTGG,799,6,clonotype1,clonotype1_consensus_2
CCACGGAAGTCTCGGC-1,True,CCACGGAAGTCTCGGC-1_contig_2,True,498,TRB,TRBV20-1,None,TRBJ2-1,TRBC2,True,True,CSARVGSEVNEQFF,TGCAGTGCTAGAGTGGGGTCGGAAGTCAATGAGCAGTTCTTC,712,6,clonotype1,clonotype1_consensus_1
CCACGGAAGTCTCGGC-1,True,CCACGGAAGTCTCGGC-1_contig_3,True,459,TRA,TRAV10,None,TRAJ24,TRAC,True,False,None,None,192,2,clonotype1,None
CCACGGACAAGTCTAC-1,True,CCACGGACAAGTCTAC-1_contig_1,True,505,TRA,TRAV1-2,None,TRAJ33,TRAC,True,True,CAATDSNYQLIW,TGTGCTGCGACTGATAGCAACTATCAGTTAATCTGG,1830,6,clonotype1,clonotype1_consensus_2
CCACGGACAAGTCTAC-1,True,CCACGGACAAGTCTAC-1_contig_2,True,521,TRB,TRBV20-1,None,TRBJ2-1,TRBC2,True,True,CSARVGSEVNEQFF,TGCAGTGCTAGAGTGGGGTCGGAAGTCAATGAGCAGTTCTTC,2766,10,clonotype1,clonotype1_consensus_1
CCACGGACAATCTACG-1,True,CCACGGACAATCTACG-1_contig_1,True,505,TRA,TRAV1-2,None,TRAJ33,TRAC,True,True,CAATDSNYQLIW,TGTGCTGCGACTGATAGCAACTATCAGTTAATCTGG,519,2,clonotype1,clonotype1_consensus_2
CCACGGACAATCTACG-1,True,CCACGGACAATCTACG-1_contig_2,True,521,TRB,TRBV20-1,None,TRBJ2-1,TRBC2,True,True,CSARVGSEVNEQFF,TGCAGTGCTAGAGTGGGGTCGGAAGTCAATGAGCAGTTCTTC,2823,12,clonotype1,clonotype1_consensus_1
CCACGGACAATCTACG-1,True,CCACGGACAATCTACG-1_contig_3,True,482,TRA,TRAV10,None,TRAJ24,TRAC,True,False,None,None,503,4,clonotype1,None
CCACGGACACCATCCT-1,True,CCACGGACACCATCCT-1_contig_1,True,505,TRA,TRAV1-2,None,TRAJ33,TRAC,True,True,CAATDSNYQLIW,TGTGCTGCGACTGATAGCAACTATCAGTTAATCTGG,185,2,clonotype1,clonotype1_consensus_2
CCACGGACACCATCCT-1,True,CCACGGACACCATCCT-1_contig_2,True,521,TRB,TRBV20-1,None,TRBJ2-1,TRBC2,True,True,CSARVGSEVNEQFF,TGCAGTGCTAGAGTGGGGTCGGAAGTCAATGAGCAGTTCTTC,4006,9,clonotype1,clonotype1_consensus_1
CCACGGACACCATCCT-1,True,CCACGGACACCATCCT-1_contig_3,True,395,TRB,None,None,TRBJ1-4,TRBC1,False,False,None,None,416,1,clonotype1,None
CCACGGACAGTTCATG-1,True,CCACGGACAGTTCATG-1_contig_1,True,505,TRA,TRAV1-2,None,TRAJ33,TRAC,True,True,CAATDSNYQLIW,TGTGCTGCGACTGATAGCAACTATCAGTTAATCTGG,96,5,clonotype1,clonotype1_consensus_2
CCACGGACAGTTCATG-1,True,CCACGGACAGTTCATG-1_contig_2,True,498,TRB,TRBV20-1,None,TRBJ2-1,TRBC2,True,True,CSARVGSEVNEQFF,TGCAGTGCTAGAGTGGGGTCGGAAGTCAATGAGCAGTTCTTC,2447,8,clonotype1,clonotype1_consensus_1
CCACGGAGTAGCGATG-1,True,CCACGGAGTAGCGATG-1_contig_1,True,505,TRA,TRAV1-2,None,TRAJ33,TRAC,True,True,CAATDSNYQLIW,TGTGCTGCGACTGATAGCAACTATCAGTTAATCTGG,557,4,clonotype1,clonotype1_consensus_2
CCACGGAGTAGCGATG-1,True,CCACGGAGTAGCGATG-1_contig_2,True,521,TRB,TRBV20-1,None,TRBJ2-1,TRBC2,True,True,CSARVGSEVNEQFF,TGCAGTGCTAGAGTGGGGTCGGAAGTCAATGAGCAGTTCTTC,2619,11,clonotype1,clonotype1_consensus_1
CCACGGAGTAGCGATG-1,True,CCACGGAGTAGCGATG-1_contig_3,True,469,TRA,TRAV10,None,TRAJ24,TRAC,True,False,None,None,381,2,clonotype1,None
CCACGGAGTCTGATCA-1,True,CCACGGAGTCTGATCA-1_contig_1,True,505,TRA,TRAV1-2,None,TRAJ33,TRAC,True,True,CAATDSNYQLIW,TGTGCTGCGACTGATAGCAACTATCAGTTAATCTGG,262,2,clonotype1,clonotype1_consensus_2
CCACGGAGTCTGATCA-1,True,CCACGGAGTCTGATCA-1_contig_2,True,521,TRB,TRBV20-1,None,TRBJ2-1,TRBC2,True,True,CSARVGSEVNEQFF,TGCAGTGCTAGAGTGGGGTCGGAAGTCAATGAGCAGTTCTTC,1010,4,clonotype1,clonotype1_consensus_1
CCACGGAGTGCATCTA-1,True,CCACGGAGTGCATCTA-1_contig_1,True,571,TRA,TRAV12-1,None,TRAJ21,TRAC,True,True,CVVNYNFNKFYF,TGTGTGGTGAACTACAACTTCAACAAATTTTACTTT,669,3,clonotype193,clonotype193_consensus_2
CCACGGAGTGCATCTA-1,True,CCACGGAGTGCATCTA-1_contig_2,True,521,TRB,TRBV20-1,None,TRBJ2-5,TRBC2,True,True,CSARDRERGETQYF,TGCAGTGCTAGAGATCGAGAGAGGGGCGAGACCCAGTACTTC,1112,6,clonotype193,clonotype193_consensus_1
CCACGGAGTGTGACGA-1,True,CCACGGAGTGTGACGA-1_contig_1,True,521,TRB,TRBV20-1,None,TRBJ2-1,TRBC2,True,True,CSARVGSEVNEQFF,TGCAGTGCTAGAGTGGGGTCGGAAGTCAATGAGCAGTTCTTC,2297,10,clonotype2,clonotype2_consensus_1
CCACGGATCATACGGT-1,True,CCACGGATCATACGGT-1_contig_1,True,505,TRA,TRAV1-2,None,TRAJ33,TRAC,True,True,CAATDSNYQLIW,TGTGCTGCGACTGATAGCAACTATCAGTTAATCTGG,1177,4,clonotype1,clonotype1_consensus_2
CCACGGATCATACGGT-1,True,CCACGGATCATACGGT-1_contig_2,True,498,TRB,TRBV20-1,None,TRBJ2-1,TRBC2,True,True,CSARVGSEVNEQFF,TGCAGTGCTAGAGTGGGGTCGGAAGTCAATGAGCAGTTCTTC,3250,11,clonotype1,clonotype1_consensus_1
CCACGGATCATCACCC-1,True,CCACGGATCATCACCC-1_contig_1,True,505,TRA,TRAV1-2,None,TRAJ33,TRAC,True,True,CAATDSNYQLIW,TGTGCTGCGACTGATAGCAACTATCAGTTAATCTGG,61,3,clonotype1,clonotype1_consensus_2
CCACGGATCATCACCC-1,True,CCACGGATCATCACCC-1_contig_2,True,521,TRB,TRBV20-1,None,TRBJ2-1,TRBC2,True,True,CSARVGSEVNEQFF,TGCAGTGCTAGAGTGGGGTCGGAAGTCAATGAGCAGTTCTTC,2662,9,clonotype1,clonotype1_consensus_1
CCACGGATCATCACCC-1,True,CCACGGATCATCACCC-1_contig_3,True,502,TRA,TRAV10,None,TRAJ24,TRAC,True,False,None,None,60,1,clonotype1,None
CCACGGATCCGAAGAG-1,True,CCACGGATCCGAAGAG-1_contig_1,True,498,TRB,TRBV20-1,None,TRBJ2-1,TRBC2,True,True,CSARVGSEVNEQFF,TGCAGTGCTAGAGTGGGGTCGGAAGTCAATGAGCAGTTCTTC,2926,12,clonotype2,clonotype2_consensus_1
CCACGGATCCGAAGAG-1,True,CCACGGATCCGAAGAG-1_contig_2,True,459,TRA,TRAV10,None,TRAJ24,TRAC,True,False,None,None,465,1,clonotype2,None
CCACGGATCGTGTAGT-1,True,CCACGGATCGTGTAGT-1_contig_1,True,558,TRA,TRAV5,None,TRAJ4,TRAC,True,True,CADRPSGGYNKLIF,TGTGCAGACCGACCTTCTGGTGGCTACAATAAGCTGATTTTT,181,2,clonotype1449,clonotype1449_consensus_1
CCACGGATCGTGTAGT-1,True,CCACGGATCGTGTAGT-1_contig_2,True,524,TRB,TRBV20-1,None,TRBJ1-5,TRBC1,True,True,CSASDNRGSNQPQHF,TGCAGTGCTAGTGATAACAGGGGGAGCAATCAGCCCCAGCATTTT,283,4,clonotype1449,clonotype1449_consensus_2
CCACGGATCTGAGTGT-1,True,CCACGGATCTGAGTGT-1_contig_1,True,576,TRA,TRAV8-4,None,TRAJ13,TRAC,True,True,CAVSDANSGGYQKVTF,TGTGCTGTGAGTGACGCGAATTCTGGGGGTTACCAGAAAGTTACCTTT,306,3,clonotype1450,clonotype1450_consensus_1
CCACGGATCTGAGTGT-1,True,CCACGGATCTGAGTGT-1_contig_2,True,532,TRB,TRBV20-1,None,TRBJ2-2,TRBC2,True,False,CSASAGTS,TGCAGTGCTTCAGCCGGGACTAGC,1690,6,clonotype1450,None
CCACGGATCTGCTGCT-1,True,CCACGGATCTGCTGCT-1_contig_1,True,497,TRA,TRAV13-2,None,TRAJ20,TRAC,True,True,CLNDYKLSF,TGTTTAAACGACTACAAGCTCAGCTTT,1421,5,clonotype1451,clonotype1451_consensus_2
CCACGGATCTGCTGCT-1,True,CCACGGATCTGCTGCT-1_contig_2,True,524,TRB,TRBV20-1,None,TRBJ1-4,TRBC1,True,True,CSARGPTETTNEKLFF,TGCAGTGCTAGAGGTCCCACAGAGACAACTAATGAAAAACTGTTTTTT,778,4,clonotype1451,clonotype1451_consensus_1
CCACGGATCTGTACGA-1,True,CCACGGATCTGTACGA-1_contig_1,True,486,TRB,TRBV20-1,None,TRBJ1-5,TRBC1,True,True,CSAGRLDQPQHF,TGCAGTGCCGGGAGACTCGATCAGCCCCAGCATTTT,2246,10,clonotype34,clonotype34_consensus_2
CCACGGATCTGTACGA-1,True,CCACGGATCTGTACGA-1_contig_2,True,568,TRA,TRAV19,None,TRAJ39,TRAC,True,True,CALSERRNAGNMLTF,TGTGCTCTGAGTGAGAGGAGGAATGCAGGCAACATGCTCACCTTT,1118,5,clonotype34,clonotype34_consensus_1
CCACGGATCTGTCTAT-1,True,CCACGGATCTGTCTAT-1_contig_1,True,521,TRB,TRBV20-1,None,TRBJ2-1,TRBC2,True,True,CSARVGSEVNEQFF,TGCAGTGCTAGAGTGGGGTCGGAAGTCAATGAGCAGTTCTTC,1444,7,clonotype2,clonotype2_consensus_1
CCACTACAGAAACGCC-1,True,CCACTACAGAAACGCC-1_contig_1,True,502,TRA,TRAV5,None,TRAJ3,TRAC,True,True,CAETGYSSASKIIF,TGTGCAGAGACCGGGTACAGCAGTGCTTCCAAGATAATCTTT,201,2,clonotype1452,clonotype1452_consensus_1
CCACTACAGAAACGCC-1,True,CCACTACAGAAACGCC-1_contig_2,True,322,TRB,TRBV5-5,None,TRBJ2-7,TRBC2,True,False,CASSNRDRGYEQYF,TGTGCCAGCAGCAACCGGGACAGGGGGTATGAGCAGTACTTC,611,2,clonotype1452,None
CCACTACAGAACAATC-1,True,CCACTACAGAACAATC-1_contig_1,True,511,TRA,TRAV23/DV6,None,TRAJ24,TRAC,True,True,CAASATDSWGKFQF,TGTGCAGCAAGCGCAACTGACAGCTGGGGGAAATTCCAGTTT,120,3,clonotype1453,clonotype1453_consensus_1
CCACTACAGAACAATC-1,True,CCACTACAGAACAATC-1_contig_2,True,498,TRB,TRBV20-1,None,TRBJ1-5,TRBC1,True,True,CSARKGAGNQPQHF,TGCAGTGCTAGGAAGGGGGCGGGCAATCAGCCCCAGCATTTT,3045,8,clonotype1453,clonotype1453_consensus_2
CCACTACAGAACAATC-1,True,CCACTACAGAACAATC-1_contig_3,True,304,TRB,None,None,TRBJ2-7,TRBC2,False,False,None,None,474,1,clonotype1453,None
CCACTACAGATGTTAG-1,True,CCACTACAGATGTTAG-1_contig_1,True,505,TRA,TRAV1-2,None,TRAJ33,TRAC,True,True,CAATDSNYQLIW,TGTGCTGCGACTGATAGCAACTATCAGTTAATCTGG,662,4,clonotype1,clonotype1_consensus_2
CCACTACAGATGTTAG-1,True,CCACTACAGATGTTAG-1_contig_2,True,521,TRB,TRBV20-1,None,TRBJ2-1,TRBC2,True,True,CSARVGSEVNEQFF,TGCAGTGCTAGAGTGGGGTCGGAAGTCAATGAGCAGTTCTTC,3061,7,clonotype1,clonotype1_consensus_1
CCACTACAGGACACCA-1,True,CCACTACAGGACACCA-1_contig_1,True,521,TRB,TRBV20-1,None,TRBJ2-1,TRBC2,True,True,CSARVGSEVNEQFF,TGCAGTGCTAGAGTGGGGTCGGAAGTCAATGAGCAGTTCTTC,1971,5,clonotype2,clonotype2_consensus_1
CCACTACAGGTCATCT-1,True,CCACTACAGGTCATCT-1_contig_1,True,521,TRB,TRBV20-1,None,TRBJ1-4,TRBC1,True,True,CSARGDGTNEKLFF,TGCAGTGCCCGGGGCGATGGGACTAATGAAAAACTGTTTTTT,1707,5,clonotype1454,clonotype1454_consensus_3
CCACTACAGGTCATCT-1,True,CCACTACAGGTCATCT-1_contig_2,True,503,TRA,TRAV6,None,TRAJ6,TRAC,True,True,CALAVGGSYIPTF,TGTGCTCTAGCCGTGGGAGGAAGCTACATACCTACATTT,652,3,clonotype1454,clonotype1454_consensus_1
CCACTACAGGTCATCT-1,True,CCACTACAGGTCATCT-1_contig_3,True,683,TRA,TRAV8-3,None,TRAJ4,TRAC,True,True,CAVGPPWGGYNKLIF,TGTGCTGTGGGTCCTCCTTGGGGTGGCTACAATAAGCTGATTTTT,900,3,clonotype1454,clonotype1454_consensus_2
CCACTACAGGTCATCT-1,True,CCACTACAGGTCATCT-1_contig_4,True,347,TRB,None,None,TRBJ1-5,TRBC1,False,False,None,None,850,5,clonotype1454,None
CCACTACAGTTCGCGC-1,True,CCACTACAGTTCGCGC-1_contig_1,True,505,TRA,TRAV1-2,None,TRAJ33,TRAC,True,True,CAATDSNYQLIW,TGTGCTGCGACTGATAGCAACTATCAGTTAATCTGG,306,4,clonotype1,clonotype1_consensus_2
CCACTACAGTTCGCGC-1,True,CCACTACAGTTCGCGC-1_contig_2,True,498,TRB,TRBV20-1,None,TRBJ2-1,TRBC2,True,True,CSARVGSEVNEQFF,TGCAGTGCTAGAGTGGGGTCGGAAGTCAATGAGCAGTTCTTC,1694,9,clonotype1,clonotype1_consensus_1
CCACTACCAAGCTGTT-1,True,CCACTACCAAGCTGTT-1_contig_1,True,524,TRB,TRBV20-1,None,TRBJ2-2,TRBC2,True,True,CSARPQLTNTGELFF,TGCAGTGCTAGACCCCAACTAACCAACACCGGGGAGCTGTTTTTT,976,10,clonotype13,clonotype13_consensus_2
CCACTACCAAGCTGTT-1,True,CCACTACCAAGCTGTT-1_contig_2,True,516,TRA,TRAV21,None,TRAJ11,TRAC,True,True,CAASASGYSTLTF,TGTGCTGCCTCAGCATCAGGATACAGCACCCTCACCTTT,1102,6,clonotype13,clonotype13_consensus_1
CCACTACCAAGTACCT-1,True,CCACTACCAAGTACCT-1_contig_1,True,492,TRB,TRBV20-1,None,TRBJ1-5,TRBC1,True,True,CSASNPDQPQHF,TGCAGTGCTTCCAATCCGGATCAGCCCCAGCATTTT,1057,5,clonotype1455,clonotype1455_consensus_1
CCACTACCAAGTACCT-1,True,CCACTACCAAGTACCT-1_contig_2,True,574,TRA,TRAV29/DV5,None,TRAJ37,TRAC,True,True,CAATSYSSNTGKLIF,TGTGCAGCAACCTCTTACTCTAGCAACACAGGCAAACTAATCTTT,1670,5,clonotype1455,clonotype1455_consensus_2
CCACTACCAGGGTATG-1,True,CCACTACCAGGGTATG-1_contig_1,True,508,TRA,TRAV1-2,None,TRAJ20,TRAC,True,True,CAVRRSNDYKLSF,TGTGCTGTGAGAAGATCTAACGACTACAAGCTCAGCTTT,435,4,clonotype1456,clonotype1456_consensus_1
CCACTACCAGGGTATG-1,True,CCACTACCAGGGTATG-1_contig_2,True,498,TRB,TRBV20-1,None,TRBJ1-4,TRBC1,True,True,CSARGWQDNEKLFF,TGCAGTGCTAGAGGTTGGCAGGATAATGAAAAACTGTTTTTT,2401,11,clonotype1456,clonotype1456_consensus_2
CCACTACCAGGGTTAG-1,True,CCACTACCAGGGTTAG-1_contig_1,True,524,TRB,TRBV20-1,None,TRBJ1-5,TRBC1,True,True,CSARGDRGRDQPQHF,TGCAGTGCTAGGGGGGACAGGGGGCGCGATCAGCCCCAGCATTTT,2907,11,clonotype1457,clonotype1457_consensus_1
CCACTACCATCCCACT-1,True,CCACTACCATCCCACT-1_contig_1,True,505,TRA,TRAV1-2,None,TRAJ33,TRAC,True,True,CAATDSNYQLIW,TGTGCTGCGACTGATAGCAACTATCAGTTAATCTGG,348,4,clonotype1,clonotype1_consensus_2
CCACTACCATCCCACT-1,True,CCACTACCATCCCACT-1_contig_2,True,498,TRB,TRBV20-1,None,TRBJ2-1,TRBC2,True,True,CSARVGSEVNEQFF,TGCAGTGCTAGAGTGGGGTCGGAAGTCAATGAGCAGTTCTTC,3096,10,clonotype1,clonotype1_consensus_1
CCACTACCATCCCACT-1,True,CCACTACCATCCCACT-1_contig_3,True,472,TRA,TRAV10,None,TRAJ24,TRAC,True,False,None,None,431,4,clonotype1,None
CCACTACCATGTCGAT-1,True,CCACTACCATGTCGAT-1_contig_1,True,491,TRA,TRAV4,None,TRAJ22,TRAC,True,True,CLVGAVSGSARQLTF,TGCCTCGTGGGTGCCGTTTCTGGTTCTGCAAGGCAACTGACCTTT,179,2,clonotype1458,clonotype1458_consensus_1
CCACTACCATGTCGAT-1,True,CCACTACCATGTCGAT-1_contig_2,True,493,TRB,TRBV5-6,None,TRBJ2-1,TRBC2,True,True,CASSAGLAGVGEQFF,TGTGCCAGCAGCGCGGGACTAGCGGGGGTTGGTGAGCAGTTCTTC,967,7,clonotype1458,clonotype1458_consensus_2
CCACTACCATTGTGCA-1,True,CCACTACCATTGTGCA-1_contig_1,True,524,TRB,TRBV20-1,None,TRBJ2-7,TRBC2,True,True,CSAGPRTGLSYEQYF,TGCAGTGCTGGACCCCGGACAGGGTTGAGCTACGAGCAGTACTTC,1626,6,clonotype1459,clonotype1459_consensus_2
CCACTACCATTGTGCA-1,True,CCACTACCATTGTGCA-1_contig_2,True,532,TRA,TRAV36/DV7,None,TRAJ45,TRAC,True,True,CAARALGNSGGGADGLTF,TGTGCTGCTCGAGCGTTAGGTAATTCAGGAGGAGGTGCTGACGGACTCACCTTT,318,5,clonotype1459,clonotype1459_consensus_1
CCACTACGTATGCTTG-1,True,CCACTACGTATGCTTG-1_contig_1,True,505,TRA,TRAV1-2,None,TRAJ33,TRAC,True,True,CAATDSNYQLIW,TGTGCTGCGACTGATAGCAACTATCAGTTAATCTGG,283,4,clonotype1,clonotype1_consensus_2
CCACTACGTATGCTTG-1,True,CCACTACGTATGCTTG-1_contig_2,True,521,TRB,TRBV20-1,None,TRBJ2-1,TRBC2,True,True,CSARVGSEVNEQFF,TGCAGTGCTAGAGTGGGGTCGGAAGTCAATGAGCAGTTCTTC,1243,5,clonotype1,clonotype1_consensus_1
CCACTACGTCAGATAA-1,True,CCACTACGTCAGATAA-1_contig_1,True,505,TRA,TRAV1-2,None,TRAJ33,TRAC,True,True,CAATDSNYQLIW,TGTGCTGCGACTGATAGCAACTATCAGTTAATCTGG,204,2,clonotype1,clonotype1_consensus_2
CCACTACGTCAGATAA-1,True,CCACTACGTCAGATAA-1_contig_2,True,521,TRB,TRBV20-1,None,TRBJ2-1,TRBC2,True,True,CSARVGSEVNEQFF,TGCAGTGCTAGAGTGGGGTCGGAAGTCAATGAGCAGTTCTTC,1130,3,clonotype1,clonotype1_consensus_1
CCACTACGTCAGATAA-1,True,CCACTACGTCAGATAA-1_contig_3,True,467,TRA,TRAV10,None,TRAJ24,TRAC,True,False,None,None,1196,4,clonotype1,None
CCACTACGTCAGCTAT-1,True,CCACTACGTCAGCTAT-1_contig_1,True,484,TRB,TRBV5-6,None,TRBJ2-7,TRBC2,True,True,CASRVGSYEQYF,TGTGCCAGCAGAGTTGGATCCTACGAGCAGTACTTC,365,5,clonotype1460,clonotype1460_consensus_1
CCACTACGTCAGCTAT-1,True,CCACTACGTCAGCTAT-1_contig_2,True,459,TRA,TRAV13-1,None,TRAJ24,TRAC,True,True,CAATSRSWGKFQF,TGTGCAGCAACCTCACGGAGCTGGGGGAAATTCCAGTTT,6930,1,clonotype1460,clonotype1460_consensus_2
CCACTACGTCAGCTAT-1,True,CCACTACGTCAGCTAT-1_contig_3,True,411,TRA,TRAV3,None,TRAJ20,TRAC,True,False,None,None,129,2,clonotype1460,None
CCACTACGTCATGCAT-1,True,CCACTACGTCATGCAT-1_contig_1,True,462,TRA,TRAV13-1,None,TRAJ10,TRAC,True,True,CAARLTGGGNKLTF,TGTGCAGCGCGCCTCACGGGAGGAGGAAACAAACTCACCTTT,1096,5,clonotype1461,clonotype1461_consensus_1
CCACTACGTCATGCAT-1,True,CCACTACGTCATGCAT-1_contig_2,True,530,TRB,TRBV20-1,None,TRBJ2-2,TRBC2,True,True,CSARDRLAGGATGELFF,TGCAGTGCTAGAGATAGGCTAGCGGGGGGTGCCACCGGGGAGCTGTTTTTT,918,7,clonotype1461,clonotype1461_consensus_2
CCACTACGTCTTCAAG-1,True,CCACTACGTCTTCAAG-1_contig_1,True,486,TRB,TRBV20-1,None,TRBJ2-5,TRBC2,True,True,CSAPQETQYF,TGCAGTGCTCCGCAAGAGACCCAGTACTTC,1951,11,clonotype273,clonotype273_consensus_2
CCACTACGTCTTCAAG-1,True,CCACTACGTCTTCAAG-1_contig_2,True,539,TRA,TRAV12-2,None,TRAJ29,TRAC,True,True,CAVNKGNTPLVF,TGTGCCGTGAACAAGGGAAACACACCTCTTGTCTTT,280,3,clonotype273,clonotype273_consensus_3
CCACTACGTCTTCAAG-1,True,CCACTACGTCTTCAAG-1_contig_3,True,490,TRA,TRAV10,None,TRAJ6,TRAC,True,True,CVVSGGGLSGGSYIPTF,TGTGTGGTGAGCGGGGGGGGCTTATCAGGAGGAAGCTACATACCTACATTT,218,4,clonotype273,clonotype273_consensus_1
CCACTACGTGAGCGAT-1,True,CCACTACGTGAGCGAT-1_contig_1,True,509,TRA,TRAV13-2,None,TRAJ24,TRAC,True,True,CAERADSWGKLQF,TGTGCAGAGCGCGCTGACAGCTGGGGGAAATTGCAGTTT,624,5,clonotype204,clonotype204_consensus_2
CCACTACGTGAGCGAT-1,True,CCACTACGTGAGCGAT-1_contig_2,True,505,TRB,TRBV20-1,None,TRBJ2-4,TRBC2,True,True,CSARVSGQGDIQYF,TGCAGTGCTAGGGTCTCCGGGCAAGGGGACATTCAGTACTTC,1860,13,clonotype204,clonotype204_consensus_1
CCACTACTCCGTCATC-1,True,CCACTACTCCGTCATC-1_contig_1,True,571,TRA,TRAV19,None,TRAJ45,TRAC,True,True,CALSDFSGGGADGLTF,TGTGCTCTGAGTGATTTCTCAGGAGGAGGTGCTGACGGACTCACCTTT,490,6,clonotype1462,clonotype1462_consensus_2
CCACTACTCCGTCATC-1,True,CCACTACTCCGTCATC-1_contig_2,True,490,TRB,TRBV5-6,None,TRBJ1-2,TRBC1,True,True,CASSFNRGQNGYTF,TGTGCCAGCAGCTTCAACAGGGGGCAGAATGGCTACACCTTC,1626,8,clonotype1462,clonotype1462_consensus_1
CCACTACTCCGTCATC-1,True,CCACTACTCCGTCATC-1_contig_3,True,386,TRB,TRBV20-1,None,TRBJ2-3,TRBC2,True,False,CSARKTSSSSTDTQYF,TGCAGTGCTAGGAAGACTAGCAGCTCTAGCACAGATACGCAGTATTTT,13,4,clonotype1462,None
CCACTACTCGAATCCA-1,True,CCACTACTCGAATCCA-1_contig_1,True,505,TRA,TRAV1-2,None,TRAJ33,TRAC,True,True,CAATDSNYQLIW,TGTGCTGCGACTGATAGCAACTATCAGTTAATCTGG,209,3,clonotype1,clonotype1_consensus_2
CCACTACTCGAATCCA-1,True,CCACTACTCGAATCCA-1_contig_2,True,484,TRB,TRBV20-1,None,TRBJ2-1,TRBC2,True,True,CSARVGSEVNEQFF,TGCAGTGCTAGAGTGGGGTCGGAAGTCAATGAGCAGTTCTTC,1096,6,clonotype1,clonotype1_consensus_1
CCACTACTCGAATCCA-1,True,CCACTACTCGAATCCA-1_contig_3,True,506,TRA,TRAV10,None,TRAJ24,TRAC,True,False,None,None,576,5,clonotype1,None
CCACTACTCGTGGTCG-1,True,CCACTACTCGTGGTCG-1_contig_1,True,479,TRA,TRAV4,None,TRAJ10,TRAC,True,True,CLVEAGTGGGNKLTF,TGCCTCGTGGAAGCAGGCACGGGAGGAGGAAACAAACTCACCTTT,270,3,clonotype1463,clonotype1463_consensus_1
CCACTACTCGTGGTCG-1,True,CCACTACTCGTGGTCG-1_contig_2,True,670,TRB,TRBV5-5,None,TRBJ1-1,TRBC1,True,True,CASSLRPENTEAFF,TGTGCCAGCAGCTTGCGACCCGAGAACACTGAAGCTTTCTTT,1926,10,clonotype1463,clonotype1463_consensus_2
CCACTACTCTCAACTT-1,True,CCACTACTCTCAACTT-1_contig_1,True,505,TRA,TRAV1-2,None,TRAJ33,TRAC,True,True,CAATDSNYQLIW,TGTGCTGCGACTGATAGCAACTATCAGTTAATCTGG,128,2,clonotype1,clonotype1_consensus_2
CCACTACTCTCAACTT-1,True,CCACTACTCTCAACTT-1_contig_2,True,485,TRB,TRBV20-1,None,TRBJ2-1,TRBC2,True,True,CSARVGSEVNEQFF,TGCAGTGCTAGAGTGGGGTCGGAAGTCAATGAGCAGTTCTTC,2768,10,clonotype1,clonotype1_consensus_1
CCACTACTCTCAACTT-1,True,CCACTACTCTCAACTT-1_contig_3,True,465,TRA,TRAV10,None,TRAJ24,TRAC,True,False,None,None,2351,3,clonotype1,None
CCACTACTCTCGCTTG-1,True,CCACTACTCTCGCTTG-1_contig_1,True,521,TRB,TRBV20-1,None,TRBJ2-1,TRBC2,True,True,CSARVGSEVNEQFF,TGCAGTGCTAGAGTGGGGTCGGAAGTCAATGAGCAGTTCTTC,1253,8,clonotype2,clonotype2_consensus_1
CCACTACTCTCGCTTG-1,True,CCACTACTCTCGCTTG-1_contig_2,True,459,TRA,TRAV10,None,TRAJ24,TRAC,True,False,None,None,151,2,clonotype2,None
CCAGCGAAGAGCTTCT-1,True,CCAGCGAAGAGCTTCT-1_contig_1,True,509,TRB,TRBV20-1,None,TRBJ1-1,TRBC1,True,True,CSARSFEAFF,TGCAGTGCCCGATCCTTCGAAGCTTTCTTT,923,4,clonotype1464,clonotype1464_consensus_1
CCAGCGAAGAGCTTCT-1,True,CCAGCGAAGAGCTTCT-1_contig_2,True,492,TRA,TRAV13-2,None,TRAJ26,TRAC,True,True,CAENNWNYGQNFVF,TGTGCAGAGAATAACTGGAACTATGGTCAGAATTTTGTCTTT,1332,4,clonotype1464,clonotype1464_consensus_2
CCAGCGAAGAGCTTCT-1,True,CCAGCGAAGAGCTTCT-1_contig_3,True,512,TRB,TRBV20-1,None,TRBJ1-1,TRBC1,True,True,CSARTNTEAFF,TGCAGTGCTAGGACAAACACTGAAGCTTTCTTT,1640,6,clonotype1464,clonotype1464_consensus_3
CCAGCGAAGAGCTTCT-1,True,CCAGCGAAGAGCTTCT-1_contig_4,True,314,TRB,None,None,TRBJ2-1,TRBC2,False,False,None,None,437,5,clonotype1464,None
CCAGCGAAGATCGGGT-1,True,CCAGCGAAGATCGGGT-1_contig_1,True,495,TRB,TRBV20-1,None,TRBJ2-1,TRBC2,True,True,CSARDLAGYNEQFF,TGCAGTGCTAGAGACCTCGCGGGATACAATGAGCAGTTCTTC,1557,9,clonotype267,clonotype267_consensus_1
CCAGCGAAGATCGGGT-1,True,CCAGCGAAGATCGGGT-1_contig_2,True,513,TRA,TRAV12-3,None,TRAJ18,TRAC,True,True,CAMSGGPDRGSTLGRLYF,TGTGCAATGAGCGGTGGCCCCGACAGAGGCTCAACCCTGGGGAGGCTATACTTT,4128,3,clonotype267,clonotype267_consensus_2
CCAGCGAAGGAGCGAG-1,True,CCAGCGAAGGAGCGAG-1_contig_1,True,521,TRB,TRBV20-1,None,TRBJ2-7,TRBC2,True,True,CSALSPGGLDEQYF,TGCAGTGCCCTATCACCGGGGGGTTTAGACGAGCAGTACTTC,2225,7,clonotype1465,clonotype1465_consensus_1
CCAGCGAAGGAGCGAG-1,True,CCAGCGAAGGAGCGAG-1_contig_2,True,484,TRA,TRAV41,None,TRAJ58,TRAC,True,True,CAVSRTSGSRLTF,TGTGCTGTCAGCAGAACCAGTGGCTCTAGGTTGACCTTT,694,3,clonotype1465,clonotype1465_consensus_2
CCAGCGAAGTGACATA-1,True,CCAGCGAAGTGACATA-1_contig_1,True,501,TRA,TRAV36/DV7,None,TRAJ28,TRAC,True,True,CADSGAGSYQLTF,TGTGCGGACTCTGGGGCTGGGAGTTACCAACTCACTTTC,253,3,clonotype1466,clonotype1466_consensus_2
CCAGCGAAGTGACATA-1,True,CCAGCGAAGTGACATA-1_contig_2,True,521,TRB,TRBV20-1,None,TRBJ2-3,TRBC2,True,True,CSARGLYDTDTQYF,TGCAGTGCTAGGGGACTTTACGACACAGATACGCAGTATTTT,3315,12,clonotype1466,clonotype1466_consensus_1
CCAGCGACAAACTGCT-1,True,CCAGCGACAAACTGCT-1_contig_1,True,583,TRA,TRAV12-1,None,TRAJ9,TRAC,True,True,CVVTRNTGGFKTIF,TGTGTGGTGACACGAAATACTGGAGGCTTCAAAACTATCTTT,1238,4,clonotype5,clonotype5_consensus_2
CCAGCGACAAACTGCT-1,True,CCAGCGACAAACTGCT-1_contig_2,True,510,TRB,TRBV20-1,None,TRBJ1-5,TRBC1,True,True,CSARDDNRAKSFNQPQHF,TGCAGTGCTAGAGACGACAACCGGGCCAAATCCTTCAATCAGCCCCAGCATTTT,984,3,clonotype5,clonotype5_consensus_1
CCAGCGACAAGTCTAC-1,True,CCAGCGACAAGTCTAC-1_contig_1,True,505,TRA,TRAV1-2,None,TRAJ33,TRAC,True,True,CAATDSNYQLIW,TGTGCTGCGACTGATAGCAACTATCAGTTAATCTGG,234,1,clonotype1,clonotype1_consensus_2
CCAGCGACAAGTCTAC-1,True,CCAGCGACAAGTCTAC-1_contig_2,True,492,TRB,TRBV20-1,None,TRBJ2-1,TRBC2,True,True,CSARVGSEVNEQFF,TGCAGTGCTAGAGTGGGGTCGGAAGTCAATGAGCAGTTCTTC,2924,5,clonotype1,clonotype1_consensus_1
CCAGCGACAAGTCTAC-1,True,CCAGCGACAAGTCTAC-1_contig_3,True,482,TRA,TRAV10,None,TRAJ24,TRAC,True,False,None,None,181,2,clonotype1,None
CCAGCGACACTTCTGC-1,True,CCAGCGACACTTCTGC-1_contig_1,True,532,TRA,TRAV26-1,None,TRAJ53,TRAC,True,True,CIVRVRFSGGSNYKLTF,TGCATCGTCAGAGTGAGATTTAGTGGAGGTAGCAACTATAAACTGACATTT,614,3,clonotype274,clonotype274_consensus_1
CCAGCGACACTTCTGC-1,True,CCAGCGACACTTCTGC-1_contig_2,True,533,TRB,TRBV20-1,None,TRBJ2-7,TRBC2,True,True,CSARAQSRGQGSPYEQYF,TGCAGTGCTAGGGCGCAGTCCCGAGGACAGGGGTCCCCCTACGAGCAGTACTTC,2707,10,clonotype274,clonotype274_consensus_2
CCAGCGACATAGGATA-1,True,CCAGCGACATAGGATA-1_contig_1,True,556,TRA,TRAV19,None,TRAJ20,TRAC,True,True,CALANDYKLSF,TGTGCTCTCGCTAACGACTACAAGCTCAGCTTT,5968,7,clonotype1467,clonotype1467_consensus_1
CCAGCGACATAGGATA-1,True,CCAGCGACATAGGATA-1_contig_2,True,527,TRB,TRBV20-1,None,TRBJ1-5,TRBC1,True,True,CSAEDLGEWSNQPQHF,TGCAGTGCCGAGGATTTGGGGGAGTGGAGCAATCAGCCCCAGCATTTT,4678,18,clonotype1467,clonotype1467_consensus_2
CCAGCGACATAGGATA-1,True,CCAGCGACATAGGATA-1_contig_3,True,535,TRA,TRAV17,None,TRAJ22,TRAC,True,True,CATALSGSARQLTF,TGTGCTACGGCCCTTTCTGGTTCTGCAAGGCAACTGACCTTT,619,5,clonotype1467,clonotype1467_consensus_3
CCAGCGAGTATCTGCA-1,True,CCAGCGAGTATCTGCA-1_contig_1,True,511,TRA,TRAV29/DV5,None,TRAJ37,TRAC,True,True,CAASDGSSNTGKLIF,TGTGCAGCAAGCGATGGCTCTAGCAACACAGGCAAACTAATCTTT,117,1,clonotype1468,clonotype1468_consensus_1
CCAGCGAGTATCTGCA-1,True,CCAGCGAGTATCTGCA-1_contig_2,True,547,TRA,TRAV29/DV5,None,TRAJ45,TRAC,True,True,CAASENSGGGADGLTF,TGTGCAGCAAGCGAGAATTCAGGAGGAGGTGCTGACGGACTCACCTTT,460,3,clonotype1468,clonotype1468_consensus_2
CCAGCGAGTATCTGCA-1,True,CCAGCGAGTATCTGCA-1_contig_3,True,710,TRB,TRBV5-6,None,TRBJ1-6,TRBC1,True,True,CASSLVGITNSPLHF,TGTGCCAGCAGCTTGGTCGGCATCACCAATTCACCCCTCCACTTT,281,3,clonotype1468,clonotype1468_consensus_3
CCAGCGAGTCGCGGTT-1,True,CCAGCGAGTCGCGGTT-1_contig_1,True,505,TRA,TRAV1-2,None,TRAJ33,TRAC,True,True,CAATDSNYQLIW,TGTGCTGCGACTGATAGCAACTATCAGTTAATCTGG,925,3,clonotype1,clonotype1_consensus_2
CCAGCGAGTCGCGGTT-1,True,CCAGCGAGTCGCGGTT-1_contig_2,True,521,TRB,TRBV20-1,None,TRBJ2-1,TRBC2,True,True,CSARVGSEVNEQFF,TGCAGTGCTAGAGTGGGGTCGGAAGTCAATGAGCAGTTCTTC,2124,10,clonotype1,clonotype1_consensus_1
CCAGCGAGTCGCGGTT-1,True,CCAGCGAGTCGCGGTT-1_contig_3,True,564,TRA,TRAV10,None,TRAJ24,TRAC,True,False,None,None,843,2,clonotype1,None
CCAGCGAGTGAGGGTT-1,True,CCAGCGAGTGAGGGTT-1_contig_1,True,515,TRB,TRBV20-1,None,TRBJ1-5,TRBC1,True,True,CSAGRLDQPQHF,TGCAGTGCCGGGAGACTCGATCAGCCCCAGCATTTT,1955,8,clonotype1469,clonotype1469_consensus_2
CCAGCGAGTGAGGGTT-1,True,CCAGCGAGTGAGGGTT-1_contig_2,True,570,TRA,TRAV8-4,None,TRAJ43,TRAC,True,True,CAVSAAYNNNDMRF,TGTGCTGTGAGTGCTGCTTACAATAACAATGACATGCGCTTT,2477,7,clonotype1469,clonotype1469_consensus_4
CCAGCGAGTGAGGGTT-1,True,CCAGCGAGTGAGGGTT-1_contig_3,True,521,TRB,TRBV20-1,None,TRBJ2-5,TRBC2,True,True,CSARGWAYGETQYF,TGCAGTGCTAGGGGGTGGGCCTATGGGGAGACCCAGTACTTC,1598,7,clonotype1469,clonotype1469_consensus_3
CCAGCGAGTGAGGGTT-1,True,CCAGCGAGTGAGGGTT-1_contig_4,True,568,TRA,TRAV19,None,TRAJ39,TRAC,True,True,CALSERRNAGNMLTF,TGTGCTCTGAGTGAGAGGAGGAATGCAGGCAACATGCTCACCTTT,608,3,clonotype1469,clonotype1469_consensus_1
CCAGCGAGTGAGGGTT-1,True,CCAGCGAGTGAGGGTT-1_contig_5,True,674,TRA,TRAV8-3,None,TRAJ16,TRAC,True,False,None,None,419,2,clonotype1469,None
CCAGCGAGTGCACTTA-1,True,CCAGCGAGTGCACTTA-1_contig_1,True,499,TRA,TRAV17,None,TRAJ56,TRAC,True,True,CATGANSKLTF,TGTGCTACGGGGGCCAATAGTAAGCTGACATTT,1153,5,clonotype1470,clonotype1470_consensus_1
CCAGCGAGTGCACTTA-1,True,CCAGCGAGTGCACTTA-1_contig_2,True,490,TRB,TRBV5-6,None,TRBJ1-4,TRBC1,True,True,CASSLWPGNEKLFF,TGTGCCAGCAGCTTGTGGCCGGGTAATGAAAAACTGTTTTTT,814,2,clonotype1470,clonotype1470_consensus_2
CCAGCGATCAACGAAA-1,True,CCAGCGATCAACGAAA-1_contig_1,True,527,TRB,TRBV20-1,None,TRBJ1-5,TRBC1,True,True,CSARDRLAGGGNQPQHF,TGCAGTGCTAGGGACCGCCTTGCCGGCGGGGGCAATCAGCCCCAGCATTTT,1184,5,clonotype1471,clonotype1471_consensus_1
CCAGCGATCAACGAAA-1,True,CCAGCGATCAACGAAA-1_contig_2,True,607,TRA,TRAV21,None,TRAJ17,TRAC,True,True,CAVREGAGAAGNKLTF,TGTGCTGTGAGGGAGGGAGCCGGAGCTGCAGGCAACAAGCTAACTTTT,392,4,clonotype1471,clonotype1471_consensus_2
CCAGCGATCAACGAAA-1,True,CCAGCGATCAACGAAA-1_contig_3,True,359,TRB,None,None,TRBJ2-3,TRBC2,False,False,None,None,1269,3,clonotype1471,None
CCAGCGATCAATACCG-1,True,CCAGCGATCAATACCG-1_contig_1,True,508,TRA,TRAV20,None,TRAJ26,TRAC,True,True,CAVPIDNYGQNFVF,TGTGCTGTGCCCATCGATAACTATGGTCAGAATTTTGTCTTT,955,5,clonotype1472,clonotype1472_consensus_3
CCAGCGATCAATACCG-1,True,CCAGCGATCAATACCG-1_contig_2,True,515,TRA,TRAV27,None,TRAJ36,TRAC,True,True,CAGRGAGANNLFF,TGTGCAGGACGGGGGGCTGGGGCAAACAACCTCTTCTTT,1087,3,clonotype1472,clonotype1472_consensus_1
CCAGCGATCAATACCG-1,True,CCAGCGATCAATACCG-1_contig_3,True,649,TRB,TRBV5-6,None,TRBJ1-5,TRBC1,True,True,CASSLRSNQPQHF,TGTGCCAGCAGCTTGAGGAGCAATCAGCCCCAGCATTTT,2061,5,clonotype1472,clonotype1472_consensus_2
CCAGCGATCACCCGAG-1,True,CCAGCGATCACCCGAG-1_contig_1,True,521,TRB,TRBV20-1,None,TRBJ2-7,TRBC2,True,True,CSARELTGAYEQYF,TGCAGTGCTAGAGAACTGACGGGGGCTTACGAGCAGTACTTC,2930,7,clonotype1473,clonotype1473_consensus_2
CCAGCGATCACCCGAG-1,True,CCAGCGATCACCCGAG-1_contig_2,True,543,TRA,TRAV21,None,TRAJ22,TRAC,True,True,CAFSGSARQLTF,TGTGCTTTTTCTGGTTCTGCAAGGCAACTGACCTTT,1591,5,clonotype1473,clonotype1473_consensus_1
CCAGCGATCACCCGAG-1,True,CCAGCGATCACCCGAG-1_contig_3,True,688,TRA,TRAV8-3,None,TRAJ38,TRAC,True,False,None,None,367,2,clonotype1473,None
CCAGCGATCACTGGGC-1,True,CCAGCGATCACTGGGC-1_contig_1,True,505,TRA,TRAV1-2,None,TRAJ33,TRAC,True,True,CAATDSNYQLIW,TGTGCTGCGACTGATAGCAACTATCAGTTAATCTGG,466,2,clonotype1,clonotype1_consensus_2
CCAGCGATCACTGGGC-1,True,CCAGCGATCACTGGGC-1_contig_2,True,521,TRB,TRBV20-1,None,TRBJ2-1,TRBC2,True,True,CSARVGSEVNEQFF,TGCAGTGCTAGAGTGGGGTCGGAAGTCAATGAGCAGTTCTTC,2073,8,clonotype1,clonotype1_consensus_1
CCAGCGATCACTGGGC-1,True,CCAGCGATCACTGGGC-1_contig_3,True,482,TRA,TRAV10,None,TRAJ24,TRAC,True,False,None,None,1012,3,clonotype1,None
CCAGCGATCCGCGGTA-1,True,CCAGCGATCCGCGGTA-1_contig_1,True,486,TRB,TRBV20-1,None,TRBJ1-4,TRBC1,True,True,CSATIGTDKLFF,TGCAGTGCTACGATCGGGACGGACAAACTGTTTTTT,1878,4,clonotype1474,clonotype1474_consensus_2
CCAGCGATCCGCGGTA-1,True,CCAGCGATCCGCGGTA-1_contig_2,True,465,TRA,TRAV13-1,None,TRAJ4,TRAC,True,True,CAASKGQGGYNKLIF,TGTGCAGCAAGTAAGGGACAAGGTGGCTACAATAAGCTGATTTTT,628,2,clonotype1474,clonotype1474_consensus_1
CCAGCGATCTGACCTC-1,True,CCAGCGATCTGACCTC-1_contig_1,True,498,TRB,TRBV20-1,None,TRBJ1-2,TRBC1,True,True,CSATETGASGEGYTF,TGCAGTGCTACGGAGACAGGGGCTTCGGGAGAGGGCTACACCTTC,1872,7,clonotype275,clonotype275_consensus_1
CCAGCGATCTTACCGC-1,True,CCAGCGATCTTACCGC-1_contig_1,True,505,TRA,TRAV1-2,None,TRAJ33,TRAC,True,True,CAATDSNYQLIW,TGTGCTGCGACTGATAGCAACTATCAGTTAATCTGG,1141,3,clonotype1,clonotype1_consensus_2
CCAGCGATCTTACCGC-1,True,CCAGCGATCTTACCGC-1_contig_2,True,498,TRB,TRBV20-1,None,TRBJ2-1,TRBC2,True,True,CSARVGSEVNEQFF,TGCAGTGCTAGAGTGGGGTCGGAAGTCAATGAGCAGTTCTTC,1472,5,clonotype1,clonotype1_consensus_1
CCATGTCAGACTAGGC-1,True,CCATGTCAGACTAGGC-1_contig_1,True,492,TRB,TRBV20-1,None,TRBJ2-1,TRBC2,True,True,CSASRENNEQFF,TGCAGTGCTAGCAGGGAGAACAATGAGCAGTTCTTC,2317,7,clonotype1475,clonotype1475_consensus_1
CCATGTCAGACTAGGC-1,True,CCATGTCAGACTAGGC-1_contig_2,True,486,TRA,TRAV4,None,TRAJ34,TRAC,True,True,CLVGGLSYNTDKLIF,TGCCTCGTGGGTGGGCTATCTTATAACACCGACAAGCTCATCTTT,753,2,clonotype1475,clonotype1475_consensus_2
CCATGTCAGAGACTTA-1,True,CCATGTCAGAGACTTA-1_contig_1,True,521,TRB,TRBV20-1,None,TRBJ2-1,TRBC2,True,True,CSARVGSEVNEQFF,TGCAGTGCTAGAGTGGGGTCGGAAGTCAATGAGCAGTTCTTC,754,3,clonotype2,clonotype2_consensus_1
CCATGTCAGATCCTGT-1,True,CCATGTCAGATCCTGT-1_contig_1,True,495,TRB,TRBV20-1,None,TRBJ1-1,TRBC1,True,True,CSALDSLNTEAFF,TGCAGTGCATTGGACAGCTTGAACACTGAAGCTTTCTTT,2461,9,clonotype1476,clonotype1476_consensus_2
CCATGTCAGATCCTGT-1,True,CCATGTCAGATCCTGT-1_contig_2,True,502,TRA,TRAV23/DV6,None,TRAJ49,TRAC,True,True,CAAYTGNQFYF,TGTGCAGCGTACACCGGTAACCAGTTCTATTTT,460,6,clonotype1476,clonotype1476_consensus_1
CCATGTCAGGACTGGT-1,True,CCATGTCAGGACTGGT-1_contig_1,True,498,TRB,TRBV20-1,None,TRBJ2-5,TRBC2,True,True,CSADGTSGGFDQETQYF,TGCAGTGCGGATGGGACTAGCGGGGGGTTTGATCAAGAGACCCAGTACTTC,1240,5,clonotype1477,clonotype1477_consensus_2
CCATGTCAGGACTGGT-1,True,CCATGTCAGGACTGGT-1_contig_2,True,541,TRA,TRAV12-1,None,TRAJ30,TRAC,True,True,CVVEMNRDDKIIF,TGTGTGGTGGAAATGAACAGAGATGACAAGATCATCTTT,589,4,clonotype1477,clonotype1477_consensus_1
CCATGTCAGGACTGGT-1,True,CCATGTCAGGACTGGT-1_contig_3,True,495,TRB,TRBV23-1,None,TRBJ2-6,TRBC2,True,False,CASSQFSRSHLRSGANVLTF,TGCGCCAGCAGTCAATTTTCCCGCAGCCATCTTCGCTCTGGGGCCAACGTCCTGACTTTC,134,2,clonotype1477,None
CCATGTCAGGCCCTTG-1,True,CCATGTCAGGCCCTTG-1_contig_1,True,643,TRA,TRAV8-2,None,TRAJ36,TRAC,True,True,CVVSSQTGANNLFF,TGTGTTGTGAGTTCCCAAACTGGGGCAAACAACCTCTTCTTT,129,3,clonotype176,clonotype176_consensus_2
CCATGTCAGGCCCTTG-1,True,CCATGTCAGGCCCTTG-1_contig_2,True,524,TRB,TRBV20-1,None,TRBJ2-7,TRBC2,True,True,CSALGISGGTYEQYF,TGCAGTGCCCTAGGGATTAGCGGGGGAACCTACGAGCAGTACTTC,1899,6,clonotype176,clonotype176_consensus_1
CCATGTCAGGTGTTAA-1,True,CCATGTCAGGTGTTAA-1_contig_1,True,495,TRB,TRBV20-1,None,TRBJ1-2,TRBC1,True,True,CSASVPSVLIGYTF,TGCAGTGCTAGTGTTCCTAGTGTCTTAATTGGCTACACCTTC,1519,10,clonotype134,clonotype134_consensus_1
CCATGTCAGGTGTTAA-1,True,CCATGTCAGGTGTTAA-1_contig_2,True,478,TRA,TRAV20,None,TRAJ45,TRAC,True,False,None,None,5486,9,clonotype134,None
CCATGTCAGTACCGGA-1,True,CCATGTCAGTACCGGA-1_contig_1,True,521,TRB,TRBV20-1,None,TRBJ2-1,TRBC2,True,True,CSARVGSEVNEQFF,TGCAGTGCTAGAGTGGGGTCGGAAGTCAATGAGCAGTTCTTC,1382,5,clonotype2,clonotype2_consensus_1
CCATGTCAGTACCGGA-1,True,CCATGTCAGTACCGGA-1_contig_2,True,458,TRA,TRAV10,None,TRAJ24,TRAC,True,False,None,None,279,2,clonotype2,None
CCATGTCCAAACCTAC-1,True,CCATGTCCAAACCTAC-1_contig_1,True,505,TRA,TRAV1-2,None,TRAJ33,TRAC,True,True,CAATDSNYQLIW,TGTGCTGCGACTGATAGCAACTATCAGTTAATCTGG,1457,4,clonotype1,clonotype1_consensus_2
CCATGTCCAAACCTAC-1,True,CCATGTCCAAACCTAC-1_contig_2,True,521,TRB,TRBV20-1,None,TRBJ2-1,TRBC2,True,True,CSARVGSEVNEQFF,TGCAGTGCTAGAGTGGGGTCGGAAGTCAATGAGCAGTTCTTC,1664,10,clonotype1,clonotype1_consensus_1
CCATGTCCACAGGCCT-1,True,CCATGTCCACAGGCCT-1_contig_1,True,521,TRB,TRBV20-1,None,TRBJ2-1,TRBC2,True,True,CSARVGSEVNEQFF,TGCAGTGCTAGAGTGGGGTCGGAAGTCAATGAGCAGTTCTTC,805,7,clonotype2,clonotype2_consensus_1
CCATGTCCACAGGCCT-1,True,CCATGTCCACAGGCCT-1_contig_2,True,482,TRA,TRAV10,None,TRAJ24,TRAC,True,False,None,None,439,4,clonotype2,None
CCATGTCCACGGATAG-1,True,CCATGTCCACGGATAG-1_contig_1,True,484,TRA,TRAV1-2,None,TRAJ33,TRAC,True,True,CAATDSNYQLIW,TGTGCTGCGACTGATAGCAACTATCAGTTAATCTGG,449,1,clonotype1,clonotype1_consensus_2
CCATGTCCACGGATAG-1,True,CCATGTCCACGGATAG-1_contig_2,True,492,TRB,TRBV20-1,None,TRBJ2-1,TRBC2,True,True,CSARVGSEVNEQFF,TGCAGTGCTAGAGTGGGGTCGGAAGTCAATGAGCAGTTCTTC,742,3,clonotype1,clonotype1_consensus_1
CCATGTCCACGGATAG-1,True,CCATGTCCACGGATAG-1_contig_3,True,467,TRA,TRAV10,None,TRAJ24,TRAC,True,False,None,None,394,1,clonotype1,None
CCATGTCCAGACAAGC-1,True,CCATGTCCAGACAAGC-1_contig_1,True,661,TRB,TRBV5-6,None,TRBJ2-7,TRBC2,True,True,CASSLVAGPYEQYF,TGTGCCAGCAGCTTGGTCGCAGGTCCCTACGAGCAGTACTTC,938,5,clonotype1478,clonotype1478_consensus_1
CCATGTCCAGCCTTTC-1,True,CCATGTCCAGCCTTTC-1_contig_1,True,514,TRA,TRAV1-2,None,TRAJ9,TRAC,True,True,CAVRDQNTGGFKTIF,TGTGCTGTGAGAGATCAGAATACTGGAGGCTTCAAAACTATCTTT,187,3,clonotype1479,clonotype1479_consensus_1
CCATGTCCAGCCTTTC-1,True,CCATGTCCAGCCTTTC-1_contig_2,True,491,TRB,TRBV20-1,None,TRBJ2-6,TRBC2,True,True,CSGRTGGSSGANVLTF,TGCAGCGGAAGGACAGGGGGAAGCTCTGGGGCCAACGTCCTGACTTTC,1562,9,clonotype1479,clonotype1479_consensus_2
CCATGTCGTAAGAGAG-1,True,CCATGTCGTAAGAGAG-1_contig_1,True,514,TRB,TRBV20-1,None,TRBJ2-1,TRBC2,True,True,CSARVGSEVNEQFF,TGCAGTGCTAGAGTGGGGTCGGAAGTCAATGAGCAGTTCTTC,1408,6,clonotype2,clonotype2_consensus_1
CCATGTCGTAGAAGGA-1,True,CCATGTCGTAGAAGGA-1_contig_1,True,498,TRB,TRBV20-1,None,TRBJ2-1,TRBC2,True,True,CSARVGSEVNEQFF,TGCAGTGCTAGAGTGGGGTCGGAAGTCAATGAGCAGTTCTTC,1429,5,clonotype2,clonotype2_consensus_1
CCATGTCGTAGAAGGA-1,True,CCATGTCGTAGAAGGA-1_contig_2,True,457,TRA,TRAV10,None,TRAJ24,TRAC,True,False,None,None,539,1,clonotype2,None
CCATGTCGTCAACATC-1,True,CCATGTCGTCAACATC-1_contig_1,True,505,TRA,TRAV1-2,None,TRAJ33,TRAC,True,True,CAATDSNYQLIW,TGTGCTGCGACTGATAGCAACTATCAGTTAATCTGG,503,2,clonotype1,clonotype1_consensus_2
CCATGTCGTCAACATC-1,True,CCATGTCGTCAACATC-1_contig_2,True,498,TRB,TRBV20-1,None,TRBJ2-1,TRBC2,True,True,CSARVGSEVNEQFF,TGCAGTGCTAGAGTGGGGTCGGAAGTCAATGAGCAGTTCTTC,896,4,clonotype1,clonotype1_consensus_1
CCATGTCGTCAGAGGT-1,True,CCATGTCGTCAGAGGT-1_contig_1,True,518,TRB,TRBV20-1,None,TRBJ1-5,TRBC1,True,True,CSASSEHNQPQHF,TGCAGTGCTAGTTCAGAACACAATCAGCCCCAGCATTTT,3157,12,clonotype1480,clonotype1480_consensus_2
CCATGTCGTCAGAGGT-1,True,CCATGTCGTCAGAGGT-1_contig_2,True,505,TRA,TRAV20,None,TRAJ47,TRAC,True,True,CAVQPVTQNKLVF,TGTGCTGTGCAGCCCGTGACACAGAACAAACTGGTCTTT,329,3,clonotype1480,clonotype1480_consensus_1
CCATGTCGTCATATCG-1,True,CCATGTCGTCATATCG-1_contig_1,True,538,TRA,TRAV12-1,None,TRAJ22,TRAC,True,True,CVVTRSGSARQLTF,TGTGTGGTGACCCGATCTGGTTCTGCAAGGCAACTGACCTTT,526,7,clonotype1481,clonotype1481_consensus_2
CCATGTCGTCATATCG-1,True,CCATGTCGTCATATCG-1_contig_2,True,495,TRB,TRBV20-1,None,TRBJ1-2,TRBC1,True,True,CSAKTETNYGYTF,TGCAGTGCGAAGACGGAAACTAACTATGGCTACACCTTC,1829,10,clonotype1481,clonotype1481_consensus_1
CCATGTCGTCGAGTTT-1,True,CCATGTCGTCGAGTTT-1_contig_1,True,555,TRA,TRAV5,None,TRAJ34,TRAC,True,True,CAESRADNTDKLIF,TGTGCAGAGAGCCGGGCCGATAACACCGACAAGCTCATCTTT,511,2,clonotype1482,clonotype1482_consensus_2
CCATGTCGTCGAGTTT-1,True,CCATGTCGTCGAGTTT-1_contig_2,True,662,TRB,TRBV5-6,None,TRBJ1-5,TRBC1,True,True,CASSGQGATNNQPQHF,TGTGCCAGCAGCGGGCAGGGGGCGACGAACAATCAGCCCCAGCATTTT,3152,18,clonotype1482,clonotype1482_consensus_1
CCATGTCGTGTTCTTT-1,True,CCATGTCGTGTTCTTT-1_contig_1,True,495,TRB,TRBV20-1,None,TRBJ2-2,TRBC2,True,True,CSVARADAGELFF,TGCAGTGTGGCTAGGGCCGACGCCGGGGAGCTGTTTTTT,1437,7,clonotype1483,clonotype1483_consensus_2
CCATGTCGTGTTCTTT-1,True,CCATGTCGTGTTCTTT-1_contig_2,True,492,TRA,TRAV9-2,None,TRAJ37,TRAC,True,True,CALRGSNTGKLIF,TGTGCTCTCCGGGGAAGCAACACAGGCAAACTAATCTTT,131,3,clonotype1483,clonotype1483_consensus_1
CCATGTCGTTAGGGTG-1,True,CCATGTCGTTAGGGTG-1_contig_1,True,462,TRA,TRAV13-1,None,TRAJ17,TRAC,True,True,CAASQGAAGNKLTF,TGTGCAGCAAGTCAGGGGGCTGCAGGCAACAAGCTAACTTTT,578,4,clonotype1484,clonotype1484_consensus_2
CCATGTCGTTAGGGTG-1,True,CCATGTCGTTAGGGTG-1_contig_2,True,521,TRB,TRBV20-1,None,TRBJ1-4,TRBC1,True,True,CSARRGSGDEKLFF,TGCAGTGCTAGAAGGGGCAGTGGGGACGAAAAACTGTTTTTT,1943,9,clonotype1484,clonotype1484_consensus_1
CCATGTCGTTCCAACA-1,True,CCATGTCGTTCCAACA-1_contig_1,True,482,TRB,TRBV20-1,None,TRBJ2-3,TRBC2,True,True,CSAPTRNTDTQYF,TGCAGTGCCCCGACTAGGAACACAGATACGCAGTATTTT,850,10,clonotype53,clonotype53_consensus_2
CCATGTCGTTCCAACA-1,True,CCATGTCGTTCCAACA-1_contig_2,True,535,TRA,TRAV12-2,None,TRAJ20,TRAC,True,True,CAVGDYKLSF,TGTGCCGTGGGCGACTACAAGCTCAGCTTT,327,2,clonotype53,clonotype53_consensus_1
CCATGTCGTTCCCGAG-1,True,CCATGTCGTTCCCGAG-1_contig_1,True,574,TRA,TRAV8-1,None,TRAJ13,TRAC,True,True,CAVANSGGYQKVTF,TGTGCCGTCGCCAATTCTGGGGGTTACCAGAAAGTTACCTTT,1680,8,clonotype1485,clonotype1485_consensus_1
CCATGTCGTTCCCGAG-1,True,CCATGTCGTTCCCGAG-1_contig_2,True,530,TRB,TRBV20-1,None,TRBJ2-7,TRBC2,True,True,CSATSGTSGALIYEQYF,TGCAGTGCTACCTCCGGGACTAGCGGAGCTCTTATCTACGAGCAGTACTTC,904,9,clonotype1485,clonotype1485_consensus_2
CCATGTCGTTGTGGCC-1,True,CCATGTCGTTGTGGCC-1_contig_1,True,505,TRA,TRAV1-2,None,TRAJ33,TRAC,True,True,CAATDSNYQLIW,TGTGCTGCGACTGATAGCAACTATCAGTTAATCTGG,147,3,clonotype1,clonotype1_consensus_2
CCATGTCGTTGTGGCC-1,True,CCATGTCGTTGTGGCC-1_contig_2,True,490,TRB,TRBV20-1,None,TRBJ2-1,TRBC2,True,True,CSARVGSEVNEQFF,TGCAGTGCTAGAGTGGGGTCGGAAGTCAATGAGCAGTTCTTC,560,3,clonotype1,clonotype1_consensus_1
CCATGTCTCCGTCATC-1,True,CCATGTCTCCGTCATC-1_contig_1,True,565,TRA,TRAV29/DV5,None,TRAJ43,TRAC,True,True,CAASAKGNDMRF,TGTGCAGCAAGCGCAAAAGGCAATGACATGCGCTTT,1436,5,clonotype1486,clonotype1486_consensus_1
CCATGTCTCCGTCATC-1,True,CCATGTCTCCGTCATC-1_contig_2,True,504,TRB,TRBV20-1,None,TRBJ2-1,TRBC2,True,True,CSAVSWGGGTYNEQFF,TGCAGTGCCGTATCTTGGGGCGGGGGGACTTACAATGAGCAGTTCTTC,766,5,clonotype1486,clonotype1486_consensus_2
CCATGTCTCTCTTATG-1,True,CCATGTCTCTCTTATG-1_contig_1,True,505,TRA,TRAV1-2,None,TRAJ33,TRAC,True,True,CAATDSNYQLIW,TGTGCTGCGACTGATAGCAACTATCAGTTAATCTGG,119,4,clonotype1,clonotype1_consensus_2
CCATGTCTCTCTTATG-1,True,CCATGTCTCTCTTATG-1_contig_2,True,498,TRB,TRBV20-1,None,TRBJ2-1,TRBC2,True,True,CSARVGSEVNEQFF,TGCAGTGCTAGAGTGGGGTCGGAAGTCAATGAGCAGTTCTTC,1137,7,clonotype1,clonotype1_consensus_1
CCATTCGCAAGTAATG-1,True,CCATTCGCAAGTAATG-1_contig_1,True,488,TRA,TRAV35,None,TRAJ40,TRAC,True,True,CAGRPDSGTYKYIF,TGTGCTGGTCGCCCGGACTCAGGAACCTACAAATACATCTTT,612,2,clonotype10,clonotype10_consensus_2
CCATTCGCAAGTAATG-1,True,CCATTCGCAAGTAATG-1_contig_2,True,521,TRB,TRBV20-1,None,TRBJ1-2,TRBC1,True,True,CSARDQTGVNYGYTF,TGCAGTGCTAGAGACCAGACAGGGGTTAACTATGGCTACACCTTC,978,7,clonotype10,clonotype10_consensus_1
CCATTCGCAAGTAATG-1,True,CCATTCGCAAGTAATG-1_contig_3,True,533,TRA,TRAV16,None,TRAJ20,TRAC,True,False,None,None,454,3,clonotype10,None
CCATTCGCAGCTCGAC-1,True,CCATTCGCAGCTCGAC-1_contig_1,True,491,TRB,TRBV20-1,None,TRBJ2-4,TRBC2,True,True,CSAKGQGNIQYF,TGCAGTGCTAAGGGACAGGGGAACATTCAGTACTTC,1767,9,clonotype1487,clonotype1487_consensus_1
CCATTCGCAGCTCGAC-1,True,CCATTCGCAGCTCGAC-1_contig_2,True,488,TRA,TRAV38-2/DV8,None,TRAJ49,TRAC,True,True,CAYRSSGNQFYF,TGTGCTTATAGGAGCAGCGGTAACCAGTTCTATTTT,1435,6,clonotype1487,clonotype1487_consensus_2
CCATTCGCAGTTTACG-1,True,CCATTCGCAGTTTACG-1_contig_1,True,524,TRB,TRBV20-1,None,TRBJ1-1,TRBC1,True,True,CSARPRQGENTEAFF,TGCAGTGCTAGACCACGACAGGGGGAGAACACTGAAGCTTTCTTT,2836,11,clonotype1488,clonotype1488_consensus_2
CCATTCGCAGTTTACG-1,True,CCATTCGCAGTTTACG-1_contig_2,True,505,TRA,TRAV23/DV6,None,TRAJ15,TRAC,True,True,CAASRTGTALIF,TGTGCAGCAAGTCGAACAGGAACTGCTCTGATCTTT,496,4,clonotype1488,clonotype1488_consensus_3
CCATTCGCAGTTTACG-1,True,CCATTCGCAGTTTACG-1_contig_3,True,621,TRA,TRAV3,None,TRAJ29,TRAC,True,True,CAVRPRNSGNTPLVF,TGTGCTGTGAGACCCCGGAATTCAGGAAACACACCTCTTGTCTTT,1060,6,clonotype1488,clonotype1488_consensus_1
CCATTCGCATCCGGGT-1,True,CCATTCGCATCCGGGT-1_contig_1,True,498,TRB,TRBV20-1,None,TRBJ2-1,TRBC2,True,True,CSARVGSEVNEQFF,TGCAGTGCTAGAGTGGGGTCGGAAGTCAATGAGCAGTTCTTC,2695,10,clonotype2,clonotype2_consensus_1
CCATTCGCATTCGACA-1,True,CCATTCGCATTCGACA-1_contig_1,True,571,TRA,TRAV5,None,TRAJ16,TRAC,True,True,CAEKESDGQKLLF,TGTGCAGAGAAGGAATCAGATGGCCAGAAGCTGCTCTTT,551,3,clonotype1489,clonotype1489_consensus_2
CCATTCGCATTCGACA-1,True,CCATTCGCATTCGACA-1_contig_2,True,521,TRB,TRBV20-1,None,TRBJ2-7,TRBC2,True,True,CSASRSVSSYEQYF,TGCAGTGCTAGCCGGTCCGTAAGCTCCTACGAGCAGTACTTC,656,6,clonotype1489,clonotype1489_consensus_1
CCATTCGCATTCGACA-1,True,CCATTCGCATTCGACA-1_contig_3,True,521,TRA,TRAV27,None,TRAJ27,TRAC,True,False,None,None,521,4,clonotype1489,None
CCATTCGCATTGGTAC-1,True,CCATTCGCATTGGTAC-1_contig_1,True,505,TRA,TRAV1-2,None,TRAJ33,TRAC,True,True,CAATDSNYQLIW,TGTGCTGCGACTGATAGCAACTATCAGTTAATCTGG,270,1,clonotype1,clonotype1_consensus_2
CCATTCGCATTGGTAC-1,True,CCATTCGCATTGGTAC-1_contig_2,True,492,TRB,TRBV20-1,None,TRBJ2-1,TRBC2,True,True,CSARVGSEVNEQFF,TGCAGTGCTAGAGTGGGGTCGGAAGTCAATGAGCAGTTCTTC,329,3,clonotype1,clonotype1_consensus_1
CCATTCGCATTGGTAC-1,True,CCATTCGCATTGGTAC-1_contig_3,True,465,TRA,TRAV10,None,TRAJ24,TRAC,True,False,None,None,113,1,clonotype1,None
CCATTCGGTAAACGCG-1,True,CCATTCGGTAAACGCG-1_contig_1,True,505,TRA,TRAV1-2,None,TRAJ33,TRAC,True,True,CAATDSNYQLIW,TGTGCTGCGACTGATAGCAACTATCAGTTAATCTGG,70,1,clonotype1,clonotype1_consensus_2
CCATTCGGTAAACGCG-1,True,CCATTCGGTAAACGCG-1_contig_2,True,485,TRB,TRBV20-1,None,TRBJ2-1,TRBC2,True,True,CSARVGSEVNEQFF,TGCAGTGCTAGAGTGGGGTCGGAAGTCAATGAGCAGTTCTTC,664,3,clonotype1,clonotype1_consensus_1
CCATTCGGTAGCCTAT-1,True,CCATTCGGTAGCCTAT-1_contig_1,True,505,TRA,TRAV1-2,None,TRAJ33,TRAC,True,True,CAATDSNYQLIW,TGTGCTGCGACTGATAGCAACTATCAGTTAATCTGG,688,4,clonotype1,clonotype1_consensus_2
CCATTCGGTAGCCTAT-1,True,CCATTCGGTAGCCTAT-1_contig_2,True,517,TRB,TRBV20-1,None,TRBJ2-1,TRBC2,True,True,CSARVGSEVNEQFF,TGCAGTGCTAGAGTGGGGTCGGAAGTCAATGAGCAGTTCTTC,75,4,clonotype1,clonotype1_consensus_1
CCATTCGTCATGTCCC-1,True,CCATTCGTCATGTCCC-1_contig_1,True,505,TRA,TRAV1-2,None,TRAJ33,TRAC,True,True,CAATDSNYQLIW,TGTGCTGCGACTGATAGCAACTATCAGTTAATCTGG,330,2,clonotype1,clonotype1_consensus_2
CCATTCGTCATGTCCC-1,True,CCATTCGTCATGTCCC-1_contig_2,True,485,TRB,TRBV20-1,None,TRBJ2-1,TRBC2,True,True,CSARVGSEVNEQFF,TGCAGTGCTAGAGTGGGGTCGGAAGTCAATGAGCAGTTCTTC,394,4,clonotype1,clonotype1_consensus_1
CCATTCGTCTATGTGG-1,True,CCATTCGTCTATGTGG-1_contig_1,True,518,TRB,TRBV20-1,None,TRBJ1-3,TRBC1,True,True,CSASKGAGNTIYF,TGCAGTGCTAGTAAGGGGGCTGGAAACACCATATATTTT,508,4,clonotype1490,clonotype1490_consensus_1
CCATTCGTCTATGTGG-1,True,CCATTCGTCTATGTGG-1_contig_2,True,462,TRA,TRAV13-1,None,TRAJ36,TRAC,True,True,CAAGGGSGANNLFF,TGTGCAGCAGGGGGAGGGAGTGGGGCAAACAACCTCTTCTTT,33,1,clonotype1490,clonotype1490_consensus_2
CCATTCGTCTTGTTTG-1,True,CCATTCGTCTTGTTTG-1_contig_1,True,505,TRA,TRAV1-2,None,TRAJ33,TRAC,True,True,CAATDSNYQLIW,TGTGCTGCGACTGATAGCAACTATCAGTTAATCTGG,634,4,clonotype1,clonotype1_consensus_2
CCATTCGTCTTGTTTG-1,True,CCATTCGTCTTGTTTG-1_contig_2,True,473,TRB,TRBV20-1,None,TRBJ2-1,TRBC2,True,True,CSARVGSEVNEQFF,TGCAGTGCTAGAGTGGGGTCGGAAGTCAATGAGCAGTTCTTC,616,2,clonotype1,clonotype1_consensus_1
CCCAATCAGAGCCTAG-1,True,CCCAATCAGAGCCTAG-1_contig_1,True,505,TRA,TRAV1-2,None,TRAJ33,TRAC,True,True,CAATDSNYQLIW,TGTGCTGCGACTGATAGCAACTATCAGTTAATCTGG,513,1,clonotype1,clonotype1_consensus_2
CCCAATCAGAGCCTAG-1,True,CCCAATCAGAGCCTAG-1_contig_2,True,521,TRB,TRBV20-1,None,TRBJ2-1,TRBC2,True,True,CSARVGSEVNEQFF,TGCAGTGCTAGAGTGGGGTCGGAAGTCAATGAGCAGTTCTTC,1470,5,clonotype1,clonotype1_consensus_1
CCCAATCAGAGCCTAG-1,True,CCCAATCAGAGCCTAG-1_contig_3,True,420,TRA,TRAV10,None,TRAJ24,TRAC,True,False,None,None,234,1,clonotype1,None
CCCAATCAGCTAGTCT-1,True,CCCAATCAGCTAGTCT-1_contig_1,True,521,TRB,TRBV20-1,None,TRBJ2-5,TRBC2,True,True,CSAKGTSGGGTQYF,TGCAGTGCTAAGGGGACTAGCGGGGGGGGGACCCAGTACTTC,3487,11,clonotype1491,clonotype1491_consensus_1
CCCAATCAGCTGATAA-1,True,CCCAATCAGCTGATAA-1_contig_1,True,502,TRA,TRAV1-2,None,TRAJ33,TRAC,True,True,CAATDSNYQLIW,TGTGCTGCGACTGATAGCAACTATCAGTTAATCTGG,553,4,clonotype1,clonotype1_consensus_2
CCCAATCAGCTGATAA-1,True,CCCAATCAGCTGATAA-1_contig_2,True,498,TRB,TRBV20-1,None,TRBJ2-1,TRBC2,True,True,CSARVGSEVNEQFF,TGCAGTGCTAGAGTGGGGTCGGAAGTCAATGAGCAGTTCTTC,1388,5,clonotype1,clonotype1_consensus_1
CCCAATCAGTTAGCGG-1,True,CCCAATCAGTTAGCGG-1_contig_1,True,505,TRA,TRAV1-2,None,TRAJ33,TRAC,True,True,CAATDSNYQLIW,TGTGCTGCGACTGATAGCAACTATCAGTTAATCTGG,436,1,clonotype1,clonotype1_consensus_2
CCCAATCAGTTAGCGG-1,True,CCCAATCAGTTAGCGG-1_contig_2,True,485,TRB,TRBV20-1,None,TRBJ2-1,TRBC2,True,True,CSARVGSEVNEQFF,TGCAGTGCTAGAGTGGGGTCGGAAGTCAATGAGCAGTTCTTC,231,3,clonotype1,clonotype1_consensus_1
CCCAATCAGTTAGCGG-1,True,CCCAATCAGTTAGCGG-1_contig_3,True,482,TRA,TRAV10,None,TRAJ24,TRAC,True,False,None,None,235,1,clonotype1,None
CCCAATCCAGTCTTCC-1,True,CCCAATCCAGTCTTCC-1_contig_1,True,505,TRA,TRAV1-2,None,TRAJ33,TRAC,True,True,CAATDSNYQLIW,TGTGCTGCGACTGATAGCAACTATCAGTTAATCTGG,160,1,clonotype1,clonotype1_consensus_2
CCCAATCCAGTCTTCC-1,True,CCCAATCCAGTCTTCC-1_contig_2,True,486,TRB,TRBV20-1,None,TRBJ2-1,TRBC2,True,True,CSARVGSEVNEQFF,TGCAGTGCTAGAGTGGGGTCGGAAGTCAATGAGCAGTTCTTC,1523,2,clonotype1,clonotype1_consensus_1
CCCAATCCAGTCTTCC-1,True,CCCAATCCAGTCTTCC-1_contig_3,True,458,TRA,TRAV10,None,TRAJ24,TRAC,True,False,None,None,738,2,clonotype1,None
CCCAATCCATGGATGG-1,True,CCCAATCCATGGATGG-1_contig_1,True,468,TRA,TRAV13-1,None,TRAJ18,TRAC,True,True,CAVEGARGSTLGRLYF,TGTGCAGTTGAGGGGGCCAGAGGCTCAACCCTGGGGAGGCTATACTTT,383,2,clonotype1492,clonotype1492_consensus_1
CCCAATCCATGGATGG-1,True,CCCAATCCATGGATGG-1_contig_2,True,480,TRA,TRAV21,None,TRAJ20,TRAC,True,True,CAKGKLSF,TGTGCCAAGGGAAAGCTCAGCTTT,1140,5,clonotype1492,clonotype1492_consensus_2
CCCAATCCATGGATGG-1,True,CCCAATCCATGGATGG-1_contig_3,True,436,TRB,TRBV20-1,None,TRBJ2-7,TRBC2,True,False,CSARDYSTYEQYF,TGCAGTGCTAGAGATTACAGCACCTACGAGCAGTACTTC,1320,7,clonotype1492,None
CCCAATCGTCTAGCGC-1,True,CCCAATCGTCTAGCGC-1_contig_1,True,505,TRA,TRAV1-2,None,TRAJ33,TRAC,True,True,CAATDSNYQLIW,TGTGCTGCGACTGATAGCAACTATCAGTTAATCTGG,177,1,clonotype1,clonotype1_consensus_2
CCCAATCGTCTAGCGC-1,True,CCCAATCGTCTAGCGC-1_contig_2,True,524,TRB,TRBV20-1,None,TRBJ2-1,TRBC2,True,True,CSARVGSEVNEQFF,TGCAGTGCTAGAGTGGGGTCGGAAGTCAATGAGCAGTTCTTC,513,3,clonotype1,clonotype1_consensus_1
CCCAATCGTCTGATTG-1,True,CCCAATCGTCTGATTG-1_contig_1,True,495,TRB,TRBV20-1,None,TRBJ2-1,TRBC2,True,True,CSASGGEYNEQFF,TGCAGTGCGAGCGGGGGAGAGTACAATGAGCAGTTCTTC,1054,8,clonotype1493,clonotype1493_consensus_1
CCCAATCGTCTGATTG-1,True,CCCAATCGTCTGATTG-1_contig_2,True,523,TRA,TRAV14/DV4,None,TRAJ23,TRAC,True,True,CAMREWNQGGKLIF,TGTGCAATGAGAGAATGGAACCAGGGAGGAAAGCTTATCTTC,1329,8,clonotype1493,clonotype1493_consensus_2
CCCAATCGTCTGATTG-1,True,CCCAATCGTCTGATTG-1_contig_3,True,311,TRB,None,None,TRBJ1-1,TRBC1,False,False,None,None,765,2,clonotype1493,None
CCCAATCGTCTGATTG-1,True,CCCAATCGTCTGATTG-1_contig_4,True,479,Multi,TRBV5-1,None,TRAJ45,TRAC,True,False,CASSSYSGGGADGLTF,TGCGCCAGCAGCTCTTATTCAGGAGGAGGTGCTGACGGACTCACCTTT,284,2,clonotype1493,None
CCCAATCGTGACGGTA-1,True,CCCAATCGTGACGGTA-1_contig_1,True,505,TRA,TRAV1-2,None,TRAJ33,TRAC,True,True,CAATDSNYQLIW,TGTGCTGCGACTGATAGCAACTATCAGTTAATCTGG,229,2,clonotype1,clonotype1_consensus_2
CCCAATCGTGACGGTA-1,True,CCCAATCGTGACGGTA-1_contig_2,True,521,TRB,TRBV20-1,None,TRBJ2-1,TRBC2,True,True,CSARVGSEVNEQFF,TGCAGTGCTAGAGTGGGGTCGGAAGTCAATGAGCAGTTCTTC,1846,8,clonotype1,clonotype1_consensus_1
CCCAATCGTGACGGTA-1,True,CCCAATCGTGACGGTA-1_contig_3,True,462,TRA,TRAV10,None,TRAJ24,TRAC,True,False,None,None,7472,2,clonotype1,None
CCCAATCGTGGTCTCG-1,True,CCCAATCGTGGTCTCG-1_contig_1,True,492,TRB,TRBV20-1,None,TRBJ1-1,TRBC1,True,True,CSARASGNTEAFF,TGCAGTGCTAGAGCAAGCGGGAACACTGAAGCTTTCTTT,586,5,clonotype1494,clonotype1494_consensus_2
CCCAATCGTGGTCTCG-1,True,CCCAATCGTGGTCTCG-1_contig_2,True,530,TRA,TRAV27,None,TRAJ56,TRAC,True,True,CAGAGGGANSKLTF,TGTGCAGGAGCGGGAGGTGGAGCCAATAGTAAGCTGACATTT,802,5,clonotype1494,clonotype1494_consensus_3
CCCAATCGTGGTCTCG-1,True,CCCAATCGTGGTCTCG-1_contig_3,True,568,TRA,TRAV8-1,None,TRAJ24,TRAC,True,True,CAVKNSWGKLQF,TGTGCCGTGAAGAACAGCTGGGGGAAATTGCAGTTT,275,2,clonotype1494,clonotype1494_consensus_1
CCCAATCGTGTAACGG-1,True,CCCAATCGTGTAACGG-1_contig_1,True,662,TRA,TRAV8-6,None,TRAJ39,TRAC,True,True,CAVRRSNAGNMLTF,TGTGCTGTGAGACGGAGTAATGCAGGCAACATGCTCACCTTT,676,3,clonotype1495,clonotype1495_consensus_2
CCCAATCGTGTAACGG-1,True,CCCAATCGTGTAACGG-1_contig_2,True,485,TRB,TRBV20-1,None,TRBJ1-5,TRBC1,True,True,CSARNPQNNQPQHF,TGCAGTGCTAGAAACCCACAGAACAATCAGCCCCAGCATTTT,312,2,clonotype1495,clonotype1495_consensus_1
CCCAATCGTGTAACGG-1,True,CCCAATCGTGTAACGG-1_contig_3,True,436,TRB,None,None,TRBJ2-3,TRBC2,False,False,None,None,1053,4,clonotype1495,None
CCCAATCGTGTATGGG-1,True,CCCAATCGTGTATGGG-1_contig_1,True,496,TRA,TRAV1-2,None,TRAJ33,TRAC,True,True,CAATDSNYQLIW,TGTGCTGCGACTGATAGCAACTATCAGTTAATCTGG,444,2,clonotype1,clonotype1_consensus_2
CCCAATCGTGTATGGG-1,True,CCCAATCGTGTATGGG-1_contig_2,True,495,TRB,TRBV20-1,None,TRBJ2-1,TRBC2,True,True,CSARVGSEVNEQFF,TGCAGTGCTAGAGTGGGGTCGGAAGTCAATGAGCAGTTCTTC,3587,9,clonotype1,clonotype1_consensus_1
CCCAATCGTGTATGGG-1,True,CCCAATCGTGTATGGG-1_contig_3,True,482,TRA,TRAV10,None,TRAJ24,TRAC,True,False,None,None,435,6,clonotype1,None
CCCAATCGTTCCAACA-1,True,CCCAATCGTTCCAACA-1_contig_1,True,507,TRB,TRBV20-1,None,TRBJ2-1,TRBC2,True,True,CSAQGVVLAGGQHEQFF,TGCAGTGCCCAGGGAGTGGTACTAGCGGGGGGGCAACATGAGCAGTTCTTC,2955,12,clonotype1496,clonotype1496_consensus_1
CCCAATCGTTCCCTTG-1,True,CCCAATCGTTCCCTTG-1_contig_1,True,495,TRB,TRBV20-1,None,TRBJ1-2,TRBC1,True,True,CSASSGQRTPYTF,TGCAGTGCTAGTTCGGGACAGCGAACCCCCTACACCTTC,1111,6,clonotype1497,clonotype1497_consensus_1
CCCAATCGTTCCCTTG-1,True,CCCAATCGTTCCCTTG-1_contig_2,True,509,TRA,TRAV25,None,TRAJ57,TRAC,True,True,CAGSLQGGSEKLVF,TGTGCAGGGTCCCTCCAGGGCGGATCTGAAAAGCTGGTCTTT,123,6,clonotype1497,clonotype1497_consensus_2
CCCAATCGTTGACGTT-1,True,CCCAATCGTTGACGTT-1_contig_1,True,498,TRB,TRBV20-1,None,TRBJ2-1,TRBC2,True,True,CSARVGSEVNEQFF,TGCAGTGCTAGAGTGGGGTCGGAAGTCAATGAGCAGTTCTTC,420,5,clonotype2,clonotype2_consensus_1
CCCAATCTCAAGAAGT-1,True,CCCAATCTCAAGAAGT-1_contig_1,True,574,TRA,TRAV8-1,None,TRAJ28,TRAC,True,True,CAVNSGAGSYQLTF,TGTGCCGTTAACTCTGGGGCTGGGAGTTACCAACTCACTTTC,105,1,clonotype33,clonotype33_consensus_2
CCCAATCTCAAGAAGT-1,True,CCCAATCTCAAGAAGT-1_contig_2,True,521,TRB,TRBV20-1,None,TRBJ1-2,TRBC1,True,True,CSASVPSVLIGYTF,TGCAGTGCTAGTGTTCCTAGTGTCTTAATTGGCTACACCTTC,1681,5,clonotype33,clonotype33_consensus_1
CCCAATCTCAAGAAGT-1,True,CCCAATCTCAAGAAGT-1_contig_3,True,478,TRA,TRAV20,None,TRAJ45,TRAC,True,False,None,None,406,2,clonotype33,None
CCCAATCTCAGGTAAA-1,True,CCCAATCTCAGGTAAA-1_contig_1,True,498,TRB,TRBV20-1,None,TRBJ2-1,TRBC2,True,True,CSARVGSEVNEQFF,TGCAGTGCTAGAGTGGGGTCGGAAGTCAATGAGCAGTTCTTC,1409,4,clonotype2,clonotype2_consensus_1
CCCAATCTCCAAAGTC-1,True,CCCAATCTCCAAAGTC-1_contig_1,True,495,TRB,TRBV20-1,None,TRBJ2-7,TRBC2,True,True,CSARDPGAYEQYF,TGCAGTGCTCGCGACCCCGGGGCCTACGAGCAGTACTTC,1313,3,clonotype1498,clonotype1498_consensus_2
CCCAATCTCCAAAGTC-1,True,CCCAATCTCCAAAGTC-1_contig_2,True,538,TRA,TRAV12-1,None,TRAJ30,TRAC,True,True,CVVNPPWDKIIF,TGTGTGGTGAACCCCCCTTGGGACAAGATCATCTTT,453,3,clonotype1498,clonotype1498_consensus_3
CCCAATCTCCAAAGTC-1,True,CCCAATCTCCAAAGTC-1_contig_3,True,496,TRA,TRAV21,None,TRAJ24,TRAC,True,True,CAVHDSWGKFQF,TGTGCTGTGCATGACAGCTGGGGGAAATTCCAGTTT,378,2,clonotype1498,clonotype1498_consensus_1
CCCAATCTCGCATGAT-1,True,CCCAATCTCGCATGAT-1_contig_1,True,505,TRA,TRAV1-2,None,TRAJ33,TRAC,True,True,CAATDSNYQLIW,TGTGCTGCGACTGATAGCAACTATCAGTTAATCTGG,291,3,clonotype1,clonotype1_consensus_2
CCCAATCTCGCATGAT-1,True,CCCAATCTCGCATGAT-1_contig_2,True,485,TRB,TRBV20-1,None,TRBJ2-1,TRBC2,True,True,CSARVGSEVNEQFF,TGCAGTGCTAGAGTGGGGTCGGAAGTCAATGAGCAGTTCTTC,733,2,clonotype1,clonotype1_consensus_1
CCCAATCTCGCCTGAG-1,True,CCCAATCTCGCCTGAG-1_contig_1,True,479,TRB,TRBV20-1,None,TRBJ2-7,TRBC2,True,True,CSARASRLVLSYEQYF,TGCAGTGCTAGAGCCTCACGGCTAGTACTTTCCTACGAGCAGTACTTC,1643,5,clonotype11,clonotype11_consensus_2
CCCAATCTCGCCTGAG-1,True,CCCAATCTCGCCTGAG-1_contig_2,True,501,TRA,TRAV26-1,None,TRAJ34,TRAC,True,True,CIASSYNTDKLIF,TGCATCGCTTCATCTTATAACACCGACAAGCTCATCTTT,173,6,clonotype11,clonotype11_consensus_1
CCCAATCTCGTTTAGG-1,True,CCCAATCTCGTTTAGG-1_contig_1,True,521,TRB,TRBV20-1,None,TRBJ2-1,TRBC2,True,True,CSARVGSEVNEQFF,TGCAGTGCTAGAGTGGGGTCGGAAGTCAATGAGCAGTTCTTC,2939,11,clonotype2,clonotype2_consensus_1
CCCAATCTCTGGTATG-1,True,CCCAATCTCTGGTATG-1_contig_1,True,489,TRA,TRAV1-2,None,TRAJ33,TRAC,True,True,CAATDSNYQLIW,TGTGCTGCGACTGATAGCAACTATCAGTTAATCTGG,306,2,clonotype1,clonotype1_consensus_2
CCCAATCTCTGGTATG-1,True,CCCAATCTCTGGTATG-1_contig_2,True,473,TRB,TRBV20-1,None,TRBJ2-1,TRBC2,True,True,CSARVGSEVNEQFF,TGCAGTGCTAGAGTGGGGTCGGAAGTCAATGAGCAGTTCTTC,1031,2,clonotype1,clonotype1_consensus_1
CCCAGTTAGATCCGAG-1,True,CCCAGTTAGATCCGAG-1_contig_1,True,505,TRA,TRAV1-2,None,TRAJ33,TRAC,True,True,CAATDSNYQLIW,TGTGCTGCGACTGATAGCAACTATCAGTTAATCTGG,103,1,clonotype1,clonotype1_consensus_2
CCCAGTTAGATCCGAG-1,True,CCCAGTTAGATCCGAG-1_contig_2,True,492,TRB,TRBV20-1,None,TRBJ2-1,TRBC2,True,True,CSARVGSEVNEQFF,TGCAGTGCTAGAGTGGGGTCGGAAGTCAATGAGCAGTTCTTC,2977,8,clonotype1,clonotype1_consensus_1
CCCAGTTAGCCGGTAA-1,True,CCCAGTTAGCCGGTAA-1_contig_1,True,492,TRB,TRBV20-1,None,TRBJ2-1,TRBC2,True,True,CSARVGSEVNEQFF,TGCAGTGCTAGAGTGGGGTCGGAAGTCAATGAGCAGTTCTTC,1421,7,clonotype2,clonotype2_consensus_1
CCCAGTTAGTTTCCTT-1,True,CCCAGTTAGTTTCCTT-1_contig_1,True,510,TRB,TRBV20-1,None,TRBJ2-3,TRBC2,True,True,CSARVRLAGGDTQYF,TGCAGTGCTAGAGTCAGGCTAGCGGGGGGGGATACGCAGTATTTT,1650,3,clonotype1499,clonotype1499_consensus_3
CCCAGTTAGTTTCCTT-1,True,CCCAGTTAGTTTCCTT-1_contig_2,True,550,TRA,TRAV12-2,None,TRAJ18,TRAC,True,True,CAVEARGSTLGRLYF,TGTGCCGTGGAGGCCAGAGGCTCAACCCTGGGGAGGCTATACTTT,102,2,clonotype1499,clonotype1499_consensus_2
CCCAGTTAGTTTCCTT-1,True,CCCAGTTAGTTTCCTT-1_contig_3,True,502,TRB,TRBV3-1,None,TRBJ1-5,TRBC1,True,True,CASSLPLGRGNQPQHF,TGTGCCAGCAGCCTTCCTCTGGGCAGGGGCAATCAGCCCCAGCATTTT,869,2,clonotype1499,clonotype1499_consensus_1
CCCAGTTCAACACCCG-1,True,CCCAGTTCAACACCCG-1_contig_1,True,515,TRB,TRBV20-1,None,TRBJ2-1,TRBC2,True,True,CSASVNGNEQFF,TGCAGTGCTAGCGTTAACGGGAATGAGCAGTTCTTC,2760,9,clonotype1500,clonotype1500_consensus_1
CCCAGTTCATGCAATC-1,True,CCCAGTTCATGCAATC-1_contig_1,True,492,TRB,TRBV20-1,None,TRBJ1-5,TRBC1,True,True,CSARSGRLNQPQHF,TGCAGTGCTAGATCGGGACGTCTCAATCAGCCCCAGCATTTT,595,5,clonotype1501,clonotype1501_consensus_1
CCCAGTTCATGCAATC-1,True,CCCAGTTCATGCAATC-1_contig_2,True,558,TRA,TRAV3,None,TRAJ31,TRAC,True,True,CAVRDDNNARLMF,TGTGCTGTGAGAGATGATAACAATGCCAGACTCATGTTT,428,2,clonotype1501,clonotype1501_consensus_2
CCCAGTTCATGCAATC-1,True,CCCAGTTCATGCAATC-1_contig_3,True,456,TRB,TRBV7-3,None,TRBJ2-1,TRBC2,True,False,CQQRSLKAGGPYNEQFF,TGCCAGCAGCGGTCACTTAAAGCGGGGGGACCCTACAATGAGCAGTTCTTC,223,1,clonotype1501,None
CCCAGTTGTATCAGTC-1,True,CCCAGTTGTATCAGTC-1_contig_1,True,492,TRB,TRBV20-1,None,TRBJ2-1,TRBC2,True,True,CSARVGSEVNEQFF,TGCAGTGCTAGAGTGGGGTCGGAAGTCAATGAGCAGTTCTTC,962,4,clonotype2,clonotype2_consensus_1
CCCAGTTTCACCGTAA-1,True,CCCAGTTTCACCGTAA-1_contig_1,True,498,TRB,TRBV20-1,None,TRBJ2-1,TRBC2,True,True,CSARVGSEVNEQFF,TGCAGTGCTAGAGTGGGGTCGGAAGTCAATGAGCAGTTCTTC,1313,5,clonotype2,clonotype2_consensus_1
CCCAGTTTCACCGTAA-1,True,CCCAGTTTCACCGTAA-1_contig_2,True,564,TRA,TRAV10,None,TRAJ24,TRAC,True,False,None,None,327,3,clonotype2,None
CCCAGTTTCATTGCGA-1,True,CCCAGTTTCATTGCGA-1_contig_1,True,505,TRA,TRAV1-2,None,TRAJ33,TRAC,True,True,CAATDSNYQLIW,TGTGCTGCGACTGATAGCAACTATCAGTTAATCTGG,175,1,clonotype1,clonotype1_consensus_2
CCCAGTTTCATTGCGA-1,True,CCCAGTTTCATTGCGA-1_contig_2,True,521,TRB,TRBV20-1,None,TRBJ2-1,TRBC2,True,True,CSARVGSEVNEQFF,TGCAGTGCTAGAGTGGGGTCGGAAGTCAATGAGCAGTTCTTC,2103,7,clonotype1,clonotype1_consensus_1
CCCAGTTTCATTGCGA-1,True,CCCAGTTTCATTGCGA-1_contig_3,True,456,TRA,TRAV10,None,TRAJ24,TRAC,True,False,None,None,138,1,clonotype1,None
CCCAGTTTCCGAACGC-1,True,CCCAGTTTCCGAACGC-1_contig_1,True,549,TRA,TRAV12-1,None,TRAJ21,TRAC,True,True,CVVNNFNKFYF,TGTGTGGTGAACAACTTCAACAAATTTTACTTT,555,3,clonotype1502,clonotype1502_consensus_1
CCCATACAGAGTAAGG-1,True,CCCATACAGAGTAAGG-1_contig_1,True,501,TRB,TRBV20-1,None,TRBJ2-1,TRBC2,True,True,CSAHLTRGEYNEQFF,TGCAGTGCCCACCTGACAAGGGGGGAATACAATGAGCAGTTCTTC,1276,3,clonotype1503,clonotype1503_consensus_1
CCCATACCAGCTCGAC-1,True,CCCATACCAGCTCGAC-1_contig_1,True,659,TRB,TRBV5-6,None,TRBJ1-1,TRBC1,True,True,CASSLERGQGERAFF,TGTGCCAGCAGCTTGGAACGAGGACAGGGGGAACGAGCTTTCTTT,615,3,clonotype1504,clonotype1504_consensus_1
CCCATACCAGCTGTGC-1,True,CCCATACCAGCTGTGC-1_contig_1,True,518,TRB,TRBV20-1,None,TRBJ1-1,TRBC1,True,True,CSARGAMNTEAFF,TGCAGTGCTAGGGGGGCTATGAACACTGAAGCTTTCTTT,613,5,clonotype1505,clonotype1505_consensus_1
CCCATACCATGCCACG-1,True,CCCATACCATGCCACG-1_contig_1,True,462,TRA,TRAV13-1,None,TRAJ26,TRAC,True,True,CAATPDNYGQNFVF,TGTGCAGCAACCCCAGATAACTATGGTCAGAATTTTGTCTTT,60,1,clonotype1506,clonotype1506_consensus_1
CCCATACCATGCCACG-1,True,CCCATACCATGCCACG-1_contig_2,True,524,TRB,TRBV20-1,None,TRBJ1-2,TRBC1,True,True,CSARGPNLRVGGYTF,TGCAGTGCTAGAGGTCCTAATCTCAGGGTCGGTGGCTACACCTTC,1141,3,clonotype1506,clonotype1506_consensus_2
CCCATACCATGCCACG-1,True,CCCATACCATGCCACG-1_contig_3,True,502,TRB,TRBV5-5,None,TRBJ1-1,TRBC1,True,True,CASSGGTLNTEAFF,TGTGCCAGCAGTGGGGGCACGCTGAACACTGAAGCTTTCTTT,1673,5,clonotype1506,clonotype1506_consensus_3
CCCATACCATGCCACG-1,True,CCCATACCATGCCACG-1_contig_4,True,497,TRA,TRAV13-2,None,TRAJ23,TRAC,True,False,None,None,256,1,clonotype1506,None
CCCATACTCCATTCTA-1,True,CCCATACTCCATTCTA-1_contig_1,True,485,TRB,TRBV20-1,None,TRBJ2-1,TRBC2,True,True,CSARVGSEVNEQFF,TGCAGTGCTAGAGTGGGGTCGGAAGTCAATGAGCAGTTCTTC,1205,3,clonotype2,clonotype2_consensus_1
CCCATACTCGCACTCT-1,True,CCCATACTCGCACTCT-1_contig_1,True,505,TRA,TRAV1-2,None,TRAJ33,TRAC,True,True,CAATDSNYQLIW,TGTGCTGCGACTGATAGCAACTATCAGTTAATCTGG,882,3,clonotype1,clonotype1_consensus_2
CCCATACTCGCACTCT-1,True,CCCATACTCGCACTCT-1_contig_2,True,498,TRB,TRBV20-1,None,TRBJ2-1,TRBC2,True,True,CSARVGSEVNEQFF,TGCAGTGCTAGAGTGGGGTCGGAAGTCAATGAGCAGTTCTTC,1549,5,clonotype1,clonotype1_consensus_1
CCCATACTCTTGCCGT-1,True,CCCATACTCTTGCCGT-1_contig_1,True,515,TRB,TRBV20-1,None,TRBJ2-5,TRBC2,True,True,CSAPRAAETQYF,TGCAGTGCCCCAAGGGCCGCGGAGACCCAGTACTTC,939,6,clonotype1507,clonotype1507_consensus_1
CCCTCCTAGAGACTTA-1,True,CCCTCCTAGAGACTTA-1_contig_1,True,524,TRB,TRBV20-1,None,TRBJ2-5,TRBC2,True,True,CSARDPSVLQETQYF,TGCAGTGCTAGAGACCCTAGTGTTCTACAAGAGACCCAGTACTTC,6904,19,clonotype1508,clonotype1508_consensus_2
CCCTCCTAGAGACTTA-1,True,CCCTCCTAGAGACTTA-1_contig_2,True,508,TRA,TRAV1-2,None,TRAJ22,TRAC,True,True,CAGLSGSARQLTF,TGTGCTGGCCTTTCTGGTTCTGCAAGGCAACTGACCTTT,1809,15,clonotype1508,clonotype1508_consensus_1
CCCTCCTAGAGATGAG-1,True,CCCTCCTAGAGATGAG-1_contig_1,True,527,TRB,TRBV20-1,None,TRBJ1-3,TRBC1,True,True,CSAVYLQGLTGNTIYF,TGCAGTGCTGTATACTTACAGGGGCTTACTGGAAACACCATATATTTT,2074,17,clonotype1509,clonotype1509_consensus_1
CCCTCCTAGCCATCGC-1,True,CCCTCCTAGCCATCGC-1_contig_1,True,509,TRB,TRBV20-1,None,TRBJ2-1,TRBC2,True,True,CSARVGSEVNEQFF,TGCAGTGCTAGAGTGGGGTCGGAAGTCAATGAGCAGTTCTTC,613,5,clonotype2,clonotype2_consensus_1
CCCTCCTAGCCTCGTG-1,True,CCCTCCTAGCCTCGTG-1_contig_1,True,521,TRB,TRBV20-1,None,TRBJ2-1,TRBC2,True,True,CSARVGSEVNEQFF,TGCAGTGCTAGAGTGGGGTCGGAAGTCAATGAGCAGTTCTTC,1256,16,clonotype2,clonotype2_consensus_1
CCCTCCTAGCCTCGTG-1,True,CCCTCCTAGCCTCGTG-1_contig_2,True,436,TRA,TRAV10,None,TRAJ24,TRAC,True,False,None,None,371,14,clonotype2,None
CCCTCCTAGGAACTGC-1,True,CCCTCCTAGGAACTGC-1_contig_1,True,505,TRA,TRAV1-2,None,TRAJ33,TRAC,True,True,CAATDSNYQLIW,TGTGCTGCGACTGATAGCAACTATCAGTTAATCTGG,7341,3,clonotype1,clonotype1_consensus_2
CCCTCCTAGGAACTGC-1,True,CCCTCCTAGGAACTGC-1_contig_2,True,521,TRB,TRBV20-1,None,TRBJ2-1,TRBC2,True,True,CSARVGSEVNEQFF,TGCAGTGCTAGAGTGGGGTCGGAAGTCAATGAGCAGTTCTTC,1235,6,clonotype1,clonotype1_consensus_1
CCCTCCTAGGGTCGAT-1,True,CCCTCCTAGGGTCGAT-1_contig_1,True,505,TRA,TRAV1-2,None,TRAJ33,TRAC,True,True,CAATDSNYQLIW,TGTGCTGCGACTGATAGCAACTATCAGTTAATCTGG,342,7,clonotype1,clonotype1_consensus_2
CCCTCCTAGGGTCGAT-1,True,CCCTCCTAGGGTCGAT-1_contig_2,True,521,TRB,TRBV20-1,None,TRBJ2-1,TRBC2,True,True,CSARVGSEVNEQFF,TGCAGTGCTAGAGTGGGGTCGGAAGTCAATGAGCAGTTCTTC,1253,19,clonotype1,clonotype1_consensus_1
CCCTCCTAGTCTCGGC-1,True,CCCTCCTAGTCTCGGC-1_contig_1,True,505,TRA,TRAV1-2,None,TRAJ33,TRAC,True,True,CAATDSNYQLIW,TGTGCTGCGACTGATAGCAACTATCAGTTAATCTGG,797,17,clonotype1,clonotype1_consensus_2
CCCTCCTAGTCTCGGC-1,True,CCCTCCTAGTCTCGGC-1_contig_2,True,521,TRB,TRBV20-1,None,TRBJ2-1,TRBC2,True,True,CSARVGSEVNEQFF,TGCAGTGCTAGAGTGGGGTCGGAAGTCAATGAGCAGTTCTTC,4127,28,clonotype1,clonotype1_consensus_1
CCCTCCTAGTCTTGCA-1,True,CCCTCCTAGTCTTGCA-1_contig_1,True,551,TRA,TRAV26-1,None,TRAJ13,TRAC,True,True,CIVRPRNSGGYQKVTF,TGCATCGTCAGACCTCGGAATTCTGGGGGTTACCAGAAAGTTACCTTT,625,4,clonotype1510,clonotype1510_consensus_2
CCCTCCTAGTCTTGCA-1,True,CCCTCCTAGTCTTGCA-1_contig_2,True,645,TRA,TRAV8-6,None,TRAJ12,TRAC,True,True,CAVTALDSSYKLIF,TGTGCTGTGACCGCGCTGGATAGCAGCTATAAATTGATCTTC,348,6,clonotype1510,clonotype1510_consensus_3
CCCTCCTAGTCTTGCA-1,True,CCCTCCTAGTCTTGCA-1_contig_3,True,655,TRB,TRBV5-6,None,TRBJ1-2,TRBC1,True,True,CASSLGQGGVGYTF,TGTGCCAGCAGCTTGGGACAGGGGGGAGTTGGCTACACCTTC,612,6,clonotype1510,clonotype1510_consensus_1
CCCTCCTAGTGAACGC-1,True,CCCTCCTAGTGAACGC-1_contig_1,True,498,TRB,TRBV20-1,None,TRBJ2-5,TRBC2,True,True,CSARGLAGVETQYF,TGCAGTGCTAGAGGTCTAGCTGGGGTGGAGACCCAGTACTTC,626,5,clonotype1511,clonotype1511_consensus_1
CCCTCCTAGTGTTTGC-1,True,CCCTCCTAGTGTTTGC-1_contig_1,True,505,TRA,TRAV1-2,None,TRAJ33,TRAC,True,True,CAATDSNYQLIW,TGTGCTGCGACTGATAGCAACTATCAGTTAATCTGG,1353,9,clonotype1,clonotype1_consensus_2
CCCTCCTAGTGTTTGC-1,True,CCCTCCTAGTGTTTGC-1_contig_2,True,521,TRB,TRBV20-1,None,TRBJ2-1,TRBC2,True,True,CSARVGSEVNEQFF,TGCAGTGCTAGAGTGGGGTCGGAAGTCAATGAGCAGTTCTTC,1402,12,clonotype1,clonotype1_consensus_1
CCCTCCTCACACATGT-1,True,CCCTCCTCACACATGT-1_contig_1,True,505,TRA,TRAV1-2,None,TRAJ33,TRAC,True,True,CAATDSNYQLIW,TGTGCTGCGACTGATAGCAACTATCAGTTAATCTGG,1146,5,clonotype1,clonotype1_consensus_2
CCCTCCTCACACATGT-1,True,CCCTCCTCACACATGT-1_contig_2,True,497,TRB,TRBV20-1,None,TRBJ2-1,TRBC2,True,True,CSARVGSEVNEQFF,TGCAGTGCTAGAGTGGGGTCGGAAGTCAATGAGCAGTTCTTC,2998,11,clonotype1,clonotype1_consensus_1
CCCTCCTCACGAAAGC-1,True,CCCTCCTCACGAAAGC-1_contig_1,True,498,TRB,TRBV20-1,None,TRBJ2-1,TRBC2,True,True,CSARVGSEVNEQFF,TGCAGTGCTAGAGTGGGGTCGGAAGTCAATGAGCAGTTCTTC,171,10,clonotype2,clonotype2_consensus_1
CCCTCCTCAGCAGTTT-1,True,CCCTCCTCAGCAGTTT-1_contig_1,True,505,TRA,TRAV1-2,None,TRAJ33,TRAC,True,True,CAATDSNYQLIW,TGTGCTGCGACTGATAGCAACTATCAGTTAATCTGG,369,3,clonotype1,clonotype1_consensus_2
CCCTCCTCAGCAGTTT-1,True,CCCTCCTCAGCAGTTT-1_contig_2,True,518,TRB,TRBV20-1,None,TRBJ2-1,TRBC2,True,True,CSARVGSEVNEQFF,TGCAGTGCTAGAGTGGGGTCGGAAGTCAATGAGCAGTTCTTC,1387,13,clonotype1,clonotype1_consensus_1
CCCTCCTCAGCAGTTT-1,True,CCCTCCTCAGCAGTTT-1_contig_3,True,457,TRA,TRAV10,None,TRAJ24,TRAC,True,False,None,None,354,11,clonotype1,None
CCCTCCTCAGCATACT-1,True,CCCTCCTCAGCATACT-1_contig_1,True,473,TRB,TRBV20-1,None,TRBJ2-1,TRBC2,True,True,CSARVGSEVNEQFF,TGCAGTGCTAGAGTGGGGTCGGAAGTCAATGAGCAGTTCTTC,9723,9,clonotype2,clonotype2_consensus_1
CCCTCCTCAGCATACT-1,True,CCCTCCTCAGCATACT-1_contig_2,True,459,TRA,TRAV10,None,TRAJ24,TRAC,True,False,None,None,557,1,clonotype2,None
CCCTCCTCATCCCATC-1,True,CCCTCCTCATCCCATC-1_contig_1,True,480,TRB,TRBV5-5,None,TRBJ1-6,TRBC1,True,True,CASSATGNSPLHF,TGTGCCAGCAGCGCCACAGGGAATTCACCCCTCCACTTT,599,4,clonotype1512,clonotype1512_consensus_1
CCCTCCTGTACTCGCG-1,True,CCCTCCTGTACTCGCG-1_contig_1,True,528,TRA,TRAV21,None,TRAJ44,TRAC,True,True,CAVRLNTGTASKLTF,TGTGCTGTGAGGTTAAATACCGGCACTGCCAGTAAACTCACCTTT,879,20,clonotype1513,clonotype1513_consensus_1
CCCTCCTGTACTCGCG-1,True,CCCTCCTGTACTCGCG-1_contig_2,True,498,TRB,TRBV20-1,None,TRBJ2-7,TRBC2,True,True,CSAGNGQGRYEQYF,TGCAGTGCCGGGAATGGACAGGGAAGGTACGAGCAGTACTTC,6199,14,clonotype1513,clonotype1513_consensus_2
CCCTCCTGTACTCGCG-1,True,CCCTCCTGTACTCGCG-1_contig_3,True,505,TRB,TRBV6-5,None,TRBJ2-7,TRBC2,True,False,None,None,268,21,clonotype1513,None
CCCTCCTGTATCACCA-1,True,CCCTCCTGTATCACCA-1_contig_1,True,505,TRA,TRAV1-2,None,TRAJ33,TRAC,True,True,CAATDSNYQLIW,TGTGCTGCGACTGATAGCAACTATCAGTTAATCTGG,6864,9,clonotype1,clonotype1_consensus_2
CCCTCCTGTATCACCA-1,True,CCCTCCTGTATCACCA-1_contig_2,True,521,TRB,TRBV20-1,None,TRBJ2-1,TRBC2,True,True,CSARVGSEVNEQFF,TGCAGTGCTAGAGTGGGGTCGGAAGTCAATGAGCAGTTCTTC,655,18,clonotype1,clonotype1_consensus_1
CCCTCCTGTCAAAGCG-1,True,CCCTCCTGTCAAAGCG-1_contig_1,True,505,TRA,TRAV1-2,None,TRAJ33,TRAC,True,True,CAATDSNYQLIW,TGTGCTGCGACTGATAGCAACTATCAGTTAATCTGG,292,19,clonotype1,clonotype1_consensus_2
CCCTCCTGTCAAAGCG-1,True,CCCTCCTGTCAAAGCG-1_contig_2,True,473,TRB,TRBV20-1,None,TRBJ2-1,TRBC2,True,True,CSARVGSEVNEQFF,TGCAGTGCTAGAGTGGGGTCGGAAGTCAATGAGCAGTTCTTC,368,20,clonotype1,clonotype1_consensus_1
CCCTCCTGTCGGATCC-1,True,CCCTCCTGTCGGATCC-1_contig_1,True,497,TRB,TRBV20-1,None,TRBJ2-1,TRBC2,True,True,CSARVGSEVNEQFF,TGCAGTGCTAGAGTGGGGTCGGAAGTCAATGAGCAGTTCTTC,1241,11,clonotype2,clonotype2_consensus_1
CCCTCCTGTCGGATCC-1,True,CCCTCCTGTCGGATCC-1_contig_2,True,465,TRA,TRAV10,None,TRAJ24,TRAC,True,False,None,None,201,16,clonotype2,None
CCCTCCTGTGGCTCCA-1,True,CCCTCCTGTGGCTCCA-1_contig_1,True,505,TRA,TRAV1-2,None,TRAJ33,TRAC,True,True,CAATDSNYQLIW,TGTGCTGCGACTGATAGCAACTATCAGTTAATCTGG,5936,12,clonotype1,clonotype1_consensus_2
CCCTCCTGTGGCTCCA-1,True,CCCTCCTGTGGCTCCA-1_contig_2,True,521,TRB,TRBV20-1,None,TRBJ2-1,TRBC2,True,True,CSARVGSEVNEQFF,TGCAGTGCTAGAGTGGGGTCGGAAGTCAATGAGCAGTTCTTC,1778,34,clonotype1,clonotype1_consensus_1
CCCTCCTTCCAACCAA-1,True,CCCTCCTTCCAACCAA-1_contig_1,True,484,TRA,TRAV21,None,TRAJ11,TRAC,True,True,CAVRIDSGYSTLTF,TGTGCTGTGAGGATTGATTCAGGATACAGCACCCTCACCTTT,1129,4,clonotype1514,clonotype1514_consensus_1
CCCTCCTTCCAACCAA-1,True,CCCTCCTTCCAACCAA-1_contig_2,True,475,TRB,TRBV5-6,None,TRBJ1-3,TRBC1,True,True,CASSRDVGNTIYF,TGTGCCAGCAGCCGGGACGTTGGAAACACCATATATTTT,1910,7,clonotype1514,clonotype1514_consensus_2
CCCTCCTTCCAACCAA-1,True,CCCTCCTTCCAACCAA-1_contig_3,True,492,TRA,TRAV4,None,TRAJ33,TRAC,True,False,CTTASWVTVDSNYQLIW,TGTACTACTGCCTCGTGGGTGACGGTGGATAGCAACTATCAGTTAATCTGG,321,2,clonotype1514,None
CCCTCCTTCCAACCAA-1,True,CCCTCCTTCCAACCAA-1_contig_4,True,304,TRB,None,None,TRBJ2-7,TRBC2,False,False,None,None,1072,7,clonotype1514,None
CCCTCCTTCTGCTGCT-1,True,CCCTCCTTCTGCTGCT-1_contig_1,True,484,TRB,TRBV5-6,None,TRBJ1-5,TRBC1,True,True,CASSLVDQPQHF,TGTGCCAGCAGCTTGGTCGACCAGCCCCAGCATTTT,507,9,clonotype1515,clonotype1515_consensus_3
CCCTCCTTCTGCTGCT-1,True,CCCTCCTTCTGCTGCT-1_contig_2,True,502,TRA,TRAV20,None,TRAJ20,TRAC,True,True,CAGASNDYKLSF,TGTGCTGGGGCATCTAACGACTACAAGCTCAGCTTT,658,4,clonotype1515,clonotype1515_consensus_2
CCCTCCTTCTGCTGCT-1,True,CCCTCCTTCTGCTGCT-1_contig_3,True,577,TRA,TRAV29/DV5,None,TRAJ7,TRAC,True,True,CAASPHGIRGNNRLAF,TGTGCAGCAAGCCCTCACGGGATTCGAGGGAACAACAGACTCGCTTTT,1559,9,clonotype1515,clonotype1515_consensus_1
CCCTCCTTCTGGGCCA-1,True,CCCTCCTTCTGGGCCA-1_contig_1,True,524,TRB,TRBV20-1,None,TRBJ2-5,TRBC2,True,True,CSAGDSQQVGETQYF,TGCAGTGCTGGGGACAGCCAGCAGGTGGGAGAGACCCAGTACTTC,3857,17,clonotype1516,clonotype1516_consensus_2
CCCTCCTTCTGGGCCA-1,True,CCCTCCTTCTGGGCCA-1_contig_2,True,449,TRA,TRAV9-2,None,TRAJ29,TRAC,True,True,CAPNGNTPLVF,TGTGCTCCAAACGGAAACACACCTCTTGTCTTT,656,10,clonotype1516,clonotype1516_consensus_1
CCCTCCTTCTTAGAGC-1,True,CCCTCCTTCTTAGAGC-1_contig_1,True,524,TRB,TRBV20-1,None,TRBJ2-7,TRBC2,True,True,CSARASRLVLSYEQYF,TGCAGTGCTAGAGCCTCACGGCTAGTACTTTCCTACGAGCAGTACTTC,837,14,clonotype11,clonotype11_consensus_2
CCCTCCTTCTTAGAGC-1,True,CCCTCCTTCTTAGAGC-1_contig_2,True,504,TRA,TRAV26-1,None,TRAJ34,TRAC,True,True,CIASSYNTDKLIF,TGCATCGCTTCATCTTATAACACCGACAAGCTCATCTTT,126,3,clonotype11,clonotype11_consensus_1
CCCTCCTTCTTAGAGC-1,True,CCCTCCTTCTTAGAGC-1_contig_3,True,548,TRA,TRAV12-2,None,TRAJ44,TRAC,True,False,None,None,184,2,clonotype11,None
CCGGGATAGACGACGT-1,True,CCGGGATAGACGACGT-1_contig_1,True,635,TRB,TRBV19,None,TRBJ2-1,TRBC2,True,True,CASSIAGGALNEQFF,TGTGCCAGTAGTATAGCTGGGGGGGCTCTGAATGAGCAGTTCTTC,3107,10,clonotype276,clonotype276_consensus_1
CCGGGATAGACGACGT-1,True,CCGGGATAGACGACGT-1_contig_2,True,494,TRA,TRAV38-2/DV8,None,TRAJ40,TRAC,True,True,CAYWTTSGTYKYIF,TGTGCTTATTGGACTACCTCAGGAACCTACAAATACATCTTT,1133,7,clonotype276,clonotype276_consensus_2
CCGGGATAGAGCTGCA-1,True,CCGGGATAGAGCTGCA-1_contig_1,True,505,TRA,TRAV1-2,None,TRAJ33,TRAC,True,True,CAATDSNYQLIW,TGTGCTGCGACTGATAGCAACTATCAGTTAATCTGG,668,2,clonotype1,clonotype1_consensus_2
CCGGGATAGAGCTGCA-1,True,CCGGGATAGAGCTGCA-1_contig_2,True,521,TRB,TRBV20-1,None,TRBJ2-1,TRBC2,True,True,CSARVGSEVNEQFF,TGCAGTGCTAGAGTGGGGTCGGAAGTCAATGAGCAGTTCTTC,4298,13,clonotype1,clonotype1_consensus_1
CCGGGATAGAGCTGCA-1,True,CCGGGATAGAGCTGCA-1_contig_3,True,471,TRA,TRAV10,None,TRAJ24,TRAC,True,False,None,None,209,2,clonotype1,None
CCGGGATAGAGTAATC-1,True,CCGGGATAGAGTAATC-1_contig_1,True,505,TRA,TRAV1-2,None,TRAJ33,TRAC,True,True,CAATDSNYQLIW,TGTGCTGCGACTGATAGCAACTATCAGTTAATCTGG,1619,3,clonotype1,clonotype1_consensus_2
CCGGGATAGAGTAATC-1,True,CCGGGATAGAGTAATC-1_contig_2,True,521,TRB,TRBV20-1,None,TRBJ2-1,TRBC2,True,True,CSARVGSEVNEQFF,TGCAGTGCTAGAGTGGGGTCGGAAGTCAATGAGCAGTTCTTC,3909,9,clonotype1,clonotype1_consensus_1
CCGGGATAGAGTAATC-1,True,CCGGGATAGAGTAATC-1_contig_3,True,459,TRA,TRAV10,None,TRAJ24,TRAC,True,False,None,None,5247,1,clonotype1,None
CCGGGATAGATGTGGC-1,True,CCGGGATAGATGTGGC-1_contig_1,True,521,TRB,TRBV20-1,None,TRBJ2-1,TRBC2,True,True,CSARVGSEVNEQFF,TGCAGTGCTAGAGTGGGGTCGGAAGTCAATGAGCAGTTCTTC,3091,9,clonotype2,clonotype2_consensus_1
CCGGGATAGATGTGGC-1,True,CCGGGATAGATGTGGC-1_contig_2,True,465,TRA,TRAV10,None,TRAJ24,TRAC,True,False,None,None,3997,5,clonotype2,None
CCGGGATAGCTACCTA-1,True,CCGGGATAGCTACCTA-1_contig_1,True,502,TRA,TRAV1-2,None,TRAJ30,TRAC,True,True,CAVRDLREIIF,TGTGCTGTGAGAGATCTTCGGGAGATCATCTTT,753,4,clonotype3,clonotype3_consensus_2
CCGGGATAGCTACCTA-1,True,CCGGGATAGCTACCTA-1_contig_2,True,516,TRB,TRBV5-5,None,TRBJ1-4,TRBC1,True,True,CASSHPGPNYATNEKLFF,TGTGCCAGCAGCCATCCCGGACCGAACTACGCAACTAATGAAAAACTGTTTTTT,1770,6,clonotype3,clonotype3_consensus_1
CCGGGATAGCTACCTA-1,True,CCGGGATAGCTACCTA-1_contig_3,True,476,TRB,TRBV7-3,None,TRBJ2-1,TRBC2,True,False,CQQRSLKAGGPYNEQFF,TGCCAGCAGCGGTCACTTAAAGCGGGGGGACCCTACAATGAGCAGTTCTTC,387,1,clonotype3,None
CCGGGATAGCTCTCGG-1,True,CCGGGATAGCTCTCGG-1_contig_1,True,518,TRB,TRBV20-1,None,TRBJ2-7,TRBC2,True,True,CSARDQGLPEQYF,TGCAGTGCTAGAGACCAGGGACTACCCGAGCAGTACTTC,3546,13,clonotype1517,clonotype1517_consensus_1
CCGGGATAGCTCTCGG-1,True,CCGGGATAGCTCTCGG-1_contig_2,True,446,TRA,TRAV9-2,None,TRAJ43,TRAC,True,True,CALSWNNNDMRF,TGTGCTCTGAGTTGGAATAACAATGACATGCGCTTT,123,3,clonotype1517,clonotype1517_consensus_2
CCGGGATAGGACATTA-1,True,CCGGGATAGGACATTA-1_contig_1,True,521,TRB,TRBV20-1,None,TRBJ2-1,TRBC2,True,True,CSARVGSEVNEQFF,TGCAGTGCTAGAGTGGGGTCGGAAGTCAATGAGCAGTTCTTC,2783,10,clonotype2,clonotype2_consensus_1
CCGGGATAGGACATTA-1,True,CCGGGATAGGACATTA-1_contig_2,True,482,TRA,TRAV10,None,TRAJ24,TRAC,True,False,None,None,123,1,clonotype2,None
CCGGGATAGGCATGGT-1,True,CCGGGATAGGCATGGT-1_contig_1,True,505,TRA,TRAV1-2,None,TRAJ33,TRAC,True,True,CAATDSNYQLIW,TGTGCTGCGACTGATAGCAACTATCAGTTAATCTGG,232,5,clonotype1,clonotype1_consensus_2
CCGGGATAGGCATGGT-1,True,CCGGGATAGGCATGGT-1_contig_2,True,518,TRB,TRBV20-1,None,TRBJ2-1,TRBC2,True,True,CSARVGSEVNEQFF,TGCAGTGCTAGAGTGGGGTCGGAAGTCAATGAGCAGTTCTTC,1135,7,clonotype1,clonotype1_consensus_1
CCGGGATAGGCGATAC-1,True,CCGGGATAGGCGATAC-1_contig_1,True,503,TRA,TRAV1-2,None,TRAJ33,TRAC,True,True,CAATDSNYQLIW,TGTGCTGCGACTGATAGCAACTATCAGTTAATCTGG,441,2,clonotype1,clonotype1_consensus_2
CCGGGATAGGCGATAC-1,True,CCGGGATAGGCGATAC-1_contig_2,True,521,TRB,TRBV20-1,None,TRBJ2-1,TRBC2,True,True,CSARVGSEVNEQFF,TGCAGTGCTAGAGTGGGGTCGGAAGTCAATGAGCAGTTCTTC,517,4,clonotype1,clonotype1_consensus_1
CCGGGATAGGCGATAC-1,True,CCGGGATAGGCGATAC-1_contig_3,True,457,TRA,TRAV10,None,TRAJ24,TRAC,True,False,None,None,891,2,clonotype1,None
CCGGGATAGGTGCTTT-1,True,CCGGGATAGGTGCTTT-1_contig_1,True,524,TRB,TRBV20-1,None,TRBJ2-7,TRBC2,True,True,CSARDPTSGDYEQYF,TGCAGTGCTAGAGATCCGACTAGCGGCGACTACGAGCAGTACTTC,1066,4,clonotype261,clonotype261_consensus_1
CCGGGATCAAAGAATC-1,True,CCGGGATCAAAGAATC-1_contig_1,True,570,TRA,TRAV8-4,None,TRAJ30,TRAC,True,True,CAVSERNRDDKIIF,TGTGCTGTGAGTGAGAGGAACAGAGATGACAAGATCATCTTT,805,7,clonotype1518,clonotype1518_consensus_2
CCGGGATCAAAGAATC-1,True,CCGGGATCAAAGAATC-1_contig_2,True,501,TRB,TRBV20-1,None,TRBJ1-1,TRBC1,True,True,CSASSRGLMNTEAFF,TGCAGTGCTTCCTCCCGAGGCCTTATGAACACTGAAGCTTTCTTT,1057,7,clonotype1518,clonotype1518_consensus_1
CCGGGATCAAAGAATC-1,True,CCGGGATCAAAGAATC-1_contig_3,True,315,TRB,None,None,TRBJ2-5,TRBC2,False,False,None,None,833,3,clonotype1518,None
CCGGGATCAGAGTGTG-1,True,CCGGGATCAGAGTGTG-1_contig_1,True,521,TRB,TRBV20-1,None,TRBJ2-1,TRBC2,True,True,CSARVGSEVNEQFF,TGCAGTGCTAGAGTGGGGTCGGAAGTCAATGAGCAGTTCTTC,2236,12,clonotype2,clonotype2_consensus_1
CCGGGATCAGAGTGTG-1,True,CCGGGATCAGAGTGTG-1_contig_2,True,482,TRA,TRAV10,None,TRAJ24,TRAC,True,False,None,None,292,4,clonotype2,None
CCGGGATCAGATAATG-1,True,CCGGGATCAGATAATG-1_contig_1,True,505,TRA,TRAV1-2,None,TRAJ33,TRAC,True,True,CAATDSNYQLIW,TGTGCTGCGACTGATAGCAACTATCAGTTAATCTGG,563,3,clonotype1,clonotype1_consensus_2
CCGGGATCAGATAATG-1,True,CCGGGATCAGATAATG-1_contig_2,True,492,TRB,TRBV20-1,None,TRBJ2-1,TRBC2,True,True,CSARVGSEVNEQFF,TGCAGTGCTAGAGTGGGGTCGGAAGTCAATGAGCAGTTCTTC,1865,4,clonotype1,clonotype1_consensus_1
CCGGGATCAGATAATG-1,True,CCGGGATCAGATAATG-1_contig_3,True,482,TRA,TRAV10,None,TRAJ24,TRAC,True,False,None,None,505,3,clonotype1,None
CCGGGATCATATGGTC-1,True,CCGGGATCATATGGTC-1_contig_1,True,521,TRB,TRBV20-1,None,TRBJ2-1,TRBC2,True,True,CSARVGSEVNEQFF,TGCAGTGCTAGAGTGGGGTCGGAAGTCAATGAGCAGTTCTTC,1874,7,clonotype2,clonotype2_consensus_1
CCGGGATCATATGGTC-1,True,CCGGGATCATATGGTC-1_contig_2,True,467,TRA,TRAV10,None,TRAJ24,TRAC,True,False,None,None,589,3,clonotype2,None
CCGGGATCATTCCTGC-1,True,CCGGGATCATTCCTGC-1_contig_1,True,505,TRA,TRAV1-2,None,TRAJ33,TRAC,True,True,CAATDSNYQLIW,TGTGCTGCGACTGATAGCAACTATCAGTTAATCTGG,457,3,clonotype1,clonotype1_consensus_2
CCGGGATCATTCCTGC-1,True,CCGGGATCATTCCTGC-1_contig_2,True,508,TRB,TRBV20-1,None,TRBJ2-1,TRBC2,True,True,CSARVGSEVNEQFF,TGCAGTGCTAGAGTGGGGTCGGAAGTCAATGAGCAGTTCTTC,262,1,clonotype1,clonotype1_consensus_1
CCGGGATGTAACGACG-1,True,CCGGGATGTAACGACG-1_contig_1,True,504,TRB,TRBV20-1,None,TRBJ1-1,TRBC1,True,True,CSARDPGQGAFTEAFF,TGCAGTGCTAGAGACCCGGGACAGGGGGCGTTCACTGAAGCTTTCTTT,1230,7,clonotype252,clonotype252_consensus_2
CCGGGATGTAACGACG-1,True,CCGGGATGTAACGACG-1_contig_2,True,498,TRA,TRAV12-3,None,TRAJ43,TRAC,True,True,CAMSGHNNNDMRF,TGTGCAATGAGCGGCCACAATAACAATGACATGCGCTTT,275,3,clonotype252,clonotype252_consensus_1
CCGGGATGTAGCCTAT-1,True,CCGGGATGTAGCCTAT-1_contig_1,True,509,TRA,TRAV13-2,None,TRAJ4,TRAC,True,True,CAAASGGYNKLIF,TGTGCAGCCGCTTCTGGTGGCTACAATAAGCTGATTTTT,2473,6,clonotype1519,clonotype1519_consensus_2
CCGGGATGTAGCCTAT-1,True,CCGGGATGTAGCCTAT-1_contig_2,True,527,TRB,TRBV20-1,None,TRBJ2-5,TRBC2,True,True,CSAPTPSGGAGETQYF,TGCAGTGCTCCTACCCCTAGCGGGGGGGCCGGAGAGACCCAGTACTTC,2072,11,clonotype1519,clonotype1519_consensus_1
CCGGGATGTAGCCTAT-1,True,CCGGGATGTAGCCTAT-1_contig_3,True,319,TRB,None,None,TRBJ1-5,TRBC1,False,False,None,None,233,2,clonotype1519,None
CCGGGATGTAGCCTAT-1,True,CCGGGATGTAGCCTAT-1_contig_4,True,408,TRA,TRAV9-2,None,TRAJ4,TRAC,True,False,None,None,665,1,clonotype1519,None
CCGGGATGTAGCGTCC-1,True,CCGGGATGTAGCGTCC-1_contig_1,True,468,TRA,TRAV1-2,None,TRAJ33,TRAC,True,True,CAATDSNYQLIW,TGTGCTGCGACTGATAGCAACTATCAGTTAATCTGG,410,2,clonotype1,clonotype1_consensus_2
CCGGGATGTAGCGTCC-1,True,CCGGGATGTAGCGTCC-1_contig_2,True,485,TRB,TRBV20-1,None,TRBJ2-1,TRBC2,True,True,CSARVGSEVNEQFF,TGCAGTGCTAGAGTGGGGTCGGAAGTCAATGAGCAGTTCTTC,809,2,clonotype1,clonotype1_consensus_1
CCGGGATGTCCAAGTT-1,True,CCGGGATGTCCAAGTT-1_contig_1,True,557,TRA,TRAV26-2,None,TRAJ32,TRAC,True,True,CIPTLGGATNKLIF,TGCATCCCGACCCTAGGTGGTGCTACAAACAAGCTCATCTTT,733,3,clonotype1520,clonotype1520_consensus_2
CCGGGATGTCCAAGTT-1,True,CCGGGATGTCCAAGTT-1_contig_2,True,660,TRB,TRBV5-6,None,TRBJ1-1,TRBC1,True,True,CASSLAGRNTEAFF,TGTGCCAGCAGCTTGGCGGGGAGAAACACTGAAGCTTTCTTT,1901,9,clonotype1520,clonotype1520_consensus_1
CCGGGATGTGATAAGT-1,True,CCGGGATGTGATAAGT-1_contig_1,True,508,TRA,TRAV20,None,TRAJ24,TRAC,True,True,CAVMTTDSWGKFQF,TGTGCTGTTATGACAACTGACAGCTGGGGGAAATTCCAGTTT,562,3,clonotype7,clonotype7_consensus_2
CCGGGATGTGATAAGT-1,True,CCGGGATGTGATAAGT-1_contig_2,True,490,TRB,TRBV5-5,None,TRBJ2-7,TRBC2,True,True,CASSSLVEQGAYEQYF,TGTGCCAGCAGCTCGCTCGTAGAGCAGGGGGCCTACGAGCAGTACTTC,374,4,clonotype7,clonotype7_consensus_1
CCGGGATGTGATAAGT-1,True,CCGGGATGTGATAAGT-1_contig_3,True,505,TRB,None,None,TRBJ1-4,None,False,False,None,None,36,1,clonotype7,None
CCGGGATGTTAAGATG-1,True,CCGGGATGTTAAGATG-1_contig_1,True,502,TRA,TRAV1-2,None,TRAJ33,TRAC,True,True,CAATDSNYQLIW,TGTGCTGCGACTGATAGCAACTATCAGTTAATCTGG,209,2,clonotype1,clonotype1_consensus_2
CCGGGATGTTAAGATG-1,True,CCGGGATGTTAAGATG-1_contig_2,True,521,TRB,TRBV20-1,None,TRBJ2-1,TRBC2,True,True,CSARVGSEVNEQFF,TGCAGTGCTAGAGTGGGGTCGGAAGTCAATGAGCAGTTCTTC,130,2,clonotype1,clonotype1_consensus_1
CCGGGATTCGAGGTAG-1,True,CCGGGATTCGAGGTAG-1_contig_1,True,505,TRA,TRAV1-2,None,TRAJ33,TRAC,True,True,CAATDSNYQLIW,TGTGCTGCGACTGATAGCAACTATCAGTTAATCTGG,183,2,clonotype1,clonotype1_consensus_2
CCGGGATTCGAGGTAG-1,True,CCGGGATTCGAGGTAG-1_contig_2,True,521,TRB,TRBV20-1,None,TRBJ2-1,TRBC2,True,True,CSARVGSEVNEQFF,TGCAGTGCTAGAGTGGGGTCGGAAGTCAATGAGCAGTTCTTC,1614,9,clonotype1,clonotype1_consensus_1
CCGGGATTCGAGGTAG-1,True,CCGGGATTCGAGGTAG-1_contig_3,True,467,TRA,TRAV10,None,TRAJ24,TRAC,True,False,None,None,909,3,clonotype1,None
CCGGGATTCGCTGATA-1,True,CCGGGATTCGCTGATA-1_contig_1,True,503,TRA,TRAV1-2,None,TRAJ33,TRAC,True,True,CAATDSNYQLIW,TGTGCTGCGACTGATAGCAACTATCAGTTAATCTGG,841,2,clonotype1,clonotype1_consensus_2
CCGGGATTCGCTGATA-1,True,CCGGGATTCGCTGATA-1_contig_2,True,521,TRB,TRBV20-1,None,TRBJ2-1,TRBC2,True,True,CSARVGSEVNEQFF,TGCAGTGCTAGAGTGGGGTCGGAAGTCAATGAGCAGTTCTTC,5306,16,clonotype1,clonotype1_consensus_1
CCGGGATTCGCTGATA-1,True,CCGGGATTCGCTGATA-1_contig_3,True,457,TRA,TRAV10,None,TRAJ24,TRAC,True,False,None,None,306,1,clonotype1,None
CCGGTAGAGAGAACAG-1,True,CCGGTAGAGAGAACAG-1_contig_1,True,521,TRB,TRBV20-1,None,TRBJ2-1,TRBC2,True,True,CSARVGSEVNEQFF,TGCAGTGCTAGAGTGGGGTCGGAAGTCAATGAGCAGTTCTTC,2348,10,clonotype2,clonotype2_consensus_1
CCGGTAGAGAGAACAG-1,True,CCGGTAGAGAGAACAG-1_contig_2,True,465,TRA,TRAV10,None,TRAJ24,TRAC,True,False,None,None,95,5,clonotype2,None
CCGGTAGAGGGCACTA-1,True,CCGGTAGAGGGCACTA-1_contig_1,True,493,TRA,TRAV1-2,None,TRAJ33,TRAC,True,True,CAATDSNYQLIW,TGTGCTGCGACTGATAGCAACTATCAGTTAATCTGG,186,3,clonotype1,clonotype1_consensus_2
CCGGTAGAGGGCACTA-1,True,CCGGTAGAGGGCACTA-1_contig_2,True,498,TRB,TRBV20-1,None,TRBJ2-1,TRBC2,True,True,CSARVGSEVNEQFF,TGCAGTGCTAGAGTGGGGTCGGAAGTCAATGAGCAGTTCTTC,726,5,clonotype1,clonotype1_consensus_1
CCGGTAGAGGGTTCCC-1,True,CCGGTAGAGGGTTCCC-1_contig_1,True,505,TRA,TRAV1-2,None,TRAJ33,TRAC,True,True,CAATDSNYQLIW,TGTGCTGCGACTGATAGCAACTATCAGTTAATCTGG,4870,4,clonotype1,clonotype1_consensus_2
CCGGTAGAGGGTTCCC-1,True,CCGGTAGAGGGTTCCC-1_contig_2,True,521,TRB,TRBV20-1,None,TRBJ2-1,TRBC2,True,True,CSARVGSEVNEQFF,TGCAGTGCTAGAGTGGGGTCGGAAGTCAATGAGCAGTTCTTC,814,3,clonotype1,clonotype1_consensus_1
CCGGTAGAGTATCGAA-1,True,CCGGTAGAGTATCGAA-1_contig_1,True,496,TRA,TRAV1-2,None,TRAJ33,TRAC,True,True,CAATDSNYQLIW,TGTGCTGCGACTGATAGCAACTATCAGTTAATCTGG,934,4,clonotype1,clonotype1_consensus_2
CCGGTAGAGTATCGAA-1,True,CCGGTAGAGTATCGAA-1_contig_2,True,498,TRB,TRBV20-1,None,TRBJ2-1,TRBC2,True,True,CSARVGSEVNEQFF,TGCAGTGCTAGAGTGGGGTCGGAAGTCAATGAGCAGTTCTTC,1474,10,clonotype1,clonotype1_consensus_1
CCGGTAGAGTATCGAA-1,True,CCGGTAGAGTATCGAA-1_contig_3,True,482,TRA,TRAV10,None,TRAJ24,TRAC,True,False,None,None,255,3,clonotype1,None
CCGGTAGAGTCAAGCG-1,True,CCGGTAGAGTCAAGCG-1_contig_1,True,505,TRA,TRAV1-2,None,TRAJ33,TRAC,True,True,CAATDSNYQLIW,TGTGCTGCGACTGATAGCAACTATCAGTTAATCTGG,5218,4,clonotype1,clonotype1_consensus_2
CCGGTAGAGTCAAGCG-1,True,CCGGTAGAGTCAAGCG-1_contig_2,True,502,TRB,TRBV20-1,None,TRBJ2-1,TRBC2,True,True,CSARVGSEVNEQFF,TGCAGTGCTAGAGTGGGGTCGGAAGTCAATGAGCAGTTCTTC,2407,9,clonotype1,clonotype1_consensus_1
CCGGTAGAGTCAAGCG-1,True,CCGGTAGAGTCAAGCG-1_contig_3,True,459,TRA,TRAV10,None,TRAJ24,TRAC,True,False,None,None,133,3,clonotype1,None
CCGGTAGAGTGCAAGC-1,True,CCGGTAGAGTGCAAGC-1_contig_1,True,570,TRA,TRAV8-4,None,TRAJ3,TRAC,True,True,CAVSPGSSASKIIF,TGTGCTGTGAGTCCCGGCAGCAGTGCTTCCAAGATAATCTTT,208,2,clonotype1521,clonotype1521_consensus_2
CCGGTAGAGTGCAAGC-1,True,CCGGTAGAGTGCAAGC-1_contig_2,True,521,TRB,TRBV20-1,None,TRBJ2-7,TRBC2,True,True,CSARGPSSYYEQYF,TGCAGTGCAAGGGGACCTTCCTCCTACTACGAGCAGTACTTC,582,3,clonotype1521,clonotype1521_consensus_1
CCGGTAGAGTTTAGGA-1,True,CCGGTAGAGTTTAGGA-1_contig_1,True,659,TRB,TRBV5-6,None,TRBJ1-5,TRBC1,True,True,CASSLGTVGQPQHF,TGTGCCAGCAGCTTGGGGACAGTAGGACAGCCCCAGCATTTT,3742,19,clonotype1522,clonotype1522_consensus_1
CCGGTAGAGTTTAGGA-1,True,CCGGTAGAGTTTAGGA-1_contig_2,True,544,TRA,TRAV16,None,TRAJ26,TRAC,True,True,CALTDYGQNFVF,TGTGCTCTAACGGACTATGGTCAGAATTTTGTCTTT,812,5,clonotype1522,clonotype1522_consensus_2
CCGGTAGCAAGTCTGT-1,True,CCGGTAGCAAGTCTGT-1_contig_1,True,515,TRB,TRBV20-1,None,TRBJ2-1,TRBC2,True,True,CSARVGSEVNEQFF,TGCAGTGCTAGAGTGGGGTCGGAAGTCAATGAGCAGTTCTTC,1146,7,clonotype2,clonotype2_consensus_1
CCGGTAGCAAGTCTGT-1,True,CCGGTAGCAAGTCTGT-1_contig_2,True,306,TRB,None,None,TRBJ2-2P,TRBC2,False,False,None,None,461,3,clonotype2,None
CCGGTAGCAAGTCTGT-1,True,CCGGTAGCAAGTCTGT-1_contig_3,True,465,TRA,TRAV10,None,TRAJ24,TRAC,True,False,None,None,329,4,clonotype2,None
CCGGTAGCAATAAGCA-1,True,CCGGTAGCAATAAGCA-1_contig_1,True,602,TRA,TRAV12-1,None,TRAJ9,TRAC,True,True,CVVTRNTGGFKTIF,TGTGTGGTGACACGAAATACTGGAGGCTTCAAAACTATCTTT,1411,6,clonotype5,clonotype5_consensus_2
CCGGTAGCAATAAGCA-1,True,CCGGTAGCAATAAGCA-1_contig_2,True,485,TRB,TRBV20-1,None,TRBJ1-5,TRBC1,True,True,CSARDDNRAKSFNQPQHF,TGCAGTGCTAGAGACGACAACCGGGCCAAATCCTTCAATCAGCCCCAGCATTTT,604,3,clonotype5,clonotype5_consensus_1
CCGGTAGCAATAAGCA-1,True,CCGGTAGCAATAAGCA-1_contig_3,True,567,TRA,TRAV29/DV5,None,TRAJ11,TRAC,True,False,CSSNSGYSTLTF,TGCAGCTCCAATTCAGGATACAGCACCCTCACCTTT,247,1,clonotype5,None
CCGGTAGCACCGATAT-1,True,CCGGTAGCACCGATAT-1_contig_1,True,505,TRA,TRAV1-2,None,TRAJ33,TRAC,True,True,CAATDSNYQLIW,TGTGCTGCGACTGATAGCAACTATCAGTTAATCTGG,41,2,clonotype1,clonotype1_consensus_2
CCGGTAGCACCGATAT-1,True,CCGGTAGCACCGATAT-1_contig_2,True,521,TRB,TRBV20-1,None,TRBJ2-1,TRBC2,True,True,CSARVGSEVNEQFF,TGCAGTGCTAGAGTGGGGTCGGAAGTCAATGAGCAGTTCTTC,433,6,clonotype1,clonotype1_consensus_1
CCGGTAGCATACAGCT-1,True,CCGGTAGCATACAGCT-1_contig_1,True,565,TRA,TRAV26-1,None,TRAJ26,TRAC,True,True,CIGRLGQNFVF,TGCATCGGCAGATTAGGTCAGAATTTTGTCTTT,439,2,clonotype1523,clonotype1523_consensus_1
CCGGTAGCATACAGCT-1,True,CCGGTAGCATACAGCT-1_contig_2,True,462,TRB,TRBV28,None,TRBJ1-5,TRBC1,True,True,CASNIQGVQHF,TGTGCCAGCAATATCCAGGGAGTCCAGCATTTT,1368,8,clonotype1523,clonotype1523_consensus_2
CCGGTAGCATACCATG-1,True,CCGGTAGCATACCATG-1_contig_1,True,505,TRA,TRAV20,None,TRAJ36,TRAC,True,True,CAVQAGGANNLFF,TGTGCTGTGCAGGCTGGTGGGGCAAACAACCTCTTCTTT,150,3,clonotype1524,clonotype1524_consensus_2
CCGGTAGCATACCATG-1,True,CCGGTAGCATACCATG-1_contig_2,True,508,TRB,TRBV5-5,None,TRBJ2-1,TRBC2,True,True,CASSLLRSNEQFF,TGTGCCAGCAGCTTGTTAAGGTCTAATGAGCAGTTCTTC,2449,11,clonotype1524,clonotype1524_consensus_1
CCGGTAGCATTCCTGC-1,True,CCGGTAGCATTCCTGC-1_contig_1,True,536,TRB,TRBV5-5,None,TRBJ1-4,TRBC1,True,True,CASSHPGPNYATNEKLFF,TGTGCCAGCAGCCATCCCGGACCGAACTACGCAACTAATGAAAAACTGTTTTTT,1123,5,clonotype4,clonotype4_consensus_1
CCGGTAGCATTCCTGC-1,True,CCGGTAGCATTCCTGC-1_contig_2,True,482,TRB,TRBV7-3,None,TRBJ2-1,TRBC2,True,False,CQQRSLKAGGPYNEQFF,TGCCAGCAGCGGTCACTTAAAGCGGGGGGACCCTACAATGAGCAGTTCTTC,1090,4,clonotype4,None
CCGGTAGGTAAAGGAG-1,True,CCGGTAGGTAAAGGAG-1_contig_1,True,503,TRA,TRAV1-2,None,TRAJ33,TRAC,True,True,CAATDSNYQLIW,TGTGCTGCGACTGATAGCAACTATCAGTTAATCTGG,372,5,clonotype1,clonotype1_consensus_2
CCGGTAGGTAAAGGAG-1,True,CCGGTAGGTAAAGGAG-1_contig_2,True,521,TRB,TRBV20-1,None,TRBJ2-1,TRBC2,True,True,CSARVGSEVNEQFF,TGCAGTGCTAGAGTGGGGTCGGAAGTCAATGAGCAGTTCTTC,2169,9,clonotype1,clonotype1_consensus_1
CCGGTAGGTCGATTGT-1,True,CCGGTAGGTCGATTGT-1_contig_1,True,505,TRA,TRAV1-2,None,TRAJ33,TRAC,True,True,CAATDSNYQLIW,TGTGCTGCGACTGATAGCAACTATCAGTTAATCTGG,551,3,clonotype1,clonotype1_consensus_2
CCGGTAGGTCGATTGT-1,True,CCGGTAGGTCGATTGT-1_contig_2,True,485,TRB,TRBV20-1,None,TRBJ2-1,TRBC2,True,True,CSARVGSEVNEQFF,TGCAGTGCTAGAGTGGGGTCGGAAGTCAATGAGCAGTTCTTC,1771,8,clonotype1,clonotype1_consensus_1
CCGGTAGGTCGATTGT-1,True,CCGGTAGGTCGATTGT-1_contig_3,True,456,TRA,TRAV10,None,TRAJ24,TRAC,True,False,None,None,168,2,clonotype1,None
CCGGTAGGTTATCGGT-1,True,CCGGTAGGTTATCGGT-1_contig_1,True,505,TRA,TRAV1-2,None,TRAJ33,TRAC,True,True,CAATDSNYQLIW,TGTGCTGCGACTGATAGCAACTATCAGTTAATCTGG,1038,3,clonotype1,clonotype1_consensus_2
CCGGTAGGTTATCGGT-1,True,CCGGTAGGTTATCGGT-1_contig_2,True,498,TRB,TRBV20-1,None,TRBJ2-1,TRBC2,True,True,CSARVGSEVNEQFF,TGCAGTGCTAGAGTGGGGTCGGAAGTCAATGAGCAGTTCTTC,8344,18,clonotype1,clonotype1_consensus_1
CCGGTAGTCACTTATC-1,True,CCGGTAGTCACTTATC-1_contig_1,True,505,TRA,TRAV1-2,None,TRAJ33,TRAC,True,True,CAATDSNYQLIW,TGTGCTGCGACTGATAGCAACTATCAGTTAATCTGG,384,4,clonotype1,clonotype1_consensus_2
CCGGTAGTCACTTATC-1,True,CCGGTAGTCACTTATC-1_contig_2,True,514,TRB,TRBV20-1,None,TRBJ2-1,TRBC2,True,True,CSARVGSEVNEQFF,TGCAGTGCTAGAGTGGGGTCGGAAGTCAATGAGCAGTTCTTC,2795,11,clonotype1,clonotype1_consensus_1
CCGGTAGTCCCAGGTG-1,True,CCGGTAGTCCCAGGTG-1_contig_1,True,555,TRA,TRAV26-2,None,TRAJ29,TRAC,True,True,CILRAYSGNTPLVF,TGCATCCTGAGGGCCTATTCAGGAAACACACCTCTTGTCTTT,2064,8,clonotype1525,clonotype1525_consensus_2
CCGGTAGTCCCAGGTG-1,True,CCGGTAGTCCCAGGTG-1_contig_2,True,504,TRB,TRBV20-1,None,TRBJ1-5,TRBC1,True,True,CSARGRVGTGNQPQHF,TGCAGTGCTAGAGGGAGGGTGGGGACAGGCAATCAGCCCCAGCATTTT,3977,10,clonotype1525,clonotype1525_consensus_1
CCGGTAGTCGCGCCAA-1,True,CCGGTAGTCGCGCCAA-1_contig_1,True,665,TRB,TRBV5-6,None,TRBJ2-7,TRBC2,True,True,CASRRTTGLIPYEQYF,TGTGCCAGCAGGCGGACAACGGGACTGATTCCCTACGAGCAGTACTTC,2896,11,clonotype1526,clonotype1526_consensus_2
CCGGTAGTCGCGCCAA-1,True,CCGGTAGTCGCGCCAA-1_contig_2,True,505,TRA,TRAV24,None,TRAJ44,TRAC,True,True,CALRGTASKLTF,TGTGCCCTTCGGGGCACTGCCAGTAAACTCACCTTT,198,3,clonotype1526,clonotype1526_consensus_1
CCGGTAGTCGTATCAG-1,True,CCGGTAGTCGTATCAG-1_contig_1,True,498,TRA,TRAV1-2,None,TRAJ33,TRAC,True,True,CAATDSNYQLIW,TGTGCTGCGACTGATAGCAACTATCAGTTAATCTGG,477,2,clonotype1,clonotype1_consensus_2
CCGGTAGTCGTATCAG-1,True,CCGGTAGTCGTATCAG-1_contig_2,True,512,TRB,TRBV20-1,None,TRBJ2-1,TRBC2,True,True,CSARVGSEVNEQFF,TGCAGTGCTAGAGTGGGGTCGGAAGTCAATGAGCAGTTCTTC,1373,6,clonotype1,clonotype1_consensus_1
CCGGTAGTCGTATCAG-1,True,CCGGTAGTCGTATCAG-1_contig_3,True,459,TRA,TRAV10,None,TRAJ24,TRAC,True,False,None,None,306,5,clonotype1,None
CCGGTAGTCTCCGGTT-1,True,CCGGTAGTCTCCGGTT-1_contig_1,True,505,TRA,TRAV1-2,None,TRAJ33,TRAC,True,True,CAATDSNYQLIW,TGTGCTGCGACTGATAGCAACTATCAGTTAATCTGG,257,4,clonotype1,clonotype1_consensus_2
CCGGTAGTCTCCGGTT-1,True,CCGGTAGTCTCCGGTT-1_contig_2,True,521,TRB,TRBV20-1,None,TRBJ2-1,TRBC2,True,True,CSARVGSEVNEQFF,TGCAGTGCTAGAGTGGGGTCGGAAGTCAATGAGCAGTTCTTC,951,7,clonotype1,clonotype1_consensus_1
CCGGTAGTCTTCATGT-1,True,CCGGTAGTCTTCATGT-1_contig_1,True,505,TRA,TRAV1-2,None,TRAJ33,TRAC,True,True,CAATDSNYQLIW,TGTGCTGCGACTGATAGCAACTATCAGTTAATCTGG,87,2,clonotype1,clonotype1_consensus_2
CCGGTAGTCTTCATGT-1,True,CCGGTAGTCTTCATGT-1_contig_2,True,521,TRB,TRBV20-1,None,TRBJ2-1,TRBC2,True,True,CSARVGSEVNEQFF,TGCAGTGCTAGAGTGGGGTCGGAAGTCAATGAGCAGTTCTTC,2551,8,clonotype1,clonotype1_consensus_1
CCGTACTAGAACTGTA-1,True,CCGTACTAGAACTGTA-1_contig_1,True,544,TRA,TRAV12-1,None,TRAJ49,TRAC,True,True,CVVKRSNTGNQFYF,TGTGTGGTGAAGCGATCGAACACCGGTAACCAGTTCTATTTT,208,4,clonotype1527,clonotype1527_consensus_1
CCGTACTAGAACTGTA-1,True,CCGTACTAGAACTGTA-1_contig_2,True,711,TRB,TRBV5-6,None,TRBJ1-6,TRBC1,True,True,CASSFTGSDSPLHF,TGTGCCAGCAGCTTTACAGGATCCGATTCACCCCTCCACTTT,795,4,clonotype1527,clonotype1527_consensus_2
CCGTACTAGAGGACGG-1,True,CCGTACTAGAGGACGG-1_contig_1,True,488,TRA,TRAV9-2,None,TRAJ13,TRAC,True,True,CALNLEGYQKVTF,TGTGCTCTGAACTTAGAGGGTTACCAGAAAGTTACCTTT,285,2,clonotype6,clonotype6_consensus_1
CCGTACTAGAGGACGG-1,True,CCGTACTAGAGGACGG-1_contig_2,True,663,TRB,TRBV5-6,None,TRBJ1-5,TRBC1,True,True,CASSFRGGANQPQHF,TGTGCCAGCAGCTTTCGAGGGGGCGCGAATCAGCCCCAGCATTTT,204,3,clonotype6,clonotype6_consensus_2
CCGTACTAGATCCGAG-1,True,CCGTACTAGATCCGAG-1_contig_1,True,521,TRB,TRBV20-1,None,TRBJ2-1,TRBC2,True,True,CSARVGSEVNEQFF,TGCAGTGCTAGAGTGGGGTCGGAAGTCAATGAGCAGTTCTTC,8191,7,clonotype2,clonotype2_consensus_1
CCGTACTAGATCCGAG-1,True,CCGTACTAGATCCGAG-1_contig_2,True,468,TRA,TRAV10,None,TRAJ24,TRAC,True,False,None,None,4165,2,clonotype2,None
CCGTACTAGATCCGAG-1,True,CCGTACTAGATCCGAG-1_contig_3,True,355,TRB,None,None,TRBJ2-3,TRBC2,False,False,None,None,1305,3,clonotype2,None
CCGTACTAGCTGTTCA-1,True,CCGTACTAGCTGTTCA-1_contig_1,True,505,TRA,TRAV1-2,None,TRAJ33,TRAC,True,True,CAATDSNYQLIW,TGTGCTGCGACTGATAGCAACTATCAGTTAATCTGG,282,2,clonotype1,clonotype1_consensus_2
CCGTACTAGCTGTTCA-1,True,CCGTACTAGCTGTTCA-1_contig_2,True,521,TRB,TRBV20-1,None,TRBJ2-1,TRBC2,True,True,CSARVGSEVNEQFF,TGCAGTGCTAGAGTGGGGTCGGAAGTCAATGAGCAGTTCTTC,3345,11,clonotype1,clonotype1_consensus_1
CCGTACTAGCTGTTCA-1,True,CCGTACTAGCTGTTCA-1_contig_3,True,482,TRA,TRAV10,None,TRAJ24,TRAC,True,False,None,None,348,2,clonotype1,None
CCGTACTAGGCAATTA-1,True,CCGTACTAGGCAATTA-1_contig_1,True,485,TRB,TRBV20-1,None,TRBJ2-1,TRBC2,True,True,CSARVGSEVNEQFF,TGCAGTGCTAGAGTGGGGTCGGAAGTCAATGAGCAGTTCTTC,320,4,clonotype2,clonotype2_consensus_1
CCGTACTAGGCTCAGA-1,True,CCGTACTAGGCTCAGA-1_contig_1,True,502,TRB,TRBV20-1,None,TRBJ1-5,TRBC1,True,True,CSASDRPNQPQHF,TGCAGTGCTTCGGACAGGCCAAATCAGCCCCAGCATTTT,1702,7,clonotype1528,clonotype1528_consensus_1
CCGTACTAGGCTCAGA-1,True,CCGTACTAGGCTCAGA-1_contig_2,True,529,TRA,TRAV14/DV4,None,TRAJ56,TRAC,True,True,CAMRDQVTGANSKLTF,TGTGCAATGAGAGACCAGGTTACTGGAGCCAATAGTAAGCTGACATTT,4497,5,clonotype1528,clonotype1528_consensus_2
CCGTACTAGTACTTGC-1,True,CCGTACTAGTACTTGC-1_contig_1,True,544,TRA,TRAV35,None,TRAJ16,TRAC,True,True,CAGQLYSDGQKLLF,TGTGCTGGGCAGCTTTACTCAGATGGCCAGAAGCTGCTCTTT,160,4,clonotype1529,clonotype1529_consensus_2
CCGTACTAGTACTTGC-1,True,CCGTACTAGTACTTGC-1_contig_2,True,643,TRB,TRBV5-6,None,TRBJ2-7,TRBC2,True,True,CASSWAGSSYEQYF,TGTGCCAGCAGCTGGGCAGGGAGCTCCTACGAGCAGTACTTC,869,4,clonotype1529,clonotype1529_consensus_1
CCGTACTAGTACTTGC-1,True,CCGTACTAGTACTTGC-1_contig_3,True,492,TRA,TRAV29/DV5,None,TRAJ57,TRAC,True,False,CTSVQQANQGGSEKLVF,TGTACTTCTGTGCAGCAAGCGAATCAGGGCGGATCTGAAAAGCTGGTCTTT,136,1,clonotype1529,None
CCGTACTCACATTAGC-1,True,CCGTACTCACATTAGC-1_contig_1,True,525,TRB,TRBV20-1,None,TRBJ1-1,TRBC1,True,True,CSASTGGAGMNTEAFF,TGCAGTGCCTCAACAGGGGGCGCGGGGATGAACACTGAAGCTTTCTTT,4044,12,clonotype1530,clonotype1530_consensus_1
CCGTACTCACATTAGC-1,True,CCGTACTCACATTAGC-1_contig_2,True,526,TRA,TRAV14/DV4,None,TRAJ29,TRAC,True,True,CAMREGRSGNTPLVF,TGTGCAATGAGAGAGGGCCGGTCAGGAAACACACCTCTTGTCTTT,2009,7,clonotype1530,clonotype1530_consensus_2
CCGTACTCACGCCAGT-1,True,CCGTACTCACGCCAGT-1_contig_1,True,515,TRB,TRBV20-1,None,TRBJ1-2,TRBC1,True,True,CSATQGDRGYTF,TGCAGTGCTACCCAGGGAGATCGTGGCTACACCTTC,2251,12,clonotype1531,clonotype1531_consensus_1
CCGTACTCACGCCAGT-1,True,CCGTACTCACGCCAGT-1_contig_2,True,563,TRA,TRAV26-1,None,TRAJ16,TRAC,True,True,CIVRFSFSDGQKLLF,TGCATCGTCAGATTCTCGTTTTCAGATGGCCAGAAGCTGCTCTTT,478,6,clonotype1531,clonotype1531_consensus_2
CCGTACTCAGATCGGA-1,True,CCGTACTCAGATCGGA-1_contig_1,True,577,TRA,TRAV8-1,None,TRAJ4,TRAC,True,True,CAVILFSGGYNKLIF,TGTGCCGTGATCCTGTTTTCTGGTGGCTACAATAAGCTGATTTTT,1289,4,clonotype1532,clonotype1532_consensus_2
CCGTACTCAGATCGGA-1,True,CCGTACTCAGATCGGA-1_contig_2,True,708,TRB,TRBV5-6,None,TRBJ2-7,TRBC2,True,True,CASSLADRTYEQYF,TGTGCCAGCAGCTTGGCCGATAGAACCTACGAGCAGTACTTC,1650,7,clonotype1532,clonotype1532_consensus_1
CCGTACTCAGCGTAAG-1,True,CCGTACTCAGCGTAAG-1_contig_1,True,505,TRA,TRAV1-2,None,TRAJ33,TRAC,True,True,CAATDSNYQLIW,TGTGCTGCGACTGATAGCAACTATCAGTTAATCTGG,906,4,clonotype1,clonotype1_consensus_2
CCGTACTCAGCGTAAG-1,True,CCGTACTCAGCGTAAG-1_contig_2,True,492,TRB,TRBV20-1,None,TRBJ2-1,TRBC2,True,True,CSARVGSEVNEQFF,TGCAGTGCTAGAGTGGGGTCGGAAGTCAATGAGCAGTTCTTC,92,5,clonotype1,clonotype1_consensus_1
CCGTACTCAGTCGTGC-1,True,CCGTACTCAGTCGTGC-1_contig_1,True,505,TRA,TRAV1-2,None,TRAJ33,TRAC,True,True,CAATDSNYQLIW,TGTGCTGCGACTGATAGCAACTATCAGTTAATCTGG,226,2,clonotype1,clonotype1_consensus_2
CCGTACTCAGTCGTGC-1,True,CCGTACTCAGTCGTGC-1_contig_2,True,473,TRB,TRBV20-1,None,TRBJ2-1,TRBC2,True,True,CSARVGSEVNEQFF,TGCAGTGCTAGAGTGGGGTCGGAAGTCAATGAGCAGTTCTTC,1532,6,clonotype1,clonotype1_consensus_1
CCGTACTCATGGAATA-1,True,CCGTACTCATGGAATA-1_contig_1,True,506,TRB,TRBV20-1,None,TRBJ1-1,TRBC1,True,True,CSAERHAFF,TGCAGTGCCGAGAGGCATGCTTTCTTT,2265,11,clonotype1533,clonotype1533_consensus_1
CCGTACTCATGGAATA-1,True,CCGTACTCATGGAATA-1_contig_2,True,492,TRA,TRAV38-2/DV8,None,TRAJ29,TRAC,True,True,CAYRRLNSGNTPLVF,TGTGCTTATAGGAGATTGAATTCAGGAAACACACCTCTTGTCTTT,1155,9,clonotype1533,clonotype1533_consensus_2
CCGTACTCATGGAATA-1,True,CCGTACTCATGGAATA-1_contig_3,True,467,TRA,None,None,TRAJ39,TRAC,False,False,None,None,650,1,clonotype1533,None
CCGTACTGTACTCAAC-1,True,CCGTACTGTACTCAAC-1_contig_1,True,521,TRB,TRBV20-1,None,TRBJ2-1,TRBC2,True,True,CSAPPSGGAGEQFF,TGCAGTGCTCCTCCTAGCGGGGGGGCCGGAGAGCAGTTCTTC,1387,6,clonotype1534,clonotype1534_consensus_1
CCGTACTGTACTCAAC-1,True,CCGTACTGTACTCAAC-1_contig_2,True,511,TRA,TRAV17,None,TRAJ4,TRAC,True,True,CATGSGGYNKLIF,TGTGCTACCGGGTCTGGTGGCTACAATAAGCTGATTTTT,56,1,clonotype1534,clonotype1534_consensus_2
CCGTACTGTACTCAAC-1,True,CCGTACTGTACTCAAC-1_contig_3,True,459,TRA,TRAV10,None,TRAJ24,TRAC,True,False,None,None,192,1,clonotype1534,None
CCGTACTGTACTCAAC-1,True,CCGTACTGTACTCAAC-1_contig_4,True,538,TRA,TRAV27,None,TRAJ45,TRAC,True,False,CAGAGGAEEEVLTD,TGTGCAGGAGCTGGGGGAGCGGAGGAGGAGGTGCTGACGGAC,555,2,clonotype1534,None
CCGTACTGTATGCTTG-1,True,CCGTACTGTATGCTTG-1_contig_1,True,524,TRB,TRBV20-1,None,TRBJ2-1,TRBC2,True,True,CSARDTGLLHNEQFF,TGCAGTGCTAGGGATACCGGACTCCTACACAATGAGCAGTTCTTC,1237,8,clonotype1535,clonotype1535_consensus_1
CCGTACTGTCATATCG-1,True,CCGTACTGTCATATCG-1_contig_1,True,505,TRA,TRAV1-2,None,TRAJ33,TRAC,True,True,CAATDSNYQLIW,TGTGCTGCGACTGATAGCAACTATCAGTTAATCTGG,778,3,clonotype1,clonotype1_consensus_2
CCGTACTGTCATATCG-1,True,CCGTACTGTCATATCG-1_contig_2,True,521,TRB,TRBV20-1,None,TRBJ2-1,TRBC2,True,True,CSARVGSEVNEQFF,TGCAGTGCTAGAGTGGGGTCGGAAGTCAATGAGCAGTTCTTC,1018,4,clonotype1,clonotype1_consensus_1
CCGTACTGTGACGCCT-1,True,CCGTACTGTGACGCCT-1_contig_1,True,505,TRA,TRAV1-2,None,TRAJ33,TRAC,True,True,CAATDSNYQLIW,TGTGCTGCGACTGATAGCAACTATCAGTTAATCTGG,73,3,clonotype1,clonotype1_consensus_2
CCGTACTGTGACGCCT-1,True,CCGTACTGTGACGCCT-1_contig_2,True,518,TRB,TRBV20-1,None,TRBJ2-1,TRBC2,True,True,CSARVGSEVNEQFF,TGCAGTGCTAGAGTGGGGTCGGAAGTCAATGAGCAGTTCTTC,2964,9,clonotype1,clonotype1_consensus_1
CCGTACTGTGACTACT-1,True,CCGTACTGTGACTACT-1_contig_1,True,527,TRB,TRBV20-1,None,TRBJ2-4,TRBC2,True,True,CSARGPTGRNRNIQYF,TGCAGTGCTAGGGGTCCTACAGGGAGGAATCGAAACATTCAGTACTTC,1312,7,clonotype270,clonotype270_consensus_1
CCGTACTGTGACTACT-1,True,CCGTACTGTGACTACT-1_contig_2,True,497,TRA,TRAV4,None,TRAJ30,TRAC,True,True,CLVGDVMNRDDKIIF,TGCCTCGTGGGTGACGTGATGAACAGAGATGACAAGATCATCTTT,668,5,clonotype270,clonotype270_consensus_2
CCGTACTGTGAGGGTT-1,True,CCGTACTGTGAGGGTT-1_contig_1,True,505,TRA,TRAV1-2,None,TRAJ33,TRAC,True,True,CAATDSNYQLIW,TGTGCTGCGACTGATAGCAACTATCAGTTAATCTGG,86,3,clonotype1,clonotype1_consensus_2
CCGTACTGTGAGGGTT-1,True,CCGTACTGTGAGGGTT-1_contig_2,True,521,TRB,TRBV20-1,None,TRBJ2-1,TRBC2,True,True,CSARVGSEVNEQFF,TGCAGTGCTAGAGTGGGGTCGGAAGTCAATGAGCAGTTCTTC,2532,10,clonotype1,clonotype1_consensus_1
CCGTACTGTGATAAGT-1,True,CCGTACTGTGATAAGT-1_contig_1,True,495,TRB,TRBV20-1,None,TRBJ1-2,TRBC1,True,True,CSARDIGPTGYTF,TGCAGTGCTAGAGATATCGGGCCCACCGGCTACACCTTC,5301,10,clonotype1536,clonotype1536_consensus_1
CCGTACTGTGATAAGT-1,True,CCGTACTGTGATAAGT-1_contig_2,True,474,TRA,None,None,TRAJ30,TRAC,False,False,None,None,938,2,clonotype1536,None
CCGTACTGTTCAACCA-1,True,CCGTACTGTTCAACCA-1_contig_1,True,505,TRA,TRAV1-2,None,TRAJ33,TRAC,True,True,CAATDSNYQLIW,TGTGCTGCGACTGATAGCAACTATCAGTTAATCTGG,391,4,clonotype1,clonotype1_consensus_2
CCGTACTGTTCAACCA-1,True,CCGTACTGTTCAACCA-1_contig_2,True,502,TRB,TRBV20-1,None,TRBJ2-1,TRBC2,True,True,CSARVGSEVNEQFF,TGCAGTGCTAGAGTGGGGTCGGAAGTCAATGAGCAGTTCTTC,489,5,clonotype1,clonotype1_consensus_1
CCGTACTGTTCAACCA-1,True,CCGTACTGTTCAACCA-1_contig_3,True,482,TRA,TRAV10,None,TRAJ24,TRAC,True,False,None,None,436,2,clonotype1,None
CCGTACTTCAGTCAGT-1,True,CCGTACTTCAGTCAGT-1_contig_1,True,521,TRB,TRBV20-1,None,TRBJ2-1,TRBC2,True,True,CSARVGSEVNEQFF,TGCAGTGCTAGAGTGGGGTCGGAAGTCAATGAGCAGTTCTTC,1004,7,clonotype2,clonotype2_consensus_1
CCGTACTTCAGTTTGG-1,True,CCGTACTTCAGTTTGG-1_contig_1,True,505,TRA,TRAV1-2,None,TRAJ33,TRAC,True,True,CAATDSNYQLIW,TGTGCTGCGACTGATAGCAACTATCAGTTAATCTGG,320,2,clonotype1,clonotype1_consensus_2
CCGTACTTCAGTTTGG-1,True,CCGTACTTCAGTTTGG-1_contig_2,True,495,TRB,TRBV20-1,None,TRBJ2-1,TRBC2,True,True,CSARVGSEVNEQFF,TGCAGTGCTAGAGTGGGGTCGGAAGTCAATGAGCAGTTCTTC,2173,9,clonotype1,clonotype1_consensus_1
CCGTACTTCTATCCTA-1,True,CCGTACTTCTATCCTA-1_contig_1,True,521,TRB,TRBV20-1,None,TRBJ2-1,TRBC2,True,True,CSARVGSEVNEQFF,TGCAGTGCTAGAGTGGGGTCGGAAGTCAATGAGCAGTTCTTC,3512,8,clonotype2,clonotype2_consensus_1
CCGTACTTCTATCCTA-1,True,CCGTACTTCTATCCTA-1_contig_2,True,467,TRA,TRAV10,None,TRAJ24,TRAC,True,False,None,None,315,5,clonotype2,None
CCGTACTTCTGCAAGT-1,True,CCGTACTTCTGCAAGT-1_contig_1,True,509,TRA,TRAV13-2,None,TRAJ13,TRAC,True,True,CAESVGGYQKVTF,TGTGCAGAGAGCGTTGGGGGTTACCAGAAAGTTACCTTT,127,9,clonotype1537,clonotype1537_consensus_2
CCGTACTTCTGCAAGT-1,True,CCGTACTTCTGCAAGT-1_contig_2,True,524,TRB,TRBV20-1,None,TRBJ2-5,TRBC2,True,True,CSARPPGRTGETQYF,TGCAGTGCTAGACCCCCGGGACGAACGGGAGAGACCCAGTACTTC,1730,9,clonotype1537,clonotype1537_consensus_1
CCGTACTTCTGTCCGT-1,True,CCGTACTTCTGTCCGT-1_contig_1,True,505,TRA,TRAV1-2,None,TRAJ33,TRAC,True,True,CAATDSNYQLIW,TGTGCTGCGACTGATAGCAACTATCAGTTAATCTGG,189,5,clonotype1,clonotype1_consensus_2
CCGTACTTCTGTCCGT-1,True,CCGTACTTCTGTCCGT-1_contig_2,True,521,TRB,TRBV20-1,None,TRBJ2-1,TRBC2,True,True,CSARVGSEVNEQFF,TGCAGTGCTAGAGTGGGGTCGGAAGTCAATGAGCAGTTCTTC,2066,11,clonotype1,clonotype1_consensus_1
CCGTACTTCTTACCTA-1,True,CCGTACTTCTTACCTA-1_contig_1,True,502,TRA,TRAV1-2,None,TRAJ33,TRAC,True,True,CAATDSNYQLIW,TGTGCTGCGACTGATAGCAACTATCAGTTAATCTGG,277,2,clonotype1,clonotype1_consensus_2
CCGTACTTCTTACCTA-1,True,CCGTACTTCTTACCTA-1_contig_2,True,498,TRB,TRBV20-1,None,TRBJ2-1,TRBC2,True,True,CSARVGSEVNEQFF,TGCAGTGCTAGAGTGGGGTCGGAAGTCAATGAGCAGTTCTTC,574,7,clonotype1,clonotype1_consensus_1
CCGTACTTCTTACCTA-1,True,CCGTACTTCTTACCTA-1_contig_3,True,465,TRA,TRAV10,None,TRAJ24,TRAC,True,False,None,None,118,1,clonotype1,None
CCGTGGAAGTAGTGCG-1,True,CCGTGGAAGTAGTGCG-1_contig_1,True,505,TRA,TRAV1-2,None,TRAJ33,TRAC,True,True,CAATDSNYQLIW,TGTGCTGCGACTGATAGCAACTATCAGTTAATCTGG,881,3,clonotype1,clonotype1_consensus_2
CCGTGGAAGTAGTGCG-1,True,CCGTGGAAGTAGTGCG-1_contig_2,True,521,TRB,TRBV20-1,None,TRBJ2-1,TRBC2,True,True,CSARVGSEVNEQFF,TGCAGTGCTAGAGTGGGGTCGGAAGTCAATGAGCAGTTCTTC,937,2,clonotype1,clonotype1_consensus_1
CCGTGGAAGTCAATAG-1,True,CCGTGGAAGTCAATAG-1_contig_1,True,565,TRA,TRAV19,None,TRAJ34,TRAC,True,True,CALSGTYNTDKLIF,TGTGCTCTGAGTGGGACGTATAACACCGACAAGCTCATCTTT,179,3,clonotype1538,clonotype1538_consensus_1
CCGTGGAAGTCAATAG-1,True,CCGTGGAAGTCAATAG-1_contig_2,True,703,TRB,TRBV5-6,None,TRBJ1-1,TRBC1,True,True,CASSPVDGREAFF,TGTGCCAGCAGCCCCGTAGATGGACGTGAAGCTTTCTTT,1172,10,clonotype1538,clonotype1538_consensus_2
CCGTGGACAGAGCCAA-1,True,CCGTGGACAGAGCCAA-1_contig_1,True,498,TRB,TRBV20-1,None,TRBJ2-1,TRBC2,True,True,CSARVGSEVNEQFF,TGCAGTGCTAGAGTGGGGTCGGAAGTCAATGAGCAGTTCTTC,1703,8,clonotype2,clonotype2_consensus_1
CCGTGGACAGAGCCAA-1,True,CCGTGGACAGAGCCAA-1_contig_2,True,482,TRA,TRAV10,None,TRAJ24,TRAC,True,False,None,None,542,3,clonotype2,None
CCGTGGACAGATGGGT-1,True,CCGTGGACAGATGGGT-1_contig_1,True,505,TRA,TRAV1-2,None,TRAJ33,TRAC,True,True,CAATDSNYQLIW,TGTGCTGCGACTGATAGCAACTATCAGTTAATCTGG,516,1,clonotype1,clonotype1_consensus_2
CCGTGGACAGATGGGT-1,True,CCGTGGACAGATGGGT-1_contig_2,True,521,TRB,TRBV20-1,None,TRBJ2-1,TRBC2,True,True,CSARVGSEVNEQFF,TGCAGTGCTAGAGTGGGGTCGGAAGTCAATGAGCAGTTCTTC,826,4,clonotype1,clonotype1_consensus_1
CCGTGGACAGATGGGT-1,True,CCGTGGACAGATGGGT-1_contig_3,True,465,TRA,TRAV10,None,TRAJ24,TRAC,True,False,None,None,472,3,clonotype1,None
CCGTGGACAGTCACTA-1,True,CCGTGGACAGTCACTA-1_contig_1,True,514,TRA,TRAV1-2,None,TRAJ23,TRAC,True,True,CAVKTPLGQGGKLIF,TGTGCTGTGAAGACCCCCTTAGGACAGGGAGGAAAGCTTATCTTC,1550,9,clonotype1539,clonotype1539_consensus_1
CCGTGGACAGTCACTA-1,True,CCGTGGACAGTCACTA-1_contig_2,True,521,TRB,TRBV20-1,None,TRBJ1-5,TRBC1,True,True,CSARTGDSNQPQHF,TGCAGTGCTAGGACAGGCGATAGCAATCAGCCCCAGCATTTT,1458,5,clonotype1539,clonotype1539_consensus_2
CCGTGGACAGTCACTA-1,True,CCGTGGACAGTCACTA-1_contig_3,True,489,TRB,TRBV20-1,None,TRBJ2-3,TRBC2,True,True,CSASASRVLYF,TGCAGTGCTAGCGCTAGTCGGGTCCTGTATTTT,2058,7,clonotype1539,clonotype1539_consensus_3
CCGTGGACATACGCCG-1,True,CCGTGGACATACGCCG-1_contig_1,True,521,TRB,TRBV20-1,None,TRBJ2-1,TRBC2,True,True,CSARVGSEVNEQFF,TGCAGTGCTAGAGTGGGGTCGGAAGTCAATGAGCAGTTCTTC,716,4,clonotype2,clonotype2_consensus_1
CCGTGGACATACGCCG-1,True,CCGTGGACATACGCCG-1_contig_2,True,465,TRA,TRAV10,None,TRAJ24,TRAC,True,False,None,None,248,3,clonotype2,None
CCGTGGACATCGATGT-1,True,CCGTGGACATCGATGT-1_contig_1,True,505,TRA,TRAV1-2,None,TRAJ33,TRAC,True,True,CAATDSNYQLIW,TGTGCTGCGACTGATAGCAACTATCAGTTAATCTGG,1237,4,clonotype1,clonotype1_consensus_2
CCGTGGACATCGATGT-1,True,CCGTGGACATCGATGT-1_contig_2,True,521,TRB,TRBV20-1,None,TRBJ2-1,TRBC2,True,True,CSARVGSEVNEQFF,TGCAGTGCTAGAGTGGGGTCGGAAGTCAATGAGCAGTTCTTC,1893,5,clonotype1,clonotype1_consensus_1
CCGTGGACATCGATGT-1,True,CCGTGGACATCGATGT-1_contig_3,True,467,TRA,TRAV10,None,TRAJ24,TRAC,True,False,None,None,319,2,clonotype1,None
CCGTGGAGTAAACACA-1,True,CCGTGGAGTAAACACA-1_contig_1,True,505,TRA,TRAV1-2,None,TRAJ33,TRAC,True,True,CAATDSNYQLIW,TGTGCTGCGACTGATAGCAACTATCAGTTAATCTGG,1000,5,clonotype1,clonotype1_consensus_2
CCGTGGAGTAAACACA-1,True,CCGTGGAGTAAACACA-1_contig_2,True,492,TRB,TRBV20-1,None,TRBJ2-1,TRBC2,True,True,CSARVGSEVNEQFF,TGCAGTGCTAGAGTGGGGTCGGAAGTCAATGAGCAGTTCTTC,842,6,clonotype1,clonotype1_consensus_1
CCGTGGAGTATAGGTA-1,True,CCGTGGAGTATAGGTA-1_contig_1,True,515,TRB,TRBV20-1,None,TRBJ2-7,TRBC2,True,True,CSALGNSYEQYF,TGCAGTGCTTTGGGGAACTCCTACGAGCAGTACTTC,476,2,clonotype132,clonotype132_consensus_1
CCGTGGAGTATAGGTA-1,True,CCGTGGAGTATAGGTA-1_contig_2,True,496,TRA,TRAV12-3,None,TRAJ26,TRAC,True,False,None,None,173,2,clonotype132,None
CCGTGGAGTCATCGGC-1,True,CCGTGGAGTCATCGGC-1_contig_1,True,507,TRB,TRBV20-1,None,TRBJ2-2,TRBC2,True,True,CSARDLASGGETGELFF,TGCAGTGCTAGAGATCTCGCTAGCGGGGGTGAGACCGGGGAGCTGTTTTTT,335,5,clonotype1540,clonotype1540_consensus_1
CCGTGGAGTCATCGGC-1,True,CCGTGGAGTCATCGGC-1_contig_2,True,453,TRA,TRAV2,None,TRAJ17,TRAC,True,False,None,None,306,1,clonotype1540,None
CCGTGGAGTCGCCATG-1,True,CCGTGGAGTCGCCATG-1_contig_1,True,459,TRA,TRAV12-2,None,TRAJ48,TRAC,True,True,CAVNLISNFGNEKLTF,TGTGCCGTGAACTTAATATCTAACTTTGGAAATGAGAAATTAACCTTT,556,2,clonotype79,clonotype79_consensus_3
CCGTGGAGTCGCCATG-1,True,CCGTGGAGTCGCCATG-1_contig_2,True,511,TRA,TRAV23/DV6,None,TRAJ42,TRAC,True,True,CAANRGGSQGNLIF,TGTGCAGCAAATAGAGGAGGAAGCCAAGGAAATCTCATCTTT,534,2,clonotype79,clonotype79_consensus_2
CCGTGGAGTCGCCATG-1,True,CCGTGGAGTCGCCATG-1_contig_3,True,521,TRB,TRBV20-1,None,TRBJ2-1,TRBC2,True,True,CSAEGRGRFYEQFF,TGCAGTGCCGAAGGCAGGGGGCGCTTCTATGAGCAGTTCTTC,1660,5,clonotype79,clonotype79_consensus_1
CCGTGGAGTGCTTCTC-1,True,CCGTGGAGTGCTTCTC-1_contig_1,True,450,TRA,TRAV13-1,None,TRAJ33,TRAC,True,True,CAAGNYQLIW,TGTGCAGCAGGCAACTATCAGTTAATCTGG,388,2,clonotype1541,clonotype1541_consensus_1
CCGTGGAGTGCTTCTC-1,True,CCGTGGAGTGCTTCTC-1_contig_2,True,521,TRB,TRBV20-1,None,TRBJ1-6,TRBC1,True,True,CSALRDRGGSPLHF,TGCAGTGCTCTCCGGGACAGGGGTGGATCACCCCTCCACTTT,1088,5,clonotype1541,clonotype1541_consensus_2
CCGTGGAGTGCTTCTC-1,True,CCGTGGAGTGCTTCTC-1_contig_3,True,612,TRA,TRAV8-2,None,TRAJ39,TRAC,True,False,None,None,349,2,clonotype1541,None
CCGTTCAAGACAATAC-1,True,CCGTTCAAGACAATAC-1_contig_1,True,505,TRA,TRAV1-2,None,TRAJ33,TRAC,True,True,CAATDSNYQLIW,TGTGCTGCGACTGATAGCAACTATCAGTTAATCTGG,216,2,clonotype1,clonotype1_consensus_2
CCGTTCAAGACAATAC-1,True,CCGTTCAAGACAATAC-1_contig_2,True,521,TRB,TRBV20-1,None,TRBJ2-1,TRBC2,True,True,CSARVGSEVNEQFF,TGCAGTGCTAGAGTGGGGTCGGAAGTCAATGAGCAGTTCTTC,1512,2,clonotype1,clonotype1_consensus_1
CCGTTCAAGACAATAC-1,True,CCGTTCAAGACAATAC-1_contig_3,True,467,TRA,TRAV10,None,TRAJ24,TRAC,True,False,None,None,146,1,clonotype1,None
CCGTTCAAGAGGTTAT-1,True,CCGTTCAAGAGGTTAT-1_contig_1,True,468,TRA,TRAV13-1,None,TRAJ45,TRAC,True,True,CAAPPYSGGGADGLTF,TGTGCAGCTCCCCCGTATTCAGGAGGAGGTGCTGACGGACTCACCTTT,736,5,clonotype277,clonotype277_consensus_1
CCGTTCAAGAGGTTAT-1,True,CCGTTCAAGAGGTTAT-1_contig_2,True,521,TRB,TRBV20-1,None,TRBJ2-4,TRBC2,True,True,CSASLAGGKNIQYF,TGCAGTGCTAGCCTAGCGGGGGGTAAAAACATTCAGTACTTC,1694,9,clonotype277,clonotype277_consensus_2
CCGTTCAAGCTTATCG-1,True,CCGTTCAAGCTTATCG-1_contig_1,True,565,TRA,TRAV19,None,TRAJ39,TRAC,True,True,CALSERNAGNMLTF,TGTGCTCTGAGTGAAAGGAATGCAGGCAACATGCTCACCTTT,452,2,clonotype1542,clonotype1542_consensus_1
CCGTTCAAGCTTATCG-1,True,CCGTTCAAGCTTATCG-1_contig_2,True,515,TRB,TRBV5-5,None,TRBJ2-1,TRBC2,True,True,CASSFTLSAVSNEQFF,TGTGCCAGCAGCTTTACCCTTTCGGCAGTGAGTAATGAGCAGTTCTTC,9763,12,clonotype1542,clonotype1542_consensus_2
CCGTTCAAGGAACTGC-1,True,CCGTTCAAGGAACTGC-1_contig_1,True,505,TRA,TRAV1-2,None,TRAJ33,TRAC,True,True,CAATDSNYQLIW,TGTGCTGCGACTGATAGCAACTATCAGTTAATCTGG,829,5,clonotype1,clonotype1_consensus_2
CCGTTCAAGGAACTGC-1,True,CCGTTCAAGGAACTGC-1_contig_2,True,495,TRB,TRBV20-1,None,TRBJ2-1,TRBC2,True,True,CSARVGSEVNEQFF,TGCAGTGCTAGAGTGGGGTCGGAAGTCAATGAGCAGTTCTTC,323,2,clonotype1,clonotype1_consensus_1
CCGTTCAAGTGCGTGA-1,True,CCGTTCAAGTGCGTGA-1_contig_1,True,632,TRA,TRAV12-1,None,TRAJ49,TRAC,True,True,CVVNPTGNQFYF,TGTGTGGTGAATCCTACCGGTAACCAGTTCTATTTT,5588,9,clonotype1543,clonotype1543_consensus_1
CCGTTCAAGTGCGTGA-1,True,CCGTTCAAGTGCGTGA-1_contig_2,True,521,TRB,TRBV20-1,None,TRBJ1-2,TRBC1,True,True,CSADGTWLNYGYTF,TGCAGTGCGGACGGGACGTGGCTTAACTATGGCTACACCTTC,2022,8,clonotype1543,clonotype1543_consensus_2
CCGTTCAAGTTCCACA-1,True,CCGTTCAAGTTCCACA-1_contig_1,True,474,TRA,TRAV24,None,TRAJ9,TRAC,True,True,CASTGGFKTIF,TGTGCCTCTACTGGAGGCTTCAAAACTATCTTT,96,1,clonotype1544,clonotype1544_consensus_1
CCGTTCAAGTTCCACA-1,True,CCGTTCAAGTTCCACA-1_contig_2,True,518,TRB,TRBV20-1,None,TRBJ2-7,TRBC2,True,True,CSARDPDRGEQYF,TGCAGTGCTAGAGATCCGGACAGGGGCGAGCAGTACTTC,3181,14,clonotype1544,clonotype1544_consensus_2
CCGTTCAAGTTCCACA-1,True,CCGTTCAAGTTCCACA-1_contig_3,True,392,TRB,None,None,TRBJ1-1,TRBC1,False,False,None,None,456,4,clonotype1544,None
CCGTTCACAAGTACCT-1,True,CCGTTCACAAGTACCT-1_contig_1,True,505,TRA,TRAV1-2,None,TRAJ33,TRAC,True,True,CAATDSNYQLIW,TGTGCTGCGACTGATAGCAACTATCAGTTAATCTGG,1279,6,clonotype1,clonotype1_consensus_2
CCGTTCACAAGTACCT-1,True,CCGTTCACAAGTACCT-1_contig_2,True,498,TRB,TRBV20-1,None,TRBJ2-1,TRBC2,True,True,CSARVGSEVNEQFF,TGCAGTGCTAGAGTGGGGTCGGAAGTCAATGAGCAGTTCTTC,1261,3,clonotype1,clonotype1_consensus_1
CCGTTCACAAGTACCT-1,True,CCGTTCACAAGTACCT-1_contig_3,True,350,TRA,TRAV10,None,TRAJ24,TRAC,True,False,None,None,735,1,clonotype1,None
CCGTTCACAATGCCAT-1,True,CCGTTCACAATGCCAT-1_contig_1,True,508,TRA,TRAV20,None,TRAJ24,TRAC,True,True,CAVMTTDSWGKFQF,TGTGCTGTTATGACAACTGACAGCTGGGGGAAATTCCAGTTT,490,4,clonotype7,clonotype7_consensus_2
CCGTTCACAATGCCAT-1,True,CCGTTCACAATGCCAT-1_contig_2,True,488,TRB,TRBV5-5,None,TRBJ2-7,TRBC2,True,True,CASSSLVEQGAYEQYF,TGTGCCAGCAGCTCGCTCGTAGAGCAGGGGGCCTACGAGCAGTACTTC,998,4,clonotype7,clonotype7_consensus_1
CCGTTCACACAAGTAA-1,True,CCGTTCACACAAGTAA-1_contig_1,True,573,TRA,TRAV8-4,None,TRAJ3,TRAC,True,True,CAVSAGYSSASKIIF,TGTGCTGTGAGTGCCGGGTACAGCAGTGCTTCCAAGATAATCTTT,1494,10,clonotype1545,clonotype1545_consensus_1
CCGTTCACACAAGTAA-1,True,CCGTTCACACAAGTAA-1_contig_2,True,506,TRB,TRBV6-5,None,TRBJ2-1,TRBC2,True,True,CASSDDRERVF,TGTGCCAGCAGCGACGACAGGGAAAGGGTCTTC,2686,10,clonotype1545,clonotype1545_consensus_2
CCGTTCACACAAGTAA-1,True,CCGTTCACACAAGTAA-1_contig_3,True,606,TRB,None,None,TRBJ1-5,TRBC1,False,False,None,None,279,3,clonotype1545,None
CCGTTCACACATTCGA-1,True,CCGTTCACACATTCGA-1_contig_1,True,515,TRB,TRBV20-1,None,TRBJ2-7,TRBC2,True,True,CSAAEKTYEQYF,TGCAGTGCTGCCGAGAAAACCTACGAGCAGTACTTC,2873,16,clonotype1546,clonotype1546_consensus_1
CCGTTCACACATTCGA-1,True,CCGTTCACACATTCGA-1_contig_2,True,544,TRA,TRAV12-2,None,TRAJ20,TRAC,True,True,CAVRSLGDYKLSF,TGTGCCGTGAGGTCCTTGGGGGACTACAAGCTCAGCTTT,185,2,clonotype1546,clonotype1546_consensus_2
CCGTTCACACCTCGGA-1,True,CCGTTCACACCTCGGA-1_contig_1,True,505,TRA,TRAV1-2,None,TRAJ33,TRAC,True,True,CAATDSNYQLIW,TGTGCTGCGACTGATAGCAACTATCAGTTAATCTGG,716,3,clonotype1,clonotype1_consensus_2
CCGTTCACACCTCGGA-1,True,CCGTTCACACCTCGGA-1_contig_2,True,521,TRB,TRBV20-1,None,TRBJ2-1,TRBC2,True,True,CSARVGSEVNEQFF,TGCAGTGCTAGAGTGGGGTCGGAAGTCAATGAGCAGTTCTTC,1786,7,clonotype1,clonotype1_consensus_1
CCGTTCACACCTCGGA-1,True,CCGTTCACACCTCGGA-1_contig_3,True,458,TRA,TRAV10,None,TRAJ24,TRAC,True,False,None,None,887,3,clonotype1,None
CCGTTCACAGCAGTTT-1,True,CCGTTCACAGCAGTTT-1_contig_1,True,505,TRA,TRAV1-2,None,TRAJ33,TRAC,True,True,CAATDSNYQLIW,TGTGCTGCGACTGATAGCAACTATCAGTTAATCTGG,661,3,clonotype1,clonotype1_consensus_2
CCGTTCACAGCAGTTT-1,True,CCGTTCACAGCAGTTT-1_contig_2,True,521,TRB,TRBV20-1,None,TRBJ2-1,TRBC2,True,True,CSARVGSEVNEQFF,TGCAGTGCTAGAGTGGGGTCGGAAGTCAATGAGCAGTTCTTC,1231,5,clonotype1,clonotype1_consensus_1
CCGTTCACAGCAGTTT-1,True,CCGTTCACAGCAGTTT-1_contig_3,True,467,TRA,TRAV10,None,TRAJ24,TRAC,True,False,None,None,145,2,clonotype1,None
CCGTTCACAGCTGTTA-1,True,CCGTTCACAGCTGTTA-1_contig_1,True,459,TRA,TRAV13-1,None,TRAJ32,TRAC,True,True,CAAYGGATNKLIF,TGTGCAGCCTATGGTGGTGCTACAAACAAGCTCATCTTT,1117,3,clonotype1547,clonotype1547_consensus_1
CCGTTCACAGCTGTTA-1,True,CCGTTCACAGCTGTTA-1_contig_2,True,524,TRB,TRBV20-1,None,TRBJ2-5,TRBC2,True,True,CSAGDISGGAETQYF,TGCAGTGCTGGAGATATCAGCGGGGGGGCAGAGACCCAGTACTTC,1918,7,clonotype1547,clonotype1547_consensus_2
CCGTTCACAGCTGTTA-1,True,CCGTTCACAGCTGTTA-1_contig_3,True,499,TRA,TRAV26-1,None,TRAJ42,TRAC,True,False,CIVRAQ,TGCATCGTCAGAGCTCAG,630,3,clonotype1547,None
CCGTTCAGTAATCGTC-1,True,CCGTTCAGTAATCGTC-1_contig_1,True,505,TRA,TRAV1-2,None,TRAJ33,TRAC,True,True,CAATDSNYQLIW,TGTGCTGCGACTGATAGCAACTATCAGTTAATCTGG,448,3,clonotype1,clonotype1_consensus_2
CCGTTCAGTAATCGTC-1,True,CCGTTCAGTAATCGTC-1_contig_2,True,521,TRB,TRBV20-1,None,TRBJ2-1,TRBC2,True,True,CSARVGSEVNEQFF,TGCAGTGCTAGAGTGGGGTCGGAAGTCAATGAGCAGTTCTTC,1287,4,clonotype1,clonotype1_consensus_1
CCGTTCAGTCCGTGAC-1,True,CCGTTCAGTCCGTGAC-1_contig_1,True,505,TRA,TRAV1-2,None,TRAJ33,TRAC,True,True,CAATDSNYQLIW,TGTGCTGCGACTGATAGCAACTATCAGTTAATCTGG,132,1,clonotype1,clonotype1_consensus_2
CCGTTCAGTCCGTGAC-1,True,CCGTTCAGTCCGTGAC-1_contig_2,True,521,TRB,TRBV20-1,None,TRBJ2-1,TRBC2,True,True,CSARVGSEVNEQFF,TGCAGTGCTAGAGTGGGGTCGGAAGTCAATGAGCAGTTCTTC,1867,8,clonotype1,clonotype1_consensus_1
CCGTTCAGTCCGTGAC-1,True,CCGTTCAGTCCGTGAC-1_contig_3,True,457,TRA,TRAV10,None,TRAJ24,TRAC,True,False,None,None,464,3,clonotype1,None
CCGTTCAGTGGCTCCA-1,True,CCGTTCAGTGGCTCCA-1_contig_1,True,579,TRA,TRAV8-4,None,TRAJ52,TRAC,True,True,CAVSMNAGGTSYGKLTF,TGTGCTGTGAGTATGAATGCTGGTGGTACTAGCTATGGAAAGCTGACATTT,331,2,clonotype1548,clonotype1548_consensus_2
CCGTTCAGTGGCTCCA-1,True,CCGTTCAGTGGCTCCA-1_contig_2,True,521,TRB,TRBV20-1,None,TRBJ1-6,TRBC1,True,True,CSASRGGINSPLHF,TGCAGTGCTAGCCGTGGAGGGATAAATTCACCCCTCCACTTT,2522,10,clonotype1548,clonotype1548_consensus_1
CCGTTCAGTGTTAAGA-1,True,CCGTTCAGTGTTAAGA-1_contig_1,True,498,TRB,TRBV20-1,None,TRBJ2-1,TRBC2,True,True,CSARVGSEVNEQFF,TGCAGTGCTAGAGTGGGGTCGGAAGTCAATGAGCAGTTCTTC,1498,7,clonotype2,clonotype2_consensus_1
CCGTTCAGTGTTAAGA-1,True,CCGTTCAGTGTTAAGA-1_contig_2,True,459,TRA,TRAV10,None,TRAJ24,TRAC,True,False,None,None,218,2,clonotype2,None
CCGTTCAGTTATGTGC-1,True,CCGTTCAGTTATGTGC-1_contig_1,True,521,TRB,TRBV20-1,None,TRBJ2-1,TRBC2,True,True,CSARVGSEVNEQFF,TGCAGTGCTAGAGTGGGGTCGGAAGTCAATGAGCAGTTCTTC,456,4,clonotype2,clonotype2_consensus_1
CCGTTCAGTTATGTGC-1,True,CCGTTCAGTTATGTGC-1_contig_2,True,465,TRA,TRAV10,None,TRAJ24,TRAC,True,False,None,None,490,3,clonotype2,None
CCGTTCAGTTCCACGG-1,True,CCGTTCAGTTCCACGG-1_contig_1,True,509,TRA,TRAV29/DV5,None,TRAJ32,TRAC,True,True,CAAPRGGGATNKLIF,TGTGCAGCTCCTCGGGGGGGTGGTGCTACAAACAAGCTCATCTTT,442,5,clonotype1549,clonotype1549_consensus_1
CCGTTCAGTTCCACGG-1,True,CCGTTCAGTTCCACGG-1_contig_2,True,518,TRB,TRBV5-5,None,TRBJ2-7,TRBC2,True,True,CASSSSWAGVTYEQYF,TGTGCCAGCAGCTCCTCATGGGCGGGGGTAACCTACGAGCAGTACTTC,2034,11,clonotype1549,clonotype1549_consensus_2
CCGTTCAGTTGCGTTA-1,True,CCGTTCAGTTGCGTTA-1_contig_1,True,498,TRB,TRBV20-1,None,TRBJ2-1,TRBC2,True,True,CSARVGSEVNEQFF,TGCAGTGCTAGAGTGGGGTCGGAAGTCAATGAGCAGTTCTTC,1102,3,clonotype2,clonotype2_consensus_1
CCGTTCAGTTGCGTTA-1,True,CCGTTCAGTTGCGTTA-1_contig_2,True,469,TRA,TRAV10,None,TRAJ24,TRAC,True,False,None,None,280,2,clonotype2,None
CCGTTCAGTTTCGCTC-1,True,CCGTTCAGTTTCGCTC-1_contig_1,True,505,TRA,TRAV1-2,None,TRAJ33,TRAC,True,True,CAATDSNYQLIW,TGTGCTGCGACTGATAGCAACTATCAGTTAATCTGG,519,3,clonotype1,clonotype1_consensus_2
CCGTTCAGTTTCGCTC-1,True,CCGTTCAGTTTCGCTC-1_contig_2,True,521,TRB,TRBV20-1,None,TRBJ2-1,TRBC2,True,True,CSARVGSEVNEQFF,TGCAGTGCTAGAGTGGGGTCGGAAGTCAATGAGCAGTTCTTC,1493,8,clonotype1,clonotype1_consensus_1
CCGTTCATCACCGGGT-1,True,CCGTTCATCACCGGGT-1_contig_1,True,508,TRB,TRBV20-1,None,TRBJ2-1,TRBC2,True,True,CSARVGSEVNEQFF,TGCAGTGCTAGAGTGGGGTCGGAAGTCAATGAGCAGTTCTTC,502,5,clonotype2,clonotype2_consensus_1
CCGTTCATCACCGGGT-1,True,CCGTTCATCACCGGGT-1_contig_2,True,456,TRA,TRAV10,None,TRAJ24,TRAC,True,False,None,None,309,3,clonotype2,None
CCGTTCATCAGCTCGG-1,True,CCGTTCATCAGCTCGG-1_contig_1,True,505,TRA,TRAV1-2,None,TRAJ33,TRAC,True,True,CAATDSNYQLIW,TGTGCTGCGACTGATAGCAACTATCAGTTAATCTGG,405,2,clonotype1,clonotype1_consensus_2
CCGTTCATCAGCTCGG-1,True,CCGTTCATCAGCTCGG-1_contig_2,True,518,TRB,TRBV20-1,None,TRBJ2-1,TRBC2,True,True,CSARVGSEVNEQFF,TGCAGTGCTAGAGTGGGGTCGGAAGTCAATGAGCAGTTCTTC,1434,7,clonotype1,clonotype1_consensus_1
CCGTTCATCAGCTCGG-1,True,CCGTTCATCAGCTCGG-1_contig_3,True,457,TRA,TRAV10,None,TRAJ24,TRAC,True,False,None,None,27,1,clonotype1,None
CCGTTCATCGTAGATC-1,True,CCGTTCATCGTAGATC-1_contig_1,True,489,TRB,TRBV20-1,None,TRBJ1-5,TRBC1,True,True,CSARWHAGGPQHF,TGCAGTGCCCGGTGGCACGCCGGAGGGCCCCAGCATTTT,5133,7,clonotype43,clonotype43_consensus_2
CCGTTCATCGTAGATC-1,True,CCGTTCATCGTAGATC-1_contig_2,True,518,TRA,TRAV30,None,TRAJ48,TRAC,True,True,CGTLPWTGGNEKLTF,TGCGGCACACTCCCGTGGACAGGGGGAAATGAGAAATTAACCTTT,880,4,clonotype43,clonotype43_consensus_3
CCGTTCATCGTAGATC-1,True,CCGTTCATCGTAGATC-1_contig_3,True,486,TRA,TRAV12-3,None,TRAJ49,TRAC,True,True,CAIRGQFYF,TGTGCAATAAGAGGCCAGTTCTATTTT,708,4,clonotype43,clonotype43_consensus_1
CCGTTCATCTACCAGA-1,True,CCGTTCATCTACCAGA-1_contig_1,True,495,TRA,TRAV12-1,None,TRAJ9,TRAC,True,True,CVVTRNTGGFKTIF,TGTGTGGTGACACGAAATACTGGAGGCTTCAAAACTATCTTT,7183,3,clonotype5,clonotype5_consensus_2
CCGTTCATCTACCAGA-1,True,CCGTTCATCTACCAGA-1_contig_2,True,485,TRB,TRBV20-1,None,TRBJ1-5,TRBC1,True,True,CSARDDNRAKSFNQPQHF,TGCAGTGCTAGAGACGACAACCGGGCCAAATCCTTCAATCAGCCCCAGCATTTT,722,1,clonotype5,clonotype5_consensus_1
CCGTTCATCTACCAGA-1,True,CCGTTCATCTACCAGA-1_contig_3,True,459,TRA,TRAV29/DV5,None,TRAJ11,None,True,False,CSSNSGYSTLTF,TGCAGCTCCAATTCAGGATACAGCACCCTCACCTTT,403,1,clonotype5,None
CCGTTCATCTCCAGGG-1,True,CCGTTCATCTCCAGGG-1_contig_1,True,547,TRA,TRAV12-2,None,TRAJ53,TRAC,True,True,CAVSSGGSNYKLTF,TGTGCCGTGAGTAGTGGAGGTAGCAACTATAAACTGACATTT,375,7,clonotype1550,clonotype1550_consensus_1
CCGTTCATCTTAGCCC-1,True,CCGTTCATCTTAGCCC-1_contig_1,True,521,TRB,TRBV20-1,None,TRBJ1-5,TRBC1,True,True,CSASAGGANQPQHF,TGCAGTGCTAGCGCCGGGGGCGCGAATCAGCCCCAGCATTTT,2389,9,clonotype1551,clonotype1551_consensus_1
CCTAAAGAGATGCCAG-1,True,CCTAAAGAGATGCCAG-1_contig_1,True,526,TRA,TRAV14/DV4,None,TRAJ24,TRAC,True,True,CAMREDTDSWGKFQF,TGTGCAATGAGAGAGGACACTGACAGCTGGGGGAAATTCCAGTTT,498,5,clonotype1552,clonotype1552_consensus_1
CCTAAAGAGATGCCAG-1,True,CCTAAAGAGATGCCAG-1_contig_2,True,530,TRB,TRBV20-1,None,TRBJ1-5,TRBC1,True,True,CSASVDRGVYSNQPQHF,TGCAGTGCTAGCGTGGACAGGGGGGTTTATAGCAATCAGCCCCAGCATTTT,1196,5,clonotype1552,clonotype1552_consensus_2
CCTAAAGAGCAGGTCA-1,True,CCTAAAGAGCAGGTCA-1_contig_1,True,532,TRA,TRAV8-1,None,TRAJ44,TRAC,True,True,CAVIPTGTASKLTF,TGTGCCGTGATTCCTACCGGCACTGCCAGTAAACTCACCTTT,523,3,clonotype1553,clonotype1553_consensus_2
CCTAAAGAGCAGGTCA-1,True,CCTAAAGAGCAGGTCA-1_contig_2,True,521,TRB,TRBV20-1,None,TRBJ1-1,TRBC1,True,True,CSARAGGGITEAFF,TGCAGTGCTAGAGCAGGGGGCGGAATCACTGAAGCTTTCTTT,1455,7,clonotype1553,clonotype1553_consensus_1
CCTAAAGAGCAGGTCA-1,True,CCTAAAGAGCAGGTCA-1_contig_3,True,531,TRA,None,None,TRAJ39,None,False,False,None,None,105,1,clonotype1553,None
CCTAAAGAGCTGATAA-1,True,CCTAAAGAGCTGATAA-1_contig_1,True,527,TRB,TRBV20-1,None,TRBJ2-3,TRBC2,True,True,CSAHPTDSADTDTQYF,TGCAGTGCTCATCCAACGGACAGCGCAGACACAGATACGCAGTATTTT,3009,14,clonotype135,clonotype135_consensus_1
CCTAAAGAGCTGATAA-1,True,CCTAAAGAGCTGATAA-1_contig_2,True,656,TRA,TRAV8-6,None,TRAJ22,TRAC,True,True,CAVSGSARQLTF,TGTGCTGTATCTGGTTCTGCAAGGCAACTGACCTTT,120,5,clonotype135,clonotype135_consensus_2
CCTAAAGAGCTGGAAC-1,True,CCTAAAGAGCTGGAAC-1_contig_1,True,505,TRA,TRAV1-2,None,TRAJ33,TRAC,True,True,CAATDSNYQLIW,TGTGCTGCGACTGATAGCAACTATCAGTTAATCTGG,961,4,clonotype1,clonotype1_consensus_2
CCTAAAGAGCTGGAAC-1,True,CCTAAAGAGCTGGAAC-1_contig_2,True,521,TRB,TRBV20-1,None,TRBJ2-1,TRBC2,True,True,CSARVGSEVNEQFF,TGCAGTGCTAGAGTGGGGTCGGAAGTCAATGAGCAGTTCTTC,3656,12,clonotype1,clonotype1_consensus_1
CCTAAAGCACAGGTTT-1,True,CCTAAAGCACAGGTTT-1_contig_1,True,517,TRA,TRAV23/DV6,None,TRAJ28,TRAC,True,True,CAAIENSGAGSYQLTF,TGTGCAGCAATAGAGAACTCTGGGGCTGGGAGTTACCAACTCACTTTC,84,1,clonotype1554,clonotype1554_consensus_2
CCTAAAGCACAGGTTT-1,True,CCTAAAGCACAGGTTT-1_contig_2,True,506,TRB,TRBV5-5,None,TRBJ2-2,TRBC2,True,True,CASSLGYRGFGELFF,TGTGCCAGCAGCTTGGGCTACAGGGGGTTCGGGGAGCTGTTTTTT,3197,12,clonotype1554,clonotype1554_consensus_1
CCTAAAGCACAGGTTT-1,True,CCTAAAGCACAGGTTT-1_contig_3,True,518,TRA,None,None,TRAJ54,TRAC,False,False,None,None,89,2,clonotype1554,None
CCTAAAGCATCGTCGG-1,True,CCTAAAGCATCGTCGG-1_contig_1,True,492,TRB,TRBV20-1,None,TRBJ2-1,TRBC2,True,True,CSARVGSEVNEQFF,TGCAGTGCTAGAGTGGGGTCGGAAGTCAATGAGCAGTTCTTC,1994,8,clonotype2,clonotype2_consensus_1
CCTAAAGCATCGTCGG-1,True,CCTAAAGCATCGTCGG-1_contig_2,True,482,TRA,TRAV10,None,TRAJ24,TRAC,True,False,None,None,1072,3,clonotype2,None
CCTAAAGGTCTAAACC-1,True,CCTAAAGGTCTAAACC-1_contig_1,True,512,TRA,TRAV13-2,None,TRAJ8,TRAC,True,True,CAEMENTGFQKLVF,TGTGCAGAGATGGAGAACACAGGCTTTCAGAAACTTGTATTT,473,2,clonotype1555,clonotype1555_consensus_2
CCTAAAGGTCTAAACC-1,True,CCTAAAGGTCTAAACC-1_contig_2,True,521,TRB,TRBV20-1,None,TRBJ2-2,TRBC2,True,True,CSAPGTTNTGELFF,TGCAGTGCTCCCGGGACGACGAACACCGGGGAGCTGTTTTTT,971,5,clonotype1555,clonotype1555_consensus_1
CCTAAAGTCGGTCTAA-1,True,CCTAAAGTCGGTCTAA-1_contig_1,True,508,TRA,TRAV20,None,TRAJ26,TRAC,True,True,CAVQARNYGQNFVF,TGTGCTGTGCAGGCGAGGAACTATGGTCAGAATTTTGTCTTT,1624,12,clonotype1556,clonotype1556_consensus_1
CCTAAAGTCGGTCTAA-1,True,CCTAAAGTCGGTCTAA-1_contig_2,True,475,TRB,TRBV5-6,None,TRBJ1-2,TRBC1,True,True,CASSTAQGDGYTF,TGTGCCAGCAGCACGGCACAGGGGGATGGCTACACCTTC,1415,11,clonotype1556,clonotype1556_consensus_2
CCTAAAGTCTTGTATC-1,True,CCTAAAGTCTTGTATC-1_contig_1,True,495,TRB,TRBV20-1,None,TRBJ1-1,TRBC1,True,True,CSLYGDTNTEAFF,TGCAGTCTTTATGGGGATACGAACACTGAAGCTTTCTTT,1481,8,clonotype1557,clonotype1557_consensus_1
CCTACACAGCAATCTC-1,True,CCTACACAGCAATCTC-1_contig_1,True,493,TRB,TRBV5-6,None,TRBJ2-3,TRBC2,True,True,CASSVAELSTDTQYF,TGTGCCAGCAGCGTGGCGGAACTTAGCACAGATACGCAGTATTTT,1787,9,clonotype1558,clonotype1558_consensus_1
CCTACACAGGGTATCG-1,True,CCTACACAGGGTATCG-1_contig_1,True,577,TRA,TRAV17,None,TRAJ3,TRAC,True,True,CVWMGASKIIF,TGTGTTTGGATGGGGGCTTCCAAGATAATCTTT,307,4,clonotype136,clonotype136_consensus_2
CCTACACAGGGTATCG-1,True,CCTACACAGGGTATCG-1_contig_2,True,524,TRB,TRBV20-1,None,TRBJ1-3,TRBC1,True,True,CSADEARPAGNTIYF,TGCAGTGCTGATGAGGCACGGCCGGCGGGAAACACCATATATTTT,2057,7,clonotype136,clonotype136_consensus_1
CCTACACAGGGTATCG-1,True,CCTACACAGGGTATCG-1_contig_3,True,450,TRA,TRAV21,None,TRAJ3,TRAC,True,False,None,None,572,1,clonotype136,None
CCTACACAGTGAAGAG-1,True,CCTACACAGTGAAGAG-1_contig_1,True,465,TRA,TRAV13-1,None,TRAJ16,TRAC,True,True,CAASSGFSDGQKLLF,TGTGCAGCAAGTTCGGGTTTTTCAGATGGCCAGAAGCTGCTCTTT,549,4,clonotype278,clonotype278_consensus_2
CCTACACAGTGAAGAG-1,True,CCTACACAGTGAAGAG-1_contig_2,True,676,TRB,TRBV5-6,None,TRBJ2-6,TRBC2,True,True,CASSLQGTGANVLTF,TGTGCCAGCAGCTTGCAGGGGACTGGGGCCAACGTCCTGACTTTC,4350,13,clonotype278,clonotype278_consensus_1
CCTACACAGTGAAGAG-1,True,CCTACACAGTGAAGAG-1_contig_3,True,492,TRB,TRBV6-9,None,None,TRBC2,False,False,None,None,455,5,clonotype278,None
CCTACACAGTGTACCT-1,True,CCTACACAGTGTACCT-1_contig_1,True,512,TRA,TRAV26-1,None,TRAJ27,TRAC,True,True,CIVRLHSNTNAGKSTF,TGCATCGTCAGACTACATTCAAACACCAATGCAGGCAAATCAACCTTT,459,2,clonotype1559,clonotype1559_consensus_1
CCTACACAGTGTACCT-1,True,CCTACACAGTGTACCT-1_contig_2,True,527,TRB,TRBV20-1,None,TRBJ1-1,TRBC1,True,True,CSARNPGDVTGTEAFF,TGCAGTGCTAGGAATCCGGGCGACGTGACGGGCACTGAAGCTTTCTTT,1544,10,clonotype1559,clonotype1559_consensus_2
CCTACACAGTGTACCT-1,True,CCTACACAGTGTACCT-1_contig_3,True,490,TRA,TRAV12-1,None,TRAJ33,TRAC,True,False,CGEGRDSNYQLIW,TGTGGTGAGGGACGTGATAGCAACTATCAGTTAATCTGG,449,3,clonotype1559,None
CCTACACCAAAGGCGT-1,True,CCTACACCAAAGGCGT-1_contig_1,True,518,TRB,TRBV20-1,None,TRBJ2-1,TRBC2,True,True,CSARVGSEVNEQFF,TGCAGTGCTAGAGTGGGGTCGGAAGTCAATGAGCAGTTCTTC,1474,5,clonotype2,clonotype2_consensus_1
CCTACACCAAGAAGAG-1,True,CCTACACCAAGAAGAG-1_contig_1,True,505,TRA,TRAV1-2,None,TRAJ33,TRAC,True,True,CAATDSNYQLIW,TGTGCTGCGACTGATAGCAACTATCAGTTAATCTGG,582,4,clonotype1,clonotype1_consensus_2
CCTACACCAAGAAGAG-1,True,CCTACACCAAGAAGAG-1_contig_2,True,521,TRB,TRBV20-1,None,TRBJ2-1,TRBC2,True,True,CSARVGSEVNEQFF,TGCAGTGCTAGAGTGGGGTCGGAAGTCAATGAGCAGTTCTTC,2382,9,clonotype1,clonotype1_consensus_1
CCTACACCACATTAGC-1,True,CCTACACCACATTAGC-1_contig_1,True,505,TRA,TRAV1-2,None,TRAJ33,TRAC,True,True,CAATDSNYQLIW,TGTGCTGCGACTGATAGCAACTATCAGTTAATCTGG,911,3,clonotype1,clonotype1_consensus_2
CCTACACCACATTAGC-1,True,CCTACACCACATTAGC-1_contig_2,True,498,TRB,TRBV20-1,None,TRBJ2-1,TRBC2,True,True,CSARVGSEVNEQFF,TGCAGTGCTAGAGTGGGGTCGGAAGTCAATGAGCAGTTCTTC,1193,6,clonotype1,clonotype1_consensus_1
CCTACACCACATTAGC-1,True,CCTACACCACATTAGC-1_contig_3,True,465,TRA,TRAV10,None,TRAJ24,TRAC,True,False,None,None,783,3,clonotype1,None
CCTACACCAGCGTTCG-1,True,CCTACACCAGCGTTCG-1_contig_1,True,498,TRB,TRBV20-1,None,TRBJ2-1,TRBC2,True,True,CSARVGSEVNEQFF,TGCAGTGCTAGAGTGGGGTCGGAAGTCAATGAGCAGTTCTTC,368,3,clonotype2,clonotype2_consensus_1
CCTACACCAGCGTTCG-1,True,CCTACACCAGCGTTCG-1_contig_2,True,365,TRB,None,None,TRBJ2-3,TRBC2,False,False,None,None,701,2,clonotype2,None
CCTACACCAGCGTTCG-1,True,CCTACACCAGCGTTCG-1_contig_3,True,465,TRA,TRAV10,None,TRAJ24,TRAC,True,False,None,None,324,3,clonotype2,None
CCTACACCAGTTAACC-1,True,CCTACACCAGTTAACC-1_contig_1,True,541,TRA,TRAV12-2,None,TRAJ22,TRAC,True,True,CASSGSARQLTF,TGTGCCTCCTCTGGTTCTGCAAGGCAACTGACCTTT,534,3,clonotype1560,clonotype1560_consensus_2
CCTACACCAGTTAACC-1,True,CCTACACCAGTTAACC-1_contig_2,True,498,TRB,TRBV20-1,None,TRBJ2-5,TRBC2,True,True,CSARAYQYQETQYF,TGCAGTGCTAGAGCCTACCAGTACCAAGAGACCCAGTACTTC,1503,8,clonotype1560,clonotype1560_consensus_1
CCTACACCAGTTAACC-1,True,CCTACACCAGTTAACC-1_contig_3,True,463,TRA,TRAV23/DV6,None,None,TRAC,False,False,None,None,459,1,clonotype1560,None
CCTACACCATTGGTAC-1,True,CCTACACCATTGGTAC-1_contig_1,True,521,TRB,TRBV20-1,None,TRBJ1-6,TRBC1,True,True,CSARGETQGSPLHF,TGCAGTGCCAGGGGCGAGACCCAGGGATCACCCCTCCACTTT,3488,13,clonotype1561,clonotype1561_consensus_2
CCTACACCATTGGTAC-1,True,CCTACACCATTGGTAC-1_contig_2,True,577,TRA,TRAV8-1,None,TRAJ52,TRAC,True,True,CAVNAGGTSYGKLTF,TGTGCCGTGAACGCTGGTGGTACTAGCTATGGAAAGCTGACATTT,591,4,clonotype1561,clonotype1561_consensus_1
CCTACACCATTGGTAC-1,True,CCTACACCATTGGTAC-1_contig_3,True,549,TRA,TRAV12-2,None,TRAJ43,TRAC,True,False,CPPVGVYNNNDMRF,TGCCCTCCGGTAGGGGTGTACAATAACAATGACATGCGCTTT,130,1,clonotype1561,None
CCTACACCATTGGTAC-1,True,CCTACACCATTGGTAC-1_contig_4,True,606,TRB,None,None,TRBJ1-1,TRBC1,False,False,None,None,602,4,clonotype1561,None
CCTACACGTAAAGGAG-1,True,CCTACACGTAAAGGAG-1_contig_1,True,509,TRA,TRAV13-2,None,TRAJ5,TRAC,True,True,CAERGPGRRALTF,TGTGCAGAGAGGGGACCGGGCAGGAGAGCACTTACTTTT,999,7,clonotype77,clonotype77_consensus_1
CCTACACGTAAAGGAG-1,True,CCTACACGTAAAGGAG-1_contig_2,True,495,TRB,TRBV20-1,None,TRBJ1-2,TRBC1,True,True,CSAIPDRARSYGYTF,TGCAGTGCTATACCCGACAGGGCCCGAAGCTATGGCTACACCTTC,750,4,clonotype77,clonotype77_consensus_2
CCTACACGTAAAGGAG-1,True,CCTACACGTAAAGGAG-1_contig_3,True,323,TRB,None,None,TRBJ1-4,None,False,False,None,None,139,1,clonotype77,None
CCTACACGTAATCACC-1,True,CCTACACGTAATCACC-1_contig_1,True,505,TRA,TRAV1-2,None,TRAJ33,TRAC,True,True,CAATDSNYQLIW,TGTGCTGCGACTGATAGCAACTATCAGTTAATCTGG,151,4,clonotype1,clonotype1_consensus_2
CCTACACGTAATCACC-1,True,CCTACACGTAATCACC-1_contig_2,True,521,TRB,TRBV20-1,None,TRBJ2-1,TRBC2,True,True,CSARVGSEVNEQFF,TGCAGTGCTAGAGTGGGGTCGGAAGTCAATGAGCAGTTCTTC,4250,13,clonotype1,clonotype1_consensus_1
CCTACACGTATGGTTC-1,True,CCTACACGTATGGTTC-1_contig_1,True,505,TRA,TRAV1-2,None,TRAJ33,TRAC,True,True,CAATDSNYQLIW,TGTGCTGCGACTGATAGCAACTATCAGTTAATCTGG,1529,8,clonotype1,clonotype1_consensus_2
CCTACACGTATGGTTC-1,True,CCTACACGTATGGTTC-1_contig_2,True,514,TRB,TRBV20-1,None,TRBJ2-1,TRBC2,True,True,CSARVGSEVNEQFF,TGCAGTGCTAGAGTGGGGTCGGAAGTCAATGAGCAGTTCTTC,2051,11,clonotype1,clonotype1_consensus_1
CCTACACGTCATCGGC-1,True,CCTACACGTCATCGGC-1_contig_1,True,505,TRA,TRAV1-2,None,TRAJ33,TRAC,True,True,CAATDSNYQLIW,TGTGCTGCGACTGATAGCAACTATCAGTTAATCTGG,146,3,clonotype1,clonotype1_consensus_2
CCTACACGTCATCGGC-1,True,CCTACACGTCATCGGC-1_contig_2,True,521,TRB,TRBV20-1,None,TRBJ2-1,TRBC2,True,True,CSARVGSEVNEQFF,TGCAGTGCTAGAGTGGGGTCGGAAGTCAATGAGCAGTTCTTC,2467,9,clonotype1,clonotype1_consensus_1
CCTACACGTGAGGGAG-1,True,CCTACACGTGAGGGAG-1_contig_1,True,524,TRB,TRBV20-1,None,TRBJ1-2,TRBC1,True,True,CSATETGASGEGYTF,TGCAGTGCTACGGAGACAGGGGCTTCGGGAGAGGGCTACACCTTC,2909,12,clonotype48,clonotype48_consensus_1
CCTACACGTGAGGGAG-1,True,CCTACACGTGAGGGAG-1_contig_2,True,508,TRA,TRAV17,None,TRAJ22,TRAC,True,True,CATLSGSARQLTF,TGTGCTACGCTTTCTGGTTCTGCAAGGCAACTGACCTTT,424,2,clonotype48,clonotype48_consensus_2
CCTACACGTGAGGGAG-1,True,CCTACACGTGAGGGAG-1_contig_3,True,538,TRA,TRAV27,None,TRAJ18,TRAC,True,False,CAGPRQRLNPGEAILWKRNSVDCLAW,TGTGCAGGGCCCCGACAGAGGCTCAACCCTGGGGAGGCTATACTTTGGAAGAGGAACTCAGTTGACTGTCTGGCCTGG,135,2,clonotype48,None
CCTACACGTTTGGCGC-1,True,CCTACACGTTTGGCGC-1_contig_1,True,505,TRA,TRAV1-2,None,TRAJ33,TRAC,True,True,CAATDSNYQLIW,TGTGCTGCGACTGATAGCAACTATCAGTTAATCTGG,905,4,clonotype1,clonotype1_consensus_2
CCTACACGTTTGGCGC-1,True,CCTACACGTTTGGCGC-1_contig_2,True,498,TRB,TRBV20-1,None,TRBJ2-1,TRBC2,True,True,CSARVGSEVNEQFF,TGCAGTGCTAGAGTGGGGTCGGAAGTCAATGAGCAGTTCTTC,2637,12,clonotype1,clonotype1_consensus_1
CCTACACTCTTCAACT-1,True,CCTACACTCTTCAACT-1_contig_1,True,505,TRA,TRAV1-2,None,TRAJ33,TRAC,True,True,CAATDSNYQLIW,TGTGCTGCGACTGATAGCAACTATCAGTTAATCTGG,644,4,clonotype1,clonotype1_consensus_2
CCTACACTCTTCAACT-1,True,CCTACACTCTTCAACT-1_contig_2,True,498,TRB,TRBV20-1,None,TRBJ2-1,TRBC2,True,True,CSARVGSEVNEQFF,TGCAGTGCTAGAGTGGGGTCGGAAGTCAATGAGCAGTTCTTC,1021,4,clonotype1,clonotype1_consensus_1
CCTACACTCTTCAACT-1,True,CCTACACTCTTCAACT-1_contig_3,True,457,TRA,TRAV10,None,TRAJ24,TRAC,True,False,None,None,456,3,clonotype1,None
CCTACACTCTTGCATT-1,True,CCTACACTCTTGCATT-1_contig_1,True,505,TRA,TRAV1-2,None,TRAJ33,TRAC,True,True,CAATDSNYQLIW,TGTGCTGCGACTGATAGCAACTATCAGTTAATCTGG,481,3,clonotype1,clonotype1_consensus_2
CCTACACTCTTGCATT-1,True,CCTACACTCTTGCATT-1_contig_2,True,521,TRB,TRBV20-1,None,TRBJ2-1,TRBC2,True,True,CSARVGSEVNEQFF,TGCAGTGCTAGAGTGGGGTCGGAAGTCAATGAGCAGTTCTTC,1153,10,clonotype1,clonotype1_consensus_1
CCTACACTCTTGCATT-1,True,CCTACACTCTTGCATT-1_contig_3,True,482,TRA,TRAV10,None,TRAJ24,TRAC,True,False,None,None,552,3,clonotype1,None
CCTACCAAGAAGGACA-1,True,CCTACCAAGAAGGACA-1_contig_1,True,498,TRB,TRBV20-1,None,TRBJ2-2,TRBC2,True,True,CSAPSRLEAGELFF,TGCAGTGCTCCCTCCCGACTAGAGGCCGGGGAGCTGTTTTTT,3051,13,clonotype1562,clonotype1562_consensus_1
CCTACCAAGATAGCAT-1,True,CCTACCAAGATAGCAT-1_contig_1,True,505,TRA,TRAV1-2,None,TRAJ33,TRAC,True,True,CAATDSNYQLIW,TGTGCTGCGACTGATAGCAACTATCAGTTAATCTGG,749,3,clonotype1,clonotype1_consensus_2
CCTACCAAGATAGCAT-1,True,CCTACCAAGATAGCAT-1_contig_2,True,495,TRB,TRBV20-1,None,TRBJ2-1,TRBC2,True,True,CSARVGSEVNEQFF,TGCAGTGCTAGAGTGGGGTCGGAAGTCAATGAGCAGTTCTTC,4182,17,clonotype1,clonotype1_consensus_1
CCTACCAAGATAGCAT-1,True,CCTACCAAGATAGCAT-1_contig_3,True,482,TRA,TRAV10,None,TRAJ24,TRAC,True,False,None,None,985,4,clonotype1,None
CCTACCAAGCTGGAAC-1,True,CCTACCAAGCTGGAAC-1_contig_1,True,505,TRA,TRAV1-2,None,TRAJ33,TRAC,True,True,CAATDSNYQLIW,TGTGCTGCGACTGATAGCAACTATCAGTTAATCTGG,592,5,clonotype1,clonotype1_consensus_2
CCTACCAAGCTGGAAC-1,True,CCTACCAAGCTGGAAC-1_contig_2,True,521,TRB,TRBV20-1,None,TRBJ2-1,TRBC2,True,True,CSARVGSEVNEQFF,TGCAGTGCTAGAGTGGGGTCGGAAGTCAATGAGCAGTTCTTC,1920,10,clonotype1,clonotype1_consensus_1
CCTACCAAGCTGGAAC-1,True,CCTACCAAGCTGGAAC-1_contig_3,True,517,TRA,TRAV10,None,TRAJ24,TRAC,True,False,None,None,672,5,clonotype1,None
CCTACCAAGGGTGTGT-1,True,CCTACCAAGGGTGTGT-1_contig_1,True,512,TRB,TRBV5-5,None,TRBJ1-4,TRBC1,True,True,CASSHPGPNYATNEKLFF,TGTGCCAGCAGCCATCCCGGACCGAACTACGCAACTAATGAAAAACTGTTTTTT,3487,12,clonotype4,clonotype4_consensus_1
CCTACCAAGGGTGTGT-1,True,CCTACCAAGGGTGTGT-1_contig_2,True,513,TRB,TRBV7-3,None,TRBJ2-1,TRBC2,True,False,CQQRSLKAGGPYNEQFF,TGCCAGCAGCGGTCACTTAAAGCGGGGGGACCCTACAATGAGCAGTTCTTC,835,2,clonotype4,None
CCTACCAAGTCCGTAT-1,True,CCTACCAAGTCCGTAT-1_contig_1,True,521,TRB,TRBV20-1,None,TRBJ2-1,TRBC2,True,True,CSARVGSEVNEQFF,TGCAGTGCTAGAGTGGGGTCGGAAGTCAATGAGCAGTTCTTC,1291,6,clonotype2,clonotype2_consensus_1
CCTACCAAGTCCGTAT-1,True,CCTACCAAGTCCGTAT-1_contig_2,True,465,TRA,TRAV10,None,TRAJ24,TRAC,True,False,None,None,438,2,clonotype2,None
CCTACCAAGTGGTAGC-1,True,CCTACCAAGTGGTAGC-1_contig_1,True,505,TRA,TRAV1-2,None,TRAJ33,TRAC,True,True,CAATDSNYQLIW,TGTGCTGCGACTGATAGCAACTATCAGTTAATCTGG,380,2,clonotype1,clonotype1_consensus_2
CCTACCAAGTGGTAGC-1,True,CCTACCAAGTGGTAGC-1_contig_2,True,521,TRB,TRBV20-1,None,TRBJ2-1,TRBC2,True,True,CSARVGSEVNEQFF,TGCAGTGCTAGAGTGGGGTCGGAAGTCAATGAGCAGTTCTTC,882,8,clonotype1,clonotype1_consensus_1
CCTACCAAGTGGTAGC-1,True,CCTACCAAGTGGTAGC-1_contig_3,True,457,TRA,TRAV10,None,TRAJ24,TRAC,True,False,None,None,186,3,clonotype1,None
CCTACCACAATGACCT-1,True,CCTACCACAATGACCT-1_contig_1,True,505,TRA,TRAV1-2,None,TRAJ33,TRAC,True,True,CAATDSNYQLIW,TGTGCTGCGACTGATAGCAACTATCAGTTAATCTGG,439,3,clonotype1,clonotype1_consensus_2
CCTACCACAATGACCT-1,True,CCTACCACAATGACCT-1_contig_2,True,521,TRB,TRBV20-1,None,TRBJ2-1,TRBC2,True,True,CSARVGSEVNEQFF,TGCAGTGCTAGAGTGGGGTCGGAAGTCAATGAGCAGTTCTTC,483,4,clonotype1,clonotype1_consensus_1
CCTACCACAGCTGTGC-1,True,CCTACCACAGCTGTGC-1_contig_1,True,505,TRA,TRAV1-2,None,TRAJ33,TRAC,True,True,CAATDSNYQLIW,TGTGCTGCGACTGATAGCAACTATCAGTTAATCTGG,1041,6,clonotype1,clonotype1_consensus_2
CCTACCACAGCTGTGC-1,True,CCTACCACAGCTGTGC-1_contig_2,True,507,TRB,TRBV20-1,None,TRBJ2-1,TRBC2,True,True,CSARVGSEVNEQFF,TGCAGTGCTAGAGTGGGGTCGGAAGTCAATGAGCAGTTCTTC,847,4,clonotype1,clonotype1_consensus_1
CCTACCACATTCTTAC-1,True,CCTACCACATTCTTAC-1_contig_1,True,507,TRA,TRAV12-3,None,TRAJ12,TRAC,True,True,CAMSPSQRDSSYKLIF,TGTGCAATGAGCCCCTCCCAAAGGGATAGCAGCTATAAATTGATCTTC,692,6,clonotype1563,clonotype1563_consensus_2
CCTACCACATTCTTAC-1,True,CCTACCACATTCTTAC-1_contig_2,True,518,TRB,TRBV20-1,None,TRBJ2-7,TRBC2,True,True,CSARTGAPYEQYF,TGCAGTGCTAGGACAGGGGCCCCTTACGAGCAGTACTTC,2503,6,clonotype1563,clonotype1563_consensus_1
CCTACCACATTCTTAC-1,True,CCTACCACATTCTTAC-1_contig_3,True,478,TRA,TRAV10,None,TRAJ36,TRAC,True,True,CVVSETGANNLFF,TGTGTGGTGAGCGAGACTGGGGCAAACAACCTCTTCTTT,832,3,clonotype1563,clonotype1563_consensus_3
CCTACCAGTAGGGTAC-1,True,CCTACCAGTAGGGTAC-1_contig_1,True,502,TRA,TRAV1-2,None,TRAJ33,TRAC,True,True,CAATDSNYQLIW,TGTGCTGCGACTGATAGCAACTATCAGTTAATCTGG,164,3,clonotype1,clonotype1_consensus_2
CCTACCAGTAGGGTAC-1,True,CCTACCAGTAGGGTAC-1_contig_2,True,498,TRB,TRBV20-1,None,TRBJ2-1,TRBC2,True,True,CSARVGSEVNEQFF,TGCAGTGCTAGAGTGGGGTCGGAAGTCAATGAGCAGTTCTTC,1809,8,clonotype1,clonotype1_consensus_1
CCTACCAGTCCTCCAT-1,True,CCTACCAGTCCTCCAT-1_contig_1,True,518,TRB,TRBV20-1,None,TRBJ1-2,TRBC1,True,True,CSARGQVGYGYTF,TGCAGTGCTAGGGGTCAGGTGGGCTATGGCTACACCTTC,1333,6,clonotype1564,clonotype1564_consensus_2
CCTACCAGTCCTCCAT-1,True,CCTACCAGTCCTCCAT-1_contig_2,True,542,TRA,TRAV26-1,None,TRAJ30,TRAC,True,True,CIAYMNRDDKIIF,TGCATCGCCTACATGAACAGAGATGACAAGATCATCTTT,338,4,clonotype1564,clonotype1564_consensus_1
CCTACCAGTCCTCCAT-1,True,CCTACCAGTCCTCCAT-1_contig_3,True,612,TRA,TRAV41,None,TRAJ42,TRAC,True,True,CAVNGGSQGNLIF,TGTGCTGTTAATGGAGGAAGCCAAGGAAATCTCATCTTT,637,7,clonotype1564,clonotype1564_consensus_3
CCTACCAGTCGCCATG-1,True,CCTACCAGTCGCCATG-1_contig_1,True,505,TRA,TRAV1-2,None,TRAJ33,TRAC,True,True,CAATDSNYQLIW,TGTGCTGCGACTGATAGCAACTATCAGTTAATCTGG,587,3,clonotype1,clonotype1_consensus_2
CCTACCAGTCGCCATG-1,True,CCTACCAGTCGCCATG-1_contig_2,True,521,TRB,TRBV20-1,None,TRBJ2-1,TRBC2,True,True,CSARVGSEVNEQFF,TGCAGTGCTAGAGTGGGGTCGGAAGTCAATGAGCAGTTCTTC,621,5,clonotype1,clonotype1_consensus_1
CCTACCAGTTCCGTCT-1,True,CCTACCAGTTCCGTCT-1_contig_1,True,462,TRA,TRAV13-1,None,TRAJ30,TRAC,True,True,CAASPTNRDDKIIF,TGTGCAGCAAGCCCTACCAACAGAGATGACAAGATCATCTTT,110,1,clonotype1565,clonotype1565_consensus_1
CCTACCAGTTCCGTCT-1,True,CCTACCAGTTCCGTCT-1_contig_2,True,704,TRB,TRBV5-6,None,TRBJ2-3,TRBC2,True,True,CASSLAGTVGTDTQYF,TGTGCCAGCAGCTTGGCCGGCACGGTCGGCACAGATACGCAGTATTTT,954,5,clonotype1565,clonotype1565_consensus_2
CCTACCAGTTCCGTCT-1,True,CCTACCAGTTCCGTCT-1_contig_3,True,657,TRB,TRBV5-6,None,TRBJ2-2,TRBC2,True,True,CASSLGTGGGTGELFF,TGTGCCAGCAGCTTGGGGACAGGCGGGGGGACCGGGGAGCTGTTTTTT,1011,9,clonotype1565,clonotype1565_consensus_3
CCTACCAGTTCCGTCT-1,True,CCTACCAGTTCCGTCT-1_contig_4,True,499,TRA,TRAV4,None,TRAJ37,TRAC,True,False,None,None,654,3,clonotype1565,None
CCTACCATCAACGAAA-1,True,CCTACCATCAACGAAA-1_contig_1,True,521,TRB,TRBV20-1,None,TRBJ2-1,TRBC2,True,True,CSARVGSEVNEQFF,TGCAGTGCTAGAGTGGGGTCGGAAGTCAATGAGCAGTTCTTC,3062,9,clonotype2,clonotype2_consensus_1
CCTACCATCAACGAAA-1,True,CCTACCATCAACGAAA-1_contig_2,True,482,TRA,TRAV10,None,TRAJ24,TRAC,True,False,None,None,5314,5,clonotype2,None
CCTACCATCCTATTCA-1,True,CCTACCATCCTATTCA-1_contig_1,True,505,TRA,TRAV1-2,None,TRAJ33,TRAC,True,True,CAATDSNYQLIW,TGTGCTGCGACTGATAGCAACTATCAGTTAATCTGG,357,5,clonotype1,clonotype1_consensus_2
CCTACCATCCTATTCA-1,True,CCTACCATCCTATTCA-1_contig_2,True,521,TRB,TRBV20-1,None,TRBJ2-1,TRBC2,True,True,CSARVGSEVNEQFF,TGCAGTGCTAGAGTGGGGTCGGAAGTCAATGAGCAGTTCTTC,336,10,clonotype1,clonotype1_consensus_1
CCTACCATCCTATTCA-1,True,CCTACCATCCTATTCA-1_contig_3,True,447,TRB,None,None,TRBJ1-5,TRBC1,False,False,None,None,65,2,clonotype1,None
CCTACCATCGGAAACG-1,True,CCTACCATCGGAAACG-1_contig_1,True,580,TRA,TRAV5,None,TRAJ45,TRAC,True,True,CAETGGGADGLTF,TGTGCAGAGACGGGAGGAGGTGCTGACGGACTCACCTTT,176,5,clonotype1566,clonotype1566_consensus_1
CCTACCATCGGAAACG-1,True,CCTACCATCGGAAACG-1_contig_2,True,495,TRB,TRBV20-1,None,TRBJ1-5,TRBC1,True,True,CSARVGTGGGQPQHF,TGCAGTGCTAGAGTGGGGACAGGGGGCGGTCAGCCCCAGCATTTT,1768,7,clonotype1566,clonotype1566_consensus_2
CCTACCATCGGAAACG-1,True,CCTACCATCGGAAACG-1_contig_3,True,389,TRB,None,None,TRBJ2-1,TRBC2,False,False,None,None,737,5,clonotype1566,None
CCTACCATCTGTGCAA-1,True,CCTACCATCTGTGCAA-1_contig_1,True,505,TRA,TRAV1-2,None,TRAJ33,TRAC,True,True,CAATDSNYQLIW,TGTGCTGCGACTGATAGCAACTATCAGTTAATCTGG,587,3,clonotype1,clonotype1_consensus_2
CCTACCATCTGTGCAA-1,True,CCTACCATCTGTGCAA-1_contig_2,True,498,TRB,TRBV20-1,None,TRBJ2-1,TRBC2,True,True,CSARVGSEVNEQFF,TGCAGTGCTAGAGTGGGGTCGGAAGTCAATGAGCAGTTCTTC,992,11,clonotype1,clonotype1_consensus_1
CCTACCATCTGTGCAA-1,True,CCTACCATCTGTGCAA-1_contig_3,True,482,TRA,TRAV10,None,TRAJ24,TRAC,True,False,None,None,361,3,clonotype1,None
CCTACCATCTTACCGC-1,True,CCTACCATCTTACCGC-1_contig_1,True,524,TRB,TRBV20-1,None,TRBJ2-5,TRBC2,True,True,CSASPEGQRPETQYF,TGCAGTGCTAGTCCCGAGGGACAGAGACCAGAGACCCAGTACTTC,235,3,clonotype279,clonotype279_consensus_1
CCTACCATCTTCCTTC-1,True,CCTACCATCTTCCTTC-1_contig_1,True,492,TRB,TRBV20-1,None,TRBJ2-1,TRBC2,True,True,CSARVGSEVNEQFF,TGCAGTGCTAGAGTGGGGTCGGAAGTCAATGAGCAGTTCTTC,590,9,clonotype2,clonotype2_consensus_1
CCTACCATCTTCCTTC-1,True,CCTACCATCTTCCTTC-1_contig_2,True,463,TRA,TRAV10,None,TRAJ24,TRAC,True,False,None,None,240,4,clonotype2,None
CCTAGCTAGAGGTAGA-1,True,CCTAGCTAGAGGTAGA-1_contig_1,True,474,TRA,TRAV13-1,None,TRAJ23,TRAC,True,True,CAARDVAHSYNQGGKLIF,TGTGCAGCAAGGGATGTCGCCCACTCCTATAACCAGGGAGGAAAGCTTATCTTC,883,7,clonotype1567,clonotype1567_consensus_2
CCTAGCTAGAGGTAGA-1,True,CCTAGCTAGAGGTAGA-1_contig_2,True,655,TRB,TRBV5-6,None,TRBJ2-1,TRBC2,True,True,CASSRRTGDDEQFF,TGTGCCAGCAGCCGAAGGACAGGGGACGATGAGCAGTTCTTC,4472,14,clonotype1567,clonotype1567_consensus_1
CCTAGCTAGATGCCAG-1,True,CCTAGCTAGATGCCAG-1_contig_1,True,505,TRA,TRAV1-2,None,TRAJ33,TRAC,True,True,CAATDSNYQLIW,TGTGCTGCGACTGATAGCAACTATCAGTTAATCTGG,689,5,clonotype1,clonotype1_consensus_2
CCTAGCTAGATGCCAG-1,True,CCTAGCTAGATGCCAG-1_contig_2,True,492,TRB,TRBV20-1,None,TRBJ2-1,TRBC2,True,True,CSARVGSEVNEQFF,TGCAGTGCTAGAGTGGGGTCGGAAGTCAATGAGCAGTTCTTC,1494,6,clonotype1,clonotype1_consensus_1
CCTAGCTAGCAGCGTA-1,True,CCTAGCTAGCAGCGTA-1_contig_1,True,498,TRB,TRBV20-1,None,TRBJ2-1,TRBC2,True,True,CSARVGSEVNEQFF,TGCAGTGCTAGAGTGGGGTCGGAAGTCAATGAGCAGTTCTTC,733,5,clonotype2,clonotype2_consensus_1
CCTAGCTAGCAGCGTA-1,True,CCTAGCTAGCAGCGTA-1_contig_2,True,467,TRA,TRAV10,None,TRAJ24,TRAC,True,False,None,None,172,6,clonotype2,None
CCTAGCTAGGGATACC-1,True,CCTAGCTAGGGATACC-1_contig_1,True,521,TRB,TRBV20-1,None,TRBJ2-1,TRBC2,True,True,CSARVGSEVNEQFF,TGCAGTGCTAGAGTGGGGTCGGAAGTCAATGAGCAGTTCTTC,2085,10,clonotype2,clonotype2_consensus_1
CCTAGCTAGTGTCCAT-1,True,CCTAGCTAGTGTCCAT-1_contig_1,True,505,TRA,TRAV1-2,None,TRAJ33,TRAC,True,True,CAATDSNYQLIW,TGTGCTGCGACTGATAGCAACTATCAGTTAATCTGG,283,2,clonotype1,clonotype1_consensus_2
CCTAGCTAGTGTCCAT-1,True,CCTAGCTAGTGTCCAT-1_contig_2,True,498,TRB,TRBV20-1,None,TRBJ2-1,TRBC2,True,True,CSARVGSEVNEQFF,TGCAGTGCTAGAGTGGGGTCGGAAGTCAATGAGCAGTTCTTC,840,5,clonotype1,clonotype1_consensus_1
CCTAGCTAGTGTCCAT-1,True,CCTAGCTAGTGTCCAT-1_contig_3,True,465,TRA,TRAV10,None,TRAJ24,TRAC,True,False,None,None,260,2,clonotype1,None
CCTAGCTAGTGTCTCA-1,True,CCTAGCTAGTGTCTCA-1_contig_1,True,508,TRA,TRAV20,None,TRAJ36,TRAC,True,True,CAVLDQTGANNLFF,TGTGCTGTGCTTGATCAAACTGGGGCAAACAACCTCTTCTTT,265,3,clonotype137,clonotype137_consensus_1
CCTAGCTAGTGTCTCA-1,True,CCTAGCTAGTGTCTCA-1_contig_2,True,656,TRB,TRBV5-6,None,TRBJ1-1,TRBC1,True,True,CASSWWRGNTEAFF,TGTGCCAGCAGCTGGTGGAGGGGGAACACTGAAGCTTTCTTT,1176,4,clonotype137,clonotype137_consensus_2
CCTAGCTAGTGTGAAT-1,True,CCTAGCTAGTGTGAAT-1_contig_1,True,496,TRA,TRAV17,None,TRAJ22,TRAC,True,True,CATDFSGSARQLTF,TGTGCTACGGATTTTTCTGGTTCTGCAAGGCAACTGACCTTT,339,2,clonotype1568,clonotype1568_consensus_2
CCTAGCTAGTGTGAAT-1,True,CCTAGCTAGTGTGAAT-1_contig_2,True,530,TRB,TRBV20-1,None,TRBJ2-2,TRBC2,True,True,CSARDILGGEGTGELFF,TGCAGTGCTAGAGACATCCTGGGCGGGGAAGGAACCGGGGAGCTGTTTTTT,1483,10,clonotype1568,clonotype1568_consensus_1
CCTAGCTCAACACCTA-1,True,CCTAGCTCAACACCTA-1_contig_1,True,492,TRB,TRBV20-1,None,TRBJ1-2,TRBC1,True,True,CSARVQDGPGSYTF,TGCAGTGCTAGAGTACAGGACGGACCCGGGAGCTACACCTTC,1374,7,clonotype1569,clonotype1569_consensus_1
CCTAGCTCAACACCTA-1,True,CCTAGCTCAACACCTA-1_contig_2,True,340,TRB,None,None,TRBJ2-3,TRBC2,False,False,None,None,870,3,clonotype1569,None
CCTAGCTCAACTGGCC-1,True,CCTAGCTCAACTGGCC-1_contig_1,True,506,TRA,TRAV25,None,TRAJ45,TRAC,True,True,CAYSGGGADGLTF,TGTGCCTATTCAGGAGGAGGTGCTGACGGACTCACCTTT,68,4,clonotype1570,clonotype1570_consensus_2
CCTAGCTCAACTGGCC-1,True,CCTAGCTCAACTGGCC-1_contig_2,True,512,TRB,TRBV20-1,None,TRBJ1-2,TRBC1,True,True,CSYSFNYGYTF,TGCAGTTACAGTTTTAACTATGGCTACACCTTC,2146,12,clonotype1570,clonotype1570_consensus_1
CCTAGCTCAACTGGCC-1,True,CCTAGCTCAACTGGCC-1_contig_3,True,308,TRB,None,None,TRBJ2-5,TRBC2,False,False,None,None,664,3,clonotype1570,None
CCTAGCTCAAGTTAAG-1,True,CCTAGCTCAAGTTAAG-1_contig_1,True,504,TRB,TRBV5-5,None,TRBJ1-1,TRBC1,True,True,CASSLWQGEEAFF,TGTGCCAGCAGTTTGTGGCAGGGAGAGGAAGCTTTCTTT,1448,4,clonotype1571,clonotype1571_consensus_2
CCTAGCTCAAGTTAAG-1,True,CCTAGCTCAAGTTAAG-1_contig_2,True,550,TRA,TRAV16,None,TRAJ46,TRAC,True,True,CALQKSSGDKLTF,TGTGCTCTGCAGAAAAGCAGCGGAGACAAGCTGACTTTT,382,3,clonotype1571,clonotype1571_consensus_1
CCTAGCTCAAGTTAAG-1,True,CCTAGCTCAAGTTAAG-1_contig_3,True,319,TRA,TRAV1-1,None,TRAJ43,TRAC,True,False,None,None,263,1,clonotype1571,None
CCTAGCTCAGACGTAG-1,True,CCTAGCTCAGACGTAG-1_contig_1,True,521,TRB,TRBV20-1,None,TRBJ2-1,TRBC2,True,True,CSARVGSEVNEQFF,TGCAGTGCTAGAGTGGGGTCGGAAGTCAATGAGCAGTTCTTC,1165,4,clonotype2,clonotype2_consensus_1
CCTAGCTCAGACGTAG-1,True,CCTAGCTCAGACGTAG-1_contig_2,True,477,TRA,TRAV10,None,TRAJ24,TRAC,True,False,None,None,191,5,clonotype2,None
CCTAGCTCATTCCTCG-1,True,CCTAGCTCATTCCTCG-1_contig_1,True,505,TRA,TRAV1-2,None,TRAJ33,TRAC,True,True,CAATDSNYQLIW,TGTGCTGCGACTGATAGCAACTATCAGTTAATCTGG,369,2,clonotype1,clonotype1_consensus_2
CCTAGCTCATTCCTCG-1,True,CCTAGCTCATTCCTCG-1_contig_2,True,521,TRB,TRBV20-1,None,TRBJ2-1,TRBC2,True,True,CSARVGSEVNEQFF,TGCAGTGCTAGAGTGGGGTCGGAAGTCAATGAGCAGTTCTTC,1251,7,clonotype1,clonotype1_consensus_1
CCTAGCTGTCTCTTTA-1,True,CCTAGCTGTCTCTTTA-1_contig_1,True,505,TRA,TRAV1-2,None,TRAJ33,TRAC,True,True,CAATDSNYQLIW,TGTGCTGCGACTGATAGCAACTATCAGTTAATCTGG,446,4,clonotype1,clonotype1_consensus_2
CCTAGCTGTCTCTTTA-1,True,CCTAGCTGTCTCTTTA-1_contig_2,True,498,TRB,TRBV20-1,None,TRBJ2-1,TRBC2,True,True,CSARVGSEVNEQFF,TGCAGTGCTAGAGTGGGGTCGGAAGTCAATGAGCAGTTCTTC,2343,9,clonotype1,clonotype1_consensus_1
CCTAGCTTCAAGCCTA-1,True,CCTAGCTTCAAGCCTA-1_contig_1,True,505,TRA,TRAV1-2,None,TRAJ33,TRAC,True,True,CAATDSNYQLIW,TGTGCTGCGACTGATAGCAACTATCAGTTAATCTGG,1052,4,clonotype1,clonotype1_consensus_2
CCTAGCTTCAAGCCTA-1,True,CCTAGCTTCAAGCCTA-1_contig_2,True,521,TRB,TRBV20-1,None,TRBJ2-1,TRBC2,True,True,CSARVGSEVNEQFF,TGCAGTGCTAGAGTGGGGTCGGAAGTCAATGAGCAGTTCTTC,1485,7,clonotype1,clonotype1_consensus_1
CCTAGCTTCAAGCCTA-1,True,CCTAGCTTCAAGCCTA-1_contig_3,True,421,TRA,TRAV10,None,TRAJ24,TRAC,True,False,None,None,1048,2,clonotype1,None
CCTAGCTTCACAGTAC-1,True,CCTAGCTTCACAGTAC-1_contig_1,True,505,TRA,TRAV1-2,None,TRAJ33,TRAC,True,True,CAATDSNYQLIW,TGTGCTGCGACTGATAGCAACTATCAGTTAATCTGG,178,4,clonotype1,clonotype1_consensus_2
CCTAGCTTCACAGTAC-1,True,CCTAGCTTCACAGTAC-1_contig_2,True,521,TRB,TRBV20-1,None,TRBJ2-1,TRBC2,True,True,CSARVGSEVNEQFF,TGCAGTGCTAGAGTGGGGTCGGAAGTCAATGAGCAGTTCTTC,2295,11,clonotype1,clonotype1_consensus_1
CCTAGCTTCACATGCA-1,True,CCTAGCTTCACATGCA-1_contig_1,True,549,TRA,TRAV26-1,None,TRAJ15,TRAC,True,True,CIVRVPIHQAGTALIF,TGCATCGTCAGAGTCCCGATTCACCAGGCAGGAACTGCTCTGATCTTT,429,5,clonotype1572,clonotype1572_consensus_2
CCTAGCTTCACATGCA-1,True,CCTAGCTTCACATGCA-1_contig_2,True,524,TRB,TRBV20-1,None,TRBJ2-1,TRBC2,True,True,CSAREARGTQNEQFF,TGCAGTGCTAGAGAGGCTAGGGGCACCCAAAATGAGCAGTTCTTC,1511,10,clonotype1572,clonotype1572_consensus_1
CCTAGCTTCAGAGGTG-1,True,CCTAGCTTCAGAGGTG-1_contig_1,True,505,TRA,TRAV1-2,None,TRAJ33,TRAC,True,True,CAATDSNYQLIW,TGTGCTGCGACTGATAGCAACTATCAGTTAATCTGG,211,2,clonotype1,clonotype1_consensus_2
CCTAGCTTCAGAGGTG-1,True,CCTAGCTTCAGAGGTG-1_contig_2,True,473,TRB,TRBV20-1,None,TRBJ2-1,TRBC2,True,True,CSARVGSEVNEQFF,TGCAGTGCTAGAGTGGGGTCGGAAGTCAATGAGCAGTTCTTC,1302,8,clonotype1,clonotype1_consensus_1
CCTAGCTTCAGAGGTG-1,True,CCTAGCTTCAGAGGTG-1_contig_3,True,468,TRA,TRAV10,None,TRAJ24,TRAC,True,False,None,None,682,4,clonotype1,None
CCTAGCTTCATGCATG-1,True,CCTAGCTTCATGCATG-1_contig_1,True,589,TRA,TRAV17,None,TRAJ38,TRAC,True,True,CATVATAGNNRKLIW,TGTGCTACGGTCGCCACCGCTGGCAACAACCGTAAGCTGATTTGG,420,5,clonotype1573,clonotype1573_consensus_1
CCTAGCTTCATGCATG-1,True,CCTAGCTTCATGCATG-1_contig_2,True,503,TRB,TRBV5-5,None,TRBJ1-2,TRBC1,True,True,CASSLAGQGINGYTF,TGTGCCAGCAGCTTGGCCGGACAGGGGATCAATGGCTACACCTTC,953,5,clonotype1573,clonotype1573_consensus_2
CCTAGCTTCATGCATG-1,True,CCTAGCTTCATGCATG-1_contig_3,True,536,TRB,None,None,TRBJ2-4,TRBC2,False,False,None,None,1185,5,clonotype1573,None
CCTAGCTTCCATGCTC-1,True,CCTAGCTTCCATGCTC-1_contig_1,True,492,TRB,TRBV7-4,None,TRBJ2-4,TRBC2,True,True,CASSTRQGWDIQYF,TGTGCCAGCAGCACCCGACAGGGGTGGGACATTCAGTACTTC,1098,5,clonotype1574,clonotype1574_consensus_1
CCTAGCTTCCATGCTC-1,True,CCTAGCTTCCATGCTC-1_contig_2,True,580,TRA,TRAV17,None,TRAJ20,TRAC,True,True,CARLSNDYKLSF,TGTGCCCGCTTATCTAACGACTACAAGCTCAGCTTT,1209,7,clonotype1574,clonotype1574_consensus_3
CCTAGCTTCCATGCTC-1,True,CCTAGCTTCCATGCTC-1_contig_3,True,672,TRB,TRBV5-6,None,TRBJ2-7,TRBC2,True,True,CASSQRDRFSYEQYF,TGTGCCAGCAGCCAGCGGGACAGGTTCTCCTACGAGCAGTACTTC,1810,7,clonotype1574,clonotype1574_consensus_2
CCTAGCTTCGGTGTTA-1,True,CCTAGCTTCGGTGTTA-1_contig_1,True,505,TRA,TRAV1-2,None,TRAJ33,TRAC,True,True,CAATDSNYQLIW,TGTGCTGCGACTGATAGCAACTATCAGTTAATCTGG,652,4,clonotype1,clonotype1_consensus_2
CCTAGCTTCGGTGTTA-1,True,CCTAGCTTCGGTGTTA-1_contig_2,True,515,TRB,TRBV20-1,None,TRBJ2-1,TRBC2,True,True,CSARVGSEVNEQFF,TGCAGTGCTAGAGTGGGGTCGGAAGTCAATGAGCAGTTCTTC,1095,7,clonotype1,clonotype1_consensus_1
CCTATTAAGAAGAAGC-1,True,CCTATTAAGAAGAAGC-1_contig_1,True,521,TRB,TRBV20-1,None,TRBJ1-6,TRBC1,True,True,CSASRDRGDSPLHF,TGCAGTGCTAGTAGGGACAGGGGAGATTCACCCCTCCACTTT,223,3,clonotype1575,clonotype1575_consensus_1
CCTATTAAGCCAGGAT-1,True,CCTATTAAGCCAGGAT-1_contig_1,True,489,TRB,TRBV20-1,None,TRBJ2-4,TRBC2,True,True,CSARSGSIQYF,TGCAGTGCCAGGTCAGGGAGCATTCAGTACTTC,371,3,clonotype280,clonotype280_consensus_1
CCTATTAAGGCAGTCA-1,True,CCTATTAAGGCAGTCA-1_contig_1,True,462,TRA,TRAV13-1,None,TRAJ10,TRAC,True,True,CAAILTGGGNKLTF,TGTGCGGCCATACTCACGGGAGGAGGAAACAAACTCACCTTT,54,4,clonotype1576,clonotype1576_consensus_1
CCTATTAAGGCAGTCA-1,True,CCTATTAAGGCAGTCA-1_contig_2,True,527,TRB,TRBV20-1,None,TRBJ1-5,TRBC1,True,True,CSARGQGAIYNQPQHF,TGCAGTGCTAGAGGCCAGGGGGCGATTTACAATCAGCCCCAGCATTTT,1008,5,clonotype1576,clonotype1576_consensus_2
CCTATTAAGTCAAGCG-1,True,CCTATTAAGTCAAGCG-1_contig_1,True,511,TRA,TRAV20,None,TRAJ15,TRAC,True,True,CAVRGANQAGTALIF,TGTGCTGTCCGTGGGGCCAACCAGGCAGGAACTGCTCTGATCTTT,133,4,clonotype1577,clonotype1577_consensus_2
CCTATTAAGTCAAGCG-1,True,CCTATTAAGTCAAGCG-1_contig_2,True,660,TRB,TRBV5-6,None,TRBJ2-3,TRBC2,True,True,CASSLPSTDTQYF,TGTGCCAGCAGCTTGCCCAGCACAGATACGCAGTATTTT,405,1,clonotype1577,clonotype1577_consensus_1
CCTATTACAAAGTCAA-1,True,CCTATTACAAAGTCAA-1_contig_1,True,498,TRB,TRBV20-1,None,TRBJ2-1,TRBC2,True,True,CSARVGSEVNEQFF,TGCAGTGCTAGAGTGGGGTCGGAAGTCAATGAGCAGTTCTTC,692,5,clonotype2,clonotype2_consensus_1
CCTATTACAAGGTGTG-1,True,CCTATTACAAGGTGTG-1_contig_1,True,508,TRB,TRBV20-1,None,TRBJ2-1,TRBC2,True,True,CSARVGSEVNEQFF,TGCAGTGCTAGAGTGGGGTCGGAAGTCAATGAGCAGTTCTTC,2182,9,clonotype2,clonotype2_consensus_1
CCTATTACAAGGTGTG-1,True,CCTATTACAAGGTGTG-1_contig_2,True,465,TRA,TRAV10,None,TRAJ24,TRAC,True,False,None,None,2929,3,clonotype2,None
CCTATTACAATACGCT-1,True,CCTATTACAATACGCT-1_contig_1,True,496,TRA,TRAV1-1,None,TRAJ5,TRAC,True,True,CAGGEGDTGRRALTF,TGCGCTGGCGGTGAGGGGGACACGGGCAGGAGAGCACTTACTTTT,1730,5,clonotype1578,clonotype1578_consensus_1
CCTATTACAATACGCT-1,True,CCTATTACAATACGCT-1_contig_2,True,524,TRB,TRBV20-1,None,TRBJ1-4,TRBC1,True,True,CSARDQGAGNEKLFF,TGCAGTGCTAGGGACCAGGGGGCCGGGAATGAAAAACTGTTTTTT,1034,5,clonotype1578,clonotype1578_consensus_2
CCTATTACAATACGCT-1,True,CCTATTACAATACGCT-1_contig_3,True,493,TRB,TRBV5-6,None,TRBJ2-3,TRBC2,True,True,CASSTGDRLRDTQYF,TGTGCCAGCAGCACTGGGGACAGGCTAAGGGATACGCAGTATTTT,1064,4,clonotype1578,clonotype1578_consensus_3
CCTATTACAATACGCT-1,True,CCTATTACAATACGCT-1_contig_4,True,393,TRB,None,None,TRBJ1-2,TRBC1,False,False,None,None,313,2,clonotype1578,None
CCTATTACAATCCAAC-1,True,CCTATTACAATCCAAC-1_contig_1,True,459,TRA,TRAV13-1,None,TRAJ13,TRAC,True,True,CAAPSGGYQKVTF,TGTGCAGCACCTTCTGGGGGTTACCAGAAAGTTACCTTT,2431,8,clonotype1579,clonotype1579_consensus_1
CCTATTACAATCCAAC-1,True,CCTATTACAATCCAAC-1_contig_2,True,488,TRB,TRBV20-1,None,TRBJ2-2,TRBC2,True,True,CSARKGGRDTGELFF,TGCAGTGCTAGAAAGGGGGGGCGGGACACCGGGGAGCTGTTTTTT,8380,22,clonotype1579,clonotype1579_consensus_3
CCTATTACAATCCAAC-1,True,CCTATTACAATCCAAC-1_contig_3,True,501,TRB,TRBV20-1,None,TRBJ1-6,TRBC1,True,True,CSAEPPGTGAGNSPLHF,TGCAGTGCTGAGCCCCCCGGGACAGGGGCCGGGAATTCACCCCTCCACTTT,9753,16,clonotype1579,clonotype1579_consensus_2
CCTATTACAATCCAAC-1,True,CCTATTACAATCCAAC-1_contig_4,True,512,TRA,TRAV30,None,TRAJ26,TRAC,True,False,None,None,367,3,clonotype1579,None
CCTATTACACCTCGGA-1,True,CCTATTACACCTCGGA-1_contig_1,True,505,TRA,TRAV1-2,None,TRAJ33,TRAC,True,True,CAATDSNYQLIW,TGTGCTGCGACTGATAGCAACTATCAGTTAATCTGG,130,1,clonotype1,clonotype1_consensus_2
CCTATTACACCTCGGA-1,True,CCTATTACACCTCGGA-1_contig_2,True,498,TRB,TRBV20-1,None,TRBJ2-1,TRBC2,True,True,CSARVGSEVNEQFF,TGCAGTGCTAGAGTGGGGTCGGAAGTCAATGAGCAGTTCTTC,2000,9,clonotype1,clonotype1_consensus_1
CCTATTACACCTCGGA-1,True,CCTATTACACCTCGGA-1_contig_3,True,465,TRA,TRAV10,None,TRAJ24,TRAC,True,False,None,None,416,2,clonotype1,None
CCTATTACAGGACCCT-1,True,CCTATTACAGGACCCT-1_contig_1,True,505,TRA,TRAV1-2,None,TRAJ33,TRAC,True,True,CAAMDSNYQLIW,TGTGCTGCCATGGATAGCAACTATCAGTTAATCTGG,3136,2,clonotype21,clonotype21_consensus_2
CCTATTACAGGACCCT-1,True,CCTATTACAGGACCCT-1_contig_2,True,521,TRB,TRBV20-1,None,TRBJ1-1,TRBC1,True,True,CSAREGGKDTEAFF,TGCAGTGCTAGGGAGGGGGGTAAGGACACTGAAGCTTTCTTT,464,5,clonotype21,clonotype21_consensus_1
CCTATTAGTAAACGCG-1,True,CCTATTAGTAAACGCG-1_contig_1,True,505,TRA,TRAV1-2,None,TRAJ33,TRAC,True,True,CAATDSNYQLIW,TGTGCTGCGACTGATAGCAACTATCAGTTAATCTGG,667,4,clonotype1,clonotype1_consensus_2
CCTATTAGTAAACGCG-1,True,CCTATTAGTAAACGCG-1_contig_2,True,521,TRB,TRBV20-1,None,TRBJ2-1,TRBC2,True,True,CSARVGSEVNEQFF,TGCAGTGCTAGAGTGGGGTCGGAAGTCAATGAGCAGTTCTTC,1926,9,clonotype1,clonotype1_consensus_1
CCTATTAGTCTCACCT-1,True,CCTATTAGTCTCACCT-1_contig_1,True,477,TRB,TRBV29-1,None,TRBJ1-5,TRBC1,True,True,CSVESYKNSNQPQHF,TGCAGCGTTGAATCTTACAAGAATAGCAATCAGCCCCAGCATTTT,2555,8,clonotype1580,clonotype1580_consensus_3
CCTATTAGTCTCACCT-1,True,CCTATTAGTCTCACCT-1_contig_2,True,482,TRB,TRBV20-1,None,TRBJ2-3,TRBC2,True,True,CSASGVRTDTQYF,TGCAGTGCTAGTGGGGTCCGCACAGATACGCAGTATTTT,1318,11,clonotype1580,clonotype1580_consensus_1
CCTATTAGTCTCACCT-1,True,CCTATTAGTCTCACCT-1_contig_3,True,485,TRA,TRAV35,None,TRAJ57,TRAC,True,True,CAGPVRVGSEKLVF,TGTGCTGGCCCCGTAAGAGTGGGATCTGAAAAGCTGGTCTTT,3063,7,clonotype1580,clonotype1580_consensus_2
CCTATTAGTCTCATCC-1,True,CCTATTAGTCTCATCC-1_contig_1,True,505,TRA,TRAV1-2,None,TRAJ33,TRAC,True,True,CAATDSNYQLIW,TGTGCTGCGACTGATAGCAACTATCAGTTAATCTGG,518,3,clonotype1,clonotype1_consensus_2
CCTATTAGTCTCATCC-1,True,CCTATTAGTCTCATCC-1_contig_2,True,516,TRB,TRBV20-1,None,TRBJ2-1,TRBC2,True,True,CSARVGSEVNEQFF,TGCAGTGCTAGAGTGGGGTCGGAAGTCAATGAGCAGTTCTTC,380,4,clonotype1,clonotype1_consensus_1
CCTATTAGTCTCATCC-1,True,CCTATTAGTCTCATCC-1_contig_3,True,469,TRA,TRAV10,None,TRAJ24,TRAC,True,False,None,None,1002,6,clonotype1,None
CCTATTATCAACGCTA-1,True,CCTATTATCAACGCTA-1_contig_1,True,521,TRB,TRBV20-1,None,TRBJ2-1,TRBC2,True,True,CSARVGSEVNEQFF,TGCAGTGCTAGAGTGGGGTCGGAAGTCAATGAGCAGTTCTTC,1576,8,clonotype2,clonotype2_consensus_1
CCTATTATCCAAACTG-1,True,CCTATTATCCAAACTG-1_contig_1,True,485,TRA,TRAV4,None,TRAJ41,TRAC,True,True,CLVNSGYALNF,TGCCTCGTAAATTCCGGGTATGCACTCAACTTC,547,3,clonotype1581,clonotype1581_consensus_1
CCTATTATCCAAACTG-1,True,CCTATTATCCAAACTG-1_contig_2,True,504,TRB,TRBV20-1,None,TRBJ2-1,TRBC2,True,True,CSARPVTGFRDNEQFF,TGCAGTGCTAGGCCCGTGACAGGGTTTAGGGACAATGAGCAGTTCTTC,2484,5,clonotype1581,clonotype1581_consensus_2
CCTATTATCCTTGGTC-1,True,CCTATTATCCTTGGTC-1_contig_1,True,505,TRA,TRAV1-2,None,TRAJ33,TRAC,True,True,CAATDSNYQLIW,TGTGCTGCGACTGATAGCAACTATCAGTTAATCTGG,76,2,clonotype1,clonotype1_consensus_2
CCTATTATCCTTGGTC-1,True,CCTATTATCCTTGGTC-1_contig_2,True,511,TRB,TRBV20-1,None,TRBJ2-1,TRBC2,True,True,CSARVGSEVNEQFF,TGCAGTGCTAGAGTGGGGTCGGAAGTCAATGAGCAGTTCTTC,513,3,clonotype1,clonotype1_consensus_1
CCTATTATCCTTGGTC-1,True,CCTATTATCCTTGGTC-1_contig_3,True,482,TRA,TRAV10,None,TRAJ24,TRAC,True,False,None,None,193,2,clonotype1,None
CCTCAGTAGAATGTTG-1,True,CCTCAGTAGAATGTTG-1_contig_1,True,518,TRB,TRBV20-1,None,TRBJ1-1,TRBC1,True,True,CSAPGPSQPEAFF,TGCAGTGCTCCGGGCCCAAGCCAACCTGAAGCTTTCTTT,1558,6,clonotype1582,clonotype1582_consensus_2
CCTCAGTAGAATGTTG-1,True,CCTCAGTAGAATGTTG-1_contig_2,True,505,TRA,TRAV1-2,None,TRAJ36,TRAC,True,True,CAVSGGANNLFF,TGTGCTGTAAGTGGTGGGGCAAACAACCTCTTCTTT,4190,6,clonotype1582,clonotype1582_consensus_1
CCTCAGTAGAATGTTG-1,True,CCTCAGTAGAATGTTG-1_contig_3,True,425,TRB,None,None,TRBJ2-6,TRBC2,False,False,None,None,525,2,clonotype1582,None
CCTCAGTAGAATGTTG-1,True,CCTCAGTAGAATGTTG-1_contig_4,True,316,TRB,None,None,TRBJ1-6,TRBC1,False,False,None,None,598,2,clonotype1582,None
CCTCAGTAGACAGGCT-1,True,CCTCAGTAGACAGGCT-1_contig_1,True,473,TRA,TRAV17,None,TRAJ8,TRAC,True,True,CATGRGNTGFQKLVF,TGTGCTACGGGGCGGGGGAACACAGGCTTTCAGAAACTTGTATTT,737,3,clonotype1583,clonotype1583_consensus_2
CCTCAGTAGACAGGCT-1,True,CCTCAGTAGACAGGCT-1_contig_2,True,667,TRB,TRBV5-6,None,TRBJ2-2,TRBC2,True,True,CASSHQVQRGDTGELFF,TGTGCCAGCAGCCATCAGGTCCAGCGGGGGGACACCGGGGAGCTGTTTTTT,1694,6,clonotype1583,clonotype1583_consensus_1
CCTCAGTAGCCGTCGT-1,True,CCTCAGTAGCCGTCGT-1_contig_1,True,553,TRA,TRAV5,None,TRAJ7,TRAC,True,True,CAEMADYGNNRLAF,TGTGCAGAGATGGCGGACTATGGGAACAACAGACTCGCTTTT,244,2,clonotype1584,clonotype1584_consensus_2
CCTCAGTAGCCGTCGT-1,True,CCTCAGTAGCCGTCGT-1_contig_2,True,521,TRB,TRBV20-1,None,TRBJ1-5,TRBC1,True,True,CSATLESVRQPQHF,TGCAGTGCTACGTTGGAATCGGTGCGGCAGCCCCAGCATTTT,1449,11,clonotype1584,clonotype1584_consensus_1
CCTCAGTAGCTAGTCT-1,True,CCTCAGTAGCTAGTCT-1_contig_1,True,505,TRA,TRAV1-2,None,TRAJ33,TRAC,True,True,CAATDSNYQLIW,TGTGCTGCGACTGATAGCAACTATCAGTTAATCTGG,1146,6,clonotype1,clonotype1_consensus_2
CCTCAGTAGCTAGTCT-1,True,CCTCAGTAGCTAGTCT-1_contig_2,True,518,TRB,TRBV20-1,None,TRBJ2-1,TRBC2,True,True,CSARVGSEVNEQFF,TGCAGTGCTAGAGTGGGGTCGGAAGTCAATGAGCAGTTCTTC,1074,7,clonotype1,clonotype1_consensus_1
CCTCAGTAGCTAGTCT-1,True,CCTCAGTAGCTAGTCT-1_contig_3,True,437,TRB,None,None,TRBJ2-3,TRBC2,False,False,None,None,451,6,clonotype1,None
CCTCAGTAGGGCTTGA-1,True,CCTCAGTAGGGCTTGA-1_contig_1,True,473,TRB,TRBV20-1,None,TRBJ2-1,TRBC2,True,True,CSARVGSEVNEQFF,TGCAGTGCTAGAGTGGGGTCGGAAGTCAATGAGCAGTTCTTC,2454,11,clonotype2,clonotype2_consensus_1
CCTCAGTAGTTATCGC-1,True,CCTCAGTAGTTATCGC-1_contig_1,True,498,TRB,TRBV20-1,None,TRBJ2-1,TRBC2,True,True,CSARVGSEVNEQFF,TGCAGTGCTAGAGTGGGGTCGGAAGTCAATGAGCAGTTCTTC,489,4,clonotype2,clonotype2_consensus_1
CCTCAGTCAGATGAGC-1,True,CCTCAGTCAGATGAGC-1_contig_1,True,505,TRA,TRAV1-2,None,TRAJ33,TRAC,True,True,CAATDSNYQLIW,TGTGCTGCGACTGATAGCAACTATCAGTTAATCTGG,587,4,clonotype1,clonotype1_consensus_2
CCTCAGTCAGATGAGC-1,True,CCTCAGTCAGATGAGC-1_contig_2,True,514,TRB,TRBV20-1,None,TRBJ2-1,TRBC2,True,True,CSARVGSEVNEQFF,TGCAGTGCTAGAGTGGGGTCGGAAGTCAATGAGCAGTTCTTC,1429,8,clonotype1,clonotype1_consensus_1
CCTCAGTCAGGTCTCG-1,True,CCTCAGTCAGGTCTCG-1_contig_1,True,462,TRA,TRAV13-1,None,TRAJ4,TRAC,True,True,CAAPFSGGYNKLIF,TGTGCAGCACCATTTTCTGGTGGCTACAATAAGCTGATTTTT,345,5,clonotype1585,clonotype1585_consensus_2
CCTCAGTCAGGTCTCG-1,True,CCTCAGTCAGGTCTCG-1_contig_2,True,524,TRB,TRBV20-1,None,TRBJ2-5,TRBC2,True,True,CSARDGGLLQETQYF,TGCAGTGCTAGAGATGGGGGGCTCCTCCAAGAGACCCAGTACTTC,3194,14,clonotype1585,clonotype1585_consensus_1
CCTCAGTGTAAGAGAG-1,True,CCTCAGTGTAAGAGAG-1_contig_1,True,505,TRA,TRAV1-2,None,TRAJ33,TRAC,True,True,CAATDSNYQLIW,TGTGCTGCGACTGATAGCAACTATCAGTTAATCTGG,239,3,clonotype1,clonotype1_consensus_2
CCTCAGTGTAAGAGAG-1,True,CCTCAGTGTAAGAGAG-1_contig_2,True,491,TRB,TRBV20-1,None,TRBJ2-1,TRBC2,True,True,CSARVGSEVNEQFF,TGCAGTGCTAGAGTGGGGTCGGAAGTCAATGAGCAGTTCTTC,1842,6,clonotype1,clonotype1_consensus_1
CCTCAGTGTACTCTCC-1,True,CCTCAGTGTACTCTCC-1_contig_1,True,521,TRB,TRBV20-1,None,TRBJ2-1,TRBC2,True,True,CSARDRGSYNEQFF,TGCAGTGCTAGAGATAGGGGATCCTACAATGAGCAGTTCTTC,4672,20,clonotype1586,clonotype1586_consensus_1
CCTCAGTGTACTCTCC-1,True,CCTCAGTGTACTCTCC-1_contig_2,True,569,TRA,TRAV22,None,TRAJ3,TRAC,True,False,None,None,533,3,clonotype1586,None
CCTCAGTGTACTCTCC-1,True,CCTCAGTGTACTCTCC-1_contig_3,True,379,TRA,TRAV3,None,None,TRAC,False,False,None,None,100,1,clonotype1586,None
CCTCAGTGTCTAGTGT-1,True,CCTCAGTGTCTAGTGT-1_contig_1,True,565,TRA,TRAV19,None,TRAJ31,TRAC,True,True,CALSEASNNARLMF,TGTGCTCTGAGTGAGGCGAGTAACAATGCCAGACTCATGTTT,1077,4,clonotype1587,clonotype1587_consensus_1
CCTCAGTGTCTAGTGT-1,True,CCTCAGTGTCTAGTGT-1_contig_2,True,335,TRB,None,None,TRBJ1-6,TRBC1,False,False,None,None,368,6,clonotype1587,None
CCTCAGTGTCTAGTGT-1,True,CCTCAGTGTCTAGTGT-1_contig_3,True,417,TRA,TRAV4,None,TRAJ20,TRAC,True,False,None,None,303,1,clonotype1587,None
CCTCAGTGTGTTGGGA-1,True,CCTCAGTGTGTTGGGA-1_contig_1,True,518,TRB,TRBV20-1,None,TRBJ2-6,TRBC2,True,True,CSARGGAPNVLTF,TGCAGTGCTAGAGGGGGAGCTCCCAACGTCCTGACTTTC,2482,14,clonotype1588,clonotype1588_consensus_4
CCTCAGTGTGTTGGGA-1,True,CCTCAGTGTGTTGGGA-1_contig_2,True,524,TRB,TRBV20-1,None,TRBJ1-1,TRBC1,True,True,CSARDFRGGDTEAFF,TGCAGTGCTAGAGATTTCCGCGGGGGGGACACTGAAGCTTTCTTT,1696,7,clonotype1588,clonotype1588_consensus_1
CCTCAGTGTGTTGGGA-1,True,CCTCAGTGTGTTGGGA-1_contig_3,True,496,TRA,TRAV12-1,None,TRAJ5,TRAC,True,True,CVVNRRDTGRRALTF,TGTGTGGTGAACAGGAGGGACACGGGCAGGAGAGCACTTACTTTT,1395,7,clonotype1588,clonotype1588_consensus_3
CCTCAGTGTGTTGGGA-1,True,CCTCAGTGTGTTGGGA-1_contig_4,True,501,TRA,TRAV9-2,None,TRAJ22,TRAC,True,True,CALAGISSGSARQLTF,TGTGCTCTCGCTGGTATTTCTTCTGGTTCTGCAAGGCAACTGACCTTT,925,6,clonotype1588,clonotype1588_consensus_2
CCTCAGTGTTAAGTAG-1,True,CCTCAGTGTTAAGTAG-1_contig_1,True,505,TRA,TRAV1-2,None,TRAJ33,TRAC,True,True,CAATDSNYQLIW,TGTGCTGCGACTGATAGCAACTATCAGTTAATCTGG,249,13,clonotype1,clonotype1_consensus_2
CCTCAGTGTTAAGTAG-1,True,CCTCAGTGTTAAGTAG-1_contig_2,True,521,TRB,TRBV20-1,None,TRBJ2-1,TRBC2,True,True,CSARVGSEVNEQFF,TGCAGTGCTAGAGTGGGGTCGGAAGTCAATGAGCAGTTCTTC,2352,8,clonotype1,clonotype1_consensus_1
CCTCAGTGTTGCTCCT-1,True,CCTCAGTGTTGCTCCT-1_contig_1,True,524,TRB,TRBV20-1,None,TRBJ2-7,TRBC2,True,True,CSASVPGGGTYEQYF,TGCAGTGCTAGTGTCCCTGGGGGGGGAACCTACGAGCAGTACTTC,913,7,clonotype1589,clonotype1589_consensus_2
CCTCAGTGTTGCTCCT-1,True,CCTCAGTGTTGCTCCT-1_contig_2,True,568,TRA,TRAV8-1,None,TRAJ37,TRAC,True,True,CAVRSNTGKLIF,TGTGCCGTGAGAAGCAACACAGGCAAACTAATCTTT,115,5,clonotype1589,clonotype1589_consensus_1
CCTCAGTGTTTCCACC-1,True,CCTCAGTGTTTCCACC-1_contig_1,True,505,TRA,TRAV1-2,None,TRAJ33,TRAC,True,True,CAATDSNYQLIW,TGTGCTGCGACTGATAGCAACTATCAGTTAATCTGG,269,3,clonotype1,clonotype1_consensus_2
CCTCAGTGTTTCCACC-1,True,CCTCAGTGTTTCCACC-1_contig_2,True,494,TRB,TRBV20-1,None,TRBJ2-1,TRBC2,True,True,CSARVGSEVNEQFF,TGCAGTGCTAGAGTGGGGTCGGAAGTCAATGAGCAGTTCTTC,1746,12,clonotype1,clonotype1_consensus_1
CCTCAGTGTTTCCACC-1,True,CCTCAGTGTTTCCACC-1_contig_3,True,440,TRA,TRAV10,None,TRAJ24,TRAC,True,False,None,None,99,5,clonotype1,None
CCTCAGTTCAGCATGT-1,True,CCTCAGTTCAGCATGT-1_contig_1,True,505,TRA,TRAV1-2,None,TRAJ33,TRAC,True,True,CAATDSNYQLIW,TGTGCTGCGACTGATAGCAACTATCAGTTAATCTGG,339,2,clonotype1,clonotype1_consensus_2
CCTCAGTTCAGCATGT-1,True,CCTCAGTTCAGCATGT-1_contig_2,True,521,TRB,TRBV20-1,None,TRBJ2-1,TRBC2,True,True,CSARVGSEVNEQFF,TGCAGTGCTAGAGTGGGGTCGGAAGTCAATGAGCAGTTCTTC,1720,14,clonotype1,clonotype1_consensus_1
CCTCAGTTCAGCATGT-1,True,CCTCAGTTCAGCATGT-1_contig_3,True,482,TRA,TRAV10,None,TRAJ24,TRAC,True,False,None,None,444,2,clonotype1,None
CCTCAGTTCAGCTCGG-1,True,CCTCAGTTCAGCTCGG-1_contig_1,True,512,TRA,TRAV13-2,None,TRAJ29,TRAC,True,True,CAENMGSGNTPLVF,TGTGCAGAGAATATGGGCTCAGGAAACACACCTCTTGTCTTT,874,5,clonotype1590,clonotype1590_consensus_1
CCTCAGTTCAGCTCGG-1,True,CCTCAGTTCAGCTCGG-1_contig_2,True,707,TRB,TRBV5-6,None,TRBJ2-5,TRBC2,True,True,CASSFGPQQETQYF,TGTGCCAGCAGCTTCGGCCCACAGCAAGAGACCCAGTACTTC,2641,10,clonotype1590,clonotype1590_consensus_2
CCTCAGTTCAGCTCGG-1,True,CCTCAGTTCAGCTCGG-1_contig_3,True,520,TRA,TRAV16,None,TRAJ6,None,True,False,CALSALFMHQEEATYLHLEEEPALLF,TGTGCTCTAAGTGCCCTTTTCATGCATCAGGAGGAAGCTACATACCTACATTTGGAAGAGGAACCAGCCTTATTGTTC,100,1,clonotype1590,None
CCTCAGTTCAGGCAAG-1,True,CCTCAGTTCAGGCAAG-1_contig_1,True,505,TRA,TRAV1-2,None,TRAJ33,TRAC,True,True,CAATDSNYQLIW,TGTGCTGCGACTGATAGCAACTATCAGTTAATCTGG,586,5,clonotype1,clonotype1_consensus_2
CCTCAGTTCAGGCAAG-1,True,CCTCAGTTCAGGCAAG-1_contig_2,True,521,TRB,TRBV20-1,None,TRBJ2-1,TRBC2,True,True,CSARVGSEVNEQFF,TGCAGTGCTAGAGTGGGGTCGGAAGTCAATGAGCAGTTCTTC,1034,3,clonotype1,clonotype1_consensus_1
CCTCAGTTCATTTGGG-1,True,CCTCAGTTCATTTGGG-1_contig_1,True,570,TRA,TRAV8-4,None,TRAJ3,TRAC,True,True,CAVTLYSSASKIIF,TGTGCTGTGACCCTTTACAGCAGTGCTTCCAAGATAATCTTT,561,5,clonotype25,clonotype25_consensus_2
CCTCAGTTCATTTGGG-1,True,CCTCAGTTCATTTGGG-1_contig_2,True,668,TRB,TRBV5-6,None,TRBJ2-2,TRBC2,True,True,CASSQIGTGGNTGELFF,TGTGCCAGCAGCCAGATCGGGACAGGGGGAAACACCGGGGAGCTGTTTTTT,1085,6,clonotype25,clonotype25_consensus_1
CCTCAGTTCATTTGGG-1,True,CCTCAGTTCATTTGGG-1_contig_3,True,572,TRA,TRAV2,None,TRAJ3,TRAC,True,False,CCLLLCCVWGSSASKIIF,TGCTGTTTACTACTGTGCTGTGTATGGGGCAGCAGTGCTTCCAAGATAATCTTT,187,3,clonotype25,None
CCTCAGTTCATTTGGG-1,True,CCTCAGTTCATTTGGG-1_contig_4,True,391,TRB,None,None,TRBJ2-7,TRBC2,False,False,None,None,2516,7,clonotype25,None
CCTCAGTTCCAAACTG-1,True,CCTCAGTTCCAAACTG-1_contig_1,True,613,TRA,TRAV8-6,None,TRAJ57,TRAC,True,True,CAVSATWGGSEKLVF,TGTGCTGTGAGTGCTACCTGGGGCGGATCTGAAAAGCTGGTCTTT,1020,7,clonotype1591,clonotype1591_consensus_1
CCTCAGTTCCAAACTG-1,True,CCTCAGTTCCAAACTG-1_contig_2,True,530,TRB,TRBV20-1,None,TRBJ2-2,TRBC2,True,True,CSARALPGGKNTGELFF,TGCAGTGCTAGAGCGCTTCCGGGGGGCAAGAACACCGGGGAGCTGTTTTTT,1579,9,clonotype1591,clonotype1591_consensus_2
CCTCAGTTCCAAACTG-1,True,CCTCAGTTCCAAACTG-1_contig_3,True,387,TRB,None,None,TRBJ1-1,TRBC1,False,False,None,None,1921,11,clonotype1591,None
CCTCAGTTCCCAGGTG-1,True,CCTCAGTTCCCAGGTG-1_contig_1,True,494,TRB,TRBV20-1,None,TRBJ2-3,TRBC2,True,True,CSKTQVSTDTQYF,TGCAGCAAAACGCAAGTAAGCACAGATACGCAGTATTTT,199,1,clonotype1592,clonotype1592_consensus_2
CCTCAGTTCCCAGGTG-1,True,CCTCAGTTCCCAGGTG-1_contig_2,True,561,TRA,TRAV16,None,TRAJ10,TRAC,True,True,CALGEGGGNKLTF,TGTGCTCTGGGGGAGGGAGGAGGAAACAAACTCACCTTT,898,6,clonotype1592,clonotype1592_consensus_1
CCTCAGTTCCCAGGTG-1,True,CCTCAGTTCCCAGGTG-1_contig_3,True,322,TRB,None,None,TRBJ2-7,TRBC2,False,False,None,None,157,3,clonotype1592,None
CCTCAGTTCCTTGGTC-1,True,CCTCAGTTCCTTGGTC-1_contig_1,True,505,TRA,TRAV1-2,None,TRAJ33,TRAC,True,True,CAATDSNYQLIW,TGTGCTGCGACTGATAGCAACTATCAGTTAATCTGG,197,1,clonotype1,clonotype1_consensus_2
CCTCAGTTCCTTGGTC-1,True,CCTCAGTTCCTTGGTC-1_contig_2,True,521,TRB,TRBV20-1,None,TRBJ2-1,TRBC2,True,True,CSARVGSEVNEQFF,TGCAGTGCTAGAGTGGGGTCGGAAGTCAATGAGCAGTTCTTC,1086,8,clonotype1,clonotype1_consensus_1
CCTCAGTTCCTTGGTC-1,True,CCTCAGTTCCTTGGTC-1_contig_3,True,467,TRA,TRAV10,None,TRAJ24,TRAC,True,False,None,None,279,4,clonotype1,None
CCTCTGAAGAATCTCC-1,True,CCTCTGAAGAATCTCC-1_contig_1,True,502,TRA,TRAV1-2,None,TRAJ30,TRAC,True,True,CAVRDLREIIF,TGTGCTGTGAGAGATCTTCGGGAGATCATCTTT,161,1,clonotype3,clonotype3_consensus_2
CCTCTGAAGAATCTCC-1,True,CCTCTGAAGAATCTCC-1_contig_2,True,495,TRB,TRBV5-5,None,TRBJ1-4,TRBC1,True,True,CASSHPGPNYATNEKLFF,TGTGCCAGCAGCCATCCCGGACCGAACTACGCAACTAATGAAAAACTGTTTTTT,224,2,clonotype3,clonotype3_consensus_1
CCTCTGAAGAATCTCC-1,True,CCTCTGAAGAATCTCC-1_contig_3,True,426,TRB,TRBV7-3,None,TRBJ2-1,TRBC2,True,False,CQQRSLKAGGPYNEQFF,TGCCAGCAGCGGTCACTTAAAGCGGGGGGACCCTACAATGAGCAGTTCTTC,260,2,clonotype3,None
CCTCTGAAGCCCAATT-1,True,CCTCTGAAGCCCAATT-1_contig_1,True,495,TRB,TRBV20-1,None,TRBJ1-2,TRBC1,True,True,CSARESGEHGYTF,TGCAGTGCTAGAGAGTCTGGGGAGCATGGCTACACCTTC,2696,10,clonotype1593,clonotype1593_consensus_1
CCTCTGAAGCCCAATT-1,True,CCTCTGAAGCCCAATT-1_contig_2,True,549,TRA,TRAV8-4,None,TRAJ38,None,True,True,CAVSPGAGNNRKLIW,TGTGCTGTGAGCCCTGGAGCTGGCAACAACCGTAAGCTGATTTGG,439,2,clonotype1593,clonotype1593_consensus_2
CCTCTGAAGCCCAATT-1,True,CCTCTGAAGCCCAATT-1_contig_3,True,493,TRA,TRAV1-2,None,TRAJ35,TRAC,True,True,CAVKGFGNVLHC,TGTGCTGTGAAGGGCTTTGGGAATGTGCTGCATTGC,167,2,clonotype1593,clonotype1593_consensus_3
CCTCTGAAGGCTAGGT-1,True,CCTCTGAAGGCTAGGT-1_contig_1,True,521,TRB,TRBV20-1,None,TRBJ2-3,TRBC2,True,True,CSATGTRSTDTQYF,TGCAGTGCTACTGGGACGCGCAGCACAGATACGCAGTATTTT,1593,12,clonotype1594,clonotype1594_consensus_1
CCTCTGACACCACCAG-1,True,CCTCTGACACCACCAG-1_contig_1,True,508,TRA,TRAV20,None,TRAJ6,TRAC,True,True,CAVQRSGGSYIPTF,TGTGCTGTGCAGCGATCAGGAGGAAGCTACATACCTACATTT,1825,12,clonotype1595,clonotype1595_consensus_2
CCTCTGACACCACCAG-1,True,CCTCTGACACCACCAG-1_contig_2,True,521,TRB,TRBV20-1,None,TRBJ2-1,TRBC2,True,True,CSARETSGGHEQFF,TGCAGTGCTAGAGAAACTAGCGGGGGGCATGAGCAGTTCTTC,1851,10,clonotype1595,clonotype1595_consensus_1
CCTCTGACACCACCAG-1,True,CCTCTGACACCACCAG-1_contig_3,True,475,TRA,TRAV21,None,TRAJ7,TRAC,True,False,None,None,434,5,clonotype1595,None
CCTCTGACAGATGAGC-1,True,CCTCTGACAGATGAGC-1_contig_1,True,515,TRB,TRBV20-1,None,TRBJ2-5,TRBC2,True,True,CSAIRRQETQYF,TGCAGTGCAATACGGAGGCAAGAGACCCAGTACTTC,1015,6,clonotype1596,clonotype1596_consensus_2
CCTCTGACAGATGAGC-1,True,CCTCTGACAGATGAGC-1_contig_2,True,530,TRA,TRAV27,None,TRAJ23,TRAC,True,True,CAGAAYNQGGKLIF,TGTGCAGGAGCAGCGTATAACCAGGGAGGAAAGCTTATCTTC,477,3,clonotype1596,clonotype1596_consensus_1
CCTCTGACAGATGAGC-1,True,CCTCTGACAGATGAGC-1_contig_3,True,454,TRA,TRAV9-2,None,TRAJ22,TRAC,True,False,CALSEAIFWF,TGTGCTCTGAGTGAGGCTATCTTCTGGTTC,545,5,clonotype1596,None
CCTCTGACAGCTGGCT-1,True,CCTCTGACAGCTGGCT-1_contig_1,True,549,TRB,TRBV6-9,None,TRBJ2-6,TRBC2,True,True,CASNLNQTGINSGANVLTF,TGTGCCAGCAACTTGAATCAGACAGGTATCAACTCTGGGGCCAACGTCCTGACTTTC,2310,10,clonotype15,clonotype15_consensus_1
CCTCTGACAGCTGGCT-1,True,CCTCTGACAGCTGGCT-1_contig_2,True,465,TRA,TRAV13-1,None,TRAJ16,TRAC,True,True,CAASSGFSDGQKLLF,TGTGCAGCAAGTTCGGGTTTTTCAGATGGCCAGAAGCTGCTCTTT,560,2,clonotype15,clonotype15_consensus_3
CCTCTGACAGCTGGCT-1,True,CCTCTGACAGCTGGCT-1_contig_3,True,488,TRB,TRBV5-6,None,TRBJ2-6,TRBC2,True,True,CASSLQGTGANVLTF,TGTGCCAGCAGCTTGCAGGGGACTGGGGCCAACGTCCTGACTTTC,962,5,clonotype15,clonotype15_consensus_2
CCTCTGACAGCTGGCT-1,True,CCTCTGACAGCTGGCT-1_contig_4,True,599,TRA,None,None,TRAJ32,TRAC,False,False,None,None,352,3,clonotype15,None
CCTCTGACATCCTAGA-1,True,CCTCTGACATCCTAGA-1_contig_1,True,505,TRA,TRAV1-2,None,TRAJ33,TRAC,True,True,CAATDSNYQLIW,TGTGCTGCGACTGATAGCAACTATCAGTTAATCTGG,927,5,clonotype1,clonotype1_consensus_2
CCTCTGACATCCTAGA-1,True,CCTCTGACATCCTAGA-1_contig_2,True,521,TRB,TRBV20-1,None,TRBJ2-1,TRBC2,True,True,CSARVGSEVNEQFF,TGCAGTGCTAGAGTGGGGTCGGAAGTCAATGAGCAGTTCTTC,3462,12,clonotype1,clonotype1_consensus_1
CCTCTGACATCCTAGA-1,True,CCTCTGACATCCTAGA-1_contig_3,True,482,TRA,TRAV10,None,TRAJ24,TRAC,True,False,None,None,356,5,clonotype1,None
CCTCTGAGTCAGTGGA-1,True,CCTCTGAGTCAGTGGA-1_contig_1,True,515,TRB,TRBV20-1,None,TRBJ2-5,TRBC2,True,True,CSAYRGGETQYF,TGCAGTGCTTACAGGGGAGGTGAGACCCAGTACTTC,2112,11,clonotype1597,clonotype1597_consensus_1
CCTCTGAGTCAGTGGA-1,True,CCTCTGAGTCAGTGGA-1_contig_2,True,494,TRA,TRAV35,None,TRAJ44,TRAC,True,True,CAGETGTASKLTF,TGTGCTGGGGAGACCGGCACTGCCAGTAAACTCACCTTT,473,4,clonotype1597,clonotype1597_consensus_2
CCTCTGAGTCCCTACT-1,True,CCTCTGAGTCCCTACT-1_contig_1,True,508,TRA,TRAV20,None,TRAJ24,TRAC,True,True,CAVMTTDSWGKFQF,TGTGCTGTTATGACAACTGACAGCTGGGGGAAATTCCAGTTT,850,8,clonotype7,clonotype7_consensus_2
CCTCTGAGTCCCTACT-1,True,CCTCTGAGTCCCTACT-1_contig_2,True,487,TRB,TRBV5-5,None,TRBJ2-7,TRBC2,True,True,CASSSLVEQGAYEQYF,TGTGCCAGCAGCTCGCTCGTAGAGCAGGGGGCCTACGAGCAGTACTTC,1736,5,clonotype7,clonotype7_consensus_1
CCTCTGAGTGAGGCTA-1,True,CCTCTGAGTGAGGCTA-1_contig_1,True,482,TRB,TRBV20-1,None,TRBJ1-5,TRBC1,True,True,CSAPFRSNQPQHF,TGCAGTGCGCCTTTCAGAAGCAATCAGCCCCAGCATTTT,2694,11,clonotype1598,clonotype1598_consensus_1
CCTCTGAGTGCATCTA-1,True,CCTCTGAGTGCATCTA-1_contig_1,True,530,TRB,TRBV5-5,None,TRBJ1-2,TRBC1,True,True,CASSLTGGRANYGYTF,TGTGCCAGCAGCTTGACAGGTGGCAGAGCTAACTATGGCTACACCTTC,3880,13,clonotype1599,clonotype1599_consensus_1
CCTCTGAGTGCATCTA-1,True,CCTCTGAGTGCATCTA-1_contig_2,True,494,TRA,TRAV25,None,TRAJ31,TRAC,True,False,None,None,816,6,clonotype1599,None
CCTCTGAGTTCATGGT-1,True,CCTCTGAGTTCATGGT-1_contig_1,True,503,TRA,TRAV1-2,None,TRAJ33,TRAC,True,True,CAATDSNYQLIW,TGTGCTGCGACTGATAGCAACTATCAGTTAATCTGG,587,2,clonotype1,clonotype1_consensus_2
CCTCTGAGTTCATGGT-1,True,CCTCTGAGTTCATGGT-1_contig_2,True,521,TRB,TRBV20-1,None,TRBJ2-1,TRBC2,True,True,CSARVGSEVNEQFF,TGCAGTGCTAGAGTGGGGTCGGAAGTCAATGAGCAGTTCTTC,2079,10,clonotype1,clonotype1_consensus_1
CCTCTGAGTTCATGGT-1,True,CCTCTGAGTTCATGGT-1_contig_3,True,517,TRA,TRAV10,None,TRAJ24,TRAC,True,False,None,None,528,4,clonotype1,None
CCTCTGAGTTTCGCTC-1,True,CCTCTGAGTTTCGCTC-1_contig_1,True,505,TRA,TRAV1-2,None,TRAJ33,TRAC,True,True,CAATDSNYQLIW,TGTGCTGCGACTGATAGCAACTATCAGTTAATCTGG,396,4,clonotype1,clonotype1_consensus_2
CCTCTGAGTTTCGCTC-1,True,CCTCTGAGTTTCGCTC-1_contig_2,True,495,TRB,TRBV20-1,None,TRBJ2-1,TRBC2,True,True,CSARVGSEVNEQFF,TGCAGTGCTAGAGTGGGGTCGGAAGTCAATGAGCAGTTCTTC,692,8,clonotype1,clonotype1_consensus_1
CCTCTGAGTTTGGCGC-1,True,CCTCTGAGTTTGGCGC-1_contig_1,True,494,TRA,TRAV38-2/DV8,None,TRAJ49,TRAC,True,True,CAYRSVATGNQFYF,TGTGCTTATAGGAGCGTGGCCACCGGTAACCAGTTCTATTTT,1090,11,clonotype1600,clonotype1600_consensus_2
CCTCTGAGTTTGGCGC-1,True,CCTCTGAGTTTGGCGC-1_contig_2,True,489,TRB,TRBV20-1,None,TRBJ1-1,TRBC1,True,True,CSATQGLRAFF,TGCAGTGCTACCCAGGGGTTACGGGCTTTCTTT,2337,11,clonotype1600,clonotype1600_consensus_1
CCTCTGATCCAAGTAC-1,True,CCTCTGATCCAAGTAC-1_contig_1,True,518,TRA,TRAV27,None,TRAJ52,TRAC,True,True,CAGEGGTSYGKLTF,TGTGCAGGAGAAGGTGGTACTAGCTATGGAAAGCTGACATTT,912,4,clonotype1601,clonotype1601_consensus_1
CCTCTGATCCAAGTAC-1,True,CCTCTGATCCAAGTAC-1_contig_2,True,501,TRB,TRBV20-1,None,TRBJ2-7,TRBC2,True,True,CSAPDLDLTPYEQYF,TGCAGTGCCCCAGACTTGGACCTTACCCCCTACGAGCAGTACTTC,2876,11,clonotype1601,clonotype1601_consensus_2
CCTCTGATCCAAGTAC-1,True,CCTCTGATCCAAGTAC-1_contig_3,True,492,TRA,TRAV9-2,None,TRAJ41,TRAC,True,True,CALIANSGYALNF,TGTGCTCTGATAGCAAATTCCGGGTATGCACTCAACTTC,6436,4,clonotype1601,clonotype1601_consensus_3
CCTCTGATCCAAGTAC-1,True,CCTCTGATCCAAGTAC-1_contig_4,True,704,TRB,TRBV5-6,None,TRBJ2-6,TRBC2,True,True,CASSLGSGANVLTF,TGTGCCAGCAGCTTGGGGTCCGGGGCCAACGTCCTGACTTTC,666,5,clonotype1601,clonotype1601_consensus_4
CCTCTGATCCGAGCCA-1,True,CCTCTGATCCGAGCCA-1_contig_1,True,487,TRA,TRAV41,None,TRAJ31,TRAC,True,True,CAVEGNARLMF,TGTGCTGTCGAGGGGAATGCCAGACTCATGTTT,870,1,clonotype1602,clonotype1602_consensus_2
CCTCTGATCCGAGCCA-1,True,CCTCTGATCCGAGCCA-1_contig_2,True,662,TRB,TRBV5-6,None,TRBJ1-1,TRBC1,True,True,CASSPRTGGANTEAFF,TGTGCCAGCAGCCCAAGGACAGGGGGCGCGAACACTGAAGCTTTCTTT,1310,8,clonotype1602,clonotype1602_consensus_3
CCTCTGATCCGAGCCA-1,True,CCTCTGATCCGAGCCA-1_contig_3,True,580,TRA,TRAV17,None,TRAJ7,TRAC,True,True,CASQGGNNRLAF,TGTGCATCCCAAGGTGGGAACAACAGACTCGCTTTT,145,5,clonotype1602,clonotype1602_consensus_1
CCTCTGATCCGTCAAA-1,True,CCTCTGATCCGTCAAA-1_contig_1,True,505,TRA,TRAV1-2,None,TRAJ33,TRAC,True,True,CAATDSNYQLIW,TGTGCTGCGACTGATAGCAACTATCAGTTAATCTGG,783,2,clonotype1,clonotype1_consensus_2
CCTCTGATCCGTCAAA-1,True,CCTCTGATCCGTCAAA-1_contig_2,True,492,TRB,TRBV20-1,None,TRBJ2-1,TRBC2,True,True,CSARVGSEVNEQFF,TGCAGTGCTAGAGTGGGGTCGGAAGTCAATGAGCAGTTCTTC,3415,15,clonotype1,clonotype1_consensus_1
CCTCTGATCCGTCAAA-1,True,CCTCTGATCCGTCAAA-1_contig_3,True,459,TRA,TRAV10,None,TRAJ24,TRAC,True,False,None,None,100,5,clonotype1,None
CCTCTGATCCTCAATT-1,True,CCTCTGATCCTCAATT-1_contig_1,True,486,TRA,TRAV21,None,TRAJ39,TRAC,True,True,CAPSRNNAGNMLTF,TGTGCCCCCTCAAGGAATAATGCAGGCAACATGCTCACCTTT,787,4,clonotype1603,clonotype1603_consensus_2
CCTCTGATCCTCAATT-1,True,CCTCTGATCCTCAATT-1_contig_2,True,494,TRA,TRAV38-2/DV8,None,TRAJ24,TRAC,True,True,CAVGSTDSWGKFQF,TGTGCCGTGGGGTCAACTGACAGCTGGGGGAAATTCCAGTTT,1146,20,clonotype1603,clonotype1603_consensus_3
CCTCTGATCCTCAATT-1,True,CCTCTGATCCTCAATT-1_contig_3,True,521,TRB,TRBV20-1,None,TRBJ2-3,TRBC2,True,True,CSAREGSGGGDTQYF,TGCAGTGCTAGAGAGGGGTCAGGGGGGGGGGATACGCAGTATTTT,1566,16,clonotype1603,clonotype1603_consensus_1
CCTCTGATCCTCAATT-1,True,CCTCTGATCCTCAATT-1_contig_4,True,508,TRB,TRBV7-3,None,TRBJ1-4,TRBC1,True,False,None,None,464,7,clonotype1603,None
CCTCTGATCGACCAGC-1,True,CCTCTGATCGACCAGC-1_contig_1,True,518,TRA,TRAV8-1,None,TRAJ24,TRAC,True,True,CAVSTTDSWGKFQF,TGTGCCGTGAGTACAACTGACAGCTGGGGGAAATTCCAGTTT,45,2,clonotype1604,clonotype1604_consensus_2
CCTCTGATCGACCAGC-1,True,CCTCTGATCGACCAGC-1_contig_2,True,668,TRB,TRBV5-6,None,TRBJ1-1,TRBC1,True,True,CASSLERTAATNTEAFF,TGTGCCAGCAGCTTGGAACGGACAGCTGCCACCAACACTGAAGCTTTCTTT,2405,10,clonotype1604,clonotype1604_consensus_1
CCTTACGAGCCCAATT-1,True,CCTTACGAGCCCAATT-1_contig_1,True,498,TRB,TRBV20-1,None,TRBJ2-1,TRBC2,True,True,CSARVGSEVNEQFF,TGCAGTGCTAGAGTGGGGTCGGAAGTCAATGAGCAGTTCTTC,968,5,clonotype2,clonotype2_consensus_1
CCTTACGAGCTGCGAA-1,True,CCTTACGAGCTGCGAA-1_contig_1,True,541,TRA,TRAV12-2,None,TRAJ12,TRAC,True,True,CAPRRSSYKLIF,TGTGCCCCCAGGCGTAGCAGCTATAAATTGATCTTC,444,4,clonotype1605,clonotype1605_consensus_1
CCTTACGAGCTGCGAA-1,True,CCTTACGAGCTGCGAA-1_contig_2,True,512,TRB,TRBV20-1,None,TRBJ2-7,TRBC2,True,True,CSAASHKEEYF,TGCAGTGCTGCCTCCCATAAGGAAGAGTACTTC,4071,14,clonotype1605,clonotype1605_consensus_2
CCTTACGAGCTGCGAA-1,True,CCTTACGAGCTGCGAA-1_contig_3,True,370,TRB,None,None,TRBJ2-5,TRBC2,False,False,None,None,101,2,clonotype1605,None
CCTTACGAGGGTCGAT-1,True,CCTTACGAGGGTCGAT-1_contig_1,True,518,TRB,TRBV20-1,None,TRBJ2-7,TRBC2,True,True,CSAPGQGPGEQYF,TGCAGTGCACCTGGACAGGGCCCCGGCGAGCAGTACTTC,2634,8,clonotype1606,clonotype1606_consensus_2
CCTTACGAGGGTCGAT-1,True,CCTTACGAGGGTCGAT-1_contig_2,True,478,TRA,TRAV10,None,TRAJ31,TRAC,True,True,CVVNRNNNARLMF,TGTGTGGTGAACCGGAATAACAATGCCAGACTCATGTTT,326,2,clonotype1606,clonotype1606_consensus_1
CCTTACGCAATCCAAC-1,True,CCTTACGCAATCCAAC-1_contig_1,True,563,TRA,TRAV22,None,TRAJ35,TRAC,True,True,CAVDPTLGFGNVLHC,TGTGCTGTGGACCCGACTTTAGGCTTTGGGAATGTGCTGCATTGC,609,3,clonotype1607,clonotype1607_consensus_3
CCTTACGCAATCCAAC-1,True,CCTTACGCAATCCAAC-1_contig_2,True,514,TRB,TRBV5-1,None,TRBJ2-3,TRBC2,True,True,CASSLGGAASTDTQYF,TGCGCCAGCAGCTTGGGCGGGGCTGCTAGCACAGATACGCAGTATTTT,4253,11,clonotype1607,clonotype1607_consensus_1
CCTTACGCAATCCAAC-1,True,CCTTACGCAATCCAAC-1_contig_3,True,697,TRB,TRBV5-6,None,TRBJ2-7,TRBC2,True,True,CASSLAKEQYF,TGTGCCAGCAGCTTGGCAAAGGAGCAGTACTTC,1622,11,clonotype1607,clonotype1607_consensus_4
CCTTACGCAATCCAAC-1,True,CCTTACGCAATCCAAC-1_contig_4,True,498,TRA,TRAV9-2,None,TRAJ23,TRAC,True,True,CALSDPYNQGGKLIF,TGTGCTCTGAGTGATCCTTATAACCAGGGAGGAAAGCTTATCTTC,452,3,clonotype1607,clonotype1607_consensus_2
CCTTACGCAATCCGAT-1,True,CCTTACGCAATCCGAT-1_contig_1,True,505,TRA,TRAV26-1,None,TRAJ48,TRAC,True,True,CIVRVIFGNEKLTF,TGCATCGTCAGAGTCATCTTTGGAAATGAGAAATTAACCTTT,481,2,clonotype1608,clonotype1608_consensus_2
CCTTACGCAATCCGAT-1,True,CCTTACGCAATCCGAT-1_contig_2,True,518,TRB,TRBV20-1,None,TRBJ1-1,TRBC1,True,True,CSARLRRGGEAFF,TGCAGTGCTAGACTCCGGCGAGGGGGTGAAGCTTTCTTT,1330,5,clonotype1608,clonotype1608_consensus_1
CCTTACGCAATCGGTT-1,True,CCTTACGCAATCGGTT-1_contig_1,True,521,TRB,TRBV20-1,None,TRBJ2-1,TRBC2,True,True,CSARVGSEVNEQFF,TGCAGTGCTAGAGTGGGGTCGGAAGTCAATGAGCAGTTCTTC,1950,9,clonotype2,clonotype2_consensus_1
CCTTACGCACCATCCT-1,True,CCTTACGCACCATCCT-1_contig_1,True,521,TRB,TRBV20-1,None,TRBJ2-1,TRBC2,True,True,CSARVGSEVNEQFF,TGCAGTGCTAGAGTGGGGTCGGAAGTCAATGAGCAGTTCTTC,1224,9,clonotype2,clonotype2_consensus_1
CCTTACGCAGTCTTCC-1,True,CCTTACGCAGTCTTCC-1_contig_1,True,505,TRA,TRAV1-2,None,TRAJ33,TRAC,True,True,CAATDSNYQLIW,TGTGCTGCGACTGATAGCAACTATCAGTTAATCTGG,152,2,clonotype1,clonotype1_consensus_2
CCTTACGCAGTCTTCC-1,True,CCTTACGCAGTCTTCC-1_contig_2,True,521,TRB,TRBV20-1,None,TRBJ2-1,TRBC2,True,True,CSARVGSEVNEQFF,TGCAGTGCTAGAGTGGGGTCGGAAGTCAATGAGCAGTTCTTC,1695,10,clonotype1,clonotype1_consensus_1
CCTTACGGTACCGCTG-1,True,CCTTACGGTACCGCTG-1_contig_1,True,509,TRA,TRAV25,None,TRAJ53,TRAC,True,True,CAGRSGGSNYKLTF,TGTGCAGGGAGAAGTGGAGGTAGCAACTATAAACTGACATTT,470,1,clonotype1609,clonotype1609_consensus_2
CCTTACGGTACCGCTG-1,True,CCTTACGGTACCGCTG-1_contig_2,True,527,TRB,TRBV20-1,None,TRBJ1-5,TRBC1,True,True,CSAIGQGAPSNQPQHF,TGCAGTGCTATCGGACAGGGGGCGCCGAGCAATCAGCCCCAGCATTTT,1028,3,clonotype1609,clonotype1609_consensus_1
CCTTACGGTACCGCTG-1,True,CCTTACGGTACCGCTG-1_contig_3,True,498,TRB,TRBV20-1,None,TRBJ2-1,TRBC2,True,True,CSGRGESSYNEQFF,TGCAGTGGGCGGGGGGAAAGCTCCTACAATGAGCAGTTCTTC,2435,10,clonotype1609,clonotype1609_consensus_4
CCTTACGGTACCGCTG-1,True,CCTTACGGTACCGCTG-1_contig_4,True,628,TRA,TRAV8-6,None,TRAJ41,TRAC,True,True,CAVSGPGYALNF,TGTGCTGTGAGTGGCCCCGGGTATGCACTCAACTTC,238,2,clonotype1609,clonotype1609_consensus_3
CCTTACGGTACCGCTG-1,True,CCTTACGGTACCGCTG-1_contig_5,True,395,TRB,TRBV7-2,None,TRBJ2-3,TRBC2,True,False,None,None,308,3,clonotype1609,None
CCTTACGGTACCGCTG-1,True,CCTTACGGTACCGCTG-1_contig_6,True,316,TRB,None,None,TRBJ1-1,TRBC1,False,False,None,None,376,2,clonotype1609,None
CCTTACGGTACCGTTA-1,True,CCTTACGGTACCGTTA-1_contig_1,True,524,TRB,TRBV20-1,None,TRBJ2-3,TRBC2,True,True,CSATIPQGSTDTQYF,TGCAGTGCTACTATCCCACAGGGTTCCACAGATACGCAGTATTTT,1997,10,clonotype138,clonotype138_consensus_1
CCTTACGGTACCGTTA-1,True,CCTTACGGTACCGTTA-1_contig_2,True,492,TRA,TRAV9-2,None,TRAJ4,TRAC,True,True,CALRVGGYNKLIF,TGTGCTCTGAGGGTTGGTGGCTACAATAAGCTGATTTTT,844,7,clonotype138,clonotype138_consensus_2
CCTTACGGTACCGTTA-1,True,CCTTACGGTACCGTTA-1_contig_3,True,501,TRB,TRBV9,None,TRBJ2-5,TRBC2,True,False,CQQRSPGQGGETQYF,TGCCAGCAGCGTAGTCCAGGTCAGGGGGGGGAGACCCAGTACTTC,334,1,clonotype138,None
CCTTACGGTATGGTTC-1,True,CCTTACGGTATGGTTC-1_contig_1,True,521,TRB,TRBV20-1,None,TRBJ2-1,TRBC2,True,True,CSARVGSEVNEQFF,TGCAGTGCTAGAGTGGGGTCGGAAGTCAATGAGCAGTTCTTC,1343,11,clonotype2,clonotype2_consensus_1
CCTTACGGTATGGTTC-1,True,CCTTACGGTATGGTTC-1_contig_2,True,465,TRA,TRAV10,None,TRAJ24,TRAC,True,False,None,None,82,5,clonotype2,None
CCTTACGGTCACTTCC-1,True,CCTTACGGTCACTTCC-1_contig_1,True,494,TRB,TRBV20-1,None,TRBJ2-1,TRBC2,True,True,CSARVGSEVNEQFF,TGCAGTGCTAGAGTGGGGTCGGAAGTCAATGAGCAGTTCTTC,144,7,clonotype2,clonotype2_consensus_1
CCTTACGGTCGACTGC-1,True,CCTTACGGTCGACTGC-1_contig_1,True,505,TRA,TRAV1-2,None,TRAJ33,TRAC,True,True,CAATDSNYQLIW,TGTGCTGCGACTGATAGCAACTATCAGTTAATCTGG,576,5,clonotype1,clonotype1_consensus_2
CCTTACGGTCGACTGC-1,True,CCTTACGGTCGACTGC-1_contig_2,True,516,TRB,TRBV20-1,None,TRBJ2-1,TRBC2,True,True,CSARVGSEVNEQFF,TGCAGTGCTAGAGTGGGGTCGGAAGTCAATGAGCAGTTCTTC,1546,11,clonotype1,clonotype1_consensus_1
CCTTACGGTTGGTGGA-1,True,CCTTACGGTTGGTGGA-1_contig_1,True,512,TRB,TRBV20-1,None,TRBJ2-4,TRBC2,True,True,CSARSGSIQYF,TGCAGTGCCAGGTCAGGGAGCATTCAGTACTTC,1469,10,clonotype280,clonotype280_consensus_1
CCTTACGTCGAACTGT-1,True,CCTTACGTCGAACTGT-1_contig_1,True,521,TRA,TRAV27,None,TRAJ13,TRAC,True,True,CAGALYQKVTF,TGTGCAGGGGCCCTTTACCAGAAAGTTACCTTT,3760,3,clonotype1610,clonotype1610_consensus_2
CCTTACGTCGAACTGT-1,True,CCTTACGTCGAACTGT-1_contig_2,True,678,TRB,TRBV5-6,None,TRBJ2-5,TRBC2,True,True,CASSLYGRQADQETQYF,TGTGCCAGCAGCTTGTATGGGCGGCAGGCAGATCAAGAGACCCAGTACTTC,3250,14,clonotype1610,clonotype1610_consensus_1
CCTTACGTCGAGGTAG-1,True,CCTTACGTCGAGGTAG-1_contig_1,True,577,TRA,TRAV8-1,None,TRAJ38,TRAC,True,True,CAVTKNAGNNRKLIW,TGTGCCGTGACTAAGAATGCTGGCAACAACCGTAAGCTGATTTGG,3765,3,clonotype1611,clonotype1611_consensus_2
CCTTACGTCGAGGTAG-1,True,CCTTACGTCGAGGTAG-1_contig_2,True,666,TRB,TRBV5-6,None,TRBJ2-7,TRBC2,True,True,CASSFGQGRYEQYF,TGTGCCAGCAGCTTTGGACAGGGTCGGTACGAGCAGTACTTC,1384,10,clonotype1611,clonotype1611_consensus_1
CCTTACGTCGCCATAA-1,True,CCTTACGTCGCCATAA-1_contig_1,True,455,TRA,TRAV9-2,None,TRAJ35,TRAC,True,True,CALPGGGFGNVLHC,TGTGCTCTCCCCGGGGGGGGCTTTGGGAATGTGCTGCATTGC,389,3,clonotype1612,clonotype1612_consensus_2
CCTTACGTCGCCATAA-1,True,CCTTACGTCGCCATAA-1_contig_2,True,675,TRB,TRBV5-6,None,TRBJ1-1,TRBC1,True,True,CASSVAGTGRGTEAFF,TGTGCCAGCAGCGTTGCCGGGACAGGTCGGGGCACTGAAGCTTTCTTT,1802,9,clonotype1612,clonotype1612_consensus_1
CCTTCCCAGGAGCGTT-1,True,CCTTCCCAGGAGCGTT-1_contig_1,True,564,TRA,TRAV16,None,TRAJ5,TRAC,True,True,CALSPYTGRRALTF,TGTGCTCTAAGTCCTTACACGGGCAGGAGAGCACTTACTTTT,963,8,clonotype1613,clonotype1613_consensus_2
CCTTCCCAGGAGCGTT-1,True,CCTTCCCAGGAGCGTT-1_contig_2,True,527,TRB,TRBV20-1,None,TRBJ2-2,TRBC2,True,True,CSARDRDRVNTGELFF,TGCAGTGCTAGAGATAGGGACAGGGTGAACACCGGGGAGCTGTTTTTT,846,5,clonotype1613,clonotype1613_consensus_1
CCTTCCCAGGCTCTTA-1,True,CCTTCCCAGGCTCTTA-1_contig_1,True,554,TRA,TRAV12-1,None,TRAJ8,TRAC,True,True,CVVPGRTGFQKLVF,TGTGTGGTTCCCGGGAGGACAGGCTTTCAGAAACTTGTATTT,335,6,clonotype1614,clonotype1614_consensus_2
CCTTCCCAGGCTCTTA-1,True,CCTTCCCAGGCTCTTA-1_contig_2,True,527,TRB,TRBV20-1,None,TRBJ2-7,TRBC2,True,True,CSARVALTGSSYEQYF,TGCAGTGCTAGAGTCGCCCTTACAGGGAGCTCCTACGAGCAGTACTTC,1276,9,clonotype1614,clonotype1614_consensus_1
CCTTCCCAGGCTCTTA-1,True,CCTTCCCAGGCTCTTA-1_contig_3,True,500,TRB,TRBV6-4,None,TRBJ2-3,None,True,False,CPRVGLAGGWGTDTQYF,TGCCCCCGAGTCGGACTAGCGGGGGGGTGGGGCACAGATACGCAGTATTTT,591,4,clonotype1614,None
CCTTCCCAGGGCTTGA-1,True,CCTTCCCAGGGCTTGA-1_contig_1,True,498,TRB,TRBV20-1,None,TRBJ1-5,TRBC1,True,True,CSARPMGIGGNQPQHF,TGCAGTGCCCGCCCTATGGGGATTGGGGGCAATCAGCCCCAGCATTTT,717,3,clonotype56,clonotype56_consensus_1
CCTTCCCAGGGCTTGA-1,True,CCTTCCCAGGGCTTGA-1_contig_2,True,541,TRA,TRAV12-2,None,TRAJ16,TRAC,True,True,CAVTALGQKLLF,TGTGCCGTGACAGCCCTAGGCCAGAAGCTGCTCTTT,1368,6,clonotype56,clonotype56_consensus_2
CCTTCCCAGGGCTTGA-1,True,CCTTCCCAGGGCTTGA-1_contig_3,True,485,TRA,TRAV4,None,TRAJ6,TRAC,True,False,CLVGAWEEATYLHLEEEPALLF,TGCCTCGTGGGGGCCTGGGAGGAAGCTACATACCTACATTTGGAAGAGGAACCAGCCTTATTGTTC,129,4,clonotype56,None
CCTTCCCAGGGCTTGA-1,True,CCTTCCCAGGGCTTGA-1_contig_4,True,361,TRB,None,None,TRBJ2-7,TRBC2,False,False,None,None,2094,7,clonotype56,None
CCTTCCCCAAAGCGGT-1,True,CCTTCCCCAAAGCGGT-1_contig_1,True,502,TRA,TRAV1-2,None,TRAJ30,TRAC,True,True,CAVRDLREIIF,TGTGCTGTGAGAGATCTTCGGGAGATCATCTTT,558,5,clonotype3,clonotype3_consensus_2
CCTTCCCCAAAGCGGT-1,True,CCTTCCCCAAAGCGGT-1_contig_2,True,529,TRB,TRBV5-5,None,TRBJ1-4,TRBC1,True,True,CASSHPGPNYATNEKLFF,TGTGCCAGCAGCCATCCCGGACCGAACTACGCAACTAATGAAAAACTGTTTTTT,2911,9,clonotype3,clonotype3_consensus_1
CCTTCCCCAAAGCGGT-1,True,CCTTCCCCAAAGCGGT-1_contig_3,True,513,TRB,TRBV7-3,None,TRBJ2-1,TRBC2,True,False,CQQRSLKAGGPYNEQFF,TGCCAGCAGCGGTCACTTAAAGCGGGGGGACCCTACAATGAGCAGTTCTTC,466,4,clonotype3,None
CCTTCCCCAAGTTAAG-1,True,CCTTCCCCAAGTTAAG-1_contig_1,True,505,TRA,TRAV1-2,None,TRAJ33,TRAC,True,True,CAATDSNYQLIW,TGTGCTGCGACTGATAGCAACTATCAGTTAATCTGG,367,2,clonotype1,clonotype1_consensus_2
CCTTCCCCAAGTTAAG-1,True,CCTTCCCCAAGTTAAG-1_contig_2,True,521,TRB,TRBV20-1,None,TRBJ2-1,TRBC2,True,True,CSARVGSEVNEQFF,TGCAGTGCTAGAGTGGGGTCGGAAGTCAATGAGCAGTTCTTC,1195,7,clonotype1,clonotype1_consensus_1
CCTTCCCCAAGTTCTG-1,True,CCTTCCCCAAGTTCTG-1_contig_1,True,505,TRA,TRAV1-2,None,TRAJ33,TRAC,True,True,CAATDSNYQLIW,TGTGCTGCGACTGATAGCAACTATCAGTTAATCTGG,555,2,clonotype1,clonotype1_consensus_2
CCTTCCCCAAGTTCTG-1,True,CCTTCCCCAAGTTCTG-1_contig_2,True,498,TRB,TRBV20-1,None,TRBJ2-1,TRBC2,True,True,CSARVGSEVNEQFF,TGCAGTGCTAGAGTGGGGTCGGAAGTCAATGAGCAGTTCTTC,792,3,clonotype1,clonotype1_consensus_1
CCTTCCCCAATGTAAG-1,True,CCTTCCCCAATGTAAG-1_contig_1,True,498,TRB,TRBV20-1,None,TRBJ2-1,TRBC2,True,True,CSARVGSEVNEQFF,TGCAGTGCTAGAGTGGGGTCGGAAGTCAATGAGCAGTTCTTC,1314,9,clonotype2,clonotype2_consensus_1
CCTTCCCCACAGAGGT-1,True,CCTTCCCCACAGAGGT-1_contig_1,True,552,TRA,TRAV12-2,None,TRAJ45,TRAC,True,True,CAVNLRRGGGADGLTF,TGTGCCGTGAACCTCCGACGGGGAGGAGGTGCTGACGGACTCACCTTT,114,2,clonotype72,clonotype72_consensus_1
CCTTCCCCACAGAGGT-1,True,CCTTCCCCACAGAGGT-1_contig_2,True,479,TRB,TRBV5-5,None,TRBJ1-2,TRBC1,True,True,CASSLEPRDRGSTF,TGTGCCAGCAGCTTGGAGCCCCGGGACAGGGGATCCACCTTC,355,1,clonotype72,clonotype72_consensus_2
CCTTCCCCACGGTGTC-1,True,CCTTCCCCACGGTGTC-1_contig_1,True,504,TRB,TRBV20-1,None,TRBJ2-1,TRBC2,True,True,CSAREFVGTARNEQFF,TGCAGTGCTAGAGAATTTGTGGGGACAGCGCGCAATGAGCAGTTCTTC,1125,11,clonotype1615,clonotype1615_consensus_2
CCTTCCCCACGGTGTC-1,True,CCTTCCCCACGGTGTC-1_contig_2,True,518,TRA,TRAV13-2,None,TRAJ28,TRAC,True,True,CAETPYSGAGSYQLTF,TGTGCAGAGACCCCATACTCTGGGGCTGGGAGTTACCAACTCACTTTC,289,2,clonotype1615,clonotype1615_consensus_1
CCTTCCCCATACGCCG-1,True,CCTTCCCCATACGCCG-1_contig_1,True,505,TRA,TRAV1-2,None,TRAJ33,TRAC,True,True,CAATDSNYQLIW,TGTGCTGCGACTGATAGCAACTATCAGTTAATCTGG,818,4,clonotype1,clonotype1_consensus_2
CCTTCCCCATACGCCG-1,True,CCTTCCCCATACGCCG-1_contig_2,True,497,TRB,TRBV20-1,None,TRBJ2-1,TRBC2,True,True,CSARVGSEVNEQFF,TGCAGTGCTAGAGTGGGGTCGGAAGTCAATGAGCAGTTCTTC,1329,7,clonotype1,clonotype1_consensus_1
CCTTCCCCATCACGTA-1,True,CCTTCCCCATCACGTA-1_contig_1,True,459,TRA,TRAV13-1,None,TRAJ45,TRAC,True,True,CAARGGGADGLTF,TGTGCAGCAAGGGGAGGAGGTGCTGACGGACTCACCTTT,361,4,clonotype110,clonotype110_consensus_2
CCTTCCCCATCACGTA-1,True,CCTTCCCCATCACGTA-1_contig_2,True,512,TRB,TRBV20-1,None,TRBJ1-1,TRBC1,True,True,CRALQGGEAFF,TGCAGGGCTCTACAGGGCGGTGAAGCTTTCTTT,2978,7,clonotype110,clonotype110_consensus_1
CCTTCCCGTGACGGTA-1,True,CCTTCCCGTGACGGTA-1_contig_1,True,498,TRB,TRBV20-1,None,TRBJ2-1,TRBC2,True,True,CSARVGSEVNEQFF,TGCAGTGCTAGAGTGGGGTCGGAAGTCAATGAGCAGTTCTTC,657,2,clonotype2,clonotype2_consensus_1
CCTTCCCGTGACGGTA-1,True,CCTTCCCGTGACGGTA-1_contig_2,True,467,TRA,TRAV10,None,TRAJ24,TRAC,True,False,None,None,488,3,clonotype2,None
CCTTCCCGTTGAGGTG-1,True,CCTTCCCGTTGAGGTG-1_contig_1,True,505,TRA,TRAV1-2,None,TRAJ33,TRAC,True,True,CAATDSNYQLIW,TGTGCTGCGACTGATAGCAACTATCAGTTAATCTGG,85,4,clonotype1,clonotype1_consensus_2
CCTTCCCGTTGAGGTG-1,True,CCTTCCCGTTGAGGTG-1_contig_2,True,498,TRB,TRBV20-1,None,TRBJ2-1,TRBC2,True,True,CSARVGSEVNEQFF,TGCAGTGCTAGAGTGGGGTCGGAAGTCAATGAGCAGTTCTTC,1861,4,clonotype1,clonotype1_consensus_1
CCTTCCCTCACCCTCA-1,True,CCTTCCCTCACCCTCA-1_contig_1,True,502,TRA,TRAV1-2,None,TRAJ30,TRAC,True,True,CAVRDLREIIF,TGTGCTGTGAGAGATCTTCGGGAGATCATCTTT,1014,9,clonotype3,clonotype3_consensus_2
CCTTCCCTCACCCTCA-1,True,CCTTCCCTCACCCTCA-1_contig_2,True,503,TRB,TRBV5-5,None,TRBJ1-4,TRBC1,True,True,CASSHPGPNYATNEKLFF,TGTGCCAGCAGCCATCCCGGACCGAACTACGCAACTAATGAAAAACTGTTTTTT,664,6,clonotype3,clonotype3_consensus_1
CCTTCCCTCACCCTCA-1,True,CCTTCCCTCACCCTCA-1_contig_3,True,530,TRB,TRBV7-3,None,TRBJ2-1,TRBC2,True,False,CQQRSLKAGGPYNEQFF,TGCCAGCAGCGGTCACTTAAAGCGGGGGGACCCTACAATGAGCAGTTCTTC,96,17,clonotype3,None
CCTTCCCTCAGTCAGT-1,True,CCTTCCCTCAGTCAGT-1_contig_1,True,509,TRB,TRBV20-1,None,TRBJ1-1,TRBC1,True,True,CSAPINTEAFF,TGCAGTGCTCCAATAAACACTGAAGCTTTCTTT,1037,6,clonotype84,clonotype84_consensus_2
CCTTCCCTCAGTCAGT-1,True,CCTTCCCTCAGTCAGT-1_contig_2,True,549,TRA,TRAV16,None,TRAJ31,TRAC,True,True,CAFQNNNARLMF,TGTGCTTTCCAGAATAACAATGCCAGACTCATGTTT,773,3,clonotype84,clonotype84_consensus_1
CCTTCCCTCCCTTGTG-1,True,CCTTCCCTCCCTTGTG-1_contig_1,True,505,TRA,TRAV1-2,None,TRAJ33,TRAC,True,True,CAATDSNYQLIW,TGTGCTGCGACTGATAGCAACTATCAGTTAATCTGG,475,2,clonotype1,clonotype1_consensus_2
CCTTCCCTCCCTTGTG-1,True,CCTTCCCTCCCTTGTG-1_contig_2,True,521,TRB,TRBV20-1,None,TRBJ2-1,TRBC2,True,True,CSARVGSEVNEQFF,TGCAGTGCTAGAGTGGGGTCGGAAGTCAATGAGCAGTTCTTC,825,8,clonotype1,clonotype1_consensus_1
CCTTCCCTCCGCAGTG-1,True,CCTTCCCTCCGCAGTG-1_contig_1,True,441,TRA,TRAV2,None,TRAJ31,TRAC,True,True,CAVADNARLMF,TGTGCTGTGGCTGACAATGCCAGACTCATGTTT,421,2,clonotype281,clonotype281_consensus_2
CCTTCCCTCCGCAGTG-1,True,CCTTCCCTCCGCAGTG-1_contig_2,True,521,TRB,TRBV20-1,None,TRBJ2-5,TRBC2,True,True,CSAVSGGVKETQYF,TGCAGTGCAGTGAGCGGGGGGGTTAAGGAGACCCAGTACTTC,6275,11,clonotype281,clonotype281_consensus_1
CCTTCCCTCCGTTGCT-1,True,CCTTCCCTCCGTTGCT-1_contig_1,True,521,TRB,TRBV20-1,None,TRBJ2-1,TRBC2,True,True,CSARVGSEVNEQFF,TGCAGTGCTAGAGTGGGGTCGGAAGTCAATGAGCAGTTCTTC,2768,7,clonotype2,clonotype2_consensus_1
CCTTCCCTCCGTTGCT-1,True,CCTTCCCTCCGTTGCT-1_contig_2,True,461,TRA,TRAV10,None,TRAJ24,TRAC,True,False,None,None,48,5,clonotype2,None
CCTTCCCTCCTTGCCA-1,True,CCTTCCCTCCTTGCCA-1_contig_1,True,505,TRA,TRAV1-2,None,TRAJ33,TRAC,True,True,CAATDSNYQLIW,TGTGCTGCGACTGATAGCAACTATCAGTTAATCTGG,386,2,clonotype1,clonotype1_consensus_2
CCTTCCCTCCTTGCCA-1,True,CCTTCCCTCCTTGCCA-1_contig_2,True,505,TRB,TRBV20-1,None,TRBJ2-1,TRBC2,True,True,CSARVGSEVNEQFF,TGCAGTGCTAGAGTGGGGTCGGAAGTCAATGAGCAGTTCTTC,1415,6,clonotype1,clonotype1_consensus_1
CCTTCCCTCCTTGCCA-1,True,CCTTCCCTCCTTGCCA-1_contig_3,True,466,TRA,TRAV10,None,TRAJ24,TRAC,True,False,None,None,556,4,clonotype1,None
CCTTCCCTCGCAAGCC-1,True,CCTTCCCTCGCAAGCC-1_contig_1,True,505,TRA,TRAV1-2,None,TRAJ33,TRAC,True,True,CAATDSNYQLIW,TGTGCTGCGACTGATAGCAACTATCAGTTAATCTGG,1788,10,clonotype1,clonotype1_consensus_2
CCTTCCCTCGCAAGCC-1,True,CCTTCCCTCGCAAGCC-1_contig_2,True,498,TRB,TRBV20-1,None,TRBJ2-1,TRBC2,True,True,CSARVGSEVNEQFF,TGCAGTGCTAGAGTGGGGTCGGAAGTCAATGAGCAGTTCTTC,1579,5,clonotype1,clonotype1_consensus_1
CCTTCCCTCGCAAGCC-1,True,CCTTCCCTCGCAAGCC-1_contig_3,True,422,TRB,None,None,TRBJ2-2P,TRBC2,False,False,None,None,120,2,clonotype1,None
CCTTCCCTCGCCATAA-1,True,CCTTCCCTCGCCATAA-1_contig_1,True,495,TRA,TRAV9-2,None,TRAJ15,TRAC,True,True,CALRAGQAGTALIF,TGTGCTCTGAGAGCTGGCCAGGCAGGAACTGCTCTGATCTTT,1881,10,clonotype1616,clonotype1616_consensus_2
CCTTCCCTCGCCATAA-1,True,CCTTCCCTCGCCATAA-1_contig_2,True,524,TRB,TRBV20-1,None,TRBJ2-3,TRBC2,True,True,CSPLVGGVGTDTQYF,TGCAGTCCACTAGTAGGAGGGGTTGGGACAGATACGCAGTATTTT,1237,8,clonotype1616,clonotype1616_consensus_1
CCTTCCCTCGCCATAA-1,True,CCTTCCCTCGCCATAA-1_contig_3,True,326,TRB,TRBV5-5,None,TRBJ1-1,TRBC1,True,False,CASTKAGYTEAFF,TGTGCCAGCACCAAGGCAGGGTATACTGAAGCTTTCTTT,201,1,clonotype1616,None
CCTTCCCTCTGTTTGT-1,True,CCTTCCCTCTGTTTGT-1_contig_1,True,502,TRA,TRAV1-2,None,TRAJ33,TRAC,True,True,CAATDSNYQLIW,TGTGCTGCGACTGATAGCAACTATCAGTTAATCTGG,589,3,clonotype1,clonotype1_consensus_2
CCTTCCCTCTGTTTGT-1,True,CCTTCCCTCTGTTTGT-1_contig_2,True,521,TRB,TRBV20-1,None,TRBJ2-1,TRBC2,True,True,CSARVGSEVNEQFF,TGCAGTGCTAGAGTGGGGTCGGAAGTCAATGAGCAGTTCTTC,2420,14,clonotype1,clonotype1_consensus_1
CCTTCCCTCTGTTTGT-1,True,CCTTCCCTCTGTTTGT-1_contig_3,True,465,TRA,TRAV10,None,TRAJ24,TRAC,True,False,None,None,190,2,clonotype1,None
CCTTCGAAGAGGTTGC-1,True,CCTTCGAAGAGGTTGC-1_contig_1,True,505,TRA,TRAV1-2,None,TRAJ33,TRAC,True,True,CAATDSNYQLIW,TGTGCTGCGACTGATAGCAACTATCAGTTAATCTGG,303,3,clonotype1,clonotype1_consensus_2
CCTTCGAAGAGGTTGC-1,True,CCTTCGAAGAGGTTGC-1_contig_2,True,516,TRB,TRBV20-1,None,TRBJ2-1,TRBC2,True,True,CSARVGSEVNEQFF,TGCAGTGCTAGAGTGGGGTCGGAAGTCAATGAGCAGTTCTTC,2781,12,clonotype1,clonotype1_consensus_1
CCTTCGAAGTATTGGA-1,True,CCTTCGAAGTATTGGA-1_contig_1,True,509,TRA,TRAV13-2,None,TRAJ31,TRAC,True,True,CAENSKNNARLMF,TGTGCAGAGAATAGTAAGAACAATGCCAGACTCATGTTT,514,2,clonotype1617,clonotype1617_consensus_2
CCTTCGAAGTATTGGA-1,True,CCTTCGAAGTATTGGA-1_contig_2,True,688,TRB,TRBV5-6,None,TRBJ1-2,TRBC1,True,True,CASSSTRVGTSVSGYTF,TGTGCCAGCAGCTCAACTAGGGTGGGGACAAGTGTGAGCGGCTACACCTTC,1169,9,clonotype1617,clonotype1617_consensus_3
CCTTCGAAGTATTGGA-1,True,CCTTCGAAGTATTGGA-1_contig_3,True,566,TRA,TRAV8-1,None,TRAJ27,TRAC,True,True,CAPYNTNAGKSTF,TGTGCCCCTTATAACACCAATGCAGGCAAATCAACCTTT,736,3,clonotype1617,clonotype1617_consensus_1
CCTTCGACAAGAGGCT-1,True,CCTTCGACAAGAGGCT-1_contig_1,True,505,TRA,TRAV1-2,None,TRAJ33,TRAC,True,True,CAATDSNYQLIW,TGTGCTGCGACTGATAGCAACTATCAGTTAATCTGG,531,3,clonotype1,clonotype1_consensus_2
CCTTCGACAAGAGGCT-1,True,CCTTCGACAAGAGGCT-1_contig_2,True,521,TRB,TRBV20-1,None,TRBJ2-1,TRBC2,True,True,CSARVGSEVNEQFF,TGCAGTGCTAGAGTGGGGTCGGAAGTCAATGAGCAGTTCTTC,2660,10,clonotype1,clonotype1_consensus_1
CCTTCGACAGCGAACA-1,True,CCTTCGACAGCGAACA-1_contig_1,True,518,TRB,TRBV20-1,None,TRBJ1-2,TRBC1,True,True,CSATGQAGRGYTF,TGCAGTGCCACAGGTCAGGCAGGGAGAGGCTACACCTTC,707,3,clonotype1618,clonotype1618_consensus_1
CCTTCGACAGCGAACA-1,True,CCTTCGACAGCGAACA-1_contig_2,True,514,TRA,TRAV17,None,TRAJ11,TRAC,True,True,CATDAGSGYSTLTF,TGTGCTACGGACGCAGGGTCAGGATACAGCACCCTCACCTTT,1063,3,clonotype1618,clonotype1618_consensus_2
CCTTCGACAGCGAACA-1,True,CCTTCGACAGCGAACA-1_contig_3,True,483,TRB,TRBV21-1,None,TRBJ2-5,TRBC2,True,False,CASSKVADRGMETQYF,TGTGCCAGCAGCAAAGTGGCGGACAGGGGGATGGAGACCCAGTACTTC,1113,5,clonotype1618,None
CCTTCGACATAAAGGT-1,True,CCTTCGACATAAAGGT-1_contig_1,True,505,TRA,TRAV1-2,None,TRAJ33,TRAC,True,True,CAATDSNYQLIW,TGTGCTGCGACTGATAGCAACTATCAGTTAATCTGG,586,3,clonotype1,clonotype1_consensus_2
CCTTCGACATAAAGGT-1,True,CCTTCGACATAAAGGT-1_contig_2,True,521,TRB,TRBV20-1,None,TRBJ2-1,TRBC2,True,True,CSARVGSEVNEQFF,TGCAGTGCTAGAGTGGGGTCGGAAGTCAATGAGCAGTTCTTC,2365,13,clonotype1,clonotype1_consensus_1
CCTTCGACATAAAGGT-1,True,CCTTCGACATAAAGGT-1_contig_3,True,402,TRB,None,None,TRBJ1-5,TRBC1,False,False,None,None,106,2,clonotype1,None
CCTTCGACATAGAAAC-1,True,CCTTCGACATAGAAAC-1_contig_1,True,515,TRB,TRBV20-1,None,TRBJ2-7,TRBC2,True,True,CSARYRAEEQYF,TGCAGTGCTAGATATAGGGCCGAAGAGCAGTACTTC,2450,10,clonotype1619,clonotype1619_consensus_1
CCTTCGACATAGAAAC-1,True,CCTTCGACATAGAAAC-1_contig_2,True,564,TRA,TRAV8-4,None,TRAJ21,TRAC,True,False,None,None,253,4,clonotype1619,None
CCTTCGACATGCTGGC-1,True,CCTTCGACATGCTGGC-1_contig_1,True,479,TRA,TRAV26-2,None,TRAJ54,TRAC,True,True,CILIQGAQKLVF,TGCATCCTGATTCAGGGAGCCCAGAAGCTGGTATTT,373,3,clonotype1620,clonotype1620_consensus_1
CCTTCGACATGCTGGC-1,True,CCTTCGACATGCTGGC-1_contig_2,True,486,TRB,TRBV20-1,None,TRBJ1-1,TRBC1,True,True,CSARARGRNTEAFF,TGCAGTGCTAGAGCCCGGGGCAGGAACACTGAAGCTTTCTTT,668,5,clonotype1620,clonotype1620_consensus_2
CCTTCGAGTAAACACA-1,True,CCTTCGAGTAAACACA-1_contig_1,True,495,TRA,TRAV9-2,None,TRAJ20,TRAC,True,True,CALSSYSNDYKLSF,TGTGCTCTGAGCTCCTATTCTAACGACTACAAGCTCAGCTTT,1442,5,clonotype1621,clonotype1621_consensus_2
CCTTCGAGTAAACACA-1,True,CCTTCGAGTAAACACA-1_contig_2,True,672,TRB,TRBV5-5,None,TRBJ1-1,TRBC1,True,True,CASSPAPDTEAFF,TGTGCCAGCAGCCCCGCTCCGGACACTGAAGCTTTCTTT,1367,6,clonotype1621,clonotype1621_consensus_1
CCTTCGAGTAAACACA-1,True,CCTTCGAGTAAACACA-1_contig_3,True,481,TRB,TRBV5-6,None,TRBJ1-1,TRBC1,True,True,CASSLGGQGATEAFF,TGTGCCAGCAGCTTGGGCGGACAGGGGGCGACTGAAGCTTTCTTT,1919,9,clonotype1621,clonotype1621_consensus_3
CCTTCGAGTAGTGAAT-1,True,CCTTCGAGTAGTGAAT-1_contig_1,True,521,TRB,TRBV20-1,None,TRBJ2-1,TRBC2,True,True,CSARVGSEVNEQFF,TGCAGTGCTAGAGTGGGGTCGGAAGTCAATGAGCAGTTCTTC,1588,7,clonotype2,clonotype2_consensus_1
CCTTCGAGTAGTGAAT-1,True,CCTTCGAGTAGTGAAT-1_contig_2,True,465,TRA,TRAV10,None,TRAJ24,TRAC,True,False,None,None,373,6,clonotype2,None
CCTTCGAGTCGGGTCT-1,True,CCTTCGAGTCGGGTCT-1_contig_1,True,505,TRA,TRAV1-2,None,TRAJ33,TRAC,True,True,CAATDSNYQLIW,TGTGCTGCGACTGATAGCAACTATCAGTTAATCTGG,241,4,clonotype1,clonotype1_consensus_2
CCTTCGAGTCGGGTCT-1,True,CCTTCGAGTCGGGTCT-1_contig_2,True,495,TRB,TRBV20-1,None,TRBJ2-1,TRBC2,True,True,CSARVGSEVNEQFF,TGCAGTGCTAGAGTGGGGTCGGAAGTCAATGAGCAGTTCTTC,2610,9,clonotype1,clonotype1_consensus_1
CCTTCGAGTCTAGGTT-1,True,CCTTCGAGTCTAGGTT-1_contig_1,True,519,TRB,TRBV5-5,None,TRBJ1-4,TRBC1,True,True,CASSHPGPNYATNEKLFF,TGTGCCAGCAGCCATCCCGGACCGAACTACGCAACTAATGAAAAACTGTTTTTT,353,3,clonotype4,clonotype4_consensus_1
CCTTCGAGTTTACTCT-1,True,CCTTCGAGTTTACTCT-1_contig_1,True,495,TRA,TRAV26-1,None,TRAJ49,TRAC,True,True,CIVNTGNQFYF,TGCATCGTTAACACCGGTAACCAGTTCTATTTT,201,2,clonotype85,clonotype85_consensus_1
CCTTCGAGTTTACTCT-1,True,CCTTCGAGTTTACTCT-1_contig_2,True,504,TRB,TRBV20-1,None,TRBJ1-1,TRBC1,True,True,CSAKRSDRVQNTEAFF,TGCAGTGCCAAACGGTCGGACAGGGTTCAGAACACTGAAGCTTTCTTT,1356,8,clonotype85,clonotype85_consensus_2
CCTTCGATCGGCCGAT-1,True,CCTTCGATCGGCCGAT-1_contig_1,True,521,TRB,TRBV20-1,None,TRBJ2-1,TRBC2,True,True,CSARVGSEVNEQFF,TGCAGTGCTAGAGTGGGGTCGGAAGTCAATGAGCAGTTCTTC,1797,10,clonotype2,clonotype2_consensus_1
CCTTCGATCGTACCGG-1,True,CCTTCGATCGTACCGG-1_contig_1,True,521,TRB,TRBV20-1,None,TRBJ2-1,TRBC2,True,True,CSARVGSEVNEQFF,TGCAGTGCTAGAGTGGGGTCGGAAGTCAATGAGCAGTTCTTC,696,5,clonotype2,clonotype2_consensus_1
CCTTCGATCGTACCGG-1,True,CCTTCGATCGTACCGG-1_contig_2,True,539,TRA,TRAV10,None,TRAJ24,TRAC,True,False,None,None,48,4,clonotype2,None
CCTTCGATCTATCCTA-1,True,CCTTCGATCTATCCTA-1_contig_1,True,502,TRA,TRAV1-2,None,TRAJ30,TRAC,True,True,CAVRDLREIIF,TGTGCTGTGAGAGATCTTCGGGAGATCATCTTT,510,4,clonotype3,clonotype3_consensus_2
CCTTCGATCTATCCTA-1,True,CCTTCGATCTATCCTA-1_contig_2,True,524,TRB,TRBV5-5,None,TRBJ1-4,TRBC1,True,True,CASSHPGPNYATNEKLFF,TGTGCCAGCAGCCATCCCGGACCGAACTACGCAACTAATGAAAAACTGTTTTTT,1614,8,clonotype3,clonotype3_consensus_1
CCTTCGATCTGTCTAT-1,True,CCTTCGATCTGTCTAT-1_contig_1,True,505,TRA,TRAV1-2,None,TRAJ33,TRAC,True,True,CAATDSNYQLIW,TGTGCTGCGACTGATAGCAACTATCAGTTAATCTGG,81,3,clonotype1,clonotype1_consensus_2
CCTTCGATCTGTCTAT-1,True,CCTTCGATCTGTCTAT-1_contig_2,True,521,TRB,TRBV20-1,None,TRBJ2-1,TRBC2,True,True,CSARVGSEVNEQFF,TGCAGTGCTAGAGTGGGGTCGGAAGTCAATGAGCAGTTCTTC,249,9,clonotype1,clonotype1_consensus_1
CCTTTCTAGCGCCTTG-1,True,CCTTTCTAGCGCCTTG-1_contig_1,True,505,TRA,TRAV1-2,None,TRAJ33,TRAC,True,True,CAATDSNYQLIW,TGTGCTGCGACTGATAGCAACTATCAGTTAATCTGG,537,6,clonotype1,clonotype1_consensus_2
CCTTTCTAGCGCCTTG-1,True,CCTTTCTAGCGCCTTG-1_contig_2,True,521,TRB,TRBV20-1,None,TRBJ2-1,TRBC2,True,True,CSARVGSEVNEQFF,TGCAGTGCTAGAGTGGGGTCGGAAGTCAATGAGCAGTTCTTC,1324,10,clonotype1,clonotype1_consensus_1
CCTTTCTAGCTGATAA-1,True,CCTTTCTAGCTGATAA-1_contig_1,True,571,TRA,TRAV29/DV5,None,TRAJ27,TRAC,True,True,CAASRRGNAGKSTF,TGTGCAGCAAGCCGGCGGGGCAATGCAGGCAAATCAACCTTT,633,4,clonotype1622,clonotype1622_consensus_2
CCTTTCTAGCTGATAA-1,True,CCTTTCTAGCTGATAA-1_contig_2,True,513,TRB,TRBV5-5,None,TRBJ2-5,TRBC2,True,True,CASSQNLGAQETQYF,TGTGCCAGCAGCCAGAATTTGGGGGCCCAAGAGACCCAGTACTTC,1363,9,clonotype1622,clonotype1622_consensus_1
CCTTTCTAGGCTAGAC-1,True,CCTTTCTAGGCTAGAC-1_contig_1,True,505,TRA,TRAV1-2,None,TRAJ33,TRAC,True,True,CAATDSNYQLIW,TGTGCTGCGACTGATAGCAACTATCAGTTAATCTGG,655,5,clonotype1,clonotype1_consensus_2
CCTTTCTAGGCTAGAC-1,True,CCTTTCTAGGCTAGAC-1_contig_2,True,521,TRB,TRBV20-1,None,TRBJ2-1,TRBC2,True,True,CSARVGSEVNEQFF,TGCAGTGCTAGAGTGGGGTCGGAAGTCAATGAGCAGTTCTTC,2003,8,clonotype1,clonotype1_consensus_1
CCTTTCTCAAGAAGAG-1,True,CCTTTCTCAAGAAGAG-1_contig_1,True,521,TRB,TRBV20-1,None,TRBJ2-1,TRBC2,True,True,CSARVGSEVNEQFF,TGCAGTGCTAGAGTGGGGTCGGAAGTCAATGAGCAGTTCTTC,2365,8,clonotype2,clonotype2_consensus_1
CCTTTCTCAAGCGAGT-1,True,CCTTTCTCAAGCGAGT-1_contig_1,True,505,TRA,TRAV1-2,None,TRAJ33,TRAC,True,True,CAATDSNYQLIW,TGTGCTGCGACTGATAGCAACTATCAGTTAATCTGG,415,2,clonotype1,clonotype1_consensus_2
CCTTTCTCAAGCGAGT-1,True,CCTTTCTCAAGCGAGT-1_contig_2,True,498,TRB,TRBV20-1,None,TRBJ2-1,TRBC2,True,True,CSARVGSEVNEQFF,TGCAGTGCTAGAGTGGGGTCGGAAGTCAATGAGCAGTTCTTC,1557,7,clonotype1,clonotype1_consensus_1
CCTTTCTCAAGCGAGT-1,True,CCTTTCTCAAGCGAGT-1_contig_3,True,395,TRB,None,None,TRBJ1-5,None,False,False,None,None,23,1,clonotype1,None
CCTTTCTCACCTGGTG-1,True,CCTTTCTCACCTGGTG-1_contig_1,True,505,TRA,TRAV1-2,None,TRAJ33,TRAC,True,True,CAATDSNYQLIW,TGTGCTGCGACTGATAGCAACTATCAGTTAATCTGG,463,4,clonotype1,clonotype1_consensus_2
CCTTTCTCACCTGGTG-1,True,CCTTTCTCACCTGGTG-1_contig_2,True,515,TRB,TRBV20-1,None,TRBJ2-1,TRBC2,True,True,CSARVGSEVNEQFF,TGCAGTGCTAGAGTGGGGTCGGAAGTCAATGAGCAGTTCTTC,1137,8,clonotype1,clonotype1_consensus_1
CCTTTCTCACCTGGTG-1,True,CCTTTCTCACCTGGTG-1_contig_3,True,458,TRA,TRAV10,None,TRAJ24,TRAC,True,False,None,None,267,4,clonotype1,None
CCTTTCTCACGGCTAC-1,True,CCTTTCTCACGGCTAC-1_contig_1,True,485,TRB,TRBV24-1,None,TRBJ1-2,TRBC1,True,True,CATSDLYSTYGYTF,TGTGCCACCAGTGATTTATACAGTACCTATGGCTACACCTTC,1814,9,clonotype1623,clonotype1623_consensus_1
CCTTTCTCACGGCTAC-1,True,CCTTTCTCACGGCTAC-1_contig_2,True,521,TRB,TRBV20-1,None,TRBJ2-1,TRBC2,True,True,CSARGRATYNEQFF,TGCAGTGCTAGAGGGAGAGCTACCTACAATGAGCAGTTCTTC,784,6,clonotype1623,clonotype1623_consensus_2
CCTTTCTCACGGCTAC-1,True,CCTTTCTCACGGCTAC-1_contig_3,True,612,TRA,TRAV3,None,TRAJ21,TRAC,True,True,CAVRDNFNKFYF,TGTGCTGTGAGAGACAACTTCAACAAATTTTACTTT,369,3,clonotype1623,clonotype1623_consensus_3
CCTTTCTCATACGCCG-1,True,CCTTTCTCATACGCCG-1_contig_1,True,505,TRA,TRAV1-2,None,TRAJ33,TRAC,True,True,CAATDSNYQLIW,TGTGCTGCGACTGATAGCAACTATCAGTTAATCTGG,240,2,clonotype1,clonotype1_consensus_2
CCTTTCTCATACGCCG-1,True,CCTTTCTCATACGCCG-1_contig_2,True,521,TRB,TRBV20-1,None,TRBJ2-1,TRBC2,True,True,CSARVGSEVNEQFF,TGCAGTGCTAGAGTGGGGTCGGAAGTCAATGAGCAGTTCTTC,1050,7,clonotype1,clonotype1_consensus_1
CCTTTCTCATACGCCG-1,True,CCTTTCTCATACGCCG-1_contig_3,True,482,TRA,TRAV10,None,TRAJ24,TRAC,True,False,None,None,631,3,clonotype1,None
CCTTTCTGTAAATACG-1,True,CCTTTCTGTAAATACG-1_contig_1,True,505,TRA,TRAV1-2,None,TRAJ33,TRAC,True,True,CAATDSNYQLIW,TGTGCTGCGACTGATAGCAACTATCAGTTAATCTGG,235,7,clonotype1,clonotype1_consensus_2
CCTTTCTGTAAATACG-1,True,CCTTTCTGTAAATACG-1_contig_2,True,521,TRB,TRBV20-1,None,TRBJ2-1,TRBC2,True,True,CSARVGSEVNEQFF,TGCAGTGCTAGAGTGGGGTCGGAAGTCAATGAGCAGTTCTTC,2068,8,clonotype1,clonotype1_consensus_1
CCTTTCTGTAAATACG-1,True,CCTTTCTGTAAATACG-1_contig_3,True,521,TRB,None,None,TRBJ2-5,TRBC2,False,False,None,None,4232,3,clonotype1,None
CCTTTCTGTAGTAGTA-1,True,CCTTTCTGTAGTAGTA-1_contig_1,True,505,TRA,TRAV1-2,None,TRAJ33,TRAC,True,True,CAATDSNYQLIW,TGTGCTGCGACTGATAGCAACTATCAGTTAATCTGG,201,3,clonotype1,clonotype1_consensus_2
CCTTTCTGTAGTAGTA-1,True,CCTTTCTGTAGTAGTA-1_contig_2,True,495,TRB,TRBV20-1,None,TRBJ2-1,TRBC2,True,True,CSARVGSEVNEQFF,TGCAGTGCTAGAGTGGGGTCGGAAGTCAATGAGCAGTTCTTC,786,10,clonotype1,clonotype1_consensus_1
CCTTTCTGTAGTAGTA-1,True,CCTTTCTGTAGTAGTA-1_contig_3,True,482,TRA,TRAV10,None,TRAJ24,TRAC,True,False,None,None,462,8,clonotype1,None
CCTTTCTGTCACAAGG-1,True,CCTTTCTGTCACAAGG-1_contig_1,True,657,TRB,TRBV5-5,None,TRBJ1-2,TRBC1,True,True,CASSILNPGQTFYGYTF,TGTGCCAGCAGCATCCTGAATCCGGGACAAACCTTCTATGGCTACACCTTC,1747,10,clonotype1624,clonotype1624_consensus_1
CCTTTCTGTGGAAAGA-1,True,CCTTTCTGTGGAAAGA-1_contig_1,True,505,TRA,TRAV1-2,None,TRAJ33,TRAC,True,True,CAATDSNYQLIW,TGTGCTGCGACTGATAGCAACTATCAGTTAATCTGG,1681,6,clonotype1,clonotype1_consensus_2
CCTTTCTGTGGAAAGA-1,True,CCTTTCTGTGGAAAGA-1_contig_2,True,521,TRB,TRBV20-1,None,TRBJ2-1,TRBC2,True,True,CSARVGSEVNEQFF,TGCAGTGCTAGAGTGGGGTCGGAAGTCAATGAGCAGTTCTTC,714,5,clonotype1,clonotype1_consensus_1
CCTTTCTTCAAGGTAA-1,True,CCTTTCTTCAAGGTAA-1_contig_1,True,518,TRB,TRBV20-1,None,TRBJ2-7,TRBC2,True,True,CSASTGSSYEQYF,TGCAGTGCTAGTACAGGGAGCTCCTACGAGCAGTACTTC,2793,4,clonotype282,clonotype282_consensus_1
CCTTTCTTCAAGGTAA-1,True,CCTTTCTTCAAGGTAA-1_contig_2,True,479,TRA,TRAV21,None,TRAJ37,TRAC,True,True,CAVSNTGKLIF,TGTGCTGTGAGCAACACAGGCAAACTAATCTTT,8267,7,clonotype282,clonotype282_consensus_2
CCTTTCTTCAAGGTAA-1,True,CCTTTCTTCAAGGTAA-1_contig_3,True,335,TRB,None,None,TRBJ1-6,TRBC1,False,False,None,None,915,1,clonotype282,None
CCTTTCTTCACCATAG-1,True,CCTTTCTTCACCATAG-1_contig_1,True,521,TRB,TRBV20-1,None,TRBJ2-1,TRBC2,True,True,CSARVGSEVNEQFF,TGCAGTGCTAGAGTGGGGTCGGAAGTCAATGAGCAGTTCTTC,1162,10,clonotype2,clonotype2_consensus_1
CCTTTCTTCCTTGCCA-1,True,CCTTTCTTCCTTGCCA-1_contig_1,True,515,TRB,TRBV20-1,None,TRBJ2-3,TRBC2,True,True,CSAREATDTQYF,TGCAGTGCTAGAGAGGCCACAGATACGCAGTATTTT,1651,16,clonotype1625,clonotype1625_consensus_1
CCTTTCTTCCTTGCCA-1,True,CCTTTCTTCCTTGCCA-1_contig_2,True,726,TRA,TRAV5,None,TRAJ11,TRAC,True,False,CAEQESGYSTLTF,TGTGCAGAGCAGGAATCAGGATACAGCACCCTCACCTTT,125,2,clonotype1625,None
CCTTTCTTCGGTGTTA-1,True,CCTTTCTTCGGTGTTA-1_contig_1,True,539,TRB,TRBV20-1,None,TRBJ1-5,TRBC1,True,True,CSARENSPYQGQGINQPQHF,TGCAGTGCTAGGGAAAACTCACCGTATCAGGGACAGGGTATCAATCAGCCCCAGCATTTT,102,3,clonotype1626,clonotype1626_consensus_1
CCTTTCTTCGGTGTTA-1,True,CCTTTCTTCGGTGTTA-1_contig_2,True,526,TRA,TRAV14/DV4,None,TRAJ53,TRAC,True,True,CAMRVSGGSNYKLTF,TGTGCAATGAGAGTTAGTGGAGGTAGCAACTATAAACTGACATTT,121,3,clonotype1626,clonotype1626_consensus_2
CCTTTCTTCGGTGTTA-1,True,CCTTTCTTCGGTGTTA-1_contig_3,True,449,TRA,TRAV9-2,None,TRAJ52,TRAC,True,True,CWAGGTSYGKLTF,TGCTGGGCTGGTGGTACTAGCTATGGAAAGCTGACATTT,118,1,clonotype1626,clonotype1626_consensus_3
CCTTTCTTCTGTTTGT-1,True,CCTTTCTTCTGTTTGT-1_contig_1,True,502,TRB,TRBV20-1,None,TRBJ2-1,TRBC2,True,True,CSARVGSEVNEQFF,TGCAGTGCTAGAGTGGGGTCGGAAGTCAATGAGCAGTTCTTC,386,3,clonotype2,clonotype2_consensus_1
CCTTTCTTCTTTACAC-1,True,CCTTTCTTCTTTACAC-1_contig_1,True,505,TRA,TRAV1-2,None,TRAJ33,TRAC,True,True,CAATDSNYQLIW,TGTGCTGCGACTGATAGCAACTATCAGTTAATCTGG,256,1,clonotype1,clonotype1_consensus_2
CCTTTCTTCTTTACAC-1,True,CCTTTCTTCTTTACAC-1_contig_2,True,521,TRB,TRBV20-1,None,TRBJ2-1,TRBC2,True,True,CSARVGSEVNEQFF,TGCAGTGCTAGAGTGGGGTCGGAAGTCAATGAGCAGTTCTTC,2248,7,clonotype1,clonotype1_consensus_1
CGAACATAGAGTAATC-1,True,CGAACATAGAGTAATC-1_contig_1,True,521,TRB,TRBV20-1,None,TRBJ2-1,TRBC2,True,True,CSARVGSEVNEQFF,TGCAGTGCTAGAGTGGGGTCGGAAGTCAATGAGCAGTTCTTC,914,16,clonotype2,clonotype2_consensus_1
CGAACATAGTACGCGA-1,True,CGAACATAGTACGCGA-1_contig_1,True,547,TRA,TRAV12-2,None,TRAJ22,TRAC,True,True,CAVKAPGSARQLTF,TGTGCCGTGAAGGCACCCGGTTCTGCAAGGCAACTGACCTTT,839,2,clonotype1627,clonotype1627_consensus_2
CGAACATAGTACGCGA-1,True,CGAACATAGTACGCGA-1_contig_2,True,524,TRB,TRBV20-1,None,TRBJ2-7,TRBC2,True,True,CSAPRLAGHSYEQYF,TGCAGTGCTCCCCGACTAGCGGGGCACTCCTACGAGCAGTACTTC,3257,14,clonotype1627,clonotype1627_consensus_1
CGAACATAGTACGCGA-1,True,CGAACATAGTACGCGA-1_contig_3,True,519,TRA,TRAV21,None,TRAJ22,TRAC,True,True,CAAVSGSARQLTF,TGTGCTGCAGTTTCTGGTTCTGCAAGGCAACTGACCTTT,1621,10,clonotype1627,clonotype1627_consensus_3
CGAACATAGTAGGTGC-1,True,CGAACATAGTAGGTGC-1_contig_1,True,505,TRA,TRAV1-2,None,TRAJ33,TRAC,True,True,CAATDSNYQLIW,TGTGCTGCGACTGATAGCAACTATCAGTTAATCTGG,286,3,clonotype1,clonotype1_consensus_2
CGAACATAGTAGGTGC-1,True,CGAACATAGTAGGTGC-1_contig_2,True,521,TRB,TRBV20-1,None,TRBJ2-1,TRBC2,True,True,CSARVGSEVNEQFF,TGCAGTGCTAGAGTGGGGTCGGAAGTCAATGAGCAGTTCTTC,794,7,clonotype1,clonotype1_consensus_1
CGAACATAGTCATCCA-1,True,CGAACATAGTCATCCA-1_contig_1,True,511,TRA,TRAV20,None,TRAJ40,TRAC,True,True,CAAGGSTSGTYKYIF,TGTGCTGCGGGGGGGTCTACCTCAGGAACCTACAAATACATCTTT,756,2,clonotype1628,clonotype1628_consensus_1
CGAACATAGTCATCCA-1,True,CGAACATAGTCATCCA-1_contig_2,True,497,TRA,TRAV35,None,TRAJ52,TRAC,True,True,CAGQPGNAGGTSYGKLTF,TGTGCTGGGCAGCCCGGCAATGCTGGTGGTACTAGCTATGGAAAGCTGACATTT,433,2,clonotype1628,clonotype1628_consensus_2
CGAACATAGTCATCCA-1,True,CGAACATAGTCATCCA-1_contig_3,True,663,TRB,TRBV5-6,None,TRBJ2-2,TRBC2,True,True,CASSLNGGGFGELFF,TGTGCCAGCAGCTTGAATGGAGGGGGGTTCGGGGAGCTGTTTTTT,3596,9,clonotype1628,clonotype1628_consensus_3
CGAACATAGTCATGCT-1,True,CGAACATAGTCATGCT-1_contig_1,True,505,TRA,TRAV1-2,None,TRAJ33,TRAC,True,True,CAATDSNYQLIW,TGTGCTGCGACTGATAGCAACTATCAGTTAATCTGG,310,2,clonotype1,clonotype1_consensus_2
CGAACATAGTCATGCT-1,True,CGAACATAGTCATGCT-1_contig_2,True,521,TRB,TRBV20-1,None,TRBJ2-1,TRBC2,True,True,CSARVGSEVNEQFF,TGCAGTGCTAGAGTGGGGTCGGAAGTCAATGAGCAGTTCTTC,4591,13,clonotype1,clonotype1_consensus_1
CGAACATAGTGGTCCC-1,True,CGAACATAGTGGTCCC-1_contig_1,True,521,TRB,TRBV20-1,None,TRBJ2-1,TRBC2,True,True,CSARVGSEVNEQFF,TGCAGTGCTAGAGTGGGGTCGGAAGTCAATGAGCAGTTCTTC,7430,6,clonotype2,clonotype2_consensus_1
CGAACATAGTGTCCCG-1,True,CGAACATAGTGTCCCG-1_contig_1,True,505,TRA,TRAV1-2,None,TRAJ33,TRAC,True,True,CAATDSNYQLIW,TGTGCTGCGACTGATAGCAACTATCAGTTAATCTGG,720,5,clonotype1,clonotype1_consensus_2
CGAACATAGTGTCCCG-1,True,CGAACATAGTGTCCCG-1_contig_2,True,521,TRB,TRBV20-1,None,TRBJ2-1,TRBC2,True,True,CSARVGSEVNEQFF,TGCAGTGCTAGAGTGGGGTCGGAAGTCAATGAGCAGTTCTTC,3935,19,clonotype1,clonotype1_consensus_1
CGAACATAGTGTCCCG-1,True,CGAACATAGTGTCCCG-1_contig_3,True,482,TRA,TRAV10,None,TRAJ24,TRAC,True,False,None,None,780,5,clonotype1,None
CGAACATCAAGTACCT-1,True,CGAACATCAAGTACCT-1_contig_1,True,521,TRB,TRBV20-1,None,TRBJ2-1,TRBC2,True,True,CSARVGSEVNEQFF,TGCAGTGCTAGAGTGGGGTCGGAAGTCAATGAGCAGTTCTTC,951,6,clonotype2,clonotype2_consensus_1
CGAACATCAGCCTTTC-1,True,CGAACATCAGCCTTTC-1_contig_1,True,505,TRA,TRAV1-2,None,TRAJ33,TRAC,True,True,CAATDSNYQLIW,TGTGCTGCGACTGATAGCAACTATCAGTTAATCTGG,716,2,clonotype1,clonotype1_consensus_2
CGAACATCAGCCTTTC-1,True,CGAACATCAGCCTTTC-1_contig_2,True,521,TRB,TRBV20-1,None,TRBJ2-1,TRBC2,True,True,CSARVGSEVNEQFF,TGCAGTGCTAGAGTGGGGTCGGAAGTCAATGAGCAGTTCTTC,1641,7,clonotype1,clonotype1_consensus_1
CGAACATCAGGTCCAC-1,True,CGAACATCAGGTCCAC-1_contig_1,True,521,TRB,TRBV20-1,None,TRBJ2-1,TRBC2,True,True,CSARVGSEVNEQFF,TGCAGTGCTAGAGTGGGGTCGGAAGTCAATGAGCAGTTCTTC,1796,7,clonotype2,clonotype2_consensus_1
CGAACATCAGGTCCAC-1,True,CGAACATCAGGTCCAC-1_contig_2,True,473,TRA,TRAV10,None,TRAJ24,TRAC,True,False,None,None,994,2,clonotype2,None
CGAACATCATACGCTA-1,True,CGAACATCATACGCTA-1_contig_1,True,498,TRB,TRBV20-1,None,TRBJ2-1,TRBC2,True,True,CSARVGSEVNEQFF,TGCAGTGCTAGAGTGGGGTCGGAAGTCAATGAGCAGTTCTTC,2300,7,clonotype2,clonotype2_consensus_1
CGAACATCATCTACGA-1,True,CGAACATCATCTACGA-1_contig_1,True,506,TRA,TRAV17,None,TRAJ54,TRAC,True,True,CATGPIQGAQKLVF,TGTGCTACGGGGCCTATTCAGGGAGCCCAGAAGCTGGTATTT,5749,2,clonotype181,clonotype181_consensus_1
CGAACATCATCTACGA-1,True,CGAACATCATCTACGA-1_contig_2,True,526,TRB,TRBV20-1,None,TRBJ1-5,TRBC1,True,True,CSARDRYRGPDSNQPQHF,TGCAGTGCTAGAGATCGATACAGGGGGCCCGATAGCAATCAGCCCCAGCATTTT,971,3,clonotype181,clonotype181_consensus_3
CGAACATCATCTACGA-1,True,CGAACATCATCTACGA-1_contig_3,True,492,TRA,TRAV21,None,TRAJ52,TRAC,True,True,CAVGDAGGTSYGKLTF,TGTGCTGTGGGTGATGCTGGTGGTACTAGCTATGGAAAGCTGACATTT,936,4,clonotype181,clonotype181_consensus_2
CGAACATCATCTACGA-1,True,CGAACATCATCTACGA-1_contig_4,True,383,TRB,None,None,TRBJ1-2,TRBC1,False,False,None,None,595,5,clonotype181,None
CGAACATGTATAGTAG-1,True,CGAACATGTATAGTAG-1_contig_1,True,452,TRA,TRAV9-2,None,TRAJ13,TRAC,True,True,CALNLEGYQKVTF,TGTGCTCTGAACTTAGAGGGTTACCAGAAAGTTACCTTT,595,3,clonotype6,clonotype6_consensus_1
CGAACATGTATAGTAG-1,True,CGAACATGTATAGTAG-1_contig_2,True,493,TRB,TRBV5-6,None,TRBJ1-5,TRBC1,True,True,CASSFRGGANQPQHF,TGTGCCAGCAGCTTTCGAGGGGGCGCGAATCAGCCCCAGCATTTT,5416,12,clonotype6,clonotype6_consensus_2
CGAACATGTCCCGACA-1,True,CGAACATGTCCCGACA-1_contig_1,True,521,TRB,TRBV20-1,None,TRBJ2-1,TRBC2,True,True,CSARVGSEVNEQFF,TGCAGTGCTAGAGTGGGGTCGGAAGTCAATGAGCAGTTCTTC,2657,9,clonotype2,clonotype2_consensus_1
CGAACATGTCCCGACA-1,True,CGAACATGTCCCGACA-1_contig_2,True,482,TRA,TRAV10,None,TRAJ24,TRAC,True,False,None,None,713,3,clonotype2,None
CGAACATGTCGCGGTT-1,True,CGAACATGTCGCGGTT-1_contig_1,True,521,TRB,TRBV20-1,None,TRBJ2-1,TRBC2,True,True,CSARVGSEVNEQFF,TGCAGTGCTAGAGTGGGGTCGGAAGTCAATGAGCAGTTCTTC,800,6,clonotype2,clonotype2_consensus_1
CGAACATGTCGCGGTT-1,True,CGAACATGTCGCGGTT-1_contig_2,True,465,TRA,TRAV10,None,TRAJ24,TRAC,True,False,None,None,435,1,clonotype2,None
CGAACATGTTACCAGT-1,True,CGAACATGTTACCAGT-1_contig_1,True,505,TRA,TRAV1-2,None,TRAJ33,TRAC,True,True,CAATDSNYQLIW,TGTGCTGCGACTGATAGCAACTATCAGTTAATCTGG,4249,2,clonotype1,clonotype1_consensus_2
CGAACATGTTACCAGT-1,True,CGAACATGTTACCAGT-1_contig_2,True,451,TRB,TRBV20-1,None,TRBJ2-1,TRBC2,True,True,CSARVGSEVNEQFF,TGCAGTGCTAGAGTGGGGTCGGAAGTCAATGAGCAGTTCTTC,3752,9,clonotype1,clonotype1_consensus_1
CGAACATTCAGAGGTG-1,True,CGAACATTCAGAGGTG-1_contig_1,True,505,TRA,TRAV1-2,None,TRAJ33,TRAC,True,True,CAATDSNYQLIW,TGTGCTGCGACTGATAGCAACTATCAGTTAATCTGG,496,5,clonotype1,clonotype1_consensus_2
CGAACATTCAGAGGTG-1,True,CGAACATTCAGAGGTG-1_contig_2,True,498,TRB,TRBV20-1,None,TRBJ2-1,TRBC2,True,True,CSARVGSEVNEQFF,TGCAGTGCTAGAGTGGGGTCGGAAGTCAATGAGCAGTTCTTC,1046,10,clonotype1,clonotype1_consensus_1
CGAACATTCAGAGGTG-1,True,CGAACATTCAGAGGTG-1_contig_3,True,336,TRB,None,None,TRBJ1-6,TRBC1,False,False,None,None,902,2,clonotype1,None
CGAACATTCATTGCCC-1,True,CGAACATTCATTGCCC-1_contig_1,True,492,TRA,TRAV38-1,None,TRAJ31,TRAC,True,True,CAFKDARLMF,TGTGCTTTCAAGGATGCCAGACTCATGTTT,287,2,clonotype1629,clonotype1629_consensus_2
CGAACATTCATTGCCC-1,True,CGAACATTCATTGCCC-1_contig_2,True,527,TRB,TRBV20-1,None,TRBJ1-3,TRBC1,True,True,CSASSAGQFSGNTIYF,TGCAGTGCTAGTTCAGCAGGCCAGTTCTCTGGAAACACCATATATTTT,2300,11,clonotype1629,clonotype1629_consensus_1
CGAACATTCCAAGTAC-1,True,CGAACATTCCAAGTAC-1_contig_1,True,505,TRA,TRAV1-2,None,TRAJ33,TRAC,True,True,CAATDSNYQLIW,TGTGCTGCGACTGATAGCAACTATCAGTTAATCTGG,733,7,clonotype1,clonotype1_consensus_2
CGAACATTCCAAGTAC-1,True,CGAACATTCCAAGTAC-1_contig_2,True,498,TRB,TRBV20-1,None,TRBJ2-1,TRBC2,True,True,CSARVGSEVNEQFF,TGCAGTGCTAGAGTGGGGTCGGAAGTCAATGAGCAGTTCTTC,3345,18,clonotype1,clonotype1_consensus_1
CGAACATTCGCCGTGA-1,True,CGAACATTCGCCGTGA-1_contig_1,True,460,TRA,TRAV4,None,TRAJ9,TRAC,True,True,CLVGDPNTGGFKTIF,TGCCTCGTGGGTGATCCTAATACTGGAGGCTTCAAAACTATCTTT,318,2,clonotype23,clonotype23_consensus_2
CGAACATTCGCCGTGA-1,True,CGAACATTCGCCGTGA-1_contig_2,True,521,TRB,TRBV20-1,None,TRBJ1-1,TRBC1,True,True,CSAGGRGSRTEAFF,TGCAGTGCTGGGGGGAGAGGGTCAAGGACTGAAGCTTTCTTT,794,4,clonotype23,clonotype23_consensus_1
CGAACATTCGCCGTGA-1,True,CGAACATTCGCCGTGA-1_contig_3,True,340,TRB,None,None,TRBJ1-5,TRBC1,False,False,None,None,1785,5,clonotype23,None
CGAACATTCGGTTCGG-1,True,CGAACATTCGGTTCGG-1_contig_1,True,524,TRB,TRBV20-1,None,TRBJ1-5,TRBC1,True,True,CSVVEGGANNQPQHF,TGCAGTGTGGTCGAAGGGGGGGCTAACAATCAGCCCCAGCATTTT,719,3,clonotype1630,clonotype1630_consensus_1
CGAACATTCGTAGGAG-1,True,CGAACATTCGTAGGAG-1_contig_1,True,505,TRA,TRAV1-2,None,TRAJ33,TRAC,True,True,CAATDSNYQLIW,TGTGCTGCGACTGATAGCAACTATCAGTTAATCTGG,2575,2,clonotype1,clonotype1_consensus_2
CGAACATTCGTAGGAG-1,True,CGAACATTCGTAGGAG-1_contig_2,True,498,TRB,TRBV20-1,None,TRBJ2-1,TRBC2,True,True,CSARVGSEVNEQFF,TGCAGTGCTAGAGTGGGGTCGGAAGTCAATGAGCAGTTCTTC,4497,13,clonotype1,clonotype1_consensus_1
CGAATGTAGACCTAGG-1,True,CGAATGTAGACCTAGG-1_contig_1,True,686,TRA,TRAV8-3,None,TRAJ45,TRAC,True,True,CAVGPYSGGGADGLTF,TGTGCTGTGGGCCCGTATTCAGGAGGAGGTGCTGACGGACTCACCTTT,475,4,clonotype1631,clonotype1631_consensus_1
CGAATGTAGACCTAGG-1,True,CGAATGTAGACCTAGG-1_contig_2,True,513,TRB,TRBV5-5,None,TRBJ2-7,TRBC2,True,True,CASSLEGAGGLEQYF,TGTGCCAGCAGCTTGGAGGGGGCGGGGGGGCTCGAGCAGTACTTC,1692,7,clonotype1631,clonotype1631_consensus_2
CGAATGTAGAGTCTGG-1,True,CGAATGTAGAGTCTGG-1_contig_1,True,498,TRB,TRBV20-1,None,TRBJ2-6,TRBC2,True,True,CSARLVPGANVLTF,TGCAGTGCTAGATTGGTACCTGGGGCCAACGTCCTGACTTTC,9264,26,clonotype1632,clonotype1632_consensus_1
CGAATGTAGAGTCTGG-1,True,CGAATGTAGAGTCTGG-1_contig_2,True,568,TRA,TRAV29/DV5,None,TRAJ30,TRAC,True,True,CAASKNRDDKIIF,TGTGCAGCAAGTAAGAACAGAGATGACAAGATCATCTTT,1335,6,clonotype1632,clonotype1632_consensus_2
CGAATGTAGATATGCA-1,True,CGAATGTAGATATGCA-1_contig_1,True,505,TRA,TRAV1-2,None,TRAJ33,TRAC,True,True,CAATDSNYQLIW,TGTGCTGCGACTGATAGCAACTATCAGTTAATCTGG,423,4,clonotype1,clonotype1_consensus_2
CGAATGTAGATATGCA-1,True,CGAATGTAGATATGCA-1_contig_2,True,497,TRB,TRBV20-1,None,TRBJ2-1,TRBC2,True,True,CSARVGSEVNEQFF,TGCAGTGCTAGAGTGGGGTCGGAAGTCAATGAGCAGTTCTTC,559,12,clonotype1,clonotype1_consensus_1
CGAATGTAGATATGCA-1,True,CGAATGTAGATATGCA-1_contig_3,True,459,TRA,TRAV10,None,TRAJ24,TRAC,True,False,None,None,645,3,clonotype1,None
CGAATGTAGCGATCCC-1,True,CGAATGTAGCGATCCC-1_contig_1,True,462,TRA,TRAV13-1,None,TRAJ10,TRAC,True,True,CAAKRTGGGNKLTF,TGTGCAGCAAAACGAACGGGAGGAGGAAACAAACTCACCTTT,605,2,clonotype1633,clonotype1633_consensus_3
CGAATGTAGCGATCCC-1,True,CGAATGTAGCGATCCC-1_contig_2,True,521,TRB,TRBV20-1,None,TRBJ1-1,TRBC1,True,True,CSAPDWTANTEAFF,TGCAGTGCTCCCGACTGGACAGCCAACACTGAAGCTTTCTTT,1355,5,clonotype1633,clonotype1633_consensus_2
CGAATGTAGCGATCCC-1,True,CGAATGTAGCGATCCC-1_contig_3,True,485,TRA,TRAV4,None,TRAJ35,TRAC,True,True,CLVGDRGFGNVLHC,TGCCTCGTGGGTGACAGGGGCTTTGGGAATGTGCTGCATTGC,127,3,clonotype1633,clonotype1633_consensus_1
CGAATGTAGCTGTCTA-1,True,CGAATGTAGCTGTCTA-1_contig_1,True,527,TRB,TRBV20-1,None,TRBJ1-1,TRBC1,True,True,CSARDNHGTGEREAFF,TGCAGTGCTAGAGATAATCATGGGACAGGGGAAAGGGAAGCTTTCTTT,1625,11,clonotype1634,clonotype1634_consensus_1
CGAATGTAGGCATGTG-1,True,CGAATGTAGGCATGTG-1_contig_1,True,515,TRB,TRBV20-1,None,TRBJ1-6,TRBC1,True,True,CSVAGQGVSPLHF,TGCAGTGTAGCCGGACAGGGTGTCTCACCCCTCCACTTT,2328,9,clonotype1635,clonotype1635_consensus_1
CGAATGTAGTCTCGGC-1,True,CGAATGTAGTCTCGGC-1_contig_1,True,484,TRA,TRAV36/DV7,None,TRAJ57,TRAC,True,True,CAVVEGGSEKLVF,TGTGCTGTGGTCGAGGGCGGATCTGAAAAGCTGGTCTTT,582,4,clonotype1636,clonotype1636_consensus_1
CGAATGTAGTCTCGGC-1,True,CGAATGTAGTCTCGGC-1_contig_2,True,504,TRB,TRBV20-1,None,TRBJ2-3,TRBC2,True,True,CSAPNKVAGVRDTQYF,TGCAGTGCCCCCAACAAGGTAGCGGGGGTTCGGGATACGCAGTATTTT,4281,16,clonotype1636,clonotype1636_consensus_2
CGAATGTCAATCCGAT-1,True,CGAATGTCAATCCGAT-1_contig_1,True,505,TRA,TRAV1-2,None,TRAJ33,TRAC,True,True,CAATDSNYQLIW,TGTGCTGCGACTGATAGCAACTATCAGTTAATCTGG,650,2,clonotype1,clonotype1_consensus_2
CGAATGTCAATCCGAT-1,True,CGAATGTCAATCCGAT-1_contig_2,True,521,TRB,TRBV20-1,None,TRBJ2-1,TRBC2,True,True,CSARVGSEVNEQFF,TGCAGTGCTAGAGTGGGGTCGGAAGTCAATGAGCAGTTCTTC,1209,8,clonotype1,clonotype1_consensus_1
CGAATGTCAATCCGAT-1,True,CGAATGTCAATCCGAT-1_contig_3,True,459,TRA,TRAV10,None,TRAJ24,TRAC,True,False,None,None,423,3,clonotype1,None
CGAATGTCACGGTAAG-1,True,CGAATGTCACGGTAAG-1_contig_1,True,505,TRA,TRAV1-2,None,TRAJ33,TRAC,True,True,CAATDSNYQLIW,TGTGCTGCGACTGATAGCAACTATCAGTTAATCTGG,414,4,clonotype1,clonotype1_consensus_2
CGAATGTCACGGTAAG-1,True,CGAATGTCACGGTAAG-1_contig_2,True,498,TRB,TRBV20-1,None,TRBJ2-1,TRBC2,True,True,CSARVGSEVNEQFF,TGCAGTGCTAGAGTGGGGTCGGAAGTCAATGAGCAGTTCTTC,1421,6,clonotype1,clonotype1_consensus_1
CGAATGTCACGGTAAG-1,True,CGAATGTCACGGTAAG-1_contig_3,True,445,TRA,TRAV10,None,TRAJ24,TRAC,True,False,None,None,261,1,clonotype1,None
CGAATGTCAGCTGCAC-1,True,CGAATGTCAGCTGCAC-1_contig_1,True,571,TRA,TRAV8-1,None,TRAJ29,TRAC,True,True,CAVNGLGNTPLVF,TGTGCCGTGAATGGATTAGGAAACACACCTCTTGTCTTT,196,2,clonotype1637,clonotype1637_consensus_1
CGAATGTCATGCGCAC-1,True,CGAATGTCATGCGCAC-1_contig_1,True,515,TRA,TRAV13-2,None,TRAJ28,TRAC,True,True,CAENGSGAGSYQLTF,TGTGCAGAGAATGGGTCTGGGGCTGGGAGTTACCAACTCACTTTC,453,5,clonotype1638,clonotype1638_consensus_1
CGAATGTCATGCGCAC-1,True,CGAATGTCATGCGCAC-1_contig_2,True,478,TRB,TRBV5-6,None,TRBJ2-7,TRBC2,True,True,CASSPSGGSYEQYF,TGTGCCAGCAGTCCCAGCGGGGGCTCCTACGAGCAGTACTTC,1548,7,clonotype1638,clonotype1638_consensus_2
CGAATGTGTCATCGGC-1,True,CGAATGTGTCATCGGC-1_contig_1,True,498,TRB,TRBV20-1,None,TRBJ2-1,TRBC2,True,True,CSARVGSEVNEQFF,TGCAGTGCTAGAGTGGGGTCGGAAGTCAATGAGCAGTTCTTC,2245,6,clonotype2,clonotype2_consensus_1
CGAATGTGTCGAATCT-1,True,CGAATGTGTCGAATCT-1_contig_1,True,498,TRB,TRBV20-1,None,TRBJ2-1,TRBC2,True,True,CSARVGSEVNEQFF,TGCAGTGCTAGAGTGGGGTCGGAAGTCAATGAGCAGTTCTTC,1279,7,clonotype2,clonotype2_consensus_1
CGAATGTGTCGAATCT-1,True,CGAATGTGTCGAATCT-1_contig_2,True,459,TRA,TRAV10,None,TRAJ24,TRAC,True,False,None,None,128,1,clonotype2,None
CGAATGTGTCTCAACA-1,True,CGAATGTGTCTCAACA-1_contig_1,True,505,TRA,TRAV1-2,None,TRAJ33,TRAC,True,True,CAATDSNYQLIW,TGTGCTGCGACTGATAGCAACTATCAGTTAATCTGG,71,2,clonotype1,clonotype1_consensus_2
CGAATGTGTCTCAACA-1,True,CGAATGTGTCTCAACA-1_contig_2,True,498,TRB,TRBV20-1,None,TRBJ2-1,TRBC2,True,True,CSARVGSEVNEQFF,TGCAGTGCTAGAGTGGGGTCGGAAGTCAATGAGCAGTTCTTC,3628,10,clonotype1,clonotype1_consensus_1
CGAATGTGTGATGCCC-1,True,CGAATGTGTGATGCCC-1_contig_1,True,505,TRA,TRAV1-2,None,TRAJ33,TRAC,True,True,CAATDSNYQLIW,TGTGCTGCGACTGATAGCAACTATCAGTTAATCTGG,600,5,clonotype1,clonotype1_consensus_2
CGAATGTGTGATGCCC-1,True,CGAATGTGTGATGCCC-1_contig_2,True,521,TRB,TRBV20-1,None,TRBJ2-1,TRBC2,True,True,CSARVGSEVNEQFF,TGCAGTGCTAGAGTGGGGTCGGAAGTCAATGAGCAGTTCTTC,1668,5,clonotype1,clonotype1_consensus_1
CGAATGTGTTCGGCAC-1,True,CGAATGTGTTCGGCAC-1_contig_1,True,521,TRB,TRBV20-1,None,TRBJ2-1,TRBC2,True,True,CSARVGSEVNEQFF,TGCAGTGCTAGAGTGGGGTCGGAAGTCAATGAGCAGTTCTTC,8390,6,clonotype2,clonotype2_consensus_1
CGAATGTTCAAACAAG-1,True,CGAATGTTCAAACAAG-1_contig_1,True,505,TRA,TRAV1-2,None,TRAJ33,TRAC,True,True,CAATDSNYQLIW,TGTGCTGCGACTGATAGCAACTATCAGTTAATCTGG,497,5,clonotype1,clonotype1_consensus_2
CGAATGTTCAAACAAG-1,True,CGAATGTTCAAACAAG-1_contig_2,True,521,TRB,TRBV20-1,None,TRBJ2-1,TRBC2,True,True,CSARVGSEVNEQFF,TGCAGTGCTAGAGTGGGGTCGGAAGTCAATGAGCAGTTCTTC,1278,8,clonotype1,clonotype1_consensus_1
CGAATGTTCCCATTTA-1,True,CGAATGTTCCCATTTA-1_contig_1,True,495,TRB,TRBV20-1,None,TRBJ1-2,TRBC1,True,True,CSREMEGTYGYTF,TGCAGTCGAGAGATGGAGGGCACCTATGGCTACACCTTC,1234,8,clonotype1639,clonotype1639_consensus_2
CGAATGTTCCCATTTA-1,True,CGAATGTTCCCATTTA-1_contig_2,True,547,TRA,TRAV12-2,None,TRAJ6,TRAC,True,True,CAVGGSGGSYIPTF,TGTGCCGTGGGTGGGTCAGGAGGAAGCTACATACCTACATTT,2375,9,clonotype1639,clonotype1639_consensus_1
CGAATGTTCCTAGAAC-1,True,CGAATGTTCCTAGAAC-1_contig_1,True,485,TRB,TRBV20-1,None,TRBJ2-1,TRBC2,True,True,CSARVGSEVNEQFF,TGCAGTGCTAGAGTGGGGTCGGAAGTCAATGAGCAGTTCTTC,1622,5,clonotype2,clonotype2_consensus_1
CGAATGTTCTCTTGAT-1,True,CGAATGTTCTCTTGAT-1_contig_1,True,505,TRA,TRAV1-2,None,TRAJ33,TRAC,True,True,CAATDSNYQLIW,TGTGCTGCGACTGATAGCAACTATCAGTTAATCTGG,416,3,clonotype1,clonotype1_consensus_2
CGAATGTTCTCTTGAT-1,True,CGAATGTTCTCTTGAT-1_contig_2,True,485,TRB,TRBV20-1,None,TRBJ2-1,TRBC2,True,True,CSARVGSEVNEQFF,TGCAGTGCTAGAGTGGGGTCGGAAGTCAATGAGCAGTTCTTC,1050,6,clonotype1,clonotype1_consensus_1
CGACCTTAGATGGCGT-1,True,CGACCTTAGATGGCGT-1_contig_1,True,489,TRA,TRAV9-2,None,TRAJ13,TRAC,True,True,CALKDSGGYQKVTF,TGTGCTCTGAAAGATTCTGGGGGTTACCAGAAAGTTACCTTT,399,2,clonotype241,clonotype241_consensus_2
CGACCTTAGATGGCGT-1,True,CGACCTTAGATGGCGT-1_contig_2,True,524,TRB,TRBV20-1,None,TRBJ2-3,TRBC2,True,True,CSAELKRGNTDTQYF,TGCAGTGCAGAACTAAAGCGGGGGAACACAGATACGCAGTATTTT,882,6,clonotype241,clonotype241_consensus_1
CGACCTTAGCAGATCG-1,True,CGACCTTAGCAGATCG-1_contig_1,True,505,TRA,TRAV1-2,None,TRAJ33,TRAC,True,True,CAATDSNYQLIW,TGTGCTGCGACTGATAGCAACTATCAGTTAATCTGG,1775,8,clonotype1,clonotype1_consensus_2
CGACCTTAGCAGATCG-1,True,CGACCTTAGCAGATCG-1_contig_2,True,495,TRB,TRBV20-1,None,TRBJ2-1,TRBC2,True,True,CSARVGSEVNEQFF,TGCAGTGCTAGAGTGGGGTCGGAAGTCAATGAGCAGTTCTTC,1371,6,clonotype1,clonotype1_consensus_1
CGACCTTAGCATCATC-1,True,CGACCTTAGCATCATC-1_contig_1,True,505,TRA,TRAV1-2,None,TRAJ33,TRAC,True,True,CAATDSNYQLIW,TGTGCTGCGACTGATAGCAACTATCAGTTAATCTGG,111,6,clonotype1,clonotype1_consensus_2
CGACCTTAGCATCATC-1,True,CGACCTTAGCATCATC-1_contig_2,True,521,TRB,TRBV20-1,None,TRBJ2-1,TRBC2,True,True,CSARVGSEVNEQFF,TGCAGTGCTAGAGTGGGGTCGGAAGTCAATGAGCAGTTCTTC,1904,9,clonotype1,clonotype1_consensus_1
CGACCTTAGGGCTTCC-1,True,CGACCTTAGGGCTTCC-1_contig_1,True,515,TRA,TRAV13-2,None,TRAJ10,TRAC,True,True,CAENGVTGGGNKLTF,TGTGCAGAGAATGGGGTCACGGGAGGAGGAAACAAACTCACCTTT,396,7,clonotype266,clonotype266_consensus_1
CGACCTTAGGGCTTCC-1,True,CGACCTTAGGGCTTCC-1_contig_2,True,493,TRB,TRBV5-6,None,TRBJ1-2,TRBC1,True,True,CASSLLSGQGYGYTF,TGTGCCAGCAGCTTGCTCTCGGGACAGGGTTATGGCTACACCTTC,1258,6,clonotype266,clonotype266_consensus_2
CGACCTTAGGGCTTCC-1,True,CGACCTTAGGGCTTCC-1_contig_3,True,302,TRB,None,None,TRBJ2-2,TRBC2,False,False,None,None,920,2,clonotype266,None
CGACCTTAGTATCGAA-1,True,CGACCTTAGTATCGAA-1_contig_1,True,507,TRB,TRBV20-1,None,TRBJ2-3,TRBC2,True,True,CSARVSAGRGLTDTQYF,TGCAGTGCTAGAGTCTCGGCGGGGCGGGGCCTCACAGATACGCAGTATTTT,551,6,clonotype82,clonotype82_consensus_1
CGACCTTCACGGCTAC-1,True,CGACCTTCACGGCTAC-1_contig_1,True,527,TRB,TRBV20-1,None,TRBJ2-7,TRBC2,True,True,CSARASRLVLSYEQYF,TGCAGTGCTAGAGCCTCACGGCTAGTACTTTCCTACGAGCAGTACTTC,1975,7,clonotype59,clonotype59_consensus_1
CGACCTTCATGGTAGG-1,True,CGACCTTCATGGTAGG-1_contig_1,True,485,TRB,TRBV20-1,None,TRBJ2-1,TRBC2,True,True,CSARVGSEVNEQFF,TGCAGTGCTAGAGTGGGGTCGGAAGTCAATGAGCAGTTCTTC,1326,5,clonotype2,clonotype2_consensus_1
CGACCTTCATTGCGGC-1,True,CGACCTTCATTGCGGC-1_contig_1,True,548,TRA,TRAV12-1,None,TRAJ41,TRAC,True,True,CVVNTGYALNF,TGTGTGGTGAACACCGGGTATGCACTCAACTTC,7519,1,clonotype1640,clonotype1640_consensus_2
CGACCTTCATTGCGGC-1,True,CGACCTTCATTGCGGC-1_contig_2,True,573,TRA,TRAV8-4,None,TRAJ58,TRAC,True,True,CAVSEFGTSGSRLTF,TGTGCTGTGAGTGAATTCGGAACCAGTGGCTCTAGGTTGACCTTT,1211,5,clonotype1640,clonotype1640_consensus_4
CGACCTTCATTGCGGC-1,True,CGACCTTCATTGCGGC-1_contig_3,True,527,TRB,TRBV20-1,None,TRBJ2-2,TRBC2,True,True,CSARLPQGENTGELFF,TGCAGTGCTAGACTCCCGCAGGGGGAGAACACCGGGGAGCTGTTTTTT,3635,13,clonotype1640,clonotype1640_consensus_1
CGACCTTCATTGCGGC-1,True,CGACCTTCATTGCGGC-1_contig_4,True,521,TRB,TRBV20-1,None,TRBJ2-7,TRBC2,True,True,CSANPGLATHEQYF,TGCAGTGCTAACCCGGGACTAGCAACCCACGAGCAGTACTTC,5689,17,clonotype1640,clonotype1640_consensus_3
CGACCTTGTAAGTTCC-1,True,CGACCTTGTAAGTTCC-1_contig_1,True,492,TRB,TRBV20-1,None,TRBJ1-2,TRBC1,True,True,CSAAPRTGVNGYTF,TGCAGTGCAGCCCCCAGGACAGGGGTAAATGGCTACACCTTC,2668,9,clonotype1641,clonotype1641_consensus_1
CGACCTTGTAAGTTCC-1,True,CGACCTTGTAAGTTCC-1_contig_2,True,772,TRA,TRAV8-3,None,TRAJ29,TRAC,True,True,CAVGAPYSGNTPLVF,TGTGCTGTGGGTGCGCCCTATTCAGGAAACACACCTCTTGTCTTT,636,4,clonotype1641,clonotype1641_consensus_2
CGACCTTGTAGCACGA-1,True,CGACCTTGTAGCACGA-1_contig_1,True,505,TRA,TRAV1-2,None,TRAJ33,TRAC,True,True,CAATDSNYQLIW,TGTGCTGCGACTGATAGCAACTATCAGTTAATCTGG,740,4,clonotype1,clonotype1_consensus_2
CGACCTTGTAGCACGA-1,True,CGACCTTGTAGCACGA-1_contig_2,True,521,TRB,TRBV20-1,None,TRBJ2-1,TRBC2,True,True,CSARVGSEVNEQFF,TGCAGTGCTAGAGTGGGGTCGGAAGTCAATGAGCAGTTCTTC,1840,11,clonotype1,clonotype1_consensus_1
CGACCTTGTCACTGGC-1,True,CGACCTTGTCACTGGC-1_contig_1,True,505,TRA,TRAV1-2,None,TRAJ33,TRAC,True,True,CAATDSNYQLIW,TGTGCTGCGACTGATAGCAACTATCAGTTAATCTGG,344,3,clonotype1,clonotype1_consensus_2
CGACCTTGTCACTGGC-1,True,CGACCTTGTCACTGGC-1_contig_2,True,521,TRB,TRBV20-1,None,TRBJ2-1,TRBC2,True,True,CSARVGSEVNEQFF,TGCAGTGCTAGAGTGGGGTCGGAAGTCAATGAGCAGTTCTTC,2042,16,clonotype1,clonotype1_consensus_1
CGACCTTGTCACTGGC-1,True,CGACCTTGTCACTGGC-1_contig_3,True,547,TRA,TRAV10,None,TRAJ24,TRAC,True,False,None,None,676,3,clonotype1,None
CGACCTTGTGGTGTAG-1,True,CGACCTTGTGGTGTAG-1_contig_1,True,505,TRA,TRAV1-2,None,TRAJ33,TRAC,True,True,CAATDSNYQLIW,TGTGCTGCGACTGATAGCAACTATCAGTTAATCTGG,75,5,clonotype1,clonotype1_consensus_2
CGACCTTGTGGTGTAG-1,True,CGACCTTGTGGTGTAG-1_contig_2,True,498,TRB,TRBV20-1,None,TRBJ2-1,TRBC2,True,True,CSARVGSEVNEQFF,TGCAGTGCTAGAGTGGGGTCGGAAGTCAATGAGCAGTTCTTC,1496,13,clonotype1,clonotype1_consensus_1
CGACCTTGTTCGGCAC-1,True,CGACCTTGTTCGGCAC-1_contig_1,True,505,TRA,TRAV1-2,None,TRAJ33,TRAC,True,True,CAATDSNYQLIW,TGTGCTGCGACTGATAGCAACTATCAGTTAATCTGG,297,6,clonotype1,clonotype1_consensus_2
CGACCTTGTTCGGCAC-1,True,CGACCTTGTTCGGCAC-1_contig_2,True,514,TRB,TRBV20-1,None,TRBJ2-1,TRBC2,True,True,CSARVGSEVNEQFF,TGCAGTGCTAGAGTGGGGTCGGAAGTCAATGAGCAGTTCTTC,1824,8,clonotype1,clonotype1_consensus_1
CGACCTTGTTGTCTTT-1,True,CGACCTTGTTGTCTTT-1_contig_1,True,505,TRA,TRAV1-2,None,TRAJ33,TRAC,True,True,CAATDSNYQLIW,TGTGCTGCGACTGATAGCAACTATCAGTTAATCTGG,107,5,clonotype1,clonotype1_consensus_2
CGACCTTGTTGTCTTT-1,True,CGACCTTGTTGTCTTT-1_contig_2,True,521,TRB,TRBV20-1,None,TRBJ2-1,TRBC2,True,True,CSARVGSEVNEQFF,TGCAGTGCTAGAGTGGGGTCGGAAGTCAATGAGCAGTTCTTC,1558,7,clonotype1,clonotype1_consensus_1
CGACCTTTCAGAGACG-1,True,CGACCTTTCAGAGACG-1_contig_1,True,505,TRA,TRAV1-2,None,TRAJ33,TRAC,True,True,CAATDSNYQLIW,TGTGCTGCGACTGATAGCAACTATCAGTTAATCTGG,1470,6,clonotype1,clonotype1_consensus_2
CGACCTTTCAGAGACG-1,True,CGACCTTTCAGAGACG-1_contig_2,True,498,TRB,TRBV20-1,None,TRBJ2-1,TRBC2,True,True,CSARVGSEVNEQFF,TGCAGTGCTAGAGTGGGGTCGGAAGTCAATGAGCAGTTCTTC,1097,10,clonotype1,clonotype1_consensus_1
CGACCTTTCAGAGACG-1,True,CGACCTTTCAGAGACG-1_contig_3,True,482,TRA,TRAV10,None,TRAJ24,TRAC,True,False,None,None,136,3,clonotype1,None
CGACCTTTCCACGACG-1,True,CGACCTTTCCACGACG-1_contig_1,True,680,TRA,TRAV8-3,None,TRAJ27,TRAC,True,True,CAVVKDTNAGKSTF,TGTGCTGTGGTTAAAGACACCAATGCAGGCAAATCAACCTTT,777,6,clonotype1642,clonotype1642_consensus_1
CGACCTTTCCACGACG-1,True,CGACCTTTCCACGACG-1_contig_2,True,482,TRB,TRBV21-1,None,TRBJ2-7,TRBC2,True,False,CASSKKRGGHDEQYF,TGTGCCAGCAGCAAGAAGCGGGGGGGCCACGACGAGCAGTACTTC,991,5,clonotype1642,None
CGACCTTTCCACGACG-1,True,CGACCTTTCCACGACG-1_contig_3,True,513,TRB,TRBV20-1,None,TRBJ2-5,TRBC2,True,False,None,None,1693,8,clonotype1642,None
CGACCTTTCCTTAATC-1,True,CGACCTTTCCTTAATC-1_contig_1,True,485,TRA,TRAV38-2/DV8,None,TRAJ43,TRAC,True,True,CASHNNNDMRF,TGTGCTTCCCACAATAACAATGACATGCGCTTT,1807,9,clonotype1643,clonotype1643_consensus_1
CGACCTTTCCTTAATC-1,True,CGACCTTTCCTTAATC-1_contig_2,True,515,TRB,TRBV5-6,None,TRBJ1-1,TRBC1,True,True,CASSTYLQGSEAFF,TGTGCCAGCAGTACTTACCTCCAGGGTTCTGAAGCTTTCTTT,2552,10,clonotype1643,clonotype1643_consensus_2
CGACCTTTCGCATGAT-1,True,CGACCTTTCGCATGAT-1_contig_1,True,518,TRB,TRBV20-1,None,TRBJ1-4,TRBC1,True,True,CSARPDLNEKLFF,TGCAGTGCTAGGCCCGATTTGAACGAAAAACTGTTTTTT,2077,11,clonotype1644,clonotype1644_consensus_1
CGACCTTTCGCATGAT-1,True,CGACCTTTCGCATGAT-1_contig_2,True,633,TRA,TRAV3,None,TRAJ42,TRAC,True,True,CAVRAGGSNYGGSQGNLIF,TGTGCTGTGAGAGCGGGGGGTTCGAATTATGGAGGAAGCCAAGGAAATCTCATCTTT,380,4,clonotype1644,clonotype1644_consensus_2
CGACCTTTCTACCAGA-1,True,CGACCTTTCTACCAGA-1_contig_1,True,505,TRA,TRAV1-2,None,TRAJ33,TRAC,True,True,CAATDSNYQLIW,TGTGCTGCGACTGATAGCAACTATCAGTTAATCTGG,327,4,clonotype1,clonotype1_consensus_2
CGACCTTTCTACCAGA-1,True,CGACCTTTCTACCAGA-1_contig_2,True,521,TRB,TRBV20-1,None,TRBJ2-1,TRBC2,True,True,CSARVGSEVNEQFF,TGCAGTGCTAGAGTGGGGTCGGAAGTCAATGAGCAGTTCTTC,2477,12,clonotype1,clonotype1_consensus_1
CGACCTTTCTACCAGA-1,True,CGACCTTTCTACCAGA-1_contig_3,True,482,TRA,TRAV10,None,TRAJ24,TRAC,True,False,None,None,172,4,clonotype1,None
CGACCTTTCTCTAGGA-1,True,CGACCTTTCTCTAGGA-1_contig_1,True,479,TRB,TRBV20-1,None,TRBJ1-1,TRBC1,True,True,CSARVGSVGTNTEAFF,TGCAGTGCTAGAGTTGGGAGCGTGGGGACAAACACTGAAGCTTTCTTT,1455,9,clonotype139,clonotype139_consensus_2
CGACCTTTCTCTAGGA-1,True,CGACCTTTCTCTAGGA-1_contig_2,True,568,TRA,TRAV29/DV5,None,TRAJ40,TRAC,True,True,CAASMTGTYKYIF,TGTGCAGCAAGCATGACAGGAACCTACAAATACATCTTT,870,9,clonotype139,clonotype139_consensus_1
CGACCTTTCTTGACGA-1,True,CGACCTTTCTTGACGA-1_contig_1,True,527,TRB,TRBV20-1,None,TRBJ2-7,TRBC2,True,True,CSARDGGRGQSYEQYF,TGCAGTGCTAGAGATGGAGGCCGGGGACAGTCCTACGAGCAGTACTTC,2181,13,clonotype1645,clonotype1645_consensus_1
CGACCTTTCTTGACGA-1,True,CGACCTTTCTTGACGA-1_contig_2,True,486,TRA,TRAV9-2,None,TRAJ9,TRAC,True,True,CALSEGFKTIF,TGTGCTCTGAGTGAAGGCTTCAAAACTATCTTT,873,12,clonotype1645,clonotype1645_consensus_2
CGACTTCAGCAGCCTC-1,True,CGACTTCAGCAGCCTC-1_contig_1,True,569,TRA,TRAV22,None,TRAJ35,TRAC,True,True,CAVAASIGFGNVLHC,TGTGCTGTGGCCGCTTCGATAGGCTTTGGGAATGTGCTGCATTGC,1060,4,clonotype47,clonotype47_consensus_2
CGACTTCAGCAGCCTC-1,True,CGACTTCAGCAGCCTC-1_contig_2,True,699,TRB,TRBV5-6,None,TRBJ2-1,TRBC2,True,True,CASSLANEQFF,TGTGCCAGCAGCTTGGCCAATGAGCAGTTCTTC,2053,6,clonotype47,clonotype47_consensus_1
CGACTTCAGCAGCCTC-1,True,CGACTTCAGCAGCCTC-1_contig_3,True,307,TRB,None,None,TRBJ2-5,TRBC2,False,False,None,None,577,6,clonotype47,None
CGACTTCAGCGTTGCC-1,True,CGACTTCAGCGTTGCC-1_contig_1,True,570,TRA,TRAV8-4,None,TRAJ50,TRAC,True,True,CAVRKGTSYDKVIF,TGTGCTGTCCGAAAGGGAACCTCCTACGACAAGGTGATATTT,1315,5,clonotype1646,clonotype1646_consensus_1
CGACTTCAGCGTTGCC-1,True,CGACTTCAGCGTTGCC-1_contig_2,True,508,TRB,TRBV5-6,None,TRBJ2-3,TRBC2,True,True,CASSLGTSGGATGIADTQYF,TGTGCCAGCAGCTTGGGGACTAGCGGGGGAGCGACCGGGATCGCAGATACGCAGTATTTT,2211,14,clonotype1646,clonotype1646_consensus_2
CGACTTCAGCTCCTTC-1,True,CGACTTCAGCTCCTTC-1_contig_1,True,470,TRB,TRBV20-1,None,TRBJ2-5,TRBC2,True,True,CSATGPGSQETQYF,TGCAGTGCTACGGGACCGGGTTCACAAGAGACCCAGTACTTC,1740,5,clonotype1647,clonotype1647_consensus_1
CGACTTCAGGCCCGTT-1,True,CGACTTCAGGCCCGTT-1_contig_1,True,505,TRA,TRAV1-2,None,TRAJ33,TRAC,True,True,CAATDSNYQLIW,TGTGCTGCGACTGATAGCAACTATCAGTTAATCTGG,605,9,clonotype1,clonotype1_consensus_2
CGACTTCAGGCCCGTT-1,True,CGACTTCAGGCCCGTT-1_contig_2,True,498,TRB,TRBV20-1,None,TRBJ2-1,TRBC2,True,True,CSARVGSEVNEQFF,TGCAGTGCTAGAGTGGGGTCGGAAGTCAATGAGCAGTTCTTC,2593,7,clonotype1,clonotype1_consensus_1
CGACTTCAGTCTCCTC-1,True,CGACTTCAGTCTCCTC-1_contig_1,True,498,TRB,TRBV20-1,None,TRBJ2-3,TRBC2,True,True,CSARAGGHGDTQYF,TGCAGTGCTAGAGCGGGGGGGCATGGAGATACGCAGTATTTT,1842,5,clonotype1648,clonotype1648_consensus_1
CGACTTCAGTCTCCTC-1,True,CGACTTCAGTCTCCTC-1_contig_2,True,670,TRA,TRAV8-3,None,TRAJ49,TRAC,True,True,CAVGAMGNQFYF,TGTGCTGTGGGGGCCATGGGTAACCAGTTCTATTTT,858,3,clonotype1648,clonotype1648_consensus_2
CGACTTCAGTCTCCTC-1,True,CGACTTCAGTCTCCTC-1_contig_3,True,469,TRA,None,None,TRAJ44,TRAC,False,False,None,None,9490,6,clonotype1648,None
CGACTTCAGTGTTTGC-1,True,CGACTTCAGTGTTTGC-1_contig_1,True,505,TRA,TRAV1-2,None,TRAJ33,TRAC,True,True,CAATDSNYQLIW,TGTGCTGCGACTGATAGCAACTATCAGTTAATCTGG,393,2,clonotype1,clonotype1_consensus_2
CGACTTCAGTGTTTGC-1,True,CGACTTCAGTGTTTGC-1_contig_2,True,498,TRB,TRBV20-1,None,TRBJ2-1,TRBC2,True,True,CSARVGSEVNEQFF,TGCAGTGCTAGAGTGGGGTCGGAAGTCAATGAGCAGTTCTTC,5151,23,clonotype1,clonotype1_consensus_1
CGACTTCCACAGGCCT-1,True,CGACTTCCACAGGCCT-1_contig_1,True,505,TRA,TRAV1-2,None,TRAJ33,TRAC,True,True,CAATDSNYQLIW,TGTGCTGCGACTGATAGCAACTATCAGTTAATCTGG,1242,6,clonotype1,clonotype1_consensus_2
CGACTTCCACAGGCCT-1,True,CGACTTCCACAGGCCT-1_contig_2,True,521,TRB,TRBV20-1,None,TRBJ2-1,TRBC2,True,True,CSARVGSEVNEQFF,TGCAGTGCTAGAGTGGGGTCGGAAGTCAATGAGCAGTTCTTC,1116,4,clonotype1,clonotype1_consensus_1
CGACTTCCACGGATAG-1,True,CGACTTCCACGGATAG-1_contig_1,True,505,TRA,TRAV1-2,None,TRAJ33,TRAC,True,True,CAATDSNYQLIW,TGTGCTGCGACTGATAGCAACTATCAGTTAATCTGG,923,5,clonotype1,clonotype1_consensus_2
CGACTTCCACGGATAG-1,True,CGACTTCCACGGATAG-1_contig_2,True,498,TRB,TRBV20-1,None,TRBJ2-1,TRBC2,True,True,CSARVGSEVNEQFF,TGCAGTGCTAGAGTGGGGTCGGAAGTCAATGAGCAGTTCTTC,1242,8,clonotype1,clonotype1_consensus_1
CGACTTCCACGGATAG-1,True,CGACTTCCACGGATAG-1_contig_3,True,550,TRA,TRAV10,None,TRAJ24,TRAC,True,False,None,None,541,2,clonotype1,None
CGACTTCCACGTGAGA-1,True,CGACTTCCACGTGAGA-1_contig_1,True,505,TRA,TRAV1-2,None,TRAJ33,TRAC,True,True,CAATDSNYQLIW,TGTGCTGCGACTGATAGCAACTATCAGTTAATCTGG,699,4,clonotype1,clonotype1_consensus_2
CGACTTCCACGTGAGA-1,True,CGACTTCCACGTGAGA-1_contig_2,True,502,TRB,TRBV20-1,None,TRBJ2-1,TRBC2,True,True,CSARVGSEVNEQFF,TGCAGTGCTAGAGTGGGGTCGGAAGTCAATGAGCAGTTCTTC,510,4,clonotype1,clonotype1_consensus_1
CGACTTCCAGCCACCA-1,True,CGACTTCCAGCCACCA-1_contig_1,True,547,TRA,TRAV12-2,None,TRAJ12,TRAC,True,True,CAVNLDDSSYKLIF,TGTGCCGTGAACCTAGACGATAGCAGCTATAAATTGATCTTC,406,3,clonotype1649,clonotype1649_consensus_1
CGACTTCCAGCCACCA-1,True,CGACTTCCAGCCACCA-1_contig_2,True,521,TRB,TRBV20-1,None,TRBJ1-6,TRBC1,True,True,CSARDYRGNSPLHF,TGCAGTGCTAGGGATTACAGGGGGAATTCACCCCTCCACTTT,2289,9,clonotype1649,clonotype1649_consensus_2
CGACTTCCATGCAATC-1,True,CGACTTCCATGCAATC-1_contig_1,True,573,TRA,TRAV8-4,None,TRAJ37,TRAC,True,True,CAVNGGSSNTGKLIF,TGTGCTGTGAACGGTGGCTCTAGCAACACAGGCAAACTAATCTTT,1019,4,clonotype1650,clonotype1650_consensus_1
CGACTTCCATGCAATC-1,True,CGACTTCCATGCAATC-1_contig_2,True,573,TRA,TRAV8-4,None,TRAJ47,TRAC,True,True,CAVRLKKEYGNKLVF,TGTGCTGTGAGATTGAAGAAGGAATATGGAAACAAACTGGTCTTT,422,2,clonotype1650,clonotype1650_consensus_3
CGACTTCCATGCAATC-1,True,CGACTTCCATGCAATC-1_contig_3,True,665,TRB,TRBV5-6,None,TRBJ2-3,TRBC2,True,True,CASSLGLRGVTDTQYF,TGTGCCAGCAGCTTGGGGTTGCGGGGGGTCACAGATACGCAGTATTTT,1101,8,clonotype1650,clonotype1650_consensus_2
CGACTTCGTCTGATTG-1,True,CGACTTCGTCTGATTG-1_contig_1,True,511,TRB,TRBV20-1,None,TRBJ2-7,TRBC2,True,True,CSARDISPGPREQYF,TGCAGTGCTAGAGATATCTCGCCCGGGCCCAGGGAGCAGTACTTC,138,4,clonotype1651,clonotype1651_consensus_1
CGACTTCGTCTGATTG-1,True,CGACTTCGTCTGATTG-1_contig_2,True,491,TRA,TRAV38-2/DV8,None,TRAJ29,TRAC,True,True,CAYITSGNTPLVF,TGTGCTTATATCACCTCAGGAAACACACCTCTTGTCTTT,921,4,clonotype1651,clonotype1651_consensus_2
CGACTTCGTCTGATTG-1,True,CGACTTCGTCTGATTG-1_contig_3,True,317,TRB,None,None,TRBJ1-5,TRBC1,False,False,None,None,293,2,clonotype1651,None
CGACTTCGTGATGATA-1,True,CGACTTCGTGATGATA-1_contig_1,True,505,TRA,TRAV1-2,None,TRAJ33,TRAC,True,True,CAATDSNYQLIW,TGTGCTGCGACTGATAGCAACTATCAGTTAATCTGG,556,2,clonotype1,clonotype1_consensus_2
CGACTTCGTGATGATA-1,True,CGACTTCGTGATGATA-1_contig_2,True,495,TRB,TRBV20-1,None,TRBJ2-1,TRBC2,True,True,CSARVGSEVNEQFF,TGCAGTGCTAGAGTGGGGTCGGAAGTCAATGAGCAGTTCTTC,754,5,clonotype1,clonotype1_consensus_1
CGACTTCGTGTTCGAT-1,True,CGACTTCGTGTTCGAT-1_contig_1,True,521,TRB,TRBV20-1,None,TRBJ2-1,TRBC2,True,True,CSARVGSEVNEQFF,TGCAGTGCTAGAGTGGGGTCGGAAGTCAATGAGCAGTTCTTC,1156,6,clonotype2,clonotype2_consensus_1
CGACTTCGTTCATGGT-1,True,CGACTTCGTTCATGGT-1_contig_1,True,505,TRA,TRAV1-2,None,TRAJ33,TRAC,True,True,CAATDSNYQLIW,TGTGCTGCGACTGATAGCAACTATCAGTTAATCTGG,402,2,clonotype1,clonotype1_consensus_2
CGACTTCGTTCATGGT-1,True,CGACTTCGTTCATGGT-1_contig_2,True,498,TRB,TRBV20-1,None,TRBJ2-1,TRBC2,True,True,CSARVGSEVNEQFF,TGCAGTGCTAGAGTGGGGTCGGAAGTCAATGAGCAGTTCTTC,1906,7,clonotype1,clonotype1_consensus_1
CGACTTCGTTCATGGT-1,True,CGACTTCGTTCATGGT-1_contig_3,True,457,TRA,TRAV10,None,TRAJ24,TRAC,True,False,None,None,101,3,clonotype1,None
CGACTTCGTTGGTTTG-1,True,CGACTTCGTTGGTTTG-1_contig_1,True,473,TRB,TRBV20-1,None,TRBJ1-5,TRBC1,True,True,CSAAQEYGNQPQHF,TGCAGTGCTGCCCAGGAGTATGGAAATCAGCCCCAGCATTTT,195,3,clonotype1652,clonotype1652_consensus_1
CGACTTCTCACCCGAG-1,True,CGACTTCTCACCCGAG-1_contig_1,True,615,TRA,TRAV12-1,None,TRAJ3,TRAC,True,True,CVVFSGYSSASKIIF,TGTGTGGTGTTCTCGGGGTACAGCAGTGCTTCCAAGATAATCTTT,2566,9,clonotype1653,clonotype1653_consensus_2
CGACTTCTCACCCGAG-1,True,CGACTTCTCACCCGAG-1_contig_2,True,484,TRB,TRBV5-6,None,TRBJ2-7,TRBC2,True,True,CASSLLGRGGTYEQYF,TGTGCCAGCAGCTTGTTAGGCAGGGGAGGAACCTACGAGCAGTACTTC,2233,9,clonotype1653,clonotype1653_consensus_1
CGACTTCTCACCTCGT-1,True,CGACTTCTCACCTCGT-1_contig_1,True,462,TRA,TRAV13-1,None,TRAJ33,TRAC,True,True,CAARGLSSNYQLIW,TGTGCAGCAAGGGGCCTGAGTAGCAACTATCAGTTAATCTGG,1550,4,clonotype31,clonotype31_consensus_2
CGACTTCTCACCTCGT-1,True,CGACTTCTCACCTCGT-1_contig_2,True,527,TRB,TRBV20-1,None,TRBJ2-7,TRBC2,True,True,CSARETRTSGGYEQYF,TGCAGTGCTAGAGAAACAAGGACTAGCGGGGGGTACGAGCAGTACTTC,2189,10,clonotype31,clonotype31_consensus_1
CGACTTCTCACCTCGT-1,True,CGACTTCTCACCTCGT-1_contig_3,True,359,TRA,TRAV6,None,TRAJ45,None,True,False,CALGPQEEVLTD,TGTGCTCTAGGCCCTCAGGAGGAGGTGCTGACGGAC,71,1,clonotype31,None
CGACTTCTCATCATTC-1,True,CGACTTCTCATCATTC-1_contig_1,True,488,TRB,TRBV20-1,None,TRBJ2-5,TRBC2,True,True,CSARGGGVVGETQYF,TGCAGTGCTAGGGGGGGTGGGGTCGTGGGGGAGACCCAGTACTTC,1548,11,clonotype1654,clonotype1654_consensus_1
CGACTTCTCATCATTC-1,True,CGACTTCTCATCATTC-1_contig_2,True,554,TRA,TRAV12-1,None,TRAJ36,TRAC,True,True,CVVYQTGANNLFF,TGTGTGGTGTACCAAACTGGGGCAAACAACCTCTTCTTT,212,4,clonotype1654,clonotype1654_consensus_2
CGACTTCTCATCATTC-1,True,CGACTTCTCATCATTC-1_contig_3,True,305,TRA,TRAV13-1,None,None,None,False,False,None,None,33,1,clonotype1654,None
CGACTTCTCCGCATAA-1,True,CGACTTCTCCGCATAA-1_contig_1,True,505,TRA,TRAV1-2,None,TRAJ33,TRAC,True,True,CAATDSNYQLIW,TGTGCTGCGACTGATAGCAACTATCAGTTAATCTGG,453,3,clonotype1,clonotype1_consensus_2
CGACTTCTCCGCATAA-1,True,CGACTTCTCCGCATAA-1_contig_2,True,521,TRB,TRBV20-1,None,TRBJ2-1,TRBC2,True,True,CSARVGSEVNEQFF,TGCAGTGCTAGAGTGGGGTCGGAAGTCAATGAGCAGTTCTTC,1763,7,clonotype1,clonotype1_consensus_1
CGACTTCTCGGAAACG-1,True,CGACTTCTCGGAAACG-1_contig_1,True,526,TRA,TRAV14/DV4,None,TRAJ35,TRAC,True,True,CAMREGRGFGNVLHC,TGTGCAATGAGAGAGGGCAGGGGCTTTGGGAATGTGCTGCATTGC,726,1,clonotype1655,clonotype1655_consensus_1
CGACTTCTCGGAAACG-1,True,CGACTTCTCGGAAACG-1_contig_2,True,492,TRB,TRBV20-1,None,TRBJ2-1,TRBC2,True,True,CSASSGGLHNEQFF,TGCAGTGCAAGTAGCGGGGGGCTTCACAATGAGCAGTTCTTC,825,5,clonotype1655,clonotype1655_consensus_2
CGACTTCTCGGAAACG-1,True,CGACTTCTCGGAAACG-1_contig_3,True,523,TRA,TRAV21,None,TRAJ38,TRAC,True,False,CCEDAGNNRKLIW,TGCTGTGAAGATGCTGGCAACAACCGTAAGCTGATTTGG,287,2,clonotype1655,None
CGAGAAGAGAGCTGCA-1,True,CGAGAAGAGAGCTGCA-1_contig_1,True,488,TRB,TRBV20-1,None,TRBJ2-7,TRBC2,True,True,CSATNPGQGAYEQYF,TGCAGTGCTACGAATCCGGGACAGGGGGCTTACGAGCAGTACTTC,1215,6,clonotype1656,clonotype1656_consensus_1
CGAGAAGAGAGCTGCA-1,True,CGAGAAGAGAGCTGCA-1_contig_2,True,541,TRA,TRAV12-2,None,TRAJ24,TRAC,True,True,CAVKDSWGKLQF,TGTGCCGTGAAGGACAGCTGGGGGAAATTGCAGTTT,139,2,clonotype1656,clonotype1656_consensus_2
CGAGAAGAGAGCTGCA-1,True,CGAGAAGAGAGCTGCA-1_contig_3,True,453,TRA,TRAV10,None,TRAJ39,TRAC,True,False,None,None,108,1,clonotype1656,None
CGAGAAGAGCCAGGAT-1,True,CGAGAAGAGCCAGGAT-1_contig_1,True,505,TRA,TRAV1-2,None,TRAJ33,TRAC,True,True,CAATDSNYQLIW,TGTGCTGCGACTGATAGCAACTATCAGTTAATCTGG,162,3,clonotype1,clonotype1_consensus_2
CGAGAAGAGCCAGGAT-1,True,CGAGAAGAGCCAGGAT-1_contig_2,True,521,TRB,TRBV20-1,None,TRBJ2-1,TRBC2,True,True,CSARVGSEVNEQFF,TGCAGTGCTAGAGTGGGGTCGGAAGTCAATGAGCAGTTCTTC,2736,12,clonotype1,clonotype1_consensus_1
CGAGAAGAGGCGATAC-1,True,CGAGAAGAGGCGATAC-1_contig_1,True,498,TRB,TRBV20-1,None,TRBJ2-1,TRBC2,True,True,CSARVGSEVNEQFF,TGCAGTGCTAGAGTGGGGTCGGAAGTCAATGAGCAGTTCTTC,1349,4,clonotype2,clonotype2_consensus_1
CGAGAAGAGGTGATAT-1,True,CGAGAAGAGGTGATAT-1_contig_1,True,501,TRA,TRAV12-3,None,TRAJ39,TRAC,True,True,CAMSQNNAGNMLTF,TGTGCAATGAGCCAGAATAATGCAGGCAACATGCTCACCTTT,1508,6,clonotype283,clonotype283_consensus_2
CGAGAAGAGGTGATAT-1,True,CGAGAAGAGGTGATAT-1_contig_2,True,484,TRB,TRBV5-5,None,TRBJ2-6,TRBC2,True,True,CASSLQGSSGANVLTF,TGTGCCAGCAGCTTGCAGGGAAGCTCTGGGGCCAACGTCCTGACTTTC,7336,18,clonotype283,clonotype283_consensus_1
CGAGAAGAGTTACCCA-1,True,CGAGAAGAGTTACCCA-1_contig_1,True,509,TRA,TRAV13-2,None,TRAJ47,TRAC,True,True,CAETFGEGNKLVF,TGTGCAGAGACCTTTGGGGAAGGAAACAAACTGGTCTTT,1446,4,clonotype284,clonotype284_consensus_2
CGAGAAGAGTTACCCA-1,True,CGAGAAGAGTTACCCA-1_contig_2,True,498,TRB,TRBV20-1,None,TRBJ2-5,TRBC2,True,True,CSAPFPAGGETQYF,TGCAGTGCCCCGTTCCCTGCGGGGGGAGAGACCCAGTACTTC,3227,11,clonotype284,clonotype284_consensus_1
CGAGAAGCAACACCCG-1,True,CGAGAAGCAACACCCG-1_contig_1,True,505,TRA,TRAV1-2,None,TRAJ33,TRAC,True,True,CAATDSNYQLIW,TGTGCTGCGACTGATAGCAACTATCAGTTAATCTGG,768,4,clonotype1,clonotype1_consensus_2
CGAGAAGCAACACCCG-1,True,CGAGAAGCAACACCCG-1_contig_2,True,498,TRB,TRBV20-1,None,TRBJ2-1,TRBC2,True,True,CSARVGSEVNEQFF,TGCAGTGCTAGAGTGGGGTCGGAAGTCAATGAGCAGTTCTTC,2752,11,clonotype1,clonotype1_consensus_1
CGAGAAGCACGTTGGC-1,True,CGAGAAGCACGTTGGC-1_contig_1,True,505,TRA,TRAV1-2,None,TRAJ33,TRAC,True,True,CAATDSNYQLIW,TGTGCTGCGACTGATAGCAACTATCAGTTAATCTGG,898,3,clonotype1,clonotype1_consensus_2
CGAGAAGCACGTTGGC-1,True,CGAGAAGCACGTTGGC-1_contig_2,True,521,TRB,TRBV20-1,None,TRBJ2-1,TRBC2,True,True,CSARVGSEVNEQFF,TGCAGTGCTAGAGTGGGGTCGGAAGTCAATGAGCAGTTCTTC,2473,8,clonotype1,clonotype1_consensus_1
CGAGAAGCACGTTGGC-1,True,CGAGAAGCACGTTGGC-1_contig_3,True,502,TRA,TRAV10,None,TRAJ24,TRAC,True,False,None,None,977,2,clonotype1,None
CGAGAAGCAGATGGGT-1,True,CGAGAAGCAGATGGGT-1_contig_1,True,515,TRB,TRBV5-5,None,TRBJ1-4,TRBC1,True,True,CASSHPGPNYATNEKLFF,TGTGCCAGCAGCCATCCCGGACCGAACTACGCAACTAATGAAAAACTGTTTTTT,440,4,clonotype4,clonotype4_consensus_1
CGAGAAGCAGGGTTAG-1,True,CGAGAAGCAGGGTTAG-1_contig_1,True,521,TRB,TRBV20-1,None,TRBJ2-2,TRBC2,True,True,CSAPGTVNGGELFF,TGCAGTGCTCCTGGGACGGTGAATGGCGGGGAGCTGTTTTTT,3645,14,clonotype1657,clonotype1657_consensus_1
CGAGAAGCAGGGTTAG-1,True,CGAGAAGCAGGGTTAG-1_contig_2,True,462,TRA,TRAV9-2,None,TRAJ9,TRAC,True,True,CALHTGGFKTIF,TGTGCTCTTCATACTGGAGGCTTCAAAACTATCTTT,1516,7,clonotype1657,clonotype1657_consensus_2
CGAGAAGGTCATGCCG-1,True,CGAGAAGGTCATGCCG-1_contig_1,True,521,TRB,TRBV20-1,None,TRBJ2-1,TRBC2,True,True,CSARVGSEVNEQFF,TGCAGTGCTAGAGTGGGGTCGGAAGTCAATGAGCAGTTCTTC,582,3,clonotype2,clonotype2_consensus_1
CGAGAAGGTCATGCCG-1,True,CGAGAAGGTCATGCCG-1_contig_2,True,457,TRA,TRAV10,None,TRAJ24,TRAC,True,False,None,None,334,2,clonotype2,None
CGAGAAGGTCTAACGT-1,True,CGAGAAGGTCTAACGT-1_contig_1,True,558,TRA,TRAV12-1,None,TRAJ9,TRAC,True,True,CVVTRNTGGFKTIF,TGTGTGGTGACACGAAATACTGGAGGCTTCAAAACTATCTTT,1013,4,clonotype5,clonotype5_consensus_2
CGAGAAGGTCTAACGT-1,True,CGAGAAGGTCTAACGT-1_contig_2,True,533,TRB,TRBV20-1,None,TRBJ1-5,TRBC1,True,True,CSARDDNRAKSFNQPQHF,TGCAGTGCTAGAGACGACAACCGGGCCAAATCCTTCAATCAGCCCCAGCATTTT,1150,3,clonotype5,clonotype5_consensus_1
CGAGAAGGTTGATTCG-1,True,CGAGAAGGTTGATTCG-1_contig_1,True,505,TRA,TRAV1-2,None,TRAJ33,TRAC,True,True,CAATDSNYQLIW,TGTGCTGCGACTGATAGCAACTATCAGTTAATCTGG,1103,6,clonotype1,clonotype1_consensus_2
CGAGAAGGTTGATTCG-1,True,CGAGAAGGTTGATTCG-1_contig_2,True,498,TRB,TRBV20-1,None,TRBJ2-1,TRBC2,True,True,CSARVGSEVNEQFF,TGCAGTGCTAGAGTGGGGTCGGAAGTCAATGAGCAGTTCTTC,3668,18,clonotype1,clonotype1_consensus_1
CGAGAAGTCAGGCAAG-1,True,CGAGAAGTCAGGCAAG-1_contig_1,True,505,TRA,TRAV1-2,None,TRAJ33,TRAC,True,True,CAATDSNYQLIW,TGTGCTGCGACTGATAGCAACTATCAGTTAATCTGG,1196,5,clonotype1,clonotype1_consensus_2
CGAGAAGTCAGGCAAG-1,True,CGAGAAGTCAGGCAAG-1_contig_2,True,521,TRB,TRBV20-1,None,TRBJ2-1,TRBC2,True,True,CSARVGSEVNEQFF,TGCAGTGCTAGAGTGGGGTCGGAAGTCAATGAGCAGTTCTTC,2632,15,clonotype1,clonotype1_consensus_1
CGAGAAGTCCGAAGAG-1,True,CGAGAAGTCCGAAGAG-1_contig_1,True,505,TRA,TRAV1-2,None,TRAJ33,TRAC,True,True,CAATDSNYQLIW,TGTGCTGCGACTGATAGCAACTATCAGTTAATCTGG,666,4,clonotype1,clonotype1_consensus_2
CGAGAAGTCCGAAGAG-1,True,CGAGAAGTCCGAAGAG-1_contig_2,True,521,TRB,TRBV20-1,None,TRBJ2-1,TRBC2,True,True,CSARVGSEVNEQFF,TGCAGTGCTAGAGTGGGGTCGGAAGTCAATGAGCAGTTCTTC,1516,8,clonotype1,clonotype1_consensus_1
CGAGAAGTCGGCATCG-1,True,CGAGAAGTCGGCATCG-1_contig_1,True,521,TRB,TRBV20-1,None,TRBJ2-1,TRBC2,True,True,CSARVGSEVNEQFF,TGCAGTGCTAGAGTGGGGTCGGAAGTCAATGAGCAGTTCTTC,2139,9,clonotype2,clonotype2_consensus_1
CGAGAAGTCGGCATCG-1,True,CGAGAAGTCGGCATCG-1_contig_2,True,467,TRA,TRAV10,None,TRAJ24,TRAC,True,False,None,None,491,3,clonotype2,None
CGAGAAGTCGTTACAG-1,True,CGAGAAGTCGTTACAG-1_contig_1,True,505,TRA,TRAV1-2,None,TRAJ33,TRAC,True,True,CAATDSNYQLIW,TGTGCTGCGACTGATAGCAACTATCAGTTAATCTGG,260,5,clonotype1,clonotype1_consensus_2
CGAGAAGTCGTTACAG-1,True,CGAGAAGTCGTTACAG-1_contig_2,True,521,TRB,TRBV20-1,None,TRBJ2-1,TRBC2,True,True,CSARVGSEVNEQFF,TGCAGTGCTAGAGTGGGGTCGGAAGTCAATGAGCAGTTCTTC,366,3,clonotype1,clonotype1_consensus_1
CGAGAAGTCGTTACAG-1,True,CGAGAAGTCGTTACAG-1_contig_3,True,457,TRA,TRAV10,None,TRAJ24,TRAC,True,False,None,None,479,1,clonotype1,None
CGAGAAGTCTCCTATA-1,True,CGAGAAGTCTCCTATA-1_contig_1,True,515,TRB,TRBV20-1,None,TRBJ1-1,TRBC1,True,True,CSARALILEAFF,TGCAGTGCTAGGGCCCTGATCCTTGAAGCTTTCTTT,2649,12,clonotype1658,clonotype1658_consensus_1
CGAGAAGTCTCGTTTA-1,True,CGAGAAGTCTCGTTTA-1_contig_1,True,521,TRB,TRBV20-1,None,TRBJ2-1,TRBC2,True,True,CSARVGSEVNEQFF,TGCAGTGCTAGAGTGGGGTCGGAAGTCAATGAGCAGTTCTTC,1314,7,clonotype2,clonotype2_consensus_1
CGAGAAGTCTGAGGGA-1,True,CGAGAAGTCTGAGGGA-1_contig_1,True,505,TRA,TRAV1-2,None,TRAJ33,TRAC,True,True,CAATDSNYQLIW,TGTGCTGCGACTGATAGCAACTATCAGTTAATCTGG,420,2,clonotype1,clonotype1_consensus_2
CGAGAAGTCTGAGGGA-1,True,CGAGAAGTCTGAGGGA-1_contig_2,True,514,TRB,TRBV20-1,None,TRBJ2-1,TRBC2,True,True,CSARVGSEVNEQFF,TGCAGTGCTAGAGTGGGGTCGGAAGTCAATGAGCAGTTCTTC,1587,5,clonotype1,clonotype1_consensus_1
CGAGAAGTCTGAGGGA-1,True,CGAGAAGTCTGAGGGA-1_contig_3,True,482,TRA,TRAV10,None,TRAJ24,TRAC,True,False,None,None,517,4,clonotype1,None
CGAGAAGTCTGCTGTC-1,True,CGAGAAGTCTGCTGTC-1_contig_1,True,521,TRB,TRBV20-1,None,TRBJ2-1,TRBC2,True,True,CSARVGSEVNEQFF,TGCAGTGCTAGAGTGGGGTCGGAAGTCAATGAGCAGTTCTTC,2406,11,clonotype2,clonotype2_consensus_1
CGAGAAGTCTTACCTA-1,True,CGAGAAGTCTTACCTA-1_contig_1,True,521,TRB,TRBV20-1,None,TRBJ2-1,TRBC2,True,True,CSARVGSEVNEQFF,TGCAGTGCTAGAGTGGGGTCGGAAGTCAATGAGCAGTTCTTC,529,6,clonotype2,clonotype2_consensus_1
CGAGCACAGACACGAC-1,True,CGAGCACAGACACGAC-1_contig_1,True,491,TRA,TRAV21,None,TRAJ37,TRAC,True,True,CVLGLSSSNTGKLIF,TGTGTCCTTGGGCTTAGCTCTAGCAACACAGGCAAACTAATCTTT,972,4,clonotype1659,clonotype1659_consensus_2
CGAGCACAGACACGAC-1,True,CGAGCACAGACACGAC-1_contig_2,True,493,TRB,TRBV5-6,None,TRBJ1-4,TRBC1,True,True,CASSSLGVDNEKLFF,TGTGCCAGCAGCTCCTTGGGGGTTGATAATGAAAAACTGTTTTTT,581,3,clonotype1659,clonotype1659_consensus_1
CGAGCACAGACCTTTG-1,True,CGAGCACAGACCTTTG-1_contig_1,True,497,TRA,TRAV38-2/DV8,None,TRAJ40,TRAC,True,True,CAYRTSTSGTYKYIF,TGTGCTTATAGGACCTCTACCTCAGGAACCTACAAATACATCTTT,344,4,clonotype64,clonotype64_consensus_1
CGAGCACAGACCTTTG-1,True,CGAGCACAGACCTTTG-1_contig_2,True,512,TRB,TRBV20-1,None,TRBJ2-4,TRBC2,True,True,CSARSGSIQYF,TGCAGTGCCAGGTCAGGGAGCATTCAGTACTTC,2089,9,clonotype64,clonotype64_consensus_2
CGAGCACAGATCGATA-1,True,CGAGCACAGATCGATA-1_contig_1,True,502,TRB,TRBV7-2,None,TRBJ2-6,TRBC2,True,True,CASSSGRSGANVLTF,TGTGCCAGCAGCTCGGGGCGCTCTGGGGCCAACGTCCTGACTTTC,4027,18,clonotype1660,clonotype1660_consensus_2
CGAGCACAGATCGATA-1,True,CGAGCACAGATCGATA-1_contig_2,True,550,TRA,TRAV5,None,TRAJ3,TRAC,True,True,CADYSSASKIIF,TGTGCAGACTACAGCAGTGCTTCCAAGATAATCTTT,1959,7,clonotype1660,clonotype1660_consensus_1
CGAGCACAGGAGTACC-1,True,CGAGCACAGGAGTACC-1_contig_1,True,505,TRA,TRAV1-2,None,TRAJ33,TRAC,True,True,CAATDSNYQLIW,TGTGCTGCGACTGATAGCAACTATCAGTTAATCTGG,257,2,clonotype1,clonotype1_consensus_2
CGAGCACAGGAGTACC-1,True,CGAGCACAGGAGTACC-1_contig_2,True,498,TRB,TRBV20-1,None,TRBJ2-1,TRBC2,True,True,CSARVGSEVNEQFF,TGCAGTGCTAGAGTGGGGTCGGAAGTCAATGAGCAGTTCTTC,84,4,clonotype1,clonotype1_consensus_1
CGAGCACAGTCCCACG-1,True,CGAGCACAGTCCCACG-1_contig_1,True,502,TRA,TRAV1-2,None,TRAJ33,TRAC,True,True,CAATDSNYQLIW,TGTGCTGCGACTGATAGCAACTATCAGTTAATCTGG,467,2,clonotype1,clonotype1_consensus_2
CGAGCACAGTCCCACG-1,True,CGAGCACAGTCCCACG-1_contig_2,True,498,TRB,TRBV20-1,None,TRBJ2-1,TRBC2,True,True,CSARVGSEVNEQFF,TGCAGTGCTAGAGTGGGGTCGGAAGTCAATGAGCAGTTCTTC,2861,7,clonotype1,clonotype1_consensus_1
CGAGCACAGTTGCAGG-1,True,CGAGCACAGTTGCAGG-1_contig_1,True,579,TRA,TRAV5,None,TRAJ30,TRAC,True,True,CAESPNRDDKIIF,TGTGCAGAGAGTCCGAACAGAGATGACAAGATCATCTTT,467,5,clonotype1661,clonotype1661_consensus_2
CGAGCACAGTTGCAGG-1,True,CGAGCACAGTTGCAGG-1_contig_2,True,501,TRB,TRBV20-1,None,TRBJ1-2,TRBC1,True,True,CSATLGLSYTF,TGCAGTGCTACTCTGGGCCTGAGCTACACCTTC,1115,9,clonotype1661,clonotype1661_consensus_1
CGAGCACCAAGCGATG-1,True,CGAGCACCAAGCGATG-1_contig_1,True,524,TRB,TRBV20-1,None,TRBJ2-1,TRBC2,True,True,CSAREASGGGNEQFF,TGCAGTGCTAGAGAAGCTAGCGGGGGGGGCAATGAGCAGTTCTTC,4135,13,clonotype285,clonotype285_consensus_2
CGAGCACCAAGCGATG-1,True,CGAGCACCAAGCGATG-1_contig_2,True,490,TRA,TRAV1-1,None,TRAJ8,TRAC,True,True,CAVRPTGFQKLVF,TGCGCTGTGAGACCGACAGGCTTTCAGAAACTTGTATTT,299,1,clonotype285,clonotype285_consensus_1
CGAGCACCAAGCGATG-1,True,CGAGCACCAAGCGATG-1_contig_3,True,577,TRA,TRAV12-1,None,TRAJ5,TRAC,True,False,CGPMDTGRRALTF,TGTGGTCCCATGGACACGGGCAGGAGAGCACTTACTTTT,384,1,clonotype285,None
CGAGCACCAAGGACTG-1,True,CGAGCACCAAGGACTG-1_contig_1,True,521,TRB,TRBV20-1,None,TRBJ2-7,TRBC2,True,True,CSASLAGGLHEQYF,TGCAGTGCTAGCCTAGCGGGGGGGCTCCACGAGCAGTACTTC,522,6,clonotype286,clonotype286_consensus_1
CGAGCACCACCGAAAG-1,True,CGAGCACCACCGAAAG-1_contig_1,True,505,TRA,TRAV1-2,None,TRAJ33,TRAC,True,True,CAATDSNYQLIW,TGTGCTGCGACTGATAGCAACTATCAGTTAATCTGG,221,1,clonotype1,clonotype1_consensus_2
CGAGCACCACCGAAAG-1,True,CGAGCACCACCGAAAG-1_contig_2,True,492,TRB,TRBV20-1,None,TRBJ2-1,TRBC2,True,True,CSARVGSEVNEQFF,TGCAGTGCTAGAGTGGGGTCGGAAGTCAATGAGCAGTTCTTC,2284,10,clonotype1,clonotype1_consensus_1
CGAGCACCACCGAAAG-1,True,CGAGCACCACCGAAAG-1_contig_3,True,500,TRB,None,None,TRBJ1-5,None,False,False,None,None,27,1,clonotype1,None
CGAGCACCACCGAAAG-1,True,CGAGCACCACCGAAAG-1_contig_4,True,462,TRA,TRAV10,None,TRAJ24,TRAC,True,False,None,None,462,2,clonotype1,None
CGAGCACCAGAGTGTG-1,True,CGAGCACCAGAGTGTG-1_contig_1,True,524,TRB,TRBV20-1,None,TRBJ1-2,TRBC1,True,True,CSASSRQGARDGYTF,TGCAGTGCTAGCAGCCGACAGGGGGCTAGAGATGGCTACACCTTC,4104,13,clonotype287,clonotype287_consensus_2
CGAGCACCAGAGTGTG-1,True,CGAGCACCAGAGTGTG-1_contig_2,True,583,TRA,TRAV17,None,TRAJ15,TRAC,True,True,CATADQAGTALIF,TGTGCTACGGCAGACCAGGCAGGAACTGCTCTGATCTTT,1258,4,clonotype287,clonotype287_consensus_1
CGAGCACCAGAGTGTG-1,True,CGAGCACCAGAGTGTG-1_contig_3,True,457,TRA,None,None,TRAJ37,TRAC,False,False,None,None,838,3,clonotype287,None
CGAGCACCATGTTGAC-1,True,CGAGCACCATGTTGAC-1_contig_1,True,505,TRA,TRAV1-2,None,TRAJ33,TRAC,True,True,CAATDSNYQLIW,TGTGCTGCGACTGATAGCAACTATCAGTTAATCTGG,460,2,clonotype1,clonotype1_consensus_2
CGAGCACCATGTTGAC-1,True,CGAGCACCATGTTGAC-1_contig_2,True,473,TRB,TRBV20-1,None,TRBJ2-1,TRBC2,True,True,CSARVGSEVNEQFF,TGCAGTGCTAGAGTGGGGTCGGAAGTCAATGAGCAGTTCTTC,763,2,clonotype1,clonotype1_consensus_1
CGAGCACCATTCGACA-1,True,CGAGCACCATTCGACA-1_contig_1,True,489,TRA,TRAV1-2,None,TRAJ33,TRAC,True,True,CAATDSNYQLIW,TGTGCTGCGACTGATAGCAACTATCAGTTAATCTGG,175,1,clonotype1,clonotype1_consensus_2
CGAGCACCATTCGACA-1,True,CGAGCACCATTCGACA-1_contig_2,True,473,TRB,TRBV20-1,None,TRBJ2-1,TRBC2,True,True,CSARVGSEVNEQFF,TGCAGTGCTAGAGTGGGGTCGGAAGTCAATGAGCAGTTCTTC,1321,4,clonotype1,clonotype1_consensus_1
CGAGCACGTAGCGTGA-1,True,CGAGCACGTAGCGTGA-1_contig_1,True,505,TRA,TRAV1-2,None,TRAJ33,TRAC,True,True,CAATDSNYQLIW,TGTGCTGCGACTGATAGCAACTATCAGTTAATCTGG,448,4,clonotype1,clonotype1_consensus_2
CGAGCACGTAGCGTGA-1,True,CGAGCACGTAGCGTGA-1_contig_2,True,512,TRB,TRBV20-1,None,TRBJ2-1,TRBC2,True,True,CSARVGSEVNEQFF,TGCAGTGCTAGAGTGGGGTCGGAAGTCAATGAGCAGTTCTTC,1277,5,clonotype1,clonotype1_consensus_1
CGAGCACGTCTGATTG-1,True,CGAGCACGTCTGATTG-1_contig_1,True,567,TRA,TRAV8-4,None,TRAJ49,TRAC,True,True,CAVSEGTGNQFYF,TGTGCTGTGAGTGAGGGGACCGGTAACCAGTTCTATTTT,470,4,clonotype1662,clonotype1662_consensus_2
CGAGCACGTCTGATTG-1,True,CGAGCACGTCTGATTG-1_contig_2,True,521,TRB,TRBV20-1,None,TRBJ1-5,TRBC1,True,True,CSARGGPSNQPQHF,TGCAGTGCTAGGGGAGGGCCGAGCAATCAGCCCCAGCATTTT,680,4,clonotype1662,clonotype1662_consensus_1
CGAGCACGTCTGGTCG-1,True,CGAGCACGTCTGGTCG-1_contig_1,True,505,TRA,TRAV1-2,None,TRAJ33,TRAC,True,True,CAATDSNYQLIW,TGTGCTGCGACTGATAGCAACTATCAGTTAATCTGG,830,4,clonotype1,clonotype1_consensus_2
CGAGCACGTCTGGTCG-1,True,CGAGCACGTCTGGTCG-1_contig_2,True,521,TRB,TRBV20-1,None,TRBJ2-1,TRBC2,True,True,CSARVGSEVNEQFF,TGCAGTGCTAGAGTGGGGTCGGAAGTCAATGAGCAGTTCTTC,3285,10,clonotype1,clonotype1_consensus_1
CGAGCACGTGTCGCTG-1,True,CGAGCACGTGTCGCTG-1_contig_1,True,505,TRA,TRAV1-2,None,TRAJ33,TRAC,True,True,CAATDSNYQLIW,TGTGCTGCGACTGATAGCAACTATCAGTTAATCTGG,1157,3,clonotype1,clonotype1_consensus_2
CGAGCACGTGTCGCTG-1,True,CGAGCACGTGTCGCTG-1_contig_2,True,486,TRB,TRBV20-1,None,TRBJ2-1,TRBC2,True,True,CSARVGSEVNEQFF,TGCAGTGCTAGAGTGGGGTCGGAAGTCAATGAGCAGTTCTTC,3834,4,clonotype1,clonotype1_consensus_1
CGAGCACGTTGTTTGG-1,True,CGAGCACGTTGTTTGG-1_contig_1,True,492,TRB,TRBV20-1,None,TRBJ1-6,TRBC1,True,True,CSAQGVMEEGSPLHF,TGCAGTGCCCAGGGCGTCATGGAAGAAGGGTCACCCCTCCACTTT,743,5,clonotype225,clonotype225_consensus_1
CGAGCACTCCAAGTAC-1,True,CGAGCACTCCAAGTAC-1_contig_1,True,498,TRA,TRAV29/DV5,None,TRAJ34,TRAC,True,True,CAASSPTSYNTDKLIF,TGTGCAGCAAGCTCTCCCACGAGTTATAACACCGACAAGCTCATCTTT,750,3,clonotype1663,clonotype1663_consensus_2
CGAGCACTCCAAGTAC-1,True,CGAGCACTCCAAGTAC-1_contig_2,True,726,TRB,TRBV5-6,None,TRBJ1-6,TRBC1,True,True,CASSFLTGEDSPLHF,TGTGCCAGCAGCTTCCTGACAGGGGAGGATTCACCCCTCCACTTT,1018,6,clonotype1663,clonotype1663_consensus_1
CGAGCACTCGAATCCA-1,True,CGAGCACTCGAATCCA-1_contig_1,True,512,TRB,TRBV20-1,None,TRBJ2-3,TRBC2,True,True,CSARGRDTQYF,TGCAGTGCTAGGGGAAGAGATACGCAGTATTTT,6155,14,clonotype1664,clonotype1664_consensus_2
CGAGCACTCGAATCCA-1,True,CGAGCACTCGAATCCA-1_contig_2,True,497,TRA,TRAV9-2,None,TRAJ54,TRAC,True,True,CALRRGIQGAQKLVF,TGTGCTCTGAGAAGAGGAATTCAGGGAGCCCAGAAGCTGGTATTT,8650,6,clonotype1664,clonotype1664_consensus_1
CGAGCCAAGAAGCCCA-1,True,CGAGCCAAGAAGCCCA-1_contig_1,True,505,TRA,TRAV1-2,None,TRAJ33,TRAC,True,True,CAATDSNYQLIW,TGTGCTGCGACTGATAGCAACTATCAGTTAATCTGG,257,2,clonotype1,clonotype1_consensus_2
CGAGCCAAGAAGCCCA-1,True,CGAGCCAAGAAGCCCA-1_contig_2,True,498,TRB,TRBV20-1,None,TRBJ2-1,TRBC2,True,True,CSARVGSEVNEQFF,TGCAGTGCTAGAGTGGGGTCGGAAGTCAATGAGCAGTTCTTC,1716,7,clonotype1,clonotype1_consensus_1
CGAGCCAAGAAGCCCA-1,True,CGAGCCAAGAAGCCCA-1_contig_3,True,457,TRA,TRAV10,None,TRAJ24,TRAC,True,False,None,None,181,3,clonotype1,None
CGAGCCAAGACAATAC-1,True,CGAGCCAAGACAATAC-1_contig_1,True,508,TRA,TRAV20,None,TRAJ24,TRAC,True,True,CAVMTTDSWGKFQF,TGTGCTGTTATGACAACTGACAGCTGGGGGAAATTCCAGTTT,767,4,clonotype86,clonotype86_consensus_1
CGAGCCAAGACTACAA-1,True,CGAGCCAAGACTACAA-1_contig_1,True,565,TRB,TRBV6-9,None,TRBJ2-6,TRBC2,True,True,CASNLNQTGINSGANVLTF,TGTGCCAGCAACTTGAATCAGACAGGTATCAACTCTGGGGCCAACGTCCTGACTTTC,2356,7,clonotype15,clonotype15_consensus_1
CGAGCCAAGACTACAA-1,True,CGAGCCAAGACTACAA-1_contig_2,True,465,TRA,TRAV13-1,None,TRAJ16,TRAC,True,True,CAASSGFSDGQKLLF,TGTGCAGCAAGTTCGGGTTTTTCAGATGGCCAGAAGCTGCTCTTT,1738,8,clonotype15,clonotype15_consensus_3
CGAGCCAAGACTACAA-1,True,CGAGCCAAGACTACAA-1_contig_3,True,741,TRB,TRBV5-6,None,TRBJ2-6,TRBC2,True,True,CASSLQGTGANVLTF,TGTGCCAGCAGCTTGCAGGGGACTGGGGCCAACGTCCTGACTTTC,789,11,clonotype15,clonotype15_consensus_2
CGAGCCAAGATAGGAG-1,True,CGAGCCAAGATAGGAG-1_contig_1,True,495,TRB,TRBV20-1,None,TRBJ2-1,TRBC2,True,True,CSARVGSEVNEQFF,TGCAGTGCTAGAGTGGGGTCGGAAGTCAATGAGCAGTTCTTC,856,6,clonotype2,clonotype2_consensus_1
CGAGCCAAGATCCCGC-1,True,CGAGCCAAGATCCCGC-1_contig_1,True,502,TRA,TRAV1-2,None,TRAJ30,TRAC,True,True,CAVRDLREIIF,TGTGCTGTGAGAGATCTTCGGGAGATCATCTTT,453,4,clonotype3,clonotype3_consensus_2
CGAGCCAAGATCCCGC-1,True,CGAGCCAAGATCCCGC-1_contig_2,True,491,TRB,TRBV5-5,None,TRBJ1-4,TRBC1,True,True,CASSHPGPNYATNEKLFF,TGTGCCAGCAGCCATCCCGGACCGAACTACGCAACTAATGAAAAACTGTTTTTT,264,1,clonotype3,clonotype3_consensus_1
CGAGCCAAGATCCCGC-1,True,CGAGCCAAGATCCCGC-1_contig_3,True,425,TRB,TRBV7-3,None,TRBJ2-1,TRBC2,True,False,CQQRSLKAGGPYNEQFF,TGCCAGCAGCGGTCACTTAAAGCGGGGGGACCCTACAATGAGCAGTTCTTC,1322,5,clonotype3,None
CGAGCCAAGGATTCGG-1,True,CGAGCCAAGGATTCGG-1_contig_1,True,505,TRA,TRAV1-2,None,TRAJ33,TRAC,True,True,CAATDSNYQLIW,TGTGCTGCGACTGATAGCAACTATCAGTTAATCTGG,955,3,clonotype1,clonotype1_consensus_2
CGAGCCAAGGATTCGG-1,True,CGAGCCAAGGATTCGG-1_contig_2,True,521,TRB,TRBV20-1,None,TRBJ2-1,TRBC2,True,True,CSARVGSEVNEQFF,TGCAGTGCTAGAGTGGGGTCGGAAGTCAATGAGCAGTTCTTC,3181,9,clonotype1,clonotype1_consensus_1
CGAGCCAAGTACGATA-1,True,CGAGCCAAGTACGATA-1_contig_1,True,486,TRB,TRBV20-1,None,TRBJ2-3,TRBC2,True,True,CSAPLLADTQYF,TGCAGTGCCCCCCTCCTCGCAGATACGCAGTATTTT,4051,16,clonotype1665,clonotype1665_consensus_1
CGAGCCAAGTACGATA-1,True,CGAGCCAAGTACGATA-1_contig_2,True,538,TRA,TRAV12-2,None,TRAJ49,TRAC,True,True,CAARGGNQFYF,TGTGCCGCCCGAGGTGGTAACCAGTTCTATTTT,13757,9,clonotype1665,clonotype1665_consensus_2
CGAGCCAAGTACGATA-1,True,CGAGCCAAGTACGATA-1_contig_3,True,378,TRB,None,None,TRBJ1-1,TRBC1,False,False,None,None,1001,1,clonotype1665,None
CGAGCCACAACACCTA-1,True,CGAGCCACAACACCTA-1_contig_1,True,505,TRA,TRAV1-2,None,TRAJ33,TRAC,True,True,CAATDSNYQLIW,TGTGCTGCGACTGATAGCAACTATCAGTTAATCTGG,2525,10,clonotype1,clonotype1_consensus_2
CGAGCCACAACACCTA-1,True,CGAGCCACAACACCTA-1_contig_2,True,521,TRB,TRBV20-1,None,TRBJ2-1,TRBC2,True,True,CSARVGSEVNEQFF,TGCAGTGCTAGAGTGGGGTCGGAAGTCAATGAGCAGTTCTTC,3885,17,clonotype1,clonotype1_consensus_1
CGAGCCACAAGCCCAC-1,True,CGAGCCACAAGCCCAC-1_contig_1,True,508,TRA,TRAV26-2,None,TRAJ45,TRAC,True,True,CILRGGSGGGADGLTF,TGCATCCTGAGAGGGGGGTCAGGAGGAGGTGCTGACGGACTCACCTTT,567,4,clonotype1666,clonotype1666_consensus_2
CGAGCCACAAGCCCAC-1,True,CGAGCCACAAGCCCAC-1_contig_2,True,505,TRB,TRBV20-1,None,TRBJ1-5,TRBC1,True,True,CSARVVQGRNQPQHF,TGCAGTGCTAGAGTCGTACAGGGCCGCAATCAGCCCCAGCATTTT,4124,13,clonotype1666,clonotype1666_consensus_1
CGAGCCACACTGCCAG-1,True,CGAGCCACACTGCCAG-1_contig_1,True,504,TRB,TRBV20-1,None,TRBJ1-6,TRBC1,True,True,CSARPDPSSYNSPLHF,TGCAGTGCTAGACCCGACCCAAGCTCCTATAATTCACCCCTCCACTTT,1532,5,clonotype1667,clonotype1667_consensus_1
CGAGCCACAGGACCCT-1,True,CGAGCCACAGGACCCT-1_contig_1,True,447,TRA,TRAV35,None,TRAJ40,TRAC,True,True,CAGRPDSGTYKYIF,TGTGCTGGTCGCCCGGACTCAGGAACCTACAAATACATCTTT,357,2,clonotype10,clonotype10_consensus_2
CGAGCCACAGGACCCT-1,True,CGAGCCACAGGACCCT-1_contig_2,True,524,TRB,TRBV20-1,None,TRBJ1-2,TRBC1,True,True,CSARDQTGVNYGYTF,TGCAGTGCTAGAGACCAGACAGGGGTTAACTATGGCTACACCTTC,4264,15,clonotype10,clonotype10_consensus_1
CGAGCCACAGGACCCT-1,True,CGAGCCACAGGACCCT-1_contig_3,True,615,TRA,TRAV16,None,TRAJ20,TRAC,True,False,None,None,1499,7,clonotype10,None
CGAGCCACATCACGAT-1,True,CGAGCCACATCACGAT-1_contig_1,True,521,TRB,TRBV20-1,None,TRBJ2-1,TRBC2,True,True,CSARGYETYNEQFF,TGCAGTGCTAGGGGTTACGAAACCTACAATGAGCAGTTCTTC,2874,11,clonotype288,clonotype288_consensus_1
CGAGCCAGTCAAGCGA-1,True,CGAGCCAGTCAAGCGA-1_contig_1,True,582,TRA,TRAV41,None,TRAJ43,TRAC,True,True,CAVNNNNDMRF,TGTGCTGTCAACAATAACAATGACATGCGCTTT,690,2,clonotype1668,clonotype1668_consensus_1
CGAGCCAGTCAAGCGA-1,True,CGAGCCAGTCAAGCGA-1_contig_2,True,498,TRB,TRBV20-1,None,TRBJ2-7,TRBC2,True,True,CSAKWGGFSYEQYF,TGCAGTGCAAAGTGGGGAGGTTTCTCCTACGAGCAGTACTTC,5439,10,clonotype1668,clonotype1668_consensus_2
CGAGCCAGTGCACCAC-1,True,CGAGCCAGTGCACCAC-1_contig_1,True,498,TRA,TRAV9-2,None,TRAJ13,TRAC,True,True,CALIPLSGGYQKVTF,TGTGCTCTGATTCCTCTTTCTGGGGGTTACCAGAAAGTTACCTTT,840,4,clonotype1669,clonotype1669_consensus_1
CGAGCCAGTGCACCAC-1,True,CGAGCCAGTGCACCAC-1_contig_2,True,574,TRA,TRAV8-4,None,TRAJ8,TRAC,True,False,None,None,85,4,clonotype1669,None
CGAGCCAGTTTGACTG-1,True,CGAGCCAGTTTGACTG-1_contig_1,True,682,TRB,TRBV5-5,None,TRBJ1-5,TRBC1,True,True,CASGLLNQPQHF,TGTGCCAGCGGACTGCTCAATCAGCCCCAGCATTTT,1182,7,clonotype1670,clonotype1670_consensus_2
CGAGCCAGTTTGACTG-1,True,CGAGCCAGTTTGACTG-1_contig_2,True,514,TRA,TRAV23/DV6,None,TRAJ39,TRAC,True,True,CAASIGGNAGNMLTF,TGTGCAGCAAGCATCGGCGGTAATGCAGGCAACATGCTCACCTTT,381,2,clonotype1670,clonotype1670_consensus_1
CGAGCCAGTTTGACTG-1,True,CGAGCCAGTTTGACTG-1_contig_3,True,305,TRA,None,None,TRAJ18,TRAC,False,False,None,None,806,4,clonotype1670,None
CGAGCCATCAGGTAAA-1,True,CGAGCCATCAGGTAAA-1_contig_1,True,543,TRA,TRAV16,None,TRAJ49,TRAC,True,True,CARRFGNQFYF,TGTGCTCGGCGGTTCGGTAACCAGTTCTATTTT,2215,7,clonotype1671,clonotype1671_consensus_2
CGAGCCATCAGGTAAA-1,True,CGAGCCATCAGGTAAA-1_contig_2,True,519,TRB,TRBV5-5,None,TRBJ1-1,TRBC1,True,True,CASSLNVRTGDTEAFF,TGTGCCAGCAGCTTGAATGTTCGGACAGGGGACACTGAAGCTTTCTTT,1760,8,clonotype1671,clonotype1671_consensus_1
CGAGCCATCCTTTACA-1,True,CGAGCCATCCTTTACA-1_contig_1,True,505,TRA,TRAV1-2,None,TRAJ33,TRAC,True,True,CAATDSNYQLIW,TGTGCTGCGACTGATAGCAACTATCAGTTAATCTGG,400,2,clonotype1,clonotype1_consensus_2
CGAGCCATCCTTTACA-1,True,CGAGCCATCCTTTACA-1_contig_2,True,521,TRB,TRBV20-1,None,TRBJ2-1,TRBC2,True,True,CSARVGSEVNEQFF,TGCAGTGCTAGAGTGGGGTCGGAAGTCAATGAGCAGTTCTTC,2734,5,clonotype1,clonotype1_consensus_1
CGAGCCATCCTTTACA-1,True,CGAGCCATCCTTTACA-1_contig_3,True,482,TRA,TRAV10,None,TRAJ24,TRAC,True,False,None,None,2121,4,clonotype1,None
CGATCGGAGAAGAAGC-1,True,CGATCGGAGAAGAAGC-1_contig_1,True,505,TRA,TRAV1-2,None,TRAJ33,TRAC,True,True,CAATDSNYQLIW,TGTGCTGCGACTGATAGCAACTATCAGTTAATCTGG,282,1,clonotype1,clonotype1_consensus_2
CGATCGGAGAAGAAGC-1,True,CGATCGGAGAAGAAGC-1_contig_2,True,521,TRB,TRBV20-1,None,TRBJ2-1,TRBC2,True,True,CSARVGSEVNEQFF,TGCAGTGCTAGAGTGGGGTCGGAAGTCAATGAGCAGTTCTTC,1696,6,clonotype1,clonotype1_consensus_1
CGATCGGAGACATAAC-1,True,CGATCGGAGACATAAC-1_contig_1,True,512,TRB,TRBV20-1,None,TRBJ1-2,TRBC1,True,True,CSASPNYGYTF,TGCAGTGCCTCCCCAAACTATGGCTACACCTTC,649,3,clonotype1672,clonotype1672_consensus_1
CGATCGGAGACATAAC-1,True,CGATCGGAGACATAAC-1_contig_2,True,532,TRA,TRAV21,None,TRAJ58,TRAC,True,False,None,None,2805,9,clonotype1672,None
CGATCGGAGAGGGATA-1,True,CGATCGGAGAGGGATA-1_contig_1,True,505,TRA,TRAV1-2,None,TRAJ33,TRAC,True,True,CAATDSNYQLIW,TGTGCTGCGACTGATAGCAACTATCAGTTAATCTGG,398,3,clonotype1,clonotype1_consensus_2
CGATCGGAGAGGGATA-1,True,CGATCGGAGAGGGATA-1_contig_2,True,498,TRB,TRBV20-1,None,TRBJ2-1,TRBC2,True,True,CSARVGSEVNEQFF,TGCAGTGCTAGAGTGGGGTCGGAAGTCAATGAGCAGTTCTTC,1203,4,clonotype1,clonotype1_consensus_1
CGATCGGAGCGCCTCA-1,True,CGATCGGAGCGCCTCA-1_contig_1,True,518,TRB,TRBV20-1,None,TRBJ1-4,TRBC1,True,True,CSARGRLNEKLFF,TGCAGTGCTAGGGGCAGGCTTAATGAAAAACTGTTTTTT,1454,7,clonotype289,clonotype289_consensus_1
CGATCGGAGCTAAACA-1,True,CGATCGGAGCTAAACA-1_contig_1,True,494,TRB,TRBV20-1,None,TRBJ1-1,TRBC1,True,True,CSARETGKPEAFF,TGCAGTGCTAGAGAGACAGGGAAACCTGAAGCTTTCTTT,2456,6,clonotype1673,clonotype1673_consensus_1
CGATCGGAGGAGTACC-1,True,CGATCGGAGGAGTACC-1_contig_1,True,498,TRB,TRBV20-1,None,TRBJ2-1,TRBC2,True,True,CSARVGSEVNEQFF,TGCAGTGCTAGAGTGGGGTCGGAAGTCAATGAGCAGTTCTTC,1233,4,clonotype2,clonotype2_consensus_1
CGATCGGAGGAGTACC-1,True,CGATCGGAGGAGTACC-1_contig_2,True,482,TRA,TRAV10,None,TRAJ24,TRAC,True,False,None,None,313,2,clonotype2,None
CGATCGGAGGATGGTC-1,True,CGATCGGAGGATGGTC-1_contig_1,True,505,TRA,TRAV1-2,None,TRAJ33,TRAC,True,True,CAATDSNYQLIW,TGTGCTGCGACTGATAGCAACTATCAGTTAATCTGG,1168,4,clonotype1,clonotype1_consensus_2
CGATCGGAGGATGGTC-1,True,CGATCGGAGGATGGTC-1_contig_2,True,521,TRB,TRBV20-1,None,TRBJ2-1,TRBC2,True,True,CSARVGSEVNEQFF,TGCAGTGCTAGAGTGGGGTCGGAAGTCAATGAGCAGTTCTTC,4049,9,clonotype1,clonotype1_consensus_1
CGATCGGAGTATCGAA-1,True,CGATCGGAGTATCGAA-1_contig_1,True,505,TRA,TRAV1-2,None,TRAJ33,TRAC,True,True,CAATDSNYQLIW,TGTGCTGCGACTGATAGCAACTATCAGTTAATCTGG,797,4,clonotype1,clonotype1_consensus_2
CGATCGGAGTATCGAA-1,True,CGATCGGAGTATCGAA-1_contig_2,True,521,TRB,TRBV20-1,None,TRBJ2-1,TRBC2,True,True,CSARVGSEVNEQFF,TGCAGTGCTAGAGTGGGGTCGGAAGTCAATGAGCAGTTCTTC,1916,8,clonotype1,clonotype1_consensus_1
CGATCGGAGTCGAGTG-1,True,CGATCGGAGTCGAGTG-1_contig_1,True,495,TRB,TRBV20-1,None,TRBJ2-1,TRBC2,True,True,CSARVGSEVNEQFF,TGCAGTGCTAGAGTGGGGTCGGAAGTCAATGAGCAGTTCTTC,1381,5,clonotype2,clonotype2_consensus_1
CGATCGGAGTCGAGTG-1,True,CGATCGGAGTCGAGTG-1_contig_2,True,531,TRA,TRAV10,None,TRAJ24,TRAC,True,False,None,None,742,3,clonotype2,None
CGATCGGCAAGCGAGT-1,True,CGATCGGCAAGCGAGT-1_contig_1,True,453,TRA,TRAV9-2,None,TRAJ20,TRAC,True,True,CALSSYSNDYKLSF,TGTGCTCTGAGCTCCTATTCTAACGACTACAAGCTCAGCTTT,177,2,clonotype51,clonotype51_consensus_2
CGATCGGCAAGCGAGT-1,True,CGATCGGCAAGCGAGT-1_contig_2,True,477,TRB,TRBV5-5,None,TRBJ1-1,TRBC1,True,True,CASSPAPDTEAFF,TGTGCCAGCAGCCCCGCTCCGGACACTGAAGCTTTCTTT,1534,3,clonotype51,clonotype51_consensus_1
CGATCGGCACGAAACG-1,True,CGATCGGCACGAAACG-1_contig_1,True,488,TRB,TRBV20-1,None,TRBJ1-5,TRBC1,True,True,CSADWGGTSNQPQHF,TGCAGTGCAGACTGGGGGGGGACAAGCAATCAGCCCCAGCATTTT,2327,5,clonotype1674,clonotype1674_consensus_2
CGATCGGCACGAAACG-1,True,CGATCGGCACGAAACG-1_contig_2,True,510,TRA,TRAV26-1,None,TRAJ9,TRAC,True,True,CIVRGTGGFKTIF,TGCATCGTCAGAGGTACTGGAGGCTTCAAAACTATCTTT,652,2,clonotype1674,clonotype1674_consensus_1
CGATCGGCACGAAACG-1,True,CGATCGGCACGAAACG-1_contig_3,True,339,TRA,TRAV41,None,TRAJ57,TRAC,True,False,CRLHLCLRGGSEKLVF,TGCCGTCTACATCTGTGCCTCCGGGGCGGATCTGAAAAGCTGGTCTTT,332,2,clonotype1674,None
CGATCGGCACGAGGTA-1,True,CGATCGGCACGAGGTA-1_contig_1,True,501,TRB,TRBV20-1,None,TRBJ2-1,TRBC2,True,True,CSARVGSEVNEQFF,TGCAGTGCTAGAGTGGGGTCGGAAGTCAATGAGCAGTTCTTC,331,4,clonotype2,clonotype2_consensus_1
CGATCGGCAGTGACAG-1,True,CGATCGGCAGTGACAG-1_contig_1,True,505,TRA,TRAV1-2,None,TRAJ33,TRAC,True,True,CAATDSNYQLIW,TGTGCTGCGACTGATAGCAACTATCAGTTAATCTGG,488,3,clonotype1,clonotype1_consensus_2
CGATCGGCAGTGACAG-1,True,CGATCGGCAGTGACAG-1_contig_2,True,514,TRB,TRBV20-1,None,TRBJ2-1,TRBC2,True,True,CSARVGSEVNEQFF,TGCAGTGCTAGAGTGGGGTCGGAAGTCAATGAGCAGTTCTTC,1855,8,clonotype1,clonotype1_consensus_1
CGATCGGCATGGTAGG-1,True,CGATCGGCATGGTAGG-1_contig_1,True,523,TRA,TRAV14/DV4,None,TRAJ36,TRAC,True,True,CAMSLQTGANNLFF,TGTGCAATGAGCCTCCAAACTGGGGCAAACAACCTCTTCTTT,1124,3,clonotype1675,clonotype1675_consensus_2
CGATCGGCATGGTAGG-1,True,CGATCGGCATGGTAGG-1_contig_2,True,507,TRB,TRBV20-1,None,TRBJ2-4,TRBC2,True,True,CSAHGTSGPGAKNIQYF,TGCAGTGCTCACGGGACTAGCGGTCCTGGGGCCAAAAACATTCAGTACTTC,1269,7,clonotype1675,clonotype1675_consensus_1
CGATCGGGTCCAGTTA-1,True,CGATCGGGTCCAGTTA-1_contig_1,True,530,TRB,TRBV20-1,None,TRBJ1-6,TRBC1,True,True,CSARDEGIASYNSPLHF,TGCAGTGCTAGAGATGAAGGGATCGCCTCCTATAATTCACCCCTCCACTTT,2339,10,clonotype1676,clonotype1676_consensus_1
CGATCGGGTCCAGTTA-1,True,CGATCGGGTCCAGTTA-1_contig_2,True,498,TRA,TRAV9-2,None,TRAJ53,TRAC,True,True,CALYSTGGSNYKLTF,TGTGCTCTGTATTCAACAGGAGGTAGCAACTATAAACTGACATTT,299,4,clonotype1676,clonotype1676_consensus_2
CGATCGGGTCCAGTTA-1,True,CGATCGGGTCCAGTTA-1_contig_3,True,512,TRA,TRAV27,None,TRAJ42,TRAC,True,False,None,None,1451,6,clonotype1676,None
CGATCGGGTCTTTCAT-1,True,CGATCGGGTCTTTCAT-1_contig_1,True,462,TRA,TRAV13-1,None,TRAJ33,TRAC,True,True,CAARGLSSNYQLIW,TGTGCAGCAAGGGGCCTGAGTAGCAACTATCAGTTAATCTGG,353,5,clonotype31,clonotype31_consensus_2
CGATCGGGTCTTTCAT-1,True,CGATCGGGTCTTTCAT-1_contig_2,True,501,TRB,TRBV20-1,None,TRBJ2-7,TRBC2,True,True,CSARETRTSGGYEQYF,TGCAGTGCTAGAGAAACAAGGACTAGCGGGGGGTACGAGCAGTACTTC,315,4,clonotype31,clonotype31_consensus_1
CGATCGGGTGCTAGCC-1,True,CGATCGGGTGCTAGCC-1_contig_1,True,462,TRA,TRAV13-1,None,TRAJ3,TRAC,True,True,CAASMNSSASKIIF,TGTGCAGCAAGTATGAACAGCAGTGCTTCCAAGATAATCTTT,1197,5,clonotype1677,clonotype1677_consensus_2
CGATCGGGTGCTAGCC-1,True,CGATCGGGTGCTAGCC-1_contig_2,True,451,TRA,TRAV2,None,TRAJ29,TRAC,True,True,CAVGRNSGNTPLVF,TGTGCTGTGGGCCGGAATTCAGGAAACACACCTCTTGTCTTT,633,2,clonotype1677,clonotype1677_consensus_3
CGATCGGGTGCTAGCC-1,True,CGATCGGGTGCTAGCC-1_contig_3,True,498,TRB,TRBV20-1,None,TRBJ1-1,TRBC1,True,True,CSARDPTGATEAFF,TGCAGTGCTAGAGATCCGACAGGGGCCACTGAAGCTTTCTTT,4562,10,clonotype1677,clonotype1677_consensus_1
CGATCGGGTGCTAGCC-1,True,CGATCGGGTGCTAGCC-1_contig_4,True,337,TRB,None,None,TRBJ2-6,TRBC2,False,False,None,None,767,1,clonotype1677,None
CGATCGGGTGCTCTTC-1,True,CGATCGGGTGCTCTTC-1_contig_1,True,656,TRB,TRBV5-6,None,TRBJ2-1,TRBC2,True,True,CASSLGGYNEQFF,TGTGCCAGCAGCTTGGGCGGTTACAATGAGCAGTTCTTC,997,5,clonotype1678,clonotype1678_consensus_2
CGATCGGGTGCTCTTC-1,True,CGATCGGGTGCTCTTC-1_contig_2,True,499,TRA,TRAV17,None,TRAJ6,TRAC,True,True,CATVSGGSYIPTF,TGTGCTACCGTATCAGGAGGAAGCTACATACCTACATTT,893,3,clonotype1678,clonotype1678_consensus_1
CGATCGGGTGCTCTTC-1,True,CGATCGGGTGCTCTTC-1_contig_3,True,344,TRB,None,None,TRBJ2-7,TRBC2,False,False,None,None,1770,5,clonotype1678,None
CGATCGGGTGTATGGG-1,True,CGATCGGGTGTATGGG-1_contig_1,True,545,TRA,TRAV26-1,None,TRAJ49,TRAC,True,True,CIVRVASTGNQFYF,TGCATCGTCAGAGTCGCGAGCACCGGTAACCAGTTCTATTTT,310,3,clonotype1679,clonotype1679_consensus_2
CGATCGGGTGTATGGG-1,True,CGATCGGGTGTATGGG-1_contig_2,True,518,TRB,TRBV20-1,None,TRBJ1-2,TRBC1,True,True,CSARDRVNYGYTF,TGCAGTGCCCGGGACAGGGTGAACTATGGCTACACCTTC,669,5,clonotype1679,clonotype1679_consensus_1
CGATCGGGTTCGCTAA-1,True,CGATCGGGTTCGCTAA-1_contig_1,True,495,TRB,TRBV20-1,None,TRBJ2-1,TRBC2,True,True,CSPTDRDSSFNKQFF,TGCAGTCCAACCGACCGGGACAGCTCCTTCAATAAGCAGTTCTTC,674,4,clonotype1680,clonotype1680_consensus_1
CGATCGGGTTGAGGTG-1,True,CGATCGGGTTGAGGTG-1_contig_1,True,505,TRA,TRAV1-2,None,TRAJ33,TRAC,True,True,CAATDSNYQLIW,TGTGCTGCGACTGATAGCAACTATCAGTTAATCTGG,262,2,clonotype1,clonotype1_consensus_2
CGATCGGGTTGAGGTG-1,True,CGATCGGGTTGAGGTG-1_contig_2,True,518,TRB,TRBV20-1,None,TRBJ2-1,TRBC2,True,True,CSARVGSEVNEQFF,TGCAGTGCTAGAGTGGGGTCGGAAGTCAATGAGCAGTTCTTC,711,4,clonotype1,clonotype1_consensus_1
CGATCGGGTTGAGGTG-1,True,CGATCGGGTTGAGGTG-1_contig_3,True,459,TRA,TRAV10,None,TRAJ24,TRAC,True,False,None,None,254,1,clonotype1,None
CGATCGGTCAACGAAA-1,True,CGATCGGTCAACGAAA-1_contig_1,True,505,TRA,TRAV1-2,None,TRAJ33,TRAC,True,True,CAATDSNYQLIW,TGTGCTGCGACTGATAGCAACTATCAGTTAATCTGG,372,4,clonotype1,clonotype1_consensus_2
CGATCGGTCAACGAAA-1,True,CGATCGGTCAACGAAA-1_contig_2,True,498,TRB,TRBV20-1,None,TRBJ2-1,TRBC2,True,True,CSARVGSEVNEQFF,TGCAGTGCTAGAGTGGGGTCGGAAGTCAATGAGCAGTTCTTC,2381,8,clonotype1,clonotype1_consensus_1
CGATCGGTCAACGAAA-1,True,CGATCGGTCAACGAAA-1_contig_3,True,482,TRA,TRAV10,None,TRAJ24,TRAC,True,False,None,None,418,2,clonotype1,None
CGATCGGTCAATACCG-1,True,CGATCGGTCAATACCG-1_contig_1,True,504,TRB,TRBV20-1,None,TRBJ1-5,TRBC1,True,True,CSARDLRQGSNQPQHF,TGCAGTGCTAGAGATCTCAGGCAGGGTAGCAATCAGCCCCAGCATTTT,396,2,clonotype1681,clonotype1681_consensus_1
CGATCGGTCAATACCG-1,True,CGATCGGTCAATACCG-1_contig_2,True,669,TRB,TRBV5-6,None,TRBJ2-6,TRBC2,True,True,CASSSKIDSSGANVLTF,TGTGCCAGCAGCTCCAAGATTGACAGCTCTGGGGCCAACGTCCTGACTTTC,1844,10,clonotype1681,clonotype1681_consensus_3
CGATCGGTCAATACCG-1,True,CGATCGGTCAATACCG-1_contig_3,True,598,TRA,TRAV12-1,None,TRAJ33,TRAC,True,True,CVVHLGSNYQLIW,TGTGTGGTCCACCTCGGGAGCAACTATCAGTTAATCTGG,2051,8,clonotype1681,clonotype1681_consensus_2
CGATCGGTCAATACCG-1,True,CGATCGGTCAATACCG-1_contig_4,True,313,TRB,None,None,TRBJ1-1,TRBC1,False,False,None,None,972,2,clonotype1681,None
CGATCGGTCCTGCTTG-1,True,CGATCGGTCCTGCTTG-1_contig_1,True,580,TRA,TRAV8-1,None,TRAJ8,TRAC,True,True,CAVNAGMNTGFQKLVF,TGTGCCGTGAATGCGGGGATGAACACAGGCTTTCAGAAACTTGTATTT,657,4,clonotype290,clonotype290_consensus_3
CGATCGGTCCTGCTTG-1,True,CGATCGGTCCTGCTTG-1_contig_2,True,506,TRA,TRAV13-2,None,TRAJ3,TRAC,True,True,CAENNGPSKIIF,TGTGCAGAGAATAACGGGCCTTCCAAGATAATCTTT,1081,6,clonotype290,clonotype290_consensus_2
CGATCGGTCCTGCTTG-1,True,CGATCGGTCCTGCTTG-1_contig_3,True,658,TRB,TRBV5-6,None,TRBJ1-4,TRBC1,True,True,CASSQKGRSNEKLFF,TGTGCCAGCAGCCAGAAGGGGAGGAGTAATGAAAAACTGTTTTTT,1893,6,clonotype290,clonotype290_consensus_1
CGATCGGTCGCATGAT-1,True,CGATCGGTCGCATGAT-1_contig_1,True,521,TRA,TRAV13-2,None,TRAJ45,TRAC,True,True,CAENIPYSGGGADGLTF,TGTGCAGAGAATATCCCCTATTCAGGAGGAGGTGCTGACGGACTCACCTTT,199,1,clonotype291,clonotype291_consensus_2
CGATCGGTCGCATGAT-1,True,CGATCGGTCGCATGAT-1_contig_2,True,662,TRB,TRBV5-6,None,TRBJ1-5,TRBC1,True,True,CASSLDGTGNQPQHF,TGTGCCAGCAGCTTGGACGGGACAGGGAATCAGCCCCAGCATTTT,1847,9,clonotype291,clonotype291_consensus_1
CGATCGGTCTTGTACT-1,True,CGATCGGTCTTGTACT-1_contig_1,True,498,TRB,TRBV20-1,None,TRBJ2-1,TRBC2,True,True,CSARVGSEVNEQFF,TGCAGTGCTAGAGTGGGGTCGGAAGTCAATGAGCAGTTCTTC,695,3,clonotype2,clonotype2_consensus_1
CGATCGGTCTTGTACT-1,True,CGATCGGTCTTGTACT-1_contig_2,True,471,TRA,TRAV10,None,TRAJ24,TRAC,True,False,None,None,860,3,clonotype2,None
CGATGGCAGACTAAGT-1,True,CGATGGCAGACTAAGT-1_contig_1,True,505,TRA,TRAV1-2,None,TRAJ33,TRAC,True,True,CAATDSNYQLIW,TGTGCTGCGACTGATAGCAACTATCAGTTAATCTGG,213,4,clonotype1,clonotype1_consensus_2
CGATGGCAGACTAAGT-1,True,CGATGGCAGACTAAGT-1_contig_2,True,521,TRB,TRBV20-1,None,TRBJ2-1,TRBC2,True,True,CSARVGSEVNEQFF,TGCAGTGCTAGAGTGGGGTCGGAAGTCAATGAGCAGTTCTTC,2443,11,clonotype1,clonotype1_consensus_1
CGATGGCAGATATGGT-1,True,CGATGGCAGATATGGT-1_contig_1,True,505,TRA,TRAV1-2,None,TRAJ33,TRAC,True,True,CAATDSNYQLIW,TGTGCTGCGACTGATAGCAACTATCAGTTAATCTGG,1274,6,clonotype1,clonotype1_consensus_2
CGATGGCAGATATGGT-1,True,CGATGGCAGATATGGT-1_contig_2,True,505,TRB,TRBV20-1,None,TRBJ2-1,TRBC2,True,True,CSARVGSEVNEQFF,TGCAGTGCTAGAGTGGGGTCGGAAGTCAATGAGCAGTTCTTC,2332,11,clonotype1,clonotype1_consensus_1
CGATGGCAGATGCCAG-1,True,CGATGGCAGATGCCAG-1_contig_1,True,515,TRB,TRBV20-1,None,TRBJ1-1,TRBC1,True,True,CSTNRDGSEAFF,TGCAGTACAAACAGGGATGGCAGTGAAGCTTTCTTT,1251,5,clonotype1682,clonotype1682_consensus_2
CGATGGCAGATGCCAG-1,True,CGATGGCAGATGCCAG-1_contig_2,True,459,TRA,TRAV13-1,None,TRAJ53,TRAC,True,True,CAASRGSNYKLTF,TGTGCAGCAAGTAGAGGTAGCAACTATAAACTGACATTT,1574,4,clonotype1682,clonotype1682_consensus_1
CGATGGCAGTTAGGTA-1,True,CGATGGCAGTTAGGTA-1_contig_1,True,462,TRA,TRAV13-1,None,TRAJ8,TRAC,True,True,CAATSNTGFQKLVF,TGTGCAGCAACTTCCAACACAGGCTTTCAGAAACTTGTATTT,519,2,clonotype1683,clonotype1683_consensus_2
CGATGGCAGTTAGGTA-1,True,CGATGGCAGTTAGGTA-1_contig_2,True,635,TRB,TRBV5-6,None,TRBJ1-5,TRBC1,True,True,CASSLAARGHQPQHF,TGTGCCAGCAGCCTTGCGGCAAGGGGTCATCAGCCCCAGCATTTT,1308,7,clonotype1683,clonotype1683_consensus_1
CGATGGCCAAAGTCAA-1,True,CGATGGCCAAAGTCAA-1_contig_1,True,491,TRB,TRBV20-1,None,TRBJ1-5,TRBC1,True,True,CSAIGQGAPSNQPQHF,TGCAGTGCTATCGGACAGGGGGCGCCGAGCAATCAGCCCCAGCATTTT,899,5,clonotype12,clonotype12_consensus_1
CGATGGCCAAAGTCAA-1,True,CGATGGCCAAAGTCAA-1_contig_2,True,508,TRB,TRBV7-2,None,TRBJ2-3,TRBC2,True,False,None,None,1136,6,clonotype12,None
CGATGGCCAAGGCTCC-1,True,CGATGGCCAAGGCTCC-1_contig_1,True,515,TRB,TRBV20-1,None,TRBJ1-2,TRBC1,True,True,CSAPQGYYGYTF,TGCAGTGCCCCACAGGGTTACTATGGCTACACCTTC,1091,3,clonotype24,clonotype24_consensus_1
CGATGGCCAAGGCTCC-1,True,CGATGGCCAAGGCTCC-1_contig_2,True,475,TRA,TRAV34,None,TRAJ30,TRAC,True,True,CGADGGDDKIIF,TGTGGAGCAGACGGCGGGGATGACAAGATCATCTTT,1133,4,clonotype24,clonotype24_consensus_2
CGATGGCCAAGGCTCC-1,True,CGATGGCCAAGGCTCC-1_contig_3,True,334,TRB,None,None,TRBJ1-3,TRBC1,False,False,None,None,1461,2,clonotype24,None
CGATGGCCAAGGTGTG-1,True,CGATGGCCAAGGTGTG-1_contig_1,True,501,TRB,TRBV20-1,None,TRBJ1-2,TRBC1,True,True,CTTGETGSANYGYTF,TGCACCACAGGGGAGACAGGGTCGGCTAACTATGGCTACACCTTC,3032,9,clonotype1684,clonotype1684_consensus_1
CGATGGCCAAGGTGTG-1,True,CGATGGCCAAGGTGTG-1_contig_2,True,498,TRA,TRAV12-3,None,TRAJ9,TRAC,True,True,CAMSGAGGFKTIF,TGTGCAATGAGCGGGGCTGGAGGCTTCAAAACTATCTTT,1177,4,clonotype1684,clonotype1684_consensus_2
CGATGGCCAAGGTGTG-1,True,CGATGGCCAAGGTGTG-1_contig_3,True,403,TRA,TRAV1-2,None,TRAJ35,TRAC,True,False,None,None,722,4,clonotype1684,None
CGATGGCCACAACTGT-1,True,CGATGGCCACAACTGT-1_contig_1,True,520,TRB,TRBV20-1,None,TRBJ2-2,TRBC2,True,True,CSARDGTSGDTGELFF,TGCAGTGCTAGAGATGGGACTAGCGGGGACACCGGGGAGCTGTTTTTT,1717,8,clonotype1685,clonotype1685_consensus_1
CGATGGCCACAACTGT-1,True,CGATGGCCACAACTGT-1_contig_2,True,505,TRA,TRAV1-2,None,TRAJ33,TRAC,True,True,CAVMDSNYQLIW,TGTGCTGTTATGGATAGCAACTATCAGTTAATCTGG,1025,5,clonotype1685,clonotype1685_consensus_2
CGATGGCCACCGTTGG-1,True,CGATGGCCACCGTTGG-1_contig_1,True,518,TRB,TRBV20-1,None,TRBJ1-5,TRBC1,True,True,CSARVAGNQPQHF,TGCAGTGCTAGAGTGGCGGGGAATCAGCCCCAGCATTTT,2060,10,clonotype1686,clonotype1686_consensus_1
CGATGGCCACCGTTGG-1,True,CGATGGCCACCGTTGG-1_contig_2,True,455,TRA,TRAV2,None,TRAJ29,TRAC,True,True,CAVSGPSSGNTPLVF,TGTGCTGTATCGGGGCCTTCTTCAGGAAACACACCTCTTGTCTTT,183,2,clonotype1686,clonotype1686_consensus_2
CGATGGCCACGAAGCA-1,True,CGATGGCCACGAAGCA-1_contig_1,True,659,TRA,TRAV8-6,None,TRAJ48,TRAC,True,True,CAGLGFGNEKLTF,TGTGCTGGGCTCGGCTTTGGAAATGAGAAATTAACCTTT,293,3,clonotype1687,clonotype1687_consensus_1
CGATGGCCACGAAGCA-1,True,CGATGGCCACGAAGCA-1_contig_2,True,304,TRB,None,None,TRBJ2-1,TRBC2,False,False,None,None,1035,8,clonotype1687,None
CGATGGCCACGAAGCA-1,True,CGATGGCCACGAAGCA-1_contig_3,True,657,TRA,TRAV8-2,None,TRAJ45,TRAC,True,False,None,None,370,2,clonotype1687,None
CGATGGCCACGACTCG-1,True,CGATGGCCACGACTCG-1_contig_1,True,498,TRB,TRBV20-1,None,TRBJ2-1,TRBC2,True,True,CSARVGSEVNEQFF,TGCAGTGCTAGAGTGGGGTCGGAAGTCAATGAGCAGTTCTTC,3766,9,clonotype2,clonotype2_consensus_1
CGATGGCCACGGTTTA-1,True,CGATGGCCACGGTTTA-1_contig_1,True,505,TRA,TRAV1-2,None,TRAJ33,TRAC,True,True,CAATDSNYQLIW,TGTGCTGCGACTGATAGCAACTATCAGTTAATCTGG,402,4,clonotype1,clonotype1_consensus_2
CGATGGCCACGGTTTA-1,True,CGATGGCCACGGTTTA-1_contig_2,True,498,TRB,TRBV20-1,None,TRBJ2-1,TRBC2,True,True,CSARVGSEVNEQFF,TGCAGTGCTAGAGTGGGGTCGGAAGTCAATGAGCAGTTCTTC,1822,7,clonotype1,clonotype1_consensus_1
CGATGGCCACGGTTTA-1,True,CGATGGCCACGGTTTA-1_contig_3,True,468,TRA,TRAV10,None,TRAJ24,TRAC,True,False,None,None,442,2,clonotype1,None
CGATGGCCAGCCTTGG-1,True,CGATGGCCAGCCTTGG-1_contig_1,True,505,TRA,TRAV1-2,None,TRAJ33,TRAC,True,True,CAATDSNYQLIW,TGTGCTGCGACTGATAGCAACTATCAGTTAATCTGG,74,3,clonotype1,clonotype1_consensus_2
CGATGGCCAGCCTTGG-1,True,CGATGGCCAGCCTTGG-1_contig_2,True,473,TRB,TRBV20-1,None,TRBJ2-1,TRBC2,True,True,CSARVGSEVNEQFF,TGCAGTGCTAGAGTGGGGTCGGAAGTCAATGAGCAGTTCTTC,2977,9,clonotype1,clonotype1_consensus_1
CGATGGCCAGCCTTGG-1,True,CGATGGCCAGCCTTGG-1_contig_3,True,456,TRA,TRAV10,None,TRAJ24,TRAC,True,False,None,None,444,1,clonotype1,None
CGATGGCCAGCCTTTC-1,True,CGATGGCCAGCCTTTC-1_contig_1,True,505,TRA,TRAV1-2,None,TRAJ33,TRAC,True,True,CAAMDSNYQLIW,TGTGCTGCCATGGATAGCAACTATCAGTTAATCTGG,173,2,clonotype21,clonotype21_consensus_2
CGATGGCCAGCCTTTC-1,True,CGATGGCCAGCCTTTC-1_contig_2,True,473,TRB,TRBV20-1,None,TRBJ1-1,TRBC1,True,True,CSAREGGKDTEAFF,TGCAGTGCTAGGGAGGGGGGTAAGGACACTGAAGCTTTCTTT,1483,8,clonotype21,clonotype21_consensus_1
CGATGGCCAGCCTTTC-1,True,CGATGGCCAGCCTTTC-1_contig_3,True,532,TRA,TRAV12-2,None,TRAJ49,TRAC,True,False,None,None,1376,4,clonotype21,None
CGATGGCCAGTGACAG-1,True,CGATGGCCAGTGACAG-1_contig_1,True,505,TRA,TRAV1-2,None,TRAJ33,TRAC,True,True,CAATDSNYQLIW,TGTGCTGCGACTGATAGCAACTATCAGTTAATCTGG,914,5,clonotype1,clonotype1_consensus_2
CGATGGCCAGTGACAG-1,True,CGATGGCCAGTGACAG-1_contig_2,True,521,TRB,TRBV20-1,None,TRBJ2-1,TRBC2,True,True,CSARVGSEVNEQFF,TGCAGTGCTAGAGTGGGGTCGGAAGTCAATGAGCAGTTCTTC,2542,11,clonotype1,clonotype1_consensus_1
CGATGGCCATCGATTG-1,True,CGATGGCCATCGATTG-1_contig_1,True,498,TRB,TRBV20-1,None,TRBJ2-1,TRBC2,True,True,CSARVGSEVNEQFF,TGCAGTGCTAGAGTGGGGTCGGAAGTCAATGAGCAGTTCTTC,1744,7,clonotype2,clonotype2_consensus_1
CGATGGCCATCGATTG-1,True,CGATGGCCATCGATTG-1_contig_2,True,369,TRA,None,None,TRAJ32,TRAC,False,False,None,None,44,1,clonotype2,None
CGATGGCGTACTTGAC-1,True,CGATGGCGTACTTGAC-1_contig_1,True,515,TRA,TRAV13-2,None,TRAJ53,TRAC,True,True,CAENRSGGSNYKLTF,TGTGCAGAGAATCGGAGTGGAGGTAGCAACTATAAACTGACATTT,780,4,clonotype1688,clonotype1688_consensus_2
CGATGGCGTACTTGAC-1,True,CGATGGCGTACTTGAC-1_contig_2,True,498,TRB,TRBV20-1,None,TRBJ2-1,TRBC2,True,True,CSARRGGANNEQFF,TGCAGTGCCAGACGGGGGGGCGCAAACAATGAGCAGTTCTTC,1852,8,clonotype1688,clonotype1688_consensus_1
CGATGGCGTATATCCG-1,True,CGATGGCGTATATCCG-1_contig_1,True,484,TRA,TRAV1-2,None,TRAJ33,TRAC,True,True,CAATDSNYQLIW,TGTGCTGCGACTGATAGCAACTATCAGTTAATCTGG,254,1,clonotype1,clonotype1_consensus_2
CGATGGCGTATATCCG-1,True,CGATGGCGTATATCCG-1_contig_2,True,498,TRB,TRBV20-1,None,TRBJ2-1,TRBC2,True,True,CSARVGSEVNEQFF,TGCAGTGCTAGAGTGGGGTCGGAAGTCAATGAGCAGTTCTTC,694,3,clonotype1,clonotype1_consensus_1
CGATGGCGTGCGCTTG-1,True,CGATGGCGTGCGCTTG-1_contig_1,True,492,TRB,TRBV20-1,None,TRBJ1-5,TRBC1,True,True,CSAPDRGNQPQHF,TGCAGTGCCCCGGACAGGGGAAATCAGCCCCAGCATTTT,1420,4,clonotype1689,clonotype1689_consensus_2
CGATGGCGTGCGCTTG-1,True,CGATGGCGTGCGCTTG-1_contig_2,True,495,TRA,TRAV9-2,None,TRAJ43,TRAC,True,True,CARDLTYNNNDMRF,TGTGCTCGGGATCTAACCTACAATAACAATGACATGCGCTTT,1464,5,clonotype1689,clonotype1689_consensus_1
CGATGGCGTGCGCTTG-1,True,CGATGGCGTGCGCTTG-1_contig_3,True,574,TRA,TRAV8-1,None,TRAJ53,TRAC,True,True,CAVRSGGSNYKLTF,TGTGCCGTGAGAAGTGGAGGTAGCAACTATAAACTGACATTT,741,6,clonotype1689,clonotype1689_consensus_3
CGATGGCGTGCTCTTC-1,True,CGATGGCGTGCTCTTC-1_contig_1,True,495,TRB,TRBV20-1,None,TRBJ2-1,TRBC2,True,True,CSASSGGAGEQFF,TGCAGTGCTAGTAGTGGGGGGGCCGGGGAGCAGTTCTTC,902,3,clonotype140,clonotype140_consensus_1
CGATGGCGTGGTAACG-1,True,CGATGGCGTGGTAACG-1_contig_1,True,518,TRB,TRBV20-1,None,TRBJ2-6,TRBC2,True,True,CSARGGAPNVLTF,TGCAGTGCTAGAGGGGGAGCTCCCAACGTCCTGACTTTC,7353,28,clonotype1690,clonotype1690_consensus_2
CGATGGCGTGGTAACG-1,True,CGATGGCGTGGTAACG-1_contig_2,True,454,TRA,TRAV9-2,None,TRAJ22,TRAC,True,True,CALAGISSGSARQLTF,TGTGCTCTCGCTGGTATTTCTTCTGGTTCTGCAAGGCAACTGACCTTT,682,8,clonotype1690,clonotype1690_consensus_1
CGATGGCGTTCACGGC-1,True,CGATGGCGTTCACGGC-1_contig_1,True,524,TRB,TRBV20-1,None,TRBJ2-1,TRBC2,True,True,CSASVLAGSYNEQFF,TGCAGTGCTAGCGTACTAGCGGGCTCCTACAATGAGCAGTTCTTC,3930,14,clonotype253,clonotype253_consensus_2
CGATGGCGTTCACGGC-1,True,CGATGGCGTTCACGGC-1_contig_2,True,476,TRA,TRAV38-1,None,TRAJ43,TRAC,True,True,CAFMKHGGNNNDMRF,TGTGCTTTCATGAAGCATGGGGGAAATAACAATGACATGCGCTTT,229,1,clonotype253,clonotype253_consensus_1
CGATGGCGTTCACGGC-1,True,CGATGGCGTTCACGGC-1_contig_3,True,493,TRA,TRAV41,None,TRAJ53,TRAC,True,False,CRLHLCCYSGGSNYKLTF,TGCCGTCTACATCTGTGCTGTTACAGTGGAGGTAGCAACTATAAACTGACATTT,259,2,clonotype253,None
CGATGGCGTTCGTCTC-1,True,CGATGGCGTTCGTCTC-1_contig_1,True,519,TRA,TRAV14/DV4,None,TRAJ21,TRAC,True,True,CAMSGENFNKFYF,TGTGCAATGTCCGGAGAAAACTTCAACAAATTTTACTTT,522,4,clonotype1691,clonotype1691_consensus_1
CGATGGCGTTCGTCTC-1,True,CGATGGCGTTCGTCTC-1_contig_2,True,670,TRB,TRBV5-6,None,TRBJ1-5,TRBC1,True,True,CASSLDRAYQPQHF,TGTGCCAGCAGCTTGGACAGGGCTTATCAGCCCCAGCATTTT,1008,7,clonotype1691,clonotype1691_consensus_2
CGATGGCGTTTGACTG-1,True,CGATGGCGTTTGACTG-1_contig_1,True,521,TRB,TRBV20-1,None,TRBJ2-1,TRBC2,True,True,CSARVGSEVNEQFF,TGCAGTGCTAGAGTGGGGTCGGAAGTCAATGAGCAGTTCTTC,876,7,clonotype2,clonotype2_consensus_1
CGATGGCTCCTGCCAT-1,True,CGATGGCTCCTGCCAT-1_contig_1,True,515,TRB,TRBV20-1,None,TRBJ2-7,TRBC2,True,True,CSASTGPYEQYF,TGCAGTGCTAGTACAGGGCCCTACGAGCAGTACTTC,1758,10,clonotype1692,clonotype1692_consensus_2
CGATGGCTCCTGCCAT-1,True,CGATGGCTCCTGCCAT-1_contig_2,True,462,TRA,TRAV13-1,None,TRAJ48,TRAC,True,True,CAARRAFGNEKLTF,TGTGCAGCACGCCGGGCTTTTGGAAATGAGAAATTAACCTTT,5054,2,clonotype1692,clonotype1692_consensus_1
CGATGGCTCGCTGATA-1,True,CGATGGCTCGCTGATA-1_contig_1,True,511,TRA,TRAV35,None,TRAJ53,TRAC,True,True,CAGHSGGSNYKLTF,TGTGCTGGCCATAGTGGAGGTAGCAACTATAAACTGACATTT,148,4,clonotype292,clonotype292_consensus_1
CGATGGCTCGCTGATA-1,True,CGATGGCTCGCTGATA-1_contig_2,True,521,TRB,TRBV20-1,None,TRBJ1-5,TRBC1,True,True,CSAKAGQGSQPQHF,TGCAGTGCTAAAGCGGGACAGGGAAGTCAGCCCCAGCATTTT,2639,10,clonotype292,clonotype292_consensus_2
CGATGGCTCTCTAAGG-1,True,CGATGGCTCTCTAAGG-1_contig_1,True,505,TRA,TRAV1-2,None,TRAJ33,TRAC,True,True,CAATDSNYQLIW,TGTGCTGCGACTGATAGCAACTATCAGTTAATCTGG,971,3,clonotype1,clonotype1_consensus_2
CGATGGCTCTCTAAGG-1,True,CGATGGCTCTCTAAGG-1_contig_2,True,495,TRB,TRBV20-1,None,TRBJ2-1,TRBC2,True,True,CSARVGSEVNEQFF,TGCAGTGCTAGAGTGGGGTCGGAAGTCAATGAGCAGTTCTTC,2233,7,clonotype1,clonotype1_consensus_1
CGATGGCTCTGCGTAA-1,True,CGATGGCTCTGCGTAA-1_contig_1,True,498,TRB,TRBV20-1,None,TRBJ2-1,TRBC2,True,True,CSARVGSEVNEQFF,TGCAGTGCTAGAGTGGGGTCGGAAGTCAATGAGCAGTTCTTC,1506,8,clonotype2,clonotype2_consensus_1
CGATGGCTCTGCGTAA-1,True,CGATGGCTCTGCGTAA-1_contig_2,True,464,TRA,TRAV10,None,TRAJ24,TRAC,True,False,None,None,238,2,clonotype2,None
CGATGTAAGAGTACCG-1,True,CGATGTAAGAGTACCG-1_contig_1,True,495,TRB,TRBV20-1,None,TRBJ2-1,TRBC2,True,True,CSARDATYNEQFF,TGCAGTGCCCGGGACGCCACCTACAATGAGCAGTTCTTC,3312,9,clonotype120,clonotype120_consensus_2
CGATGTAAGAGTACCG-1,True,CGATGTAAGAGTACCG-1_contig_2,True,556,TRA,TRAV5,None,TRAJ40,TRAC,True,True,CAEIPLSGTYKYIF,TGTGCAGAGATCCCTCTCTCAGGAACCTACAAATACATCTTT,378,4,clonotype120,clonotype120_consensus_1
CGATGTAAGCTGATAA-1,True,CGATGTAAGCTGATAA-1_contig_1,True,502,TRA,TRAV1-2,None,TRAJ3,TRAC,True,True,CAPLVASKIIF,TGTGCTCCCCTCGTAGCTTCCAAGATAATCTTT,475,2,clonotype1693,clonotype1693_consensus_2
CGATGTAAGCTGATAA-1,True,CGATGTAAGCTGATAA-1_contig_2,True,680,TRB,TRBV5-6,None,TRBJ2-5,TRBC2,True,True,CASSYSARLAGQETQYF,TGTGCCAGCAGCTACTCCGCCAGACTAGCGGGGCAAGAGACCCAGTACTTC,1804,11,clonotype1693,clonotype1693_consensus_1
CGATGTAAGCTGATAA-1,True,CGATGTAAGCTGATAA-1_contig_3,True,461,TRA,TRAV13-1,None,TRAJ3,TRAC,True,False,CSMRYSSASKIIF,TGCAGCATGCGCTACAGCAGTGCTTCCAAGATAATCTTT,566,5,clonotype1693,None
CGATGTAAGTAGCCGA-1,True,CGATGTAAGTAGCCGA-1_contig_1,True,653,TRB,TRBV5-6,None,TRBJ1-4,TRBC1,True,True,CASTLLGQEKLFF,TGTGCCAGCACCCTGTTGGGCCAAGAAAAACTGTTTTTT,1117,5,clonotype1694,clonotype1694_consensus_1
CGATGTAAGTGCTGCC-1,True,CGATGTAAGTGCTGCC-1_contig_1,True,486,TRB,TRBV20-1,None,TRBJ1-1,TRBC1,True,True,CSAREANTEAFF,TGCAGTGCTAGAGAGGCTAACACTGAAGCTTTCTTT,1101,3,clonotype141,clonotype141_consensus_1
CGATGTAAGTGTCTCA-1,True,CGATGTAAGTGTCTCA-1_contig_1,True,504,TRB,TRBV20-1,None,TRBJ1-1,TRBC1,True,True,CSASPSSRRMNTEAFF,TGCAGTGCTAGTCCCTCAAGCCGAAGAATGAACACTGAAGCTTTCTTT,1629,9,clonotype1695,clonotype1695_consensus_1
CGATGTAAGTGTCTCA-1,True,CGATGTAAGTGTCTCA-1_contig_2,True,478,TRA,TRAV21,None,TRAJ39,TRAC,True,True,CAASGAGNMLTF,TGTGCTGCCTCTGGAGCAGGCAACATGCTCACCTTT,835,5,clonotype1695,clonotype1695_consensus_2
CGATGTAAGTGTCTCA-1,True,CGATGTAAGTGTCTCA-1_contig_3,True,523,TRA,TRAV12-1,None,TRAJ49,TRAC,True,True,CVPNLRAGNQFYF,TGTGTGCCAAACCTTAGGGCCGGTAACCAGTTCTATTTT,455,4,clonotype1695,clonotype1695_consensus_3
CGATGTACAAACAACA-1,True,CGATGTACAAACAACA-1_contig_1,True,505,TRA,TRAV1-2,None,TRAJ33,TRAC,True,True,CAATDSNYQLIW,TGTGCTGCGACTGATAGCAACTATCAGTTAATCTGG,196,2,clonotype1,clonotype1_consensus_2
CGATGTACAAACAACA-1,True,CGATGTACAAACAACA-1_contig_2,True,518,TRB,TRBV20-1,None,TRBJ2-1,TRBC2,True,True,CSARVGSEVNEQFF,TGCAGTGCTAGAGTGGGGTCGGAAGTCAATGAGCAGTTCTTC,5212,11,clonotype1,clonotype1_consensus_1
CGATGTACAAACAACA-1,True,CGATGTACAAACAACA-1_contig_3,True,476,TRA,TRAV10,None,TRAJ24,TRAC,True,False,None,None,187,2,clonotype1,None
CGATGTACAATCGAAA-1,True,CGATGTACAATCGAAA-1_contig_1,True,550,TRA,TRAV12-2,None,TRAJ22,TRAC,True,True,CAVNLTSGSARQLTF,TGTGCCGTGAACTTGACTTCTGGTTCTGCAAGGCAACTGACCTTT,1274,4,clonotype1696,clonotype1696_consensus_3
CGATGTACAATCGAAA-1,True,CGATGTACAATCGAAA-1_contig_2,True,527,TRB,TRBV20-1,None,TRBJ1-4,TRBC1,True,True,CSARDWNTPTNEKLFF,TGCAGTGCTAGAGATTGGAACACCCCAACTAATGAAAAACTGTTTTTT,859,8,clonotype1696,clonotype1696_consensus_2
CGATGTACAATCGAAA-1,True,CGATGTACAATCGAAA-1_contig_3,True,465,TRA,TRAV13-1,None,TRAJ48,TRAC,True,True,CAALISNFGNEKLTF,TGTGCAGCCCTAATATCTAACTTTGGAAATGAGAAATTAACCTTT,508,5,clonotype1696,clonotype1696_consensus_1
CGATGTACACGAAGCA-1,True,CGATGTACACGAAGCA-1_contig_1,True,531,TRB,TRBV6-9,None,TRBJ2-6,TRBC2,True,True,CASNLNQTGINSGANVLTF,TGTGCCAGCAACTTGAATCAGACAGGTATCAACTCTGGGGCCAACGTCCTGACTTTC,1965,7,clonotype15,clonotype15_consensus_1
CGATGTACACGAAGCA-1,True,CGATGTACACGAAGCA-1_contig_2,True,465,TRA,TRAV13-1,None,TRAJ16,TRAC,True,True,CAASSGFSDGQKLLF,TGTGCAGCAAGTTCGGGTTTTTCAGATGGCCAGAAGCTGCTCTTT,1356,7,clonotype15,clonotype15_consensus_3
CGATGTACACGAAGCA-1,True,CGATGTACACGAAGCA-1_contig_3,True,666,TRB,TRBV5-6,None,TRBJ2-6,TRBC2,True,True,CASSLQGTGANVLTF,TGTGCCAGCAGCTTGCAGGGGACTGGGGCCAACGTCCTGACTTTC,3963,15,clonotype15,clonotype15_consensus_2
CGATGTACAGACAAGC-1,True,CGATGTACAGACAAGC-1_contig_1,True,505,TRA,TRAV1-2,None,TRAJ33,TRAC,True,True,CAATDSNYQLIW,TGTGCTGCGACTGATAGCAACTATCAGTTAATCTGG,90,2,clonotype1,clonotype1_consensus_2
CGATGTACAGACAAGC-1,True,CGATGTACAGACAAGC-1_contig_2,True,495,TRB,TRBV20-1,None,TRBJ2-1,TRBC2,True,True,CSARVGSEVNEQFF,TGCAGTGCTAGAGTGGGGTCGGAAGTCAATGAGCAGTTCTTC,487,2,clonotype1,clonotype1_consensus_1
CGATGTACAGACAAGC-1,True,CGATGTACAGACAAGC-1_contig_3,True,465,TRA,TRAV10,None,TRAJ24,TRAC,True,False,None,None,594,2,clonotype1,None
CGATGTACAGACTCGC-1,True,CGATGTACAGACTCGC-1_contig_1,True,500,TRA,TRAV13-2,None,TRAJ30,TRAC,True,True,CAEQGDKIIF,TGTGCAGAGCAGGGTGACAAGATCATCTTT,852,5,clonotype1697,clonotype1697_consensus_2
CGATGTACAGACTCGC-1,True,CGATGTACAGACTCGC-1_contig_2,True,524,TRB,TRBV20-1,None,TRBJ1-5,TRBC1,True,True,CSANPGQGVWQPQHF,TGCAGTGCTAACCCGGGACAGGGAGTTTGGCAGCCCCAGCATTTT,1586,6,clonotype1697,clonotype1697_consensus_1
CGATGTACAGTAACGG-1,True,CGATGTACAGTAACGG-1_contig_1,True,518,TRB,TRBV20-1,None,TRBJ2-7,TRBC2,True,True,CSARDTRGYEQYF,TGCAGTGCTAGAGATACACGTGGCTACGAGCAGTACTTC,2785,13,clonotype71,clonotype71_consensus_2
CGATGTACAGTAACGG-1,True,CGATGTACAGTAACGG-1_contig_2,True,505,TRA,TRAV6,None,TRAJ29,TRAC,True,True,CALDMGGNTPLVF,TGTGCTCTAGACATGGGGGGAAACACACCTCTTGTCTTT,364,3,clonotype71,clonotype71_consensus_1
CGATGTACATCTCGCT-1,True,CGATGTACATCTCGCT-1_contig_1,True,518,TRB,TRBV20-1,None,TRBJ2-1,TRBC2,True,True,CSARGGAVNEQFF,TGCAGTGCCCGCGGGGGGGCTGTAAATGAGCAGTTCTTC,5027,14,clonotype1698,clonotype1698_consensus_1
CGATGTACATCTCGCT-1,True,CGATGTACATCTCGCT-1_contig_2,True,452,TRA,TRAV9-2,None,TRAJ45,TRAC,True,True,CALGSGGGADGLTF,TGTGCTCTTGGATCAGGAGGAGGTGCTGACGGACTCACCTTT,288,2,clonotype1698,clonotype1698_consensus_2
CGATGTACATCTCGCT-1,True,CGATGTACATCTCGCT-1_contig_3,True,502,TRA,TRAV35,None,TRAJ52,TRAC,True,False,None,None,276,2,clonotype1698,None
CGATGTACATTCCTCG-1,True,CGATGTACATTCCTCG-1_contig_1,True,505,TRA,TRAV1-2,None,TRAJ33,TRAC,True,True,CAATDSNYQLIW,TGTGCTGCGACTGATAGCAACTATCAGTTAATCTGG,1306,4,clonotype1,clonotype1_consensus_2
CGATGTACATTCCTCG-1,True,CGATGTACATTCCTCG-1_contig_2,True,521,TRB,TRBV20-1,None,TRBJ2-1,TRBC2,True,True,CSARVGSEVNEQFF,TGCAGTGCTAGAGTGGGGTCGGAAGTCAATGAGCAGTTCTTC,1496,7,clonotype1,clonotype1_consensus_1
CGATGTACATTCCTCG-1,True,CGATGTACATTCCTCG-1_contig_3,True,517,TRA,TRAV10,None,TRAJ24,TRAC,True,False,None,None,645,3,clonotype1,None
CGATGTAGTCCCTACT-1,True,CGATGTAGTCCCTACT-1_contig_1,True,527,TRA,TRAV27,None,TRAJ33,TRAC,True,True,CAGERDSNYQLIW,TGTGCAGGAGAAAGGGATAGCAACTATCAGTTAATCTGG,3704,16,clonotype1699,clonotype1699_consensus_2
CGATGTAGTCCCTACT-1,True,CGATGTAGTCCCTACT-1_contig_2,True,540,TRB,TRBV5-5,None,TRBJ2-2,TRBC2,True,True,CASSLLLRGSGELFF,TGTGCCAGCAGCTTGTTACTCAGGGGCAGCGGGGAGCTGTTTTTT,6433,27,clonotype1699,clonotype1699_consensus_1
CGATGTAGTCCCTACT-1,True,CGATGTAGTCCCTACT-1_contig_3,True,460,TRA,TRAV13-1,None,TRAJ43,TRAC,True,False,None,None,1343,4,clonotype1699,None
CGATGTAGTTGTCGCG-1,True,CGATGTAGTTGTCGCG-1_contig_1,True,526,TRA,TRAV14/DV4,None,TRAJ3,TRAC,True,True,CAMRAGYSSASKIIF,TGTGCAATGAGAGCGGGGTACAGCAGTGCTTCCAAGATAATCTTT,1129,7,clonotype293,clonotype293_consensus_2
CGATGTAGTTGTCGCG-1,True,CGATGTAGTTGTCGCG-1_contig_2,True,483,TRB,TRBV20-1,None,TRBJ1-1,TRBC1,True,True,CSARVDARRTEAFF,TGCAGTGCTAGAGTTGATGCCAGGCGGACTGAAGCTTTCTTT,4238,14,clonotype293,clonotype293_consensus_1
CGATGTAGTTGTCGCG-1,True,CGATGTAGTTGTCGCG-1_contig_3,True,478,TRA,None,None,TRAJ6,TRAC,False,False,None,None,426,2,clonotype293,None
CGATGTAGTTTGACAC-1,True,CGATGTAGTTTGACAC-1_contig_1,True,499,TRB,TRBV7-2,None,TRBJ2-1,TRBC2,True,True,CASSPRLAGNEQFF,TGTGCCAGCAGCCCCCGACTAGCGGGCAATGAGCAGTTCTTC,4795,19,clonotype1700,clonotype1700_consensus_1
CGATGTAGTTTGACAC-1,True,CGATGTAGTTTGACAC-1_contig_2,True,463,TRA,TRAV23/DV6,None,None,TRAC,False,False,None,None,835,2,clonotype1700,None
CGATGTAGTTTGACAC-1,True,CGATGTAGTTTGACAC-1_contig_3,True,465,TRA,None,None,TRAJ43,TRAC,False,False,None,None,245,2,clonotype1700,None
CGATGTAGTTTGACAC-1,True,CGATGTAGTTTGACAC-1_contig_4,True,495,TRB,TRBV21-1,None,TRBJ2-7,TRBC2,True,False,CASTGLAGRTSYEQYF,TGTGCCAGCACTGGACTAGCGGGGAGAACTTCCTACGAGCAGTACTTC,2083,7,clonotype1700,None
CGATGTATCACAGGCC-1,True,CGATGTATCACAGGCC-1_contig_1,True,521,TRB,TRBV20-1,None,TRBJ2-1,TRBC2,True,True,CSARVGSEVNEQFF,TGCAGTGCTAGAGTGGGGTCGGAAGTCAATGAGCAGTTCTTC,1157,10,clonotype2,clonotype2_consensus_1
CGATGTATCATGTGGT-1,True,CGATGTATCATGTGGT-1_contig_1,True,518,TRB,TRBV20-1,None,TRBJ1-1,TRBC1,True,True,CSAQGGARGEAFF,TGCAGTGCTCAGGGGGGGGCTCGCGGTGAAGCTTTCTTT,2370,9,clonotype1701,clonotype1701_consensus_1
CGATGTATCATGTGGT-1,True,CGATGTATCATGTGGT-1_contig_2,True,508,TRA,TRAV1-2,None,TRAJ24,TRAC,True,True,CAGRTDSWGKFQF,TGTGCTGGGAGAACTGACAGCTGGGGGAAATTCCAGTTT,2627,6,clonotype1701,clonotype1701_consensus_2
CGATGTATCGAGGTAG-1,True,CGATGTATCGAGGTAG-1_contig_1,True,505,TRA,TRAV1-2,None,TRAJ33,TRAC,True,True,CAATDSNYQLIW,TGTGCTGCGACTGATAGCAACTATCAGTTAATCTGG,1172,5,clonotype1,clonotype1_consensus_2
CGATGTATCGAGGTAG-1,True,CGATGTATCGAGGTAG-1_contig_2,True,521,TRB,TRBV20-1,None,TRBJ2-1,TRBC2,True,True,CSARVGSEVNEQFF,TGCAGTGCTAGAGTGGGGTCGGAAGTCAATGAGCAGTTCTTC,836,10,clonotype1,clonotype1_consensus_1
CGATTGAAGAAACGAG-1,True,CGATTGAAGAAACGAG-1_contig_1,True,459,TRA,TRAV13-1,None,TRAJ22,TRAC,True,True,CAAFSGSARQLTF,TGTGCAGCCTTCTCTGGTTCTGCAAGGCAACTGACCTTT,512,4,clonotype294,clonotype294_consensus_2
CGATTGAAGAAACGAG-1,True,CGATTGAAGAAACGAG-1_contig_2,True,498,TRB,TRBV20-1,None,TRBJ1-6,TRBC1,True,True,CSARVRDSQGPLHF,TGCAGTGCTAGAGTACGGGATAGTCAGGGGCCCCTCCACTTT,879,4,clonotype294,clonotype294_consensus_1
CGATTGAAGAAACGAG-1,True,CGATTGAAGAAACGAG-1_contig_3,True,541,TRA,TRAV9-2,None,TRAJ23,TRAC,True,False,None,None,306,2,clonotype294,None
CGATTGAAGAAGAAGC-1,True,CGATTGAAGAAGAAGC-1_contig_1,True,685,TRA,TRAV8-3,None,TRAJ56,TRAC,True,True,CAVGPREANSKLTF,TGTGCTGTGGGTCCCCGGGAAGCCAATAGTAAGCTGACATTT,290,2,clonotype1702,clonotype1702_consensus_1
CGATTGAAGAAGAAGC-1,True,CGATTGAAGAAGAAGC-1_contig_2,True,513,TRB,TRBV5-5,None,TRBJ2-1,TRBC2,True,True,CASSLSGSSYNEQFF,TGTGCCAGCAGCTTGAGCGGGTCCTCCTACAATGAGCAGTTCTTC,1696,8,clonotype1702,clonotype1702_consensus_2
CGATTGAAGACAAAGG-1,True,CGATTGAAGACAAAGG-1_contig_1,True,505,TRA,TRAV1-2,None,TRAJ33,TRAC,True,True,CAATDSNYQLIW,TGTGCTGCGACTGATAGCAACTATCAGTTAATCTGG,605,3,clonotype1,clonotype1_consensus_2
CGATTGAAGACAAAGG-1,True,CGATTGAAGACAAAGG-1_contig_2,True,521,TRB,TRBV20-1,None,TRBJ2-1,TRBC2,True,True,CSARVGSEVNEQFF,TGCAGTGCTAGAGTGGGGTCGGAAGTCAATGAGCAGTTCTTC,4060,16,clonotype1,clonotype1_consensus_1
CGATTGAAGACAAAGG-1,True,CGATTGAAGACAAAGG-1_contig_3,True,402,TRB,None,None,TRBJ1-4,TRBC1,False,False,None,None,461,1,clonotype1,None
CGATTGAAGACAAAGG-1,True,CGATTGAAGACAAAGG-1_contig_4,True,482,TRA,TRAV10,None,TRAJ24,TRAC,True,False,None,None,666,4,clonotype1,None
CGATTGAAGACAATAC-1,True,CGATTGAAGACAATAC-1_contig_1,True,498,TRB,TRBV20-1,None,TRBJ1-2,TRBC1,True,True,CSARDVGGGYGYTF,TGCAGTGCTAGAGACGTGGGCGGGGGCTATGGCTACACCTTC,1608,5,clonotype1703,clonotype1703_consensus_2
CGATTGAAGACAATAC-1,True,CGATTGAAGACAATAC-1_contig_2,True,643,TRA,TRAV8-3,None,TRAJ17,TRAC,True,True,CAVSAAGNKLTF,TGTGCTGTGTCAGCTGCAGGCAACAAGCTAACTTTT,777,6,clonotype1703,clonotype1703_consensus_1
CGATTGAAGACAATAC-1,True,CGATTGAAGACAATAC-1_contig_3,True,486,TRB,TRBV21-1,None,TRBJ2-7,TRBC2,True,False,CASSKGWYRESYEQYF,TGTGCCAGCAGCAAAGGGTGGTACAGGGAGTCCTACGAGCAGTACTTC,3755,7,clonotype1703,None
CGATTGAAGACCTAGG-1,True,CGATTGAAGACCTAGG-1_contig_1,True,527,TRB,TRBV20-1,None,TRBJ2-2,TRBC2,True,True,CSARLAGGPDTGELFF,TGCAGTGCCAGACTAGCGGGGGGGCCGGACACCGGGGAGCTGTTTTTT,4028,17,clonotype295,clonotype295_consensus_1
CGATTGAAGACCTAGG-1,True,CGATTGAAGACCTAGG-1_contig_2,True,615,TRA,TRAV3,None,TRAJ20,TRAC,True,True,CAVRDIRGYKLSF,TGTGCTGTGAGAGACATAAGGGGCTACAAGCTCAGCTTT,768,6,clonotype295,clonotype295_consensus_2
CGATTGAAGACCTAGG-1,True,CGATTGAAGACCTAGG-1_contig_3,True,558,TRB,TRBV11-2,None,TRBJ1-1,TRBC1,True,False,CQQSSRGRTNTEAFF,TGCCAGCAGAGTAGCAGGGGGCGAACGAACACTGAAGCTTTCTTT,629,3,clonotype295,None
CGATTGAAGCCAGTTT-1,True,CGATTGAAGCCAGTTT-1_contig_1,True,656,TRB,TRBV5-5,None,TRBJ2-2,TRBC2,True,True,CASSLGDTGELFF,TGTGCCAGCAGCCTCGGGGACACCGGGGAGCTGTTTTTT,3050,15,clonotype27,clonotype27_consensus_2
CGATTGAAGCCAGTTT-1,True,CGATTGAAGCCAGTTT-1_contig_2,True,544,TRA,TRAV12-2,None,TRAJ49,TRAC,True,True,CAVNGNTGNQFYF,TGTGCCGTGAATGGGAACACCGGTAACCAGTTCTATTTT,1511,4,clonotype27,clonotype27_consensus_1
CGATTGAAGGAGCGTT-1,True,CGATTGAAGGAGCGTT-1_contig_1,True,505,TRA,TRAV1-2,None,TRAJ33,TRAC,True,True,CAATDSNYQLIW,TGTGCTGCGACTGATAGCAACTATCAGTTAATCTGG,910,6,clonotype1,clonotype1_consensus_2
CGATTGAAGGAGCGTT-1,True,CGATTGAAGGAGCGTT-1_contig_2,True,498,TRB,TRBV20-1,None,TRBJ2-1,TRBC2,True,True,CSARVGSEVNEQFF,TGCAGTGCTAGAGTGGGGTCGGAAGTCAATGAGCAGTTCTTC,1330,10,clonotype1,clonotype1_consensus_1
CGATTGAAGTATTGGA-1,True,CGATTGAAGTATTGGA-1_contig_1,True,509,TRA,TRAV25,None,TRAJ53,TRAC,True,True,CAGRSGGSNYKLTF,TGTGCAGGGAGAAGTGGAGGTAGCAACTATAAACTGACATTT,168,3,clonotype9,clonotype9_consensus_2
CGATTGAAGTATTGGA-1,True,CGATTGAAGTATTGGA-1_contig_2,True,521,TRB,TRBV20-1,None,TRBJ1-5,TRBC1,True,True,CSAIGQGAPSNQPQHF,TGCAGTGCTATCGGACAGGGGGCGCCGAGCAATCAGCCCCAGCATTTT,930,9,clonotype9,clonotype9_consensus_1
CGATTGAAGTCCAGGA-1,True,CGATTGAAGTCCAGGA-1_contig_1,True,505,TRA,TRAV1-2,None,TRAJ33,TRAC,True,True,CAATDSNYQLIW,TGTGCTGCGACTGATAGCAACTATCAGTTAATCTGG,2630,3,clonotype1,clonotype1_consensus_2
CGATTGAAGTCCAGGA-1,True,CGATTGAAGTCCAGGA-1_contig_2,True,521,TRB,TRBV20-1,None,TRBJ2-1,TRBC2,True,True,CSARVGSEVNEQFF,TGCAGTGCTAGAGTGGGGTCGGAAGTCAATGAGCAGTTCTTC,1751,10,clonotype1,clonotype1_consensus_1
CGATTGACAAGCCCAC-1,True,CGATTGACAAGCCCAC-1_contig_1,True,524,TRB,TRBV20-1,None,TRBJ1-2,TRBC1,True,True,CSAPGQGVSLHGYTF,TGCAGTGCTCCCGGACAGGGGGTAAGCCTTCATGGCTACACCTTC,5532,14,clonotype1704,clonotype1704_consensus_1
CGATTGACAAGCCCAC-1,True,CGATTGACAAGCCCAC-1_contig_2,True,438,TRB,TRBV7-8,None,TRBJ2-7,TRBC2,True,False,None,None,455,2,clonotype1704,None
CGATTGACAGACGTAG-1,True,CGATTGACAGACGTAG-1_contig_1,True,505,TRA,TRAV1-2,None,TRAJ33,TRAC,True,True,CAATDSNYQLIW,TGTGCTGCGACTGATAGCAACTATCAGTTAATCTGG,1449,4,clonotype1,clonotype1_consensus_2
CGATTGACAGACGTAG-1,True,CGATTGACAGACGTAG-1_contig_2,True,521,TRB,TRBV20-1,None,TRBJ2-1,TRBC2,True,True,CSARVGSEVNEQFF,TGCAGTGCTAGAGTGGGGTCGGAAGTCAATGAGCAGTTCTTC,1432,3,clonotype1,clonotype1_consensus_1
CGATTGACAGATTGCT-1,True,CGATTGACAGATTGCT-1_contig_1,True,518,TRB,TRBV20-1,None,TRBJ2-3,TRBC2,True,True,CSARPVGTDTQYF,TGCAGTGCTAGACCAGTAGGCACAGATACGCAGTATTTT,2675,10,clonotype1705,clonotype1705_consensus_1
CGATTGACAGATTGCT-1,True,CGATTGACAGATTGCT-1_contig_2,True,494,TRA,TRAV17,None,TRAJ33,TRAC,True,True,CATLDSNYQLIW,TGTGCTACGTTGGATAGCAACTATCAGTTAATCTGG,335,3,clonotype1705,clonotype1705_consensus_2
CGATTGACATGGAATA-1,True,CGATTGACATGGAATA-1_contig_1,True,616,TRA,TRAV8-6,None,TRAJ39,TRAC,True,True,CAVSLRTNNAGNMLTF,TGTGCTGTGAGTCTCCGGACTAATAATGCAGGCAACATGCTCACCTTT,882,4,clonotype1706,clonotype1706_consensus_1
CGATTGACATGGAATA-1,True,CGATTGACATGGAATA-1_contig_2,True,660,TRB,TRBV5-6,None,TRBJ2-4,TRBC2,True,True,CASSDSGGYIQYF,TGTGCCAGCAGCGATAGCGGGGGTTACATTCAGTACTTC,5044,13,clonotype1706,clonotype1706_consensus_2
CGATTGACATGGAATA-1,True,CGATTGACATGGAATA-1_contig_3,True,458,TRA,TRAV21,None,TRAJ33,TRAC,True,False,None,None,99,1,clonotype1706,None
CGATTGACATGGGAAC-1,True,CGATTGACATGGGAAC-1_contig_1,True,503,TRA,TRAV17,None,TRAJ6,TRAC,True,True,CATDEAPGGSYIPTF,TGTGCTACGGACGAGGCACCAGGAGGAAGCTACATACCTACATTT,460,3,clonotype1707,clonotype1707_consensus_1
CGATTGACATGGGAAC-1,True,CGATTGACATGGGAAC-1_contig_2,True,490,TRB,TRBV5-6,None,TRBJ1-4,TRBC1,True,True,CASSLDYANEKLFF,TGTGCCAGCAGCTTGGATTATGCTAATGAAAAACTGTTTTTT,2351,7,clonotype1707,clonotype1707_consensus_2
CGATTGACATGGGAAC-1,True,CGATTGACATGGGAAC-1_contig_3,True,364,TRA,TRAV26-2,None,TRAJ22,TRAC,True,False,CILLDFFWF,TGCATCCTTCTTGATTTCTTCTGGTTC,387,3,clonotype1707,None
CGATTGAGTAGATTAG-1,True,CGATTGAGTAGATTAG-1_contig_1,True,505,TRA,TRAV1-2,None,TRAJ33,TRAC,True,True,CAATDSNYQLIW,TGTGCTGCGACTGATAGCAACTATCAGTTAATCTGG,523,3,clonotype1,clonotype1_consensus_2
CGATTGAGTAGATTAG-1,True,CGATTGAGTAGATTAG-1_contig_2,True,498,TRB,TRBV20-1,None,TRBJ2-1,TRBC2,True,True,CSARVGSEVNEQFF,TGCAGTGCTAGAGTGGGGTCGGAAGTCAATGAGCAGTTCTTC,1078,9,clonotype1,clonotype1_consensus_1
CGATTGAGTAGCGCAA-1,True,CGATTGAGTAGCGCAA-1_contig_1,True,505,TRA,TRAV1-2,None,TRAJ33,TRAC,True,True,CAATDSNYQLIW,TGTGCTGCGACTGATAGCAACTATCAGTTAATCTGG,257,3,clonotype1,clonotype1_consensus_2
CGATTGAGTAGCGCAA-1,True,CGATTGAGTAGCGCAA-1_contig_2,True,524,TRB,TRBV20-1,None,TRBJ2-1,TRBC2,True,True,CSARVGSEVNEQFF,TGCAGTGCTAGAGTGGGGTCGGAAGTCAATGAGCAGTTCTTC,294,5,clonotype1,clonotype1_consensus_1
CGATTGAGTATATGGA-1,True,CGATTGAGTATATGGA-1_contig_1,True,498,TRB,TRBV20-1,None,TRBJ1-6,TRBC1,True,True,CSARVQGRNSPLHF,TGCAGTGCTAGAGTCCAGGGCCGCAATTCACCCCTCCACTTT,4133,6,clonotype1708,clonotype1708_consensus_1
CGATTGAGTCACCTAA-1,True,CGATTGAGTCACCTAA-1_contig_1,True,521,TRB,TRBV20-1,None,TRBJ2-5,TRBC2,True,True,CSATGQGGLETQYF,TGCAGTGCAACGGGACAGGGAGGTTTGGAGACCCAGTACTTC,2540,17,clonotype65,clonotype65_consensus_2
CGATTGAGTCACCTAA-1,True,CGATTGAGTCACCTAA-1_contig_2,True,511,TRA,TRAV17,None,TRAJ58,TRAC,True,True,CATDRASGSRLTF,TGTGCTACGGATAGGGCCAGTGGCTCTAGGTTGACCTTT,1744,10,clonotype65,clonotype65_consensus_1
CGATTGAGTCCGTTAA-1,True,CGATTGAGTCCGTTAA-1_contig_1,True,485,TRB,TRBV20-1,None,TRBJ2-1,TRBC2,True,True,CSARVGSEVNEQFF,TGCAGTGCTAGAGTGGGGTCGGAAGTCAATGAGCAGTTCTTC,1314,8,clonotype2,clonotype2_consensus_1
CGATTGAGTCCGTTAA-1,True,CGATTGAGTCCGTTAA-1_contig_2,True,482,TRA,TRAV10,None,TRAJ24,TRAC,True,False,None,None,605,2,clonotype2,None
CGATTGAGTGTCAATC-1,True,CGATTGAGTGTCAATC-1_contig_1,True,505,TRA,TRAV1-2,None,TRAJ33,TRAC,True,True,CAATDSNYQLIW,TGTGCTGCGACTGATAGCAACTATCAGTTAATCTGG,84,2,clonotype1,clonotype1_consensus_2
CGATTGAGTGTCAATC-1,True,CGATTGAGTGTCAATC-1_contig_2,True,498,TRB,TRBV20-1,None,TRBJ2-1,TRBC2,True,True,CSARVGSEVNEQFF,TGCAGTGCTAGAGTGGGGTCGGAAGTCAATGAGCAGTTCTTC,1171,9,clonotype1,clonotype1_consensus_1
CGATTGAGTGTCAATC-1,True,CGATTGAGTGTCAATC-1_contig_3,True,457,TRA,TRAV10,None,TRAJ24,TRAC,True,False,None,None,384,2,clonotype1,None
CGATTGATCCAAACAC-1,True,CGATTGATCCAAACAC-1_contig_1,True,521,TRB,TRBV20-1,None,TRBJ2-1,TRBC2,True,True,CSARVGSEVNEQFF,TGCAGTGCTAGAGTGGGGTCGGAAGTCAATGAGCAGTTCTTC,1345,5,clonotype2,clonotype2_consensus_1
CGATTGATCCAAACAC-1,True,CGATTGATCCAAACAC-1_contig_2,True,482,TRA,TRAV10,None,TRAJ24,TRAC,True,False,None,None,492,3,clonotype2,None
CGATTGATCGAACTGT-1,True,CGATTGATCGAACTGT-1_contig_1,True,521,TRB,TRBV20-1,None,TRBJ2-3,TRBC2,True,True,CSARRQGRTDTQYF,TGCAGTGCTAGGAGGCAGGGGCGCACAGATACGCAGTATTTT,4130,17,clonotype1709,clonotype1709_consensus_1
CGATTGATCGCTGATA-1,True,CGATTGATCGCTGATA-1_contig_1,True,505,TRA,TRAV1-2,None,TRAJ33,TRAC,True,True,CAATDSNYQLIW,TGTGCTGCGACTGATAGCAACTATCAGTTAATCTGG,372,4,clonotype1,clonotype1_consensus_2
CGATTGATCGCTGATA-1,True,CGATTGATCGCTGATA-1_contig_2,True,521,TRB,TRBV20-1,None,TRBJ2-1,TRBC2,True,True,CSARVGSEVNEQFF,TGCAGTGCTAGAGTGGGGTCGGAAGTCAATGAGCAGTTCTTC,1633,7,clonotype1,clonotype1_consensus_1
CGATTGATCGTAGGTT-1,True,CGATTGATCGTAGGTT-1_contig_1,True,505,TRA,TRAV1-2,None,TRAJ33,TRAC,True,True,CAATDSNYQLIW,TGTGCTGCGACTGATAGCAACTATCAGTTAATCTGG,908,4,clonotype1,clonotype1_consensus_2
CGATTGATCGTAGGTT-1,True,CGATTGATCGTAGGTT-1_contig_2,True,521,TRB,TRBV20-1,None,TRBJ2-1,TRBC2,True,True,CSARVGSEVNEQFF,TGCAGTGCTAGAGTGGGGTCGGAAGTCAATGAGCAGTTCTTC,2782,8,clonotype1,clonotype1_consensus_1
CGATTGATCTCAAACG-1,True,CGATTGATCTCAAACG-1_contig_1,True,521,TRB,TRBV20-1,None,TRBJ2-1,TRBC2,True,True,CSARVGSEVNEQFF,TGCAGTGCTAGAGTGGGGTCGGAAGTCAATGAGCAGTTCTTC,1301,9,clonotype2,clonotype2_consensus_1
CGATTGATCTCTTATG-1,True,CGATTGATCTCTTATG-1_contig_1,True,506,TRA,TRAV25,None,TRAJ6,TRAC,True,True,CAGRSGGSYIPTF,TGTGCAGGGAGATCAGGAGGAAGCTACATACCTACATTT,517,3,clonotype1710,clonotype1710_consensus_2
CGATTGATCTCTTATG-1,True,CGATTGATCTCTTATG-1_contig_2,True,492,TRB,TRBV20-1,None,TRBJ2-5,TRBC2,True,True,CSATKGQGQETQYF,TGCAGTGCAACAAAGGGGCAGGGGCAAGAGACCCAGTACTTC,2788,14,clonotype1710,clonotype1710_consensus_1
CGATTGATCTCTTATG-1,True,CGATTGATCTCTTATG-1_contig_3,True,614,TRA,TRAV8-6,None,TRAJ17,TRAC,True,False,None,None,555,3,clonotype1710,None
CGATTGATCTGCGACG-1,True,CGATTGATCTGCGACG-1_contig_1,True,505,TRA,TRAV1-2,None,TRAJ33,TRAC,True,True,CAATDSNYQLIW,TGTGCTGCGACTGATAGCAACTATCAGTTAATCTGG,1067,4,clonotype1,clonotype1_consensus_2
CGATTGATCTGCGACG-1,True,CGATTGATCTGCGACG-1_contig_2,True,521,TRB,TRBV20-1,None,TRBJ2-1,TRBC2,True,True,CSARVGSEVNEQFF,TGCAGTGCTAGAGTGGGGTCGGAAGTCAATGAGCAGTTCTTC,3530,14,clonotype1,clonotype1_consensus_1
CGATTGATCTGTCTCG-1,True,CGATTGATCTGTCTCG-1_contig_1,True,518,TRB,TRBV20-1,None,TRBJ2-7,TRBC2,True,True,CSARRSGAYEQYF,TGCAGTGCTAGAAGGAGCGGAGCCTACGAGCAGTACTTC,1404,6,clonotype1711,clonotype1711_consensus_2
CGATTGATCTGTCTCG-1,True,CGATTGATCTGTCTCG-1_contig_2,True,511,TRA,TRAV20,None,TRAJ58,TRAC,True,True,CAVQARETSGSRLTF,TGTGCTGTGCAGGCTCGGGAAACCAGTGGCTCTAGGTTGACCTTT,564,2,clonotype1711,clonotype1711_consensus_1
CGCCAAGAGAGACTTA-1,True,CGCCAAGAGAGACTTA-1_contig_1,True,524,TRB,TRBV20-1,None,TRBJ2-5,TRBC2,True,True,CSALRPGRGKETQYF,TGCAGTGCTCTACGACCGGGACGTGGGAAAGAGACCCAGTACTTC,5448,15,clonotype1712,clonotype1712_consensus_1
CGCCAAGAGAGACTTA-1,True,CGCCAAGAGAGACTTA-1_contig_2,True,505,TRA,TRAV1-2,None,TRAJ13,TRAC,True,True,CAVRGGYQKVTF,TGTGCTGTGAGGGGGGGTTACCAGAAAGTTACCTTT,334,3,clonotype1712,clonotype1712_consensus_2
CGCCAAGAGAGACTTA-1,True,CGCCAAGAGAGACTTA-1_contig_3,True,350,TRA,TRAV3,None,TRAJ23,TRAC,True,False,None,None,347,1,clonotype1712,None
CGCCAAGAGATGTAAC-1,True,CGCCAAGAGATGTAAC-1_contig_1,True,505,TRA,TRAV1-2,None,TRAJ33,TRAC,True,True,CAATDSNYQLIW,TGTGCTGCGACTGATAGCAACTATCAGTTAATCTGG,173,4,clonotype1,clonotype1_consensus_2
CGCCAAGAGATGTAAC-1,True,CGCCAAGAGATGTAAC-1_contig_2,True,521,TRB,TRBV20-1,None,TRBJ2-1,TRBC2,True,True,CSARVGSEVNEQFF,TGCAGTGCTAGAGTGGGGTCGGAAGTCAATGAGCAGTTCTTC,1878,9,clonotype1,clonotype1_consensus_1
CGCCAAGAGATGTAAC-1,True,CGCCAAGAGATGTAAC-1_contig_3,True,461,TRA,TRAV10,None,TRAJ24,TRAC,True,False,None,None,404,2,clonotype1,None
CGCCAAGAGCTTCGCG-1,True,CGCCAAGAGCTTCGCG-1_contig_1,True,518,TRB,TRBV20-1,None,TRBJ2-7,TRBC2,True,True,CSAGDRSSYEQYF,TGCAGTGCTGGAGACAGGAGCTCCTACGAGCAGTACTTC,1968,8,clonotype1713,clonotype1713_consensus_2
CGCCAAGAGCTTCGCG-1,True,CGCCAAGAGCTTCGCG-1_contig_2,True,457,TRA,TRAV2,None,TRAJ4,TRAC,True,True,CAVEPFGGGYNKLIF,TGTGCTGTGGAGCCCTTTGGAGGTGGCTACAATAAGCTGATTTTT,436,1,clonotype1713,clonotype1713_consensus_1
CGCCAAGAGTTACCCA-1,True,CGCCAAGAGTTACCCA-1_contig_1,True,506,TRA,TRAV25,None,TRAJ6,TRAC,True,True,CAGPSGGSYIPTF,TGTGCAGGGCCGTCAGGAGGAAGCTACATACCTACATTT,779,4,clonotype1714,clonotype1714_consensus_1
CGCCAAGAGTTACCCA-1,True,CGCCAAGAGTTACCCA-1_contig_2,True,506,TRB,TRBV5-5,None,TRBJ1-5,TRBC1,True,True,CASSLSGAGNQPQHF,TGTGCCAGCAGCTTGTCGGGGGCGGGCAATCAGCCCCAGCATTTT,3065,9,clonotype1714,clonotype1714_consensus_2
CGCCAAGAGTTACGGG-1,True,CGCCAAGAGTTACGGG-1_contig_1,True,505,TRA,TRAV1-2,None,TRAJ33,TRAC,True,True,CAATDSNYQLIW,TGTGCTGCGACTGATAGCAACTATCAGTTAATCTGG,430,4,clonotype1,clonotype1_consensus_2
CGCCAAGAGTTACGGG-1,True,CGCCAAGAGTTACGGG-1_contig_2,True,521,TRB,TRBV20-1,None,TRBJ2-1,TRBC2,True,True,CSARVGSEVNEQFF,TGCAGTGCTAGAGTGGGGTCGGAAGTCAATGAGCAGTTCTTC,804,4,clonotype1,clonotype1_consensus_1
CGCCAAGCAAACCTAC-1,True,CGCCAAGCAAACCTAC-1_contig_1,True,505,TRA,TRAV1-2,None,TRAJ33,TRAC,True,True,CAATDSNYQLIW,TGTGCTGCGACTGATAGCAACTATCAGTTAATCTGG,844,5,clonotype1,clonotype1_consensus_2
CGCCAAGCAAACCTAC-1,True,CGCCAAGCAAACCTAC-1_contig_2,True,521,TRB,TRBV20-1,None,TRBJ2-1,TRBC2,True,True,CSARVGSEVNEQFF,TGCAGTGCTAGAGTGGGGTCGGAAGTCAATGAGCAGTTCTTC,3456,14,clonotype1,clonotype1_consensus_1
CGCCAAGCAAACCTAC-1,True,CGCCAAGCAAACCTAC-1_contig_3,True,547,TRA,TRAV10,None,TRAJ24,TRAC,True,False,None,None,499,5,clonotype1,None
CGCCAAGCAAGTTAAG-1,True,CGCCAAGCAAGTTAAG-1_contig_1,True,521,TRB,TRBV20-1,None,TRBJ2-1,TRBC2,True,True,CSARVGSEVNEQFF,TGCAGTGCTAGAGTGGGGTCGGAAGTCAATGAGCAGTTCTTC,850,6,clonotype2,clonotype2_consensus_1
CGCCAAGCACTGCCAG-1,True,CGCCAAGCACTGCCAG-1_contig_1,True,495,TRB,TRBV20-1,None,TRBJ2-1,TRBC2,True,True,CSARVGSEVNEQFF,TGCAGTGCTAGAGTGGGGTCGGAAGTCAATGAGCAGTTCTTC,2546,12,clonotype2,clonotype2_consensus_1
CGCCAAGCACTGCCAG-1,True,CGCCAAGCACTGCCAG-1_contig_2,True,517,TRA,TRAV10,None,TRAJ24,TRAC,True,False,None,None,858,2,clonotype2,None
CGCCAAGCAGATGGGT-1,True,CGCCAAGCAGATGGGT-1_contig_1,True,508,TRB,TRBV20-1,None,TRBJ2-1,TRBC2,True,True,CSARVGSEVNEQFF,TGCAGTGCTAGAGTGGGGTCGGAAGTCAATGAGCAGTTCTTC,641,6,clonotype2,clonotype2_consensus_1
CGCCAAGCAGGACGTA-1,True,CGCCAAGCAGGACGTA-1_contig_1,True,505,TRA,TRAV1-2,None,TRAJ33,TRAC,True,True,CAATDSNYQLIW,TGTGCTGCGACTGATAGCAACTATCAGTTAATCTGG,1520,3,clonotype1,clonotype1_consensus_2
CGCCAAGCAGGACGTA-1,True,CGCCAAGCAGGACGTA-1_contig_2,True,497,TRB,TRBV20-1,None,TRBJ2-1,TRBC2,True,True,CSARVGSEVNEQFF,TGCAGTGCTAGAGTGGGGTCGGAAGTCAATGAGCAGTTCTTC,2469,4,clonotype1,clonotype1_consensus_1
CGCCAAGGTAGCGCAA-1,True,CGCCAAGGTAGCGCAA-1_contig_1,True,507,TRA,TRAV6,None,TRAJ44,TRAC,True,True,CALQDTGTASKLTF,TGTGCTCTACAAGATACCGGCACTGCCAGTAAACTCACCTTT,1256,4,clonotype1715,clonotype1715_consensus_2
CGCCAAGGTAGCGCAA-1,True,CGCCAAGGTAGCGCAA-1_contig_2,True,521,TRB,TRBV20-1,None,TRBJ1-6,TRBC1,True,True,CSARDQGARSPLHF,TGCAGTGCTAGAGATCAGGGGGCGCGGTCACCCCTCCACTTT,3868,15,clonotype1715,clonotype1715_consensus_1
CGCCAAGTCATCATTC-1,True,CGCCAAGTCATCATTC-1_contig_1,True,527,TRB,TRBV20-1,None,TRBJ2-3,TRBC2,True,True,CSARFERGGLQDTQYF,TGCAGTGCTAGGTTCGAGCGGGGGGGCCTTCAAGATACGCAGTATTTT,1423,11,clonotype1716,clonotype1716_consensus_2
CGCCAAGTCATCATTC-1,True,CGCCAAGTCATCATTC-1_contig_2,True,500,TRA,TRAV6,None,TRAJ34,TRAC,True,True,CALEDNTDKLIF,TGTGCTCTAGAGGATAACACCGACAAGCTCATCTTT,206,3,clonotype1716,clonotype1716_consensus_1
CGCCAAGTCCTGCCAT-1,True,CGCCAAGTCCTGCCAT-1_contig_1,True,505,TRA,TRAV1-2,None,TRAJ33,TRAC,True,True,CAATDSNYQLIW,TGTGCTGCGACTGATAGCAACTATCAGTTAATCTGG,897,4,clonotype1,clonotype1_consensus_2
CGCCAAGTCCTGCCAT-1,True,CGCCAAGTCCTGCCAT-1_contig_2,True,521,TRB,TRBV20-1,None,TRBJ2-1,TRBC2,True,True,CSARVGSEVNEQFF,TGCAGTGCTAGAGTGGGGTCGGAAGTCAATGAGCAGTTCTTC,1893,11,clonotype1,clonotype1_consensus_1
CGCCAAGTCGGTTCGG-1,True,CGCCAAGTCGGTTCGG-1_contig_1,True,664,TRB,TRBV5-6,None,TRBJ2-3,TRBC2,True,True,CASSLHRASAGDTQYF,TGTGCCAGCAGCTTGCACAGAGCTAGCGCGGGAGATACGCAGTATTTT,376,3,clonotype296,clonotype296_consensus_1
CGCCAAGTCGGTTCGG-1,True,CGCCAAGTCGGTTCGG-1_contig_2,True,517,TRA,TRAV12-1,None,TRAJ39,TRAC,True,True,CVVNNNAGNMLTF,TGTGTGGTGAATAATAATGCAGGCAACATGCTCACCTTT,339,3,clonotype296,clonotype296_consensus_2
CGCCAAGTCGTTACGA-1,True,CGCCAAGTCGTTACGA-1_contig_1,True,505,TRA,TRAV1-2,None,TRAJ33,TRAC,True,True,CAATDSNYQLIW,TGTGCTGCGACTGATAGCAACTATCAGTTAATCTGG,9426,3,clonotype1,clonotype1_consensus_2
CGCCAAGTCGTTACGA-1,True,CGCCAAGTCGTTACGA-1_contig_2,True,521,TRB,TRBV20-1,None,TRBJ2-1,TRBC2,True,True,CSARVGSEVNEQFF,TGCAGTGCTAGAGTGGGGTCGGAAGTCAATGAGCAGTTCTTC,1374,5,clonotype1,clonotype1_consensus_1
CGCCAAGTCTGGTTCC-1,True,CGCCAAGTCTGGTTCC-1_contig_1,True,505,TRA,TRAV1-2,None,TRAJ33,TRAC,True,True,CAVLDSNYQLIW,TGTGCTGTCCTGGATAGCAACTATCAGTTAATCTGG,1313,3,clonotype67,clonotype67_consensus_1
CGCCAAGTCTGGTTCC-1,True,CGCCAAGTCTGGTTCC-1_contig_2,True,521,TRB,TRBV20-1,None,TRBJ1-1,TRBC1,True,True,CSARGQRGHTEAFF,TGCAGTGCTAGAGGCCAGCGAGGCCACACTGAAGCTTTCTTT,854,7,clonotype67,clonotype67_consensus_2
CGCGGTAAGACGCTTT-1,True,CGCGGTAAGACGCTTT-1_contig_1,True,521,TRB,TRBV20-1,None,TRBJ2-1,TRBC2,True,True,CSARVGSEVNEQFF,TGCAGTGCTAGAGTGGGGTCGGAAGTCAATGAGCAGTTCTTC,3366,11,clonotype2,clonotype2_consensus_1
CGCGGTAAGACGCTTT-1,True,CGCGGTAAGACGCTTT-1_contig_2,True,505,TRA,TRAV26-1,None,TRAJ38,TRAC,True,False,None,None,710,3,clonotype2,None
CGCGGTAAGATCACGG-1,True,CGCGGTAAGATCACGG-1_contig_1,True,505,TRA,TRAV1-2,None,TRAJ33,TRAC,True,True,CAATDSNYQLIW,TGTGCTGCGACTGATAGCAACTATCAGTTAATCTGG,741,3,clonotype1,clonotype1_consensus_2
CGCGGTAAGATCACGG-1,True,CGCGGTAAGATCACGG-1_contig_2,True,492,TRB,TRBV20-1,None,TRBJ2-1,TRBC2,True,True,CSARVGSEVNEQFF,TGCAGTGCTAGAGTGGGGTCGGAAGTCAATGAGCAGTTCTTC,1062,5,clonotype1,clonotype1_consensus_1
CGCGGTAAGCCAACAG-1,True,CGCGGTAAGCCAACAG-1_contig_1,True,485,TRB,TRBV20-1,None,TRBJ2-1,TRBC2,True,True,CSARVGSEVNEQFF,TGCAGTGCTAGAGTGGGGTCGGAAGTCAATGAGCAGTTCTTC,975,5,clonotype2,clonotype2_consensus_1
CGCGGTAAGCCAACAG-1,True,CGCGGTAAGCCAACAG-1_contig_2,True,428,TRA,TRAV10,None,TRAJ24,TRAC,True,False,None,None,840,6,clonotype2,None
CGCGGTAAGCGAGAAA-1,True,CGCGGTAAGCGAGAAA-1_contig_1,True,501,TRB,TRBV20-1,None,TRBJ1-4,TRBC1,True,True,CSARVGGRGNEKLFF,TGCAGTGCTAGAGTGGGTGGACGGGGGAATGAAAAACTGTTTTTT,2429,9,clonotype1717,clonotype1717_consensus_2
CGCGGTAAGCGAGAAA-1,True,CGCGGTAAGCGAGAAA-1_contig_2,True,514,TRA,TRAV5,None,TRAJ37,TRAC,True,True,CAESKRAGSSNTGKLIF,TGTGCAGAGAGTAAACGCGCGGGCTCTAGCAACACAGGCAAACTAATCTTT,652,6,clonotype1717,clonotype1717_consensus_1
CGCGGTAAGGCCCGTT-1,True,CGCGGTAAGGCCCGTT-1_contig_1,True,521,TRB,TRBV20-1,None,TRBJ2-1,TRBC2,True,True,CSARVGSEVNEQFF,TGCAGTGCTAGAGTGGGGTCGGAAGTCAATGAGCAGTTCTTC,680,6,clonotype2,clonotype2_consensus_1
CGCGGTAAGGCCCGTT-1,True,CGCGGTAAGGCCCGTT-1_contig_2,True,540,TRA,TRAV10,None,TRAJ24,TRAC,True,False,None,None,347,2,clonotype2,None
CGCGGTAAGTCTCAAC-1,True,CGCGGTAAGTCTCAAC-1_contig_1,True,505,TRA,TRAV1-2,None,TRAJ33,TRAC,True,True,CAATDSNYQLIW,TGTGCTGCGACTGATAGCAACTATCAGTTAATCTGG,874,4,clonotype1,clonotype1_consensus_2
CGCGGTAAGTCTCAAC-1,True,CGCGGTAAGTCTCAAC-1_contig_2,True,485,TRB,TRBV20-1,None,TRBJ2-1,TRBC2,True,True,CSARVGSEVNEQFF,TGCAGTGCTAGAGTGGGGTCGGAAGTCAATGAGCAGTTCTTC,1343,5,clonotype1,clonotype1_consensus_1
CGCGGTAAGTGATCGG-1,True,CGCGGTAAGTGATCGG-1_contig_1,True,485,TRB,TRBV20-1,None,TRBJ2-1,TRBC2,True,True,CSARVGSEVNEQFF,TGCAGTGCTAGAGTGGGGTCGGAAGTCAATGAGCAGTTCTTC,943,4,clonotype2,clonotype2_consensus_1
CGCGGTAAGTTGTAGA-1,True,CGCGGTAAGTTGTAGA-1_contig_1,True,569,TRA,TRAV22,None,TRAJ27,TRAC,True,True,CAVGLNNTNAGKSTF,TGTGCTGTGGGTCTGAATAACACCAATGCAGGCAAATCAACCTTT,757,6,clonotype1718,clonotype1718_consensus_1
CGCGGTAAGTTGTAGA-1,True,CGCGGTAAGTTGTAGA-1_contig_2,True,465,TRA,TRAV13-1,None,TRAJ45,TRAC,True,True,CAASRSGGGADGLTF,TGTGCAGCAAGTAGATCAGGAGGAGGTGCTGACGGACTCACCTTT,698,5,clonotype1718,clonotype1718_consensus_2
CGCGGTAAGTTGTAGA-1,True,CGCGGTAAGTTGTAGA-1_contig_3,True,521,TRB,TRBV20-1,None,TRBJ1-2,TRBC1,True,True,CSARPPLGGYGYTF,TGCAGTGCTAGACCCCCTTTGGGGGGTTATGGCTACACCTTC,2454,8,clonotype1718,clonotype1718_consensus_3
CGCGGTACAATAGAGT-1,True,CGCGGTACAATAGAGT-1_contig_1,True,505,TRA,TRAV1-2,None,TRAJ33,TRAC,True,True,CAATDSNYQLIW,TGTGCTGCGACTGATAGCAACTATCAGTTAATCTGG,317,2,clonotype1,clonotype1_consensus_2
CGCGGTACAATAGAGT-1,True,CGCGGTACAATAGAGT-1_contig_2,True,498,TRB,TRBV20-1,None,TRBJ2-1,TRBC2,True,True,CSARVGSEVNEQFF,TGCAGTGCTAGAGTGGGGTCGGAAGTCAATGAGCAGTTCTTC,868,8,clonotype1,clonotype1_consensus_1
CGCGGTACAGCATGAG-1,True,CGCGGTACAGCATGAG-1_contig_1,True,521,TRB,TRBV20-1,None,TRBJ2-1,TRBC2,True,True,CSARVGSEVNEQFF,TGCAGTGCTAGAGTGGGGTCGGAAGTCAATGAGCAGTTCTTC,671,5,clonotype2,clonotype2_consensus_1
CGCGGTACAGCATGAG-1,True,CGCGGTACAGCATGAG-1_contig_2,True,465,TRA,TRAV10,None,TRAJ24,TRAC,True,False,None,None,75,4,clonotype2,None
CGCGGTACAGTAGAGC-1,True,CGCGGTACAGTAGAGC-1_contig_1,True,484,TRA,TRAV35,None,TRAJ40,TRAC,True,True,CAGRPDSGTYKYIF,TGTGCTGGTCGCCCGGACTCAGGAACCTACAAATACATCTTT,753,2,clonotype10,clonotype10_consensus_2
CGCGGTACAGTAGAGC-1,True,CGCGGTACAGTAGAGC-1_contig_2,True,524,TRB,TRBV20-1,None,TRBJ1-2,TRBC1,True,True,CSARDQTGVNYGYTF,TGCAGTGCTAGAGACCAGACAGGGGTTAACTATGGCTACACCTTC,1852,8,clonotype10,clonotype10_consensus_1
CGCGGTACAGTAGAGC-1,True,CGCGGTACAGTAGAGC-1_contig_3,True,543,TRA,TRAV16,None,TRAJ20,TRAC,True,False,None,None,198,2,clonotype10,None
CGCGGTACAGTGGGAT-1,True,CGCGGTACAGTGGGAT-1_contig_1,True,472,TRA,TRAV2,None,TRAJ5,TRAC,True,True,CAVEDPWTGRRALTF,TGTGCTGTGGAGGATCCGTGGACGGGCAGGAGAGCACTTACTTTT,519,2,clonotype1719,clonotype1719_consensus_1
CGCGGTACAGTGGGAT-1,True,CGCGGTACAGTGGGAT-1_contig_2,True,662,TRB,TRBV5-6,None,TRBJ1-1,TRBC1,True,True,CASSLGGALNTEAFF,TGTGCCAGCAGCTTGGGGGGGGCTTTAAACACTGAAGCTTTCTTT,1922,6,clonotype1719,clonotype1719_consensus_2
CGCGGTACATGAACCT-1,True,CGCGGTACATGAACCT-1_contig_1,True,505,TRA,TRAV1-2,None,TRAJ33,TRAC,True,True,CAATDSNYQLIW,TGTGCTGCGACTGATAGCAACTATCAGTTAATCTGG,346,2,clonotype1,clonotype1_consensus_2
CGCGGTACATGAACCT-1,True,CGCGGTACATGAACCT-1_contig_2,True,521,TRB,TRBV20-1,None,TRBJ2-1,TRBC2,True,True,CSARVGSEVNEQFF,TGCAGTGCTAGAGTGGGGTCGGAAGTCAATGAGCAGTTCTTC,730,7,clonotype1,clonotype1_consensus_1
CGCGGTACATGAACCT-1,True,CGCGGTACATGAACCT-1_contig_3,True,467,TRA,TRAV10,None,TRAJ24,TRAC,True,False,None,None,685,3,clonotype1,None
CGCGGTAGTAAAGGAG-1,True,CGCGGTAGTAAAGGAG-1_contig_1,True,521,TRB,TRBV20-1,None,TRBJ2-1,TRBC2,True,True,CSARVGSEVNEQFF,TGCAGTGCTAGAGTGGGGTCGGAAGTCAATGAGCAGTTCTTC,494,4,clonotype2,clonotype2_consensus_1
CGCGGTAGTAAGTGTA-1,True,CGCGGTAGTAAGTGTA-1_contig_1,True,470,TRA,TRAV12-3,None,TRAJ49,TRAC,True,True,CAIYTGNQFYF,TGTGCAATATACACCGGTAACCAGTTCTATTTT,11220,6,clonotype1720,clonotype1720_consensus_1
CGCGGTAGTAAGTGTA-1,True,CGCGGTAGTAAGTGTA-1_contig_2,True,518,TRB,TRBV20-1,None,TRBJ1-3,TRBC1,True,True,CSARPLGGNTIYF,TGCAGTGCTAGGCCCCTTGGCGGAAACACCATATATTTT,3252,11,clonotype1720,clonotype1720_consensus_2
CGCGGTAGTCTCATCC-1,True,CGCGGTAGTCTCATCC-1_contig_1,True,492,TRA,TRAV9-2,None,TRAJ13,TRAC,True,True,CALNLEGYQKVTF,TGTGCTCTGAACTTAGAGGGTTACCAGAAAGTTACCTTT,137,1,clonotype6,clonotype6_consensus_1
CGCGGTAGTCTCATCC-1,True,CGCGGTAGTCTCATCC-1_contig_2,True,675,TRB,TRBV5-6,None,TRBJ1-5,TRBC1,True,True,CASSFRGGANQPQHF,TGTGCCAGCAGCTTTCGAGGGGGCGCGAATCAGCCCCAGCATTTT,2036,12,clonotype6,clonotype6_consensus_2
CGCGGTAGTTATCACG-1,True,CGCGGTAGTTATCACG-1_contig_1,True,492,TRB,TRBV20-1,None,TRBJ2-1,TRBC2,True,True,CSARYRDNEQFF,TGCAGTGCTAGGTACAGGGACAATGAGCAGTTCTTC,2391,11,clonotype49,clonotype49_consensus_1
CGCGGTAGTTATCACG-1,True,CGCGGTAGTTATCACG-1_contig_2,True,505,TRA,TRAV1-2,None,TRAJ33,TRAC,True,True,CAVLDSNYQLIW,TGTGCTGTGTTGGATAGCAACTATCAGTTAATCTGG,692,2,clonotype49,clonotype49_consensus_2
CGCGGTAGTTATCACG-1,True,CGCGGTAGTTATCACG-1_contig_3,True,427,TRA,TRAV23/DV6,None,TRAJ23,None,True,False,CSKMRDNQGGKLIF,TGCAGCAAGATGAGGGATAACCAGGGAGGAAAGCTTATCTTC,536,1,clonotype49,None
CGCGGTAGTTCACGGC-1,True,CGCGGTAGTTCACGGC-1_contig_1,True,484,TRB,TRBV5-6,None,TRBJ2-3,TRBC2,True,True,CASSLHRASAGDTQYF,TGTGCCAGCAGCTTGCACAGAGCTAGCGCGGGAGATACGCAGTATTTT,2419,5,clonotype296,clonotype296_consensus_1
CGCGGTAGTTCACGGC-1,True,CGCGGTAGTTCACGGC-1_contig_2,True,492,TRA,TRAV12-1,None,TRAJ39,TRAC,True,True,CVVNNNAGNMLTF,TGTGTGGTGAATAATAATGCAGGCAACATGCTCACCTTT,1835,8,clonotype296,clonotype296_consensus_2
CGCGGTAGTTCGGGCT-1,True,CGCGGTAGTTCGGGCT-1_contig_1,True,524,TRB,TRBV20-1,None,TRBJ2-3,TRBC2,True,True,CSARGGGARDTQYF,TGCAGTGCTAGAGGAGGGGGGGCCAGGGATACGCAGTATTTT,823,3,clonotype1721,clonotype1721_consensus_2
CGCGGTAGTTCGGGCT-1,True,CGCGGTAGTTCGGGCT-1_contig_2,True,677,TRA,TRAV8-3,None,TRAJ29,TRAC,True,True,CAVIYGNTPLVF,TGTGCTGTGATCTACGGAAACACACCTCTTGTCTTT,479,5,clonotype1721,clonotype1721_consensus_1
CGCGGTAGTTGGACCC-1,True,CGCGGTAGTTGGACCC-1_contig_1,True,493,TRA,TRAV1-2,None,TRAJ33,TRAC,True,True,CAATDSNYQLIW,TGTGCTGCGACTGATAGCAACTATCAGTTAATCTGG,266,1,clonotype1,clonotype1_consensus_2
CGCGGTAGTTGGACCC-1,True,CGCGGTAGTTGGACCC-1_contig_2,True,498,TRB,TRBV20-1,None,TRBJ2-1,TRBC2,True,True,CSARVGSEVNEQFF,TGCAGTGCTAGAGTGGGGTCGGAAGTCAATGAGCAGTTCTTC,1381,4,clonotype1,clonotype1_consensus_1
CGCGGTATCACAATGC-1,True,CGCGGTATCACAATGC-1_contig_1,True,483,TRA,TRAV38-1,None,TRAJ26,TRAC,True,True,CAFTSYGQNFVF,TGTGCTTTCACCTCATATGGTCAGAATTTTGTCTTT,475,2,clonotype14,clonotype14_consensus_1
CGCGGTATCACAATGC-1,True,CGCGGTATCACAATGC-1_contig_2,True,485,TRB,TRBV20-1,None,TRBJ2-3,TRBC2,True,True,CSARPDTSTDTQYF,TGCAGTGCCCGTCCTGATACTAGCACAGATACGCAGTATTTT,1293,4,clonotype14,clonotype14_consensus_2
CGCGGTATCACAATGC-1,True,CGCGGTATCACAATGC-1_contig_3,True,396,TRB,None,None,TRBJ1-1,TRBC1,False,False,None,None,774,2,clonotype14,None
CGCGGTATCAGCTCTC-1,True,CGCGGTATCAGCTCTC-1_contig_1,True,462,TRA,TRAV13-1,None,TRAJ9,TRAC,True,True,CASAGSSGGFKTIF,TGTGCCTCTGCGGGGTCGTCTGGAGGCTTCAAAACTATCTTT,2168,11,clonotype1722,clonotype1722_consensus_2
CGCGGTATCAGCTCTC-1,True,CGCGGTATCAGCTCTC-1_contig_2,True,660,TRB,TRBV5-6,None,TRBJ2-2,TRBC2,True,True,CASSLTDRTGELFF,TGTGCCAGCAGCTTGACGGACCGCACCGGGGAGCTGTTTTTT,3751,18,clonotype1722,clonotype1722_consensus_1
CGCGGTATCATCATTC-1,True,CGCGGTATCATCATTC-1_contig_1,True,527,TRB,TRBV20-1,None,TRBJ1-1,TRBC1,True,True,CSAINPNRAENTEAFF,TGCAGTGCTATAAACCCCAACAGAGCCGAGAACACTGAAGCTTTCTTT,3102,13,clonotype1723,clonotype1723_consensus_2
CGCGGTATCATCATTC-1,True,CGCGGTATCATCATTC-1_contig_2,True,488,TRA,TRAV9-2,None,TRAJ9,TRAC,True,True,CALLNTGGFKTIF,TGTGCTCTCCTAAATACTGGAGGCTTCAAAACTATCTTT,593,4,clonotype1723,clonotype1723_consensus_1
CGCGGTATCCGCAAGC-1,True,CGCGGTATCCGCAAGC-1_contig_1,True,508,TRA,TRAV6,None,TRAJ29,TRAC,True,True,CALVVSTGNTPLVF,TGTGCTCTAGTGGTCTCTACAGGAAACACACCTCTTGTCTTT,636,3,clonotype1724,clonotype1724_consensus_3
CGCGGTATCCGCAAGC-1,True,CGCGGTATCCGCAAGC-1_contig_2,True,476,TRB,TRBV24-1,None,TRBJ1-2,TRBC1,True,True,CATPDRDLSTF,TGTGCCACCCCTGACAGAGACCTCTCCACCTTC,2650,8,clonotype1724,clonotype1724_consensus_2
CGCGGTATCCGCAAGC-1,True,CGCGGTATCCGCAAGC-1_contig_3,True,512,TRB,TRBV20-1,None,TRBJ2-7,TRBC2,True,True,CSARGGAEQYF,TGCAGTGCTAGAGGCGGGGCCGAGCAGTACTTC,4835,10,clonotype1724,clonotype1724_consensus_1
CGCGGTATCCGCAGTG-1,True,CGCGGTATCCGCAGTG-1_contig_1,True,526,TRA,TRAV14/DV4,None,TRAJ3,TRAC,True,True,CAMREPYSSASKIIF,TGTGCAATGAGAGAGCCGTACAGCAGTGCTTCCAAGATAATCTTT,1554,9,clonotype1725,clonotype1725_consensus_2
CGCGGTATCCGCAGTG-1,True,CGCGGTATCCGCAGTG-1_contig_2,True,665,TRB,TRBV5-6,None,TRBJ1-1,TRBC1,True,True,CASSYRTGAMNTEAFF,TGTGCCAGCAGCTATCGGACAGGGGCCATGAACACTGAAGCTTTCTTT,1820,9,clonotype1725,clonotype1725_consensus_1
CGCGGTATCTTACCTA-1,True,CGCGGTATCTTACCTA-1_contig_1,True,521,TRB,TRBV20-1,None,TRBJ2-1,TRBC2,True,True,CSARVGSEVNEQFF,TGCAGTGCTAGAGTGGGGTCGGAAGTCAATGAGCAGTTCTTC,1706,11,clonotype2,clonotype2_consensus_1
CGCGGTATCTTACCTA-1,True,CGCGGTATCTTACCTA-1_contig_2,True,482,TRA,TRAV10,None,TRAJ24,TRAC,True,False,None,None,185,3,clonotype2,None
CGCGTTTAGGGTCTCC-1,True,CGCGTTTAGGGTCTCC-1_contig_1,True,668,TRB,TRBV5-6,None,TRBJ1-6,TRBC1,True,True,CASSLDRRPLHF,TGTGCCAGCAGCCTGGACAGAAGACCCCTCCACTTT,1246,4,clonotype1726,clonotype1726_consensus_1
CGCGTTTAGGGTCTCC-1,True,CGCGTTTAGGGTCTCC-1_contig_2,True,497,TRA,TRAV25,None,TRAJ43,TRAC,True,True,CLGNNNDMRF,TGTCTGGGGAATAACAATGACATGCGCTTT,150,1,clonotype1726,clonotype1726_consensus_2
CGCGTTTAGGGTCTCC-1,True,CGCGTTTAGGGTCTCC-1_contig_3,True,308,TRB,None,None,TRBJ2-4,TRBC2,False,False,None,None,844,2,clonotype1726,None
CGCGTTTAGTGTACCT-1,True,CGCGTTTAGTGTACCT-1_contig_1,True,505,TRA,TRAV1-2,None,TRAJ33,TRAC,True,True,CAATDSNYQLIW,TGTGCTGCGACTGATAGCAACTATCAGTTAATCTGG,285,4,clonotype1,clonotype1_consensus_2
CGCGTTTAGTGTACCT-1,True,CGCGTTTAGTGTACCT-1_contig_2,True,521,TRB,TRBV20-1,None,TRBJ2-1,TRBC2,True,True,CSARVGSEVNEQFF,TGCAGTGCTAGAGTGGGGTCGGAAGTCAATGAGCAGTTCTTC,444,4,clonotype1,clonotype1_consensus_1
CGCGTTTAGTGTACCT-1,True,CGCGTTTAGTGTACCT-1_contig_3,True,471,TRA,TRAV10,None,TRAJ24,TRAC,True,False,None,None,543,1,clonotype1,None
CGCGTTTCAAACAACA-1,True,CGCGTTTCAAACAACA-1_contig_1,True,509,TRA,TRAV13-2,None,TRAJ17,TRAC,True,True,CAETEAAGNKLTF,TGTGCAGAGACAGAAGCTGCAGGCAACAAGCTAACTTTT,365,5,clonotype234,clonotype234_consensus_1
CGCGTTTCAAACAACA-1,True,CGCGTTTCAAACAACA-1_contig_2,True,524,TRB,TRBV20-1,None,TRBJ2-1,TRBC2,True,True,CSASRGRGVYNEQFF,TGCAGTGCTAGTAGGGGCCGGGGTGTCTACAATGAGCAGTTCTTC,1726,9,clonotype234,clonotype234_consensus_2
CGCGTTTCAACGCACC-1,True,CGCGTTTCAACGCACC-1_contig_1,True,600,TRA,TRAV12-1,None,TRAJ23,TRAC,True,True,CVVNQKNQGGKLIF,TGTGTGGTGAACCAGAAGAACCAGGGAGGAAAGCTTATCTTC,1052,6,clonotype1727,clonotype1727_consensus_2
CGCGTTTCAACGCACC-1,True,CGCGTTTCAACGCACC-1_contig_2,True,518,TRB,TRBV20-1,None,TRBJ1-4,TRBC1,True,True,CSASRGHNEKLFF,TGCAGTGCTAGCAGGGGTCACAATGAAAAACTGTTTTTT,3245,8,clonotype1727,clonotype1727_consensus_1
CGCGTTTCAACGCACC-1,True,CGCGTTTCAACGCACC-1_contig_3,True,499,TRA,TRAV1-2,None,TRAJ35,TRAC,True,False,None,None,711,6,clonotype1727,None
CGCGTTTCACTATCTT-1,True,CGCGTTTCACTATCTT-1_contig_1,True,515,TRB,TRBV20-1,None,TRBJ1-2,TRBC1,True,True,CSADRGGYGYTF,TGCAGTGCTGACAGGGGGGGCTATGGCTACACCTTC,1369,5,clonotype1728,clonotype1728_consensus_1
CGCGTTTCACTATCTT-1,True,CGCGTTTCACTATCTT-1_contig_2,True,467,TRA,TRAV34,None,TRAJ16,TRAC,True,True,CGAASFSDGQKLLF,TGTGGAGCAGCCTCGTTTTCAGATGGCCAGAAGCTGCTCTTT,487,4,clonotype1728,clonotype1728_consensus_2
CGCGTTTCAGCTGCAC-1,True,CGCGTTTCAGCTGCAC-1_contig_1,True,505,TRA,TRAV1-2,None,TRAJ33,TRAC,True,True,CAATDSNYQLIW,TGTGCTGCGACTGATAGCAACTATCAGTTAATCTGG,338,2,clonotype1,clonotype1_consensus_2
CGCGTTTCAGCTGCAC-1,True,CGCGTTTCAGCTGCAC-1_contig_2,True,498,TRB,TRBV20-1,None,TRBJ2-1,TRBC2,True,True,CSARVGSEVNEQFF,TGCAGTGCTAGAGTGGGGTCGGAAGTCAATGAGCAGTTCTTC,2819,6,clonotype1,clonotype1_consensus_1
CGCGTTTCAGCTGCAC-1,True,CGCGTTTCAGCTGCAC-1_contig_3,True,434,TRA,TRAV10,None,TRAJ24,TRAC,True,False,None,None,95,1,clonotype1,None
CGCGTTTGTACCAGTT-1,True,CGCGTTTGTACCAGTT-1_contig_1,True,517,TRB,TRBV5-5,None,TRBJ2-5,TRBC2,True,True,CASSLVATNQETQYF,TGTGCCAGCAGCTTGGTAGCGACTAACCAAGAGACCCAGTACTTC,11071,8,clonotype1729,clonotype1729_consensus_1
CGCGTTTGTACCAGTT-1,True,CGCGTTTGTACCAGTT-1_contig_2,True,510,TRA,TRAV13-2,None,TRAJ43,TRAC,True,False,None,None,762,4,clonotype1729,None
CGCGTTTGTCCTGCTT-1,True,CGCGTTTGTCCTGCTT-1_contig_1,True,523,TRA,TRAV12-1,None,TRAJ52,TRAC,True,True,CVVNLGAGGTSYGKLTF,TGTGTGGTGAACTTGGGTGCTGGTGGTACTAGCTATGGAAAGCTGACATTT,966,8,clonotype1730,clonotype1730_consensus_1
CGCGTTTGTCCTGCTT-1,True,CGCGTTTGTCCTGCTT-1_contig_2,True,498,TRB,TRBV20-1,None,TRBJ1-5,TRBC1,True,True,CSASRGQVDQPQHF,TGCAGTGCTAGCCGGGGACAGGTAGATCAGCCCCAGCATTTT,2754,8,clonotype1730,clonotype1730_consensus_2
CGCGTTTGTGCACGAA-1,True,CGCGTTTGTGCACGAA-1_contig_1,True,505,TRA,TRAV1-2,None,TRAJ33,TRAC,True,True,CAATDSNYQLIW,TGTGCTGCGACTGATAGCAACTATCAGTTAATCTGG,737,4,clonotype1,clonotype1_consensus_2
CGCGTTTGTGCACGAA-1,True,CGCGTTTGTGCACGAA-1_contig_2,True,521,TRB,TRBV20-1,None,TRBJ2-1,TRBC2,True,True,CSARVGSEVNEQFF,TGCAGTGCTAGAGTGGGGTCGGAAGTCAATGAGCAGTTCTTC,1451,6,clonotype1,clonotype1_consensus_1
CGCGTTTGTGTGACGA-1,True,CGCGTTTGTGTGACGA-1_contig_1,True,501,TRB,TRBV20-1,None,TRBJ2-1,TRBC2,True,True,CSAQNRGLAYNEQFF,TGCAGTGCTCAGAATAGGGGCTTAGCGTACAATGAGCAGTTCTTC,2350,8,clonotype1731,clonotype1731_consensus_2
CGCGTTTGTGTGACGA-1,True,CGCGTTTGTGTGACGA-1_contig_2,True,458,TRA,TRAV12-3,None,TRAJ56,TRAC,True,True,CATTRCTGANSKLTF,TGTGCAACGACCCGTTGTACTGGAGCCAATAGTAAGCTGACATTT,1371,6,clonotype1731,clonotype1731_consensus_1
CGCGTTTGTGTGACGA-1,True,CGCGTTTGTGTGACGA-1_contig_3,True,484,TRA,TRAV21,None,TRAJ29,TRAC,True,True,CAVDSGGNTPLVF,TGTGCTGTGGATTCGGGGGGAAACACACCTCTTGTCTTT,2317,10,clonotype1731,clonotype1731_consensus_3
CGCGTTTGTTTGTGTG-1,True,CGCGTTTGTTTGTGTG-1_contig_1,True,505,TRA,TRAV1-2,None,TRAJ33,TRAC,True,True,CAATDSNYQLIW,TGTGCTGCGACTGATAGCAACTATCAGTTAATCTGG,299,1,clonotype1,clonotype1_consensus_2
CGCGTTTGTTTGTGTG-1,True,CGCGTTTGTTTGTGTG-1_contig_2,True,498,TRB,TRBV20-1,None,TRBJ2-1,TRBC2,True,True,CSARVGSEVNEQFF,TGCAGTGCTAGAGTGGGGTCGGAAGTCAATGAGCAGTTCTTC,1554,8,clonotype1,clonotype1_consensus_1
CGCGTTTGTTTGTGTG-1,True,CGCGTTTGTTTGTGTG-1_contig_3,True,482,TRA,TRAV10,None,TRAJ24,TRAC,True,False,None,None,236,1,clonotype1,None
CGCGTTTTCCACTCCA-1,True,CGCGTTTTCCACTCCA-1_contig_1,True,518,TRB,TRBV20-1,None,TRBJ1-1,TRBC1,True,True,CSARGQGVTEAFF,TGCAGTGCTAGAGGACAGGGGGTAACTGAAGCTTTCTTT,446,6,clonotype1732,clonotype1732_consensus_1
CGCGTTTTCCACTCCA-1,True,CGCGTTTTCCACTCCA-1_contig_2,True,497,TRA,TRAV25,None,TRAJ43,TRAC,True,True,CAQGWNDMRF,TGTGCTCAGGGATGGAATGACATGCGCTTT,104,2,clonotype1732,clonotype1732_consensus_2
CGCTATCAGAGGTTGC-1,True,CGCTATCAGAGGTTGC-1_contig_1,True,521,TRB,TRBV20-1,None,TRBJ2-1,TRBC2,True,True,CSARVGSEVNEQFF,TGCAGTGCTAGAGTGGGGTCGGAAGTCAATGAGCAGTTCTTC,2089,9,clonotype2,clonotype2_consensus_1
CGCTATCAGAGGTTGC-1,True,CGCTATCAGAGGTTGC-1_contig_2,True,434,TRA,TRAV10,None,TRAJ24,TRAC,True,False,None,None,54,1,clonotype2,None
CGCTATCAGGTGATTA-1,True,CGCTATCAGGTGATTA-1_contig_1,True,493,TRB,TRBV5-6,None,TRBJ1-2,TRBC1,True,True,CASSPGTPGDYGYTF,TGTGCCAGCAGCCCGGGGACACCGGGAGACTATGGCTACACCTTC,2640,8,clonotype1733,clonotype1733_consensus_1
CGCTATCAGGTGATTA-1,True,CGCTATCAGGTGATTA-1_contig_2,True,307,TRB,None,None,TRBJ1-1,TRBC1,False,False,None,None,566,3,clonotype1733,None
CGCTATCAGGTGATTA-1,True,CGCTATCAGGTGATTA-1_contig_3,True,513,TRA,TRAV20,None,TRAJ28,TRAC,True,False,CCAGPLGAGSYQLTF,TGCTGTGCAGGCCCGTTAGGGGCTGGGAGTTACCAACTCACTTTC,604,4,clonotype1733,None
CGCTATCAGTAGATGT-1,True,CGCTATCAGTAGATGT-1_contig_1,True,521,TRB,TRBV6-5,None,TRBJ1-5,TRBC1,True,True,CASSAGPGHSNQPQHF,TGTGCCAGCAGTGCCGGCCCTGGGCATAGCAATCAGCCCCAGCATTTT,1512,4,clonotype1734,clonotype1734_consensus_3
CGCTATCAGTAGATGT-1,True,CGCTATCAGTAGATGT-1_contig_2,True,521,TRB,TRBV20-1,None,TRBJ2-1,TRBC2,True,True,CSAIRGGTNNEQFF,TGCAGTGCTATCAGGGGGGGGACCAACAATGAGCAGTTCTTC,1740,7,clonotype1734,clonotype1734_consensus_2
CGCTATCAGTAGATGT-1,True,CGCTATCAGTAGATGT-1_contig_3,True,501,TRA,TRAV9-2,None,TRAJ28,TRAC,True,True,CALSDGSGAGSYQLTF,TGTGCTCTGAGTGACGGCTCTGGGGCTGGGAGTTACCAACTCACTTTC,422,4,clonotype1734,clonotype1734_consensus_1
CGCTATCCAAACAACA-1,True,CGCTATCCAAACAACA-1_contig_1,True,505,TRA,TRAV1-2,None,TRAJ33,TRAC,True,True,CAATDSNYQLIW,TGTGCTGCGACTGATAGCAACTATCAGTTAATCTGG,507,4,clonotype1,clonotype1_consensus_2
CGCTATCCAAACAACA-1,True,CGCTATCCAAACAACA-1_contig_2,True,521,TRB,TRBV20-1,None,TRBJ2-1,TRBC2,True,True,CSARVGSEVNEQFF,TGCAGTGCTAGAGTGGGGTCGGAAGTCAATGAGCAGTTCTTC,3609,15,clonotype1,clonotype1_consensus_1
CGCTATCCACCGAAAG-1,True,CGCTATCCACCGAAAG-1_contig_1,True,653,TRA,TRAV12-1,None,TRAJ40,TRAC,True,True,CVVIPGSGTYKYIF,TGTGTGGTGATCCCCGGCTCAGGAACCTACAAATACATCTTT,726,6,clonotype1735,clonotype1735_consensus_1
CGCTATCCACCGAAAG-1,True,CGCTATCCACCGAAAG-1_contig_2,True,515,TRB,TRBV20-1,None,TRBJ2-5,TRBC2,True,True,CSAIDSGETQYF,TGCAGTGCTATCGACAGTGGAGAGACCCAGTACTTC,3109,17,clonotype1735,clonotype1735_consensus_2
CGCTATCCACCGAAAG-1,True,CGCTATCCACCGAAAG-1_contig_3,True,471,TRB,TRBV23-1,None,TRBJ1-6,TRBC1,True,False,CATEPGNSPLHF,TGCGCCACAGAACCGGGAAATTCACCCCTCCACTTT,730,7,clonotype1735,None
CGCTATCCAGAGCCAA-1,True,CGCTATCCAGAGCCAA-1_contig_1,True,690,TRA,TRAV8-3,None,TRAJ53,TRAC,True,True,CAVGPNSGGSNYKLTF,TGTGCTGTGGGTCCTAATAGTGGAGGTAGCAACTATAAACTGACATTT,582,3,clonotype1736,clonotype1736_consensus_1
CGCTATCCAGAGCCAA-1,True,CGCTATCCAGAGCCAA-1_contig_2,True,496,TRB,TRBV7-3,None,TRBJ2-1,TRBC2,True,False,None,None,3004,9,clonotype1736,None
CGCTATCCATAACCTG-1,True,CGCTATCCATAACCTG-1_contig_1,True,487,TRB,TRBV5-6,None,TRBJ1-2,TRBC1,True,True,CASTWRGGGGYTF,TGTGCCAGCACCTGGCGCGGGGGCGGGGGCTACACCTTC,339,1,clonotype297,clonotype297_consensus_2
CGCTATCCATAACCTG-1,True,CGCTATCCATAACCTG-1_contig_2,True,612,TRA,TRAV3,None,TRAJ33,TRAC,True,True,CAVRDSNYQLIW,TGTGCTGTGAGAGATAGCAACTATCAGTTAATCTGG,1331,7,clonotype297,clonotype297_consensus_1
CGCTATCCATAACCTG-1,True,CGCTATCCATAACCTG-1_contig_3,True,397,TRB,None,None,TRBJ1-1,TRBC1,False,False,None,None,646,2,clonotype297,None
CGCTATCCATTGTGCA-1,True,CGCTATCCATTGTGCA-1_contig_1,True,485,TRB,TRBV20-1,None,TRBJ2-1,TRBC2,True,True,CSARVGSEVNEQFF,TGCAGTGCTAGAGTGGGGTCGGAAGTCAATGAGCAGTTCTTC,983,5,clonotype2,clonotype2_consensus_1
CGCTATCGTAAGGATT-1,True,CGCTATCGTAAGGATT-1_contig_1,True,485,TRB,TRBV20-1,None,TRBJ2-1,TRBC2,True,True,CSARVGSEVNEQFF,TGCAGTGCTAGAGTGGGGTCGGAAGTCAATGAGCAGTTCTTC,2863,8,clonotype2,clonotype2_consensus_1
CGCTATCGTAAGGATT-1,True,CGCTATCGTAAGGATT-1_contig_2,True,482,TRA,TRAV10,None,TRAJ24,TRAC,True,False,None,None,182,7,clonotype2,None
CGCTATCGTACAGACG-1,True,CGCTATCGTACAGACG-1_contig_1,True,521,TRB,TRBV20-1,None,TRBJ2-1,TRBC2,True,True,CSARVGSEVNEQFF,TGCAGTGCTAGAGTGGGGTCGGAAGTCAATGAGCAGTTCTTC,2689,12,clonotype2,clonotype2_consensus_1
CGCTATCGTATTAGCC-1,True,CGCTATCGTATTAGCC-1_contig_1,True,514,TRA,TRAV23/DV6,None,TRAJ39,TRAC,True,True,CAARTYNNAGNMLTF,TGTGCAGCACGAACCTATAATAATGCAGGCAACATGCTCACCTTT,360,1,clonotype1737,clonotype1737_consensus_2
CGCTATCGTATTAGCC-1,True,CGCTATCGTATTAGCC-1_contig_2,True,668,TRB,TRBV5-6,None,TRBJ2-3,TRBC2,True,True,CASSLERGLPGTDTQYF,TGTGCCAGCAGCTTGGAGCGGGGACTTCCAGGCACAGATACGCAGTATTTT,2218,13,clonotype1737,clonotype1737_consensus_3
CGCTATCGTATTAGCC-1,True,CGCTATCGTATTAGCC-1_contig_3,True,458,TRA,TRAV9-2,None,TRAJ40,TRAC,True,True,CALSDLRTSGTYKYIF,TGTGCTCTGAGTGATCTGCGAACCTCAGGAACCTACAAATACATCTTT,181,2,clonotype1737,clonotype1737_consensus_1
CGCTATCGTATTAGCC-1,True,CGCTATCGTATTAGCC-1_contig_4,True,315,TRB,None,None,TRBJ2-1,TRBC2,False,False,None,None,72,3,clonotype1737,None
CGCTATCGTCTCACCT-1,True,CGCTATCGTCTCACCT-1_contig_1,True,490,TRA,TRAV1-2,None,TRAJ30,TRAC,True,True,CAVRDLREIIF,TGTGCTGTGAGAGATCTTCGGGAGATCATCTTT,110,4,clonotype3,clonotype3_consensus_2
CGCTATCGTCTCACCT-1,True,CGCTATCGTCTCACCT-1_contig_2,True,697,TRB,TRBV5-5,None,TRBJ1-4,TRBC1,True,True,CASSHPGPNYATNEKLFF,TGTGCCAGCAGCCATCCCGGACCGAACTACGCAACTAATGAAAAACTGTTTTTT,429,3,clonotype3,clonotype3_consensus_1
CGCTATCGTCTCACCT-1,True,CGCTATCGTCTCACCT-1_contig_3,True,426,TRB,TRBV7-3,None,TRBJ2-1,TRBC2,True,False,CQQRSLKAGGPYNEQFF,TGCCAGCAGCGGTCACTTAAAGCGGGGGGACCCTACAATGAGCAGTTCTTC,193,2,clonotype3,None
CGCTATCGTCTTGCGG-1,True,CGCTATCGTCTTGCGG-1_contig_1,True,505,TRA,TRAV1-2,None,TRAJ33,TRAC,True,True,CAATDSNYQLIW,TGTGCTGCGACTGATAGCAACTATCAGTTAATCTGG,740,3,clonotype1,clonotype1_consensus_2
CGCTATCGTCTTGCGG-1,True,CGCTATCGTCTTGCGG-1_contig_2,True,498,TRB,TRBV20-1,None,TRBJ2-1,TRBC2,True,True,CSARVGSEVNEQFF,TGCAGTGCTAGAGTGGGGTCGGAAGTCAATGAGCAGTTCTTC,2776,12,clonotype1,clonotype1_consensus_1
CGCTATCGTTCAGTAC-1,True,CGCTATCGTTCAGTAC-1_contig_1,True,524,TRB,TRBV20-1,None,TRBJ2-2,TRBC2,True,True,CSARPQLTNTGELFF,TGCAGTGCTAGACCCCAACTAACCAACACCGGGGAGCTGTTTTTT,2276,8,clonotype13,clonotype13_consensus_2
CGCTATCGTTCAGTAC-1,True,CGCTATCGTTCAGTAC-1_contig_2,True,483,TRA,TRAV21,None,TRAJ11,TRAC,True,True,CAASASGYSTLTF,TGTGCTGCCTCAGCATCAGGATACAGCACCCTCACCTTT,1089,7,clonotype13,clonotype13_consensus_1
CGCTATCGTTCCACGG-1,True,CGCTATCGTTCCACGG-1_contig_1,True,485,TRB,TRBV20-1,None,TRBJ2-1,TRBC2,True,True,CSARVGSEVNEQFF,TGCAGTGCTAGAGTGGGGTCGGAAGTCAATGAGCAGTTCTTC,1268,5,clonotype2,clonotype2_consensus_1
CGCTATCGTTCCACGG-1,True,CGCTATCGTTCCACGG-1_contig_2,True,459,TRA,TRAV10,None,TRAJ24,TRAC,True,False,None,None,149,2,clonotype2,None
CGCTATCGTTCGGGCT-1,True,CGCTATCGTTCGGGCT-1_contig_1,True,521,TRB,TRBV20-1,None,TRBJ2-1,TRBC2,True,True,CSARVGSEVNEQFF,TGCAGTGCTAGAGTGGGGTCGGAAGTCAATGAGCAGTTCTTC,638,4,clonotype2,clonotype2_consensus_1
CGCTATCTCTACCTGC-1,True,CGCTATCTCTACCTGC-1_contig_1,True,505,TRA,TRAV1-2,None,TRAJ33,TRAC,True,True,CAATDSNYQLIW,TGTGCTGCGACTGATAGCAACTATCAGTTAATCTGG,194,4,clonotype1,clonotype1_consensus_2
CGCTATCTCTACCTGC-1,True,CGCTATCTCTACCTGC-1_contig_2,True,521,TRB,TRBV20-1,None,TRBJ2-1,TRBC2,True,True,CSARVGSEVNEQFF,TGCAGTGCTAGAGTGGGGTCGGAAGTCAATGAGCAGTTCTTC,888,6,clonotype1,clonotype1_consensus_1
CGCTATCTCTATCCTA-1,True,CGCTATCTCTATCCTA-1_contig_1,True,646,TRA,TRAV8-6,None,TRAJ52,TRAC,True,True,CASNAGGTSYGKLTF,TGTGCGTCTAATGCTGGTGGTACTAGCTATGGAAAGCTGACATTT,1188,6,clonotype1738,clonotype1738_consensus_1
CGCTATCTCTATCCTA-1,True,CGCTATCTCTATCCTA-1_contig_2,True,521,TRB,TRBV20-1,None,TRBJ2-7,TRBC2,True,True,CSAKQGSPSYEQYF,TGCAGTGCAAAACAGGGGTCGCCCTCCTACGAGCAGTACTTC,5074,14,clonotype1738,clonotype1738_consensus_2
CGCTATCTCTATCCTA-1,True,CGCTATCTCTATCCTA-1_contig_3,True,492,TRA,TRAV21,None,TRAJ11,TRAC,False,False,None,None,5466,1,clonotype1738,None
CGCTGGAAGCACCGCT-1,True,CGCTGGAAGCACCGCT-1_contig_1,True,579,TRA,TRAV12-1,None,TRAJ5,TRAC,True,True,CVVKVGRRALTF,TGTGTGGTGAAGGTGGGCAGGAGAGCACTTACTTTT,787,5,clonotype1739,clonotype1739_consensus_1
CGCTGGAAGCACCGCT-1,True,CGCTGGAAGCACCGCT-1_contig_2,True,521,TRB,TRBV20-1,None,TRBJ2-5,TRBC2,True,True,CSAHEQEREETQYF,TGCAGTGCCCACGAACAGGAAAGGGAAGAGACCCAGTACTTC,3393,11,clonotype1739,clonotype1739_consensus_2
CGCTGGAAGCGCCTCA-1,True,CGCTGGAAGCGCCTCA-1_contig_1,True,524,TRB,TRBV20-1,None,TRBJ2-6,TRBC2,True,True,CSARDPFSGANVLTF,TGCAGTGCTAGAGATCCATTCTCTGGGGCCAACGTCCTGACTTTC,2811,9,clonotype1740,clonotype1740_consensus_1
CGCTGGAAGCGCCTCA-1,True,CGCTGGAAGCGCCTCA-1_contig_2,True,560,TRA,TRAV17,None,TRAJ44,TRAC,True,True,CATDRTGTASKLTF,TGTGCTACGGACCGTACCGGCACTGCCAGTAAACTCACCTTT,1249,6,clonotype1740,clonotype1740_consensus_2
CGCTGGAAGGGTCTCC-1,True,CGCTGGAAGGGTCTCC-1_contig_1,True,583,TRA,TRAV29/DV5,None,TRAJ52,TRAC,True,True,CAASRPGAGGTSYGKLTF,TGTGCAGCAAGCCGCCCGGGGGCTGGTGGTACTAGCTATGGAAAGCTGACATTT,176,3,clonotype54,clonotype54_consensus_1
CGCTGGAAGGGTCTCC-1,True,CGCTGGAAGGGTCTCC-1_contig_2,True,521,TRB,TRBV5-5,None,TRBJ1-6,TRBC1,True,True,CASSFVADNSPLHF,TGTGCCAGCAGCTTCGTGGCGGATAATTCACCCCTCCACTTT,2541,7,clonotype54,clonotype54_consensus_2
CGCTGGAAGGTAGCTG-1,True,CGCTGGAAGGTAGCTG-1_contig_1,True,505,TRA,TRAV1-2,None,TRAJ33,TRAC,True,True,CAATDSNYQLIW,TGTGCTGCGACTGATAGCAACTATCAGTTAATCTGG,991,4,clonotype1,clonotype1_consensus_2
CGCTGGAAGGTAGCTG-1,True,CGCTGGAAGGTAGCTG-1_contig_2,True,521,TRB,TRBV20-1,None,TRBJ2-1,TRBC2,True,True,CSARVGSEVNEQFF,TGCAGTGCTAGAGTGGGGTCGGAAGTCAATGAGCAGTTCTTC,2144,9,clonotype1,clonotype1_consensus_1
CGCTGGACAACAACCT-1,True,CGCTGGACAACAACCT-1_contig_1,True,569,TRA,TRAV22,None,TRAJ35,TRAC,True,True,CAVAASIGFGNVLHC,TGTGCTGTGGCCGCTTCGATAGGCTTTGGGAATGTGCTGCATTGC,3439,3,clonotype47,clonotype47_consensus_2
CGCTGGACAACAACCT-1,True,CGCTGGACAACAACCT-1_contig_2,True,696,TRB,TRBV5-6,None,TRBJ2-1,TRBC2,True,True,CASSLANEQFF,TGTGCCAGCAGCTTGGCCAATGAGCAGTTCTTC,1675,10,clonotype47,clonotype47_consensus_1
CGCTGGACACCTCGGA-1,True,CGCTGGACACCTCGGA-1_contig_1,True,493,TRA,TRAV12-1,None,TRAJ12,TRAC,True,True,CVVNKGDSSYKLIF,TGTGTGGTGAACAAGGGGGATAGCAGCTATAAATTGATCTTC,1054,6,clonotype1741,clonotype1741_consensus_2
CGCTGGACACCTCGGA-1,True,CGCTGGACACCTCGGA-1_contig_2,True,497,TRB,TRBV20-1,None,TRBJ1-2,TRBC1,True,True,CSARDQKQGAGGFGGYTF,TGCAGTGCTAGAGATCAAAAACAGGGGGCAGGAGGATTTGGGGGCTACACCTTC,2103,12,clonotype1741,clonotype1741_consensus_1
CGCTGGACATCTACGA-1,True,CGCTGGACATCTACGA-1_contig_1,True,627,TRA,TRAV26-1,None,TRAJ31,TRAC,True,True,CIVSYNARLMF,TGCATCGTCAGTTACAATGCCAGACTCATGTTT,1640,8,clonotype1742,clonotype1742_consensus_2
CGCTGGACATCTACGA-1,True,CGCTGGACATCTACGA-1_contig_2,True,504,TRB,TRBV20-1,None,TRBJ2-5,TRBC2,True,True,CSARAPLAVYQETQYF,TGCAGTGCTAGAGCTCCACTAGCGGTGTACCAAGAGACCCAGTACTTC,1626,7,clonotype1742,clonotype1742_consensus_1
CGCTGGAGTACAGACG-1,True,CGCTGGAGTACAGACG-1_contig_1,True,757,TRB,TRBV5-6,None,TRBJ2-3,TRBC2,True,True,CASSPKMTRSTDTQYF,TGTGCCAGCAGCCCAAAAATGACTAGATCCACAGATACGCAGTATTTT,2074,8,clonotype1743,clonotype1743_consensus_2
CGCTGGAGTACAGACG-1,True,CGCTGGAGTACAGACG-1_contig_2,True,476,TRA,TRAV2,None,TRAJ22,TRAC,True,True,CAVLSGSARQLTF,TGTGCTGTCCTATCTGGTTCTGCAAGGCAACTGACCTTT,1407,3,clonotype1743,clonotype1743_consensus_1
CGCTGGAGTATTAGCC-1,True,CGCTGGAGTATTAGCC-1_contig_1,True,505,TRA,TRAV1-2,None,TRAJ33,TRAC,True,True,CAATDSNYQLIW,TGTGCTGCGACTGATAGCAACTATCAGTTAATCTGG,1108,5,clonotype1,clonotype1_consensus_2
CGCTGGAGTATTAGCC-1,True,CGCTGGAGTATTAGCC-1_contig_2,True,521,TRB,TRBV20-1,None,TRBJ2-1,TRBC2,True,True,CSARVGSEVNEQFF,TGCAGTGCTAGAGTGGGGTCGGAAGTCAATGAGCAGTTCTTC,2899,15,clonotype1,clonotype1_consensus_1
CGCTGGAGTATTAGCC-1,True,CGCTGGAGTATTAGCC-1_contig_3,True,482,TRA,TRAV10,None,TRAJ24,TRAC,True,False,None,None,421,4,clonotype1,None
CGCTGGAGTCCCTACT-1,True,CGCTGGAGTCCCTACT-1_contig_1,True,505,TRA,TRAV1-2,None,TRAJ33,TRAC,True,True,CAATDSNYQLIW,TGTGCTGCGACTGATAGCAACTATCAGTTAATCTGG,1060,3,clonotype1,clonotype1_consensus_2
CGCTGGAGTCCCTACT-1,True,CGCTGGAGTCCCTACT-1_contig_2,True,521,TRB,TRBV20-1,None,TRBJ2-1,TRBC2,True,True,CSARVGSEVNEQFF,TGCAGTGCTAGAGTGGGGTCGGAAGTCAATGAGCAGTTCTTC,4740,10,clonotype1,clonotype1_consensus_1
CGCTGGAGTCCCTACT-1,True,CGCTGGAGTCCCTACT-1_contig_3,True,455,TRA,TRAV10,None,TRAJ24,TRAC,True,False,None,None,310,2,clonotype1,None
CGCTGGAGTCTTGATG-1,True,CGCTGGAGTCTTGATG-1_contig_1,True,502,TRA,TRAV1-2,None,TRAJ16,TRAC,True,True,CAVSYGQKLLF,TGTGCTGTCTCCTATGGCCAGAAGCTGCTCTTT,938,4,clonotype1744,clonotype1744_consensus_2
CGCTGGAGTCTTGATG-1,True,CGCTGGAGTCTTGATG-1_contig_2,True,524,TRB,TRBV20-1,None,TRBJ2-1,TRBC2,True,True,CSASPWGGTYNEQFF,TGCAGTGCTAGCCCGTGGGGGGGGACCTACAATGAGCAGTTCTTC,1194,8,clonotype1744,clonotype1744_consensus_1
CGCTGGAGTCTTGATG-1,True,CGCTGGAGTCTTGATG-1_contig_3,True,409,TRA,TRAV1-1,None,TRAJ15,TRAC,True,False,None,None,503,4,clonotype1744,None
CGCTGGAGTGCGATAG-1,True,CGCTGGAGTGCGATAG-1_contig_1,True,459,TRA,TRAV13-1,None,TRAJ30,TRAC,True,True,CAGIMNRDDKIIF,TGTGCGGGTATCATGAACAGAGATGACAAGATCATCTTT,6963,8,clonotype1745,clonotype1745_consensus_3
CGCTGGAGTGCGATAG-1,True,CGCTGGAGTGCGATAG-1_contig_2,True,515,TRB,TRBV5-5,None,TRBJ2-5,TRBC2,True,True,CASSLVATNQETQYF,TGTGCCAGCAGCTTGGTAGCGACTAACCAAGAGACCCAGTACTTC,3433,11,clonotype1745,clonotype1745_consensus_1
CGCTGGAGTGCGATAG-1,True,CGCTGGAGTGCGATAG-1_contig_3,True,490,TRB,TRBV5-6,None,TRBJ1-1,TRBC1,True,True,CASSFGTGNTEAFF,TGTGCCAGCAGCTTTGGGACAGGGAACACTGAAGCTTTCTTT,1018,4,clonotype1745,clonotype1745_consensus_2
CGCTGGAGTGGAAAGA-1,True,CGCTGGAGTGGAAAGA-1_contig_1,True,527,TRB,TRBV20-1,None,TRBJ2-2,TRBC2,True,True,CSAPKRGTGTTGELFF,TGCAGTGCTCCCAAGCGGGGGACAGGGACCACCGGGGAGCTGTTTTTT,1400,6,clonotype1746,clonotype1746_consensus_2
CGCTGGAGTGGAAAGA-1,True,CGCTGGAGTGGAAAGA-1_contig_2,True,679,TRA,TRAV8-3,None,TRAJ40,TRAC,True,True,CAVGSEGTYKYIF,TGTGCTGTGGGTTCGGAGGGAACCTACAAATACATCTTT,1167,4,clonotype1746,clonotype1746_consensus_1
CGCTGGAGTTATGCGT-1,True,CGCTGGAGTTATGCGT-1_contig_1,True,521,TRB,TRBV20-1,None,TRBJ2-1,TRBC2,True,True,CSARVGSEVNEQFF,TGCAGTGCTAGAGTGGGGTCGGAAGTCAATGAGCAGTTCTTC,2789,10,clonotype2,clonotype2_consensus_1
CGCTGGAGTTGGAGGT-1,True,CGCTGGAGTTGGAGGT-1_contig_1,True,492,TRB,TRBV20-1,None,TRBJ1-4,TRBC1,True,True,CSADRLNEKLFF,TGCAGTGCGGACCGACTTAATGAAAAACTGTTTTTT,3455,11,clonotype1747,clonotype1747_consensus_1
CGCTGGAGTTGGAGGT-1,True,CGCTGGAGTTGGAGGT-1_contig_2,True,501,Multi,TRDV1,None,TRAJ34,TRAC,True,False,CALGESTDKLIF,TGTGCTCTTGGGGAATCGACCGACAAGCTCATCTTT,1658,8,clonotype1747,None
CGCTGGAGTTTACTCT-1,True,CGCTGGAGTTTACTCT-1_contig_1,True,505,TRA,TRAV1-2,None,TRAJ33,TRAC,True,True,CAATDSNYQLIW,TGTGCTGCGACTGATAGCAACTATCAGTTAATCTGG,533,1,clonotype1,clonotype1_consensus_2
CGCTGGAGTTTACTCT-1,True,CGCTGGAGTTTACTCT-1_contig_2,True,497,TRB,TRBV20-1,None,TRBJ2-1,TRBC2,True,True,CSARVGSEVNEQFF,TGCAGTGCTAGAGTGGGGTCGGAAGTCAATGAGCAGTTCTTC,1037,7,clonotype1,clonotype1_consensus_1
CGCTGGATCACCCGAG-1,True,CGCTGGATCACCCGAG-1_contig_1,True,505,TRA,TRAV1-2,None,TRAJ33,TRAC,True,True,CAATDSNYQLIW,TGTGCTGCGACTGATAGCAACTATCAGTTAATCTGG,5903,2,clonotype1,clonotype1_consensus_2
CGCTGGATCACCCGAG-1,True,CGCTGGATCACCCGAG-1_contig_2,True,521,TRB,TRBV20-1,None,TRBJ2-1,TRBC2,True,True,CSARVGSEVNEQFF,TGCAGTGCTAGAGTGGGGTCGGAAGTCAATGAGCAGTTCTTC,2135,8,clonotype1,clonotype1_consensus_1
CGCTGGATCACCCGAG-1,True,CGCTGGATCACCCGAG-1_contig_3,True,496,TRA,TRAV10,None,TRAJ24,TRAC,True,False,None,None,1468,3,clonotype1,None
CGCTGGATCGTTGACA-1,True,CGCTGGATCGTTGACA-1_contig_1,True,521,TRB,TRBV20-1,None,TRBJ2-1,TRBC2,True,True,CSARVGSEVNEQFF,TGCAGTGCTAGAGTGGGGTCGGAAGTCAATGAGCAGTTCTTC,926,9,clonotype2,clonotype2_consensus_1
CGCTGGATCGTTGACA-1,True,CGCTGGATCGTTGACA-1_contig_2,True,457,TRA,TRAV10,None,TRAJ24,TRAC,True,False,None,None,244,2,clonotype2,None
CGCTTCAAGCCTATGT-1,True,CGCTTCAAGCCTATGT-1_contig_1,True,505,TRA,TRAV1-2,None,TRAJ33,TRAC,True,True,CAATDSNYQLIW,TGTGCTGCGACTGATAGCAACTATCAGTTAATCTGG,646,4,clonotype1,clonotype1_consensus_2
CGCTTCAAGCCTATGT-1,True,CGCTTCAAGCCTATGT-1_contig_2,True,498,TRB,TRBV20-1,None,TRBJ2-1,TRBC2,True,True,CSARVGSEVNEQFF,TGCAGTGCTAGAGTGGGGTCGGAAGTCAATGAGCAGTTCTTC,2085,11,clonotype1,clonotype1_consensus_1
CGCTTCAAGCTAGTCT-1,True,CGCTTCAAGCTAGTCT-1_contig_1,True,505,TRA,TRAV1-2,None,TRAJ33,TRAC,True,True,CAATDSNYQLIW,TGTGCTGCGACTGATAGCAACTATCAGTTAATCTGG,782,9,clonotype1,clonotype1_consensus_2
CGCTTCAAGCTAGTCT-1,True,CGCTTCAAGCTAGTCT-1_contig_2,True,492,TRB,TRBV20-1,None,TRBJ2-1,TRBC2,True,True,CSARVGSEVNEQFF,TGCAGTGCTAGAGTGGGGTCGGAAGTCAATGAGCAGTTCTTC,2462,11,clonotype1,clonotype1_consensus_1
CGCTTCAAGGGTATCG-1,True,CGCTTCAAGGGTATCG-1_contig_1,True,521,TRB,TRBV20-1,None,TRBJ2-1,TRBC2,True,True,CSARVGSEVNEQFF,TGCAGTGCTAGAGTGGGGTCGGAAGTCAATGAGCAGTTCTTC,983,4,clonotype2,clonotype2_consensus_1
CGCTTCAAGGGTATCG-1,True,CGCTTCAAGGGTATCG-1_contig_2,True,471,TRA,TRAV10,None,TRAJ24,TRAC,True,False,None,None,230,7,clonotype2,None
CGCTTCAAGGTTCCTA-1,True,CGCTTCAAGGTTCCTA-1_contig_1,True,462,TRA,TRAV13-1,None,TRAJ33,TRAC,True,True,CAARGLSSNYQLIW,TGTGCAGCAAGGGGCCTGAGTAGCAACTATCAGTTAATCTGG,318,1,clonotype31,clonotype31_consensus_2
CGCTTCAAGGTTCCTA-1,True,CGCTTCAAGGTTCCTA-1_contig_2,True,504,TRB,TRBV20-1,None,TRBJ2-7,TRBC2,True,True,CSARETRTSGGYEQYF,TGCAGTGCTAGAGAAACAAGGACTAGCGGGGGGTACGAGCAGTACTTC,856,4,clonotype31,clonotype31_consensus_1
CGCTTCAAGGTTCCTA-1,True,CGCTTCAAGGTTCCTA-1_contig_3,True,507,TRA,TRAV6,None,TRAJ45,TRAC,True,False,None,None,146,2,clonotype31,None
CGCTTCACACGCGAAA-1,True,CGCTTCACACGCGAAA-1_contig_1,True,497,TRB,TRBV20-1,None,TRBJ2-1,TRBC2,True,True,CSARVGSEVNEQFF,TGCAGTGCTAGAGTGGGGTCGGAAGTCAATGAGCAGTTCTTC,1626,5,clonotype2,clonotype2_consensus_1
CGCTTCACACGCGAAA-1,True,CGCTTCACACGCGAAA-1_contig_2,True,499,TRA,TRAV10,None,TRAJ24,TRAC,True,False,None,None,410,3,clonotype2,None
CGCTTCACAGGTTTCA-1,True,CGCTTCACAGGTTTCA-1_contig_1,True,530,TRB,TRBV20-1,None,TRBJ1-6,TRBC1,True,True,CSARKPHWTGEASPLHF,TGCAGTGCTAGAAAACCTCACTGGACAGGGGAAGCTTCACCCCTCCACTTT,1777,6,clonotype30,clonotype30_consensus_2
CGCTTCACAGGTTTCA-1,True,CGCTTCACAGGTTTCA-1_contig_2,True,558,TRA,TRAV12-1,None,TRAJ35,TRAC,True,True,CVVIGFGNVLHC,TGTGTGGTGATAGGCTTTGGGAATGTGCTGCATTGC,565,5,clonotype30,clonotype30_consensus_1
CGCTTCACAGTTCCCT-1,True,CGCTTCACAGTTCCCT-1_contig_1,True,505,TRA,TRAV1-2,None,TRAJ33,TRAC,True,True,CAATDSNYQLIW,TGTGCTGCGACTGATAGCAACTATCAGTTAATCTGG,1184,4,clonotype1,clonotype1_consensus_2
CGCTTCACAGTTCCCT-1,True,CGCTTCACAGTTCCCT-1_contig_2,True,521,TRB,TRBV20-1,None,TRBJ2-1,TRBC2,True,True,CSARVGSEVNEQFF,TGCAGTGCTAGAGTGGGGTCGGAAGTCAATGAGCAGTTCTTC,1002,5,clonotype1,clonotype1_consensus_1
CGCTTCACAGTTCCCT-1,True,CGCTTCACAGTTCCCT-1_contig_3,True,461,TRA,TRAV10,None,TRAJ24,TRAC,True,False,None,None,394,2,clonotype1,None
CGCTTCAGTCGTTGTA-1,True,CGCTTCAGTCGTTGTA-1_contig_1,True,505,TRA,TRAV1-2,None,TRAJ33,TRAC,True,True,CAATDSNYQLIW,TGTGCTGCGACTGATAGCAACTATCAGTTAATCTGG,1903,10,clonotype1,clonotype1_consensus_2
CGCTTCAGTCGTTGTA-1,True,CGCTTCAGTCGTTGTA-1_contig_2,True,521,TRB,TRBV20-1,None,TRBJ2-1,TRBC2,True,True,CSARVGSEVNEQFF,TGCAGTGCTAGAGTGGGGTCGGAAGTCAATGAGCAGTTCTTC,2743,15,clonotype1,clonotype1_consensus_1
CGCTTCAGTCTTCAAG-1,True,CGCTTCAGTCTTCAAG-1_contig_1,True,521,TRB,TRBV20-1,None,TRBJ2-3,TRBC2,True,True,CSAETSGGSDTQYF,TGCAGTGCAGAGACTAGCGGGGGTTCAGATACGCAGTATTTT,2964,11,clonotype227,clonotype227_consensus_1
CGCTTCAGTCTTCAAG-1,True,CGCTTCAGTCTTCAAG-1_contig_2,True,529,TRA,TRAV14/DV4,None,TRAJ31,TRAC,True,True,CAMRAFVRNNNARLMF,TGTGCAATGAGAGCTTTCGTTCGGAATAACAATGCCAGACTCATGTTT,3354,4,clonotype227,clonotype227_consensus_2
CGCTTCAGTTCCGTCT-1,True,CGCTTCAGTTCCGTCT-1_contig_1,True,462,TRA,TRAV13-1,None,TRAJ24,TRAC,True,True,CAALTTDSWGKFQF,TGTGCAGCTCTGACAACTGACAGCTGGGGGAAATTCCAGTTT,293,1,clonotype1748,clonotype1748_consensus_2
CGCTTCAGTTCCGTCT-1,True,CGCTTCAGTTCCGTCT-1_contig_2,True,659,TRB,TRBV5-6,None,TRBJ2-6,TRBC2,True,True,CASARDSGANVLTF,TGTGCCAGTGCCAGGGACTCTGGGGCCAACGTCCTGACTTTC,1804,8,clonotype1748,clonotype1748_consensus_1
CGCTTCAGTTGTGGCC-1,True,CGCTTCAGTTGTGGCC-1_contig_1,True,505,TRA,TRAV1-2,None,TRAJ33,TRAC,True,True,CAATDSNYQLIW,TGTGCTGCGACTGATAGCAACTATCAGTTAATCTGG,2412,2,clonotype1,clonotype1_consensus_2
CGCTTCAGTTGTGGCC-1,True,CGCTTCAGTTGTGGCC-1_contig_2,True,521,TRB,TRBV20-1,None,TRBJ2-1,TRBC2,True,True,CSARVGSEVNEQFF,TGCAGTGCTAGAGTGGGGTCGGAAGTCAATGAGCAGTTCTTC,4782,17,clonotype1,clonotype1_consensus_1
CGCTTCAGTTGTGGCC-1,True,CGCTTCAGTTGTGGCC-1_contig_3,True,482,TRA,TRAV10,None,TRAJ24,TRAC,True,False,None,None,356,6,clonotype1,None
CGCTTCATCATTGCGA-1,True,CGCTTCATCATTGCGA-1_contig_1,True,505,TRA,TRAV1-2,None,TRAJ33,TRAC,True,True,CAATDSNYQLIW,TGTGCTGCGACTGATAGCAACTATCAGTTAATCTGG,517,8,clonotype1,clonotype1_consensus_2
CGCTTCATCATTGCGA-1,True,CGCTTCATCATTGCGA-1_contig_2,True,521,TRB,TRBV20-1,None,TRBJ2-1,TRBC2,True,True,CSARVGSEVNEQFF,TGCAGTGCTAGAGTGGGGTCGGAAGTCAATGAGCAGTTCTTC,1129,8,clonotype1,clonotype1_consensus_1
CGCTTCATCCTTGACC-1,True,CGCTTCATCCTTGACC-1_contig_1,True,504,TRA,TRAV1-2,None,TRAJ33,TRAC,True,True,CAATDSNYQLIW,TGTGCTGCGACTGATAGCAACTATCAGTTAATCTGG,99,2,clonotype1,clonotype1_consensus_2
CGCTTCATCCTTGACC-1,True,CGCTTCATCCTTGACC-1_contig_2,True,485,TRB,TRBV20-1,None,TRBJ2-1,TRBC2,True,True,CSARVGSEVNEQFF,TGCAGTGCTAGAGTGGGGTCGGAAGTCAATGAGCAGTTCTTC,205,5,clonotype1,clonotype1_consensus_1
CGCTTCATCCTTGACC-1,True,CGCTTCATCCTTGACC-1_contig_3,True,463,TRA,TRAV10,None,TRAJ24,TRAC,True,False,None,None,139,1,clonotype1,None
CGCTTCATCGCATGAT-1,True,CGCTTCATCGCATGAT-1_contig_1,True,521,TRB,TRBV20-1,None,TRBJ2-1,TRBC2,True,True,CSARVGSEVNEQFF,TGCAGTGCTAGAGTGGGGTCGGAAGTCAATGAGCAGTTCTTC,1617,6,clonotype2,clonotype2_consensus_1
CGCTTCATCGCATGAT-1,True,CGCTTCATCGCATGAT-1_contig_2,True,349,TRA,TRAV10,None,TRAJ24,TRAC,True,False,None,None,45,4,clonotype2,None
CGCTTCATCGTTACAG-1,True,CGCTTCATCGTTACAG-1_contig_1,True,505,TRA,TRAV1-2,None,TRAJ33,TRAC,True,True,CAATDSNYQLIW,TGTGCTGCGACTGATAGCAACTATCAGTTAATCTGG,6078,5,clonotype1,clonotype1_consensus_2
CGCTTCATCGTTACAG-1,True,CGCTTCATCGTTACAG-1_contig_2,True,521,TRB,TRBV20-1,None,TRBJ2-1,TRBC2,True,True,CSARVGSEVNEQFF,TGCAGTGCTAGAGTGGGGTCGGAAGTCAATGAGCAGTTCTTC,1940,6,clonotype1,clonotype1_consensus_1
CGCTTCATCGTTACAG-1,True,CGCTTCATCGTTACAG-1_contig_3,True,415,TRA,TRAV10,None,TRAJ24,TRAC,True,False,None,None,589,1,clonotype1,None
CGCTTCATCGTTACAG-1,True,CGCTTCATCGTTACAG-1_contig_4,True,366,TRA,TRAV10,None,TRAJ24,TRAC,True,False,None,None,6388,2,clonotype1,None
CGCTTCATCTGGGCCA-1,True,CGCTTCATCTGGGCCA-1_contig_1,True,500,TRB,TRBV11-2,None,TRBJ1-2,TRBC1,True,True,CASSLLTGANYGYTF,TGTGCCAGCAGCCTTCTCACAGGAGCTAACTATGGCTACACCTTC,1312,6,clonotype1749,clonotype1749_consensus_2
CGCTTCATCTGGGCCA-1,True,CGCTTCATCTGGGCCA-1_contig_2,True,511,TRA,TRAV23/DV6,None,TRAJ13,TRAC,True,True,CAASGSGGYQKVTF,TGTGCAGCAAGCGGTTCTGGGGGTTACCAGAAAGTTACCTTT,5969,7,clonotype1749,clonotype1749_consensus_1
CGCTTCATCTGTACGA-1,True,CGCTTCATCTGTACGA-1_contig_1,True,457,TRA,TRAV13-1,None,TRAJ22,TRAC,True,True,CAASPSGSARQLTF,TGTGCAGCAAGCCCCTCTGGTTCTGCAAGGCAACTGACCTTT,603,3,clonotype1750,clonotype1750_consensus_2
CGCTTCATCTGTACGA-1,True,CGCTTCATCTGTACGA-1_contig_2,True,656,TRB,TRBV5-6,None,TRBJ2-3,TRBC2,True,True,CASSQIGPDTQYF,TGTGCCAGCAGCCAGATTGGGCCAGATACGCAGTATTTT,1820,6,clonotype1750,clonotype1750_consensus_1
CGGACACAGAAGGGTA-1,True,CGGACACAGAAGGGTA-1_contig_1,True,505,TRA,TRAV1-2,None,TRAJ33,TRAC,True,True,CAATDSNYQLIW,TGTGCTGCGACTGATAGCAACTATCAGTTAATCTGG,223,2,clonotype1,clonotype1_consensus_2
CGGACACAGAAGGGTA-1,True,CGGACACAGAAGGGTA-1_contig_2,True,498,TRB,TRBV20-1,None,TRBJ2-1,TRBC2,True,True,CSARVGSEVNEQFF,TGCAGTGCTAGAGTGGGGTCGGAAGTCAATGAGCAGTTCTTC,2832,9,clonotype1,clonotype1_consensus_1
CGGACACAGCGATAGC-1,True,CGGACACAGCGATAGC-1_contig_1,True,624,TRA,TRAV3,None,TRAJ22,TRAC,True,True,CAVRASPSGSARQLTF,TGTGCTGTGAGAGCCTCTCCCTCTGGTTCTGCAAGGCAACTGACCTTT,1383,8,clonotype1751,clonotype1751_consensus_2
CGGACACAGCGATAGC-1,True,CGGACACAGCGATAGC-1_contig_2,True,665,TRB,TRBV5-6,None,TRBJ2-1,TRBC2,True,True,CASSKQGTGGNNEQFF,TGTGCCAGCAGCAAGCAGGGGACAGGGGGAAACAATGAGCAGTTCTTC,1411,10,clonotype1751,clonotype1751_consensus_1
CGGACACAGCGATAGC-1,True,CGGACACAGCGATAGC-1_contig_3,True,433,TRA,TRAV6,None,TRAJ13,TRAC,True,False,None,None,563,2,clonotype1751,None
CGGACACAGGGTATCG-1,True,CGGACACAGGGTATCG-1_contig_1,True,505,TRA,TRAV1-2,None,TRAJ33,TRAC,True,True,CAATDSNYQLIW,TGTGCTGCGACTGATAGCAACTATCAGTTAATCTGG,657,5,clonotype1,clonotype1_consensus_2
CGGACACAGGGTATCG-1,True,CGGACACAGGGTATCG-1_contig_2,True,521,TRB,TRBV20-1,None,TRBJ2-1,TRBC2,True,True,CSARVGSEVNEQFF,TGCAGTGCTAGAGTGGGGTCGGAAGTCAATGAGCAGTTCTTC,2994,13,clonotype1,clonotype1_consensus_1
CGGACACAGTCCGGTC-1,True,CGGACACAGTCCGGTC-1_contig_1,True,665,TRA,TRAV8-6,None,TRAJ6,TRAC,True,True,CAVMGSSGGSYIPTF,TGTGCTGTGATGGGGTCATCAGGAGGAAGCTACATACCTACATTT,1313,5,clonotype1752,clonotype1752_consensus_1
CGGACACAGTCCGGTC-1,True,CGGACACAGTCCGGTC-1_contig_2,True,530,TRB,TRBV20-1,None,TRBJ1-5,TRBC1,True,True,CSARDGGQGDYNQPQHF,TGCAGTGCTAGAGATGGGGGACAGGGAGATTACAATCAGCCCCAGCATTTT,2103,7,clonotype1752,clonotype1752_consensus_2
CGGACACAGTTCGCGC-1,True,CGGACACAGTTCGCGC-1_contig_1,True,505,TRA,TRAV1-2,None,TRAJ33,TRAC,True,True,CAATDSNYQLIW,TGTGCTGCGACTGATAGCAACTATCAGTTAATCTGG,960,4,clonotype1,clonotype1_consensus_2
CGGACACAGTTCGCGC-1,True,CGGACACAGTTCGCGC-1_contig_2,True,521,TRB,TRBV20-1,None,TRBJ2-1,TRBC2,True,True,CSARVGSEVNEQFF,TGCAGTGCTAGAGTGGGGTCGGAAGTCAATGAGCAGTTCTTC,978,6,clonotype1,clonotype1_consensus_1
CGGACACCAAGGTTTC-1,True,CGGACACCAAGGTTTC-1_contig_1,True,521,TRB,TRBV20-1,None,TRBJ2-1,TRBC2,True,True,CSARVGSEVNEQFF,TGCAGTGCTAGAGTGGGGTCGGAAGTCAATGAGCAGTTCTTC,1657,8,clonotype2,clonotype2_consensus_1
CGGACACCAAGGTTTC-1,True,CGGACACCAAGGTTTC-1_contig_2,True,457,TRA,TRAV10,None,TRAJ24,TRAC,True,False,None,None,199,1,clonotype2,None
CGGACACCACGAAACG-1,True,CGGACACCACGAAACG-1_contig_1,True,496,TRA,TRAV1-2,None,TRAJ33,TRAC,True,True,CAATDSNYQLIW,TGTGCTGCGACTGATAGCAACTATCAGTTAATCTGG,431,4,clonotype1,clonotype1_consensus_2
CGGACACCACGAAACG-1,True,CGGACACCACGAAACG-1_contig_2,True,521,TRB,TRBV20-1,None,TRBJ2-1,TRBC2,True,True,CSARVGSEVNEQFF,TGCAGTGCTAGAGTGGGGTCGGAAGTCAATGAGCAGTTCTTC,1393,7,clonotype1,clonotype1_consensus_1
CGGACACCACGCATCG-1,True,CGGACACCACGCATCG-1_contig_1,True,518,TRB,TRBV7-8,None,TRBJ1-4,TRBC1,True,True,CASSILVRDSNEKLFF,TGTGCCAGCAGCATACTTGTCAGGGACTCAAATGAAAAACTGTTTTTT,5856,11,clonotype1753,clonotype1753_consensus_1
CGGACACCACGCATCG-1,True,CGGACACCACGCATCG-1_contig_2,True,568,TRA,TRAV29/DV5,None,TRAJ30,TRAC,True,True,CAASLNRDDKIIF,TGTGCAGCAAGCCTGAACAGAGATGACAAGATCATCTTT,465,2,clonotype1753,clonotype1753_consensus_2
CGGACACCAGGTTTCA-1,True,CGGACACCAGGTTTCA-1_contig_1,True,498,TRB,TRBV20-1,None,TRBJ1-2,TRBC1,True,True,CSARDWTENYGYTF,TGCAGTGCTAGAGATTGGACAGAGAACTATGGCTACACCTTC,3040,9,clonotype1754,clonotype1754_consensus_2
CGGACACCAGGTTTCA-1,True,CGGACACCAGGTTTCA-1_contig_2,True,514,TRA,TRAV14/DV4,None,TRAJ30,TRAC,True,True,CAMREGVKIIF,TGTGCAATGAGAGAAGGCGTCAAGATCATCTTT,1357,3,clonotype1754,clonotype1754_consensus_1
CGGACACCAGTATCTG-1,True,CGGACACCAGTATCTG-1_contig_1,True,524,TRB,TRBV20-1,None,TRBJ2-1,TRBC2,True,True,CSARRLAGGRNEQFF,TGCAGTGCTAGACGACTAGCGGGGGGTAGGAATGAGCAGTTCTTC,2173,10,clonotype1755,clonotype1755_consensus_2
CGGACACCAGTATCTG-1,True,CGGACACCAGTATCTG-1_contig_2,True,510,TRA,TRAV12-3,None,TRAJ52,TRAC,True,True,CAMSASAGGTSYGKLTF,TGTGCAATGAGCGCGTCAGCTGGTGGTACTAGCTATGGAAAGCTGACATTT,1212,6,clonotype1755,clonotype1755_consensus_1
CGGACACCAGTATCTG-1,True,CGGACACCAGTATCTG-1_contig_3,True,308,TRB,None,None,TRBJ1-2,TRBC1,False,False,None,None,1683,2,clonotype1755,None
CGGACACCATACGCTA-1,True,CGGACACCATACGCTA-1_contig_1,True,505,TRA,TRAV1-2,None,TRAJ33,TRAC,True,True,CAATDSNYQLIW,TGTGCTGCGACTGATAGCAACTATCAGTTAATCTGG,577,2,clonotype1,clonotype1_consensus_2
CGGACACCATACGCTA-1,True,CGGACACCATACGCTA-1_contig_2,True,498,TRB,TRBV20-1,None,TRBJ2-1,TRBC2,True,True,CSARVGSEVNEQFF,TGCAGTGCTAGAGTGGGGTCGGAAGTCAATGAGCAGTTCTTC,1536,7,clonotype1,clonotype1_consensus_1
CGGACACCATACGCTA-1,True,CGGACACCATACGCTA-1_contig_3,True,482,TRA,TRAV10,None,TRAJ24,TRAC,True,False,None,None,647,1,clonotype1,None
CGGACACCATTAGGCT-1,True,CGGACACCATTAGGCT-1_contig_1,True,505,TRA,TRAV1-2,None,TRAJ33,TRAC,True,True,CAATDSNYQLIW,TGTGCTGCGACTGATAGCAACTATCAGTTAATCTGG,1263,7,clonotype1,clonotype1_consensus_2
CGGACACCATTAGGCT-1,True,CGGACACCATTAGGCT-1_contig_2,True,498,TRB,TRBV20-1,None,TRBJ2-1,TRBC2,True,True,CSARVGSEVNEQFF,TGCAGTGCTAGAGTGGGGTCGGAAGTCAATGAGCAGTTCTTC,1130,10,clonotype1,clonotype1_consensus_1
CGGACACGTGGCCCTA-1,True,CGGACACGTGGCCCTA-1_contig_1,True,508,TRA,TRAV20,None,TRAJ39,TRAC,True,True,CAVQADNAGNMLTF,TGTGCTGTGCAGGCAGATAATGCAGGCAACATGCTCACCTTT,1638,5,clonotype1756,clonotype1756_consensus_2
CGGACACGTGGCCCTA-1,True,CGGACACGTGGCCCTA-1_contig_2,True,679,TRB,TRBV5-6,None,TRBJ1-2,TRBC1,True,True,CASSPGRSYGYTF,TGTGCCAGCAGCCCGGGACGATCCTATGGCTACACCTTC,4004,14,clonotype1756,clonotype1756_consensus_1
CGGACACGTGGCCCTA-1,True,CGGACACGTGGCCCTA-1_contig_3,True,485,TRB,TRBV21-1,None,TRBJ2-1,TRBC2,True,False,CASSNRHRWRRCNEQFF,TGTGCCAGCAGCAATAGGCACCGGTGGAGAAGGTGCAATGAGCAGTTCTTC,519,2,clonotype1756,None
CGGACACGTGTTTGGT-1,True,CGGACACGTGTTTGGT-1_contig_1,True,521,TRB,TRBV20-1,None,TRBJ2-1,TRBC2,True,True,CSARVGSEVNEQFF,TGCAGTGCTAGAGTGGGGTCGGAAGTCAATGAGCAGTTCTTC,6003,10,clonotype2,clonotype2_consensus_1
CGGACACGTGTTTGGT-1,True,CGGACACGTGTTTGGT-1_contig_2,True,467,TRA,TRAV10,None,TRAJ24,TRAC,True,False,None,None,1084,3,clonotype2,None
CGGACACGTTGAACTC-1,True,CGGACACGTTGAACTC-1_contig_1,True,505,TRA,TRAV20,None,TRAJ54,TRAC,True,True,CAVQAQRAQKLVF,TGTGCTGTGCAGGCCCAGAGGGCCCAGAAGCTGGTATTT,449,5,clonotype1757,clonotype1757_consensus_1
CGGACACGTTGAACTC-1,True,CGGACACGTTGAACTC-1_contig_2,True,521,TRB,TRBV20-1,None,TRBJ2-3,TRBC2,True,True,CSARDSALAFTQYF,TGCAGTGCTAGAGACAGCGCTCTAGCATTTACGCAGTATTTT,3854,10,clonotype1757,clonotype1757_consensus_2
CGGACACTCCACTCCA-1,True,CGGACACTCCACTCCA-1_contig_1,True,505,TRA,TRAV1-2,None,TRAJ33,TRAC,True,True,CAATDSNYQLIW,TGTGCTGCGACTGATAGCAACTATCAGTTAATCTGG,577,2,clonotype1,clonotype1_consensus_2
CGGACACTCCACTCCA-1,True,CGGACACTCCACTCCA-1_contig_2,True,521,TRB,TRBV20-1,None,TRBJ2-1,TRBC2,True,True,CSARVGSEVNEQFF,TGCAGTGCTAGAGTGGGGTCGGAAGTCAATGAGCAGTTCTTC,1442,7,clonotype1,clonotype1_consensus_1
CGGACACTCCACTCCA-1,True,CGGACACTCCACTCCA-1_contig_3,True,491,TRA,TRAV10,None,TRAJ24,TRAC,True,False,CGALVTDSWGKLQF,TGTGGTGCCCTGGTAACTGACAGCTGGGGGAAATTGCAGTTT,317,1,clonotype1,None
CGGACACTCGCATGGC-1,True,CGGACACTCGCATGGC-1_contig_1,True,507,TRB,TRBV20-1,None,TRBJ2-1,TRBC2,True,True,CSARDPLAGLSYNEQFF,TGCAGTGCTAGAGACCCACTAGCGGGGCTATCCTACAATGAGCAGTTCTTC,1442,6,clonotype1758,clonotype1758_consensus_1
CGGACACTCGCCGTGA-1,True,CGGACACTCGCCGTGA-1_contig_1,True,574,TRA,TRAV8-1,None,TRAJ29,TRAC,True,True,CAVTKSSGNTPLVF,TGTGCCGTGACCAAGAGTTCAGGAAACACACCTCTTGTCTTT,335,4,clonotype29,clonotype29_consensus_1
CGGACACTCGCCGTGA-1,True,CGGACACTCGCCGTGA-1_contig_2,True,527,TRB,TRBV20-1,None,TRBJ1-1,TRBC1,True,True,CSARDNHGTGEREAFF,TGCAGTGCTAGAGATAATCATGGGACAGGGGAAAGGGAAGCTTTCTTT,3884,9,clonotype29,clonotype29_consensus_2
CGGACACTCGCGTAGC-1,True,CGGACACTCGCGTAGC-1_contig_1,True,521,TRB,TRBV20-1,None,TRBJ2-1,TRBC2,True,True,CSARVGSEVNEQFF,TGCAGTGCTAGAGTGGGGTCGGAAGTCAATGAGCAGTTCTTC,1433,7,clonotype2,clonotype2_consensus_1
CGGACACTCGTTTGCC-1,True,CGGACACTCGTTTGCC-1_contig_1,True,492,TRB,TRBV20-1,None,TRBJ2-1,TRBC2,True,True,CSASRPNNEQFF,TGCAGTGCTAGCCGGCCGAACAATGAGCAGTTCTTC,3404,11,clonotype1759,clonotype1759_consensus_2
CGGACACTCGTTTGCC-1,True,CGGACACTCGTTTGCC-1_contig_2,True,522,TRA,TRAV21,None,TRAJ48,TRAC,True,True,CAVKSNFGNEKLTF,TGTGCTGTGAAATCTAACTTTGGAAATGAGAAATTAACCTTT,506,7,clonotype1759,clonotype1759_consensus_1
CGGACACTCTGTGCAA-1,True,CGGACACTCTGTGCAA-1_contig_1,True,518,TRB,TRBV20-1,None,TRBJ2-4,TRBC2,True,True,CSARGLAENIQYF,TGCAGTGCTAGGGGACTAGCGGAAAACATTCAGTACTTC,3773,11,clonotype1760,clonotype1760_consensus_1
CGGACACTCTGTGCAA-1,True,CGGACACTCTGTGCAA-1_contig_2,True,552,TRA,TRAV16,None,TRAJ29,TRAC,True,True,CALGNSGNTPLVF,TGTGCTCTCGGGAATTCAGGAAACACACCTCTTGTCTTT,253,3,clonotype1760,clonotype1760_consensus_3
CGGACACTCTGTGCAA-1,True,CGGACACTCTGTGCAA-1_contig_3,True,531,TRA,TRAV2,None,TRAJ27,TRAC,True,True,CAVNNTNAGKSTF,TGTGCTGTTAATAACACCAATGCAGGCAAATCAACCTTT,741,5,clonotype1760,clonotype1760_consensus_2
CGGACACTCTTGACGA-1,True,CGGACACTCTTGACGA-1_contig_1,True,505,TRA,TRAV1-2,None,TRAJ33,TRAC,True,True,CAATDSNYQLIW,TGTGCTGCGACTGATAGCAACTATCAGTTAATCTGG,185,2,clonotype1,clonotype1_consensus_2
CGGACACTCTTGACGA-1,True,CGGACACTCTTGACGA-1_contig_2,True,521,TRB,TRBV20-1,None,TRBJ2-1,TRBC2,True,True,CSARVGSEVNEQFF,TGCAGTGCTAGAGTGGGGTCGGAAGTCAATGAGCAGTTCTTC,1163,8,clonotype1,clonotype1_consensus_1
CGGACACTCTTGACGA-1,True,CGGACACTCTTGACGA-1_contig_3,True,500,TRA,TRAV10,None,TRAJ24,TRAC,True,False,None,None,172,1,clonotype1,None
CGGACGTAGAAACCTA-1,True,CGGACGTAGAAACCTA-1_contig_1,True,505,TRA,TRAV1-2,None,TRAJ33,TRAC,True,True,CAATDSNYQLIW,TGTGCTGCGACTGATAGCAACTATCAGTTAATCTGG,233,2,clonotype1,clonotype1_consensus_2
CGGACGTAGAAACCTA-1,True,CGGACGTAGAAACCTA-1_contig_2,True,491,TRB,TRBV20-1,None,TRBJ2-1,TRBC2,True,True,CSARVGSEVNEQFF,TGCAGTGCTAGAGTGGGGTCGGAAGTCAATGAGCAGTTCTTC,406,2,clonotype1,clonotype1_consensus_1
CGGACGTAGAAACCTA-1,True,CGGACGTAGAAACCTA-1_contig_3,True,482,TRA,TRAV10,None,TRAJ24,TRAC,True,False,None,None,794,4,clonotype1,None
CGGACGTAGAAACCTA-1,True,CGGACGTAGAAACCTA-1_contig_4,True,562,TRB,None,None,TRBJ2-3,TRBC2,False,False,None,None,560,1,clonotype1,None
CGGACGTAGACTTGAA-1,True,CGGACGTAGACTTGAA-1_contig_1,True,505,TRA,TRAV1-2,None,TRAJ33,TRAC,True,True,CAATDSNYQLIW,TGTGCTGCGACTGATAGCAACTATCAGTTAATCTGG,1465,9,clonotype1,clonotype1_consensus_2
CGGACGTAGACTTGAA-1,True,CGGACGTAGACTTGAA-1_contig_2,True,521,TRB,TRBV20-1,None,TRBJ2-1,TRBC2,True,True,CSARVGSEVNEQFF,TGCAGTGCTAGAGTGGGGTCGGAAGTCAATGAGCAGTTCTTC,617,4,clonotype1,clonotype1_consensus_1
CGGACGTAGAGTACAT-1,True,CGGACGTAGAGTACAT-1_contig_1,True,487,TRA,TRAV1-2,None,TRAJ33,TRAC,True,True,CAATDSNYQLIW,TGTGCTGCGACTGATAGCAACTATCAGTTAATCTGG,953,1,clonotype1,clonotype1_consensus_2
CGGACGTAGAGTACAT-1,True,CGGACGTAGAGTACAT-1_contig_2,True,497,TRB,TRBV20-1,None,TRBJ2-1,TRBC2,True,True,CSARVGSEVNEQFF,TGCAGTGCTAGAGTGGGGTCGGAAGTCAATGAGCAGTTCTTC,516,3,clonotype1,clonotype1_consensus_1
CGGACGTAGCATGGCA-1,True,CGGACGTAGCATGGCA-1_contig_1,True,505,TRA,TRAV1-2,None,TRAJ33,TRAC,True,True,CAATDSNYQLIW,TGTGCTGCGACTGATAGCAACTATCAGTTAATCTGG,328,1,clonotype1,clonotype1_consensus_2
CGGACGTAGCATGGCA-1,True,CGGACGTAGCATGGCA-1_contig_2,True,521,TRB,TRBV20-1,None,TRBJ2-1,TRBC2,True,True,CSARVGSEVNEQFF,TGCAGTGCTAGAGTGGGGTCGGAAGTCAATGAGCAGTTCTTC,2210,11,clonotype1,clonotype1_consensus_1
CGGACGTAGCCACCTG-1,True,CGGACGTAGCCACCTG-1_contig_1,True,521,TRB,TRBV20-1,None,TRBJ2-1,TRBC2,True,True,CSARVGSEVNEQFF,TGCAGTGCTAGAGTGGGGTCGGAAGTCAATGAGCAGTTCTTC,1748,4,clonotype2,clonotype2_consensus_1
CGGACGTAGCTACCGC-1,True,CGGACGTAGCTACCGC-1_contig_1,True,505,TRA,TRAV1-2,None,TRAJ33,TRAC,True,True,CAATDSNYQLIW,TGTGCTGCGACTGATAGCAACTATCAGTTAATCTGG,238,2,clonotype1,clonotype1_consensus_2
CGGACGTAGCTACCGC-1,True,CGGACGTAGCTACCGC-1_contig_2,True,521,TRB,TRBV20-1,None,TRBJ2-1,TRBC2,True,True,CSARVGSEVNEQFF,TGCAGTGCTAGAGTGGGGTCGGAAGTCAATGAGCAGTTCTTC,2544,7,clonotype1,clonotype1_consensus_1
CGGACGTAGCTACCGC-1,True,CGGACGTAGCTACCGC-1_contig_3,True,459,TRA,TRAV10,None,TRAJ24,TRAC,True,False,None,None,260,2,clonotype1,None
CGGACGTAGGACAGAA-1,True,CGGACGTAGGACAGAA-1_contig_1,True,505,TRA,TRAV1-2,None,TRAJ33,TRAC,True,True,CAATDSNYQLIW,TGTGCTGCGACTGATAGCAACTATCAGTTAATCTGG,349,4,clonotype1,clonotype1_consensus_2
CGGACGTAGGACAGAA-1,True,CGGACGTAGGACAGAA-1_contig_2,True,498,TRB,TRBV20-1,None,TRBJ2-1,TRBC2,True,True,CSARVGSEVNEQFF,TGCAGTGCTAGAGTGGGGTCGGAAGTCAATGAGCAGTTCTTC,3195,10,clonotype1,clonotype1_consensus_1
CGGACGTAGGACAGAA-1,True,CGGACGTAGGACAGAA-1_contig_3,True,468,TRA,TRAV10,None,TRAJ24,TRAC,True,False,None,None,238,2,clonotype1,None
CGGACGTAGGGTTCCC-1,True,CGGACGTAGGGTTCCC-1_contig_1,True,505,TRA,TRAV1-2,None,TRAJ33,TRAC,True,True,CAATDSNYQLIW,TGTGCTGCGACTGATAGCAACTATCAGTTAATCTGG,1034,4,clonotype1,clonotype1_consensus_2
CGGACGTAGGGTTCCC-1,True,CGGACGTAGGGTTCCC-1_contig_2,True,498,TRB,TRBV20-1,None,TRBJ2-1,TRBC2,True,True,CSARVGSEVNEQFF,TGCAGTGCTAGAGTGGGGTCGGAAGTCAATGAGCAGTTCTTC,1453,6,clonotype1,clonotype1_consensus_1
CGGACGTAGGTGCAAC-1,True,CGGACGTAGGTGCAAC-1_contig_1,True,505,TRA,TRAV1-2,None,TRAJ33,TRAC,True,True,CAATDSNYQLIW,TGTGCTGCGACTGATAGCAACTATCAGTTAATCTGG,278,2,clonotype1,clonotype1_consensus_2
CGGACGTAGGTGCAAC-1,True,CGGACGTAGGTGCAAC-1_contig_2,True,498,TRB,TRBV20-1,None,TRBJ2-1,TRBC2,True,True,CSARVGSEVNEQFF,TGCAGTGCTAGAGTGGGGTCGGAAGTCAATGAGCAGTTCTTC,1031,4,clonotype1,clonotype1_consensus_1
CGGACGTAGGTTACCT-1,True,CGGACGTAGGTTACCT-1_contig_1,True,505,TRA,TRAV1-2,None,TRAJ33,TRAC,True,True,CAATDSNYQLIW,TGTGCTGCGACTGATAGCAACTATCAGTTAATCTGG,602,6,clonotype1,clonotype1_consensus_2
CGGACGTAGGTTACCT-1,True,CGGACGTAGGTTACCT-1_contig_2,True,498,TRB,TRBV20-1,None,TRBJ2-1,TRBC2,True,True,CSARVGSEVNEQFF,TGCAGTGCTAGAGTGGGGTCGGAAGTCAATGAGCAGTTCTTC,2381,8,clonotype1,clonotype1_consensus_1
CGGACGTAGTGTTGAA-1,True,CGGACGTAGTGTTGAA-1_contig_1,True,477,TRA,TRAV38-1,None,TRAJ54,TRAC,True,True,CAFMKPPYIKLVF,TGTGCTTTCATGAAGCCACCGTATATTAAGCTGGTATTT,398,3,clonotype1761,clonotype1761_consensus_2
CGGACGTAGTGTTGAA-1,True,CGGACGTAGTGTTGAA-1_contig_2,True,505,TRB,TRBV5-5,None,TRBJ1-6,TRBC1,True,True,CASSLGTGDNSPLHF,TGTGCCAGCAGCCTGGGGACAGGGGATAATTCACCCCTCCACTTT,3159,9,clonotype1761,clonotype1761_consensus_1
CGGACGTAGTGTTGAA-1,True,CGGACGTAGTGTTGAA-1_contig_3,True,444,TRA,TRAV9-2,None,TRAJ37,TRAC,True,False,CSPSSNTGKLIF,TGCTCGCCCTCTAGCAACACAGGCAAACTAATCTTT,556,1,clonotype1761,None
CGGACGTCAAAGGTGC-1,True,CGGACGTCAAAGGTGC-1_contig_1,True,521,TRB,TRBV20-1,None,TRBJ2-1,TRBC2,True,True,CSARVGSEVNEQFF,TGCAGTGCTAGAGTGGGGTCGGAAGTCAATGAGCAGTTCTTC,1306,13,clonotype2,clonotype2_consensus_1
CGGACGTCAAGCCCAC-1,True,CGGACGTCAAGCCCAC-1_contig_1,True,505,TRA,TRAV1-2,None,TRAJ33,TRAC,True,True,CAATDSNYQLIW,TGTGCTGCGACTGATAGCAACTATCAGTTAATCTGG,251,3,clonotype1,clonotype1_consensus_2
CGGACGTCAAGCCCAC-1,True,CGGACGTCAAGCCCAC-1_contig_2,True,492,TRB,TRBV20-1,None,TRBJ2-1,TRBC2,True,True,CSARVGSEVNEQFF,TGCAGTGCTAGAGTGGGGTCGGAAGTCAATGAGCAGTTCTTC,1631,7,clonotype1,clonotype1_consensus_1
CGGACGTCAAGCCTAT-1,True,CGGACGTCAAGCCTAT-1_contig_1,True,503,TRA,TRAV1-2,None,TRAJ33,TRAC,True,True,CAATDSNYQLIW,TGTGCTGCGACTGATAGCAACTATCAGTTAATCTGG,83,1,clonotype1,clonotype1_consensus_2
CGGACGTCAAGCCTAT-1,True,CGGACGTCAAGCCTAT-1_contig_2,True,485,TRB,TRBV20-1,None,TRBJ2-1,TRBC2,True,True,CSARVGSEVNEQFF,TGCAGTGCTAGAGTGGGGTCGGAAGTCAATGAGCAGTTCTTC,1462,6,clonotype1,clonotype1_consensus_1
CGGACGTCAAGTTCTG-1,True,CGGACGTCAAGTTCTG-1_contig_1,True,505,TRA,TRAV1-2,None,TRAJ33,TRAC,True,True,CAATDSNYQLIW,TGTGCTGCGACTGATAGCAACTATCAGTTAATCTGG,1233,6,clonotype1,clonotype1_consensus_2
CGGACGTCAAGTTCTG-1,True,CGGACGTCAAGTTCTG-1_contig_2,True,521,TRB,TRBV20-1,None,TRBJ2-1,TRBC2,True,True,CSARVGSEVNEQFF,TGCAGTGCTAGAGTGGGGTCGGAAGTCAATGAGCAGTTCTTC,1588,7,clonotype1,clonotype1_consensus_1
CGGACGTCAAGTTCTG-1,True,CGGACGTCAAGTTCTG-1_contig_3,True,458,TRA,TRAV10,None,TRAJ24,TRAC,True,False,None,None,81,2,clonotype1,None
CGGACGTCATTACCTT-1,True,CGGACGTCATTACCTT-1_contig_1,True,485,TRA,TRAV24,None,TRAJ47,TRAC,True,True,CALLDFEYGNKLVF,TGTGCCCTACTCGATTTCGAATATGGAAACAAACTGGTCTTT,311,2,clonotype1762,clonotype1762_consensus_2
CGGACGTCATTACCTT-1,True,CGGACGTCATTACCTT-1_contig_2,True,498,TRB,TRBV20-1,None,TRBJ2-1,TRBC2,True,True,CSARGLAGDNEQFF,TGCAGTGCGAGGGGACTAGCGGGAGACAATGAGCAGTTCTTC,2406,15,clonotype1762,clonotype1762_consensus_1
CGGACGTCATTACCTT-1,True,CGGACGTCATTACCTT-1_contig_3,True,558,TRA,TRAV8-4,None,TRAJ33,TRAC,True,False,CAVSH,TGTGCTGTGAGCCAT,488,4,clonotype1762,None
CGGACGTGTACTCTCC-1,True,CGGACGTGTACTCTCC-1_contig_1,True,660,TRB,TRBV19,None,TRBJ2-1,TRBC2,True,True,CASSIAGGALNEQFF,TGTGCCAGTAGTATAGCTGGGGGGGCTCTGAATGAGCAGTTCTTC,2589,12,clonotype276,clonotype276_consensus_1
CGGACGTGTACTCTCC-1,True,CGGACGTGTACTCTCC-1_contig_2,True,494,TRA,TRAV38-2/DV8,None,TRAJ40,TRAC,True,True,CAYWTTSGTYKYIF,TGTGCTTATTGGACTACCTCAGGAACCTACAAATACATCTTT,581,4,clonotype276,clonotype276_consensus_2
CGGACGTGTGTTCTTT-1,True,CGGACGTGTGTTCTTT-1_contig_1,True,524,TRB,TRBV20-1,None,TRBJ2-7,TRBC2,True,True,CSAVDSGSSYEQYF,TGCAGTGCTGTTGATAGCGGAAGCTCCTACGAGCAGTACTTC,1715,8,clonotype1763,clonotype1763_consensus_1
CGGACGTGTTACGGAG-1,True,CGGACGTGTTACGGAG-1_contig_1,True,505,TRA,TRAV1-2,None,TRAJ33,TRAC,True,True,CAATDSNYQLIW,TGTGCTGCGACTGATAGCAACTATCAGTTAATCTGG,835,3,clonotype1,clonotype1_consensus_2
CGGACGTGTTACGGAG-1,True,CGGACGTGTTACGGAG-1_contig_2,True,521,TRB,TRBV20-1,None,TRBJ2-1,TRBC2,True,True,CSARVGSEVNEQFF,TGCAGTGCTAGAGTGGGGTCGGAAGTCAATGAGCAGTTCTTC,4523,17,clonotype1,clonotype1_consensus_1
CGGACGTGTTACGGAG-1,True,CGGACGTGTTACGGAG-1_contig_3,True,482,TRA,TRAV10,None,TRAJ24,TRAC,True,False,None,None,356,3,clonotype1,None
CGGACGTGTTAGAACA-1,True,CGGACGTGTTAGAACA-1_contig_1,True,505,TRA,TRAV1-2,None,TRAJ33,TRAC,True,True,CAATDSNYQLIW,TGTGCTGCGACTGATAGCAACTATCAGTTAATCTGG,173,2,clonotype1,clonotype1_consensus_2
CGGACGTGTTAGAACA-1,True,CGGACGTGTTAGAACA-1_contig_2,True,521,TRB,TRBV20-1,None,TRBJ2-1,TRBC2,True,True,CSARVGSEVNEQFF,TGCAGTGCTAGAGTGGGGTCGGAAGTCAATGAGCAGTTCTTC,1910,9,clonotype1,clonotype1_consensus_1
CGGACGTGTTAGAACA-1,True,CGGACGTGTTAGAACA-1_contig_3,True,472,TRA,TRAV10,None,TRAJ24,TRAC,True,False,None,None,253,1,clonotype1,None
CGGACGTGTTATCACG-1,True,CGGACGTGTTATCACG-1_contig_1,True,524,TRB,TRBV20-1,None,TRBJ1-5,TRBC1,True,True,CSAGQGKGGNQPQHF,TGCAGTGCTGGACAGGGAAAGGGGGGCAATCAGCCCCAGCATTTT,1622,4,clonotype164,clonotype164_consensus_2
CGGACGTGTTATCACG-1,True,CGGACGTGTTATCACG-1_contig_2,True,680,TRA,TRAV8-3,None,TRAJ31,TRAC,True,True,CAVGVNNNARLMF,TGTGCTGTGGGGGTGAATAACAATGCCAGACTCATGTTT,562,4,clonotype164,clonotype164_consensus_1
CGGACGTGTTATCACG-1,True,CGGACGTGTTATCACG-1_contig_3,True,510,TRB,TRBV5-1,None,TRBJ2-5,TRBC2,True,False,None,None,276,3,clonotype164,None
CGGACGTGTTCGTCTC-1,True,CGGACGTGTTCGTCTC-1_contig_1,True,523,TRA,TRAV14/DV4,None,TRAJ28,TRAC,True,True,CAMREGTGSYQLTF,TGTGCAATGAGAGAGGGGACTGGGAGTTACCAACTCACTTTC,1586,6,clonotype115,clonotype115_consensus_1
CGGACGTGTTCGTCTC-1,True,CGGACGTGTTCGTCTC-1_contig_2,True,521,TRB,TRBV20-1,None,TRBJ2-4,TRBC2,True,True,CSARTPGALSGIQYF,TGCAGTGCTAGAACCCCGGGGGCGCTCAGTGGCATTCAGTACTTC,898,5,clonotype115,clonotype115_consensus_2
CGGACGTGTTCGTCTC-1,True,CGGACGTGTTCGTCTC-1_contig_3,True,766,TRB,TRBV7-9,None,TRBJ1-2,TRBC1,True,False,CISVPAAYRTVRCGYTF,TGTATCTCTGTGCCAGCAGCCTATAGGACAGTACGATGTGGCTACACCTTC,224,2,clonotype115,None
CGGACGTTCCAACCAA-1,True,CGGACGTTCCAACCAA-1_contig_1,True,459,TRA,TRAV13-1,None,TRAJ26,TRAC,True,True,CAASHNYGQNFVF,TGTGCAGCAAGCCATAACTATGGTCAGAATTTTGTCTTT,307,4,clonotype1764,clonotype1764_consensus_2
CGGACGTTCCAACCAA-1,True,CGGACGTTCCAACCAA-1_contig_2,True,518,TRB,TRBV20-1,None,TRBJ1-2,TRBC1,True,True,CSAKQGANYGYTF,TGCAGTGCTAAACAGGGGGCGAACTATGGCTACACCTTC,2803,11,clonotype1764,clonotype1764_consensus_1
CGGACGTTCCAGTAGT-1,True,CGGACGTTCCAGTAGT-1_contig_1,True,570,TRA,TRAV8-4,None,TRAJ23,TRAC,True,True,CAVSDQGQGGKLIF,TGTGCTGTGAGTGATCAGGGACAGGGAGGAAAGCTTATCTTC,800,7,clonotype1765,clonotype1765_consensus_1
CGGACGTTCCAGTAGT-1,True,CGGACGTTCCAGTAGT-1_contig_2,True,521,TRB,TRBV20-1,None,TRBJ1-1,TRBC1,True,True,CSARAPGMNTEAFF,TGCAGTGCTAGAGCCCCAGGCATGAACACTGAAGCTTTCTTT,1485,7,clonotype1765,clonotype1765_consensus_2
CGGACGTTCCGAACGC-1,True,CGGACGTTCCGAACGC-1_contig_1,True,498,TRA,TRAV1-2,None,TRAJ33,TRAC,True,True,CAATDSNYQLIW,TGTGCTGCGACTGATAGCAACTATCAGTTAATCTGG,558,3,clonotype1,clonotype1_consensus_2
CGGACGTTCCGAACGC-1,True,CGGACGTTCCGAACGC-1_contig_2,True,521,TRB,TRBV20-1,None,TRBJ2-1,TRBC2,True,True,CSARVGSEVNEQFF,TGCAGTGCTAGAGTGGGGTCGGAAGTCAATGAGCAGTTCTTC,2282,11,clonotype1,clonotype1_consensus_1
CGGACGTTCCGAACGC-1,True,CGGACGTTCCGAACGC-1_contig_3,True,469,TRA,TRAV10,None,TRAJ24,TRAC,True,False,None,None,321,2,clonotype1,None
CGGACGTTCCGCATAA-1,True,CGGACGTTCCGCATAA-1_contig_1,True,521,TRB,TRBV20-1,None,TRBJ2-1,TRBC2,True,True,CSARVGSEVNEQFF,TGCAGTGCTAGAGTGGGGTCGGAAGTCAATGAGCAGTTCTTC,1487,10,clonotype2,clonotype2_consensus_1
CGGACGTTCTGCAAGT-1,True,CGGACGTTCTGCAAGT-1_contig_1,True,521,TRB,TRBV20-1,None,TRBJ1-3,TRBC1,True,True,CSAYDSSGNTIYF,TGCAGTGCATATGACAGCTCTGGAAACACCATATATTTT,663,2,clonotype1766,clonotype1766_consensus_1
CGGACGTTCTGCAAGT-1,True,CGGACGTTCTGCAAGT-1_contig_2,True,527,TRB,TRBV20-1,None,TRBJ1-2,TRBC1,True,True,CSARADDRVLGGYTF,TGCAGTGCTAGGGCCGACGACAGGGTTCTGGGTGGCTACACCTTC,132,5,clonotype1766,clonotype1766_consensus_2
CGGACGTTCTGCAAGT-1,True,CGGACGTTCTGCAAGT-1_contig_3,True,456,TRA,TRAV13-1,None,TRAJ22,TRAC,True,True,CAAKGSARQLTF,TGTGCAGCAAAGGGTTCTGCAAGGCAACTGACCTTT,1514,8,clonotype1766,clonotype1766_consensus_3
CGGACTGAGGAGTTTA-1,True,CGGACTGAGGAGTTTA-1_contig_1,True,492,TRB,TRBV20-1,None,TRBJ2-7,TRBC2,True,True,CSASQSGGGAYEQYF,TGCAGTGCTAGTCAGAGTGGCGGGGGGGCATACGAGCAGTACTTC,610,6,clonotype1767,clonotype1767_consensus_1
CGGACTGCACATCCAA-1,True,CGGACTGCACATCCAA-1_contig_1,True,494,TRA,TRAV24,None,TRAJ32,TRAC,True,True,CAFLYGGATNKLIF,TGTGCCTTTCTTTATGGTGGTGCTACAAACAAGCTCATCTTT,458,2,clonotype1768,clonotype1768_consensus_2
CGGACTGCACATCCAA-1,True,CGGACTGCACATCCAA-1_contig_2,True,803,TRB,TRBV5-6,None,TRBJ2-3,TRBC2,True,True,CASSPRSGGFTDTQYF,TGTGCCAGCAGCCCGAGGAGCGGGGGGTTTACAGATACGCAGTATTTT,2090,9,clonotype1768,clonotype1768_consensus_3
CGGACTGCACATCCAA-1,True,CGGACTGCACATCCAA-1_contig_3,True,550,TRA,TRAV16,None,TRAJ16,TRAC,True,True,CALVFSDGQKLLF,TGTGCTCTGGTTTTTTCAGATGGCCAGAAGCTGCTCTTT,1624,5,clonotype1768,clonotype1768_consensus_1
CGGACTGCAGACACTT-1,True,CGGACTGCAGACACTT-1_contig_1,True,505,TRA,TRAV1-2,None,TRAJ33,TRAC,True,True,CAATDSNYQLIW,TGTGCTGCGACTGATAGCAACTATCAGTTAATCTGG,318,2,clonotype1,clonotype1_consensus_2
CGGACTGCAGACACTT-1,True,CGGACTGCAGACACTT-1_contig_2,True,521,TRB,TRBV20-1,None,TRBJ2-1,TRBC2,True,True,CSARVGSEVNEQFF,TGCAGTGCTAGAGTGGGGTCGGAAGTCAATGAGCAGTTCTTC,1010,6,clonotype1,clonotype1_consensus_1
CGGACTGCAGACACTT-1,True,CGGACTGCAGACACTT-1_contig_3,True,457,TRA,TRAV10,None,TRAJ24,TRAC,True,False,None,None,340,1,clonotype1,None
CGGACTGGTCCAGTAT-1,True,CGGACTGGTCCAGTAT-1_contig_1,True,521,TRB,TRBV20-1,None,TRBJ2-1,TRBC2,True,True,CSARVGSEVNEQFF,TGCAGTGCTAGAGTGGGGTCGGAAGTCAATGAGCAGTTCTTC,392,5,clonotype2,clonotype2_consensus_1
CGGACTGGTCCGAGTC-1,True,CGGACTGGTCCGAGTC-1_contig_1,True,491,TRA,TRAV1-2,None,TRAJ33,TRAC,True,True,CAATDSNYQLIW,TGTGCTGCGACTGATAGCAACTATCAGTTAATCTGG,261,2,clonotype1,clonotype1_consensus_2
CGGACTGGTCCGAGTC-1,True,CGGACTGGTCCGAGTC-1_contig_2,True,498,TRB,TRBV20-1,None,TRBJ2-1,TRBC2,True,True,CSARVGSEVNEQFF,TGCAGTGCTAGAGTGGGGTCGGAAGTCAATGAGCAGTTCTTC,581,2,clonotype1,clonotype1_consensus_1
CGGACTGGTCGACTAT-1,True,CGGACTGGTCGACTAT-1_contig_1,True,673,TRB,TRBV5-6,None,TRBJ2-7,TRBC2,True,True,CASSLARRPANSRAYEQYF,TGTGCCAGCAGCTTGGCCAGGCGTCCTGCGAACAGTCGTGCCTACGAGCAGTACTTC,3850,11,clonotype298,clonotype298_consensus_2
CGGACTGGTCGACTAT-1,True,CGGACTGGTCGACTAT-1_contig_2,True,577,TRA,TRAV8-1,None,TRAJ37,TRAC,True,True,CAVPPGASNTGKLIF,TGTGCCGTCCCTCCGGGGGCTAGCAACACAGGCAAACTAATCTTT,289,3,clonotype298,clonotype298_consensus_1
CGGACTGGTCGACTAT-1,True,CGGACTGGTCGACTAT-1_contig_3,True,511,TRA,TRAV21,None,TRAJ12,TRAC,True,False,None,None,490,2,clonotype298,None
CGGACTGGTTAAGAAC-1,True,CGGACTGGTTAAGAAC-1_contig_1,True,691,TRB,TRBV5-6,None,TRBJ2-3,TRBC2,True,True,CASSFPARDLRSTDTQYF,TGTGCCAGCAGCTTTCCAGCGAGGGACCTAAGGAGCACAGATACGCAGTATTTT,3404,14,clonotype1769,clonotype1769_consensus_1
CGGACTGTCACGGTTA-1,True,CGGACTGTCACGGTTA-1_contig_1,True,554,TRA,TRAV12-1,None,TRAJ9,TRAC,True,True,CVVTRNTGGFKTIF,TGTGTGGTGACACGAAATACTGGAGGCTTCAAAACTATCTTT,219,2,clonotype5,clonotype5_consensus_2
CGGACTGTCACGGTTA-1,True,CGGACTGTCACGGTTA-1_contig_2,True,533,TRB,TRBV20-1,None,TRBJ1-5,TRBC1,True,True,CSARDDNRAKSFNQPQHF,TGCAGTGCTAGAGACGACAACCGGGCCAAATCCTTCAATCAGCCCCAGCATTTT,632,5,clonotype5,clonotype5_consensus_1
CGGACTGTCAGTTAGC-1,True,CGGACTGTCAGTTAGC-1_contig_1,True,502,TRA,TRAV1-2,None,TRAJ30,TRAC,True,True,CAVRDLREIIF,TGTGCTGTGAGAGATCTTCGGGAGATCATCTTT,85,2,clonotype3,clonotype3_consensus_2
CGGACTGTCAGTTAGC-1,True,CGGACTGTCAGTTAGC-1_contig_2,True,672,TRB,TRBV5-5,None,TRBJ1-4,TRBC1,True,True,CASSHPGPNYATNEKLFF,TGTGCCAGCAGCCATCCCGGACCGAACTACGCAACTAATGAAAAACTGTTTTTT,824,4,clonotype3,clonotype3_consensus_1
CGGACTGTCCTTTACA-1,True,CGGACTGTCCTTTACA-1_contig_1,True,505,TRA,TRAV1-2,None,TRAJ33,TRAC,True,True,CAATDSNYQLIW,TGTGCTGCGACTGATAGCAACTATCAGTTAATCTGG,1012,6,clonotype1,clonotype1_consensus_2
CGGACTGTCCTTTACA-1,True,CGGACTGTCCTTTACA-1_contig_2,True,498,TRB,TRBV20-1,None,TRBJ2-1,TRBC2,True,True,CSARVGSEVNEQFF,TGCAGTGCTAGAGTGGGGTCGGAAGTCAATGAGCAGTTCTTC,2454,17,clonotype1,clonotype1_consensus_1
CGGACTGTCCTTTACA-1,True,CGGACTGTCCTTTACA-1_contig_3,True,465,TRA,TRAV10,None,TRAJ24,TRAC,True,False,None,None,486,3,clonotype1,None
CGGACTGTCTTTCCTC-1,True,CGGACTGTCTTTCCTC-1_contig_1,True,532,TRA,TRAV14/DV4,None,TRAJ22,TRAC,True,True,CAMRELLSSGSARQLTF,TGTGCAATGAGAGAGTTACTTTCTTCTGGTTCTGCAAGGCAACTGACCTTT,177,1,clonotype1770,clonotype1770_consensus_2
CGGACTGTCTTTCCTC-1,True,CGGACTGTCTTTCCTC-1_contig_2,True,491,TRB,TRBV5-5,None,TRBJ1-4,TRBC1,True,True,CASSPNTEEKLFF,TGTGCCAGCAGCCCGAATACGGAAGAAAAACTGTTTTTT,2261,5,clonotype1770,clonotype1770_consensus_1
CGGAGCTAGATCCCGC-1,True,CGGAGCTAGATCCCGC-1_contig_1,True,518,TRB,TRBV20-1,None,TRBJ2-5,TRBC2,True,True,CSASEDGQETQYF,TGCAGTGCTAGTGAGGACGGCCAAGAGACCCAGTACTTC,2352,12,clonotype1771,clonotype1771_consensus_1
CGGAGCTAGATCCCGC-1,True,CGGAGCTAGATCCCGC-1_contig_2,True,640,TRA,TRAV4,None,TRAJ5,TRAC,True,False,CLVGDPDTGRRALTF,TGCCTCGTGGGTGACCCTGACACGGGCAGGAGAGCACTTACTTTT,647,4,clonotype1771,None
CGGAGCTAGATCCCGC-1,True,CGGAGCTAGATCCCGC-1_contig_3,True,505,TRB,TRBV10-1,None,TRBJ1-4,TRBC1,True,False,None,None,793,2,clonotype1771,None
CGGAGCTAGCAATCTC-1,True,CGGAGCTAGCAATCTC-1_contig_1,True,505,TRA,TRAV1-2,None,TRAJ33,TRAC,True,True,CAATDSNYQLIW,TGTGCTGCGACTGATAGCAACTATCAGTTAATCTGG,120,2,clonotype1,clonotype1_consensus_2
CGGAGCTAGCAATCTC-1,True,CGGAGCTAGCAATCTC-1_contig_2,True,521,TRB,TRBV20-1,None,TRBJ2-1,TRBC2,True,True,CSARVGSEVNEQFF,TGCAGTGCTAGAGTGGGGTCGGAAGTCAATGAGCAGTTCTTC,1373,9,clonotype1,clonotype1_consensus_1
CGGAGCTAGCCTCGTG-1,True,CGGAGCTAGCCTCGTG-1_contig_1,True,487,TRA,TRAV1-2,None,TRAJ33,TRAC,True,True,CAATDSNYQLIW,TGTGCTGCGACTGATAGCAACTATCAGTTAATCTGG,179,3,clonotype1,clonotype1_consensus_2
CGGAGCTAGCCTCGTG-1,True,CGGAGCTAGCCTCGTG-1_contig_2,True,521,TRB,TRBV20-1,None,TRBJ2-1,TRBC2,True,True,CSARVGSEVNEQFF,TGCAGTGCTAGAGTGGGGTCGGAAGTCAATGAGCAGTTCTTC,744,3,clonotype1,clonotype1_consensus_1
CGGAGCTGTAAGGGCT-1,True,CGGAGCTGTAAGGGCT-1_contig_1,True,505,TRA,TRAV1-2,None,TRAJ33,TRAC,True,True,CAATDSNYQLIW,TGTGCTGCGACTGATAGCAACTATCAGTTAATCTGG,1440,7,clonotype1,clonotype1_consensus_2
CGGAGCTGTAAGGGCT-1,True,CGGAGCTGTAAGGGCT-1_contig_2,True,521,TRB,TRBV20-1,None,TRBJ2-1,TRBC2,True,True,CSARVGSEVNEQFF,TGCAGTGCTAGAGTGGGGTCGGAAGTCAATGAGCAGTTCTTC,2335,8,clonotype1,clonotype1_consensus_1
CGGAGCTGTAGGGACT-1,True,CGGAGCTGTAGGGACT-1_contig_1,True,501,TRB,TRBV20-1,None,TRBJ2-7,TRBC2,True,True,CSAELQGVPPYEQYF,TGCAGTGCTGAGCTACAGGGGGTCCCCCCCTACGAGCAGTACTTC,247,3,clonotype1772,clonotype1772_consensus_1
CGGAGCTGTAGGGACT-1,True,CGGAGCTGTAGGGACT-1_contig_2,True,539,TRA,TRAV27,None,TRAJ32,TRAC,True,False,None,None,222,2,clonotype1772,None
CGGAGCTGTCATGCCG-1,True,CGGAGCTGTCATGCCG-1_contig_1,True,505,TRA,TRAV1-2,None,TRAJ33,TRAC,True,True,CAATDSNYQLIW,TGTGCTGCGACTGATAGCAACTATCAGTTAATCTGG,373,3,clonotype1,clonotype1_consensus_2
CGGAGCTGTCATGCCG-1,True,CGGAGCTGTCATGCCG-1_contig_2,True,496,TRB,TRBV20-1,None,TRBJ2-1,TRBC2,True,True,CSARVGSEVNEQFF,TGCAGTGCTAGAGTGGGGTCGGAAGTCAATGAGCAGTTCTTC,2421,8,clonotype1,clonotype1_consensus_1
CGGAGCTGTCATGCCG-1,True,CGGAGCTGTCATGCCG-1_contig_3,True,447,TRA,TRAV10,None,TRAJ24,TRAC,True,False,None,None,62,1,clonotype1,None
CGGAGCTGTCCGCTGA-1,True,CGGAGCTGTCCGCTGA-1_contig_1,True,509,TRA,TRAV13-2,None,TRAJ29,TRAC,True,True,CAENIAGNTPLVF,TGTGCAGAGAATATAGCAGGAAACACACCTCTTGTCTTT,260,3,clonotype1773,clonotype1773_consensus_1
CGGAGCTGTCCGCTGA-1,True,CGGAGCTGTCCGCTGA-1_contig_2,True,512,TRB,TRBV20-1,None,TRBJ2-7,TRBC2,True,True,CSANRNHEQYF,TGCAGTGCTAACAGGAACCACGAGCAGTACTTC,10596,7,clonotype1773,clonotype1773_consensus_2
CGGAGCTGTGAGGGAG-1,True,CGGAGCTGTGAGGGAG-1_contig_1,True,506,TRA,TRAV25,None,TRAJ44,TRAC,True,True,CAGEGGTASKLTF,TGTGCAGGGGAAGGCGGCACTGCCAGTAAACTCACCTTT,1363,7,clonotype1774,clonotype1774_consensus_3
CGGAGCTGTGAGGGAG-1,True,CGGAGCTGTGAGGGAG-1_contig_2,True,511,TRA,TRAV1-2,None,TRAJ38,TRAC,True,True,CAVKRAGNNRKLIW,TGTGCTGTGAAAAGAGCTGGCAACAACCGTAAGCTGATTTGG,3704,13,clonotype1774,clonotype1774_consensus_1
CGGAGCTGTGAGGGAG-1,True,CGGAGCTGTGAGGGAG-1_contig_3,True,504,TRB,TRBV12-4,None,TRBJ1-6,TRBC1,True,True,CASSSFPRDSPLHF,TGTGCCAGCAGTAGCTTCCCGAGGGATTCACCCCTCCACTTT,2142,8,clonotype1774,clonotype1774_consensus_2
CGGAGCTGTGAGGGAG-1,True,CGGAGCTGTGAGGGAG-1_contig_4,True,468,TRB,None,None,TRBJ1-1,TRBC1,False,False,None,None,1624,4,clonotype1774,None
CGGAGCTGTGCCTGTG-1,True,CGGAGCTGTGCCTGTG-1_contig_1,True,505,TRA,TRAV1-2,None,TRAJ33,TRAC,True,True,CAATDSNYQLIW,TGTGCTGCGACTGATAGCAACTATCAGTTAATCTGG,601,3,clonotype1,clonotype1_consensus_2
CGGAGCTGTGCCTGTG-1,True,CGGAGCTGTGCCTGTG-1_contig_2,True,498,TRB,TRBV20-1,None,TRBJ2-1,TRBC2,True,True,CSARVGSEVNEQFF,TGCAGTGCTAGAGTGGGGTCGGAAGTCAATGAGCAGTTCTTC,3207,11,clonotype1,clonotype1_consensus_1
CGGAGCTGTTACCAGT-1,True,CGGAGCTGTTACCAGT-1_contig_1,True,508,TRA,TRAV20,None,TRAJ24,TRAC,True,True,CAVMTTDSWGKFQF,TGTGCTGTTATGACAACTGACAGCTGGGGGAAATTCCAGTTT,1337,7,clonotype7,clonotype7_consensus_2
CGGAGCTGTTACCAGT-1,True,CGGAGCTGTTACCAGT-1_contig_2,True,745,TRB,TRBV5-5,None,TRBJ2-7,TRBC2,True,True,CASSSLVEQGAYEQYF,TGTGCCAGCAGCTCGCTCGTAGAGCAGGGGGCCTACGAGCAGTACTTC,693,3,clonotype7,clonotype7_consensus_1
CGGAGCTGTTGTGGAG-1,True,CGGAGCTGTTGTGGAG-1_contig_1,True,502,TRB,TRBV20-1,None,TRBJ2-1,TRBC2,True,True,CSARVGSEVNEQFF,TGCAGTGCTAGAGTGGGGTCGGAAGTCAATGAGCAGTTCTTC,561,4,clonotype2,clonotype2_consensus_1
CGGAGTCAGAATAGGG-1,True,CGGAGTCAGAATAGGG-1_contig_1,True,521,TRB,TRBV20-1,None,TRBJ2-1,TRBC2,True,True,CSARVGSEVNEQFF,TGCAGTGCTAGAGTGGGGTCGGAAGTCAATGAGCAGTTCTTC,1338,4,clonotype2,clonotype2_consensus_1
CGGAGTCAGAATAGGG-1,True,CGGAGTCAGAATAGGG-1_contig_2,True,463,TRA,TRAV10,None,TRAJ24,TRAC,True,False,None,None,275,3,clonotype2,None
CGGAGTCAGCCATCGC-1,True,CGGAGTCAGCCATCGC-1_contig_1,True,671,TRA,TRAV8-3,None,TRAJ43,TRAC,True,True,CAVALNDMRF,TGTGCTGTGGCCCTCAATGACATGCGCTTT,1519,5,clonotype299,clonotype299_consensus_2
CGGAGTCAGCCATCGC-1,True,CGGAGTCAGCCATCGC-1_contig_2,True,511,TRB,TRBV11-2,None,TRBJ2-1,TRBC2,True,True,CASSPGGDRGQFF,TGTGCCAGCAGCCCAGGGGGGGACAGGGGGCAGTTCTTC,2422,6,clonotype299,clonotype299_consensus_1
CGGAGTCAGCCATCGC-1,True,CGGAGTCAGCCATCGC-1_contig_3,True,310,TRB,None,None,TRBJ1-5,TRBC1,False,False,None,None,587,2,clonotype299,None
CGGAGTCAGGACAGAA-1,True,CGGAGTCAGGACAGAA-1_contig_1,True,521,TRB,TRBV20-1,None,TRBJ2-7,TRBC2,True,True,CSAPWRGATYEQYF,TGCAGTGCTCCCTGGCGGGGGGCTACCTACGAGCAGTACTTC,1624,6,clonotype1775,clonotype1775_consensus_2
CGGAGTCAGGACAGAA-1,True,CGGAGTCAGGACAGAA-1_contig_2,True,456,TRA,TRAV9-2,None,TRAJ15,TRAC,True,True,CALSNQAGTALIF,TGTGCTCTGTCCAACCAGGCAGGAACTGCTCTGATCTTT,1002,5,clonotype1775,clonotype1775_consensus_1
CGGAGTCAGGATGGTC-1,True,CGGAGTCAGGATGGTC-1_contig_1,True,536,TRA,TRAV16,None,TRAJ52,TRAC,True,True,CALGENAGGTSYGKLTF,TGTGCTCTAGGTGAAAATGCTGGTGGTACTAGCTATGGAAAGCTGACATTT,325,3,clonotype1776,clonotype1776_consensus_2
CGGAGTCAGGATGGTC-1,True,CGGAGTCAGGATGGTC-1_contig_2,True,503,TRA,TRAV13-2,None,TRAJ40,TRAC,True,True,CAESGTYKYIF,TGTGCAGAGTCAGGAACCTACAAATACATCTTT,1415,5,clonotype1776,clonotype1776_consensus_3
CGGAGTCAGGATGGTC-1,True,CGGAGTCAGGATGGTC-1_contig_3,True,487,TRB,TRBV5-6,None,TRBJ1-2,TRBC1,True,True,CASSLTKPQGRFYGYTF,TGTGCCAGCAGCTTGACTAAGCCGCAGGGACGATTCTATGGCTACACCTTC,766,4,clonotype1776,clonotype1776_consensus_1
CGGAGTCAGGCCATAG-1,True,CGGAGTCAGGCCATAG-1_contig_1,True,493,TRB,TRBV4-1,None,TRBJ2-1,TRBC2,True,True,CASSQVDMGLANGEQFF,TGCGCCAGCAGCCAAGTTGATATGGGACTAGCGAATGGTGAGCAGTTCTTC,398,3,clonotype1777,clonotype1777_consensus_1
CGGAGTCAGGCCATAG-1,True,CGGAGTCAGGCCATAG-1_contig_2,True,568,TRA,TRAV8-1,None,TRAJ7,TRAC,True,True,CAVNRGNNRLAF,TGTGCCGTGAATAGAGGGAACAACAGACTCGCTTTT,267,5,clonotype1777,clonotype1777_consensus_2
CGGAGTCCAAGAGGCT-1,True,CGGAGTCCAAGAGGCT-1_contig_1,True,507,TRB,TRBV20-1,None,TRBJ1-5,TRBC1,True,True,CSADSVRGLGSYSNQPQHF,TGCAGTGCTGATTCTGTAAGGGGGCTGGGGTCGTATAGCAATCAGCCCCAGCATTTT,1838,10,clonotype1778,clonotype1778_consensus_1
CGGAGTCCAAGAGGCT-1,True,CGGAGTCCAAGAGGCT-1_contig_2,True,404,TRB,TRBV5-1,None,TRBJ2-5,None,False,False,CASSLTP,TGCGCCAGCAGCTTGACCCCT,42,1,clonotype1778,None
CGGAGTCCAATCACAC-1,True,CGGAGTCCAATCACAC-1_contig_1,True,505,TRA,TRAV1-2,None,TRAJ33,TRAC,True,True,CAATDSNYQLIW,TGTGCTGCGACTGATAGCAACTATCAGTTAATCTGG,783,4,clonotype1,clonotype1_consensus_2
CGGAGTCCAATCACAC-1,True,CGGAGTCCAATCACAC-1_contig_2,True,521,TRB,TRBV20-1,None,TRBJ2-1,TRBC2,True,True,CSARVGSEVNEQFF,TGCAGTGCTAGAGTGGGGTCGGAAGTCAATGAGCAGTTCTTC,1186,5,clonotype1,clonotype1_consensus_1
CGGAGTCCAGACGCTC-1,True,CGGAGTCCAGACGCTC-1_contig_1,True,570,TRA,TRAV8-4,None,TRAJ3,TRAC,True,True,CAVTLYSSASKIIF,TGTGCTGTGACCCTTTACAGCAGTGCTTCCAAGATAATCTTT,1344,7,clonotype25,clonotype25_consensus_2
CGGAGTCCAGACGCTC-1,True,CGGAGTCCAGACGCTC-1_contig_2,True,667,TRB,TRBV5-6,None,TRBJ2-2,TRBC2,True,True,CASSQIGTGGNTGELFF,TGTGCCAGCAGCCAGATCGGGACAGGGGGAAACACCGGGGAGCTGTTTTTT,1565,12,clonotype25,clonotype25_consensus_1
CGGAGTCCAGACGCTC-1,True,CGGAGTCCAGACGCTC-1_contig_3,True,450,TRA,TRAV2,None,TRAJ3,TRAC,True,False,CCLLLCCVWGSSASKIIF,TGCTGTTTACTACTGTGCTGTGTATGGGGCAGCAGTGCTTCCAAGATAATCTTT,433,1,clonotype25,None
CGGAGTCCATGCTAGT-1,True,CGGAGTCCATGCTAGT-1_contig_1,True,505,TRA,TRAV1-2,None,TRAJ33,TRAC,True,True,CAATDSNYQLIW,TGTGCTGCGACTGATAGCAACTATCAGTTAATCTGG,815,4,clonotype1,clonotype1_consensus_2
CGGAGTCCATGCTAGT-1,True,CGGAGTCCATGCTAGT-1_contig_2,True,521,TRB,TRBV20-1,None,TRBJ2-1,TRBC2,True,True,CSARVGSEVNEQFF,TGCAGTGCTAGAGTGGGGTCGGAAGTCAATGAGCAGTTCTTC,1985,9,clonotype1,clonotype1_consensus_1
CGGAGTCCATGTTGAC-1,True,CGGAGTCCATGTTGAC-1_contig_1,True,621,TRA,TRAV3,None,TRAJ9,TRAC,True,True,CAVRDRNTGGFKTIF,TGTGCTGTGAGAGACAGAAATACTGGAGGCTTCAAAACTATCTTT,785,5,clonotype1779,clonotype1779_consensus_1
CGGAGTCCATGTTGAC-1,True,CGGAGTCCATGTTGAC-1_contig_2,True,478,TRB,TRBV5-6,None,TRBJ1-6,TRBC1,True,True,CASSPYLPYSPLHF,TGTGCCAGCAGCCCCTACCTTCCCTATTCACCCCTCCACTTT,562,2,clonotype1779,clonotype1779_consensus_2
CGGAGTCCATGTTGAC-1,True,CGGAGTCCATGTTGAC-1_contig_3,True,305,TRB,None,None,TRBJ1-1,TRBC1,False,False,None,None,517,4,clonotype1779,None
CGGAGTCCATTCACTT-1,True,CGGAGTCCATTCACTT-1_contig_1,True,652,TRB,TRBV5-6,None,TRBJ1-5,TRBC1,True,True,CASSLGGQPQHF,TGTGCCAGCAGCTTGGGAGGCCAGCCCCAGCATTTT,2594,12,clonotype1780,clonotype1780_consensus_2
CGGAGTCCATTCACTT-1,True,CGGAGTCCATTCACTT-1_contig_2,True,478,TRA,TRAV38-1,None,TRAJ34,TRAC,True,True,CAFMKRLPYTDKLIF,TGTGCTTTCATGAAGCGGCTACCCTACACCGACAAGCTCATCTTT,174,1,clonotype1780,clonotype1780_consensus_1
CGGAGTCGTAAGTAGT-1,True,CGGAGTCGTAAGTAGT-1_contig_1,True,505,TRA,TRAV1-2,None,TRAJ33,TRAC,True,True,CAATDSNYQLIW,TGTGCTGCGACTGATAGCAACTATCAGTTAATCTGG,630,4,clonotype1,clonotype1_consensus_2
CGGAGTCGTAAGTAGT-1,True,CGGAGTCGTAAGTAGT-1_contig_2,True,498,TRB,TRBV20-1,None,TRBJ2-1,TRBC2,True,True,CSARVGSEVNEQFF,TGCAGTGCTAGAGTGGGGTCGGAAGTCAATGAGCAGTTCTTC,615,6,clonotype1,clonotype1_consensus_1
CGGAGTCGTGGGTATG-1,True,CGGAGTCGTGGGTATG-1_contig_1,True,498,TRB,TRBV20-1,None,TRBJ2-1,TRBC2,True,True,CSARVGSEVNEQFF,TGCAGTGCTAGAGTGGGGTCGGAAGTCAATGAGCAGTTCTTC,976,5,clonotype2,clonotype2_consensus_1
CGGAGTCTCCGATATG-1,True,CGGAGTCTCCGATATG-1_contig_1,True,508,TRA,TRAV20,None,TRAJ24,TRAC,True,True,CAVMTTDSWGKFQF,TGTGCTGTTATGACAACTGACAGCTGGGGGAAATTCCAGTTT,2212,7,clonotype7,clonotype7_consensus_2
CGGAGTCTCCGATATG-1,True,CGGAGTCTCCGATATG-1_contig_2,True,506,TRB,TRBV5-5,None,TRBJ2-7,TRBC2,True,True,CASSSLVEQGAYEQYF,TGTGCCAGCAGCTCGCTCGTAGAGCAGGGGGCCTACGAGCAGTACTTC,414,2,clonotype7,clonotype7_consensus_1
CGGAGTCTCCGTAGGC-1,True,CGGAGTCTCCGTAGGC-1_contig_1,True,538,TRA,TRAV12-2,None,TRAJ48,TRAC,True,True,CAVKISNFGNEKLTF,TGTGCCGTGAAGATTTCTAACTTTGGAAATGAGAAATTAACCTTT,777,4,clonotype1781,clonotype1781_consensus_2
CGGAGTCTCCGTAGGC-1,True,CGGAGTCTCCGTAGGC-1_contig_2,True,714,TRB,TRBV5-6,None,TRBJ1-1,TRBC1,True,True,CASSPLRQDNTEAFF,TGTGCCAGCAGCCCACTCAGACAGGATAACACTGAAGCTTTCTTT,2318,10,clonotype1781,clonotype1781_consensus_1
CGGAGTCTCCTGCTTG-1,True,CGGAGTCTCCTGCTTG-1_contig_1,True,505,TRA,TRAV1-2,None,TRAJ33,TRAC,True,True,CAATDSNYQLIW,TGTGCTGCGACTGATAGCAACTATCAGTTAATCTGG,1032,4,clonotype1,clonotype1_consensus_2
CGGAGTCTCCTGCTTG-1,True,CGGAGTCTCCTGCTTG-1_contig_2,True,498,TRB,TRBV20-1,None,TRBJ2-1,TRBC2,True,True,CSARVGSEVNEQFF,TGCAGTGCTAGAGTGGGGTCGGAAGTCAATGAGCAGTTCTTC,1552,11,clonotype1,clonotype1_consensus_1
CGGAGTCTCGCTTAGA-1,True,CGGAGTCTCGCTTAGA-1_contig_1,True,518,TRB,TRBV20-1,None,TRBJ2-1,TRBC2,True,True,CSARVGSEVNEQFF,TGCAGTGCTAGAGTGGGGTCGGAAGTCAATGAGCAGTTCTTC,2500,13,clonotype2,clonotype2_consensus_1
CGGAGTCTCGCTTAGA-1,True,CGGAGTCTCGCTTAGA-1_contig_2,True,467,TRA,TRAV10,None,TRAJ24,TRAC,True,False,None,None,350,3,clonotype2,None
CGGAGTCTCTTAACCT-1,True,CGGAGTCTCTTAACCT-1_contig_1,True,503,TRB,TRBV5-5,None,TRBJ2-2,TRBC2,True,True,CASSLGDTGELFF,TGTGCCAGCAGCCTCGGGGACACCGGGGAGCTGTTTTTT,7726,5,clonotype27,clonotype27_consensus_2
CGGAGTCTCTTAACCT-1,True,CGGAGTCTCTTAACCT-1_contig_2,True,544,TRA,TRAV12-2,None,TRAJ49,TRAC,True,True,CAVNGNTGNQFYF,TGTGCCGTGAATGGGAACACCGGTAACCAGTTCTATTTT,430,1,clonotype27,clonotype27_consensus_1
CGGAGTCTCTTAACCT-1,True,CGGAGTCTCTTAACCT-1_contig_3,True,490,TRA,TRAV38-2/DV8,None,TRAJ58,TRAC,True,False,None,None,265,1,clonotype27,None
CGGCTAGAGGTTACCT-1,True,CGGCTAGAGGTTACCT-1_contig_1,True,505,TRA,TRAV1-2,None,TRAJ33,TRAC,True,True,CAATDSNYQLIW,TGTGCTGCGACTGATAGCAACTATCAGTTAATCTGG,1535,4,clonotype1,clonotype1_consensus_2
CGGCTAGAGGTTACCT-1,True,CGGCTAGAGGTTACCT-1_contig_2,True,521,TRB,TRBV20-1,None,TRBJ2-1,TRBC2,True,True,CSARVGSEVNEQFF,TGCAGTGCTAGAGTGGGGTCGGAAGTCAATGAGCAGTTCTTC,1493,8,clonotype1,clonotype1_consensus_1
CGGCTAGAGTACGATA-1,True,CGGCTAGAGTACGATA-1_contig_1,True,505,TRA,TRAV1-2,None,TRAJ33,TRAC,True,True,CAATDSNYQLIW,TGTGCTGCGACTGATAGCAACTATCAGTTAATCTGG,559,2,clonotype1,clonotype1_consensus_2
CGGCTAGAGTACGATA-1,True,CGGCTAGAGTACGATA-1_contig_2,True,473,TRB,TRBV20-1,None,TRBJ2-1,TRBC2,True,True,CSARVGSEVNEQFF,TGCAGTGCTAGAGTGGGGTCGGAAGTCAATGAGCAGTTCTTC,1465,4,clonotype1,clonotype1_consensus_1
CGGCTAGCAAGTTCTG-1,True,CGGCTAGCAAGTTCTG-1_contig_1,True,505,TRA,TRAV1-2,None,TRAJ33,TRAC,True,True,CAATDSNYQLIW,TGTGCTGCGACTGATAGCAACTATCAGTTAATCTGG,2318,3,clonotype1,clonotype1_consensus_2
CGGCTAGCAAGTTCTG-1,True,CGGCTAGCAAGTTCTG-1_contig_2,True,498,TRB,TRBV20-1,None,TRBJ2-1,TRBC2,True,True,CSARVGSEVNEQFF,TGCAGTGCTAGAGTGGGGTCGGAAGTCAATGAGCAGTTCTTC,1461,5,clonotype1,clonotype1_consensus_1
CGGCTAGCAAGTTCTG-1,True,CGGCTAGCAAGTTCTG-1_contig_3,True,564,TRA,TRAV10,None,TRAJ24,TRAC,True,False,None,None,511,2,clonotype1,None
CGGCTAGCAGGACGTA-1,True,CGGCTAGCAGGACGTA-1_contig_1,True,508,TRB,TRBV20-1,None,TRBJ2-2,TRBC2,True,True,CSARRQGVNTGELFF,TGCAGTGCTAGACGACAGGGAGTGAACACCGGGGAGCTGTTTTTT,2608,5,clonotype1782,clonotype1782_consensus_1
CGGCTAGCAGGACGTA-1,True,CGGCTAGCAGGACGTA-1_contig_2,True,503,TRB,TRBV7-3,None,TRBJ2-1,TRBC2,True,False,None,None,257,1,clonotype1782,None
CGGCTAGCAGGATTGG-1,True,CGGCTAGCAGGATTGG-1_contig_1,True,690,TRB,TRBV5-5,None,TRBJ2-7,TRBC2,True,True,CASSLPPGSYEQYF,TGTGCCAGCAGCTTGCCCCCTGGGTCCTACGAGCAGTACTTC,1851,6,clonotype1783,clonotype1783_consensus_1
CGGCTAGCATGAGCGA-1,True,CGGCTAGCATGAGCGA-1_contig_1,True,483,TRB,TRBV5-5,None,TRBJ2-5,TRBC2,True,True,CASSFAGGEETQYF,TGTGCCAGCAGCTTCGCAGGGGGCGAAGAGACCCAGTACTTC,2925,7,clonotype1784,clonotype1784_consensus_1
CGGCTAGCATGTAGTC-1,True,CGGCTAGCATGTAGTC-1_contig_1,True,493,TRA,TRAV1-1,None,TRAJ32,TRAC,True,True,CAVRAGGATNKLIF,TGCGCTGTGAGAGCGGGTGGTGCTACAAACAAGCTCATCTTT,900,5,clonotype1785,clonotype1785_consensus_2
CGGCTAGCATGTAGTC-1,True,CGGCTAGCATGTAGTC-1_contig_2,True,524,TRB,TRBV20-1,None,TRBJ2-7,TRBC2,True,True,CSADRDTGGPYEQYF,TGCAGTGCCGATAGGGACACCGGGGGTCCCTACGAGCAGTACTTC,2508,9,clonotype1785,clonotype1785_consensus_1
CGGCTAGGTAAATACG-1,True,CGGCTAGGTAAATACG-1_contig_1,True,505,TRA,TRAV1-2,None,TRAJ33,TRAC,True,True,CAATDSNYQLIW,TGTGCTGCGACTGATAGCAACTATCAGTTAATCTGG,758,4,clonotype1,clonotype1_consensus_2
CGGCTAGGTAAATACG-1,True,CGGCTAGGTAAATACG-1_contig_2,True,492,TRB,TRBV20-1,None,TRBJ2-1,TRBC2,True,True,CSARVGSEVNEQFF,TGCAGTGCTAGAGTGGGGTCGGAAGTCAATGAGCAGTTCTTC,1167,8,clonotype1,clonotype1_consensus_1
CGGCTAGGTAAATACG-1,True,CGGCTAGGTAAATACG-1_contig_3,True,482,TRA,TRAV10,None,TRAJ24,TRAC,True,False,None,None,1018,4,clonotype1,None
CGGCTAGGTACATGTC-1,True,CGGCTAGGTACATGTC-1_contig_1,True,514,TRA,TRAV29/DV5,None,TRAJ6,TRAC,True,True,CAASAGRGSYIPTF,TGTGCAGCAAGCGCGGGCAGAGGAAGCTACATACCTACATTT,907,3,clonotype1786,clonotype1786_consensus_1
CGGCTAGGTACATGTC-1,True,CGGCTAGGTACATGTC-1_contig_2,True,498,TRB,TRBV20-1,None,TRBJ1-2,TRBC1,True,True,CSASVGQGYDGYTF,TGCAGTGCTAGCGTAGGACAGGGGTACGATGGCTACACCTTC,1049,5,clonotype1786,clonotype1786_consensus_2
CGGCTAGGTACATGTC-1,True,CGGCTAGGTACATGTC-1_contig_3,True,347,TRB,None,None,TRBJ1-6,TRBC1,False,False,None,None,635,1,clonotype1786,None
CGGCTAGGTACCGAGA-1,True,CGGCTAGGTACCGAGA-1_contig_1,True,502,TRA,TRAV1-2,None,TRAJ30,TRAC,True,True,CAVRDLREIIF,TGTGCTGTGAGAGATCTTCGGGAGATCATCTTT,905,1,clonotype3,clonotype3_consensus_2
CGGCTAGGTACCGAGA-1,True,CGGCTAGGTACCGAGA-1_contig_2,True,494,TRB,TRBV5-5,None,TRBJ1-4,TRBC1,True,True,CASSHPGPNYATNEKLFF,TGTGCCAGCAGCCATCCCGGACCGAACTACGCAACTAATGAAAAACTGTTTTTT,725,2,clonotype3,clonotype3_consensus_1
CGGCTAGGTACCGAGA-1,True,CGGCTAGGTACCGAGA-1_contig_3,True,430,TRB,TRBV7-3,None,TRBJ2-1,TRBC2,True,False,CQQRSLKAGGPYNEQFF,TGCCAGCAGCGGTCACTTAAAGCGGGGGGACCCTACAATGAGCAGTTCTTC,296,3,clonotype3,None
CGGCTAGGTCAACTGT-1,True,CGGCTAGGTCAACTGT-1_contig_1,True,524,TRB,TRBV20-1,None,TRBJ2-1,TRBC2,True,True,CSARDQRVSYNEQFF,TGCAGTGCTAGAGATCAAAGGGTCTCCTACAATGAGCAGTTCTTC,2206,11,clonotype83,clonotype83_consensus_2
CGGCTAGGTCAACTGT-1,True,CGGCTAGGTCAACTGT-1_contig_2,True,506,TRA,TRAV13-2,None,TRAJ6,TRAC,True,True,CAENGGSYIPTF,TGTGCAGAGAACGGAGGAAGCTACATACCTACATTT,7778,4,clonotype83,clonotype83_consensus_1
CGGCTAGGTCAACTGT-1,True,CGGCTAGGTCAACTGT-1_contig_3,True,686,TRA,TRAV6,None,TRAJ9,TRAC,True,False,None,None,291,2,clonotype83,None
CGGCTAGGTTAAGAAC-1,True,CGGCTAGGTTAAGAAC-1_contig_1,True,505,TRA,TRAV1-2,None,TRAJ33,TRAC,True,True,CAATDSNYQLIW,TGTGCTGCGACTGATAGCAACTATCAGTTAATCTGG,1006,4,clonotype1,clonotype1_consensus_2
CGGCTAGGTTAAGAAC-1,True,CGGCTAGGTTAAGAAC-1_contig_2,True,521,TRB,TRBV20-1,None,TRBJ2-1,TRBC2,True,True,CSARVGSEVNEQFF,TGCAGTGCTAGAGTGGGGTCGGAAGTCAATGAGCAGTTCTTC,1144,9,clonotype1,clonotype1_consensus_1
CGGCTAGGTTATCCGA-1,True,CGGCTAGGTTATCCGA-1_contig_1,True,521,TRB,TRBV20-1,None,TRBJ2-1,TRBC2,True,True,CSARVGSEVNEQFF,TGCAGTGCTAGAGTGGGGTCGGAAGTCAATGAGCAGTTCTTC,1327,8,clonotype2,clonotype2_consensus_1
CGGCTAGGTTATCCGA-1,True,CGGCTAGGTTATCCGA-1_contig_2,True,465,TRA,TRAV10,None,TRAJ24,TRAC,True,False,None,None,127,2,clonotype2,None
CGGCTAGTCACTTATC-1,True,CGGCTAGTCACTTATC-1_contig_1,True,490,TRA,TRAV21,None,TRAJ34,TRAC,True,True,CAVPSEGYNTDKLIF,TGTGCTGTCCCCTCGGAGGGTTATAACACCGACAAGCTCATCTTT,1140,6,clonotype1787,clonotype1787_consensus_1
CGGCTAGTCACTTATC-1,True,CGGCTAGTCACTTATC-1_contig_2,True,670,TRB,TRBV5-6,None,TRBJ2-3,TRBC2,True,True,CASSLGRGVTDTQYF,TGTGCCAGCAGCTTGGGGCGGGGGGTCACAGATACGCAGTATTTT,1316,5,clonotype1787,clonotype1787_consensus_2
CGGCTAGTCATAGCAC-1,True,CGGCTAGTCATAGCAC-1_contig_1,True,444,TRA,TRAV9-2,None,TRAJ43,TRAC,True,True,CALGNNNDMRF,TGTGCTCTGGGGAATAACAATGACATGCGCTTT,2687,9,clonotype1788,clonotype1788_consensus_1
CGGCTAGTCATAGCAC-1,True,CGGCTAGTCATAGCAC-1_contig_2,True,657,TRB,TRBV5-5,None,TRBJ1-5,TRBC1,True,True,CASTQQGLGNQPQHF,TGTGCCAGCACCCAACAGGGTCTCGGCAATCAGCCCCAGCATTTT,2288,12,clonotype1788,clonotype1788_consensus_2
CGGCTAGTCCGTAGGC-1,True,CGGCTAGTCCGTAGGC-1_contig_1,True,505,TRA,TRAV1-2,None,TRAJ33,TRAC,True,True,CAATDSNYQLIW,TGTGCTGCGACTGATAGCAACTATCAGTTAATCTGG,900,5,clonotype1,clonotype1_consensus_2
CGGCTAGTCCGTAGGC-1,True,CGGCTAGTCCGTAGGC-1_contig_2,True,498,TRB,TRBV20-1,None,TRBJ2-1,TRBC2,True,True,CSARVGSEVNEQFF,TGCAGTGCTAGAGTGGGGTCGGAAGTCAATGAGCAGTTCTTC,1668,7,clonotype1,clonotype1_consensus_1
CGGCTAGTCGACAGCC-1,True,CGGCTAGTCGACAGCC-1_contig_1,True,520,TRB,TRBV20-1,None,TRBJ1-5,TRBC1,True,True,CSARIEQGRGNQPQHF,TGCAGTGCTAGGATTGAGCAGGGCCGGGGCAATCAGCCCCAGCATTTT,1421,3,clonotype1789,clonotype1789_consensus_1
CGGCTAGTCGACAGCC-1,True,CGGCTAGTCGACAGCC-1_contig_2,True,465,TRA,TRAV13-1,None,TRAJ10,TRAC,True,True,CAAMSYTGGGNKLTF,TGTGCAGCAATGTCTTACACGGGAGGAGGAAACAAACTCACCTTT,1782,5,clonotype1789,clonotype1789_consensus_2
CGGCTAGTCGACAGCC-1,True,CGGCTAGTCGACAGCC-1_contig_3,True,315,TRB,None,None,TRBJ2-1,TRBC2,False,False,None,None,437,3,clonotype1789,None
CGGCTAGTCTGAGGGA-1,True,CGGCTAGTCTGAGGGA-1_contig_1,True,521,TRB,TRBV20-1,None,TRBJ2-1,TRBC2,True,True,CSARVGSEVNEQFF,TGCAGTGCTAGAGTGGGGTCGGAAGTCAATGAGCAGTTCTTC,3412,14,clonotype2,clonotype2_consensus_1
CGGGTCAAGAATCTCC-1,True,CGGGTCAAGAATCTCC-1_contig_1,True,497,TRA,TRAV24,None,TRAJ20,TRAC,True,True,CAFSNDYKLSF,TGTGCCTTTTCTAACGACTACAAGCTCAGCTTT,191,2,clonotype1790,clonotype1790_consensus_3
CGGGTCAAGAATCTCC-1,True,CGGGTCAAGAATCTCC-1_contig_2,True,497,TRA,TRAV25,None,TRAJ42,TRAC,True,True,CGGSQGNLIF,TGTGGGGGAAGCCAAGGAAATCTCATCTTT,595,5,clonotype1790,clonotype1790_consensus_1
CGGGTCAAGAATCTCC-1,True,CGGGTCAAGAATCTCC-1_contig_3,True,488,TRB,TRBV20-1,None,TRBJ1-2,TRBC1,True,True,CSARDPTRGSYGYTF,TGCAGTGCTAGAGATCCCACCCGGGGCTCCTATGGCTACACCTTC,1454,4,clonotype1790,clonotype1790_consensus_4
CGGGTCAAGAATCTCC-1,True,CGGGTCAAGAATCTCC-1_contig_4,True,521,TRB,TRBV20-1,None,TRBJ2-1,TRBC2,True,True,CSARGPSGPYNEQFF,TGCAGTGCTAGAGGCCCTAGCGGTCCCTACAATGAGCAGTTCTTC,4959,6,clonotype1790,clonotype1790_consensus_2
CGGGTCAAGAATCTCC-1,True,CGGGTCAAGAATCTCC-1_contig_5,True,331,TRB,TRBV6-4,None,None,TRBC2,False,False,None,None,493,2,clonotype1790,None
CGGGTCAAGATTACCC-1,True,CGGGTCAAGATTACCC-1_contig_1,True,518,TRB,TRBV20-1,None,TRBJ2-3,TRBC2,True,True,CSASLAGQDTQYF,TGCAGTGCTAGTCTAGCGGGGCAAGATACGCAGTATTTT,2235,7,clonotype1791,clonotype1791_consensus_1
CGGGTCAAGCCCAGCT-1,True,CGGGTCAAGCCCAGCT-1_contig_1,True,505,TRA,TRAV1-2,None,TRAJ33,TRAC,True,True,CAATDSNYQLIW,TGTGCTGCGACTGATAGCAACTATCAGTTAATCTGG,746,4,clonotype1,clonotype1_consensus_2
CGGGTCAAGCCCAGCT-1,True,CGGGTCAAGCCCAGCT-1_contig_2,True,494,TRB,TRBV20-1,None,TRBJ2-1,TRBC2,True,True,CSARVGSEVNEQFF,TGCAGTGCTAGAGTGGGGTCGGAAGTCAATGAGCAGTTCTTC,622,4,clonotype1,clonotype1_consensus_1
CGGGTCAAGCTAACAA-1,True,CGGGTCAAGCTAACAA-1_contig_1,True,542,TRA,TRAV26-1,None,TRAJ45,TRAC,True,True,CIVPFNSGGGADGLTF,TGCATCGTCCCTTTCAATTCAGGAGGAGGTGCTGACGGACTCACCTTT,782,2,clonotype1792,clonotype1792_consensus_1
CGGGTCAAGCTAACAA-1,True,CGGGTCAAGCTAACAA-1_contig_2,True,569,TRA,TRAV12-1,None,TRAJ41,TRAC,True,True,CVVNTGYALNF,TGTGTGGTGAACACCGGGTATGCACTCAACTTC,305,2,clonotype1792,clonotype1792_consensus_2
CGGGTCAAGCTAACAA-1,True,CGGGTCAAGCTAACAA-1_contig_3,True,527,TRB,TRBV20-1,None,TRBJ2-2,TRBC2,True,True,CSARLPQGENTGELFF,TGCAGTGCTAGACTCCCGCAGGGGGAGAACACCGGGGAGCTGTTTTTT,5880,13,clonotype1792,clonotype1792_consensus_3
CGGGTCAAGCTAACAA-1,True,CGGGTCAAGCTAACAA-1_contig_4,True,498,TRB,TRBV20-1,None,TRBJ2-7,TRBC2,True,True,CSARENGGGYEQYF,TGCAGTGCTAGAGAAAACGGGGGAGGATACGAGCAGTACTTC,4263,9,clonotype1792,clonotype1792_consensus_4
CGGGTCAAGCTAACAA-1,True,CGGGTCAAGCTAACAA-1_contig_5,True,328,TRA,None,None,TRAJ32,TRAC,False,False,None,None,110,1,clonotype1792,None
CGGGTCAAGGGAGTAA-1,True,CGGGTCAAGGGAGTAA-1_contig_1,True,501,TRA,TRAV12-3,None,TRAJ32,TRAC,True,True,CARRYGGATNKLIF,TGTGCACGGAGATATGGTGGTGCTACAAACAAGCTCATCTTT,3507,7,clonotype22,clonotype22_consensus_1
CGGGTCAAGGGAGTAA-1,True,CGGGTCAAGGGAGTAA-1_contig_2,True,502,TRB,TRBV5-6,None,TRBJ2-2,TRBC2,True,True,CASSLSPEDPTNTGELFF,TGTGCCAGCAGCTTGAGTCCGGAAGACCCTACGAACACCGGGGAGCTGTTTTTT,4325,13,clonotype22,clonotype22_consensus_2
CGGGTCAAGGGAGTAA-1,True,CGGGTCAAGGGAGTAA-1_contig_3,True,326,TRB,None,None,TRBJ2-7,TRBC2,False,False,None,None,1408,6,clonotype22,None
CGGGTCAAGGTCATCT-1,True,CGGGTCAAGGTCATCT-1_contig_1,True,505,TRA,TRAV1-2,None,TRAJ33,TRAC,True,True,CAATDSNYQLIW,TGTGCTGCGACTGATAGCAACTATCAGTTAATCTGG,100,2,clonotype1,clonotype1_consensus_2
CGGGTCAAGGTCATCT-1,True,CGGGTCAAGGTCATCT-1_contig_2,True,485,TRB,TRBV20-1,None,TRBJ2-1,TRBC2,True,True,CSARVGSEVNEQFF,TGCAGTGCTAGAGTGGGGTCGGAAGTCAATGAGCAGTTCTTC,2057,7,clonotype1,clonotype1_consensus_1
CGGGTCAAGTACATGA-1,True,CGGGTCAAGTACATGA-1_contig_1,True,498,TRB,TRBV20-1,None,TRBJ2-1,TRBC2,True,True,CSARVGSEVNEQFF,TGCAGTGCTAGAGTGGGGTCGGAAGTCAATGAGCAGTTCTTC,1888,8,clonotype2,clonotype2_consensus_1
CGGGTCAAGTCAAGCG-1,True,CGGGTCAAGTCAAGCG-1_contig_1,True,518,TRB,TRBV20-1,None,TRBJ1-5,TRBC1,True,True,CSARPTGGQPQHF,TGCAGTGCTAGACCCACAGGGGGGCAGCCCCAGCATTTT,1997,7,clonotype1793,clonotype1793_consensus_2
CGGGTCAAGTCAAGCG-1,True,CGGGTCAAGTCAAGCG-1_contig_2,True,640,TRA,TRAV8-6,None,TRAJ29,TRAC,True,True,CAVSDRGAGNTPLVF,TGTGCTGTGAGTGATCGAGGGGCAGGAAACACACCTCTTGTCTTT,813,4,clonotype1793,clonotype1793_consensus_1
CGGGTCACAAACTGTC-1,True,CGGGTCACAAACTGTC-1_contig_1,True,515,TRB,TRBV5-5,None,TRBJ1-4,TRBC1,True,True,CASSHPGPNYATNEKLFF,TGTGCCAGCAGCCATCCCGGACCGAACTACGCAACTAATGAAAAACTGTTTTTT,2248,3,clonotype4,clonotype4_consensus_1
CGGGTCACAAGTCTGT-1,True,CGGGTCACAAGTCTGT-1_contig_1,True,502,TRA,TRAV1-2,None,TRAJ30,TRAC,True,True,CAVRDLREIIF,TGTGCTGTGAGAGATCTTCGGGAGATCATCTTT,429,3,clonotype28,clonotype28_consensus_3
CGGGTCACAAGTCTGT-1,True,CGGGTCACAAGTCTGT-1_contig_2,True,521,TRB,TRBV5-5,None,TRBJ1-4,TRBC1,True,True,CASSHPGPNYATNEKLFF,TGTGCCAGCAGCCATCCCGGACCGAACTACGCAACTAATGAAAAACTGTTTTTT,1588,4,clonotype28,clonotype28_consensus_1
CGGGTCACAAGTCTGT-1,True,CGGGTCACAAGTCTGT-1_contig_3,True,498,TRB,TRBV20-1,None,TRBJ2-1,TRBC2,True,True,CSARVGSEVNEQFF,TGCAGTGCTAGAGTGGGGTCGGAAGTCAATGAGCAGTTCTTC,1902,6,clonotype28,clonotype28_consensus_2
CGGGTCACAAGTCTGT-1,True,CGGGTCACAAGTCTGT-1_contig_4,True,419,TRB,TRBV7-3,None,TRBJ2-1,TRBC2,True,False,CQQRSLKAGGPYNEQFF,TGCCAGCAGCGGTCACTTAAAGCGGGGGGACCCTACAATGAGCAGTTCTTC,370,1,clonotype28,None
CGGGTCACAAGTCTGT-1,True,CGGGTCACAAGTCTGT-1_contig_5,True,482,TRA,TRAV10,None,TRAJ24,TRAC,True,False,None,None,334,3,clonotype28,None
CGGGTCACACAACGTT-1,True,CGGGTCACACAACGTT-1_contig_1,True,498,TRB,TRBV20-1,None,TRBJ2-7,TRBC2,True,True,CSAEARVRSYEQYF,TGCAGTGCTGAGGCCAGGGTAAGGTCTTACGAGCAGTACTTC,2641,13,clonotype216,clonotype216_consensus_1
CGGGTCACACAACGTT-1,True,CGGGTCACACAACGTT-1_contig_2,True,553,TRA,TRAV12-1,None,TRAJ9,TRAC,True,True,CVVIDTGGFKTIF,TGTGTGGTGATTGATACTGGAGGCTTCAAAACTATCTTT,1306,3,clonotype216,clonotype216_consensus_2
CGGGTCACACAACGTT-1,True,CGGGTCACACAACGTT-1_contig_3,True,379,TRA,TRAV3,None,None,TRAC,False,False,None,None,108,1,clonotype216,None
CGGGTCACAGACGCAA-1,True,CGGGTCACAGACGCAA-1_contig_1,True,639,TRA,TRAV26-1,None,TRAJ17,TRAC,True,True,CIVRGQGAAGNKLTF,TGCATCGTCAGAGGACAGGGAGCTGCAGGCAACAAGCTAACTTTT,506,4,clonotype1794,clonotype1794_consensus_2
CGGGTCACAGACGCAA-1,True,CGGGTCACAGACGCAA-1_contig_2,True,498,TRB,TRBV20-1,None,TRBJ1-5,TRBC1,True,True,CSASAGGANQPQHF,TGCAGTGCTAGCGCCGGGGGCGCGAATCAGCCCCAGCATTTT,1356,7,clonotype1794,clonotype1794_consensus_1
CGGGTCACAGCCTTTC-1,True,CGGGTCACAGCCTTTC-1_contig_1,True,505,TRA,TRAV1-2,None,TRAJ33,TRAC,True,True,CAATDSNYQLIW,TGTGCTGCGACTGATAGCAACTATCAGTTAATCTGG,1040,4,clonotype1,clonotype1_consensus_2
CGGGTCACAGCCTTTC-1,True,CGGGTCACAGCCTTTC-1_contig_2,True,521,TRB,TRBV20-1,None,TRBJ2-1,TRBC2,True,True,CSARVGSEVNEQFF,TGCAGTGCTAGAGTGGGGTCGGAAGTCAATGAGCAGTTCTTC,2715,10,clonotype1,clonotype1_consensus_1
CGGGTCAGTAGTGAAT-1,True,CGGGTCAGTAGTGAAT-1_contig_1,True,505,TRA,TRAV1-2,None,TRAJ33,TRAC,True,True,CAATDSNYQLIW,TGTGCTGCGACTGATAGCAACTATCAGTTAATCTGG,4147,3,clonotype1,clonotype1_consensus_2
CGGGTCAGTAGTGAAT-1,True,CGGGTCAGTAGTGAAT-1_contig_2,True,498,TRB,TRBV20-1,None,TRBJ2-1,TRBC2,True,True,CSARVGSEVNEQFF,TGCAGTGCTAGAGTGGGGTCGGAAGTCAATGAGCAGTTCTTC,1425,7,clonotype1,clonotype1_consensus_1
CGGGTCAGTCGCATCG-1,True,CGGGTCAGTCGCATCG-1_contig_1,True,502,TRA,TRAV1-2,None,TRAJ30,TRAC,True,True,CAVRDLREIIF,TGTGCTGTGAGAGATCTTCGGGAGATCATCTTT,402,3,clonotype3,clonotype3_consensus_2
CGGGTCAGTCGCATCG-1,True,CGGGTCAGTCGCATCG-1_contig_2,True,532,TRB,TRBV5-5,None,TRBJ1-4,TRBC1,True,True,CASSHPGPNYATNEKLFF,TGTGCCAGCAGCCATCCCGGACCGAACTACGCAACTAATGAAAAACTGTTTTTT,1098,3,clonotype3,clonotype3_consensus_1
CGGGTCAGTCGCATCG-1,True,CGGGTCAGTCGCATCG-1_contig_3,True,439,TRB,TRBV7-3,None,TRBJ2-1,TRBC2,True,False,CQQRSLKAGGPYNEQFF,TGCCAGCAGCGGTCACTTAAAGCGGGGGGACCCTACAATGAGCAGTTCTTC,203,2,clonotype3,None
CGGGTCAGTCTGATCA-1,True,CGGGTCAGTCTGATCA-1_contig_1,True,518,TRB,TRBV20-1,None,TRBJ2-1,TRBC2,True,True,CSARVGSEVNEQFF,TGCAGTGCTAGAGTGGGGTCGGAAGTCAATGAGCAGTTCTTC,1823,10,clonotype2,clonotype2_consensus_1
CGGGTCAGTCTTCAAG-1,True,CGGGTCAGTCTTCAAG-1_contig_1,True,521,TRB,TRBV20-1,None,TRBJ2-1,TRBC2,True,True,CSARVGSEVNEQFF,TGCAGTGCTAGAGTGGGGTCGGAAGTCAATGAGCAGTTCTTC,1777,6,clonotype2,clonotype2_consensus_1
CGGGTCAGTCTTCAAG-1,True,CGGGTCAGTCTTCAAG-1_contig_2,True,456,TRA,TRAV10,None,TRAJ24,TRAC,True,False,None,None,601,3,clonotype2,None
CGGGTCAGTGTGAAAT-1,True,CGGGTCAGTGTGAAAT-1_contig_1,True,521,TRB,TRBV20-1,None,TRBJ2-1,TRBC2,True,True,CSARVGSEVNEQFF,TGCAGTGCTAGAGTGGGGTCGGAAGTCAATGAGCAGTTCTTC,1597,12,clonotype2,clonotype2_consensus_1
CGGGTCAGTTAAGAAC-1,True,CGGGTCAGTTAAGAAC-1_contig_1,True,524,TRB,TRBV20-1,None,TRBJ1-6,TRBC1,True,True,CSAKLHPGSRSPLHF,TGCAGTGCCAAACTACATCCAGGGTCCCGATCACCCCTCCACTTT,3088,12,clonotype1795,clonotype1795_consensus_2
CGGGTCAGTTAAGAAC-1,True,CGGGTCAGTTAAGAAC-1_contig_2,True,574,TRA,TRAV29/DV5,None,TRAJ42,TRAC,True,True,CAASAGGGSQGNLIF,TGTGCAGCAAGCGCGGGCGGGGGAAGCCAAGGAAATCTCATCTTT,921,5,clonotype1795,clonotype1795_consensus_1
CGGGTCATCAAAGACA-1,True,CGGGTCATCAAAGACA-1_contig_1,True,505,TRA,TRAV1-2,None,TRAJ33,TRAC,True,True,CAATDSNYQLIW,TGTGCTGCGACTGATAGCAACTATCAGTTAATCTGG,1934,7,clonotype1,clonotype1_consensus_2
CGGGTCATCAAAGACA-1,True,CGGGTCATCAAAGACA-1_contig_2,True,521,TRB,TRBV20-1,None,TRBJ2-1,TRBC2,True,True,CSARVGSEVNEQFF,TGCAGTGCTAGAGTGGGGTCGGAAGTCAATGAGCAGTTCTTC,5773,20,clonotype1,clonotype1_consensus_1
CGGGTCATCAAAGACA-1,True,CGGGTCATCAAAGACA-1_contig_3,True,482,TRA,TRAV10,None,TRAJ24,TRAC,True,False,None,None,496,5,clonotype1,None
CGGGTCATCATCGATG-1,True,CGGGTCATCATCGATG-1_contig_1,True,486,TRB,TRBV20-1,None,TRBJ2-1,TRBC2,True,True,CSARVGSEVNEQFF,TGCAGTGCTAGAGTGGGGTCGGAAGTCAATGAGCAGTTCTTC,1353,5,clonotype2,clonotype2_consensus_1
CGGGTCATCATCGATG-1,True,CGGGTCATCATCGATG-1_contig_2,True,462,TRA,TRAV10,None,TRAJ24,TRAC,True,False,None,None,121,1,clonotype2,None
CGGGTCATCCTTTCGG-1,True,CGGGTCATCCTTTCGG-1_contig_1,True,518,TRB,TRBV20-1,None,TRBJ1-5,TRBC1,True,True,CSAYTGGDQPQHF,TGCAGTGCTTATACAGGGGGCGATCAGCCCCAGCATTTT,3512,6,clonotype1796,clonotype1796_consensus_2
CGGGTCATCCTTTCGG-1,True,CGGGTCATCCTTTCGG-1_contig_2,True,523,TRA,TRAV12-1,None,TRAJ26,TRAC,True,True,CVVNQGGQNFVF,TGTGTGGTGAACCAGGGGGGTCAGAATTTTGTCTTT,584,6,clonotype1796,clonotype1796_consensus_1
CGGGTCATCCTTTCGG-1,True,CGGGTCATCCTTTCGG-1_contig_3,True,482,TRA,TRAV13-1,None,TRAJ3,None,True,False,None,None,25,1,clonotype1796,None
CGGGTCATCGAGAGCA-1,True,CGGGTCATCGAGAGCA-1_contig_1,True,526,TRA,TRAV14/DV4,None,TRAJ3,TRAC,True,True,CAMRAGYSSASKIIF,TGTGCAATGAGAGCGGGGTACAGCAGTGCTTCCAAGATAATCTTT,459,2,clonotype293,clonotype293_consensus_2
CGGGTCATCGAGAGCA-1,True,CGGGTCATCGAGAGCA-1_contig_2,True,498,TRB,TRBV20-1,None,TRBJ1-1,TRBC1,True,True,CSARVDARRTEAFF,TGCAGTGCTAGAGTTGATGCCAGGCGGACTGAAGCTTTCTTT,5559,16,clonotype293,clonotype293_consensus_1
CGGGTCATCGGGAGTA-1,True,CGGGTCATCGGGAGTA-1_contig_1,True,535,TRA,TRAV12-2,None,TRAJ36,TRAC,True,True,CAVRGANNLFF,TGTGCCGTGAGGGGGGCAAACAACCTCTTCTTT,739,6,clonotype1797,clonotype1797_consensus_2
CGGGTCATCGGGAGTA-1,True,CGGGTCATCGGGAGTA-1_contig_2,True,530,TRB,TRBV20-1,None,TRBJ2-1,TRBC2,True,True,CSASDPGLATGVDEQFF,TGCAGTGCTAGTGACCCCGGACTAGCTACCGGGGTGGATGAGCAGTTCTTC,2995,12,clonotype1797,clonotype1797_consensus_1
CGGGTCATCTTCAACT-1,True,CGGGTCATCTTCAACT-1_contig_1,True,518,TRB,TRBV20-1,None,TRBJ1-6,TRBC1,True,True,CSARTRENSPLHF,TGCAGTGCTAGAACTAGGGAGAATTCACCCCTCCACTTT,2192,9,clonotype1798,clonotype1798_consensus_2
CGGGTCATCTTCAACT-1,True,CGGGTCATCTTCAACT-1_contig_2,True,615,TRA,TRAV3,None,TRAJ30,TRAC,True,True,CAVRPNRDDKIIF,TGTGCTGTGAGACCGAACAGAGATGACAAGATCATCTTT,96,2,clonotype1798,clonotype1798_consensus_1
CGGGTCATCTTCAACT-1,True,CGGGTCATCTTCAACT-1_contig_3,True,495,TRA,TRAV1-2,None,TRAJ26,TRAC,True,False,None,None,902,2,clonotype1798,None
CGGGTCATCTTCCTTC-1,True,CGGGTCATCTTCCTTC-1_contig_1,True,502,TRA,TRAV1-2,None,TRAJ30,TRAC,True,True,CAVRDLREIIF,TGTGCTGTGAGAGATCTTCGGGAGATCATCTTT,827,7,clonotype3,clonotype3_consensus_2
CGGGTCATCTTCCTTC-1,True,CGGGTCATCTTCCTTC-1_contig_2,True,670,TRB,TRBV5-5,None,TRBJ1-4,TRBC1,True,True,CASSHPGPNYATNEKLFF,TGTGCCAGCAGCCATCCCGGACCGAACTACGCAACTAATGAAAAACTGTTTTTT,971,3,clonotype3,clonotype3_consensus_1
CGGGTCATCTTCCTTC-1,True,CGGGTCATCTTCCTTC-1_contig_3,True,442,TRB,TRBV7-3,None,TRBJ2-1,TRBC2,True,False,CQQRSLKAGGPYNEQFF,TGCCAGCAGCGGTCACTTAAAGCGGGGGGACCCTACAATGAGCAGTTCTTC,400,2,clonotype3,None
CGGTTAAAGATAGCAT-1,True,CGGTTAAAGATAGCAT-1_contig_1,True,505,TRA,TRAV1-2,None,TRAJ33,TRAC,True,True,CAATDSNYQLIW,TGTGCTGCGACTGATAGCAACTATCAGTTAATCTGG,490,3,clonotype1,clonotype1_consensus_2
CGGTTAAAGATAGCAT-1,True,CGGTTAAAGATAGCAT-1_contig_2,True,498,TRB,TRBV20-1,None,TRBJ2-1,TRBC2,True,True,CSARVGSEVNEQFF,TGCAGTGCTAGAGTGGGGTCGGAAGTCAATGAGCAGTTCTTC,2962,10,clonotype1,clonotype1_consensus_1
CGGTTAAAGATAGCAT-1,True,CGGTTAAAGATAGCAT-1_contig_3,True,482,TRA,TRAV10,None,TRAJ24,TRAC,True,False,None,None,357,1,clonotype1,None
CGGTTAAAGCGCTCCA-1,True,CGGTTAAAGCGCTCCA-1_contig_1,True,498,TRB,TRBV20-1,None,TRBJ2-1,TRBC2,True,True,CSARVGSEVNEQFF,TGCAGTGCTAGAGTGGGGTCGGAAGTCAATGAGCAGTTCTTC,1707,6,clonotype2,clonotype2_consensus_1
CGGTTAAAGGCAGTCA-1,True,CGGTTAAAGGCAGTCA-1_contig_1,True,489,TRA,TRAV4,None,TRAJ9,TRAC,True,True,CLVGDPNTGGFKTIF,TGCCTCGTGGGTGACCCTAATACTGGAGGCTTCAAAACTATCTTT,1264,4,clonotype1799,clonotype1799_consensus_1
CGGTTAAAGGCAGTCA-1,True,CGGTTAAAGGCAGTCA-1_contig_2,True,521,TRB,TRBV20-1,None,TRBJ1-1,TRBC1,True,True,CSALARGLRTEAFF,TGCAGTGCTCTTGCCAGGGGGCTAAGGACTGAAGCTTTCTTT,763,7,clonotype1799,clonotype1799_consensus_2
CGGTTAAAGTAGCGGT-1,True,CGGTTAAAGTAGCGGT-1_contig_1,True,505,TRA,TRAV1-2,None,TRAJ33,TRAC,True,True,CAATDSNYQLIW,TGTGCTGCGACTGATAGCAACTATCAGTTAATCTGG,618,2,clonotype1,clonotype1_consensus_2
CGGTTAAAGTAGCGGT-1,True,CGGTTAAAGTAGCGGT-1_contig_2,True,521,TRB,TRBV20-1,None,TRBJ2-1,TRBC2,True,True,CSARVGSEVNEQFF,TGCAGTGCTAGAGTGGGGTCGGAAGTCAATGAGCAGTTCTTC,1084,9,clonotype1,clonotype1_consensus_1
CGGTTAAAGTAGCGGT-1,True,CGGTTAAAGTAGCGGT-1_contig_3,True,482,TRA,TRAV10,None,TRAJ24,TRAC,True,False,None,None,1189,4,clonotype1,None
CGGTTAAAGTCAAGGC-1,True,CGGTTAAAGTCAAGGC-1_contig_1,True,521,TRB,TRBV20-1,None,TRBJ1-5,TRBC1,True,True,CSARAGTGDQPQHF,TGCAGTGCTAGGGCCGGGACAGGGGATCAGCCCCAGCATTTT,1810,8,clonotype1800,clonotype1800_consensus_1
CGGTTAAAGTCAAGGC-1,True,CGGTTAAAGTCAAGGC-1_contig_2,True,531,TRA,TRAV26-1,None,TRAJ34,TRAC,True,True,CIVYLYNTDKLIF,TGCATCGTTTATCTTTATAACACCGACAAGCTCATCTTT,745,3,clonotype1800,clonotype1800_consensus_2
CGGTTAACAAGTTCTG-1,True,CGGTTAACAAGTTCTG-1_contig_1,True,505,TRA,TRAV1-2,None,TRAJ33,TRAC,True,True,CAATDSNYQLIW,TGTGCTGCGACTGATAGCAACTATCAGTTAATCTGG,912,3,clonotype1,clonotype1_consensus_2
CGGTTAACAAGTTCTG-1,True,CGGTTAACAAGTTCTG-1_contig_2,True,521,TRB,TRBV20-1,None,TRBJ2-1,TRBC2,True,True,CSARVGSEVNEQFF,TGCAGTGCTAGAGTGGGGTCGGAAGTCAATGAGCAGTTCTTC,2296,8,clonotype1,clonotype1_consensus_1
CGGTTAACACACGCTG-1,True,CGGTTAACACACGCTG-1_contig_1,True,518,TRB,TRBV20-1,None,TRBJ2-7,TRBC2,True,True,CSARDRSSYEQYF,TGCAGTGCCAGAGACAGGAGCTCCTACGAGCAGTACTTC,1350,5,clonotype300,clonotype300_consensus_2
CGGTTAACACACGCTG-1,True,CGGTTAACACACGCTG-1_contig_2,True,535,TRA,TRAV16,None,TRAJ10,TRAC,True,True,CALSGLGGGGNKLTF,TGTGCTCTAAGTGGCCTCGGGGGAGGAGGAAACAAACTCACCTTT,703,5,clonotype300,clonotype300_consensus_1
CGGTTAACACACGCTG-1,True,CGGTTAACACACGCTG-1_contig_3,True,348,TRB,None,None,TRBJ2-3,TRBC2,False,False,None,None,1025,2,clonotype300,None
CGGTTAACACCATGTA-1,True,CGGTTAACACCATGTA-1_contig_1,True,505,TRA,TRAV1-2,None,TRAJ33,TRAC,True,True,CAATDSNYQLIW,TGTGCTGCGACTGATAGCAACTATCAGTTAATCTGG,422,2,clonotype1,clonotype1_consensus_2
CGGTTAACACCATGTA-1,True,CGGTTAACACCATGTA-1_contig_2,True,498,TRB,TRBV20-1,None,TRBJ2-1,TRBC2,True,True,CSARVGSEVNEQFF,TGCAGTGCTAGAGTGGGGTCGGAAGTCAATGAGCAGTTCTTC,3551,15,clonotype1,clonotype1_consensus_1
CGGTTAACACCATGTA-1,True,CGGTTAACACCATGTA-1_contig_3,True,455,TRA,TRAV10,None,TRAJ24,TRAC,True,False,None,None,194,1,clonotype1,None
CGGTTAACACGTGAGA-1,True,CGGTTAACACGTGAGA-1_contig_1,True,521,TRB,TRBV20-1,None,TRBJ2-1,TRBC2,True,True,CSARVGSEVNEQFF,TGCAGTGCTAGAGTGGGGTCGGAAGTCAATGAGCAGTTCTTC,3507,8,clonotype2,clonotype2_consensus_1
CGGTTAACAGGCTGAA-1,True,CGGTTAACAGGCTGAA-1_contig_1,True,517,TRB,TRBV20-1,None,TRBJ2-2,TRBC2,True,True,CSARPQLTNTGELFF,TGCAGTGCTAGACCCCAACTAACCAACACCGGGGAGCTGTTTTTT,12968,46,clonotype13,clonotype13_consensus_2
CGGTTAACAGGCTGAA-1,True,CGGTTAACAGGCTGAA-1_contig_2,True,518,TRA,TRAV21,None,TRAJ11,TRAC,True,True,CAASASGYSTLTF,TGTGCTGCCTCAGCATCAGGATACAGCACCCTCACCTTT,7522,36,clonotype13,clonotype13_consensus_1
CGGTTAACATGCCTTC-1,True,CGGTTAACATGCCTTC-1_contig_1,True,511,TRB,TRBV20-1,None,TRBJ1-1,TRBC1,True,True,CSARGPPNTEAFF,TGCAGTGCTAGAGGACCCCCGAACACTGAAGCTTTCTTT,1098,5,clonotype1801,clonotype1801_consensus_2
CGGTTAACATGCCTTC-1,True,CGGTTAACATGCCTTC-1_contig_2,True,461,TRA,TRAV38-1,None,TRAJ44,TRAC,True,True,CAFTSTGTASKLTF,TGTGCTTTCACTTCGACCGGCACTGCCAGTAAACTCACCTTT,812,2,clonotype1801,clonotype1801_consensus_1
CGGTTAACATGCCTTC-1,True,CGGTTAACATGCCTTC-1_contig_3,True,500,TRA,TRAV25,None,TRAJ26,TRAC,True,False,None,None,717,4,clonotype1801,None
CGGTTAAGTAGAGGAA-1,True,CGGTTAAGTAGAGGAA-1_contig_1,True,502,TRA,TRAV1-2,None,TRAJ33,TRAC,True,True,CAATDSNYQLIW,TGTGCTGCGACTGATAGCAACTATCAGTTAATCTGG,230,2,clonotype1,clonotype1_consensus_2
CGGTTAAGTAGAGGAA-1,True,CGGTTAAGTAGAGGAA-1_contig_2,True,521,TRB,TRBV20-1,None,TRBJ2-1,TRBC2,True,True,CSARVGSEVNEQFF,TGCAGTGCTAGAGTGGGGTCGGAAGTCAATGAGCAGTTCTTC,1299,7,clonotype1,clonotype1_consensus_1
CGGTTAAGTATAGGGC-1,True,CGGTTAAGTATAGGGC-1_contig_1,True,505,TRA,TRAV1-2,None,TRAJ33,TRAC,True,True,CAATDSNYQLIW,TGTGCTGCGACTGATAGCAACTATCAGTTAATCTGG,123,2,clonotype1,clonotype1_consensus_2
CGGTTAAGTATAGGGC-1,True,CGGTTAAGTATAGGGC-1_contig_2,True,521,TRB,TRBV20-1,None,TRBJ2-1,TRBC2,True,True,CSARVGSEVNEQFF,TGCAGTGCTAGAGTGGGGTCGGAAGTCAATGAGCAGTTCTTC,1392,7,clonotype1,clonotype1_consensus_1
CGGTTAAGTCGAAAGC-1,True,CGGTTAAGTCGAAAGC-1_contig_1,True,515,TRB,TRBV20-1,None,TRBJ1-1,TRBC1,True,True,CSARAGETEAFF,TGCAGTGCTAGAGCAGGGGAGACTGAAGCTTTCTTT,1797,10,clonotype1802,clonotype1802_consensus_1
CGGTTAAGTCGAAAGC-1,True,CGGTTAAGTCGAAAGC-1_contig_2,True,472,TRA,None,None,TRAJ6,TRAC,False,False,None,None,241,1,clonotype1802,None
CGGTTAAGTCGAAAGC-1,True,CGGTTAAGTCGAAAGC-1_contig_3,True,364,TRA,TRAV35,None,TRAJ40,TRAC,True,False,CAGLTSGTYKYIF,TGTGCTGGGCTTACCTCAGGAACCTACAAATACATCTTT,675,1,clonotype1802,None
CGGTTAAGTCGAAAGC-1,True,CGGTTAAGTCGAAAGC-1_contig_4,True,433,TRA,None,None,TRAJ6,TRAC,False,False,None,None,569,2,clonotype1802,None
CGGTTAAGTGCACGAA-1,True,CGGTTAAGTGCACGAA-1_contig_1,True,505,TRA,TRAV1-2,None,TRAJ33,TRAC,True,True,CAATDSNYQLIW,TGTGCTGCGACTGATAGCAACTATCAGTTAATCTGG,360,3,clonotype1,clonotype1_consensus_2
CGGTTAAGTGCACGAA-1,True,CGGTTAAGTGCACGAA-1_contig_2,True,521,TRB,TRBV20-1,None,TRBJ2-1,TRBC2,True,True,CSARVGSEVNEQFF,TGCAGTGCTAGAGTGGGGTCGGAAGTCAATGAGCAGTTCTTC,1677,7,clonotype1,clonotype1_consensus_1
CGGTTAAGTTACGACT-1,True,CGGTTAAGTTACGACT-1_contig_1,True,521,TRB,TRBV20-1,None,TRBJ2-7,TRBC2,True,True,CSARDIVQAYEQYF,TGCAGTGCTAGAGATATCGTACAGGCCTACGAGCAGTACTTC,1468,10,clonotype1803,clonotype1803_consensus_1
CGGTTAAGTTACGACT-1,True,CGGTTAAGTTACGACT-1_contig_2,True,568,TRA,TRAV8-1,None,TRAJ34,TRAC,True,True,CAVRGNTDKLIF,TGTGCCGTGAGGGGGAACACCGACAAGCTCATCTTT,2180,10,clonotype1803,clonotype1803_consensus_2
CGGTTAATCAGGATCT-1,True,CGGTTAATCAGGATCT-1_contig_1,True,505,TRA,TRAV1-2,None,TRAJ33,TRAC,True,True,CAATDSNYQLIW,TGTGCTGCGACTGATAGCAACTATCAGTTAATCTGG,128,2,clonotype1,clonotype1_consensus_2
CGGTTAATCAGGATCT-1,True,CGGTTAATCAGGATCT-1_contig_2,True,498,TRB,TRBV20-1,None,TRBJ2-1,TRBC2,True,True,CSARVGSEVNEQFF,TGCAGTGCTAGAGTGGGGTCGGAAGTCAATGAGCAGTTCTTC,3243,11,clonotype1,clonotype1_consensus_1
CGGTTAATCCACGCAG-1,True,CGGTTAATCCACGCAG-1_contig_1,True,520,TRA,TRAV23/DV6,None,TRAJ52,TRAC,True,True,CAASMDAGGTSYGKLTF,TGTGCAGCAAGCATGGATGCTGGTGGTACTAGCTATGGAAAGCTGACATTT,603,3,clonotype1804,clonotype1804_consensus_1
CGGTTAATCCACGCAG-1,True,CGGTTAATCCACGCAG-1_contig_2,True,489,TRB,TRBV20-1,None,TRBJ1-1,TRBC1,True,True,CSAPQGRKAFF,TGCAGTGCTCCTCAGGGGAGAAAGGCTTTCTTT,1568,7,clonotype1804,clonotype1804_consensus_2
CGGTTAATCCACGCAG-1,True,CGGTTAATCCACGCAG-1_contig_3,True,391,TRB,None,None,TRBJ2-1,TRBC2,False,False,None,None,496,3,clonotype1804,None
CGGTTAATCCATGAAC-1,True,CGGTTAATCCATGAAC-1_contig_1,True,521,TRB,TRBV20-1,None,TRBJ1-4,TRBC1,True,True,CSARAEAADEKLFF,TGCAGTGCTAGAGCCGAGGCGGCGGATGAAAAACTGTTTTTT,4278,9,clonotype1805,clonotype1805_consensus_1
CGGTTAATCCATGAAC-1,True,CGGTTAATCCATGAAC-1_contig_2,True,453,TRA,TRAV6,None,TRAJ52,TRAC,True,False,CALRAGGTSYGKLTF,TGTGCTCTCCGCGCTGGTGGTACTAGCTATGGAAAGCTGACATTT,4325,4,clonotype1805,None
CGGTTAATCGGAAACG-1,True,CGGTTAATCGGAAACG-1_contig_1,True,521,TRB,TRBV20-1,None,TRBJ2-2,TRBC2,True,True,CSAREPGSTGELFF,TGCAGTGCTAGAGAGCCGGGGTCCACCGGGGAGCTGTTTTTT,3784,17,clonotype301,clonotype301_consensus_1
CGGTTAATCGGAAACG-1,True,CGGTTAATCGGAAACG-1_contig_2,True,506,TRA,TRAV13-2,None,TRAJ15,TRAC,True,True,CAERSAGTALIF,TGTGCAGAGCGCTCGGCAGGAACTGCTCTGATCTTT,7645,5,clonotype301,clonotype301_consensus_2
CGGTTAATCTCAACTT-1,True,CGGTTAATCTCAACTT-1_contig_1,True,505,TRA,TRAV1-2,None,TRAJ33,TRAC,True,True,CAATDSNYQLIW,TGTGCTGCGACTGATAGCAACTATCAGTTAATCTGG,907,6,clonotype1,clonotype1_consensus_2
CGGTTAATCTCAACTT-1,True,CGGTTAATCTCAACTT-1_contig_2,True,492,TRB,TRBV20-1,None,TRBJ2-1,TRBC2,True,True,CSARVGSEVNEQFF,TGCAGTGCTAGAGTGGGGTCGGAAGTCAATGAGCAGTTCTTC,2074,6,clonotype1,clonotype1_consensus_1
CGTAGCGAGAAAGTGG-1,True,CGTAGCGAGAAAGTGG-1_contig_1,True,505,TRA,TRAV1-2,None,TRAJ33,TRAC,True,True,CAATDSNYQLIW,TGTGCTGCGACTGATAGCAACTATCAGTTAATCTGG,513,2,clonotype1,clonotype1_consensus_2
CGTAGCGAGAAAGTGG-1,True,CGTAGCGAGAAAGTGG-1_contig_2,True,521,TRB,TRBV20-1,None,TRBJ2-1,TRBC2,True,True,CSARVGSEVNEQFF,TGCAGTGCTAGAGTGGGGTCGGAAGTCAATGAGCAGTTCTTC,1257,12,clonotype1,clonotype1_consensus_1
CGTAGCGAGAAAGTGG-1,True,CGTAGCGAGAAAGTGG-1_contig_3,True,470,TRA,TRAV10,None,TRAJ24,TRAC,True,False,None,None,671,4,clonotype1,None
CGTAGCGAGACTAAGT-1,True,CGTAGCGAGACTAAGT-1_contig_1,True,521,TRB,TRBV20-1,None,TRBJ2-1,TRBC2,True,True,CSASYGTGQNEQFF,TGCAGTGCCTCGTATGGGACAGGGCAAAATGAGCAGTTCTTC,1905,10,clonotype102,clonotype102_consensus_2
CGTAGCGAGACTAAGT-1,True,CGTAGCGAGACTAAGT-1_contig_2,True,501,TRA,TRAV6,None,TRAJ43,TRAC,True,True,CAPSNENNDMRF,TGTGCTCCCTCGAATGAGAACAATGACATGCGCTTT,1247,8,clonotype102,clonotype102_consensus_1
CGTAGCGAGAGCTATA-1,True,CGTAGCGAGAGCTATA-1_contig_1,True,502,TRA,TRAV1-2,None,TRAJ33,TRAC,True,True,CAATDSNYQLIW,TGTGCTGCGACTGATAGCAACTATCAGTTAATCTGG,167,2,clonotype1,clonotype1_consensus_2
CGTAGCGAGAGCTATA-1,True,CGTAGCGAGAGCTATA-1_contig_2,True,497,TRB,TRBV20-1,None,TRBJ2-1,TRBC2,True,True,CSARVGSEVNEQFF,TGCAGTGCTAGAGTGGGGTCGGAAGTCAATGAGCAGTTCTTC,725,9,clonotype1,clonotype1_consensus_1
CGTAGCGAGAGCTATA-1,True,CGTAGCGAGAGCTATA-1_contig_3,True,457,TRA,TRAV10,None,TRAJ24,TRAC,True,False,None,None,466,2,clonotype1,None
CGTAGCGAGTAAGTAC-1,True,CGTAGCGAGTAAGTAC-1_contig_1,True,503,TRA,TRAV1-2,None,TRAJ33,TRAC,True,True,CAATDSNYQLIW,TGTGCTGCGACTGATAGCAACTATCAGTTAATCTGG,298,5,clonotype1,clonotype1_consensus_2
CGTAGCGAGTAAGTAC-1,True,CGTAGCGAGTAAGTAC-1_contig_2,True,521,TRB,TRBV20-1,None,TRBJ2-1,TRBC2,True,True,CSARVGSEVNEQFF,TGCAGTGCTAGAGTGGGGTCGGAAGTCAATGAGCAGTTCTTC,549,2,clonotype1,clonotype1_consensus_1
CGTAGCGAGTTAGCGG-1,True,CGTAGCGAGTTAGCGG-1_contig_1,True,575,TRA,TRAV12-1,None,TRAJ54,TRAC,True,True,CVVNEAQGAQKLVF,TGTGTGGTGAACGAGGCTCAGGGAGCCCAGAAGCTGGTATTT,1163,6,clonotype1806,clonotype1806_consensus_1
CGTAGCGAGTTAGCGG-1,True,CGTAGCGAGTTAGCGG-1_contig_2,True,518,TRB,TRBV20-1,None,TRBJ2-5,TRBC2,True,True,CSASIWAGETQYF,TGCAGTGCTAGTATCTGGGCCGGGGAGACCCAGTACTTC,1775,7,clonotype1806,clonotype1806_consensus_2
CGTAGCGCAATCGAAA-1,True,CGTAGCGCAATCGAAA-1_contig_1,True,514,TRA,TRAV1-2,None,TRAJ15,TRAC,True,True,CAVRDRNQAGTALIF,TGTGCTGTGAGAGATCGCAACCAGGCAGGAACTGCTCTGATCTTT,1026,7,clonotype1807,clonotype1807_consensus_2
CGTAGCGCAATCGAAA-1,True,CGTAGCGCAATCGAAA-1_contig_2,True,497,TRA,TRAV4,None,TRAJ29,TRAC,True,True,CLVALRNSGNTPLVF,TGCCTCGTGGCCCTTCGGAATTCAGGAAACACACCTCTTGTCTTT,1236,5,clonotype1807,clonotype1807_consensus_1
CGTAGCGCAATCGAAA-1,True,CGTAGCGCAATCGAAA-1_contig_3,True,499,TRB,TRBV5-6,None,TRBJ2-1,TRBC2,True,True,CASSFGLQSSSYNEQFF,TGTGCCAGCAGCTTTGGCCTACAATCGAGCTCCTACAATGAGCAGTTCTTC,721,6,clonotype1807,clonotype1807_consensus_3
CGTAGCGCAATCGAAA-1,True,CGTAGCGCAATCGAAA-1_contig_4,True,481,TRB,TRBV21-1,None,TRBJ2-1,TRBC2,True,False,CQQQRSVGGGDEQFF,TGCCAGCAGCAAAGATCTGTAGGGGGGGGCGATGAGCAGTTCTTC,708,2,clonotype1807,None
CGTAGCGCACCCAGTG-1,True,CGTAGCGCACCCAGTG-1_contig_1,True,524,TRB,TRBV20-1,None,TRBJ1-2,TRBC1,True,True,CSARDSADGNYGYTF,TGCAGTGCTAGAGATTCTGCGGACGGGAACTATGGCTACACCTTC,185,2,clonotype1808,clonotype1808_consensus_2
CGTAGCGCACCCAGTG-1,True,CGTAGCGCACCCAGTG-1_contig_2,True,501,TRA,TRAV12-1,None,TRAJ41,TRAC,True,True,CVVIRSGYALNF,TGTGTGGTGATCCGTTCCGGGTATGCACTCAACTTC,619,1,clonotype1808,clonotype1808_consensus_1
CGTAGCGCACCCAGTG-1,True,CGTAGCGCACCCAGTG-1_contig_3,True,413,TRA,TRAV6,None,TRAJ35,TRAC,True,False,None,None,607,1,clonotype1808,None
CGTAGCGCACCCATGG-1,True,CGTAGCGCACCCATGG-1_contig_1,True,511,TRA,TRAV23/DV6,None,TRAJ41,TRAC,True,True,CAASRENSGYALNF,TGTGCAGCAAGCAGGGAGAATTCCGGGTATGCACTCAACTTC,814,4,clonotype1809,clonotype1809_consensus_2
CGTAGCGCACCCATGG-1,True,CGTAGCGCACCCATGG-1_contig_2,True,521,TRB,TRBV20-1,None,TRBJ1-6,TRBC1,True,True,CSAYTGVYNSPLHF,TGCAGTGCTTACACAGGGGTCTACAATTCACCCCTCCACTTT,3204,12,clonotype1809,clonotype1809_consensus_1
CGTAGCGCAGACGCTC-1,True,CGTAGCGCAGACGCTC-1_contig_1,True,462,TRA,TRAV13-1,None,TRAJ20,TRAC,True,True,CAAMPFSNDYKLSF,TGTGCAGCGATGCCCTTTTCTAACGACTACAAGCTCAGCTTT,1546,4,clonotype1810,clonotype1810_consensus_2
CGTAGCGCAGACGCTC-1,True,CGTAGCGCAGACGCTC-1_contig_2,True,521,TRB,TRBV20-1,None,TRBJ2-7,TRBC2,True,True,CSVTDRGNTYEQYF,TGCAGTGTAACAGACAGGGGGAATACCTACGAGCAGTACTTC,1190,6,clonotype1810,clonotype1810_consensus_1
CGTAGCGCAGACGCTC-1,True,CGTAGCGCAGACGCTC-1_contig_3,True,324,TRB,None,None,TRBJ2-3,TRBC2,False,False,None,None,963,3,clonotype1810,None
CGTAGCGCAGCTCCGA-1,True,CGTAGCGCAGCTCCGA-1_contig_1,True,505,TRA,TRAV1-2,None,TRAJ33,TRAC,True,True,CAATDSNYQLIW,TGTGCTGCGACTGATAGCAACTATCAGTTAATCTGG,568,3,clonotype1,clonotype1_consensus_2
CGTAGCGCAGCTCCGA-1,True,CGTAGCGCAGCTCCGA-1_contig_2,True,521,TRB,TRBV20-1,None,TRBJ2-1,TRBC2,True,True,CSARVGSEVNEQFF,TGCAGTGCTAGAGTGGGGTCGGAAGTCAATGAGCAGTTCTTC,1571,6,clonotype1,clonotype1_consensus_1
CGTAGCGCATTAACCG-1,True,CGTAGCGCATTAACCG-1_contig_1,True,505,TRA,TRAV1-2,None,TRAJ33,TRAC,True,True,CAATDSNYQLIW,TGTGCTGCGACTGATAGCAACTATCAGTTAATCTGG,539,4,clonotype1,clonotype1_consensus_2
CGTAGCGCATTAACCG-1,True,CGTAGCGCATTAACCG-1_contig_2,True,521,TRB,TRBV20-1,None,TRBJ2-1,TRBC2,True,True,CSARVGSEVNEQFF,TGCAGTGCTAGAGTGGGGTCGGAAGTCAATGAGCAGTTCTTC,1294,8,clonotype1,clonotype1_consensus_1
CGTAGCGCATTCGACA-1,True,CGTAGCGCATTCGACA-1_contig_1,True,495,TRB,TRBV20-1,None,TRBJ1-1,TRBC1,True,True,CSAAGTGDTEAFF,TGCAGTGCTGCCGGGACAGGGGACACTGAAGCTTTCTTT,1654,10,clonotype1811,clonotype1811_consensus_1
CGTAGCGCATTCGACA-1,True,CGTAGCGCATTCGACA-1_contig_2,True,505,TRA,TRAV1-2,None,TRAJ33,TRAC,True,True,CAVMDSNYQLIW,TGTGCTGTTATGGATAGCAACTATCAGTTAATCTGG,1381,7,clonotype1811,clonotype1811_consensus_2
CGTAGCGCATTGCGGC-1,True,CGTAGCGCATTGCGGC-1_contig_1,True,501,TRB,TRBV20-1,None,TRBJ2-1,TRBC2,True,True,CSATDLVIIQTEQFF,TGCAGTGCTACAGACTTAGTTATTATACAGACTGAGCAGTTCTTC,4921,16,clonotype1812,clonotype1812_consensus_2
CGTAGCGCATTGCGGC-1,True,CGTAGCGCATTGCGGC-1_contig_2,True,515,TRA,TRAV21,None,TRAJ47,TRAC,True,True,CAVKKYGNKLVF,TGTGCTGTGAAGAAATATGGAAACAAACTGGTCTTT,1472,6,clonotype1812,clonotype1812_consensus_1
CGTAGCGGTGTTCTTT-1,True,CGTAGCGGTGTTCTTT-1_contig_1,True,505,TRA,TRAV1-2,None,TRAJ33,TRAC,True,True,CAATDSNYQLIW,TGTGCTGCGACTGATAGCAACTATCAGTTAATCTGG,1633,8,clonotype1,clonotype1_consensus_2
CGTAGCGGTGTTCTTT-1,True,CGTAGCGGTGTTCTTT-1_contig_2,True,498,TRB,TRBV20-1,None,TRBJ2-1,TRBC2,True,True,CSARVGSEVNEQFF,TGCAGTGCTAGAGTGGGGTCGGAAGTCAATGAGCAGTTCTTC,1023,7,clonotype1,clonotype1_consensus_1
CGTAGCGTCAGCGACC-1,True,CGTAGCGTCAGCGACC-1_contig_1,True,518,TRB,TRBV20-1,None,TRBJ1-5,TRBC1,True,True,CSAESRRGQPQHF,TGCAGTGCGGAGTCCAGGAGGGGTCAGCCCCAGCATTTT,3538,15,clonotype1813,clonotype1813_consensus_2
CGTAGCGTCAGCGACC-1,True,CGTAGCGTCAGCGACC-1_contig_2,True,541,TRA,TRAV12-2,None,TRAJ31,TRAC,True,True,CAVNGNNARLMF,TGTGCCGTGAACGGGAACAATGCCAGACTCATGTTT,463,3,clonotype1813,clonotype1813_consensus_3
CGTAGCGTCAGCGACC-1,True,CGTAGCGTCAGCGACC-1_contig_3,True,501,TRA,TRAV6,None,TRAJ43,TRAC,True,True,CALDKLIRDMRF,TGTGCTCTAGACAAATTGATCCGTGACATGCGCTTT,875,5,clonotype1813,clonotype1813_consensus_1
CGTAGCGTCCACGTTC-1,True,CGTAGCGTCCACGTTC-1_contig_1,True,505,TRA,TRAV1-2,None,TRAJ33,TRAC,True,True,CAATDSNYQLIW,TGTGCTGCGACTGATAGCAACTATCAGTTAATCTGG,604,3,clonotype1,clonotype1_consensus_2
CGTAGCGTCCACGTTC-1,True,CGTAGCGTCCACGTTC-1_contig_2,True,521,TRB,TRBV20-1,None,TRBJ2-1,TRBC2,True,True,CSARVGSEVNEQFF,TGCAGTGCTAGAGTGGGGTCGGAAGTCAATGAGCAGTTCTTC,2104,7,clonotype1,clonotype1_consensus_1
CGTAGCGTCCATGAGT-1,True,CGTAGCGTCCATGAGT-1_contig_1,True,492,TRB,TRBV20-1,None,TRBJ2-3,TRBC2,True,True,CSARDINRRQYF,TGCAGTGCTAGGGACATAAACCGCCGTCAGTATTTT,7616,11,clonotype1814,clonotype1814_consensus_2
CGTAGCGTCCATGAGT-1,True,CGTAGCGTCCATGAGT-1_contig_2,True,588,TRA,TRAV30,None,TRAJ31,TRAC,True,True,CGTEASGNNARLMF,TGTGGCACAGAGGCTAGCGGTAACAATGCCAGACTCATGTTT,388,6,clonotype1814,clonotype1814_consensus_1
CGTAGCGTCGGAATCT-1,True,CGTAGCGTCGGAATCT-1_contig_1,True,502,TRA,TRAV1-2,None,TRAJ30,TRAC,True,True,CAVRDLREIIF,TGTGCTGTGAGAGATCTTCGGGAGATCATCTTT,526,7,clonotype28,clonotype28_consensus_3
CGTAGCGTCGGAATCT-1,True,CGTAGCGTCGGAATCT-1_contig_2,True,495,TRB,TRBV5-5,None,TRBJ1-4,TRBC1,True,True,CASSHPGPNYATNEKLFF,TGTGCCAGCAGCCATCCCGGACCGAACTACGCAACTAATGAAAAACTGTTTTTT,2695,9,clonotype28,clonotype28_consensus_1
CGTAGCGTCGGAATCT-1,True,CGTAGCGTCGGAATCT-1_contig_3,True,521,TRB,TRBV20-1,None,TRBJ2-1,TRBC2,True,True,CSARVGSEVNEQFF,TGCAGTGCTAGAGTGGGGTCGGAAGTCAATGAGCAGTTCTTC,419,2,clonotype28,clonotype28_consensus_2
CGTAGCGTCGGAATCT-1,True,CGTAGCGTCGGAATCT-1_contig_4,True,472,TRB,TRBV7-3,None,TRBJ2-1,TRBC2,True,False,CQQRSLKAGGPYNEQFF,TGCCAGCAGCGGTCACTTAAAGCGGGGGGACCCTACAATGAGCAGTTCTTC,264,1,clonotype28,None
CGTAGGCAGATAGGAG-1,True,CGTAGGCAGATAGGAG-1_contig_1,True,521,TRB,TRBV20-1,None,TRBJ2-1,TRBC2,True,True,CSARVGSEVNEQFF,TGCAGTGCTAGAGTGGGGTCGGAAGTCAATGAGCAGTTCTTC,1337,7,clonotype2,clonotype2_consensus_1
CGTAGGCAGATAGGAG-1,True,CGTAGGCAGATAGGAG-1_contig_2,True,482,TRA,TRAV10,None,TRAJ24,TRAC,True,False,None,None,171,2,clonotype2,None
CGTAGGCAGCCTCGTG-1,True,CGTAGGCAGCCTCGTG-1_contig_1,True,505,TRA,TRAV1-2,None,TRAJ33,TRAC,True,True,CAATDSNYQLIW,TGTGCTGCGACTGATAGCAACTATCAGTTAATCTGG,164,3,clonotype1,clonotype1_consensus_2
CGTAGGCAGCCTCGTG-1,True,CGTAGGCAGCCTCGTG-1_contig_2,True,521,TRB,TRBV20-1,None,TRBJ2-1,TRBC2,True,True,CSARVGSEVNEQFF,TGCAGTGCTAGAGTGGGGTCGGAAGTCAATGAGCAGTTCTTC,1510,7,clonotype1,clonotype1_consensus_1
CGTAGGCAGCTAACTC-1,True,CGTAGGCAGCTAACTC-1_contig_1,True,505,TRA,TRAV1-2,None,TRAJ33,TRAC,True,True,CAATDSNYQLIW,TGTGCTGCGACTGATAGCAACTATCAGTTAATCTGG,256,2,clonotype1,clonotype1_consensus_2
CGTAGGCAGCTAACTC-1,True,CGTAGGCAGCTAACTC-1_contig_2,True,492,TRB,TRBV20-1,None,TRBJ2-1,TRBC2,True,True,CSARVGSEVNEQFF,TGCAGTGCTAGAGTGGGGTCGGAAGTCAATGAGCAGTTCTTC,1635,7,clonotype1,clonotype1_consensus_1
CGTAGGCAGTTAGGTA-1,True,CGTAGGCAGTTAGGTA-1_contig_1,True,498,TRB,TRBV20-1,None,TRBJ2-1,TRBC2,True,True,CSARVGSEVNEQFF,TGCAGTGCTAGAGTGGGGTCGGAAGTCAATGAGCAGTTCTTC,1241,7,clonotype2,clonotype2_consensus_1
CGTAGGCAGTTGTAGA-1,True,CGTAGGCAGTTGTAGA-1_contig_1,True,505,TRA,TRAV1-2,None,TRAJ33,TRAC,True,True,CAATDSNYQLIW,TGTGCTGCGACTGATAGCAACTATCAGTTAATCTGG,181,3,clonotype1,clonotype1_consensus_2
CGTAGGCAGTTGTAGA-1,True,CGTAGGCAGTTGTAGA-1_contig_2,True,521,TRB,TRBV20-1,None,TRBJ2-1,TRBC2,True,True,CSARVGSEVNEQFF,TGCAGTGCTAGAGTGGGGTCGGAAGTCAATGAGCAGTTCTTC,2082,11,clonotype1,clonotype1_consensus_1
CGTAGGCCACATGTGT-1,True,CGTAGGCCACATGTGT-1_contig_1,True,505,TRA,TRAV1-2,None,TRAJ33,TRAC,True,True,CAATDSNYQLIW,TGTGCTGCGACTGATAGCAACTATCAGTTAATCTGG,142,2,clonotype1,clonotype1_consensus_2
CGTAGGCCACATGTGT-1,True,CGTAGGCCACATGTGT-1_contig_2,True,521,TRB,TRBV20-1,None,TRBJ2-1,TRBC2,True,True,CSARVGSEVNEQFF,TGCAGTGCTAGAGTGGGGTCGGAAGTCAATGAGCAGTTCTTC,1223,7,clonotype1,clonotype1_consensus_1
CGTAGGCCACGAGAGT-1,True,CGTAGGCCACGAGAGT-1_contig_1,True,471,TRA,TRAV38-1,None,TRAJ26,TRAC,True,True,CAFTSYGQNFVF,TGTGCTTTCACCTCATATGGTCAGAATTTTGTCTTT,315,3,clonotype14,clonotype14_consensus_1
CGTAGGCCACGAGAGT-1,True,CGTAGGCCACGAGAGT-1_contig_2,True,518,TRB,TRBV20-1,None,TRBJ2-3,TRBC2,True,True,CSARPDTSTDTQYF,TGCAGTGCCCGTCCTGATACTAGCACAGATACGCAGTATTTT,583,4,clonotype14,clonotype14_consensus_2
CGTAGGCCAGGTTTCA-1,True,CGTAGGCCAGGTTTCA-1_contig_1,True,499,TRA,TRAV1-1,None,TRAJ24,TRAC,True,True,CAVRGGTTDSWGKLQF,TGCGCTGTGCGGGGAGGGACAACTGACAGCTGGGGGAAATTGCAGTTT,3233,14,clonotype1815,clonotype1815_consensus_2
CGTAGGCCAGGTTTCA-1,True,CGTAGGCCAGGTTTCA-1_contig_2,True,505,TRB,TRBV5-5,None,TRBJ1-1,TRBC1,True,True,CASSPGTGNTEAFF,TGTGCCAGCAGTCCCGGGACAGGGAACACTGAAGCTTTCTTT,3131,9,clonotype1815,clonotype1815_consensus_1
CGTAGGCCAGTTCCCT-1,True,CGTAGGCCAGTTCCCT-1_contig_1,True,514,TRA,TRAV1-2,None,TRAJ27,TRAC,True,True,CAVRVSNTNAGKSTF,TGTGCTGTGAGAGTTTCCAACACCAATGCAGGCAAATCAACCTTT,953,4,clonotype1816,clonotype1816_consensus_1
CGTAGGCCAGTTCCCT-1,True,CGTAGGCCAGTTCCCT-1_contig_2,True,512,TRB,TRBV20-1,None,TRBJ2-5,TRBC2,True,True,CSARYQETQYF,TGCAGTGCTAGATACCAAGAGACCCAGTACTTC,1704,6,clonotype1816,clonotype1816_consensus_2
CGTAGGCCAGTTCCCT-1,True,CGTAGGCCAGTTCCCT-1_contig_3,True,467,TRB,TRBV21-1,None,TRBJ2-7,TRBC2,True,False,CASTGSCEQYF,TGTGCCAGCACCGGCAGCTGCGAGCAGTACTTC,202,4,clonotype1816,None
CGTAGGCCAGTTCCCT-1,True,CGTAGGCCAGTTCCCT-1_contig_4,True,454,TRA,TRAV2,None,TRAJ16,TRAC,True,False,CCLLLCCPGRRSDGQKLLF,TGCTGTTTACTACTGTGCTGCCCCGGGAGGCGGTCAGATGGCCAGAAGCTGCTCTTT,638,3,clonotype1816,None
CGTAGGCGTACAGACG-1,True,CGTAGGCGTACAGACG-1_contig_1,True,637,TRB,TRBV5-5,None,TRBJ1-5,TRBC1,True,True,CASSLLENQPQHF,TGTGCCAGCAGCTTGCTGGAGAATCAGCCCCAGCATTTT,821,4,clonotype302,clonotype302_consensus_2
CGTAGGCGTACAGACG-1,True,CGTAGGCGTACAGACG-1_contig_2,True,492,TRA,TRAV9-2,None,TRAJ48,TRAC,True,True,CALSMGGNEKLTF,TGTGCTCTGAGTATGGGGGGAAATGAGAAATTAACCTTT,174,2,clonotype302,clonotype302_consensus_3
CGTAGGCGTACAGACG-1,True,CGTAGGCGTACAGACG-1_contig_3,True,472,TRB,TRBV2,None,TRBJ1-5,TRBC1,True,True,CASNKLGYQPQHF,TGTGCCAGCAACAAACTGGGGTATCAGCCCCAGCATTTT,2369,10,clonotype302,clonotype302_consensus_1
CGTAGGCGTACAGACG-1,True,CGTAGGCGTACAGACG-1_contig_4,True,365,TRA,None,None,TRAJ26,TRAC,False,False,None,None,262,2,clonotype302,None
CGTAGGCGTACCGTAT-1,True,CGTAGGCGTACCGTAT-1_contig_1,True,505,TRA,TRAV1-2,None,TRAJ33,TRAC,True,True,CAATDSNYQLIW,TGTGCTGCGACTGATAGCAACTATCAGTTAATCTGG,383,2,clonotype1,clonotype1_consensus_2
CGTAGGCGTACCGTAT-1,True,CGTAGGCGTACCGTAT-1_contig_2,True,521,TRB,TRBV20-1,None,TRBJ2-1,TRBC2,True,True,CSARVGSEVNEQFF,TGCAGTGCTAGAGTGGGGTCGGAAGTCAATGAGCAGTTCTTC,1757,10,clonotype1,clonotype1_consensus_1
CGTAGGCGTAGGGTAC-1,True,CGTAGGCGTAGGGTAC-1_contig_1,True,515,TRB,TRBV20-1,None,TRBJ1-1,TRBC1,True,True,CSARDTVHGAFF,TGCAGTGCTAGAGATACGGTCCATGGGGCTTTCTTT,2309,11,clonotype1817,clonotype1817_consensus_1
CGTAGGCGTAGGGTAC-1,True,CGTAGGCGTAGGGTAC-1_contig_2,True,425,TRA,TRAV35,None,TRAJ33,TRAC,True,False,CAGQIPDSNYQLIW,TGTGCTGGGCAGATCCCGGATAGCAACTATCAGTTAATCTGG,66,1,clonotype1817,None
CGTAGGCGTCACCCAG-1,True,CGTAGGCGTCACCCAG-1_contig_1,True,518,TRB,TRBV20-1,None,TRBJ1-2,TRBC1,True,True,CSARGGGSLGYTF,TGCAGTGCTAGAGGGGGAGGGTCGCTCGGCTACACCTTC,1311,6,clonotype106,clonotype106_consensus_2
CGTAGGCGTCACCCAG-1,True,CGTAGGCGTCACCCAG-1_contig_2,True,511,TRA,TRAV23/DV6,None,TRAJ22,TRAC,True,True,CAASKGGSARQLTF,TGTGCAGCAAGCAAAGGTGGTTCTGCAAGGCAACTGACCTTT,1114,5,clonotype106,clonotype106_consensus_1
CGTAGGCGTCACCCAG-1,True,CGTAGGCGTCACCCAG-1_contig_3,True,319,TRB,None,None,TRBJ1-5,TRBC1,False,False,None,None,994,4,clonotype106,None
CGTAGGCGTGATGATA-1,True,CGTAGGCGTGATGATA-1_contig_1,True,565,TRA,TRAV41,None,TRAJ48,TRAC,True,True,CAVKDGNEKLTF,TGTGCTGTCAAGGATGGAAATGAGAAATTAACCTTT,420,2,clonotype1818,clonotype1818_consensus_2
CGTAGGCGTGATGATA-1,True,CGTAGGCGTGATGATA-1_contig_2,True,512,TRA,TRAV27,None,TRAJ49,TRAC,True,True,CAGGNTGNQFYF,TGTGCAGGGGGCAACACCGGTAACCAGTTCTATTTT,713,3,clonotype1818,clonotype1818_consensus_1
CGTAGGCGTTAAGATG-1,True,CGTAGGCGTTAAGATG-1_contig_1,True,551,TRA,TRAV26-1,None,TRAJ49,TRAC,True,True,CIETLPGNQFYF,TGCATCGAGACGCTGCCCGGTAACCAGTTCTATTTT,1142,6,clonotype1819,clonotype1819_consensus_2
CGTAGGCGTTAAGATG-1,True,CGTAGGCGTTAAGATG-1_contig_2,True,567,TRA,TRAV8-4,None,TRAJ54,TRAC,True,True,CAVSDGGAQKLVF,TGTGCTGTGAGTGACGGGGGAGCCCAGAAGCTGGTATTT,1357,9,clonotype1819,clonotype1819_consensus_1
CGTAGGCGTTAAGATG-1,True,CGTAGGCGTTAAGATG-1_contig_3,True,521,TRB,TRBV20-1,None,TRBJ2-3,TRBC2,True,True,CSALDLDRADTQYF,TGCAGTGCTTTAGATTTAGACAGAGCAGATACGCAGTATTTT,3099,17,clonotype1819,clonotype1819_consensus_3
CGTAGGCTCAGAAATG-1,True,CGTAGGCTCAGAAATG-1_contig_1,True,505,TRA,TRAV1-2,None,TRAJ33,TRAC,True,True,CAATDSNYQLIW,TGTGCTGCGACTGATAGCAACTATCAGTTAATCTGG,1150,7,clonotype1,clonotype1_consensus_2
CGTAGGCTCAGAAATG-1,True,CGTAGGCTCAGAAATG-1_contig_2,True,498,TRB,TRBV20-1,None,TRBJ2-1,TRBC2,True,True,CSARVGSEVNEQFF,TGCAGTGCTAGAGTGGGGTCGGAAGTCAATGAGCAGTTCTTC,2050,9,clonotype1,clonotype1_consensus_1
CGTAGGCTCAGAAATG-1,True,CGTAGGCTCAGAAATG-1_contig_3,True,482,TRA,TRAV10,None,TRAJ24,TRAC,True,False,None,None,248,5,clonotype1,None
CGTAGGCTCCAACCAA-1,True,CGTAGGCTCCAACCAA-1_contig_1,True,506,TRA,TRAV17,None,TRAJ39,TRAC,True,True,CATAINNAGNMLTF,TGTGCTACGGCCATTAATAATGCAGGCAACATGCTCACCTTT,1017,7,clonotype1820,clonotype1820_consensus_1
CGTAGGCTCCAACCAA-1,True,CGTAGGCTCCAACCAA-1_contig_2,True,492,TRB,TRBV20-1,None,TRBJ1-6,TRBC1,True,True,CSARERQISSPLHF,TGCAGTGCTAGAGAAAGACAGATAAGTTCACCCCTCCACTTT,1275,7,clonotype1820,clonotype1820_consensus_2
CGTAGGCTCCCTAACC-1,True,CGTAGGCTCCCTAACC-1_contig_1,True,504,TRB,TRBV20-1,None,TRBJ1-6,TRBC1,True,True,CSASTWERGLGSPLHF,TGCAGTGCTAGCACTTGGGAGAGGGGGCTAGGGTCACCCCTCCACTTT,9210,5,clonotype1821,clonotype1821_consensus_1
CGTAGGCTCCCTAACC-1,True,CGTAGGCTCCCTAACC-1_contig_2,True,618,TRA,TRAV3,None,TRAJ39,TRAC,True,True,CAVRDDNAGNMLTF,TGTGCTGTGAGAGACGATAATGCAGGCAACATGCTCACCTTT,1066,3,clonotype1821,clonotype1821_consensus_2
CGTAGGCTCCCTAACC-1,True,CGTAGGCTCCCTAACC-1_contig_3,True,460,TRA,TRAV13-1,None,TRAJ31,TRAC,True,False,None,None,385,2,clonotype1821,None
CGTAGGCTCCCTAACC-1,True,CGTAGGCTCCCTAACC-1_contig_4,True,306,TRB,None,None,TRBJ1-1,TRBC1,False,False,None,None,1658,4,clonotype1821,None
CGTAGGCTCCGCGTTT-1,True,CGTAGGCTCCGCGTTT-1_contig_1,True,505,TRA,TRAV1-2,None,TRAJ33,TRAC,True,True,CAATDSNYQLIW,TGTGCTGCGACTGATAGCAACTATCAGTTAATCTGG,554,3,clonotype1,clonotype1_consensus_2
CGTAGGCTCCGCGTTT-1,True,CGTAGGCTCCGCGTTT-1_contig_2,True,492,TRB,TRBV20-1,None,TRBJ2-1,TRBC2,True,True,CSARVGSEVNEQFF,TGCAGTGCTAGAGTGGGGTCGGAAGTCAATGAGCAGTTCTTC,1317,6,clonotype1,clonotype1_consensus_1
CGTAGGCTCCGCGTTT-1,True,CGTAGGCTCCGCGTTT-1_contig_3,True,494,TRA,TRAV10,None,TRAJ24,TRAC,True,False,None,None,442,2,clonotype1,None
CGTAGGCTCGGCCGAT-1,True,CGTAGGCTCGGCCGAT-1_contig_1,True,502,TRA,TRAV1-2,None,TRAJ30,TRAC,True,True,CAVRDLREIIF,TGTGCTGTGAGAGATCTTCGGGAGATCATCTTT,194,2,clonotype3,clonotype3_consensus_2
CGTAGGCTCGGCCGAT-1,True,CGTAGGCTCGGCCGAT-1_contig_2,True,519,TRB,TRBV5-5,None,TRBJ1-4,TRBC1,True,True,CASSHPGPNYATNEKLFF,TGTGCCAGCAGCCATCCCGGACCGAACTACGCAACTAATGAAAAACTGTTTTTT,1352,7,clonotype3,clonotype3_consensus_1
CGTAGGCTCGGCCGAT-1,True,CGTAGGCTCGGCCGAT-1_contig_3,True,312,TRB,None,None,TRBJ2-4,TRBC2,False,False,None,None,757,1,clonotype3,None
CGTAGGCTCGGCCGAT-1,True,CGTAGGCTCGGCCGAT-1_contig_4,True,510,TRB,TRBV7-3,None,TRBJ2-1,TRBC2,True,False,CQQRSLKAGGPYNEQFF,TGCCAGCAGCGGTCACTTAAAGCGGGGGGACCCTACAATGAGCAGTTCTTC,110,1,clonotype3,None
CGTCACTAGACTTTCG-1,True,CGTCACTAGACTTTCG-1_contig_1,True,505,TRA,TRAV1-2,None,TRAJ33,TRAC,True,True,CAATDSNYQLIW,TGTGCTGCGACTGATAGCAACTATCAGTTAATCTGG,1087,5,clonotype1,clonotype1_consensus_2
CGTCACTAGACTTTCG-1,True,CGTCACTAGACTTTCG-1_contig_2,True,521,TRB,TRBV20-1,None,TRBJ2-1,TRBC2,True,True,CSARVGSEVNEQFF,TGCAGTGCTAGAGTGGGGTCGGAAGTCAATGAGCAGTTCTTC,385,7,clonotype1,clonotype1_consensus_1
CGTCACTAGACTTTCG-1,True,CGTCACTAGACTTTCG-1_contig_3,True,456,TRA,TRAV10,None,TRAJ24,TRAC,True,False,None,None,348,2,clonotype1,None
CGTCACTAGAGGTACC-1,True,CGTCACTAGAGGTACC-1_contig_1,True,732,TRB,TRBV5-6,None,TRBJ1-2,TRBC1,True,True,CASTWRGGGGYTF,TGTGCCAGCACCTGGCGCGGGGGCGGGGGCTACACCTTC,1408,8,clonotype297,clonotype297_consensus_2
CGTCACTAGAGGTACC-1,True,CGTCACTAGAGGTACC-1_contig_2,True,612,TRA,TRAV3,None,TRAJ33,TRAC,True,True,CAVRDSNYQLIW,TGTGCTGTGAGAGATAGCAACTATCAGTTAATCTGG,1138,5,clonotype297,clonotype297_consensus_1
CGTCACTAGCTAACAA-1,True,CGTCACTAGCTAACAA-1_contig_1,True,703,TRB,TRBV5-6,None,TRBJ1-1,TRBC1,True,True,CASSYTENTEAFF,TGTGCCAGCAGCTATACAGAGAACACTGAAGCTTTCTTT,2271,7,clonotype1822,clonotype1822_consensus_1
CGTCACTAGCTAGTTC-1,True,CGTCACTAGCTAGTTC-1_contig_1,True,501,TRB,TRBV20-1,None,TRBJ2-3,TRBC2,True,True,CSATIPQGSTDTQYF,TGCAGTGCTACTATCCCACAGGGTTCCACAGATACGCAGTATTTT,7301,7,clonotype138,clonotype138_consensus_1
CGTCACTAGCTAGTTC-1,True,CGTCACTAGCTAGTTC-1_contig_2,True,492,TRA,TRAV9-2,None,TRAJ4,TRAC,True,True,CALRVGGYNKLIF,TGTGCTCTGAGGGTTGGTGGCTACAATAAGCTGATTTTT,1089,6,clonotype138,clonotype138_consensus_2
CGTCACTAGCTAGTTC-1,True,CGTCACTAGCTAGTTC-1_contig_3,True,577,TRB,TRBV9,None,TRBJ2-6,None,True,False,CASSVVQVRGGRPSTSGQ,TGTGCCAGCAGCGTAGTCCAGGTCAGGGGGGGGAGACCCAGTACTTCGGGCCAG,498,2,clonotype138,None
CGTCACTAGCTCCTCT-1,True,CGTCACTAGCTCCTCT-1_contig_1,True,505,TRA,TRAV1-2,None,TRAJ33,TRAC,True,True,CAATDSNYQLIW,TGTGCTGCGACTGATAGCAACTATCAGTTAATCTGG,936,5,clonotype1,clonotype1_consensus_2
CGTCACTAGCTCCTCT-1,True,CGTCACTAGCTCCTCT-1_contig_2,True,495,TRB,TRBV20-1,None,TRBJ2-1,TRBC2,True,True,CSARVGSEVNEQFF,TGCAGTGCTAGAGTGGGGTCGGAAGTCAATGAGCAGTTCTTC,1313,8,clonotype1,clonotype1_consensus_1
CGTCACTAGGGCACTA-1,True,CGTCACTAGGGCACTA-1_contig_1,True,515,TRB,TRBV20-1,None,TRBJ2-5,TRBC2,True,True,CSASGSQETQYF,TGCAGTGCTAGCGGGTCCCAAGAGACCCAGTACTTC,2124,6,clonotype1823,clonotype1823_consensus_2
CGTCACTAGGGCACTA-1,True,CGTCACTAGGGCACTA-1_contig_2,True,511,TRA,TRAV23/DV6,None,TRAJ29,TRAC,True,True,CAAGLNSGNTPLVF,TGTGCAGCGGGCCTTAATTCAGGAAACACACCTCTTGTCTTT,737,5,clonotype1823,clonotype1823_consensus_1
CGTCACTAGGGCTCTC-1,True,CGTCACTAGGGCTCTC-1_contig_1,True,517,TRA,TRAV26-1,None,TRAJ17,TRAC,True,True,CIVKAAGNKLTF,TGCATCGTCAAAGCTGCAGGCAACAAGCTAACTTTT,995,5,clonotype1824,clonotype1824_consensus_1
CGTCACTAGGGCTCTC-1,True,CGTCACTAGGGCTCTC-1_contig_2,True,530,TRB,TRBV20-1,None,TRBJ1-5,TRBC1,True,True,CSARTIQTGASNQPQHF,TGCAGTGCCCGCACCATTCAGACAGGGGCGTCGAATCAGCCCCAGCATTTT,1963,9,clonotype1824,clonotype1824_consensus_2
CGTCACTAGTAGGCCA-1,True,CGTCACTAGTAGGCCA-1_contig_1,True,505,TRA,TRAV1-2,None,TRAJ33,TRAC,True,True,CAATDSNYQLIW,TGTGCTGCGACTGATAGCAACTATCAGTTAATCTGG,1240,6,clonotype1,clonotype1_consensus_2
CGTCACTAGTAGGCCA-1,True,CGTCACTAGTAGGCCA-1_contig_2,True,492,TRB,TRBV20-1,None,TRBJ2-1,TRBC2,True,True,CSARVGSEVNEQFF,TGCAGTGCTAGAGTGGGGTCGGAAGTCAATGAGCAGTTCTTC,2146,10,clonotype1,clonotype1_consensus_1
CGTCACTAGTCTCAAC-1,True,CGTCACTAGTCTCAAC-1_contig_1,True,505,TRA,TRAV1-2,None,TRAJ33,TRAC,True,True,CAATDSNYQLIW,TGTGCTGCGACTGATAGCAACTATCAGTTAATCTGG,1233,5,clonotype1,clonotype1_consensus_2
CGTCACTAGTCTCAAC-1,True,CGTCACTAGTCTCAAC-1_contig_2,True,498,TRB,TRBV20-1,None,TRBJ2-1,TRBC2,True,True,CSARVGSEVNEQFF,TGCAGTGCTAGAGTGGGGTCGGAAGTCAATGAGCAGTTCTTC,2507,9,clonotype1,clonotype1_consensus_1
CGTCACTAGTCTCAAC-1,True,CGTCACTAGTCTCAAC-1_contig_3,True,463,TRA,TRAV10,None,TRAJ24,TRAC,True,False,None,None,105,2,clonotype1,None
CGTCACTCAACTGGCC-1,True,CGTCACTCAACTGGCC-1_contig_1,True,521,TRB,TRBV20-1,None,TRBJ2-3,TRBC2,True,True,CSANRGRDTDTQYF,TGCAGTGCTAACAGGGGTCGGGACACAGATACGCAGTATTTT,1895,8,clonotype1825,clonotype1825_consensus_2
CGTCACTCAACTGGCC-1,True,CGTCACTCAACTGGCC-1_contig_2,True,568,TRA,TRAV29/DV5,None,TRAJ12,TRAC,True,True,CAAGGDSSYKLIF,TGTGCAGCGGGGGGGGATAGCAGCTATAAATTGATCTTC,738,4,clonotype1825,clonotype1825_consensus_1
CGTCACTCAAGGCTCC-1,True,CGTCACTCAAGGCTCC-1_contig_1,True,505,TRA,TRAV1-2,None,TRAJ33,TRAC,True,True,CAATDSNYQLIW,TGTGCTGCGACTGATAGCAACTATCAGTTAATCTGG,378,3,clonotype1,clonotype1_consensus_2
CGTCACTCAAGGCTCC-1,True,CGTCACTCAAGGCTCC-1_contig_2,True,521,TRB,TRBV20-1,None,TRBJ2-1,TRBC2,True,True,CSARVGSEVNEQFF,TGCAGTGCTAGAGTGGGGTCGGAAGTCAATGAGCAGTTCTTC,1176,6,clonotype1,clonotype1_consensus_1
CGTCACTCAAGGCTCC-1,True,CGTCACTCAAGGCTCC-1_contig_3,True,482,TRA,TRAV10,None,TRAJ24,TRAC,True,False,None,None,307,2,clonotype1,None
CGTCACTCAGCGATCC-1,True,CGTCACTCAGCGATCC-1_contig_1,True,505,TRA,TRAV1-2,None,TRAJ33,TRAC,True,True,CAATDSNYQLIW,TGTGCTGCGACTGATAGCAACTATCAGTTAATCTGG,662,3,clonotype1,clonotype1_consensus_2
CGTCACTCAGCGATCC-1,True,CGTCACTCAGCGATCC-1_contig_2,True,521,TRB,TRBV20-1,None,TRBJ2-1,TRBC2,True,True,CSARVGSEVNEQFF,TGCAGTGCTAGAGTGGGGTCGGAAGTCAATGAGCAGTTCTTC,3014,12,clonotype1,clonotype1_consensus_1
CGTCACTCAGCGATCC-1,True,CGTCACTCAGCGATCC-1_contig_3,True,434,TRA,TRAV10,None,TRAJ24,TRAC,True,False,None,None,77,1,clonotype1,None
CGTCACTCATGAACCT-1,True,CGTCACTCATGAACCT-1_contig_1,True,653,TRB,TRBV5-6,None,TRBJ2-7,TRBC2,True,True,CASSHSTSYEQYF,TGTGCCAGCAGCCACTCGACCTCCTACGAGCAGTACTTC,695,3,clonotype1826,clonotype1826_consensus_1
CGTCACTCATGAACCT-1,True,CGTCACTCATGAACCT-1_contig_2,True,565,TRA,TRAV17,None,TRAJ17,TRAC,True,False,None,None,1690,6,clonotype1826,None
CGTCACTGTACATCCA-1,True,CGTCACTGTACATCCA-1_contig_1,True,501,TRB,TRBV20-1,None,TRBJ2-5,TRBC2,True,True,CSALSGGAGQETQYF,TGCAGTGCTTTAAGCGGGGGGGCGGGCCAAGAGACCCAGTACTTC,2712,10,clonotype1827,clonotype1827_consensus_1
CGTCACTGTAGAAAGG-1,True,CGTCACTGTAGAAAGG-1_contig_1,True,505,TRA,TRAV1-2,None,TRAJ33,TRAC,True,True,CAATDSNYQLIW,TGTGCTGCGACTGATAGCAACTATCAGTTAATCTGG,166,2,clonotype1,clonotype1_consensus_2
CGTCACTGTAGAAAGG-1,True,CGTCACTGTAGAAAGG-1_contig_2,True,521,TRB,TRBV20-1,None,TRBJ2-1,TRBC2,True,True,CSARVGSEVNEQFF,TGCAGTGCTAGAGTGGGGTCGGAAGTCAATGAGCAGTTCTTC,1382,5,clonotype1,clonotype1_consensus_1
CGTCACTGTAGAAAGG-1,True,CGTCACTGTAGAAAGG-1_contig_3,True,482,TRA,TRAV10,None,TRAJ24,TRAC,True,False,None,None,402,3,clonotype1,None
CGTCACTGTAGCAAAT-1,True,CGTCACTGTAGCAAAT-1_contig_1,True,505,TRA,TRAV1-2,None,TRAJ33,TRAC,True,True,CAATDSNYQLIW,TGTGCTGCGACTGATAGCAACTATCAGTTAATCTGG,271,2,clonotype1,clonotype1_consensus_2
CGTCACTGTAGCAAAT-1,True,CGTCACTGTAGCAAAT-1_contig_2,True,498,TRB,TRBV20-1,None,TRBJ2-1,TRBC2,True,True,CSARVGSEVNEQFF,TGCAGTGCTAGAGTGGGGTCGGAAGTCAATGAGCAGTTCTTC,4959,13,clonotype1,clonotype1_consensus_1
CGTCACTGTAGCTTGT-1,True,CGTCACTGTAGCTTGT-1_contig_1,True,518,TRB,TRBV20-1,None,TRBJ1-2,TRBC1,True,True,CSAPRRGLRGYTF,TGCAGTGCTCCCCGGAGGGGGTTACGGGGCTACACCTTC,2461,10,clonotype1828,clonotype1828_consensus_2
CGTCACTGTAGCTTGT-1,True,CGTCACTGTAGCTTGT-1_contig_2,True,457,TRA,TRAV13-1,None,TRAJ30,TRAC,True,True,CAASPVNRDDKIIF,TGTGCAGCAAGTCCTGTGAACAGAGATGACAAGATCATCTTT,748,2,clonotype1828,clonotype1828_consensus_1
CGTCACTGTCAATACC-1,True,CGTCACTGTCAATACC-1_contig_1,True,505,TRA,TRAV1-2,None,TRAJ33,TRAC,True,True,CAATDSNYQLIW,TGTGCTGCGACTGATAGCAACTATCAGTTAATCTGG,297,2,clonotype1,clonotype1_consensus_2
CGTCACTGTCAATACC-1,True,CGTCACTGTCAATACC-1_contig_2,True,521,TRB,TRBV20-1,None,TRBJ2-1,TRBC2,True,True,CSARVGSEVNEQFF,TGCAGTGCTAGAGTGGGGTCGGAAGTCAATGAGCAGTTCTTC,1145,3,clonotype1,clonotype1_consensus_1
CGTCACTGTCAATACC-1,True,CGTCACTGTCAATACC-1_contig_3,True,482,TRA,TRAV10,None,TRAJ24,TRAC,True,False,None,None,805,2,clonotype1,None
CGTCACTGTCAGAAGC-1,True,CGTCACTGTCAGAAGC-1_contig_1,True,473,TRB,TRBV20-1,None,TRBJ2-1,TRBC2,True,True,CSARVGSEVNEQFF,TGCAGTGCTAGAGTGGGGTCGGAAGTCAATGAGCAGTTCTTC,1826,8,clonotype2,clonotype2_consensus_1
CGTCACTGTTATCCGA-1,True,CGTCACTGTTATCCGA-1_contig_1,True,570,TRA,TRAV8-4,None,TRAJ37,TRAC,True,True,CAVTPLSNTGKLIF,TGTGCTGTGACACCCCTGAGCAACACAGGCAAACTAATCTTT,877,5,clonotype303,clonotype303_consensus_3
CGTCACTGTTATCCGA-1,True,CGTCACTGTTATCCGA-1_contig_2,True,527,TRB,TRBV20-1,None,TRBJ1-5,TRBC1,True,True,CSARDLRQGSNQPQHF,TGCAGTGCTAGAGATCTCAGGCAGGGTAGCAATCAGCCCCAGCATTTT,2250,7,clonotype303,clonotype303_consensus_1
CGTCACTGTTATCCGA-1,True,CGTCACTGTTATCCGA-1_contig_3,True,564,TRA,TRAV8-4,None,TRAJ43,TRAC,True,True,CAVRPTHNDMRF,TGTGCTGTGAGACCCACTCACAATGACATGCGCTTT,1561,6,clonotype303,clonotype303_consensus_2
CGTCACTTCAGGCAAG-1,True,CGTCACTTCAGGCAAG-1_contig_1,True,518,TRB,TRBV20-1,None,TRBJ1-2,TRBC1,True,True,CSARGGGSLGYTF,TGCAGTGCTAGAGGGGGAGGGTCGCTCGGCTACACCTTC,2663,13,clonotype106,clonotype106_consensus_2
CGTCACTTCAGGCAAG-1,True,CGTCACTTCAGGCAAG-1_contig_2,True,511,TRA,TRAV23/DV6,None,TRAJ22,TRAC,True,True,CAASKGGSARQLTF,TGTGCAGCAAGCAAAGGTGGTTCTGCAAGGCAACTGACCTTT,192,2,clonotype106,clonotype106_consensus_1
CGTCACTTCAGGCAAG-1,True,CGTCACTTCAGGCAAG-1_contig_3,True,316,TRB,None,None,TRBJ1-5,TRBC1,False,False,None,None,343,2,clonotype106,None
CGTCACTTCATGTGGT-1,True,CGTCACTTCATGTGGT-1_contig_1,True,505,TRA,TRAV1-2,None,TRAJ33,TRAC,True,True,CAATDSNYQLIW,TGTGCTGCGACTGATAGCAACTATCAGTTAATCTGG,5566,2,clonotype1,clonotype1_consensus_2
CGTCACTTCATGTGGT-1,True,CGTCACTTCATGTGGT-1_contig_2,True,498,TRB,TRBV20-1,None,TRBJ2-1,TRBC2,True,True,CSARVGSEVNEQFF,TGCAGTGCTAGAGTGGGGTCGGAAGTCAATGAGCAGTTCTTC,1198,8,clonotype1,clonotype1_consensus_1
CGTCACTTCATGTGGT-1,True,CGTCACTTCATGTGGT-1_contig_3,True,482,TRA,TRAV10,None,TRAJ24,TRAC,True,False,None,None,1090,5,clonotype1,None
CGTCACTTCCCAACGG-1,True,CGTCACTTCCCAACGG-1_contig_1,True,505,TRA,TRAV1-2,None,TRAJ33,TRAC,True,True,CAATDSNYQLIW,TGTGCTGCGACTGATAGCAACTATCAGTTAATCTGG,996,3,clonotype1,clonotype1_consensus_2
CGTCACTTCCCAACGG-1,True,CGTCACTTCCCAACGG-1_contig_2,True,521,TRB,TRBV20-1,None,TRBJ2-1,TRBC2,True,True,CSARVGSEVNEQFF,TGCAGTGCTAGAGTGGGGTCGGAAGTCAATGAGCAGTTCTTC,1929,6,clonotype1,clonotype1_consensus_1
CGTCACTTCCCAACGG-1,True,CGTCACTTCCCAACGG-1_contig_3,True,482,TRA,TRAV10,None,TRAJ24,TRAC,True,False,None,None,685,3,clonotype1,None
CGTCACTTCCGTCATC-1,True,CGTCACTTCCGTCATC-1_contig_1,True,505,TRA,TRAV1-2,None,TRAJ33,TRAC,True,True,CAATDSNYQLIW,TGTGCTGCGACTGATAGCAACTATCAGTTAATCTGG,1205,4,clonotype1,clonotype1_consensus_2
CGTCACTTCCGTCATC-1,True,CGTCACTTCCGTCATC-1_contig_2,True,521,TRB,TRBV20-1,None,TRBJ2-1,TRBC2,True,True,CSARVGSEVNEQFF,TGCAGTGCTAGAGTGGGGTCGGAAGTCAATGAGCAGTTCTTC,1292,5,clonotype1,clonotype1_consensus_1
CGTCACTTCCGTCATC-1,True,CGTCACTTCCGTCATC-1_contig_3,True,517,TRA,TRAV10,None,TRAJ24,TRAC,True,False,None,None,755,2,clonotype1,None
CGTCACTTCCTGTACC-1,True,CGTCACTTCCTGTACC-1_contig_1,True,508,TRB,TRBV20-1,None,TRBJ1-4,TRBC1,True,True,CSARDGGRANEKLFF,TGCAGTGCTAGAGACGGTGGCAGGGCCAATGAAAAACTGTTTTTT,701,3,clonotype1829,clonotype1829_consensus_1
CGTCACTTCCTGTACC-1,True,CGTCACTTCCTGTACC-1_contig_2,True,524,TRB,TRBV20-1,None,TRBJ2-3,TRBC2,True,True,CSARDTIASTDTQYF,TGCAGTGCTAGAGATACCATTGCTAGCACAGATACGCAGTATTTT,2848,12,clonotype1829,clonotype1829_consensus_2
CGTCACTTCCTGTACC-1,True,CGTCACTTCCTGTACC-1_contig_3,True,501,TRA,TRAV6,None,TRAJ9,TRAC,True,True,CARNTGGFKTIF,TGTGCCCGAAATACTGGAGGCTTCAAAACTATCTTT,203,9,clonotype1829,clonotype1829_consensus_3
CGTCACTTCTAGCACA-1,True,CGTCACTTCTAGCACA-1_contig_1,True,505,TRA,TRAV1-2,None,TRAJ33,TRAC,True,True,CAATDSNYQLIW,TGTGCTGCGACTGATAGCAACTATCAGTTAATCTGG,434,5,clonotype1,clonotype1_consensus_2
CGTCACTTCTAGCACA-1,True,CGTCACTTCTAGCACA-1_contig_2,True,492,TRB,TRBV20-1,None,TRBJ2-1,TRBC2,True,True,CSARVGSEVNEQFF,TGCAGTGCTAGAGTGGGGTCGGAAGTCAATGAGCAGTTCTTC,1651,7,clonotype1,clonotype1_consensus_1
CGTCACTTCTGATACG-1,True,CGTCACTTCTGATACG-1_contig_1,True,514,TRB,TRBV20-1,None,TRBJ2-1,TRBC2,True,True,CSARVGSEVNEQFF,TGCAGTGCTAGAGTGGGGTCGGAAGTCAATGAGCAGTTCTTC,1491,5,clonotype2,clonotype2_consensus_1
CGTCAGGAGACAAGCC-1,True,CGTCAGGAGACAAGCC-1_contig_1,True,527,TRB,TRBV20-1,None,TRBJ2-5,TRBC2,True,True,CSARVPLAAGEETQYF,TGCAGTGCTAGAGTTCCCTTAGCAGCGGGGGAAGAGACCCAGTACTTC,2036,9,clonotype1830,clonotype1830_consensus_2
CGTCAGGAGACAAGCC-1,True,CGTCAGGAGACAAGCC-1_contig_2,True,449,TRA,TRAV2,None,TRAJ23,TRAC,True,True,CAVASYNQGGKLIF,TGTGCTGTGGCGTCTTATAACCAGGGAGGAAAGCTTATCTTC,700,3,clonotype1830,clonotype1830_consensus_1
CGTCAGGAGACACTAA-1,True,CGTCAGGAGACACTAA-1_contig_1,True,505,TRA,TRAV1-2,None,TRAJ33,TRAC,True,True,CAATDSNYQLIW,TGTGCTGCGACTGATAGCAACTATCAGTTAATCTGG,955,3,clonotype1,clonotype1_consensus_2
CGTCAGGAGACACTAA-1,True,CGTCAGGAGACACTAA-1_contig_2,True,521,TRB,TRBV20-1,None,TRBJ2-1,TRBC2,True,True,CSARVGSEVNEQFF,TGCAGTGCTAGAGTGGGGTCGGAAGTCAATGAGCAGTTCTTC,2038,9,clonotype1,clonotype1_consensus_1
CGTCAGGAGACACTAA-1,True,CGTCAGGAGACACTAA-1_contig_3,True,482,TRA,TRAV10,None,TRAJ24,TRAC,True,False,None,None,508,2,clonotype1,None
CGTCAGGAGAGACTAT-1,True,CGTCAGGAGAGACTAT-1_contig_1,True,498,TRB,TRBV20-1,None,TRBJ1-2,TRBC1,True,True,CSARGDGANYGYTF,TGCAGTGCTAGAGGGGACGGAGCTAACTATGGCTACACCTTC,990,4,clonotype1831,clonotype1831_consensus_1
CGTCAGGAGCACGCCT-1,True,CGTCAGGAGCACGCCT-1_contig_1,True,505,TRA,TRAV1-2,None,TRAJ33,TRAC,True,True,CAATDSNYQLIW,TGTGCTGCGACTGATAGCAACTATCAGTTAATCTGG,363,3,clonotype1,clonotype1_consensus_2
CGTCAGGAGCACGCCT-1,True,CGTCAGGAGCACGCCT-1_contig_2,True,497,TRB,TRBV20-1,None,TRBJ2-1,TRBC2,True,True,CSARVGSEVNEQFF,TGCAGTGCTAGAGTGGGGTCGGAAGTCAATGAGCAGTTCTTC,1234,6,clonotype1,clonotype1_consensus_1
CGTCAGGAGCCCAACC-1,True,CGTCAGGAGCCCAACC-1_contig_1,True,524,TRB,TRBV20-1,None,TRBJ2-7,TRBC2,True,True,CSPSTPSGGISYEQYF,TGCAGTCCGTCCACTCCTAGCGGGGGGATCTCCTACGAGCAGTACTTC,2161,9,clonotype1832,clonotype1832_consensus_1
CGTCAGGAGCCCAACC-1,True,CGTCAGGAGCCCAACC-1_contig_2,True,517,TRA,TRAV14/DV4,None,TRAJ29,TRAC,True,True,CAMSRGNTPLVF,TGTGCAATGAGCCGCGGAAACACACCTCTTGTCTTT,306,2,clonotype1832,clonotype1832_consensus_2
CGTCAGGAGCTAGTTC-1,True,CGTCAGGAGCTAGTTC-1_contig_1,True,492,TRB,TRBV20-1,None,TRBJ2-7,TRBC2,True,True,CSARDSVYEQYF,TGCAGTGCCAGGGACAGCGTATACGAGCAGTACTTC,877,6,clonotype304,clonotype304_consensus_2
CGTCAGGAGCTAGTTC-1,True,CGTCAGGAGCTAGTTC-1_contig_2,True,511,TRA,TRAV1-2,None,TRAJ33,TRAC,True,True,CAVRDWDSNYQLIW,TGTGCTGTGAGAGATTGGGATAGCAACTATCAGTTAATCTGG,103,5,clonotype304,clonotype304_consensus_1
CGTCAGGAGGGCATGT-1,True,CGTCAGGAGGGCATGT-1_contig_1,True,518,TRB,TRBV20-1,None,TRBJ1-1,TRBC1,True,True,CSAGTGKGTEAFF,TGCAGTGCGGGCACAGGGAAGGGCACTGAAGCTTTCTTT,1479,12,clonotype1833,clonotype1833_consensus_2
CGTCAGGAGGGCATGT-1,True,CGTCAGGAGGGCATGT-1_contig_2,True,483,TRA,TRAV38-2/DV8,None,TRAJ54,TRAC,True,True,CAYKQGAQKLVF,TGTGCTTATAAGCAGGGAGCCCAGAAGCTGGTATTT,249,5,clonotype1833,clonotype1833_consensus_1
CGTCAGGAGGTAGCTG-1,True,CGTCAGGAGGTAGCTG-1_contig_1,True,505,TRA,TRAV1-2,None,TRAJ33,TRAC,True,True,CAATDSNYQLIW,TGTGCTGCGACTGATAGCAACTATCAGTTAATCTGG,141,1,clonotype1,clonotype1_consensus_2
CGTCAGGAGGTAGCTG-1,True,CGTCAGGAGGTAGCTG-1_contig_2,True,498,TRB,TRBV20-1,None,TRBJ2-1,TRBC2,True,True,CSARVGSEVNEQFF,TGCAGTGCTAGAGTGGGGTCGGAAGTCAATGAGCAGTTCTTC,2258,7,clonotype1,clonotype1_consensus_1
CGTCAGGAGGTAGCTG-1,True,CGTCAGGAGGTAGCTG-1_contig_3,True,459,TRA,TRAV10,None,TRAJ24,TRAC,True,False,None,None,163,2,clonotype1,None
CGTCAGGAGTCTTGCA-1,True,CGTCAGGAGTCTTGCA-1_contig_1,True,524,TRB,TRBV20-1,None,TRBJ2-2,TRBC2,True,True,CSARPQLTNTGELFF,TGCAGTGCTAGACCCCAACTAACCAACACCGGGGAGCTGTTTTTT,2536,8,clonotype13,clonotype13_consensus_2
CGTCAGGAGTCTTGCA-1,True,CGTCAGGAGTCTTGCA-1_contig_2,True,481,TRA,TRAV21,None,TRAJ11,TRAC,True,True,CAASASGYSTLTF,TGTGCTGCCTCAGCATCAGGATACAGCACCCTCACCTTT,1154,4,clonotype13,clonotype13_consensus_1
CGTCAGGCAAGCCCAC-1,True,CGTCAGGCAAGCCCAC-1_contig_1,True,505,TRA,TRAV1-2,None,TRAJ33,TRAC,True,True,CAATDSNYQLIW,TGTGCTGCGACTGATAGCAACTATCAGTTAATCTGG,424,3,clonotype1,clonotype1_consensus_2
CGTCAGGCAAGCCCAC-1,True,CGTCAGGCAAGCCCAC-1_contig_2,True,521,TRB,TRBV20-1,None,TRBJ2-1,TRBC2,True,True,CSARVGSEVNEQFF,TGCAGTGCTAGAGTGGGGTCGGAAGTCAATGAGCAGTTCTTC,679,10,clonotype1,clonotype1_consensus_1
CGTCAGGCAAGCCCAC-1,True,CGTCAGGCAAGCCCAC-1_contig_3,True,467,TRA,TRAV10,None,TRAJ24,TRAC,True,False,None,None,163,2,clonotype1,None
CGTCAGGCACACAGAG-1,True,CGTCAGGCACACAGAG-1_contig_1,True,505,TRA,TRAV1-2,None,TRAJ33,TRAC,True,True,CAATDSNYQLIW,TGTGCTGCGACTGATAGCAACTATCAGTTAATCTGG,275,1,clonotype1,clonotype1_consensus_2
CGTCAGGCACACAGAG-1,True,CGTCAGGCACACAGAG-1_contig_2,True,497,TRB,TRBV20-1,None,TRBJ2-1,TRBC2,True,True,CSARVGSEVNEQFF,TGCAGTGCTAGAGTGGGGTCGGAAGTCAATGAGCAGTTCTTC,581,3,clonotype1,clonotype1_consensus_1
CGTCAGGCACATCTTT-1,True,CGTCAGGCACATCTTT-1_contig_1,True,505,TRA,TRAV1-2,None,TRAJ33,TRAC,True,True,CAATDSNYQLIW,TGTGCTGCGACTGATAGCAACTATCAGTTAATCTGG,229,2,clonotype1,clonotype1_consensus_2
CGTCAGGCACATCTTT-1,True,CGTCAGGCACATCTTT-1_contig_2,True,521,TRB,TRBV20-1,None,TRBJ2-1,TRBC2,True,True,CSARVGSEVNEQFF,TGCAGTGCTAGAGTGGGGTCGGAAGTCAATGAGCAGTTCTTC,401,3,clonotype1,clonotype1_consensus_1
CGTCAGGCACATCTTT-1,True,CGTCAGGCACATCTTT-1_contig_3,True,503,TRA,TRAV10,None,TRAJ24,TRAC,True,False,None,None,321,1,clonotype1,None
CGTCAGGCAGTGGAGT-1,True,CGTCAGGCAGTGGAGT-1_contig_1,True,505,TRA,TRAV1-2,None,TRAJ33,TRAC,True,True,CAATDSNYQLIW,TGTGCTGCGACTGATAGCAACTATCAGTTAATCTGG,4489,4,clonotype1,clonotype1_consensus_2
CGTCAGGCAGTGGAGT-1,True,CGTCAGGCAGTGGAGT-1_contig_2,True,521,TRB,TRBV20-1,None,TRBJ2-1,TRBC2,True,True,CSARVGSEVNEQFF,TGCAGTGCTAGAGTGGGGTCGGAAGTCAATGAGCAGTTCTTC,5764,10,clonotype1,clonotype1_consensus_1
CGTCAGGGTAAGAGGA-1,True,CGTCAGGGTAAGAGGA-1_contig_1,True,518,TRB,TRBV20-1,None,TRBJ2-3,TRBC2,True,True,CSASLSYADTQYF,TGCAGTGCTAGTCTCTCCTACGCAGATACGCAGTATTTT,6292,26,clonotype1834,clonotype1834_consensus_2
CGTCAGGGTAAGAGGA-1,True,CGTCAGGGTAAGAGGA-1_contig_2,True,629,TRA,TRAV12-1,None,TRAJ32,TRAC,True,True,CVVGGGGGATNKLIF,TGTGTGGTGGGCGGGGGGGGTGGTGCTACAAACAAGCTCATCTTT,901,4,clonotype1834,clonotype1834_consensus_1
CGTCAGGGTCTTCAAG-1,True,CGTCAGGGTCTTCAAG-1_contig_1,True,495,TRB,TRBV20-1,None,TRBJ2-1,TRBC2,True,True,CSARVGSEVNEQFF,TGCAGTGCTAGAGTGGGGTCGGAAGTCAATGAGCAGTTCTTC,878,5,clonotype2,clonotype2_consensus_1
CGTCAGGGTCTTCAAG-1,True,CGTCAGGGTCTTCAAG-1_contig_2,True,467,TRA,TRAV10,None,TRAJ24,TRAC,True,False,None,None,221,4,clonotype2,None
CGTCAGGGTTCGCTAA-1,True,CGTCAGGGTTCGCTAA-1_contig_1,True,662,TRA,TRAV8-6,None,TRAJ12,TRAC,True,True,CAVTALDSSYKLIF,TGTGCTGTGACCGCGCTGGATAGCAGCTATAAATTGATCTTC,524,6,clonotype1835,clonotype1835_consensus_2
CGTCAGGGTTCGCTAA-1,True,CGTCAGGGTTCGCTAA-1_contig_2,True,655,TRB,TRBV5-6,None,TRBJ1-2,TRBC1,True,True,CASSLGQGGVGYTF,TGTGCCAGCAGCTTGGGACAGGGGGGAGTTGGCTACACCTTC,1497,4,clonotype1835,clonotype1835_consensus_1
CGTCAGGGTTTGGGCC-1,True,CGTCAGGGTTTGGGCC-1_contig_1,True,521,TRB,TRBV20-1,None,TRBJ1-5,TRBC1,True,True,CSTPTGSISNPQHF,TGCAGCACCCCGACAGGGTCTATAAGTAACCCCCAGCATTTT,1979,8,clonotype1836,clonotype1836_consensus_1
CGTCAGGTCCGTAGTA-1,True,CGTCAGGTCCGTAGTA-1_contig_1,True,518,TRB,TRBV20-1,None,TRBJ2-7,TRBC2,True,True,CSARPGTHYEQYF,TGCAGTGCAAGACCCGGGACACACTACGAGCAGTACTTC,407,6,clonotype305,clonotype305_consensus_1
CGTCAGGTCCTATGTT-1,True,CGTCAGGTCCTATGTT-1_contig_1,True,505,TRA,TRAV1-2,None,TRAJ33,TRAC,True,True,CAATDSNYQLIW,TGTGCTGCGACTGATAGCAACTATCAGTTAATCTGG,1530,3,clonotype1,clonotype1_consensus_2
CGTCAGGTCCTATGTT-1,True,CGTCAGGTCCTATGTT-1_contig_2,True,492,TRB,TRBV20-1,None,TRBJ2-1,TRBC2,True,True,CSARVGSEVNEQFF,TGCAGTGCTAGAGTGGGGTCGGAAGTCAATGAGCAGTTCTTC,2473,6,clonotype1,clonotype1_consensus_1
CGTCAGGTCCTATGTT-1,True,CGTCAGGTCCTATGTT-1_contig_3,True,456,TRA,TRAV10,None,TRAJ24,TRAC,True,False,None,None,105,1,clonotype1,None
CGTCAGGTCCTCCTAG-1,True,CGTCAGGTCCTCCTAG-1_contig_1,True,500,TRA,TRAV4,None,TRAJ39,TRAC,True,True,CLVGDSYNNAGNMLTF,TGCCTCGTGGGTGATTCTTATAATAATGCAGGCAACATGCTCACCTTT,756,3,clonotype1837,clonotype1837_consensus_1
CGTCAGGTCCTCCTAG-1,True,CGTCAGGTCCTCCTAG-1_contig_2,True,498,TRB,TRBV20-1,None,TRBJ1-2,TRBC1,True,True,CSARGPTGRGGYTF,TGCAGTGCTAGAGGACCGACAGGGCGAGGAGGCTACACCTTC,5476,17,clonotype1837,clonotype1837_consensus_2
CGTCAGGTCCTCCTAG-1,True,CGTCAGGTCCTCCTAG-1_contig_3,True,369,TRA,None,None,TRAJ10,TRAC,False,False,None,None,539,3,clonotype1837,None
CGTCAGGTCCTTTCGG-1,True,CGTCAGGTCCTTTCGG-1_contig_1,True,473,TRB,TRBV20-1,None,TRBJ2-1,TRBC2,True,True,CSARVGSEVNEQFF,TGCAGTGCTAGAGTGGGGTCGGAAGTCAATGAGCAGTTCTTC,2111,7,clonotype2,clonotype2_consensus_1
CGTCAGGTCCTTTCGG-1,True,CGTCAGGTCCTTTCGG-1_contig_2,True,459,TRA,TRAV10,None,TRAJ24,TRAC,True,False,None,None,25,3,clonotype2,None
CGTCAGGTCGAGAACG-1,True,CGTCAGGTCGAGAACG-1_contig_1,True,505,TRA,TRAV1-2,None,TRAJ33,TRAC,True,True,CAATDSNYQLIW,TGTGCTGCGACTGATAGCAACTATCAGTTAATCTGG,710,5,clonotype1,clonotype1_consensus_2
CGTCAGGTCGAGAACG-1,True,CGTCAGGTCGAGAACG-1_contig_2,True,498,TRB,TRBV20-1,None,TRBJ2-1,TRBC2,True,True,CSARVGSEVNEQFF,TGCAGTGCTAGAGTGGGGTCGGAAGTCAATGAGCAGTTCTTC,370,5,clonotype1,clonotype1_consensus_1
CGTCAGGTCGTACCGG-1,True,CGTCAGGTCGTACCGG-1_contig_1,True,505,TRA,TRAV1-2,None,TRAJ33,TRAC,True,True,CAATDSNYQLIW,TGTGCTGCGACTGATAGCAACTATCAGTTAATCTGG,253,3,clonotype1,clonotype1_consensus_2
CGTCAGGTCGTACCGG-1,True,CGTCAGGTCGTACCGG-1_contig_2,True,521,TRB,TRBV20-1,None,TRBJ2-1,TRBC2,True,True,CSARVGSEVNEQFF,TGCAGTGCTAGAGTGGGGTCGGAAGTCAATGAGCAGTTCTTC,1981,5,clonotype1,clonotype1_consensus_1
CGTCAGGTCTCACATT-1,True,CGTCAGGTCTCACATT-1_contig_1,True,523,TRA,TRAV14/DV4,None,TRAJ27,TRAC,True,True,CAMRELTNAGKSTF,TGTGCAATGAGAGAGCTCACCAATGCAGGCAAATCAACCTTT,276,2,clonotype142,clonotype142_consensus_1
CGTCAGGTCTCACATT-1,True,CGTCAGGTCTCACATT-1_contig_2,True,517,TRB,TRBV20-1,None,TRBJ2-7,TRBC2,True,True,CSALSGTQISYEQYF,TGCAGTGCTCTCTCCGGGACTCAAATATCCTACGAGCAGTACTTC,1810,9,clonotype142,clonotype142_consensus_2
CGTCAGGTCTGGAGCC-1,True,CGTCAGGTCTGGAGCC-1_contig_1,True,521,TRB,TRBV20-1,None,TRBJ2-7,TRBC2,True,True,CSASGGAFSYEQYF,TGCAGTGCTAGTGGAGGGGCCTTCTCCTACGAGCAGTACTTC,696,6,clonotype306,clonotype306_consensus_1
CGTCAGGTCTGGAGCC-1,True,CGTCAGGTCTGGAGCC-1_contig_2,True,510,TRA,TRAV23/DV6,None,TRAJ35,TRAC,True,False,None,None,599,3,clonotype306,None
CGTCCATAGCACCGTC-1,True,CGTCCATAGCACCGTC-1_contig_1,True,505,TRA,TRAV1-2,None,TRAJ33,TRAC,True,True,CAATDSNYQLIW,TGTGCTGCGACTGATAGCAACTATCAGTTAATCTGG,1338,3,clonotype1,clonotype1_consensus_2
CGTCCATAGCACCGTC-1,True,CGTCCATAGCACCGTC-1_contig_2,True,518,TRB,TRBV20-1,None,TRBJ2-1,TRBC2,True,True,CSARVGSEVNEQFF,TGCAGTGCTAGAGTGGGGTCGGAAGTCAATGAGCAGTTCTTC,1508,8,clonotype1,clonotype1_consensus_1
CGTCCATAGCACCGTC-1,True,CGTCCATAGCACCGTC-1_contig_3,True,305,TRB,None,None,TRBJ2-2P,TRBC2,False,False,None,None,304,2,clonotype1,None
CGTCCATAGCACCGTC-1,True,CGTCCATAGCACCGTC-1_contig_4,True,482,TRA,TRAV10,None,TRAJ24,TRAC,True,False,None,None,4088,3,clonotype1,None
CGTCCATAGCTCCTTC-1,True,CGTCCATAGCTCCTTC-1_contig_1,True,497,TRB,TRBV20-1,None,TRBJ2-1,TRBC2,True,True,CSARVGSEVNEQFF,TGCAGTGCTAGAGTGGGGTCGGAAGTCAATGAGCAGTTCTTC,1940,7,clonotype2,clonotype2_consensus_1
CGTCCATAGCTCCTTC-1,True,CGTCCATAGCTCCTTC-1_contig_2,True,465,TRA,TRAV10,None,TRAJ24,TRAC,True,False,None,None,282,3,clonotype2,None
CGTCCATAGTGAACGC-1,True,CGTCCATAGTGAACGC-1_contig_1,True,570,TRA,TRAV8-4,None,TRAJ29,TRAC,True,True,CAVSAASGNTPLVF,TGTGCTGTGAGTGCTGCTTCAGGAAACACACCTCTTGTCTTT,441,5,clonotype63,clonotype63_consensus_2
CGTCCATAGTGAACGC-1,True,CGTCCATAGTGAACGC-1_contig_2,True,521,TRB,TRBV20-1,None,TRBJ1-1,TRBC1,True,True,CSAGDRGRYTEAFF,TGCAGTGCTGGGGACAGGGGAAGGTACACTGAAGCTTTCTTT,976,7,clonotype63,clonotype63_consensus_1
CGTCCATAGTTCGCAT-1,True,CGTCCATAGTTCGCAT-1_contig_1,True,496,TRB,TRBV20-1,None,TRBJ2-1,TRBC2,True,True,CSARVGSEVNEQFF,TGCAGTGCTAGAGTGGGGTCGGAAGTCAATGAGCAGTTCTTC,1001,6,clonotype2,clonotype2_consensus_1
CGTCCATCAATTCCTT-1,True,CGTCCATCAATTCCTT-1_contig_1,True,498,TRA,TRAV6,None,TRAJ21,TRAC,True,True,CALYNFNKFYF,TGTGCCCTATACAACTTCAACAAATTTTACTTT,1012,2,clonotype1838,clonotype1838_consensus_3
CGTCCATCAATTCCTT-1,True,CGTCCATCAATTCCTT-1_contig_2,True,492,TRB,TRBV20-1,None,TRBJ2-1,TRBC2,True,True,CSAQSPGNEQFF,TGCAGTGCCCAGTCCCCCGGTAATGAGCAGTTCTTC,3198,9,clonotype1838,clonotype1838_consensus_2
CGTCCATCAATTCCTT-1,True,CGTCCATCAATTCCTT-1_contig_3,True,528,TRA,TRAV16,None,TRAJ10,TRAC,True,True,CAPTGGGNKLTF,TGTGCTCCTACGGGAGGAGGAAACAAACTCACCTTT,703,9,clonotype1838,clonotype1838_consensus_1
CGTCCATCAATTCCTT-1,True,CGTCCATCAATTCCTT-1_contig_4,True,496,TRB,TRBV27,None,TRBJ1-5,TRBC1,True,False,None,None,226,1,clonotype1838,None
CGTCCATCACCATCCT-1,True,CGTCCATCACCATCCT-1_contig_1,True,505,TRA,TRAV1-2,None,TRAJ33,TRAC,True,True,CAATDSNYQLIW,TGTGCTGCGACTGATAGCAACTATCAGTTAATCTGG,855,4,clonotype1,clonotype1_consensus_2
CGTCCATCACCATCCT-1,True,CGTCCATCACCATCCT-1_contig_2,True,521,TRB,TRBV20-1,None,TRBJ2-1,TRBC2,True,True,CSARVGSEVNEQFF,TGCAGTGCTAGAGTGGGGTCGGAAGTCAATGAGCAGTTCTTC,1440,8,clonotype1,clonotype1_consensus_1
CGTCCATCACTGTCGG-1,True,CGTCCATCACTGTCGG-1_contig_1,True,519,TRB,TRBV5-5,None,TRBJ2-2,TRBC2,True,True,CASSLRLQGAAGELFF,TGTGCCAGCAGCTTACGATTACAGGGGGCTGCCGGGGAGCTGTTTTTT,3735,9,clonotype1839,clonotype1839_consensus_1
CGTCCATGTCCGAAGA-1,True,CGTCCATGTCCGAAGA-1_contig_1,True,505,TRA,TRAV1-2,None,TRAJ33,TRAC,True,True,CAATDSNYQLIW,TGTGCTGCGACTGATAGCAACTATCAGTTAATCTGG,464,4,clonotype1,clonotype1_consensus_2
CGTCCATGTCCGAAGA-1,True,CGTCCATGTCCGAAGA-1_contig_2,True,521,TRB,TRBV20-1,None,TRBJ2-1,TRBC2,True,True,CSARVGSEVNEQFF,TGCAGTGCTAGAGTGGGGTCGGAAGTCAATGAGCAGTTCTTC,1211,6,clonotype1,clonotype1_consensus_1
CGTCCATGTCTCCACT-1,True,CGTCCATGTCTCCACT-1_contig_1,True,505,TRA,TRAV1-2,None,TRAJ33,TRAC,True,True,CAATDSNYQLIW,TGTGCTGCGACTGATAGCAACTATCAGTTAATCTGG,1593,8,clonotype1,clonotype1_consensus_2
CGTCCATGTCTCCACT-1,True,CGTCCATGTCTCCACT-1_contig_2,True,521,TRB,TRBV20-1,None,TRBJ2-1,TRBC2,True,True,CSARVGSEVNEQFF,TGCAGTGCTAGAGTGGGGTCGGAAGTCAATGAGCAGTTCTTC,1723,5,clonotype1,clonotype1_consensus_1
CGTCCATGTGAAAGAG-1,True,CGTCCATGTGAAAGAG-1_contig_1,True,505,TRA,TRAV1-2,None,TRAJ33,TRAC,True,True,CAATDSNYQLIW,TGTGCTGCGACTGATAGCAACTATCAGTTAATCTGG,5161,6,clonotype1,clonotype1_consensus_2
CGTCCATGTGAAAGAG-1,True,CGTCCATGTGAAAGAG-1_contig_2,True,521,TRB,TRBV20-1,None,TRBJ2-1,TRBC2,True,True,CSARVGSEVNEQFF,TGCAGTGCTAGAGTGGGGTCGGAAGTCAATGAGCAGTTCTTC,1331,7,clonotype1,clonotype1_consensus_1
CGTCCATGTGCTGTAT-1,True,CGTCCATGTGCTGTAT-1_contig_1,True,521,TRB,TRBV5-5,None,TRBJ1-4,TRBC1,True,True,CASSHPGPNYATNEKLFF,TGTGCCAGCAGCCATCCCGGACCGAACTACGCAACTAATGAAAAACTGTTTTTT,478,3,clonotype4,clonotype4_consensus_1
CGTCCATGTGCTGTAT-1,True,CGTCCATGTGCTGTAT-1_contig_2,True,437,TRB,TRBV7-3,None,TRBJ2-1,TRBC2,True,False,CQQRSLKAGGPYNEQFF,TGCCAGCAGCGGTCACTTAAAGCGGGGGGACCCTACAATGAGCAGTTCTTC,526,2,clonotype4,None
CGTCCATGTGGTGTAG-1,True,CGTCCATGTGGTGTAG-1_contig_1,True,505,TRA,TRAV1-2,None,TRAJ33,TRAC,True,True,CAATDSNYQLIW,TGTGCTGCGACTGATAGCAACTATCAGTTAATCTGG,478,6,clonotype1,clonotype1_consensus_2
CGTCCATGTGGTGTAG-1,True,CGTCCATGTGGTGTAG-1_contig_2,True,498,TRB,TRBV20-1,None,TRBJ2-1,TRBC2,True,True,CSARVGSEVNEQFF,TGCAGTGCTAGAGTGGGGTCGGAAGTCAATGAGCAGTTCTTC,1697,13,clonotype1,clonotype1_consensus_1
CGTCCATGTGTAAGTA-1,True,CGTCCATGTGTAAGTA-1_contig_1,True,505,TRA,TRAV1-2,None,TRAJ33,TRAC,True,True,CAATDSNYQLIW,TGTGCTGCGACTGATAGCAACTATCAGTTAATCTGG,186,3,clonotype1,clonotype1_consensus_2
CGTCCATGTGTAAGTA-1,True,CGTCCATGTGTAAGTA-1_contig_2,True,521,TRB,TRBV20-1,None,TRBJ2-1,TRBC2,True,True,CSARVGSEVNEQFF,TGCAGTGCTAGAGTGGGGTCGGAAGTCAATGAGCAGTTCTTC,1291,7,clonotype1,clonotype1_consensus_1
CGTCCATGTTTAGGAA-1,True,CGTCCATGTTTAGGAA-1_contig_1,True,521,TRB,TRBV20-1,None,TRBJ2-1,TRBC2,True,True,CSARVGSEVNEQFF,TGCAGTGCTAGAGTGGGGTCGGAAGTCAATGAGCAGTTCTTC,1749,7,clonotype2,clonotype2_consensus_1
CGTCCATTCACCACCT-1,True,CGTCCATTCACCACCT-1_contig_1,True,521,TRB,TRBV20-1,None,TRBJ2-1,TRBC2,True,True,CSARVGSEVNEQFF,TGCAGTGCTAGAGTGGGGTCGGAAGTCAATGAGCAGTTCTTC,795,7,clonotype2,clonotype2_consensus_1
CGTCCATTCACCACCT-1,True,CGTCCATTCACCACCT-1_contig_2,True,482,TRA,TRAV10,None,TRAJ24,TRAC,True,False,None,None,287,4,clonotype2,None
CGTCCATTCACGCATA-1,True,CGTCCATTCACGCATA-1_contig_1,True,505,TRA,TRAV1-2,None,TRAJ33,TRAC,True,True,CAATDSNYQLIW,TGTGCTGCGACTGATAGCAACTATCAGTTAATCTGG,1303,6,clonotype1,clonotype1_consensus_2
CGTCCATTCACGCATA-1,True,CGTCCATTCACGCATA-1_contig_2,True,486,TRB,TRBV20-1,None,TRBJ2-1,TRBC2,True,True,CSARVGSEVNEQFF,TGCAGTGCTAGAGTGGGGTCGGAAGTCAATGAGCAGTTCTTC,1821,10,clonotype1,clonotype1_consensus_1
CGTCCATTCGACGGAA-1,True,CGTCCATTCGACGGAA-1_contig_1,True,479,TRA,TRAV12-3,None,TRAJ41,TRAC,True,True,CAMTNSNSGYALNF,TGTGCAATGACCAACTCAAATTCCGGGTATGCACTCAACTTC,119,1,clonotype1840,clonotype1840_consensus_2
CGTCCATTCGACGGAA-1,True,CGTCCATTCGACGGAA-1_contig_2,True,524,TRB,TRBV20-1,None,TRBJ2-5,TRBC2,True,True,CSAHTGTKSQETQYF,TGCAGTGCACACACCGGGACCAAAAGCCAAGAGACCCAGTACTTC,2245,11,clonotype1840,clonotype1840_consensus_1
CGTCCATTCGACGGAA-1,True,CGTCCATTCGACGGAA-1_contig_3,True,339,TRB,None,None,TRBJ1-5,TRBC1,False,False,None,None,842,3,clonotype1840,None
CGTCCATTCGACGGAA-1,True,CGTCCATTCGACGGAA-1_contig_4,True,422,TRA,TRAV12-1,None,TRAJ39,TRAC,True,False,None,None,847,1,clonotype1840,None
CGTCCATTCGTCTGAA-1,True,CGTCCATTCGTCTGAA-1_contig_1,True,492,TRB,TRBV20-1,None,TRBJ2-5,TRBC2,True,True,CSSRALRETQYF,TGCAGTTCAAGGGCCCTACGCGAGACCCAGTACTTC,1435,6,clonotype1841,clonotype1841_consensus_2
CGTCCATTCGTCTGAA-1,True,CGTCCATTCGTCTGAA-1_contig_2,True,573,TRA,TRAV8-4,None,TRAJ4,TRAC,True,True,CAVSFRSGGYNKLIF,TGTGCTGTGAGTTTCCGTTCTGGTGGCTACAATAAGCTGATTTTT,876,7,clonotype1841,clonotype1841_consensus_3
CGTCCATTCGTCTGAA-1,True,CGTCCATTCGTCTGAA-1_contig_3,True,502,TRA,TRAV1-1,None,TRAJ13,TRAC,True,True,CAVRDLTPWGGYQKVTF,TGCGCTGTGAGAGATTTAACTCCCTGGGGGGGTTACCAGAAAGTTACCTTT,1127,5,clonotype1841,clonotype1841_consensus_1
CGTCCATTCGTCTGAA-1,True,CGTCCATTCGTCTGAA-1_contig_4,True,349,TRB,None,None,TRBJ2-7,TRBC2,False,False,None,None,904,4,clonotype1841,None
CGTCCATTCGTCTGCT-1,True,CGTCCATTCGTCTGCT-1_contig_1,True,505,TRA,TRAV1-2,None,TRAJ33,TRAC,True,True,CAATDSNYQLIW,TGTGCTGCGACTGATAGCAACTATCAGTTAATCTGG,145,4,clonotype1,clonotype1_consensus_2
CGTCCATTCGTCTGCT-1,True,CGTCCATTCGTCTGCT-1_contig_2,True,521,TRB,TRBV20-1,None,TRBJ2-1,TRBC2,True,True,CSARVGSEVNEQFF,TGCAGTGCTAGAGTGGGGTCGGAAGTCAATGAGCAGTTCTTC,1701,8,clonotype1,clonotype1_consensus_1
CGTCTACAGAGGGATA-1,True,CGTCTACAGAGGGATA-1_contig_1,True,462,TRA,TRAV13-1,None,TRAJ49,TRAC,True,True,CAASNPSLRNQFYF,TGTGCAGCAAGTAACCCCTCCCTCCGTAACCAGTTCTATTTT,1584,7,clonotype1842,clonotype1842_consensus_1
CGTCTACAGAGGGATA-1,True,CGTCTACAGAGGGATA-1_contig_2,True,515,TRB,TRBV5-5,None,TRBJ2-7,TRBC2,True,True,CASSSGASRDEQYF,TGTGCCAGCAGCTCTGGAGCCTCCCGGGACGAGCAGTACTTC,3839,12,clonotype1842,clonotype1842_consensus_2
CGTCTACAGCCGTCGT-1,True,CGTCTACAGCCGTCGT-1_contig_1,True,505,TRA,TRAV1-2,None,TRAJ33,TRAC,True,True,CAATDSNYQLIW,TGTGCTGCGACTGATAGCAACTATCAGTTAATCTGG,467,3,clonotype1,clonotype1_consensus_2
CGTCTACAGCCGTCGT-1,True,CGTCTACAGCCGTCGT-1_contig_2,True,521,TRB,TRBV20-1,None,TRBJ2-1,TRBC2,True,True,CSARVGSEVNEQFF,TGCAGTGCTAGAGTGGGGTCGGAAGTCAATGAGCAGTTCTTC,897,3,clonotype1,clonotype1_consensus_1
CGTCTACAGGCAGTCA-1,True,CGTCTACAGGCAGTCA-1_contig_1,True,505,TRA,TRAV1-2,None,TRAJ33,TRAC,True,True,CAATDSNYQLIW,TGTGCTGCGACTGATAGCAACTATCAGTTAATCTGG,417,3,clonotype1,clonotype1_consensus_2
CGTCTACAGGCAGTCA-1,True,CGTCTACAGGCAGTCA-1_contig_2,True,498,TRB,TRBV20-1,None,TRBJ2-1,TRBC2,True,True,CSARVGSEVNEQFF,TGCAGTGCTAGAGTGGGGTCGGAAGTCAATGAGCAGTTCTTC,1846,10,clonotype1,clonotype1_consensus_1
CGTCTACAGGCAGTCA-1,True,CGTCTACAGGCAGTCA-1_contig_3,True,462,TRA,TRAV10,None,TRAJ24,TRAC,True,False,None,None,110,1,clonotype1,None
CGTCTACAGTGTCCCG-1,True,CGTCTACAGTGTCCCG-1_contig_1,True,495,TRB,TRBV20-1,None,TRBJ1-2,TRBC1,True,True,CSARGRGGVNYGYTF,TGCAGTGCCCGGGGCAGGGGGGGGGTAAACTATGGCTACACCTTC,1242,4,clonotype1843,clonotype1843_consensus_1
CGTCTACAGTGTCCCG-1,True,CGTCTACAGTGTCCCG-1_contig_2,True,500,TRA,TRAV16,None,TRAJ31,TRAC,True,True,CALSGANNARLMF,TGTGCTCTAAGTGGAGCAAACAATGCCAGACTCATGTTT,645,3,clonotype1843,clonotype1843_consensus_2
CGTCTACCACAGGAGT-1,True,CGTCTACCACAGGAGT-1_contig_1,True,515,TRB,TRBV20-1,None,TRBJ2-7,TRBC2,True,True,CSARVNLNEQYF,TGCAGTGCTAGAGTAAACTTAAACGAGCAGTACTTC,543,5,clonotype1844,clonotype1844_consensus_2
CGTCTACCACAGGAGT-1,True,CGTCTACCACAGGAGT-1_contig_2,True,505,TRA,TRAV1-2,None,TRAJ37,TRAC,True,True,CAVRVWTGKLIF,TGTGCTGTGAGAGTATGGACAGGCAAACTAATCTTT,434,6,clonotype1844,clonotype1844_consensus_1
CGTCTACCACCTCGGA-1,True,CGTCTACCACCTCGGA-1_contig_1,True,622,TRA,TRAV41,None,TRAJ48,TRAC,True,True,CAALGRDNFGNEKLTF,TGTGCTGCCCTTGGGAGGGATAACTTTGGAAATGAGAAATTAACCTTT,306,3,clonotype87,clonotype87_consensus_1
CGTCTACCACCTCGGA-1,True,CGTCTACCACCTCGGA-1_contig_2,True,506,TRB,TRBV5-5,None,TRBJ2-4,TRBC2,True,True,CASSLGSYLAKNIQYF,TGTGCCAGCAGCTTGGGCAGTTACCTAGCCAAAAACATTCAGTACTTC,977,8,clonotype87,clonotype87_consensus_2
CGTCTACCAGAGTGTG-1,True,CGTCTACCAGAGTGTG-1_contig_1,True,505,TRA,TRAV1-2,None,TRAJ33,TRAC,True,True,CAATDSNYQLIW,TGTGCTGCGACTGATAGCAACTATCAGTTAATCTGG,668,2,clonotype1,clonotype1_consensus_2
CGTCTACCAGAGTGTG-1,True,CGTCTACCAGAGTGTG-1_contig_2,True,498,TRB,TRBV20-1,None,TRBJ2-1,TRBC2,True,True,CSARVGSEVNEQFF,TGCAGTGCTAGAGTGGGGTCGGAAGTCAATGAGCAGTTCTTC,1349,6,clonotype1,clonotype1_consensus_1
CGTCTACCAGAGTGTG-1,True,CGTCTACCAGAGTGTG-1_contig_3,True,469,TRA,TRAV10,None,TRAJ24,TRAC,True,False,None,None,373,1,clonotype1,None
CGTCTACGTACGAAAT-1,True,CGTCTACGTACGAAAT-1_contig_1,True,495,TRB,TRBV20-1,None,TRBJ2-5,TRBC2,True,True,CSARDDEGFQETQYF,TGCAGTGCTAGAGATGACGAGGGTTTCCAAGAGACCCAGTACTTC,5674,13,clonotype260,clonotype260_consensus_2
CGTCTACGTACGAAAT-1,True,CGTCTACGTACGAAAT-1_contig_2,True,574,TRA,TRAV29/DV5,None,TRAJ48,TRAC,True,True,CAATISNFGNEKLTF,TGTGCAGCCACTATATCTAACTTTGGAAATGAGAAATTAACCTTT,649,9,clonotype260,clonotype260_consensus_1
CGTCTACGTACGAAAT-1,True,CGTCTACGTACGAAAT-1_contig_3,True,322,TRB,None,None,TRBJ2-1,TRBC2,False,False,None,None,3812,7,clonotype260,None
CGTCTACGTCTAAACC-1,True,CGTCTACGTCTAAACC-1_contig_1,True,526,TRA,TRAV14/DV4,None,TRAJ34,TRAC,True,True,CAMREDAYNTDKLIF,TGTGCAATGAGAGAGGACGCTTATAACACCGACAAGCTCATCTTT,779,6,clonotype1845,clonotype1845_consensus_1
CGTCTACGTCTAAACC-1,True,CGTCTACGTCTAAACC-1_contig_2,True,530,TRB,TRBV20-1,None,TRBJ2-7,TRBC2,True,True,CSAREEGAGGLSYEQYF,TGCAGTGCTAGAGAAGAGGGAGCGGGGGGCCTCTCCTACGAGCAGTACTTC,1419,9,clonotype1845,clonotype1845_consensus_2
CGTCTACGTGAGGGAG-1,True,CGTCTACGTGAGGGAG-1_contig_1,True,583,TRA,TRAV41,None,TRAJ47,TRAC,True,True,CAVYSGNKLVF,TGTGCTGTCTATAGTGGAAACAAACTGGTCTTT,1770,4,clonotype1846,clonotype1846_consensus_2
CGTCTACGTGAGGGAG-1,True,CGTCTACGTGAGGGAG-1_contig_2,True,527,TRB,TRBV20-1,None,TRBJ1-5,TRBC1,True,True,CSASEVLQWSNQPQHF,TGCAGTGCCTCAGAGGTCCTCCAGTGGAGCAATCAGCCCCAGCATTTT,1500,7,clonotype1846,clonotype1846_consensus_1
CGTCTACGTGTGAATA-1,True,CGTCTACGTGTGAATA-1_contig_1,True,476,TRB,TRBV20-1,None,TRBJ2-1,TRBC2,True,True,CSARVGSEVNEQFF,TGCAGTGCTAGAGTGGGGTCGGAAGTCAATGAGCAGTTCTTC,6584,3,clonotype2,clonotype2_consensus_1
CGTCTACGTGTTTGGT-1,True,CGTCTACGTGTTTGGT-1_contig_1,True,505,TRA,TRAV1-2,None,TRAJ33,TRAC,True,True,CAATDSNYQLIW,TGTGCTGCGACTGATAGCAACTATCAGTTAATCTGG,194,4,clonotype1,clonotype1_consensus_2
CGTCTACGTGTTTGGT-1,True,CGTCTACGTGTTTGGT-1_contig_2,True,521,TRB,TRBV20-1,None,TRBJ2-1,TRBC2,True,True,CSARVGSEVNEQFF,TGCAGTGCTAGAGTGGGGTCGGAAGTCAATGAGCAGTTCTTC,2694,11,clonotype1,clonotype1_consensus_1
CGTCTACGTGTTTGTG-1,True,CGTCTACGTGTTTGTG-1_contig_1,True,505,TRB,TRBV20-1,None,TRBJ2-1,TRBC2,True,True,CSARVGSEVNEQFF,TGCAGTGCTAGAGTGGGGTCGGAAGTCAATGAGCAGTTCTTC,1732,8,clonotype2,clonotype2_consensus_1
CGTCTACGTTCCACGG-1,True,CGTCTACGTTCCACGG-1_contig_1,True,556,TRA,TRAV12-1,None,TRAJ22,TRAC,True,True,CVVNAPGSARQLTF,TGTGTGGTGAACGCCCCTGGTTCTGCAAGGCAACTGACCTTT,2747,8,clonotype1847,clonotype1847_consensus_2
CGTCTACGTTCCACGG-1,True,CGTCTACGTTCCACGG-1_contig_2,True,495,TRB,TRBV20-1,None,TRBJ1-4,TRBC1,True,True,CSARAGGARAEKLFF,TGCAGTGCTAGAGCAGGGGGGGCCAGGGCCGAAAAACTGTTTTTT,1859,8,clonotype1847,clonotype1847_consensus_1
CGTCTACGTTCGGCAC-1,True,CGTCTACGTTCGGCAC-1_contig_1,True,459,TRA,TRAV13-1,None,TRAJ40,TRAC,True,True,CAAIPSGTYKYIF,TGTGCAGCAATCCCCTCAGGAACCTACAAATACATCTTT,1627,9,clonotype307,clonotype307_consensus_1
CGTCTACGTTCGGCAC-1,True,CGTCTACGTTCGGCAC-1_contig_2,True,527,TRB,TRBV20-1,None,TRBJ2-1,TRBC2,True,True,CSASPLTSGGHNEQFF,TGCAGTGCTAGCCCCCTTACTAGCGGGGGCCACAATGAGCAGTTCTTC,300,4,clonotype307,clonotype307_consensus_2
CGTCTACTCACAACGT-1,True,CGTCTACTCACAACGT-1_contig_1,True,492,TRB,TRBV20-1,None,TRBJ2-1,TRBC2,True,True,CSARVGSEVNEQFF,TGCAGTGCTAGAGTGGGGTCGGAAGTCAATGAGCAGTTCTTC,263,5,clonotype2,clonotype2_consensus_1
CGTCTACTCATGTGGT-1,True,CGTCTACTCATGTGGT-1_contig_1,True,507,TRA,TRAV12-3,None,TRAJ48,TRAC,True,True,CAMSDKSNFGNEKLTF,TGTGCAATGAGCGACAAGTCTAACTTTGGAAATGAGAAATTAACCTTT,1198,8,clonotype1848,clonotype1848_consensus_2
CGTCTACTCATGTGGT-1,True,CGTCTACTCATGTGGT-1_contig_2,True,512,TRB,TRBV5-5,None,TRBJ2-7,TRBC2,True,True,CASSRSWGGAYEQYF,TGTGCCAGCAGCCGGTCCTGGGGAGGTGCCTACGAGCAGTACTTC,2828,8,clonotype1848,clonotype1848_consensus_1
CGTCTACTCTCGTTTA-1,True,CGTCTACTCTCGTTTA-1_contig_1,True,547,TRA,TRAV12-2,None,TRAJ10,TRAC,True,True,CAVLPTGGGNKLTF,TGTGCCGTCCTTCCCACGGGAGGAGGAAACAAACTCACCTTT,399,3,clonotype1849,clonotype1849_consensus_2
CGTCTACTCTCGTTTA-1,True,CGTCTACTCTCGTTTA-1_contig_2,True,498,TRB,TRBV20-1,None,TRBJ2-3,TRBC2,True,True,CSARDPSRGDTQYF,TGCAGTGCTAGAGATCCAAGCAGGGGAGATACGCAGTATTTT,398,5,clonotype1849,clonotype1849_consensus_1
CGTGAGCAGAGCTTCT-1,True,CGTGAGCAGAGCTTCT-1_contig_1,True,470,TRB,TRBV20-1,None,TRBJ2-1,TRBC2,True,True,CRCGVAVYNEQFF,TGCAGATGCGGGGTAGCGGTCTACAATGAGCAGTTCTTC,1188,7,clonotype1850,clonotype1850_consensus_1
CGTGAGCAGATCCCGC-1,True,CGTGAGCAGATCCCGC-1_contig_1,True,498,TRB,TRBV20-1,None,TRBJ2-1,TRBC2,True,True,CSARVGSEVNEQFF,TGCAGTGCTAGAGTGGGGTCGGAAGTCAATGAGCAGTTCTTC,1546,6,clonotype2,clonotype2_consensus_1
CGTGAGCAGCCAGTAG-1,True,CGTGAGCAGCCAGTAG-1_contig_1,True,505,TRA,TRAV1-2,None,TRAJ33,TRAC,True,True,CAATDSNYQLIW,TGTGCTGCGACTGATAGCAACTATCAGTTAATCTGG,761,4,clonotype1,clonotype1_consensus_2
CGTGAGCAGCCAGTAG-1,True,CGTGAGCAGCCAGTAG-1_contig_2,True,521,TRB,TRBV20-1,None,TRBJ2-1,TRBC2,True,True,CSARVGSEVNEQFF,TGCAGTGCTAGAGTGGGGTCGGAAGTCAATGAGCAGTTCTTC,1992,10,clonotype1,clonotype1_consensus_1
CGTGAGCAGCCAGTAG-1,True,CGTGAGCAGCCAGTAG-1_contig_3,True,482,TRA,TRAV10,None,TRAJ24,TRAC,True,False,None,None,518,2,clonotype1,None
CGTGAGCAGCTCAACT-1,True,CGTGAGCAGCTCAACT-1_contig_1,True,521,TRB,TRBV20-1,None,TRBJ2-1,TRBC2,True,True,CSARVGSEVNEQFF,TGCAGTGCTAGAGTGGGGTCGGAAGTCAATGAGCAGTTCTTC,1269,9,clonotype2,clonotype2_consensus_1
CGTGAGCAGTGCCAGA-1,True,CGTGAGCAGTGCCAGA-1_contig_1,True,505,TRA,TRAV1-2,None,TRAJ33,TRAC,True,True,CAATDSNYQLIW,TGTGCTGCGACTGATAGCAACTATCAGTTAATCTGG,313,4,clonotype1,clonotype1_consensus_2
CGTGAGCAGTGCCAGA-1,True,CGTGAGCAGTGCCAGA-1_contig_2,True,470,TRB,TRBV20-1,None,TRBJ2-1,TRBC2,True,True,CSARVGSEVNEQFF,TGCAGTGCTAGAGTGGGGTCGGAAGTCAATGAGCAGTTCTTC,1175,4,clonotype1,clonotype1_consensus_1
CGTGAGCAGTTAAGTG-1,True,CGTGAGCAGTTAAGTG-1_contig_1,True,505,TRA,TRAV1-2,None,TRAJ33,TRAC,True,True,CAATDSNYQLIW,TGTGCTGCGACTGATAGCAACTATCAGTTAATCTGG,301,3,clonotype1,clonotype1_consensus_2
CGTGAGCAGTTAAGTG-1,True,CGTGAGCAGTTAAGTG-1_contig_2,True,521,TRB,TRBV20-1,None,TRBJ2-1,TRBC2,True,True,CSARVGSEVNEQFF,TGCAGTGCTAGAGTGGGGTCGGAAGTCAATGAGCAGTTCTTC,4411,21,clonotype1,clonotype1_consensus_1
CGTGAGCCAAATACAG-1,True,CGTGAGCCAAATACAG-1_contig_1,True,505,TRA,TRAV1-2,None,TRAJ33,TRAC,True,True,CAATDSNYQLIW,TGTGCTGCGACTGATAGCAACTATCAGTTAATCTGG,172,1,clonotype1,clonotype1_consensus_2
CGTGAGCCAAATACAG-1,True,CGTGAGCCAAATACAG-1_contig_2,True,498,TRB,TRBV20-1,None,TRBJ2-1,TRBC2,True,True,CSARVGSEVNEQFF,TGCAGTGCTAGAGTGGGGTCGGAAGTCAATGAGCAGTTCTTC,1977,8,clonotype1,clonotype1_consensus_1
CGTGAGCCAAGACACG-1,True,CGTGAGCCAAGACACG-1_contig_1,True,507,TRA,TRAV30,None,TRAJ16,TRAC,True,True,CGSLDGQKLLF,TGTGGCTCCCTGGATGGCCAGAAGCTGCTCTTT,775,4,clonotype1851,clonotype1851_consensus_1
CGTGAGCCAAGACACG-1,True,CGTGAGCCAAGACACG-1_contig_2,True,527,TRB,TRBV20-1,None,TRBJ2-1,TRBC2,True,True,CSARDQGRDSHNEQFF,TGCAGTGCTAGAGACCAGGGTCGGGACAGTCACAATGAGCAGTTCTTC,1247,6,clonotype1851,clonotype1851_consensus_2
CGTGAGCCACTAAGTC-1,True,CGTGAGCCACTAAGTC-1_contig_1,True,509,TRB,TRBV20-1,None,TRBJ1-2,TRBC1,True,True,CSAGTNGYTF,TGCAGTGCAGGGACGAATGGCTACACCTTC,2134,5,clonotype1852,clonotype1852_consensus_1
CGTGAGCCACTAAGTC-1,True,CGTGAGCCACTAAGTC-1_contig_2,True,468,TRA,TRAV13-1,None,TRAJ45,TRAC,True,True,CAASTDSGGGADGLTF,TGTGCAGCAAGTACGGATTCAGGAGGAGGTGCTGACGGACTCACCTTT,578,5,clonotype1852,clonotype1852_consensus_2
CGTGAGCCACTATCTT-1,True,CGTGAGCCACTATCTT-1_contig_1,True,521,TRB,TRBV20-1,None,TRBJ2-1,TRBC2,True,True,CSARVGSEVNEQFF,TGCAGTGCTAGAGTGGGGTCGGAAGTCAATGAGCAGTTCTTC,1466,8,clonotype2,clonotype2_consensus_1
CGTGAGCCACTATCTT-1,True,CGTGAGCCACTATCTT-1_contig_2,True,503,TRA,TRAV10,None,TRAJ24,TRAC,True,False,None,None,1175,4,clonotype2,None
CGTGAGCCACTGTTAG-1,True,CGTGAGCCACTGTTAG-1_contig_1,True,454,TRA,TRAV2,None,TRAJ18,TRAC,True,True,CAVADRGSTLGRLYF,TGTGCTGTGGCGGACAGAGGCTCAACCCTGGGGAGGCTATACTTT,412,2,clonotype1853,clonotype1853_consensus_2
CGTGAGCCACTGTTAG-1,True,CGTGAGCCACTGTTAG-1_contig_2,True,664,TRB,TRBV5-6,None,TRBJ1-1,TRBC1,True,True,CASSFITGRTMNTEAFF,TGTGCCAGCAGCTTTATTACAGGGAGGACCATGAACACTGAAGCTTTCTTT,848,6,clonotype1853,clonotype1853_consensus_1
CGTGAGCCAGCGTCCA-1,True,CGTGAGCCAGCGTCCA-1_contig_1,True,527,TRB,TRBV18,None,TRBJ2-3,TRBC2,True,True,CASSPVADTQYF,TGTGCCAGCTCACCGGTTGCAGATACGCAGTATTTT,1386,7,clonotype1854,clonotype1854_consensus_2
CGTGAGCCAGCGTCCA-1,True,CGTGAGCCAGCGTCCA-1_contig_2,True,468,TRA,TRAV13-1,None,TRAJ42,TRAC,True,True,CAASNPLGGSQGNLIF,TGTGCAGCAAGTAACCCCCTGGGAGGAAGCCAAGGAAATCTCATCTTT,653,3,clonotype1854,clonotype1854_consensus_1
CGTGAGCCAGCGTCCA-1,True,CGTGAGCCAGCGTCCA-1_contig_3,True,507,TRA,TRAV23/DV6,None,TRAJ7,TRAC,True,False,CAASKRGTTDSLL,TGTGCAGCAAGCAAGAGGGGAACAACAGACTCGCTTTTG,392,3,clonotype1854,None
CGTGAGCCAGGGCATA-1,True,CGTGAGCCAGGGCATA-1_contig_1,True,505,TRA,TRAV1-2,None,TRAJ33,TRAC,True,True,CAATDSNYQLIW,TGTGCTGCGACTGATAGCAACTATCAGTTAATCTGG,179,2,clonotype1,clonotype1_consensus_2
CGTGAGCCAGGGCATA-1,True,CGTGAGCCAGGGCATA-1_contig_2,True,518,TRB,TRBV20-1,None,TRBJ2-1,TRBC2,True,True,CSARVGSEVNEQFF,TGCAGTGCTAGAGTGGGGTCGGAAGTCAATGAGCAGTTCTTC,604,4,clonotype1,clonotype1_consensus_1
CGTGAGCCAGGGCATA-1,True,CGTGAGCCAGGGCATA-1_contig_3,True,465,TRA,TRAV10,None,TRAJ24,TRAC,True,False,None,None,368,1,clonotype1,None
CGTGAGCCATATACCG-1,True,CGTGAGCCATATACCG-1_contig_1,True,505,TRA,TRAV1-2,None,TRAJ33,TRAC,True,True,CAATDSNYQLIW,TGTGCTGCGACTGATAGCAACTATCAGTTAATCTGG,509,2,clonotype1,clonotype1_consensus_2
CGTGAGCCATATACCG-1,True,CGTGAGCCATATACCG-1_contig_2,True,521,TRB,TRBV20-1,None,TRBJ2-1,TRBC2,True,True,CSARVGSEVNEQFF,TGCAGTGCTAGAGTGGGGTCGGAAGTCAATGAGCAGTTCTTC,2283,11,clonotype1,clonotype1_consensus_1
CGTGAGCCATATACCG-1,True,CGTGAGCCATATACCG-1_contig_3,True,459,TRA,TRAV10,None,TRAJ24,TRAC,True,False,None,None,301,1,clonotype1,None
CGTGAGCGTACAGTTC-1,True,CGTGAGCGTACAGTTC-1_contig_1,True,521,TRB,TRBV20-1,None,TRBJ2-1,TRBC2,True,True,CSARVGSEVNEQFF,TGCAGTGCTAGAGTGGGGTCGGAAGTCAATGAGCAGTTCTTC,1244,6,clonotype2,clonotype2_consensus_1
CGTGAGCGTCTCAACA-1,True,CGTGAGCGTCTCAACA-1_contig_1,True,501,TRA,TRAV1-2,None,TRAJ33,TRAC,True,True,CAATDSNYQLIW,TGTGCTGCGACTGATAGCAACTATCAGTTAATCTGG,606,3,clonotype1,clonotype1_consensus_2
CGTGAGCGTCTCAACA-1,True,CGTGAGCGTCTCAACA-1_contig_2,True,521,TRB,TRBV20-1,None,TRBJ2-1,TRBC2,True,True,CSARVGSEVNEQFF,TGCAGTGCTAGAGTGGGGTCGGAAGTCAATGAGCAGTTCTTC,2009,10,clonotype1,clonotype1_consensus_1
CGTGAGCGTCTCCACT-1,True,CGTGAGCGTCTCCACT-1_contig_1,True,505,TRA,TRAV1-2,None,TRAJ33,TRAC,True,True,CAATDSNYQLIW,TGTGCTGCGACTGATAGCAACTATCAGTTAATCTGG,239,1,clonotype1,clonotype1_consensus_2
CGTGAGCGTCTCCACT-1,True,CGTGAGCGTCTCCACT-1_contig_2,True,498,TRB,TRBV20-1,None,TRBJ2-1,TRBC2,True,True,CSARVGSEVNEQFF,TGCAGTGCTAGAGTGGGGTCGGAAGTCAATGAGCAGTTCTTC,836,7,clonotype1,clonotype1_consensus_1
CGTGAGCGTCTCCATC-1,True,CGTGAGCGTCTCCATC-1_contig_1,True,518,TRB,TRBV20-1,None,TRBJ1-1,TRBC1,True,True,CSAERTGPTEAFF,TGCAGTGCTGAGAGGACAGGGCCCACTGAAGCTTTCTTT,216,3,clonotype221,clonotype221_consensus_1
CGTGAGCGTCTCCATC-1,True,CGTGAGCGTCTCCATC-1_contig_2,True,577,TRA,TRAV8-1,None,TRAJ45,TRAC,True,True,CAVMDSGGGADGLTF,TGTGCCGTGATGGATTCAGGAGGAGGTGCTGACGGACTCACCTTT,868,7,clonotype221,clonotype221_consensus_2
CGTGAGCGTCTCCATC-1,True,CGTGAGCGTCTCCATC-1_contig_3,True,411,TRA,TRAV29/DV5,None,TRAJ28,TRAC,True,False,CAASDGSGAGSYQLTF,TGTGCAGCAAGCGACGGATCTGGGGCTGGGAGTTACCAACTCACTTTC,156,1,clonotype221,None
CGTGAGCGTGAGGCTA-1,True,CGTGAGCGTGAGGCTA-1_contig_1,True,506,TRB,TRBV5-5,None,TRBJ1-2,TRBC1,True,True,CASSLAHRASYGYTF,TGTGCCAGCAGCTTGGCCCACAGGGCCTCCTATGGCTACACCTTC,414,2,clonotype1855,clonotype1855_consensus_1
CGTGAGCGTGAGGCTA-1,True,CGTGAGCGTGAGGCTA-1_contig_2,True,447,TRB,TRBV5-1,None,TRBJ2-7,TRBC2,True,False,None,None,25,1,clonotype1855,None
CGTGAGCGTGATGTGG-1,True,CGTGAGCGTGATGTGG-1_contig_1,True,527,TRB,TRBV20-1,None,TRBJ1-1,TRBC1,True,True,CSARVGSVGTNTEAFF,TGCAGTGCTAGAGTTGGGAGCGTGGGGACAAACACTGAAGCTTTCTTT,3228,8,clonotype139,clonotype139_consensus_2
CGTGAGCGTGATGTGG-1,True,CGTGAGCGTGATGTGG-1_contig_2,True,511,TRA,TRAV29/DV5,None,TRAJ40,TRAC,True,True,CAASMTGTYKYIF,TGTGCAGCAAGCATGACAGGAACCTACAAATACATCTTT,468,3,clonotype139,clonotype139_consensus_1
CGTGAGCGTGATGTGG-1,True,CGTGAGCGTGATGTGG-1_contig_3,True,388,TRB,None,None,TRBJ2-2P,TRBC2,False,False,None,None,927,6,clonotype139,None
CGTGAGCGTGTGAAAT-1,True,CGTGAGCGTGTGAAAT-1_contig_1,True,521,TRB,TRBV20-1,None,TRBJ2-7,TRBC2,True,True,CSARVAVSSYEQYF,TGCAGTGCTAGAGTAGCGGTTAGCTCCTACGAGCAGTACTTC,1342,7,clonotype1856,clonotype1856_consensus_2
CGTGAGCGTGTGAAAT-1,True,CGTGAGCGTGTGAAAT-1_contig_2,True,689,TRA,TRAV8-3,None,TRAJ42,TRAC,True,True,CAVVTRWDYGGSQGNLIF,TGTGCTGTGGTAACAAGGTGGGATTATGGAGGAAGCCAAGGAAATCTCATCTTT,563,3,clonotype1856,clonotype1856_consensus_1
CGTGAGCGTGTGAAAT-1,True,CGTGAGCGTGTGAAAT-1_contig_3,True,373,TRA,TRAV26-2,None,None,TRAC,False,False,None,None,1097,2,clonotype1856,None
CGTGAGCTCACTATTC-1,True,CGTGAGCTCACTATTC-1_contig_1,True,512,TRA,TRAV2,None,TRAJ33,TRAC,True,True,CAVEDSNYQLIW,TGTGCTGTGGAGGATAGCAACTATCAGTTAATCTGG,828,2,clonotype1857,clonotype1857_consensus_1
CGTGAGCTCACTATTC-1,True,CGTGAGCTCACTATTC-1_contig_2,True,504,TRB,TRBV20-1,None,TRBJ1-1,TRBC1,True,True,CRALGVGAQRGTEAFF,TGCAGGGCCCTCGGCGTTGGGGCCCAGAGGGGAACTGAAGCTTTCTTT,3123,11,clonotype1857,clonotype1857_consensus_2
CGTGAGCTCATGCTCC-1,True,CGTGAGCTCATGCTCC-1_contig_1,True,501,TRA,TRAV12-3,None,TRAJ36,TRAC,True,True,CAMSAGDGANNLFF,TGTGCAATGAGCGCGGGAGATGGGGCAAACAACCTCTTCTTT,671,2,clonotype1858,clonotype1858_consensus_3
CGTGAGCTCATGCTCC-1,True,CGTGAGCTCATGCTCC-1_contig_2,True,521,TRB,TRBV20-1,None,TRBJ1-1,TRBC1,True,True,CSARDRYRIAEAFF,TGCAGTGCTAGAGATCGCTACAGGATCGCTGAAGCTTTCTTT,626,5,clonotype1858,clonotype1858_consensus_2
CGTGAGCTCATGCTCC-1,True,CGTGAGCTCATGCTCC-1_contig_3,True,568,TRA,TRAV29/DV5,None,TRAJ37,TRAC,True,True,CAAASSNTGKLIF,TGTGCAGCCGCCTCTAGCAACACAGGCAAACTAATCTTT,274,2,clonotype1858,clonotype1858_consensus_1
CGTGAGCTCATGCTCC-1,True,CGTGAGCTCATGCTCC-1_contig_4,True,361,TRB,None,None,TRBJ2-1,TRBC2,False,False,None,None,624,2,clonotype1858,None
CGTGAGCTCCAACCAA-1,True,CGTGAGCTCCAACCAA-1_contig_1,True,492,TRB,TRBV20-1,None,TRBJ2-1,TRBC2,True,True,CSAEWGYNEQFF,TGCAGTGCTGAGTGGGGTTACAATGAGCAGTTCTTC,4069,12,clonotype1859,clonotype1859_consensus_1
CGTGAGCTCCAACCAA-1,True,CGTGAGCTCCAACCAA-1_contig_2,True,688,TRA,TRAV8-3,None,TRAJ32,TRAC,True,True,CAVAQNYGGATNKLIF,TGTGCTGTGGCTCAGAATTATGGTGGTGCTACAAACAAGCTCATCTTT,941,5,clonotype1859,clonotype1859_consensus_2
CGTGAGCTCGCCTGAG-1,True,CGTGAGCTCGCCTGAG-1_contig_1,True,505,TRA,TRAV1-2,None,TRAJ33,TRAC,True,True,CAATDSNYQLIW,TGTGCTGCGACTGATAGCAACTATCAGTTAATCTGG,468,1,clonotype1,clonotype1_consensus_2
CGTGAGCTCGCCTGAG-1,True,CGTGAGCTCGCCTGAG-1_contig_2,True,521,TRB,TRBV20-1,None,TRBJ2-1,TRBC2,True,True,CSARVGSEVNEQFF,TGCAGTGCTAGAGTGGGGTCGGAAGTCAATGAGCAGTTCTTC,1882,11,clonotype1,clonotype1_consensus_1
CGTGAGCTCGCCTGAG-1,True,CGTGAGCTCGCCTGAG-1_contig_3,True,465,TRA,TRAV10,None,TRAJ24,TRAC,True,False,None,None,450,1,clonotype1,None
CGTGTAAAGATACACA-1,True,CGTGTAAAGATACACA-1_contig_1,True,558,TRA,TRAV12-1,None,TRAJ49,TRAC,True,True,CVVNIGDTGNQFYF,TGTGTGGTGAACATAGGGGACACCGGTAACCAGTTCTATTTT,425,5,clonotype1860,clonotype1860_consensus_2
CGTGTAAAGATACACA-1,True,CGTGTAAAGATACACA-1_contig_2,True,532,TRB,TRBV5-5,None,TRBJ2-5,TRBC2,True,True,CASSLGLAGVETQYF,TGTGCCAGCAGCTTGGGACTAGCGGGGGTCGAGACCCAGTACTTC,196,1,clonotype1860,clonotype1860_consensus_1
CGTGTAAAGGCAATTA-1,True,CGTGTAAAGGCAATTA-1_contig_1,True,505,TRA,TRAV1-2,None,TRAJ33,TRAC,True,True,CAATDSNYQLIW,TGTGCTGCGACTGATAGCAACTATCAGTTAATCTGG,335,5,clonotype1,clonotype1_consensus_2
CGTGTAAAGGCAATTA-1,True,CGTGTAAAGGCAATTA-1_contig_2,True,521,TRB,TRBV20-1,None,TRBJ2-1,TRBC2,True,True,CSARVGSEVNEQFF,TGCAGTGCTAGAGTGGGGTCGGAAGTCAATGAGCAGTTCTTC,1522,9,clonotype1,clonotype1_consensus_1
CGTGTAAAGGCAATTA-1,True,CGTGTAAAGGCAATTA-1_contig_3,True,389,TRB,None,None,TRBJ1-4,TRBC1,False,False,None,None,44,1,clonotype1,None
CGTGTAAAGGTACTCT-1,True,CGTGTAAAGGTACTCT-1_contig_1,True,658,TRB,TRBV5-6,None,TRBJ1-5,TRBC1,True,True,CASSFASANQPQHF,TGTGCCAGCAGCTTTGCCAGCGCGAATCAGCCCCAGCATTTT,975,6,clonotype1861,clonotype1861_consensus_1
CGTGTAAAGTAAGTAC-1,True,CGTGTAAAGTAAGTAC-1_contig_1,True,505,TRA,TRAV1-2,None,TRAJ33,TRAC,True,True,CAATDSNYQLIW,TGTGCTGCGACTGATAGCAACTATCAGTTAATCTGG,318,4,clonotype1,clonotype1_consensus_2
CGTGTAAAGTAAGTAC-1,True,CGTGTAAAGTAAGTAC-1_contig_2,True,521,TRB,TRBV20-1,None,TRBJ2-1,TRBC2,True,True,CSARVGSEVNEQFF,TGCAGTGCTAGAGTGGGGTCGGAAGTCAATGAGCAGTTCTTC,1906,6,clonotype1,clonotype1_consensus_1
CGTGTAAAGTTTGCGT-1,True,CGTGTAAAGTTTGCGT-1_contig_1,True,505,TRA,TRAV1-2,None,TRAJ33,TRAC,True,True,CAATDSNYQLIW,TGTGCTGCGACTGATAGCAACTATCAGTTAATCTGG,1093,6,clonotype1,clonotype1_consensus_2
CGTGTAAAGTTTGCGT-1,True,CGTGTAAAGTTTGCGT-1_contig_2,True,521,TRB,TRBV20-1,None,TRBJ2-1,TRBC2,True,True,CSARVGSEVNEQFF,TGCAGTGCTAGAGTGGGGTCGGAAGTCAATGAGCAGTTCTTC,740,9,clonotype1,clonotype1_consensus_1
CGTGTAACAGACTCGC-1,True,CGTGTAACAGACTCGC-1_contig_1,True,518,TRA,TRAV27,None,TRAJ43,TRAC,True,True,CAGDNNDMRF,TGTGCAGGAGATAACAATGACATGCGCTTT,705,7,clonotype126,clonotype126_consensus_2
CGTGTAACAGACTCGC-1,True,CGTGTAACAGACTCGC-1_contig_2,True,499,TRB,TRBV5-6,None,TRBJ2-3,TRBC2,True,True,CASSLVSLAGRADTQYF,TGTGCCAGCAGCTTGGTCTCCCTAGCGGGGAGGGCAGATACGCAGTATTTT,925,8,clonotype126,clonotype126_consensus_1
CGTGTAACAGCCAATT-1,True,CGTGTAACAGCCAATT-1_contig_1,True,505,TRA,TRAV1-2,None,TRAJ33,TRAC,True,True,CAATDSNYQLIW,TGTGCTGCGACTGATAGCAACTATCAGTTAATCTGG,304,2,clonotype1,clonotype1_consensus_2
CGTGTAACAGCCAATT-1,True,CGTGTAACAGCCAATT-1_contig_2,True,472,TRB,TRBV20-1,None,TRBJ2-1,TRBC2,True,True,CSARVGSEVNEQFF,TGCAGTGCTAGAGTGGGGTCGGAAGTCAATGAGCAGTTCTTC,502,5,clonotype1,clonotype1_consensus_1
CGTGTAACAGCTGCAC-1,True,CGTGTAACAGCTGCAC-1_contig_1,True,504,TRB,TRBV5-5,None,TRBJ1-5,TRBC1,True,True,CASSSTHNQPQHF,TGTGCCAGCAGCTCAACCCACAATCAGCCCCAGCATTTT,269,4,clonotype1862,clonotype1862_consensus_1
CGTGTAACAGCTGCAC-1,True,CGTGTAACAGCTGCAC-1_contig_2,True,311,TRB,None,None,TRBJ1-6,TRBC1,False,False,None,None,304,1,clonotype1862,None
CGTGTAACATCGGAAG-1,True,CGTGTAACATCGGAAG-1_contig_1,True,524,TRB,TRBV20-1,None,TRBJ2-1,TRBC2,True,True,CSAIPGAGGNNEQFF,TGCAGTGCTATTCCTGGAGCGGGGGGAAACAATGAGCAGTTCTTC,653,5,clonotype1863,clonotype1863_consensus_1
CGTGTAACATCGGAAG-1,True,CGTGTAACATCGGAAG-1_contig_2,True,621,TRA,TRAV3,None,TRAJ3,TRAC,True,True,CAVRSGYSSASKIIF,TGTGCTGTGAGATCGGGGTACAGCAGTGCTTCCAAGATAATCTTT,252,2,clonotype1863,clonotype1863_consensus_2
CGTGTAAGTCGGATCC-1,True,CGTGTAAGTCGGATCC-1_contig_1,True,498,TRB,TRBV20-1,None,TRBJ2-1,TRBC2,True,True,CSARVGSEVNEQFF,TGCAGTGCTAGAGTGGGGTCGGAAGTCAATGAGCAGTTCTTC,1227,6,clonotype2,clonotype2_consensus_1
CGTGTAAGTCGGATCC-1,True,CGTGTAAGTCGGATCC-1_contig_2,True,459,TRA,TRAV10,None,TRAJ24,TRAC,True,False,None,None,199,1,clonotype2,None
CGTGTAAGTCGGCACT-1,True,CGTGTAAGTCGGCACT-1_contig_1,True,505,TRA,TRAV1-2,None,TRAJ33,TRAC,True,True,CAATDSNYQLIW,TGTGCTGCGACTGATAGCAACTATCAGTTAATCTGG,445,2,clonotype1,clonotype1_consensus_2
CGTGTAAGTCGGCACT-1,True,CGTGTAAGTCGGCACT-1_contig_2,True,521,TRB,TRBV20-1,None,TRBJ2-1,TRBC2,True,True,CSARVGSEVNEQFF,TGCAGTGCTAGAGTGGGGTCGGAAGTCAATGAGCAGTTCTTC,359,3,clonotype1,clonotype1_consensus_1
CGTGTAATCCCATTTA-1,True,CGTGTAATCCCATTTA-1_contig_1,True,505,TRA,TRAV1-2,None,TRAJ33,TRAC,True,True,CAATDSNYQLIW,TGTGCTGCGACTGATAGCAACTATCAGTTAATCTGG,495,4,clonotype1,clonotype1_consensus_2
CGTGTAATCCCATTTA-1,True,CGTGTAATCCCATTTA-1_contig_2,True,521,TRB,TRBV20-1,None,TRBJ2-1,TRBC2,True,True,CSARVGSEVNEQFF,TGCAGTGCTAGAGTGGGGTCGGAAGTCAATGAGCAGTTCTTC,806,7,clonotype1,clonotype1_consensus_1
CGTGTAATCCGTAGGC-1,True,CGTGTAATCCGTAGGC-1_contig_1,True,518,TRB,TRBV20-1,None,TRBJ2-7,TRBC2,True,True,CSAEGLASYEQYF,TGCAGTGCGGAGGGACTAGCCTCCTACGAGCAGTACTTC,619,6,clonotype58,clonotype58_consensus_1
CGTGTAATCCGTAGGC-1,True,CGTGTAATCCGTAGGC-1_contig_2,True,654,TRA,TRAV8-2,None,TRAJ22,TRAC,True,True,CGSGSARQLTF,TGTGGCTCTGGTTCTGCAAGGCAACTGACCTTT,605,3,clonotype58,clonotype58_consensus_2
CGTGTAATCTGCTGCT-1,True,CGTGTAATCTGCTGCT-1_contig_1,True,485,TRB,TRBV20-1,None,TRBJ2-1,TRBC2,True,True,CSARVGSEVNEQFF,TGCAGTGCTAGAGTGGGGTCGGAAGTCAATGAGCAGTTCTTC,421,2,clonotype2,clonotype2_consensus_1
CGTGTCTAGAAAGTGG-1,True,CGTGTCTAGAAAGTGG-1_contig_1,True,550,TRA,TRAV26-2,None,TRAJ57,TRAC,True,True,CILIQGPEKLVF,TGCATCCTGATCCAGGGTCCTGAAAAGCTGGTCTTT,66,7,clonotype308,clonotype308_consensus_2
CGTGTCTAGAAAGTGG-1,True,CGTGTCTAGAAAGTGG-1_contig_2,True,498,TRB,TRBV20-1,None,TRBJ1-1,TRBC1,True,True,CSARDLMVGTEAFF,TGCAGTGCTAGAGATCTTATGGTAGGGACTGAAGCTTTCTTT,953,5,clonotype308,clonotype308_consensus_1
CGTGTCTAGACTGGGT-1,True,CGTGTCTAGACTGGGT-1_contig_1,True,505,TRA,TRAV1-2,None,TRAJ33,TRAC,True,True,CAATDSNYQLIW,TGTGCTGCGACTGATAGCAACTATCAGTTAATCTGG,345,3,clonotype1,clonotype1_consensus_2
CGTGTCTAGACTGGGT-1,True,CGTGTCTAGACTGGGT-1_contig_2,True,521,TRB,TRBV20-1,None,TRBJ2-1,TRBC2,True,True,CSARVGSEVNEQFF,TGCAGTGCTAGAGTGGGGTCGGAAGTCAATGAGCAGTTCTTC,1751,9,clonotype1,clonotype1_consensus_1
CGTGTCTAGAGGGATA-1,True,CGTGTCTAGAGGGATA-1_contig_1,True,465,TRA,TRAV13-1,None,TRAJ42,TRAC,True,True,CAASNRGGSQGNLIF,TGTGCAGCAAGTAATCGTGGAGGAAGCCAAGGAAATCTCATCTTT,935,4,clonotype1864,clonotype1864_consensus_1
CGTGTCTAGAGGGATA-1,True,CGTGTCTAGAGGGATA-1_contig_2,True,663,TRB,TRBV5-6,None,TRBJ1-1,TRBC1,True,True,CASSPKMTGREAFF,TGTGCCAGCAGCCCAAAAATGACAGGGCGGGAAGCTTTCTTT,1875,7,clonotype1864,clonotype1864_consensus_2
CGTGTCTAGCCCTAAT-1,True,CGTGTCTAGCCCTAAT-1_contig_1,True,501,TRA,TRAV12-3,None,TRAJ32,TRAC,True,True,CARRYGGATNKLIF,TGTGCACGGAGATATGGTGGTGCTACAAACAAGCTCATCTTT,1041,5,clonotype22,clonotype22_consensus_1
CGTGTCTAGCCCTAAT-1,True,CGTGTCTAGCCCTAAT-1_contig_2,True,670,TRB,TRBV5-6,None,TRBJ2-2,TRBC2,True,True,CASSLSPEDPTNTGELFF,TGTGCCAGCAGCTTGAGTCCGGAAGACCCTACGAACACCGGGGAGCTGTTTTTT,1717,11,clonotype22,clonotype22_consensus_2
CGTGTCTAGCCCTAAT-1,True,CGTGTCTAGCCCTAAT-1_contig_3,True,381,TRB,None,None,TRBJ2-7,TRBC2,False,False,None,None,579,2,clonotype22,None
CGTGTCTAGCGTCTAT-1,True,CGTGTCTAGCGTCTAT-1_contig_1,True,498,TRB,TRBV20-1,None,TRBJ2-1,TRBC2,True,True,CSARVGSEVNEQFF,TGCAGTGCTAGAGTGGGGTCGGAAGTCAATGAGCAGTTCTTC,1588,10,clonotype2,clonotype2_consensus_1
CGTGTCTAGCTTATCG-1,True,CGTGTCTAGCTTATCG-1_contig_1,True,555,TRA,TRAV12-1,None,TRAJ9,TRAC,True,True,CVVNTGGFKTIF,TGTGTGGTGAATACTGGAGGCTTCAAAACTATCTTT,1275,7,clonotype1865,clonotype1865_consensus_2
CGTGTCTAGCTTATCG-1,True,CGTGTCTAGCTTATCG-1_contig_2,True,521,TRB,TRBV20-1,None,TRBJ2-1,TRBC2,True,True,CSARSRDSYNEQFF,TGCAGTGCTAGAAGCCGGGACTCCTACAATGAGCAGTTCTTC,3930,16,clonotype1865,clonotype1865_consensus_1
CGTGTCTAGGACATTA-1,True,CGTGTCTAGGACATTA-1_contig_1,True,508,TRA,TRAV20,None,TRAJ24,TRAC,True,True,CAVMTTDSWGKFQF,TGTGCTGTTATGACAACTGACAGCTGGGGGAAATTCCAGTTT,360,2,clonotype7,clonotype7_consensus_2
CGTGTCTAGGACATTA-1,True,CGTGTCTAGGACATTA-1_contig_2,True,533,TRB,TRBV5-5,None,TRBJ2-7,TRBC2,True,True,CASSSLVEQGAYEQYF,TGTGCCAGCAGCTCGCTCGTAGAGCAGGGGGCCTACGAGCAGTACTTC,287,2,clonotype7,clonotype7_consensus_1
CGTGTCTAGTGGGATC-1,True,CGTGTCTAGTGGGATC-1_contig_1,True,505,TRA,TRAV1-2,None,TRAJ33,TRAC,True,True,CAATDSNYQLIW,TGTGCTGCGACTGATAGCAACTATCAGTTAATCTGG,277,2,clonotype1,clonotype1_consensus_2
CGTGTCTAGTGGGATC-1,True,CGTGTCTAGTGGGATC-1_contig_2,True,521,TRB,TRBV20-1,None,TRBJ2-1,TRBC2,True,True,CSARVGSEVNEQFF,TGCAGTGCTAGAGTGGGGTCGGAAGTCAATGAGCAGTTCTTC,2245,10,clonotype1,clonotype1_consensus_1
CGTGTCTCAAAGGAAG-1,True,CGTGTCTCAAAGGAAG-1_contig_1,True,505,TRA,TRAV1-2,None,TRAJ33,TRAC,True,True,CAATDSNYQLIW,TGTGCTGCGACTGATAGCAACTATCAGTTAATCTGG,133,1,clonotype1,clonotype1_consensus_2
CGTGTCTCAAAGGAAG-1,True,CGTGTCTCAAAGGAAG-1_contig_2,True,521,TRB,TRBV20-1,None,TRBJ2-1,TRBC2,True,True,CSARVGSEVNEQFF,TGCAGTGCTAGAGTGGGGTCGGAAGTCAATGAGCAGTTCTTC,1464,4,clonotype1,clonotype1_consensus_1
CGTGTCTCAAAGGAAG-1,True,CGTGTCTCAAAGGAAG-1_contig_3,True,500,TRA,TRAV10,None,TRAJ24,TRAC,True,False,None,None,9132,5,clonotype1,None
CGTGTCTCAAAGTGCG-1,True,CGTGTCTCAAAGTGCG-1_contig_1,True,502,TRA,TRAV1-2,None,TRAJ30,TRAC,True,True,CAVRDLREIIF,TGTGCTGTGAGAGATCTTCGGGAGATCATCTTT,398,3,clonotype3,clonotype3_consensus_2
CGTGTCTCAAAGTGCG-1,True,CGTGTCTCAAAGTGCG-1_contig_2,True,519,TRB,TRBV5-5,None,TRBJ1-4,TRBC1,True,True,CASSHPGPNYATNEKLFF,TGTGCCAGCAGCCATCCCGGACCGAACTACGCAACTAATGAAAAACTGTTTTTT,969,4,clonotype3,clonotype3_consensus_1
CGTGTCTCAAGGTTTC-1,True,CGTGTCTCAAGGTTTC-1_contig_1,True,524,TRB,TRBV20-1,None,TRBJ1-5,TRBC1,True,True,CSGRHGPTGNQPQHF,TGCAGTGGGCGCCACGGACCGACTGGCAATCAGCCCCAGCATTTT,679,3,clonotype1866,clonotype1866_consensus_1
CGTGTCTCAGACGCAA-1,True,CGTGTCTCAGACGCAA-1_contig_1,True,505,TRA,TRAV1-2,None,TRAJ33,TRAC,True,True,CAATDSNYQLIW,TGTGCTGCGACTGATAGCAACTATCAGTTAATCTGG,329,2,clonotype1,clonotype1_consensus_2
CGTGTCTCAGACGCAA-1,True,CGTGTCTCAGACGCAA-1_contig_2,True,498,TRB,TRBV20-1,None,TRBJ2-1,TRBC2,True,True,CSARVGSEVNEQFF,TGCAGTGCTAGAGTGGGGTCGGAAGTCAATGAGCAGTTCTTC,2559,11,clonotype1,clonotype1_consensus_1
CGTGTCTCAGACGCAA-1,True,CGTGTCTCAGACGCAA-1_contig_3,True,459,TRA,TRAV10,None,TRAJ24,TRAC,True,False,None,None,26,4,clonotype1,None
CGTGTCTCATGCCTAA-1,True,CGTGTCTCATGCCTAA-1_contig_1,True,505,TRA,TRAV1-2,None,TRAJ33,TRAC,True,True,CAATDSNYQLIW,TGTGCTGCGACTGATAGCAACTATCAGTTAATCTGG,368,5,clonotype1,clonotype1_consensus_2
CGTGTCTCATGCCTAA-1,True,CGTGTCTCATGCCTAA-1_contig_2,True,521,TRB,TRBV20-1,None,TRBJ2-1,TRBC2,True,True,CSARVGSEVNEQFF,TGCAGTGCTAGAGTGGGGTCGGAAGTCAATGAGCAGTTCTTC,1151,5,clonotype1,clonotype1_consensus_1
CGTGTCTGTAACGACG-1,True,CGTGTCTGTAACGACG-1_contig_1,True,505,TRA,TRAV1-2,None,TRAJ33,TRAC,True,True,CAATDSNYQLIW,TGTGCTGCGACTGATAGCAACTATCAGTTAATCTGG,545,2,clonotype1,clonotype1_consensus_2
CGTGTCTGTAACGACG-1,True,CGTGTCTGTAACGACG-1_contig_2,True,506,TRB,TRBV20-1,None,TRBJ2-1,TRBC2,True,True,CSARVGSEVNEQFF,TGCAGTGCTAGAGTGGGGTCGGAAGTCAATGAGCAGTTCTTC,1255,7,clonotype1,clonotype1_consensus_1
CGTGTCTGTAACGACG-1,True,CGTGTCTGTAACGACG-1_contig_3,True,482,TRA,TRAV10,None,TRAJ24,TRAC,True,False,None,None,286,3,clonotype1,None
CGTGTCTGTACTCAAC-1,True,CGTGTCTGTACTCAAC-1_contig_1,True,505,TRA,TRAV1-2,None,TRAJ33,TRAC,True,True,CAATDSNYQLIW,TGTGCTGCGACTGATAGCAACTATCAGTTAATCTGG,565,2,clonotype1,clonotype1_consensus_2
CGTGTCTGTACTCAAC-1,True,CGTGTCTGTACTCAAC-1_contig_2,True,521,TRB,TRBV20-1,None,TRBJ2-1,TRBC2,True,True,CSARVGSEVNEQFF,TGCAGTGCTAGAGTGGGGTCGGAAGTCAATGAGCAGTTCTTC,1319,4,clonotype1,clonotype1_consensus_1
CGTGTCTGTATGAATG-1,True,CGTGTCTGTATGAATG-1_contig_1,True,470,TRA,TRAV38-1,None,TRAJ26,TRAC,True,True,CAFTSYGQNFVF,TGTGCTTTCACCTCATATGGTCAGAATTTTGTCTTT,1402,6,clonotype14,clonotype14_consensus_1
CGTGTCTGTATGAATG-1,True,CGTGTCTGTATGAATG-1_contig_2,True,485,TRB,TRBV20-1,None,TRBJ2-3,TRBC2,True,True,CSARPDTSTDTQYF,TGCAGTGCCCGTCCTGATACTAGCACAGATACGCAGTATTTT,5194,9,clonotype14,clonotype14_consensus_2
CGTGTCTGTATGAATG-1,True,CGTGTCTGTATGAATG-1_contig_3,True,313,TRB,None,None,TRBJ1-1,TRBC1,False,False,None,None,1211,2,clonotype14,None
CGTGTCTGTCGTCTTC-1,True,CGTGTCTGTCGTCTTC-1_contig_1,True,556,TRA,TRAV5,None,TRAJ3,TRAC,True,True,CAETTGYSSASKIIF,TGTGCAGAGACTACGGGGTACAGCAGTGCTTCCAAGATAATCTTT,1009,5,clonotype1867,clonotype1867_consensus_1
CGTGTCTGTCGTCTTC-1,True,CGTGTCTGTCGTCTTC-1_contig_2,True,473,TRB,TRBV20-1,None,TRBJ1-5,TRBC1,True,True,CSARGAGDNQPQHF,TGCAGTGCTAGGGGGGCAGGCGATAATCAGCCCCAGCATTTT,1284,5,clonotype1867,clonotype1867_consensus_2
CGTGTCTGTCGTCTTC-1,True,CGTGTCTGTCGTCTTC-1_contig_3,True,615,TRA,TRAV3,None,TRAJ23,TRAC,True,True,CAVRFSQGGKLIF,TGTGCTGTGAGATTTTCCCAAGGGGGAAAGCTTATCTTC,576,6,clonotype1867,clonotype1867_consensus_3
CGTGTCTGTCTAAAGA-1,True,CGTGTCTGTCTAAAGA-1_contig_1,True,521,TRB,TRBV20-1,None,TRBJ2-1,TRBC2,True,True,CSARVGSEVNEQFF,TGCAGTGCTAGAGTGGGGTCGGAAGTCAATGAGCAGTTCTTC,3659,6,clonotype2,clonotype2_consensus_1
CGTGTCTGTCTAAAGA-1,True,CGTGTCTGTCTAAAGA-1_contig_2,True,329,TRA,TRAV10,None,TRAJ24,TRAC,True,False,None,None,586,1,clonotype2,None
CGTGTCTGTTCCACGG-1,True,CGTGTCTGTTCCACGG-1_contig_1,True,515,TRB,TRBV20-1,None,TRBJ1-4,TRBC1,True,True,CSGLRGDEKLFF,TGCAGTGGTCTACGGGGGGATGAAAAACTGTTTTTT,3101,11,clonotype143,clonotype143_consensus_1
CGTGTCTGTTCCACGG-1,True,CGTGTCTGTTCCACGG-1_contig_2,True,459,TRA,TRAV13-1,None,TRAJ49,TRAC,True,True,CAASMDTGNQFYF,TGTGCAGCAAGTATGGACACCGGTAACCAGTTCTATTTT,626,3,clonotype143,clonotype143_consensus_3
CGTGTCTGTTCCACGG-1,True,CGTGTCTGTTCCACGG-1_contig_3,True,612,TRA,TRAV41,None,TRAJ42,TRAC,True,True,CAAPGGSQGNLIF,TGTGCTGCCCCTGGAGGAAGCCAAGGAAATCTCATCTTT,669,3,clonotype143,clonotype143_consensus_2
CGTGTCTTCAGGCCCA-1,True,CGTGTCTTCAGGCCCA-1_contig_1,True,500,TRB,TRBV20-1,None,TRBJ1-4,TRBC1,True,True,CSARDWGQDNEKLFF,TGCAGTGCTAGAGATTGGGGACAGGACAATGAAAAACTGTTTTTT,157,4,clonotype1868,clonotype1868_consensus_2
CGTGTCTTCAGGCCCA-1,True,CGTGTCTTCAGGCCCA-1_contig_2,True,468,TRA,TRAV13-1,None,TRAJ47,TRAC,True,True,CAASLPIPKYGNKLVF,TGTGCAGCAAGTCTCCCAATCCCCAAATATGGAAACAAACTGGTCTTT,567,5,clonotype1868,clonotype1868_consensus_1
CGTGTCTTCCCACTTG-1,True,CGTGTCTTCCCACTTG-1_contig_1,True,505,TRA,TRAV1-2,None,TRAJ33,TRAC,True,True,CAATDSNYQLIW,TGTGCTGCGACTGATAGCAACTATCAGTTAATCTGG,400,3,clonotype1,clonotype1_consensus_2
CGTGTCTTCCCACTTG-1,True,CGTGTCTTCCCACTTG-1_contig_2,True,521,TRB,TRBV20-1,None,TRBJ2-1,TRBC2,True,True,CSARVGSEVNEQFF,TGCAGTGCTAGAGTGGGGTCGGAAGTCAATGAGCAGTTCTTC,2013,8,clonotype1,clonotype1_consensus_1
CGTGTCTTCCCACTTG-1,True,CGTGTCTTCCCACTTG-1_contig_3,True,459,TRA,TRAV10,None,TRAJ24,TRAC,True,False,None,None,66,3,clonotype1,None
CGTGTCTTCCCTAATT-1,True,CGTGTCTTCCCTAATT-1_contig_1,True,465,TRA,TRAV13-1,None,TRAJ36,TRAC,True,True,CAARTVRNGANNLFF,TGTGCAGCAAGGACGGTCAGGAATGGGGCAAACAACCTCTTCTTT,521,3,clonotype309,clonotype309_consensus_1
CGTGTCTTCCCTAATT-1,True,CGTGTCTTCCCTAATT-1_contig_2,True,482,TRB,TRBV5-5,None,TRBJ2-1,TRBC2,True,True,CASSVAATGYNEQFF,TGTGCCAGCAGCGTGGCGGCAACAGGCTACAATGAGCAGTTCTTC,529,2,clonotype309,clonotype309_consensus_2
CGTGTCTTCCGCGGTA-1,True,CGTGTCTTCCGCGGTA-1_contig_1,True,505,TRA,TRAV1-2,None,TRAJ33,TRAC,True,True,CAATDSNYQLIW,TGTGCTGCGACTGATAGCAACTATCAGTTAATCTGG,514,4,clonotype1,clonotype1_consensus_2
CGTGTCTTCCGCGGTA-1,True,CGTGTCTTCCGCGGTA-1_contig_2,True,521,TRB,TRBV20-1,None,TRBJ2-1,TRBC2,True,True,CSARVGSEVNEQFF,TGCAGTGCTAGAGTGGGGTCGGAAGTCAATGAGCAGTTCTTC,1185,8,clonotype1,clonotype1_consensus_1
CGTGTCTTCCTAGAAC-1,True,CGTGTCTTCCTAGAAC-1_contig_1,True,505,TRA,TRAV1-2,None,TRAJ33,TRAC,True,True,CAATDSNYQLIW,TGTGCTGCGACTGATAGCAACTATCAGTTAATCTGG,152,1,clonotype1,clonotype1_consensus_2
CGTGTCTTCCTAGAAC-1,True,CGTGTCTTCCTAGAAC-1_contig_2,True,521,TRB,TRBV20-1,None,TRBJ2-1,TRBC2,True,True,CSARVGSEVNEQFF,TGCAGTGCTAGAGTGGGGTCGGAAGTCAATGAGCAGTTCTTC,1969,7,clonotype1,clonotype1_consensus_1
CGTGTCTTCCTAGAAC-1,True,CGTGTCTTCCTAGAAC-1_contig_3,True,459,TRA,TRAV10,None,TRAJ24,TRAC,True,False,None,None,654,2,clonotype1,None
CGTGTCTTCGGCGCAT-1,True,CGTGTCTTCGGCGCAT-1_contig_1,True,505,TRA,TRAV1-2,None,TRAJ33,TRAC,True,True,CAATDSNYQLIW,TGTGCTGCGACTGATAGCAACTATCAGTTAATCTGG,257,3,clonotype1,clonotype1_consensus_2
CGTGTCTTCGGCGCAT-1,True,CGTGTCTTCGGCGCAT-1_contig_2,True,521,TRB,TRBV20-1,None,TRBJ2-1,TRBC2,True,True,CSARVGSEVNEQFF,TGCAGTGCTAGAGTGGGGTCGGAAGTCAATGAGCAGTTCTTC,2257,9,clonotype1,clonotype1_consensus_1
CGTGTCTTCGGCGCAT-1,True,CGTGTCTTCGGCGCAT-1_contig_3,True,465,TRA,TRAV10,None,TRAJ24,TRAC,True,False,None,None,499,2,clonotype1,None
CGTGTCTTCGTTGACA-1,True,CGTGTCTTCGTTGACA-1_contig_1,True,495,TRB,TRBV20-1,None,TRBJ2-1,TRBC2,True,True,CSASSGGAGEQFF,TGCAGTGCTAGTAGTGGGGGGGCCGGGGAGCAGTTCTTC,2047,8,clonotype41,clonotype41_consensus_1
CGTGTCTTCGTTGACA-1,True,CGTGTCTTCGTTGACA-1_contig_2,True,513,TRA,TRAV5,None,TRAJ40,TRAC,True,True,CAEFTTSGTYKYIF,TGTGCAGAGTTTACTACCTCAGGAACCTACAAATACATCTTT,389,2,clonotype41,clonotype41_consensus_2
CGTGTCTTCGTTGACA-1,True,CGTGTCTTCGTTGACA-1_contig_3,True,391,TRA,TRAV8-3,None,TRAJ11,TRAC,True,False,None,None,528,2,clonotype41,None
CGTGTCTTCTGGTGTA-1,True,CGTGTCTTCTGGTGTA-1_contig_1,True,505,TRA,TRAV1-2,None,TRAJ33,TRAC,True,True,CAATDSNYQLIW,TGTGCTGCGACTGATAGCAACTATCAGTTAATCTGG,194,2,clonotype1,clonotype1_consensus_2
CGTGTCTTCTGGTGTA-1,True,CGTGTCTTCTGGTGTA-1_contig_2,True,521,TRB,TRBV20-1,None,TRBJ2-1,TRBC2,True,True,CSARVGSEVNEQFF,TGCAGTGCTAGAGTGGGGTCGGAAGTCAATGAGCAGTTCTTC,1200,6,clonotype1,clonotype1_consensus_1
CGTGTCTTCTGGTGTA-1,True,CGTGTCTTCTGGTGTA-1_contig_3,True,461,TRA,TRAV10,None,TRAJ24,TRAC,True,False,None,None,513,2,clonotype1,None
CGTGTCTTCTGTGCAA-1,True,CGTGTCTTCTGTGCAA-1_contig_1,True,482,TRB,TRBV20-1,None,TRBJ1-4,TRBC1,True,True,CSALTVGSEKLFF,TGCAGTGCTTTGACAGTAGGGAGTGAAAAACTGTTTTTT,1894,6,clonotype1869,clonotype1869_consensus_2
CGTGTCTTCTGTGCAA-1,True,CGTGTCTTCTGTGCAA-1_contig_2,True,511,TRA,TRAV23/DV6,None,TRAJ57,TRAC,True,True,CAGRTQGGSEKLVF,TGTGCAGGACGAACTCAGGGCGGATCTGAAAAGCTGGTCTTT,773,1,clonotype1869,clonotype1869_consensus_1
CGTTAGAAGGTGATAT-1,True,CGTTAGAAGGTGATAT-1_contig_1,True,679,TRA,TRAV8-3,None,TRAJ3,TRAC,True,True,CAVGPVSSASKIIF,TGTGCTGTGGGTCCCGTCAGCAGTGCTTCCAAGATAATCTTT,7273,9,clonotype1870,clonotype1870_consensus_1
CGTTAGAAGGTGATAT-1,True,CGTTAGAAGGTGATAT-1_contig_2,True,478,TRA,TRAV1-1,None,TRAJ7,TRAC,True,True,CAGNNRLAF,TGCGCCGGGAACAACAGACTCGCTTTT,2005,8,clonotype1870,clonotype1870_consensus_2
CGTTAGAAGGTGATAT-1,True,CGTTAGAAGGTGATAT-1_contig_3,True,674,TRB,TRBV5-6,None,TRBJ1-2,TRBC1,True,True,CASSPRQGPNYGYTF,TGTGCCAGCAGCCCGCGGCAGGGGCCGAACTATGGCTACACCTTC,5868,16,clonotype1870,clonotype1870_consensus_3
CGTTAGAAGTACGTTC-1,True,CGTTAGAAGTACGTTC-1_contig_1,True,523,TRB,TRBV20-1,None,TRBJ2-1,TRBC2,True,True,CSASHRTGYFSYNEQFF,TGCAGTGCTAGCCACAGGACAGGGTACTTCTCCTACAATGAGCAGTTCTTC,779,4,clonotype1871,clonotype1871_consensus_1
CGTTAGAAGTACGTTC-1,True,CGTTAGAAGTACGTTC-1_contig_2,True,580,TRA,TRAV19,None,TRAJ53,TRAC,True,True,CALSDRGRGSGGSNYKLTF,TGTGCTCTGAGTGATAGGGGACGCGGGAGTGGAGGTAGCAACTATAAACTGACATTT,557,4,clonotype1871,clonotype1871_consensus_2
CGTTAGAAGTGTTTGC-1,True,CGTTAGAAGTGTTTGC-1_contig_1,True,524,TRB,TRBV20-1,None,TRBJ2-7,TRBC2,True,True,CSAIKAGLSSYEQYF,TGCAGTGCTATTAAAGCGGGGTTAAGCTCCTACGAGCAGTACTTC,468,3,clonotype310,clonotype310_consensus_2
CGTTAGAAGTGTTTGC-1,True,CGTTAGAAGTGTTTGC-1_contig_2,True,553,TRA,TRAV16,None,TRAJ56,TRAC,True,True,CALSEGTGANSKLTF,TGTGCTCTAAGTGAGGGTACTGGAGCCAATAGTAAGCTGACATTT,209,1,clonotype310,clonotype310_consensus_1
CGTTAGACAAACAACA-1,True,CGTTAGACAAACAACA-1_contig_1,True,505,TRA,TRAV1-2,None,TRAJ33,TRAC,True,True,CAATDSNYQLIW,TGTGCTGCGACTGATAGCAACTATCAGTTAATCTGG,175,2,clonotype1,clonotype1_consensus_2
CGTTAGACAAACAACA-1,True,CGTTAGACAAACAACA-1_contig_2,True,498,TRB,TRBV20-1,None,TRBJ2-1,TRBC2,True,True,CSARVGSEVNEQFF,TGCAGTGCTAGAGTGGGGTCGGAAGTCAATGAGCAGTTCTTC,1706,13,clonotype1,clonotype1_consensus_1
CGTTAGACAAACAACA-1,True,CGTTAGACAAACAACA-1_contig_3,True,500,TRA,TRAV10,None,TRAJ24,TRAC,True,False,None,None,2088,1,clonotype1,None
CGTTAGACAAACGCGA-1,True,CGTTAGACAAACGCGA-1_contig_1,True,505,TRA,TRAV1-2,None,TRAJ33,TRAC,True,True,CAATDSNYQLIW,TGTGCTGCGACTGATAGCAACTATCAGTTAATCTGG,608,2,clonotype1,clonotype1_consensus_2
CGTTAGACAAACGCGA-1,True,CGTTAGACAAACGCGA-1_contig_2,True,495,TRB,TRBV20-1,None,TRBJ2-1,TRBC2,True,True,CSARVGSEVNEQFF,TGCAGTGCTAGAGTGGGGTCGGAAGTCAATGAGCAGTTCTTC,2454,9,clonotype1,clonotype1_consensus_1
CGTTAGACAAACGCGA-1,True,CGTTAGACAAACGCGA-1_contig_3,True,498,TRA,TRAV10,None,TRAJ24,TRAC,True,False,None,None,376,2,clonotype1,None
CGTTAGACAAGCTGGA-1,True,CGTTAGACAAGCTGGA-1_contig_1,True,518,TRB,TRBV20-1,None,TRBJ1-2,TRBC1,True,True,CSARTAAGYGYTF,TGCAGTGCCCGGACCGCAGCGGGCTATGGCTACACCTTC,1224,5,clonotype1872,clonotype1872_consensus_2
CGTTAGACAAGCTGGA-1,True,CGTTAGACAAGCTGGA-1_contig_2,True,508,TRA,TRAV23/DV6,None,TRAJ49,TRAC,True,True,CAAILRSGNQFYF,TGTGCAGCAATCCTAAGGAGCGGTAACCAGTTCTATTTT,1163,5,clonotype1872,clonotype1872_consensus_1
CGTTAGACAAGCTGGA-1,True,CGTTAGACAAGCTGGA-1_contig_3,True,465,TRA,TRAV21,None,TRAJ45,None,True,False,CAVKVVQEEVLTD,TGTGCTGTGAAAGTAGTTCAGGAGGAGGTGCTGACGGAC,215,1,clonotype1872,None
CGTTAGACACATGTGT-1,True,CGTTAGACACATGTGT-1_contig_1,True,505,TRA,TRAV1-2,None,TRAJ33,TRAC,True,True,CAATDSNYQLIW,TGTGCTGCGACTGATAGCAACTATCAGTTAATCTGG,292,2,clonotype1,clonotype1_consensus_2
CGTTAGACACATGTGT-1,True,CGTTAGACACATGTGT-1_contig_2,True,486,TRB,TRBV20-1,None,TRBJ2-1,TRBC2,True,True,CSARVGSEVNEQFF,TGCAGTGCTAGAGTGGGGTCGGAAGTCAATGAGCAGTTCTTC,2324,12,clonotype1,clonotype1_consensus_1
CGTTAGACACATGTGT-1,True,CGTTAGACACATGTGT-1_contig_3,True,482,TRA,TRAV10,None,TRAJ24,TRAC,True,False,None,None,61,2,clonotype1,None
CGTTAGACAGATCCAT-1,True,CGTTAGACAGATCCAT-1_contig_1,True,492,TRA,TRAV9-2,None,TRAJ13,TRAC,True,True,CALNLEGYQKVTF,TGTGCTCTGAACTTAGAGGGTTACCAGAAAGTTACCTTT,830,7,clonotype6,clonotype6_consensus_1
CGTTAGACAGATCCAT-1,True,CGTTAGACAGATCCAT-1_contig_2,True,481,TRB,TRBV5-6,None,TRBJ1-5,TRBC1,True,True,CASSFRGGANQPQHF,TGTGCCAGCAGCTTTCGAGGGGGCGCGAATCAGCCCCAGCATTTT,992,8,clonotype6,clonotype6_consensus_2
CGTTAGACAGCCACCA-1,True,CGTTAGACAGCCACCA-1_contig_1,True,518,TRB,TRBV20-1,None,TRBJ1-6,TRBC1,True,True,CSATRQGNSPLHF,TGCAGTGCTACCCGACAGGGGAATTCACCCCTCCACTTT,4001,15,clonotype1873,clonotype1873_consensus_2
CGTTAGACAGCCACCA-1,True,CGTTAGACAGCCACCA-1_contig_2,True,514,TRA,TRAV38-1,None,TRAJ39,TRAC,True,True,CAFTKDNAGNMLTF,TGTGCTTTCACGAAGGATAATGCAGGCAACATGCTCACCTTT,2063,6,clonotype1873,clonotype1873_consensus_1
CGTTAGAGTACAGCAG-1,True,CGTTAGAGTACAGCAG-1_contig_1,True,495,TRB,TRBV20-1,None,TRBJ2-1,TRBC2,True,True,CSARVGSEVNEQFF,TGCAGTGCTAGAGTGGGGTCGGAAGTCAATGAGCAGTTCTTC,806,8,clonotype2,clonotype2_consensus_1
CGTTAGAGTACAGCAG-1,True,CGTTAGAGTACAGCAG-1_contig_2,True,459,TRA,TRAV10,None,TRAJ24,TRAC,True,False,None,None,111,5,clonotype2,None
CGTTAGAGTCATGCCG-1,True,CGTTAGAGTCATGCCG-1_contig_1,True,557,TRA,TRAV12-1,None,TRAJ40,TRAC,True,True,CVVNIPGGTYKYIF,TGTGTGGTGAACATACCGGGCGGAACCTACAAATACATCTTT,849,6,clonotype1874,clonotype1874_consensus_2
CGTTAGAGTCATGCCG-1,True,CGTTAGAGTCATGCCG-1_contig_2,True,509,TRB,TRBV20-1,None,TRBJ1-1,TRBC1,True,True,CSARDVGRQGRMNTEAFF,TGCAGTGCTAGAGATGTGGGGAGACAGGGGAGAATGAACACTGAAGCTTTCTTT,661,5,clonotype1874,clonotype1874_consensus_1
CGTTAGAGTGATGTCT-1,True,CGTTAGAGTGATGTCT-1_contig_1,True,492,TRB,TRBV20-1,None,TRBJ1-1,TRBC1,True,True,CSATQGNTEAFF,TGCAGTGCTACACAGGGGAACACTGAAGCTTTCTTT,5579,17,clonotype1875,clonotype1875_consensus_2
CGTTAGAGTGATGTCT-1,True,CGTTAGAGTGATGTCT-1_contig_2,True,580,TRA,TRAV17,None,TRAJ40,TRAC,True,True,CATDASAYKYIF,TGTGCTACGGACGCGAGCGCCTACAAATACATCTTT,257,7,clonotype1875,clonotype1875_consensus_1
CGTTAGAGTTAGATGA-1,True,CGTTAGAGTTAGATGA-1_contig_1,True,505,TRA,TRAV1-2,None,TRAJ33,TRAC,True,True,CAATDSNYQLIW,TGTGCTGCGACTGATAGCAACTATCAGTTAATCTGG,226,4,clonotype1,clonotype1_consensus_2
CGTTAGAGTTAGATGA-1,True,CGTTAGAGTTAGATGA-1_contig_2,True,498,TRB,TRBV20-1,None,TRBJ2-1,TRBC2,True,True,CSARVGSEVNEQFF,TGCAGTGCTAGAGTGGGGTCGGAAGTCAATGAGCAGTTCTTC,1391,9,clonotype1,clonotype1_consensus_1
CGTTAGATCACCCTCA-1,True,CGTTAGATCACCCTCA-1_contig_1,True,505,TRA,TRAV1-2,None,TRAJ33,TRAC,True,True,CAATDSNYQLIW,TGTGCTGCGACTGATAGCAACTATCAGTTAATCTGG,2176,7,clonotype1,clonotype1_consensus_2
CGTTAGATCACCCTCA-1,True,CGTTAGATCACCCTCA-1_contig_2,True,518,TRB,TRBV20-1,None,TRBJ2-1,TRBC2,True,True,CSARVGSEVNEQFF,TGCAGTGCTAGAGTGGGGTCGGAAGTCAATGAGCAGTTCTTC,1964,11,clonotype1,clonotype1_consensus_1
CGTTAGATCACCCTCA-1,True,CGTTAGATCACCCTCA-1_contig_3,True,482,TRA,TRAV10,None,TRAJ24,TRAC,True,False,None,None,771,3,clonotype1,None
CGTTAGATCAGTACGT-1,True,CGTTAGATCAGTACGT-1_contig_1,True,518,TRB,TRBV20-1,None,TRBJ2-1,TRBC2,True,True,CSARVGSEVNEQFF,TGCAGTGCTAGAGTGGGGTCGGAAGTCAATGAGCAGTTCTTC,1297,8,clonotype2,clonotype2_consensus_1
CGTTAGATCAGTACGT-1,True,CGTTAGATCAGTACGT-1_contig_2,True,456,TRA,TRAV10,None,TRAJ24,TRAC,True,False,None,None,703,4,clonotype2,None
CGTTAGATCGCCTGTT-1,True,CGTTAGATCGCCTGTT-1_contig_1,True,497,TRB,TRBV20-1,None,TRBJ2-1,TRBC2,True,True,CSARVGSEVNEQFF,TGCAGTGCTAGAGTGGGGTCGGAAGTCAATGAGCAGTTCTTC,793,4,clonotype2,clonotype2_consensus_1
CGTTAGATCTCAAGTG-1,True,CGTTAGATCTCAAGTG-1_contig_1,True,514,TRA,TRAV1-2,None,TRAJ4,TRAC,True,True,CAVRGFSGGYNKLIF,TGTGCTGTGAGGGGTTTTTCTGGTGGCTACAATAAGCTGATTTTT,528,5,clonotype1876,clonotype1876_consensus_2
CGTTAGATCTCAAGTG-1,True,CGTTAGATCTCAAGTG-1_contig_2,True,506,TRB,TRBV20-1,None,TRBJ2-7,TRBC2,True,True,CSASEIQGLAGVYEQYF,TGCAGTGCTAGTGAGATTCAAGGACTAGCGGGGGTCTACGAGCAGTACTTC,2868,10,clonotype1876,clonotype1876_consensus_1
CGTTCTGAGACGCAAC-1,True,CGTTCTGAGACGCAAC-1_contig_1,True,508,TRA,TRAV29/DV5,None,TRAJ43,TRAC,True,True,CAAPYNNNDMRF,TGTGCAGCGCCGTACAATAACAATGACATGCGCTTT,946,6,clonotype1877,clonotype1877_consensus_3
CGTTCTGAGACGCAAC-1,True,CGTTCTGAGACGCAAC-1_contig_2,True,456,TRA,TRAV13-1,None,TRAJ31,TRAC,True,True,CAASNDNARLMF,TGTGCAGCAAGTAATGACAATGCCAGACTCATGTTT,776,13,clonotype1877,clonotype1877_consensus_1
CGTTCTGAGACGCAAC-1,True,CGTTCTGAGACGCAAC-1_contig_3,True,503,TRB,TRBV5-5,None,TRBJ1-2,TRBC1,True,True,CASSFKVAGVGYTF,TGTGCCAGCAGCTTTAAAGTCGCGGGCGTCGGCTACACCTTC,6198,17,clonotype1877,clonotype1877_consensus_2
CGTTCTGAGACGCAAC-1,True,CGTTCTGAGACGCAAC-1_contig_4,True,313,TRB,None,None,TRBJ2-7,TRBC2,False,False,None,None,1685,6,clonotype1877,None
CGTTCTGAGACGCACA-1,True,CGTTCTGAGACGCACA-1_contig_1,True,505,TRA,TRAV1-2,None,TRAJ33,TRAC,True,True,CAATDSNYQLIW,TGTGCTGCGACTGATAGCAACTATCAGTTAATCTGG,635,8,clonotype1,clonotype1_consensus_2
CGTTCTGAGACGCACA-1,True,CGTTCTGAGACGCACA-1_contig_2,True,496,TRB,TRBV20-1,None,TRBJ2-1,TRBC2,True,True,CSARVGSEVNEQFF,TGCAGTGCTAGAGTGGGGTCGGAAGTCAATGAGCAGTTCTTC,1398,39,clonotype1,clonotype1_consensus_1
CGTTCTGAGACGCACA-1,True,CGTTCTGAGACGCACA-1_contig_3,True,465,TRA,TRAV10,None,TRAJ24,TRAC,True,False,None,None,1346,18,clonotype1,None
CGTTCTGAGAGCTTCT-1,True,CGTTCTGAGAGCTTCT-1_contig_1,True,662,TRB,TRBV5-6,None,TRBJ1-4,TRBC1,True,True,CASSRAAGPNEKLFF,TGTGCCAGCAGCCGGGCGGCAGGGCCAAATGAAAAACTGTTTTTT,2451,23,clonotype1878,clonotype1878_consensus_1
CGTTCTGAGAGCTTCT-1,True,CGTTCTGAGAGCTTCT-1_contig_2,True,370,TRA,TRAV13-1,None,None,None,False,False,None,None,31,2,clonotype1878,None
CGTTCTGAGCAACGGT-1,True,CGTTCTGAGCAACGGT-1_contig_1,True,511,TRB,TRBV20-1,None,TRBJ1-6,TRBC1,True,True,CSANRDVVNSPLHF,TGCAGTGCTAATAGGGACGTAGTTAATTCACCCCTCCACTTT,184,3,clonotype1879,clonotype1879_consensus_1
CGTTCTGAGCTGTTCA-1,True,CGTTCTGAGCTGTTCA-1_contig_1,True,451,TRA,TRAV2,None,TRAJ24,TRAC,True,True,CAVQTTDSWGKLQF,TGTGCTGTCCAGACAACTGACAGCTGGGGGAAATTGCAGTTT,377,5,clonotype1880,clonotype1880_consensus_2
CGTTCTGAGCTGTTCA-1,True,CGTTCTGAGCTGTTCA-1_contig_2,True,503,TRB,TRBV5-5,None,TRBJ1-1,TRBC1,True,True,CASSLGTGVTEAFF,TGTGCCAGCAGCTTGGGGACAGGGGTCACTGAAGCTTTCTTT,4659,19,clonotype1880,clonotype1880_consensus_1
CGTTCTGAGCTGTTCA-1,True,CGTTCTGAGCTGTTCA-1_contig_3,True,367,TRB,None,None,TRBJ1-2,TRBC1,False,False,None,None,3773,30,clonotype1880,None
CGTTCTGAGGGTATCG-1,True,CGTTCTGAGGGTATCG-1_contig_1,True,620,TRA,TRAV41,None,TRAJ35,TRAC,True,True,CAVRSGRTGFGNVLHC,TGTGCTGTCAGATCGGGGCGGACAGGCTTTGGGAATGTGCTGCATTGC,1044,13,clonotype1881,clonotype1881_consensus_2
CGTTCTGAGGGTATCG-1,True,CGTTCTGAGGGTATCG-1_contig_2,True,481,TRB,TRBV5-6,None,TRBJ1-2,TRBC1,True,True,CASSQTGGAGYGYTF,TGTGCCAGCAGCCAGACAGGGGGCGCGGGCTATGGCTACACCTTC,844,17,clonotype1881,clonotype1881_consensus_1
CGTTCTGAGGGTCTCC-1,True,CGTTCTGAGGGTCTCC-1_contig_1,True,521,TRB,TRBV20-1,None,TRBJ2-1,TRBC2,True,True,CSARVGSEVNEQFF,TGCAGTGCTAGAGTGGGGTCGGAAGTCAATGAGCAGTTCTTC,1157,18,clonotype2,clonotype2_consensus_1
CGTTCTGAGTGAACGC-1,True,CGTTCTGAGTGAACGC-1_contig_1,True,505,TRA,TRAV1-2,None,TRAJ33,TRAC,True,True,CAATDSNYQLIW,TGTGCTGCGACTGATAGCAACTATCAGTTAATCTGG,5892,2,clonotype1,clonotype1_consensus_2
CGTTCTGAGTGAACGC-1,True,CGTTCTGAGTGAACGC-1_contig_2,True,498,TRB,TRBV20-1,None,TRBJ2-1,TRBC2,True,True,CSARVGSEVNEQFF,TGCAGTGCTAGAGTGGGGTCGGAAGTCAATGAGCAGTTCTTC,1499,11,clonotype1,clonotype1_consensus_1
CGTTCTGAGTGAACGC-1,True,CGTTCTGAGTGAACGC-1_contig_3,True,482,TRA,TRAV10,None,TRAJ24,TRAC,True,False,None,None,285,4,clonotype1,None
CGTTCTGAGTGGTAAT-1,True,CGTTCTGAGTGGTAAT-1_contig_1,True,518,TRB,TRBV20-1,None,TRBJ2-7,TRBC2,True,True,CSASGGGPYEQYF,TGCAGTGCTTCCGGGGGGGGTCCCTACGAGCAGTACTTC,2819,30,clonotype1882,clonotype1882_consensus_1
CGTTCTGAGTGGTAAT-1,True,CGTTCTGAGTGGTAAT-1_contig_2,True,530,TRA,TRAV27,None,TRAJ52,TRAC,True,True,CAGEGGTSYGKLTF,TGTGCAGGAGAGGGTGGTACTAGCTATGGAAAGCTGACATTT,3284,18,clonotype1882,clonotype1882_consensus_2
CGTTCTGCAAGCCGCT-1,True,CGTTCTGCAAGCCGCT-1_contig_1,True,662,TRB,TRBV5-6,None,TRBJ2-2,TRBC2,True,True,CASSSPTGELFF,TGTGCCAGCAGCTCCCCCACCGGGGAGCTGTTTTTT,1305,25,clonotype311,clonotype311_consensus_1
CGTTCTGCAAGCCGCT-1,True,CGTTCTGCAAGCCGCT-1_contig_2,True,492,TRA,TRAV9-2,None,TRAJ15,TRAC,True,True,CALRGQAGTALIF,TGTGCTCTGAGAGGGCAGGCAGGAACTGCTCTGATCTTT,904,18,clonotype311,clonotype311_consensus_2
CGTTCTGCAAGCGCTC-1,True,CGTTCTGCAAGCGCTC-1_contig_1,True,456,TRA,TRAV21,None,TRAJ58,TRAC,True,True,CAVSGEGETSGSRLTF,TGTGCTGTGAGTGGGGAAGGAGAAACCAGTGGCTCTAGGTTGACCTTT,395,4,clonotype1883,clonotype1883_consensus_1
CGTTCTGCAAGCGCTC-1,True,CGTTCTGCAAGCGCTC-1_contig_2,True,659,TRB,TRBV5-6,None,TRBJ1-1,TRBC1,True,True,CASSPMGGRRGAFF,TGTGCCAGCAGCCCGATGGGGGGGCGCCGTGGAGCTTTCTTT,3101,10,clonotype1883,clonotype1883_consensus_2
CGTTCTGCAAGTTGTC-1,True,CGTTCTGCAAGTTGTC-1_contig_1,True,573,TRA,TRAV8-4,None,TRAJ23,TRAC,True,True,CAVSDQVNQGGKLIF,TGTGCTGTGAGTGATCAGGTTAACCAGGGAGGAAAGCTTATCTTC,472,4,clonotype1884,clonotype1884_consensus_2
CGTTCTGCAAGTTGTC-1,True,CGTTCTGCAAGTTGTC-1_contig_2,True,524,TRB,TRBV20-1,None,TRBJ2-7,TRBC2,True,True,CSARGRAGRPYEQYF,TGCAGTGCTAGAGGGCGGGCAGGGCGTCCCTACGAGCAGTACTTC,2567,10,clonotype1884,clonotype1884_consensus_3
CGTTCTGCAAGTTGTC-1,True,CGTTCTGCAAGTTGTC-1_contig_3,True,514,TRA,TRAV23/DV6,None,TRAJ29,TRAC,True,True,CAASISNSGNTPLVF,TGTGCAGCAAGCATTTCGAATTCAGGAAACACACCTCTTGTCTTT,197,10,clonotype1884,clonotype1884_consensus_1
CGTTCTGCACAAGACG-1,True,CGTTCTGCACAAGACG-1_contig_1,True,491,TRB,TRBV5-5,None,TRBJ1-4,TRBC1,True,True,CASSWGIYVATNEKLFF,TGTGCCAGCAGCTGGGGAATTTATGTTGCAACTAATGAAAAACTGTTTTTT,1480,5,clonotype144,clonotype144_consensus_1
CGTTCTGCACAAGACG-1,True,CGTTCTGCACAAGACG-1_contig_2,True,424,TRB,None,None,TRBJ2-2P,TRBC2,False,False,None,None,1143,11,clonotype144,None
CGTTCTGCACAGACAG-1,True,CGTTCTGCACAGACAG-1_contig_1,True,498,TRB,TRBV20-1,None,TRBJ1-5,TRBC1,True,True,CSTQGGNSNQPQHF,TGCAGTACACAGGGTGGGAATAGCAATCAGCCCCAGCATTTT,4058,19,clonotype1885,clonotype1885_consensus_1
CGTTCTGCACAGACAG-1,True,CGTTCTGCACAGACAG-1_contig_2,True,563,TRA,TRAV22,None,TRAJ58,TRAC,True,True,CVPGRTSGSRLTF,TGTGTCCCTGGAAGAACCAGTGGCTCTAGGTTGACCTTT,155,5,clonotype1885,clonotype1885_consensus_2
CGTTCTGCACAGACAG-1,True,CGTTCTGCACAGACAG-1_contig_3,True,492,TRA,TRAV41,None,TRAJ57,TRAC,True,False,None,None,67,3,clonotype1885,None
CGTTCTGCATCCGCGA-1,True,CGTTCTGCATCCGCGA-1_contig_1,True,521,TRB,TRBV20-1,None,TRBJ2-1,TRBC2,True,True,CSARVGSEVNEQFF,TGCAGTGCTAGAGTGGGGTCGGAAGTCAATGAGCAGTTCTTC,1050,4,clonotype2,clonotype2_consensus_1
CGTTCTGCATCCGCGA-1,True,CGTTCTGCATCCGCGA-1_contig_2,True,455,TRA,TRAV10,None,TRAJ24,TRAC,True,False,None,None,39,7,clonotype2,None
CGTTCTGCATTGGCGC-1,True,CGTTCTGCATTGGCGC-1_contig_1,True,521,TRB,TRBV20-1,None,TRBJ1-2,TRBC1,True,True,CSASPGQGRYGYTF,TGCAGTGCTAGTCCGGGACAGGGTCGCTATGGCTACACCTTC,2931,11,clonotype1886,clonotype1886_consensus_1
CGTTCTGCATTGGCGC-1,True,CGTTCTGCATTGGCGC-1_contig_2,True,404,TRA,TRAV26-2,None,TRAJ43,TRAC,True,False,None,None,193,6,clonotype1886,None
CGTTCTGGTCGCTTCT-1,True,CGTTCTGGTCGCTTCT-1_contig_1,True,521,TRB,TRBV20-1,None,TRBJ2-1,TRBC2,True,True,CSARVGSEVNEQFF,TGCAGTGCTAGAGTGGGGTCGGAAGTCAATGAGCAGTTCTTC,202,16,clonotype2,clonotype2_consensus_1
CGTTCTGGTCGCTTCT-1,True,CGTTCTGGTCGCTTCT-1_contig_2,True,517,TRA,TRAV10,None,TRAJ24,TRAC,True,False,None,None,242,5,clonotype2,None
CGTTCTGGTCTGATCA-1,True,CGTTCTGGTCTGATCA-1_contig_1,True,495,TRB,TRBV20-1,None,TRBJ1-2,TRBC1,True,True,CSARDLPSYGYTF,TGCAGTGCTAGAGACCTCCCGAGCTATGGCTACACCTTC,984,19,clonotype1887,clonotype1887_consensus_1
CGTTCTGGTCTGATCA-1,True,CGTTCTGGTCTGATCA-1_contig_2,True,547,TRA,TRAV12-1,None,TRAJ52,TRAC,True,True,CVVNKVAGGTSYGKLTF,TGTGTGGTGAACAAAGTGGCTGGTGGTACTAGCTATGGAAAGCTGACATTT,300,10,clonotype1887,clonotype1887_consensus_2
CGTTCTGGTCTGATCA-1,True,CGTTCTGGTCTGATCA-1_contig_3,True,308,TRA,None,None,TRAJ18,TRAC,False,False,None,None,196,11,clonotype1887,None
CGTTCTGTCAAAGACA-1,True,CGTTCTGTCAAAGACA-1_contig_1,True,505,TRA,TRAV1-2,None,TRAJ33,TRAC,True,True,CAATDSNYQLIW,TGTGCTGCGACTGATAGCAACTATCAGTTAATCTGG,159,7,clonotype1,clonotype1_consensus_2
CGTTCTGTCAAAGACA-1,True,CGTTCTGTCAAAGACA-1_contig_2,True,521,TRB,TRBV20-1,None,TRBJ2-1,TRBC2,True,True,CSARVGSEVNEQFF,TGCAGTGCTAGAGTGGGGTCGGAAGTCAATGAGCAGTTCTTC,803,15,clonotype1,clonotype1_consensus_1
CGTTCTGTCCGCAGTG-1,True,CGTTCTGTCCGCAGTG-1_contig_1,True,521,TRB,TRBV20-1,None,TRBJ2-1,TRBC2,True,True,CSARVGSEVNEQFF,TGCAGTGCTAGAGTGGGGTCGGAAGTCAATGAGCAGTTCTTC,464,17,clonotype2,clonotype2_consensus_1
CGTTCTGTCCGCAGTG-1,True,CGTTCTGTCCGCAGTG-1_contig_2,True,502,TRA,TRAV10,None,TRAJ24,TRAC,True,False,None,None,737,4,clonotype2,None
CGTTCTGTCTTGTTTG-1,True,CGTTCTGTCTTGTTTG-1_contig_1,True,472,TRA,TRAV12-1,None,TRAJ9,TRAC,True,True,CVVTLNTGGFKTIF,TGTGTGGTGACCCTAAATACTGGAGGCTTCAAAACTATCTTT,700,3,clonotype1888,clonotype1888_consensus_1
CGTTCTGTCTTGTTTG-1,True,CGTTCTGTCTTGTTTG-1_contig_2,True,524,TRB,TRBV20-1,None,TRBJ1-1,TRBC1,True,True,CSARDPTGGFTEAFF,TGCAGTGCTAGAGATCCGACAGGGGGCTTCACTGAAGCTTTCTTT,1846,9,clonotype1888,clonotype1888_consensus_2
CGTTCTGTCTTTAGGG-1,True,CGTTCTGTCTTTAGGG-1_contig_1,True,505,TRA,TRAV1-2,None,TRAJ33,TRAC,True,True,CAATDSNYQLIW,TGTGCTGCGACTGATAGCAACTATCAGTTAATCTGG,714,26,clonotype1,clonotype1_consensus_2
CGTTCTGTCTTTAGGG-1,True,CGTTCTGTCTTTAGGG-1_contig_2,True,498,TRB,TRBV20-1,None,TRBJ2-1,TRBC2,True,True,CSARVGSEVNEQFF,TGCAGTGCTAGAGTGGGGTCGGAAGTCAATGAGCAGTTCTTC,7223,19,clonotype1,clonotype1_consensus_1
CGTTGGGAGATAGCAT-1,True,CGTTGGGAGATAGCAT-1_contig_1,True,505,TRA,TRAV1-2,None,TRAJ33,TRAC,True,True,CAATDSNYQLIW,TGTGCTGCGACTGATAGCAACTATCAGTTAATCTGG,167,2,clonotype1,clonotype1_consensus_2
CGTTGGGAGATAGCAT-1,True,CGTTGGGAGATAGCAT-1_contig_2,True,521,TRB,TRBV20-1,None,TRBJ2-1,TRBC2,True,True,CSARVGSEVNEQFF,TGCAGTGCTAGAGTGGGGTCGGAAGTCAATGAGCAGTTCTTC,1834,8,clonotype1,clonotype1_consensus_1
CGTTGGGAGATAGCAT-1,True,CGTTGGGAGATAGCAT-1_contig_3,True,465,TRA,TRAV10,None,TRAJ24,TRAC,True,False,None,None,560,2,clonotype1,None
CGTTGGGAGATGAGAG-1,True,CGTTGGGAGATGAGAG-1_contig_1,True,498,TRB,TRBV20-1,None,TRBJ2-1,TRBC2,True,True,CSARVGSEVNEQFF,TGCAGTGCTAGAGTGGGGTCGGAAGTCAATGAGCAGTTCTTC,1898,7,clonotype2,clonotype2_consensus_1
CGTTGGGAGATGAGAG-1,True,CGTTGGGAGATGAGAG-1_contig_2,True,463,TRA,TRAV10,None,TRAJ24,TRAC,True,False,None,None,65,5,clonotype2,None
CGTTGGGAGGAGTACC-1,True,CGTTGGGAGGAGTACC-1_contig_1,True,482,TRB,TRBV20-1,None,TRBJ1-1,TRBC1,True,True,CSARHRKNTEAFF,TGCAGTGCTAGACACCGTAAGAACACTGAAGCTTTCTTT,1552,4,clonotype1889,clonotype1889_consensus_1
CGTTGGGAGGAGTACC-1,True,CGTTGGGAGGAGTACC-1_contig_2,True,519,TRA,TRAV21,None,TRAJ32,TRAC,True,True,CALLWWGATNKLIF,TGTGCTCTCCTCTGGTGGGGTGCTACAAACAAGCTCATCTTT,179,2,clonotype1889,clonotype1889_consensus_2
CGTTGGGAGTCCGTAT-1,True,CGTTGGGAGTCCGTAT-1_contig_1,True,503,TRB,TRBV5-5,None,TRBJ1-4,TRBC1,True,True,CASSHPGPNYATNEKLFF,TGTGCCAGCAGCCATCCCGGACCGAACTACGCAACTAATGAAAAACTGTTTTTT,625,4,clonotype4,clonotype4_consensus_1
CGTTGGGAGTCCGTAT-1,True,CGTTGGGAGTCCGTAT-1_contig_2,True,420,TRB,TRBV7-3,None,TRBJ2-1,TRBC2,True,False,CQQRSLKAGGPYNEQFF,TGCCAGCAGCGGTCACTTAAAGCGGGGGGACCCTACAATGAGCAGTTCTTC,349,8,clonotype4,None
CGTTGGGCAACTGGCC-1,True,CGTTGGGCAACTGGCC-1_contig_1,True,495,TRB,TRBV20-1,None,TRBJ2-1,TRBC2,True,True,CSARVGSEVNEQFF,TGCAGTGCTAGAGTGGGGTCGGAAGTCAATGAGCAGTTCTTC,6377,10,clonotype2,clonotype2_consensus_1
CGTTGGGCACAGCGTC-1,True,CGTTGGGCACAGCGTC-1_contig_1,True,505,TRA,TRAV1-2,None,TRAJ33,TRAC,True,True,CAATDSNYQLIW,TGTGCTGCGACTGATAGCAACTATCAGTTAATCTGG,391,3,clonotype1,clonotype1_consensus_2
CGTTGGGCACAGCGTC-1,True,CGTTGGGCACAGCGTC-1_contig_2,True,485,TRB,TRBV20-1,None,TRBJ2-1,TRBC2,True,True,CSARVGSEVNEQFF,TGCAGTGCTAGAGTGGGGTCGGAAGTCAATGAGCAGTTCTTC,1018,4,clonotype1,clonotype1_consensus_1
CGTTGGGCACATTTCT-1,True,CGTTGGGCACATTTCT-1_contig_1,True,520,TRB,TRBV20-1,None,TRBJ1-5,TRBC1,True,True,CSAIGQGAPSNQPQHF,TGCAGTGCTATCGGACAGGGGGCGCCGAGCAATCAGCCCCAGCATTTT,624,4,clonotype12,clonotype12_consensus_1
CGTTGGGCACATTTCT-1,True,CGTTGGGCACATTTCT-1_contig_2,True,472,TRB,TRBV7-2,None,TRBJ2-3,TRBC2,True,False,None,None,190,2,clonotype12,None
CGTTGGGCACGTAAGG-1,True,CGTTGGGCACGTAAGG-1_contig_1,True,565,TRA,TRAV29/DV5,None,TRAJ27,TRAC,True,True,CAASPNAGKSTF,TGTGCAGCAAGTCCCAATGCAGGCAAATCAACCTTT,743,3,clonotype1890,clonotype1890_consensus_3
CGTTGGGCACGTAAGG-1,True,CGTTGGGCACGTAAGG-1_contig_2,True,496,TRB,TRBV5-6,None,TRBJ2-1,TRBC2,True,True,CASSYPRDFLDNEQFF,TGTGCCAGCAGCTACCCCCGGGACTTTTTAGACAATGAGCAGTTCTTC,2770,14,clonotype1890,clonotype1890_consensus_2
CGTTGGGCACGTAAGG-1,True,CGTTGGGCACGTAAGG-1_contig_3,True,562,TRA,TRAV12-2,None,TRAJ52,TRAC,True,True,CACDYFRVAGGTSYGKLTF,TGTGCTTGTGACTATTTTAGGGTTGCTGGTGGTACTAGCTATGGAAAGCTGACATTT,1193,6,clonotype1890,clonotype1890_consensus_1
CGTTGGGCAGGACCCT-1,True,CGTTGGGCAGGACCCT-1_contig_1,True,505,TRA,TRAV1-2,None,TRAJ33,TRAC,True,True,CAATDSNYQLIW,TGTGCTGCGACTGATAGCAACTATCAGTTAATCTGG,779,10,clonotype1,clonotype1_consensus_2
CGTTGGGCAGGACCCT-1,True,CGTTGGGCAGGACCCT-1_contig_2,True,498,TRB,TRBV20-1,None,TRBJ2-1,TRBC2,True,True,CSARVGSEVNEQFF,TGCAGTGCTAGAGTGGGGTCGGAAGTCAATGAGCAGTTCTTC,2163,11,clonotype1,clonotype1_consensus_1
CGTTGGGCAGTCGATT-1,True,CGTTGGGCAGTCGATT-1_contig_1,True,521,TRB,TRBV20-1,None,TRBJ2-1,TRBC2,True,True,CSARVGSEVNEQFF,TGCAGTGCTAGAGTGGGGTCGGAAGTCAATGAGCAGTTCTTC,1341,5,clonotype2,clonotype2_consensus_1
CGTTGGGCATTCCTGC-1,True,CGTTGGGCATTCCTGC-1_contig_1,True,498,TRB,TRBV20-1,None,TRBJ2-6,TRBC2,True,True,CSAPGISGANVLTF,TGCAGTGCTCCCGGGATCTCTGGGGCCAACGTCCTGACTTTC,3663,12,clonotype1891,clonotype1891_consensus_1
CGTTGGGGTAAACGCG-1,True,CGTTGGGGTAAACGCG-1_contig_1,True,496,TRB,TRBV20-1,None,TRBJ2-1,TRBC2,True,True,CSARVGSEVNEQFF,TGCAGTGCTAGAGTGGGGTCGGAAGTCAATGAGCAGTTCTTC,1007,3,clonotype2,clonotype2_consensus_1
CGTTGGGGTAAACGCG-1,True,CGTTGGGGTAAACGCG-1_contig_2,True,505,TRA,TRAV1-2,None,TRAJ33,None,True,False,CAATDSNYQLIW,TGTGCTGCGACTGATAGCAACTATCAGTTAATCTGG,226,1,clonotype2,None
CGTTGGGGTAAACGCG-1,True,CGTTGGGGTAAACGCG-1_contig_3,True,467,TRA,TRAV10,None,TRAJ24,TRAC,True,False,None,None,2576,3,clonotype2,None
CGTTGGGGTAGCGTCC-1,True,CGTTGGGGTAGCGTCC-1_contig_1,True,478,TRB,TRBV10-2,None,TRBJ1-1,TRBC1,True,True,CASRPGGVNTEAFF,TGCGCCAGCAGGCCGGGGGGCGTTAACACTGAAGCTTTCTTT,1581,6,clonotype1892,clonotype1892_consensus_1
CGTTGGGGTATATCCG-1,True,CGTTGGGGTATATCCG-1_contig_1,True,508,TRB,TRBV5-5,None,TRBJ2-3,TRBC2,True,True,CASSLDGGTDTQYF,TGTGCCAGCAGCTTGGATGGGGGCACAGATACGCAGTATTTT,1531,9,clonotype1893,clonotype1893_consensus_1
CGTTGGGGTATATCCG-1,True,CGTTGGGGTATATCCG-1_contig_2,True,311,TRB,None,None,TRBJ1-1,TRBC1,False,False,None,None,681,1,clonotype1893,None
CGTTGGGGTCGAGATG-1,True,CGTTGGGGTCGAGATG-1_contig_1,True,521,TRB,TRBV20-1,None,TRBJ2-1,TRBC2,True,True,CSARVGSEVNEQFF,TGCAGTGCTAGAGTGGGGTCGGAAGTCAATGAGCAGTTCTTC,4959,9,clonotype2,clonotype2_consensus_1
CGTTGGGGTCTCCACT-1,True,CGTTGGGGTCTCCACT-1_contig_1,True,500,TRB,TRBV20-1,None,TRBJ1-5,TRBC1,True,True,CSARAQGNSNQPQHF,TGCAGTGCTAGGGCGCAGGGAAATAGCAATCAGCCCCAGCATTTT,814,2,clonotype1894,clonotype1894_consensus_1
CGTTGGGGTCTCCACT-1,True,CGTTGGGGTCTCCACT-1_contig_2,True,347,TRB,None,None,TRBJ1-1,TRBC1,False,False,None,None,157,7,clonotype1894,None
CGTTGGGGTCTTGCGG-1,True,CGTTGGGGTCTTGCGG-1_contig_1,True,505,TRA,TRAV1-2,None,TRAJ33,TRAC,True,True,CAATDSNYQLIW,TGTGCTGCGACTGATAGCAACTATCAGTTAATCTGG,531,3,clonotype1,clonotype1_consensus_2
CGTTGGGGTCTTGCGG-1,True,CGTTGGGGTCTTGCGG-1_contig_2,True,489,TRB,TRBV20-1,None,TRBJ2-1,TRBC2,True,True,CSARVGSEVNEQFF,TGCAGTGCTAGAGTGGGGTCGGAAGTCAATGAGCAGTTCTTC,83,4,clonotype1,clonotype1_consensus_1
CGTTGGGGTCTTGCGG-1,True,CGTTGGGGTCTTGCGG-1_contig_3,True,465,TRA,TRAV10,None,TRAJ24,TRAC,True,False,None,None,265,3,clonotype1,None
CGTTGGGGTGTCGCTG-1,True,CGTTGGGGTGTCGCTG-1_contig_1,True,554,TRA,TRAV22,None,TRAJ41,TRAC,True,True,CALGGYALNF,TGTGCTCTAGGCGGGTATGCACTCAACTTC,84,2,clonotype312,clonotype312_consensus_1
CGTTGGGGTGTCGCTG-1,True,CGTTGGGGTGTCGCTG-1_contig_2,True,504,TRB,TRBV20-1,None,TRBJ2-3,TRBC2,True,True,CSARVSAGRGLTDTQYF,TGCAGTGCTAGAGTCTCGGCGGGGCGGGGCCTCACAGATACGCAGTATTTT,2686,10,clonotype312,clonotype312_consensus_2
CGTTGGGTCAAACGGG-1,True,CGTTGGGTCAAACGGG-1_contig_1,True,498,TRB,TRBV20-1,None,TRBJ2-7,TRBC2,True,True,CSAKDRGGLYEQYF,TGCAGTGCTAAGGACAGGGGGGGCCTCTACGAGCAGTACTTC,708,5,clonotype69,clonotype69_consensus_2
CGTTGGGTCAAACGGG-1,True,CGTTGGGTCAAACGGG-1_contig_2,True,493,TRA,TRAV29/DV5,None,TRAJ22,TRAC,True,True,CAASPISSGSARQLTF,TGTGCAGCAAGCCCCATTTCTTCTGGTTCTGCAAGGCAACTGACCTTT,860,6,clonotype69,clonotype69_consensus_1
CGTTGGGTCATGCATG-1,True,CGTTGGGTCATGCATG-1_contig_1,True,500,TRA,TRAV1-2,None,TRAJ33,TRAC,True,True,CAATDSNYQLIW,TGTGCTGCGACTGATAGCAACTATCAGTTAATCTGG,1110,3,clonotype1,clonotype1_consensus_2
CGTTGGGTCATGCATG-1,True,CGTTGGGTCATGCATG-1_contig_2,True,521,TRB,TRBV20-1,None,TRBJ2-1,TRBC2,True,True,CSARVGSEVNEQFF,TGCAGTGCTAGAGTGGGGTCGGAAGTCAATGAGCAGTTCTTC,5723,5,clonotype1,clonotype1_consensus_1
CGTTGGGTCATGCATG-1,True,CGTTGGGTCATGCATG-1_contig_3,True,471,TRA,TRAV10,None,TRAJ24,TRAC,True,False,None,None,5281,4,clonotype1,None
CGTTGGGTCCGCAAGC-1,True,CGTTGGGTCCGCAAGC-1_contig_1,True,505,TRA,TRAV1-2,None,TRAJ33,TRAC,True,True,CAATDSNYQLIW,TGTGCTGCGACTGATAGCAACTATCAGTTAATCTGG,702,3,clonotype1,clonotype1_consensus_2
CGTTGGGTCCGCAAGC-1,True,CGTTGGGTCCGCAAGC-1_contig_2,True,521,TRB,TRBV20-1,None,TRBJ2-1,TRBC2,True,True,CSARVGSEVNEQFF,TGCAGTGCTAGAGTGGGGTCGGAAGTCAATGAGCAGTTCTTC,1689,8,clonotype1,clonotype1_consensus_1
CGTTGGGTCCGCAAGC-1,True,CGTTGGGTCCGCAAGC-1_contig_3,True,482,TRA,TRAV10,None,TRAJ24,TRAC,True,False,None,None,318,8,clonotype1,None
CGTTGGGTCGCTGATA-1,True,CGTTGGGTCGCTGATA-1_contig_1,True,502,TRA,TRAV1-2,None,TRAJ30,TRAC,True,True,CAVRDLREIIF,TGTGCTGTGAGAGATCTTCGGGAGATCATCTTT,212,5,clonotype3,clonotype3_consensus_2
CGTTGGGTCGCTGATA-1,True,CGTTGGGTCGCTGATA-1_contig_2,True,554,TRB,TRBV5-5,None,TRBJ1-4,TRBC1,True,True,CASSHPGPNYATNEKLFF,TGTGCCAGCAGCCATCCCGGACCGAACTACGCAACTAATGAAAAACTGTTTTTT,209,3,clonotype3,clonotype3_consensus_1
CGTTGGGTCGCTGATA-1,True,CGTTGGGTCGCTGATA-1_contig_3,True,590,TRB,TRBV7-3,None,TRBJ2-1,TRBC2,True,False,CQQRSLKAGGPYNEQFF,TGCCAGCAGCGGTCACTTAAAGCGGGGGGACCCTACAATGAGCAGTTCTTC,61,3,clonotype3,None
CGTTGGGTCGTCTGAA-1,True,CGTTGGGTCGTCTGAA-1_contig_1,True,511,TRB,TRBV20-1,None,TRBJ1-1,TRBC1,True,True,CSARVPGSRTEAFF,TGCAGTGCTAGAGTCCCCGGCTCGCGAACTGAAGCTTTCTTT,3939,13,clonotype1895,clonotype1895_consensus_1
CGTTGGGTCGTCTGAA-1,True,CGTTGGGTCGTCTGAA-1_contig_2,True,544,TRA,TRAV12-2,None,TRAJ28,TRAC,True,True,CAASGAGSYQLTF,TGTGCCGCCTCTGGGGCTGGGAGTTACCAACTCACTTTC,874,4,clonotype1895,clonotype1895_consensus_2
CGTTGGGTCTCGGACG-1,True,CGTTGGGTCTCGGACG-1_contig_1,True,515,TRB,TRBV20-1,None,TRBJ2-5,TRBC2,True,True,CSASGEQETQYF,TGCAGTGCCTCGGGGGAACAAGAGACCCAGTACTTC,4785,20,clonotype313,clonotype313_consensus_1
CGTTGGGTCTCGGACG-1,True,CGTTGGGTCTCGGACG-1_contig_2,True,612,TRA,TRAV12-1,None,TRAJ40,TRAC,True,True,CVVTPSGTYKYIF,TGTGTGGTGACCCCATCAGGAACCTACAAATACATCTTT,732,5,clonotype313,clonotype313_consensus_2
CGTTGGGTCTTGTCAT-1,True,CGTTGGGTCTTGTCAT-1_contig_1,True,469,TRA,TRAV34,None,TRAJ39,TRAC,True,True,CGAPCHGDNAGNMLTF,TGTGGAGCACCCTGTCATGGGGATAATGCAGGCAACATGCTCACCTTT,786,6,clonotype1896,clonotype1896_consensus_2
CGTTGGGTCTTGTCAT-1,True,CGTTGGGTCTTGTCAT-1_contig_2,True,660,TRB,TRBV5-6,None,TRBJ1-6,TRBC1,True,True,CASSLDRGLSPLHF,TGTGCCAGCAGCCTCGACAGGGGGCTTTCACCCCTCCACTTT,1450,7,clonotype1896,clonotype1896_consensus_1
CTAACTTAGAATTGTG-1,True,CTAACTTAGAATTGTG-1_contig_1,True,557,TRA,TRAV2,None,TRAJ5,TRAC,True,True,CAVDTGRRALTF,TGTGCTGTCGACACGGGCAGGAGAGCACTTACTTTT,621,6,clonotype314,clonotype314_consensus_1
CTAACTTAGAATTGTG-1,True,CTAACTTAGAATTGTG-1_contig_2,True,527,TRB,TRBV20-1,None,TRBJ1-5,TRBC1,True,True,CSARISPGQGEQPQHF,TGCAGTGCCCGGATCTCTCCGGGACAGGGGGAGCAGCCCCAGCATTTT,1174,9,clonotype314,clonotype314_consensus_2
CTAACTTAGAGCTTCT-1,True,CTAACTTAGAGCTTCT-1_contig_1,True,567,TRA,TRAV8-4,None,TRAJ9,TRAC,True,True,CAVRNTGGFKTIF,TGTGCTGTGAGGAATACTGGAGGCTTCAAAACTATCTTT,714,6,clonotype46,clonotype46_consensus_2
CTAACTTAGAGCTTCT-1,True,CTAACTTAGAGCTTCT-1_contig_2,True,668,TRB,TRBV5-6,None,TRBJ2-2,TRBC2,True,True,CASSHQVQRGDTGELFF,TGTGCCAGCAGCCATCAGGTCCAGCGGGGGGACACCGGGGAGCTGTTTTTT,1400,8,clonotype46,clonotype46_consensus_1
CTAACTTAGCACACAG-1,True,CTAACTTAGCACACAG-1_contig_1,True,524,TRB,TRBV20-1,None,TRBJ1-1,TRBC1,True,True,CSAIRFGGMNTEAFF,TGCAGTGCTATTCGCTTCGGGGGGATGAACACTGAAGCTTTCTTT,1498,8,clonotype1897,clonotype1897_consensus_1
CTAACTTAGCTAACTC-1,True,CTAACTTAGCTAACTC-1_contig_1,True,530,TRB,TRBV5-5,None,TRBJ1-4,TRBC1,True,True,CASSHPGPNYATNEKLFF,TGTGCCAGCAGCCATCCCGGACCGAACTACGCAACTAATGAAAAACTGTTTTTT,1404,7,clonotype4,clonotype4_consensus_1
CTAACTTAGCTAACTC-1,True,CTAACTTAGCTAACTC-1_contig_2,True,445,TRB,TRBV7-3,None,TRBJ2-1,TRBC2,True,False,CQQRSLKAGGPYNEQFF,TGCCAGCAGCGGTCACTTAAAGCGGGGGGACCCTACAATGAGCAGTTCTTC,531,1,clonotype4,None
CTAACTTCACCAGATT-1,True,CTAACTTCACCAGATT-1_contig_1,True,505,TRA,TRAV1-2,None,TRAJ33,TRAC,True,True,CAATDSNYQLIW,TGTGCTGCGACTGATAGCAACTATCAGTTAATCTGG,80,1,clonotype1,clonotype1_consensus_2
CTAACTTCACCAGATT-1,True,CTAACTTCACCAGATT-1_contig_2,True,508,TRB,TRBV20-1,None,TRBJ2-1,TRBC2,True,True,CSARVGSEVNEQFF,TGCAGTGCTAGAGTGGGGTCGGAAGTCAATGAGCAGTTCTTC,1280,10,clonotype1,clonotype1_consensus_1
CTAACTTCACCAGATT-1,True,CTAACTTCACCAGATT-1_contig_3,True,449,TRA,TRAV10,None,TRAJ24,TRAC,True,False,None,None,230,2,clonotype1,None
CTAACTTCAGCGTTCG-1,True,CTAACTTCAGCGTTCG-1_contig_1,True,524,TRB,TRBV20-1,None,TRBJ2-7,TRBC2,True,True,CSARDSSGRASYEQYF,TGCAGTGCTAGAGATTCTTCCGGCAGGGCTTCCTACGAGCAGTACTTC,823,4,clonotype1898,clonotype1898_consensus_1
CTAACTTCAGCGTTCG-1,True,CTAACTTCAGCGTTCG-1_contig_2,True,563,TRA,TRAV26-1,None,TRAJ23,TRAC,True,True,CIVRVARNQGGKLIF,TGCATCGTCAGAGTCGCTAGGAACCAGGGAGGAAAGCTTATCTTC,167,2,clonotype1898,clonotype1898_consensus_2
CTAACTTCAGGATTGG-1,True,CTAACTTCAGGATTGG-1_contig_1,True,521,TRB,TRBV20-1,None,TRBJ2-1,TRBC2,True,True,CSARGYETYNEQFF,TGCAGTGCTAGGGGTTACGAAACCTACAATGAGCAGTTCTTC,3079,12,clonotype128,clonotype128_consensus_2
CTAACTTCAGGATTGG-1,True,CTAACTTCAGGATTGG-1_contig_2,True,567,TRA,TRAV16,None,TRAJ13,TRAC,True,True,CALKPGGYQKVTF,TGTGCTCTAAAGCCTGGGGGTTACCAGAAAGTTACCTTT,871,5,clonotype128,clonotype128_consensus_1
CTAACTTCATCCGGGT-1,True,CTAACTTCATCCGGGT-1_contig_1,True,621,TRA,TRAV3,None,TRAJ18,TRAC,True,True,CAVNDRGSTLGRLYF,TGTGCTGTGAACGACAGAGGCTCAACCCTGGGGAGGCTATACTTT,533,5,clonotype107,clonotype107_consensus_1
CTAACTTCATCCGGGT-1,True,CTAACTTCATCCGGGT-1_contig_2,True,503,TRB,TRBV5-5,None,TRBJ1-2,TRBC1,True,True,CASSTGTGGSYGYTF,TGTGCCAGCAGCACAGGGACAGGGGGCAGCTATGGCTACACCTTC,1622,9,clonotype107,clonotype107_consensus_2
CTAACTTCATCCGGGT-1,True,CTAACTTCATCCGGGT-1_contig_3,True,379,TRB,TRBV12-4,None,TRBJ2-3,TRBC2,True,False,CQQFRQGGTDTQYF,TGCCAGCAGTTTCGACAGGGTGGCACAGATACGCAGTATTTT,515,1,clonotype107,None
CTAACTTCATGCAACT-1,True,CTAACTTCATGCAACT-1_contig_1,True,516,TRB,TRBV20-1,None,TRBJ1-5,TRBC1,True,True,CSARGVFRDMEVHSNQPQHF,TGCAGTGCTAGAGGAGTTTTTCGGGACATGGAGGTCCATTCCAATCAGCCCCAGCATTTT,789,6,clonotype1899,clonotype1899_consensus_2
CTAACTTCATGCAACT-1,True,CTAACTTCATGCAACT-1_contig_2,True,566,TRA,TRAV22,None,TRAJ15,TRAC,True,True,CAVDPNQAGTALIF,TGTGCTGTGGATCCCAACCAGGCAGGAACTGCTCTGATCTTT,448,2,clonotype1899,clonotype1899_consensus_1
CTAACTTGTACATCCA-1,True,CTAACTTGTACATCCA-1_contig_1,True,556,TRB,TRBV6-9,None,TRBJ2-6,TRBC2,True,True,CASNLNQTGINSGANVLTF,TGTGCCAGCAACTTGAATCAGACAGGTATCAACTCTGGGGCCAACGTCCTGACTTTC,2795,8,clonotype15,clonotype15_consensus_1
CTAACTTGTACATCCA-1,True,CTAACTTGTACATCCA-1_contig_2,True,465,TRA,TRAV13-1,None,TRAJ16,TRAC,True,True,CAASSGFSDGQKLLF,TGTGCAGCAAGTTCGGGTTTTTCAGATGGCCAGAAGCTGCTCTTT,2620,9,clonotype15,clonotype15_consensus_3
CTAACTTGTACATCCA-1,True,CTAACTTGTACATCCA-1_contig_3,True,664,TRB,TRBV5-6,None,TRBJ2-6,TRBC2,True,True,CASSLQGTGANVLTF,TGTGCCAGCAGCTTGCAGGGGACTGGGGCCAACGTCCTGACTTTC,4090,11,clonotype15,clonotype15_consensus_2
CTAACTTGTCTCATCC-1,True,CTAACTTGTCTCATCC-1_contig_1,True,493,TRA,TRAV1-2,None,TRAJ33,TRAC,True,True,CAATDSNYQLIW,TGTGCTGCGACTGATAGCAACTATCAGTTAATCTGG,486,2,clonotype1,clonotype1_consensus_2
CTAACTTGTCTCATCC-1,True,CTAACTTGTCTCATCC-1_contig_2,True,521,TRB,TRBV20-1,None,TRBJ2-1,TRBC2,True,True,CSARVGSEVNEQFF,TGCAGTGCTAGAGTGGGGTCGGAAGTCAATGAGCAGTTCTTC,2063,11,clonotype1,clonotype1_consensus_1
CTAACTTGTCTCATCC-1,True,CTAACTTGTCTCATCC-1_contig_3,True,482,TRA,TRAV10,None,TRAJ24,TRAC,True,False,None,None,319,4,clonotype1,None
CTAACTTGTGGCCCTA-1,True,CTAACTTGTGGCCCTA-1_contig_1,True,505,TRA,TRAV1-2,None,TRAJ33,TRAC,True,True,CAATDSNYQLIW,TGTGCTGCGACTGATAGCAACTATCAGTTAATCTGG,3138,2,clonotype1,clonotype1_consensus_2
CTAACTTGTGGCCCTA-1,True,CTAACTTGTGGCCCTA-1_contig_2,True,521,TRB,TRBV20-1,None,TRBJ2-1,TRBC2,True,True,CSARVGSEVNEQFF,TGCAGTGCTAGAGTGGGGTCGGAAGTCAATGAGCAGTTCTTC,526,4,clonotype1,clonotype1_consensus_1
CTAACTTGTTGTGGAG-1,True,CTAACTTGTTGTGGAG-1_contig_1,True,505,TRA,TRAV1-2,None,TRAJ33,TRAC,True,True,CAATDSNYQLIW,TGTGCTGCGACTGATAGCAACTATCAGTTAATCTGG,2059,3,clonotype1,clonotype1_consensus_2
CTAACTTGTTGTGGAG-1,True,CTAACTTGTTGTGGAG-1_contig_2,True,521,TRB,TRBV20-1,None,TRBJ2-1,TRBC2,True,True,CSARVGSEVNEQFF,TGCAGTGCTAGAGTGGGGTCGGAAGTCAATGAGCAGTTCTTC,1352,9,clonotype1,clonotype1_consensus_1
CTAACTTTCACTCTTA-1,True,CTAACTTTCACTCTTA-1_contig_1,True,506,TRB,TRBV20-1,None,TRBJ2-1,TRBC2,True,True,CSARVGSEVNEQFF,TGCAGTGCTAGAGTGGGGTCGGAAGTCAATGAGCAGTTCTTC,175,5,clonotype2,clonotype2_consensus_1
CTAACTTTCATAACCG-1,True,CTAACTTTCATAACCG-1_contig_1,True,521,TRB,TRBV20-1,None,TRBJ2-1,TRBC2,True,True,CSARVGSEVNEQFF,TGCAGTGCTAGAGTGGGGTCGGAAGTCAATGAGCAGTTCTTC,1653,6,clonotype2,clonotype2_consensus_1
CTAACTTTCATAACCG-1,True,CTAACTTTCATAACCG-1_contig_2,True,482,TRA,TRAV10,None,TRAJ24,TRAC,True,False,None,None,391,2,clonotype2,None
CTAACTTTCCCTGACT-1,True,CTAACTTTCCCTGACT-1_contig_1,True,498,TRB,TRBV20-1,None,TRBJ2-1,TRBC2,True,True,CSARGYETYNEQFF,TGCAGTGCTAGGGGTTACGAAACCTACAATGAGCAGTTCTTC,1421,10,clonotype128,clonotype128_consensus_2
CTAACTTTCCCTGACT-1,True,CTAACTTTCCCTGACT-1_contig_2,True,561,TRA,TRAV16,None,TRAJ13,TRAC,True,True,CALKPGGYQKVTF,TGTGCTCTAAAGCCTGGGGGTTACCAGAAAGTTACCTTT,187,4,clonotype128,clonotype128_consensus_1
CTAACTTTCCGCGTTT-1,True,CTAACTTTCCGCGTTT-1_contig_1,True,521,TRB,TRBV20-1,None,TRBJ2-1,TRBC2,True,True,CSARVGSEVNEQFF,TGCAGTGCTAGAGTGGGGTCGGAAGTCAATGAGCAGTTCTTC,1512,7,clonotype2,clonotype2_consensus_1
CTAACTTTCCTACAGA-1,True,CTAACTTTCCTACAGA-1_contig_1,True,489,TRB,TRBV20-1,None,TRBJ2-3,TRBC2,True,True,CSAGDFHTQYF,TGCAGTGCGGGGGACTTCCATACGCAGTATTTT,1278,6,clonotype1900,clonotype1900_consensus_1
CTAAGACAGGTGGGTT-1,True,CTAAGACAGGTGGGTT-1_contig_1,True,660,TRB,TRBV5-6,None,TRBJ2-1,TRBC2,True,True,CASSFGSYNEQFF,TGTGCCAGCAGCTTCGGGTCCTACAATGAGCAGTTCTTC,3565,11,clonotype1901,clonotype1901_consensus_1
CTAAGACAGTCCGTAT-1,True,CTAAGACAGTCCGTAT-1_contig_1,True,507,TRB,TRBV20-1,None,TRBJ1-1,TRBC1,True,True,CSASTGTGYFRYTEAFF,TGCAGTGCGAGCACCGGGACAGGGTATTTTCGGTACACTGAAGCTTTCTTT,2493,11,clonotype38,clonotype38_consensus_1
CTAAGACAGTCCGTAT-1,True,CTAAGACAGTCCGTAT-1_contig_2,True,484,TRA,TRAV35,None,TRAJ47,TRAC,True,True,CAGVEYGNKLVF,TGTGCTGGGGTGGAATATGGAAACAAACTGGTCTTT,90,1,clonotype38,clonotype38_consensus_2
CTAAGACAGTCCGTAT-1,True,CTAAGACAGTCCGTAT-1_contig_3,True,447,TRA,None,None,TRAJ39,TRAC,False,False,None,None,81,1,clonotype38,None
CTAAGACAGTGTTAGA-1,True,CTAAGACAGTGTTAGA-1_contig_1,True,500,TRA,TRAV13-2,None,TRAJ36,TRAC,True,True,CALGANNLFF,TGTGCACTTGGGGCAAACAACCTCTTCTTT,241,6,clonotype1902,clonotype1902_consensus_1
CTAAGACAGTGTTAGA-1,True,CTAAGACAGTGTTAGA-1_contig_2,True,530,TRB,TRBV20-1,None,TRBJ2-6,TRBC2,True,True,CSAPGTGGISGANVLTF,TGCAGTGCTCCAGGGACAGGGGGCATCTCTGGGGCCAACGTCCTGACTTTC,2182,10,clonotype1902,clonotype1902_consensus_2
CTAAGACCAACACGCC-1,True,CTAAGACCAACACGCC-1_contig_1,True,545,TRA,TRAV12-1,None,TRAJ23,TRAC,True,True,CVVNQGGKLIF,TGTGTGGTGAACCAGGGAGGAAAGCTTATCTTC,247,1,clonotype1903,clonotype1903_consensus_1
CTAAGACCAACACGCC-1,True,CTAAGACCAACACGCC-1_contig_2,True,518,TRB,TRBV20-1,None,TRBJ1-1,TRBC1,True,True,CSARGAMNTEAFF,TGCAGTGCTAGGGGGGCTATGAACACTGAAGCTTTCTTT,1999,11,clonotype1903,clonotype1903_consensus_2
CTAAGACCAACACGCC-1,True,CTAAGACCAACACGCC-1_contig_3,True,513,TRA,TRAV13-2,None,TRAJ17,TRAC,True,False,None,None,239,2,clonotype1903,None
CTAAGACCAATCTACG-1,True,CTAAGACCAATCTACG-1_contig_1,True,495,TRB,TRBV20-1,None,TRBJ1-4,TRBC1,True,True,CSARGRTGLGEKLFF,TGCAGTGCTAGGGGTCGGACTGGGCTCGGTGAAAAACTGTTTTTT,1010,5,clonotype1904,clonotype1904_consensus_1
CTAAGACCAGCTGTTA-1,True,CTAAGACCAGCTGTTA-1_contig_1,True,505,TRA,TRAV1-2,None,TRAJ33,TRAC,True,True,CAATDSNYQLIW,TGTGCTGCGACTGATAGCAACTATCAGTTAATCTGG,468,2,clonotype1,clonotype1_consensus_2
CTAAGACCAGCTGTTA-1,True,CTAAGACCAGCTGTTA-1_contig_2,True,498,TRB,TRBV20-1,None,TRBJ2-1,TRBC2,True,True,CSARVGSEVNEQFF,TGCAGTGCTAGAGTGGGGTCGGAAGTCAATGAGCAGTTCTTC,2145,6,clonotype1,clonotype1_consensus_1
CTAAGACCAGCTGTTA-1,True,CTAAGACCAGCTGTTA-1_contig_3,True,482,TRA,TRAV10,None,TRAJ24,TRAC,True,False,None,None,202,2,clonotype1,None
CTAAGACCAGGCGATA-1,True,CTAAGACCAGGCGATA-1_contig_1,True,473,TRB,TRBV20-1,None,TRBJ2-1,TRBC2,True,True,CSARVGSEVNEQFF,TGCAGTGCTAGAGTGGGGTCGGAAGTCAATGAGCAGTTCTTC,1090,6,clonotype2,clonotype2_consensus_1
CTAAGACCATACAGCT-1,True,CTAAGACCATACAGCT-1_contig_1,True,653,TRB,TRBV5-6,None,TRBJ1-4,TRBC1,True,True,CASSLVQGEKLFF,TGTGCCAGCAGCTTGGTTCAGGGTGAAAAACTGTTTTTT,989,9,clonotype1905,clonotype1905_consensus_2
CTAAGACCATACAGCT-1,True,CTAAGACCATACAGCT-1_contig_2,True,555,TRA,TRAV12-1,None,TRAJ34,TRAC,True,True,CVASSYNTDKLIF,TGTGTGGCTTCATCTTATAACACCGACAAGCTCATCTTT,3180,13,clonotype1905,clonotype1905_consensus_1
CTAAGACGTCAGGACA-1,True,CTAAGACGTCAGGACA-1_contig_1,True,573,TRA,TRAV8-4,None,TRAJ28,TRAC,True,True,CAGKASGAGSYQLTF,TGTGCTGGGAAAGCTTCTGGGGCTGGGAGTTACCAACTCACTTTC,275,2,clonotype1906,clonotype1906_consensus_2
CTAAGACGTCAGGACA-1,True,CTAAGACGTCAGGACA-1_contig_2,True,489,TRB,TRBV20-1,None,TRBJ1-2,TRBC1,True,True,CSASQGDGYTF,TGCAGTGCTAGTCAGGGCGATGGCTACACCTTC,2271,8,clonotype1906,clonotype1906_consensus_1
CTAAGACGTCAGGACA-1,True,CTAAGACGTCAGGACA-1_contig_3,True,484,TRA,TRAV12-3,None,TRAJ17,TRAC,True,True,CANTKAAGNKLTF,TGTGCAAATACCAAAGCTGCAGGCAACAAGCTAACTTTT,379,1,clonotype1906,clonotype1906_consensus_3
CTAAGACGTCCGAGTC-1,True,CTAAGACGTCCGAGTC-1_contig_1,True,524,TRB,TRBV20-1,None,TRBJ1-5,TRBC1,True,True,CSAVRGTGDNQPQHF,TGCAGTGCTGTCCGAGGGACAGGGGACAATCAGCCCCAGCATTTT,950,7,clonotype1907,clonotype1907_consensus_1
CTAAGACGTCCGAGTC-1,True,CTAAGACGTCCGAGTC-1_contig_2,True,465,TRA,TRAV13-1,None,TRAJ36,TRAC,True,True,CAAKRRKTGANNLFF,TGTGCAGCGAAGCGAAGAAAGACTGGGGCAAACAACCTCTTCTTT,1060,7,clonotype1907,clonotype1907_consensus_2
CTAAGACGTCGGCTCA-1,True,CTAAGACGTCGGCTCA-1_contig_1,True,491,TRB,TRBV24-1,None,TRBJ1-1,TRBC1,True,True,CATSVFTAASNTEAFF,TGTGCCACCAGTGTCTTTACGGCAGCCTCGAACACTGAAGCTTTCTTT,639,4,clonotype1908,clonotype1908_consensus_2
CTAAGACGTCGGCTCA-1,True,CTAAGACGTCGGCTCA-1_contig_2,True,456,TRA,TRAV13-1,None,TRAJ49,TRAC,True,True,CAATPTGNQFYF,TGTGCAGCAACCCCGACCGGTAACCAGTTCTATTTT,137,2,clonotype1908,clonotype1908_consensus_1
CTAAGACGTCGGCTCA-1,True,CTAAGACGTCGGCTCA-1_contig_3,True,512,TRB,TRBV20-1,None,TRBJ1-2,TRBC1,True,True,CSAIYGGGYTF,TGCAGTGCTATTTACGGTGGGGGCTACACCTTC,1004,6,clonotype1908,clonotype1908_consensus_3
CTAAGACGTGTATGGG-1,True,CTAAGACGTGTATGGG-1_contig_1,True,614,TRA,TRAV8-2,None,TRAJ3,TRAC,True,True,CVVSDQGYSSASKIIF,TGTGTTGTGAGTGATCAGGGGTACAGCAGTGCTTCCAAGATAATCTTT,316,2,clonotype315,clonotype315_consensus_1
CTAAGACGTGTATGGG-1,True,CTAAGACGTGTATGGG-1_contig_2,True,521,TRB,TRBV5-5,None,TRBJ1-2,TRBC1,True,True,CASRRTLNEGYTF,TGTGCCAGCAGACGGACTCTTAACGAGGGCTACACCTTC,1841,9,clonotype315,clonotype315_consensus_2
CTAAGACGTTAGATGA-1,True,CTAAGACGTTAGATGA-1_contig_1,True,505,TRA,TRAV1-2,None,TRAJ33,TRAC,True,True,CAATDSNYQLIW,TGTGCTGCGACTGATAGCAACTATCAGTTAATCTGG,662,3,clonotype1,clonotype1_consensus_2
CTAAGACGTTAGATGA-1,True,CTAAGACGTTAGATGA-1_contig_2,True,502,TRB,TRBV20-1,None,TRBJ2-1,TRBC2,True,True,CSARVGSEVNEQFF,TGCAGTGCTAGAGTGGGGTCGGAAGTCAATGAGCAGTTCTTC,1753,11,clonotype1,clonotype1_consensus_1
CTAAGACGTTAGATGA-1,True,CTAAGACGTTAGATGA-1_contig_3,True,467,TRA,TRAV10,None,TRAJ24,TRAC,True,False,None,None,1020,7,clonotype1,None
CTAAGACTCCTCAATT-1,True,CTAAGACTCCTCAATT-1_contig_1,True,505,TRB,TRBV20-1,None,TRBJ2-3,TRBC2,True,True,CSAHPTDSADTDTQYF,TGCAGTGCTCATCCAACGGACAGCGCAGACACAGATACGCAGTATTTT,370,6,clonotype135,clonotype135_consensus_1
CTAAGACTCCTCAATT-1,True,CTAAGACTCCTCAATT-1_contig_2,True,604,TRA,TRAV8-6,None,TRAJ22,TRAC,True,True,CAVSGSARQLTF,TGTGCTGTATCTGGTTCTGCAAGGCAACTGACCTTT,3217,4,clonotype135,clonotype135_consensus_2
CTAAGACTCGCACTCT-1,True,CTAAGACTCGCACTCT-1_contig_1,True,505,TRA,TRAV1-2,None,TRAJ33,TRAC,True,True,CAATDSNYQLIW,TGTGCTGCGACTGATAGCAACTATCAGTTAATCTGG,604,4,clonotype1,clonotype1_consensus_2
CTAAGACTCGCACTCT-1,True,CTAAGACTCGCACTCT-1_contig_2,True,521,TRB,TRBV20-1,None,TRBJ2-1,TRBC2,True,True,CSARVGSEVNEQFF,TGCAGTGCTAGAGTGGGGTCGGAAGTCAATGAGCAGTTCTTC,1284,5,clonotype1,clonotype1_consensus_1
CTAAGACTCGGCTACG-1,True,CTAAGACTCGGCTACG-1_contig_1,True,527,TRB,TRBV20-1,None,TRBJ2-1,TRBC2,True,True,CSAREGGGGAYNEQFF,TGCAGTGCTAGAGAGGGTGGCGGGGGGGCCTACAATGAGCAGTTCTTC,280,3,clonotype1909,clonotype1909_consensus_1
CTAAGACTCTTGTATC-1,True,CTAAGACTCTTGTATC-1_contig_1,True,492,TRB,TRBV20-1,None,TRBJ2-1,TRBC2,True,True,CSARVGSEVNEQFF,TGCAGTGCTAGAGTGGGGTCGGAAGTCAATGAGCAGTTCTTC,1243,7,clonotype2,clonotype2_consensus_1
CTAAGACTCTTGTATC-1,True,CTAAGACTCTTGTATC-1_contig_2,True,459,TRA,TRAV10,None,TRAJ24,TRAC,True,False,None,None,433,2,clonotype2,None
CTAATGGAGACAGACC-1,True,CTAATGGAGACAGACC-1_contig_1,True,505,TRA,TRAV1-2,None,TRAJ33,TRAC,True,True,CAATDSNYQLIW,TGTGCTGCGACTGATAGCAACTATCAGTTAATCTGG,1548,8,clonotype1,clonotype1_consensus_2
CTAATGGAGACAGACC-1,True,CTAATGGAGACAGACC-1_contig_2,True,521,TRB,TRBV20-1,None,TRBJ2-1,TRBC2,True,True,CSARVGSEVNEQFF,TGCAGTGCTAGAGTGGGGTCGGAAGTCAATGAGCAGTTCTTC,4384,22,clonotype1,clonotype1_consensus_1
CTAATGGAGACAGACC-1,True,CTAATGGAGACAGACC-1_contig_3,True,458,TRA,TRAV10,None,TRAJ24,TRAC,True,False,None,None,176,3,clonotype1,None
CTAATGGAGGCTAGAC-1,True,CTAATGGAGGCTAGAC-1_contig_1,True,521,TRB,TRBV20-1,None,TRBJ2-3,TRBC2,True,True,CSAPSWGRGDTQYF,TGCAGTGCTCCCTCCTGGGGGCGGGGAGATACGCAGTATTTT,1816,10,clonotype1910,clonotype1910_consensus_2
CTAATGGAGGCTAGAC-1,True,CTAATGGAGGCTAGAC-1_contig_2,True,562,TRA,TRAV19,None,TRAJ43,TRAC,True,True,CALSEVQGDDMRF,TGTGCTCTGAGTGAGGTCCAAGGGGATGACATGCGCTTT,1324,5,clonotype1910,clonotype1910_consensus_1
CTAATGGAGTTACCCA-1,True,CTAATGGAGTTACCCA-1_contig_1,True,505,TRA,TRAV1-2,None,TRAJ33,TRAC,True,True,CAATDSNYQLIW,TGTGCTGCGACTGATAGCAACTATCAGTTAATCTGG,465,2,clonotype1,clonotype1_consensus_2
CTAATGGAGTTACCCA-1,True,CTAATGGAGTTACCCA-1_contig_2,True,521,TRB,TRBV20-1,None,TRBJ2-1,TRBC2,True,True,CSARVGSEVNEQFF,TGCAGTGCTAGAGTGGGGTCGGAAGTCAATGAGCAGTTCTTC,207,6,clonotype1,clonotype1_consensus_1
CTAATGGAGTTACCCA-1,True,CTAATGGAGTTACCCA-1_contig_3,True,463,TRA,TRAV10,None,TRAJ24,TRAC,True,False,None,None,5741,2,clonotype1,None
CTAATGGAGTTCCACA-1,True,CTAATGGAGTTCCACA-1_contig_1,True,498,TRB,TRBV20-1,None,TRBJ2-2,TRBC2,True,True,CSARPQLTNTGELFF,TGCAGTGCTAGACCCCAACTAACCAACACCGGGGAGCTGTTTTTT,3514,12,clonotype13,clonotype13_consensus_2
CTAATGGAGTTCCACA-1,True,CTAATGGAGTTCCACA-1_contig_2,True,529,TRA,TRAV21,None,TRAJ11,TRAC,True,True,CAASASGYSTLTF,TGTGCTGCCTCAGCATCAGGATACAGCACCCTCACCTTT,882,6,clonotype13,clonotype13_consensus_1
CTAATGGCAAATTGCC-1,True,CTAATGGCAAATTGCC-1_contig_1,True,521,TRB,TRBV20-1,None,TRBJ2-1,TRBC2,True,True,CSARVGSEVNEQFF,TGCAGTGCTAGAGTGGGGTCGGAAGTCAATGAGCAGTTCTTC,2850,12,clonotype2,clonotype2_consensus_1
CTAATGGCAAATTGCC-1,True,CTAATGGCAAATTGCC-1_contig_2,True,481,TRA,TRAV10,None,TRAJ24,TRAC,True,False,None,None,206,3,clonotype2,None
CTAATGGCAAGCCTAT-1,True,CTAATGGCAAGCCTAT-1_contig_1,True,505,TRA,TRAV1-2,None,TRAJ33,TRAC,True,True,CAATDSNYQLIW,TGTGCTGCGACTGATAGCAACTATCAGTTAATCTGG,4814,4,clonotype1,clonotype1_consensus_2
CTAATGGCAAGCCTAT-1,True,CTAATGGCAAGCCTAT-1_contig_2,True,478,TRB,TRBV20-1,None,TRBJ2-1,TRBC2,True,True,CSARVGSEVNEQFF,TGCAGTGCTAGAGTGGGGTCGGAAGTCAATGAGCAGTTCTTC,53,3,clonotype1,clonotype1_consensus_1
CTAATGGCAAGTACCT-1,True,CTAATGGCAAGTACCT-1_contig_1,True,514,TRA,TRAV5,None,TRAJ3,TRAC,True,True,CAETPYSSASKIIF,TGTGCAGAGACCCCATACAGCAGTGCTTCCAAGATAATCTTT,467,1,clonotype1911,clonotype1911_consensus_2
CTAATGGCAAGTACCT-1,True,CTAATGGCAAGTACCT-1_contig_2,True,527,TRB,TRBV20-1,None,TRBJ1-6,TRBC1,True,True,CSARRQGQGGGSPLHF,TGCAGTGCTAGACGGCAGGGACAGGGCGGAGGTTCACCCCTCCACTTT,2414,12,clonotype1911,clonotype1911_consensus_1
CTAATGGCAAGTACCT-1,True,CTAATGGCAAGTACCT-1_contig_3,True,338,TRA,TRAV1-1,None,TRAJ23,TRAC,True,False,None,None,216,1,clonotype1911,None
CTAATGGCAATCGGTT-1,True,CTAATGGCAATCGGTT-1_contig_1,True,505,TRA,TRAV1-2,None,TRAJ33,TRAC,True,True,CAATDSNYQLIW,TGTGCTGCGACTGATAGCAACTATCAGTTAATCTGG,285,1,clonotype1,clonotype1_consensus_2
CTAATGGCAATCGGTT-1,True,CTAATGGCAATCGGTT-1_contig_2,True,492,TRB,TRBV20-1,None,TRBJ2-1,TRBC2,True,True,CSARVGSEVNEQFF,TGCAGTGCTAGAGTGGGGTCGGAAGTCAATGAGCAGTTCTTC,951,4,clonotype1,clonotype1_consensus_1
CTAATGGCAATCGGTT-1,True,CTAATGGCAATCGGTT-1_contig_3,True,482,TRA,TRAV10,None,TRAJ24,TRAC,True,False,None,None,435,1,clonotype1,None
CTAATGGCACAGTCGC-1,True,CTAATGGCACAGTCGC-1_contig_1,True,524,TRB,TRBV20-1,None,TRBJ1-4,TRBC1,True,True,CSAALRQGYNEKLFF,TGCAGTGCTGCCCTCAGACAGGGTTATAATGAAAAACTGTTTTTT,3253,12,clonotype1912,clonotype1912_consensus_1
CTAATGGCACAGTCGC-1,True,CTAATGGCACAGTCGC-1_contig_2,True,508,TRA,TRAV13-2,None,TRAJ23,TRAC,True,True,CAEPPIYNQGGKLIF,TGTGCAGAGCCACCGATTTATAACCAGGGAGGAAAGCTTATCTTC,315,2,clonotype1912,clonotype1912_consensus_2
CTAATGGCAGAAGCAC-1,True,CTAATGGCAGAAGCAC-1_contig_1,True,524,TRB,TRBV20-1,None,TRBJ2-4,TRBC2,True,True,CSASLVGSAKNIQYF,TGCAGTGCTAGCCTGGTCGGGTCGGCCAAAAACATTCAGTACTTC,1819,7,clonotype1913,clonotype1913_consensus_1
CTAATGGCAGAAGCAC-1,True,CTAATGGCAGAAGCAC-1_contig_2,True,335,TRA,TRAV8-1,None,None,TRAC,False,False,None,None,160,2,clonotype1913,None
CTAATGGCAGGCTGAA-1,True,CTAATGGCAGGCTGAA-1_contig_1,True,502,TRA,TRAV1-2,None,TRAJ33,TRAC,True,True,CAATDSNYQLIW,TGTGCTGCGACTGATAGCAACTATCAGTTAATCTGG,189,2,clonotype1,clonotype1_consensus_2
CTAATGGCAGGCTGAA-1,True,CTAATGGCAGGCTGAA-1_contig_2,True,521,TRB,TRBV20-1,None,TRBJ2-1,TRBC2,True,True,CSARVGSEVNEQFF,TGCAGTGCTAGAGTGGGGTCGGAAGTCAATGAGCAGTTCTTC,854,7,clonotype1,clonotype1_consensus_1
CTAATGGCATGTCCTC-1,True,CTAATGGCATGTCCTC-1_contig_1,True,505,TRA,TRAV1-2,None,TRAJ33,TRAC,True,True,CAATDSNYQLIW,TGTGCTGCGACTGATAGCAACTATCAGTTAATCTGG,136,2,clonotype1,clonotype1_consensus_2
CTAATGGCATGTCCTC-1,True,CTAATGGCATGTCCTC-1_contig_2,True,521,TRB,TRBV20-1,None,TRBJ2-1,TRBC2,True,True,CSARVGSEVNEQFF,TGCAGTGCTAGAGTGGGGTCGGAAGTCAATGAGCAGTTCTTC,418,3,clonotype1,clonotype1_consensus_1
CTAATGGCATGTCCTC-1,True,CTAATGGCATGTCCTC-1_contig_3,True,458,TRA,TRAV10,None,TRAJ24,TRAC,True,False,None,None,194,1,clonotype1,None
CTAATGGGTGATAAAC-1,True,CTAATGGGTGATAAAC-1_contig_1,True,508,TRA,TRAV29/DV5,None,TRAJ36,TRAC,True,True,CAAIRGANNLFF,TGTGCAGCAATCAGAGGGGCAAACAACCTCTTCTTT,744,4,clonotype1914,clonotype1914_consensus_1
CTAATGGGTGATAAAC-1,True,CTAATGGGTGATAAAC-1_contig_2,True,490,TRB,TRBV5-6,None,TRBJ1-2,TRBC1,True,True,CASSFRTANYGYTF,TGTGCCAGCAGCTTCCGGACTGCTAACTATGGCTACACCTTC,1234,6,clonotype1914,clonotype1914_consensus_2
CTAATGGGTTGCGTTA-1,True,CTAATGGGTTGCGTTA-1_contig_1,True,462,TRA,TRAV13-1,None,TRAJ17,TRAC,True,True,CAASLEAAGNKLTF,TGTGCAGCAAGCCTCGAAGCTGCAGGCAACAAGCTAACTTTT,708,6,clonotype1915,clonotype1915_consensus_2
CTAATGGGTTGCGTTA-1,True,CTAATGGGTTGCGTTA-1_contig_2,True,510,TRB,TRBV5-5,None,TRBJ1-5,TRBC1,True,True,CASSFLFGIDQPQHF,TGTGCCAGCAGCTTTTTGTTCGGGATCGATCAGCCCCAGCATTTT,1304,5,clonotype1915,clonotype1915_consensus_1
CTAATGGGTTGCGTTA-1,True,CTAATGGGTTGCGTTA-1_contig_3,True,483,TRB,TRBV21-1,None,TRBJ1-6,TRBC1,True,False,CASSKPIAPPVSPLHF,TGTGCCAGCAGCAAACCCATTGCCCCGCCCGTTTCACCCCTCCACTTT,1693,6,clonotype1915,None
CTAATGGTCAGGTAAA-1,True,CTAATGGTCAGGTAAA-1_contig_1,True,495,TRB,TRBV20-1,None,TRBJ1-1,TRBC1,True,True,CSATLTENTEAFF,TGCAGTGCTACCCTAACAGAGAACACTGAAGCTTTCTTT,1845,6,clonotype1916,clonotype1916_consensus_1
CTAATGGTCAGGTAAA-1,True,CTAATGGTCAGGTAAA-1_contig_2,True,377,TRA,TRAV2,None,TRAJ34,TRAC,True,False,CAVEEGYNTDKLIF,TGTGCTGTGGAGGAGGGGTATAACACCGACAAGCTCATCTTT,218,2,clonotype1916,None
CTAATGGTCATCGCTC-1,True,CTAATGGTCATCGCTC-1_contig_1,True,505,TRA,TRAV1-2,None,TRAJ33,TRAC,True,True,CAATDSNYQLIW,TGTGCTGCGACTGATAGCAACTATCAGTTAATCTGG,1736,4,clonotype1,clonotype1_consensus_2
CTAATGGTCATCGCTC-1,True,CTAATGGTCATCGCTC-1_contig_2,True,505,TRB,TRBV20-1,None,TRBJ2-1,TRBC2,True,True,CSARVGSEVNEQFF,TGCAGTGCTAGAGTGGGGTCGGAAGTCAATGAGCAGTTCTTC,809,7,clonotype1,clonotype1_consensus_1
CTAATGGTCCAAGCCG-1,True,CTAATGGTCCAAGCCG-1_contig_1,True,505,TRA,TRAV1-2,None,TRAJ33,TRAC,True,True,CAATDSNYQLIW,TGTGCTGCGACTGATAGCAACTATCAGTTAATCTGG,551,3,clonotype1,clonotype1_consensus_2
CTAATGGTCCAAGCCG-1,True,CTAATGGTCCAAGCCG-1_contig_2,True,521,TRB,TRBV20-1,None,TRBJ2-1,TRBC2,True,True,CSARVGSEVNEQFF,TGCAGTGCTAGAGTGGGGTCGGAAGTCAATGAGCAGTTCTTC,3986,9,clonotype1,clonotype1_consensus_1
CTAATGGTCCAAGCCG-1,True,CTAATGGTCCAAGCCG-1_contig_3,True,467,TRA,TRAV10,None,TRAJ24,TRAC,True,False,None,None,589,2,clonotype1,None
CTAATGGTCGCCTGTT-1,True,CTAATGGTCGCCTGTT-1_contig_1,True,505,TRA,TRAV1-2,None,TRAJ33,TRAC,True,True,CAATDSNYQLIW,TGTGCTGCGACTGATAGCAACTATCAGTTAATCTGG,595,3,clonotype1,clonotype1_consensus_2
CTAATGGTCGCCTGTT-1,True,CTAATGGTCGCCTGTT-1_contig_2,True,521,TRB,TRBV20-1,None,TRBJ2-1,TRBC2,True,True,CSARVGSEVNEQFF,TGCAGTGCTAGAGTGGGGTCGGAAGTCAATGAGCAGTTCTTC,1152,5,clonotype1,clonotype1_consensus_1
CTACACCAGAGGTTGC-1,True,CTACACCAGAGGTTGC-1_contig_1,True,479,TRB,TRBV20-1,None,TRBJ2-1,TRBC2,True,True,CSARSGGDEQFF,TGCAGTGCTAGATCGGGTGGCGATGAGCAGTTCTTC,658,4,clonotype1917,clonotype1917_consensus_2
CTACACCAGAGGTTGC-1,True,CTACACCAGAGGTTGC-1_contig_2,True,535,TRA,TRAV12-2,None,TRAJ24,TRAC,True,True,CAAAWGKLQF,TGTGCCGCCGCCTGGGGGAAATTGCAGTTT,372,5,clonotype1917,clonotype1917_consensus_1
CTACACCAGGATATAC-1,True,CTACACCAGGATATAC-1_contig_1,True,567,TRA,TRAV8-4,None,TRAJ30,TRAC,True,True,CAVSERGDDKIIF,TGTGCTGTGAGTGAGCGCGGAGATGACAAGATCATCTTT,383,4,clonotype1918,clonotype1918_consensus_2
CTACACCAGGATATAC-1,True,CTACACCAGGATATAC-1_contig_2,True,662,TRB,TRBV5-6,None,TRBJ1-1,TRBC1,True,True,CASSSSGTENTEAFF,TGTGCCAGCAGCTCCTCCGGGACGGAGAACACTGAAGCTTTCTTT,5968,15,clonotype1918,clonotype1918_consensus_1
CTACACCAGTGGGCTA-1,True,CTACACCAGTGGGCTA-1_contig_1,True,459,TRA,TRAV13-1,None,TRAJ22,TRAC,True,True,CAASIGTARQLTF,TGTGCAGCAAGTATAGGGACTGCAAGGCAACTGACCTTT,135,4,clonotype19,clonotype19_consensus_1
CTACACCAGTGGGCTA-1,True,CTACACCAGTGGGCTA-1_contig_2,True,518,TRB,TRBV20-1,None,TRBJ2-5,TRBC2,True,True,CSAQTTVVATQYF,TGCAGTGCCCAGACGACGGTAGTAGCGACCCAGTACTTC,1826,8,clonotype19,clonotype19_consensus_2
CTACACCAGTGGTAAT-1,True,CTACACCAGTGGTAAT-1_contig_1,True,505,TRA,TRAV1-2,None,TRAJ33,TRAC,True,True,CAATDSNYQLIW,TGTGCTGCGACTGATAGCAACTATCAGTTAATCTGG,159,3,clonotype1,clonotype1_consensus_2
CTACACCAGTGGTAAT-1,True,CTACACCAGTGGTAAT-1_contig_2,True,498,TRB,TRBV20-1,None,TRBJ2-1,TRBC2,True,True,CSARVGSEVNEQFF,TGCAGTGCTAGAGTGGGGTCGGAAGTCAATGAGCAGTTCTTC,550,10,clonotype1,clonotype1_consensus_1
CTACACCAGTTCGCAT-1,True,CTACACCAGTTCGCAT-1_contig_1,True,493,TRA,TRAV1-2,None,TRAJ33,TRAC,True,True,CAATDSNYQLIW,TGTGCTGCGACTGATAGCAACTATCAGTTAATCTGG,191,2,clonotype1,clonotype1_consensus_2
CTACACCAGTTCGCAT-1,True,CTACACCAGTTCGCAT-1_contig_2,True,485,TRB,TRBV20-1,None,TRBJ2-1,TRBC2,True,True,CSARVGSEVNEQFF,TGCAGTGCTAGAGTGGGGTCGGAAGTCAATGAGCAGTTCTTC,261,3,clonotype1,clonotype1_consensus_1
CTACACCCAACACCTA-1,True,CTACACCCAACACCTA-1_contig_1,True,505,TRA,TRAV1-2,None,TRAJ33,TRAC,True,True,CAATDSNYQLIW,TGTGCTGCGACTGATAGCAACTATCAGTTAATCTGG,284,4,clonotype1,clonotype1_consensus_2
CTACACCCAACACCTA-1,True,CTACACCCAACACCTA-1_contig_2,True,521,TRB,TRBV20-1,None,TRBJ2-1,TRBC2,True,True,CSARVGSEVNEQFF,TGCAGTGCTAGAGTGGGGTCGGAAGTCAATGAGCAGTTCTTC,1114,9,clonotype1,clonotype1_consensus_1
CTACACCCAACACCTA-1,True,CTACACCCAACACCTA-1_contig_3,True,482,TRA,TRAV10,None,TRAJ24,TRAC,True,False,None,None,33,2,clonotype1,None
CTACACCCACTCGACG-1,True,CTACACCCACTCGACG-1_contig_1,True,502,TRA,TRAV1-2,None,TRAJ33,TRAC,True,True,CAATDSNYQLIW,TGTGCTGCGACTGATAGCAACTATCAGTTAATCTGG,423,2,clonotype1,clonotype1_consensus_2
CTACACCCACTCGACG-1,True,CTACACCCACTCGACG-1_contig_2,True,498,TRB,TRBV20-1,None,TRBJ2-1,TRBC2,True,True,CSARVGSEVNEQFF,TGCAGTGCTAGAGTGGGGTCGGAAGTCAATGAGCAGTTCTTC,1058,5,clonotype1,clonotype1_consensus_1
CTACACCCACTCGACG-1,True,CTACACCCACTCGACG-1_contig_3,True,465,TRA,TRAV10,None,TRAJ24,TRAC,True,False,None,None,1014,3,clonotype1,None
CTACACCCATGGTTGT-1,True,CTACACCCATGGTTGT-1_contig_1,True,507,TRA,TRAV12-1,None,TRAJ5,TRAC,True,True,CVVNAGRRALTF,TGTGTGGTGAACGCGGGCAGGAGAGCACTTACTTTT,663,4,clonotype145,clonotype145_consensus_2
CTACACCCATGGTTGT-1,True,CTACACCCATGGTTGT-1_contig_2,True,521,TRB,TRBV20-1,None,TRBJ2-7,TRBC2,True,True,CSYRDPRAGYEQYF,TGCAGTTACCGGGACCCCCGGGCCGGCTACGAGCAGTACTTC,3774,22,clonotype145,clonotype145_consensus_1
CTACACCCATGGTTGT-1,True,CTACACCCATGGTTGT-1_contig_3,True,439,TRA,TRAV2,None,TRAJ5,TRAC,True,False,None,None,479,1,clonotype145,None
CTACACCCATTCCTGC-1,True,CTACACCCATTCCTGC-1_contig_1,True,505,TRA,TRAV1-2,None,TRAJ33,TRAC,True,True,CAATDSNYQLIW,TGTGCTGCGACTGATAGCAACTATCAGTTAATCTGG,442,4,clonotype1,clonotype1_consensus_2
CTACACCCATTCCTGC-1,True,CTACACCCATTCCTGC-1_contig_2,True,521,TRB,TRBV20-1,None,TRBJ2-1,TRBC2,True,True,CSARVGSEVNEQFF,TGCAGTGCTAGAGTGGGGTCGGAAGTCAATGAGCAGTTCTTC,1402,7,clonotype1,clonotype1_consensus_1
CTACACCGTATAATGG-1,True,CTACACCGTATAATGG-1_contig_1,True,505,TRA,TRAV1-2,None,TRAJ33,TRAC,True,True,CAATDSNYQLIW,TGTGCTGCGACTGATAGCAACTATCAGTTAATCTGG,1390,11,clonotype1,clonotype1_consensus_2
CTACACCGTATAATGG-1,True,CTACACCGTATAATGG-1_contig_2,True,521,TRB,TRBV20-1,None,TRBJ2-1,TRBC2,True,True,CSARVGSEVNEQFF,TGCAGTGCTAGAGTGGGGTCGGAAGTCAATGAGCAGTTCTTC,2888,13,clonotype1,clonotype1_consensus_1
CTACACCGTCTCTTTA-1,True,CTACACCGTCTCTTTA-1_contig_1,True,515,TRB,TRBV20-1,None,TRBJ2-1,TRBC2,True,True,CSARRSNLGNEQFF,TGCAGTGCTAGAAGGTCTAACCTGGGCAATGAGCAGTTCTTC,3035,8,clonotype1919,clonotype1919_consensus_2
CTACACCGTCTCTTTA-1,True,CTACACCGTCTCTTTA-1_contig_2,True,661,TRA,TRAV8-3,None,TRAJ10,TRAC,True,True,CAVGSGGGNKLTF,TGTGCTGTGGGTTCGGGAGGAGGAAACAAACTCACCTTT,2008,2,clonotype1919,clonotype1919_consensus_1
CTACACCGTCTCTTTA-1,True,CTACACCGTCTCTTTA-1_contig_3,True,334,TRB,None,None,TRBJ2-7,TRBC2,False,False,None,None,727,2,clonotype1919,None
CTACACCGTCTCTTTA-1,True,CTACACCGTCTCTTTA-1_contig_4,True,334,TRA,TRAV1-1,None,TRAJ42,TRAC,True,False,None,None,126,1,clonotype1919,None
CTACACCGTGACGCCT-1,True,CTACACCGTGACGCCT-1_contig_1,True,492,TRB,TRBV20-1,None,TRBJ2-1,TRBC2,True,True,CSARVGSEVNEQFF,TGCAGTGCTAGAGTGGGGTCGGAAGTCAATGAGCAGTTCTTC,270,2,clonotype2,clonotype2_consensus_1
CTACACCGTGACGCCT-1,True,CTACACCGTGACGCCT-1_contig_2,True,463,TRA,TRAV10,None,TRAJ24,TRAC,True,False,None,None,190,3,clonotype2,None
CTACACCTCAACACGT-1,True,CTACACCTCAACACGT-1_contig_1,True,561,TRA,TRAV12-1,None,TRAJ3,TRAC,True,True,CVVNMGYSSASKIIF,TGTGTGGTGAACATGGGGTACAGCAGTGCTTCCAAGATAATCTTT,1300,4,clonotype250,clonotype250_consensus_2
CTACACCTCAACACGT-1,True,CTACACCTCAACACGT-1_contig_2,True,521,TRB,TRBV20-1,None,TRBJ2-3,TRBC2,True,True,CSATLAGPTDTQYF,TGCAGTGCTACACTAGCGGGGCCCACAGATACGCAGTATTTT,1994,8,clonotype250,clonotype250_consensus_1
CTACACCTCAACACGT-1,True,CTACACCTCAACACGT-1_contig_3,True,485,TRB,TRBV5-3,None,TRBJ1-5,TRBC1,True,False,CISVPEAHRQRSQPQHF,TGTATCTCTGTGCCAGAAGCCCACCGACAGAGGAGCCAGCCCCAGCATTTT,231,2,clonotype250,None
CTACACCTCACTATTC-1,True,CTACACCTCACTATTC-1_contig_1,True,495,TRB,TRBV20-1,None,TRBJ2-1,TRBC2,True,True,CSAPAGGGDEQFF,TGCAGTGCTCCAGCGGGGGGCGGCGATGAGCAGTTCTTC,511,15,clonotype222,clonotype222_consensus_2
CTACACCTCACTATTC-1,True,CTACACCTCACTATTC-1_contig_2,True,544,TRA,TRAV12-2,None,TRAJ24,TRAC,True,True,CASGAGSWGKLQF,TGTGCCTCTGGAGCCGGCAGCTGGGGGAAATTGCAGTTT,1096,6,clonotype222,clonotype222_consensus_1
CTACACCTCACTATTC-1,True,CTACACCTCACTATTC-1_contig_3,True,512,TRA,TRAV2,None,TRAJ33,TRAC,True,False,None,None,280,2,clonotype222,None
CTACACCTCCGAACGC-1,True,CTACACCTCCGAACGC-1_contig_1,True,510,TRA,TRAV2,None,TRAJ31,TRAC,True,True,CAVRNNNARLMF,TGTGCTGTACGCAATAACAATGCCAGACTCATGTTT,686,3,clonotype1920,clonotype1920_consensus_2
CTACACCTCCGAACGC-1,True,CTACACCTCCGAACGC-1_contig_2,True,521,TRB,TRBV20-1,None,TRBJ2-5,TRBC2,True,True,CSARETGGDQTQYF,TGCAGTGCTAGAGAGACAGGGGGGGATCAGACCCAGTACTTC,2915,13,clonotype1920,clonotype1920_consensus_1
CTACACCTCCGATATG-1,True,CTACACCTCCGATATG-1_contig_1,True,565,TRA,TRAV8-1,None,TRAJ7,TRAC,True,True,CAVSGNNRLAF,TGTGCCGTGAGCGGGAACAACAGACTCGCTTTT,1462,5,clonotype1921,clonotype1921_consensus_1
CTACACCTCCGATATG-1,True,CTACACCTCCGATATG-1_contig_2,True,521,TRB,TRBV20-1,None,TRBJ2-3,TRBC2,True,True,CSAGTGLRTDTQYF,TGCAGTGCCGGGACAGGTCTCCGCACAGATACGCAGTATTTT,2809,11,clonotype1921,clonotype1921_consensus_2
CTACACCTCGCGATCG-1,True,CTACACCTCGCGATCG-1_contig_1,True,505,TRA,TRAV1-2,None,TRAJ33,TRAC,True,True,CAATDSNYQLIW,TGTGCTGCGACTGATAGCAACTATCAGTTAATCTGG,433,3,clonotype1,clonotype1_consensus_2
CTACACCTCGCGATCG-1,True,CTACACCTCGCGATCG-1_contig_2,True,521,TRB,TRBV20-1,None,TRBJ2-1,TRBC2,True,True,CSARVGSEVNEQFF,TGCAGTGCTAGAGTGGGGTCGGAAGTCAATGAGCAGTTCTTC,1630,6,clonotype1,clonotype1_consensus_1
CTACACCTCGCGATCG-1,True,CTACACCTCGCGATCG-1_contig_3,True,482,TRA,TRAV10,None,TRAJ24,TRAC,True,False,None,None,1241,3,clonotype1,None
CTACACCTCTGCAAGT-1,True,CTACACCTCTGCAAGT-1_contig_1,True,500,TRB,TRBV20-1,None,TRBJ1-2,TRBC1,True,True,CSARDVSGQLYGYTF,TGCAGTGCTAGAGATGTTTCGGGCCAGCTCTATGGCTACACCTTC,116,8,clonotype316,clonotype316_consensus_2
CTACACCTCTGCAAGT-1,True,CTACACCTCTGCAAGT-1_contig_2,True,514,TRA,TRAV23/DV6,None,TRAJ37,TRAC,True,True,CAASVDSSNTGKLIF,TGTGCAGCAAGTGTAGACTCTAGCAACACAGGCAAACTAATCTTT,741,5,clonotype316,clonotype316_consensus_1
CTACACCTCTTCAACT-1,True,CTACACCTCTTCAACT-1_contig_1,True,505,TRA,TRAV1-2,None,TRAJ33,TRAC,True,True,CAATDSNYQLIW,TGTGCTGCGACTGATAGCAACTATCAGTTAATCTGG,1274,4,clonotype1,clonotype1_consensus_2
CTACACCTCTTCAACT-1,True,CTACACCTCTTCAACT-1_contig_2,True,521,TRB,TRBV20-1,None,TRBJ2-1,TRBC2,True,True,CSARVGSEVNEQFF,TGCAGTGCTAGAGTGGGGTCGGAAGTCAATGAGCAGTTCTTC,1487,8,clonotype1,clonotype1_consensus_1
CTACATTAGATAGTCA-1,True,CTACATTAGATAGTCA-1_contig_1,True,545,TRA,TRAV26-1,None,TRAJ48,TRAC,True,True,CIVRSHAGNEKLTF,TGCATCGTCAGATCTCATGCGGGAAATGAGAAATTAACCTTT,1751,3,clonotype1922,clonotype1922_consensus_1
CTACATTAGATAGTCA-1,True,CTACATTAGATAGTCA-1_contig_2,True,550,TRA,TRAV12-2,None,TRAJ10,TRAC,True,True,CAVKGATGGGNKLTF,TGTGCCGTGAAAGGGGCGACGGGAGGAGGAAACAAACTCACCTTT,424,2,clonotype1922,clonotype1922_consensus_3
CTACATTAGATAGTCA-1,True,CTACATTAGATAGTCA-1_contig_3,True,504,TRB,TRBV20-1,None,TRBJ2-3,TRBC2,True,True,CSAQGARGTSGGDTQYF,TGCAGTGCCCAGGGGGCGAGGGGGACTAGCGGGGGAGATACGCAGTATTTT,1916,4,clonotype1922,clonotype1922_consensus_2
CTACATTAGCGAAGGG-1,True,CTACATTAGCGAAGGG-1_contig_1,True,459,TRA,TRAV13-1,None,TRAJ41,TRAC,True,True,CAASHNSGYALNF,TGTGCAGCAAGTCACAATTCCGGGTATGCACTCAACTTC,4280,8,clonotype1923,clonotype1923_consensus_1
CTACATTAGCGAAGGG-1,True,CTACATTAGCGAAGGG-1_contig_2,True,524,TRB,TRBV20-1,None,TRBJ2-4,TRBC2,True,True,CSAREPDARGDIQYF,TGCAGTGCTAGAGAACCGGACGCACGAGGGGACATTCAGTACTTC,1254,8,clonotype1923,clonotype1923_consensus_2
CTACATTAGCTAACTC-1,True,CTACATTAGCTAACTC-1_contig_1,True,505,TRA,TRAV1-2,None,TRAJ33,TRAC,True,True,CAATDSNYQLIW,TGTGCTGCGACTGATAGCAACTATCAGTTAATCTGG,2439,4,clonotype1,clonotype1_consensus_2
CTACATTAGCTAACTC-1,True,CTACATTAGCTAACTC-1_contig_2,True,512,TRB,TRBV20-1,None,TRBJ2-1,TRBC2,True,True,CSARVGSEVNEQFF,TGCAGTGCTAGAGTGGGGTCGGAAGTCAATGAGCAGTTCTTC,1403,8,clonotype1,clonotype1_consensus_1
CTACATTCAACCGCCA-1,True,CTACATTCAACCGCCA-1_contig_1,True,505,TRA,TRAV1-2,None,TRAJ33,TRAC,True,True,CAATDSNYQLIW,TGTGCTGCGACTGATAGCAACTATCAGTTAATCTGG,242,4,clonotype1,clonotype1_consensus_2
CTACATTCAACCGCCA-1,True,CTACATTCAACCGCCA-1_contig_2,True,521,TRB,TRBV20-1,None,TRBJ2-1,TRBC2,True,True,CSARVGSEVNEQFF,TGCAGTGCTAGAGTGGGGTCGGAAGTCAATGAGCAGTTCTTC,2242,13,clonotype1,clonotype1_consensus_1
CTACATTCAACCGCCA-1,True,CTACATTCAACCGCCA-1_contig_3,True,459,TRA,TRAV10,None,TRAJ24,TRAC,True,False,None,None,354,2,clonotype1,None
CTACATTCAAGCGTAG-1,True,CTACATTCAAGCGTAG-1_contig_1,True,495,TRB,TRBV20-1,None,TRBJ1-2,TRBC1,True,True,CSARVGQNYGYTF,TGCAGTGCTAGAGTGGGACAGAACTATGGCTACACCTTC,2541,8,clonotype1924,clonotype1924_consensus_2
CTACATTCAAGCGTAG-1,True,CTACATTCAAGCGTAG-1_contig_2,True,453,TRA,TRAV9-2,None,TRAJ23,TRAC,True,True,CALGSYNQGGKLIF,TGTGCTCTGGGCAGTTATAACCAGGGAGGAAAGCTTATCTTC,2718,3,clonotype1924,clonotype1924_consensus_1
CTACATTCAAGCGTAG-1,True,CTACATTCAAGCGTAG-1_contig_3,True,483,TRB,TRBV21-1,None,TRBJ1-6,TRBC1,True,False,CQQQSTGMFDSPLHF,TGCCAGCAGCAAAGTACAGGGATGTTCGATTCACCCCTCCACTTT,334,5,clonotype1924,None
CTACATTCAAGCGTAG-1,True,CTACATTCAAGCGTAG-1_contig_4,True,609,TRA,TRAV8-6,None,TRAJ11,TRAC,True,False,None,None,118,1,clonotype1924,None
CTACATTCACCCTATC-1,True,CTACATTCACCCTATC-1_contig_1,True,653,TRB,TRBV5-6,None,TRBJ1-5,TRBC1,True,True,CASSLPNQPQHF,TGTGCCAGCAGCTTGCCCAATCAGCCCCAGCATTTT,2340,10,clonotype1925,clonotype1925_consensus_3
CTACATTCACCCTATC-1,True,CTACATTCACCCTATC-1_contig_2,True,509,TRA,TRAV25,None,TRAJ53,TRAC,True,True,CAGRSGGSNYKLTF,TGTGCAGGGAGAAGTGGAGGTAGCAACTATAAACTGACATTT,350,3,clonotype1925,clonotype1925_consensus_4
CTACATTCACCCTATC-1,True,CTACATTCACCCTATC-1_contig_3,True,524,TRA,TRAV5,None,TRAJ44,TRAC,True,True,CAENEAGTASKLTF,TGTGCAGAGAACGAGGCCGGCACTGCCAGTAAACTCACCTTT,277,4,clonotype1925,clonotype1925_consensus_1
CTACATTCACCCTATC-1,True,CTACATTCACCCTATC-1_contig_4,True,527,TRB,TRBV20-1,None,TRBJ1-5,TRBC1,True,True,CSAIGQGAPSNQPQHF,TGCAGTGCTATCGGACAGGGGGCGCCGAGCAATCAGCCCCAGCATTTT,1641,8,clonotype1925,clonotype1925_consensus_2
CTACATTCAGTGAGTG-1,True,CTACATTCAGTGAGTG-1_contig_1,True,505,TRA,TRAV1-2,None,TRAJ33,TRAC,True,True,CAATDSNYQLIW,TGTGCTGCGACTGATAGCAACTATCAGTTAATCTGG,242,5,clonotype1,clonotype1_consensus_2
CTACATTCAGTGAGTG-1,True,CTACATTCAGTGAGTG-1_contig_2,True,521,TRB,TRBV20-1,None,TRBJ2-1,TRBC2,True,True,CSARVGSEVNEQFF,TGCAGTGCTAGAGTGGGGTCGGAAGTCAATGAGCAGTTCTTC,1558,8,clonotype1,clonotype1_consensus_1
CTACATTCATTTGCTT-1,True,CTACATTCATTTGCTT-1_contig_1,True,477,TRA,TRAV1-2,None,TRAJ33,TRAC,True,True,CAATDSNYQLIW,TGTGCTGCGACTGATAGCAACTATCAGTTAATCTGG,33,1,clonotype1,clonotype1_consensus_2
CTACATTCATTTGCTT-1,True,CTACATTCATTTGCTT-1_contig_2,True,521,TRB,TRBV20-1,None,TRBJ2-1,TRBC2,True,True,CSARVGSEVNEQFF,TGCAGTGCTAGAGTGGGGTCGGAAGTCAATGAGCAGTTCTTC,2406,11,clonotype1,clonotype1_consensus_1
CTACATTGTACCTACA-1,True,CTACATTGTACCTACA-1_contig_1,True,547,TRA,TRAV12-2,None,TRAJ3,TRAC,True,True,CAVPLYSSASKIIF,TGTGCCGTGCCCCTGTACAGCAGTGCTTCCAAGATAATCTTT,3643,8,clonotype317,clonotype317_consensus_1
CTACATTGTACCTACA-1,True,CTACATTGTACCTACA-1_contig_2,True,521,TRB,TRBV20-1,None,TRBJ1-6,TRBC1,True,True,CSARDLSVTSPLHF,TGCAGTGCTAGAGATCTGTCGGTAACTTCGCCCCTCCACTTT,7956,10,clonotype317,clonotype317_consensus_2
CTACATTGTATATGGA-1,True,CTACATTGTATATGGA-1_contig_1,True,652,TRB,TRBV5-5,None,TRBJ1-5,TRBC1,True,True,CASSLLENQPQHF,TGTGCCAGCAGCTTGCTGGAGAATCAGCCCCAGCATTTT,593,3,clonotype1926,clonotype1926_consensus_2
CTACATTGTATATGGA-1,True,CTACATTGTATATGGA-1_contig_2,True,523,TRB,TRBV2,None,TRBJ1-5,TRBC1,True,True,CASNKLGYQPQHF,TGTGCCAGCAACAAACTGGGGTATCAGCCCCAGCATTTT,901,8,clonotype1926,clonotype1926_consensus_1
CTACATTGTGATGTGG-1,True,CTACATTGTGATGTGG-1_contig_1,True,497,TRB,TRBV20-1,None,TRBJ2-1,TRBC2,True,True,CSARVGSEVNEQFF,TGCAGTGCTAGAGTGGGGTCGGAAGTCAATGAGCAGTTCTTC,2106,11,clonotype2,clonotype2_consensus_1
CTACATTGTGCACTTA-1,True,CTACATTGTGCACTTA-1_contig_1,True,518,TRB,TRBV20-1,None,TRBJ1-2,TRBC1,True,True,CSAIPGGNYGYTF,TGCAGTGCTATCCCAGGGGGTAACTATGGCTACACCTTC,1593,9,clonotype1927,clonotype1927_consensus_3
CTACATTGTGCACTTA-1,True,CTACATTGTGCACTTA-1_contig_2,True,524,TRB,TRBV20-1,None,TRBJ2-7,TRBC2,True,True,CSARPVAGRGNEQYF,TGCAGTGCTAGACCCGTGGCGGGACGGGGGAACGAGCAGTACTTC,2292,13,clonotype1927,clonotype1927_consensus_1
CTACATTGTGCACTTA-1,True,CTACATTGTGCACTTA-1_contig_3,True,680,TRA,TRAV8-3,None,TRAJ4,TRAC,True,True,CAVGPSGGYNKLIF,TGTGCTGTGGGACCTTCTGGTGGCTACAATAAGCTGATTTTT,892,5,clonotype1927,clonotype1927_consensus_2
CTACATTGTGCACTTA-1,True,CTACATTGTGCACTTA-1_contig_4,True,335,TRA,TRAV8-1,None,None,TRAC,False,False,None,None,222,8,clonotype1927,None
CTACATTGTTCCACTC-1,True,CTACATTGTTCCACTC-1_contig_1,True,524,TRB,TRBV20-1,None,TRBJ2-4,TRBC2,True,True,CSARDPDRSKNIQYF,TGCAGTGCTAGAGACCCGGACAGGAGTAAAAACATTCAGTACTTC,2904,8,clonotype1928,clonotype1928_consensus_1
CTACATTGTTCCACTC-1,True,CTACATTGTTCCACTC-1_contig_2,True,436,TRA,TRAV26-1,None,TRAJ29,TRAC,True,True,CIVRVIRSGNTPLVF,TGCATCGTCAGAGTCATTCGCTCAGGAAACACACCTCTTGTCTTT,573,3,clonotype1928,clonotype1928_consensus_2
CTACATTGTTCGGCAC-1,True,CTACATTGTTCGGCAC-1_contig_1,True,524,TRB,TRBV20-1,None,TRBJ1-5,TRBC1,True,True,CSARETGGGNQPQHF,TGCAGTGCTAGAGAAACAGGGGGCGGCAATCAGCCCCAGCATTTT,2786,11,clonotype1929,clonotype1929_consensus_1
CTACATTTCAACCATG-1,True,CTACATTTCAACCATG-1_contig_1,True,514,TRA,TRAV23/DV6,None,TRAJ37,TRAC,True,True,CAATDGSSNTGKLIF,TGTGCAGCAACTGATGGCTCTAGCAACACAGGCAAACTAATCTTT,799,6,clonotype1930,clonotype1930_consensus_2
CTACATTTCAACCATG-1,True,CTACATTTCAACCATG-1_contig_2,True,497,TRB,TRBV20-1,None,TRBJ2-5,TRBC2,True,True,CSTSPAGRLETQYF,TGCAGTACGAGTCCCGCGGGGCGGTTAGAGACCCAGTACTTC,761,5,clonotype1930,clonotype1930_consensus_1
CTACATTTCATGTAGC-1,True,CTACATTTCATGTAGC-1_contig_1,True,502,TRA,TRAV1-2,None,TRAJ33,TRAC,True,True,CAATDSNYQLIW,TGTGCTGCGACTGATAGCAACTATCAGTTAATCTGG,809,4,clonotype1,clonotype1_consensus_2
CTACATTTCATGTAGC-1,True,CTACATTTCATGTAGC-1_contig_2,True,521,TRB,TRBV20-1,None,TRBJ2-1,TRBC2,True,True,CSARVGSEVNEQFF,TGCAGTGCTAGAGTGGGGTCGGAAGTCAATGAGCAGTTCTTC,1505,6,clonotype1,clonotype1_consensus_1
CTACATTTCATGTAGC-1,True,CTACATTTCATGTAGC-1_contig_3,True,464,TRA,TRAV10,None,TRAJ24,TRAC,True,False,None,None,333,4,clonotype1,None
CTACATTTCATGTCCC-1,True,CTACATTTCATGTCCC-1_contig_1,True,505,TRA,TRAV1-2,None,TRAJ33,TRAC,True,True,CAATDSNYQLIW,TGTGCTGCGACTGATAGCAACTATCAGTTAATCTGG,241,3,clonotype1,clonotype1_consensus_2
CTACATTTCATGTCCC-1,True,CTACATTTCATGTCCC-1_contig_2,True,521,TRB,TRBV20-1,None,TRBJ2-1,TRBC2,True,True,CSARVGSEVNEQFF,TGCAGTGCTAGAGTGGGGTCGGAAGTCAATGAGCAGTTCTTC,2261,8,clonotype1,clonotype1_consensus_1
CTACATTTCTCCCTGA-1,True,CTACATTTCTCCCTGA-1_contig_1,True,505,TRA,TRAV1-2,None,TRAJ33,TRAC,True,True,CAATDSNYQLIW,TGTGCTGCGACTGATAGCAACTATCAGTTAATCTGG,314,1,clonotype1,clonotype1_consensus_2
CTACATTTCTCCCTGA-1,True,CTACATTTCTCCCTGA-1_contig_2,True,521,TRB,TRBV20-1,None,TRBJ2-1,TRBC2,True,True,CSARVGSEVNEQFF,TGCAGTGCTAGAGTGGGGTCGGAAGTCAATGAGCAGTTCTTC,1894,7,clonotype1,clonotype1_consensus_1
CTACATTTCTGCGGCA-1,True,CTACATTTCTGCGGCA-1_contig_1,True,505,TRA,TRAV1-2,None,TRAJ33,TRAC,True,True,CAATDSNYQLIW,TGTGCTGCGACTGATAGCAACTATCAGTTAATCTGG,151,3,clonotype1,clonotype1_consensus_2
CTACATTTCTGCGGCA-1,True,CTACATTTCTGCGGCA-1_contig_2,True,492,TRB,TRBV20-1,None,TRBJ2-1,TRBC2,True,True,CSARVGSEVNEQFF,TGCAGTGCTAGAGTGGGGTCGGAAGTCAATGAGCAGTTCTTC,1969,9,clonotype1,clonotype1_consensus_1
CTACATTTCTGGTTCC-1,True,CTACATTTCTGGTTCC-1_contig_1,True,482,TRA,TRAV1-2,None,TRAJ33,TRAC,True,True,CAATDSNYQLIW,TGTGCTGCGACTGATAGCAACTATCAGTTAATCTGG,512,6,clonotype1,clonotype1_consensus_2
CTACATTTCTGGTTCC-1,True,CTACATTTCTGGTTCC-1_contig_2,True,521,TRB,TRBV20-1,None,TRBJ2-1,TRBC2,True,True,CSARVGSEVNEQFF,TGCAGTGCTAGAGTGGGGTCGGAAGTCAATGAGCAGTTCTTC,980,7,clonotype1,clonotype1_consensus_1
CTACATTTCTTACCTA-1,True,CTACATTTCTTACCTA-1_contig_1,True,505,TRA,TRAV1-2,None,TRAJ33,TRAC,True,True,CAATDSNYQLIW,TGTGCTGCGACTGATAGCAACTATCAGTTAATCTGG,48,1,clonotype1,clonotype1_consensus_2
CTACATTTCTTACCTA-1,True,CTACATTTCTTACCTA-1_contig_2,True,521,TRB,TRBV20-1,None,TRBJ2-1,TRBC2,True,True,CSARVGSEVNEQFF,TGCAGTGCTAGAGTGGGGTCGGAAGTCAATGAGCAGTTCTTC,562,12,clonotype1,clonotype1_consensus_1
CTACATTTCTTACCTA-1,True,CTACATTTCTTACCTA-1_contig_3,True,459,TRA,TRAV10,None,TRAJ24,TRAC,True,False,None,None,92,1,clonotype1,None
CTACCCAAGACAGACC-1,True,CTACCCAAGACAGACC-1_contig_1,True,505,TRA,TRAV1-2,None,TRAJ33,TRAC,True,True,CAATDSNYQLIW,TGTGCTGCGACTGATAGCAACTATCAGTTAATCTGG,256,2,clonotype1,clonotype1_consensus_2
CTACCCAAGACAGACC-1,True,CTACCCAAGACAGACC-1_contig_2,True,521,TRB,TRBV20-1,None,TRBJ2-1,TRBC2,True,True,CSARVGSEVNEQFF,TGCAGTGCTAGAGTGGGGTCGGAAGTCAATGAGCAGTTCTTC,41,3,clonotype1,clonotype1_consensus_1
CTACCCAAGAGGGCTT-1,True,CTACCCAAGAGGGCTT-1_contig_1,True,530,TRB,TRBV20-1,None,TRBJ1-6,TRBC1,True,True,CSARGRGGGFYNSPLHF,TGCAGTGCTAGGGGGCGGGGCGGGGGGTTTTATAATTCACCCCTCCACTTT,1485,7,clonotype1931,clonotype1931_consensus_1
CTACCCAAGGCAGTCA-1,True,CTACCCAAGGCAGTCA-1_contig_1,True,524,TRB,TRBV20-1,None,TRBJ2-7,TRBC2,True,True,CSASIPGQGPYEQYF,TGCAGTGCTAGCATACCGGGACAGGGGCCCTACGAGCAGTACTTC,3400,13,clonotype1932,clonotype1932_consensus_1
CTACCCAAGGCAGTCA-1,True,CTACCCAAGGCAGTCA-1_contig_2,True,490,TRA,TRAV1-1,None,TRAJ15,TRAC,True,True,CASVNQAGTALIF,TGCGCTTCCGTTAACCAGGCAGGAACTGCTCTGATCTTT,1021,3,clonotype1932,clonotype1932_consensus_2
CTACCCAAGGCAGTCA-1,True,CTACCCAAGGCAGTCA-1_contig_3,True,309,TRB,None,None,TRBJ1-5,TRBC1,False,False,None,None,1064,3,clonotype1932,None
CTACCCACAAGTCTGT-1,True,CTACCCACAAGTCTGT-1_contig_1,True,502,TRA,TRAV1-2,None,TRAJ30,TRAC,True,True,CAVRDLREIIF,TGTGCTGTGAGAGATCTTCGGGAGATCATCTTT,692,6,clonotype3,clonotype3_consensus_2
CTACCCACAAGTCTGT-1,True,CTACCCACAAGTCTGT-1_contig_2,True,718,TRB,TRBV5-5,None,TRBJ1-4,TRBC1,True,True,CASSHPGPNYATNEKLFF,TGTGCCAGCAGCCATCCCGGACCGAACTACGCAACTAATGAAAAACTGTTTTTT,452,6,clonotype3,clonotype3_consensus_1
CTACCCACAGACGCTC-1,True,CTACCCACAGACGCTC-1_contig_1,True,462,TRA,TRAV13-1,None,TRAJ33,TRAC,True,True,CAARGLSSNYQLIW,TGTGCAGCAAGGGGCCTGAGTAGCAACTATCAGTTAATCTGG,981,4,clonotype31,clonotype31_consensus_2
CTACCCACAGACGCTC-1,True,CTACCCACAGACGCTC-1_contig_2,True,527,TRB,TRBV20-1,None,TRBJ2-7,TRBC2,True,True,CSARETRTSGGYEQYF,TGCAGTGCTAGAGAAACAAGGACTAGCGGGGGGTACGAGCAGTACTTC,2402,14,clonotype31,clonotype31_consensus_1
CTACCCACAGATGGGT-1,True,CTACCCACAGATGGGT-1_contig_1,True,559,TRA,TRAV29/DV5,None,TRAJ30,TRAC,True,True,CAARDDKIIF,TGTGCAGCCAGAGATGACAAGATCATCTTT,485,3,clonotype1933,clonotype1933_consensus_2
CTACCCACAGATGGGT-1,True,CTACCCACAGATGGGT-1_contig_2,True,517,TRB,TRBV5-5,None,TRBJ1-1,TRBC1,True,True,CASSLHLWDRVGWTEAFF,TGTGCCAGCAGCCTACATCTCTGGGACAGGGTTGGGTGGACTGAAGCTTTCTTT,657,4,clonotype1933,clonotype1933_consensus_1
CTACCCAGTACTTGAC-1,True,CTACCCAGTACTTGAC-1_contig_1,True,492,TRA,TRAV9-2,None,TRAJ13,TRAC,True,True,CALNLEGYQKVTF,TGTGCTCTGAACTTAGAGGGTTACCAGAAAGTTACCTTT,341,2,clonotype6,clonotype6_consensus_1
CTACCCAGTACTTGAC-1,True,CTACCCAGTACTTGAC-1_contig_2,True,660,TRB,TRBV5-6,None,TRBJ1-5,TRBC1,True,True,CASSFRGGANQPQHF,TGTGCCAGCAGCTTTCGAGGGGGCGCGAATCAGCCCCAGCATTTT,1973,9,clonotype6,clonotype6_consensus_2
CTACCCAGTCTTTCAT-1,True,CTACCCAGTCTTTCAT-1_contig_1,True,505,TRA,TRAV1-2,None,TRAJ33,TRAC,True,True,CAATDSNYQLIW,TGTGCTGCGACTGATAGCAACTATCAGTTAATCTGG,799,7,clonotype1,clonotype1_consensus_2
CTACCCAGTCTTTCAT-1,True,CTACCCAGTCTTTCAT-1_contig_2,True,521,TRB,TRBV20-1,None,TRBJ2-1,TRBC2,True,True,CSARVGSEVNEQFF,TGCAGTGCTAGAGTGGGGTCGGAAGTCAATGAGCAGTTCTTC,1364,11,clonotype1,clonotype1_consensus_1
CTACCCAGTGAGGGTT-1,True,CTACCCAGTGAGGGTT-1_contig_1,True,486,TRB,TRBV20-1,None,TRBJ2-1,TRBC2,True,True,CSARVGSEVNEQFF,TGCAGTGCTAGAGTGGGGTCGGAAGTCAATGAGCAGTTCTTC,1272,5,clonotype2,clonotype2_consensus_1
CTACCCAGTGAGGGTT-1,True,CTACCCAGTGAGGGTT-1_contig_2,True,465,TRA,TRAV10,None,TRAJ24,TRAC,True,False,None,None,386,1,clonotype2,None
CTACCCAGTTAAGAAC-1,True,CTACCCAGTTAAGAAC-1_contig_1,True,473,TRA,TRAV1-2,None,TRAJ33,TRAC,True,True,CAATDSNYQLIW,TGTGCTGCGACTGATAGCAACTATCAGTTAATCTGG,293,3,clonotype1,clonotype1_consensus_2
CTACCCAGTTAAGAAC-1,True,CTACCCAGTTAAGAAC-1_contig_2,True,521,TRB,TRBV20-1,None,TRBJ2-1,TRBC2,True,True,CSARVGSEVNEQFF,TGCAGTGCTAGAGTGGGGTCGGAAGTCAATGAGCAGTTCTTC,774,6,clonotype1,clonotype1_consensus_1
CTACCCAGTTGTTTGG-1,True,CTACCCAGTTGTTTGG-1_contig_1,True,686,TRB,TRBV5-6,None,TRBJ1-2,TRBC1,True,True,CASSARGDSYFRGGYTF,TGTGCCAGCAGCGCGCGAGGGGACAGTTATTTCCGGGGTGGCTACACCTTC,715,2,clonotype318,clonotype318_consensus_1
CTACCCAGTTGTTTGG-1,True,CTACCCAGTTGTTTGG-1_contig_2,True,674,TRA,TRAV8-3,None,TRAJ8,TRAC,True,True,CVPSPRGFQKLVF,TGTGTCCCTTCCCCGAGGGGCTTTCAGAAACTTGTATTT,253,2,clonotype318,clonotype318_consensus_2
CTACCCATCAACCAAC-1,True,CTACCCATCAACCAAC-1_contig_1,True,505,TRA,TRAV1-2,None,TRAJ33,TRAC,True,True,CAATDSNYQLIW,TGTGCTGCGACTGATAGCAACTATCAGTTAATCTGG,381,5,clonotype1,clonotype1_consensus_2
CTACCCATCAACCAAC-1,True,CTACCCATCAACCAAC-1_contig_2,True,498,TRB,TRBV20-1,None,TRBJ2-1,TRBC2,True,True,CSARVGSEVNEQFF,TGCAGTGCTAGAGTGGGGTCGGAAGTCAATGAGCAGTTCTTC,2061,12,clonotype1,clonotype1_consensus_1
CTACCCATCAAGCCTA-1,True,CTACCCATCAAGCCTA-1_contig_1,True,481,TRB,TRBV5-6,None,TRBJ2-7,TRBC2,True,True,CASSLGPGQLYEQYF,TGTGCCAGCAGCTTGGGCCCCGGCCAGCTGTACGAGCAGTACTTC,1337,5,clonotype1934,clonotype1934_consensus_1
CTACCCATCCGAATGT-1,True,CTACCCATCCGAATGT-1_contig_1,True,509,TRB,TRBV20-1,None,TRBJ2-5,TRBC2,True,True,CSAPQETQYF,TGCAGTGCTCCGCAAGAGACCCAGTACTTC,4274,17,clonotype273,clonotype273_consensus_2
CTACCCATCCGAATGT-1,True,CTACCCATCCGAATGT-1_contig_2,True,541,TRA,TRAV12-2,None,TRAJ29,TRAC,True,True,CAVNKGNTPLVF,TGTGCCGTGAACAAGGGAAACACACCTCTTGTCTTT,2655,7,clonotype273,clonotype273_consensus_3
CTACCCATCCGAATGT-1,True,CTACCCATCCGAATGT-1_contig_3,True,490,TRA,TRAV10,None,TRAJ6,TRAC,True,True,CVVSGGGLSGGSYIPTF,TGTGTGGTGAGCGGGGGGGGCTTATCAGGAGGAAGCTACATACCTACATTT,783,4,clonotype273,clonotype273_consensus_1
CTACCCATCGGTTAAC-1,True,CTACCCATCGGTTAAC-1_contig_1,True,655,TRB,TRBV5-6,None,TRBJ1-4,TRBC1,True,True,CASSLRWEKLFF,TGTGCCAGCAGCTTGCGGTGGGAAAAACTGTTTTTT,1084,7,clonotype197,clonotype197_consensus_2
CTACCCATCGGTTAAC-1,True,CTACCCATCGGTTAAC-1_contig_2,True,493,TRA,TRAV38-1,None,TRAJ57,TRAC,True,True,CAFMKYQGGSEKLVF,TGTGCTTTCATGAAGTACCAGGGCGGATCTGAAAAGCTGGTCTTT,81,5,clonotype197,clonotype197_consensus_1
CTACCCATCGTACGGC-1,True,CTACCCATCGTACGGC-1_contig_1,True,492,TRB,TRBV20-1,None,TRBJ2-1,TRBC2,True,True,CSARFQNNEQFF,TGCAGTGCTAGATTCCAGAACAATGAGCAGTTCTTC,2349,12,clonotype1935,clonotype1935_consensus_1
CTACCCATCGTACGGC-1,True,CTACCCATCGTACGGC-1_contig_2,True,511,TRA,TRAV1-2,None,TRAJ27,TRAC,True,True,CAVRDRNTNAGKSTF,TGTGCTGTGAGAGATCGGAACACCAATGCAGGCAAATCAACCTTT,153,5,clonotype1935,clonotype1935_consensus_2
CTACCCATCTATCCTA-1,True,CTACCCATCTATCCTA-1_contig_1,True,489,TRB,TRBV20-1,None,TRBJ2-1,TRBC2,True,True,CSAGTGTYNEQFF,TGCAGTGCCGGGACAGGGACCTACAATGAGCAGTTCTTC,2850,17,clonotype1936,clonotype1936_consensus_2
CTACCCATCTATCCTA-1,True,CTACCCATCTATCCTA-1_contig_2,True,621,TRA,TRAV3,None,TRAJ28,TRAC,True,True,CAVRYSGAGSYQLTF,TGTGCTGTGAGATACTCTGGGGCTGGGAGTTACCAACTCACTTTC,1000,6,clonotype1936,clonotype1936_consensus_1
CTACGTCAGATGTGTA-1,True,CTACGTCAGATGTGTA-1_contig_1,True,505,TRA,TRAV1-2,None,TRAJ33,TRAC,True,True,CAATDSNYQLIW,TGTGCTGCGACTGATAGCAACTATCAGTTAATCTGG,246,4,clonotype8,clonotype8_consensus_1
CTACGTCAGATGTGTA-1,True,CTACGTCAGATGTGTA-1_contig_2,True,555,TRB,TRBV20-1,None,TRBJ2-1,TRBC2,True,False,CSARVGSEVNEQFF,TGCAGTGCTAGAGTGGGGTCGGAAGTCAATGAGCAGTTCTTC,712,6,clonotype8,None
CTACGTCAGATGTGTA-1,True,CTACGTCAGATGTGTA-1_contig_3,True,482,TRA,TRAV10,None,TRAJ24,TRAC,True,False,None,None,388,2,clonotype8,None
CTACGTCAGCGTAGTG-1,True,CTACGTCAGCGTAGTG-1_contig_1,True,493,TRA,TRAV1-2,None,TRAJ33,TRAC,True,True,CAATDSNYQLIW,TGTGCTGCGACTGATAGCAACTATCAGTTAATCTGG,303,1,clonotype1,clonotype1_consensus_2
CTACGTCAGCGTAGTG-1,True,CTACGTCAGCGTAGTG-1_contig_2,True,498,TRB,TRBV20-1,None,TRBJ2-1,TRBC2,True,True,CSARVGSEVNEQFF,TGCAGTGCTAGAGTGGGGTCGGAAGTCAATGAGCAGTTCTTC,1357,4,clonotype1,clonotype1_consensus_1
CTACGTCAGCGTAGTG-1,True,CTACGTCAGCGTAGTG-1_contig_3,True,482,TRA,TRAV10,None,TRAJ24,TRAC,True,False,None,None,66,1,clonotype1,None
CTACGTCAGGTGTGGT-1,True,CTACGTCAGGTGTGGT-1_contig_1,True,498,TRB,TRBV20-1,None,TRBJ2-1,TRBC2,True,True,CSARVGSEVNEQFF,TGCAGTGCTAGAGTGGGGTCGGAAGTCAATGAGCAGTTCTTC,872,6,clonotype2,clonotype2_consensus_1
CTACGTCAGTGACATA-1,True,CTACGTCAGTGACATA-1_contig_1,True,505,TRA,TRAV1-2,None,TRAJ33,TRAC,True,True,CAATDSNYQLIW,TGTGCTGCGACTGATAGCAACTATCAGTTAATCTGG,524,5,clonotype1,clonotype1_consensus_2
CTACGTCAGTGACATA-1,True,CTACGTCAGTGACATA-1_contig_2,True,521,TRB,TRBV20-1,None,TRBJ2-1,TRBC2,True,True,CSARVGSEVNEQFF,TGCAGTGCTAGAGTGGGGTCGGAAGTCAATGAGCAGTTCTTC,547,3,clonotype1,clonotype1_consensus_1
CTACGTCCAACACCCG-1,True,CTACGTCCAACACCCG-1_contig_1,True,563,TRA,TRAV12-1,None,TRAJ43,TRAC,True,True,CVVKHQGDMRF,TGTGTGGTGAAACATCAGGGCGACATGCGCTTT,375,2,clonotype1937,clonotype1937_consensus_2
CTACGTCCAACACCCG-1,True,CTACGTCCAACACCCG-1_contig_2,True,496,TRB,TRBV20-1,None,TRBJ1-5,TRBC1,True,True,CSANTEYSNQPQHF,TGCAGTGCTAACACAGAGTATAGCAATCAGCCCCAGCATTTT,1134,6,clonotype1937,clonotype1937_consensus_1
CTACGTCCAACACCCG-1,True,CTACGTCCAACACCCG-1_contig_3,True,507,TRB,TRBV11-2,None,TRBJ2-1,TRBC2,True,False,CQQPRGRHNEQFF,TGCCAGCAGCCCCGGGGCAGACACAATGAGCAGTTCTTC,270,3,clonotype1937,None
CTACGTCCAACACCCG-1,True,CTACGTCCAACACCCG-1_contig_4,True,458,TRA,TRAV13-1,None,TRAJ50,TRAC,True,False,CSMKTSYDKVIF,TGCAGCATGAAAACCTCCTACGACAAGGTGATATTT,1298,4,clonotype1937,None
CTACGTCCACAGACTT-1,True,CTACGTCCACAGACTT-1_contig_1,True,521,TRB,TRBV20-1,None,TRBJ2-1,TRBC2,True,True,CSARVGSEVNEQFF,TGCAGTGCTAGAGTGGGGTCGGAAGTCAATGAGCAGTTCTTC,428,6,clonotype2,clonotype2_consensus_1
CTACGTCCACAGACTT-1,True,CTACGTCCACAGACTT-1_contig_2,True,465,TRA,TRAV10,None,TRAJ24,TRAC,True,False,None,None,849,5,clonotype2,None
CTACGTCCACGGACAA-1,True,CTACGTCCACGGACAA-1_contig_1,True,505,TRA,TRAV1-2,None,TRAJ33,TRAC,True,True,CAATDSNYQLIW,TGTGCTGCGACTGATAGCAACTATCAGTTAATCTGG,1827,7,clonotype1,clonotype1_consensus_2
CTACGTCCACGGACAA-1,True,CTACGTCCACGGACAA-1_contig_2,True,521,TRB,TRBV20-1,None,TRBJ2-1,TRBC2,True,True,CSARVGSEVNEQFF,TGCAGTGCTAGAGTGGGGTCGGAAGTCAATGAGCAGTTCTTC,5281,17,clonotype1,clonotype1_consensus_1
CTACGTCCACGGTAAG-1,True,CTACGTCCACGGTAAG-1_contig_1,True,505,TRA,TRAV1-2,None,TRAJ33,TRAC,True,True,CAATDSNYQLIW,TGTGCTGCGACTGATAGCAACTATCAGTTAATCTGG,304,3,clonotype1,clonotype1_consensus_2
CTACGTCCACGGTAAG-1,True,CTACGTCCACGGTAAG-1_contig_2,True,521,TRB,TRBV20-1,None,TRBJ2-1,TRBC2,True,True,CSARVGSEVNEQFF,TGCAGTGCTAGAGTGGGGTCGGAAGTCAATGAGCAGTTCTTC,1814,6,clonotype1,clonotype1_consensus_1
CTACGTCGTACTCGCG-1,True,CTACGTCGTACTCGCG-1_contig_1,True,729,TRB,TRBV5-6,None,TRBJ2-1,TRBC2,True,True,CASGKTGTPNNYNEQFF,TGTGCCAGCGGAAAAACCGGGACTCCGAACAATTACAATGAGCAGTTCTTC,2548,12,clonotype1938,clonotype1938_consensus_1
CTACGTCGTACTCGCG-1,True,CTACGTCGTACTCGCG-1_contig_2,True,478,TRA,TRAV10,None,TRAJ15,TRAC,False,False,None,None,581,5,clonotype1938,None
CTACGTCGTGGAAAGA-1,True,CTACGTCGTGGAAAGA-1_contig_1,True,518,TRB,TRBV20-1,None,TRBJ1-3,TRBC1,True,True,CSAATHSGNTIYF,TGCAGTGCTGCCACCCACTCTGGAAACACCATATATTTT,540,5,clonotype1939,clonotype1939_consensus_1
CTACGTCGTGGAAAGA-1,True,CTACGTCGTGGAAAGA-1_contig_2,True,474,TRA,TRAV2,None,TRAJ37,TRAC,True,False,CAVLEGSSNTGKLIF,TGTGCTGTCCTAGAGGGCTCTAGCAACACAGGCAAACTAATCTTT,216,1,clonotype1939,None
CTACGTCGTTGCGTTA-1,True,CTACGTCGTTGCGTTA-1_contig_1,True,511,TRB,TRBV20-1,None,TRBJ1-4,TRBC1,True,True,CSAIGLGNEKLFF,TGCAGTGCCATCGGTCTCGGAAATGAAAAACTGTTTTTT,3347,10,clonotype1940,clonotype1940_consensus_1
CTACGTCGTTGCGTTA-1,True,CTACGTCGTTGCGTTA-1_contig_2,True,666,TRA,TRAV8-3,None,TRAJ13,TRAC,True,True,CAVVRGGYQKVTF,TGTGCTGTGGTGCGGGGGGGTTACCAGAAAGTTACCTTT,713,4,clonotype1940,clonotype1940_consensus_2
CTACGTCTCCGAGCCA-1,True,CTACGTCTCCGAGCCA-1_contig_1,True,505,TRA,TRAV1-2,None,TRAJ33,TRAC,True,True,CAATDSNYQLIW,TGTGCTGCGACTGATAGCAACTATCAGTTAATCTGG,253,1,clonotype1,clonotype1_consensus_2
CTACGTCTCCGAGCCA-1,True,CTACGTCTCCGAGCCA-1_contig_2,True,521,TRB,TRBV20-1,None,TRBJ2-1,TRBC2,True,True,CSARVGSEVNEQFF,TGCAGTGCTAGAGTGGGGTCGGAAGTCAATGAGCAGTTCTTC,653,4,clonotype1,clonotype1_consensus_1
CTACGTCTCCGAGCCA-1,True,CTACGTCTCCGAGCCA-1_contig_3,True,482,TRA,TRAV10,None,TRAJ24,TRAC,True,False,None,None,1235,3,clonotype1,None
CTACGTCTCGCGGATC-1,True,CTACGTCTCGCGGATC-1_contig_1,True,505,TRA,TRAV1-2,None,TRAJ33,TRAC,True,True,CAATDSNYQLIW,TGTGCTGCGACTGATAGCAACTATCAGTTAATCTGG,900,4,clonotype1,clonotype1_consensus_2
CTACGTCTCGCGGATC-1,True,CTACGTCTCGCGGATC-1_contig_2,True,521,TRB,TRBV20-1,None,TRBJ2-1,TRBC2,True,True,CSARVGSEVNEQFF,TGCAGTGCTAGAGTGGGGTCGGAAGTCAATGAGCAGTTCTTC,964,4,clonotype1,clonotype1_consensus_1
CTAGAGTAGAAGAAGC-1,True,CTAGAGTAGAAGAAGC-1_contig_1,True,527,TRB,TRBV20-1,None,TRBJ1-5,TRBC1,True,True,CSAIGQGAPSNQPQHF,TGCAGTGCTATCGGACAGGGGGCGCCGAGCAATCAGCCCCAGCATTTT,1250,8,clonotype12,clonotype12_consensus_1
CTAGAGTAGAAGAAGC-1,True,CTAGAGTAGAAGAAGC-1_contig_2,True,483,TRB,TRBV7-2,None,TRBJ2-3,TRBC2,True,False,None,None,180,1,clonotype12,None
CTAGAGTAGGACACCA-1,True,CTAGAGTAGGACACCA-1_contig_1,True,524,TRB,TRBV20-1,None,TRBJ2-1,TRBC2,True,True,CSASASGRSTPEQFF,TGCAGTGCTAGCGCTAGCGGGAGGTCTACTCCTGAGCAGTTCTTC,493,8,clonotype1941,clonotype1941_consensus_2
CTAGAGTAGGACACCA-1,True,CTAGAGTAGGACACCA-1_contig_2,True,487,TRA,TRAV1-1,None,TRAJ17,TRAC,True,True,CARKAAGNKLTF,TGCGCTCGTAAAGCTGCAGGCAACAAGCTAACTTTT,211,2,clonotype1941,clonotype1941_consensus_1
CTAGAGTAGGCAGGTT-1,True,CTAGAGTAGGCAGGTT-1_contig_1,True,551,TRA,TRAV26-1,None,TRAJ32,TRAC,True,True,CIVRVGDGGATNKLIF,TGCATCGTCAGAGTCGGGGATGGTGGTGCTACAAACAAGCTCATCTTT,225,4,clonotype1942,clonotype1942_consensus_2
CTAGAGTAGGCAGGTT-1,True,CTAGAGTAGGCAGGTT-1_contig_2,True,502,TRB,TRBV20-1,None,TRBJ2-7,TRBC2,True,True,CSARTTYEQYF,TGCAGTGCCAGGACTACCTACGAGCAGTACTTC,1385,10,clonotype1942,clonotype1942_consensus_1
CTAGAGTCACATTAGC-1,True,CTAGAGTCACATTAGC-1_contig_1,True,505,TRA,TRAV1-2,None,TRAJ33,TRAC,True,True,CAATDSNYQLIW,TGTGCTGCGACTGATAGCAACTATCAGTTAATCTGG,1093,4,clonotype1,clonotype1_consensus_2
CTAGAGTCACATTAGC-1,True,CTAGAGTCACATTAGC-1_contig_2,True,521,TRB,TRBV20-1,None,TRBJ2-1,TRBC2,True,True,CSARVGSEVNEQFF,TGCAGTGCTAGAGTGGGGTCGGAAGTCAATGAGCAGTTCTTC,2144,13,clonotype1,clonotype1_consensus_1
CTAGAGTCACATTAGC-1,True,CTAGAGTCACATTAGC-1_contig_3,True,339,TRA,TRAV10,None,TRAJ24,TRAC,True,False,None,None,221,1,clonotype1,None
CTAGAGTCAGCTGGCT-1,True,CTAGAGTCAGCTGGCT-1_contig_1,True,521,TRB,TRBV20-1,None,TRBJ2-1,TRBC2,True,True,CSARVGSEVNEQFF,TGCAGTGCTAGAGTGGGGTCGGAAGTCAATGAGCAGTTCTTC,1156,8,clonotype2,clonotype2_consensus_1
CTAGAGTCAGCTGGCT-1,True,CTAGAGTCAGCTGGCT-1_contig_2,True,492,TRA,TRAV10,None,TRAJ24,TRAC,True,False,None,None,160,2,clonotype2,None
CTAGAGTCAGTCAGAG-1,True,CTAGAGTCAGTCAGAG-1_contig_1,True,576,TRA,TRAV8-4,None,TRAJ10,TRAC,True,True,CAVESGLTGGGNKLTF,TGTGCTGTGGAATCGGGACTCACGGGAGGAGGAAACAAACTCACCTTT,1417,7,clonotype1943,clonotype1943_consensus_1
CTAGAGTCAGTCAGAG-1,True,CTAGAGTCAGTCAGAG-1_contig_2,True,521,TRB,TRBV20-1,None,TRBJ2-5,TRBC2,True,True,CSARDLQGAKTQYF,TGCAGTGCTAGAGACCTACAGGGGGCAAAGACCCAGTACTTC,1715,9,clonotype1943,clonotype1943_consensus_2
CTAGAGTCAGTCAGAG-1,True,CTAGAGTCAGTCAGAG-1_contig_3,True,502,TRA,TRAV1-1,None,TRAJ32,TRAC,True,False,None,None,1496,4,clonotype1943,None
CTAGAGTCATCAGTAC-1,True,CTAGAGTCATCAGTAC-1_contig_1,True,505,TRA,TRAV1-2,None,TRAJ33,TRAC,True,True,CAATDSNYQLIW,TGTGCTGCGACTGATAGCAACTATCAGTTAATCTGG,278,3,clonotype1,clonotype1_consensus_2
CTAGAGTCATCAGTAC-1,True,CTAGAGTCATCAGTAC-1_contig_2,True,521,TRB,TRBV20-1,None,TRBJ2-1,TRBC2,True,True,CSARVGSEVNEQFF,TGCAGTGCTAGAGTGGGGTCGGAAGTCAATGAGCAGTTCTTC,1317,8,clonotype1,clonotype1_consensus_1
CTAGAGTCATCAGTAC-1,True,CTAGAGTCATCAGTAC-1_contig_3,True,469,TRA,TRAV10,None,TRAJ24,TRAC,True,False,None,None,771,3,clonotype1,None
CTAGAGTCATCAGTAC-1,True,CTAGAGTCATCAGTAC-1_contig_4,True,341,TRB,None,None,TRBJ1-5,TRBC1,False,False,None,None,443,2,clonotype1,None
CTAGAGTGTAAGTAGT-1,True,CTAGAGTGTAAGTAGT-1_contig_1,True,499,TRB,TRBV20-1,None,TRBJ2-7,TRBC2,True,True,CSAATYTYEQYF,TGCAGTGCCGCGACTTATACCTACGAGCAGTACTTC,679,9,clonotype88,clonotype88_consensus_2
CTAGAGTGTAAGTAGT-1,True,CTAGAGTGTAAGTAGT-1_contig_2,True,496,TRA,TRAV12-3,None,TRAJ40,TRAC,True,True,CAMSSGTYKYIF,TGTGCAATGAGTTCAGGAACCTACAAATACATCTTT,222,3,clonotype88,clonotype88_consensus_1
CTAGAGTGTAGTGAAT-1,True,CTAGAGTGTAGTGAAT-1_contig_1,True,524,TRB,TRBV20-1,None,TRBJ1-6,TRBC1,True,True,CSARVGTGYFSPLHF,TGCAGTGCTAGAGTAGGGACAGGGTACTTTTCACCCCTCCACTTT,1050,6,clonotype1944,clonotype1944_consensus_2
CTAGAGTGTAGTGAAT-1,True,CTAGAGTGTAGTGAAT-1_contig_2,True,683,TRA,TRAV8-3,None,TRAJ37,TRAC,True,True,CAVGALTSNTGKLIF,TGTGCTGTGGGTGCCTTGACTAGCAACACAGGCAAACTAATCTTT,764,8,clonotype1944,clonotype1944_consensus_1
CTAGAGTGTCTAGTCA-1,True,CTAGAGTGTCTAGTCA-1_contig_1,True,570,TRA,TRAV8-4,None,TRAJ5,TRAC,True,True,CAVSPYTGRRALTF,TGTGCTGTGAGTCCCTACACGGGCAGGAGAGCACTTACTTTT,988,8,clonotype319,clonotype319_consensus_1
CTAGAGTGTCTAGTCA-1,True,CTAGAGTGTCTAGTCA-1_contig_2,True,524,TRB,TRBV20-1,None,TRBJ1-4,TRBC1,True,True,CSARPSMGQSEKLFF,TGCAGTGCTAGGCCTAGTATGGGACAGTCTGAAAAACTGTTTTTT,1142,8,clonotype319,clonotype319_consensus_2
CTAGAGTGTGAAAGAG-1,True,CTAGAGTGTGAAAGAG-1_contig_1,True,486,TRB,TRBV20-1,None,TRBJ2-1,TRBC2,True,True,CSARVGSEVNEQFF,TGCAGTGCTAGAGTGGGGTCGGAAGTCAATGAGCAGTTCTTC,555,5,clonotype2,clonotype2_consensus_1
CTAGAGTGTGAAAGAG-1,True,CTAGAGTGTGAAAGAG-1_contig_2,True,465,TRA,TRAV10,None,TRAJ24,TRAC,True,False,None,None,228,2,clonotype2,None
CTAGAGTGTGAGTGAC-1,True,CTAGAGTGTGAGTGAC-1_contig_1,True,548,TRA,TRAV17,None,TRAJ15,TRAC,True,True,CATVPNQAGTALIF,TGTGCTACGGTCCCCAACCAGGCAGGAACTGCTCTGATCTTT,165,1,clonotype1945,clonotype1945_consensus_1
CTAGAGTGTGAGTGAC-1,True,CTAGAGTGTGAGTGAC-1_contig_2,True,521,TRB,TRBV20-1,None,TRBJ2-5,TRBC2,True,True,CSAPGTGGLETQYF,TGCAGTGCCCCAGGGACAGGAGGTCTTGAGACCCAGTACTTC,1209,7,clonotype1945,clonotype1945_consensus_2
CTAGAGTGTGGAAAGA-1,True,CTAGAGTGTGGAAAGA-1_contig_1,True,503,TRB,TRBV5-5,None,TRBJ1-1,TRBC1,True,True,CASSLTSFGAFF,TGTGCCAGCAGCCTAACTAGTTTCGGAGCTTTCTTT,2445,9,clonotype1946,clonotype1946_consensus_1
CTAGAGTGTGGAAAGA-1,True,CTAGAGTGTGGAAAGA-1_contig_2,True,562,TRA,TRAV19,None,TRAJ47,TRAC,True,True,CAHRLEYGNKLVF,TGTGCCCACCGGCTGGAATATGGAAACAAACTGGTCTTT,654,5,clonotype1946,clonotype1946_consensus_2
CTAGAGTGTTGGAGGT-1,True,CTAGAGTGTTGGAGGT-1_contig_1,True,505,TRA,TRAV1-2,None,TRAJ33,TRAC,True,True,CAATDSNYQLIW,TGTGCTGCGACTGATAGCAACTATCAGTTAATCTGG,1064,5,clonotype1,clonotype1_consensus_2
CTAGAGTGTTGGAGGT-1,True,CTAGAGTGTTGGAGGT-1_contig_2,True,497,TRB,TRBV20-1,None,TRBJ2-1,TRBC2,True,True,CSARVGSEVNEQFF,TGCAGTGCTAGAGTGGGGTCGGAAGTCAATGAGCAGTTCTTC,1770,4,clonotype1,clonotype1_consensus_1
CTAGAGTGTTGGAGGT-1,True,CTAGAGTGTTGGAGGT-1_contig_3,True,304,TRA,None,None,TRAJ18,TRAC,False,False,None,None,602,1,clonotype1,None
CTAGAGTTCAACACCA-1,True,CTAGAGTTCAACACCA-1_contig_1,True,558,TRA,TRAV12-1,None,TRAJ22,TRAC,True,True,CVVTRGGSARQLTF,TGTGTGGTGACCCGGGGGGGTTCTGCAAGGCAACTGACCTTT,312,6,clonotype1947,clonotype1947_consensus_1
CTAGAGTTCAACACCA-1,True,CTAGAGTTCAACACCA-1_contig_2,True,709,TRB,TRBV5-6,None,TRBJ1-1,TRBC1,True,True,CASSRDRGFNTEAFF,TGTGCCAGCAGCCGGGACAGGGGATTCAACACTGAAGCTTTCTTT,1744,9,clonotype1947,clonotype1947_consensus_2
CTAGAGTTCAACACCA-1,True,CTAGAGTTCAACACCA-1_contig_3,True,346,TRB,None,None,TRBJ1-5,TRBC1,False,False,None,None,2097,9,clonotype1947,None
CTAGAGTTCAACACGT-1,True,CTAGAGTTCAACACGT-1_contig_1,True,495,TRA,TRAV12-3,None,TRAJ49,TRAC,True,True,CAMAITGNQFYF,TGTGCAATGGCAATCACCGGTAACCAGTTCTATTTT,1289,7,clonotype1948,clonotype1948_consensus_3
CTAGAGTTCAACACGT-1,True,CTAGAGTTCAACACGT-1_contig_2,True,671,TRB,TRBV5-5,None,TRBJ1-2,TRBC1,True,True,CASSLAVSIRQGNYGYTF,TGTGCCAGCAGCTTGGCCGTGTCTATCCGACAGGGGAACTATGGCTACACCTTC,723,6,clonotype1948,clonotype1948_consensus_1
CTAGAGTTCAACACGT-1,True,CTAGAGTTCAACACGT-1_contig_3,True,517,TRA,TRAV23/DV6,None,TRAJ31,TRAC,True,True,CAASREGGGNNARLMF,TGTGCAGCAAGCAGGGAAGGAGGAGGTAACAATGCCAGACTCATGTTT,691,3,clonotype1948,clonotype1948_consensus_2
CTAGAGTTCAACGGCC-1,True,CTAGAGTTCAACGGCC-1_contig_1,True,664,TRB,TRBV5-6,None,TRBJ2-2,TRBC2,True,True,CASSLGQGGTGELFF,TGTGCCAGCAGCCTCGGACAGGGAGGCACCGGGGAGCTGTTTTTT,1203,6,clonotype1949,clonotype1949_consensus_1
CTAGAGTTCCACGAAT-1,True,CTAGAGTTCCACGAAT-1_contig_1,True,559,TRA,TRAV12-1,None,TRAJ18,TRAC,True,True,CVVNFYGGSTLGRLYF,TGTGTGGTGAACTTTTACGGAGGCTCAACCCTGGGGAGGCTATACTTT,408,3,clonotype1950,clonotype1950_consensus_1
CTAGAGTTCCACGAAT-1,True,CTAGAGTTCCACGAAT-1_contig_2,True,498,TRB,TRBV5-5,None,TRBJ2-2,TRBC2,True,True,CASSLPQGDTGELFF,TGTGCCAGCAGCTTGCCACAGGGTGACACCGGGGAGCTGTTTTTT,2818,12,clonotype1950,clonotype1950_consensus_2
CTAGAGTTCCCAGGTG-1,True,CTAGAGTTCCCAGGTG-1_contig_1,True,518,TRB,TRBV20-1,None,TRBJ1-1,TRBC1,True,True,CSAPPPGGTEAFF,TGCAGTGCTCCCCCCCCGGGGGGGACTGAAGCTTTCTTT,1679,7,clonotype1951,clonotype1951_consensus_1
CTAGAGTTCCCAGGTG-1,True,CTAGAGTTCCCAGGTG-1_contig_2,True,305,TRB,None,None,TRBJ2-1,TRBC2,False,False,None,None,108,1,clonotype1951,None
CTAGAGTTCGATCCCT-1,True,CTAGAGTTCGATCCCT-1_contig_1,True,492,TRA,TRAV9-2,None,TRAJ13,TRAC,True,True,CALNLEGYQKVTF,TGTGCTCTGAACTTAGAGGGTTACCAGAAAGTTACCTTT,848,6,clonotype6,clonotype6_consensus_1
CTAGAGTTCGATCCCT-1,True,CTAGAGTTCGATCCCT-1_contig_2,True,748,TRB,TRBV5-6,None,TRBJ1-5,TRBC1,True,True,CASSFRGGANQPQHF,TGTGCCAGCAGCTTTCGAGGGGGCGCGAATCAGCCCCAGCATTTT,1511,11,clonotype6,clonotype6_consensus_2
CTAGAGTTCGATCCCT-1,True,CTAGAGTTCGATCCCT-1_contig_3,True,495,TRB,None,None,TRBJ2-6,TRBC2,False,False,None,None,202,2,clonotype6,None
CTAGAGTTCTTTACGT-1,True,CTAGAGTTCTTTACGT-1_contig_1,True,498,TRB,TRBV20-1,None,TRBJ2-1,TRBC2,True,True,CSARVGSEVNEQFF,TGCAGTGCTAGAGTGGGGTCGGAAGTCAATGAGCAGTTCTTC,2436,7,clonotype2,clonotype2_consensus_1
CTAGCCTAGCAGGCTA-1,True,CTAGCCTAGCAGGCTA-1_contig_1,True,524,TRB,TRBV20-1,None,TRBJ1-4,TRBC1,True,True,CSARKFRGRDEKLFF,TGCAGTGCTAGGAAATTCAGGGGGCGCGATGAAAAACTGTTTTTT,1482,6,clonotype1952,clonotype1952_consensus_2
CTAGCCTAGCAGGCTA-1,True,CTAGCCTAGCAGGCTA-1_contig_2,True,519,TRA,TRAV12-2,None,TRAJ53,TRAC,True,True,CAVNRGSNYKLTF,TGTGCCGTGAACAGAGGTAGCAACTATAAACTGACATTT,322,4,clonotype1952,clonotype1952_consensus_1
CTAGCCTAGCAGGCTA-1,True,CTAGCCTAGCAGGCTA-1_contig_3,True,304,TRB,None,None,TRBJ2-5,TRBC2,False,False,None,None,1725,2,clonotype1952,None
CTAGCCTAGCAGGCTA-1,True,CTAGCCTAGCAGGCTA-1_contig_4,True,313,TRB,None,None,TRBJ1-1,TRBC1,False,False,None,None,590,3,clonotype1952,None
CTAGCCTAGCCTATGT-1,True,CTAGCCTAGCCTATGT-1_contig_1,True,505,TRA,TRAV1-2,None,TRAJ33,TRAC,True,True,CAATDSNYQLIW,TGTGCTGCGACTGATAGCAACTATCAGTTAATCTGG,279,1,clonotype1,clonotype1_consensus_2
CTAGCCTAGCCTATGT-1,True,CTAGCCTAGCCTATGT-1_contig_2,True,521,TRB,TRBV20-1,None,TRBJ2-1,TRBC2,True,True,CSARVGSEVNEQFF,TGCAGTGCTAGAGTGGGGTCGGAAGTCAATGAGCAGTTCTTC,2994,12,clonotype1,clonotype1_consensus_1
CTAGCCTAGCCTATGT-1,True,CTAGCCTAGCCTATGT-1_contig_3,True,482,TRA,TRAV10,None,TRAJ24,TRAC,True,False,None,None,656,4,clonotype1,None
CTAGCCTAGCTAGTCT-1,True,CTAGCCTAGCTAGTCT-1_contig_1,True,505,TRA,TRAV1-2,None,TRAJ33,TRAC,True,True,CAATDSNYQLIW,TGTGCTGCGACTGATAGCAACTATCAGTTAATCTGG,417,3,clonotype1,clonotype1_consensus_2
CTAGCCTAGCTAGTCT-1,True,CTAGCCTAGCTAGTCT-1_contig_2,True,521,TRB,TRBV20-1,None,TRBJ2-1,TRBC2,True,True,CSARVGSEVNEQFF,TGCAGTGCTAGAGTGGGGTCGGAAGTCAATGAGCAGTTCTTC,1435,8,clonotype1,clonotype1_consensus_1
CTAGCCTAGCTAGTCT-1,True,CTAGCCTAGCTAGTCT-1_contig_3,True,457,TRA,TRAV10,None,TRAJ24,TRAC,True,False,None,None,389,1,clonotype1,None
CTAGCCTAGGCTCATT-1,True,CTAGCCTAGGCTCATT-1_contig_1,True,497,TRB,TRBV20-1,None,TRBJ2-1,TRBC2,True,True,CSARVGSEVNEQFF,TGCAGTGCTAGAGTGGGGTCGGAAGTCAATGAGCAGTTCTTC,1012,5,clonotype2,clonotype2_consensus_1
CTAGCCTAGTCGCCGT-1,True,CTAGCCTAGTCGCCGT-1_contig_1,True,482,TRB,TRBV5-5,None,TRBJ1-1,TRBC1,True,True,CASSPRQGGTEAFF,TGTGCCAGCAGCCCGCGACAGGGTGGCACTGAAGCTTTCTTT,1304,5,clonotype1953,clonotype1953_consensus_1
CTAGCCTCAGACGTAG-1,True,CTAGCCTCAGACGTAG-1_contig_1,True,505,TRA,TRAV1-2,None,TRAJ33,TRAC,True,True,CAATDSNYQLIW,TGTGCTGCGACTGATAGCAACTATCAGTTAATCTGG,484,3,clonotype1,clonotype1_consensus_2
CTAGCCTCAGACGTAG-1,True,CTAGCCTCAGACGTAG-1_contig_2,True,473,TRB,TRBV20-1,None,TRBJ2-1,TRBC2,True,True,CSARVGSEVNEQFF,TGCAGTGCTAGAGTGGGGTCGGAAGTCAATGAGCAGTTCTTC,2122,6,clonotype1,clonotype1_consensus_1
CTAGCCTCATCCCATC-1,True,CTAGCCTCATCCCATC-1_contig_1,True,505,TRA,TRAV1-2,None,TRAJ33,TRAC,True,True,CAATDSNYQLIW,TGTGCTGCGACTGATAGCAACTATCAGTTAATCTGG,217,4,clonotype1,clonotype1_consensus_2
CTAGCCTCATCCCATC-1,True,CTAGCCTCATCCCATC-1_contig_2,True,521,TRB,TRBV20-1,None,TRBJ2-1,TRBC2,True,True,CSARVGSEVNEQFF,TGCAGTGCTAGAGTGGGGTCGGAAGTCAATGAGCAGTTCTTC,1930,8,clonotype1,clonotype1_consensus_1
CTAGCCTGTAGCCTAT-1,True,CTAGCCTGTAGCCTAT-1_contig_1,True,524,TRB,TRBV20-1,None,TRBJ2-7,TRBC2,True,True,CSATRPGHDSYEQYF,TGCAGTGCTACCCGCCCGGGACATGACTCCTACGAGCAGTACTTC,1781,9,clonotype1954,clonotype1954_consensus_1
CTAGCCTGTAGCCTAT-1,True,CTAGCCTGTAGCCTAT-1_contig_2,True,505,TRA,TRAV1-2,None,TRAJ33,TRAC,True,True,CAAMDSNYQLIW,TGTGCTGCCATGGATAGCAACTATCAGTTAATCTGG,291,2,clonotype1954,clonotype1954_consensus_2
CTAGCCTGTCTAGCCG-1,True,CTAGCCTGTCTAGCCG-1_contig_1,True,509,TRA,TRAV13-2,None,TRAJ29,TRAC,True,True,CAETVSGNTPLVF,TGTGCAGAGACCGTTTCAGGAAACACACCTCTTGTCTTT,541,3,clonotype1955,clonotype1955_consensus_1
CTAGCCTGTCTAGCCG-1,True,CTAGCCTGTCTAGCCG-1_contig_2,True,481,TRB,TRBV5-6,None,TRBJ1-4,TRBC1,True,True,CASSSKDMINEKLFF,TGTGCCAGCAGCTCCAAGGACATGATTAATGAAAAACTGTTTTTT,2704,7,clonotype1955,clonotype1955_consensus_2
CTAGCCTGTCTAGCCG-1,True,CTAGCCTGTCTAGCCG-1_contig_3,True,385,TRA,TRAV3,None,TRAJ31,TRAC,True,False,None,None,394,1,clonotype1955,None
CTAGCCTGTCTAGCCG-1,True,CTAGCCTGTCTAGCCG-1_contig_4,True,360,TRB,None,None,TRBJ2-5,TRBC2,False,False,None,None,1557,2,clonotype1955,None
CTAGCCTTCAAAGTAG-1,True,CTAGCCTTCAAAGTAG-1_contig_1,True,518,TRB,TRBV20-1,None,TRBJ1-6,TRBC1,True,True,CSAWQDLNSPLHF,TGCAGTGCTTGGCAGGATCTAAATTCACCCCTCCACTTT,1527,11,clonotype1956,clonotype1956_consensus_2
CTAGCCTTCAAAGTAG-1,True,CTAGCCTTCAAAGTAG-1_contig_2,True,498,TRA,TRAV12-3,None,TRAJ45,TRAC,True,True,CAMRGGGADGLTF,TGTGCAATGAGAGGAGGAGGTGCTGACGGACTCACCTTT,1266,8,clonotype1956,clonotype1956_consensus_1
CTAGCCTTCAATACCG-1,True,CTAGCCTTCAATACCG-1_contig_1,True,578,TRA,TRAV8-3,None,TRAJ23,TRAC,True,True,CAVNQGGKLIF,TGTGCTGTGAACCAGGGAGGAAAGCTTATCTTC,500,7,clonotype1957,clonotype1957_consensus_1
CTAGCCTTCAATACCG-1,True,CTAGCCTTCAATACCG-1_contig_2,True,505,TRB,TRBV20-1,None,TRBJ2-7,TRBC2,True,True,CSARAGTGYEEQYF,TGCAGTGCTAGAGCCGGGACAGGGTATGAGGAGCAGTACTTC,1925,10,clonotype1957,clonotype1957_consensus_2
CTAGCCTTCAATACCG-1,True,CTAGCCTTCAATACCG-1_contig_3,True,498,TRB,TRBV7-3,None,TRBJ1-1,TRBC1,True,False,None,None,779,8,clonotype1957,None
CTAGCCTTCCCACTTG-1,True,CTAGCCTTCCCACTTG-1_contig_1,True,505,TRA,TRAV1-2,None,TRAJ33,TRAC,True,True,CAATDSNYQLIW,TGTGCTGCGACTGATAGCAACTATCAGTTAATCTGG,389,2,clonotype1,clonotype1_consensus_2
CTAGCCTTCCCACTTG-1,True,CTAGCCTTCCCACTTG-1_contig_2,True,521,TRB,TRBV20-1,None,TRBJ2-1,TRBC2,True,True,CSARVGSEVNEQFF,TGCAGTGCTAGAGTGGGGTCGGAAGTCAATGAGCAGTTCTTC,1088,9,clonotype1,clonotype1_consensus_1
CTAGCCTTCCCACTTG-1,True,CTAGCCTTCCCACTTG-1_contig_3,True,502,TRA,TRAV10,None,TRAJ24,TRAC,True,False,None,None,843,6,clonotype1,None
CTAGCCTTCCCATTAT-1,True,CTAGCCTTCCCATTAT-1_contig_1,True,505,TRA,TRAV1-2,None,TRAJ33,TRAC,True,True,CAATDSNYQLIW,TGTGCTGCGACTGATAGCAACTATCAGTTAATCTGG,427,6,clonotype1,clonotype1_consensus_2
CTAGCCTTCCCATTAT-1,True,CTAGCCTTCCCATTAT-1_contig_2,True,521,TRB,TRBV20-1,None,TRBJ2-1,TRBC2,True,True,CSARVGSEVNEQFF,TGCAGTGCTAGAGTGGGGTCGGAAGTCAATGAGCAGTTCTTC,3139,6,clonotype1,clonotype1_consensus_1
CTAGTGAAGACGCAAC-1,True,CTAGTGAAGACGCAAC-1_contig_1,True,505,TRA,TRAV1-2,None,TRAJ33,TRAC,True,True,CAATDSNYQLIW,TGTGCTGCGACTGATAGCAACTATCAGTTAATCTGG,200,2,clonotype1,clonotype1_consensus_2
CTAGTGAAGACGCAAC-1,True,CTAGTGAAGACGCAAC-1_contig_2,True,521,TRB,TRBV20-1,None,TRBJ2-1,TRBC2,True,True,CSARVGSEVNEQFF,TGCAGTGCTAGAGTGGGGTCGGAAGTCAATGAGCAGTTCTTC,965,4,clonotype1,clonotype1_consensus_1
CTAGTGAAGACGCAAC-1,True,CTAGTGAAGACGCAAC-1_contig_3,True,457,TRA,TRAV10,None,TRAJ24,TRAC,True,False,None,None,3571,1,clonotype1,None
CTAGTGAAGCATCATC-1,True,CTAGTGAAGCATCATC-1_contig_1,True,526,TRA,TRAV14/DV4,None,TRAJ35,TRAC,True,True,CAMSLTGGFGNVLHC,TGTGCAATGAGCCTCACGGGGGGCTTTGGGAATGTGCTGCATTGC,521,5,clonotype1958,clonotype1958_consensus_1
CTAGTGAAGCATCATC-1,True,CTAGTGAAGCATCATC-1_contig_2,True,675,TRB,TRBV5-6,None,TRBJ2-7,TRBC2,True,True,CASSFGVGSYEQYF,TGTGCCAGCAGCTTCGGGGTCGGCTCCTACGAGCAGTACTTC,734,4,clonotype1958,clonotype1958_consensus_2
CTAGTGAAGCATCATC-1,True,CTAGTGAAGCATCATC-1_contig_3,True,517,TRB,None,None,TRBJ2-5,TRBC2,False,False,None,None,431,1,clonotype1958,None
CTAGTGAAGCCCGAAA-1,True,CTAGTGAAGCCCGAAA-1_contig_1,True,470,TRB,TRBV27,None,TRBJ1-5,TRBC1,True,True,CASSLRGANQPQHF,TGTGCCAGCAGTTTACGAGGCGCCAATCAGCCCCAGCATTTT,760,5,clonotype1959,clonotype1959_consensus_1
CTAGTGAAGCCCGAAA-1,True,CTAGTGAAGCCCGAAA-1_contig_2,True,623,TRA,TRAV8-6,None,TRAJ27,TRAC,True,True,CAVSDGGKSTF,TGTGCTGTGAGTGATGGAGGCAAATCAACCTTT,67,1,clonotype1959,clonotype1959_consensus_2
CTAGTGAAGCTAGCCC-1,True,CTAGTGAAGCTAGCCC-1_contig_1,True,524,TRB,TRBV20-1,None,TRBJ2-7,TRBC2,True,True,CSARLAGAWGDEQYF,TGCAGTGCTAGACTAGCGGGGGCATGGGGAGACGAGCAGTACTTC,1717,5,clonotype1960,clonotype1960_consensus_2
CTAGTGAAGCTAGCCC-1,True,CTAGTGAAGCTAGCCC-1_contig_2,True,498,TRA,TRAV12-3,None,TRAJ56,TRAC,True,True,CAMKSGANSKLTF,TGTGCAATGAAATCTGGAGCCAATAGTAAGCTGACATTT,578,5,clonotype1960,clonotype1960_consensus_1
CTAGTGAAGTCTTGCA-1,True,CTAGTGAAGTCTTGCA-1_contig_1,True,527,TRB,TRBV20-1,None,TRBJ2-1,TRBC2,True,True,CSARPPRGGAGYEQFF,TGCAGTGCTAGACCCCCGAGGGGGGGGGCAGGCTATGAGCAGTTCTTC,1341,6,clonotype1961,clonotype1961_consensus_1
CTAGTGAAGTCTTGCA-1,True,CTAGTGAAGTCTTGCA-1_contig_2,True,580,TRA,TRAV12-1,None,TRAJ45,TRAC,True,False,CGEQQGGGADGLTF,TGTGGTGAACAGCAAGGAGGAGGTGCTGACGGACTCACCTTT,355,1,clonotype1961,None
CTAGTGACACAGTCGC-1,True,CTAGTGACACAGTCGC-1_contig_1,True,510,TRA,TRAV12-1,None,TRAJ40,TRAC,True,True,CVVKAGTYKYIF,TGTGTGGTGAAGGCAGGAACCTACAAATACATCTTT,456,2,clonotype1962,clonotype1962_consensus_2
CTAGTGACACAGTCGC-1,True,CTAGTGACACAGTCGC-1_contig_2,True,637,TRB,TRBV5-5,None,TRBJ1-1,TRBC1,True,True,CASRGTGDSTEAFF,TGTGCCAGCAGAGGGACAGGGGATAGCACTGAAGCTTTCTTT,137,3,clonotype1962,clonotype1962_consensus_1
CTAGTGACACGGCTAC-1,True,CTAGTGACACGGCTAC-1_contig_1,True,473,TRB,TRBV20-1,None,TRBJ2-1,TRBC2,True,True,CSARVGSEVNEQFF,TGCAGTGCTAGAGTGGGGTCGGAAGTCAATGAGCAGTTCTTC,476,4,clonotype2,clonotype2_consensus_1
CTAGTGACACGGCTAC-1,True,CTAGTGACACGGCTAC-1_contig_2,True,463,TRA,TRAV10,None,TRAJ24,TRAC,True,False,None,None,410,2,clonotype2,None
CTAGTGACAGGGTTAG-1,True,CTAGTGACAGGGTTAG-1_contig_1,True,574,TRA,TRAV8-1,None,TRAJ28,TRAC,True,True,CAVNSGAGSYQLTF,TGTGCCGTTAACTCTGGGGCTGGGAGTTACCAACTCACTTTC,470,2,clonotype33,clonotype33_consensus_2
CTAGTGACAGGGTTAG-1,True,CTAGTGACAGGGTTAG-1_contig_2,True,521,TRB,TRBV20-1,None,TRBJ1-2,TRBC1,True,True,CSASVPSVLIGYTF,TGCAGTGCTAGTGTTCCTAGTGTCTTAATTGGCTACACCTTC,1048,9,clonotype33,clonotype33_consensus_1
CTAGTGACAGGGTTAG-1,True,CTAGTGACAGGGTTAG-1_contig_3,True,478,TRA,TRAV20,None,TRAJ45,TRAC,True,False,None,None,1481,6,clonotype33,None
CTAGTGACATCCTTGC-1,True,CTAGTGACATCCTTGC-1_contig_1,True,473,TRB,TRBV20-1,None,TRBJ2-1,TRBC2,True,True,CSARVGSEVNEQFF,TGCAGTGCTAGAGTGGGGTCGGAAGTCAATGAGCAGTTCTTC,1690,9,clonotype2,clonotype2_consensus_1
CTAGTGAGTCACAAGG-1,True,CTAGTGAGTCACAAGG-1_contig_1,True,505,TRA,TRAV1-2,None,TRAJ33,TRAC,True,True,CAATDSNYQLIW,TGTGCTGCGACTGATAGCAACTATCAGTTAATCTGG,250,2,clonotype1,clonotype1_consensus_2
CTAGTGAGTCACAAGG-1,True,CTAGTGAGTCACAAGG-1_contig_2,True,521,TRB,TRBV20-1,None,TRBJ2-1,TRBC2,True,True,CSARVGSEVNEQFF,TGCAGTGCTAGAGTGGGGTCGGAAGTCAATGAGCAGTTCTTC,1117,5,clonotype1,clonotype1_consensus_1
CTAGTGAGTCACAAGG-1,True,CTAGTGAGTCACAAGG-1_contig_3,True,456,TRA,TRAV10,None,TRAJ24,TRAC,True,False,None,None,172,1,clonotype1,None
CTAGTGAGTCCGAACC-1,True,CTAGTGAGTCCGAACC-1_contig_1,True,540,TRA,TRAV26-1,None,TRAJ33,TRAC,True,True,CIVSRSNYQLIW,TGCATCGTCAGTCGCAGCAACTATCAGTTAATCTGG,200,3,clonotype1963,clonotype1963_consensus_1
CTAGTGAGTCCGAACC-1,True,CTAGTGAGTCCGAACC-1_contig_2,True,527,TRB,TRBV20-1,None,TRBJ2-2,TRBC2,True,True,CSAEYPGLEDTGELFF,TGCAGTGCTGAGTACCCGGGACTAGAGGACACCGGGGAGCTGTTTTTT,2323,12,clonotype1963,clonotype1963_consensus_2
CTAGTGAGTGGGTCAA-1,True,CTAGTGAGTGGGTCAA-1_contig_1,True,505,TRA,TRAV1-2,None,TRAJ33,TRAC,True,True,CAATDSNYQLIW,TGTGCTGCGACTGATAGCAACTATCAGTTAATCTGG,1266,7,clonotype1,clonotype1_consensus_2
CTAGTGAGTGGGTCAA-1,True,CTAGTGAGTGGGTCAA-1_contig_2,True,498,TRB,TRBV20-1,None,TRBJ2-1,TRBC2,True,True,CSARVGSEVNEQFF,TGCAGTGCTAGAGTGGGGTCGGAAGTCAATGAGCAGTTCTTC,1762,12,clonotype1,clonotype1_consensus_1
CTAGTGAGTGGGTCAA-1,True,CTAGTGAGTGGGTCAA-1_contig_3,True,465,TRA,TRAV10,None,TRAJ24,TRAC,True,False,None,None,84,3,clonotype1,None
CTAGTGAGTGTGCCTG-1,True,CTAGTGAGTGTGCCTG-1_contig_1,True,505,TRA,TRAV1-2,None,TRAJ33,TRAC,True,True,CAATDSNYQLIW,TGTGCTGCGACTGATAGCAACTATCAGTTAATCTGG,448,4,clonotype1,clonotype1_consensus_2
CTAGTGAGTGTGCCTG-1,True,CTAGTGAGTGTGCCTG-1_contig_2,True,521,TRB,TRBV20-1,None,TRBJ2-1,TRBC2,True,True,CSARVGSEVNEQFF,TGCAGTGCTAGAGTGGGGTCGGAAGTCAATGAGCAGTTCTTC,348,3,clonotype1,clonotype1_consensus_1
CTAGTGAGTTTGACAC-1,True,CTAGTGAGTTTGACAC-1_contig_1,True,492,TRB,TRBV20-1,None,TRBJ2-1,TRBC2,True,True,CSATGQNNEQFF,TGCAGTGCCACGGGACAGAACAATGAGCAGTTCTTC,1254,8,clonotype1964,clonotype1964_consensus_2
CTAGTGAGTTTGACAC-1,True,CTAGTGAGTTTGACAC-1_contig_2,True,494,TRA,TRAV38-2/DV8,None,TRAJ13,TRAC,True,True,CAYSGSGGYQKVTF,TGTGCTTATAGCGGCTCTGGGGGTTACCAGAAAGTTACCTTT,489,3,clonotype1964,clonotype1964_consensus_1
CTAGTGATCATAAAGG-1,True,CTAGTGATCATAAAGG-1_contig_1,True,505,TRA,TRAV1-2,None,TRAJ33,TRAC,True,True,CAATDSNYQLIW,TGTGCTGCGACTGATAGCAACTATCAGTTAATCTGG,146,1,clonotype1,clonotype1_consensus_2
CTAGTGATCATAAAGG-1,True,CTAGTGATCATAAAGG-1_contig_2,True,485,TRB,TRBV20-1,None,TRBJ2-1,TRBC2,True,True,CSARVGSEVNEQFF,TGCAGTGCTAGAGTGGGGTCGGAAGTCAATGAGCAGTTCTTC,298,2,clonotype1,clonotype1_consensus_1
CTAGTGATCATAAAGG-1,True,CTAGTGATCATAAAGG-1_contig_3,True,482,TRA,TRAV10,None,TRAJ24,TRAC,True,False,None,None,2079,2,clonotype1,None
CTAGTGATCATGCATG-1,True,CTAGTGATCATGCATG-1_contig_1,True,492,TRA,TRAV12-3,None,TRAJ26,TRAC,True,True,CASGYGQNFVF,TGTGCCAGCGGCTATGGTCAGAATTTTGTCTTT,681,6,clonotype320,clonotype320_consensus_2
CTAGTGATCATGCATG-1,True,CTAGTGATCATGCATG-1_contig_2,True,497,TRB,TRBV20-1,None,TRBJ2-6,TRBC2,True,True,CSAHQQVSTGANVLTF,TGCAGTGCGCACCAACAGGTATCCACTGGGGCCAACGTCCTGACTTTC,877,4,clonotype320,clonotype320_consensus_1
CTAGTGATCGCCAAAT-1,True,CTAGTGATCGCCAAAT-1_contig_1,True,467,TRB,TRBV20-1,None,TRBJ1-4,TRBC1,True,True,CSGYSGGEKLFF,TGCAGTGGATACAGTGGGGGTGAAAAACTGTTTTTT,384,5,clonotype1965,clonotype1965_consensus_3
CTAGTGATCGCCAAAT-1,True,CTAGTGATCGCCAAAT-1_contig_2,True,505,TRA,TRAV13-2,None,TRAJ45,TRAC,True,True,CAEKQGGADGLTF,TGTGCAGAGAAGCAAGGAGGTGCTGACGGACTCACCTTT,325,2,clonotype1965,clonotype1965_consensus_2
CTAGTGATCGCCAAAT-1,True,CTAGTGATCGCCAAAT-1_contig_3,True,516,TRA,TRAV30,None,TRAJ54,TRAC,True,True,CGPHVLWGAQKLVF,TGCGGCCCCCATGTTTTATGGGGAGCCCAGAAGCTGGTATTT,2815,3,clonotype1965,clonotype1965_consensus_1
CTAGTGATCTGCGGCA-1,True,CTAGTGATCTGCGGCA-1_contig_1,True,505,TRA,TRAV1-2,None,TRAJ33,TRAC,True,True,CAATDSNYQLIW,TGTGCTGCGACTGATAGCAACTATCAGTTAATCTGG,65,3,clonotype1,clonotype1_consensus_2
CTAGTGATCTGCGGCA-1,True,CTAGTGATCTGCGGCA-1_contig_2,True,521,TRB,TRBV20-1,None,TRBJ2-1,TRBC2,True,True,CSARVGSEVNEQFF,TGCAGTGCTAGAGTGGGGTCGGAAGTCAATGAGCAGTTCTTC,2414,6,clonotype1,clonotype1_consensus_1
CTAGTGATCTGCGGCA-1,True,CTAGTGATCTGCGGCA-1_contig_3,True,465,TRA,TRAV10,None,TRAJ24,TRAC,True,False,None,None,290,2,clonotype1,None
CTCACACAGCCTTGAT-1,True,CTCACACAGCCTTGAT-1_contig_1,True,655,TRA,TRAV12-1,None,TRAJ9,TRAC,True,True,CVVTRNTGGFKTIF,TGTGTGGTGACACGAAATACTGGAGGCTTCAAAACTATCTTT,500,4,clonotype5,clonotype5_consensus_2
CTCACACAGCCTTGAT-1,True,CTCACACAGCCTTGAT-1_contig_2,True,533,TRB,TRBV20-1,None,TRBJ1-5,TRBC1,True,True,CSARDDNRAKSFNQPQHF,TGCAGTGCTAGAGACGACAACCGGGCCAAATCCTTCAATCAGCCCCAGCATTTT,3230,13,clonotype5,clonotype5_consensus_1
CTCACACAGTAATCCC-1,True,CTCACACAGTAATCCC-1_contig_1,True,491,TRB,TRBV20-1,None,TRBJ2-2,TRBC2,True,True,CSARLAGGPDTGELFF,TGCAGTGCCAGACTAGCGGGGGGGCCGGACACCGGGGAGCTGTTTTTT,677,8,clonotype295,clonotype295_consensus_1
CTCACACAGTAATCCC-1,True,CTCACACAGTAATCCC-1_contig_2,True,615,TRA,TRAV3,None,TRAJ20,TRAC,True,True,CAVRDIRGYKLSF,TGTGCTGTGAGAGACATAAGGGGCTACAAGCTCAGCTTT,1253,7,clonotype295,clonotype295_consensus_2
CTCACACAGTACGATA-1,True,CTCACACAGTACGATA-1_contig_1,True,505,TRA,TRAV1-2,None,TRAJ33,TRAC,True,True,CAATDSNYQLIW,TGTGCTGCGACTGATAGCAACTATCAGTTAATCTGG,838,3,clonotype1,clonotype1_consensus_2
CTCACACAGTACGATA-1,True,CTCACACAGTACGATA-1_contig_2,True,492,TRB,TRBV20-1,None,TRBJ2-1,TRBC2,True,True,CSARVGSEVNEQFF,TGCAGTGCTAGAGTGGGGTCGGAAGTCAATGAGCAGTTCTTC,763,1,clonotype1,clonotype1_consensus_1
CTCACACAGTACGATA-1,True,CTCACACAGTACGATA-1_contig_3,True,465,TRA,TRAV10,None,TRAJ24,TRAC,True,False,None,None,1864,2,clonotype1,None
CTCACACAGTGGAGAA-1,True,CTCACACAGTGGAGAA-1_contig_1,True,521,TRB,TRBV20-1,None,TRBJ2-1,TRBC2,True,True,CSARVGSEVNEQFF,TGCAGTGCTAGAGTGGGGTCGGAAGTCAATGAGCAGTTCTTC,473,5,clonotype2,clonotype2_consensus_1
CTCACACAGTGGAGAA-1,True,CTCACACAGTGGAGAA-1_contig_2,True,482,TRA,TRAV10,None,TRAJ24,TRAC,True,False,None,None,376,4,clonotype2,None
CTCACACAGTTCGCAT-1,True,CTCACACAGTTCGCAT-1_contig_1,True,521,TRB,TRBV20-1,None,TRBJ2-1,TRBC2,True,True,CSARVGSEVNEQFF,TGCAGTGCTAGAGTGGGGTCGGAAGTCAATGAGCAGTTCTTC,1607,8,clonotype2,clonotype2_consensus_1
CTCACACAGTTCGCAT-1,True,CTCACACAGTTCGCAT-1_contig_2,True,467,TRA,TRAV10,None,TRAJ24,TRAC,True,False,None,None,485,1,clonotype2,None
CTCACACCAACAACCT-1,True,CTCACACCAACAACCT-1_contig_1,True,505,TRA,TRAV1-2,None,TRAJ33,TRAC,True,True,CAATDSNYQLIW,TGTGCTGCGACTGATAGCAACTATCAGTTAATCTGG,612,2,clonotype1,clonotype1_consensus_2
CTCACACCAACAACCT-1,True,CTCACACCAACAACCT-1_contig_2,True,521,TRB,TRBV20-1,None,TRBJ2-1,TRBC2,True,True,CSARVGSEVNEQFF,TGCAGTGCTAGAGTGGGGTCGGAAGTCAATGAGCAGTTCTTC,176,5,clonotype1,clonotype1_consensus_1
CTCACACCAAGCCCAC-1,True,CTCACACCAAGCCCAC-1_contig_1,True,505,TRA,TRAV1-2,None,TRAJ33,TRAC,True,True,CAATDSNYQLIW,TGTGCTGCGACTGATAGCAACTATCAGTTAATCTGG,236,2,clonotype1,clonotype1_consensus_2
CTCACACCAAGCCCAC-1,True,CTCACACCAAGCCCAC-1_contig_2,True,521,TRB,TRBV20-1,None,TRBJ2-1,TRBC2,True,True,CSARVGSEVNEQFF,TGCAGTGCTAGAGTGGGGTCGGAAGTCAATGAGCAGTTCTTC,3717,14,clonotype1,clonotype1_consensus_1
CTCACACCAATGGATA-1,True,CTCACACCAATGGATA-1_contig_1,True,505,TRA,TRAV1-2,None,TRAJ33,TRAC,True,True,CAATDSNYQLIW,TGTGCTGCGACTGATAGCAACTATCAGTTAATCTGG,560,2,clonotype1,clonotype1_consensus_2
CTCACACCAATGGATA-1,True,CTCACACCAATGGATA-1_contig_2,True,508,TRB,TRBV20-1,None,TRBJ2-1,TRBC2,True,True,CSARVGSEVNEQFF,TGCAGTGCTAGAGTGGGGTCGGAAGTCAATGAGCAGTTCTTC,2116,11,clonotype1,clonotype1_consensus_1
CTCACACCAATGGATA-1,True,CTCACACCAATGGATA-1_contig_3,True,465,TRA,TRAV10,None,TRAJ24,TRAC,True,False,None,None,308,2,clonotype1,None
CTCACACCAATGTAAG-1,True,CTCACACCAATGTAAG-1_contig_1,True,521,TRB,TRBV20-1,None,TRBJ2-1,TRBC2,True,True,CSARVGSEVNEQFF,TGCAGTGCTAGAGTGGGGTCGGAAGTCAATGAGCAGTTCTTC,4446,6,clonotype2,clonotype2_consensus_1
CTCACACCAATGTAAG-1,True,CTCACACCAATGTAAG-1_contig_2,True,644,TRA,None,None,TRAJ32,TRAC,False,False,None,None,286,4,clonotype2,None
CTCACACCACGTCAGC-1,True,CTCACACCACGTCAGC-1_contig_1,True,576,TRA,TRAV8-4,None,TRAJ32,TRAC,True,True,CAVSDWDGGATNKLIF,TGTGCTGTGAGTGATTGGGATGGTGGTGCTACAAACAAGCTCATCTTT,322,3,clonotype1966,clonotype1966_consensus_1
CTCACACCACGTCAGC-1,True,CTCACACCACGTCAGC-1_contig_2,True,524,TRB,TRBV20-1,None,TRBJ2-7,TRBC2,True,True,CSAAALGTAIYEQYF,TGCAGTGCCGCGGCGCTCGGGACTGCCATTTACGAGCAGTACTTC,2957,11,clonotype1966,clonotype1966_consensus_2
CTCACACCAGACACTT-1,True,CTCACACCAGACACTT-1_contig_1,True,475,TRB,TRBV20-1,None,TRBJ2-1,TRBC2,True,True,CSARVGSEVNEQFF,TGCAGTGCTAGAGTGGGGTCGGAAGTCAATGAGCAGTTCTTC,661,3,clonotype2,clonotype2_consensus_1
CTCACACGTACAGCAG-1,True,CTCACACGTACAGCAG-1_contig_1,True,505,TRA,TRAV1-2,None,TRAJ33,TRAC,True,True,CAATDSNYQLIW,TGTGCTGCGACTGATAGCAACTATCAGTTAATCTGG,940,4,clonotype8,clonotype8_consensus_1
CTCACACGTACCTACA-1,True,CTCACACGTACCTACA-1_contig_1,True,495,TRB,TRBV20-1,None,TRBJ1-1,TRBC1,True,True,CSARPPTGIEAFF,TGCAGTGCTAGACCCCCGACAGGGATCGAAGCTTTCTTT,2141,8,clonotype1967,clonotype1967_consensus_2
CTCACACGTACCTACA-1,True,CTCACACGTACCTACA-1_contig_2,True,455,TRA,TRAV2,None,TRAJ37,TRAC,True,True,CAVEERSNTGKLIF,TGTGCTGTGGAGGAAAGAAGCAACACAGGCAAACTAATCTTT,7397,7,clonotype1967,clonotype1967_consensus_1
CTCACACGTATGCTTG-1,True,CTCACACGTATGCTTG-1_contig_1,True,580,TRA,TRAV26-1,None,TRAJ39,TRAC,True,True,CIVRARNNAGNMLTF,TGCATCGTCAGAGCGCGGAATAATGCAGGCAACATGCTCACCTTT,5853,7,clonotype1968,clonotype1968_consensus_1
CTCACACGTATGCTTG-1,True,CTCACACGTATGCTTG-1_contig_2,True,499,TRB,TRBV3-1,None,TRBJ2-5,TRBC2,True,True,CASSQDWGGTVAQYF,TGTGCCAGCAGCCAAGATTGGGGGGGTACTGTGGCCCAGTACTTC,1015,7,clonotype1968,clonotype1968_consensus_2
CTCACACGTATGCTTG-1,True,CTCACACGTATGCTTG-1_contig_3,True,509,TRA,TRAV21,None,TRAJ13,TRAC,True,False,None,None,3080,14,clonotype1968,None
CTCACACGTATTCGTG-1,True,CTCACACGTATTCGTG-1_contig_1,True,521,TRB,TRBV20-1,None,TRBJ1-1,TRBC1,True,True,CSAKTGGVANTEAFF,TGCAGTGCAAAGACAGGGGGCGTCGCGAATACTGAAGCTTTCTTT,1011,4,clonotype1969,clonotype1969_consensus_1
CTCACACGTATTCGTG-1,True,CTCACACGTATTCGTG-1_contig_2,True,311,TRB,None,None,TRBJ2-3,TRBC2,False,False,None,None,383,5,clonotype1969,None
CTCACACGTCGGGTCT-1,True,CTCACACGTCGGGTCT-1_contig_1,True,524,TRB,TRBV20-1,None,TRBJ2-2,TRBC2,True,True,CSASTSGVLTGELFF,TGCAGTGCGAGCACTAGCGGGGTCCTCACCGGGGAGCTGTTTTTT,1820,6,clonotype1970,clonotype1970_consensus_1
CTCACACGTCGGGTCT-1,True,CTCACACGTCGGGTCT-1_contig_2,True,529,TRA,TRAV26-2,None,TRAJ45,TRAC,True,True,CILRYSGGGADGLTF,TGCATCCTGAGATATTCAGGAGGAGGTGCTGACGGACTCACCTTT,441,1,clonotype1970,clonotype1970_consensus_2
CTCACACGTCGGGTCT-1,True,CTCACACGTCGGGTCT-1_contig_3,True,406,TRA,None,None,TRAJ6,TRAC,False,False,None,None,236,1,clonotype1970,None
CTCACACGTGTATGGG-1,True,CTCACACGTGTATGGG-1_contig_1,True,521,TRB,TRBV20-1,None,TRBJ2-2,TRBC2,True,True,CSARVGTRSGELFF,TGCAGTGCTAGAGTTGGGACACGGTCCGGGGAGCTGTTTTTT,2217,14,clonotype1971,clonotype1971_consensus_2
CTCACACGTGTATGGG-1,True,CTCACACGTGTATGGG-1_contig_2,True,529,TRA,TRAV14/DV4,None,TRAJ28,TRAC,True,True,CAMSGASGAGSYQLTF,TGTGCAATGAGTGGGGCTTCTGGGGCTGGGAGTTACCAACTCACTTTC,994,6,clonotype1971,clonotype1971_consensus_1
CTCACACGTGTATGGG-1,True,CTCACACGTGTATGGG-1_contig_3,True,496,TRB,TRBV7-2,None,TRBJ2-1,TRBC2,True,False,CGQFF,TGTGGGCAGTTCTTC,402,3,clonotype1971,None
CTCACACTCAGAGCTT-1,True,CTCACACTCAGAGCTT-1_contig_1,True,484,TRB,TRBV5-6,None,TRBJ2-1,TRBC2,True,True,CASSLVDRGPYNEQFF,TGTGCCAGCAGCTTGGTCGACAGGGGGCCCTACAATGAGCAGTTCTTC,1454,4,clonotype1972,clonotype1972_consensus_1
CTCACACTCATCGATG-1,True,CTCACACTCATCGATG-1_contig_1,True,484,TRA,TRAV35,None,TRAJ40,TRAC,True,True,CAGRPDSGTYKYIF,TGTGCTGGTCGCCCGGACTCAGGAACCTACAAATACATCTTT,641,3,clonotype10,clonotype10_consensus_2
CTCACACTCATCGATG-1,True,CTCACACTCATCGATG-1_contig_2,True,524,TRB,TRBV20-1,None,TRBJ1-2,TRBC1,True,True,CSARDQTGVNYGYTF,TGCAGTGCTAGAGACCAGACAGGGGTTAACTATGGCTACACCTTC,1520,7,clonotype10,clonotype10_consensus_1
CTCACACTCATCGATG-1,True,CTCACACTCATCGATG-1_contig_3,True,535,TRA,TRAV16,None,TRAJ20,TRAC,True,False,None,None,1008,6,clonotype10,None
CTCACACTCCAAACTG-1,True,CTCACACTCCAAACTG-1_contig_1,True,503,TRA,TRAV26-1,None,TRAJ17,TRAC,True,True,CIVSLNKAAGNKLTF,TGCATCGTCAGTCTCAACAAAGCTGCAGGCAACAAGCTAACTTTT,447,4,clonotype1973,clonotype1973_consensus_1
CTCACACTCCAAACTG-1,True,CTCACACTCCAAACTG-1_contig_2,True,667,TRB,TRBV5-6,None,TRBJ2-1,TRBC2,True,True,CASSLDLLSRTSNEQFF,TGTGCCAGCAGCTTGGACCTCCTATCACGGACAAGCAATGAGCAGTTCTTC,3472,14,clonotype1973,clonotype1973_consensus_2
CTCACACTCGACCAGC-1,True,CTCACACTCGACCAGC-1_contig_1,True,505,TRA,TRAV1-2,None,TRAJ33,TRAC,True,True,CAATDSNYQLIW,TGTGCTGCGACTGATAGCAACTATCAGTTAATCTGG,2025,6,clonotype1,clonotype1_consensus_2
CTCACACTCGACCAGC-1,True,CTCACACTCGACCAGC-1_contig_2,True,498,TRB,TRBV20-1,None,TRBJ2-1,TRBC2,True,True,CSARVGSEVNEQFF,TGCAGTGCTAGAGTGGGGTCGGAAGTCAATGAGCAGTTCTTC,2075,8,clonotype1,clonotype1_consensus_1
CTCACACTCGCAGGCT-1,True,CTCACACTCGCAGGCT-1_contig_1,True,485,TRB,TRBV20-1,None,TRBJ1-4,TRBC1,True,True,CSARVGAFKEKLFF,TGCAGTGCTAGAGTGGGGGCCTTTAAGGAAAAACTGTTTTTT,3400,10,clonotype1974,clonotype1974_consensus_1
CTCACACTCTGGCGAC-1,True,CTCACACTCTGGCGAC-1_contig_1,True,484,TRA,TRAV1-2,None,TRAJ33,TRAC,True,True,CAATDSNYQLIW,TGTGCTGCGACTGATAGCAACTATCAGTTAATCTGG,71,2,clonotype1,clonotype1_consensus_2
CTCACACTCTGGCGAC-1,True,CTCACACTCTGGCGAC-1_contig_2,True,521,TRB,TRBV20-1,None,TRBJ2-1,TRBC2,True,True,CSARVGSEVNEQFF,TGCAGTGCTAGAGTGGGGTCGGAAGTCAATGAGCAGTTCTTC,1863,12,clonotype1,clonotype1_consensus_1
CTCACACTCTTAGAGC-1,True,CTCACACTCTTAGAGC-1_contig_1,True,509,TRA,TRAV6,None,TRAJ23,TRAC,True,True,CALDGIYNQGGKLIF,TGTGCTCTCGACGGGATTTATAACCAGGGAGGAAAGCTTATCTTC,468,5,clonotype1975,clonotype1975_consensus_2
CTCACACTCTTAGAGC-1,True,CTCACACTCTTAGAGC-1_contig_2,True,660,TRB,TRBV5-6,None,TRBJ1-2,TRBC1,True,True,CASTVQGPNYGYTF,TGTGCCAGCACCGTACAGGGACCCAACTATGGCTACACCTTC,2064,13,clonotype1975,clonotype1975_consensus_1
CTCACACTCTTTACAC-1,True,CTCACACTCTTTACAC-1_contig_1,True,511,TRB,TRBV20-1,None,TRBJ2-1,TRBC2,True,True,CSARVGSEVNEQFF,TGCAGTGCTAGAGTGGGGTCGGAAGTCAATGAGCAGTTCTTC,2089,8,clonotype2,clonotype2_consensus_1
CTCACACTCTTTACAC-1,True,CTCACACTCTTTACAC-1_contig_2,True,459,TRA,TRAV10,None,TRAJ24,TRAC,True,False,None,None,139,5,clonotype2,None
CTCAGAAAGACTAAGT-1,True,CTCAGAAAGACTAAGT-1_contig_1,True,518,TRB,TRBV20-1,None,TRBJ1-5,TRBC1,True,True,CSAPRDSSNQPQHF,TGCAGTGCTCCGAGAGACAGTAGTAATCAGCCCCAGCATTTT,3556,13,clonotype180,clonotype180_consensus_1
CTCAGAAAGACTAAGT-1,True,CTCAGAAAGACTAAGT-1_contig_2,True,504,TRA,TRAV6,None,TRAJ8,TRAC,True,True,CAPMNTGFQKLVF,TGTGCTCCTATGAACACAGGCTTTCAGAAACTTGTATTT,751,5,clonotype180,clonotype180_consensus_2
CTCAGAAAGAGCTGCA-1,True,CTCAGAAAGAGCTGCA-1_contig_1,True,521,TRB,TRBV20-1,None,TRBJ2-1,TRBC2,True,True,CSARVGSEVNEQFF,TGCAGTGCTAGAGTGGGGTCGGAAGTCAATGAGCAGTTCTTC,2149,11,clonotype2,clonotype2_consensus_1
CTCAGAAAGAGCTGCA-1,True,CTCAGAAAGAGCTGCA-1_contig_2,True,457,TRA,TRAV10,None,TRAJ24,TRAC,True,False,None,None,218,2,clonotype2,None
CTCAGAAAGTGCCAGA-1,True,CTCAGAAAGTGCCAGA-1_contig_1,True,505,TRA,TRAV1-2,None,TRAJ33,TRAC,True,True,CAATDSNYQLIW,TGTGCTGCGACTGATAGCAACTATCAGTTAATCTGG,415,2,clonotype1,clonotype1_consensus_2
CTCAGAAAGTGCCAGA-1,True,CTCAGAAAGTGCCAGA-1_contig_2,True,521,TRB,TRBV20-1,None,TRBJ2-1,TRBC2,True,True,CSARVGSEVNEQFF,TGCAGTGCTAGAGTGGGGTCGGAAGTCAATGAGCAGTTCTTC,897,5,clonotype1,clonotype1_consensus_1
CTCAGAAAGTGCCAGA-1,True,CTCAGAAAGTGCCAGA-1_contig_3,True,498,TRA,TRAV10,None,TRAJ24,TRAC,True,False,None,None,56,1,clonotype1,None
CTCAGAACACGGTTTA-1,True,CTCAGAACACGGTTTA-1_contig_1,True,498,TRB,TRBV20-1,None,TRBJ2-1,TRBC2,True,True,CSARVGSEVNEQFF,TGCAGTGCTAGAGTGGGGTCGGAAGTCAATGAGCAGTTCTTC,1759,8,clonotype2,clonotype2_consensus_1
CTCAGAACACGGTTTA-1,True,CTCAGAACACGGTTTA-1_contig_2,True,343,TRA,TRAV1-2,None,TRAJ33,TRAC,True,False,CAATDSNYQLIW,TGTGCTGCGACTGATAGCAACTATCAGTTAATCTGG,373,1,clonotype2,None
CTCAGAACATGCAACT-1,True,CTCAGAACATGCAACT-1_contig_1,True,505,TRA,TRAV1-2,None,TRAJ33,TRAC,True,True,CAATDSNYQLIW,TGTGCTGCGACTGATAGCAACTATCAGTTAATCTGG,1741,7,clonotype1,clonotype1_consensus_2
CTCAGAACATGCAACT-1,True,CTCAGAACATGCAACT-1_contig_2,True,498,TRB,TRBV20-1,None,TRBJ2-1,TRBC2,True,True,CSARVGSEVNEQFF,TGCAGTGCTAGAGTGGGGTCGGAAGTCAATGAGCAGTTCTTC,2057,8,clonotype1,clonotype1_consensus_1
CTCAGAACATGTAAGA-1,True,CTCAGAACATGTAAGA-1_contig_1,True,505,TRA,TRAV1-2,None,TRAJ33,TRAC,True,True,CAATDSNYQLIW,TGTGCTGCGACTGATAGCAACTATCAGTTAATCTGG,1138,6,clonotype1,clonotype1_consensus_2
CTCAGAACATGTAAGA-1,True,CTCAGAACATGTAAGA-1_contig_2,True,498,TRB,TRBV20-1,None,TRBJ2-1,TRBC2,True,True,CSARVGSEVNEQFF,TGCAGTGCTAGAGTGGGGTCGGAAGTCAATGAGCAGTTCTTC,1017,3,clonotype1,clonotype1_consensus_1
CTCAGAACATGTAAGA-1,True,CTCAGAACATGTAAGA-1_contig_3,True,482,TRA,TRAV10,None,TRAJ24,TRAC,True,False,None,None,6339,1,clonotype1,None
CTCAGAAGTCGAATCT-1,True,CTCAGAAGTCGAATCT-1_contig_1,True,505,TRA,TRAV1-2,None,TRAJ33,TRAC,True,True,CAATDSNYQLIW,TGTGCTGCGACTGATAGCAACTATCAGTTAATCTGG,358,3,clonotype1,clonotype1_consensus_2
CTCAGAAGTCGAATCT-1,True,CTCAGAAGTCGAATCT-1_contig_2,True,518,TRB,TRBV20-1,None,TRBJ2-1,TRBC2,True,True,CSARVGSEVNEQFF,TGCAGTGCTAGAGTGGGGTCGGAAGTCAATGAGCAGTTCTTC,485,4,clonotype1,clonotype1_consensus_1
CTCAGAAGTGACCAAG-1,True,CTCAGAAGTGACCAAG-1_contig_1,True,521,TRB,TRBV20-1,None,TRBJ2-1,TRBC2,True,True,CSARVGSEVNEQFF,TGCAGTGCTAGAGTGGGGTCGGAAGTCAATGAGCAGTTCTTC,10072,8,clonotype2,clonotype2_consensus_1
CTCAGAAGTGACCAAG-1,True,CTCAGAAGTGACCAAG-1_contig_2,True,482,TRA,TRAV10,None,TRAJ24,TRAC,True,False,None,None,340,1,clonotype2,None
CTCAGAAGTGAGTGAC-1,True,CTCAGAAGTGAGTGAC-1_contig_1,True,521,TRB,TRBV20-1,None,TRBJ2-1,TRBC2,True,True,CSARVGSEVNEQFF,TGCAGTGCTAGAGTGGGGTCGGAAGTCAATGAGCAGTTCTTC,2125,8,clonotype2,clonotype2_consensus_1
CTCAGAAGTGAGTGAC-1,True,CTCAGAAGTGAGTGAC-1_contig_2,True,459,TRA,TRAV10,None,TRAJ24,TRAC,True,False,None,None,145,2,clonotype2,None
CTCAGAAGTTGGACCC-1,True,CTCAGAAGTTGGACCC-1_contig_1,True,518,TRB,TRBV20-1,None,TRBJ1-5,TRBC1,True,True,CSARPTGGQPQHF,TGCAGTGCTAGACCTACCGGGGGTCAGCCCCAGCATTTT,1715,8,clonotype1976,clonotype1976_consensus_3
CTCAGAAGTTGGACCC-1,True,CTCAGAAGTTGGACCC-1_contig_2,True,524,TRB,TRBV20-1,None,TRBJ1-2,TRBC1,True,True,CSARVQGRGNYGYTF,TGCAGTGCTAGAGTCCAGGGGCGCGGAAACTATGGCTACACCTTC,2814,7,clonotype1976,clonotype1976_consensus_2
CTCAGAAGTTGGACCC-1,True,CTCAGAAGTTGGACCC-1_contig_3,True,505,TRA,TRAV20,None,TRAJ29,TRAC,True,True,CAVQLSGNTPLVF,TGTGCTGTGCAGCTTTCAGGAAACACACCTCTTGTCTTT,685,7,clonotype1976,clonotype1976_consensus_1
CTCAGAAGTTGGACCC-1,True,CTCAGAAGTTGGACCC-1_contig_4,True,334,TRA,TRAV13-1,None,None,None,False,False,None,None,23,3,clonotype1976,None
CTCAGAATCAGCTCTC-1,True,CTCAGAATCAGCTCTC-1_contig_1,True,521,TRB,TRBV20-1,None,TRBJ2-3,TRBC2,True,True,CSASIQGMADTQYF,TGCAGTGCTAGTATCCAGGGAATGGCAGATACGCAGTATTTT,3343,18,clonotype1977,clonotype1977_consensus_1
CTCAGAATCAGCTCTC-1,True,CTCAGAATCAGCTCTC-1_contig_2,True,562,TRA,TRAV19,None,TRAJ15,TRAC,True,True,CALTLGAGTALIF,TGTGCTCTGACTCTGGGGGCAGGAACTGCTCTGATCTTT,403,7,clonotype1977,clonotype1977_consensus_2
CTCAGAATCGATCCCT-1,True,CTCAGAATCGATCCCT-1_contig_1,True,530,TRB,TRBV20-1,None,TRBJ1-1,TRBC1,True,True,CSASKYQEGSYMNTEAFF,TGCAGTGCTAGTAAGTATCAAGAGGGGTCCTACATGAACACTGAAGCTTTCTTT,1659,7,clonotype40,clonotype40_consensus_2
CTCAGAATCGATCCCT-1,True,CTCAGAATCGATCCCT-1_contig_2,True,563,TRA,TRAV22,None,TRAJ17,TRAC,True,True,CAVWKAAGNKLTF,TGTGCTGTGTGGAAAGCTGCAGGCAACAAGCTAACTTTT,495,1,clonotype40,clonotype40_consensus_1
CTCAGAATCGCTGATA-1,True,CTCAGAATCGCTGATA-1_contig_1,True,492,TRA,TRAV9-2,None,TRAJ13,TRAC,True,True,CALNLEGYQKVTF,TGTGCTCTGAACTTAGAGGGTTACCAGAAAGTTACCTTT,228,2,clonotype6,clonotype6_consensus_1
CTCAGAATCGCTGATA-1,True,CTCAGAATCGCTGATA-1_contig_2,True,493,TRB,TRBV5-6,None,TRBJ1-5,TRBC1,True,True,CASSFRGGANQPQHF,TGTGCCAGCAGCTTTCGAGGGGGCGCGAATCAGCCCCAGCATTTT,1950,11,clonotype6,clonotype6_consensus_2
CTCAGAATCGCTGATA-1,True,CTCAGAATCGCTGATA-1_contig_3,True,509,TRA,TRAV1-2,None,TRAJ40,TRAC,True,False,None,None,175,1,clonotype6,None
CTCAGAATCTCTGAGA-1,True,CTCAGAATCTCTGAGA-1_contig_1,True,505,TRA,TRAV1-2,None,TRAJ33,TRAC,True,True,CAATDSNYQLIW,TGTGCTGCGACTGATAGCAACTATCAGTTAATCTGG,334,2,clonotype1,clonotype1_consensus_2
CTCAGAATCTCTGAGA-1,True,CTCAGAATCTCTGAGA-1_contig_2,True,521,TRB,TRBV20-1,None,TRBJ2-1,TRBC2,True,True,CSARVGSEVNEQFF,TGCAGTGCTAGAGTGGGGTCGGAAGTCAATGAGCAGTTCTTC,2004,12,clonotype1,clonotype1_consensus_1
CTCAGAATCTCTGAGA-1,True,CTCAGAATCTCTGAGA-1_contig_3,True,467,TRA,TRAV10,None,TRAJ24,TRAC,True,False,None,None,173,2,clonotype1,None
CTCAGAATCTTGTATC-1,True,CTCAGAATCTTGTATC-1_contig_1,True,505,TRA,TRAV1-2,None,TRAJ33,TRAC,True,True,CAATDSNYQLIW,TGTGCTGCGACTGATAGCAACTATCAGTTAATCTGG,56,1,clonotype1,clonotype1_consensus_2
CTCAGAATCTTGTATC-1,True,CTCAGAATCTTGTATC-1_contig_2,True,495,TRB,TRBV20-1,None,TRBJ2-1,TRBC2,True,True,CSARVGSEVNEQFF,TGCAGTGCTAGAGTGGGGTCGGAAGTCAATGAGCAGTTCTTC,716,6,clonotype1,clonotype1_consensus_1
CTCAGAATCTTGTATC-1,True,CTCAGAATCTTGTATC-1_contig_3,True,482,TRA,TRAV10,None,TRAJ24,TRAC,True,False,None,None,355,3,clonotype1,None
CTCATTAAGATGTCGG-1,True,CTCATTAAGATGTCGG-1_contig_1,True,505,TRA,TRAV1-2,None,TRAJ33,TRAC,True,True,CAATDSNYQLIW,TGTGCTGCGACTGATAGCAACTATCAGTTAATCTGG,496,4,clonotype1,clonotype1_consensus_2
CTCATTAAGATGTCGG-1,True,CTCATTAAGATGTCGG-1_contig_2,True,521,TRB,TRBV20-1,None,TRBJ2-1,TRBC2,True,True,CSARVGSEVNEQFF,TGCAGTGCTAGAGTGGGGTCGGAAGTCAATGAGCAGTTCTTC,2191,6,clonotype1,clonotype1_consensus_1
CTCATTAAGGCAAAGA-1,True,CTCATTAAGGCAAAGA-1_contig_1,True,478,TRA,TRAV1-2,None,TRAJ33,None,True,True,CAATDSNYQLIW,TGTGCTGCGACTGATAGCAACTATCAGTTAATCTGG,160,1,clonotype1,clonotype1_consensus_2
CTCATTAAGGCAAAGA-1,True,CTCATTAAGGCAAAGA-1_contig_2,True,498,TRB,TRBV20-1,None,TRBJ2-1,TRBC2,True,True,CSARVGSEVNEQFF,TGCAGTGCTAGAGTGGGGTCGGAAGTCAATGAGCAGTTCTTC,1209,7,clonotype1,clonotype1_consensus_1
CTCATTAAGGTGGGTT-1,True,CTCATTAAGGTGGGTT-1_contig_1,True,502,TRA,TRAV1-2,None,TRAJ30,TRAC,True,True,CAVRDLREIIF,TGTGCTGTGAGAGATCTTCGGGAGATCATCTTT,486,3,clonotype17,clonotype17_consensus_1
CTCATTACAAAGGCGT-1,True,CTCATTACAAAGGCGT-1_contig_1,True,505,TRA,TRAV1-2,None,TRAJ33,TRAC,True,True,CAATDSNYQLIW,TGTGCTGCGACTGATAGCAACTATCAGTTAATCTGG,2113,7,clonotype1,clonotype1_consensus_2
CTCATTACAAAGGCGT-1,True,CTCATTACAAAGGCGT-1_contig_2,True,521,TRB,TRBV20-1,None,TRBJ2-1,TRBC2,True,True,CSARVGSEVNEQFF,TGCAGTGCTAGAGTGGGGTCGGAAGTCAATGAGCAGTTCTTC,1728,6,clonotype1,clonotype1_consensus_1
CTCATTACAAAGGCGT-1,True,CTCATTACAAAGGCGT-1_contig_3,True,500,TRA,TRAV10,None,TRAJ24,TRAC,True,False,None,None,195,1,clonotype1,None
CTCATTACAAGCCGTC-1,True,CTCATTACAAGCCGTC-1_contig_1,True,521,TRB,TRBV20-1,None,TRBJ2-1,TRBC2,True,True,CSARVGSEVNEQFF,TGCAGTGCTAGAGTGGGGTCGGAAGTCAATGAGCAGTTCTTC,2067,8,clonotype2,clonotype2_consensus_1
CTCATTACAAGCCGTC-1,True,CTCATTACAAGCCGTC-1_contig_2,True,500,TRA,TRAV10,None,TRAJ24,TRAC,True,False,None,None,91,4,clonotype2,None
CTCATTACAGGATCGA-1,True,CTCATTACAGGATCGA-1_contig_1,True,494,TRA,TRAV20,None,TRAJ57,TRAC,True,True,CAVQLTQGGSEKLVF,TGTGCTGTGCAGTTAACTCAGGGCGGATCTGAAAAGCTGGTCTTT,1459,7,clonotype42,clonotype42_consensus_1
CTCATTACAGGATCGA-1,True,CTCATTACAGGATCGA-1_contig_2,True,580,TRB,TRBV5-5,None,TRBJ1-2,TRBC1,True,True,CASSPLMYGGGTGYTF,TGTGCCAGCAGCCCTTTAATGTACGGGGGTGGAACTGGCTACACCTTC,4418,21,clonotype42,clonotype42_consensus_2
CTCATTAGTATCAGTC-1,True,CTCATTAGTATCAGTC-1_contig_1,True,505,TRA,TRAV1-2,None,TRAJ33,TRAC,True,True,CAATDSNYQLIW,TGTGCTGCGACTGATAGCAACTATCAGTTAATCTGG,1897,1,clonotype1,clonotype1_consensus_2
CTCATTAGTATCAGTC-1,True,CTCATTAGTATCAGTC-1_contig_2,True,521,TRB,TRBV20-1,None,TRBJ2-1,TRBC2,True,True,CSARVGSEVNEQFF,TGCAGTGCTAGAGTGGGGTCGGAAGTCAATGAGCAGTTCTTC,443,5,clonotype1,clonotype1_consensus_1
CTCATTAGTATCAGTC-1,True,CTCATTAGTATCAGTC-1_contig_3,True,456,TRA,TRAV10,None,TRAJ24,TRAC,True,False,None,None,85,1,clonotype1,None
CTCATTAGTATTCGTG-1,True,CTCATTAGTATTCGTG-1_contig_1,True,521,TRB,TRBV20-1,None,TRBJ2-1,TRBC2,True,True,CSARVGSEVNEQFF,TGCAGTGCTAGAGTGGGGTCGGAAGTCAATGAGCAGTTCTTC,405,4,clonotype2,clonotype2_consensus_1
CTCATTAGTCCGTCAG-1,True,CTCATTAGTCCGTCAG-1_contig_1,True,498,TRB,TRBV20-1,None,TRBJ2-1,TRBC2,True,True,CSARVGSEVNEQFF,TGCAGTGCTAGAGTGGGGTCGGAAGTCAATGAGCAGTTCTTC,743,8,clonotype2,clonotype2_consensus_1
CTCATTAGTCCGTCAG-1,True,CTCATTAGTCCGTCAG-1_contig_2,True,380,TRA,TRAV1-2,None,TRAJ33,TRAC,True,False,CAATDSNYQLIW,TGTGCTGCGACTGATAGCAACTATCAGTTAATCTGG,171,1,clonotype2,None
CTCATTAGTCCGTCAG-1,True,CTCATTAGTCCGTCAG-1_contig_3,True,467,TRA,TRAV10,None,TRAJ24,TRAC,True,False,None,None,278,3,clonotype2,None
CTCATTAGTTAAGATG-1,True,CTCATTAGTTAAGATG-1_contig_1,True,524,TRB,TRBV20-1,None,TRBJ2-1,TRBC2,True,True,CSARDFLGSYNEQFF,TGCAGTGCTAGAGACTTTTTGGGCTCCTACAATGAGCAGTTCTTC,669,3,clonotype1978,clonotype1978_consensus_1
CTCATTATCAGCAACT-1,True,CTCATTATCAGCAACT-1_contig_1,True,521,TRB,TRBV5-5,None,TRBJ1-4,TRBC1,True,True,CASSHPGPNYATNEKLFF,TGTGCCAGCAGCCATCCCGGACCGAACTACGCAACTAATGAAAAACTGTTTTTT,867,4,clonotype4,clonotype4_consensus_1
CTCATTATCAGTCAGT-1,True,CTCATTATCAGTCAGT-1_contig_1,True,524,TRB,TRBV20-1,None,TRBJ1-6,TRBC1,True,True,CSAPTSGLYNSPLHF,TGCAGTGCTCCGACATCGGGACTTTATAATTCACCCCTCCACTTT,499,5,clonotype1979,clonotype1979_consensus_1
CTCATTATCAGTCAGT-1,True,CTCATTATCAGTCAGT-1_contig_2,True,521,TRB,TRBV20-1,None,TRBJ2-5,TRBC2,True,True,CSAIHNSGKETQYF,TGCAGTGCTATCCACAATAGCGGGAAAGAGACCCAGTACTTC,3826,20,clonotype1979,clonotype1979_consensus_3
CTCATTATCAGTCAGT-1,True,CTCATTATCAGTCAGT-1_contig_3,True,544,TRA,TRAV12-2,None,TRAJ3,TRAC,True,True,CAVEYSSASKIIF,TGTGCCGTGGAGTACAGCAGTGCTTCCAAGATAATCTTT,7526,16,clonotype1979,clonotype1979_consensus_2
CTCATTATCAGTCAGT-1,True,CTCATTATCAGTCAGT-1_contig_4,True,340,TRB,None,None,TRBJ2-6,TRBC2,False,False,None,None,39,3,clonotype1979,None
CTCATTATCATGTGGT-1,True,CTCATTATCATGTGGT-1_contig_1,True,527,TRB,TRBV20-1,None,TRBJ2-5,TRBC2,True,True,CSASRGRGRYQETQYF,TGCAGTGCTAGCAGGGGGCGGGGGAGGTACCAAGAGACCCAGTACTTC,1399,7,clonotype1980,clonotype1980_consensus_1
CTCATTATCATGTGGT-1,True,CTCATTATCATGTGGT-1_contig_2,True,541,TRA,TRAV12-2,None,TRAJ58,TRAC,True,True,CAVRASGSRLTF,TGTGCCGTGAGAGCCAGTGGCTCTAGGTTGACCTTT,1154,2,clonotype1980,clonotype1980_consensus_2
CTCATTATCATGTGGT-1,True,CTCATTATCATGTGGT-1_contig_3,True,477,TRA,TRAV34,None,TRAJ45,TRAC,True,False,CGADIHEDQEEVLTD,TGTGGAGCAGACATTCACGAAGATCAGGAGGAGGTGCTGACGGAC,183,2,clonotype1980,None
CTCATTATCCATGAAC-1,True,CTCATTATCCATGAAC-1_contig_1,True,507,TRA,TRAV12-3,None,TRAJ12,TRAC,True,True,CAMSPSQRDSSYKLIF,TGTGCAATGAGCCCCTCCCAAAGGGATAGCAGCTATAAATTGATCTTC,4856,3,clonotype1981,clonotype1981_consensus_3
CTCATTATCCATGAAC-1,True,CTCATTATCCATGAAC-1_contig_2,True,495,TRB,TRBV20-1,None,TRBJ2-7,TRBC2,True,True,CSARTGAPYEQYF,TGCAGTGCTAGGACAGGGGCCCCTTACGAGCAGTACTTC,550,6,clonotype1981,clonotype1981_consensus_2
CTCATTATCCATGAAC-1,True,CTCATTATCCATGAAC-1_contig_3,True,450,TRA,TRAV9-2,None,TRAJ13,TRAC,True,True,CALNLEGYQKVTF,TGTGCTCTGAACTTAGAGGGTTACCAGAAAGTTACCTTT,3060,4,clonotype1981,clonotype1981_consensus_4
CTCATTATCCATGAAC-1,True,CTCATTATCCATGAAC-1_contig_4,True,658,TRB,TRBV5-6,None,TRBJ1-5,TRBC1,True,True,CASSFRGGANQPQHF,TGTGCCAGCAGCTTTCGAGGGGGCGCGAATCAGCCCCAGCATTTT,682,11,clonotype1981,clonotype1981_consensus_1
CTCATTATCCCATTAT-1,True,CTCATTATCCCATTAT-1_contig_1,True,514,TRB,TRBV20-1,None,TRBJ1-2,TRBC1,True,True,CSVNRAGDGYTF,TGCAGTGTAAACAGGGCTGGGGATGGCTACACCTTC,228,5,clonotype321,clonotype321_consensus_1
CTCATTATCCCATTAT-1,True,CTCATTATCCCATTAT-1_contig_2,True,524,TRA,TRAV24,None,TRAJ23,TRAC,True,False,CAFRGNQGGKLIF,TGTGCCTTTAGGGGTAACCAGGGAGGAAAGCTTATCTTC,172,1,clonotype321,None
CTCCTAGAGAAACGCC-1,True,CTCCTAGAGAAACGCC-1_contig_1,True,492,TRA,TRAV9-2,None,TRAJ34,TRAC,True,True,CALYPYNTDKLIF,TGTGCTCTGTACCCTTATAACACCGACAAGCTCATCTTT,815,5,clonotype1982,clonotype1982_consensus_2
CTCCTAGAGAAACGCC-1,True,CTCCTAGAGAAACGCC-1_contig_2,True,686,TRB,TRBV5-6,None,TRBJ2-3,TRBC2,True,True,CASSVAELSTDTQYF,TGTGCCAGCAGCGTGGCGGAACTTAGCACAGATACGCAGTATTTT,1617,12,clonotype1982,clonotype1982_consensus_1
CTCCTAGAGAAGATTC-1,True,CTCCTAGAGAAGATTC-1_contig_1,True,485,TRA,TRAV24,None,TRAJ43,TRAC,True,True,CAPTLNNDMRF,TGTGCCCCGACCCTTAACAATGACATGCGCTTT,251,2,clonotype1983,clonotype1983_consensus_1
CTCCTAGAGAAGATTC-1,True,CTCCTAGAGAAGATTC-1_contig_2,True,709,TRB,TRBV5-6,None,TRBJ1-4,TRBC1,True,True,CASSSTLSFDEKLFF,TGTGCCAGCAGCTCGACGCTATCATTCGACGAAAAACTGTTTTTT,2138,7,clonotype1983,clonotype1983_consensus_2
CTCCTAGAGACCCACC-1,True,CTCCTAGAGACCCACC-1_contig_1,True,656,TRB,TRBV5-6,None,TRBJ1-1,TRBC1,True,True,CASSFTGITEAFF,TGTGCCAGCAGCTTCACAGGGATCACTGAAGCTTTCTTT,1342,6,clonotype1984,clonotype1984_consensus_1
CTCCTAGAGACCCACC-1,True,CTCCTAGAGACCCACC-1_contig_2,True,508,TRA,TRAV23/DV6,None,TRAJ26,TRAC,True,True,CAATPIYGQNFVF,TGTGCAGCAACCCCTATTTATGGTCAGAATTTTGTCTTT,525,5,clonotype1984,clonotype1984_consensus_2
CTCCTAGAGGCAGGTT-1,True,CTCCTAGAGGCAGGTT-1_contig_1,True,505,TRA,TRAV1-2,None,TRAJ33,TRAC,True,True,CAATDSNYQLIW,TGTGCTGCGACTGATAGCAACTATCAGTTAATCTGG,711,5,clonotype1,clonotype1_consensus_2
CTCCTAGAGGCAGGTT-1,True,CTCCTAGAGGCAGGTT-1_contig_2,True,498,TRB,TRBV20-1,None,TRBJ2-1,TRBC2,True,True,CSARVGSEVNEQFF,TGCAGTGCTAGAGTGGGGTCGGAAGTCAATGAGCAGTTCTTC,9133,17,clonotype1,clonotype1_consensus_1
CTCCTAGAGGCTAGCA-1,True,CTCCTAGAGGCTAGCA-1_contig_1,True,682,TRB,TRBV5-6,None,TRBJ1-3,TRBC1,True,True,CASSLMGQGLFSGNTIYF,TGTGCCAGCAGCCTAATGGGACAGGGACTCTTCTCTGGAAACACCATATATTTT,485,10,clonotype1985,clonotype1985_consensus_1
CTCCTAGAGGCTAGCA-1,True,CTCCTAGAGGCTAGCA-1_contig_2,True,563,TRA,TRAV19,None,TRAJ17,TRAC,True,True,CALSEAGAAGNKLTF,TGTGCTCTGAGTGAGGCCGGAGCTGCAGGCAACAAGCTAACTTTT,812,2,clonotype1985,clonotype1985_consensus_2
CTCCTAGAGGCTAGCA-1,True,CTCCTAGAGGCTAGCA-1_contig_3,True,649,TRA,TRAV8-3,None,TRAJ20,TRAC,True,False,None,None,251,7,clonotype1985,None
CTCCTAGAGTCAAGCG-1,True,CTCCTAGAGTCAAGCG-1_contig_1,True,505,TRA,TRAV1-2,None,TRAJ33,TRAC,True,True,CAATDSNYQLIW,TGTGCTGCGACTGATAGCAACTATCAGTTAATCTGG,586,4,clonotype1,clonotype1_consensus_2
CTCCTAGAGTCAAGCG-1,True,CTCCTAGAGTCAAGCG-1_contig_2,True,521,TRB,TRBV20-1,None,TRBJ2-1,TRBC2,True,True,CSARVGSEVNEQFF,TGCAGTGCTAGAGTGGGGTCGGAAGTCAATGAGCAGTTCTTC,1814,8,clonotype1,clonotype1_consensus_1
CTCCTAGAGTTCCACA-1,True,CTCCTAGAGTTCCACA-1_contig_1,True,483,TRA,TRAV25,None,TRAJ53,TRAC,True,True,CAGGWNSGGSNYKLTF,TGTGCAGGGGGCTGGAATAGTGGAGGTAGCAACTATAAACTGACATTT,447,2,clonotype1986,clonotype1986_consensus_2
CTCCTAGAGTTCCACA-1,True,CTCCTAGAGTTCCACA-1_contig_2,True,490,TRA,TRAV24,None,TRAJ45,TRAC,True,True,CAFTSGGGADGLTF,TGTGCCTTTACTTCAGGAGGAGGTGCTGACGGACTCACCTTT,164,3,clonotype1986,clonotype1986_consensus_1
CTCCTAGAGTTCCACA-1,True,CTCCTAGAGTTCCACA-1_contig_3,True,521,TRB,TRBV20-1,None,TRBJ1-4,TRBC1,True,True,CSARRYSVNEKLFF,TGCAGTGCTAGAAGATACAGCGTTAATGAAAAACTGTTTTTT,1310,9,clonotype1986,clonotype1986_consensus_3
CTCCTAGCAAAGCGGT-1,True,CTCCTAGCAAAGCGGT-1_contig_1,True,505,TRA,TRAV1-2,None,TRAJ33,TRAC,True,True,CAATDSNYQLIW,TGTGCTGCGACTGATAGCAACTATCAGTTAATCTGG,854,5,clonotype1,clonotype1_consensus_2
CTCCTAGCAAAGCGGT-1,True,CTCCTAGCAAAGCGGT-1_contig_2,True,521,TRB,TRBV20-1,None,TRBJ2-1,TRBC2,True,True,CSARVGSEVNEQFF,TGCAGTGCTAGAGTGGGGTCGGAAGTCAATGAGCAGTTCTTC,925,11,clonotype1,clonotype1_consensus_1
CTCCTAGCACGAGGTA-1,True,CTCCTAGCACGAGGTA-1_contig_1,True,533,TRB,TRBV20-1,None,TRBJ1-5,TRBC1,True,True,CSASTGTPRPFSNQPQHF,TGCAGTGCTAGTACCGGGACCCCCCGGCCCTTTAGCAATCAGCCCCAGCATTTT,1908,8,clonotype1987,clonotype1987_consensus_1
CTCCTAGCACGAGGTA-1,True,CTCCTAGCACGAGGTA-1_contig_2,True,544,TRA,TRAV12-2,None,TRAJ38,TRAC,True,True,CAVRGGNNRKLIW,TGTGCCGTCCGGGGTGGCAACAACCGTAAGCTGATTTGG,1054,5,clonotype1987,clonotype1987_consensus_2
CTCCTAGCAGCTCGCA-1,True,CTCCTAGCAGCTCGCA-1_contig_1,True,509,TRA,TRAV25,None,TRAJ53,TRAC,True,True,CAGRSGGSNYKLTF,TGTGCAGGGAGAAGTGGAGGTAGCAACTATAAACTGACATTT,135,4,clonotype9,clonotype9_consensus_2
CTCCTAGCAGCTCGCA-1,True,CTCCTAGCAGCTCGCA-1_contig_2,True,527,TRB,TRBV20-1,None,TRBJ1-5,TRBC1,True,True,CSAIGQGAPSNQPQHF,TGCAGTGCTATCGGACAGGGGGCGCCGAGCAATCAGCCCCAGCATTTT,1393,8,clonotype9,clonotype9_consensus_1
CTCCTAGCAGCTCGCA-1,True,CTCCTAGCAGCTCGCA-1_contig_3,True,508,TRB,TRBV7-2,None,TRBJ2-3,TRBC2,True,False,None,None,476,1,clonotype9,None
CTCCTAGCAGTGAGTG-1,True,CTCCTAGCAGTGAGTG-1_contig_1,True,521,TRB,TRBV20-1,None,TRBJ2-1,TRBC2,True,True,CSARVGSEVNEQFF,TGCAGTGCTAGAGTGGGGTCGGAAGTCAATGAGCAGTTCTTC,566,5,clonotype2,clonotype2_consensus_1
CTCCTAGGTACATCCA-1,True,CTCCTAGGTACATCCA-1_contig_1,True,512,TRB,TRBV20-1,None,TRBJ2-7,TRBC2,True,True,CSADRAFEQYF,TGCAGTGCTGACAGGGCCTTCGAGCAGTACTTC,953,5,clonotype1988,clonotype1988_consensus_1
CTCCTAGGTACATCCA-1,True,CTCCTAGGTACATCCA-1_contig_2,True,307,TRA,None,None,TRAJ49,TRAC,False,False,None,None,395,3,clonotype1988,None
CTCCTAGGTACGCACC-1,True,CTCCTAGGTACGCACC-1_contig_1,True,524,TRB,TRBV20-1,None,TRBJ2-1,TRBC2,True,True,CSAPPLDRAGNEQFF,TGCAGTGCCCCCCCCTTGGACAGGGCGGGAAATGAGCAGTTCTTC,988,8,clonotype1989,clonotype1989_consensus_1
CTCCTAGGTACGCACC-1,True,CTCCTAGGTACGCACC-1_contig_2,True,455,TRA,TRAV2,None,TRAJ37,TRAC,True,True,CAVEVGSSNTGKLIF,TGTGCTGTGGAGGTTGGCTCTAGCAACACAGGCAAACTAATCTTT,146,5,clonotype1989,clonotype1989_consensus_2
CTCCTAGGTATGCTTG-1,True,CTCCTAGGTATGCTTG-1_contig_1,True,527,TRB,TRBV20-1,None,TRBJ2-2,TRBC2,True,True,CSARVPAGATTGELFF,TGCAGTGCTAGGGTCCCAGCGGGGGCAACCACCGGGGAGCTGTTTTTT,1709,6,clonotype1990,clonotype1990_consensus_1
CTCCTAGGTATGCTTG-1,True,CTCCTAGGTATGCTTG-1_contig_2,True,575,TRA,TRAV19,None,TRAJ42,TRAC,True,False,None,None,207,4,clonotype1990,None
CTCCTAGGTATTCTCT-1,True,CTCCTAGGTATTCTCT-1_contig_1,True,505,TRA,TRAV1-2,None,TRAJ33,TRAC,True,True,CAATDSNYQLIW,TGTGCTGCGACTGATAGCAACTATCAGTTAATCTGG,1416,5,clonotype1,clonotype1_consensus_2
CTCCTAGGTATTCTCT-1,True,CTCCTAGGTATTCTCT-1_contig_2,True,521,TRB,TRBV20-1,None,TRBJ2-1,TRBC2,True,True,CSARVGSEVNEQFF,TGCAGTGCTAGAGTGGGGTCGGAAGTCAATGAGCAGTTCTTC,3180,15,clonotype1,clonotype1_consensus_1
CTCCTAGGTATTCTCT-1,True,CTCCTAGGTATTCTCT-1_contig_3,True,504,TRA,TRAV10,None,TRAJ24,TRAC,True,False,None,None,792,10,clonotype1,None
CTCCTAGGTCCGTGAC-1,True,CTCCTAGGTCCGTGAC-1_contig_1,True,505,TRA,TRAV1-2,None,TRAJ33,TRAC,True,True,CAATDSNYQLIW,TGTGCTGCGACTGATAGCAACTATCAGTTAATCTGG,336,3,clonotype1,clonotype1_consensus_2
CTCCTAGGTCCGTGAC-1,True,CTCCTAGGTCCGTGAC-1_contig_2,True,521,TRB,TRBV20-1,None,TRBJ2-1,TRBC2,True,True,CSARVGSEVNEQFF,TGCAGTGCTAGAGTGGGGTCGGAAGTCAATGAGCAGTTCTTC,2008,8,clonotype1,clonotype1_consensus_1
CTCCTAGGTCCGTGAC-1,True,CTCCTAGGTCCGTGAC-1_contig_3,True,446,TRA,TRAV10,None,TRAJ24,TRAC,True,False,None,None,31,1,clonotype1,None
CTCCTAGGTCTCACCT-1,True,CTCCTAGGTCTCACCT-1_contig_1,True,468,TRA,TRAV34,None,TRAJ48,TRAC,True,True,CGLTRRGTFGNEKLTF,TGTGGACTCACCCGGAGGGGAACTTTTGGAAATGAGAAATTAACCTTT,391,2,clonotype1991,clonotype1991_consensus_2
CTCCTAGGTCTCACCT-1,True,CTCCTAGGTCTCACCT-1_contig_2,True,657,TRB,TRBV19,None,TRBJ2-1,TRBC2,True,True,CASSRAGLVNEQFF,TGTGCCAGTAGTAGGGCGGGACTAGTCAATGAGCAGTTCTTC,2318,14,clonotype1991,clonotype1991_consensus_1
CTCCTAGGTCTCACCT-1,True,CTCCTAGGTCTCACCT-1_contig_3,True,508,TRA,TRAV30,None,TRAJ15,TRAC,True,False,None,None,179,1,clonotype1991,None
CTCCTAGGTGAGTATA-1,True,CTCCTAGGTGAGTATA-1_contig_1,True,505,TRA,TRAV1-2,None,TRAJ33,TRAC,True,True,CAATDSNYQLIW,TGTGCTGCGACTGATAGCAACTATCAGTTAATCTGG,2160,3,clonotype1,clonotype1_consensus_2
CTCCTAGGTGAGTATA-1,True,CTCCTAGGTGAGTATA-1_contig_2,True,521,TRB,TRBV20-1,None,TRBJ2-1,TRBC2,True,True,CSARVGSEVNEQFF,TGCAGTGCTAGAGTGGGGTCGGAAGTCAATGAGCAGTTCTTC,2188,11,clonotype1,clonotype1_consensus_1
CTCCTAGGTGAGTATA-1,True,CTCCTAGGTGAGTATA-1_contig_3,True,482,TRA,TRAV10,None,TRAJ24,TRAC,True,False,None,None,3877,5,clonotype1,None
CTCCTAGGTGCAACTT-1,True,CTCCTAGGTGCAACTT-1_contig_1,True,505,TRA,TRAV1-2,None,TRAJ33,TRAC,True,True,CAATDSNYQLIW,TGTGCTGCGACTGATAGCAACTATCAGTTAATCTGG,349,3,clonotype1,clonotype1_consensus_2
CTCCTAGGTGCAACTT-1,True,CTCCTAGGTGCAACTT-1_contig_2,True,498,TRB,TRBV20-1,None,TRBJ2-1,TRBC2,True,True,CSARVGSEVNEQFF,TGCAGTGCTAGAGTGGGGTCGGAAGTCAATGAGCAGTTCTTC,847,6,clonotype1,clonotype1_consensus_1
CTCCTAGGTGCAACTT-1,True,CTCCTAGGTGCAACTT-1_contig_3,True,456,TRA,TRAV10,None,TRAJ24,TRAC,True,False,None,None,1248,2,clonotype1,None
CTCCTAGTCAGAGCTT-1,True,CTCCTAGTCAGAGCTT-1_contig_1,True,516,TRB,TRBV20-1,None,TRBJ2-1,TRBC2,True,True,CSAREGPAGTSPLIYNEQFF,TGCAGTGCTAGAGAAGGTCCAGCGGGGACATCACCTCTGATTTACAATGAGCAGTTCTTC,1924,11,clonotype322,clonotype322_consensus_1
CTCCTAGTCAGAGCTT-1,True,CTCCTAGTCAGAGCTT-1_contig_2,True,485,TRA,TRAV21,None,TRAJ17,TRAC,True,True,CAALKAAGNKLTF,TGTGCTGCTCTCAAAGCTGCAGGCAACAAGCTAACTTTT,739,6,clonotype322,clonotype322_consensus_2
CTCCTAGTCATAACCG-1,True,CTCCTAGTCATAACCG-1_contig_1,True,505,TRA,TRAV1-2,None,TRAJ33,TRAC,True,True,CAATDSNYQLIW,TGTGCTGCGACTGATAGCAACTATCAGTTAATCTGG,206,3,clonotype1,clonotype1_consensus_2
CTCCTAGTCATAACCG-1,True,CTCCTAGTCATAACCG-1_contig_2,True,521,TRB,TRBV20-1,None,TRBJ2-1,TRBC2,True,True,CSARVGSEVNEQFF,TGCAGTGCTAGAGTGGGGTCGGAAGTCAATGAGCAGTTCTTC,2230,6,clonotype1,clonotype1_consensus_1
CTCCTAGTCATAACCG-1,True,CTCCTAGTCATAACCG-1_contig_3,True,482,TRA,TRAV10,None,TRAJ24,TRAC,True,False,None,None,204,2,clonotype1,None
CTCCTAGTCCAAGTAC-1,True,CTCCTAGTCCAAGTAC-1_contig_1,True,457,TRA,TRAV13-1,None,TRAJ32,TRAC,True,True,CAASIRGATNKLIF,TGTGCAGCAAGTATCCGTGGTGCTACAAACAAGCTCATCTTT,244,3,clonotype1992,clonotype1992_consensus_2
CTCCTAGTCCAAGTAC-1,True,CTCCTAGTCCAAGTAC-1_contig_2,True,481,TRB,TRBV5-6,None,TRBJ1-3,TRBC1,True,True,CASHTGNTIYF,TGTGCCAGCCACACGGGAAACACCATATATTTT,254,9,clonotype1992,clonotype1992_consensus_1
CTCCTAGTCCTCAACC-1,True,CTCCTAGTCCTCAACC-1_contig_1,True,536,TRB,TRBV20-1,None,TRBJ2-7,TRBC2,True,True,CSARGAEYSVAGLSYEQYF,TGCAGTGCTAGAGGCGCCGAATATAGCGTAGCGGGGCTATCCTACGAGCAGTACTTC,507,8,clonotype44,clonotype44_consensus_3
CTCCTAGTCCTCAACC-1,True,CTCCTAGTCCTCAACC-1_contig_2,True,644,TRA,TRAV8-2,None,TRAJ8,TRAC,True,True,CVVSGFQKLVF,TGTGTTGTGAGTGGGTTTCAGAAACTTGTATTT,561,7,clonotype44,clonotype44_consensus_2
CTCCTAGTCCTCAACC-1,True,CTCCTAGTCCTCAACC-1_contig_3,True,499,TRA,TRAV1-2,None,TRAJ7,TRAC,True,True,CAVRPNRLAF,TGTGCTGTGAGACCCAACAGACTCGCTTTT,412,11,clonotype44,clonotype44_consensus_1
CTCCTAGTCCTCGCAT-1,True,CTCCTAGTCCTCGCAT-1_contig_1,True,505,TRA,TRAV1-2,None,TRAJ33,TRAC,True,True,CAATDSNYQLIW,TGTGCTGCGACTGATAGCAACTATCAGTTAATCTGG,226,2,clonotype1,clonotype1_consensus_2
CTCCTAGTCCTCGCAT-1,True,CTCCTAGTCCTCGCAT-1_contig_2,True,462,TRB,TRBV20-1,None,TRBJ2-1,TRBC2,True,True,CSARVGSEVNEQFF,TGCAGTGCTAGAGTGGGGTCGGAAGTCAATGAGCAGTTCTTC,1035,3,clonotype1,clonotype1_consensus_1
CTCCTAGTCCTCGCAT-1,True,CTCCTAGTCCTCGCAT-1_contig_3,True,465,TRA,TRAV10,None,TRAJ24,TRAC,True,False,None,None,250,3,clonotype1,None
CTCCTAGTCTTGACGA-1,True,CTCCTAGTCTTGACGA-1_contig_1,True,573,TRA,TRAV8-4,None,TRAJ6,TRAC,True,True,CAVSGATGGSYIPTF,TGTGCTGTGAGTGGGGCGACAGGAGGAAGCTACATACCTACATTT,1010,5,clonotype1993,clonotype1993_consensus_2
CTCCTAGTCTTGACGA-1,True,CTCCTAGTCTTGACGA-1_contig_2,True,499,TRB,TRBV7-3,None,TRBJ1-1,TRBC1,True,True,CASSLTGEEEAFF,TGTGCCAGCAGCTTAACCGGGGAGGAGGAAGCTTTCTTT,4013,13,clonotype1993,clonotype1993_consensus_1
CTCCTAGTCTTGACGA-1,True,CTCCTAGTCTTGACGA-1_contig_3,True,445,TRA,TRAV13-1,None,TRAJ9,TRAC,True,False,None,None,348,7,clonotype1993,None
CTCGAAAAGCCTCGTG-1,True,CTCGAAAAGCCTCGTG-1_contig_1,True,521,TRB,TRBV20-1,None,TRBJ2-1,TRBC2,True,True,CSARVGSEVNEQFF,TGCAGTGCTAGAGTGGGGTCGGAAGTCAATGAGCAGTTCTTC,1401,9,clonotype2,clonotype2_consensus_1
CTCGAAAAGGAATTAC-1,True,CTCGAAAAGGAATTAC-1_contig_1,True,524,TRB,TRBV20-1,None,TRBJ1-1,TRBC1,True,True,CSARDYGLDTRRAFF,TGCAGTGCTAGAGATTACGGTTTGGACACCCGGCGAGCTTTCTTT,2495,7,clonotype1994,clonotype1994_consensus_1
CTCGAAAAGGCATGTG-1,True,CTCGAAAAGGCATGTG-1_contig_1,True,445,TRA,TRAV2,None,TRAJ30,TRAC,True,True,CAVGNRDDKIIF,TGTGCTGTGGGGAACAGAGATGACAAGATCATCTTT,569,2,clonotype1995,clonotype1995_consensus_2
CTCGAAAAGGCATGTG-1,True,CTCGAAAAGGCATGTG-1_contig_2,True,530,TRB,TRBV20-1,None,TRBJ1-5,TRBC1,True,True,CSARPYRDKRGGQPQHF,TGCAGTGCTAGACCCTACCGGGACAAACGTGGCGGGCAGCCCCAGCATTTT,978,8,clonotype1995,clonotype1995_consensus_1
CTCGAAAAGTGAAGAG-1,True,CTCGAAAAGTGAAGAG-1_contig_1,True,524,TRB,TRBV20-1,None,TRBJ1-2,TRBC1,True,True,CSAKPGQGLDYGYTF,TGCAGTGCTAAGCCGGGACAGGGGCTCGACTATGGCTACACCTTC,1205,6,clonotype89,clonotype89_consensus_1
CTCGAAAAGTGAAGAG-1,True,CTCGAAAAGTGAAGAG-1_contig_2,True,505,TRA,TRAV1-2,None,TRAJ13,TRAC,True,True,CALSGGYQKVTF,TGTGCCTTAAGTGGGGGTTACCAGAAAGTTACCTTT,4049,4,clonotype89,clonotype89_consensus_2
CTCGAAAAGTGGCACA-1,True,CTCGAAAAGTGGCACA-1_contig_1,True,478,TRA,TRAV35,None,TRAJ57,TRAC,True,True,CAGQGGSEKLVF,TGTGCTGGTCAGGGCGGATCTGAAAAGCTGGTCTTT,526,3,clonotype1996,clonotype1996_consensus_1
CTCGAAAAGTGGCACA-1,True,CTCGAAAAGTGGCACA-1_contig_2,True,705,TRB,TRBV5-6,None,TRBJ1-3,TRBC1,True,True,CASSPRSFSTIYF,TGTGCCAGCAGCCCCCGGTCTTTTTCCACCATATATTTT,1232,4,clonotype1996,clonotype1996_consensus_2
CTCGAAAAGTGTTAGA-1,True,CTCGAAAAGTGTTAGA-1_contig_1,True,498,TRB,TRBV20-1,None,TRBJ2-1,TRBC2,True,True,CSARVGSEVNEQFF,TGCAGTGCTAGAGTGGGGTCGGAAGTCAATGAGCAGTTCTTC,2097,7,clonotype2,clonotype2_consensus_1
CTCGAAACAAAGTCAA-1,True,CTCGAAACAAAGTCAA-1_contig_1,True,492,TRB,TRBV20-1,None,TRBJ1-1,TRBC1,True,True,CSARPSAANTEAFF,TGCAGTGCTAGACCCAGCGCCGCGAACACTGAAGCTTTCTTT,4956,10,clonotype1997,clonotype1997_consensus_1
CTCGAAACAAAGTCAA-1,True,CTCGAAACAAAGTCAA-1_contig_2,True,430,TRA,TRAV13-2,None,TRAJ10,TRAC,True,False,CAENIGGGGNKLTF,TGTGCAGAGAATATTGGGGGAGGAGGAAACAAACTCACCTTT,71,3,clonotype1997,None
CTCGAAACACAAGCCC-1,True,CTCGAAACACAAGCCC-1_contig_1,True,505,TRB,TRBV20-1,None,TRBJ2-1,TRBC2,True,True,CSATGGASYNEQFF,TGCAGTGCCACAGGGGGGGCCTCCTACAATGAGCAGTTCTTC,1382,9,clonotype1998,clonotype1998_consensus_1
CTCGAAACACCGCTAG-1,True,CTCGAAACACCGCTAG-1_contig_1,True,505,TRA,TRAV1-2,None,TRAJ33,TRAC,True,True,CAATDSNYQLIW,TGTGCTGCGACTGATAGCAACTATCAGTTAATCTGG,124,2,clonotype1,clonotype1_consensus_2
CTCGAAACACCGCTAG-1,True,CTCGAAACACCGCTAG-1_contig_2,True,521,TRB,TRBV20-1,None,TRBJ2-1,TRBC2,True,True,CSARVGSEVNEQFF,TGCAGTGCTAGAGTGGGGTCGGAAGTCAATGAGCAGTTCTTC,2572,9,clonotype1,clonotype1_consensus_1
CTCGAAACATACTACG-1,True,CTCGAAACATACTACG-1_contig_1,True,511,TRA,TRAV29/DV5,None,TRAJ49,TRAC,True,True,CAARANTGNQFYF,TGTGCAGCAAGGGCGAACACCGGTAACCAGTTCTATTTT,2783,10,clonotype1999,clonotype1999_consensus_2
CTCGAAACATACTACG-1,True,CTCGAAACATACTACG-1_contig_2,True,710,TRB,TRBV5-5,None,TRBJ1-6,TRBC1,True,True,CASSLLSTVDSPLHF,TGTGCCAGCAGCTTGCTTTCTACAGTAGATTCACCCCTCCACTTT,1013,8,clonotype1999,clonotype1999_consensus_1
CTCGAAACATTCTCAT-1,True,CTCGAAACATTCTCAT-1_contig_1,True,541,TRA,TRAV21,None,TRAJ24,TRAC,True,True,CAVQSWGKLQF,TGTGCTGTCCAGAGCTGGGGGAAATTGCAGTTT,740,7,clonotype2000,clonotype2000_consensus_2
CTCGAAACATTCTCAT-1,True,CTCGAAACATTCTCAT-1_contig_2,True,662,TRB,TRBV5-6,None,TRBJ2-1,TRBC2,True,True,CASRAGTGNDNEQFF,TGTGCCAGCAGAGCCGGGACAGGGAATGACAATGAGCAGTTCTTC,818,11,clonotype2000,clonotype2000_consensus_1
CTCGAAAGTAACGACG-1,True,CTCGAAAGTAACGACG-1_contig_1,True,505,TRA,TRAV1-2,None,TRAJ33,TRAC,True,True,CAATDSNYQLIW,TGTGCTGCGACTGATAGCAACTATCAGTTAATCTGG,523,4,clonotype1,clonotype1_consensus_2
CTCGAAAGTAACGACG-1,True,CTCGAAAGTAACGACG-1_contig_2,True,521,TRB,TRBV20-1,None,TRBJ2-1,TRBC2,True,True,CSARVGSEVNEQFF,TGCAGTGCTAGAGTGGGGTCGGAAGTCAATGAGCAGTTCTTC,753,6,clonotype1,clonotype1_consensus_1
CTCGAAAGTACAGTGG-1,True,CTCGAAAGTACAGTGG-1_contig_1,True,497,TRB,TRBV20-1,None,TRBJ1-5,TRBC1,True,True,CSARDLGTGGLSNQPQHF,TGCAGTGCTAGAGATCTCGGGACAGGGGGCCTGAGCAATCAGCCCCAGCATTTT,994,3,clonotype2001,clonotype2001_consensus_1
CTCGAAAGTCCGAAGA-1,True,CTCGAAAGTCCGAAGA-1_contig_1,True,485,TRA,TRAV1-2,None,TRAJ33,TRAC,True,True,CAATDSNYQLIW,TGTGCTGCGACTGATAGCAACTATCAGTTAATCTGG,36,1,clonotype1,clonotype1_consensus_2
CTCGAAAGTCCGAAGA-1,True,CTCGAAAGTCCGAAGA-1_contig_2,True,492,TRB,TRBV20-1,None,TRBJ2-1,TRBC2,True,True,CSARVGSEVNEQFF,TGCAGTGCTAGAGTGGGGTCGGAAGTCAATGAGCAGTTCTTC,478,3,clonotype1,clonotype1_consensus_1
CTCGAAAGTTTGACAC-1,True,CTCGAAAGTTTGACAC-1_contig_1,True,502,TRA,TRAV1-2,None,TRAJ30,TRAC,True,True,CAVRDLREIIF,TGTGCTGTGAGAGATCTTCGGGAGATCATCTTT,107,2,clonotype3,clonotype3_consensus_2
CTCGAAAGTTTGACAC-1,True,CTCGAAAGTTTGACAC-1_contig_2,True,491,TRB,TRBV5-5,None,TRBJ1-4,TRBC1,True,True,CASSHPGPNYATNEKLFF,TGTGCCAGCAGCCATCCCGGACCGAACTACGCAACTAATGAAAAACTGTTTTTT,316,2,clonotype3,clonotype3_consensus_1
CTCGAAATCATTCACT-1,True,CTCGAAATCATTCACT-1_contig_1,True,521,TRB,TRBV20-1,None,TRBJ2-1,TRBC2,True,True,CSARVGSEVNEQFF,TGCAGTGCTAGAGTGGGGTCGGAAGTCAATGAGCAGTTCTTC,1357,7,clonotype2,clonotype2_consensus_1
CTCGAAATCCTTTACA-1,True,CTCGAAATCCTTTACA-1_contig_1,True,505,TRA,TRAV1-2,None,TRAJ33,TRAC,True,True,CAATDSNYQLIW,TGTGCTGCGACTGATAGCAACTATCAGTTAATCTGG,175,4,clonotype1,clonotype1_consensus_2
CTCGAAATCCTTTACA-1,True,CTCGAAATCCTTTACA-1_contig_2,True,521,TRB,TRBV20-1,None,TRBJ2-1,TRBC2,True,True,CSARVGSEVNEQFF,TGCAGTGCTAGAGTGGGGTCGGAAGTCAATGAGCAGTTCTTC,3384,8,clonotype1,clonotype1_consensus_1
CTCGAAATCCTTTACA-1,True,CTCGAAATCCTTTACA-1_contig_3,True,459,TRA,TRAV10,None,TRAJ24,TRAC,True,False,None,None,89,3,clonotype1,None
CTCGAAATCGTGACAT-1,True,CTCGAAATCGTGACAT-1_contig_1,True,505,TRA,TRAV1-2,None,TRAJ33,TRAC,True,True,CAATDSNYQLIW,TGTGCTGCGACTGATAGCAACTATCAGTTAATCTGG,484,2,clonotype1,clonotype1_consensus_2
CTCGAAATCGTGACAT-1,True,CTCGAAATCGTGACAT-1_contig_2,True,498,TRB,TRBV20-1,None,TRBJ2-1,TRBC2,True,True,CSARVGSEVNEQFF,TGCAGTGCTAGAGTGGGGTCGGAAGTCAATGAGCAGTTCTTC,1700,8,clonotype1,clonotype1_consensus_1
CTCGAGGAGCCAGTTT-1,True,CTCGAGGAGCCAGTTT-1_contig_1,True,527,TRB,TRBV20-1,None,TRBJ2-7,TRBC2,True,True,CSANRLETGYSYEQYF,TGCAGTGCTAATAGACTGGAGACAGGGTACTCCTACGAGCAGTACTTC,3468,11,clonotype2002,clonotype2002_consensus_1
CTCGAGGAGCCAGTTT-1,True,CTCGAGGAGCCAGTTT-1_contig_2,True,529,TRA,TRAV21,None,TRAJ53,TRAC,True,True,CAPLPNSGGSNYKLTF,TGTGCCCCCCTGCCGAATAGTGGAGGTAGCAACTATAAACTGACATTT,1934,12,clonotype2002,clonotype2002_consensus_3
CTCGAGGAGCCAGTTT-1,True,CTCGAGGAGCCAGTTT-1_contig_3,True,503,TRB,TRBV5-5,None,TRBJ2-7,TRBC2,True,True,CASSTQEARPGQYF,TGTGCCAGCAGCACCCAGGAGGCCCGTCCGGGGCAGTACTTC,2538,14,clonotype2002,clonotype2002_consensus_2
CTCGAGGAGCGACGTA-1,True,CTCGAGGAGCGACGTA-1_contig_1,True,500,TRB,TRBV5-5,None,TRBJ2-2,TRBC2,True,True,CASSLGDTGELFF,TGTGCCAGCAGCCTCGGGGACACCGGGGAGCTGTTTTTT,1227,4,clonotype27,clonotype27_consensus_2
CTCGAGGAGCGACGTA-1,True,CTCGAGGAGCGACGTA-1_contig_2,True,544,TRA,TRAV12-2,None,TRAJ49,TRAC,True,True,CAVNGNTGNQFYF,TGTGCCGTGAATGGGAACACCGGTAACCAGTTCTATTTT,296,4,clonotype27,clonotype27_consensus_1
CTCGAGGAGCTACCGC-1,True,CTCGAGGAGCTACCGC-1_contig_1,True,521,TRB,TRBV20-1,None,TRBJ2-1,TRBC2,True,True,CSARVGSEVNEQFF,TGCAGTGCTAGAGTGGGGTCGGAAGTCAATGAGCAGTTCTTC,1359,8,clonotype2,clonotype2_consensus_1
CTCGAGGAGGCCCTCA-1,True,CTCGAGGAGGCCCTCA-1_contig_1,True,498,TRB,TRBV20-1,None,TRBJ1-5,TRBC1,True,True,CSARTGPRNQPQHF,TGCAGTGCTAGAACGGGACCGCGCAATCAGCCCCAGCATTTT,2299,8,clonotype323,clonotype323_consensus_1
CTCGAGGAGGCCCTCA-1,True,CTCGAGGAGGCCCTCA-1_contig_2,True,473,TRA,TRAV38-1,None,TRAJ49,TRAC,True,True,CAFTENTGNQFYF,TGTGCTTTCACCGAGAACACCGGTAACCAGTTCTATTTT,1448,5,clonotype323,clonotype323_consensus_2
CTCGAGGAGGCCCTCA-1,True,CTCGAGGAGGCCCTCA-1_contig_3,True,440,TRB,None,None,TRBJ2-6,TRBC2,False,False,None,None,718,2,clonotype323,None
CTCGAGGCACCGATAT-1,True,CTCGAGGCACCGATAT-1_contig_1,True,501,TRA,TRAV12-3,None,TRAJ50,TRAC,True,True,CAMKSRPSYDKVIF,TGTGCAATGAAAAGTAGGCCCTCCTACGACAAGGTGATATTT,219,3,clonotype2003,clonotype2003_consensus_3
CTCGAGGCACCGATAT-1,True,CTCGAGGCACCGATAT-1_contig_2,True,574,TRA,TRAV29/DV5,None,TRAJ54,TRAC,True,True,CAARVEIQGAQKLVF,TGTGCAGCAAGGGTAGAAATTCAGGGAGCCCAGAAGCTGGTATTT,502,3,clonotype2003,clonotype2003_consensus_2
CTCGAGGCACCGATAT-1,True,CTCGAGGCACCGATAT-1_contig_3,True,490,TRB,TRBV5-6,None,TRBJ1-4,TRBC1,True,True,CASSLDATNEKLFF,TGTGCCAGCAGCTTAGACGCAACTAATGAAAAACTGTTTTTT,1635,5,clonotype2003,clonotype2003_consensus_1
CTCGAGGCACCGATAT-1,True,CTCGAGGCACCGATAT-1_contig_4,True,510,TRB,TRBV6-5,None,TRBJ2-7,TRBC2,True,False,None,None,918,3,clonotype2003,None
CTCGAGGCAGGTCCAC-1,True,CTCGAGGCAGGTCCAC-1_contig_1,True,656,TRB,TRBV5-6,None,TRBJ2-5,TRBC2,True,True,CASSPQGAETQYF,TGTGCCAGCAGCCCTCAGGGTGCGGAGACCCAGTACTTC,3703,9,clonotype2004,clonotype2004_consensus_2
CTCGAGGCAGGTCCAC-1,True,CTCGAGGCAGGTCCAC-1_contig_2,True,563,TRA,TRAV22,None,TRAJ4,TRAC,True,True,CAVPSGGYNKLIF,TGTGCTGTCCCTTCTGGTGGCTACAATAAGCTGATTTTT,2991,12,clonotype2004,clonotype2004_consensus_1
CTCGAGGCATCTGGTA-1,True,CTCGAGGCATCTGGTA-1_contig_1,True,521,TRB,TRBV20-1,None,TRBJ2-1,TRBC2,True,True,CSARVGSEVNEQFF,TGCAGTGCTAGAGTGGGGTCGGAAGTCAATGAGCAGTTCTTC,1023,6,clonotype2,clonotype2_consensus_1
CTCGAGGGTTACGACT-1,True,CTCGAGGGTTACGACT-1_contig_1,True,473,TRA,TRAV36/DV7,None,TRAJ29,TRAC,True,True,CAVGGYSGNTPLVF,TGTGCTGTGGGGGGGTATTCAGGAAACACACCTCTTGTCTTT,426,2,clonotype2005,clonotype2005_consensus_2
CTCGAGGGTTACGACT-1,True,CTCGAGGGTTACGACT-1_contig_2,True,527,TRB,TRBV20-1,None,TRBJ2-1,TRBC2,True,True,CSAHRRDLQSYNEQFF,TGCAGTGCTCACCGCCGGGACCTACAGTCCTACAATGAGCAGTTCTTC,2455,6,clonotype2005,clonotype2005_consensus_1
CTCGAGGGTTACGACT-1,True,CTCGAGGGTTACGACT-1_contig_3,True,379,TRB,TRBV7-6,None,TRBJ1-3,TRBC1,True,False,None,None,598,1,clonotype2005,None
CTCGAGGTCAGCCTAA-1,True,CTCGAGGTCAGCCTAA-1_contig_1,True,505,TRA,TRAV1-2,None,TRAJ33,TRAC,True,True,CAATDSNYQLIW,TGTGCTGCGACTGATAGCAACTATCAGTTAATCTGG,553,1,clonotype1,clonotype1_consensus_2
CTCGAGGTCAGCCTAA-1,True,CTCGAGGTCAGCCTAA-1_contig_2,True,497,TRB,TRBV20-1,None,TRBJ2-1,TRBC2,True,True,CSARVGSEVNEQFF,TGCAGTGCTAGAGTGGGGTCGGAAGTCAATGAGCAGTTCTTC,1240,5,clonotype1,clonotype1_consensus_1
CTCGAGGTCGACGGAA-1,True,CTCGAGGTCGACGGAA-1_contig_1,True,508,TRB,TRBV20-1,None,TRBJ2-1,TRBC2,True,True,CSARVGSEVNEQFF,TGCAGTGCTAGAGTGGGGTCGGAAGTCAATGAGCAGTTCTTC,514,5,clonotype2,clonotype2_consensus_1
CTCGAGGTCGCCGTGA-1,True,CTCGAGGTCGCCGTGA-1_contig_1,True,536,TRB,TRBV20-1,None,TRBJ2-4,TRBC2,True,True,CSAIAGGSGGPPRENIQYF,TGCAGTGCCATCGCCGGCGGTAGCGGGGGTCCCCCTCGGGAAAACATTCAGTACTTC,12637,14,clonotype2006,clonotype2006_consensus_1
CTCGAGGTCGCCGTGA-1,True,CTCGAGGTCGCCGTGA-1_contig_2,True,448,TRA,TRAV2,None,TRAJ17,TRAC,True,True,CAVVKAAGNKLTF,TGTGCTGTGGTCAAAGCTGCAGGCAACAAGCTAACTTTT,70,2,clonotype2006,clonotype2006_consensus_2
CTCGAGGTCGTACCGG-1,True,CTCGAGGTCGTACCGG-1_contig_1,True,502,TRA,TRAV1-2,None,TRAJ33,TRAC,True,True,CAATDSNYQLIW,TGTGCTGCGACTGATAGCAACTATCAGTTAATCTGG,981,3,clonotype1,clonotype1_consensus_2
CTCGAGGTCGTACCGG-1,True,CTCGAGGTCGTACCGG-1_contig_2,True,521,TRB,TRBV20-1,None,TRBJ2-1,TRBC2,True,True,CSARVGSEVNEQFF,TGCAGTGCTAGAGTGGGGTCGGAAGTCAATGAGCAGTTCTTC,1676,6,clonotype1,clonotype1_consensus_1
CTCGAGGTCGTACCGG-1,True,CTCGAGGTCGTACCGG-1_contig_3,True,588,TRA,TRAV10,None,TRAJ10,TRAC,True,False,None,None,324,1,clonotype1,None
CTCGGAGAGAACAATC-1,True,CTCGGAGAGAACAATC-1_contig_1,True,501,TRB,TRBV20-1,None,TRBJ1-2,TRBC1,True,True,CSAKPGQGLDYGYTF,TGCAGTGCTAAGCCGGGACAGGGGCTCGACTATGGCTACACCTTC,3083,13,clonotype89,clonotype89_consensus_1
CTCGGAGAGAACAATC-1,True,CTCGGAGAGAACAATC-1_contig_2,True,505,TRA,TRAV1-2,None,TRAJ13,TRAC,True,True,CALSGGYQKVTF,TGTGCCTTAAGTGGGGGTTACCAGAAAGTTACCTTT,1143,4,clonotype89,clonotype89_consensus_2
CTCGGAGAGAACAATC-1,True,CTCGGAGAGAACAATC-1_contig_3,True,445,TRA,TRAV8-1,None,TRAJ4,TRAC,True,False,None,None,132,2,clonotype89,None
CTCGGAGAGCCCTAAT-1,True,CTCGGAGAGCCCTAAT-1_contig_1,True,508,TRB,TRBV20-1,None,TRBJ2-1,TRBC2,True,True,CSARVGSEVNEQFF,TGCAGTGCTAGAGTGGGGTCGGAAGTCAATGAGCAGTTCTTC,485,4,clonotype2,clonotype2_consensus_1
CTCGGAGAGCTAGGCA-1,True,CTCGGAGAGCTAGGCA-1_contig_1,True,505,TRA,TRAV1-2,None,TRAJ33,TRAC,True,True,CAATDSNYQLIW,TGTGCTGCGACTGATAGCAACTATCAGTTAATCTGG,659,1,clonotype1,clonotype1_consensus_2
CTCGGAGAGCTAGGCA-1,True,CTCGGAGAGCTAGGCA-1_contig_2,True,521,TRB,TRBV20-1,None,TRBJ2-1,TRBC2,True,True,CSARVGSEVNEQFF,TGCAGTGCTAGAGTGGGGTCGGAAGTCAATGAGCAGTTCTTC,1462,7,clonotype1,clonotype1_consensus_1
CTCGGAGAGTAAGTAC-1,True,CTCGGAGAGTAAGTAC-1_contig_1,True,518,TRB,TRBV20-1,None,TRBJ2-7,TRBC2,True,True,CSATSEGLGEQYF,TGCAGTGCTACCTCCGAGGGTCTGGGGGAGCAGTACTTC,1504,7,clonotype2007,clonotype2007_consensus_1
CTCGGAGAGTAAGTAC-1,True,CTCGGAGAGTAAGTAC-1_contig_2,True,562,TRA,TRAV16,None,TRAJ54,TRAC,True,True,CALTPLGGAQKLVF,TGTGCTCTTACTCCCCTCGGGGGAGCCCAGAAGCTGGTATTT,239,3,clonotype2007,clonotype2007_consensus_2
CTCGGAGAGTTAAGTG-1,True,CTCGGAGAGTTAAGTG-1_contig_1,True,618,TRA,TRAV3,None,TRAJ37,TRAC,True,True,CAVIISSNTGKLIF,TGTGCTGTGATTATCTCTAGCAACACAGGCAAACTAATCTTT,133,5,clonotype324,clonotype324_consensus_1
CTCGGAGAGTTAAGTG-1,True,CTCGGAGAGTTAAGTG-1_contig_2,True,680,TRB,TRBV5-6,None,TRBJ1-1,TRBC1,True,True,CASSSYNRGSTEAFF,TGTGCCAGCAGCTCATATAACAGGGGGTCCACTGAAGCTTTCTTT,1418,6,clonotype324,clonotype324_consensus_2
CTCGGAGCAAACTGCT-1,True,CTCGGAGCAAACTGCT-1_contig_1,True,545,TRA,TRAV12-1,None,TRAJ33,TRAC,True,True,CVVNRDYQLIW,TGTGTGGTGAACAGGGACTATCAGTTAATCTGG,564,4,clonotype2008,clonotype2008_consensus_2
CTCGGAGCAAACTGCT-1,True,CTCGGAGCAAACTGCT-1_contig_2,True,490,TRB,TRBV5-6,None,TRBJ1-3,TRBC1,True,True,CASSFAISGNTIYF,TGTGCCAGCAGCTTCGCGATTAGTGGAAACACCATATATTTT,344,6,clonotype2008,clonotype2008_consensus_1
CTCGGAGCAAATACAG-1,True,CTCGGAGCAAATACAG-1_contig_1,True,505,TRA,TRAV1-2,None,TRAJ33,TRAC,True,True,CAATDSNYQLIW,TGTGCTGCGACTGATAGCAACTATCAGTTAATCTGG,871,4,clonotype1,clonotype1_consensus_2
CTCGGAGCAAATACAG-1,True,CTCGGAGCAAATACAG-1_contig_2,True,498,TRB,TRBV20-1,None,TRBJ2-1,TRBC2,True,True,CSARVGSEVNEQFF,TGCAGTGCTAGAGTGGGGTCGGAAGTCAATGAGCAGTTCTTC,946,11,clonotype1,clonotype1_consensus_1
CTCGGAGCACGAAACG-1,True,CTCGGAGCACGAAACG-1_contig_1,True,521,TRB,TRBV20-1,None,TRBJ1-1,TRBC1,True,True,CSAKQGAQAPEAFF,TGCAGTGCCAAGCAGGGGGCGCAGGCTCCTGAAGCTTTCTTT,1994,7,clonotype2009,clonotype2009_consensus_1
CTCGGAGCACGAAAGC-1,True,CTCGGAGCACGAAAGC-1_contig_1,True,473,TRA,TRAV2,None,TRAJ3,TRAC,True,True,CAVEEGSSASKIIF,TGTGCTGTGGAGGAAGGCAGCAGTGCTTCCAAGATAATCTTT,280,3,clonotype2010,clonotype2010_consensus_2
CTCGGAGCACGAAAGC-1,True,CTCGGAGCACGAAAGC-1_contig_2,True,478,TRB,TRBV5-6,None,TRBJ1-4,TRBC1,True,True,CASSWFATNEKLFF,TGTGCCAGCAGTTGGTTTGCAACTAATGAAAAACTGTTTTTT,2093,6,clonotype2010,clonotype2010_consensus_1
CTCGGAGCACGGTAAG-1,True,CTCGGAGCACGGTAAG-1_contig_1,True,516,TRA,TRAV26-1,None,TRAJ23,TRAC,True,True,CIVRVYNQGGKLIF,TGCATCGTCAGAGTCTATAACCAGGGAGGAAAGCTTATCTTC,1359,5,clonotype2011,clonotype2011_consensus_2
CTCGGAGCACGGTAAG-1,True,CTCGGAGCACGGTAAG-1_contig_2,True,524,TRB,TRBV20-1,None,TRBJ1-6,TRBC1,True,True,CSAVDRGYPNSPLHF,TGCAGTGCGGTTGACAGGGGTTACCCCAATTCACCCCTCCACTTT,999,7,clonotype2011,clonotype2011_consensus_1
CTCGGAGCAGATTGCT-1,True,CTCGGAGCAGATTGCT-1_contig_1,True,459,TRA,TRAV13-1,None,TRAJ26,TRAC,True,True,CAASENYGQNFVF,TGTGCAGCAAGTGAGAACTATGGTCAGAATTTTGTCTTT,696,3,clonotype2012,clonotype2012_consensus_1
CTCGGAGCAGATTGCT-1,True,CTCGGAGCAGATTGCT-1_contig_2,True,495,TRB,TRBV20-1,None,TRBJ2-5,TRBC2,True,True,CSATTRSVIQETQYF,TGCAGTGCTACCACTAGATCCGTCATCCAAGAGACCCAGTACTTC,4839,14,clonotype2012,clonotype2012_consensus_2
CTCGGAGCAGATTGCT-1,True,CTCGGAGCAGATTGCT-1_contig_3,True,477,TRA,TRAV1-1,None,TRAJ13,TRAC,True,False,None,None,173,2,clonotype2012,None
CTCGGAGCAGGTCTCG-1,True,CTCGGAGCAGGTCTCG-1_contig_1,True,521,TRB,TRBV20-1,None,TRBJ2-1,TRBC2,True,True,CSARVGSEVNEQFF,TGCAGTGCTAGAGTGGGGTCGGAAGTCAATGAGCAGTTCTTC,1235,10,clonotype2,clonotype2_consensus_1
CTCGGAGCAGGTCTCG-1,True,CTCGGAGCAGGTCTCG-1_contig_2,True,457,TRA,TRAV10,None,TRAJ24,TRAC,True,False,None,None,356,2,clonotype2,None
CTCGGAGCAGGTTTCA-1,True,CTCGGAGCAGGTTTCA-1_contig_1,True,502,TRA,TRAV1-2,None,TRAJ30,TRAC,True,True,CAVRDLREIIF,TGTGCTGTGAGAGATCTTCGGGAGATCATCTTT,301,2,clonotype3,clonotype3_consensus_2
CTCGGAGCAGGTTTCA-1,True,CTCGGAGCAGGTTTCA-1_contig_2,True,682,TRB,TRBV5-5,None,TRBJ1-4,TRBC1,True,True,CASSHPGPNYATNEKLFF,TGTGCCAGCAGCCATCCCGGACCGAACTACGCAACTAATGAAAAACTGTTTTTT,8836,10,clonotype3,clonotype3_consensus_1
CTCGGAGCAGGTTTCA-1,True,CTCGGAGCAGGTTTCA-1_contig_3,True,436,TRB,TRBV7-3,None,TRBJ2-1,TRBC2,True,False,CQQRSLKAGGPYNEQFF,TGCCAGCAGCGGTCACTTAAAGCGGGGGGACCCTACAATGAGCAGTTCTTC,1107,4,clonotype3,None
CTCGGAGCATCACCCT-1,True,CTCGGAGCATCACCCT-1_contig_1,True,505,TRA,TRAV1-2,None,TRAJ33,TRAC,True,True,CAATDSNYQLIW,TGTGCTGCGACTGATAGCAACTATCAGTTAATCTGG,444,3,clonotype1,clonotype1_consensus_2
CTCGGAGCATCACCCT-1,True,CTCGGAGCATCACCCT-1_contig_2,True,498,TRB,TRBV20-1,None,TRBJ2-1,TRBC2,True,True,CSARVGSEVNEQFF,TGCAGTGCTAGAGTGGGGTCGGAAGTCAATGAGCAGTTCTTC,1896,6,clonotype1,clonotype1_consensus_1
CTCGGAGCATCGGACC-1,True,CTCGGAGCATCGGACC-1_contig_1,True,549,TRB,TRBV6-9,None,TRBJ2-6,TRBC2,True,True,CASNLNQTGINSGANVLTF,TGTGCCAGCAACTTGAATCAGACAGGTATCAACTCTGGGGCCAACGTCCTGACTTTC,2308,8,clonotype15,clonotype15_consensus_1
CTCGGAGCATCGGACC-1,True,CTCGGAGCATCGGACC-1_contig_2,True,465,TRA,TRAV13-1,None,TRAJ16,TRAC,True,True,CAASSGFSDGQKLLF,TGTGCAGCAAGTTCGGGTTTTTCAGATGGCCAGAAGCTGCTCTTT,193,2,clonotype15,clonotype15_consensus_3
CTCGGAGCATCGGACC-1,True,CTCGGAGCATCGGACC-1_contig_3,True,664,TRB,TRBV5-6,None,TRBJ2-6,TRBC2,True,True,CASSLQGTGANVLTF,TGTGCCAGCAGCTTGCAGGGGACTGGGGCCAACGTCCTGACTTTC,793,3,clonotype15,clonotype15_consensus_2
CTCGGAGGTAATAGCA-1,True,CTCGGAGGTAATAGCA-1_contig_1,True,518,TRB,TRBV20-1,None,TRBJ2-5,TRBC2,True,True,CSAPFAWGETQYF,TGCAGTGCCCCATTTGCCTGGGGGGAGACCCAGTACTTC,2041,10,clonotype2013,clonotype2013_consensus_1
CTCGGAGGTAATAGCA-1,True,CTCGGAGGTAATAGCA-1_contig_2,True,462,TRA,TRAV13-1,None,TRAJ33,TRAC,True,True,CAASTMDSNYQLIW,TGTGCAGCAAGTACCATGGATAGCAACTATCAGTTAATCTGG,1421,5,clonotype2013,clonotype2013_consensus_2
CTCGGAGGTAATAGCA-1,True,CTCGGAGGTAATAGCA-1_contig_3,True,301,TRB,None,None,TRBJ1-6,TRBC1,False,False,None,None,285,1,clonotype2013,None
CTCGGAGGTACTTCTT-1,True,CTCGGAGGTACTTCTT-1_contig_1,True,505,TRA,TRAV1-2,None,TRAJ33,TRAC,True,True,CAATDSNYQLIW,TGTGCTGCGACTGATAGCAACTATCAGTTAATCTGG,791,3,clonotype1,clonotype1_consensus_2
CTCGGAGGTACTTCTT-1,True,CTCGGAGGTACTTCTT-1_contig_2,True,521,TRB,TRBV20-1,None,TRBJ2-1,TRBC2,True,True,CSARVGSEVNEQFF,TGCAGTGCTAGAGTGGGGTCGGAAGTCAATGAGCAGTTCTTC,980,5,clonotype1,clonotype1_consensus_1
CTCGGAGGTACTTGAC-1,True,CTCGGAGGTACTTGAC-1_contig_1,True,486,TRB,TRBV20-1,None,TRBJ2-7,TRBC2,True,True,CSASGPNYEQYF,TGCAGTGCTTCGGGACCCAACTACGAGCAGTACTTC,2713,10,clonotype2014,clonotype2014_consensus_3
CTCGGAGGTACTTGAC-1,True,CTCGGAGGTACTTGAC-1_contig_2,True,511,TRA,TRAV17,None,TRAJ34,TRAC,True,True,CATGGGFWTDKLIF,TGTGCTACGGGGGGGGGTTTTTGGACCGACAAGCTCATCTTT,522,3,clonotype2014,clonotype2014_consensus_1
CTCGGAGGTACTTGAC-1,True,CTCGGAGGTACTTGAC-1_contig_3,True,510,TRB,TRBV5-1,None,TRBJ2-5,TRBC2,True,True,CARGVSTAVRETQYF,TGCGCCAGGGGGGTTTCGACAGCTGTGAGAGAGACCCAGTACTTC,2345,14,clonotype2014,clonotype2014_consensus_2
CTCGGAGGTATCTGCA-1,True,CTCGGAGGTATCTGCA-1_contig_1,True,521,TRB,TRBV20-1,None,TRBJ2-3,TRBC2,True,True,CSARRTGLTDTQYF,TGCAGTGCTAGGCGGACAGGGCTCACAGATACGCAGTATTTT,1512,11,clonotype2015,clonotype2015_consensus_2
CTCGGAGGTATCTGCA-1,True,CTCGGAGGTATCTGCA-1_contig_2,True,551,TRA,TRAV29/DV5,None,TRAJ53,TRAC,True,True,CAASAGSGGSNYKLTF,TGTGCAGCAAGCGCGGGTAGTGGAGGTAGCAACTATAAACTGACATTT,843,5,clonotype2015,clonotype2015_consensus_1
CTCGGAGGTATCTGCA-1,True,CTCGGAGGTATCTGCA-1_contig_3,True,657,TRA,TRAV8-2,None,TRAJ30,TRAC,True,True,CVVSEGDDKIIF,TGTGTTGTGAGTGAAGGAGATGACAAGATCATCTTT,878,7,clonotype2015,clonotype2015_consensus_3
CTCGGAGGTCCGAGTC-1,True,CTCGGAGGTCCGAGTC-1_contig_1,True,538,TRA,TRAV12-2,None,TRAJ20,TRAC,True,True,CAVSGDYKLSF,TGTGCCGTGAGCGGCGACTACAAGCTCAGCTTT,157,2,clonotype2016,clonotype2016_consensus_3
CTCGGAGGTCCGAGTC-1,True,CTCGGAGGTCCGAGTC-1_contig_2,True,518,TRB,TRBV20-1,None,TRBJ2-4,TRBC2,True,True,CSANWGAGNIQYF,TGCAGTGCTAATTGGGGGGCCGGTAACATTCAGTACTTC,3757,12,clonotype2016,clonotype2016_consensus_1
CTCGGAGGTCCGAGTC-1,True,CTCGGAGGTCCGAGTC-1_contig_3,True,550,TRA,TRAV12-2,None,TRAJ45,TRAC,True,True,CAVKEEGGGADGLTF,TGTGCCGTGAAGGAAGAGGGAGGAGGTGCTGACGGACTCACCTTT,223,2,clonotype2016,clonotype2016_consensus_2
CTCGGAGGTCCGAGTC-1,True,CTCGGAGGTCCGAGTC-1_contig_4,True,512,TRB,TRBV20-1,None,TRBJ2-3,TRBC2,True,True,CSASSGDTQYF,TGCAGTGCTAGCTCCGGCGATACGCAGTATTTT,3435,13,clonotype2016,clonotype2016_consensus_4
CTCGGAGGTGATGCCC-1,True,CTCGGAGGTGATGCCC-1_contig_1,True,515,TRB,TRBV20-1,None,TRBJ1-2,TRBC1,True,True,CSASPVVGGYTF,TGCAGTGCTAGTCCGGTTGTGGGGGGCTACACCTTC,3187,10,clonotype2017,clonotype2017_consensus_2
CTCGGAGGTGATGCCC-1,True,CTCGGAGGTGATGCCC-1_contig_2,True,514,TRA,TRAV23/DV6,None,TRAJ37,TRAC,True,True,CAASKGTGNTGKLIF,TGTGCAGCAAGCAAAGGAACGGGCAACACAGGCAAACTAATCTTT,1332,5,clonotype2017,clonotype2017_consensus_1
CTCGGAGGTGTAAGTA-1,True,CTCGGAGGTGTAAGTA-1_contig_1,True,521,TRB,TRBV20-1,None,TRBJ1-1,TRBC1,True,True,CSAKPPGANTEAFF,TGCAGTGCTAAGCCCCCAGGAGCGAACACTGAAGCTTTCTTT,1449,5,clonotype2018,clonotype2018_consensus_1
CTCGGAGGTGTAAGTA-1,True,CTCGGAGGTGTAAGTA-1_contig_2,True,479,TRA,TRAV21,None,TRAJ54,TRAC,True,True,CAVRLGGAQKLVF,TGTGCTGTGAGGCTGGGGGGAGCCCAGAAGCTGGTATTT,41,1,clonotype2018,clonotype2018_consensus_2
CTCGGAGGTTTGTTGG-1,True,CTCGGAGGTTTGTTGG-1_contig_1,True,464,TRA,TRAV1-2,None,TRAJ33,TRAC,True,True,CAATDSNYQLIW,TGTGCTGCGACTGATAGCAACTATCAGTTAATCTGG,476,1,clonotype1,clonotype1_consensus_2
CTCGGAGGTTTGTTGG-1,True,CTCGGAGGTTTGTTGG-1_contig_2,True,514,TRB,TRBV20-1,None,TRBJ2-1,TRBC2,True,True,CSARVGSEVNEQFF,TGCAGTGCTAGAGTGGGGTCGGAAGTCAATGAGCAGTTCTTC,977,8,clonotype1,clonotype1_consensus_1
CTCGGAGGTTTGTTGG-1,True,CTCGGAGGTTTGTTGG-1_contig_3,True,457,TRA,TRAV10,None,TRAJ24,TRAC,True,False,None,None,207,1,clonotype1,None
CTCGGAGTCCATGCTC-1,True,CTCGGAGTCCATGCTC-1_contig_1,True,576,TRA,TRAV8-4,None,TRAJ40,TRAC,True,True,CAVSDKTTSGTYKYIF,TGTGCTGTGAGTGACAAAACTACCTCAGGAACCTACAAATACATCTTT,692,5,clonotype2019,clonotype2019_consensus_2
CTCGGAGTCCATGCTC-1,True,CTCGGAGTCCATGCTC-1_contig_2,True,508,TRB,TRBV20-1,None,TRBJ1-1,TRBC1,True,True,CSARRQPNTEAFF,TGCAGTGCTAGAAGGCAGCCGAACACTGAAGCTTTCTTT,1036,4,clonotype2019,clonotype2019_consensus_1
CTCGGAGTCCATGCTC-1,True,CTCGGAGTCCATGCTC-1_contig_3,True,301,TRB,None,None,TRBJ2-2P,TRBC2,False,False,None,None,1337,5,clonotype2019,None
CTCGGAGTCGCATGGC-1,True,CTCGGAGTCGCATGGC-1_contig_1,True,718,TRB,TRBV5-6,None,TRBJ1-6,TRBC1,True,True,CASSLPRMGQGAGSPLHF,TGTGCCAGCAGCCTCCCCCGTATGGGACAGGGGGCTGGTTCACCCCTCCACTTT,571,3,clonotype2020,clonotype2020_consensus_1
CTCGGAGTCGCATGGC-1,True,CTCGGAGTCGCATGGC-1_contig_2,True,683,TRA,TRAV8-3,None,TRAJ52,TRAC,True,False,None,None,196,2,clonotype2020,None
CTCGGAGTCTCTGAGA-1,True,CTCGGAGTCTCTGAGA-1_contig_1,True,512,TRB,TRBV20-1,None,TRBJ1-1,TRBC1,True,True,CSAPINTEAFF,TGCAGTGCTCCAATAAACACTGAAGCTTTCTTT,1466,8,clonotype325,clonotype325_consensus_1
CTCGGAGTCTGAAAGA-1,True,CTCGGAGTCTGAAAGA-1_contig_1,True,515,TRB,TRBV20-1,None,TRBJ1-4,TRBC1,True,True,CSGLRGDEKLFF,TGCAGTGGTCTACGGGGGGATGAAAAACTGTTTTTT,1840,7,clonotype143,clonotype143_consensus_1
CTCGGAGTCTGAAAGA-1,True,CTCGGAGTCTGAAAGA-1_contig_2,True,459,TRA,TRAV13-1,None,TRAJ49,TRAC,True,True,CAASMDTGNQFYF,TGTGCAGCAAGTATGGACACCGGTAACCAGTTCTATTTT,867,3,clonotype143,clonotype143_consensus_3
CTCGGAGTCTGAAAGA-1,True,CTCGGAGTCTGAAAGA-1_contig_3,True,612,TRA,TRAV41,None,TRAJ42,TRAC,True,True,CAAPGGSQGNLIF,TGTGCTGCCCCTGGAGGAAGCCAAGGAAATCTCATCTTT,715,5,clonotype143,clonotype143_consensus_2
CTCGGAGTCTGTCTCG-1,True,CTCGGAGTCTGTCTCG-1_contig_1,True,521,TRB,TRBV20-1,None,TRBJ2-1,TRBC2,True,True,CSARVGSEVNEQFF,TGCAGTGCTAGAGTGGGGTCGGAAGTCAATGAGCAGTTCTTC,1285,6,clonotype2,clonotype2_consensus_1
CTCGGGAAGCTTTGGT-1,True,CTCGGGAAGCTTTGGT-1_contig_1,True,541,TRA,TRAV29/DV5,None,TRAJ54,TRAC,True,True,CAANEGEGAQKLVF,TGTGCAGCAAACGAGGGCGAGGGAGCCCAGAAGCTGGTATTT,261,3,clonotype2021,clonotype2021_consensus_1
CTCGGGAAGGACAGAA-1,True,CTCGGGAAGGACAGAA-1_contig_1,True,505,TRA,TRAV17,None,TRAJ3,TRAC,True,True,CVWMGASKIIF,TGTGTTTGGATGGGGGCTTCCAAGATAATCTTT,396,4,clonotype136,clonotype136_consensus_2
CTCGGGAAGGACAGAA-1,True,CTCGGGAAGGACAGAA-1_contig_2,True,524,TRB,TRBV20-1,None,TRBJ1-3,TRBC1,True,True,CSADEARPAGNTIYF,TGCAGTGCTGATGAGGCACGGCCGGCGGGAAACACCATATATTTT,2822,8,clonotype136,clonotype136_consensus_1
CTCGGGAAGGACAGAA-1,True,CTCGGGAAGGACAGAA-1_contig_3,True,626,TRA,TRAV21,None,TRAJ3,TRAC,True,False,None,None,142,2,clonotype136,None
CTCGGGAAGGGATGGG-1,True,CTCGGGAAGGGATGGG-1_contig_1,True,536,TRB,TRBV20-1,None,TRBJ2-1,TRBC2,True,True,CSAREIGSGGKGSYNEQFF,TGCAGTGCTAGAGAGATCGGTAGCGGGGGCAAAGGGTCCTACAATGAGCAGTTCTTC,1560,6,clonotype2022,clonotype2022_consensus_1
CTCGGGAAGGGATGGG-1,True,CTCGGGAAGGGATGGG-1_contig_2,True,476,TRA,None,None,TRAJ6,TRAC,False,False,None,None,314,1,clonotype2022,None
CTCGGGAAGTGGGTTG-1,True,CTCGGGAAGTGGGTTG-1_contig_1,True,482,TRA,TRAV4,None,TRAJ6,TRAC,True,True,CLVGDIKSGGSYIPTF,TGCCTCGTGGGTGACATAAAATCAGGAGGAAGCTACATACCTACATTT,291,3,clonotype2023,clonotype2023_consensus_2
CTCGGGAAGTGGGTTG-1,True,CTCGGGAAGTGGGTTG-1_contig_2,True,533,TRB,TRBV20-1,None,TRBJ2-7,TRBC2,True,True,CSAVVVGGQGSRGNEQYF,TGCAGTGCTGTAGTGGTAGGGGGACAGGGCAGTCGGGGGAACGAGCAGTACTTC,2651,12,clonotype2023,clonotype2023_consensus_1
CTCGGGAAGTGGGTTG-1,True,CTCGGGAAGTGGGTTG-1_contig_3,True,677,TRA,TRAV8-6,None,TRAJ3,TRAC,True,False,None,None,1390,5,clonotype2023,None
CTCGGGACAAACCCAT-1,True,CTCGGGACAAACCCAT-1_contig_1,True,485,TRB,TRBV20-1,None,TRBJ1-2,TRBC1,True,True,CSASVPSVLIGYTF,TGCAGTGCTAGTGTTCCTAGTGTCTTAATTGGCTACACCTTC,695,4,clonotype134,clonotype134_consensus_1
CTCGGGACAAACCCAT-1,True,CTCGGGACAAACCCAT-1_contig_2,True,478,TRA,TRAV20,None,TRAJ45,TRAC,True,False,None,None,424,2,clonotype134,None
CTCGGGACAAACCCAT-1,True,CTCGGGACAAACCCAT-1_contig_3,True,335,TRA,TRAV8-1,None,None,TRAC,False,False,None,None,450,2,clonotype134,None
CTCGGGACACATCCGG-1,True,CTCGGGACACATCCGG-1_contig_1,True,501,TRB,TRBV5-5,None,TRBJ2-7,TRBC2,True,True,CASYQDTSYEQYF,TGTGCCAGCTACCAGGACACCTCCTACGAGCAGTACTTC,4299,17,clonotype74,clonotype74_consensus_1
CTCGGGACACATCCGG-1,True,CTCGGGACACATCCGG-1_contig_2,True,661,TRA,TRAV8-2,None,TRAJ24,TRAC,True,True,CVVTDSWGKFQF,TGTGTTGTGACTGACAGCTGGGGGAAATTCCAGTTT,1144,8,clonotype74,clonotype74_consensus_2
CTCGGGACACGGCGTT-1,True,CTCGGGACACGGCGTT-1_contig_1,True,512,TRB,TRBV20-1,None,TRBJ2-1,TRBC2,True,True,CSASGGVEQFF,TGCAGTGCTAGCGGGGGGGTAGAGCAGTTCTTC,3007,10,clonotype2024,clonotype2024_consensus_2
CTCGGGACACGGCGTT-1,True,CTCGGGACACGGCGTT-1_contig_2,True,448,TRA,TRAV2,None,TRAJ16,TRAC,True,True,CAVEAQRGQKLLF,TGTGCTGTGGAGGCACAGAGGGGCCAGAAGCTGCTCTTT,1180,4,clonotype2024,clonotype2024_consensus_1
CTCGGGACAGCATACT-1,True,CTCGGGACAGCATACT-1_contig_1,True,456,TRA,TRAV13-1,None,TRAJ16,TRAC,True,True,CAASIDGQKLLF,TGTGCAGCAAGCATAGATGGCCAGAAGCTGCTCTTT,404,4,clonotype2025,clonotype2025_consensus_2
CTCGGGACAGCATACT-1,True,CTCGGGACAGCATACT-1_contig_2,True,657,TRB,TRBV5-6,None,TRBJ1-1,TRBC1,True,True,CASSLITSTEAFF,TGTGCCAGCAGCTTGATAACCAGCACTGAAGCTTTCTTT,671,3,clonotype2025,clonotype2025_consensus_1
CTCGGGACAGCATACT-1,True,CTCGGGACAGCATACT-1_contig_3,True,307,TRB,None,None,TRBJ2-1,TRBC2,False,False,None,None,2221,6,clonotype2025,None
CTCGGGACATCACGTA-1,True,CTCGGGACATCACGTA-1_contig_1,True,521,TRB,TRBV20-1,None,TRBJ2-1,TRBC2,True,True,CSARVGSEVNEQFF,TGCAGTGCTAGAGTGGGGTCGGAAGTCAATGAGCAGTTCTTC,1277,7,clonotype2,clonotype2_consensus_1
CTCGGGACATTGGGCC-1,True,CTCGGGACATTGGGCC-1_contig_1,True,505,TRA,TRAV1-2,None,TRAJ33,TRAC,True,True,CAATDSNYQLIW,TGTGCTGCGACTGATAGCAACTATCAGTTAATCTGG,166,1,clonotype1,clonotype1_consensus_2
CTCGGGACATTGGGCC-1,True,CTCGGGACATTGGGCC-1_contig_2,True,521,TRB,TRBV20-1,None,TRBJ2-1,TRBC2,True,True,CSARVGSEVNEQFF,TGCAGTGCTAGAGTGGGGTCGGAAGTCAATGAGCAGTTCTTC,2834,6,clonotype1,clonotype1_consensus_1
CTCGGGACATTGGGCC-1,True,CTCGGGACATTGGGCC-1_contig_3,True,465,TRA,TRAV10,None,TRAJ24,TRAC,True,False,None,None,408,1,clonotype1,None
CTCGGGAGTGTCTGAT-1,True,CTCGGGAGTGTCTGAT-1_contig_1,True,500,TRA,TRAV38-2/DV8,None,TRAJ58,TRAC,True,True,CAYRSAKYTSGSRLTF,TGTGCTTATAGGAGCGCGAAGTATACCAGTGGCTCTAGGTTGACCTTT,1310,5,clonotype2026,clonotype2026_consensus_2
CTCGGGAGTGTCTGAT-1,True,CTCGGGAGTGTCTGAT-1_contig_2,True,512,TRB,TRBV20-1,None,TRBJ2-7,TRBC2,True,True,CSALPDYEQYF,TGCAGTGCCCTTCCGGACTACGAGCAGTACTTC,1311,6,clonotype2026,clonotype2026_consensus_1
CTCGGGATCATGCATG-1,True,CTCGGGATCATGCATG-1_contig_1,True,664,TRA,TRAV24,None,TRAJ30,TRAC,True,True,CASSNRDDKIIF,TGTGCCTCATCGAACAGAGATGACAAGATCATCTTT,646,6,clonotype2027,clonotype2027_consensus_2
CTCGGGATCATGCATG-1,True,CTCGGGATCATGCATG-1_contig_2,True,663,TRB,TRBV5-6,None,TRBJ1-2,TRBC1,True,True,CASSLAGQTYGYTF,TGTGCCAGCAGCCTGGCTGGACAGACCTATGGCTACACCTTC,1101,6,clonotype2027,clonotype2027_consensus_1
CTCGGGATCATGCATG-1,True,CTCGGGATCATGCATG-1_contig_3,True,451,TRA,TRAV21,None,TRAJ49,TRAC,True,False,CCETKCTGNQFYF,TGCTGTGAAACGAAGTGCACCGGTAACCAGTTCTATTTT,532,1,clonotype2027,None
CTCGGGATCGCGATCG-1,True,CTCGGGATCGCGATCG-1_contig_1,True,505,TRA,TRAV1-2,None,TRAJ33,TRAC,True,True,CAATDSNYQLIW,TGTGCTGCGACTGATAGCAACTATCAGTTAATCTGG,252,3,clonotype1,clonotype1_consensus_2
CTCGGGATCGCGATCG-1,True,CTCGGGATCGCGATCG-1_contig_2,True,521,TRB,TRBV20-1,None,TRBJ2-1,TRBC2,True,True,CSARVGSEVNEQFF,TGCAGTGCTAGAGTGGGGTCGGAAGTCAATGAGCAGTTCTTC,1969,13,clonotype1,clonotype1_consensus_1
CTCGGGATCGCGATCG-1,True,CTCGGGATCGCGATCG-1_contig_3,True,502,TRA,TRAV10,None,TRAJ24,TRAC,True,False,None,None,228,2,clonotype1,None
CTCGGGATCGGTCCGA-1,True,CTCGGGATCGGTCCGA-1_contig_1,True,505,TRA,TRAV1-2,None,TRAJ33,TRAC,True,True,CAATDSNYQLIW,TGTGCTGCGACTGATAGCAACTATCAGTTAATCTGG,565,5,clonotype1,clonotype1_consensus_2
CTCGGGATCGGTCCGA-1,True,CTCGGGATCGGTCCGA-1_contig_2,True,521,TRB,TRBV20-1,None,TRBJ2-1,TRBC2,True,True,CSARVGSEVNEQFF,TGCAGTGCTAGAGTGGGGTCGGAAGTCAATGAGCAGTTCTTC,616,4,clonotype1,clonotype1_consensus_1
CTCGGGATCGGTCCGA-1,True,CTCGGGATCGGTCCGA-1_contig_3,True,439,TRA,TRAV10,None,TRAJ24,TRAC,True,False,None,None,29,3,clonotype1,None
CTCGTACAGAGTGACC-1,True,CTCGTACAGAGTGACC-1_contig_1,True,518,TRB,TRBV20-1,None,TRBJ2-1,TRBC2,True,True,CSARVGSEVNEQFF,TGCAGTGCTAGAGTGGGGTCGGAAGTCAATGAGCAGTTCTTC,2523,7,clonotype2,clonotype2_consensus_1
CTCGTACAGAGTGACC-1,True,CTCGTACAGAGTGACC-1_contig_2,True,493,TRA,TRAV10,None,TRAJ24,TRAC,True,False,None,None,613,3,clonotype2,None
CTCGTACAGATGAGAG-1,True,CTCGTACAGATGAGAG-1_contig_1,True,521,TRB,TRBV20-1,None,TRBJ2-2,TRBC2,True,True,CSARDMTGTGELFF,TGCAGTGCTAGAGATATGACAGGGACCGGGGAGCTGTTTTTT,1711,10,clonotype326,clonotype326_consensus_1
CTCGTACAGATGAGAG-1,True,CTCGTACAGATGAGAG-1_contig_2,True,577,TRA,TRAV8-1,None,TRAJ8,TRAC,True,True,CAVTSSNTGFQKLVF,TGTGCCGTGACCTCATCGAACACAGGCTTTCAGAAACTTGTATTT,209,2,clonotype326,clonotype326_consensus_2
CTCGTACAGCAAATCA-1,True,CTCGTACAGCAAATCA-1_contig_1,True,501,TRA,TRAV12-3,None,TRAJ32,TRAC,True,True,CARRYGGATNKLIF,TGTGCACGGAGATATGGTGGTGCTACAAACAAGCTCATCTTT,876,5,clonotype22,clonotype22_consensus_1
CTCGTACAGCAAATCA-1,True,CTCGTACAGCAAATCA-1_contig_2,True,689,TRB,TRBV5-6,None,TRBJ2-2,TRBC2,True,True,CASSLSPEDPTNTGELFF,TGTGCCAGCAGCTTGAGTCCGGAAGACCCTACGAACACCGGGGAGCTGTTTTTT,2059,7,clonotype22,clonotype22_consensus_2
CTCGTACAGCAAATCA-1,True,CTCGTACAGCAAATCA-1_contig_3,True,300,TRB,None,None,TRBJ2-7,TRBC2,False,False,None,None,227,2,clonotype22,None
CTCGTACAGCAATCTC-1,True,CTCGTACAGCAATCTC-1_contig_1,True,505,TRA,TRAV1-2,None,TRAJ33,TRAC,True,True,CAATDSNYQLIW,TGTGCTGCGACTGATAGCAACTATCAGTTAATCTGG,353,5,clonotype1,clonotype1_consensus_2
CTCGTACAGCAATCTC-1,True,CTCGTACAGCAATCTC-1_contig_2,True,485,TRB,TRBV20-1,None,TRBJ2-1,TRBC2,True,True,CSARVGSEVNEQFF,TGCAGTGCTAGAGTGGGGTCGGAAGTCAATGAGCAGTTCTTC,1302,5,clonotype1,clonotype1_consensus_1
CTCGTACAGCAGATCG-1,True,CTCGTACAGCAGATCG-1_contig_1,True,505,TRA,TRAV1-2,None,TRAJ33,TRAC,True,True,CAATDSNYQLIW,TGTGCTGCGACTGATAGCAACTATCAGTTAATCTGG,871,7,clonotype1,clonotype1_consensus_2
CTCGTACAGCAGATCG-1,True,CTCGTACAGCAGATCG-1_contig_2,True,492,TRB,TRBV20-1,None,TRBJ2-1,TRBC2,True,True,CSARVGSEVNEQFF,TGCAGTGCTAGAGTGGGGTCGGAAGTCAATGAGCAGTTCTTC,808,6,clonotype1,clonotype1_consensus_1
CTCGTACAGCGTGTCC-1,True,CTCGTACAGCGTGTCC-1_contig_1,True,524,TRB,TRBV20-1,None,TRBJ1-6,TRBC1,True,True,CSARASIAGNSPLHF,TGCAGTGCTAGAGCAAGCATCGCCGGTAATTCACCCCTCCACTTT,1330,7,clonotype2028,clonotype2028_consensus_1
CTCGTACAGCTAGTCT-1,True,CTCGTACAGCTAGTCT-1_contig_1,True,508,TRA,TRAV20,None,TRAJ24,TRAC,True,True,CAVMTTDSWGKFQF,TGTGCTGTTATGACAACTGACAGCTGGGGGAAATTCCAGTTT,2234,10,clonotype7,clonotype7_consensus_2
CTCGTACAGCTAGTCT-1,True,CTCGTACAGCTAGTCT-1_contig_2,True,514,TRB,TRBV5-5,None,TRBJ2-7,TRBC2,True,True,CASSSLVEQGAYEQYF,TGTGCCAGCAGCTCGCTCGTAGAGCAGGGGGCCTACGAGCAGTACTTC,592,4,clonotype7,clonotype7_consensus_1
CTCGTACAGGAGCGTT-1,True,CTCGTACAGGAGCGTT-1_contig_1,True,521,TRB,TRBV20-1,None,TRBJ2-1,TRBC2,True,True,CSARVGSEVNEQFF,TGCAGTGCTAGAGTGGGGTCGGAAGTCAATGAGCAGTTCTTC,1382,10,clonotype2,clonotype2_consensus_1
CTCGTACAGGAGCGTT-1,True,CTCGTACAGGAGCGTT-1_contig_2,True,457,TRA,TRAV10,None,TRAJ24,TRAC,True,False,None,None,244,1,clonotype2,None
CTCGTACAGTGAACGC-1,True,CTCGTACAGTGAACGC-1_contig_1,True,505,TRA,TRAV1-2,None,TRAJ33,TRAC,True,True,CAATDSNYQLIW,TGTGCTGCGACTGATAGCAACTATCAGTTAATCTGG,617,1,clonotype1,clonotype1_consensus_2
CTCGTACAGTGAACGC-1,True,CTCGTACAGTGAACGC-1_contig_2,True,498,TRB,TRBV20-1,None,TRBJ2-1,TRBC2,True,True,CSARVGSEVNEQFF,TGCAGTGCTAGAGTGGGGTCGGAAGTCAATGAGCAGTTCTTC,2746,6,clonotype1,clonotype1_consensus_1
CTCGTACCAAGCGTAG-1,True,CTCGTACCAAGCGTAG-1_contig_1,True,488,TRB,TRBV20-1,None,TRBJ2-2,TRBC2,True,True,CSARAGTANTGELFF,TGCAGTGCTAGAGCAGGGACAGCTAACACCGGGGAGCTGTTTTTT,1270,7,clonotype2029,clonotype2029_consensus_2
CTCGTACCAAGCGTAG-1,True,CTCGTACCAAGCGTAG-1_contig_2,True,511,TRA,TRAV20,None,TRAJ42,TRAC,True,True,CAVLGYGGSQGNLIF,TGTGCTGTGCTGGGATATGGAGGAAGCCAAGGAAATCTCATCTTT,1047,5,clonotype2029,clonotype2029_consensus_1
CTCGTACCAATCACAC-1,True,CTCGTACCAATCACAC-1_contig_1,True,547,TRA,TRAV12-2,None,TRAJ15,TRAC,True,True,CAVNMGQAGTALIF,TGTGCCGTGAACATGGGACAGGCAGGAACTGCTCTGATCTTT,891,2,clonotype2030,clonotype2030_consensus_1
CTCGTACCAATCACAC-1,True,CTCGTACCAATCACAC-1_contig_2,True,485,TRB,TRBV20-1,None,TRBJ1-6,TRBC1,True,True,CSARDLGGNSPLHF,TGCAGTGCTAGAGATTTAGGGGGCAATTCACCCCTCCACTTT,1326,8,clonotype2030,clonotype2030_consensus_2
CTCGTACCAATCACAC-1,True,CTCGTACCAATCACAC-1_contig_3,True,355,TRB,None,None,TRBJ1-5,TRBC1,False,False,None,None,1069,4,clonotype2030,None
CTCGTACCACAGGTTT-1,True,CTCGTACCACAGGTTT-1_contig_1,True,556,TRA,TRAV19,None,TRAJ40,TRAC,True,True,CALSGTYKYIF,TGTGCTCTGTCAGGAACCTACAAATACATCTTT,874,3,clonotype327,clonotype327_consensus_1
CTCGTACCACAGGTTT-1,True,CTCGTACCACAGGTTT-1_contig_2,True,479,TRB,TRBV20-1,None,TRBJ2-5,TRBC2,True,True,CSAPPPGQGMEETQYF,TGCAGTGCTCCACCCCCGGGACAGGGGATGGAAGAGACCCAGTACTTC,326,1,clonotype327,clonotype327_consensus_2
CTCGTACCACGGTGTC-1,True,CTCGTACCACGGTGTC-1_contig_1,True,477,TRB,TRBV5-5,None,TRBJ2-2,TRBC2,True,True,CASSLGDTGELFF,TGTGCCAGCAGCCTCGGGGACACCGGGGAGCTGTTTTTT,2570,9,clonotype27,clonotype27_consensus_2
CTCGTACCACGGTGTC-1,True,CTCGTACCACGGTGTC-1_contig_2,True,544,TRA,TRAV12-2,None,TRAJ49,TRAC,True,True,CAVNGNTGNQFYF,TGTGCCGTGAATGGGAACACCGGTAACCAGTTCTATTTT,226,3,clonotype27,clonotype27_consensus_1
CTCGTACCAGATGGCA-1,True,CTCGTACCAGATGGCA-1_contig_1,True,552,TRA,TRAV12-1,None,TRAJ9,TRAC,True,True,CVVTRNTGGFKTIF,TGTGTGGTGACACGAAATACTGGAGGCTTCAAAACTATCTTT,951,6,clonotype5,clonotype5_consensus_2
CTCGTACCAGATGGCA-1,True,CTCGTACCAGATGGCA-1_contig_2,True,533,TRB,TRBV20-1,None,TRBJ1-5,TRBC1,True,True,CSARDDNRAKSFNQPQHF,TGCAGTGCTAGAGACGACAACCGGGCCAAATCCTTCAATCAGCCCCAGCATTTT,2429,7,clonotype5,clonotype5_consensus_1
CTCGTACCATCCGTGG-1,True,CTCGTACCATCCGTGG-1_contig_1,True,493,TRA,TRAV1-2,None,TRAJ33,TRAC,True,True,CAATDSNYQLIW,TGTGCTGCGACTGATAGCAACTATCAGTTAATCTGG,255,2,clonotype1,clonotype1_consensus_2
CTCGTACCATCCGTGG-1,True,CTCGTACCATCCGTGG-1_contig_2,True,521,TRB,TRBV20-1,None,TRBJ2-1,TRBC2,True,True,CSARVGSEVNEQFF,TGCAGTGCTAGAGTGGGGTCGGAAGTCAATGAGCAGTTCTTC,1499,8,clonotype1,clonotype1_consensus_1
CTCGTACCATCCGTGG-1,True,CTCGTACCATCCGTGG-1_contig_3,True,482,TRA,TRAV10,None,TRAJ24,TRAC,True,False,None,None,339,3,clonotype1,None
CTCGTACGTAGCGTAG-1,True,CTCGTACGTAGCGTAG-1_contig_1,True,556,TRA,TRAV12-1,None,TRAJ9,TRAC,True,True,CVVTRNTGGFKTIF,TGTGTGGTGACACGAAATACTGGAGGCTTCAAAACTATCTTT,796,5,clonotype5,clonotype5_consensus_2
CTCGTACGTAGCGTAG-1,True,CTCGTACGTAGCGTAG-1_contig_2,True,533,TRB,TRBV20-1,None,TRBJ1-5,TRBC1,True,True,CSARDDNRAKSFNQPQHF,TGCAGTGCTAGAGACGACAACCGGGCCAAATCCTTCAATCAGCCCCAGCATTTT,2341,8,clonotype5,clonotype5_consensus_1
CTCGTACGTCGCATAT-1,True,CTCGTACGTCGCATAT-1_contig_1,True,505,TRA,TRAV1-2,None,TRAJ33,TRAC,True,True,CAATDSNYQLIW,TGTGCTGCGACTGATAGCAACTATCAGTTAATCTGG,600,4,clonotype1,clonotype1_consensus_2
CTCGTACGTCGCATAT-1,True,CTCGTACGTCGCATAT-1_contig_2,True,485,TRB,TRBV20-1,None,TRBJ2-1,TRBC2,True,True,CSARVGSEVNEQFF,TGCAGTGCTAGAGTGGGGTCGGAAGTCAATGAGCAGTTCTTC,5859,5,clonotype1,clonotype1_consensus_1
CTCGTACGTCGCATAT-1,True,CTCGTACGTCGCATAT-1_contig_3,True,471,TRA,TRAV10,None,TRAJ24,TRAC,True,False,None,None,827,4,clonotype1,None
CTCGTACGTTAAGACA-1,True,CTCGTACGTTAAGACA-1_contig_1,True,524,TRB,TRBV20-1,None,TRBJ1-5,TRBC1,True,True,CSASTGELINQPQHF,TGCAGTGCTAGTACAGGGGAGTTAATCAATCAGCCCCAGCATTTT,2119,11,clonotype2031,clonotype2031_consensus_1
CTCGTACGTTAAGACA-1,True,CTCGTACGTTAAGACA-1_contig_2,True,456,TRA,TRAV9-2,None,TRAJ12,TRAC,True,True,CALSRDSSYKLIF,TGTGCTCTGAGTAGGGATAGCAGCTATAAATTGATCTTC,169,1,clonotype2031,clonotype2031_consensus_2
CTCGTACGTTAAGACA-1,True,CTCGTACGTTAAGACA-1_contig_3,True,391,TRA,TRAV12-2,None,TRAJ3,TRAC,True,False,None,None,124,5,clonotype2031,None
CTCGTACGTTACCAGT-1,True,CTCGTACGTTACCAGT-1_contig_1,True,515,TRB,TRBV20-1,None,TRBJ2-1,TRBC2,True,True,CSAELDYNEQFF,TGCAGTGCTGAATTAGATTACAATGAGCAGTTCTTC,2610,10,clonotype2032,clonotype2032_consensus_3
CTCGTACGTTACCAGT-1,True,CTCGTACGTTACCAGT-1_contig_2,True,527,TRB,TRBV20-1,None,TRBJ2-5,TRBC2,True,True,CSAREGDTGPGETQYF,TGCAGTGCTAGAGAGGGCGATACGGGCCCAGGGGAGACCCAGTACTTC,778,8,clonotype2032,clonotype2032_consensus_4
CTCGTACGTTACCAGT-1,True,CTCGTACGTTACCAGT-1_contig_3,True,521,TRA,TRAV17,None,TRAJ47,TRAC,True,True,CATANTGGYGNKLVF,TGTGCTACGGCCAACACCGGGGGATATGGAAACAAACTGGTCTTT,192,3,clonotype2032,clonotype2032_consensus_2
CTCGTACGTTACCAGT-1,True,CTCGTACGTTACCAGT-1_contig_4,True,568,TRA,TRAV19,None,TRAJ8,TRAC,True,True,CALSEAGTGFQKLVF,TGTGCTCTGAGTGAGGCGGGCACAGGCTTTCAGAAACTTGTATTT,523,3,clonotype2032,clonotype2032_consensus_1
CTCGTACGTTACCAGT-1,True,CTCGTACGTTACCAGT-1_contig_5,True,310,TRB,TRBV4-1,None,TRBJ1-1,TRBC1,True,False,None,None,7678,3,clonotype2032,None
CTCGTACGTTGCGTTA-1,True,CTCGTACGTTGCGTTA-1_contig_1,True,521,TRB,TRBV20-1,None,TRBJ2-1,TRBC2,True,True,CSARVGSEVNEQFF,TGCAGTGCTAGAGTGGGGTCGGAAGTCAATGAGCAGTTCTTC,652,4,clonotype2,clonotype2_consensus_1
CTCGTACGTTGCGTTA-1,True,CTCGTACGTTGCGTTA-1_contig_2,True,434,TRA,TRAV10,None,TRAJ24,TRAC,True,False,None,None,68,3,clonotype2,None
CTCGTACTCAGTTAGC-1,True,CTCGTACTCAGTTAGC-1_contig_1,True,505,TRA,TRAV1-2,None,TRAJ33,TRAC,True,True,CAATDSNYQLIW,TGTGCTGCGACTGATAGCAACTATCAGTTAATCTGG,559,1,clonotype1,clonotype1_consensus_2
CTCGTACTCAGTTAGC-1,True,CTCGTACTCAGTTAGC-1_contig_2,True,521,TRB,TRBV20-1,None,TRBJ2-1,TRBC2,True,True,CSARVGSEVNEQFF,TGCAGTGCTAGAGTGGGGTCGGAAGTCAATGAGCAGTTCTTC,3979,4,clonotype1,clonotype1_consensus_1
CTCGTACTCAGTTAGC-1,True,CTCGTACTCAGTTAGC-1_contig_3,True,465,TRA,TRAV10,None,TRAJ24,TRAC,True,False,None,None,344,1,clonotype1,None
CTCGTACTCATTATCC-1,True,CTCGTACTCATTATCC-1_contig_1,True,573,TRA,TRAV8-4,None,TRAJ39,TRAC,True,True,CAVSDRNNAGNMLTF,TGTGCTGTGAGTGATCGGAATAATGCAGGCAACATGCTCACCTTT,644,11,clonotype2033,clonotype2033_consensus_1
CTCGTACTCATTATCC-1,True,CTCGTACTCATTATCC-1_contig_2,True,524,TRB,TRBV20-1,None,TRBJ1-1,TRBC1,True,True,CSARVLGGANTEAFF,TGCAGTGCTAGAGTTCTCGGGGGGGCGAACACTGAAGCTTTCTTT,5495,8,clonotype2033,clonotype2033_consensus_2
CTCGTACTCCTTGGTC-1,True,CTCGTACTCCTTGGTC-1_contig_1,True,532,TRA,TRAV8-1,None,TRAJ23,TRAC,True,True,CAVKSYNQGGKLIF,TGTGCCGTGAAAAGTTATAACCAGGGAGGAAAGCTTATCTTC,411,2,clonotype2034,clonotype2034_consensus_3
CTCGTACTCCTTGGTC-1,True,CTCGTACTCCTTGGTC-1_contig_2,True,488,TRB,TRBV20-1,None,TRBJ1-1,TRBC1,True,True,CSASPGDWTNTEAFF,TGCAGTGCTTCACCTGGGGATTGGACGAACACTGAAGCTTTCTTT,2067,5,clonotype2034,clonotype2034_consensus_4
CTCGTACTCCTTGGTC-1,True,CTCGTACTCCTTGGTC-1_contig_3,True,530,TRB,TRBV20-1,None,TRBJ1-5,TRBC1,True,True,CSAPPRTGAYSNQPQHF,TGCAGTGCGCCCCCCCGGACAGGGGCCTATAGCAATCAGCCCCAGCATTTT,1205,10,clonotype2034,clonotype2034_consensus_2
CTCGTACTCCTTGGTC-1,True,CTCGTACTCCTTGGTC-1_contig_4,True,491,TRA,TRAV38-2/DV8,None,TRAJ31,TRAC,True,True,CAYRSAFNARLMF,TGTGCTTATAGGAGCGCATTCAATGCCAGACTCATGTTT,389,6,clonotype2034,clonotype2034_consensus_1
CTCGTACTCGCCAGCA-1,True,CTCGTACTCGCCAGCA-1_contig_1,True,495,TRB,TRBV20-1,None,TRBJ2-1,TRBC2,True,True,CSGPGRLDNEQFF,TGCAGTGGACCGGGGAGACTGGACAATGAGCAGTTCTTC,1927,9,clonotype2035,clonotype2035_consensus_1
CTCGTACTCGCCAGCA-1,True,CTCGTACTCGCCAGCA-1_contig_2,True,494,TRA,TRAV38-2/DV8,None,TRAJ56,TRAC,True,True,CAYRVPGANSKLTF,TGTGCTTATAGGGTCCCTGGAGCCAATAGTAAGCTGACATTT,5540,4,clonotype2035,clonotype2035_consensus_2
CTCGTACTCGCCAGCA-1,True,CTCGTACTCGCCAGCA-1_contig_3,True,552,TRA,TRAV8-4,None,TRAJ39,TRAC,True,False,None,None,1873,5,clonotype2035,None
CTCGTACTCGGTGTTA-1,True,CTCGTACTCGGTGTTA-1_contig_1,True,716,TRB,TRBV5-6,None,TRBJ2-7,TRBC2,True,True,CASSLAKEQYF,TGTGCCAGCAGCTTGGCAAAGGAGCAGTACTTC,1441,12,clonotype16,clonotype16_consensus_1
CTCGTACTCTTACCGC-1,True,CTCGTACTCTTACCGC-1_contig_1,True,518,TRB,TRBV20-1,None,TRBJ1-5,TRBC1,True,True,CSARDQDAQPQHF,TGCAGTGCTAGAGATCAGGACGCTCAGCCCCAGCATTTT,1358,7,clonotype2036,clonotype2036_consensus_1
CTCGTACTCTTACCGC-1,True,CTCGTACTCTTACCGC-1_contig_2,True,489,TRA,TRAV9-2,None,TRAJ15,TRAC,True,True,CALHQAGTALIF,TGTGCTCTCCACCAGGCAGGAACTGCTCTGATCTTT,343,2,clonotype2036,clonotype2036_consensus_2
CTCGTCAAGATACACA-1,True,CTCGTCAAGATACACA-1_contig_1,True,514,TRB,TRBV20-1,None,TRBJ2-1,TRBC2,True,True,CSARVGSEVNEQFF,TGCAGTGCTAGAGTGGGGTCGGAAGTCAATGAGCAGTTCTTC,2219,11,clonotype2,clonotype2_consensus_1
CTCGTCAAGATACACA-1,True,CTCGTCAAGATACACA-1_contig_2,True,461,TRA,TRAV10,None,TRAJ24,TRAC,True,False,None,None,133,1,clonotype2,None
CTCGTCAAGCACACAG-1,True,CTCGTCAAGCACACAG-1_contig_1,True,505,TRA,TRAV1-2,None,TRAJ33,TRAC,True,True,CAATDSNYQLIW,TGTGCTGCGACTGATAGCAACTATCAGTTAATCTGG,476,3,clonotype1,clonotype1_consensus_2
CTCGTCAAGCACACAG-1,True,CTCGTCAAGCACACAG-1_contig_2,True,495,TRB,TRBV20-1,None,TRBJ2-1,TRBC2,True,True,CSARVGSEVNEQFF,TGCAGTGCTAGAGTGGGGTCGGAAGTCAATGAGCAGTTCTTC,391,3,clonotype1,clonotype1_consensus_1
CTCGTCAAGCCACCTG-1,True,CTCGTCAAGCCACCTG-1_contig_1,True,484,TRB,TRBV5-6,None,TRBJ1-4,TRBC1,True,True,CASSFTGASTNEKLFF,TGTGCCAGCAGCTTTACAGGGGCCTCAACTAATGAAAAACTGTTTTTT,102,1,clonotype2037,clonotype2037_consensus_1
CTCGTCAAGCCACCTG-1,True,CTCGTCAAGCCACCTG-1_contig_2,True,654,TRA,TRAV8-3,None,TRAJ30,TRAC,True,True,CAVGDRRDDKIIF,TGTGCTGTGGGTGATAGGAGAGATGACAAGATCATCTTT,665,2,clonotype2037,clonotype2037_consensus_2
CTCGTCAAGCTATGCT-1,True,CTCGTCAAGCTATGCT-1_contig_1,True,505,TRA,TRAV1-2,None,TRAJ33,TRAC,True,True,CAATDSNYQLIW,TGTGCTGCGACTGATAGCAACTATCAGTTAATCTGG,206,5,clonotype1,clonotype1_consensus_2
CTCGTCAAGCTATGCT-1,True,CTCGTCAAGCTATGCT-1_contig_2,True,498,TRB,TRBV20-1,None,TRBJ2-1,TRBC2,True,True,CSARVGSEVNEQFF,TGCAGTGCTAGAGTGGGGTCGGAAGTCAATGAGCAGTTCTTC,843,6,clonotype1,clonotype1_consensus_1
CTCGTCAAGCTATGCT-1,True,CTCGTCAAGCTATGCT-1_contig_3,True,482,TRA,TRAV10,None,TRAJ24,TRAC,True,False,None,None,326,4,clonotype1,None
CTCGTCAAGGCGATAC-1,True,CTCGTCAAGGCGATAC-1_contig_1,True,505,TRA,TRAV1-2,None,TRAJ33,TRAC,True,True,CAATDSNYQLIW,TGTGCTGCGACTGATAGCAACTATCAGTTAATCTGG,121,3,clonotype1,clonotype1_consensus_2
CTCGTCAAGGCGATAC-1,True,CTCGTCAAGGCGATAC-1_contig_2,True,498,TRB,TRBV20-1,None,TRBJ2-1,TRBC2,True,True,CSARVGSEVNEQFF,TGCAGTGCTAGAGTGGGGTCGGAAGTCAATGAGCAGTTCTTC,1925,7,clonotype1,clonotype1_consensus_1
CTCGTCAAGTGCGATG-1,True,CTCGTCAAGTGCGATG-1_contig_1,True,462,TRA,TRAV13-1,None,TRAJ47,TRAC,True,True,CAASSMEYGNKLVF,TGTGCAGCAAGTTCGATGGAATATGGAAACAAACTGGTCTTT,880,6,clonotype2038,clonotype2038_consensus_1
CTCGTCAAGTGCGATG-1,True,CTCGTCAAGTGCGATG-1_contig_2,True,511,TRB,TRBV20-1,None,TRBJ1-2,TRBC1,True,True,CSADVGGDFYGYTF,TGCAGTGCAGACGTAGGGGGAGACTTCTATGGCTACACCTTC,4062,9,clonotype2038,clonotype2038_consensus_2
CTCGTCAAGTGTCCAT-1,True,CTCGTCAAGTGTCCAT-1_contig_1,True,568,TRB,TRBV5-5,None,TRBJ1-2,TRBC1,True,True,CASSLELYYGYTF,TGTGCCAGCAGCTTGGAGCTATACTATGGCTACACCTTC,967,4,clonotype2039,clonotype2039_consensus_1
CTCGTCAAGTTCGCAT-1,True,CTCGTCAAGTTCGCAT-1_contig_1,True,523,TRA,TRAV14/DV4,None,TRAJ49,TRAC,True,True,CAMREGYTGNQFYF,TGTGCAATGAGAGAGGGTTATACCGGTAACCAGTTCTATTTT,362,2,clonotype2040,clonotype2040_consensus_2
CTCGTCAAGTTCGCAT-1,True,CTCGTCAAGTTCGCAT-1_contig_2,True,521,TRB,TRBV20-1,None,TRBJ2-7,TRBC2,True,True,CSARRDSFSYEQYF,TGCAGTGCTAGGCGGGACAGCTTTTCCTACGAGCAGTACTTC,1317,7,clonotype2040,clonotype2040_consensus_1
CTCGTCACACAAGTAA-1,True,CTCGTCACACAAGTAA-1_contig_1,True,505,TRA,TRAV1-2,None,TRAJ33,TRAC,True,True,CAATDSNYQLIW,TGTGCTGCGACTGATAGCAACTATCAGTTAATCTGG,761,10,clonotype1,clonotype1_consensus_2
CTCGTCACACAAGTAA-1,True,CTCGTCACACAAGTAA-1_contig_2,True,467,TRB,TRBV20-1,None,TRBJ2-1,TRBC2,True,True,CSARVGSEVNEQFF,TGCAGTGCTAGAGTGGGGTCGGAAGTCAATGAGCAGTTCTTC,1314,6,clonotype1,clonotype1_consensus_1
CTCGTCACACATAACC-1,True,CTCGTCACACATAACC-1_contig_1,True,533,TRB,TRBV20-1,None,TRBJ1-1,TRBC1,True,True,CSASKYQEGSYMNTEAFF,TGCAGTGCTAGTAAGTATCAAGAGGGGTCCTACATGAACACTGAAGCTTTCTTT,2364,10,clonotype40,clonotype40_consensus_2
CTCGTCACACATAACC-1,True,CTCGTCACACATAACC-1_contig_2,True,563,TRA,TRAV22,None,TRAJ17,TRAC,True,True,CAVWKAAGNKLTF,TGTGCTGTGTGGAAAGCTGCAGGCAACAAGCTAACTTTT,3079,8,clonotype40,clonotype40_consensus_1
CTCGTCACACTCAGGC-1,True,CTCGTCACACTCAGGC-1_contig_1,True,518,TRB,TRBV20-1,None,TRBJ1-2,TRBC1,True,True,CSGEQGANYGYTF,TGCAGTGGGGAACAGGGGGCTAACTATGGCTACACCTTC,2781,8,clonotype2041,clonotype2041_consensus_1
CTCGTCACACTCAGGC-1,True,CTCGTCACACTCAGGC-1_contig_2,True,618,TRA,TRAV3,None,TRAJ10,TRAC,True,True,CAVRATGGGNKLTF,TGTGCTGTGAGAGCCACGGGAGGAGGAAACAAACTCACCTTT,1865,8,clonotype2041,clonotype2041_consensus_2
CTCGTCACACTCAGGC-1,True,CTCGTCACACTCAGGC-1_contig_3,True,541,TRA,TRAV12-2,None,TRAJ16,TRAC,True,True,CAVNEDGQKLLF,TGTGCCGTGAACGAAGATGGCCAGAAGCTGCTCTTT,714,6,clonotype2041,clonotype2041_consensus_3
CTCGTCACAGTGGGAT-1,True,CTCGTCACAGTGGGAT-1_contig_1,True,572,TRA,TRAV22,None,TRAJ28,TRAC,True,True,CAVAPYSGAGSYQLTF,TGTGCTGTGGCCCCATACTCTGGGGCTGGGAGTTACCAACTCACTTTC,309,2,clonotype2042,clonotype2042_consensus_2
CTCGTCACAGTGGGAT-1,True,CTCGTCACAGTGGGAT-1_contig_2,True,498,TRB,TRBV20-1,None,TRBJ1-6,TRBC1,True,True,CSARWGPYNSPLHF,TGCAGTGCTAGATGGGGACCCTATAATTCACCCCTCCACTTT,2971,17,clonotype2042,clonotype2042_consensus_1
CTCGTCACAGTGGGAT-1,True,CTCGTCACAGTGGGAT-1_contig_3,True,496,TRA,TRAV9-2,None,TRAJ42,TRAC,True,False,None,None,5542,1,clonotype2042,None
CTCGTCACATCGGGTC-1,True,CTCGTCACATCGGGTC-1_contig_1,True,476,TRA,TRAV26-2,None,TRAJ21,TRAC,True,True,CIPANFNKFYF,TGCATCCCGGCCAACTTCAACAAATTTTACTTT,938,6,clonotype2043,clonotype2043_consensus_1
CTCGTCACATCGGGTC-1,True,CTCGTCACATCGGGTC-1_contig_2,True,498,TRB,TRBV6-6,None,TRBJ1-5,TRBC1,True,True,CASSQNGQSNQPQHF,TGTGCCAGCAGCCAAAACGGACAGAGCAATCAGCCCCAGCATTTT,3672,14,clonotype2043,clonotype2043_consensus_2
CTCGTCAGTACTCGCG-1,True,CTCGTCAGTACTCGCG-1_contig_1,True,498,TRB,TRBV20-1,None,TRBJ2-1,TRBC2,True,True,CSARVGSEVNEQFF,TGCAGTGCTAGAGTGGGGTCGGAAGTCAATGAGCAGTTCTTC,434,5,clonotype2,clonotype2_consensus_1
CTCGTCAGTATCTGCA-1,True,CTCGTCAGTATCTGCA-1_contig_1,True,505,TRA,TRAV1-2,None,TRAJ33,TRAC,True,True,CAATDSNYQLIW,TGTGCTGCGACTGATAGCAACTATCAGTTAATCTGG,547,5,clonotype1,clonotype1_consensus_2
CTCGTCAGTATCTGCA-1,True,CTCGTCAGTATCTGCA-1_contig_2,True,521,TRB,TRBV20-1,None,TRBJ2-1,TRBC2,True,True,CSARVGSEVNEQFF,TGCAGTGCTAGAGTGGGGTCGGAAGTCAATGAGCAGTTCTTC,1452,10,clonotype1,clonotype1_consensus_1
CTCGTCAGTCCATCCT-1,True,CTCGTCAGTCCATCCT-1_contig_1,True,502,TRA,TRAV1-2,None,TRAJ33,TRAC,True,True,CAATDSNYQLIW,TGTGCTGCGACTGATAGCAACTATCAGTTAATCTGG,440,2,clonotype1,clonotype1_consensus_2
CTCGTCAGTCCATCCT-1,True,CTCGTCAGTCCATCCT-1_contig_2,True,495,TRB,TRBV20-1,None,TRBJ2-1,TRBC2,True,True,CSARVGSEVNEQFF,TGCAGTGCTAGAGTGGGGTCGGAAGTCAATGAGCAGTTCTTC,770,4,clonotype1,clonotype1_consensus_1
CTCGTCAGTCCATCCT-1,True,CTCGTCAGTCCATCCT-1_contig_3,True,460,TRA,TRAV10,None,TRAJ24,TRAC,True,False,None,None,187,2,clonotype1,None
CTCGTCAGTCCCTACT-1,True,CTCGTCAGTCCCTACT-1_contig_1,True,541,TRA,TRAV12-2,None,TRAJ16,TRAC,True,True,CAVNMNGQKLLF,TGTGCCGTGAACATGAACGGCCAGAAGCTGCTCTTT,963,6,clonotype2044,clonotype2044_consensus_1
CTCGTCAGTCCCTACT-1,True,CTCGTCAGTCCCTACT-1_contig_2,True,498,TRB,TRBV20-1,None,TRBJ1-4,TRBC1,True,True,CSAEAGEMSEKLFF,TGCAGTGCTGAAGCAGGGGAAATGAGTGAAAAACTGTTTTTT,1591,8,clonotype2044,clonotype2044_consensus_2
CTCGTCAGTCCCTACT-1,True,CTCGTCAGTCCCTACT-1_contig_3,True,323,TRB,None,None,TRBJ2-1,TRBC2,False,False,None,None,180,2,clonotype2044,None
CTCGTCAGTCCCTACT-1,True,CTCGTCAGTCCCTACT-1_contig_4,True,310,TRB,None,None,TRBJ2-7,TRBC2,False,False,None,None,798,5,clonotype2044,None
CTCGTCAGTCGAAAGC-1,True,CTCGTCAGTCGAAAGC-1_contig_1,True,505,TRA,TRAV1-2,None,TRAJ33,TRAC,True,True,CAATDSNYQLIW,TGTGCTGCGACTGATAGCAACTATCAGTTAATCTGG,301,1,clonotype1,clonotype1_consensus_2
CTCGTCAGTCGAAAGC-1,True,CTCGTCAGTCGAAAGC-1_contig_2,True,518,TRB,TRBV20-1,None,TRBJ2-1,TRBC2,True,True,CSARVGSEVNEQFF,TGCAGTGCTAGAGTGGGGTCGGAAGTCAATGAGCAGTTCTTC,1697,8,clonotype1,clonotype1_consensus_1
CTCGTCAGTCGAAAGC-1,True,CTCGTCAGTCGAAAGC-1_contig_3,True,467,TRA,TRAV10,None,TRAJ24,TRAC,True,False,None,None,141,1,clonotype1,None
CTCGTCAGTCTCACCT-1,True,CTCGTCAGTCTCACCT-1_contig_1,True,473,TRB,TRBV20-1,None,TRBJ2-1,TRBC2,True,True,CSARVGSEVNEQFF,TGCAGTGCTAGAGTGGGGTCGGAAGTCAATGAGCAGTTCTTC,3053,11,clonotype2,clonotype2_consensus_1
CTCGTCAGTCTCGTTC-1,True,CTCGTCAGTCTCGTTC-1_contig_1,True,505,TRA,TRAV1-2,None,TRAJ33,TRAC,True,True,CAATDSNYQLIW,TGTGCTGCGACTGATAGCAACTATCAGTTAATCTGG,204,2,clonotype1,clonotype1_consensus_2
CTCGTCAGTCTCGTTC-1,True,CTCGTCAGTCTCGTTC-1_contig_2,True,485,TRB,TRBV20-1,None,TRBJ2-1,TRBC2,True,True,CSARVGSEVNEQFF,TGCAGTGCTAGAGTGGGGTCGGAAGTCAATGAGCAGTTCTTC,391,3,clonotype1,clonotype1_consensus_1
CTCGTCAGTCTGCGGT-1,True,CTCGTCAGTCTGCGGT-1_contig_1,True,505,TRA,TRAV1-2,None,TRAJ33,TRAC,True,True,CAATDSNYQLIW,TGTGCTGCGACTGATAGCAACTATCAGTTAATCTGG,213,2,clonotype1,clonotype1_consensus_2
CTCGTCAGTCTGCGGT-1,True,CTCGTCAGTCTGCGGT-1_contig_2,True,492,TRB,TRBV20-1,None,TRBJ2-1,TRBC2,True,True,CSARVGSEVNEQFF,TGCAGTGCTAGAGTGGGGTCGGAAGTCAATGAGCAGTTCTTC,2194,8,clonotype1,clonotype1_consensus_1
CTCGTCAGTCTGCGGT-1,True,CTCGTCAGTCTGCGGT-1_contig_3,True,436,TRA,TRAV10,None,TRAJ24,TRAC,True,False,None,None,49,2,clonotype1,None
CTCGTCAGTGACTACT-1,True,CTCGTCAGTGACTACT-1_contig_1,True,448,TRA,TRAV9-2,None,TRAJ20,TRAC,True,True,CALSSYSNDYKLSF,TGTGCTCTGAGCTCCTATTCTAACGACTACAAGCTCAGCTTT,52,2,clonotype51,clonotype51_consensus_2
CTCGTCAGTGACTACT-1,True,CTCGTCAGTGACTACT-1_contig_2,True,507,TRB,TRBV5-5,None,TRBJ1-1,TRBC1,True,True,CASSPAPDTEAFF,TGTGCCAGCAGCCCCGCTCCGGACACTGAAGCTTTCTTT,2561,5,clonotype51,clonotype51_consensus_1
CTCGTCAGTGTCAATC-1,True,CTCGTCAGTGTCAATC-1_contig_1,True,492,TRB,TRBV20-1,None,TRBJ2-1,TRBC2,True,True,CSARVGSEVNEQFF,TGCAGTGCTAGAGTGGGGTCGGAAGTCAATGAGCAGTTCTTC,1810,8,clonotype2,clonotype2_consensus_1
CTCGTCAGTGTCAATC-1,True,CTCGTCAGTGTCAATC-1_contig_2,True,459,TRA,TRAV10,None,TRAJ24,TRAC,True,False,None,None,669,4,clonotype2,None
CTCGTCAGTGTGACGA-1,True,CTCGTCAGTGTGACGA-1_contig_1,True,505,TRA,TRAV1-2,None,TRAJ33,TRAC,True,True,CAATDSNYQLIW,TGTGCTGCGACTGATAGCAACTATCAGTTAATCTGG,451,6,clonotype1,clonotype1_consensus_2
CTCGTCAGTGTGACGA-1,True,CTCGTCAGTGTGACGA-1_contig_2,True,498,TRB,TRBV20-1,None,TRBJ2-1,TRBC2,True,True,CSARVGSEVNEQFF,TGCAGTGCTAGAGTGGGGTCGGAAGTCAATGAGCAGTTCTTC,1255,10,clonotype1,clonotype1_consensus_1
CTCGTCAGTTAAAGAC-1,True,CTCGTCAGTTAAAGAC-1_contig_1,True,498,TRB,TRBV20-1,None,TRBJ2-1,TRBC2,True,True,CSARVGSEVNEQFF,TGCAGTGCTAGAGTGGGGTCGGAAGTCAATGAGCAGTTCTTC,371,5,clonotype2,clonotype2_consensus_1
CTCGTCAGTTTAGGAA-1,True,CTCGTCAGTTTAGGAA-1_contig_1,True,518,TRB,TRBV20-1,None,TRBJ1-6,TRBC1,True,True,CSASFTGDSPLHF,TGCAGTGCTAGCTTTACAGGCGATTCACCCCTCCACTTT,3419,8,clonotype2045,clonotype2045_consensus_2
CTCGTCAGTTTAGGAA-1,True,CTCGTCAGTTTAGGAA-1_contig_2,True,674,TRA,TRAV8-3,None,TRAJ48,TRAC,True,True,CAVLFGNEKLTF,TGTGCTGTTCTGTTTGGAAATGAGAAATTAACCTTT,179,1,clonotype2045,clonotype2045_consensus_1
CTCGTCAGTTTAGGAA-1,True,CTCGTCAGTTTAGGAA-1_contig_3,True,387,TRB,None,None,TRBJ2-7,TRBC2,False,False,None,None,467,1,clonotype2045,None
CTCGTCATCAAGCCTA-1,True,CTCGTCATCAAGCCTA-1_contig_1,True,505,TRA,TRAV1-2,None,TRAJ33,TRAC,True,True,CAATDSNYQLIW,TGTGCTGCGACTGATAGCAACTATCAGTTAATCTGG,1120,5,clonotype1,clonotype1_consensus_2
CTCGTCATCAAGCCTA-1,True,CTCGTCATCAAGCCTA-1_contig_2,True,498,TRB,TRBV20-1,None,TRBJ2-1,TRBC2,True,True,CSARVGSEVNEQFF,TGCAGTGCTAGAGTGGGGTCGGAAGTCAATGAGCAGTTCTTC,1598,9,clonotype1,clonotype1_consensus_1
CTCGTCATCCAGTAGT-1,True,CTCGTCATCCAGTAGT-1_contig_1,True,477,TRA,TRAV1-2,None,TRAJ33,None,True,True,CAATDSNYQLIW,TGTGCTGCGACTGATAGCAACTATCAGTTAATCTGG,258,3,clonotype1,clonotype1_consensus_2
CTCGTCATCCAGTAGT-1,True,CTCGTCATCCAGTAGT-1_contig_2,True,521,TRB,TRBV20-1,None,TRBJ2-1,TRBC2,True,True,CSARVGSEVNEQFF,TGCAGTGCTAGAGTGGGGTCGGAAGTCAATGAGCAGTTCTTC,988,6,clonotype1,clonotype1_consensus_1
CTCGTCATCCGAGCCA-1,True,CTCGTCATCCGAGCCA-1_contig_1,True,505,TRA,TRAV1-2,None,TRAJ33,TRAC,True,True,CAATDSNYQLIW,TGTGCTGCGACTGATAGCAACTATCAGTTAATCTGG,1302,3,clonotype1,clonotype1_consensus_2
CTCGTCATCCGAGCCA-1,True,CTCGTCATCCGAGCCA-1_contig_2,True,497,TRB,TRBV20-1,None,TRBJ2-1,TRBC2,True,True,CSARVGSEVNEQFF,TGCAGTGCTAGAGTGGGGTCGGAAGTCAATGAGCAGTTCTTC,906,6,clonotype1,clonotype1_consensus_1
CTCGTCATCTCACATT-1,True,CTCGTCATCTCACATT-1_contig_1,True,505,TRA,TRAV1-2,None,TRAJ33,TRAC,True,True,CAATDSNYQLIW,TGTGCTGCGACTGATAGCAACTATCAGTTAATCTGG,1290,6,clonotype1,clonotype1_consensus_2
CTCGTCATCTCACATT-1,True,CTCGTCATCTCACATT-1_contig_2,True,495,TRB,TRBV20-1,None,TRBJ2-1,TRBC2,True,True,CSARVGSEVNEQFF,TGCAGTGCTAGAGTGGGGTCGGAAGTCAATGAGCAGTTCTTC,602,3,clonotype1,clonotype1_consensus_1
CTCGTCATCTCACATT-1,True,CTCGTCATCTCACATT-1_contig_3,True,482,TRA,TRAV10,None,TRAJ24,TRAC,True,False,None,None,5291,4,clonotype1,None
CTCGTCATCTCACATT-1,True,CTCGTCATCTCACATT-1_contig_4,True,430,TRB,None,None,TRBJ1-5,None,False,False,None,None,38,1,clonotype1,None
CTCGTCATCTGAGGGA-1,True,CTCGTCATCTGAGGGA-1_contig_1,True,503,TRA,TRAV1-2,None,TRAJ33,TRAC,True,True,CAATDSNYQLIW,TGTGCTGCGACTGATAGCAACTATCAGTTAATCTGG,325,2,clonotype1,clonotype1_consensus_2
CTCGTCATCTGAGGGA-1,True,CTCGTCATCTGAGGGA-1_contig_2,True,473,TRB,TRBV20-1,None,TRBJ2-1,TRBC2,True,True,CSARVGSEVNEQFF,TGCAGTGCTAGAGTGGGGTCGGAAGTCAATGAGCAGTTCTTC,2294,8,clonotype1,clonotype1_consensus_1
CTCGTCATCTGAGGGA-1,True,CTCGTCATCTGAGGGA-1_contig_3,True,457,TRA,TRAV10,None,TRAJ24,TRAC,True,False,None,None,189,1,clonotype1,None
CTCGTCATCTTCAACT-1,True,CTCGTCATCTTCAACT-1_contig_1,True,505,TRB,TRBV5-5,None,TRBJ2-4,TRBC2,True,True,CASSPPGTIQYF,TGTGCCAGCAGCCCCCCGGGCACCATTCAGTACTTC,3951,17,clonotype2046,clonotype2046_consensus_1
CTCGTCATCTTCAACT-1,True,CTCGTCATCTTCAACT-1_contig_2,True,682,TRA,TRAV8-3,None,TRAJ36,TRAC,True,True,CAVGGETGANNLFF,TGTGCTGTGGGTGGTGAAACTGGGGCAAACAACCTCTTCTTT,2153,3,clonotype2046,clonotype2046_consensus_2
CTCTAATAGACACGAC-1,True,CTCTAATAGACACGAC-1_contig_1,True,496,TRA,TRAV1-1,None,TRAJ17,TRAC,True,True,CAVRRIKAAGNKLTF,TGCGCTGTGAGACGGATCAAAGCTGCAGGCAACAAGCTAACTTTT,1977,5,clonotype2047,clonotype2047_consensus_1
CTCTAATAGACACGAC-1,True,CTCTAATAGACACGAC-1_contig_2,True,484,TRA,TRAV1-1,None,TRAJ26,TRAC,True,True,CALNYGQNFVF,TGCGCTCTTAACTATGGTCAGAATTTTGTCTTT,3190,12,clonotype2047,clonotype2047_consensus_2
CTCTAATAGACACGAC-1,True,CTCTAATAGACACGAC-1_contig_3,True,661,TRB,TRBV5-6,None,TRBJ1-1,TRBC1,True,True,CASSLVGQGNTEAFF,TGTGCCAGCAGCTTGGTGGGACAGGGGAACACTGAAGCTTTCTTT,1961,12,clonotype2047,clonotype2047_consensus_3
CTCTAATAGACTTTCG-1,True,CTCTAATAGACTTTCG-1_contig_1,True,626,TRB,TRBV19,None,TRBJ2-1,TRBC2,True,True,CATPVVGNEQFF,TGTGCCACGCCCGTCGTAGGAAATGAGCAGTTCTTC,1005,7,clonotype2048,clonotype2048_consensus_1
CTCTAATAGACTTTCG-1,True,CTCTAATAGACTTTCG-1_contig_2,True,442,TRB,TRBV20-1,None,TRBJ2-3,TRBC2,True,False,CSARGGQGLSTDTQYF,TGCAGTGCTAGAGGGGGACAGGGCCTGAGCACAGATACGCAGTATTTT,178,2,clonotype2048,None
CTCTAATAGTGGCACA-1,True,CTCTAATAGTGGCACA-1_contig_1,True,487,TRB,TRBV5-6,None,TRBJ2-7,TRBC2,True,True,CASSPTRGLEQYF,TGTGCCAGCAGCCCGACCAGGGGGCTCGAGCAGTACTTC,887,7,clonotype2049,clonotype2049_consensus_1
CTCTAATAGTGTCCCG-1,True,CTCTAATAGTGTCCCG-1_contig_1,True,505,TRA,TRAV1-2,None,TRAJ33,TRAC,True,True,CAATDSNYQLIW,TGTGCTGCGACTGATAGCAACTATCAGTTAATCTGG,553,4,clonotype1,clonotype1_consensus_2
CTCTAATAGTGTCCCG-1,True,CTCTAATAGTGTCCCG-1_contig_2,True,498,TRB,TRBV20-1,None,TRBJ2-1,TRBC2,True,True,CSARVGSEVNEQFF,TGCAGTGCTAGAGTGGGGTCGGAAGTCAATGAGCAGTTCTTC,1474,6,clonotype1,clonotype1_consensus_1
CTCTAATCAAGCGAGT-1,True,CTCTAATCAAGCGAGT-1_contig_1,True,498,TRB,TRBV20-1,None,TRBJ2-1,TRBC2,True,True,CSARVGSEVNEQFF,TGCAGTGCTAGAGTGGGGTCGGAAGTCAATGAGCAGTTCTTC,2218,11,clonotype2,clonotype2_consensus_1
CTCTAATCACATGTGT-1,True,CTCTAATCACATGTGT-1_contig_1,True,521,TRB,TRBV20-1,None,TRBJ2-1,TRBC2,True,True,CSARVGSEVNEQFF,TGCAGTGCTAGAGTGGGGTCGGAAGTCAATGAGCAGTTCTTC,3069,5,clonotype2,clonotype2_consensus_1
CTCTAATCACCGTTGG-1,True,CTCTAATCACCGTTGG-1_contig_1,True,498,TRB,TRBV20-1,None,TRBJ2-3,TRBC2,True,True,CSARGLAETDTQYF,TGCAGTGCTAGGGGACTAGCGGAAACAGATACGCAGTATTTT,1671,11,clonotype2050,clonotype2050_consensus_3
CTCTAATCACCGTTGG-1,True,CTCTAATCACCGTTGG-1_contig_2,True,517,TRA,TRAV14/DV4,None,TRAJ26,TRAC,True,True,CAPGDYGQNFVF,TGTGCCCCAGGGGACTATGGTCAGAATTTTGTCTTT,401,3,clonotype2050,clonotype2050_consensus_2
CTCTAATCACCGTTGG-1,True,CTCTAATCACCGTTGG-1_contig_3,True,571,TRA,TRAV19,None,TRAJ39,TRAC,True,True,CALSEAYDNAGNMLTF,TGTGCTCTGAGTGAGGCGTACGATAATGCAGGCAACATGCTCACCTTT,3612,3,clonotype2050,clonotype2050_consensus_1
CTCTAATCAGCCAGAA-1,True,CTCTAATCAGCCAGAA-1_contig_1,True,505,TRA,TRAV1-2,None,TRAJ33,TRAC,True,True,CAATDSNYQLIW,TGTGCTGCGACTGATAGCAACTATCAGTTAATCTGG,961,4,clonotype1,clonotype1_consensus_2
CTCTAATCAGCCAGAA-1,True,CTCTAATCAGCCAGAA-1_contig_2,True,521,TRB,TRBV20-1,None,TRBJ2-1,TRBC2,True,True,CSARVGSEVNEQFF,TGCAGTGCTAGAGTGGGGTCGGAAGTCAATGAGCAGTTCTTC,1450,10,clonotype1,clonotype1_consensus_1
CTCTAATCAGCTTCGG-1,True,CTCTAATCAGCTTCGG-1_contig_1,True,515,TRB,TRBV20-1,None,TRBJ1-1,TRBC1,True,True,CSASKLNTEAFF,TGCAGTGCTAGTAAATTGAACACTGAAGCTTTCTTT,3383,10,clonotype2051,clonotype2051_consensus_1
CTCTAATCAGCTTCGG-1,True,CTCTAATCAGCTTCGG-1_contig_2,True,498,TRA,TRAV12-3,None,TRAJ8,TRAC,True,True,CAIRDTGFQKLVF,TGTGCAATAAGGGACACAGGCTTTCAGAAACTTGTATTT,713,1,clonotype2051,clonotype2051_consensus_2
CTCTAATGTCCAACTA-1,True,CTCTAATGTCCAACTA-1_contig_1,True,509,TRB,TRBV20-1,None,TRBJ2-5,TRBC2,True,True,CSARGETQYF,TGCAGTGCTAGGGGTGAGACCCAGTACTTC,2556,10,clonotype2052,clonotype2052_consensus_1
CTCTAATGTCTCGTTC-1,True,CTCTAATGTCTCGTTC-1_contig_1,True,601,TRA,TRAV12-1,None,TRAJ9,TRAC,True,True,CVVIRNTGGFKTIF,TGTGTGGTGATCCGAAATACTGGAGGCTTCAAAACTATCTTT,537,2,clonotype328,clonotype328_consensus_2
CTCTAATGTCTCGTTC-1,True,CTCTAATGTCTCGTTC-1_contig_2,True,539,TRB,TRBV20-1,None,TRBJ2-3,TRBC2,True,True,CSARGDRTSGPFYFTDTQYF,TGCAGTGCTAGGGGGGATCGGACTAGCGGGCCCTTTTATTTCACAGATACGCAGTATTTT,495,6,clonotype328,clonotype328_consensus_1
CTCTAATGTCTCGTTC-1,True,CTCTAATGTCTCGTTC-1_contig_3,True,664,TRA,TRAV8-3,None,TRAJ12,TRAC,True,False,None,None,242,2,clonotype328,None
CTCTAATGTCTTCTCG-1,True,CTCTAATGTCTTCTCG-1_contig_1,True,473,TRB,TRBV20-1,None,TRBJ2-1,TRBC2,True,True,CSARVGSEVNEQFF,TGCAGTGCTAGAGTGGGGTCGGAAGTCAATGAGCAGTTCTTC,707,5,clonotype2,clonotype2_consensus_1
CTCTAATGTCTTCTCG-1,True,CTCTAATGTCTTCTCG-1_contig_2,True,383,TRA,TRAV1-2,None,TRAJ33,TRAC,True,False,CAATDSNYQLIW,TGTGCTGCGACTGATAGCAACTATCAGTTAATCTGG,431,3,clonotype2,None
CTCTAATGTGACTACT-1,True,CTCTAATGTGACTACT-1_contig_1,True,515,TRB,TRBV20-1,None,TRBJ1-1,TRBC1,True,True,CSASPGSGEAFF,TGCAGTGCTAGTCCCGGATCCGGTGAAGCTTTCTTT,2434,10,clonotype2053,clonotype2053_consensus_1
CTCTAATGTGACTACT-1,True,CTCTAATGTGACTACT-1_contig_2,True,574,TRA,TRAV8-1,None,TRAJ9,TRAC,True,True,CAVNVGTGGFKTIF,TGTGCCGTGAATGTTGGTACTGGAGGCTTCAAAACTATCTTT,163,5,clonotype2053,clonotype2053_consensus_2
CTCTAATTCAGTGTTG-1,True,CTCTAATTCAGTGTTG-1_contig_1,True,508,TRA,TRAV20,None,TRAJ24,TRAC,True,True,CAVMTTDSWGKFQF,TGTGCTGTTATGACAACTGACAGCTGGGGGAAATTCCAGTTT,1065,1,clonotype7,clonotype7_consensus_2
CTCTAATTCAGTGTTG-1,True,CTCTAATTCAGTGTTG-1_contig_2,True,506,TRB,TRBV5-5,None,TRBJ2-7,TRBC2,True,True,CASSSLVEQGAYEQYF,TGTGCCAGCAGCTCGCTCGTAGAGCAGGGGGCCTACGAGCAGTACTTC,1440,10,clonotype7,clonotype7_consensus_1
CTCTAATTCCTTGGTC-1,True,CTCTAATTCCTTGGTC-1_contig_1,True,518,TRB,TRBV20-1,None,TRBJ2-1,TRBC2,True,True,CSVPYYTMVEQFF,TGCAGTGTCCCCTATTACACGATGGTTGAGCAGTTCTTC,702,2,clonotype2054,clonotype2054_consensus_2
CTCTAATTCCTTGGTC-1,True,CTCTAATTCCTTGGTC-1_contig_2,True,526,TRA,TRAV17,None,TRAJ43,TRAC,True,True,CATDGDDMRF,TGTGCTACGGACGGGGATGACATGCGCTTT,285,2,clonotype2054,clonotype2054_consensus_1
CTCTAATTCCTTGGTC-1,True,CTCTAATTCCTTGGTC-1_contig_3,True,409,TRA,TRAV26-2,None,None,TRAC,False,False,None,None,428,2,clonotype2054,None
CTCTAATTCGACAGCC-1,True,CTCTAATTCGACAGCC-1_contig_1,True,512,TRA,TRAV13-2,None,TRAJ53,TRAC,True,True,CAENSGGSNYKLTF,TGTGCAGAGAATAGTGGAGGTAGCAACTATAAACTGACATTT,2803,1,clonotype57,clonotype57_consensus_2
CTCTAATTCGACAGCC-1,True,CTCTAATTCGACAGCC-1_contig_2,True,524,TRB,TRBV20-1,None,TRBJ2-1,TRBC2,True,True,CSAKSGQGNYNEQFF,TGCAGTGCTAAGTCAGGACAGGGGAATTACAATGAGCAGTTCTTC,1282,7,clonotype57,clonotype57_consensus_1
CTCTAATTCGACAGCC-1,True,CTCTAATTCGACAGCC-1_contig_3,True,522,TRA,TRAV27,None,TRAJ45,TRAC,True,False,None,None,96,2,clonotype57,None
CTCTAATTCGTGACAT-1,True,CTCTAATTCGTGACAT-1_contig_1,True,498,TRB,TRBV20-1,None,TRBJ2-1,TRBC2,True,True,CSARVGSEVNEQFF,TGCAGTGCTAGAGTGGGGTCGGAAGTCAATGAGCAGTTCTTC,2318,10,clonotype2,clonotype2_consensus_1
CTCTAATTCGTGACAT-1,True,CTCTAATTCGTGACAT-1_contig_2,True,465,TRA,TRAV10,None,TRAJ24,TRAC,True,False,None,None,620,2,clonotype2,None
CTCTAATTCTGGCGTG-1,True,CTCTAATTCTGGCGTG-1_contig_1,True,498,TRB,TRBV20-1,None,TRBJ2-1,TRBC2,True,True,CSARVGSEVNEQFF,TGCAGTGCTAGAGTGGGGTCGGAAGTCAATGAGCAGTTCTTC,672,6,clonotype2,clonotype2_consensus_1
CTCTAATTCTGGCGTG-1,True,CTCTAATTCTGGCGTG-1_contig_2,True,457,TRA,TRAV10,None,TRAJ24,TRAC,True,False,None,None,453,1,clonotype2,None
CTCTACGAGAATCTCC-1,True,CTCTACGAGAATCTCC-1_contig_1,True,502,TRA,TRAV13-2,None,TRAJ17,TRAC,True,True,CAEKGAAGNKLTF,TGTGCAGAGAAAGGAGCTGCAGGCAACAAGCTAACTTTT,133,3,clonotype2055,clonotype2055_consensus_2
CTCTACGAGAATCTCC-1,True,CTCTACGAGAATCTCC-1_contig_2,True,484,TRB,TRBV5-5,None,TRBJ2-7,TRBC2,True,True,CASSLVRTGGEQYF,TGTGCCAGCAGCTTGGTACGTACCGGGGGCGAGCAGTACTTC,181,2,clonotype2055,clonotype2055_consensus_1
CTCTACGAGAGAGCTC-1,True,CTCTACGAGAGAGCTC-1_contig_1,True,505,TRA,TRAV1-2,None,TRAJ33,TRAC,True,True,CAATDSNYQLIW,TGTGCTGCGACTGATAGCAACTATCAGTTAATCTGG,144,2,clonotype1,clonotype1_consensus_2
CTCTACGAGAGAGCTC-1,True,CTCTACGAGAGAGCTC-1_contig_2,True,518,TRB,TRBV20-1,None,TRBJ2-1,TRBC2,True,True,CSARVGSEVNEQFF,TGCAGTGCTAGAGTGGGGTCGGAAGTCAATGAGCAGTTCTTC,850,7,clonotype1,clonotype1_consensus_1
CTCTACGAGAGAGCTC-1,True,CTCTACGAGAGAGCTC-1_contig_3,True,482,TRA,TRAV10,None,TRAJ24,TRAC,True,False,None,None,759,3,clonotype1,None
CTCTACGAGCCACGCT-1,True,CTCTACGAGCCACGCT-1_contig_1,True,671,TRA,TRAV8-3,None,TRAJ5,TRAC,True,True,CAVTGRRALTF,TGTGCTGTCACGGGCAGGAGAGCACTTACTTTT,211,4,clonotype2056,clonotype2056_consensus_1
CTCTACGAGCCACGCT-1,True,CTCTACGAGCCACGCT-1_contig_2,True,521,TRB,TRBV20-1,None,TRBJ2-2,TRBC2,True,True,CSAKAGGNTGELFF,TGCAGTGCTAAAGCGGGGGGGAACACCGGGGAGCTGTTTTTT,3829,17,clonotype2056,clonotype2056_consensus_2
CTCTACGAGTTCCACA-1,True,CTCTACGAGTTCCACA-1_contig_1,True,505,TRA,TRAV1-2,None,TRAJ33,TRAC,True,True,CAATDSNYQLIW,TGTGCTGCGACTGATAGCAACTATCAGTTAATCTGG,594,2,clonotype1,clonotype1_consensus_2
CTCTACGAGTTCCACA-1,True,CTCTACGAGTTCCACA-1_contig_2,True,485,TRB,TRBV20-1,None,TRBJ2-1,TRBC2,True,True,CSARVGSEVNEQFF,TGCAGTGCTAGAGTGGGGTCGGAAGTCAATGAGCAGTTCTTC,1609,9,clonotype1,clonotype1_consensus_1
CTCTACGAGTTCCACA-1,True,CTCTACGAGTTCCACA-1_contig_3,True,482,TRA,TRAV10,None,TRAJ24,TRAC,True,False,None,None,514,3,clonotype1,None
CTCTACGGTAAGTGTA-1,True,CTCTACGGTAAGTGTA-1_contig_1,True,498,TRB,TRBV20-1,None,TRBJ2-1,TRBC2,True,True,CSARVGSEVNEQFF,TGCAGTGCTAGAGTGGGGTCGGAAGTCAATGAGCAGTTCTTC,6476,7,clonotype2,clonotype2_consensus_1
CTCTACGGTCAGTGGA-1,True,CTCTACGGTCAGTGGA-1_contig_1,True,482,TRA,TRAV1-2,None,TRAJ33,TRAC,True,True,CAATDSNYQLIW,TGTGCTGCGACTGATAGCAACTATCAGTTAATCTGG,449,2,clonotype1,clonotype1_consensus_2
CTCTACGGTCAGTGGA-1,True,CTCTACGGTCAGTGGA-1_contig_2,True,521,TRB,TRBV20-1,None,TRBJ2-1,TRBC2,True,True,CSARVGSEVNEQFF,TGCAGTGCTAGAGTGGGGTCGGAAGTCAATGAGCAGTTCTTC,1702,8,clonotype1,clonotype1_consensus_1
CTCTACGGTCAGTGGA-1,True,CTCTACGGTCAGTGGA-1_contig_3,True,482,TRA,TRAV10,None,TRAJ24,TRAC,True,False,None,None,343,1,clonotype1,None
CTCTACGGTCTTTCAT-1,True,CTCTACGGTCTTTCAT-1_contig_1,True,505,TRA,TRAV1-2,None,TRAJ33,TRAC,True,True,CAATDSNYQLIW,TGTGCTGCGACTGATAGCAACTATCAGTTAATCTGG,470,4,clonotype1,clonotype1_consensus_2
CTCTACGGTCTTTCAT-1,True,CTCTACGGTCTTTCAT-1_contig_2,True,498,TRB,TRBV20-1,None,TRBJ2-1,TRBC2,True,True,CSARVGSEVNEQFF,TGCAGTGCTAGAGTGGGGTCGGAAGTCAATGAGCAGTTCTTC,2856,9,clonotype1,clonotype1_consensus_1
CTCTACGGTCTTTCAT-1,True,CTCTACGGTCTTTCAT-1_contig_3,True,462,TRA,TRAV10,None,TRAJ24,TRAC,True,False,None,None,196,1,clonotype1,None
CTCTACGGTGAGGCTA-1,True,CTCTACGGTGAGGCTA-1_contig_1,True,505,TRA,TRAV1-2,None,TRAJ33,TRAC,True,True,CAATDSNYQLIW,TGTGCTGCGACTGATAGCAACTATCAGTTAATCTGG,245,4,clonotype1,clonotype1_consensus_2
CTCTACGGTGAGGCTA-1,True,CTCTACGGTGAGGCTA-1_contig_2,True,485,TRB,TRBV20-1,None,TRBJ2-1,TRBC2,True,True,CSARVGSEVNEQFF,TGCAGTGCTAGAGTGGGGTCGGAAGTCAATGAGCAGTTCTTC,1867,7,clonotype1,clonotype1_consensus_1
CTCTACGGTGCTCTTC-1,True,CTCTACGGTGCTCTTC-1_contig_1,True,505,TRA,TRAV1-2,None,TRAJ33,TRAC,True,True,CAATDSNYQLIW,TGTGCTGCGACTGATAGCAACTATCAGTTAATCTGG,267,5,clonotype1,clonotype1_consensus_2
CTCTACGGTGCTCTTC-1,True,CTCTACGGTGCTCTTC-1_contig_2,True,492,TRB,TRBV20-1,None,TRBJ2-1,TRBC2,True,True,CSARVGSEVNEQFF,TGCAGTGCTAGAGTGGGGTCGGAAGTCAATGAGCAGTTCTTC,2907,10,clonotype1,clonotype1_consensus_1
CTCTACGGTGGCTCCA-1,True,CTCTACGGTGGCTCCA-1_contig_1,True,521,TRB,TRBV20-1,None,TRBJ2-1,TRBC2,True,True,CSARVGSEVNEQFF,TGCAGTGCTAGAGTGGGGTCGGAAGTCAATGAGCAGTTCTTC,1574,6,clonotype2,clonotype2_consensus_1
CTCTACGGTTTAAGCC-1,True,CTCTACGGTTTAAGCC-1_contig_1,True,518,TRB,TRBV20-1,None,TRBJ2-1,TRBC2,True,True,CSARWLAGVREQFF,TGCAGTGCTAGATGGCTAGCGGGGGTCCGTGAGCAGTTCTTC,3481,19,clonotype121,clonotype121_consensus_2
CTCTACGGTTTAAGCC-1,True,CTCTACGGTTTAAGCC-1_contig_2,True,563,TRA,TRAV22,None,TRAJ9,TRAC,True,True,CAVEGTGGFKTIF,TGTGCTGTGGAAGGTACTGGAGGCTTCAAAACTATCTTT,1901,8,clonotype121,clonotype121_consensus_1
CTCTACGTCAATCACG-1,True,CTCTACGTCAATCACG-1_contig_1,True,505,TRA,TRAV1-2,None,TRAJ33,TRAC,True,True,CAATDSNYQLIW,TGTGCTGCGACTGATAGCAACTATCAGTTAATCTGG,631,5,clonotype1,clonotype1_consensus_2
CTCTACGTCAATCACG-1,True,CTCTACGTCAATCACG-1_contig_2,True,521,TRB,TRBV20-1,None,TRBJ2-1,TRBC2,True,True,CSARVGSEVNEQFF,TGCAGTGCTAGAGTGGGGTCGGAAGTCAATGAGCAGTTCTTC,1281,12,clonotype1,clonotype1_consensus_1
CTCTACGTCACATAGC-1,True,CTCTACGTCACATAGC-1_contig_1,True,505,TRA,TRAV1-2,None,TRAJ33,TRAC,True,True,CAATDSNYQLIW,TGTGCTGCGACTGATAGCAACTATCAGTTAATCTGG,2293,5,clonotype1,clonotype1_consensus_2
CTCTACGTCACATAGC-1,True,CTCTACGTCACATAGC-1_contig_2,True,521,TRB,TRBV20-1,None,TRBJ2-1,TRBC2,True,True,CSARVGSEVNEQFF,TGCAGTGCTAGAGTGGGGTCGGAAGTCAATGAGCAGTTCTTC,550,3,clonotype1,clonotype1_consensus_1
CTCTACGTCACATAGC-1,True,CTCTACGTCACATAGC-1_contig_3,True,502,TRA,TRAV10,None,TRAJ24,TRAC,True,False,None,None,113,2,clonotype1,None
CTCTACGTCACATAGC-1,True,CTCTACGTCACATAGC-1_contig_4,True,416,TRB,None,None,TRBJ1-5,TRBC1,False,False,None,None,239,1,clonotype1,None
CTCTACGTCATGGTCA-1,True,CTCTACGTCATGGTCA-1_contig_1,True,505,TRA,TRAV1-2,None,TRAJ33,TRAC,True,True,CAATDSNYQLIW,TGTGCTGCGACTGATAGCAACTATCAGTTAATCTGG,659,5,clonotype1,clonotype1_consensus_2
CTCTACGTCATGGTCA-1,True,CTCTACGTCATGGTCA-1_contig_2,True,521,TRB,TRBV20-1,None,TRBJ2-1,TRBC2,True,True,CSARVGSEVNEQFF,TGCAGTGCTAGAGTGGGGTCGGAAGTCAATGAGCAGTTCTTC,3533,16,clonotype1,clonotype1_consensus_1
CTCTACGTCCTACAGA-1,True,CTCTACGTCCTACAGA-1_contig_1,True,490,TRA,TRAV1-1,None,TRAJ33,TRAC,True,True,CAVRDGGNYQLIW,TGCGCTGTGAGAGATGGGGGCAACTATCAGTTAATCTGG,660,4,clonotype2057,clonotype2057_consensus_2
CTCTACGTCCTACAGA-1,True,CTCTACGTCCTACAGA-1_contig_2,True,523,TRA,TRAV1-2,None,TRAJ24,TRAC,True,True,CAVRDRRVTTDSWGKLQF,TGTGCTGTGAGAGATCGGCGGGTGACAACTGACAGCTGGGGGAAATTGCAGTTT,1455,6,clonotype2057,clonotype2057_consensus_3
CTCTACGTCCTACAGA-1,True,CTCTACGTCCTACAGA-1_contig_3,True,711,TRB,TRBV5-6,None,TRBJ1-2,TRBC1,True,True,CASSLEGGHPSNTF,TGTGCCAGCAGCTTGGAAGGGGGCCACCCTTCTAACACCTTC,2010,7,clonotype2057,clonotype2057_consensus_1
CTCTACGTCCTAGGGC-1,True,CTCTACGTCCTAGGGC-1_contig_1,True,470,TRB,TRBV9,None,TRBJ1-4,TRBC1,True,True,CASSAPQKIF,TGTGCCAGCAGCGCCCCGCAAAAGATTTTT,1363,9,clonotype2058,clonotype2058_consensus_1
CTCTACGTCCTAGGGC-1,True,CTCTACGTCCTAGGGC-1_contig_2,True,492,TRA,TRAV12-3,None,TRAJ43,TRAC,True,True,CAMSLNNDMRF,TGTGCAATGAGCCTTAACAATGACATGCGCTTT,1098,4,clonotype2058,clonotype2058_consensus_2
CTCTACGTCGTCCGTT-1,True,CTCTACGTCGTCCGTT-1_contig_1,True,489,TRA,TRAV1-2,None,TRAJ33,TRAC,True,True,CAATDSNYQLIW,TGTGCTGCGACTGATAGCAACTATCAGTTAATCTGG,302,2,clonotype1,clonotype1_consensus_2
CTCTACGTCGTCCGTT-1,True,CTCTACGTCGTCCGTT-1_contig_2,True,521,TRB,TRBV20-1,None,TRBJ2-1,TRBC2,True,True,CSARVGSEVNEQFF,TGCAGTGCTAGAGTGGGGTCGGAAGTCAATGAGCAGTTCTTC,885,7,clonotype1,clonotype1_consensus_1
CTCTGGTAGAGGTAGA-1,True,CTCTGGTAGAGGTAGA-1_contig_1,True,505,TRA,TRAV1-2,None,TRAJ33,TRAC,True,True,CAATDSNYQLIW,TGTGCTGCGACTGATAGCAACTATCAGTTAATCTGG,463,3,clonotype1,clonotype1_consensus_2
CTCTGGTAGAGGTAGA-1,True,CTCTGGTAGAGGTAGA-1_contig_2,True,521,TRB,TRBV20-1,None,TRBJ2-1,TRBC2,True,True,CSARVGSEVNEQFF,TGCAGTGCTAGAGTGGGGTCGGAAGTCAATGAGCAGTTCTTC,1331,15,clonotype1,clonotype1_consensus_1
CTCTGGTAGAGGTAGA-1,True,CTCTGGTAGAGGTAGA-1_contig_3,True,455,TRA,TRAV10,None,TRAJ24,TRAC,True,False,None,None,335,3,clonotype1,None
CTCTGGTAGCGACGTA-1,True,CTCTGGTAGCGACGTA-1_contig_1,True,521,TRB,TRBV20-1,None,TRBJ2-1,TRBC2,True,True,CSARVGSEVNEQFF,TGCAGTGCTAGAGTGGGGTCGGAAGTCAATGAGCAGTTCTTC,1958,7,clonotype2,clonotype2_consensus_1
CTCTGGTAGCGACGTA-1,True,CTCTGGTAGCGACGTA-1_contig_2,True,457,TRA,TRAV10,None,TRAJ24,TRAC,True,False,None,None,111,3,clonotype2,None
CTCTGGTAGCTCCCAG-1,True,CTCTGGTAGCTCCCAG-1_contig_1,True,505,TRA,TRAV1-2,None,TRAJ33,TRAC,True,True,CAATDSNYQLIW,TGTGCTGCGACTGATAGCAACTATCAGTTAATCTGG,282,3,clonotype1,clonotype1_consensus_2
CTCTGGTAGCTCCCAG-1,True,CTCTGGTAGCTCCCAG-1_contig_2,True,485,TRB,TRBV20-1,None,TRBJ2-1,TRBC2,True,True,CSARVGSEVNEQFF,TGCAGTGCTAGAGTGGGGTCGGAAGTCAATGAGCAGTTCTTC,1422,4,clonotype1,clonotype1_consensus_1
CTCTGGTAGGCGACAT-1,True,CTCTGGTAGGCGACAT-1_contig_1,True,505,TRA,TRAV1-2,None,TRAJ33,TRAC,True,True,CAATDSNYQLIW,TGTGCTGCGACTGATAGCAACTATCAGTTAATCTGG,865,6,clonotype1,clonotype1_consensus_2
CTCTGGTAGGCGACAT-1,True,CTCTGGTAGGCGACAT-1_contig_2,True,521,TRB,TRBV20-1,None,TRBJ2-1,TRBC2,True,True,CSARVGSEVNEQFF,TGCAGTGCTAGAGTGGGGTCGGAAGTCAATGAGCAGTTCTTC,1888,12,clonotype1,clonotype1_consensus_1
CTCTGGTAGGCGACAT-1,True,CTCTGGTAGGCGACAT-1_contig_3,True,468,TRA,TRAV10,None,TRAJ24,TRAC,True,False,None,None,565,6,clonotype1,None
CTCTGGTAGTCCAGGA-1,True,CTCTGGTAGTCCAGGA-1_contig_1,True,502,TRA,TRAV23/DV6,None,TRAJ21,TRAC,True,True,CAAKDFNKFYF,TGTGCAGCAAAGGACTTCAACAAATTTTACTTT,170,4,clonotype2059,clonotype2059_consensus_2
CTCTGGTAGTCCAGGA-1,True,CTCTGGTAGTCCAGGA-1_contig_2,True,507,TRB,TRBV20-1,None,TRBJ2-3,TRBC2,True,True,CSASNRAGGQRTDTQYF,TGCAGTGCTAGTAATCGGGCGGGGGGGCAACGCACAGATACGCAGTATTTT,2632,16,clonotype2059,clonotype2059_consensus_1
CTCTGGTCAAACCTAC-1,True,CTCTGGTCAAACCTAC-1_contig_1,True,505,TRA,TRAV1-2,None,TRAJ33,TRAC,True,True,CAATDSNYQLIW,TGTGCTGCGACTGATAGCAACTATCAGTTAATCTGG,435,2,clonotype1,clonotype1_consensus_2
CTCTGGTCAAACCTAC-1,True,CTCTGGTCAAACCTAC-1_contig_2,True,521,TRB,TRBV20-1,None,TRBJ2-1,TRBC2,True,True,CSARVGSEVNEQFF,TGCAGTGCTAGAGTGGGGTCGGAAGTCAATGAGCAGTTCTTC,2658,7,clonotype1,clonotype1_consensus_1
CTCTGGTCAAACCTAC-1,True,CTCTGGTCAAACCTAC-1_contig_3,True,462,TRA,TRAV10,None,TRAJ24,TRAC,True,False,None,None,263,1,clonotype1,None
CTCTGGTCAGATAATG-1,True,CTCTGGTCAGATAATG-1_contig_1,True,505,TRA,TRAV1-2,None,TRAJ33,TRAC,True,True,CAATDSNYQLIW,TGTGCTGCGACTGATAGCAACTATCAGTTAATCTGG,265,3,clonotype1,clonotype1_consensus_2
CTCTGGTCAGATAATG-1,True,CTCTGGTCAGATAATG-1_contig_2,True,498,TRB,TRBV20-1,None,TRBJ2-1,TRBC2,True,True,CSARVGSEVNEQFF,TGCAGTGCTAGAGTGGGGTCGGAAGTCAATGAGCAGTTCTTC,528,4,clonotype1,clonotype1_consensus_1
CTCTGGTCAGCTGTGC-1,True,CTCTGGTCAGCTGTGC-1_contig_1,True,479,TRB,TRBV20-1,None,TRBJ1-1,TRBC1,True,True,CSATDRNTEAFF,TGCAGTGCAACAGACAGGAACACTGAAGCTTTCTTT,997,8,clonotype2060,clonotype2060_consensus_1
CTCTGGTCAGCTGTGC-1,True,CTCTGGTCAGCTGTGC-1_contig_2,True,618,TRA,TRAV3,None,TRAJ36,TRAC,True,True,CAVRSRTGANNLFF,TGTGCTGTGAGATCCCGAACTGGGGCAAACAACCTCTTCTTT,650,3,clonotype2060,clonotype2060_consensus_2
CTCTGGTCAGCTGTGC-1,True,CTCTGGTCAGCTGTGC-1_contig_3,True,478,TRA,TRAV13-2,None,TRAJ31,None,True,False,CRVPHARLMF,TGCAGAGTCCCCCATGCCAGACTCATGTTT,79,1,clonotype2060,None
CTCTGGTCAGTATAAG-1,True,CTCTGGTCAGTATAAG-1_contig_1,True,496,TRA,TRAV2,None,TRAJ15,TRAC,True,True,CAVTANQAGTALIF,TGTGCTGTCACGGCCAACCAGGCAGGAACTGCTCTGATCTTT,106,9,clonotype2061,clonotype2061_consensus_2
CTCTGGTCAGTATAAG-1,True,CTCTGGTCAGTATAAG-1_contig_2,True,681,TRB,TRBV5-6,None,TRBJ2-1,TRBC2,True,True,CASRYTGQGGSYNEQFF,TGTGCCAGCAGATATACCGGGCAGGGGGGCAGTTACAATGAGCAGTTCTTC,1586,17,clonotype2061,clonotype2061_consensus_1
CTCTGGTCAGTATAAG-1,True,CTCTGGTCAGTATAAG-1_contig_3,True,539,TRB,None,None,TRBJ1-4,TRBC1,False,False,None,None,1819,8,clonotype2061,None
CTCTGGTGTACCGCTG-1,True,CTCTGGTGTACCGCTG-1_contig_1,True,650,TRB,TRBV5-6,None,TRBJ1-1,TRBC1,True,True,CASSLVGQAFF,TGTGCCAGCAGCTTGGTCGGACAAGCTTTCTTT,492,8,clonotype2062,clonotype2062_consensus_2
CTCTGGTGTACCGCTG-1,True,CTCTGGTGTACCGCTG-1_contig_2,True,672,TRA,TRAV8-3,None,TRAJ5,TRAC,True,True,CAVGAMDTGRRALTF,TGTGCTGTGGGTGCGATGGACACGGGCAGGAGAGCACTTACTTTT,232,3,clonotype2062,clonotype2062_consensus_1
CTCTGGTGTCGAACAG-1,True,CTCTGGTGTCGAACAG-1_contig_1,True,505,TRA,TRAV1-2,None,TRAJ33,TRAC,True,True,CAATDSNYQLIW,TGTGCTGCGACTGATAGCAACTATCAGTTAATCTGG,125,5,clonotype1,clonotype1_consensus_2
CTCTGGTGTCGAACAG-1,True,CTCTGGTGTCGAACAG-1_contig_2,True,521,TRB,TRBV20-1,None,TRBJ2-1,TRBC2,True,True,CSARVGSEVNEQFF,TGCAGTGCTAGAGTGGGGTCGGAAGTCAATGAGCAGTTCTTC,2098,10,clonotype1,clonotype1_consensus_1
CTCTGGTGTCGAACAG-1,True,CTCTGGTGTCGAACAG-1_contig_3,True,309,TRB,None,None,TRBJ1-5,TRBC1,False,False,None,None,432,2,clonotype1,None
CTCTGGTGTCGAACAG-1,True,CTCTGGTGTCGAACAG-1_contig_4,True,591,TRB,None,None,TRBJ1-5,None,False,False,None,None,103,1,clonotype1,None
CTCTGGTGTGCACGAA-1,True,CTCTGGTGTGCACGAA-1_contig_1,True,505,TRA,TRAV1-2,None,TRAJ33,TRAC,True,True,CAATDSNYQLIW,TGTGCTGCGACTGATAGCAACTATCAGTTAATCTGG,825,6,clonotype1,clonotype1_consensus_2
CTCTGGTGTGCACGAA-1,True,CTCTGGTGTGCACGAA-1_contig_2,True,498,TRB,TRBV20-1,None,TRBJ2-1,TRBC2,True,True,CSARVGSEVNEQFF,TGCAGTGCTAGAGTGGGGTCGGAAGTCAATGAGCAGTTCTTC,1006,5,clonotype1,clonotype1_consensus_1
CTCTGGTGTGTTGAGG-1,True,CTCTGGTGTGTTGAGG-1_contig_1,True,505,TRA,TRAV1-2,None,TRAJ33,TRAC,True,True,CAATDSNYQLIW,TGTGCTGCGACTGATAGCAACTATCAGTTAATCTGG,516,3,clonotype1,clonotype1_consensus_2
CTCTGGTGTGTTGAGG-1,True,CTCTGGTGTGTTGAGG-1_contig_2,True,520,TRB,TRBV20-1,None,TRBJ2-1,TRBC2,True,True,CSARVGSEVNEQFF,TGCAGTGCTAGAGTGGGGTCGGAAGTCAATGAGCAGTTCTTC,1021,6,clonotype1,clonotype1_consensus_1
CTCTGGTGTGTTGAGG-1,True,CTCTGGTGTGTTGAGG-1_contig_3,True,482,TRA,TRAV10,None,TRAJ24,TRAC,True,False,None,None,567,4,clonotype1,None
CTCTGGTGTTTGACAC-1,True,CTCTGGTGTTTGACAC-1_contig_1,True,518,TRB,TRBV20-1,None,TRBJ2-1,TRBC2,True,True,CSARVPNYNEQFF,TGCAGTGCTAGAGTCCCTAACTACAATGAGCAGTTCTTC,835,5,clonotype112,clonotype112_consensus_1
CTCTGGTGTTTGACAC-1,True,CTCTGGTGTTTGACAC-1_contig_2,True,488,TRA,TRAV36/DV7,None,TRAJ58,TRAC,True,True,CAASRETSGSRLTF,TGTGCTGCCTCAAGGGAAACCAGTGGCTCTAGGTTGACCTTT,103,1,clonotype112,clonotype112_consensus_2
CTCTGGTGTTTGACAC-1,True,CTCTGGTGTTTGACAC-1_contig_3,True,509,TRA,TRAV38-2/DV8,None,TRAJ32,TRAC,True,False,None,None,183,1,clonotype112,None
CTCTGGTTCACTCCTG-1,True,CTCTGGTTCACTCCTG-1_contig_1,True,505,TRA,TRAV1-2,None,TRAJ33,TRAC,True,True,CAATDSNYQLIW,TGTGCTGCGACTGATAGCAACTATCAGTTAATCTGG,512,3,clonotype1,clonotype1_consensus_2
CTCTGGTTCACTCCTG-1,True,CTCTGGTTCACTCCTG-1_contig_2,True,498,TRB,TRBV20-1,None,TRBJ2-1,TRBC2,True,True,CSARVGSEVNEQFF,TGCAGTGCTAGAGTGGGGTCGGAAGTCAATGAGCAGTTCTTC,362,4,clonotype1,clonotype1_consensus_1
CTCTGGTTCACTCCTG-1,True,CTCTGGTTCACTCCTG-1_contig_3,True,419,TRB,None,None,TRBJ2-2P,TRBC2,False,False,None,None,328,5,clonotype1,None
CTCTGGTTCATGTGGT-1,True,CTCTGGTTCATGTGGT-1_contig_1,True,521,TRB,TRBV20-1,None,TRBJ2-1,TRBC2,True,True,CSARVGSEVNEQFF,TGCAGTGCTAGAGTGGGGTCGGAAGTCAATGAGCAGTTCTTC,822,3,clonotype2,clonotype2_consensus_1
CTCTGGTTCATGTGGT-1,True,CTCTGGTTCATGTGGT-1_contig_2,True,459,TRA,TRAV10,None,TRAJ24,TRAC,True,False,None,None,177,2,clonotype2,None
CTCTGGTTCATGTGGT-1,True,CTCTGGTTCATGTGGT-1_contig_3,True,335,TRB,None,None,TRBJ2-3,TRBC2,False,False,None,None,940,2,clonotype2,None
CTCTGGTTCGCTTAGA-1,True,CTCTGGTTCGCTTAGA-1_contig_1,True,508,TRB,TRBV20-1,None,TRBJ2-1,TRBC2,True,True,CSARVGSEVNEQFF,TGCAGTGCTAGAGTGGGGTCGGAAGTCAATGAGCAGTTCTTC,676,7,clonotype2,clonotype2_consensus_1
CTCTGGTTCGCTTAGA-1,True,CTCTGGTTCGCTTAGA-1_contig_2,True,467,TRA,TRAV10,None,TRAJ24,TRAC,True,False,None,None,345,7,clonotype2,None
CTGAAACAGACACGAC-1,True,CTGAAACAGACACGAC-1_contig_1,True,523,TRA,TRAV14/DV4,None,TRAJ22,TRAC,True,True,CALEASGSARQLTF,TGTGCATTAGAGGCTTCTGGTTCTGCAAGGCAACTGACCTTT,122,2,clonotype2063,clonotype2063_consensus_2
CTGAAACAGACACGAC-1,True,CTGAAACAGACACGAC-1_contig_2,True,527,TRB,TRBV20-1,None,TRBJ2-7,TRBC2,True,True,CSATTGGTGGPYEQYF,TGCAGTGCCACTACGGGGGGGACAGGAGGCCCCTACGAGCAGTACTTC,1648,5,clonotype2063,clonotype2063_consensus_3
CTGAAACAGACACGAC-1,True,CTGAAACAGACACGAC-1_contig_3,True,521,TRB,TRBV20-1,None,TRBJ1-1,TRBC1,True,True,CSANRGSPATEAFF,TGCAGTGCCAACAGGGGCTCCCCTGCGACTGAAGCTTTCTTT,2461,7,clonotype2063,clonotype2063_consensus_1
CTGAAACAGACACGAC-1,True,CTGAAACAGACACGAC-1_contig_4,True,415,TRA,TRAV1-1,None,TRAJ24,TRAC,True,False,None,None,872,4,clonotype2063,None
CTGAAACAGAGGTTAT-1,True,CTGAAACAGAGGTTAT-1_contig_1,True,492,TRB,TRBV20-1,None,TRBJ2-1,TRBC2,True,True,CSARVGSEVNEQFF,TGCAGTGCTAGAGTGGGGTCGGAAGTCAATGAGCAGTTCTTC,481,4,clonotype2,clonotype2_consensus_1
CTGAAACAGAGTAATC-1,True,CTGAAACAGAGTAATC-1_contig_1,True,498,TRB,TRBV20-1,None,TRBJ2-1,TRBC2,True,True,CSARVGSEVNEQFF,TGCAGTGCTAGAGTGGGGTCGGAAGTCAATGAGCAGTTCTTC,1640,6,clonotype2,clonotype2_consensus_1
CTGAAACAGAGTAATC-1,True,CTGAAACAGAGTAATC-1_contig_2,True,467,TRA,TRAV10,None,TRAJ24,TRAC,True,False,None,None,563,2,clonotype2,None
CTGAAACAGATAGCAT-1,True,CTGAAACAGATAGCAT-1_contig_1,True,505,TRA,TRAV1-2,None,TRAJ33,TRAC,True,True,CAATDSNYQLIW,TGTGCTGCGACTGATAGCAACTATCAGTTAATCTGG,197,3,clonotype1,clonotype1_consensus_2
CTGAAACAGATAGCAT-1,True,CTGAAACAGATAGCAT-1_contig_2,True,498,TRB,TRBV20-1,None,TRBJ2-1,TRBC2,True,True,CSARVGSEVNEQFF,TGCAGTGCTAGAGTGGGGTCGGAAGTCAATGAGCAGTTCTTC,4046,10,clonotype1,clonotype1_consensus_1
CTGAAACAGATCACGG-1,True,CTGAAACAGATCACGG-1_contig_1,True,505,TRA,TRAV1-2,None,TRAJ33,TRAC,True,True,CAATDSNYQLIW,TGTGCTGCGACTGATAGCAACTATCAGTTAATCTGG,171,1,clonotype1,clonotype1_consensus_2
CTGAAACAGATCACGG-1,True,CTGAAACAGATCACGG-1_contig_2,True,514,TRB,TRBV20-1,None,TRBJ2-1,TRBC2,True,True,CSARVGSEVNEQFF,TGCAGTGCTAGAGTGGGGTCGGAAGTCAATGAGCAGTTCTTC,1944,5,clonotype1,clonotype1_consensus_1
CTGAAACAGGCGATAC-1,True,CTGAAACAGGCGATAC-1_contig_1,True,492,TRB,TRBV20-1,None,TRBJ2-3,TRBC2,True,True,CSATNGQGEDTQYF,TGCAGTGCTACGAATGGACAGGGGGAAGATACGCAGTATTTT,470,3,clonotype2064,clonotype2064_consensus_1
CTGAAACCACCCAGTG-1,True,CTGAAACCACCCAGTG-1_contig_1,True,492,TRB,TRBV20-1,None,TRBJ2-1,TRBC2,True,True,CSARVGSEVNEQFF,TGCAGTGCTAGAGTGGGGTCGGAAGTCAATGAGCAGTTCTTC,461,3,clonotype2,clonotype2_consensus_1
CTGAAACCACGGCTAC-1,True,CTGAAACCACGGCTAC-1_contig_1,True,502,TRA,TRAV1-2,None,TRAJ33,TRAC,True,True,CAATDSNYQLIW,TGTGCTGCGACTGATAGCAACTATCAGTTAATCTGG,1141,5,clonotype1,clonotype1_consensus_2
CTGAAACCACGGCTAC-1,True,CTGAAACCACGGCTAC-1_contig_2,True,521,TRB,TRBV20-1,None,TRBJ2-1,TRBC2,True,True,CSARVGSEVNEQFF,TGCAGTGCTAGAGTGGGGTCGGAAGTCAATGAGCAGTTCTTC,1894,10,clonotype1,clonotype1_consensus_1
CTGAAACCACTGTTAG-1,True,CTGAAACCACTGTTAG-1_contig_1,True,505,TRA,TRAV1-2,None,TRAJ33,TRAC,True,True,CAATDSNYQLIW,TGTGCTGCGACTGATAGCAACTATCAGTTAATCTGG,436,3,clonotype1,clonotype1_consensus_2
CTGAAACCACTGTTAG-1,True,CTGAAACCACTGTTAG-1_contig_2,True,521,TRB,TRBV20-1,None,TRBJ2-1,TRBC2,True,True,CSARVGSEVNEQFF,TGCAGTGCTAGAGTGGGGTCGGAAGTCAATGAGCAGTTCTTC,4639,4,clonotype1,clonotype1_consensus_1
CTGAAACCAGTGGAGT-1,True,CTGAAACCAGTGGAGT-1_contig_1,True,498,TRB,TRBV20-1,None,TRBJ2-1,TRBC2,True,True,CSARVGSEVNEQFF,TGCAGTGCTAGAGTGGGGTCGGAAGTCAATGAGCAGTTCTTC,728,3,clonotype2,clonotype2_consensus_1
CTGAAACGTGCACCAC-1,True,CTGAAACGTGCACCAC-1_contig_1,True,515,TRB,TRBV20-1,None,TRBJ1-6,TRBC1,True,True,CSCRNPSSPLHF,TGCAGTTGCAGGAATCCGAGTTCACCCCTCCACTTT,2999,6,clonotype2065,clonotype2065_consensus_1
CTGAAACGTGCACCAC-1,True,CTGAAACGTGCACCAC-1_contig_2,True,484,TRA,TRAV35,None,TRAJ49,TRAC,True,True,CAGQLNTGNQFYF,TGTGCTGGGCAGCTGAACACCGGTAACCAGTTCTATTTT,1051,4,clonotype2065,clonotype2065_consensus_2
CTGAAACGTGCACCAC-1,True,CTGAAACGTGCACCAC-1_contig_3,True,330,TRB,None,None,TRBJ1-4,TRBC1,False,False,None,None,1037,3,clonotype2065,None
CTGAAACGTTCAGCGC-1,True,CTGAAACGTTCAGCGC-1_contig_1,True,478,TRB,TRBV5-6,None,TRBJ1-6,TRBC1,True,True,CASSLTGSYSPLHF,TGTGCCAGCAGCCTGACAGGTTCCTATTCACCCCTCCACTTT,226,2,clonotype2066,clonotype2066_consensus_1
CTGAAACGTTCAGCGC-1,True,CTGAAACGTTCAGCGC-1_contig_2,True,363,TRB,None,None,TRBJ2-3,TRBC2,False,False,None,None,486,3,clonotype2066,None
CTGAAACGTTCAGCGC-1,True,CTGAAACGTTCAGCGC-1_contig_3,True,364,TRA,TRAV38-1,None,TRAJ58,TRAC,True,False,CAFMKRETSGSRLTF,TGTGCTTTCATGAAGCGAGAAACCAGTGGCTCTAGGTTGACCTTT,42,1,clonotype2066,None
CTGAAACGTTGAGTTC-1,True,CTGAAACGTTGAGTTC-1_contig_1,True,482,TRA,TRAV38-2/DV8,None,TRAJ30,TRAC,True,True,CAYRSDKIIF,TGTGCTTATAGGAGCGACAAGATCATCTTT,256,3,clonotype2067,clonotype2067_consensus_1
CTGAAACGTTGAGTTC-1,True,CTGAAACGTTGAGTTC-1_contig_2,True,521,TRB,TRBV20-1,None,TRBJ1-6,TRBC1,True,True,CSAPNRVGNSPLHF,TGCAGTGCTCCAAACAGGGTGGGCAATTCACCCCTCCACTTT,2583,13,clonotype2067,clonotype2067_consensus_2
CTGAAACGTTGTGGCC-1,True,CTGAAACGTTGTGGCC-1_contig_1,True,527,TRB,TRBV20-1,None,TRBJ2-5,TRBC2,True,True,CSARSFGEGGPQETQYF,TGCAGTGCCCGAAGCTTTGGGGAGGGGGGTCCCCAAGAGACCCAGTACTTC,268,2,clonotype2068,clonotype2068_consensus_1
CTGAAACGTTGTGGCC-1,True,CTGAAACGTTGTGGCC-1_contig_2,True,468,TRA,TRAV13-1,None,TRAJ39,TRAC,True,True,CAASSPHDNAGNMLTF,TGTGCAGCAAGTAGCCCCCATGATAATGCAGGCAACATGCTCACCTTT,307,2,clonotype2068,clonotype2068_consensus_2
CTGAAACTCATAAAGG-1,True,CTGAAACTCATAAAGG-1_contig_1,True,521,TRB,TRBV20-1,None,TRBJ2-1,TRBC2,True,True,CSARVGSEVNEQFF,TGCAGTGCTAGAGTGGGGTCGGAAGTCAATGAGCAGTTCTTC,1621,8,clonotype2,clonotype2_consensus_1
CTGAAACTCATAAAGG-1,True,CTGAAACTCATAAAGG-1_contig_2,True,459,TRA,TRAV10,None,TRAJ24,TRAC,True,False,None,None,393,2,clonotype2,None
CTGAAACTCATTTGGG-1,True,CTGAAACTCATTTGGG-1_contig_1,True,524,TRB,TRBV20-1,None,TRBJ2-5,TRBC2,True,True,CSANSGGPFQETQYF,TGCAGTGCTAATAGCGGGGGGCCATTCCAAGAGACCCAGTACTTC,1137,7,clonotype2069,clonotype2069_consensus_1
CTGAAACTCCATGAGT-1,True,CTGAAACTCCATGAGT-1_contig_1,True,558,TRA,TRAV12-1,None,TRAJ8,TRAC,True,True,CVVNGDTGFQKLVF,TGTGTGGTGAACGGGGACACAGGCTTTCAGAAACTTGTATTT,1094,8,clonotype2070,clonotype2070_consensus_1
CTGAAACTCGCTTAGA-1,True,CTGAAACTCGCTTAGA-1_contig_1,True,505,TRA,TRAV1-2,None,TRAJ33,TRAC,True,True,CAATDSNYQLIW,TGTGCTGCGACTGATAGCAACTATCAGTTAATCTGG,1216,7,clonotype1,clonotype1_consensus_2
CTGAAACTCGCTTAGA-1,True,CTGAAACTCGCTTAGA-1_contig_2,True,521,TRB,TRBV20-1,None,TRBJ2-1,TRBC2,True,True,CSARVGSEVNEQFF,TGCAGTGCTAGAGTGGGGTCGGAAGTCAATGAGCAGTTCTTC,1918,8,clonotype1,clonotype1_consensus_1
CTGAAGTAGAATGTGT-1,True,CTGAAGTAGAATGTGT-1_contig_1,True,502,TRA,TRAV1-2,None,TRAJ30,TRAC,True,True,CAVRDLREIIF,TGTGCTGTGAGAGATCTTCGGGAGATCATCTTT,875,5,clonotype50,clonotype50_consensus_2
CTGAAGTAGAATGTGT-1,True,CTGAAGTAGAATGTGT-1_contig_2,True,505,TRA,TRAV1-2,None,TRAJ33,TRAC,True,True,CAATDSNYQLIW,TGTGCTGCGACTGATAGCAACTATCAGTTAATCTGG,506,2,clonotype50,clonotype50_consensus_3
CTGAAGTAGAATGTGT-1,True,CTGAAGTAGAATGTGT-1_contig_3,True,505,TRB,TRBV20-1,None,TRBJ2-1,TRBC2,True,True,CSARVGSEVNEQFF,TGCAGTGCTAGAGTGGGGTCGGAAGTCAATGAGCAGTTCTTC,2212,12,clonotype50,clonotype50_consensus_1
CTGAAGTAGAATGTGT-1,True,CTGAAGTAGAATGTGT-1_contig_4,True,465,TRA,TRAV10,None,TRAJ24,TRAC,True,False,None,None,637,3,clonotype50,None
CTGAAGTAGGAGTTTA-1,True,CTGAAGTAGGAGTTTA-1_contig_1,True,494,TRA,TRAV38-2/DV8,None,TRAJ53,TRAC,True,True,CAYRSGGSNYKLTF,TGTGCTTATAGGTCGGGAGGTAGCAACTATAAACTGACATTT,423,2,clonotype2071,clonotype2071_consensus_1
CTGAAGTAGGAGTTTA-1,True,CTGAAGTAGGAGTTTA-1_contig_2,True,530,TRB,TRBV20-1,None,TRBJ1-5,TRBC1,True,True,CSAKAGQGRYSNQPQHF,TGCAGTGCCAAGGCGGGACAGGGACGTTATAGCAATCAGCCCCAGCATTTT,3669,21,clonotype2071,clonotype2071_consensus_2
CTGAAGTAGGAGTTTA-1,True,CTGAAGTAGGAGTTTA-1_contig_3,True,570,TRA,TRAV22,None,TRAJ35,TRAC,True,False,None,None,372,2,clonotype2071,None
CTGAAGTAGGCGTACA-1,True,CTGAAGTAGGCGTACA-1_contig_1,True,505,TRA,TRAV1-2,None,TRAJ33,TRAC,True,True,CAATDSNYQLIW,TGTGCTGCGACTGATAGCAACTATCAGTTAATCTGG,884,3,clonotype1,clonotype1_consensus_2
CTGAAGTAGGCGTACA-1,True,CTGAAGTAGGCGTACA-1_contig_2,True,483,TRB,TRBV20-1,None,TRBJ2-1,TRBC2,True,True,CSARVGSEVNEQFF,TGCAGTGCTAGAGTGGGGTCGGAAGTCAATGAGCAGTTCTTC,786,4,clonotype1,clonotype1_consensus_1
CTGAAGTAGGCGTACA-1,True,CTGAAGTAGGCGTACA-1_contig_3,True,482,TRA,TRAV10,None,TRAJ24,TRAC,True,False,None,None,1054,3,clonotype1,None
CTGAAGTAGTGCGTGA-1,True,CTGAAGTAGTGCGTGA-1_contig_1,True,570,TRA,TRAV8-4,None,TRAJ3,TRAC,True,True,CAVTLYSSASKIIF,TGTGCTGTGACCCTTTACAGCAGTGCTTCCAAGATAATCTTT,936,8,clonotype25,clonotype25_consensus_2
CTGAAGTAGTGCGTGA-1,True,CTGAAGTAGTGCGTGA-1_contig_2,True,669,TRB,TRBV5-6,None,TRBJ2-2,TRBC2,True,True,CASSQIGTGGNTGELFF,TGTGCCAGCAGCCAGATCGGGACAGGGGGAAACACCGGGGAGCTGTTTTTT,2261,9,clonotype25,clonotype25_consensus_1
CTGAAGTAGTGCGTGA-1,True,CTGAAGTAGTGCGTGA-1_contig_3,True,358,TRB,None,None,TRBJ2-7,TRBC2,False,False,None,None,1219,3,clonotype25,None
CTGAAGTCAAACGTGG-1,True,CTGAAGTCAAACGTGG-1_contig_1,True,523,TRA,TRAV14/DV4,None,TRAJ3,TRAC,True,True,CAMRAYSSASKIIF,TGTGCAATGAGGGCCTACAGCAGTGCTTCCAAGATAATCTTT,778,3,clonotype2072,clonotype2072_consensus_2
CTGAAGTCAAACGTGG-1,True,CTGAAGTCAAACGTGG-1_contig_2,True,527,TRB,TRBV20-1,None,TRBJ1-3,TRBC1,True,True,CSARDFEQGGRNTIYF,TGCAGTGCTAGAGATTTCGAGCAGGGCGGAAGAAACACCATATATTTT,512,5,clonotype2072,clonotype2072_consensus_1
CTGAAGTCACAGATTC-1,True,CTGAAGTCACAGATTC-1_contig_1,True,505,TRA,TRAV1-2,None,TRAJ33,TRAC,True,True,CAATDSNYQLIW,TGTGCTGCGACTGATAGCAACTATCAGTTAATCTGG,540,9,clonotype1,clonotype1_consensus_2
CTGAAGTCACAGATTC-1,True,CTGAAGTCACAGATTC-1_contig_2,True,521,TRB,TRBV20-1,None,TRBJ2-1,TRBC2,True,True,CSARVGSEVNEQFF,TGCAGTGCTAGAGTGGGGTCGGAAGTCAATGAGCAGTTCTTC,1363,8,clonotype1,clonotype1_consensus_1
CTGAAGTCACGCATCG-1,True,CTGAAGTCACGCATCG-1_contig_1,True,502,TRA,TRAV1-2,None,TRAJ33,TRAC,True,True,CAATDSNYQLIW,TGTGCTGCGACTGATAGCAACTATCAGTTAATCTGG,723,4,clonotype1,clonotype1_consensus_2
CTGAAGTCACGCATCG-1,True,CTGAAGTCACGCATCG-1_contig_2,True,498,TRB,TRBV20-1,None,TRBJ2-1,TRBC2,True,True,CSARVGSEVNEQFF,TGCAGTGCTAGAGTGGGGTCGGAAGTCAATGAGCAGTTCTTC,1392,7,clonotype1,clonotype1_consensus_1
CTGAAGTCACTGTGTA-1,True,CTGAAGTCACTGTGTA-1_contig_1,True,521,TRB,TRBV20-1,None,TRBJ2-1,TRBC2,True,True,CSARVGSEVNEQFF,TGCAGTGCTAGAGTGGGGTCGGAAGTCAATGAGCAGTTCTTC,3491,11,clonotype2,clonotype2_consensus_1
CTGAAGTCACTTCTGC-1,True,CTGAAGTCACTTCTGC-1_contig_1,True,465,TRA,TRAV13-1,None,TRAJ54,TRAC,True,True,CAATKRIQGAQKLVF,TGTGCAGCAACCAAGAGAATTCAGGGAGCCCAGAAGCTGGTATTT,355,5,clonotype2073,clonotype2073_consensus_1
CTGAAGTCACTTCTGC-1,True,CTGAAGTCACTTCTGC-1_contig_2,True,662,TRB,TRBV5-6,None,TRBJ2-7,TRBC2,True,True,CASSFWAGQISYEQYF,TGTGCCAGCAGCTTTTGGGCGGGACAGATCTCCTACGAGCAGTACTTC,1010,6,clonotype2073,clonotype2073_consensus_2
CTGAAGTCAGGTTTCA-1,True,CTGAAGTCAGGTTTCA-1_contig_1,True,502,TRA,TRAV1-2,None,TRAJ30,TRAC,True,True,CAVRDLREIIF,TGTGCTGTGAGAGATCTTCGGGAGATCATCTTT,1570,7,clonotype35,clonotype35_consensus_2
CTGAAGTCAGGTTTCA-1,True,CTGAAGTCAGGTTTCA-1_contig_2,True,521,TRB,TRBV20-1,None,TRBJ2-1,TRBC2,True,True,CSARVGSEVNEQFF,TGCAGTGCTAGAGTGGGGTCGGAAGTCAATGAGCAGTTCTTC,407,3,clonotype35,clonotype35_consensus_1
CTGAAGTCAGGTTTCA-1,True,CTGAAGTCAGGTTTCA-1_contig_3,True,418,TRB,TRBV7-3,None,TRBJ2-1,TRBC2,True,False,CQQRSLKAGGPYNEQFF,TGCCAGCAGCGGTCACTTAAAGCGGGGGGACCCTACAATGAGCAGTTCTTC,124,3,clonotype35,None
CTGAAGTCATAGAAAC-1,True,CTGAAGTCATAGAAAC-1_contig_1,True,524,TRB,TRBV20-1,None,TRBJ1-2,TRBC1,True,True,CSATETGASGEGYTF,TGCAGTGCTACGGAGACAGGGGCTTCGGGAGAGGGCTACACCTTC,1741,7,clonotype48,clonotype48_consensus_1
CTGAAGTCATAGAAAC-1,True,CTGAAGTCATAGAAAC-1_contig_2,True,583,TRA,TRAV17,None,TRAJ22,TRAC,True,True,CATLSGSARQLTF,TGTGCTACGCTTTCTGGTTCTGCAAGGCAACTGACCTTT,404,4,clonotype48,clonotype48_consensus_2
CTGAAGTGTAAGCACG-1,True,CTGAAGTGTAAGCACG-1_contig_1,True,505,TRA,TRAV1-2,None,TRAJ33,TRAC,True,True,CAATDSNYQLIW,TGTGCTGCGACTGATAGCAACTATCAGTTAATCTGG,1050,3,clonotype1,clonotype1_consensus_2
CTGAAGTGTAAGCACG-1,True,CTGAAGTGTAAGCACG-1_contig_2,True,521,TRB,TRBV20-1,None,TRBJ2-1,TRBC2,True,True,CSARVGSEVNEQFF,TGCAGTGCTAGAGTGGGGTCGGAAGTCAATGAGCAGTTCTTC,2210,13,clonotype1,clonotype1_consensus_1
CTGAAGTGTAAGCACG-1,True,CTGAAGTGTAAGCACG-1_contig_3,True,482,TRA,TRAV10,None,TRAJ24,TRAC,True,False,None,None,666,6,clonotype1,None
CTGAAGTGTTAAAGTG-1,True,CTGAAGTGTTAAAGTG-1_contig_1,True,521,TRB,TRBV20-1,None,TRBJ2-1,TRBC2,True,True,CSARVGSEVNEQFF,TGCAGTGCTAGAGTGGGGTCGGAAGTCAATGAGCAGTTCTTC,1010,10,clonotype2,clonotype2_consensus_1
CTGAAGTGTTAAAGTG-1,True,CTGAAGTGTTAAAGTG-1_contig_2,True,463,TRA,TRAV10,None,TRAJ24,TRAC,True,False,None,None,7248,4,clonotype2,None
CTGAAGTTCAGGCGAA-1,True,CTGAAGTTCAGGCGAA-1_contig_1,True,485,TRB,TRBV20-1,None,TRBJ2-5,TRBC2,True,True,CSAPRGGGRETQYF,TGCAGTGCTCCCAGGGGGGGGGGCAGGGAGACCCAGTACTTC,2320,6,clonotype177,clonotype177_consensus_2
CTGAAGTTCAGGCGAA-1,True,CTGAAGTTCAGGCGAA-1_contig_2,True,674,TRA,TRAV8-3,None,TRAJ30,TRAC,True,True,CAVLNRDDKIIF,TGTGCTGTTCTGAACAGAGATGACAAGATCATCTTT,854,8,clonotype177,clonotype177_consensus_1
CTGATAGAGCAAATCA-1,True,CTGATAGAGCAAATCA-1_contig_1,True,505,TRA,TRAV1-2,None,TRAJ33,TRAC,True,True,CAATDSNYQLIW,TGTGCTGCGACTGATAGCAACTATCAGTTAATCTGG,419,2,clonotype1,clonotype1_consensus_2
CTGATAGAGCAAATCA-1,True,CTGATAGAGCAAATCA-1_contig_2,True,521,TRB,TRBV20-1,None,TRBJ2-1,TRBC2,True,True,CSARVGSEVNEQFF,TGCAGTGCTAGAGTGGGGTCGGAAGTCAATGAGCAGTTCTTC,1998,8,clonotype1,clonotype1_consensus_1
CTGATAGAGCAAATCA-1,True,CTGATAGAGCAAATCA-1_contig_3,True,457,TRA,TRAV10,None,TRAJ24,TRAC,True,False,None,None,43,3,clonotype1,None
CTGATAGAGCTCCTCT-1,True,CTGATAGAGCTCCTCT-1_contig_1,True,523,TRA,TRAV14/DV4,None,TRAJ40,TRAC,True,True,CAMSSLSGTYKYIF,TGTGCAATGAGCTCCCTCTCAGGAACCTACAAATACATCTTT,1471,6,clonotype2074,clonotype2074_consensus_2
CTGATAGAGCTCCTCT-1,True,CTGATAGAGCTCCTCT-1_contig_2,True,524,TRB,TRBV20-1,None,TRBJ1-3,TRBC1,True,True,CSARKGQGAGNTIYF,TGCAGTGCTAGAAAGGGCCAGGGGGCCGGAAACACCATATATTTT,544,6,clonotype2074,clonotype2074_consensus_1
CTGATAGAGGACATTA-1,True,CTGATAGAGGACATTA-1_contig_1,True,505,TRA,TRAV1-2,None,TRAJ33,TRAC,True,True,CAATDSNYQLIW,TGTGCTGCGACTGATAGCAACTATCAGTTAATCTGG,545,3,clonotype1,clonotype1_consensus_2
CTGATAGAGGACATTA-1,True,CTGATAGAGGACATTA-1_contig_2,True,498,TRB,TRBV20-1,None,TRBJ2-1,TRBC2,True,True,CSARVGSEVNEQFF,TGCAGTGCTAGAGTGGGGTCGGAAGTCAATGAGCAGTTCTTC,4479,8,clonotype1,clonotype1_consensus_1
CTGATAGAGGGCTTGA-1,True,CTGATAGAGGGCTTGA-1_contig_1,True,508,TRA,TRAV20,None,TRAJ36,TRAC,True,True,CAVQAETGANNLFF,TGTGCTGTGCAGGCAGAGACTGGGGCAAACAACCTCTTCTTT,1242,8,clonotype90,clonotype90_consensus_2
CTGATAGAGGGCTTGA-1,True,CTGATAGAGGGCTTGA-1_contig_2,True,683,TRB,TRBV5-6,None,TRBJ2-1,TRBC2,True,True,CASSPPGTSREQFF,TGTGCCAGCAGCCCCCCGGGCACTTCCAGAGAGCAGTTCTTC,2866,15,clonotype90,clonotype90_consensus_1
CTGATAGCAAGGTTTC-1,True,CTGATAGCAAGGTTTC-1_contig_1,True,521,TRB,TRBV20-1,None,TRBJ2-1,TRBC2,True,True,CSARVGSEVNEQFF,TGCAGTGCTAGAGTGGGGTCGGAAGTCAATGAGCAGTTCTTC,3682,10,clonotype2,clonotype2_consensus_1
CTGATAGCAAGGTTTC-1,True,CTGATAGCAAGGTTTC-1_contig_2,True,462,TRA,TRAV10,None,TRAJ24,TRAC,True,False,None,None,146,3,clonotype2,None
CTGATAGCACCCTATC-1,True,CTGATAGCACCCTATC-1_contig_1,True,515,TRB,TRBV5-5,None,TRBJ1-4,TRBC1,True,True,CASSHPGPNYATNEKLFF,TGTGCCAGCAGCCATCCCGGACCGAACTACGCAACTAATGAAAAACTGTTTTTT,3594,9,clonotype4,clonotype4_consensus_1
CTGATAGCACCCTATC-1,True,CTGATAGCACCCTATC-1_contig_2,True,485,TRB,TRBV7-3,None,TRBJ2-1,TRBC2,True,False,CQQRSLKAGGPYNEQFF,TGCCAGCAGCGGTCACTTAAAGCGGGGGGACCCTACAATGAGCAGTTCTTC,218,1,clonotype4,None
CTGATAGCATCCGGGT-1,True,CTGATAGCATCCGGGT-1_contig_1,True,493,TRA,TRAV1-2,None,TRAJ33,TRAC,True,True,CAATDSNYQLIW,TGTGCTGCGACTGATAGCAACTATCAGTTAATCTGG,805,3,clonotype1,clonotype1_consensus_2
CTGATAGCATCCGGGT-1,True,CTGATAGCATCCGGGT-1_contig_2,True,498,TRB,TRBV20-1,None,TRBJ2-1,TRBC2,True,True,CSARVGSEVNEQFF,TGCAGTGCTAGAGTGGGGTCGGAAGTCAATGAGCAGTTCTTC,1762,8,clonotype1,clonotype1_consensus_1
CTGATAGCATCCGGGT-1,True,CTGATAGCATCCGGGT-1_contig_3,True,482,TRA,TRAV10,None,TRAJ24,TRAC,True,False,None,None,495,2,clonotype1,None
CTGATAGCATGCCACG-1,True,CTGATAGCATGCCACG-1_contig_1,True,574,TRA,TRAV8-1,None,TRAJ13,TRAC,True,True,CAVTPEGGYQKVTF,TGTGCCGTGACCCCGGAGGGGGGTTACCAGAAAGTTACCTTT,2636,15,clonotype2075,clonotype2075_consensus_1
CTGATAGCATGCCACG-1,True,CTGATAGCATGCCACG-1_contig_2,True,533,TRB,TRBV20-1,None,TRBJ2-1,TRBC2,True,True,CSAPPGASGGLSYNEQFF,TGCAGTGCTCCCCCCGGGGCTAGCGGGGGCCTGTCCTACAATGAGCAGTTCTTC,8904,30,clonotype2075,clonotype2075_consensus_2
CTGATAGCATGGGAAC-1,True,CTGATAGCATGGGAAC-1_contig_1,True,505,TRA,TRAV1-2,None,TRAJ33,TRAC,True,True,CAATDSNYQLIW,TGTGCTGCGACTGATAGCAACTATCAGTTAATCTGG,235,3,clonotype1,clonotype1_consensus_2
CTGATAGCATGGGAAC-1,True,CTGATAGCATGGGAAC-1_contig_2,True,521,TRB,TRBV20-1,None,TRBJ2-1,TRBC2,True,True,CSARVGSEVNEQFF,TGCAGTGCTAGAGTGGGGTCGGAAGTCAATGAGCAGTTCTTC,746,6,clonotype1,clonotype1_consensus_1
CTGATAGGTAAGAGAG-1,True,CTGATAGGTAAGAGAG-1_contig_1,True,496,TRA,TRAV1-2,None,TRAJ33,TRAC,True,True,CAATDSNYQLIW,TGTGCTGCGACTGATAGCAACTATCAGTTAATCTGG,767,2,clonotype1,clonotype1_consensus_2
CTGATAGGTAAGAGAG-1,True,CTGATAGGTAAGAGAG-1_contig_2,True,521,TRB,TRBV20-1,None,TRBJ2-1,TRBC2,True,True,CSARVGSEVNEQFF,TGCAGTGCTAGAGTGGGGTCGGAAGTCAATGAGCAGTTCTTC,1077,8,clonotype1,clonotype1_consensus_1
CTGATAGGTAAGAGAG-1,True,CTGATAGGTAAGAGAG-1_contig_3,True,472,TRA,TRAV10,None,TRAJ24,TRAC,True,False,None,None,4167,4,clonotype1,None
CTGATAGGTATATGGA-1,True,CTGATAGGTATATGGA-1_contig_1,True,493,TRB,TRBV5-6,None,TRBJ1-1,TRBC1,True,True,CASSLPRQGATEAFF,TGTGCCAGCAGCTTGCCCCGTCAGGGGGCAACTGAAGCTTTCTTT,3248,12,clonotype2076,clonotype2076_consensus_1
CTGATAGGTATTCGTG-1,True,CTGATAGGTATTCGTG-1_contig_1,True,518,TRB,TRBV20-1,None,TRBJ2-5,TRBC2,True,True,CSARDLYQETQYF,TGCAGTGCTAGAGACCTATACCAAGAGACCCAGTACTTC,347,2,clonotype2077,clonotype2077_consensus_2
CTGATAGGTATTCGTG-1,True,CTGATAGGTATTCGTG-1_contig_2,True,521,TRB,TRBV20-1,None,TRBJ1-1,TRBC1,True,True,CSARVGSVGTNTEAFF,TGCAGTGCTAGAGTTGGGAGCGTGGGGACAAACACTGAAGCTTTCTTT,3127,12,clonotype2077,clonotype2077_consensus_3
CTGATAGGTATTCGTG-1,True,CTGATAGGTATTCGTG-1_contig_3,True,511,TRA,TRAV29/DV5,None,TRAJ40,TRAC,True,True,CAASMTGTYKYIF,TGTGCAGCAAGCATGACAGGAACCTACAAATACATCTTT,497,5,clonotype2077,clonotype2077_consensus_1
CTGATAGGTATTCGTG-1,True,CTGATAGGTATTCGTG-1_contig_4,True,322,TRB,None,None,TRBJ2-3,TRBC2,False,False,None,None,488,5,clonotype2077,None
CTGATAGGTCAAAGCG-1,True,CTGATAGGTCAAAGCG-1_contig_1,True,505,TRA,TRAV1-2,None,TRAJ33,TRAC,True,True,CAATDSNYQLIW,TGTGCTGCGACTGATAGCAACTATCAGTTAATCTGG,246,4,clonotype1,clonotype1_consensus_2
CTGATAGGTCAAAGCG-1,True,CTGATAGGTCAAAGCG-1_contig_2,True,521,TRB,TRBV20-1,None,TRBJ2-1,TRBC2,True,True,CSARVGSEVNEQFF,TGCAGTGCTAGAGTGGGGTCGGAAGTCAATGAGCAGTTCTTC,2321,5,clonotype1,clonotype1_consensus_1
CTGATAGGTCGCATAT-1,True,CTGATAGGTCGCATAT-1_contig_1,True,518,TRB,TRBV20-1,None,TRBJ2-1,TRBC2,True,True,CSASAGMRGEQFF,TGCAGTGCTAGTGCAGGGATGCGGGGCGAGCAGTTCTTC,5498,22,clonotype329,clonotype329_consensus_1
CTGATAGGTGCCTGGT-1,True,CTGATAGGTGCCTGGT-1_contig_1,True,521,TRB,TRBV20-1,None,TRBJ2-1,TRBC2,True,True,CSARVGSEVNEQFF,TGCAGTGCTAGAGTGGGGTCGGAAGTCAATGAGCAGTTCTTC,2094,9,clonotype2,clonotype2_consensus_1
CTGATAGGTGCCTGGT-1,True,CTGATAGGTGCCTGGT-1_contig_2,True,505,TRA,TRAV10,None,TRAJ24,TRAC,True,False,None,None,192,3,clonotype2,None
CTGATAGTCACGACTA-1,True,CTGATAGTCACGACTA-1_contig_1,True,521,TRB,TRBV20-1,None,TRBJ1-1,TRBC1,True,True,CSARLGIMNTEAFF,TGCAGTGCTAGACTAGGGATTATGAACACTGAAGCTTTCTTT,556,5,clonotype68,clonotype68_consensus_2
CTGATAGTCACGACTA-1,True,CTGATAGTCACGACTA-1_contig_2,True,478,TRA,TRAV9-2,None,TRAJ42,TRAC,True,True,CALTELGGSQGNLIF,TGTGCTCTGACCGAACTTGGAGGAAGCCAAGGAAATCTCATCTTT,543,3,clonotype68,clonotype68_consensus_1
CTGATAGTCACGACTA-1,True,CTGATAGTCACGACTA-1_contig_3,True,497,TRA,TRAV6,None,TRAJ42,TRAC,True,False,None,None,318,3,clonotype68,None
CTGATAGTCACTTATC-1,True,CTGATAGTCACTTATC-1_contig_1,True,521,TRB,TRBV20-1,None,TRBJ2-1,TRBC2,True,True,CSARVGSEVNEQFF,TGCAGTGCTAGAGTGGGGTCGGAAGTCAATGAGCAGTTCTTC,5915,10,clonotype2,clonotype2_consensus_1
CTGATAGTCACTTATC-1,True,CTGATAGTCACTTATC-1_contig_2,True,434,TRA,TRAV10,None,TRAJ24,TRAC,True,False,None,None,545,2,clonotype2,None
CTGATAGTCCCAGGTG-1,True,CTGATAGTCCCAGGTG-1_contig_1,True,521,TRB,TRBV20-1,None,TRBJ2-1,TRBC2,True,True,CSARVGSEVNEQFF,TGCAGTGCTAGAGTGGGGTCGGAAGTCAATGAGCAGTTCTTC,1599,7,clonotype2,clonotype2_consensus_1
CTGATAGTCCCAGGTG-1,True,CTGATAGTCCCAGGTG-1_contig_2,True,470,TRA,TRAV10,None,TRAJ24,TRAC,True,False,None,None,95,1,clonotype2,None
CTGATAGTCCGTTGCT-1,True,CTGATAGTCCGTTGCT-1_contig_1,True,502,TRA,TRAV1-2,None,TRAJ30,TRAC,True,True,CAVRDLREIIF,TGTGCTGTGAGAGATCTTCGGGAGATCATCTTT,789,7,clonotype17,clonotype17_consensus_1
CTGATAGTCGCCGTGA-1,True,CTGATAGTCGCCGTGA-1_contig_1,True,505,TRA,TRAV1-2,None,TRAJ33,TRAC,True,True,CAATDSNYQLIW,TGTGCTGCGACTGATAGCAACTATCAGTTAATCTGG,589,4,clonotype1,clonotype1_consensus_2
CTGATAGTCGCCGTGA-1,True,CTGATAGTCGCCGTGA-1_contig_2,True,521,TRB,TRBV20-1,None,TRBJ2-1,TRBC2,True,True,CSARVGSEVNEQFF,TGCAGTGCTAGAGTGGGGTCGGAAGTCAATGAGCAGTTCTTC,1823,10,clonotype1,clonotype1_consensus_1
CTGATAGTCTTTCCTC-1,True,CTGATAGTCTTTCCTC-1_contig_1,True,503,TRB,TRBV5-5,None,TRBJ1-4,TRBC1,True,True,CASSPMALEELFF,TGTGCCAGCAGCCCCATGGCCCTAGAAGAACTGTTTTTT,1090,5,clonotype2078,clonotype2078_consensus_1
CTGATAGTCTTTCCTC-1,True,CTGATAGTCTTTCCTC-1_contig_2,True,508,TRA,TRAV6,None,TRAJ32,TRAC,True,True,CALDGGATNKLIF,TGTGCTCTAGATGGTGGTGCTACAAACAAGCTCATCTTT,446,3,clonotype2078,clonotype2078_consensus_2
CTGATAGTCTTTCCTC-1,True,CTGATAGTCTTTCCTC-1_contig_3,True,315,TRB,None,None,TRBJ1-5,TRBC1,False,False,None,None,634,5,clonotype2078,None
CTGATCCAGAATAGGG-1,True,CTGATCCAGAATAGGG-1_contig_1,True,513,TRB,TRBV5-5,None,TRBJ1-2,TRBC1,True,True,CASSTGTGGSYGYTF,TGTGCCAGCAGCACAGGGACAGGGGGCAGCTATGGCTACACCTTC,2744,7,clonotype2079,clonotype2079_consensus_1
CTGATCCAGACAGAGA-1,True,CTGATCCAGACAGAGA-1_contig_1,True,505,TRA,TRAV1-2,None,TRAJ33,TRAC,True,True,CAATDSNYQLIW,TGTGCTGCGACTGATAGCAACTATCAGTTAATCTGG,497,3,clonotype1,clonotype1_consensus_2
CTGATCCAGACAGAGA-1,True,CTGATCCAGACAGAGA-1_contig_2,True,521,TRB,TRBV20-1,None,TRBJ2-1,TRBC2,True,True,CSARVGSEVNEQFF,TGCAGTGCTAGAGTGGGGTCGGAAGTCAATGAGCAGTTCTTC,406,4,clonotype1,clonotype1_consensus_1
CTGATCCAGCCAACAG-1,True,CTGATCCAGCCAACAG-1_contig_1,True,539,TRB,TRBV20-1,None,TRBJ2-3,TRBC2,True,True,CSARALLGLAGARITDTQYF,TGCAGTGCTAGAGCCCTTCTAGGACTAGCGGGGGCTAGGATTACAGATACGCAGTATTTT,1426,10,clonotype2080,clonotype2080_consensus_2
CTGATCCAGCCAACAG-1,True,CTGATCCAGCCAACAG-1_contig_2,True,560,TRA,TRAV17,None,TRAJ52,TRAC,True,True,CAKRNAGGTSYGKLTF,TGTGCTAAACGTAATGCTGGTGGTACTAGCTATGGAAAGCTGACATTT,5013,5,clonotype2080,clonotype2080_consensus_1
CTGATCCAGTACGACG-1,True,CTGATCCAGTACGACG-1_contig_1,True,473,TRB,TRBV20-1,None,TRBJ2-1,TRBC2,True,True,CSARVGSEVNEQFF,TGCAGTGCTAGAGTGGGGTCGGAAGTCAATGAGCAGTTCTTC,1020,6,clonotype2,clonotype2_consensus_1
CTGATCCAGTACGACG-1,True,CTGATCCAGTACGACG-1_contig_2,True,465,TRA,TRAV10,None,TRAJ24,TRAC,True,False,None,None,873,3,clonotype2,None
CTGATCCCACTACAGT-1,True,CTGATCCCACTACAGT-1_contig_1,True,570,TRA,TRAV8-4,None,TRAJ22,TRAC,True,True,CAVSSSGSARQLTF,TGTGCTGTGTCCTCTTCTGGTTCTGCAAGGCAACTGACCTTT,1063,6,clonotype2081,clonotype2081_consensus_2
CTGATCCCACTACAGT-1,True,CTGATCCCACTACAGT-1_contig_2,True,524,TRB,TRBV20-1,None,TRBJ1-2,TRBC1,True,True,CSATEGTRSNYGYTF,TGCAGTGCTACAGAGGGGACACGTAGTAACTATGGCTACACCTTC,2309,11,clonotype2081,clonotype2081_consensus_1
CTGATCCCACTACAGT-1,True,CTGATCCCACTACAGT-1_contig_3,True,460,TRA,TRAV9-2,None,TRAJ6,TRAC,True,False,None,None,518,3,clonotype2081,None
CTGATCCCAGATGGCA-1,True,CTGATCCCAGATGGCA-1_contig_1,True,495,TRB,TRBV20-1,None,TRBJ2-1,TRBC2,True,True,CSARVGSEVNEQFF,TGCAGTGCTAGAGTGGGGTCGGAAGTCAATGAGCAGTTCTTC,339,3,clonotype2,clonotype2_consensus_1
CTGATCCCAGATGGCA-1,True,CTGATCCCAGATGGCA-1_contig_2,True,469,TRA,TRAV10,None,TRAJ24,TRAC,True,False,None,None,394,2,clonotype2,None
CTGATCCCAGCGTCCA-1,True,CTGATCCCAGCGTCCA-1_contig_1,True,484,TRA,TRAV35,None,TRAJ40,TRAC,True,True,CAGRPDSGTYKYIF,TGTGCTGGTCGCCCGGACTCAGGAACCTACAAATACATCTTT,187,3,clonotype10,clonotype10_consensus_2
CTGATCCCAGCGTCCA-1,True,CTGATCCCAGCGTCCA-1_contig_2,True,524,TRB,TRBV20-1,None,TRBJ1-2,TRBC1,True,True,CSARDQTGVNYGYTF,TGCAGTGCTAGAGACCAGACAGGGGTTAACTATGGCTACACCTTC,2658,9,clonotype10,clonotype10_consensus_1
CTGATCCCAGCGTCCA-1,True,CTGATCCCAGCGTCCA-1_contig_3,True,543,TRA,TRAV16,None,TRAJ20,TRAC,True,False,None,None,540,2,clonotype10,None
CTGATCCCAGGTCGTC-1,True,CTGATCCCAGGTCGTC-1_contig_1,True,500,TRA,TRAV13-2,None,TRAJ34,TRAC,True,True,CAGLTDKLIF,TGTGCAGGCCTAACCGACAAGCTCATCTTT,924,3,clonotype2082,clonotype2082_consensus_1
CTGATCCCAGGTCGTC-1,True,CTGATCCCAGGTCGTC-1_contig_2,True,507,TRB,TRBV7-9,None,TRBJ2-1,TRBC2,True,True,CASSFGTGGWSEQFF,TGTGCCAGCAGCTTCGGGACAGGGGGCTGGAGTGAGCAGTTCTTC,4977,16,clonotype2082,clonotype2082_consensus_2
CTGATCCCAGGTCGTC-1,True,CTGATCCCAGGTCGTC-1_contig_3,True,309,TRB,None,None,TRBJ2-7,TRBC2,False,False,None,None,184,3,clonotype2082,None
CTGATCCGTCCGCTGA-1,True,CTGATCCGTCCGCTGA-1_contig_1,True,464,TRA,TRAV36/DV7,None,TRAJ40,TRAC,True,True,CVRTTSGTYKYIF,TGTGTCCGTACTACCTCAGGAACCTACAAATACATCTTT,125,1,clonotype2083,clonotype2083_consensus_1
CTGATCCGTCCGCTGA-1,True,CTGATCCGTCCGCTGA-1_contig_2,True,815,TRB,TRBV5-6,None,TRBJ1-5,TRBC1,True,True,CASTRQGNQPQHF,TGTGCCAGCACCCGCCAGGGGAATCAGCCCCAGCATTTT,993,3,clonotype2083,clonotype2083_consensus_2
CTGATCCGTGATGATA-1,True,CTGATCCGTGATGATA-1_contig_1,True,505,TRA,TRAV1-2,None,TRAJ33,TRAC,True,True,CAATDSNYQLIW,TGTGCTGCGACTGATAGCAACTATCAGTTAATCTGG,427,3,clonotype1,clonotype1_consensus_2
CTGATCCGTGATGATA-1,True,CTGATCCGTGATGATA-1_contig_2,True,498,TRB,TRBV20-1,None,TRBJ2-1,TRBC2,True,True,CSARVGSEVNEQFF,TGCAGTGCTAGAGTGGGGTCGGAAGTCAATGAGCAGTTCTTC,739,6,clonotype1,clonotype1_consensus_1
CTGATCCGTGATGATA-1,True,CTGATCCGTGATGATA-1_contig_3,True,482,TRA,TRAV10,None,TRAJ24,TRAC,True,False,None,None,596,3,clonotype1,None
CTGATCCGTGCAGTAG-1,True,CTGATCCGTGCAGTAG-1_contig_1,True,505,TRA,TRAV1-2,None,TRAJ33,TRAC,True,True,CAATDSNYQLIW,TGTGCTGCGACTGATAGCAACTATCAGTTAATCTGG,389,2,clonotype1,clonotype1_consensus_2
CTGATCCGTGCAGTAG-1,True,CTGATCCGTGCAGTAG-1_contig_2,True,498,TRB,TRBV20-1,None,TRBJ2-1,TRBC2,True,True,CSARVGSEVNEQFF,TGCAGTGCTAGAGTGGGGTCGGAAGTCAATGAGCAGTTCTTC,1010,6,clonotype1,clonotype1_consensus_1
CTGATCCGTTAAGAAC-1,True,CTGATCCGTTAAGAAC-1_contig_1,True,556,TRA,TRAV19,None,TRAJ47,TRAC,True,True,CALNNGNKLVF,TGTGCTCTGAACAATGGAAACAAACTGGTCTTT,372,2,clonotype2084,clonotype2084_consensus_1
CTGATCCGTTAAGAAC-1,True,CTGATCCGTTAAGAAC-1_contig_2,True,515,TRB,TRBV20-1,None,TRBJ1-2,TRBC1,True,True,CSARDTSNYGYTF,TGCAGTGCTAGGGACACCTCTAACTATGGCTACACCTTC,5316,10,clonotype2084,clonotype2084_consensus_3
CTGATCCGTTAAGAAC-1,True,CTGATCCGTTAAGAAC-1_contig_3,True,523,TRA,TRAV21,None,TRAJ16,TRAC,True,True,CAVRGASDGQKLLF,TGTGCTGTGAGAGGGGCTTCAGATGGCCAGAAGCTGCTCTTT,1925,10,clonotype2084,clonotype2084_consensus_2
CTGATCCGTTAAGAAC-1,True,CTGATCCGTTAAGAAC-1_contig_4,True,514,TRB,TRBV7-3,None,TRBJ2-5,TRBC2,True,True,CASSPEAGTSGGARETQYF,TGTGCCAGCAGCCCCGAGGCCGGGACTAGCGGGGGGGCCCGAGAGACCCAGTACTTC,1765,4,clonotype2084,clonotype2084_consensus_4
CTGATCCGTTGGAGGT-1,True,CTGATCCGTTGGAGGT-1_contig_1,True,565,TRA,TRAV29/DV5,None,TRAJ20,TRAC,True,True,CAASVIDYKLSF,TGTGCAGCAAGCGTAATCGACTACAAGCTCAGCTTT,1806,10,clonotype2085,clonotype2085_consensus_2
CTGATCCGTTGGAGGT-1,True,CTGATCCGTTGGAGGT-1_contig_2,True,527,TRB,TRBV5-5,None,TRBJ1-1,TRBC1,True,True,CASSPPSEGANTEAFF,TGTGCCAGCAGCCCCCCCTCAGAGGGGGCGAACACTGAAGCTTTCTTT,611,5,clonotype2085,clonotype2085_consensus_1
CTGATCCTCAACCATG-1,True,CTGATCCTCAACCATG-1_contig_1,True,477,TRB,TRBV5-5,None,TRBJ2-7,TRBC2,True,True,CASYQDTSYEQYF,TGTGCCAGCTACCAGGACACCTCCTACGAGCAGTACTTC,1940,12,clonotype74,clonotype74_consensus_1
CTGATCCTCAACCATG-1,True,CTGATCCTCAACCATG-1_contig_2,True,614,TRA,TRAV8-2,None,TRAJ24,TRAC,True,True,CVVTDSWGKFQF,TGTGTTGTGACTGACAGCTGGGGGAAATTCCAGTTT,1274,6,clonotype74,clonotype74_consensus_2
CTGATCCTCATTGCCC-1,True,CTGATCCTCATTGCCC-1_contig_1,True,518,TRB,TRBV20-1,None,TRBJ2-5,TRBC2,True,True,CSALAGKQETQYF,TGCAGTGCGCTAGCGGGGAAACAAGAGACCCAGTACTTC,2755,11,clonotype2086,clonotype2086_consensus_2
CTGATCCTCATTGCCC-1,True,CTGATCCTCATTGCCC-1_contig_2,True,476,TRA,TRAV38-1,None,TRAJ23,TRAC,True,True,CAFMNWQGGKLIF,TGTGCTTTCATGAATTGGCAGGGAGGAAAGCTTATCTTC,1195,8,clonotype2086,clonotype2086_consensus_1
CTGATCCTCGACGGAA-1,True,CTGATCCTCGACGGAA-1_contig_1,True,505,TRA,TRAV1-2,None,TRAJ33,TRAC,True,True,CAATDSNYQLIW,TGTGCTGCGACTGATAGCAACTATCAGTTAATCTGG,71,3,clonotype1,clonotype1_consensus_2
CTGATCCTCGACGGAA-1,True,CTGATCCTCGACGGAA-1_contig_2,True,473,TRB,TRBV20-1,None,TRBJ2-1,TRBC2,True,True,CSARVGSEVNEQFF,TGCAGTGCTAGAGTGGGGTCGGAAGTCAATGAGCAGTTCTTC,1774,5,clonotype1,clonotype1_consensus_1
CTGATCCTCGGAATCT-1,True,CTGATCCTCGGAATCT-1_contig_1,True,495,TRB,TRBV20-1,None,TRBJ2-1,TRBC2,True,True,CSARVGSEVNEQFF,TGCAGTGCTAGAGTGGGGTCGGAAGTCAATGAGCAGTTCTTC,362,8,clonotype2,clonotype2_consensus_1
CTGATCCTCGGAATCT-1,True,CTGATCCTCGGAATCT-1_contig_2,True,459,TRA,TRAV10,None,TRAJ24,TRAC,True,False,None,None,328,6,clonotype2,None
CTGCCTAAGACAGAGA-1,True,CTGCCTAAGACAGAGA-1_contig_1,True,505,TRA,TRAV1-2,None,TRAJ33,TRAC,True,True,CAATDSNYQLIW,TGTGCTGCGACTGATAGCAACTATCAGTTAATCTGG,844,5,clonotype1,clonotype1_consensus_2
CTGCCTAAGACAGAGA-1,True,CTGCCTAAGACAGAGA-1_contig_2,True,497,TRB,TRBV20-1,None,TRBJ2-1,TRBC2,True,True,CSARVGSEVNEQFF,TGCAGTGCTAGAGTGGGGTCGGAAGTCAATGAGCAGTTCTTC,252,7,clonotype1,clonotype1_consensus_1
CTGCCTAAGCACCGTC-1,True,CTGCCTAAGCACCGTC-1_contig_1,True,504,TRB,TRBV20-1,None,TRBJ1-2,TRBC1,True,True,CSARDIEGAPNYGYTF,TGCAGTGCTAGAGATATCGAGGGGGCCCCTAACTATGGCTACACCTTC,1161,7,clonotype2087,clonotype2087_consensus_1
CTGCCTAAGGACCACA-1,True,CTGCCTAAGGACCACA-1_contig_1,True,505,TRA,TRAV1-2,None,TRAJ33,TRAC,True,True,CAATDSNYQLIW,TGTGCTGCGACTGATAGCAACTATCAGTTAATCTGG,728,5,clonotype1,clonotype1_consensus_2
CTGCCTAAGGACCACA-1,True,CTGCCTAAGGACCACA-1_contig_2,True,492,TRB,TRBV20-1,None,TRBJ2-1,TRBC2,True,True,CSARVGSEVNEQFF,TGCAGTGCTAGAGTGGGGTCGGAAGTCAATGAGCAGTTCTTC,586,6,clonotype1,clonotype1_consensus_1
CTGCCTAAGGGTCGAT-1,True,CTGCCTAAGGGTCGAT-1_contig_1,True,505,TRA,TRAV1-2,None,TRAJ33,TRAC,True,True,CAATDSNYQLIW,TGTGCTGCGACTGATAGCAACTATCAGTTAATCTGG,172,5,clonotype1,clonotype1_consensus_2
CTGCCTAAGGGTCGAT-1,True,CTGCCTAAGGGTCGAT-1_contig_2,True,485,TRB,TRBV20-1,None,TRBJ2-1,TRBC2,True,True,CSARVGSEVNEQFF,TGCAGTGCTAGAGTGGGGTCGGAAGTCAATGAGCAGTTCTTC,579,3,clonotype1,clonotype1_consensus_1
CTGCCTAAGGTCATCT-1,True,CTGCCTAAGGTCATCT-1_contig_1,True,505,TRA,TRAV1-2,None,TRAJ33,TRAC,True,True,CAATDSNYQLIW,TGTGCTGCGACTGATAGCAACTATCAGTTAATCTGG,211,2,clonotype1,clonotype1_consensus_2
CTGCCTAAGGTCATCT-1,True,CTGCCTAAGGTCATCT-1_contig_2,True,521,TRB,TRBV20-1,None,TRBJ2-1,TRBC2,True,True,CSARVGSEVNEQFF,TGCAGTGCTAGAGTGGGGTCGGAAGTCAATGAGCAGTTCTTC,3786,14,clonotype1,clonotype1_consensus_1
CTGCCTAAGGTGACCA-1,True,CTGCCTAAGGTGACCA-1_contig_1,True,518,TRB,TRBV20-1,None,TRBJ2-4,TRBC2,True,True,CSAPTNRGRGDIQYF,TGCAGTGCTCCAACCAACAGGGGGCGCGGGGACATTCAGTACTTC,459,6,clonotype2088,clonotype2088_consensus_2
CTGCCTAAGGTGACCA-1,True,CTGCCTAAGGTGACCA-1_contig_2,True,500,TRA,TRAV17,None,TRAJ10,TRAC,True,True,CATVFTGGGNKLTF,TGTGCTACGGTTTTCACGGGAGGAGGAAACAAACTCACCTTT,690,1,clonotype2088,clonotype2088_consensus_1
CTGCCTAAGGTGACCA-1,True,CTGCCTAAGGTGACCA-1_contig_3,True,384,TRA,TRAV3,None,TRAJ33,TRAC,True,False,None,None,393,2,clonotype2088,None
CTGCCTAAGTCTTGCA-1,True,CTGCCTAAGTCTTGCA-1_contig_1,True,505,TRA,TRAV1-2,None,TRAJ33,TRAC,True,True,CAATDSNYQLIW,TGTGCTGCGACTGATAGCAACTATCAGTTAATCTGG,131,1,clonotype1,clonotype1_consensus_2
CTGCCTAAGTCTTGCA-1,True,CTGCCTAAGTCTTGCA-1_contig_2,True,521,TRB,TRBV20-1,None,TRBJ2-1,TRBC2,True,True,CSARVGSEVNEQFF,TGCAGTGCTAGAGTGGGGTCGGAAGTCAATGAGCAGTTCTTC,6273,9,clonotype1,clonotype1_consensus_1
CTGCCTAAGTCTTGCA-1,True,CTGCCTAAGTCTTGCA-1_contig_3,True,457,TRA,TRAV10,None,TRAJ24,TRAC,True,False,None,None,140,2,clonotype1,None
CTGCCTAAGTGTTTGC-1,True,CTGCCTAAGTGTTTGC-1_contig_1,True,502,TRA,TRAV1-2,None,TRAJ30,TRAC,True,True,CAVRDLREIIF,TGTGCTGTGAGAGATCTTCGGGAGATCATCTTT,123,2,clonotype3,clonotype3_consensus_2
CTGCCTAAGTGTTTGC-1,True,CTGCCTAAGTGTTTGC-1_contig_2,True,520,TRB,TRBV5-5,None,TRBJ1-4,TRBC1,True,True,CASSHPGPNYATNEKLFF,TGTGCCAGCAGCCATCCCGGACCGAACTACGCAACTAATGAAAAACTGTTTTTT,77,2,clonotype3,clonotype3_consensus_1
CTGCCTAAGTGTTTGC-1,True,CTGCCTAAGTGTTTGC-1_contig_3,True,513,TRB,TRBV7-3,None,TRBJ2-1,TRBC2,True,False,CQQRSLKAGGPYNEQFF,TGCCAGCAGCGGTCACTTAAAGCGGGGGGACCCTACAATGAGCAGTTCTTC,557,2,clonotype3,None
CTGCCTACACGTTGGC-1,True,CTGCCTACACGTTGGC-1_contig_1,True,505,TRA,TRAV1-2,None,TRAJ33,TRAC,True,True,CAATDSNYQLIW,TGTGCTGCGACTGATAGCAACTATCAGTTAATCTGG,129,3,clonotype1,clonotype1_consensus_2
CTGCCTACACGTTGGC-1,True,CTGCCTACACGTTGGC-1_contig_2,True,498,TRB,TRBV20-1,None,TRBJ2-1,TRBC2,True,True,CSARVGSEVNEQFF,TGCAGTGCTAGAGTGGGGTCGGAAGTCAATGAGCAGTTCTTC,695,5,clonotype1,clonotype1_consensus_1
CTGCCTACAGCCTATA-1,True,CTGCCTACAGCCTATA-1_contig_1,True,549,TRA,TRAV12-1,None,TRAJ9,TRAC,True,True,CVVTRNTGGFKTIF,TGTGTGGTGACACGAAATACTGGAGGCTTCAAAACTATCTTT,6450,4,clonotype5,clonotype5_consensus_2
CTGCCTACAGCCTATA-1,True,CTGCCTACAGCCTATA-1_contig_2,True,533,TRB,TRBV20-1,None,TRBJ1-5,TRBC1,True,True,CSARDDNRAKSFNQPQHF,TGCAGTGCTAGAGACGACAACCGGGCCAAATCCTTCAATCAGCCCCAGCATTTT,1245,4,clonotype5,clonotype5_consensus_1
CTGCCTACAGCCTATA-1,True,CTGCCTACAGCCTATA-1_contig_3,True,510,TRA,TRAV29/DV5,None,TRAJ11,TRAC,True,False,CSSNSGYSTLTF,TGCAGCTCCAATTCAGGATACAGCACCCTCACCTTT,285,1,clonotype5,None
CTGCCTACAGGATTGG-1,True,CTGCCTACAGGATTGG-1_contig_1,True,492,TRA,TRAV9-2,None,TRAJ17,TRAC,True,True,CALEWAAGNKLTF,TGTGCTCTGGAATGGGCTGCAGGCAACAAGCTAACTTTT,1251,4,clonotype2089,clonotype2089_consensus_1
CTGCCTACAGGATTGG-1,True,CTGCCTACAGGATTGG-1_contig_2,True,524,TRB,TRBV5-6,None,TRBJ1-2,TRBC1,True,True,CASSPDRGQGGYTF,TGTGCCAGCAGCCCCGACCGGGGACAGGGCGGCTACACCTTC,2008,11,clonotype2089,clonotype2089_consensus_2
CTGCCTACAGGATTGG-1,True,CTGCCTACAGGATTGG-1_contig_3,True,613,TRA,TRAV3,None,TRAJ5,TRAC,True,False,None,None,161,3,clonotype2089,None
CTGCCTACAGTCGATT-1,True,CTGCCTACAGTCGATT-1_contig_1,True,505,TRA,TRAV1-2,None,TRAJ33,TRAC,True,True,CAATDSNYQLIW,TGTGCTGCGACTGATAGCAACTATCAGTTAATCTGG,904,17,clonotype1,clonotype1_consensus_2
CTGCCTACAGTCGATT-1,True,CTGCCTACAGTCGATT-1_contig_2,True,521,TRB,TRBV20-1,None,TRBJ2-1,TRBC2,True,True,CSARVGSEVNEQFF,TGCAGTGCTAGAGTGGGGTCGGAAGTCAATGAGCAGTTCTTC,1480,32,clonotype1,clonotype1_consensus_1
CTGCCTACATACCATG-1,True,CTGCCTACATACCATG-1_contig_1,True,505,TRA,TRAV1-2,None,TRAJ33,TRAC,True,True,CAATDSNYQLIW,TGTGCTGCGACTGATAGCAACTATCAGTTAATCTGG,694,2,clonotype1,clonotype1_consensus_2
CTGCCTACATACCATG-1,True,CTGCCTACATACCATG-1_contig_2,True,497,TRB,TRBV20-1,None,TRBJ2-1,TRBC2,True,True,CSARVGSEVNEQFF,TGCAGTGCTAGAGTGGGGTCGGAAGTCAATGAGCAGTTCTTC,547,3,clonotype1,clonotype1_consensus_1
CTGCCTACATCACGTA-1,True,CTGCCTACATCACGTA-1_contig_1,True,505,TRA,TRAV1-2,None,TRAJ33,TRAC,True,True,CAATDSNYQLIW,TGTGCTGCGACTGATAGCAACTATCAGTTAATCTGG,198,1,clonotype1,clonotype1_consensus_2
CTGCCTACATCACGTA-1,True,CTGCCTACATCACGTA-1_contig_2,True,498,TRB,TRBV20-1,None,TRBJ2-1,TRBC2,True,True,CSARVGSEVNEQFF,TGCAGTGCTAGAGTGGGGTCGGAAGTCAATGAGCAGTTCTTC,861,7,clonotype1,clonotype1_consensus_1
CTGCCTACATTGAGCT-1,True,CTGCCTACATTGAGCT-1_contig_1,True,498,TRB,TRBV20-1,None,TRBJ2-1,TRBC2,True,True,CSARVGSEVNEQFF,TGCAGTGCTAGAGTGGGGTCGGAAGTCAATGAGCAGTTCTTC,1441,9,clonotype2,clonotype2_consensus_1
CTGCCTAGTAGGCATG-1,True,CTGCCTAGTAGGCATG-1_contig_1,True,544,TRA,TRAV12-2,None,TRAJ10,TRAC,True,True,CAVGPGGGNKLTF,TGTGCCGTGGGGCCGGGAGGAGGAAACAAACTCACCTTT,498,8,clonotype2090,clonotype2090_consensus_1
CTGCCTATCACAACGT-1,True,CTGCCTATCACAACGT-1_contig_1,True,459,TRA,TRAV13-1,None,TRAJ8,TRAC,True,True,CAATRTGFQKLVF,TGTGCAGCAACCCGAACAGGCTTTCAGAAACTTGTATTT,1461,3,clonotype2091,clonotype2091_consensus_1
CTGCCTATCACAACGT-1,True,CTGCCTATCACAACGT-1_contig_2,True,521,TRB,TRBV20-1,None,TRBJ1-2,TRBC1,True,True,CSASSGQGDYGYTF,TGCAGTGCTAGTTCCGGACAGGGGGATTATGGCTACACCTTC,3568,13,clonotype2091,clonotype2091_consensus_2
CTGCCTATCAGGTAAA-1,True,CTGCCTATCAGGTAAA-1_contig_1,True,505,TRA,TRAV1-2,None,TRAJ33,TRAC,True,True,CAATDSNYQLIW,TGTGCTGCGACTGATAGCAACTATCAGTTAATCTGG,173,5,clonotype1,clonotype1_consensus_2
CTGCCTATCAGGTAAA-1,True,CTGCCTATCAGGTAAA-1_contig_2,True,511,TRB,TRBV20-1,None,TRBJ2-1,TRBC2,True,True,CSARVGSEVNEQFF,TGCAGTGCTAGAGTGGGGTCGGAAGTCAATGAGCAGTTCTTC,1241,7,clonotype1,clonotype1_consensus_1
CTGCCTATCATCGCTC-1,True,CTGCCTATCATCGCTC-1_contig_1,True,505,TRA,TRAV1-2,None,TRAJ33,TRAC,True,True,CAATDSNYQLIW,TGTGCTGCGACTGATAGCAACTATCAGTTAATCTGG,651,3,clonotype1,clonotype1_consensus_2
CTGCCTATCATCGCTC-1,True,CTGCCTATCATCGCTC-1_contig_2,True,492,TRB,TRBV20-1,None,TRBJ2-1,TRBC2,True,True,CSARVGSEVNEQFF,TGCAGTGCTAGAGTGGGGTCGGAAGTCAATGAGCAGTTCTTC,3850,12,clonotype1,clonotype1_consensus_1
CTGCCTATCATCGCTC-1,True,CTGCCTATCATCGCTC-1_contig_3,True,457,TRA,TRAV10,None,TRAJ24,TRAC,True,False,None,None,550,3,clonotype1,None
CTGCCTATCTTACCGC-1,True,CTGCCTATCTTACCGC-1_contig_1,True,505,TRA,TRAV1-2,None,TRAJ33,TRAC,True,True,CAATDSNYQLIW,TGTGCTGCGACTGATAGCAACTATCAGTTAATCTGG,742,3,clonotype1,clonotype1_consensus_2
CTGCCTATCTTACCGC-1,True,CTGCCTATCTTACCGC-1_contig_2,True,489,TRB,TRBV20-1,None,TRBJ2-1,TRBC2,True,True,CSARVGSEVNEQFF,TGCAGTGCTAGAGTGGGGTCGGAAGTCAATGAGCAGTTCTTC,1028,5,clonotype1,clonotype1_consensus_1
CTGCCTATCTTACCGC-1,True,CTGCCTATCTTACCGC-1_contig_3,True,459,TRA,TRAV10,None,TRAJ24,TRAC,True,False,None,None,139,3,clonotype1,None
CTGCGGAAGCAATATG-1,True,CTGCGGAAGCAATATG-1_contig_1,True,505,TRA,TRAV26-1,None,TRAJ44,TRAC,True,True,CIVRGTGTASKLTF,TGCATCGTCAGAGGAACCGGCACTGCCAGTAAACTCACCTTT,129,1,clonotype2092,clonotype2092_consensus_1
CTGCGGAAGCAATATG-1,True,CTGCGGAAGCAATATG-1_contig_2,True,507,TRB,TRBV20-1,None,TRBJ1-5,TRBC1,True,True,CSARDRSPQGARQPQHF,TGCAGTGCTAGAGATCGGTCCCCCCAGGGGGCCAGGCAGCCCCAGCATTTT,4331,11,clonotype2092,clonotype2092_consensus_2
CTGCGGAAGCAATCTC-1,True,CTGCGGAAGCAATCTC-1_contig_1,True,505,TRA,TRAV1-2,None,TRAJ33,TRAC,True,True,CAATDSNYQLIW,TGTGCTGCGACTGATAGCAACTATCAGTTAATCTGG,401,3,clonotype1,clonotype1_consensus_2
CTGCGGAAGCAATCTC-1,True,CTGCGGAAGCAATCTC-1_contig_2,True,521,TRB,TRBV20-1,None,TRBJ2-1,TRBC2,True,True,CSARVGSEVNEQFF,TGCAGTGCTAGAGTGGGGTCGGAAGTCAATGAGCAGTTCTTC,928,6,clonotype1,clonotype1_consensus_1
CTGCGGAAGCAATCTC-1,True,CTGCGGAAGCAATCTC-1_contig_3,True,482,TRA,TRAV10,None,TRAJ24,TRAC,True,False,None,None,166,2,clonotype1,None
CTGCGGAAGCAATCTC-1,True,CTGCGGAAGCAATCTC-1_contig_4,True,568,TRA,None,None,TRAJ32,None,False,False,None,None,237,1,clonotype1,None
CTGCGGAAGCGTAGTG-1,True,CTGCGGAAGCGTAGTG-1_contig_1,True,498,TRB,TRBV20-1,None,TRBJ2-1,TRBC2,True,True,CSARVGSEVNEQFF,TGCAGTGCTAGAGTGGGGTCGGAAGTCAATGAGCAGTTCTTC,784,5,clonotype2,clonotype2_consensus_1
CTGCGGACAATAGCAA-1,True,CTGCGGACAATAGCAA-1_contig_1,True,521,TRB,TRBV20-1,None,TRBJ1-1,TRBC1,True,True,CSASVPRGNTEAFF,TGCAGTGCTAGCGTACCCAGGGGGAACACTGAAGCTTTCTTT,1682,11,clonotype2093,clonotype2093_consensus_1
CTGCGGACAATAGCAA-1,True,CTGCGGACAATAGCAA-1_contig_2,True,449,TRA,TRAV21,None,TRAJ28,TRAC,True,False,None,None,1096,4,clonotype2093,None
CTGCGGACACGAAATA-1,True,CTGCGGACACGAAATA-1_contig_1,True,495,TRB,TRBV20-1,None,TRBJ2-3,TRBC2,True,True,CSARFPGADTQYF,TGCAGTGCTAGGTTCCCCGGGGCAGATACGCAGTATTTT,2118,11,clonotype330,clonotype330_consensus_1
CTGCGGACACGAAATA-1,True,CTGCGGACACGAAATA-1_contig_2,True,493,TRA,TRAV29/DV5,None,TRAJ24,TRAC,True,True,CAASVLMGWGKLQF,TGTGCAGCAAGCGTTTTAATGGGCTGGGGGAAATTGCAGTTT,449,3,clonotype330,clonotype330_consensus_2
CTGCGGACAGCGTTCG-1,True,CTGCGGACAGCGTTCG-1_contig_1,True,464,TRB,TRBV20-1,None,TRBJ1-1,TRBC1,True,True,CSAPINTEAFF,TGCAGTGCTCCAATAAACACTGAAGCTTTCTTT,819,3,clonotype325,clonotype325_consensus_1
CTGCGGAGTCCTCTTG-1,True,CTGCGGAGTCCTCTTG-1_contig_1,True,515,TRB,TRBV20-1,None,TRBJ2-7,TRBC2,True,True,CSANGQSYEQYF,TGCAGTGCTAACGGACAGAGCTACGAGCAGTACTTC,1016,4,clonotype2094,clonotype2094_consensus_1
CTGCGGAGTCCTCTTG-1,True,CTGCGGAGTCCTCTTG-1_contig_2,True,324,TRA,TRAV5,None,TRAJ10,TRAC,True,False,CAEFNAGNNRKLIW,TGTGCAGAGTTTAATGCTGGCAACAACCGTAAGCTGATTTGG,512,2,clonotype2094,None
CTGCGGAGTCTCCATC-1,True,CTGCGGAGTCTCCATC-1_contig_1,True,505,TRA,TRAV1-2,None,TRAJ33,TRAC,True,True,CAATDSNYQLIW,TGTGCTGCGACTGATAGCAACTATCAGTTAATCTGG,1261,7,clonotype1,clonotype1_consensus_2
CTGCGGAGTCTCCATC-1,True,CTGCGGAGTCTCCATC-1_contig_2,True,521,TRB,TRBV20-1,None,TRBJ2-1,TRBC2,True,True,CSARVGSEVNEQFF,TGCAGTGCTAGAGTGGGGTCGGAAGTCAATGAGCAGTTCTTC,2288,8,clonotype1,clonotype1_consensus_1
CTGCGGAGTCTCCATC-1,True,CTGCGGAGTCTCCATC-1_contig_3,True,482,TRA,TRAV10,None,TRAJ24,TRAC,True,False,None,None,322,1,clonotype1,None
CTGCGGAGTCTGCGGT-1,True,CTGCGGAGTCTGCGGT-1_contig_1,True,470,TRB,TRBV20-1,None,TRBJ2-3,TRBC2,True,True,CSAPTRNTDTQYF,TGCAGTGCCCCGACTAGGAACACAGATACGCAGTATTTT,2831,9,clonotype53,clonotype53_consensus_2
CTGCGGAGTCTGCGGT-1,True,CTGCGGAGTCTGCGGT-1_contig_2,True,535,TRA,TRAV12-2,None,TRAJ20,TRAC,True,True,CAVGDYKLSF,TGTGCCGTGGGCGACTACAAGCTCAGCTTT,418,3,clonotype53,clonotype53_consensus_1
CTGCGGAGTCTTGCGG-1,True,CTGCGGAGTCTTGCGG-1_contig_1,True,563,TRA,TRAV22,None,TRAJ17,TRAC,True,True,CAVWKAAGNKLTF,TGTGCTGTGTGGAAAGCTGCAGGCAACAAGCTAACTTTT,331,3,clonotype91,clonotype91_consensus_1
CTGCGGAGTCTTGCGG-1,True,CTGCGGAGTCTTGCGG-1_contig_2,True,434,TRB,TRBV20-1,None,None,TRBC1,False,False,None,None,770,5,clonotype91,None
CTGCGGAGTGACTACT-1,True,CTGCGGAGTGACTACT-1_contig_1,True,505,TRA,TRAV1-2,None,TRAJ33,TRAC,True,True,CAATDSNYQLIW,TGTGCTGCGACTGATAGCAACTATCAGTTAATCTGG,1037,3,clonotype1,clonotype1_consensus_2
CTGCGGAGTGACTACT-1,True,CTGCGGAGTGACTACT-1_contig_2,True,492,TRB,TRBV20-1,None,TRBJ2-1,TRBC2,True,True,CSARVGSEVNEQFF,TGCAGTGCTAGAGTGGGGTCGGAAGTCAATGAGCAGTTCTTC,1936,5,clonotype1,clonotype1_consensus_1
CTGCGGATCACTCCTG-1,True,CTGCGGATCACTCCTG-1_contig_1,True,502,TRA,TRAV1-2,None,TRAJ33,TRAC,True,True,CAATDSNYQLIW,TGTGCTGCGACTGATAGCAACTATCAGTTAATCTGG,277,3,clonotype1,clonotype1_consensus_2
CTGCGGATCACTCCTG-1,True,CTGCGGATCACTCCTG-1_contig_2,True,485,TRB,TRBV20-1,None,TRBJ2-1,TRBC2,True,True,CSARVGSEVNEQFF,TGCAGTGCTAGAGTGGGGTCGGAAGTCAATGAGCAGTTCTTC,1621,10,clonotype1,clonotype1_consensus_1
CTGCGGATCCCATTAT-1,True,CTGCGGATCCCATTAT-1_contig_1,True,575,TRA,TRAV12-1,None,TRAJ42,TRAC,True,True,CVVNGGSQGNLIF,TGTGTGGTGAATGGAGGAAGCCAAGGAAATCTCATCTTT,165,2,clonotype2095,clonotype2095_consensus_1
CTGCGGATCCCATTAT-1,True,CTGCGGATCCCATTAT-1_contig_2,True,676,TRB,TRBV5-5,None,TRBJ2-5,TRBC2,True,True,CASSFNGGAWETQYF,TGTGCCAGCAGCTTTAACGGGGGGGCTTGGGAGACCCAGTACTTC,387,5,clonotype2095,clonotype2095_consensus_2
CTGCGGATCGGCATCG-1,True,CTGCGGATCGGCATCG-1_contig_1,True,524,TRB,TRBV20-1,None,TRBJ2-7,TRBC2,True,True,CSARGTDRTFYEQYF,TGCAGTGCTAGAGGGACAGACCGGACTTTCTACGAGCAGTACTTC,2901,5,clonotype2096,clonotype2096_consensus_1
CTGCGGATCGGCATCG-1,True,CTGCGGATCGGCATCG-1_contig_2,True,505,TRA,TRAV1-2,None,TRAJ33,TRAC,True,True,CAVMDSNYQLIW,TGTGCTGTGATGGATAGCAACTATCAGTTAATCTGG,591,3,clonotype2096,clonotype2096_consensus_2
CTGCGGATCGTAGGTT-1,True,CTGCGGATCGTAGGTT-1_contig_1,True,464,TRB,TRBV20-1,None,TRBJ2-7,TRBC2,True,True,CSAHPGHPYEQYF,TGCAGTGCACACCCGGGACATCCGTACGAGCAGTACTTC,643,2,clonotype2097,clonotype2097_consensus_1
CTGCGGATCGTAGGTT-1,True,CTGCGGATCGTAGGTT-1_contig_2,True,436,TRB,TRBV21-1,None,TRBJ1-1,None,True,False,CISVPAASTRPTSPAFF,TGTATTTCTGTGCCAGCAGCCTCTACACGTCCCACAAGTCCAGCTTTCTTT,233,1,clonotype2097,None
CTGCGGATCGTTTAGG-1,True,CTGCGGATCGTTTAGG-1_contig_1,True,527,TRB,TRBV20-1,None,TRBJ1-4,TRBC1,True,True,CSARVGGVATNEKLFF,TGCAGTGCTAGGGTTGGGGGCGTAGCAACTAATGAAAAACTGTTTTTT,1917,8,clonotype331,clonotype331_consensus_2
CTGCGGATCGTTTAGG-1,True,CTGCGGATCGTTTAGG-1_contig_2,True,498,TRA,TRAV12-3,None,TRAJ10,TRAC,True,True,CAMSLGGGNKLTF,TGTGCAATGTCCCTCGGAGGAGGAAACAAACTCACCTTT,1311,6,clonotype331,clonotype331_consensus_1
CTGCGGATCTCTGTCG-1,True,CTGCGGATCTCTGTCG-1_contig_1,True,453,TRA,TRAV13-1,None,TRAJ43,TRAC,True,True,CAASRNNDMRF,TGTGCAGCAAGTAGGAACAATGACATGCGCTTT,398,1,clonotype2098,clonotype2098_consensus_1
CTGCGGATCTCTGTCG-1,True,CTGCGGATCTCTGTCG-1_contig_2,True,494,TRB,TRBV20-1,None,TRBJ1-1,TRBC1,True,True,CSFPRGGNTEAFF,TGCAGTTTTCCCCGGGGGGGGAACACTGAAGCTTTCTTT,2133,6,clonotype2098,clonotype2098_consensus_2
CTGCGGATCTCTGTCG-1,True,CTGCGGATCTCTGTCG-1_contig_3,True,661,TRA,TRAV23/DV6,None,TRAJ46,TRAC,True,False,None,None,235,1,clonotype2098,None
CTGCGGATCTCTGTCG-1,True,CTGCGGATCTCTGTCG-1_contig_4,True,319,TRB,None,None,TRBJ2-3,TRBC2,False,False,None,None,1230,1,clonotype2098,None
CTGCTGTAGAAACGAG-1,True,CTGCTGTAGAAACGAG-1_contig_1,True,505,TRA,TRAV1-2,None,TRAJ33,TRAC,True,True,CAATDSNYQLIW,TGTGCTGCGACTGATAGCAACTATCAGTTAATCTGG,167,2,clonotype1,clonotype1_consensus_2
CTGCTGTAGAAACGAG-1,True,CTGCTGTAGAAACGAG-1_contig_2,True,520,TRB,TRBV20-1,None,TRBJ2-1,TRBC2,True,True,CSARVGSEVNEQFF,TGCAGTGCTAGAGTGGGGTCGGAAGTCAATGAGCAGTTCTTC,221,5,clonotype1,clonotype1_consensus_1
CTGCTGTAGAAACGAG-1,True,CTGCTGTAGAAACGAG-1_contig_3,True,482,TRA,TRAV10,None,TRAJ24,TRAC,True,False,None,None,322,5,clonotype1,None
CTGCTGTAGACGCAAC-1,True,CTGCTGTAGACGCAAC-1_contig_1,True,536,TRB,TRBV20-1,None,TRBJ2-3,TRBC2,True,True,CSARDSGLAGGGGTDTQYF,TGCAGTGCTAGAGACTCTGGACTAGCGGGGGGGGGCGGCACAGATACGCAGTATTTT,759,5,clonotype2099,clonotype2099_consensus_2
CTGCTGTAGACGCAAC-1,True,CTGCTGTAGACGCAAC-1_contig_2,True,498,TRA,TRAV12-3,None,TRAJ28,TRAC,True,True,CAILRAGSYQLTF,TGTGCAATCCTAAGGGCTGGGAGTTACCAACTCACTTTC,268,1,clonotype2099,clonotype2099_consensus_1
CTGCTGTAGACGCAAC-1,True,CTGCTGTAGACGCAAC-1_contig_3,True,595,TRA,TRAV17,None,TRAJ27,TRAC,True,False,None,None,40,1,clonotype2099,None
CTGCTGTAGCCAGTAG-1,True,CTGCTGTAGCCAGTAG-1_contig_1,True,508,TRA,TRAV20,None,TRAJ24,TRAC,True,True,CAVMTTDSWGKFQF,TGTGCTGTTATGACAACTGACAGCTGGGGGAAATTCCAGTTT,566,8,clonotype2100,clonotype2100_consensus_3
CTGCTGTAGCCAGTAG-1,True,CTGCTGTAGCCAGTAG-1_contig_2,True,497,TRB,TRBV5-5,None,TRBJ2-7,TRBC2,True,True,CASSSLVEQGAYEQYF,TGTGCCAGCAGCTCGCTCGTAGAGCAGGGGGCCTACGAGCAGTACTTC,636,4,clonotype2100,clonotype2100_consensus_2
CTGCTGTAGCCAGTAG-1,True,CTGCTGTAGCCAGTAG-1_contig_3,True,509,TRB,TRBV20-1,None,TRBJ2-3,TRBC2,True,True,CSANPLAGGNHNTDTQYF,TGCAGTGCCAACCCACTAGCGGGGGGAAACCATAACACAGATACGCAGTATTTT,975,15,clonotype2100,clonotype2100_consensus_1
CTGCTGTAGCCGGTAA-1,True,CTGCTGTAGCCGGTAA-1_contig_1,True,582,TRA,TRAV5,None,TRAJ11,TRAC,True,True,CAESMGSGYSTLTF,TGTGCAGAGAGTATGGGATCAGGATACAGCACCCTCACCTTT,262,5,clonotype2101,clonotype2101_consensus_1
CTGCTGTAGCCGGTAA-1,True,CTGCTGTAGCCGGTAA-1_contig_2,True,521,TRB,TRBV20-1,None,TRBJ2-7,TRBC2,True,True,CSATPQRGGAEQYF,TGCAGTGCTACCCCCCAGCGGGGGGGAGCCGAGCAGTACTTC,1589,8,clonotype2101,clonotype2101_consensus_2
CTGCTGTAGGACCACA-1,True,CTGCTGTAGGACCACA-1_contig_1,True,505,TRA,TRAV1-2,None,TRAJ33,TRAC,True,True,CAATDSNYQLIW,TGTGCTGCGACTGATAGCAACTATCAGTTAATCTGG,6806,3,clonotype1,clonotype1_consensus_2
CTGCTGTAGGACCACA-1,True,CTGCTGTAGGACCACA-1_contig_2,True,521,TRB,TRBV20-1,None,TRBJ2-1,TRBC2,True,True,CSARVGSEVNEQFF,TGCAGTGCTAGAGTGGGGTCGGAAGTCAATGAGCAGTTCTTC,5190,22,clonotype1,clonotype1_consensus_1
CTGCTGTAGGACCACA-1,True,CTGCTGTAGGACCACA-1_contig_3,True,482,TRA,TRAV10,None,TRAJ24,TRAC,True,False,None,None,1674,11,clonotype1,None
CTGCTGTAGGATTCGG-1,True,CTGCTGTAGGATTCGG-1_contig_1,True,511,TRA,TRAV23/DV6,None,TRAJ17,TRAC,True,True,CAARAGAAGNKLTF,TGTGCAGCAAGGGCCGGGGCTGCAGGCAACAAGCTAACTTTT,943,4,clonotype2102,clonotype2102_consensus_2
CTGCTGTAGGATTCGG-1,True,CTGCTGTAGGATTCGG-1_contig_2,True,663,TRA,TRAV8-2,None,TRAJ34,TRAC,True,True,CVVSLSYNTDKLIF,TGTGTTGTGAGCCTTTCCTATAACACCGACAAGCTCATCTTT,3193,5,clonotype2102,clonotype2102_consensus_4
CTGCTGTAGGATTCGG-1,True,CTGCTGTAGGATTCGG-1_contig_3,True,494,TRB,TRBV20-1,None,TRBJ2-7,TRBC2,True,True,CSARDSRRRGGGSEQYF,TGCAGTGCTAGAGACTCACGGCGGCGGGGGGGCGGCAGCGAGCAGTACTTC,1648,4,clonotype2102,clonotype2102_consensus_3
CTGCTGTAGGATTCGG-1,True,CTGCTGTAGGATTCGG-1_contig_4,True,512,TRB,TRBV20-1,None,TRBJ2-1,TRBC2,True,True,CSANILAEQFF,TGCAGTGCTAATATACTAGCGGAGCAGTTCTTC,6207,22,clonotype2102,clonotype2102_consensus_1
CTGCTGTAGGATTCGG-1,True,CTGCTGTAGGATTCGG-1_contig_5,True,309,TRA,None,None,TRAJ5,TRAC,False,False,None,None,7333,3,clonotype2102,None
CTGCTGTAGGATTCGG-1,True,CTGCTGTAGGATTCGG-1_contig_6,True,369,TRB,None,None,TRBJ1-3,TRBC1,False,False,None,None,398,2,clonotype2102,None
CTGCTGTAGGATTCGG-1,True,CTGCTGTAGGATTCGG-1_contig_7,True,479,TRB,TRBV23-1,None,TRBJ2-5,TRBC2,True,False,None,None,405,4,clonotype2102,None
CTGCTGTCAAGTAGTA-1,True,CTGCTGTCAAGTAGTA-1_contig_1,True,505,TRA,TRAV1-2,None,TRAJ33,TRAC,True,True,CAATDSNYQLIW,TGTGCTGCGACTGATAGCAACTATCAGTTAATCTGG,489,7,clonotype1,clonotype1_consensus_2
CTGCTGTCAAGTAGTA-1,True,CTGCTGTCAAGTAGTA-1_contig_2,True,521,TRB,TRBV20-1,None,TRBJ2-1,TRBC2,True,True,CSARVGSEVNEQFF,TGCAGTGCTAGAGTGGGGTCGGAAGTCAATGAGCAGTTCTTC,1603,4,clonotype1,clonotype1_consensus_1
CTGCTGTCAAGTCTGT-1,True,CTGCTGTCAAGTCTGT-1_contig_1,True,505,TRA,TRAV1-2,None,TRAJ33,TRAC,True,True,CAATDSNYQLIW,TGTGCTGCGACTGATAGCAACTATCAGTTAATCTGG,596,4,clonotype1,clonotype1_consensus_2
CTGCTGTCAAGTCTGT-1,True,CTGCTGTCAAGTCTGT-1_contig_2,True,521,TRB,TRBV20-1,None,TRBJ2-1,TRBC2,True,True,CSARVGSEVNEQFF,TGCAGTGCTAGAGTGGGGTCGGAAGTCAATGAGCAGTTCTTC,723,7,clonotype1,clonotype1_consensus_1
CTGCTGTCAAGTTCTG-1,True,CTGCTGTCAAGTTCTG-1_contig_1,True,514,TRA,TRAV1-2,None,TRAJ34,TRAC,True,True,CAVRFLQRNTDKLIF,TGTGCTGTGAGATTTTTGCAGAGGAACACCGACAAGCTCATCTTT,6330,6,clonotype332,clonotype332_consensus_1
CTGCTGTCAAGTTCTG-1,True,CTGCTGTCAAGTTCTG-1_contig_2,True,512,TRB,TRBV20-1,None,TRBJ2-7,TRBC2,True,True,CSARVSHEQYF,TGCAGTGCTAGAGTTAGTCACGAGCAGTACTTC,2416,12,clonotype332,clonotype332_consensus_2
CTGCTGTCACAAGTAA-1,True,CTGCTGTCACAAGTAA-1_contig_1,True,492,TRB,TRBV20-1,None,TRBJ2-1,TRBC2,True,True,CSARVGSEVNEQFF,TGCAGTGCTAGAGTGGGGTCGGAAGTCAATGAGCAGTTCTTC,761,7,clonotype2,clonotype2_consensus_1
CTGCTGTCACAAGTAA-1,True,CTGCTGTCACAAGTAA-1_contig_2,True,457,TRA,TRAV10,None,TRAJ24,TRAC,True,False,None,None,344,3,clonotype2,None
CTGCTGTCACATGACT-1,True,CTGCTGTCACATGACT-1_contig_1,True,566,TRA,TRAV12-1,None,TRAJ9,TRAC,True,True,CVVTRNTGGFKTIF,TGTGTGGTGACACGAAATACTGGAGGCTTCAAAACTATCTTT,1500,12,clonotype5,clonotype5_consensus_2
CTGCTGTCACATGACT-1,True,CTGCTGTCACATGACT-1_contig_2,True,533,TRB,TRBV20-1,None,TRBJ1-5,TRBC1,True,True,CSARDDNRAKSFNQPQHF,TGCAGTGCTAGAGACGACAACCGGGCCAAATCCTTCAATCAGCCCCAGCATTTT,899,8,clonotype5,clonotype5_consensus_1
CTGCTGTCACATTAGC-1,True,CTGCTGTCACATTAGC-1_contig_1,True,524,TRB,TRBV20-1,None,TRBJ2-5,TRBC2,True,True,CSARDGSGGPETQYF,TGCAGTGCTAGAGATGGTAGCGGGGGGCCAGAGACCCAGTACTTC,4257,14,clonotype2103,clonotype2103_consensus_2
CTGCTGTCACATTAGC-1,True,CTGCTGTCACATTAGC-1_contig_2,True,502,TRA,TRAV20,None,TRAJ16,TRAC,True,True,CAVQQAGQKLLF,TGTGCTGTGCAACAAGCTGGCCAGAAGCTGCTCTTT,1439,6,clonotype2103,clonotype2103_consensus_1
CTGCTGTCACGGACAA-1,True,CTGCTGTCACGGACAA-1_contig_1,True,505,TRA,TRAV1-2,None,TRAJ33,TRAC,True,True,CAATDSNYQLIW,TGTGCTGCGACTGATAGCAACTATCAGTTAATCTGG,284,4,clonotype1,clonotype1_consensus_2
CTGCTGTCACGGACAA-1,True,CTGCTGTCACGGACAA-1_contig_2,True,498,TRB,TRBV20-1,None,TRBJ2-1,TRBC2,True,True,CSARVGSEVNEQFF,TGCAGTGCTAGAGTGGGGTCGGAAGTCAATGAGCAGTTCTTC,1843,8,clonotype1,clonotype1_consensus_1
CTGCTGTCAGACAAAT-1,True,CTGCTGTCAGACAAAT-1_contig_1,True,505,TRA,TRAV1-2,None,TRAJ33,TRAC,True,True,CAATDSNYQLIW,TGTGCTGCGACTGATAGCAACTATCAGTTAATCTGG,6278,3,clonotype1,clonotype1_consensus_2
CTGCTGTCAGACAAAT-1,True,CTGCTGTCAGACAAAT-1_contig_2,True,521,TRB,TRBV20-1,None,TRBJ2-1,TRBC2,True,True,CSARVGSEVNEQFF,TGCAGTGCTAGAGTGGGGTCGGAAGTCAATGAGCAGTTCTTC,1507,10,clonotype1,clonotype1_consensus_1
CTGCTGTGTAAGTGGC-1,True,CTGCTGTGTAAGTGGC-1_contig_1,True,521,TRB,TRBV20-1,None,TRBJ2-3,TRBC2,True,True,CSAIQGGGPDTQYF,TGCAGTGCGATTCAGGGCGGGGGCCCCGATACGCAGTATTTT,711,3,clonotype2104,clonotype2104_consensus_1
CTGCTGTGTAAGTGGC-1,True,CTGCTGTGTAAGTGGC-1_contig_2,True,487,TRB,TRBV21-1,None,TRBJ2-6,TRBC2,True,False,CQQLPTGPGANVLTF,TGCCAGCAGTTACCCACAGGGCCTGGGGCCAACGTCCTGACTTTC,700,2,clonotype2104,None
CTGCTGTGTCAAAGCG-1,True,CTGCTGTGTCAAAGCG-1_contig_1,True,551,TRA,TRAV26-1,None,TRAJ49,TRAC,True,True,CIVRVTTYLTGNQFYF,TGCATCGTCAGAGTCACCACATATCTCACCGGTAACCAGTTCTATTTT,608,6,clonotype2105,clonotype2105_consensus_2
CTGCTGTGTCAAAGCG-1,True,CTGCTGTGTCAAAGCG-1_contig_2,True,662,TRB,TRBV5-6,None,TRBJ2-2,TRBC2,True,True,CASSPIGKGAGELFF,TGTGCCAGCAGCCCCATCGGGAAGGGGGCTGGGGAGCTGTTTTTT,1396,8,clonotype2105,clonotype2105_consensus_1
CTGCTGTGTCAAAGCG-1,True,CTGCTGTGTCAAAGCG-1_contig_3,True,322,TRB,None,None,TRBJ1-6,TRBC1,False,False,None,None,979,3,clonotype2105,None
CTGCTGTGTCAACATC-1,True,CTGCTGTGTCAACATC-1_contig_1,True,521,TRB,TRBV20-1,None,TRBJ2-1,TRBC2,True,True,CSARVGSEVNEQFF,TGCAGTGCTAGAGTGGGGTCGGAAGTCAATGAGCAGTTCTTC,2257,18,clonotype2,clonotype2_consensus_1
CTGCTGTGTCAACATC-1,True,CTGCTGTGTCAACATC-1_contig_2,True,482,TRA,TRAV10,None,TRAJ24,TRAC,True,False,None,None,76,4,clonotype2,None
CTGCTGTGTCCGTCAG-1,True,CTGCTGTGTCCGTCAG-1_contig_1,True,485,TRB,TRBV20-1,None,TRBJ2-1,TRBC2,True,True,CSARVGSEVNEQFF,TGCAGTGCTAGAGTGGGGTCGGAAGTCAATGAGCAGTTCTTC,1341,7,clonotype2,clonotype2_consensus_1
CTGCTGTGTCCGTCAG-1,True,CTGCTGTGTCCGTCAG-1_contig_2,True,482,TRA,TRAV10,None,TRAJ24,TRAC,True,False,None,None,470,4,clonotype2,None
CTGCTGTGTCTAGCCG-1,True,CTGCTGTGTCTAGCCG-1_contig_1,True,515,TRB,TRBV20-1,None,TRBJ2-7,TRBC2,True,True,CSGLKDAYEQYF,TGCAGTGGGCTTAAGGACGCCTACGAGCAGTACTTC,5775,17,clonotype2106,clonotype2106_consensus_2
CTGCTGTGTCTAGCCG-1,True,CTGCTGTGTCTAGCCG-1_contig_2,True,447,TRA,TRAV9-2,None,TRAJ49,TRAC,True,True,CALSLPGNQFYF,TGTGCTCTGAGTCTCCCCGGTAACCAGTTCTATTTT,633,5,clonotype2106,clonotype2106_consensus_1
CTGCTGTGTCTCTCGT-1,True,CTGCTGTGTCTCTCGT-1_contig_1,True,462,TRA,TRAV13-1,None,TRAJ49,TRAC,True,True,CAASQMNTGNQFYF,TGTGCAGCAAGTCAGATGAACACCGGTAACCAGTTCTATTTT,129,6,clonotype2107,clonotype2107_consensus_2
CTGCTGTGTCTCTCGT-1,True,CTGCTGTGTCTCTCGT-1_contig_2,True,524,TRB,TRBV20-1,None,TRBJ1-5,TRBC1,True,True,CSARMGQVRNQPQHF,TGCAGTGCTAGGATGGGACAGGTTAGAAATCAGCCCCAGCATTTT,2574,9,clonotype2107,clonotype2107_consensus_1
CTGCTGTGTCTCTCGT-1,True,CTGCTGTGTCTCTCGT-1_contig_3,True,823,TRB,TRBV5-6,None,TRBJ2-3,TRBC2,True,True,CASSSLGGALTDTQYF,TGTGCCAGCAGCTCCTTAGGGGGGGCCCTCACAGATACGCAGTATTTT,1474,11,clonotype2107,clonotype2107_consensus_3
CTGCTGTGTGTTTGTG-1,True,CTGCTGTGTGTTTGTG-1_contig_1,True,505,TRA,TRAV1-2,None,TRAJ33,TRAC,True,True,CAATDSNYQLIW,TGTGCTGCGACTGATAGCAACTATCAGTTAATCTGG,155,1,clonotype1,clonotype1_consensus_2
CTGCTGTGTGTTTGTG-1,True,CTGCTGTGTGTTTGTG-1_contig_2,True,521,TRB,TRBV20-1,None,TRBJ2-1,TRBC2,True,True,CSARVGSEVNEQFF,TGCAGTGCTAGAGTGGGGTCGGAAGTCAATGAGCAGTTCTTC,1442,9,clonotype1,clonotype1_consensus_1
CTGCTGTGTGTTTGTG-1,True,CTGCTGTGTGTTTGTG-1_contig_3,True,467,TRA,TRAV10,None,TRAJ24,TRAC,True,False,None,None,5153,2,clonotype1,None
CTGCTGTGTTCACCTC-1,True,CTGCTGTGTTCACCTC-1_contig_1,True,505,TRA,TRAV1-2,None,TRAJ33,TRAC,True,True,CAATDSNYQLIW,TGTGCTGCGACTGATAGCAACTATCAGTTAATCTGG,237,3,clonotype1,clonotype1_consensus_2
CTGCTGTGTTCACCTC-1,True,CTGCTGTGTTCACCTC-1_contig_2,True,516,TRB,TRBV20-1,None,TRBJ2-1,TRBC2,True,True,CSARVGSEVNEQFF,TGCAGTGCTAGAGTGGGGTCGGAAGTCAATGAGCAGTTCTTC,394,8,clonotype1,clonotype1_consensus_1
CTGCTGTGTTCTGTTT-1,True,CTGCTGTGTTCTGTTT-1_contig_1,True,505,TRA,TRAV1-2,None,TRAJ33,TRAC,True,True,CAATDSNYQLIW,TGTGCTGCGACTGATAGCAACTATCAGTTAATCTGG,850,4,clonotype1,clonotype1_consensus_2
CTGCTGTGTTCTGTTT-1,True,CTGCTGTGTTCTGTTT-1_contig_2,True,515,TRB,TRBV20-1,None,TRBJ2-1,TRBC2,True,True,CSARVGSEVNEQFF,TGCAGTGCTAGAGTGGGGTCGGAAGTCAATGAGCAGTTCTTC,1016,8,clonotype1,clonotype1_consensus_1
CTGCTGTTCAGAAATG-1,True,CTGCTGTTCAGAAATG-1_contig_1,True,492,TRA,TRAV9-2,None,TRAJ13,TRAC,True,True,CALNLEGYQKVTF,TGTGCTCTGAACTTAGAGGGTTACCAGAAAGTTACCTTT,955,6,clonotype6,clonotype6_consensus_1
CTGCTGTTCAGAAATG-1,True,CTGCTGTTCAGAAATG-1_contig_2,True,679,TRB,TRBV5-6,None,TRBJ1-5,TRBC1,True,True,CASSFRGGANQPQHF,TGTGCCAGCAGCTTTCGAGGGGGCGCGAATCAGCCCCAGCATTTT,3223,11,clonotype6,clonotype6_consensus_2
CTGCTGTTCAGCAACT-1,True,CTGCTGTTCAGCAACT-1_contig_1,True,521,TRB,TRBV20-1,None,TRBJ2-1,TRBC2,True,True,CSARVGSEVNEQFF,TGCAGTGCTAGAGTGGGGTCGGAAGTCAATGAGCAGTTCTTC,1580,10,clonotype2,clonotype2_consensus_1
CTGCTGTTCAGCAACT-1,True,CTGCTGTTCAGCAACT-1_contig_2,True,482,TRA,TRAV10,None,TRAJ24,TRAC,True,False,None,None,254,2,clonotype2,None
CTGCTGTTCATAGCAC-1,True,CTGCTGTTCATAGCAC-1_contig_1,True,505,TRA,TRAV1-2,None,TRAJ33,TRAC,True,True,CAATDSNYQLIW,TGTGCTGCGACTGATAGCAACTATCAGTTAATCTGG,181,12,clonotype1,clonotype1_consensus_2
CTGCTGTTCATAGCAC-1,True,CTGCTGTTCATAGCAC-1_contig_2,True,521,TRB,TRBV20-1,None,TRBJ2-1,TRBC2,True,True,CSARVGSEVNEQFF,TGCAGTGCTAGAGTGGGGTCGGAAGTCAATGAGCAGTTCTTC,369,19,clonotype1,clonotype1_consensus_1
CTGCTGTTCATCTGCC-1,True,CTGCTGTTCATCTGCC-1_contig_1,True,505,TRA,TRAV1-2,None,TRAJ33,TRAC,True,True,CAATDSNYQLIW,TGTGCTGCGACTGATAGCAACTATCAGTTAATCTGG,369,5,clonotype1,clonotype1_consensus_2
CTGCTGTTCATCTGCC-1,True,CTGCTGTTCATCTGCC-1_contig_2,True,521,TRB,TRBV20-1,None,TRBJ2-1,TRBC2,True,True,CSARVGSEVNEQFF,TGCAGTGCTAGAGTGGGGTCGGAAGTCAATGAGCAGTTCTTC,1836,11,clonotype1,clonotype1_consensus_1
CTGCTGTTCCACGTGG-1,True,CTGCTGTTCCACGTGG-1_contig_1,True,515,TRB,TRBV20-1,None,TRBJ1-5,TRBC1,True,True,CSASRPNQPQHF,TGCAGTGCCAGTAGACCCAATCAGCCCCAGCATTTT,196,2,clonotype111,clonotype111_consensus_1
CTGCTGTTCCACGTGG-1,True,CTGCTGTTCCACGTGG-1_contig_2,True,508,TRB,TRBV6-5,None,TRBJ2-1,TRBC2,True,False,None,None,478,4,clonotype111,None
CTGCTGTTCCCATTTA-1,True,CTGCTGTTCCCATTTA-1_contig_1,True,505,TRA,TRAV1-2,None,TRAJ33,TRAC,True,True,CAATDSNYQLIW,TGTGCTGCGACTGATAGCAACTATCAGTTAATCTGG,704,1,clonotype1,clonotype1_consensus_2
CTGCTGTTCCCATTTA-1,True,CTGCTGTTCCCATTTA-1_contig_2,True,521,TRB,TRBV20-1,None,TRBJ2-1,TRBC2,True,True,CSARVGSEVNEQFF,TGCAGTGCTAGAGTGGGGTCGGAAGTCAATGAGCAGTTCTTC,2253,7,clonotype1,clonotype1_consensus_1
CTGCTGTTCCCATTTA-1,True,CTGCTGTTCCCATTTA-1_contig_3,True,482,TRA,TRAV10,None,TRAJ24,TRAC,True,False,None,None,194,4,clonotype1,None
CTGCTGTTCCTGCAGG-1,True,CTGCTGTTCCTGCAGG-1_contig_1,True,571,TRA,TRAV29/DV5,None,TRAJ58,TRAC,True,True,CAATLETSGSRLTF,TGTGCAGCAACTTTAGAAACCAGTGGCTCTAGGTTGACCTTT,641,2,clonotype2108,clonotype2108_consensus_2
CTGCTGTTCCTGCAGG-1,True,CTGCTGTTCCTGCAGG-1_contig_2,True,524,TRB,TRBV20-1,None,TRBJ2-7,TRBC2,True,True,CSAKRTGRGSYEQYF,TGCAGTGCTAAACGGACAGGTAGGGGCTCCTACGAGCAGTACTTC,6418,10,clonotype2108,clonotype2108_consensus_1
CTGCTGTTCCTGCAGG-1,True,CTGCTGTTCCTGCAGG-1_contig_3,True,322,TRB,None,None,TRBJ1-1,TRBC1,False,False,None,None,1037,3,clonotype2108,None
CTGCTGTTCCTGCAGG-1,True,CTGCTGTTCCTGCAGG-1_contig_4,True,365,TRA,None,None,TRAJ52,TRAC,False,False,None,None,583,2,clonotype2108,None
CTGGTCTAGAACTCGG-1,True,CTGGTCTAGAACTCGG-1_contig_1,True,521,TRB,TRBV20-1,None,TRBJ2-1,TRBC2,True,True,CSARVGSEVNEQFF,TGCAGTGCTAGAGTGGGGTCGGAAGTCAATGAGCAGTTCTTC,2049,10,clonotype2,clonotype2_consensus_1
CTGGTCTAGAACTCGG-1,True,CTGGTCTAGAACTCGG-1_contig_2,True,482,TRA,TRAV10,None,TRAJ24,TRAC,True,False,None,None,209,8,clonotype2,None
CTGGTCTAGAGAACAG-1,True,CTGGTCTAGAGAACAG-1_contig_1,True,502,TRA,TRAV1-2,None,TRAJ30,TRAC,True,True,CAVRDLREIIF,TGTGCTGTGAGAGATCTTCGGGAGATCATCTTT,2516,3,clonotype50,clonotype50_consensus_2
CTGGTCTAGAGAACAG-1,True,CTGGTCTAGAGAACAG-1_contig_2,True,505,TRA,TRAV1-2,None,TRAJ33,TRAC,True,True,CAATDSNYQLIW,TGTGCTGCGACTGATAGCAACTATCAGTTAATCTGG,336,5,clonotype50,clonotype50_consensus_3
CTGGTCTAGAGAACAG-1,True,CTGGTCTAGAGAACAG-1_contig_3,True,498,TRB,TRBV20-1,None,TRBJ2-1,TRBC2,True,True,CSARVGSEVNEQFF,TGCAGTGCTAGAGTGGGGTCGGAAGTCAATGAGCAGTTCTTC,1714,12,clonotype50,clonotype50_consensus_1
CTGGTCTAGAGGTAGA-1,True,CTGGTCTAGAGGTAGA-1_contig_1,True,505,TRA,TRAV1-2,None,TRAJ33,TRAC,True,True,CAATDSNYQLIW,TGTGCTGCGACTGATAGCAACTATCAGTTAATCTGG,1455,5,clonotype1,clonotype1_consensus_2
CTGGTCTAGAGGTAGA-1,True,CTGGTCTAGAGGTAGA-1_contig_2,True,521,TRB,TRBV20-1,None,TRBJ2-1,TRBC2,True,True,CSARVGSEVNEQFF,TGCAGTGCTAGAGTGGGGTCGGAAGTCAATGAGCAGTTCTTC,1095,13,clonotype1,clonotype1_consensus_1
CTGGTCTAGAGGTAGA-1,True,CTGGTCTAGAGGTAGA-1_contig_3,True,482,TRA,TRAV10,None,TRAJ24,TRAC,True,False,None,None,5308,3,clonotype1,None
CTGGTCTAGCCAGGAT-1,True,CTGGTCTAGCCAGGAT-1_contig_1,True,577,TRA,TRAV29/DV5,None,TRAJ23,TRAC,True,True,CAASDWIYNQGGKLIF,TGTGCAGCAAGCGATTGGATTTATAACCAGGGAGGAAAGCTTATCTTC,524,9,clonotype2109,clonotype2109_consensus_1
CTGGTCTAGCCAGGAT-1,True,CTGGTCTAGCCAGGAT-1_contig_2,True,661,TRB,TRBV5-6,None,TRBJ1-6,TRBC1,True,True,CASSLGTGINSPLHF,TGTGCCAGCAGCCTCGGGACAGGGATAAATTCACCCCTCCACTTT,567,7,clonotype2109,clonotype2109_consensus_2
CTGGTCTAGGAGTCTG-1,True,CTGGTCTAGGAGTCTG-1_contig_1,True,498,TRB,TRBV20-1,None,TRBJ1-1,TRBC1,True,True,CSAGGRGSRTEAFF,TGCAGTGCTGGGGGGAGAGGGTCAAGGACTGAAGCTTTCTTT,1171,7,clonotype117,clonotype117_consensus_1
CTGGTCTAGGAGTCTG-1,True,CTGGTCTAGGAGTCTG-1_contig_2,True,462,TRA,TRAV4,None,TRAJ9,TRAC,True,False,CLVGDPNTGGFKTIF,TGCCTCGTGGGTGATCCTAATACTGGAGGCTTCAAAACTATCTTT,1418,5,clonotype117,None
CTGGTCTAGGAGTCTG-1,True,CTGGTCTAGGAGTCTG-1_contig_3,True,327,TRB,None,None,TRBJ1-6,TRBC1,False,False,None,None,218,2,clonotype117,None
CTGGTCTAGGCAGGTT-1,True,CTGGTCTAGGCAGGTT-1_contig_1,True,515,TRA,TRAV27,None,TRAJ31,TRAC,True,True,CAGERNNNARLMF,TGTGCAGGAGAGAGGAATAACAATGCCAGACTCATGTTT,689,6,clonotype2110,clonotype2110_consensus_1
CTGGTCTCAAAGCAAT-1,True,CTGGTCTCAAAGCAAT-1_contig_1,True,501,TRA,TRAV12-3,None,TRAJ27,TRAC,True,True,CAMKPNTNAGKSTF,TGTGCAATGAAGCCTAACACCAATGCAGGCAAATCAACCTTT,900,10,clonotype2111,clonotype2111_consensus_2
CTGGTCTCAAAGCAAT-1,True,CTGGTCTCAAAGCAAT-1_contig_2,True,573,TRB,TRBV5-6,None,TRBJ1-2,TRBC1,True,True,CASIYSRVTLNGYTF,TGTGCCAGCATCTATAGTAGGGTAACCCTAAATGGCTACACCTTC,1385,4,clonotype2111,clonotype2111_consensus_1
CTGGTCTCAACTTGAC-1,True,CTGGTCTCAACTTGAC-1_contig_1,True,505,TRA,TRAV1-2,None,TRAJ33,TRAC,True,True,CAATDSNYQLIW,TGTGCTGCGACTGATAGCAACTATCAGTTAATCTGG,332,2,clonotype1,clonotype1_consensus_2
CTGGTCTCAACTTGAC-1,True,CTGGTCTCAACTTGAC-1_contig_2,True,521,TRB,TRBV20-1,None,TRBJ2-1,TRBC2,True,True,CSARVGSEVNEQFF,TGCAGTGCTAGAGTGGGGTCGGAAGTCAATGAGCAGTTCTTC,657,6,clonotype1,clonotype1_consensus_1
CTGGTCTCAACTTGAC-1,True,CTGGTCTCAACTTGAC-1_contig_3,True,482,TRA,TRAV10,None,TRAJ24,TRAC,True,False,None,None,646,2,clonotype1,None
CTGGTCTCAACTTGAC-1,True,CTGGTCTCAACTTGAC-1_contig_4,True,499,TRB,None,None,TRBJ2-2P,TRBC2,False,False,None,None,840,5,clonotype1,None
CTGGTCTCACCAGCAC-1,True,CTGGTCTCACCAGCAC-1_contig_1,True,492,TRB,TRBV20-1,None,TRBJ2-1,TRBC2,True,True,CSARVGSEVNEQFF,TGCAGTGCTAGAGTGGGGTCGGAAGTCAATGAGCAGTTCTTC,2770,10,clonotype2,clonotype2_consensus_1
CTGGTCTCACCAGCAC-1,True,CTGGTCTCACCAGCAC-1_contig_2,True,482,TRA,TRAV10,None,TRAJ24,TRAC,True,False,None,None,355,6,clonotype2,None
CTGGTCTCAGATCCAT-1,True,CTGGTCTCAGATCCAT-1_contig_1,True,504,TRB,TRBV20-1,None,TRBJ1-5,TRBC1,True,True,CSARESYPTSNQPQHF,TGCAGTGCTAGAGAAAGCTACCCAACTAGCAATCAGCCCCAGCATTTT,2492,15,clonotype2112,clonotype2112_consensus_2
CTGGTCTCAGATCCAT-1,True,CTGGTCTCAGATCCAT-1_contig_2,True,478,TRA,TRAV38-1,None,TRAJ44,TRAC,True,True,CAFMINTGTASKLTF,TGTGCTTTCATGATAAATACCGGCACTGCCAGTAAACTCACCTTT,153,5,clonotype2112,clonotype2112_consensus_1
CTGGTCTCATCCTAGA-1,True,CTGGTCTCATCCTAGA-1_contig_1,True,505,TRA,TRAV1-2,None,TRAJ33,TRAC,True,True,CAATDSNYQLIW,TGTGCTGCGACTGATAGCAACTATCAGTTAATCTGG,40,1,clonotype1,clonotype1_consensus_2
CTGGTCTCATCCTAGA-1,True,CTGGTCTCATCCTAGA-1_contig_2,True,521,TRB,TRBV20-1,None,TRBJ2-1,TRBC2,True,True,CSARVGSEVNEQFF,TGCAGTGCTAGAGTGGGGTCGGAAGTCAATGAGCAGTTCTTC,1717,15,clonotype1,clonotype1_consensus_1
CTGGTCTCATCCTAGA-1,True,CTGGTCTCATCCTAGA-1_contig_3,True,468,TRA,TRAV10,None,TRAJ24,TRAC,True,False,None,None,169,2,clonotype1,None
CTGGTCTCATCCTAGA-1,True,CTGGTCTCATCCTAGA-1_contig_4,True,554,TRA,None,None,TRAJ32,TRAC,False,False,None,None,194,2,clonotype1,None
CTGGTCTCATGACGGA-1,True,CTGGTCTCATGACGGA-1_contig_1,True,495,TRA,TRAV38-1,None,TRAJ26,TRAC,True,True,CAFTSYGQNFVF,TGTGCTTTCACCTCATATGGTCAGAATTTTGTCTTT,89,2,clonotype14,clonotype14_consensus_1
CTGGTCTCATGACGGA-1,True,CTGGTCTCATGACGGA-1_contig_2,True,521,TRB,TRBV20-1,None,TRBJ2-3,TRBC2,True,True,CSARPDTSTDTQYF,TGCAGTGCCCGTCCTGATACTAGCACAGATACGCAGTATTTT,450,6,clonotype14,clonotype14_consensus_2
CTGGTCTGTAGGAGTC-1,True,CTGGTCTGTAGGAGTC-1_contig_1,True,518,TRB,TRBV20-1,None,TRBJ1-4,TRBC1,True,True,CSARQGGGEKLFF,TGCAGTGCTAGACAGGGGGGGGGTGAAAAACTGTTTTTT,1045,5,clonotype195,clonotype195_consensus_2
CTGGTCTGTAGGAGTC-1,True,CTGGTCTGTAGGAGTC-1_contig_2,True,511,TRA,TRAV1-2,None,TRAJ36,TRAC,True,True,CAVRRSSGANNLFF,TGTGCTGTGAGAAGATCATCAGGGGCAAACAACCTCTTCTTT,277,2,clonotype195,clonotype195_consensus_3
CTGGTCTGTAGGAGTC-1,True,CTGGTCTGTAGGAGTC-1_contig_3,True,538,TRA,TRAV16,None,TRAJ28,TRAC,True,True,CALVTKGAGSYQLTF,TGTGCTCTAGTAACGAAAGGGGCTGGGAGTTACCAACTCACTTTC,414,3,clonotype195,clonotype195_consensus_1
CTGGTCTGTTACCAGT-1,True,CTGGTCTGTTACCAGT-1_contig_1,True,536,TRA,TRAV5,None,TRAJ13,TRAC,True,True,CAETDVGASGGYQKVTF,TGTGCAGAGACCGACGTAGGAGCCTCTGGGGGTTACCAGAAAGTTACCTTT,1058,6,clonotype2113,clonotype2113_consensus_2
CTGGTCTGTTACCAGT-1,True,CTGGTCTGTTACCAGT-1_contig_2,True,656,TRB,TRBV5-6,None,TRBJ1-2,TRBC1,True,True,CASSLVQGGGYTF,TGTGCCAGCAGCTTGGTACAGGGTGGTGGCTACACCTTC,3567,11,clonotype2113,clonotype2113_consensus_1
CTGGTCTTCACCAGGC-1,True,CTGGTCTTCACCAGGC-1_contig_1,True,561,TRA,TRAV36/DV7,None,TRAJ48,TRAC,True,True,CAVPGNEKLTF,TGTGCTGTACCTGGAAATGAGAAATTAACCTTT,215,7,clonotype2114,clonotype2114_consensus_1
CTGGTCTTCACCAGGC-1,True,CTGGTCTTCACCAGGC-1_contig_2,True,527,TRB,TRBV20-1,None,TRBJ2-3,TRBC2,True,True,CSARKTSSSSTDTQYF,TGCAGTGCTAGGAAGACTAGCAGCTCTAGCACAGATACGCAGTATTTT,2174,10,clonotype2114,clonotype2114_consensus_2
CTGGTCTTCACCATAG-1,True,CTGGTCTTCACCATAG-1_contig_1,True,673,TRA,TRAV12-1,None,TRAJ21,TRAC,True,True,CVFLYNFNKFYF,TGTGTGTTCTTATACAACTTCAACAAATTTTACTTT,1425,5,clonotype2115,clonotype2115_consensus_1
CTGGTCTTCACCATAG-1,True,CTGGTCTTCACCATAG-1_contig_2,True,505,TRA,TRAV1-2,None,TRAJ33,TRAC,True,True,CAVMDSNYQLIW,TGTGCTGTCATGGATAGCAACTATCAGTTAATCTGG,417,5,clonotype2115,clonotype2115_consensus_2
CTGGTCTTCACCATAG-1,True,CTGGTCTTCACCATAG-1_contig_3,True,521,TRB,TRBV20-1,None,TRBJ2-3,TRBC2,True,True,CSTSGGAEVDTQYF,TGCAGCACTAGCGGGGGGGCCGAGGTAGATACGCAGTATTTT,2601,12,clonotype2115,clonotype2115_consensus_3
CTGGTCTTCACCCTCA-1,True,CTGGTCTTCACCCTCA-1_contig_1,True,717,TRB,TRBV5-5,None,TRBJ1-4,TRBC1,True,True,CASSHPGPNYATNEKLFF,TGTGCCAGCAGCCATCCCGGACCGAACTACGCAACTAATGAAAAACTGTTTTTT,1769,9,clonotype4,clonotype4_consensus_1
CTGGTCTTCCTGCCAT-1,True,CTGGTCTTCCTGCCAT-1_contig_1,True,504,TRB,TRBV20-1,None,TRBJ2-1,TRBC2,True,True,CSAKNPGTGLNNEQFF,TGCAGTGCTAAAAACCCCGGGACAGGGTTAAATAATGAGCAGTTCTTC,845,20,clonotype2116,clonotype2116_consensus_1
CTGTGCTAGACTCGGA-1,True,CTGTGCTAGACTCGGA-1_contig_1,True,514,TRB,TRBV20-1,None,TRBJ1-3,TRBC1,True,True,CSTRTGNENTIYF,TGCAGTACTAGGACAGGGAATGAAAACACCATATATTTT,361,3,clonotype2117,clonotype2117_consensus_1
CTGTGCTAGACTCGGA-1,True,CTGTGCTAGACTCGGA-1_contig_2,True,447,TRA,TRAV9-2,None,TRAJ54,TRAC,True,False,CSVLMKGAQKLVF,TGCTCCGTCCTCATGAAGGGAGCCCAGAAGCTGGTATTT,170,1,clonotype2117,None
CTGTGCTAGACTCGGA-1,True,CTGTGCTAGACTCGGA-1_contig_3,True,616,TRA,TRAV39,None,TRAJ32,TRAC,True,False,CAVDYYGGATNKLIF,TGTGCCGTGGACTATTATGGTGGTGCTACAAACAAGCTCATCTTT,486,2,clonotype2117,None
CTGTGCTAGAGCCTAG-1,True,CTGTGCTAGAGCCTAG-1_contig_1,True,505,TRA,TRAV1-2,None,TRAJ33,TRAC,True,True,CAATDSNYQLIW,TGTGCTGCGACTGATAGCAACTATCAGTTAATCTGG,465,2,clonotype1,clonotype1_consensus_2
CTGTGCTAGAGCCTAG-1,True,CTGTGCTAGAGCCTAG-1_contig_2,True,521,TRB,TRBV20-1,None,TRBJ2-1,TRBC2,True,True,CSARVGSEVNEQFF,TGCAGTGCTAGAGTGGGGTCGGAAGTCAATGAGCAGTTCTTC,2772,13,clonotype1,clonotype1_consensus_1
CTGTGCTAGAGCCTAG-1,True,CTGTGCTAGAGCCTAG-1_contig_3,True,482,TRA,TRAV10,None,TRAJ24,TRAC,True,False,None,None,849,4,clonotype1,None
CTGTGCTAGCGCTCCA-1,True,CTGTGCTAGCGCTCCA-1_contig_1,True,515,TRB,TRBV20-1,None,TRBJ1-1,TRBC1,True,True,CSVEDGLNTEAFF,TGCAGTGTTGAGGACGGCCTGAACACTGAAGCTTTCTTT,3973,9,clonotype192,clonotype192_consensus_1
CTGTGCTAGGAGCGTT-1,True,CTGTGCTAGGAGCGTT-1_contig_1,True,501,TRB,TRBV20-1,None,TRBJ2-5,TRBC2,True,True,CSARGTSGNQETQYF,TGCAGTGCTAGGGGGACTAGCGGGAATCAAGAGACCCAGTACTTC,1553,9,clonotype2118,clonotype2118_consensus_2
CTGTGCTAGGAGCGTT-1,True,CTGTGCTAGGAGCGTT-1_contig_2,True,498,TRA,TRAV12-3,None,TRAJ9,TRAC,True,True,CAMSGTGGFKTIF,TGTGCAATGAGCGGTACTGGAGGCTTCAAAACTATCTTT,1638,7,clonotype2118,clonotype2118_consensus_1
CTGTGCTAGGTGATAT-1,True,CTGTGCTAGGTGATAT-1_contig_1,True,505,TRA,TRAV1-2,None,TRAJ33,TRAC,True,True,CAATDSNYQLIW,TGTGCTGCGACTGATAGCAACTATCAGTTAATCTGG,538,5,clonotype1,clonotype1_consensus_2
CTGTGCTAGGTGATAT-1,True,CTGTGCTAGGTGATAT-1_contig_2,True,521,TRB,TRBV20-1,None,TRBJ2-1,TRBC2,True,True,CSARVGSEVNEQFF,TGCAGTGCTAGAGTGGGGTCGGAAGTCAATGAGCAGTTCTTC,2696,9,clonotype1,clonotype1_consensus_1
CTGTGCTAGGTGATAT-1,True,CTGTGCTAGGTGATAT-1_contig_3,True,482,TRA,TRAV10,None,TRAJ24,TRAC,True,False,None,None,415,7,clonotype1,None
CTGTGCTCACGAGAGT-1,True,CTGTGCTCACGAGAGT-1_contig_1,True,505,TRA,TRAV1-2,None,TRAJ33,TRAC,True,True,CAATDSNYQLIW,TGTGCTGCGACTGATAGCAACTATCAGTTAATCTGG,208,4,clonotype1,clonotype1_consensus_2
CTGTGCTCACGAGAGT-1,True,CTGTGCTCACGAGAGT-1_contig_2,True,521,TRB,TRBV20-1,None,TRBJ2-1,TRBC2,True,True,CSARVGSEVNEQFF,TGCAGTGCTAGAGTGGGGTCGGAAGTCAATGAGCAGTTCTTC,2549,11,clonotype1,clonotype1_consensus_1
CTGTGCTCACGAGAGT-1,True,CTGTGCTCACGAGAGT-1_contig_3,True,482,TRA,TRAV10,None,TRAJ24,TRAC,True,False,None,None,714,6,clonotype1,None
CTGTGCTGTAAGAGGA-1,True,CTGTGCTGTAAGAGGA-1_contig_1,True,489,TRB,TRBV20-1,None,TRBJ1-2,TRBC1,True,True,CSAPARDGYTF,TGCAGTGCCCCCGCTCGGGACGGCTACACCTTC,5148,10,clonotype2119,clonotype2119_consensus_2
CTGTGCTGTAAGAGGA-1,True,CTGTGCTGTAAGAGGA-1_contig_2,True,463,TRA,TRAV9-2,None,TRAJ29,TRAC,True,True,CALSHSGNTPLVF,TGTGCTCTGAGCCATTCAGGAAACACACCTCTTGTCTTT,1101,4,clonotype2119,clonotype2119_consensus_1
CTGTGCTGTAAGTGGC-1,True,CTGTGCTGTAAGTGGC-1_contig_1,True,518,TRB,TRBV20-1,None,TRBJ2-1,TRBC2,True,True,CSAPSGGADEQFF,TGCAGCGCGCCCAGCGGGGGGGCGGATGAGCAGTTCTTC,2792,8,clonotype2120,clonotype2120_consensus_1
CTGTGCTGTAAGTGGC-1,True,CTGTGCTGTAAGTGGC-1_contig_2,True,475,TRA,TRAV21,None,TRAJ29,TRAC,True,True,CAVEGNTPLVF,TGTGCTGTGGAAGGAAACACACCTCTTGTCTTT,537,5,clonotype2120,clonotype2120_consensus_2
CTGTGCTGTAAGTGGC-1,True,CTGTGCTGTAAGTGGC-1_contig_3,True,301,TRB,None,None,TRBJ2-6,TRBC2,False,False,None,None,46,2,clonotype2120,None
CTGTGCTGTACAGCAG-1,True,CTGTGCTGTACAGCAG-1_contig_1,True,505,TRA,TRAV1-2,None,TRAJ33,TRAC,True,True,CAATDSNYQLIW,TGTGCTGCGACTGATAGCAACTATCAGTTAATCTGG,186,2,clonotype1,clonotype1_consensus_2
CTGTGCTGTACAGCAG-1,True,CTGTGCTGTACAGCAG-1_contig_2,True,521,TRB,TRBV20-1,None,TRBJ2-1,TRBC2,True,True,CSARVGSEVNEQFF,TGCAGTGCTAGAGTGGGGTCGGAAGTCAATGAGCAGTTCTTC,2910,10,clonotype1,clonotype1_consensus_1
CTGTGCTGTACCAGTT-1,True,CTGTGCTGTACCAGTT-1_contig_1,True,556,TRA,TRAV1-2,None,TRAJ33,TRAC,True,True,CAATDSNYQLIW,TGTGCTGCGACTGATAGCAACTATCAGTTAATCTGG,1065,5,clonotype1,clonotype1_consensus_2
CTGTGCTGTACCAGTT-1,True,CTGTGCTGTACCAGTT-1_contig_2,True,521,TRB,TRBV20-1,None,TRBJ2-1,TRBC2,True,True,CSARVGSEVNEQFF,TGCAGTGCTAGAGTGGGGTCGGAAGTCAATGAGCAGTTCTTC,3043,18,clonotype1,clonotype1_consensus_1
CTGTGCTGTACCAGTT-1,True,CTGTGCTGTACCAGTT-1_contig_3,True,520,TRA,TRAV10,None,TRAJ24,TRAC,True,False,None,None,50,2,clonotype1,None
CTGTGCTGTACTCAAC-1,True,CTGTGCTGTACTCAAC-1_contig_1,True,662,TRA,TRAV8-6,None,TRAJ30,TRAC,True,True,CAVSEGNRDDKIIF,TGTGCTGTGAGTGAAGGAAACAGAGATGACAAGATCATCTTT,928,9,clonotype213,clonotype213_consensus_2
CTGTGCTGTACTCAAC-1,True,CTGTGCTGTACTCAAC-1_contig_2,True,485,TRB,TRBV20-1,None,TRBJ1-1,TRBC1,True,True,CLASPPRLGTEAFF,TGCTTAGCGTCCCCCCCGAGATTGGGCACTGAAGCTTTCTTT,2504,14,clonotype213,clonotype213_consensus_1
CTGTGCTGTACTCTCC-1,True,CTGTGCTGTACTCTCC-1_contig_1,True,505,TRA,TRAV1-2,None,TRAJ33,TRAC,True,True,CAATDSNYQLIW,TGTGCTGCGACTGATAGCAACTATCAGTTAATCTGG,303,4,clonotype1,clonotype1_consensus_2
CTGTGCTGTACTCTCC-1,True,CTGTGCTGTACTCTCC-1_contig_2,True,498,TRB,TRBV20-1,None,TRBJ2-1,TRBC2,True,True,CSARVGSEVNEQFF,TGCAGTGCTAGAGTGGGGTCGGAAGTCAATGAGCAGTTCTTC,3456,5,clonotype1,clonotype1_consensus_1
CTGTGCTGTCGTTGTA-1,True,CTGTGCTGTCGTTGTA-1_contig_1,True,502,TRA,TRAV1-2,None,TRAJ33,TRAC,True,True,CAATDSNYQLIW,TGTGCTGCGACTGATAGCAACTATCAGTTAATCTGG,160,4,clonotype1,clonotype1_consensus_2
CTGTGCTGTCGTTGTA-1,True,CTGTGCTGTCGTTGTA-1_contig_2,True,521,TRB,TRBV20-1,None,TRBJ2-1,TRBC2,True,True,CSARVGSEVNEQFF,TGCAGTGCTAGAGTGGGGTCGGAAGTCAATGAGCAGTTCTTC,1588,10,clonotype1,clonotype1_consensus_1
CTGTGCTGTGAAAGAG-1,True,CTGTGCTGTGAAAGAG-1_contig_1,True,492,TRB,TRBV20-1,None,TRBJ2-1,TRBC2,True,True,CSARVGSEVNEQFF,TGCAGTGCTAGAGTGGGGTCGGAAGTCAATGAGCAGTTCTTC,865,5,clonotype2,clonotype2_consensus_1
CTGTGCTGTGAAAGAG-1,True,CTGTGCTGTGAAAGAG-1_contig_2,True,388,TRA,TRAV10,None,TRAJ24,TRAC,True,False,None,None,50,5,clonotype2,None
CTGTGCTTCAACCAAC-1,True,CTGTGCTTCAACCAAC-1_contig_1,True,501,TRB,TRBV20-1,None,TRBJ2-7,TRBC2,True,True,CSARAPHSNLYEQYF,TGCAGTGCTAGAGCCCCGCACTCCAACCTCTACGAGCAGTACTTC,2755,9,clonotype2121,clonotype2121_consensus_1
CTGTGCTTCAACCAAC-1,True,CTGTGCTTCAACCAAC-1_contig_2,True,527,TRB,TRBV20-1,None,TRBJ1-1,TRBC1,True,True,CSARVGSVGTNTEAFF,TGCAGTGCTAGAGTTGGGAGCGTGGGGACAAACACTGAAGCTTTCTTT,11222,8,clonotype2121,clonotype2121_consensus_3
CTGTGCTTCAACCAAC-1,True,CTGTGCTTCAACCAAC-1_contig_3,True,517,TRA,TRAV29/DV5,None,TRAJ31,TRAC,True,True,CAASGGRNNNARLMF,TGTGCAGCAAGCGGGGGGCGGAATAACAATGCCAGACTCATGTTT,577,1,clonotype2121,clonotype2121_consensus_4
CTGTGCTTCAACCAAC-1,True,CTGTGCTTCAACCAAC-1_contig_4,True,511,TRA,TRAV29/DV5,None,TRAJ40,TRAC,True,True,CAASMTGTYKYIF,TGTGCAGCAAGCATGACAGGAACCTACAAATACATCTTT,154,2,clonotype2121,clonotype2121_consensus_2
CTGTGCTTCAACCAAC-1,True,CTGTGCTTCAACCAAC-1_contig_5,True,324,TRB,None,None,TRBJ2-3,TRBC2,False,False,None,None,1595,6,clonotype2121,None
CTGTGCTTCGGAAATA-1,True,CTGTGCTTCGGAAATA-1_contig_1,True,518,TRB,TRBV20-1,None,TRBJ2-3,TRBC2,True,True,CSASLAGQDTQYF,TGCAGTGCTAGTCTAGCGGGGCAAGATACGCAGTATTTT,1435,7,clonotype255,clonotype255_consensus_1
CTGTGCTTCGGAAATA-1,True,CTGTGCTTCGGAAATA-1_contig_2,True,501,TRA,TRAV12-3,None,TRAJ44,TRAC,True,True,CAMQEPGTASKLTF,TGTGCAATGCAAGAGCCCGGCACTGCCAGTAAACTCACCTTT,968,8,clonotype255,clonotype255_consensus_2
CTGTGCTTCTGGTGTA-1,True,CTGTGCTTCTGGTGTA-1_contig_1,True,568,TRA,TRAV19,None,TRAJ40,TRAC,True,True,CALSEAYSGTYKYIF,TGTGCTCTGAGTGAGGCGTATTCAGGAACCTACAAATACATCTTT,485,7,clonotype2122,clonotype2122_consensus_1
CTGTGCTTCTGGTGTA-1,True,CTGTGCTTCTGGTGTA-1_contig_2,True,512,TRB,TRBV20-1,None,TRBJ2-7,TRBC2,True,True,CSFEGAGEQYF,TGCAGTTTCGAGGGGGCGGGGGAGCAGTACTTC,1959,11,clonotype2122,clonotype2122_consensus_2
CTGTGCTTCTTGCATT-1,True,CTGTGCTTCTTGCATT-1_contig_1,True,504,TRB,TRBV20-1,None,TRBJ2-7,TRBC2,True,True,CSVLGLAGGPPYEQYF,TGCAGTGTTTTGGGACTAGCGGGGGGGCCCCCCTACGAGCAGTACTTC,541,6,clonotype2123,clonotype2123_consensus_1
CTGTTTAAGAGTTGGC-1,True,CTGTTTAAGAGTTGGC-1_contig_1,True,677,TRA,TRAV8-3,None,TRAJ3,TRAC,True,True,CAVGAGSSASKIIF,TGTGCTGTGGGTGCGGGCAGCAGTGCTTCCAAGATAATCTTT,376,3,clonotype2124,clonotype2124_consensus_2
CTGTTTAAGAGTTGGC-1,True,CTGTTTAAGAGTTGGC-1_contig_2,True,521,TRB,TRBV20-1,None,TRBJ2-2,TRBC2,True,True,CSADDRGNTGELFF,TGCAGTGCAGATGACAGGGGGAACACCGGGGAGCTGTTTTTT,1104,10,clonotype2124,clonotype2124_consensus_1
CTGTTTAAGAGTTGGC-1,True,CTGTTTAAGAGTTGGC-1_contig_3,True,421,TRA,TRAV25,None,TRAJ3,TRAC,True,False,CAVPRSSASKIIF,TGTGCAGTCCCTCGAAGCAGTGCTTCCAAGATAATCTTT,3629,1,clonotype2124,None
CTGTTTAAGGATCGCA-1,True,CTGTTTAAGGATCGCA-1_contig_1,True,505,TRA,TRAV1-2,None,TRAJ33,TRAC,True,True,CAATDSNYQLIW,TGTGCTGCGACTGATAGCAACTATCAGTTAATCTGG,545,1,clonotype1,clonotype1_consensus_2
CTGTTTAAGGATCGCA-1,True,CTGTTTAAGGATCGCA-1_contig_2,True,521,TRB,TRBV20-1,None,TRBJ2-1,TRBC2,True,True,CSARVGSEVNEQFF,TGCAGTGCTAGAGTGGGGTCGGAAGTCAATGAGCAGTTCTTC,779,6,clonotype1,clonotype1_consensus_1
CTGTTTAAGGATCGCA-1,True,CTGTTTAAGGATCGCA-1_contig_3,True,459,TRA,TRAV10,None,TRAJ24,TRAC,True,False,None,None,71,2,clonotype1,None
CTGTTTAAGTAGGCCA-1,True,CTGTTTAAGTAGGCCA-1_contig_1,True,653,TRB,TRBV5-6,None,TRBJ2-1,TRBC2,True,True,CASSARTNEQFF,TGTGCCAGCAGCGCCCGGACAAATGAGCAGTTCTTC,497,3,clonotype2125,clonotype2125_consensus_1
CTGTTTAAGTAGGCCA-1,True,CTGTTTAAGTAGGCCA-1_contig_2,True,327,TRB,None,None,TRBJ1-6,TRBC1,False,False,None,None,315,2,clonotype2125,None
CTGTTTACAAACGTGG-1,True,CTGTTTACAAACGTGG-1_contig_1,True,524,TRB,TRBV20-1,None,TRBJ2-2,TRBC2,True,True,CSARPQLTNTGELFF,TGCAGTGCTAGACCCCAACTAACCAACACCGGGGAGCTGTTTTTT,758,5,clonotype2126,clonotype2126_consensus_2
CTGTTTACAAACGTGG-1,True,CTGTTTACAAACGTGG-1_contig_2,True,492,TRA,TRAV21,None,TRAJ42,TRAC,True,True,CAVRDMNYGGSQGNLIF,TGTGCTGTGAGGGACATGAATTATGGAGGAAGCCAAGGAAATCTCATCTTT,561,4,clonotype2126,clonotype2126_consensus_3
CTGTTTACAAACGTGG-1,True,CTGTTTACAAACGTGG-1_contig_3,True,512,TRB,TRBV20-1,None,TRBJ2-1,TRBC2,True,True,CSAGEATEQFF,TGCAGTGCTGGGGAGGCAACCGAGCAGTTCTTC,2291,11,clonotype2126,clonotype2126_consensus_4
CTGTTTACAAACGTGG-1,True,CTGTTTACAAACGTGG-1_contig_4,True,544,TRA,TRAV21,None,TRAJ11,TRAC,True,True,CAASASGYSTLTF,TGTGCTGCCTCAGCATCAGGATACAGCACCCTCACCTTT,983,6,clonotype2126,clonotype2126_consensus_1
CTGTTTACAAACGTGG-1,True,CTGTTTACAAACGTGG-1_contig_5,True,417,TRA,TRAV9-2,None,TRAJ12,TRAC,True,False,CAPPMDSSYKLIF,TGTGCTCCCCCGATGGATAGCAGCTATAAATTGATCTTC,300,3,clonotype2126,None
CTGTTTACAGGCTGAA-1,True,CTGTTTACAGGCTGAA-1_contig_1,True,574,TRA,TRAV8-1,None,TRAJ12,TRAC,True,True,CAVIRMDSSYKLIF,TGTGCCGTGATCCGGATGGATAGCAGCTATAAATTGATCTTC,474,3,clonotype2127,clonotype2127_consensus_2
CTGTTTACAGGCTGAA-1,True,CTGTTTACAGGCTGAA-1_contig_2,True,501,TRB,TRBV20-1,None,TRBJ2-1,TRBC2,True,True,CSAYGGINFYNEQFF,TGCAGTGCTTACGGGGGGATCAACTTCTACAATGAGCAGTTCTTC,1557,7,clonotype2127,clonotype2127_consensus_1
CTGTTTACAGGCTGAA-1,True,CTGTTTACAGGCTGAA-1_contig_3,True,686,TRA,TRAV21,None,TRAJ36,TRAC,True,False,None,None,1800,1,clonotype2127,None
CTGTTTAGTAAACCTC-1,True,CTGTTTAGTAAACCTC-1_contig_1,True,722,TRB,TRBV5-5,None,TRBJ2-2,TRBC2,True,True,CASSLVGELFF,TGTGCCAGCAGCTTGGTCGGGGAGCTGTTTTTT,1301,11,clonotype2128,clonotype2128_consensus_1
CTGTTTAGTAAACCTC-1,True,CTGTTTAGTAAACCTC-1_contig_2,True,304,TRB,None,None,TRBJ1-2,TRBC1,False,False,None,None,290,5,clonotype2128,None
CTGTTTAGTAAGTAGT-1,True,CTGTTTAGTAAGTAGT-1_contig_1,True,519,TRB,TRBV5-5,None,TRBJ1-4,TRBC1,True,True,CASSHPGPNYATNEKLFF,TGTGCCAGCAGCCATCCCGGACCGAACTACGCAACTAATGAAAAACTGTTTTTT,728,5,clonotype4,clonotype4_consensus_1
CTGTTTAGTGACGCCT-1,True,CTGTTTAGTGACGCCT-1_contig_1,True,505,TRA,TRAV1-2,None,TRAJ33,TRAC,True,True,CAATDSNYQLIW,TGTGCTGCGACTGATAGCAACTATCAGTTAATCTGG,518,2,clonotype1,clonotype1_consensus_2
CTGTTTAGTGACGCCT-1,True,CTGTTTAGTGACGCCT-1_contig_2,True,521,TRB,TRBV20-1,None,TRBJ2-1,TRBC2,True,True,CSARVGSEVNEQFF,TGCAGTGCTAGAGTGGGGTCGGAAGTCAATGAGCAGTTCTTC,677,4,clonotype1,clonotype1_consensus_1
CTGTTTAGTTTGCATG-1,True,CTGTTTAGTTTGCATG-1_contig_1,True,505,TRA,TRAV1-2,None,TRAJ33,TRAC,True,True,CAATDSNYQLIW,TGTGCTGCGACTGATAGCAACTATCAGTTAATCTGG,283,3,clonotype1,clonotype1_consensus_2
CTGTTTAGTTTGCATG-1,True,CTGTTTAGTTTGCATG-1_contig_2,True,520,TRB,TRBV20-1,None,TRBJ2-1,TRBC2,True,True,CSARVGSEVNEQFF,TGCAGTGCTAGAGTGGGGTCGGAAGTCAATGAGCAGTTCTTC,1009,4,clonotype1,clonotype1_consensus_1
CTGTTTATCAACCAAC-1,True,CTGTTTATCAACCAAC-1_contig_1,True,498,TRB,TRBV20-1,None,TRBJ2-1,TRBC2,True,True,CSARVGSEVNEQFF,TGCAGTGCTAGAGTGGGGTCGGAAGTCAATGAGCAGTTCTTC,632,7,clonotype2,clonotype2_consensus_1
CTGTTTATCAAGGTAA-1,True,CTGTTTATCAAGGTAA-1_contig_1,True,484,TRA,TRAV21,None,TRAJ45,TRAC,True,True,CAVGSGGGADGLTF,TGTGCTGTGGGATCAGGAGGAGGTGCTGACGGACTCACCTTT,88,6,clonotype333,clonotype333_consensus_1
CTGTTTATCAAGGTAA-1,True,CTGTTTATCAAGGTAA-1_contig_2,True,522,TRB,TRBV5-5,None,TRBJ2-6,TRBC2,True,True,CASSLTGGATSGANVLTF,TGTGCCAGCAGCTTGACAGGGGGCGCAACCTCTGGGGCCAACGTCCTGACTTTC,1581,10,clonotype333,clonotype333_consensus_2
CTGTTTATCAGGATCT-1,True,CTGTTTATCAGGATCT-1_contig_1,True,508,TRA,TRAV20,None,TRAJ24,TRAC,True,True,CAVMTTDSWGKFQF,TGTGCTGTTATGACAACTGACAGCTGGGGGAAATTCCAGTTT,855,4,clonotype7,clonotype7_consensus_2
CTGTTTATCAGGATCT-1,True,CTGTTTATCAGGATCT-1_contig_2,True,717,TRB,TRBV5-5,None,TRBJ2-7,TRBC2,True,True,CASSSLVEQGAYEQYF,TGTGCCAGCAGCTCGCTCGTAGAGCAGGGGGCCTACGAGCAGTACTTC,1302,10,clonotype7,clonotype7_consensus_1
CTGTTTATCGGAGCAA-1,True,CTGTTTATCGGAGCAA-1_contig_1,True,553,TRA,TRAV12-2,None,TRAJ48,TRAC,True,True,CAVNLISNFGNEKLTF,TGTGCCGTGAACTTAATATCTAACTTTGGAAATGAGAAATTAACCTTT,805,5,clonotype79,clonotype79_consensus_3
CTGTTTATCGGAGCAA-1,True,CTGTTTATCGGAGCAA-1_contig_2,True,511,TRA,TRAV23/DV6,None,TRAJ42,TRAC,True,True,CAANRGGSQGNLIF,TGTGCAGCAAATAGAGGAGGAAGCCAAGGAAATCTCATCTTT,1070,6,clonotype79,clonotype79_consensus_2
CTGTTTATCGGAGCAA-1,True,CTGTTTATCGGAGCAA-1_contig_3,True,521,TRB,TRBV20-1,None,TRBJ2-1,TRBC2,True,True,CSAEGRGRFYEQFF,TGCAGTGCCGAAGGCAGGGGGCGCTTCTATGAGCAGTTCTTC,2162,12,clonotype79,clonotype79_consensus_1
CTTAACTAGCCATCGC-1,True,CTTAACTAGCCATCGC-1_contig_1,True,505,TRA,TRAV1-2,None,TRAJ33,TRAC,True,True,CAATDSNYQLIW,TGTGCTGCGACTGATAGCAACTATCAGTTAATCTGG,386,2,clonotype1,clonotype1_consensus_2
CTTAACTAGCCATCGC-1,True,CTTAACTAGCCATCGC-1_contig_2,True,498,TRB,TRBV20-1,None,TRBJ2-1,TRBC2,True,True,CSARVGSEVNEQFF,TGCAGTGCTAGAGTGGGGTCGGAAGTCAATGAGCAGTTCTTC,1771,7,clonotype1,clonotype1_consensus_1
CTTAACTAGCCATCGC-1,True,CTTAACTAGCCATCGC-1_contig_3,True,482,TRA,TRAV10,None,TRAJ24,TRAC,True,False,None,None,639,3,clonotype1,None
CTTAACTAGGGCTCTC-1,True,CTTAACTAGGGCTCTC-1_contig_1,True,505,TRA,TRAV1-2,None,TRAJ33,TRAC,True,True,CAATDSNYQLIW,TGTGCTGCGACTGATAGCAACTATCAGTTAATCTGG,173,2,clonotype1,clonotype1_consensus_2
CTTAACTAGGGCTCTC-1,True,CTTAACTAGGGCTCTC-1_contig_2,True,498,TRB,TRBV20-1,None,TRBJ2-1,TRBC2,True,True,CSARVGSEVNEQFF,TGCAGTGCTAGAGTGGGGTCGGAAGTCAATGAGCAGTTCTTC,1809,9,clonotype1,clonotype1_consensus_1
CTTAACTAGTAGCCGA-1,True,CTTAACTAGTAGCCGA-1_contig_1,True,521,TRB,TRBV20-1,None,TRBJ1-1,TRBC1,True,True,CSARFGGGDTEAFF,TGCAGTGCTAGATTCGGGGGAGGGGACACTGAAGCTTTCTTT,1992,10,clonotype2129,clonotype2129_consensus_1
CTTAACTAGTAGTGCG-1,True,CTTAACTAGTAGTGCG-1_contig_1,True,518,TRB,TRBV20-1,None,TRBJ2-2,TRBC2,True,True,CSAIYRVDGELFF,TGCAGTGCAATTTACAGGGTTGACGGGGAGCTGTTTTTT,3770,18,clonotype2130,clonotype2130_consensus_1
CTTAACTAGTAGTGCG-1,True,CTTAACTAGTAGTGCG-1_contig_2,True,484,TRA,TRAV21,None,TRAJ22,TRAC,True,True,CAATSGSARQLTF,TGTGCTGCCACTTCTGGTTCTGCAAGGCAACTGACCTTT,836,5,clonotype2130,clonotype2130_consensus_2
CTTAACTAGTCATGCT-1,True,CTTAACTAGTCATGCT-1_contig_1,True,512,TRB,TRBV20-1,None,TRBJ1-1,TRBC1,True,True,CSAPINTEAFF,TGCAGTGCTCCAATAAACACTGAAGCTTTCTTT,2314,12,clonotype84,clonotype84_consensus_2
CTTAACTAGTCATGCT-1,True,CTTAACTAGTCATGCT-1_contig_2,True,544,TRA,TRAV16,None,TRAJ31,TRAC,True,True,CAFQNNNARLMF,TGTGCTTTCCAGAATAACAATGCCAGACTCATGTTT,262,2,clonotype84,clonotype84_consensus_1
CTTAACTAGTCATGCT-1,True,CTTAACTAGTCATGCT-1_contig_3,True,512,TRA,TRAV26-1,None,TRAJ37,None,True,False,CIVRVFRSKEQHRQTNLWARDNFTS,TGCATCGTCAGAGTGTTTAGAAGTAAGGAGCAACACAGGCAAACTAATCTTTGGGCAAGGGACAACTTTACAAGT,59,1,clonotype84,None
CTTAACTCAGCTGGCT-1,True,CTTAACTCAGCTGGCT-1_contig_1,True,505,TRA,TRAV1-2,None,TRAJ33,TRAC,True,True,CAATDSNYQLIW,TGTGCTGCGACTGATAGCAACTATCAGTTAATCTGG,674,5,clonotype1,clonotype1_consensus_2
CTTAACTCAGCTGGCT-1,True,CTTAACTCAGCTGGCT-1_contig_2,True,521,TRB,TRBV20-1,None,TRBJ2-1,TRBC2,True,True,CSARVGSEVNEQFF,TGCAGTGCTAGAGTGGGGTCGGAAGTCAATGAGCAGTTCTTC,751,10,clonotype1,clonotype1_consensus_1
CTTAACTCAGCTGGCT-1,True,CTTAACTCAGCTGGCT-1_contig_3,True,459,TRA,TRAV10,None,TRAJ24,TRAC,True,False,None,None,222,2,clonotype1,None
CTTAACTGTAAATACG-1,True,CTTAACTGTAAATACG-1_contig_1,True,524,TRB,TRBV20-1,None,TRBJ2-1,TRBC2,True,True,CSARDRGQGVNEQFF,TGCAGTGCTAGAGACCGTGGACAGGGTGTAAATGAGCAGTTCTTC,3098,19,clonotype2131,clonotype2131_consensus_1
CTTAACTGTAAATACG-1,True,CTTAACTGTAAATACG-1_contig_2,True,554,TRA,TRAV26-1,None,TRAJ32,TRAC,True,True,CIVPGGLGGGATNKLIF,TGCATCGTCCCTGGGGGGTTGGGGGGTGGTGCTACAAACAAGCTCATCTTT,64,5,clonotype2131,clonotype2131_consensus_2
CTTAACTGTCTCCATC-1,True,CTTAACTGTCTCCATC-1_contig_1,True,499,TRB,TRBV5-6,None,TRBJ1-2,TRBC1,True,True,CASSFSGEGFNPYGYTF,TGTGCCAGCAGCTTCTCAGGCGAGGGGTTCAACCCCTATGGCTACACCTTC,476,2,clonotype2132,clonotype2132_consensus_2
CTTAACTGTCTCCATC-1,True,CTTAACTGTCTCCATC-1_contig_2,True,491,TRA,TRAV9-2,None,TRAJ54,TRAC,True,True,CALSEKGAQKLVF,TGTGCTCTGAGTGAAAAAGGAGCCCAGAAGCTGGTATTT,800,5,clonotype2132,clonotype2132_consensus_1
CTTAACTGTCTCCATC-1,True,CTTAACTGTCTCCATC-1_contig_3,True,421,TRB,None,None,TRBJ1-5,TRBC1,False,False,None,None,1045,4,clonotype2132,None
CTTAACTGTTACGCGC-1,True,CTTAACTGTTACGCGC-1_contig_1,True,515,TRB,TRBV20-1,None,TRBJ2-7,TRBC2,True,True,CSAATYTYEQYF,TGCAGTGCCGCGACTTATACCTACGAGCAGTACTTC,1768,10,clonotype88,clonotype88_consensus_2
CTTAACTGTTACGCGC-1,True,CTTAACTGTTACGCGC-1_contig_2,True,495,TRA,TRAV12-3,None,TRAJ40,TRAC,True,True,CAMSSGTYKYIF,TGTGCAATGAGTTCAGGAACCTACAAATACATCTTT,619,6,clonotype88,clonotype88_consensus_1
CTTAACTTCAAGGTAA-1,True,CTTAACTTCAAGGTAA-1_contig_1,True,524,TRB,TRBV20-1,None,TRBJ2-7,TRBC2,True,True,CSAIKAGLSSYEQYF,TGCAGTGCTATTAAAGCGGGGTTAAGCTCCTACGAGCAGTACTTC,3468,14,clonotype2133,clonotype2133_consensus_1
CTTAACTTCAAGGTAA-1,True,CTTAACTTCAAGGTAA-1_contig_2,True,507,TRA,TRAV9-2,None,TRAJ28,TRAC,True,True,CALSEGAYSGAGSYQLTF,TGTGCTCTGAGTGAGGGGGCATACTCTGGGGCTGGGAGTTACCAACTCACTTTC,2766,3,clonotype2133,clonotype2133_consensus_2
CTTAACTTCAGTGTTG-1,True,CTTAACTTCAGTGTTG-1_contig_1,True,521,TRB,TRBV20-1,None,TRBJ2-1,TRBC2,True,True,CSARVGSEVNEQFF,TGCAGTGCTAGAGTGGGGTCGGAAGTCAATGAGCAGTTCTTC,1836,10,clonotype2,clonotype2_consensus_1
CTTAACTTCAGTGTTG-1,True,CTTAACTTCAGTGTTG-1_contig_2,True,467,TRA,TRAV10,None,TRAJ24,TRAC,True,False,None,None,128,6,clonotype2,None
CTTAACTTCCTCATTA-1,True,CTTAACTTCCTCATTA-1_contig_1,True,505,TRA,TRAV1-2,None,TRAJ33,TRAC,True,True,CAATDSNYQLIW,TGTGCTGCGACTGATAGCAACTATCAGTTAATCTGG,1043,5,clonotype1,clonotype1_consensus_2
CTTAACTTCCTCATTA-1,True,CTTAACTTCCTCATTA-1_contig_2,True,521,TRB,TRBV20-1,None,TRBJ2-1,TRBC2,True,True,CSARVGSEVNEQFF,TGCAGTGCTAGAGTGGGGTCGGAAGTCAATGAGCAGTTCTTC,595,9,clonotype1,clonotype1_consensus_1
CTTAACTTCGCCTGTT-1,True,CTTAACTTCGCCTGTT-1_contig_1,True,505,TRA,TRAV1-2,None,TRAJ33,TRAC,True,True,CAATDSNYQLIW,TGTGCTGCGACTGATAGCAACTATCAGTTAATCTGG,629,5,clonotype1,clonotype1_consensus_2
CTTAACTTCGCCTGTT-1,True,CTTAACTTCGCCTGTT-1_contig_2,True,521,TRB,TRBV20-1,None,TRBJ2-1,TRBC2,True,True,CSARVGSEVNEQFF,TGCAGTGCTAGAGTGGGGTCGGAAGTCAATGAGCAGTTCTTC,358,7,clonotype1,clonotype1_consensus_1
CTTAACTTCTGACCTC-1,True,CTTAACTTCTGACCTC-1_contig_1,True,505,TRA,TRAV1-2,None,TRAJ33,TRAC,True,True,CAATDSNYQLIW,TGTGCTGCGACTGATAGCAACTATCAGTTAATCTGG,788,3,clonotype1,clonotype1_consensus_2
CTTAACTTCTGACCTC-1,True,CTTAACTTCTGACCTC-1_contig_2,True,492,TRB,TRBV20-1,None,TRBJ2-1,TRBC2,True,True,CSARVGSEVNEQFF,TGCAGTGCTAGAGTGGGGTCGGAAGTCAATGAGCAGTTCTTC,860,5,clonotype1,clonotype1_consensus_1
CTTAACTTCTGACCTC-1,True,CTTAACTTCTGACCTC-1_contig_3,True,302,TRB,None,None,TRBJ1-5,TRBC1,False,False,None,None,126,2,clonotype1,None
CTTACCGAGAAACCGC-1,True,CTTACCGAGAAACCGC-1_contig_1,True,521,TRB,TRBV20-1,None,TRBJ2-1,TRBC2,True,True,CSARVGSEVNEQFF,TGCAGTGCTAGAGTGGGGTCGGAAGTCAATGAGCAGTTCTTC,1389,8,clonotype2,clonotype2_consensus_1
CTTACCGAGAAACCGC-1,True,CTTACCGAGAAACCGC-1_contig_2,True,394,TRA,TRAV1-2,None,None,TRAC,False,False,None,None,63,4,clonotype2,None
CTTACCGAGACAGAGA-1,True,CTTACCGAGACAGAGA-1_contig_1,True,653,TRB,TRBV5-6,None,TRBJ1-1,TRBC1,True,True,CASSLGRDTEAFF,TGTGCCAGCAGCTTGGGGAGGGACACTGAAGCTTTCTTT,1721,8,clonotype2134,clonotype2134_consensus_1
CTTACCGAGACAGAGA-1,True,CTTACCGAGACAGAGA-1_contig_2,True,455,TRA,TRAV13-1,None,TRAJ43,TRAC,True,False,None,None,914,5,clonotype2134,None
CTTACCGAGCTTATCG-1,True,CTTACCGAGCTTATCG-1_contig_1,True,505,TRA,TRAV1-2,None,TRAJ33,TRAC,True,True,CAATDSNYQLIW,TGTGCTGCGACTGATAGCAACTATCAGTTAATCTGG,330,6,clonotype1,clonotype1_consensus_2
CTTACCGAGCTTATCG-1,True,CTTACCGAGCTTATCG-1_contig_2,True,521,TRB,TRBV20-1,None,TRBJ2-1,TRBC2,True,True,CSARVGSEVNEQFF,TGCAGTGCTAGAGTGGGGTCGGAAGTCAATGAGCAGTTCTTC,1751,9,clonotype1,clonotype1_consensus_1
CTTACCGAGTACGTAA-1,True,CTTACCGAGTACGTAA-1_contig_1,True,505,TRA,TRAV1-2,None,TRAJ33,TRAC,True,True,CAATDSNYQLIW,TGTGCTGCGACTGATAGCAACTATCAGTTAATCTGG,341,2,clonotype1,clonotype1_consensus_2
CTTACCGAGTACGTAA-1,True,CTTACCGAGTACGTAA-1_contig_2,True,498,TRB,TRBV20-1,None,TRBJ2-1,TRBC2,True,True,CSARVGSEVNEQFF,TGCAGTGCTAGAGTGGGGTCGGAAGTCAATGAGCAGTTCTTC,2868,11,clonotype1,clonotype1_consensus_1
CTTACCGCAAAGAATC-1,True,CTTACCGCAAAGAATC-1_contig_1,True,493,TRB,TRBV20-1,None,TRBJ2-1,TRBC2,True,True,CSARVGSEVNEQFF,TGCAGTGCTAGAGTGGGGTCGGAAGTCAATGAGCAGTTCTTC,246,2,clonotype2,clonotype2_consensus_1
CTTACCGCAAAGAATC-1,True,CTTACCGCAAAGAATC-1_contig_2,True,457,TRA,TRAV10,None,TRAJ24,TRAC,True,False,None,None,138,2,clonotype2,None
CTTACCGCAAGAGGCT-1,True,CTTACCGCAAGAGGCT-1_contig_1,True,521,TRB,TRBV20-1,None,TRBJ2-1,TRBC2,True,True,CSARVGSEVNEQFF,TGCAGTGCTAGAGTGGGGTCGGAAGTCAATGAGCAGTTCTTC,3558,7,clonotype2,clonotype2_consensus_1
CTTACCGCAAGAGGCT-1,True,CTTACCGCAAGAGGCT-1_contig_2,True,467,TRA,TRAV10,None,TRAJ24,TRAC,True,False,None,None,43,1,clonotype2,None
CTTACCGCAAGGTGTG-1,True,CTTACCGCAAGGTGTG-1_contig_1,True,524,TRB,TRBV20-1,None,TRBJ2-3,TRBC2,True,True,CSAPGQRTATDTQYF,TGCAGTGCCCCGGGACAGCGAACGGCCACAGATACGCAGTATTTT,2596,14,clonotype2135,clonotype2135_consensus_1
CTTACCGCAATGGACG-1,True,CTTACCGCAATGGACG-1_contig_1,True,509,TRA,TRAV29/DV5,None,TRAJ52,TRAC,True,True,CAAHAGGTSYGKLTF,TGTGCAGCACACGCTGGTGGTACTAGCTATGGAAAGCTGACATTT,210,2,clonotype2136,clonotype2136_consensus_2
CTTACCGCAATGGACG-1,True,CTTACCGCAATGGACG-1_contig_2,True,530,TRB,TRBV20-1,None,TRBJ2-2,TRBC2,True,True,CSASHPRGATNTGELFF,TGCAGTGCTAGTCATCCCCGGGGGGCTACGAACACCGGGGAGCTGTTTTTT,2714,12,clonotype2136,clonotype2136_consensus_1
CTTACCGCAATGGACG-1,True,CTTACCGCAATGGACG-1_contig_3,True,311,TRA,None,None,TRAJ49,TRAC,False,False,None,None,347,2,clonotype2136,None
CTTACCGCACGGCGTT-1,True,CTTACCGCACGGCGTT-1_contig_1,True,503,TRA,TRAV25,None,TRAJ49,TRAC,True,True,CAGRNTGNQFYF,TGTGCAGGGAGGAACACCGGTAACCAGTTCTATTTT,259,2,clonotype2137,clonotype2137_consensus_1
CTTACCGCACGGCGTT-1,True,CTTACCGCACGGCGTT-1_contig_2,True,501,TRB,TRBV5-5,None,TRBJ1-6,TRBC1,True,True,CASSLVGRGNSPLHF,TGTGCCAGCAGCTTGGTTGGCAGGGGGAATTCACCCCTCCACTTT,1435,9,clonotype2137,clonotype2137_consensus_2
CTTACCGCACGGCGTT-1,True,CTTACCGCACGGCGTT-1_contig_3,True,416,TRA,TRAV13-1,None,None,TRAC,False,False,None,None,224,1,clonotype2137,None
CTTACCGCAGCCTTTC-1,True,CTTACCGCAGCCTTTC-1_contig_1,True,521,TRB,TRBV20-1,None,TRBJ1-1,TRBC1,True,True,CSARDQGTNTEAFF,TGCAGTGCTAGAGATCAAGGTACAAACACTGAAGCTTTCTTT,2769,7,clonotype2138,clonotype2138_consensus_1
CTTACCGCATAACCTG-1,True,CTTACCGCATAACCTG-1_contig_1,True,485,TRB,TRBV20-1,None,TRBJ2-1,TRBC2,True,True,CSARVGSEVNEQFF,TGCAGTGCTAGAGTGGGGTCGGAAGTCAATGAGCAGTTCTTC,1338,5,clonotype2,clonotype2_consensus_1
CTTACCGCATGGTCAT-1,True,CTTACCGCATGGTCAT-1_contig_1,True,549,TRA,TRAV5,None,TRAJ30,TRAC,True,True,CAESMRRDDKIIF,TGTGCAGAGAGTATGAGAAGAGATGACAAGATCATCTTT,438,2,clonotype2139,clonotype2139_consensus_1
CTTACCGCATGGTCAT-1,True,CTTACCGCATGGTCAT-1_contig_2,True,501,TRB,TRBV20-1,None,TRBJ2-5,TRBC2,True,True,CSAPSQQAFQETQYF,TGCAGTGCCCCGAGTCAGCAGGCCTTTCAAGAGACCCAGTACTTC,2394,10,clonotype2139,clonotype2139_consensus_2
CTTACCGGTCACCCAG-1,True,CTTACCGGTCACCCAG-1_contig_1,True,525,TRA,TRAV21,None,TRAJ17,TRAC,True,True,CAVNGSGAAGNKLTF,TGTGCTGTGAACGGGTCGGGGGCTGCAGGCAACAAGCTAACTTTT,246,3,clonotype98,clonotype98_consensus_1
CTTACCGGTCACCCAG-1,True,CTTACCGGTCACCCAG-1_contig_2,True,726,TRB,TRBV5-6,None,TRBJ1-1,TRBC1,True,True,CATGRGTEAFF,TGTGCCACCGGTCGTGGCACTGAAGCTTTCTTT,2830,17,clonotype98,clonotype98_consensus_2
CTTAGGAAGAACAATC-1,True,CTTAGGAAGAACAATC-1_contig_1,True,507,TRB,TRBV5-5,None,TRBJ2-5,TRBC2,True,True,CASSTKTRRETQYF,TGTGCCAGCAGCACCAAAACTCGGAGAGAGACCCAGTACTTC,2025,10,clonotype2140,clonotype2140_consensus_1
CTTAGGAAGAATGTTG-1,True,CTTAGGAAGAATGTTG-1_contig_1,True,505,TRA,TRAV1-2,None,TRAJ33,TRAC,True,True,CAATDSNYQLIW,TGTGCTGCGACTGATAGCAACTATCAGTTAATCTGG,396,3,clonotype1,clonotype1_consensus_2
CTTAGGAAGAATGTTG-1,True,CTTAGGAAGAATGTTG-1_contig_2,True,521,TRB,TRBV20-1,None,TRBJ2-1,TRBC2,True,True,CSARVGSEVNEQFF,TGCAGTGCTAGAGTGGGGTCGGAAGTCAATGAGCAGTTCTTC,2471,12,clonotype1,clonotype1_consensus_1
CTTAGGAAGAGTGAGA-1,True,CTTAGGAAGAGTGAGA-1_contig_1,True,521,TRB,TRBV20-1,None,TRBJ2-1,TRBC2,True,True,CSARVGSEVNEQFF,TGCAGTGCTAGAGTGGGGTCGGAAGTCAATGAGCAGTTCTTC,1955,11,clonotype2,clonotype2_consensus_1
CTTAGGAAGATGCCTT-1,True,CTTAGGAAGATGCCTT-1_contig_1,True,521,TRB,TRBV20-1,None,TRBJ2-1,TRBC2,True,True,CSARVGSEVNEQFF,TGCAGTGCTAGAGTGGGGTCGGAAGTCAATGAGCAGTTCTTC,761,7,clonotype2,clonotype2_consensus_1
CTTAGGAAGGACAGCT-1,True,CTTAGGAAGGACAGCT-1_contig_1,True,515,TRB,TRBV20-1,None,TRBJ2-7,TRBC2,True,True,CSALRLEIEQYF,TGCAGTGCCCTCCGACTAGAGATCGAGCAGTACTTC,2704,16,clonotype146,clonotype146_consensus_2
CTTAGGAAGGACAGCT-1,True,CTTAGGAAGGACAGCT-1_contig_2,True,565,TRA,TRAV19,None,TRAJ50,TRAC,True,True,CALRKKTSYDKVIF,TGTGCTCTGAGGAAGAAAACCTCCTACGACAAGGTGATATTT,203,3,clonotype146,clonotype146_consensus_3
CTTAGGAAGGACAGCT-1,True,CTTAGGAAGGACAGCT-1_contig_3,True,614,TRA,TRAV41,None,TRAJ49,TRAC,True,True,CAVGFPNTGNQFYF,TGTGCTGTCGGCTTCCCGAACACCGGTAACCAGTTCTATTTT,352,5,clonotype146,clonotype146_consensus_1
CTTAGGACAAAGTGCG-1,True,CTTAGGACAAAGTGCG-1_contig_1,True,571,TRA,TRAV8-1,None,TRAJ34,TRAC,True,True,CAVNAGDTDKLIF,TGTGCCGTGAATGCTGGGGACACCGACAAGCTCATCTTT,142,3,clonotype2141,clonotype2141_consensus_1
CTTAGGACAAAGTGCG-1,True,CTTAGGACAAAGTGCG-1_contig_2,True,503,TRB,TRBV5-5,None,TRBJ2-7,TRBC2,True,True,CATKTRPLSYEQYF,TGTGCCACCAAAACCCGGCCCCTCTCCTACGAGCAGTACTTC,1279,4,clonotype2141,clonotype2141_consensus_2
CTTAGGACAAAGTGCG-1,True,CTTAGGACAAAGTGCG-1_contig_3,True,462,TRA,TRAV16,None,TRAJ11,TRAC,True,False,None,None,397,2,clonotype2141,None
CTTAGGACAAAGTGCG-1,True,CTTAGGACAAAGTGCG-1_contig_4,True,432,TRB,TRBV21-1,None,TRBJ2-5,None,True,False,CQQGQAGGGF,TGCCAGCAGGGGCAAGCAGGCGGCGGCTTC,534,1,clonotype2141,None
CTTAGGACAATCGAAA-1,True,CTTAGGACAATCGAAA-1_contig_1,True,490,TRB,TRBV5-6,None,TRBJ1-2,TRBC1,True,True,CASSSGRLNYGYTF,TGTGCCAGCAGCTCGGGACGGCTTAACTATGGCTACACCTTC,1644,4,clonotype92,clonotype92_consensus_1
CTTAGGACAGCGTAAG-1,True,CTTAGGACAGCGTAAG-1_contig_1,True,576,TRA,TRAV12-1,None,TRAJ9,TRAC,True,True,CVVTRNTGGFKTIF,TGTGTGGTGACACGAAATACTGGAGGCTTCAAAACTATCTTT,285,3,clonotype5,clonotype5_consensus_2
CTTAGGACAGCGTAAG-1,True,CTTAGGACAGCGTAAG-1_contig_2,True,504,TRB,TRBV20-1,None,TRBJ1-5,TRBC1,True,True,CSARDDNRAKSFNQPQHF,TGCAGTGCTAGAGACGACAACCGGGCCAAATCCTTCAATCAGCCCCAGCATTTT,412,5,clonotype5,clonotype5_consensus_1
CTTAGGACAGCTGTTA-1,True,CTTAGGACAGCTGTTA-1_contig_1,True,453,TRA,TRAV13-1,None,TRAJ52,TRAC,True,True,CAASDGGKLTF,TGTGCAGCAAGTGATGGGGGAAAGCTGACATTT,1212,5,clonotype2142,clonotype2142_consensus_2
CTTAGGACAGCTGTTA-1,True,CTTAGGACAGCTGTTA-1_contig_2,True,515,TRB,TRBV20-1,None,TRBJ2-3,TRBC2,True,True,CSDSGSTDTQYF,TGCAGTGACTCGGGAAGCACAGATACGCAGTATTTT,2828,14,clonotype2142,clonotype2142_consensus_1
CTTAGGACAGGCAGTA-1,True,CTTAGGACAGGCAGTA-1_contig_1,True,493,TRA,TRAV1-2,None,TRAJ33,TRAC,True,True,CAATDSNYQLIW,TGTGCTGCGACTGATAGCAACTATCAGTTAATCTGG,151,2,clonotype1,clonotype1_consensus_2
CTTAGGACAGGCAGTA-1,True,CTTAGGACAGGCAGTA-1_contig_2,True,521,TRB,TRBV20-1,None,TRBJ2-1,TRBC2,True,True,CSARVGSEVNEQFF,TGCAGTGCTAGAGTGGGGTCGGAAGTCAATGAGCAGTTCTTC,1881,13,clonotype1,clonotype1_consensus_1
CTTAGGAGTGTAATGA-1,True,CTTAGGAGTGTAATGA-1_contig_1,True,492,TRB,TRBV5-5,None,TRBJ1-4,TRBC1,True,True,CASSHPGPNYATNEKLFF,TGTGCCAGCAGCCATCCCGGACCGAACTACGCAACTAATGAAAAACTGTTTTTT,803,8,clonotype4,clonotype4_consensus_1
CTTAGGAGTGTAATGA-1,True,CTTAGGAGTGTAATGA-1_contig_2,True,418,TRB,TRBV7-3,None,TRBJ2-1,TRBC2,True,False,CQQRSLKAGGPYNEQFF,TGCCAGCAGCGGTCACTTAAAGCGGGGGGACCCTACAATGAGCAGTTCTTC,292,1,clonotype4,None
CTTAGGAGTTACGGAG-1,True,CTTAGGAGTTACGGAG-1_contig_1,True,524,TRB,TRBV20-1,None,TRBJ1-2,TRBC1,True,True,CSARARDRVFYGYTF,TGCAGTGCTAGAGCCCGGGACAGGGTTTTCTATGGCTACACCTTC,1352,10,clonotype2143,clonotype2143_consensus_2
CTTAGGAGTTACGGAG-1,True,CTTAGGAGTTACGGAG-1_contig_2,True,526,TRA,TRAV14/DV4,None,TRAJ6,TRAC,True,True,CAMRVLSGGSYIPTF,TGTGCAATGAGAGTCTTATCAGGAGGAAGCTACATACCTACATTT,174,3,clonotype2143,clonotype2143_consensus_1
CTTAGGAGTTACGGAG-1,True,CTTAGGAGTTACGGAG-1_contig_3,True,331,TRA,TRAV21,None,TRAJ11,TRAC,True,False,None,None,255,2,clonotype2143,None
CTTAGGAGTTGGTGGA-1,True,CTTAGGAGTTGGTGGA-1_contig_1,True,690,TRA,TRAV8-3,None,TRAJ53,TRAC,True,True,CAVGPNSGGSNYKLTF,TGTGCTGTGGGGCCGAATAGTGGAGGTAGCAACTATAAACTGACATTT,584,6,clonotype2144,clonotype2144_consensus_2
CTTAGGAGTTGGTGGA-1,True,CTTAGGAGTTGGTGGA-1_contig_2,True,669,TRB,TRBV5-6,None,TRBJ2-6,TRBC2,True,True,CASSYYRGAAGANVLTF,TGTGCCAGCAGCTACTATCGGGGGGCCGCTGGGGCCAACGTCCTGACTTTC,1400,10,clonotype2144,clonotype2144_consensus_1
CTTAGGAGTTGGTGGA-1,True,CTTAGGAGTTGGTGGA-1_contig_3,True,479,TRB,TRBV23-1,None,TRBJ2-3,TRBC2,True,False,None,None,599,8,clonotype2144,None
CTTAGGATCAGGATCT-1,True,CTTAGGATCAGGATCT-1_contig_1,True,555,TRA,TRAV12-1,None,TRAJ38,TRAC,True,True,CVVTILNAGNNRKLIW,TGTGTGGTGACCATCCTTAATGCTGGCAACAACCGTAAGCTGATTTGG,574,6,clonotype2145,clonotype2145_consensus_1
CTTAGGATCAGGATCT-1,True,CTTAGGATCAGGATCT-1_contig_2,True,527,TRB,TRBV20-1,None,TRBJ1-5,TRBC1,True,True,CSARVGTGYSNQPQHF,TGCAGTGCTAGAGTGGGGACAGGGTATAGCAATCAGCCCCAGCATTTT,3222,14,clonotype2145,clonotype2145_consensus_2
CTTAGGATCCAACCAA-1,True,CTTAGGATCCAACCAA-1_contig_1,True,505,TRA,TRAV1-2,None,TRAJ33,TRAC,True,True,CAATDSNYQLIW,TGTGCTGCGACTGATAGCAACTATCAGTTAATCTGG,343,4,clonotype1,clonotype1_consensus_2
CTTAGGATCCAACCAA-1,True,CTTAGGATCCAACCAA-1_contig_2,True,498,TRB,TRBV20-1,None,TRBJ2-1,TRBC2,True,True,CSARVGSEVNEQFF,TGCAGTGCTAGAGTGGGGTCGGAAGTCAATGAGCAGTTCTTC,1348,9,clonotype1,clonotype1_consensus_1
CTTAGGATCGAGAGCA-1,True,CTTAGGATCGAGAGCA-1_contig_1,True,505,TRA,TRAV1-2,None,TRAJ33,TRAC,True,True,CAATDSNYQLIW,TGTGCTGCGACTGATAGCAACTATCAGTTAATCTGG,659,6,clonotype1,clonotype1_consensus_2
CTTAGGATCGAGAGCA-1,True,CTTAGGATCGAGAGCA-1_contig_2,True,515,TRB,TRBV20-1,None,TRBJ2-1,TRBC2,True,True,CSARVGSEVNEQFF,TGCAGTGCTAGAGTGGGGTCGGAAGTCAATGAGCAGTTCTTC,2395,11,clonotype1,clonotype1_consensus_1
CTTAGGATCGTCTGAA-1,True,CTTAGGATCGTCTGAA-1_contig_1,True,505,TRA,TRAV1-2,None,TRAJ33,TRAC,True,True,CAATDSNYQLIW,TGTGCTGCGACTGATAGCAACTATCAGTTAATCTGG,311,3,clonotype1,clonotype1_consensus_2
CTTAGGATCGTCTGAA-1,True,CTTAGGATCGTCTGAA-1_contig_2,True,498,TRB,TRBV20-1,None,TRBJ2-1,TRBC2,True,True,CSARVGSEVNEQFF,TGCAGTGCTAGAGTGGGGTCGGAAGTCAATGAGCAGTTCTTC,787,6,clonotype1,clonotype1_consensus_1
CTTAGGATCTCATTCA-1,True,CTTAGGATCTCATTCA-1_contig_1,True,505,TRA,TRAV1-2,None,TRAJ33,TRAC,True,True,CAATDSNYQLIW,TGTGCTGCGACTGATAGCAACTATCAGTTAATCTGG,712,3,clonotype1,clonotype1_consensus_2
CTTAGGATCTCATTCA-1,True,CTTAGGATCTCATTCA-1_contig_2,True,521,TRB,TRBV20-1,None,TRBJ2-1,TRBC2,True,True,CSARVGSEVNEQFF,TGCAGTGCTAGAGTGGGGTCGGAAGTCAATGAGCAGTTCTTC,1182,11,clonotype1,clonotype1_consensus_1
CTTCTCTAGACAGGCT-1,True,CTTCTCTAGACAGGCT-1_contig_1,True,505,TRA,TRAV1-2,None,TRAJ33,TRAC,True,True,CAATDSNYQLIW,TGTGCTGCGACTGATAGCAACTATCAGTTAATCTGG,256,1,clonotype1,clonotype1_consensus_2
CTTCTCTAGACAGGCT-1,True,CTTCTCTAGACAGGCT-1_contig_2,True,486,TRB,TRBV20-1,None,TRBJ2-1,TRBC2,True,True,CSARVGSEVNEQFF,TGCAGTGCTAGAGTGGGGTCGGAAGTCAATGAGCAGTTCTTC,108,5,clonotype1,clonotype1_consensus_1
CTTCTCTAGACAGGCT-1,True,CTTCTCTAGACAGGCT-1_contig_3,True,482,TRA,TRAV10,None,TRAJ24,TRAC,True,False,None,None,774,3,clonotype1,None
CTTCTCTAGACATAAC-1,True,CTTCTCTAGACATAAC-1_contig_1,True,498,TRB,TRBV20-1,None,TRBJ2-1,TRBC2,True,True,CSARVGSEVNEQFF,TGCAGTGCTAGAGTGGGGTCGGAAGTCAATGAGCAGTTCTTC,1333,5,clonotype2,clonotype2_consensus_1
CTTCTCTAGAGCCTAG-1,True,CTTCTCTAGAGCCTAG-1_contig_1,True,567,TRA,TRAV8-4,None,TRAJ43,TRAC,True,True,CAVSDPMSNDMRF,TGTGCTGTGAGTGATCCCATGAGCAATGACATGCGCTTT,963,6,clonotype2146,clonotype2146_consensus_1
CTTCTCTAGAGCCTAG-1,True,CTTCTCTAGAGCCTAG-1_contig_2,True,662,TRB,TRBV5-6,None,TRBJ1-4,TRBC1,True,True,CASSLGPISGQKLFF,TGTGCCAGCAGCTTGGGCCCTATTTCTGGGCAAAAACTGTTTTTT,576,5,clonotype2146,clonotype2146_consensus_2
CTTCTCTAGGCAAAGA-1,True,CTTCTCTAGGCAAAGA-1_contig_1,True,521,TRB,TRBV20-1,None,TRBJ2-1,TRBC2,True,True,CSARVGSEVNEQFF,TGCAGTGCTAGAGTGGGGTCGGAAGTCAATGAGCAGTTCTTC,3575,10,clonotype2,clonotype2_consensus_1
CTTCTCTAGGCAAAGA-1,True,CTTCTCTAGGCAAAGA-1_contig_2,True,583,TRA,TRAV10,None,TRAJ24,TRAC,True,False,None,None,68,1,clonotype2,None
CTTCTCTCACCATGTA-1,True,CTTCTCTCACCATGTA-1_contig_1,True,670,TRB,TRBV5-6,None,TRBJ2-3,TRBC2,True,True,CASSTGTESTDTQYF,TGTGCCAGCAGCACCGGGACAGAGAGCACAGATACGCAGTATTTT,2565,14,clonotype2147,clonotype2147_consensus_1
CTTCTCTCACCATGTA-1,True,CTTCTCTCACCATGTA-1_contig_2,True,468,Multi,TRDV1,None,TRAJ28,TRAC,True,False,CALGSYSGAGSYQLTF,TGTGCTCTTGGGTCATACTCTGGGGCTGGGAGTTACCAACTCACTTTC,130,6,clonotype2147,None
CTTCTCTCACTCAGGC-1,True,CTTCTCTCACTCAGGC-1_contig_1,True,505,TRA,TRAV1-2,None,TRAJ33,TRAC,True,True,CAVTDSNYQLIW,TGTGCTGTGACGGATAGCAACTATCAGTTAATCTGG,108,2,clonotype123,clonotype123_consensus_2
CTTCTCTCACTCAGGC-1,True,CTTCTCTCACTCAGGC-1_contig_2,True,521,TRB,TRBV20-1,None,TRBJ2-5,TRBC2,True,True,CSAKSGGAEETQYF,TGCAGTGCTAAGAGCGGGGGGGCGGAGGAGACCCAGTACTTC,1269,5,clonotype123,clonotype123_consensus_1
CTTCTCTCATGAACCT-1,True,CTTCTCTCATGAACCT-1_contig_1,True,489,TRA,TRAV1-2,None,TRAJ33,TRAC,True,True,CAATDSNYQLIW,TGTGCTGCGACTGATAGCAACTATCAGTTAATCTGG,308,2,clonotype1,clonotype1_consensus_2
CTTCTCTCATGAACCT-1,True,CTTCTCTCATGAACCT-1_contig_2,True,521,TRB,TRBV20-1,None,TRBJ2-1,TRBC2,True,True,CSARVGSEVNEQFF,TGCAGTGCTAGAGTGGGGTCGGAAGTCAATGAGCAGTTCTTC,1450,9,clonotype1,clonotype1_consensus_1
CTTCTCTCATGAACCT-1,True,CTTCTCTCATGAACCT-1_contig_3,True,482,TRA,TRAV10,None,TRAJ24,TRAC,True,False,None,None,200,2,clonotype1,None
CTTCTCTGTACCTACA-1,True,CTTCTCTGTACCTACA-1_contig_1,True,512,TRB,TRBV20-1,None,TRBJ2-1,TRBC2,True,True,CSARPYNEQFF,TGCAGTGCAAGACCATACAATGAGCAGTTCTTC,3484,17,clonotype2148,clonotype2148_consensus_1
CTTCTCTGTACCTACA-1,True,CTTCTCTGTACCTACA-1_contig_2,True,492,TRA,TRAV9-2,None,TRAJ29,TRAC,True,True,CALDFSGNTPLVF,TGTGCTCTGGACTTTTCAGGAAACACACCTCTTGTCTTT,1606,12,clonotype2148,clonotype2148_consensus_2
CTTCTCTGTACCTACA-1,True,CTTCTCTGTACCTACA-1_contig_3,True,310,TRB,None,None,TRBJ2-2P,TRBC2,False,False,None,None,638,3,clonotype2148,None
CTTCTCTGTCATACTG-1,True,CTTCTCTGTCATACTG-1_contig_1,True,530,TRB,TRBV20-1,None,TRBJ2-5,TRBC2,True,True,CSAPPPLAGAYQETQYF,TGCAGTGCTCCCCCCCCCCTAGCGGGGGCGTACCAAGAGACCCAGTACTTC,5509,13,clonotype2149,clonotype2149_consensus_1
CTTCTCTGTCATACTG-1,True,CTTCTCTGTCATACTG-1_contig_2,True,571,TRA,TRAV8-1,None,TRAJ32,TRAC,True,True,CAVKGGATNKLIF,TGTGCCGTGAAAGGTGGTGCTACAAACAAGCTCATCTTT,71,5,clonotype2149,clonotype2149_consensus_2
CTTCTCTGTGCAACTT-1,True,CTTCTCTGTGCAACTT-1_contig_1,True,533,TRB,TRBV20-1,None,TRBJ2-1,TRBC2,True,True,CSARDRRFGTGTFNEQFF,TGCAGTGCTAGAGATCGAAGATTCGGGACAGGGACTTTTAATGAGCAGTTCTTC,665,6,clonotype2150,clonotype2150_consensus_1
CTTCTCTGTGCAACTT-1,True,CTTCTCTGTGCAACTT-1_contig_2,True,674,TRA,TRAV8-3,None,TRAJ7,TRAC,True,True,CAVGAGGNNRLAF,TGTGCTGTGGGTGCTGGAGGGAACAACAGACTCGCTTTT,855,5,clonotype2150,clonotype2150_consensus_2
CTTCTCTTCACTTCAT-1,True,CTTCTCTTCACTTCAT-1_contig_1,True,514,TRA,TRAV29/DV5,None,TRAJ28,TRAC,True,True,CAAAGGAGSYQLTF,TGTGCAGCAGCGGGAGGGGCTGGGAGTTACCAACTCACTTTC,868,4,clonotype2151,clonotype2151_consensus_2
CTTCTCTTCACTTCAT-1,True,CTTCTCTTCACTTCAT-1_contig_2,True,504,TRB,TRBV20-1,None,TRBJ2-1,TRBC2,True,True,CSAPGLAGGIYNEQFF,TGCAGTGCTCCGGGACTAGCGGGGGGGATCTACAATGAGCAGTTCTTC,435,6,clonotype2151,clonotype2151_consensus_1
CTTCTCTTCCGAATGT-1,True,CTTCTCTTCCGAATGT-1_contig_1,True,449,TRA,TRAV2,None,TRAJ15,TRAC,True,True,CAVESSAGTALIF,TGTGCTGTGGAGTCCTCGGCAGGAACTGCTCTGATCTTT,214,4,clonotype2152,clonotype2152_consensus_1
CTTCTCTTCCGAATGT-1,True,CTTCTCTTCCGAATGT-1_contig_2,True,705,TRB,TRBV5-6,None,TRBJ1-1,TRBC1,True,True,CASSLVAMVNTEAFF,TGTGCCAGCAGCTTGGTTGCCATGGTGAACACTGAAGCTTTCTTT,833,9,clonotype2152,clonotype2152_consensus_2
CTTCTCTTCCTAGGGC-1,True,CTTCTCTTCCTAGGGC-1_contig_1,True,521,TRB,TRBV20-1,None,TRBJ2-1,TRBC2,True,True,CSARVGSEVNEQFF,TGCAGTGCTAGAGTGGGGTCGGAAGTCAATGAGCAGTTCTTC,3045,17,clonotype2,clonotype2_consensus_1
CTTCTCTTCCTAGGGC-1,True,CTTCTCTTCCTAGGGC-1_contig_2,True,459,TRA,TRAV10,None,TRAJ24,TRAC,True,False,None,None,260,2,clonotype2,None
CTTGGCTAGACCTAGG-1,True,CTTGGCTAGACCTAGG-1_contig_1,True,668,TRA,TRAV8-3,None,TRAJ4,TRAC,True,True,CALAYNKLIF,TGTGCTTTAGCCTACAATAAGCTGATTTTT,484,5,clonotype2153,clonotype2153_consensus_2
CTTGGCTAGACCTAGG-1,True,CTTGGCTAGACCTAGG-1_contig_2,True,675,TRB,TRBV5-6,None,TRBJ1-1,TRBC1,True,True,CASSPDQRMNTEAFF,TGTGCCAGCAGCCCCGATCAGCGAATGAACACTGAAGCTTTCTTT,2983,12,clonotype2153,clonotype2153_consensus_1
CTTGGCTAGACCTAGG-1,True,CTTGGCTAGACCTAGG-1_contig_3,True,513,TRA,TRAV20,None,TRAJ3,TRAC,True,False,CCAGSGNSSASKIIF,TGCTGTGCAGGCAGCGGGAACAGCAGTGCTTCCAAGATAATCTTT,163,1,clonotype2153,None
CTTGGCTAGAGAACAG-1,True,CTTGGCTAGAGAACAG-1_contig_1,True,502,TRA,TRAV1-2,None,TRAJ30,TRAC,True,True,CAVRDLREIIF,TGTGCTGTGAGAGATCTTCGGGAGATCATCTTT,520,2,clonotype3,clonotype3_consensus_2
CTTGGCTAGAGAACAG-1,True,CTTGGCTAGAGAACAG-1_contig_2,True,515,TRB,TRBV5-5,None,TRBJ1-4,TRBC1,True,True,CASSHPGPNYATNEKLFF,TGTGCCAGCAGCCATCCCGGACCGAACTACGCAACTAATGAAAAACTGTTTTTT,2005,9,clonotype3,clonotype3_consensus_1
CTTGGCTAGAGAACAG-1,True,CTTGGCTAGAGAACAG-1_contig_3,True,393,TRB,TRBV7-3,None,TRBJ2-1,None,True,False,CQQRSLKAGGPYNEQFF,TGCCAGCAGCGGTCACTTAAAGCGGGGGGACCCTACAATGAGCAGTTCTTC,92,1,clonotype3,None
CTTGGCTAGGTACTCT-1,True,CTTGGCTAGGTACTCT-1_contig_1,True,485,TRA,TRAV1-2,None,TRAJ33,TRAC,True,True,CAATDSNYQLIW,TGTGCTGCGACTGATAGCAACTATCAGTTAATCTGG,272,1,clonotype1,clonotype1_consensus_2
CTTGGCTAGGTACTCT-1,True,CTTGGCTAGGTACTCT-1_contig_2,True,485,TRB,TRBV20-1,None,TRBJ2-1,TRBC2,True,True,CSARVGSEVNEQFF,TGCAGTGCTAGAGTGGGGTCGGAAGTCAATGAGCAGTTCTTC,941,2,clonotype1,clonotype1_consensus_1
CTTGGCTAGGTACTCT-1,True,CTTGGCTAGGTACTCT-1_contig_3,True,482,TRA,TRAV10,None,TRAJ24,TRAC,True,False,None,None,509,2,clonotype1,None
CTTGGCTAGGTACTCT-1,True,CTTGGCTAGGTACTCT-1_contig_4,True,357,TRB,None,None,TRBJ1-1,TRBC1,False,False,None,None,4318,3,clonotype1,None
CTTGGCTAGTCAATAG-1,True,CTTGGCTAGTCAATAG-1_contig_1,True,524,TRB,TRBV20-1,None,TRBJ2-1,TRBC2,True,True,CSAQSVLRGDNEQFF,TGCAGTGCTCAATCCGTTTTGCGGGGTGACAATGAGCAGTTCTTC,1024,11,clonotype2154,clonotype2154_consensus_1
CTTGGCTAGTCAATAG-1,True,CTTGGCTAGTCAATAG-1_contig_2,True,505,TRA,TRAV20,None,TRAJ32,TRAC,True,True,CAVQGGATNKLIF,TGTGCTGTGCAGGGGGGAGCTACAAACAAGCTCATCTTT,676,4,clonotype2154,clonotype2154_consensus_2
CTTGGCTAGTCAATAG-1,True,CTTGGCTAGTCAATAG-1_contig_3,True,583,TRA,TRAV8-1,None,TRAJ32,TRAC,True,True,CAVNAEGYGGATNKLIF,TGTGCCGTGAATGCGGAGGGTTATGGTGGTGCTACAAACAAGCTCATCTTT,407,2,clonotype2154,clonotype2154_consensus_3
CTTGGCTCAATCGAAA-1,True,CTTGGCTCAATCGAAA-1_contig_1,True,655,TRA,TRAV8-6,None,TRAJ37,TRAC,True,True,CAVSDTGSSNTGKLIF,TGTGCTGTGAGTGATACGGGCTCTAGCAACACAGGCAAACTAATCTTT,1811,5,clonotype2155,clonotype2155_consensus_1
CTTGGCTCAATCGAAA-1,True,CTTGGCTCAATCGAAA-1_contig_2,True,662,TRB,TRBV5-6,None,TRBJ2-1,TRBC2,True,True,CASSLDWGRSYNEQFF,TGTGCCAGCAGCTTGGATTGGGGCCGCTCCTACAATGAGCAGTTCTTC,3588,17,clonotype2155,clonotype2155_consensus_2
CTTGGCTCACGGCGTT-1,True,CTTGGCTCACGGCGTT-1_contig_1,True,505,TRA,TRAV1-2,None,TRAJ33,TRAC,True,True,CAATDSNYQLIW,TGTGCTGCGACTGATAGCAACTATCAGTTAATCTGG,770,7,clonotype1,clonotype1_consensus_2
CTTGGCTCACGGCGTT-1,True,CTTGGCTCACGGCGTT-1_contig_2,True,498,TRB,TRBV20-1,None,TRBJ2-1,TRBC2,True,True,CSARVGSEVNEQFF,TGCAGTGCTAGAGTGGGGTCGGAAGTCAATGAGCAGTTCTTC,9140,10,clonotype1,clonotype1_consensus_1
CTTGGCTCATCCCACT-1,True,CTTGGCTCATCCCACT-1_contig_1,True,521,TRB,TRBV20-1,None,TRBJ2-3,TRBC2,True,True,CSARDEAGTDTQYF,TGCAGTGCTAGAGATGAAGCAGGCACAGATACGCAGTATTTT,518,3,clonotype2156,clonotype2156_consensus_1
CTTGGCTCATCCCACT-1,True,CTTGGCTCATCCCACT-1_contig_2,True,544,TRA,TRAV16,None,TRAJ37,TRAC,True,True,CALRGNTGKLIF,TGTGCTCTAAGGGGCAACACAGGCAAACTAATCTTT,249,1,clonotype2156,clonotype2156_consensus_2
CTTGGCTCATGGTCTA-1,True,CTTGGCTCATGGTCTA-1_contig_1,True,518,TRB,TRBV20-1,None,TRBJ2-7,TRBC2,True,True,CSAKGQGPYEQYF,TGCAGTGCCAAGGGACAGGGGCCCTACGAGCAGTACTTC,2276,12,clonotype2157,clonotype2157_consensus_2
CTTGGCTCATGGTCTA-1,True,CTTGGCTCATGGTCTA-1_contig_2,True,636,TRA,TRAV16,None,TRAJ54,TRAC,True,True,CALRGIIQGAQKLVF,TGTGCTCTAAGGGGCATAATTCAGGGAGCCCAGAAGCTGGTATTT,559,2,clonotype2157,clonotype2157_consensus_1
CTTGGCTCATGGTCTA-1,True,CTTGGCTCATGGTCTA-1_contig_3,True,311,TRB,None,None,TRBJ1-2,TRBC1,False,False,None,None,1334,4,clonotype2157,None
CTTGGCTCATGGTCTA-1,True,CTTGGCTCATGGTCTA-1_contig_4,True,440,TRA,None,None,TRAJ6,TRAC,False,False,None,None,255,3,clonotype2157,None
CTTGGCTGTAAGTTCC-1,True,CTTGGCTGTAAGTTCC-1_contig_1,True,505,TRA,TRAV1-2,None,TRAJ33,TRAC,True,True,CAATDSNYQLIW,TGTGCTGCGACTGATAGCAACTATCAGTTAATCTGG,130,3,clonotype1,clonotype1_consensus_2
CTTGGCTGTAAGTTCC-1,True,CTTGGCTGTAAGTTCC-1_contig_2,True,521,TRB,TRBV20-1,None,TRBJ2-1,TRBC2,True,True,CSARVGSEVNEQFF,TGCAGTGCTAGAGTGGGGTCGGAAGTCAATGAGCAGTTCTTC,982,6,clonotype1,clonotype1_consensus_1
CTTGGCTGTAAGTTCC-1,True,CTTGGCTGTAAGTTCC-1_contig_3,True,465,TRA,TRAV10,None,TRAJ24,TRAC,True,False,None,None,268,1,clonotype1,None
CTTGGCTGTAGCGCTC-1,True,CTTGGCTGTAGCGCTC-1_contig_1,True,498,TRB,TRBV20-1,None,TRBJ2-1,TRBC2,True,True,CSARVGSEVNEQFF,TGCAGTGCTAGAGTGGGGTCGGAAGTCAATGAGCAGTTCTTC,1612,9,clonotype2,clonotype2_consensus_1
CTTGGCTGTATTCGTG-1,True,CTTGGCTGTATTCGTG-1_contig_1,True,494,TRA,TRAV26-1,None,TRAJ43,TRAC,True,True,CIVRVENNDMRF,TGCATCGTCAGAGTCGAGAACAATGACATGCGCTTT,497,2,clonotype2158,clonotype2158_consensus_1
CTTGGCTGTATTCGTG-1,True,CTTGGCTGTATTCGTG-1_contig_2,True,335,TRA,TRAV8-1,None,None,TRAC,False,False,None,None,1447,6,clonotype2158,None
CTTGGCTGTTGTGGAG-1,True,CTTGGCTGTTGTGGAG-1_contig_1,True,462,TRA,TRAV13-1,None,TRAJ26,TRAC,True,True,CAATPDNYGQNFVF,TGTGCAGCAACCCCAGATAACTATGGTCAGAATTTTGTCTTT,116,3,clonotype18,clonotype18_consensus_1
CTTGGCTGTTGTGGAG-1,True,CTTGGCTGTTGTGGAG-1_contig_2,True,501,TRB,TRBV20-1,None,TRBJ1-2,TRBC1,True,True,CSARGPNLRVGGYTF,TGCAGTGCTAGAGGTCCTAATCTCAGGGTCGGTGGCTACACCTTC,266,3,clonotype18,clonotype18_consensus_2
CTTGGCTGTTGTGGAG-1,True,CTTGGCTGTTGTGGAG-1_contig_3,True,301,TRB,TRBV5-5,None,TRBJ1-4,TRBC1,True,False,CASSHPGPNYATNEKLFF,TGTGCCAGCAGCCATCCCGGACCGAACTACGCAACTAATGAAAAACTGTTTTTT,138,2,clonotype18,None
CTTGGCTTCAACACTG-1,True,CTTGGCTTCAACACTG-1_contig_1,True,492,TRB,TRBV20-1,None,TRBJ1-4,TRBC1,True,True,CSAGTPTNEKLFF,TGCAGTGCCGGGACACCAACTAATGAAAAACTGTTTTTT,2086,13,clonotype2159,clonotype2159_consensus_1
CTTGGCTTCAACACTG-1,True,CTTGGCTTCAACACTG-1_contig_2,True,451,TRA,TRAV2,None,TRAJ9,TRAC,True,True,CAVEGNTGGFKTIF,TGTGCTGTGGAGGGCAATACTGGAGGCTTCAAAACTATCTTT,484,2,clonotype2159,clonotype2159_consensus_2
CTTGGCTTCCACGTTC-1,True,CTTGGCTTCCACGTTC-1_contig_1,True,505,TRA,TRAV1-2,None,TRAJ33,TRAC,True,True,CAATDSNYQLIW,TGTGCTGCGACTGATAGCAACTATCAGTTAATCTGG,373,1,clonotype1,clonotype1_consensus_2
CTTGGCTTCCACGTTC-1,True,CTTGGCTTCCACGTTC-1_contig_2,True,498,TRB,TRBV20-1,None,TRBJ2-1,TRBC2,True,True,CSARVGSEVNEQFF,TGCAGTGCTAGAGTGGGGTCGGAAGTCAATGAGCAGTTCTTC,2298,8,clonotype1,clonotype1_consensus_1
CTTGGCTTCGCTGATA-1,True,CTTGGCTTCGCTGATA-1_contig_1,True,465,TRA,TRAV1-2,None,TRAJ33,TRAC,True,True,CAATDSNYQLIW,TGTGCTGCGACTGATAGCAACTATCAGTTAATCTGG,76,1,clonotype1,clonotype1_consensus_2
CTTGGCTTCGCTGATA-1,True,CTTGGCTTCGCTGATA-1_contig_2,True,521,TRB,TRBV20-1,None,TRBJ2-1,TRBC2,True,True,CSARVGSEVNEQFF,TGCAGTGCTAGAGTGGGGTCGGAAGTCAATGAGCAGTTCTTC,1100,7,clonotype1,clonotype1_consensus_1
CTTGGCTTCGCTGATA-1,True,CTTGGCTTCGCTGATA-1_contig_3,True,478,TRA,TRAV10,None,TRAJ24,TRAC,True,False,None,None,186,3,clonotype1,None
CTTGGCTTCGCTTGTC-1,True,CTTGGCTTCGCTTGTC-1_contig_1,True,521,TRB,TRBV20-1,None,TRBJ2-1,TRBC2,True,True,CSARVGSEVNEQFF,TGCAGTGCTAGAGTGGGGTCGGAAGTCAATGAGCAGTTCTTC,578,8,clonotype2,clonotype2_consensus_1
CTTTGCGAGAAACCAT-1,True,CTTTGCGAGAAACCAT-1_contig_1,True,547,TRA,TRAV12-2,None,TRAJ33,TRAC,True,True,CAVVTLDSNYQLIW,TGTGCCGTGGTCACCTTGGATAGCAACTATCAGTTAATCTGG,1263,5,clonotype2160,clonotype2160_consensus_3
CTTTGCGAGAAACCAT-1,True,CTTTGCGAGAAACCAT-1_contig_2,True,509,TRB,TRBV6-5,None,TRBJ2-5,TRBC2,True,True,CATLAGEETQYF,TGTGCCACCCTAGCGGGGGAAGAGACCCAGTACTTC,1194,8,clonotype2160,clonotype2160_consensus_1
CTTTGCGAGAAACCAT-1,True,CTTTGCGAGAAACCAT-1_contig_3,True,505,TRA,TRAV6,None,TRAJ29,TRAC,True,True,CATSGPGNTPLVF,TGTGCCACGAGTGGTCCAGGAAACACACCTCTTGTCTTT,301,3,clonotype2160,clonotype2160_consensus_2
CTTTGCGAGACTCGGA-1,True,CTTTGCGAGACTCGGA-1_contig_1,True,521,TRB,TRBV20-1,None,TRBJ2-1,TRBC2,True,True,CSARVGSEVNEQFF,TGCAGTGCTAGAGTGGGGTCGGAAGTCAATGAGCAGTTCTTC,961,4,clonotype2,clonotype2_consensus_1
CTTTGCGAGCGATTCT-1,True,CTTTGCGAGCGATTCT-1_contig_1,True,505,TRA,TRAV1-2,None,TRAJ33,TRAC,True,True,CAATDSNYQLIW,TGTGCTGCGACTGATAGCAACTATCAGTTAATCTGG,290,3,clonotype1,clonotype1_consensus_2
CTTTGCGAGCGATTCT-1,True,CTTTGCGAGCGATTCT-1_contig_2,True,492,TRB,TRBV20-1,None,TRBJ2-1,TRBC2,True,True,CSARVGSEVNEQFF,TGCAGTGCTAGAGTGGGGTCGGAAGTCAATGAGCAGTTCTTC,2019,8,clonotype1,clonotype1_consensus_1
CTTTGCGAGTGTACGG-1,True,CTTTGCGAGTGTACGG-1_contig_1,True,521,TRB,TRBV20-1,None,TRBJ2-1,TRBC2,True,True,CSARVGSEVNEQFF,TGCAGTGCTAGAGTGGGGTCGGAAGTCAATGAGCAGTTCTTC,1713,9,clonotype2,clonotype2_consensus_1
CTTTGCGCAACACCTA-1,True,CTTTGCGCAACACCTA-1_contig_1,True,528,TRA,TRAV5,None,TRAJ37,TRAC,True,True,CAEVPGSSNTGKLIF,TGTGCAGAGGTCCCGGGCTCTAGCAACACAGGCAAACTAATCTTT,665,3,clonotype2161,clonotype2161_consensus_2
CTTTGCGCAACACCTA-1,True,CTTTGCGCAACACCTA-1_contig_2,True,663,TRB,TRBV5-5,None,TRBJ2-5,TRBC2,True,True,CASTLFRSGTGVPLQYF,TGTGCCAGCACCCTATTCCGATCCGGGACAGGGGTCCCTCTTCAGTACTTC,1138,8,clonotype2161,clonotype2161_consensus_1
CTTTGCGCACTCGACG-1,True,CTTTGCGCACTCGACG-1_contig_1,True,501,TRB,TRBV20-1,None,TRBJ1-1,TRBC1,True,True,CSARGRGGSRAEAFF,TGCAGTGCTAGAGGAAGAGGGGGGAGTAGGGCTGAAGCTTTCTTT,1217,9,clonotype2162,clonotype2162_consensus_2
CTTTGCGCACTCGACG-1,True,CTTTGCGCACTCGACG-1_contig_2,True,514,TRB,TRBV20-1,None,TRBJ2-1,TRBC2,True,True,CSAIPGGSDRGEQFF,TGCAGTGCTATACCCGGGGGGAGCGATAGGGGTGAGCAGTTCTTC,1829,10,clonotype2162,clonotype2162_consensus_1
CTTTGCGCACTCGACG-1,True,CTTTGCGCACTCGACG-1_contig_3,True,550,TRA,TRAV12-2,None,TRAJ3,TRAC,True,True,CAVTRGYSSASKIIF,TGTGCCGTGACTCGAGGGTACAGCAGTGCTTCCAAGATAATCTTT,431,5,clonotype2162,clonotype2162_consensus_4
CTTTGCGCACTCGACG-1,True,CTTTGCGCACTCGACG-1_contig_4,True,568,TRA,TRAV8-1,None,TRAJ43,TRAC,True,True,CAVKRGNNDMRF,TGTGCCGTGAAGCGTGGTAACAATGACATGCGCTTT,781,2,clonotype2162,clonotype2162_consensus_3
CTTTGCGCATGGTCTA-1,True,CTTTGCGCATGGTCTA-1_contig_1,True,530,TRB,TRBV20-1,None,TRBJ2-5,TRBC2,True,True,CSATSGTSGGAGETQYF,TGCAGTGCAACCTCCGGGACTAGCGGGGGGGCCGGGGAGACCCAGTACTTC,2815,10,clonotype2163,clonotype2163_consensus_1
CTTTGCGGTAAAGTCA-1,True,CTTTGCGGTAAAGTCA-1_contig_1,True,495,TRA,TRAV4,None,TRAJ9,TRAC,True,True,CLVGDPNTGGFKTIF,TGCCTCGTGGGTGATCCTAATACTGGAGGCTTCAAAACTATCTTT,313,1,clonotype23,clonotype23_consensus_2
CTTTGCGGTAAAGTCA-1,True,CTTTGCGGTAAAGTCA-1_contig_2,True,521,TRB,TRBV20-1,None,TRBJ1-1,TRBC1,True,True,CSAGGRGSRTEAFF,TGCAGTGCTGGGGGGAGAGGGTCAAGGACTGAAGCTTTCTTT,1646,6,clonotype23,clonotype23_consensus_1
CTTTGCGGTAAATACG-1,True,CTTTGCGGTAAATACG-1_contig_1,True,518,TRB,TRBV20-1,None,TRBJ2-1,TRBC2,True,True,CSARVGSEVNEQFF,TGCAGTGCTAGAGTGGGGTCGGAAGTCAATGAGCAGTTCTTC,1902,6,clonotype2,clonotype2_consensus_1
CTTTGCGGTATGAATG-1,True,CTTTGCGGTATGAATG-1_contig_1,True,521,TRB,TRBV20-1,None,TRBJ2-3,TRBC2,True,True,CSARDPRDSDTQYF,TGCAGTGCTAGAGACCCCCGGGACTCAGATACGCAGTATTTT,3506,15,clonotype2164,clonotype2164_consensus_2
CTTTGCGGTATGAATG-1,True,CTTTGCGGTATGAATG-1_contig_2,True,489,TRA,TRAV9-2,None,TRAJ6,TRAC,True,True,CALTGGSYIPTF,TGTGCTCTGACGGGAGGAAGCTACATACCTACATTT,1765,12,clonotype2164,clonotype2164_consensus_1
CTTTGCGGTCCTCTTG-1,True,CTTTGCGGTCCTCTTG-1_contig_1,True,521,TRB,TRBV20-1,None,TRBJ1-1,TRBC1,True,True,CSARVGERNTEAFF,TGCAGTGCTAGAGTAGGAGAGAGGAACACTGAAGCTTTCTTT,316,4,clonotype2165,clonotype2165_consensus_1
CTTTGCGGTCCTGCTT-1,True,CTTTGCGGTCCTGCTT-1_contig_1,True,512,TRB,TRBV5-5,None,TRBJ1-4,TRBC1,True,True,CASSHPGPNYATNEKLFF,TGTGCCAGCAGCCATCCCGGACCGAACTACGCAACTAATGAAAAACTGTTTTTT,569,4,clonotype4,clonotype4_consensus_1
CTTTGCGGTCTAGCGC-1,True,CTTTGCGGTCTAGCGC-1_contig_1,True,505,TRA,TRAV1-2,None,TRAJ33,TRAC,True,True,CAATDSNYQLIW,TGTGCTGCGACTGATAGCAACTATCAGTTAATCTGG,796,4,clonotype1,clonotype1_consensus_2
CTTTGCGGTCTAGCGC-1,True,CTTTGCGGTCTAGCGC-1_contig_2,True,497,TRB,TRBV20-1,None,TRBJ2-1,TRBC2,True,True,CSARVGSEVNEQFF,TGCAGTGCTAGAGTGGGGTCGGAAGTCAATGAGCAGTTCTTC,682,6,clonotype1,clonotype1_consensus_1
CTTTGCGGTGTTTGGT-1,True,CTTTGCGGTGTTTGGT-1_contig_1,True,555,TRA,TRAV26-2,None,TRAJ34,TRAC,True,True,CILIRSGNTDKLIF,TGCATCCTGATAAGGAGCGGTAACACCGACAAGCTCATCTTT,548,4,clonotype334,clonotype334_consensus_2
CTTTGCGGTGTTTGGT-1,True,CTTTGCGGTGTTTGGT-1_contig_2,True,521,TRB,TRBV20-1,None,TRBJ1-2,TRBC1,True,True,CSAGGTGGSYGYTF,TGCAGTGCTGGCGGGACAGGGGGAAGCTATGGCTACACCTTC,954,5,clonotype334,clonotype334_consensus_1
CTTTGCGGTTGAGGTG-1,True,CTTTGCGGTTGAGGTG-1_contig_1,True,524,TRB,TRBV20-1,None,TRBJ2-3,TRBC2,True,True,CSAPPANGRTDTQYF,TGCAGTGCCCCCCCAGCCAACGGACGCACAGATACGCAGTATTTT,2829,16,clonotype2166,clonotype2166_consensus_1
CTTTGCGGTTGAGGTG-1,True,CTTTGCGGTTGAGGTG-1_contig_2,True,514,TRA,TRAV30,None,TRAJ45,TRAC,True,True,CGTSGGGADGLTF,TGTGGCACATCAGGAGGAGGTGCTGACGGACTCACCTTT,572,5,clonotype2166,clonotype2166_consensus_2
CTTTGCGGTTTGCATG-1,True,CTTTGCGGTTTGCATG-1_contig_1,True,505,TRA,TRAV1-2,None,TRAJ33,TRAC,True,True,CAATDSNYQLIW,TGTGCTGCGACTGATAGCAACTATCAGTTAATCTGG,849,4,clonotype1,clonotype1_consensus_2
CTTTGCGGTTTGCATG-1,True,CTTTGCGGTTTGCATG-1_contig_2,True,521,TRB,TRBV20-1,None,TRBJ2-1,TRBC2,True,True,CSARVGSEVNEQFF,TGCAGTGCTAGAGTGGGGTCGGAAGTCAATGAGCAGTTCTTC,450,3,clonotype1,clonotype1_consensus_1
CTTTGCGTCGGCTACG-1,True,CTTTGCGTCGGCTACG-1_contig_1,True,484,TRA,TRAV1-2,None,TRAJ33,TRAC,True,True,CAATDSNYQLIW,TGTGCTGCGACTGATAGCAACTATCAGTTAATCTGG,146,2,clonotype1,clonotype1_consensus_2
CTTTGCGTCGGCTACG-1,True,CTTTGCGTCGGCTACG-1_contig_2,True,521,TRB,TRBV20-1,None,TRBJ2-1,TRBC2,True,True,CSARVGSEVNEQFF,TGCAGTGCTAGAGTGGGGTCGGAAGTCAATGAGCAGTTCTTC,784,5,clonotype1,clonotype1_consensus_1
CTTTGCGTCGGCTACG-1,True,CTTTGCGTCGGCTACG-1_contig_3,True,457,TRA,TRAV10,None,TRAJ24,TRAC,True,False,None,None,105,2,clonotype1,None
GAAACTCAGACAAGCC-1,True,GAAACTCAGACAAGCC-1_contig_1,True,524,TRB,TRBV20-1,None,TRBJ1-1,TRBC1,True,True,CSARDGGRGRGEAFF,TGCAGTGCTAGAGATGGAGGCAGGGGGCGGGGTGAAGCTTTCTTT,992,8,clonotype2167,clonotype2167_consensus_2
GAAACTCAGACAAGCC-1,True,GAAACTCAGACAAGCC-1_contig_2,True,675,TRA,TRAV8-3,None,TRAJ43,TRAC,True,True,CAVGADNNDMRF,TGTGCTGTGGGTGCCGATAACAATGACATGCGCTTT,755,9,clonotype2167,clonotype2167_consensus_1
GAAACTCAGCTAGTGG-1,True,GAAACTCAGCTAGTGG-1_contig_1,True,473,TRA,TRAV1-2,None,TRAJ33,TRAC,True,True,CAATDSNYQLIW,TGTGCTGCGACTGATAGCAACTATCAGTTAATCTGG,527,4,clonotype1,clonotype1_consensus_2
GAAACTCAGCTAGTGG-1,True,GAAACTCAGCTAGTGG-1_contig_2,True,521,TRB,TRBV20-1,None,TRBJ2-1,TRBC2,True,True,CSARVGSEVNEQFF,TGCAGTGCTAGAGTGGGGTCGGAAGTCAATGAGCAGTTCTTC,2119,9,clonotype1,clonotype1_consensus_1
GAAACTCAGGGAAACA-1,True,GAAACTCAGGGAAACA-1_contig_1,True,505,TRA,TRAV1-2,None,TRAJ33,TRAC,True,True,CAATDSNYQLIW,TGTGCTGCGACTGATAGCAACTATCAGTTAATCTGG,209,3,clonotype1,clonotype1_consensus_2
GAAACTCAGGGAAACA-1,True,GAAACTCAGGGAAACA-1_contig_2,True,492,TRB,TRBV20-1,None,TRBJ2-1,TRBC2,True,True,CSARVGSEVNEQFF,TGCAGTGCTAGAGTGGGGTCGGAAGTCAATGAGCAGTTCTTC,774,4,clonotype1,clonotype1_consensus_1
GAAACTCCAATAGCGG-1,True,GAAACTCCAATAGCGG-1_contig_1,True,665,TRB,TRBV5-6,None,TRBJ2-1,TRBC2,True,True,CASSYLAGGSYNEQFF,TGTGCCAGCAGCTACTTAGCGGGGGGGTCCTACAATGAGCAGTTCTTC,2309,7,clonotype245,clonotype245_consensus_2
GAAACTCCAATAGCGG-1,True,GAAACTCCAATAGCGG-1_contig_2,True,566,TRA,TRAV12-1,None,TRAJ15,TRAC,True,True,CVVNQAGTALIF,TGTGTGGTGAACCAGGCAGGAACTGCTCTGATCTTT,4447,7,clonotype245,clonotype245_consensus_1
GAAACTCCACCAGGCT-1,True,GAAACTCCACCAGGCT-1_contig_1,True,498,TRB,TRBV20-1,None,TRBJ2-2,TRBC2,True,True,CSARPQLTNTGELFF,TGCAGTGCTAGACCCCAACTAACCAACACCGGGGAGCTGTTTTTT,1620,9,clonotype13,clonotype13_consensus_2
GAAACTCCACCAGGCT-1,True,GAAACTCCACCAGGCT-1_contig_2,True,484,TRA,TRAV21,None,TRAJ11,TRAC,True,True,CAASASGYSTLTF,TGTGCTGCCTCAGCATCAGGATACAGCACCCTCACCTTT,1333,7,clonotype13,clonotype13_consensus_1
GAAACTCCAGTGACAG-1,True,GAAACTCCAGTGACAG-1_contig_1,True,580,TRA,TRAV12-1,None,TRAJ49,TRAC,True,True,CVVQITGNQFYF,TGTGTGGTTCAAATCACCGGTAACCAGTTCTATTTT,997,5,clonotype2168,clonotype2168_consensus_1
GAAACTCCAGTGACAG-1,True,GAAACTCCAGTGACAG-1_contig_2,True,479,TRB,TRBV20-1,None,TRBJ2-7,TRBC2,True,True,CSARDRDRLQEQYF,TGCAGTGCTAGAGACCGGGACAGGTTACAAGAGCAGTACTTC,175,6,clonotype2168,clonotype2168_consensus_2
GAAACTCCAGTGACAG-1,True,GAAACTCCAGTGACAG-1_contig_3,True,495,Multi,TRDV3,None,TRAJ53,TRAC,True,False,CAPTDSGGSNYKLTF,TGTGCCCCAACCGATAGTGGAGGTAGCAACTATAAACTGACATTT,317,3,clonotype2168,None
GAAACTCCAGTTCCCT-1,True,GAAACTCCAGTTCCCT-1_contig_1,True,495,TRB,TRBV20-1,None,TRBJ1-5,TRBC1,True,True,CSASTYSNQPQHF,TGCAGTGCTAGCACGTATAGCAATCAGCCCCAGCATTTT,669,7,clonotype2169,clonotype2169_consensus_1
GAAACTCGTCAGAATA-1,True,GAAACTCGTCAGAATA-1_contig_1,True,539,TRA,TRAV16,None,TRAJ22,TRAC,True,True,CALSSSGSARQLTF,TGTGCTCTAAGTTCTTCTGGTTCTGCAAGGCAACTGACCTTT,400,5,clonotype2170,clonotype2170_consensus_1
GAAACTCGTCAGAATA-1,True,GAAACTCGTCAGAATA-1_contig_2,True,503,TRB,TRBV5-5,None,TRBJ1-5,TRBC1,True,True,CASSRAIGNQPQHF,TGTGCCAGCAGCCGGGCCATTGGCAATCAGCCCCAGCATTTT,1024,4,clonotype2170,clonotype2170_consensus_2
GAAACTCGTCAGAATA-1,True,GAAACTCGTCAGAATA-1_contig_3,True,349,TRA,None,None,TRAJ10,TRAC,False,False,None,None,326,4,clonotype2170,None
GAAACTCGTGTTAAGA-1,True,GAAACTCGTGTTAAGA-1_contig_1,True,521,TRB,TRBV20-1,None,TRBJ2-1,TRBC2,True,True,CSARVGSEVNEQFF,TGCAGTGCTAGAGTGGGGTCGGAAGTCAATGAGCAGTTCTTC,1753,7,clonotype2,clonotype2_consensus_1
GAAACTCTCAATCACG-1,True,GAAACTCTCAATCACG-1_contig_1,True,505,TRA,TRAV1-2,None,TRAJ33,TRAC,True,True,CAATDSNYQLIW,TGTGCTGCGACTGATAGCAACTATCAGTTAATCTGG,1119,8,clonotype1,clonotype1_consensus_2
GAAACTCTCAATCACG-1,True,GAAACTCTCAATCACG-1_contig_2,True,521,TRB,TRBV20-1,None,TRBJ2-1,TRBC2,True,True,CSARVGSEVNEQFF,TGCAGTGCTAGAGTGGGGTCGGAAGTCAATGAGCAGTTCTTC,4089,17,clonotype1,clonotype1_consensus_1
GAAACTCTCACAGGCC-1,True,GAAACTCTCACAGGCC-1_contig_1,True,504,TRB,TRBV20-1,None,TRBJ1-4,TRBC1,True,True,CSARVGGVATNEKLFF,TGCAGTGCTAGGGTTGGGGGCGTAGCAACTAATGAAAAACTGTTTTTT,1992,13,clonotype331,clonotype331_consensus_2
GAAACTCTCACAGGCC-1,True,GAAACTCTCACAGGCC-1_contig_2,True,498,TRA,TRAV12-3,None,TRAJ10,TRAC,True,True,CAMSLGGGNKLTF,TGTGCAATGTCCCTCGGAGGAGGAAACAAACTCACCTTT,1287,9,clonotype331,clonotype331_consensus_1
GAAACTCTCCTAGGGC-1,True,GAAACTCTCCTAGGGC-1_contig_1,True,462,TRA,TRAV13-1,None,TRAJ53,TRAC,True,True,CAARAGGSNYKLTF,TGTGCAGCAAGGGCTGGAGGTAGCAACTATAAACTGACATTT,274,1,clonotype2171,clonotype2171_consensus_1
GAAACTCTCCTAGGGC-1,True,GAAACTCTCCTAGGGC-1_contig_2,True,524,TRB,TRBV20-1,None,TRBJ1-2,TRBC1,True,True,CSAPGTGGFTNYGYTF,TGCAGTGCCCCCGGGACAGGGGGTTTTACTAACTATGGCTACACCTTC,477,3,clonotype2171,clonotype2171_consensus_2
GAAACTCTCCTAGGGC-1,True,GAAACTCTCCTAGGGC-1_contig_3,True,327,TRA,None,None,TRAJ6,TRAC,False,False,None,None,71,1,clonotype2171,None
GAAACTCTCCTAGGGC-1,True,GAAACTCTCCTAGGGC-1_contig_4,True,321,TRB,None,None,TRBJ1-3,TRBC1,False,False,None,None,289,2,clonotype2171,None
GAAACTCTCGCGTAGC-1,True,GAAACTCTCGCGTAGC-1_contig_1,True,505,TRA,TRAV1-2,None,TRAJ33,TRAC,True,True,CAATDSNYQLIW,TGTGCTGCGACTGATAGCAACTATCAGTTAATCTGG,697,5,clonotype1,clonotype1_consensus_2
GAAACTCTCGCGTAGC-1,True,GAAACTCTCGCGTAGC-1_contig_2,True,492,TRB,TRBV20-1,None,TRBJ2-1,TRBC2,True,True,CSARVGSEVNEQFF,TGCAGTGCTAGAGTGGGGTCGGAAGTCAATGAGCAGTTCTTC,675,5,clonotype1,clonotype1_consensus_1
GAAACTCTCGGATGTT-1,True,GAAACTCTCGGATGTT-1_contig_1,True,693,TRB,TRBV5-6,None,TRBJ2-1,TRBC2,True,True,CASSLANEQFF,TGTGCCAGCAGCTTGGCCAATGAGCAGTTCTTC,1827,12,clonotype335,clonotype335_consensus_1
GAAACTCTCGGATGTT-1,True,GAAACTCTCGGATGTT-1_contig_2,True,659,TRA,TRAV8-6,None,TRAJ57,TRAC,True,False,None,None,131,5,clonotype335,None
GAAACTCTCGGATGTT-1,True,GAAACTCTCGGATGTT-1_contig_3,True,311,TRB,None,None,TRBJ2-5,TRBC2,False,False,None,None,749,3,clonotype335,None
GAAATGAAGAAACCGC-1,True,GAAATGAAGAAACCGC-1_contig_1,True,505,TRA,TRAV1-2,None,TRAJ33,TRAC,True,True,CAATDSNYQLIW,TGTGCTGCGACTGATAGCAACTATCAGTTAATCTGG,305,2,clonotype1,clonotype1_consensus_2
GAAATGAAGAAACCGC-1,True,GAAATGAAGAAACCGC-1_contig_2,True,497,TRB,TRBV20-1,None,TRBJ2-1,TRBC2,True,True,CSARVGSEVNEQFF,TGCAGTGCTAGAGTGGGGTCGGAAGTCAATGAGCAGTTCTTC,492,8,clonotype1,clonotype1_consensus_1
GAAATGAAGATATGGT-1,True,GAAATGAAGATATGGT-1_contig_1,True,491,TRA,TRAV21,None,TRAJ10,TRAC,True,True,CAVRPTGGGNKLTF,TGTGCTGTGAGGCCAACGGGAGGAGGAAACAAACTCACCTTT,8294,14,clonotype2172,clonotype2172_consensus_1
GAAATGAAGATATGGT-1,True,GAAATGAAGATATGGT-1_contig_2,True,512,TRB,TRBV20-1,None,TRBJ1-4,TRBC1,True,True,CSVQGSEKLFF,TGCAGTGTGCAGGGGAGCGAAAAACTGTTTTTT,2361,12,clonotype2172,clonotype2172_consensus_2
GAAATGAAGATATGGT-1,True,GAAATGAAGATATGGT-1_contig_3,True,335,TRA,TRAV8-1,None,None,TRAC,False,False,None,None,1312,2,clonotype2172,None
GAAATGAAGATATGGT-1,True,GAAATGAAGATATGGT-1_contig_4,True,582,TRB,None,None,TRBJ1-3,TRBC1,False,False,None,None,910,2,clonotype2172,None
GAAATGAAGCCGATTT-1,True,GAAATGAAGCCGATTT-1_contig_1,True,509,TRA,TRAV30,None,TRAJ11,TRAC,True,True,CGTPVSWGSTLTF,TGTGGCACTCCCGTCAGTTGGGGCAGCACCCTCACCTTT,126,7,clonotype2173,clonotype2173_consensus_2
GAAATGAAGCCGATTT-1,True,GAAATGAAGCCGATTT-1_contig_2,True,714,TRB,TRBV5-6,None,TRBJ2-5,TRBC2,True,True,CASSLALAGTETQYF,TGTGCCAGCAGCTTGGCCCTAGCGGGGACAGAGACCCAGTACTTC,1615,8,clonotype2173,clonotype2173_consensus_1
GAAATGAAGCCGATTT-1,True,GAAATGAAGCCGATTT-1_contig_3,True,528,TRB,None,None,TRBJ1-4,TRBC1,False,False,None,None,329,2,clonotype2173,None
GAAATGAAGGAGTAGA-1,True,GAAATGAAGGAGTAGA-1_contig_1,True,494,TRA,TRAV38-2/DV8,None,TRAJ29,TRAC,True,True,CAYRSYSGNTPLVF,TGTGCTTATAGGTCGTATTCAGGAAACACACCTCTTGTCTTT,909,8,clonotype2174,clonotype2174_consensus_1
GAAATGAAGGAGTAGA-1,True,GAAATGAAGGAGTAGA-1_contig_2,True,669,TRB,TRBV5-6,None,TRBJ2-3,TRBC2,True,True,CASSLVVRTSTDTQYF,TGTGCCAGCAGCTTGGTGGTCCGAACCAGCACAGATACGCAGTATTTT,2072,9,clonotype2174,clonotype2174_consensus_2
GAAATGACACGCTTTC-1,True,GAAATGACACGCTTTC-1_contig_1,True,654,TRB,TRBV5-6,None,TRBJ2-5,TRBC2,True,True,CASSYVGETQYF,TGTGCCAGCAGCTACGTTGGAGAGACCCAGTACTTC,1270,9,clonotype2175,clonotype2175_consensus_1
GAAATGACACGCTTTC-1,True,GAAATGACACGCTTTC-1_contig_2,True,503,TRA,TRAV25,None,TRAJ41,TRAC,True,True,CAGARSGYALNF,TGTGCAGGGGCCCGTTCCGGGTATGCACTCAACTTC,64,2,clonotype2175,clonotype2175_consensus_2
GAAATGACACGTCAGC-1,True,GAAATGACACGTCAGC-1_contig_1,True,496,TRB,TRBV5-6,None,TRBJ2-3,TRBC2,True,True,CASSVGQGAWTDTQYF,TGTGCCAGCAGTGTTGGACAGGGGGCTTGGACAGATACGCAGTATTTT,444,4,clonotype2176,clonotype2176_consensus_2
GAAATGACACGTCAGC-1,True,GAAATGACACGTCAGC-1_contig_2,True,473,TRB,TRBV10-3,None,TRBJ1-2,TRBC1,True,True,CAISERDLNYGYTF,TGTGCCATCAGTGAGAGAGACCTGAACTATGGCTACACCTTC,2580,7,clonotype2176,clonotype2176_consensus_1
GAAATGACACGTCAGC-1,True,GAAATGACACGTCAGC-1_contig_3,True,500,TRA,TRAV1-1,None,TRAJ26,TRAC,True,False,None,None,654,3,clonotype2176,None
GAAATGACAGCCTTTC-1,True,GAAATGACAGCCTTTC-1_contig_1,True,505,TRA,TRAV1-2,None,TRAJ33,TRAC,True,True,CAATDSNYQLIW,TGTGCTGCGACTGATAGCAACTATCAGTTAATCTGG,325,4,clonotype1,clonotype1_consensus_2
GAAATGACAGCCTTTC-1,True,GAAATGACAGCCTTTC-1_contig_2,True,521,TRB,TRBV20-1,None,TRBJ2-1,TRBC2,True,True,CSARVGSEVNEQFF,TGCAGTGCTAGAGTGGGGTCGGAAGTCAATGAGCAGTTCTTC,908,10,clonotype1,clonotype1_consensus_1
GAAATGACAGCCTTTC-1,True,GAAATGACAGCCTTTC-1_contig_3,True,465,TRA,TRAV10,None,TRAJ24,TRAC,True,False,None,None,290,1,clonotype1,None
GAAATGACAGGACCCT-1,True,GAAATGACAGGACCCT-1_contig_1,True,567,TRA,TRAV8-4,None,TRAJ9,TRAC,True,True,CAVRNTGGFKTIF,TGTGCTGTGAGGAATACTGGAGGCTTCAAAACTATCTTT,895,6,clonotype46,clonotype46_consensus_2
GAAATGACAGGACCCT-1,True,GAAATGACAGGACCCT-1_contig_2,True,499,TRB,TRBV5-6,None,TRBJ2-2,TRBC2,True,True,CASSHQVQRGDTGELFF,TGTGCCAGCAGCCATCAGGTCCAGCGGGGGGACACCGGGGAGCTGTTTTTT,1290,4,clonotype46,clonotype46_consensus_1
GAAATGACATGGTAGG-1,True,GAAATGACATGGTAGG-1_contig_1,True,505,TRA,TRAV1-2,None,TRAJ33,TRAC,True,True,CAATDSNYQLIW,TGTGCTGCGACTGATAGCAACTATCAGTTAATCTGG,225,4,clonotype1,clonotype1_consensus_2
GAAATGACATGGTAGG-1,True,GAAATGACATGGTAGG-1_contig_2,True,521,TRB,TRBV20-1,None,TRBJ2-1,TRBC2,True,True,CSARVGSEVNEQFF,TGCAGTGCTAGAGTGGGGTCGGAAGTCAATGAGCAGTTCTTC,2022,6,clonotype1,clonotype1_consensus_1
GAAATGAGTAGGCATG-1,True,GAAATGAGTAGGCATG-1_contig_1,True,505,TRA,TRAV1-2,None,TRAJ33,TRAC,True,True,CAATDSNYQLIW,TGTGCTGCGACTGATAGCAACTATCAGTTAATCTGG,288,2,clonotype1,clonotype1_consensus_2
GAAATGAGTAGGCATG-1,True,GAAATGAGTAGGCATG-1_contig_2,True,508,TRB,TRBV20-1,None,TRBJ2-1,TRBC2,True,True,CSARVGSEVNEQFF,TGCAGTGCTAGAGTGGGGTCGGAAGTCAATGAGCAGTTCTTC,1638,9,clonotype1,clonotype1_consensus_1
GAAATGAGTCCGAGTC-1,True,GAAATGAGTCCGAGTC-1_contig_1,True,524,TRB,TRBV20-1,None,TRBJ1-6,TRBC1,True,True,CSARVNPADNSPLHF,TGCAGTGCTAGAGTAAACCCGGCAGATAATTCACCCCTCCACTTT,7195,8,clonotype2177,clonotype2177_consensus_2
GAAATGAGTCCGAGTC-1,True,GAAATGAGTCCGAGTC-1_contig_2,True,549,TRA,TRAV38-1,None,TRAJ56,TRAC,True,True,CAFMKSTGANSKLTF,TGTGCTTTCATGAAAAGTACTGGAGCCAATAGTAAGCTGACATTT,1432,2,clonotype2177,clonotype2177_consensus_1
GAAATGAGTGTGAATA-1,True,GAAATGAGTGTGAATA-1_contig_1,True,485,TRB,TRBV20-1,None,TRBJ2-1,TRBC2,True,True,CSARVGSEVNEQFF,TGCAGTGCTAGAGTGGGGTCGGAAGTCAATGAGCAGTTCTTC,1839,8,clonotype2,clonotype2_consensus_1
GAAATGAGTTAAGTAG-1,True,GAAATGAGTTAAGTAG-1_contig_1,True,518,TRB,TRBV20-1,None,TRBJ2-1,TRBC2,True,True,CSARVGSEVNEQFF,TGCAGTGCTAGAGTGGGGTCGGAAGTCAATGAGCAGTTCTTC,1106,7,clonotype2,clonotype2_consensus_1
GAAATGATCACAAACC-1,True,GAAATGATCACAAACC-1_contig_1,True,505,TRA,TRAV1-2,None,TRAJ33,TRAC,True,True,CAATDSNYQLIW,TGTGCTGCGACTGATAGCAACTATCAGTTAATCTGG,80,4,clonotype1,clonotype1_consensus_2
GAAATGATCACAAACC-1,True,GAAATGATCACAAACC-1_contig_2,True,521,TRB,TRBV20-1,None,TRBJ2-1,TRBC2,True,True,CSARVGSEVNEQFF,TGCAGTGCTAGAGTGGGGTCGGAAGTCAATGAGCAGTTCTTC,1604,8,clonotype1,clonotype1_consensus_1
GAAATGATCATTATCC-1,True,GAAATGATCATTATCC-1_contig_1,True,505,TRA,TRAV1-2,None,TRAJ33,TRAC,True,True,CAATDSNYQLIW,TGTGCTGCGACTGATAGCAACTATCAGTTAATCTGG,500,3,clonotype1,clonotype1_consensus_2
GAAATGATCATTATCC-1,True,GAAATGATCATTATCC-1_contig_2,True,521,TRB,TRBV20-1,None,TRBJ2-1,TRBC2,True,True,CSARVGSEVNEQFF,TGCAGTGCTAGAGTGGGGTCGGAAGTCAATGAGCAGTTCTTC,1076,9,clonotype1,clonotype1_consensus_1
GAAATGATCGTAGGTT-1,True,GAAATGATCGTAGGTT-1_contig_1,True,468,TRA,TRAV12-2,None,TRAJ54,TRAC,True,True,CAVTLIQGAQKLVF,TGTGCCGTGACCTTAATTCAGGGAGCCCAGAAGCTGGTATTT,81,4,clonotype2178,clonotype2178_consensus_1
GAAATGATCGTAGGTT-1,True,GAAATGATCGTAGGTT-1_contig_2,True,504,TRB,TRBV20-1,None,TRBJ2-7,TRBC2,True,True,CSATGTSGASSYEQYF,TGCAGTGCTACTGGGACTAGCGGGGCTAGCTCCTACGAGCAGTACTTC,1392,13,clonotype2178,clonotype2178_consensus_2
GAACATCAGACAAGCC-1,True,GAACATCAGACAAGCC-1_contig_1,True,509,TRA,TRAV13-2,None,TRAJ32,TRAC,True,True,CAELGGATNKLIF,TGTGCAGAATTAGGGGGTGCTACAAACAAGCTCATCTTT,523,2,clonotype2179,clonotype2179_consensus_2
GAACATCAGACAAGCC-1,True,GAACATCAGACAAGCC-1_contig_2,True,508,TRB,TRBV3-1,None,TRBJ1-4,TRBC1,True,True,CASSRGQAGKSRGGKLFF,TGTGCCAGCAGCCGGGGTCAAGCTGGGAAAAGCAGGGGAGGAAAACTGTTTTTT,1465,10,clonotype2179,clonotype2179_consensus_1
GAACATCAGACAAGCC-1,True,GAACATCAGACAAGCC-1_contig_3,True,487,TRA,TRAV17,None,TRAJ3,TRAC,True,False,None,None,197,1,clonotype2179,None
GAACATCAGATGCCTT-1,True,GAACATCAGATGCCTT-1_contig_1,True,489,TRB,TRBV20-1,None,TRBJ2-1,TRBC2,True,True,CSGEDRGEQFF,TGCAGTGGAGAGGACCGGGGCGAGCAGTTCTTC,186,2,clonotype2180,clonotype2180_consensus_2
GAACATCAGATGCCTT-1,True,GAACATCAGATGCCTT-1_contig_2,True,644,TRA,TRAV8-3,None,TRAJ20,TRAC,True,True,CAVVPGNDYKLSF,TGTGCTGTGGTCCCCGGAAACGACTACAAGCTCAGCTTT,628,3,clonotype2180,clonotype2180_consensus_1
GAACATCAGATGCCTT-1,True,GAACATCAGATGCCTT-1_contig_3,True,422,TRB,TRBV6-2,None,None,None,False,False,None,None,27,1,clonotype2180,None
GAACATCAGCATCATC-1,True,GAACATCAGCATCATC-1_contig_1,True,505,TRA,TRAV1-2,None,TRAJ33,TRAC,True,True,CAATDSNYQLIW,TGTGCTGCGACTGATAGCAACTATCAGTTAATCTGG,218,4,clonotype1,clonotype1_consensus_2
GAACATCAGCATCATC-1,True,GAACATCAGCATCATC-1_contig_2,True,521,TRB,TRBV20-1,None,TRBJ2-1,TRBC2,True,True,CSARVGSEVNEQFF,TGCAGTGCTAGAGTGGGGTCGGAAGTCAATGAGCAGTTCTTC,463,4,clonotype1,clonotype1_consensus_1
GAACATCAGCGTTCCG-1,True,GAACATCAGCGTTCCG-1_contig_1,True,521,TRB,TRBV20-1,None,TRBJ2-1,TRBC2,True,True,CSARVGSEVNEQFF,TGCAGTGCTAGAGTGGGGTCGGAAGTCAATGAGCAGTTCTTC,702,3,clonotype2,clonotype2_consensus_1
GAACATCAGCGTTCCG-1,True,GAACATCAGCGTTCCG-1_contig_2,True,403,TRB,None,None,TRBJ1-5,TRBC1,False,False,None,None,126,1,clonotype2,None
GAACATCAGCGTTCCG-1,True,GAACATCAGCGTTCCG-1_contig_3,True,482,TRA,TRAV10,None,TRAJ24,TRAC,True,False,None,None,539,1,clonotype2,None
GAACATCAGTCAAGGC-1,True,GAACATCAGTCAAGGC-1_contig_1,True,505,TRA,TRAV1-2,None,TRAJ33,TRAC,True,True,CAATDSNYQLIW,TGTGCTGCGACTGATAGCAACTATCAGTTAATCTGG,939,3,clonotype1,clonotype1_consensus_2
GAACATCAGTCAAGGC-1,True,GAACATCAGTCAAGGC-1_contig_2,True,521,TRB,TRBV20-1,None,TRBJ2-1,TRBC2,True,True,CSARVGSEVNEQFF,TGCAGTGCTAGAGTGGGGTCGGAAGTCAATGAGCAGTTCTTC,1863,10,clonotype1,clonotype1_consensus_1
GAACATCAGTCAAGGC-1,True,GAACATCAGTCAAGGC-1_contig_3,True,465,TRA,TRAV10,None,TRAJ24,TRAC,True,False,None,None,228,1,clonotype1,None
GAACATCCAAACTGTC-1,True,GAACATCCAAACTGTC-1_contig_1,True,505,TRA,TRAV1-2,None,TRAJ33,TRAC,True,True,CAATDSNYQLIW,TGTGCTGCGACTGATAGCAACTATCAGTTAATCTGG,1200,5,clonotype1,clonotype1_consensus_2
GAACATCCAAACTGTC-1,True,GAACATCCAAACTGTC-1_contig_2,True,485,TRB,TRBV20-1,None,TRBJ2-1,TRBC2,True,True,CSARVGSEVNEQFF,TGCAGTGCTAGAGTGGGGTCGGAAGTCAATGAGCAGTTCTTC,2850,4,clonotype1,clonotype1_consensus_1
GAACATCCAAACTGTC-1,True,GAACATCCAAACTGTC-1_contig_3,True,468,TRA,TRAV10,None,TRAJ24,TRAC,True,False,None,None,252,3,clonotype1,None
GAACATCCATAAGACA-1,True,GAACATCCATAAGACA-1_contig_1,True,513,TRA,TRAV21,None,TRAJ58,TRAC,True,True,CAKETSGSRLTF,TGTGCTAAGGAAACCAGTGGCTCTAGGTTGACCTTT,7320,9,clonotype2181,clonotype2181_consensus_2
GAACATCCATAAGACA-1,True,GAACATCCATAAGACA-1_contig_2,True,657,TRB,TRBV5-6,None,TRBJ2-2,TRBC2,True,True,CASSFGQLTGELFF,TGTGCCAGCAGCTTCGGACAGCTAACTGGGGAGCTGTTTTTT,1360,6,clonotype2181,clonotype2181_consensus_1
GAACATCCATGCCTAA-1,True,GAACATCCATGCCTAA-1_contig_1,True,524,TRB,TRBV20-1,None,TRBJ1-5,TRBC1,True,True,CSARGGGASNQPQHF,TGCAGTGCTAGGGGAGGCGGGGCCAGCAATCAGCCCCAGCATTTT,643,4,clonotype2182,clonotype2182_consensus_2
GAACATCCATGCCTAA-1,True,GAACATCCATGCCTAA-1_contig_2,True,456,TRA,TRAV13-1,None,TRAJ27,TRAC,True,True,CAVAISAGKSTF,TGTGCAGTGGCAATAAGTGCAGGCAAATCAACCTTT,662,6,clonotype2182,clonotype2182_consensus_1
GAACATCCATGCCTAA-1,True,GAACATCCATGCCTAA-1_contig_3,True,306,TRB,None,None,TRBJ1-1,TRBC1,False,False,None,None,466,2,clonotype2182,None
GAACATCGTACCAGTT-1,True,GAACATCGTACCAGTT-1_contig_1,True,505,TRA,TRAV1-2,None,TRAJ33,TRAC,True,True,CAATDSNYQLIW,TGTGCTGCGACTGATAGCAACTATCAGTTAATCTGG,303,4,clonotype1,clonotype1_consensus_2
GAACATCGTACCAGTT-1,True,GAACATCGTACCAGTT-1_contig_2,True,521,TRB,TRBV20-1,None,TRBJ2-1,TRBC2,True,True,CSARVGSEVNEQFF,TGCAGTGCTAGAGTGGGGTCGGAAGTCAATGAGCAGTTCTTC,3543,14,clonotype1,clonotype1_consensus_1
GAACATCGTCCTAGCG-1,True,GAACATCGTCCTAGCG-1_contig_1,True,521,TRB,TRBV20-1,None,TRBJ2-1,TRBC2,True,True,CSARVGSEVNEQFF,TGCAGTGCTAGAGTGGGGTCGGAAGTCAATGAGCAGTTCTTC,1922,8,clonotype2,clonotype2_consensus_1
GAACATCGTCTAAAGA-1,True,GAACATCGTCTAAAGA-1_contig_1,True,505,TRA,TRAV1-2,None,TRAJ33,TRAC,True,True,CAATDSNYQLIW,TGTGCTGCGACTGATAGCAACTATCAGTTAATCTGG,221,3,clonotype1,clonotype1_consensus_2
GAACATCGTCTAAAGA-1,True,GAACATCGTCTAAAGA-1_contig_2,True,521,TRB,TRBV20-1,None,TRBJ2-1,TRBC2,True,True,CSARVGSEVNEQFF,TGCAGTGCTAGAGTGGGGTCGGAAGTCAATGAGCAGTTCTTC,780,9,clonotype1,clonotype1_consensus_1
GAACATCGTTGAACTC-1,True,GAACATCGTTGAACTC-1_contig_1,True,505,TRA,TRAV1-2,None,TRAJ33,TRAC,True,True,CAATDSNYQLIW,TGTGCTGCGACTGATAGCAACTATCAGTTAATCTGG,1293,5,clonotype1,clonotype1_consensus_2
GAACATCGTTGAACTC-1,True,GAACATCGTTGAACTC-1_contig_2,True,521,TRB,TRBV20-1,None,TRBJ2-1,TRBC2,True,True,CSARVGSEVNEQFF,TGCAGTGCTAGAGTGGGGTCGGAAGTCAATGAGCAGTTCTTC,1346,7,clonotype1,clonotype1_consensus_1
GAACATCGTTGTGGAG-1,True,GAACATCGTTGTGGAG-1_contig_1,True,505,TRA,TRAV1-2,None,TRAJ33,TRAC,True,True,CAATDSNYQLIW,TGTGCTGCGACTGATAGCAACTATCAGTTAATCTGG,363,2,clonotype1,clonotype1_consensus_2
GAACATCGTTGTGGAG-1,True,GAACATCGTTGTGGAG-1_contig_2,True,498,TRB,TRBV20-1,None,TRBJ2-1,TRBC2,True,True,CSARVGSEVNEQFF,TGCAGTGCTAGAGTGGGGTCGGAAGTCAATGAGCAGTTCTTC,1577,5,clonotype1,clonotype1_consensus_1
GAACATCTCACGACTA-1,True,GAACATCTCACGACTA-1_contig_1,True,523,TRA,TRAV14/DV4,None,TRAJ43,TRAC,True,True,CAMRGMYNNNDMRF,TGTGCAATGAGAGGGATGTACAATAACAATGACATGCGCTTT,612,3,clonotype2183,clonotype2183_consensus_1
GAACATCTCACGACTA-1,True,GAACATCTCACGACTA-1_contig_2,True,659,TRB,TRBV5-6,None,TRBJ2-6,TRBC2,True,True,CASSPSGWANVLTF,TGTGCCAGCAGCCCCTCGGGTTGGGCCAACGTCCTGACTTTC,1779,8,clonotype2183,clonotype2183_consensus_2
GAACATCTCATAGCAC-1,True,GAACATCTCATAGCAC-1_contig_1,True,505,TRA,TRAV1-2,None,TRAJ33,TRAC,True,True,CAATDSNYQLIW,TGTGCTGCGACTGATAGCAACTATCAGTTAATCTGG,2560,4,clonotype1,clonotype1_consensus_2
GAACATCTCATAGCAC-1,True,GAACATCTCATAGCAC-1_contig_2,True,521,TRB,TRBV20-1,None,TRBJ2-1,TRBC2,True,True,CSARVGSEVNEQFF,TGCAGTGCTAGAGTGGGGTCGGAAGTCAATGAGCAGTTCTTC,2718,12,clonotype1,clonotype1_consensus_1
GAACATCTCCAGAAGG-1,True,GAACATCTCCAGAAGG-1_contig_1,True,505,TRA,TRAV1-2,None,TRAJ33,TRAC,True,True,CAATDSNYQLIW,TGTGCTGCGACTGATAGCAACTATCAGTTAATCTGG,1147,8,clonotype1,clonotype1_consensus_2
GAACATCTCCAGAAGG-1,True,GAACATCTCCAGAAGG-1_contig_2,True,521,TRB,TRBV20-1,None,TRBJ2-1,TRBC2,True,True,CSARVGSEVNEQFF,TGCAGTGCTAGAGTGGGGTCGGAAGTCAATGAGCAGTTCTTC,714,5,clonotype1,clonotype1_consensus_1
GAACATCTCCGTTGCT-1,True,GAACATCTCCGTTGCT-1_contig_1,True,524,TRB,TRBV20-1,None,TRBJ2-7,TRBC2,True,True,CSARAPHSNLYEQYF,TGCAGTGCTAGAGCCCCGCACTCCAACCTCTACGAGCAGTACTTC,1498,9,clonotype2184,clonotype2184_consensus_1
GAACATCTCCGTTGCT-1,True,GAACATCTCCGTTGCT-1_contig_2,True,517,TRA,TRAV29/DV5,None,TRAJ31,TRAC,True,True,CAASGGRNNNARLMF,TGTGCAGCAAGCGGGGGGCGGAATAACAATGCCAGACTCATGTTT,348,3,clonotype2184,clonotype2184_consensus_2
GAACATCTCCTCCTAG-1,True,GAACATCTCCTCCTAG-1_contig_1,True,505,TRA,TRAV1-2,None,TRAJ33,TRAC,True,True,CAATDSNYQLIW,TGTGCTGCGACTGATAGCAACTATCAGTTAATCTGG,403,2,clonotype1,clonotype1_consensus_2
GAACATCTCCTCCTAG-1,True,GAACATCTCCTCCTAG-1_contig_2,True,498,TRB,TRBV20-1,None,TRBJ2-1,TRBC2,True,True,CSARVGSEVNEQFF,TGCAGTGCTAGAGTGGGGTCGGAAGTCAATGAGCAGTTCTTC,3153,15,clonotype1,clonotype1_consensus_1
GAACATCTCCTCCTAG-1,True,GAACATCTCCTCCTAG-1_contig_3,True,465,TRA,TRAV10,None,TRAJ24,TRAC,True,False,None,None,559,2,clonotype1,None
GAACATCTCGTACCGG-1,True,GAACATCTCGTACCGG-1_contig_1,True,505,TRA,TRAV1-2,None,TRAJ33,TRAC,True,True,CAATDSNYQLIW,TGTGCTGCGACTGATAGCAACTATCAGTTAATCTGG,452,4,clonotype1,clonotype1_consensus_2
GAACATCTCGTACCGG-1,True,GAACATCTCGTACCGG-1_contig_2,True,521,TRB,TRBV20-1,None,TRBJ2-1,TRBC2,True,True,CSARVGSEVNEQFF,TGCAGTGCTAGAGTGGGGTCGGAAGTCAATGAGCAGTTCTTC,2826,8,clonotype1,clonotype1_consensus_1
GAACATCTCGTAGGAG-1,True,GAACATCTCGTAGGAG-1_contig_1,True,495,TRA,TRAV12-1,None,TRAJ9,TRAC,True,True,CVVTRNTGGFKTIF,TGTGTGGTGACACGAAATACTGGAGGCTTCAAAACTATCTTT,5530,3,clonotype5,clonotype5_consensus_2
GAACATCTCGTAGGAG-1,True,GAACATCTCGTAGGAG-1_contig_2,True,533,TRB,TRBV20-1,None,TRBJ1-5,TRBC1,True,True,CSARDDNRAKSFNQPQHF,TGCAGTGCTAGAGACGACAACCGGGCCAAATCCTTCAATCAGCCCCAGCATTTT,934,6,clonotype5,clonotype5_consensus_1
GAACATCTCTGCGACG-1,True,GAACATCTCTGCGACG-1_contig_1,True,536,TRB,TRBV20-1,None,TRBJ2-2,TRBC2,True,True,CSARDSLGGSPANTGELFF,TGCAGTGCTAGAGATTCCCTGGGCGGATCCCCAGCGAACACCGGGGAGCTGTTTTTT,1721,10,clonotype147,clonotype147_consensus_2
GAACATCTCTGCGACG-1,True,GAACATCTCTGCGACG-1_contig_2,True,677,TRA,TRAV8-3,None,TRAJ37,TRAC,True,True,CAVGSPSNTGKLIF,TGTGCTGTGGGTAGCCCTAGCAACACAGGCAAACTAATCTTT,303,3,clonotype147,clonotype147_consensus_1
GAACCTAAGAGTAAGG-1,True,GAACCTAAGAGTAAGG-1_contig_1,True,669,TRB,TRBV5-6,None,TRBJ2-1,TRBC2,True,True,CASSLGLYEQFF,TGTGCCAGCAGCTTGGGGCTGTATGAGCAGTTCTTC,3102,11,clonotype2185,clonotype2185_consensus_1
GAACCTAAGAGTAAGG-1,True,GAACCTAAGAGTAAGG-1_contig_2,True,633,TRA,TRAV16,None,TRAJ56,TRAC,True,True,CALGDPGANSKLTF,TGTGCTCTAGGAGATCCCGGAGCCAATAGTAAGCTGACATTT,879,5,clonotype2185,clonotype2185_consensus_2
GAACCTAAGATGGGTC-1,True,GAACCTAAGATGGGTC-1_contig_1,True,500,TRA,TRAV1-2,None,TRAJ33,TRAC,True,True,CAATDSNYQLIW,TGTGCTGCGACTGATAGCAACTATCAGTTAATCTGG,303,1,clonotype1,clonotype1_consensus_2
GAACCTAAGATGGGTC-1,True,GAACCTAAGATGGGTC-1_contig_2,True,498,TRB,TRBV20-1,None,TRBJ2-1,TRBC2,True,True,CSARVGSEVNEQFF,TGCAGTGCTAGAGTGGGGTCGGAAGTCAATGAGCAGTTCTTC,1132,5,clonotype1,clonotype1_consensus_1
GAACCTAAGCTATGCT-1,True,GAACCTAAGCTATGCT-1_contig_1,True,505,TRA,TRAV1-2,None,TRAJ33,TRAC,True,True,CAATDSNYQLIW,TGTGCTGCGACTGATAGCAACTATCAGTTAATCTGG,895,5,clonotype1,clonotype1_consensus_2
GAACCTAAGCTATGCT-1,True,GAACCTAAGCTATGCT-1_contig_2,True,521,TRB,TRBV20-1,None,TRBJ2-1,TRBC2,True,True,CSARVGSEVNEQFF,TGCAGTGCTAGAGTGGGGTCGGAAGTCAATGAGCAGTTCTTC,1099,7,clonotype1,clonotype1_consensus_1
GAACCTAAGGCTAGCA-1,True,GAACCTAAGGCTAGCA-1_contig_1,True,498,TRB,TRBV20-1,None,TRBJ2-1,TRBC2,True,True,CSARVGSEVNEQFF,TGCAGTGCTAGAGTGGGGTCGGAAGTCAATGAGCAGTTCTTC,1475,4,clonotype2,clonotype2_consensus_1
GAACCTAAGGTGTTAA-1,True,GAACCTAAGGTGTTAA-1_contig_1,True,505,TRA,TRAV1-2,None,TRAJ33,TRAC,True,True,CAATDSNYQLIW,TGTGCTGCGACTGATAGCAACTATCAGTTAATCTGG,868,3,clonotype1,clonotype1_consensus_2
GAACCTAAGGTGTTAA-1,True,GAACCTAAGGTGTTAA-1_contig_2,True,521,TRB,TRBV20-1,None,TRBJ2-1,TRBC2,True,True,CSARVGSEVNEQFF,TGCAGTGCTAGAGTGGGGTCGGAAGTCAATGAGCAGTTCTTC,635,4,clonotype1,clonotype1_consensus_1
GAACCTAAGTAATCCC-1,True,GAACCTAAGTAATCCC-1_contig_1,True,505,TRA,TRAV1-2,None,TRAJ33,TRAC,True,True,CAATDSNYQLIW,TGTGCTGCGACTGATAGCAACTATCAGTTAATCTGG,529,5,clonotype1,clonotype1_consensus_2
GAACCTAAGTAATCCC-1,True,GAACCTAAGTAATCCC-1_contig_2,True,498,TRB,TRBV20-1,None,TRBJ2-1,TRBC2,True,True,CSARVGSEVNEQFF,TGCAGTGCTAGAGTGGGGTCGGAAGTCAATGAGCAGTTCTTC,692,5,clonotype1,clonotype1_consensus_1
GAACCTAAGTGTTTGC-1,True,GAACCTAAGTGTTTGC-1_contig_1,True,502,TRA,TRAV1-2,None,TRAJ30,TRAC,True,True,CAVRDLREIIF,TGTGCTGTGAGAGATCTTCGGGAGATCATCTTT,684,1,clonotype3,clonotype3_consensus_2
GAACCTAAGTGTTTGC-1,True,GAACCTAAGTGTTTGC-1_contig_2,True,492,TRB,TRBV5-5,None,TRBJ1-4,TRBC1,True,True,CASSHPGPNYATNEKLFF,TGTGCCAGCAGCCATCCCGGACCGAACTACGCAACTAATGAAAAACTGTTTTTT,2252,9,clonotype3,clonotype3_consensus_1
GAACCTAAGTGTTTGC-1,True,GAACCTAAGTGTTTGC-1_contig_3,True,428,TRB,TRBV7-3,None,TRBJ2-1,TRBC2,True,False,CQQRSLKAGGPYNEQFF,TGCCAGCAGCGGTCACTTAAAGCGGGGGGACCCTACAATGAGCAGTTCTTC,300,2,clonotype3,None
GAACCTAAGTTCGCGC-1,True,GAACCTAAGTTCGCGC-1_contig_1,True,596,TRA,TRAV16,None,TRAJ15,TRAC,True,True,CALSLQAGTALIF,TGTGCTCTAAGTCTTCAGGCAGGAACTGCTCTGATCTTT,446,8,clonotype2186,clonotype2186_consensus_2
GAACCTAAGTTCGCGC-1,True,GAACCTAAGTTCGCGC-1_contig_2,True,588,TRB,TRBV5-5,None,TRBJ2-1,TRBC2,True,True,CASSLSTASYNEQFF,TGTGCCAGCAGCTTATCGACGGCCTCCTACAATGAGCAGTTCTTC,1303,6,clonotype2186,clonotype2186_consensus_1
GAACCTAAGTTCGCGC-1,True,GAACCTAAGTTCGCGC-1_contig_3,True,632,TRB,None,None,TRBJ1-4,TRBC1,False,False,None,None,196,4,clonotype2186,None
GAACCTACAACTGGCC-1,True,GAACCTACAACTGGCC-1_contig_1,True,505,TRA,TRAV1-2,None,TRAJ33,TRAC,True,True,CAATDSNYQLIW,TGTGCTGCGACTGATAGCAACTATCAGTTAATCTGG,764,6,clonotype1,clonotype1_consensus_2
GAACCTACAACTGGCC-1,True,GAACCTACAACTGGCC-1_contig_2,True,492,TRB,TRBV20-1,None,TRBJ2-1,TRBC2,True,True,CSARVGSEVNEQFF,TGCAGTGCTAGAGTGGGGTCGGAAGTCAATGAGCAGTTCTTC,906,6,clonotype1,clonotype1_consensus_1
GAACCTACACATCTTT-1,True,GAACCTACACATCTTT-1_contig_1,True,508,TRA,TRAV20,None,TRAJ24,TRAC,True,True,CAVMTTDSWGKFQF,TGTGCTGTTATGACAACTGACAGCTGGGGGAAATTCCAGTTT,681,4,clonotype7,clonotype7_consensus_2
GAACCTACACATCTTT-1,True,GAACCTACACATCTTT-1_contig_2,True,514,TRB,TRBV5-5,None,TRBJ2-7,TRBC2,True,True,CASSSLVEQGAYEQYF,TGTGCCAGCAGCTCGCTCGTAGAGCAGGGGGCCTACGAGCAGTACTTC,1814,5,clonotype7,clonotype7_consensus_1
GAACCTACAGCATACT-1,True,GAACCTACAGCATACT-1_contig_1,True,505,TRA,TRAV1-2,None,TRAJ33,TRAC,True,True,CAATDSNYQLIW,TGTGCTGCGACTGATAGCAACTATCAGTTAATCTGG,649,4,clonotype1,clonotype1_consensus_2
GAACCTACAGCATACT-1,True,GAACCTACAGCATACT-1_contig_2,True,515,TRB,TRBV20-1,None,TRBJ2-1,TRBC2,True,True,CSARVGSEVNEQFF,TGCAGTGCTAGAGTGGGGTCGGAAGTCAATGAGCAGTTCTTC,2277,7,clonotype1,clonotype1_consensus_1
GAACCTACAGCATACT-1,True,GAACCTACAGCATACT-1_contig_3,True,456,TRA,TRAV10,None,TRAJ24,TRAC,True,False,None,None,208,1,clonotype1,None
GAACCTACATGCCCGA-1,True,GAACCTACATGCCCGA-1_contig_1,True,495,TRB,TRBV20-1,None,TRBJ1-1,TRBC1,True,True,CSAPRGRGTEAFF,TGCAGTGCCCCAAGGGGGCGGGGGACTGAAGCTTTCTTT,3009,9,clonotype2187,clonotype2187_consensus_1
GAACCTACATGCCCGA-1,True,GAACCTACATGCCCGA-1_contig_2,True,506,TRA,TRAV13-2,None,TRAJ58,TRAC,True,True,CVEETSGSRLTF,TGTGTCGAAGAAACCAGTGGCTCTAGGTTGACCTTT,110,2,clonotype2187,clonotype2187_consensus_2
GAACCTACATGCCCGA-1,True,GAACCTACATGCCCGA-1_contig_3,True,522,TRA,TRAV21,None,TRAJ24,TRAC,True,False,None,None,1598,8,clonotype2187,None
GAACCTAGTAAGAGAG-1,True,GAACCTAGTAAGAGAG-1_contig_1,True,684,TRB,TRBV5-5,None,TRBJ2-7,TRBC2,True,True,CASYQDTSYEQYF,TGTGCCAGCTACCAGGACACCTCCTACGAGCAGTACTTC,1013,7,clonotype74,clonotype74_consensus_1
GAACCTAGTAAGAGAG-1,True,GAACCTAGTAAGAGAG-1_contig_2,True,629,TRA,TRAV8-2,None,TRAJ24,TRAC,True,True,CVVTDSWGKFQF,TGTGTTGTGACTGACAGCTGGGGGAAATTCCAGTTT,507,6,clonotype74,clonotype74_consensus_2
GAACCTAGTAAGAGGA-1,True,GAACCTAGTAAGAGGA-1_contig_1,True,470,TRB,TRBV20-1,None,TRBJ2-1,TRBC2,True,True,CSARDPTGGEQFF,TGCAGTGCTAGAGACCCTACGGGGGGGGAGCAGTTCTTC,1429,8,clonotype2188,clonotype2188_consensus_2
GAACCTAGTAAGAGGA-1,True,GAACCTAGTAAGAGGA-1_contig_2,True,568,TRA,TRAV8-1,None,TRAJ26,TRAC,True,True,CAVSPYGQNFVF,TGTGCCGTTTCTCCTTATGGTCAGAATTTTGTCTTT,968,4,clonotype2188,clonotype2188_consensus_1
GAACCTAGTAAGAGGA-1,True,GAACCTAGTAAGAGGA-1_contig_3,True,507,TRA,TRAV6,None,TRAJ20,TRAC,True,False,None,None,199,2,clonotype2188,None
GAACCTAGTACCGCTG-1,True,GAACCTAGTACCGCTG-1_contig_1,True,549,TRA,TRAV12-1,None,TRAJ9,TRAC,True,True,CVVIRNTGGFKTIF,TGTGTGGTGATCCGAAATACTGGAGGCTTCAAAACTATCTTT,1606,10,clonotype2189,clonotype2189_consensus_2
GAACCTAGTACCGCTG-1,True,GAACCTAGTACCGCTG-1_contig_2,True,521,TRB,TRBV20-1,None,TRBJ2-7,TRBC2,True,True,CSARSTGFSSEQYF,TGCAGTGCTAGGAGCACAGGCTTTTCGTCCGAGCAGTACTTC,1103,7,clonotype2189,clonotype2189_consensus_1
GAACCTAGTACCGCTG-1,True,GAACCTAGTACCGCTG-1_contig_3,True,304,TRB,None,None,TRBJ2-1,TRBC2,False,False,None,None,28,1,clonotype2189,None
GAACCTAGTAGCAAAT-1,True,GAACCTAGTAGCAAAT-1_contig_1,True,505,TRA,TRAV1-2,None,TRAJ33,TRAC,True,True,CAATDSNYQLIW,TGTGCTGCGACTGATAGCAACTATCAGTTAATCTGG,416,7,clonotype1,clonotype1_consensus_2
GAACCTAGTAGCAAAT-1,True,GAACCTAGTAGCAAAT-1_contig_2,True,498,TRB,TRBV20-1,None,TRBJ2-1,TRBC2,True,True,CSARVGSEVNEQFF,TGCAGTGCTAGAGTGGGGTCGGAAGTCAATGAGCAGTTCTTC,3334,7,clonotype1,clonotype1_consensus_1
GAACCTAGTAGCTAAA-1,True,GAACCTAGTAGCTAAA-1_contig_1,True,495,TRB,TRBV20-1,None,TRBJ2-1,TRBC2,True,True,CSARVGSEVNEQFF,TGCAGTGCTAGAGTGGGGTCGGAAGTCAATGAGCAGTTCTTC,483,3,clonotype2,clonotype2_consensus_1
GAACCTAGTAGCTAAA-1,True,GAACCTAGTAGCTAAA-1_contig_2,True,440,TRA,TRAV10,None,TRAJ24,TRAC,True,False,None,None,235,1,clonotype2,None
GAACCTAGTCAGGACA-1,True,GAACCTAGTCAGGACA-1_contig_1,True,459,TRA,TRAV13-1,None,TRAJ5,TRAC,True,True,CAAGDTGRRALTF,TGTGCAGCAGGGGACACGGGCAGGAGAGCACTTACTTTT,822,5,clonotype2190,clonotype2190_consensus_1
GAACCTAGTCAGGACA-1,True,GAACCTAGTCAGGACA-1_contig_2,True,521,TRB,TRBV20-1,None,TRBJ1-5,TRBC1,True,True,CSARDEGYNQPQHF,TGCAGTGCTAGAGATGAAGGTTACAATCAGCCCCAGCATTTT,3009,14,clonotype2190,clonotype2190_consensus_2
GAACCTAGTCAGGACA-1,True,GAACCTAGTCAGGACA-1_contig_3,True,543,TRA,TRAV21,None,TRAJ27,TRAC,True,False,CLGAGSYQLTF,TGCTTAGGGGCTGGGAGTTACCAACTCACTTTC,64,1,clonotype2190,None
GAACCTAGTCAGTGGA-1,True,GAACCTAGTCAGTGGA-1_contig_1,True,521,TRB,TRBV20-1,None,TRBJ1-1,TRBC1,True,True,CSARGGGGRTEAFF,TGCAGTGCTAGAGGTGGGGGGGGAAGGACTGAAGCTTTCTTT,2307,10,clonotype2191,clonotype2191_consensus_1
GAACCTAGTCAGTGGA-1,True,GAACCTAGTCAGTGGA-1_contig_2,True,476,TRA,TRAV35,None,TRAJ31,TRAC,True,True,CAALRDARLMF,TGTGCTGCCCTGAGGGATGCCAGACTCATGTTT,251,2,clonotype2191,clonotype2191_consensus_2
GAACCTAGTGGCCCTA-1,True,GAACCTAGTGGCCCTA-1_contig_1,True,508,TRB,TRBV20-1,None,TRBJ2-7,TRBC2,True,True,CSASRTGDEQYF,TGCAGTGCTAGCAGGACAGGTGACGAGCAGTACTTC,776,5,clonotype2192,clonotype2192_consensus_1
GAACCTAGTTCCATGA-1,True,GAACCTAGTTCCATGA-1_contig_1,True,521,TRB,TRBV20-1,None,TRBJ2-1,TRBC2,True,True,CSARVGSEVNEQFF,TGCAGTGCTAGAGTGGGGTCGGAAGTCAATGAGCAGTTCTTC,1998,6,clonotype2,clonotype2_consensus_1
GAACCTAGTTCCATGA-1,True,GAACCTAGTTCCATGA-1_contig_2,True,482,TRA,TRAV10,None,TRAJ24,TRAC,True,False,None,None,261,3,clonotype2,None
GAACCTATCACCGGGT-1,True,GAACCTATCACCGGGT-1_contig_1,True,505,TRA,TRAV1-2,None,TRAJ33,TRAC,True,True,CAATDSNYQLIW,TGTGCTGCGACTGATAGCAACTATCAGTTAATCTGG,1851,11,clonotype1,clonotype1_consensus_2
GAACCTATCACCGGGT-1,True,GAACCTATCACCGGGT-1_contig_2,True,496,TRB,TRBV20-1,None,TRBJ2-1,TRBC2,True,True,CSARVGSEVNEQFF,TGCAGTGCTAGAGTGGGGTCGGAAGTCAATGAGCAGTTCTTC,919,6,clonotype1,clonotype1_consensus_1
GAACCTATCAGGTAAA-1,True,GAACCTATCAGGTAAA-1_contig_1,True,502,TRA,TRAV1-2,None,TRAJ30,TRAC,True,True,CAVRDLREIIF,TGTGCTGTGAGAGATCTTCGGGAGATCATCTTT,372,2,clonotype3,clonotype3_consensus_2
GAACCTATCAGGTAAA-1,True,GAACCTATCAGGTAAA-1_contig_2,True,775,TRB,TRBV5-5,None,TRBJ1-4,TRBC1,True,True,CASSHPGPNYATNEKLFF,TGTGCCAGCAGCCATCCCGGACCGAACTACGCAACTAATGAAAAACTGTTTTTT,2115,7,clonotype3,clonotype3_consensus_1
GAACCTATCAGGTAAA-1,True,GAACCTATCAGGTAAA-1_contig_3,True,429,TRB,TRBV7-3,None,TRBJ2-1,TRBC2,True,False,CQQRSLKAGGPYNEQFF,TGCCAGCAGCGGTCACTTAAAGCGGGGGGACCCTACAATGAGCAGTTCTTC,597,2,clonotype3,None
GAACCTATCGCCTGAG-1,True,GAACCTATCGCCTGAG-1_contig_1,True,551,TRA,TRAV5,None,TRAJ5,TRAC,True,True,CAETDTGRRALTF,TGTGCAGAGACCGACACGGGCAGGAGAGCACTTACTTTT,5258,9,clonotype2193,clonotype2193_consensus_1
GAACCTATCGCCTGAG-1,True,GAACCTATCGCCTGAG-1_contig_2,True,521,TRB,TRBV20-1,None,TRBJ2-3,TRBC2,True,True,CSARAPGGIDTQYF,TGCAGTGCTAGAGCGCCGGGGGGGATAGATACGCAGTATTTT,1301,10,clonotype2193,clonotype2193_consensus_2
GAACGGAAGCGAAGGG-1,True,GAACGGAAGCGAAGGG-1_contig_1,True,536,TRB,TRBV20-1,None,TRBJ2-2,TRBC2,True,True,CSARDSLGGSPANTGELFF,TGCAGTGCTAGAGATTCCCTGGGCGGATCCCCAGCGAACACCGGGGAGCTGTTTTTT,362,7,clonotype147,clonotype147_consensus_2
GAACGGAAGCGAAGGG-1,True,GAACGGAAGCGAAGGG-1_contig_2,True,679,TRA,TRAV8-3,None,TRAJ37,TRAC,True,True,CAVGSPSNTGKLIF,TGTGCTGTGGGTAGCCCTAGCAACACAGGCAAACTAATCTTT,1067,6,clonotype147,clonotype147_consensus_1
GAACGGAAGGTGCTTT-1,True,GAACGGAAGGTGCTTT-1_contig_1,True,515,TRB,TRBV20-1,None,TRBJ1-6,TRBC1,True,True,CSAPTNNSPLHF,TGCAGTGCTCCCACTAATAATTCACCCCTCCACTTT,750,3,clonotype2194,clonotype2194_consensus_1
GAACGGAAGGTGCTTT-1,True,GAACGGAAGGTGCTTT-1_contig_2,True,574,TRA,TRAV29/DV5,None,TRAJ40,TRAC,True,True,CAASATTSGTYKYIF,TGTGCAGCAAGCGCGACTACCTCAGGAACCTACAAATACATCTTT,491,2,clonotype2194,clonotype2194_consensus_3
GAACGGAAGGTGCTTT-1,True,GAACGGAAGGTGCTTT-1_contig_3,True,521,TRB,TRBV20-1,None,TRBJ2-5,TRBC2,True,True,CSARLLPYQETQYF,TGCAGTGCTAGACTCCTACCGTACCAAGAGACCCAGTACTTC,204,2,clonotype2194,clonotype2194_consensus_2
GAACGGAAGGTGCTTT-1,True,GAACGGAAGGTGCTTT-1_contig_4,True,493,TRA,TRAV38-1,None,TRAJ10,TRAC,True,True,CAFMKQPQGGGNKLTF,TGTGCTTTCATGAAGCAACCTCAGGGAGGAGGAAACAAACTCACCTTT,480,3,clonotype2194,clonotype2194_consensus_4
GAACGGAAGGTGCTTT-1,True,GAACGGAAGGTGCTTT-1_contig_5,True,395,TRB,None,None,TRBJ1-1,TRBC1,False,False,None,None,1871,4,clonotype2194,None
GAACGGACAGCTGTTA-1,True,GAACGGACAGCTGTTA-1_contig_1,True,687,TRA,TRAV8-3,None,TRAJ4,TRAC,True,True,CAVAPGFSGGYNKLIF,TGTGCTGTGGCTCCGGGGTTTTCTGGTGGCTACAATAAGCTGATTTTT,1617,9,clonotype2195,clonotype2195_consensus_2
GAACGGACAGCTGTTA-1,True,GAACGGACAGCTGTTA-1_contig_2,True,521,TRB,TRBV20-1,None,TRBJ2-5,TRBC2,True,True,CSAKGGAGTSETQYF,TGCAGTGCTAAGGGTGGGGCAGGGACATCGGAGACCCAGTACTTC,2767,10,clonotype2195,clonotype2195_consensus_1
GAACGGACATAAGACA-1,True,GAACGGACATAAGACA-1_contig_1,True,524,TRB,TRBV20-1,None,TRBJ1-6,TRBC1,True,True,CSARRSGGYNSPLHF,TGCAGTGCAAGACGGAGCGGGGGTTATAATTCACCCCTCCACTTT,1926,8,clonotype336,clonotype336_consensus_1
GAACGGACATAAGACA-1,True,GAACGGACATAAGACA-1_contig_2,True,505,TRA,TRAV6,None,TRAJ39,TRAC,True,True,CALENAGNMLTF,TGTGCTCTAGAGAATGCAGGCAACATGCTCACCTTT,1055,2,clonotype336,clonotype336_consensus_2
GAACGGACATAAGACA-1,True,GAACGGACATAAGACA-1_contig_3,True,406,TRA,TRAV25,None,TRAJ10,TRAC,True,False,None,None,41,2,clonotype336,None
GAACGGACATACGCCG-1,True,GAACGGACATACGCCG-1_contig_1,True,462,TRA,TRAV13-1,None,TRAJ22,TRAC,True,True,CAASIGGSARQLTF,TGTGCAGCAAGTATAGGTGGTTCTGCAAGGCAACTGACCTTT,277,2,clonotype2196,clonotype2196_consensus_1
GAACGGACATACGCCG-1,True,GAACGGACATACGCCG-1_contig_2,True,498,TRB,TRBV20-1,None,TRBJ2-1,TRBC2,True,True,CSASRSPQYNEQFF,TGCAGTGCTTCTCGGTCCCCACAGTACAATGAGCAGTTCTTC,2871,12,clonotype2196,clonotype2196_consensus_2
GAACGGACATACGCCG-1,True,GAACGGACATACGCCG-1_contig_3,True,555,TRA,TRAV26-1,None,TRAJ47,TRAC,True,False,None,None,318,1,clonotype2196,None
GAACGGAGTAAATGTG-1,True,GAACGGAGTAAATGTG-1_contig_1,True,526,TRA,TRAV29/DV5,None,TRAJ52,TRAC,True,True,CAASRPGAGGTSYGKLTF,TGTGCAGCAAGCCGCCCGGGGGCTGGTGGTACTAGCTATGGAAAGCTGACATTT,482,4,clonotype54,clonotype54_consensus_1
GAACGGAGTAAATGTG-1,True,GAACGGAGTAAATGTG-1_contig_2,True,507,TRB,TRBV5-5,None,TRBJ1-6,TRBC1,True,True,CASSFVADNSPLHF,TGTGCCAGCAGCTTCGTGGCGGATAATTCACCCCTCCACTTT,1128,6,clonotype54,clonotype54_consensus_2
GAACGGAGTACAGCAG-1,True,GAACGGAGTACAGCAG-1_contig_1,True,502,TRA,TRAV1-2,None,TRAJ30,TRAC,True,True,CAVRDLREIIF,TGTGCTGTGAGAGATCTTCGGGAGATCATCTTT,886,3,clonotype28,clonotype28_consensus_3
GAACGGAGTACAGCAG-1,True,GAACGGAGTACAGCAG-1_contig_2,True,523,TRB,TRBV5-5,None,TRBJ1-4,TRBC1,True,True,CASSHPGPNYATNEKLFF,TGTGCCAGCAGCCATCCCGGACCGAACTACGCAACTAATGAAAAACTGTTTTTT,879,3,clonotype28,clonotype28_consensus_1
GAACGGAGTACAGCAG-1,True,GAACGGAGTACAGCAG-1_contig_3,True,492,TRB,TRBV20-1,None,TRBJ2-1,TRBC2,True,True,CSARVGSEVNEQFF,TGCAGTGCTAGAGTGGGGTCGGAAGTCAATGAGCAGTTCTTC,1230,4,clonotype28,clonotype28_consensus_2
GAACGGAGTACAGCAG-1,True,GAACGGAGTACAGCAG-1_contig_4,True,476,TRB,TRBV7-3,None,TRBJ2-1,TRBC2,True,False,CQQRSLKAGGPYNEQFF,TGCCAGCAGCGGTCACTTAAAGCGGGGGGACCCTACAATGAGCAGTTCTTC,584,1,clonotype28,None
GAACGGAGTACAGCAG-1,True,GAACGGAGTACAGCAG-1_contig_5,True,330,TRB,None,None,TRBJ2-3,TRBC2,False,False,None,None,940,1,clonotype28,None
GAACGGAGTATCACCA-1,True,GAACGGAGTATCACCA-1_contig_1,True,502,TRA,TRAV1-2,None,TRAJ33,TRAC,True,True,CAATDSNYQLIW,TGTGCTGCGACTGATAGCAACTATCAGTTAATCTGG,549,3,clonotype1,clonotype1_consensus_2
GAACGGAGTATCACCA-1,True,GAACGGAGTATCACCA-1_contig_2,True,521,TRB,TRBV20-1,None,TRBJ2-1,TRBC2,True,True,CSARVGSEVNEQFF,TGCAGTGCTAGAGTGGGGTCGGAAGTCAATGAGCAGTTCTTC,2088,6,clonotype1,clonotype1_consensus_1
GAACGGAGTCTCATCC-1,True,GAACGGAGTCTCATCC-1_contig_1,True,502,TRA,TRAV1-2,None,TRAJ33,TRAC,True,True,CAATDSNYQLIW,TGTGCTGCGACTGATAGCAACTATCAGTTAATCTGG,392,1,clonotype1,clonotype1_consensus_2
GAACGGAGTCTCATCC-1,True,GAACGGAGTCTCATCC-1_contig_2,True,521,TRB,TRBV20-1,None,TRBJ2-1,TRBC2,True,True,CSARVGSEVNEQFF,TGCAGTGCTAGAGTGGGGTCGGAAGTCAATGAGCAGTTCTTC,1711,6,clonotype1,clonotype1_consensus_1
GAACGGAGTTAAGGGC-1,True,GAACGGAGTTAAGGGC-1_contig_1,True,505,TRA,TRAV1-2,None,TRAJ33,TRAC,True,True,CAATDSNYQLIW,TGTGCTGCGACTGATAGCAACTATCAGTTAATCTGG,415,4,clonotype1,clonotype1_consensus_2
GAACGGAGTTAAGGGC-1,True,GAACGGAGTTAAGGGC-1_contig_2,True,521,TRB,TRBV20-1,None,TRBJ2-1,TRBC2,True,True,CSARVGSEVNEQFF,TGCAGTGCTAGAGTGGGGTCGGAAGTCAATGAGCAGTTCTTC,2068,6,clonotype1,clonotype1_consensus_1
GAACGGATCAGAAATG-1,True,GAACGGATCAGAAATG-1_contig_1,True,521,TRB,TRBV20-1,None,TRBJ2-1,TRBC2,True,True,CSARVGSEVNEQFF,TGCAGTGCTAGAGTGGGGTCGGAAGTCAATGAGCAGTTCTTC,1612,9,clonotype2,clonotype2_consensus_1
GAACGGATCAGTACGT-1,True,GAACGGATCAGTACGT-1_contig_1,True,527,TRB,TRBV20-1,None,TRBJ2-1,TRBC2,True,True,CSARTLRAVSYNEQFF,TGCAGTGCTAGGACCCTCAGGGCGGTCTCCTACAATGAGCAGTTCTTC,3123,10,clonotype2197,clonotype2197_consensus_2
GAACGGATCAGTACGT-1,True,GAACGGATCAGTACGT-1_contig_2,True,584,TRA,TRAV26-1,None,TRAJ44,TRAC,True,True,CIASTGTASKLTF,TGCATCGCCTCTACCGGCACTGCCAGTAAACTCACCTTT,777,3,clonotype2197,clonotype2197_consensus_1
GAACGGATCCGTCATC-1,True,GAACGGATCCGTCATC-1_contig_1,True,572,TRA,TRAV12-1,None,TRAJ49,TRAC,True,True,CVVKSPFGNQFYF,TGTGTGGTGAAGTCCCCTTTCGGTAACCAGTTCTATTTT,872,6,clonotype2198,clonotype2198_consensus_1
GAACGGATCCGTCATC-1,True,GAACGGATCCGTCATC-1_contig_2,True,539,TRB,TRBV20-1,None,TRBJ1-2,TRBC1,True,False,CSARDLFGVEQGGSRYGYTF,TGCAGTGCTAGAGATCTCTTCGGCGTGGAACAAGGGGGCAGTCGCTATGGCTACACCTTC,1876,6,clonotype2198,None
GAACGGATCCTTCAAT-1,True,GAACGGATCCTTCAAT-1_contig_1,True,505,TRA,TRAV1-2,None,TRAJ33,TRAC,True,True,CAATDSNYQLIW,TGTGCTGCGACTGATAGCAACTATCAGTTAATCTGG,635,2,clonotype1,clonotype1_consensus_2
GAACGGATCCTTCAAT-1,True,GAACGGATCCTTCAAT-1_contig_2,True,498,TRB,TRBV20-1,None,TRBJ2-1,TRBC2,True,True,CSARVGSEVNEQFF,TGCAGTGCTAGAGTGGGGTCGGAAGTCAATGAGCAGTTCTTC,513,4,clonotype1,clonotype1_consensus_1
GAACGGATCCTTCAAT-1,True,GAACGGATCCTTCAAT-1_contig_3,True,465,TRA,TRAV10,None,TRAJ24,TRAC,True,False,None,None,231,3,clonotype1,None
GAACGGATCGGACAAG-1,True,GAACGGATCGGACAAG-1_contig_1,True,505,TRA,TRAV1-2,None,TRAJ33,TRAC,True,True,CAATDSNYQLIW,TGTGCTGCGACTGATAGCAACTATCAGTTAATCTGG,772,3,clonotype1,clonotype1_consensus_2
GAACGGATCGGACAAG-1,True,GAACGGATCGGACAAG-1_contig_2,True,498,TRB,TRBV20-1,None,TRBJ2-1,TRBC2,True,True,CSARVGSEVNEQFF,TGCAGTGCTAGAGTGGGGTCGGAAGTCAATGAGCAGTTCTTC,1171,5,clonotype1,clonotype1_consensus_1
GAACGGATCGGACAAG-1,True,GAACGGATCGGACAAG-1_contig_3,True,482,TRA,TRAV10,None,TRAJ24,TRAC,True,False,None,None,870,2,clonotype1,None
GAACGGATCGTGGTCG-1,True,GAACGGATCGTGGTCG-1_contig_1,True,501,TRA,TRAV1-2,None,TRAJ33,TRAC,True,True,CAATDSNYQLIW,TGTGCTGCGACTGATAGCAACTATCAGTTAATCTGG,345,2,clonotype1,clonotype1_consensus_2
GAACGGATCGTGGTCG-1,True,GAACGGATCGTGGTCG-1_contig_2,True,521,TRB,TRBV20-1,None,TRBJ2-1,TRBC2,True,True,CSARVGSEVNEQFF,TGCAGTGCTAGAGTGGGGTCGGAAGTCAATGAGCAGTTCTTC,1922,5,clonotype1,clonotype1_consensus_1
GAACGGATCGTGGTCG-1,True,GAACGGATCGTGGTCG-1_contig_3,True,465,TRA,TRAV10,None,TRAJ24,TRAC,True,False,None,None,763,1,clonotype1,None
GAACGGATCTCGATGA-1,True,GAACGGATCTCGATGA-1_contig_1,True,530,TRB,TRBV20-1,None,TRBJ2-7,TRBC2,True,True,CSARDPGGRTSSYEQYF,TGCAGTGCTAGAGATCCCGGGGGCCGCACGTCTTCCTACGAGCAGTACTTC,4096,16,clonotype2199,clonotype2199_consensus_2
GAACGGATCTCGATGA-1,True,GAACGGATCTCGATGA-1_contig_2,True,448,TRA,TRAV2,None,TRAJ6,TRAC,True,True,CAVEEGGSYIPTF,TGTGCTGTGGAGGAGGGAGGAAGCTACATACCTACATTT,154,2,clonotype2199,clonotype2199_consensus_1
GAACGGATCTCGATGA-1,True,GAACGGATCTCGATGA-1_contig_3,True,477,TRA,TRAV13-2,None,TRAJ20,TRAC,True,False,None,None,186,3,clonotype2199,None
GAAGCAGAGAAACGAG-1,True,GAAGCAGAGAAACGAG-1_contig_1,True,505,TRA,TRAV1-2,None,TRAJ33,TRAC,True,True,CAATDSNYQLIW,TGTGCTGCGACTGATAGCAACTATCAGTTAATCTGG,687,4,clonotype1,clonotype1_consensus_2
GAAGCAGAGAAACGAG-1,True,GAAGCAGAGAAACGAG-1_contig_2,True,514,TRB,TRBV20-1,None,TRBJ2-1,TRBC2,True,True,CSARVGSEVNEQFF,TGCAGTGCTAGAGTGGGGTCGGAAGTCAATGAGCAGTTCTTC,1042,8,clonotype1,clonotype1_consensus_1
GAAGCAGAGAAGGGTA-1,True,GAAGCAGAGAAGGGTA-1_contig_1,True,505,TRA,TRAV1-2,None,TRAJ33,TRAC,True,True,CAATDSNYQLIW,TGTGCTGCGACTGATAGCAACTATCAGTTAATCTGG,635,5,clonotype1,clonotype1_consensus_2
GAAGCAGAGAAGGGTA-1,True,GAAGCAGAGAAGGGTA-1_contig_2,True,521,TRB,TRBV20-1,None,TRBJ2-1,TRBC2,True,True,CSARVGSEVNEQFF,TGCAGTGCTAGAGTGGGGTCGGAAGTCAATGAGCAGTTCTTC,2858,10,clonotype1,clonotype1_consensus_1
GAAGCAGAGAAGGGTA-1,True,GAAGCAGAGAAGGGTA-1_contig_3,True,482,TRA,TRAV10,None,TRAJ24,TRAC,True,False,None,None,264,3,clonotype1,None
GAAGCAGAGAAGGTGA-1,True,GAAGCAGAGAAGGTGA-1_contig_1,True,500,TRA,TRAV13-2,None,TRAJ43,TRAC,True,True,CAENYNDMRF,TGTGCAGAGAATTACAATGACATGCGCTTT,1640,6,clonotype2200,clonotype2200_consensus_1
GAAGCAGAGAAGGTGA-1,True,GAAGCAGAGAAGGTGA-1_contig_2,True,527,TRB,TRBV20-1,None,TRBJ2-7,TRBC2,True,True,CSARAGARGASYEQYF,TGCAGTGCTAGAGCGGGAGCAAGAGGGGCCTCCTACGAGCAGTACTTC,2278,13,clonotype2200,clonotype2200_consensus_2
GAAGCAGAGCATGGCA-1,True,GAAGCAGAGCATGGCA-1_contig_1,True,615,TRA,TRAV26-1,None,TRAJ49,TRAC,True,True,CIVNTGNQFYF,TGCATCGTTAACACCGGTAACCAGTTCTATTTT,633,4,clonotype85,clonotype85_consensus_1
GAAGCAGAGCATGGCA-1,True,GAAGCAGAGCATGGCA-1_contig_2,True,527,TRB,TRBV20-1,None,TRBJ1-1,TRBC1,True,True,CSAKRSDRVQNTEAFF,TGCAGTGCCAAACGGTCGGACAGGGTTCAGAACACTGAAGCTTTCTTT,3346,12,clonotype85,clonotype85_consensus_2
GAAGCAGAGTAACCCT-1,True,GAAGCAGAGTAACCCT-1_contig_1,True,505,TRA,TRAV1-2,None,TRAJ33,TRAC,True,True,CAATDSNYQLIW,TGTGCTGCGACTGATAGCAACTATCAGTTAATCTGG,1046,6,clonotype1,clonotype1_consensus_2
GAAGCAGAGTAACCCT-1,True,GAAGCAGAGTAACCCT-1_contig_2,True,521,TRB,TRBV20-1,None,TRBJ2-1,TRBC2,True,True,CSARVGSEVNEQFF,TGCAGTGCTAGAGTGGGGTCGGAAGTCAATGAGCAGTTCTTC,465,6,clonotype1,clonotype1_consensus_1
GAAGCAGAGTGGGTTG-1,True,GAAGCAGAGTGGGTTG-1_contig_1,True,505,TRA,TRAV1-2,None,TRAJ33,TRAC,True,True,CAATDSNYQLIW,TGTGCTGCGACTGATAGCAACTATCAGTTAATCTGG,557,3,clonotype1,clonotype1_consensus_2
GAAGCAGAGTGGGTTG-1,True,GAAGCAGAGTGGGTTG-1_contig_2,True,498,TRB,TRBV20-1,None,TRBJ2-1,TRBC2,True,True,CSARVGSEVNEQFF,TGCAGTGCTAGAGTGGGGTCGGAAGTCAATGAGCAGTTCTTC,852,3,clonotype1,clonotype1_consensus_1
GAAGCAGAGTGTTGAA-1,True,GAAGCAGAGTGTTGAA-1_contig_1,True,505,TRA,TRAV1-2,None,TRAJ33,TRAC,True,True,CAVSDSNYQLIW,TGTGCTGTTTCGGATAGCAACTATCAGTTAATCTGG,706,3,clonotype2201,clonotype2201_consensus_1
GAAGCAGAGTGTTGAA-1,True,GAAGCAGAGTGTTGAA-1_contig_2,True,532,TRA,TRAV14/DV4,None,TRAJ32,TRAC,True,False,CNERKMGGATNKLIF,TGCAATGAGAGAAAGATGGGTGGTGCTACAAACAAGCTCATCTTT,578,4,clonotype2201,None
GAAGCAGCAACTGCGC-1,True,GAAGCAGCAACTGCGC-1_contig_1,True,432,TRA,TRAV1-2,None,TRAJ30,TRAC,True,True,CAVRDLREIIF,TGTGCTGTGAGAGATCTTCGGGAGATCATCTTT,334,2,clonotype3,clonotype3_consensus_2
GAAGCAGCAACTGCGC-1,True,GAAGCAGCAACTGCGC-1_contig_2,True,513,TRB,TRBV5-5,None,TRBJ1-4,TRBC1,True,True,CASSHPGPNYATNEKLFF,TGTGCCAGCAGCCATCCCGGACCGAACTACGCAACTAATGAAAAACTGTTTTTT,1207,5,clonotype3,clonotype3_consensus_1
GAAGCAGCAAGACGTG-1,True,GAAGCAGCAAGACGTG-1_contig_1,True,512,TRA,TRAV25,None,TRAJ28,TRAC,True,True,CAGPRSGAGSYQLTF,TGTGCAGGGCCACGGTCTGGGGCTGGGAGTTACCAACTCACTTTC,84,1,clonotype2202,clonotype2202_consensus_3
GAAGCAGCAAGACGTG-1,True,GAAGCAGCAAGACGTG-1_contig_2,True,467,TRB,TRBV27,None,TRBJ2-7,TRBC2,True,True,CASTQNEQYF,TGTGCCAGTACCCAAAATGAGCAGTACTTC,955,2,clonotype2202,clonotype2202_consensus_2
GAAGCAGCAAGACGTG-1,True,GAAGCAGCAAGACGTG-1_contig_3,True,664,TRB,TRBV5-6,None,TRBJ2-3,TRBC2,True,True,CASSKLRGLGTDTQYF,TGTGCCAGCAGCAAACTCAGGGGGTTGGGCACAGATACGCAGTATTTT,1531,5,clonotype2202,clonotype2202_consensus_1
GAAGCAGCAAGACGTG-1,True,GAAGCAGCAAGACGTG-1_contig_4,True,516,TRA,TRAV23/DV6,None,TRAJ16,TRAC,True,False,None,None,196,2,clonotype2202,None
GAAGCAGCAATGCCAT-1,True,GAAGCAGCAATGCCAT-1_contig_1,True,505,TRA,TRAV1-2,None,TRAJ33,TRAC,True,True,CAATDSNYQLIW,TGTGCTGCGACTGATAGCAACTATCAGTTAATCTGG,2769,10,clonotype1,clonotype1_consensus_2
GAAGCAGCAATGCCAT-1,True,GAAGCAGCAATGCCAT-1_contig_2,True,502,TRB,TRBV20-1,None,TRBJ2-1,TRBC2,True,True,CSARVGSEVNEQFF,TGCAGTGCTAGAGTGGGGTCGGAAGTCAATGAGCAGTTCTTC,3889,10,clonotype1,clonotype1_consensus_1
GAAGCAGCAATGCCAT-1,True,GAAGCAGCAATGCCAT-1_contig_3,True,571,TRA,None,None,TRAJ27,None,False,False,None,None,263,1,clonotype1,None
GAAGCAGCACCCAGTG-1,True,GAAGCAGCACCCAGTG-1_contig_1,True,518,TRB,TRBV20-1,None,TRBJ2-7,TRBC2,True,True,CSASGTTADEQYF,TGCAGTGCTTCGGGCACCACGGCGGACGAGCAGTACTTC,6983,23,clonotype2203,clonotype2203_consensus_1
GAAGCAGCACCCAGTG-1,True,GAAGCAGCACCCAGTG-1_contig_2,True,514,TRA,TRAV23/DV6,None,TRAJ17,TRAC,True,True,CAASRTKAAGNKLTF,TGTGCAGCAAGCAGAACCAAAGCTGCAGGCAACAAGCTAACTTTT,1333,10,clonotype2203,clonotype2203_consensus_3
GAAGCAGCACCCAGTG-1,True,GAAGCAGCACCCAGTG-1_contig_3,True,577,TRA,TRAV8-1,None,TRAJ10,TRAC,True,True,CAVMGDTGGGNKLTF,TGTGCCGTGATGGGGGATACGGGAGGAGGAAACAAACTCACCTTT,523,3,clonotype2203,clonotype2203_consensus_2
GAAGCAGCACGACGAA-1,True,GAAGCAGCACGACGAA-1_contig_1,True,505,TRA,TRAV1-2,None,TRAJ33,TRAC,True,True,CAATDSNYQLIW,TGTGCTGCGACTGATAGCAACTATCAGTTAATCTGG,621,4,clonotype1,clonotype1_consensus_2
GAAGCAGCACGACGAA-1,True,GAAGCAGCACGACGAA-1_contig_2,True,521,TRB,TRBV20-1,None,TRBJ2-1,TRBC2,True,True,CSARVGSEVNEQFF,TGCAGTGCTAGAGTGGGGTCGGAAGTCAATGAGCAGTTCTTC,809,8,clonotype1,clonotype1_consensus_1
GAAGCAGCAGATGGCA-1,True,GAAGCAGCAGATGGCA-1_contig_1,True,501,TRA,TRAV12-3,None,TRAJ39,TRAC,True,True,CAMSANNAGNMLTF,TGTGCAATGAGCGCGAATAATGCAGGCAACATGCTCACCTTT,209,1,clonotype2204,clonotype2204_consensus_1
GAAGCAGCAGATGGCA-1,True,GAAGCAGCAGATGGCA-1_contig_2,True,516,TRB,TRBV5-5,None,TRBJ2-6,TRBC2,True,True,CASALQGASGANVLTF,TGTGCCAGCGCGCTACAGGGGGCGTCTGGGGCCAACGTCCTGACTTTC,554,2,clonotype2204,clonotype2204_consensus_2
GAAGCAGCAGCCAATT-1,True,GAAGCAGCAGCCAATT-1_contig_1,True,536,TRB,TRBV20-1,None,TRBJ2-1,TRBC2,True,True,CSARPEASGGASSYNEQFF,TGCAGTGCTAGACCTGAGGCTAGCGGGGGGGCAAGCTCCTACAATGAGCAGTTCTTC,2062,10,clonotype2205,clonotype2205_consensus_1
GAAGCAGCAGCCAATT-1,True,GAAGCAGCAGCCAATT-1_contig_2,True,325,TRA,TRAV38-1,None,TRAJ44,TRAC,True,False,CISVLSPTRGGTASKLTF,TGTATTTCTGTGCTTTCCCCCACCCGGGGCGGCACTGCCAGTAAACTCACCTTT,767,2,clonotype2205,None
GAAGCAGCAGCCAATT-1,True,GAAGCAGCAGCCAATT-1_contig_3,True,362,TRA,TRAV26-1,None,TRAJ20,TRAC,True,False,CIARHSNDYKLSF,TGCATCGCCCGCCATTCTAACGACTACAAGCTCAGCTTT,611,1,clonotype2205,None
GAAGCAGCAGCTATTG-1,True,GAAGCAGCAGCTATTG-1_contig_1,True,496,TRB,TRBV20-1,None,TRBJ2-1,TRBC2,True,True,CSARVGSEVNEQFF,TGCAGTGCTAGAGTGGGGTCGGAAGTCAATGAGCAGTTCTTC,1667,10,clonotype2,clonotype2_consensus_1
GAAGCAGCAGCTATTG-1,True,GAAGCAGCAGCTATTG-1_contig_2,True,465,TRA,TRAV10,None,TRAJ24,TRAC,True,False,None,None,257,2,clonotype2,None
GAAGCAGCAGTATAAG-1,True,GAAGCAGCAGTATAAG-1_contig_1,True,574,TRA,TRAV8-1,None,TRAJ15,TRAC,True,True,CAVIFNQAGTALIF,TGTGCCGTGATCTTCAACCAGGCAGGAACTGCTCTGATCTTT,5975,5,clonotype2206,clonotype2206_consensus_2
GAAGCAGCAGTATAAG-1,True,GAAGCAGCAGTATAAG-1_contig_2,True,521,TRB,TRBV20-1,None,TRBJ2-1,TRBC2,True,True,CSARDYRGVHNEQFF,TGCAGTGCTAGAGATTACAGGGGGGTCCACAATGAGCAGTTCTTC,3642,11,clonotype2206,clonotype2206_consensus_1
GAAGCAGGTAGGAGTC-1,True,GAAGCAGGTAGGAGTC-1_contig_1,True,505,TRA,TRAV1-2,None,TRAJ33,TRAC,True,True,CAATDSNYQLIW,TGTGCTGCGACTGATAGCAACTATCAGTTAATCTGG,101,1,clonotype1,clonotype1_consensus_2
GAAGCAGGTAGGAGTC-1,True,GAAGCAGGTAGGAGTC-1_contig_2,True,521,TRB,TRBV20-1,None,TRBJ2-1,TRBC2,True,True,CSARVGSEVNEQFF,TGCAGTGCTAGAGTGGGGTCGGAAGTCAATGAGCAGTTCTTC,1005,7,clonotype1,clonotype1_consensus_1
GAAGCAGGTAGGAGTC-1,True,GAAGCAGGTAGGAGTC-1_contig_3,True,482,TRA,TRAV10,None,TRAJ24,TRAC,True,False,None,None,533,2,clonotype1,None
GAAGCAGGTAGTACCT-1,True,GAAGCAGGTAGTACCT-1_contig_1,True,505,TRA,TRAV1-2,None,TRAJ33,TRAC,True,True,CAATDSNYQLIW,TGTGCTGCGACTGATAGCAACTATCAGTTAATCTGG,2559,5,clonotype1,clonotype1_consensus_2
GAAGCAGGTAGTACCT-1,True,GAAGCAGGTAGTACCT-1_contig_2,True,521,TRB,TRBV20-1,None,TRBJ2-1,TRBC2,True,True,CSARVGSEVNEQFF,TGCAGTGCTAGAGTGGGGTCGGAAGTCAATGAGCAGTTCTTC,1256,7,clonotype1,clonotype1_consensus_1
GAAGCAGGTGTCCTCT-1,True,GAAGCAGGTGTCCTCT-1_contig_1,True,498,TRB,TRBV20-1,None,TRBJ2-1,TRBC2,True,True,CSARVGSEVNEQFF,TGCAGTGCTAGAGTGGGGTCGGAAGTCAATGAGCAGTTCTTC,1055,6,clonotype2,clonotype2_consensus_1
GAAGCAGGTGTCCTCT-1,True,GAAGCAGGTGTCCTCT-1_contig_2,True,467,TRA,TRAV10,None,TRAJ24,TRAC,True,False,None,None,726,4,clonotype2,None
GAAGCAGGTTGAGGTG-1,True,GAAGCAGGTTGAGGTG-1_contig_1,True,501,TRB,TRBV20-1,None,TRBJ1-1,TRBC1,True,True,CSANTAGSYNTEAFF,TGCAGTGCTAACACGGCAGGGAGCTATAACACTGAAGCTTTCTTT,1695,7,clonotype2207,clonotype2207_consensus_1
GAAGCAGGTTGAGGTG-1,True,GAAGCAGGTTGAGGTG-1_contig_2,True,571,TRA,TRAV8-1,None,TRAJ34,TRAC,True,True,CAVNALGTDKLIF,TGTGCCGTGAATGCGCTTGGCACCGACAAGCTCATCTTT,878,3,clonotype2207,clonotype2207_consensus_2
GAAGCAGTCAGTCCCT-1,True,GAAGCAGTCAGTCCCT-1_contig_1,True,750,TRB,TRBV5-6,None,TRBJ1-2,TRBC1,True,True,CASSSLPGGYTF,TGTGCCAGCAGCTCCCTCCCGGGTGGCTACACCTTC,980,6,clonotype55,clonotype55_consensus_1
GAAGCAGTCAGTCCCT-1,True,GAAGCAGTCAGTCCCT-1_contig_2,True,465,TRA,TRAV13-1,None,TRAJ8,TRAC,True,True,CAARWMNTGFQKLVF,TGTGCAGCAAGGTGGATGAACACAGGCTTTCAGAAACTTGTATTT,452,3,clonotype55,clonotype55_consensus_2
GAAGCAGTCGGTCCGA-1,True,GAAGCAGTCGGTCCGA-1_contig_1,True,477,TRA,TRAV4,None,TRAJ43,TRAC,True,True,CLVGENNDMRF,TGCCTCGTGGGTGAAAACAATGACATGCGCTTT,531,2,clonotype2208,clonotype2208_consensus_2
GAAGCAGTCGGTCCGA-1,True,GAAGCAGTCGGTCCGA-1_contig_2,True,504,TRB,TRBV20-1,None,TRBJ2-5,TRBC2,True,True,CSARGTAASIGPQETQYF,TGCAGTGCTAGAGGAACGGCGGCTAGCATTGGGCCCCAAGAGACCCAGTACTTC,1580,6,clonotype2208,clonotype2208_consensus_1
GAAGCAGTCGTGGTCG-1,True,GAAGCAGTCGTGGTCG-1_contig_1,True,503,TRA,TRAV1-2,None,TRAJ33,TRAC,True,True,CAATDSNYQLIW,TGTGCTGCGACTGATAGCAACTATCAGTTAATCTGG,593,2,clonotype1,clonotype1_consensus_2
GAAGCAGTCGTGGTCG-1,True,GAAGCAGTCGTGGTCG-1_contig_2,True,473,TRB,TRBV20-1,None,TRBJ2-1,TRBC2,True,True,CSARVGSEVNEQFF,TGCAGTGCTAGAGTGGGGTCGGAAGTCAATGAGCAGTTCTTC,1347,8,clonotype1,clonotype1_consensus_1
GAAGCAGTCTTGAGAC-1,True,GAAGCAGTCTTGAGAC-1_contig_1,True,521,TRB,TRBV20-1,None,TRBJ2-1,TRBC2,True,True,CSARVGSEVNEQFF,TGCAGTGCTAGAGTGGGGTCGGAAGTCAATGAGCAGTTCTTC,1685,7,clonotype2,clonotype2_consensus_1
GAATAAGAGAATCTCC-1,True,GAATAAGAGAATCTCC-1_contig_1,True,498,TRB,TRBV20-1,None,TRBJ2-1,TRBC2,True,True,CSARVGSEVNEQFF,TGCAGTGCTAGAGTGGGGTCGGAAGTCAATGAGCAGTTCTTC,779,5,clonotype2,clonotype2_consensus_1
GAATAAGAGATGTAAC-1,True,GAATAAGAGATGTAAC-1_contig_1,True,502,TRA,TRAV1-2,None,TRAJ33,TRAC,True,True,CAATDSNYQLIW,TGTGCTGCGACTGATAGCAACTATCAGTTAATCTGG,561,2,clonotype1,clonotype1_consensus_2
GAATAAGAGATGTAAC-1,True,GAATAAGAGATGTAAC-1_contig_2,True,521,TRB,TRBV20-1,None,TRBJ2-1,TRBC2,True,True,CSARVGSEVNEQFF,TGCAGTGCTAGAGTGGGGTCGGAAGTCAATGAGCAGTTCTTC,643,4,clonotype1,clonotype1_consensus_1
GAATAAGAGATGTAAC-1,True,GAATAAGAGATGTAAC-1_contig_3,True,478,TRA,TRAV10,None,TRAJ24,TRAC,True,False,None,None,1170,3,clonotype1,None
GAATAAGAGCAATATG-1,True,GAATAAGAGCAATATG-1_contig_1,True,505,TRA,TRAV1-2,None,TRAJ33,TRAC,True,True,CAATDSNYQLIW,TGTGCTGCGACTGATAGCAACTATCAGTTAATCTGG,543,2,clonotype1,clonotype1_consensus_2
GAATAAGAGCAATATG-1,True,GAATAAGAGCAATATG-1_contig_2,True,521,TRB,TRBV20-1,None,TRBJ2-1,TRBC2,True,True,CSARVGSEVNEQFF,TGCAGTGCTAGAGTGGGGTCGGAAGTCAATGAGCAGTTCTTC,1600,7,clonotype1,clonotype1_consensus_1
GAATAAGAGCAATATG-1,True,GAATAAGAGCAATATG-1_contig_3,True,456,TRA,TRAV10,None,TRAJ24,TRAC,True,False,None,None,401,1,clonotype1,None
GAATAAGAGCAATATG-1,True,GAATAAGAGCAATATG-1_contig_4,True,436,TRA,TRAV9-2,None,TRAJ9,TRAC,True,False,CALSVLI,TGTGCTCTGAGTGTCCTAATA,407,1,clonotype1,None
GAATAAGAGGATGGTC-1,True,GAATAAGAGGATGGTC-1_contig_1,True,521,TRB,TRBV20-1,None,TRBJ2-1,TRBC2,True,True,CSARVGSEVNEQFF,TGCAGTGCTAGAGTGGGGTCGGAAGTCAATGAGCAGTTCTTC,1695,6,clonotype2,clonotype2_consensus_1
GAATAAGAGGATGGTC-1,True,GAATAAGAGGATGGTC-1_contig_2,True,482,TRA,TRAV10,None,TRAJ24,TRAC,True,False,None,None,12423,3,clonotype2,None
GAATAAGAGGATGGTC-1,True,GAATAAGAGGATGGTC-1_contig_3,True,593,TRA,None,None,TRAJ32,TRAC,False,False,None,None,255,1,clonotype2,None
GAATAAGAGGATGGTC-1,True,GAATAAGAGGATGGTC-1_contig_4,True,506,TRA,TRAV1-2,None,TRAJ33,TRAC,True,False,CAATDSNYQLIW,TGTGCTGCGACTGATAGCAACTATCAGTTAATCTGG,434,1,clonotype2,None
GAATAAGAGGTAGCTG-1,True,GAATAAGAGGTAGCTG-1_contig_1,True,505,TRA,TRAV1-2,None,TRAJ33,TRAC,True,True,CAATDSNYQLIW,TGTGCTGCGACTGATAGCAACTATCAGTTAATCTGG,171,1,clonotype1,clonotype1_consensus_2
GAATAAGAGGTAGCTG-1,True,GAATAAGAGGTAGCTG-1_contig_2,True,498,TRB,TRBV20-1,None,TRBJ2-1,TRBC2,True,True,CSARVGSEVNEQFF,TGCAGTGCTAGAGTGGGGTCGGAAGTCAATGAGCAGTTCTTC,1475,7,clonotype1,clonotype1_consensus_1
GAATAAGAGGTAGCTG-1,True,GAATAAGAGGTAGCTG-1_contig_3,True,465,TRA,TRAV10,None,TRAJ24,TRAC,True,False,None,None,785,3,clonotype1,None
GAATAAGAGGTAGCTG-1,True,GAATAAGAGGTAGCTG-1_contig_4,True,624,TRA,None,None,TRAJ27,TRAC,False,False,None,None,41,1,clonotype1,None
GAATAAGAGGTGCTTT-1,True,GAATAAGAGGTGCTTT-1_contig_1,True,505,TRA,TRAV1-2,None,TRAJ33,TRAC,True,True,CAATDSNYQLIW,TGTGCTGCGACTGATAGCAACTATCAGTTAATCTGG,531,4,clonotype1,clonotype1_consensus_2
GAATAAGAGGTGCTTT-1,True,GAATAAGAGGTGCTTT-1_contig_2,True,521,TRB,TRBV20-1,None,TRBJ2-1,TRBC2,True,True,CSARVGSEVNEQFF,TGCAGTGCTAGAGTGGGGTCGGAAGTCAATGAGCAGTTCTTC,1440,7,clonotype1,clonotype1_consensus_1
GAATAAGAGGTTCCTA-1,True,GAATAAGAGGTTCCTA-1_contig_1,True,505,TRA,TRAV1-2,None,TRAJ33,TRAC,True,True,CAATDSNYQLIW,TGTGCTGCGACTGATAGCAACTATCAGTTAATCTGG,369,4,clonotype1,clonotype1_consensus_2
GAATAAGAGGTTCCTA-1,True,GAATAAGAGGTTCCTA-1_contig_2,True,473,TRB,TRBV20-1,None,TRBJ2-1,TRBC2,True,True,CSARVGSEVNEQFF,TGCAGTGCTAGAGTGGGGTCGGAAGTCAATGAGCAGTTCTTC,454,3,clonotype1,clonotype1_consensus_1
GAATAAGAGGTTCCTA-1,True,GAATAAGAGGTTCCTA-1_contig_3,True,465,TRA,TRAV10,None,TRAJ24,TRAC,True,False,None,None,615,1,clonotype1,None
GAATAAGCAAGACGTG-1,True,GAATAAGCAAGACGTG-1_contig_1,True,475,TRA,TRAV38-1,None,TRAJ39,TRAC,True,True,CAFTSNNNAGNMLTF,TGTGCTTTCACCTCCAATAATAATGCAGGCAACATGCTCACCTTT,493,2,clonotype2209,clonotype2209_consensus_2
GAATAAGCAAGACGTG-1,True,GAATAAGCAAGACGTG-1_contig_2,True,527,TRB,TRBV5-5,None,TRBJ2-7,TRBC2,True,True,CASSQLGAGLAEQYF,TGTGCCAGCAGCCAGTTGGGTGCGGGGTTGGCCGAGCAGTACTTC,2288,8,clonotype2209,clonotype2209_consensus_1
GAATAAGCAAGACGTG-1,True,GAATAAGCAAGACGTG-1_contig_3,True,559,TRA,TRAV19,None,TRAJ54,TRAC,True,False,None,None,2891,2,clonotype2209,None
GAATAAGCACAGAGGT-1,True,GAATAAGCACAGAGGT-1_contig_1,True,653,TRB,TRBV5-6,None,TRBJ2-7,TRBC2,True,True,CASSLTDYEQYF,TGTGCCAGCAGCTTGACAGACTACGAGCAGTACTTC,2469,12,clonotype2210,clonotype2210_consensus_2
GAATAAGCACAGAGGT-1,True,GAATAAGCACAGAGGT-1_contig_2,True,550,TRA,TRAV12-1,None,TRAJ23,TRAC,True,True,CVAPNQGGKLIF,TGTGTGGCCCCTAACCAGGGAGGAAAGCTTATCTTC,528,4,clonotype2210,clonotype2210_consensus_1
GAATAAGCACAGAGGT-1,True,GAATAAGCACAGAGGT-1_contig_3,True,422,TRA,TRAV13-1,None,TRAJ9,None,True,False,None,None,86,1,clonotype2210,None
GAATAAGCACAGCCCA-1,True,GAATAAGCACAGCCCA-1_contig_1,True,621,TRA,TRAV3,None,TRAJ11,TRAC,True,True,CAVRDRNSGYSTLTF,TGTGCTGTGAGAGACCGAAATTCAGGATACAGCACCCTCACCTTT,52,1,clonotype2211,clonotype2211_consensus_2
GAATAAGCACAGCCCA-1,True,GAATAAGCACAGCCCA-1_contig_2,True,484,TRB,TRBV5-5,None,TRBJ1-1,TRBC1,True,True,CASSLGGAYTEAFF,TGTGCCAGCAGCTTGGGAGGGGCTTATACTGAAGCTTTCTTT,875,4,clonotype2211,clonotype2211_consensus_1
GAATAAGCACAGCGTC-1,True,GAATAAGCACAGCGTC-1_contig_1,True,523,TRA,TRAV14/DV4,None,TRAJ49,TRAC,True,True,CAMREGLEGNQFYF,TGTGCAATGAGAGAGGGCCTCGAGGGTAACCAGTTCTATTTT,2487,1,clonotype2212,clonotype2212_consensus_2
GAATAAGCACAGCGTC-1,True,GAATAAGCACAGCGTC-1_contig_2,True,527,TRB,TRBV20-1,None,TRBJ2-5,TRBC2,True,True,CSPQRPSRLSQETQYF,TGCAGCCCCCAGAGGCCTTCCCGGCTCTCCCAAGAGACCCAGTACTTC,3046,12,clonotype2212,clonotype2212_consensus_1
GAATAAGCACCGAAAG-1,True,GAATAAGCACCGAAAG-1_contig_1,True,505,TRA,TRAV1-2,None,TRAJ33,TRAC,True,True,CAATDSNYQLIW,TGTGCTGCGACTGATAGCAACTATCAGTTAATCTGG,85,2,clonotype1,clonotype1_consensus_2
GAATAAGCACCGAAAG-1,True,GAATAAGCACCGAAAG-1_contig_2,True,498,TRB,TRBV20-1,None,TRBJ2-1,TRBC2,True,True,CSARVGSEVNEQFF,TGCAGTGCTAGAGTGGGGTCGGAAGTCAATGAGCAGTTCTTC,1101,8,clonotype1,clonotype1_consensus_1
GAATAAGCAGGATCGA-1,True,GAATAAGCAGGATCGA-1_contig_1,True,505,TRA,TRAV38-1,None,TRAJ44,TRAC,True,True,CAFFPPGTASKLTF,TGTGCTTTTTTCCCCCCCGGCACTGCCAGTAAACTCACCTTT,516,4,clonotype2213,clonotype2213_consensus_1
GAATAAGCAGGATCGA-1,True,GAATAAGCAGGATCGA-1_contig_2,True,722,TRB,TRBV5-5,None,TRBJ2-1,TRBC2,True,True,CASSRSGTGTGDEQFF,TGTGCCAGCAGCCGTTCCGGGACAGGGACCGGGGATGAGCAGTTCTTC,2360,12,clonotype2213,clonotype2213_consensus_2
GAATAAGCAGGATCGA-1,True,GAATAAGCAGGATCGA-1_contig_3,True,569,TRA,TRAV41,None,TRAJ49,TRAC,True,False,CRLHLCCQHSNTGNQFYF,TGCCGTCTACATCTGTGCTGCCAACACTCGAACACCGGTAACCAGTTCTATTTT,305,2,clonotype2213,None
GAATAAGCAGGTCGTC-1,True,GAATAAGCAGGTCGTC-1_contig_1,True,518,TRB,TRBV20-1,None,TRBJ1-5,TRBC1,True,True,CSASADSNQPQHF,TGCAGTGCGAGCGCAGATAGCAATCAGCCCCAGCATTTT,1514,5,clonotype2214,clonotype2214_consensus_2
GAATAAGCAGGTCGTC-1,True,GAATAAGCAGGTCGTC-1_contig_2,True,615,TRA,TRAV3,None,TRAJ35,TRAC,True,True,CAVRERFGNVLHC,TGTGCTGTGAGAGAACGCTTTGGGAATGTGCTGCATTGC,259,3,clonotype2214,clonotype2214_consensus_1
GAATAAGCATATACCG-1,True,GAATAAGCATATACCG-1_contig_1,True,505,TRA,TRAV1-2,None,TRAJ33,TRAC,True,True,CAATDSNYQLIW,TGTGCTGCGACTGATAGCAACTATCAGTTAATCTGG,473,2,clonotype1,clonotype1_consensus_2
GAATAAGCATATACCG-1,True,GAATAAGCATATACCG-1_contig_2,True,521,TRB,TRBV20-1,None,TRBJ2-1,TRBC2,True,True,CSARVGSEVNEQFF,TGCAGTGCTAGAGTGGGGTCGGAAGTCAATGAGCAGTTCTTC,637,5,clonotype1,clonotype1_consensus_1
GAATAAGGTAACGTTC-1,True,GAATAAGGTAACGTTC-1_contig_1,True,524,TRB,TRBV20-1,None,TRBJ2-7,TRBC2,True,True,CSARGLAGEPYEQYF,TGCAGTGCTAGAGGCCTAGCGGGGGAGCCCTACGAGCAGTACTTC,1201,10,clonotype2215,clonotype2215_consensus_3
GAATAAGGTAACGTTC-1,True,GAATAAGGTAACGTTC-1_contig_2,True,736,TRA,TRAV8-3,None,TRAJ33,TRAC,True,True,CAVGGMDSNYQLIW,TGTGCTGTGGGTGGGATGGATAGCAACTATCAGTTAATCTGG,515,3,clonotype2215,clonotype2215_consensus_1
GAATAAGGTAACGTTC-1,True,GAATAAGGTAACGTTC-1_contig_3,True,495,TRA,TRAV12-3,None,TRAJ30,TRAC,True,True,CASWGQDDKIIF,TGTGCATCTTGGGGCCAAGATGACAAGATCATCTTT,200,4,clonotype2215,clonotype2215_consensus_2
GAATAAGGTAAGTAGT-1,True,GAATAAGGTAAGTAGT-1_contig_1,True,498,TRB,TRBV20-1,None,TRBJ2-1,TRBC2,True,True,CSARVGSEVNEQFF,TGCAGTGCTAGAGTGGGGTCGGAAGTCAATGAGCAGTTCTTC,246,4,clonotype2,clonotype2_consensus_1
GAATAAGGTAATCACC-1,True,GAATAAGGTAATCACC-1_contig_1,True,505,TRA,TRAV1-2,None,TRAJ33,TRAC,True,True,CAATDSNYQLIW,TGTGCTGCGACTGATAGCAACTATCAGTTAATCTGG,1096,1,clonotype1,clonotype1_consensus_2
GAATAAGGTAATCACC-1,True,GAATAAGGTAATCACC-1_contig_2,True,498,TRB,TRBV20-1,None,TRBJ2-1,TRBC2,True,True,CSARVGSEVNEQFF,TGCAGTGCTAGAGTGGGGTCGGAAGTCAATGAGCAGTTCTTC,2482,10,clonotype1,clonotype1_consensus_1
GAATAAGGTAATCACC-1,True,GAATAAGGTAATCACC-1_contig_3,True,459,TRA,TRAV10,None,TRAJ24,TRAC,True,False,None,None,69,3,clonotype1,None
GAATAAGGTACATGTC-1,True,GAATAAGGTACATGTC-1_contig_1,True,518,TRB,TRBV20-1,None,TRBJ1-1,TRBC1,True,True,CSARDGRGTEAFF,TGCAGTGCTAGGGACGGAAGGGGCACTGAAGCTTTCTTT,1520,7,clonotype2216,clonotype2216_consensus_1
GAATAAGGTACATGTC-1,True,GAATAAGGTACATGTC-1_contig_2,True,443,TRA,TRAV21,None,TRAJ20,TRAC,True,True,CAVINDYKLSF,TGTGCTGTAATTAACGACTACAAGCTCAGCTTT,202,4,clonotype2216,clonotype2216_consensus_2
GAATAAGGTATTACCG-1,True,GAATAAGGTATTACCG-1_contig_1,True,687,TRA,TRAV8-3,None,TRAJ42,TRAC,True,True,CAVGARGGSQGNLIF,TGTGCTGTGGGTGCGAGGGGAGGAAGCCAAGGAAATCTCATCTTT,475,5,clonotype2217,clonotype2217_consensus_1
GAATAAGGTATTACCG-1,True,GAATAAGGTATTACCG-1_contig_2,True,511,TRB,TRBV5-5,None,TRBJ1-3,TRBC1,True,True,CASSLAPGPGNTIYF,TGTGCCAGCAGCTTGGCCCCAGGGCCCGGAAACACCATATATTTT,1242,6,clonotype2217,clonotype2217_consensus_2
GAATAAGGTCCATGAT-1,True,GAATAAGGTCCATGAT-1_contig_1,True,521,TRB,TRBV20-1,None,TRBJ2-1,TRBC2,True,True,CSARVGSEVNEQFF,TGCAGTGCTAGAGTGGGGTCGGAAGTCAATGAGCAGTTCTTC,1161,3,clonotype2,clonotype2_consensus_1
GAATAAGGTCCATGAT-1,True,GAATAAGGTCCATGAT-1_contig_2,True,482,TRA,TRAV10,None,TRAJ24,TRAC,True,False,None,None,629,3,clonotype2,None
GAATAAGGTTGTACAC-1,True,GAATAAGGTTGTACAC-1_contig_1,True,521,TRB,TRBV20-1,None,TRBJ2-1,TRBC2,True,True,CSARVGSEVNEQFF,TGCAGTGCTAGAGTGGGGTCGGAAGTCAATGAGCAGTTCTTC,1226,10,clonotype2,clonotype2_consensus_1
GAATAAGGTTGTACAC-1,True,GAATAAGGTTGTACAC-1_contig_2,True,482,TRA,TRAV10,None,TRAJ24,TRAC,True,False,None,None,148,1,clonotype2,None
GAATAAGGTTGTTTGG-1,True,GAATAAGGTTGTTTGG-1_contig_1,True,505,TRA,TRAV1-2,None,TRAJ33,TRAC,True,True,CAAMDSNYQLIW,TGTGCTGCCATGGATAGCAACTATCAGTTAATCTGG,148,2,clonotype337,clonotype337_consensus_2
GAATAAGGTTGTTTGG-1,True,GAATAAGGTTGTTTGG-1_contig_2,True,492,TRB,TRBV20-1,None,TRBJ2-5,TRBC2,True,True,CSARGGEGRETQYF,TGCAGTGCTAGAGGGGGTGAGGGCCGAGAGACCCAGTACTTC,881,5,clonotype337,clonotype337_consensus_1
GAATAAGTCACTCTTA-1,True,GAATAAGTCACTCTTA-1_contig_1,True,501,TRB,TRBV20-1,None,TRBJ2-7,TRBC2,True,True,CSATPGSGGSYEQYF,TGCAGTGCTACCCCGGGTAGCGGGGGATCCTACGAGCAGTACTTC,2054,16,clonotype2218,clonotype2218_consensus_2
GAATAAGTCACTCTTA-1,True,GAATAAGTCACTCTTA-1_contig_2,True,456,TRA,TRAV13-1,None,TRAJ24,TRAC,True,True,CAATPPWGKFQF,TGTGCAGCAACGCCCCCCTGGGGGAAATTCCAGTTT,415,2,clonotype2218,clonotype2218_consensus_1
GAATAAGTCATGTCCC-1,True,GAATAAGTCATGTCCC-1_contig_1,True,524,TRB,TRBV20-1,None,TRBJ2-7,TRBC2,True,True,CSARDRQRGDYEQYF,TGCAGTGCTAGAGATAGACAGCGGGGAGATTACGAGCAGTACTTC,1212,7,clonotype338,clonotype338_consensus_2
GAATAAGTCATGTCCC-1,True,GAATAAGTCATGTCCC-1_contig_2,True,529,TRA,TRAV17,None,TRAJ22,TRAC,True,True,CATGAPPRQLTF,TGTGCTACGGGAGCCCCGCCTAGACAACTGACCTTT,224,2,clonotype338,clonotype338_consensus_1
GAATAAGTCCGGCACA-1,True,GAATAAGTCCGGCACA-1_contig_1,True,505,TRA,TRAV1-2,None,TRAJ33,TRAC,True,True,CAATDSNYQLIW,TGTGCTGCGACTGATAGCAACTATCAGTTAATCTGG,158,2,clonotype1,clonotype1_consensus_2
GAATAAGTCCGGCACA-1,True,GAATAAGTCCGGCACA-1_contig_2,True,502,TRB,TRBV20-1,None,TRBJ2-1,TRBC2,True,True,CSARVGSEVNEQFF,TGCAGTGCTAGAGTGGGGTCGGAAGTCAATGAGCAGTTCTTC,1604,9,clonotype1,clonotype1_consensus_1
GAATAAGTCGCAGGCT-1,True,GAATAAGTCGCAGGCT-1_contig_1,True,505,TRA,TRAV1-2,None,TRAJ33,TRAC,True,True,CAATDSNYQLIW,TGTGCTGCGACTGATAGCAACTATCAGTTAATCTGG,405,3,clonotype1,clonotype1_consensus_2
GAATAAGTCGCAGGCT-1,True,GAATAAGTCGCAGGCT-1_contig_2,True,521,TRB,TRBV20-1,None,TRBJ2-1,TRBC2,True,True,CSARVGSEVNEQFF,TGCAGTGCTAGAGTGGGGTCGGAAGTCAATGAGCAGTTCTTC,2560,9,clonotype1,clonotype1_consensus_1
GAATAAGTCGCAGGCT-1,True,GAATAAGTCGCAGGCT-1_contig_3,True,462,TRA,TRAV10,None,TRAJ24,TRAC,True,False,None,None,172,1,clonotype1,None
GAATAAGTCGCGTAGC-1,True,GAATAAGTCGCGTAGC-1_contig_1,True,524,TRB,TRBV20-1,None,TRBJ2-1,TRBC2,True,True,CSARDQQAHYNEQFF,TGCAGTGCTAGAGATCAACAGGCCCACTACAATGAGCAGTTCTTC,570,4,clonotype2219,clonotype2219_consensus_2
GAATAAGTCGCGTAGC-1,True,GAATAAGTCGCGTAGC-1_contig_2,True,478,TRA,TRAV10,None,TRAJ47,TRAC,True,True,CVVNKEYGNKLVF,TGTGTGGTGAACAAGGAATATGGAAACAAACTGGTCTTT,606,6,clonotype2219,clonotype2219_consensus_3
GAATAAGTCGCGTAGC-1,True,GAATAAGTCGCGTAGC-1_contig_3,True,680,TRB,TRBV5-6,None,TRBJ2-5,TRBC2,True,True,CASSLFGTNYETQYF,TGTGCCAGCAGCTTGTTTGGGACAAATTATGAGACCCAGTACTTC,1011,10,clonotype2219,clonotype2219_consensus_1
GAATAAGTCTGTCTCG-1,True,GAATAAGTCTGTCTCG-1_contig_1,True,565,TRA,TRAV8-1,None,TRAJ43,TRAC,True,True,CAVEDHNDMRF,TGTGCCGTGGAGGATCACAATGACATGCGCTTT,505,3,clonotype2220,clonotype2220_consensus_2
GAATAAGTCTGTCTCG-1,True,GAATAAGTCTGTCTCG-1_contig_2,True,651,TRB,TRBV5-6,None,TRBJ2-3,TRBC2,True,True,CASSWGAGGSTDTQYF,TGTGCCAGCAGCTGGGGAGCGGGGGGTAGCACAGATACGCAGTATTTT,721,4,clonotype2220,clonotype2220_consensus_1
GAATGAAAGAAGGACA-1,True,GAATGAAAGAAGGACA-1_contig_1,True,453,TRA,TRAV9-2,None,TRAJ15,TRAC,True,True,CALSGYQAGTALIF,TGTGCTCTGAGTGGATACCAGGCAGGAACTGCTCTGATCTTT,5554,2,clonotype2221,clonotype2221_consensus_2
GAATGAAAGAAGGACA-1,True,GAATGAAAGAAGGACA-1_contig_2,True,524,TRB,TRBV20-1,None,TRBJ2-1,TRBC2,True,True,CSARDGAGERNEQFF,TGCAGTGCTAGAGATGGGGCAGGGGAGAGGAATGAGCAGTTCTTC,2798,10,clonotype2221,clonotype2221_consensus_1
GAATGAAAGAAGGACA-1,True,GAATGAAAGAAGGACA-1_contig_3,True,360,TRB,None,None,TRBJ2-7,TRBC2,False,False,None,None,849,2,clonotype2221,None
GAATGAAAGATTACCC-1,True,GAATGAAAGATTACCC-1_contig_1,True,521,TRB,TRBV20-1,None,TRBJ2-2,TRBC2,True,True,CSASRVRATGELFF,TGCAGTGCTAGTAGGGTCAGGGCAACCGGGGAGCTGTTTTTT,2107,9,clonotype2222,clonotype2222_consensus_2
GAATGAAAGATTACCC-1,True,GAATGAAAGATTACCC-1_contig_2,True,583,TRA,TRAV17,None,TRAJ43,TRAC,True,True,CATAIYNNNDMRF,TGTGCTACGGCCATCTACAATAACAATGACATGCGCTTT,859,3,clonotype2222,clonotype2222_consensus_1
GAATGAAAGATTACCC-1,True,GAATGAAAGATTACCC-1_contig_3,True,473,TRB,TRBV7-3,None,TRBJ1-6,TRBC1,True,False,CISVPAVPRTGNSPLHF,TGTATCTCTGTGCCAGCAGTGCCTAGGACTGGGAATTCACCCCTCCACTTT,458,1,clonotype2222,None
GAATGAAAGCCAGTTT-1,True,GAATGAAAGCCAGTTT-1_contig_1,True,505,TRA,TRAV1-2,None,TRAJ33,TRAC,True,True,CAATDSNYQLIW,TGTGCTGCGACTGATAGCAACTATCAGTTAATCTGG,498,2,clonotype1,clonotype1_consensus_2
GAATGAAAGCCAGTTT-1,True,GAATGAAAGCCAGTTT-1_contig_2,True,521,TRB,TRBV20-1,None,TRBJ2-1,TRBC2,True,True,CSARVGSEVNEQFF,TGCAGTGCTAGAGTGGGGTCGGAAGTCAATGAGCAGTTCTTC,2206,7,clonotype1,clonotype1_consensus_1
GAATGAAAGCCAGTTT-1,True,GAATGAAAGCCAGTTT-1_contig_3,True,482,TRA,TRAV10,None,TRAJ24,TRAC,True,False,None,None,91,2,clonotype1,None
GAATGAAAGTGTACCT-1,True,GAATGAAAGTGTACCT-1_contig_1,True,452,TRA,TRAV9-2,None,TRAJ9,TRAC,True,True,CALTFTGGFKTIF,TGTGCTCTGACATTTACTGGAGGCTTCAAAACTATCTTT,668,4,clonotype2223,clonotype2223_consensus_1
GAATGAAAGTGTACCT-1,True,GAATGAAAGTGTACCT-1_contig_2,True,511,TRB,TRBV5-5,None,TRBJ1-2,TRBC1,True,True,CASSRDRGLYGYTF,TGTGCCAGCAGCCGGGACAGGGGCCTGTATGGCTACACCTTC,2434,11,clonotype2223,clonotype2223_consensus_2
GAATGAACAATAGAGT-1,True,GAATGAACAATAGAGT-1_contig_1,True,505,TRA,TRAV1-2,None,TRAJ33,TRAC,True,True,CAATDSNYQLIW,TGTGCTGCGACTGATAGCAACTATCAGTTAATCTGG,363,3,clonotype1,clonotype1_consensus_2
GAATGAACAATAGAGT-1,True,GAATGAACAATAGAGT-1_contig_2,True,521,TRB,TRBV20-1,None,TRBJ2-1,TRBC2,True,True,CSARVGSEVNEQFF,TGCAGTGCTAGAGTGGGGTCGGAAGTCAATGAGCAGTTCTTC,687,4,clonotype1,clonotype1_consensus_1
GAATGAACAATGGAGC-1,True,GAATGAACAATGGAGC-1_contig_1,True,459,TRA,TRAV13-1,None,TRAJ30,TRAC,True,True,CAGIMNRDDKIIF,TGTGCGGGTATCATGAACAGAGATGACAAGATCATCTTT,1125,8,clonotype45,clonotype45_consensus_2
GAATGAACAATGGAGC-1,True,GAATGAACAATGGAGC-1_contig_2,True,656,TRB,TRBV5-6,None,TRBJ1-1,TRBC1,True,True,CASSFGTGNTEAFF,TGTGCCAGCAGCTTTGGGACAGGGAACACTGAAGCTTTCTTT,827,5,clonotype45,clonotype45_consensus_1
GAATGAACACCAGATT-1,True,GAATGAACACCAGATT-1_contig_1,True,505,TRA,TRAV1-2,None,TRAJ33,TRAC,True,True,CAATDSNYQLIW,TGTGCTGCGACTGATAGCAACTATCAGTTAATCTGG,333,3,clonotype1,clonotype1_consensus_2
GAATGAACACCAGATT-1,True,GAATGAACACCAGATT-1_contig_2,True,521,TRB,TRBV20-1,None,TRBJ2-1,TRBC2,True,True,CSARVGSEVNEQFF,TGCAGTGCTAGAGTGGGGTCGGAAGTCAATGAGCAGTTCTTC,2245,9,clonotype1,clonotype1_consensus_1
GAATGAACACCAGATT-1,True,GAATGAACACCAGATT-1_contig_3,True,434,TRA,TRAV10,None,TRAJ24,TRAC,True,False,None,None,205,2,clonotype1,None
GAATGAACAGCGTCCA-1,True,GAATGAACAGCGTCCA-1_contig_1,True,662,TRA,TRAV8-3,None,TRAJ57,TRAC,True,True,CAVGVRGGSEKLVF,TGTGCTGTGGGTGTAAGGGGCGGATCTGAAAAGCTGGTCTTT,496,3,clonotype2224,clonotype2224_consensus_2
GAATGAACAGCGTCCA-1,True,GAATGAACAGCGTCCA-1_contig_2,True,485,TRB,TRBV5-5,None,TRBJ1-2,TRBC1,True,True,CASSQGPGSNYGYTF,TGTGCCAGCAGCCAGGGACCCGGGTCTAACTATGGCTACACCTTC,297,3,clonotype2224,clonotype2224_consensus_1
GAATGAACAGCGTCCA-1,True,GAATGAACAGCGTCCA-1_contig_3,True,530,TRA,TRAV39,None,TRAJ42,None,True,False,CHLLLCRDGLGGSQGNLIF,TGCCACCTACTTCTGTGCCGTGATGGTTTGGGAGGAAGCCAAGGAAATCTCATCTTT,75,1,clonotype2224,None
GAATGAACAGCGTCCA-1,True,GAATGAACAGCGTCCA-1_contig_4,True,487,TRB,TRBV23-1,None,TRBJ2-4,TRBC2,True,False,None,None,721,12,clonotype2224,None
GAATGAACATATGAGA-1,True,GAATGAACATATGAGA-1_contig_1,True,502,TRA,TRAV1-2,None,TRAJ30,TRAC,True,True,CAVRDLREIIF,TGTGCTGTGAGAGATCTTCGGGAGATCATCTTT,419,4,clonotype28,clonotype28_consensus_3
GAATGAACATATGAGA-1,True,GAATGAACATATGAGA-1_contig_2,True,671,TRB,TRBV5-5,None,TRBJ1-4,TRBC1,True,True,CASSHPGPNYATNEKLFF,TGTGCCAGCAGCCATCCCGGACCGAACTACGCAACTAATGAAAAACTGTTTTTT,2448,8,clonotype28,clonotype28_consensus_1
GAATGAACATATGAGA-1,True,GAATGAACATATGAGA-1_contig_3,True,498,TRB,TRBV20-1,None,TRBJ2-1,TRBC2,True,True,CSARVGSEVNEQFF,TGCAGTGCTAGAGTGGGGTCGGAAGTCAATGAGCAGTTCTTC,2144,7,clonotype28,clonotype28_consensus_2
GAATGAACATATGAGA-1,True,GAATGAACATATGAGA-1_contig_4,True,482,TRA,TRAV10,None,TRAJ24,TRAC,True,False,None,None,2859,2,clonotype28,None
GAATGAACATATGAGA-1,True,GAATGAACATATGAGA-1_contig_5,True,374,TRB,None,None,TRBJ2-3,TRBC2,False,False,None,None,292,3,clonotype28,None
GAATGAACATCACGTA-1,True,GAATGAACATCACGTA-1_contig_1,True,499,TRB,TRBV5-6,None,TRBJ2-6,TRBC2,True,True,CASSIWLSFSGANVLTF,TGTGCCAGCAGCATCTGGCTTAGCTTCTCTGGGGCCAACGTCCTGACTTTC,558,5,clonotype2225,clonotype2225_consensus_1
GAATGAACATTCTCAT-1,True,GAATGAACATTCTCAT-1_contig_1,True,495,TRB,TRBV20-1,None,TRBJ2-1,TRBC2,True,True,CSARVGSEVNEQFF,TGCAGTGCTAGAGTGGGGTCGGAAGTCAATGAGCAGTTCTTC,2561,8,clonotype2,clonotype2_consensus_1
GAATGAACATTCTCAT-1,True,GAATGAACATTCTCAT-1_contig_2,True,462,TRA,TRAV10,None,TRAJ24,TRAC,True,False,None,None,458,2,clonotype2,None
GAATGAAGTCACAAGG-1,True,GAATGAAGTCACAAGG-1_contig_1,True,505,TRA,TRAV1-2,None,TRAJ33,TRAC,True,True,CAATDSNYQLIW,TGTGCTGCGACTGATAGCAACTATCAGTTAATCTGG,74,2,clonotype1,clonotype1_consensus_2
GAATGAAGTCACAAGG-1,True,GAATGAAGTCACAAGG-1_contig_2,True,521,TRB,TRBV20-1,None,TRBJ2-1,TRBC2,True,True,CSARVGSEVNEQFF,TGCAGTGCTAGAGTGGGGTCGGAAGTCAATGAGCAGTTCTTC,1068,3,clonotype1,clonotype1_consensus_1
GAATGAAGTCACAAGG-1,True,GAATGAAGTCACAAGG-1_contig_3,True,750,TRA,TRAV10,None,TRAJ24,TRAC,True,False,None,None,2504,1,clonotype1,None
GAATGAAGTGATGCCC-1,True,GAATGAAGTGATGCCC-1_contig_1,True,531,TRA,TRAV16,None,TRAJ10,TRAC,True,True,CALWRTGGGNKLTF,TGTGCTCTTTGGAGAACGGGAGGAGGAAACAAACTCACCTTT,147,3,clonotype2226,clonotype2226_consensus_1
GAATGAAGTGATGCCC-1,True,GAATGAAGTGATGCCC-1_contig_2,True,527,TRB,TRBV20-1,None,TRBJ2-5,TRBC2,True,True,CSARDLSGGTKGTQYF,TGCAGTGCTAGAGATCTTAGCGGGGGGACAAAGGGGACCCAGTACTTC,516,7,clonotype2226,clonotype2226_consensus_2
GAATGAAGTGGCTCCA-1,True,GAATGAAGTGGCTCCA-1_contig_1,True,512,TRB,TRBV20-1,None,TRBJ2-1,TRBC2,True,True,CSARVGSEVNEQFF,TGCAGTGCTAGAGTGGGGTCGGAAGTCAATGAGCAGTTCTTC,2302,5,clonotype2,clonotype2_consensus_1
GAATGAAGTTGGTGGA-1,True,GAATGAAGTTGGTGGA-1_contig_1,True,715,TRB,TRBV5-6,None,TRBJ2-1,TRBC2,True,True,CASSLGLLAGAYNEQFF,TGTGCCAGCAGCTTGGGCCTACTAGCGGGGGCATACAATGAGCAGTTCTTC,1724,13,clonotype2227,clonotype2227_consensus_2
GAATGAAGTTGGTGGA-1,True,GAATGAAGTTGGTGGA-1_contig_2,True,677,TRA,TRAV8-3,None,TRAJ20,TRAC,True,True,CAVGSNDYKLSF,TGTGCTGTGGGTTCTAACGACTACAAGCTCAGCTTT,479,7,clonotype2227,clonotype2227_consensus_1
GAATGAATCACAAACC-1,True,GAATGAATCACAAACC-1_contig_1,True,508,TRA,TRAV20,None,TRAJ24,TRAC,True,True,CAVMTTDSWGKFQF,TGTGCTGTTATGACAACTGACAGCTGGGGGAAATTCCAGTTT,1526,5,clonotype7,clonotype7_consensus_2
GAATGAATCACAAACC-1,True,GAATGAATCACAAACC-1_contig_2,True,498,TRB,TRBV5-5,None,TRBJ2-7,TRBC2,True,True,CASSSLVEQGAYEQYF,TGTGCCAGCAGCTCGCTCGTAGAGCAGGGGGCCTACGAGCAGTACTTC,1897,7,clonotype7,clonotype7_consensus_1
GAATGAATCACAAACC-1,True,GAATGAATCACAAACC-1_contig_3,True,400,TRB,None,None,TRBJ1-1,TRBC1,False,False,None,None,279,2,clonotype7,None
GAATGAATCCGCAGTG-1,True,GAATGAATCCGCAGTG-1_contig_1,True,491,TRB,TRBV5-5,None,TRBJ1-4,TRBC1,True,True,CASSHPGPNYATNEKLFF,TGTGCCAGCAGCCATCCCGGACCGAACTACGCAACTAATGAAAAACTGTTTTTT,663,3,clonotype4,clonotype4_consensus_1
GAATGAATCCGCAGTG-1,True,GAATGAATCCGCAGTG-1_contig_2,True,394,TRB,TRBV7-3,None,TRBJ2-1,None,True,False,CQQRSLKAGGPYNEQFF,TGCCAGCAGCGGTCACTTAAAGCGGGGGGACCCTACAATGAGCAGTTCTTC,234,1,clonotype4,None
GAATGAATCGCAAGCC-1,True,GAATGAATCGCAAGCC-1_contig_1,True,521,TRB,TRBV20-1,None,TRBJ2-2,TRBC2,True,True,CSATRGGRTGELFF,TGCAGTGCAACGCGGGGGGGCCGCACCGGGGAGCTGTTTTTT,873,8,clonotype2228,clonotype2228_consensus_1
GAATGAATCGCAAGCC-1,True,GAATGAATCGCAAGCC-1_contig_2,True,741,TRA,TRAV8-3,None,TRAJ50,TRAC,True,True,CAVGAGRTSYDKVIF,TGTGCTGTGGGTGCAGGACGGACCTCCTACGACAAGGTGATATTT,407,4,clonotype2228,clonotype2228_consensus_2
GAATGAATCGCAAGCC-1,True,GAATGAATCGCAAGCC-1_contig_3,True,381,TRB,None,None,TRBJ2-1,TRBC2,False,False,None,None,774,1,clonotype2228,None
GAATGAATCTGCTTGC-1,True,GAATGAATCTGCTTGC-1_contig_1,True,505,TRA,TRAV1-2,None,TRAJ33,TRAC,True,True,CAATDSNYQLIW,TGTGCTGCGACTGATAGCAACTATCAGTTAATCTGG,227,3,clonotype1,clonotype1_consensus_2
GAATGAATCTGCTTGC-1,True,GAATGAATCTGCTTGC-1_contig_2,True,521,TRB,TRBV20-1,None,TRBJ2-1,TRBC2,True,True,CSARVGSEVNEQFF,TGCAGTGCTAGAGTGGGGTCGGAAGTCAATGAGCAGTTCTTC,705,5,clonotype1,clonotype1_consensus_1
GACACGCAGATGTCGG-1,True,GACACGCAGATGTCGG-1_contig_1,True,524,TRB,TRBV20-1,None,TRBJ1-2,TRBC1,True,True,CSATETGASGEGYTF,TGCAGTGCTACGGAGACAGGGGCTTCGGGAGAGGGCTACACCTTC,3236,10,clonotype275,clonotype275_consensus_1
GACACGCAGCATCATC-1,True,GACACGCAGCATCATC-1_contig_1,True,547,TRA,TRAV12-2,None,TRAJ3,TRAC,True,True,CAVPLYSSASKIIF,TGTGCCGTGCCCCTGTACAGCAGTGCTTCCAAGATAATCTTT,1366,6,clonotype317,clonotype317_consensus_1
GACACGCAGCATCATC-1,True,GACACGCAGCATCATC-1_contig_2,True,485,TRB,TRBV20-1,None,TRBJ1-6,TRBC1,True,True,CSARDLSVTSPLHF,TGCAGTGCTAGAGATCTGTCGGTAACTTCGCCCCTCCACTTT,4514,11,clonotype317,clonotype317_consensus_2
GACACGCAGCTAGTCT-1,True,GACACGCAGCTAGTCT-1_contig_1,True,505,TRA,TRAV1-2,None,TRAJ33,TRAC,True,True,CAATDSNYQLIW,TGTGCTGCGACTGATAGCAACTATCAGTTAATCTGG,674,2,clonotype1,clonotype1_consensus_2
GACACGCAGCTAGTCT-1,True,GACACGCAGCTAGTCT-1_contig_2,True,492,TRB,TRBV20-1,None,TRBJ2-1,TRBC2,True,True,CSARVGSEVNEQFF,TGCAGTGCTAGAGTGGGGTCGGAAGTCAATGAGCAGTTCTTC,2200,8,clonotype1,clonotype1_consensus_1
GACACGCAGCTAGTCT-1,True,GACACGCAGCTAGTCT-1_contig_3,True,457,TRA,TRAV10,None,TRAJ24,TRAC,True,False,None,None,149,2,clonotype1,None
GACACGCAGGTGCTAG-1,True,GACACGCAGGTGCTAG-1_contig_1,True,502,TRA,TRAV1-2,None,TRAJ33,TRAC,True,True,CAATDSNYQLIW,TGTGCTGCGACTGATAGCAACTATCAGTTAATCTGG,481,2,clonotype1,clonotype1_consensus_2
GACACGCAGGTGCTAG-1,True,GACACGCAGGTGCTAG-1_contig_2,True,514,TRB,TRBV20-1,None,TRBJ2-1,TRBC2,True,True,CSARVGSEVNEQFF,TGCAGTGCTAGAGTGGGGTCGGAAGTCAATGAGCAGTTCTTC,785,5,clonotype1,clonotype1_consensus_1
GACACGCAGGTGCTAG-1,True,GACACGCAGGTGCTAG-1_contig_3,True,494,TRA,TRAV10,None,TRAJ24,TRAC,True,False,None,None,531,1,clonotype1,None
GACACGCAGTACGTAA-1,True,GACACGCAGTACGTAA-1_contig_1,True,479,TRA,TRAV4,None,TRAJ9,TRAC,True,True,CLVGDPNTGGFKTIF,TGCCTCGTGGGTGATCCTAATACTGGAGGCTTCAAAACTATCTTT,241,2,clonotype23,clonotype23_consensus_2
GACACGCAGTACGTAA-1,True,GACACGCAGTACGTAA-1_contig_2,True,521,TRB,TRBV20-1,None,TRBJ1-1,TRBC1,True,True,CSAGGRGSRTEAFF,TGCAGTGCTGGGGGGAGAGGGTCAAGGACTGAAGCTTTCTTT,996,4,clonotype23,clonotype23_consensus_1
GACACGCAGTGTGGCA-1,True,GACACGCAGTGTGGCA-1_contig_1,True,505,TRA,TRAV1-2,None,TRAJ33,TRAC,True,True,CAATDSNYQLIW,TGTGCTGCGACTGATAGCAACTATCAGTTAATCTGG,486,1,clonotype1,clonotype1_consensus_2
GACACGCAGTGTGGCA-1,True,GACACGCAGTGTGGCA-1_contig_2,True,521,TRB,TRBV20-1,None,TRBJ2-1,TRBC2,True,True,CSARVGSEVNEQFF,TGCAGTGCTAGAGTGGGGTCGGAAGTCAATGAGCAGTTCTTC,1823,6,clonotype1,clonotype1_consensus_1
GACACGCAGTGTGGCA-1,True,GACACGCAGTGTGGCA-1_contig_3,True,482,TRA,TRAV10,None,TRAJ24,TRAC,True,False,None,None,132,2,clonotype1,None
GACACGCCAAACGCGA-1,True,GACACGCCAAACGCGA-1_contig_1,True,495,TRA,TRAV1-2,None,TRAJ33,TRAC,True,True,CAATDSNYQLIW,TGTGCTGCGACTGATAGCAACTATCAGTTAATCTGG,50,2,clonotype1,clonotype1_consensus_2
GACACGCCAAACGCGA-1,True,GACACGCCAAACGCGA-1_contig_2,True,492,TRB,TRBV20-1,None,TRBJ2-1,TRBC2,True,True,CSARVGSEVNEQFF,TGCAGTGCTAGAGTGGGGTCGGAAGTCAATGAGCAGTTCTTC,1609,10,clonotype1,clonotype1_consensus_1
GACACGCCAAACGCGA-1,True,GACACGCCAAACGCGA-1_contig_3,True,465,TRA,TRAV10,None,TRAJ24,TRAC,True,False,None,None,182,2,clonotype1,None
GACACGCCAACGATCT-1,True,GACACGCCAACGATCT-1_contig_1,True,511,TRA,TRAV23/DV6,None,TRAJ27,TRAC,True,True,CAAYRNTNAGKSTF,TGTGCAGCATATCGTAACACCAATGCAGGCAAATCAACCTTT,842,3,clonotype2229,clonotype2229_consensus_2
GACACGCCAACGATCT-1,True,GACACGCCAACGATCT-1_contig_2,True,711,TRB,TRBV5-6,None,TRBJ1-5,TRBC1,True,True,CASSFTGKNQPQHF,TGTGCCAGCAGTTTTACAGGGAAGAATCAGCCCCAGCATTTT,1049,4,clonotype2229,clonotype2229_consensus_1
GACACGCCAACGATCT-1,True,GACACGCCAACGATCT-1_contig_3,True,337,TRB,None,None,TRBJ1-6,TRBC1,False,False,None,None,260,1,clonotype2229,None
GACACGCCAACGATCT-1,True,GACACGCCAACGATCT-1_contig_4,True,515,TRB,None,None,TRBJ2-5,TRBC2,False,False,None,None,614,2,clonotype2229,None
GACACGCCAACGATCT-1,True,GACACGCCAACGATCT-1_contig_5,True,491,TRB,TRBV23-1,None,TRBJ1-5,TRBC1,True,False,None,None,431,3,clonotype2229,None
GACACGCCATCCGGGT-1,True,GACACGCCATCCGGGT-1_contig_1,True,505,TRA,TRAV1-2,None,TRAJ33,TRAC,True,True,CAATDSNYQLIW,TGTGCTGCGACTGATAGCAACTATCAGTTAATCTGG,819,2,clonotype1,clonotype1_consensus_2
GACACGCCATCCGGGT-1,True,GACACGCCATCCGGGT-1_contig_2,True,498,TRB,TRBV20-1,None,TRBJ2-1,TRBC2,True,True,CSARVGSEVNEQFF,TGCAGTGCTAGAGTGGGGTCGGAAGTCAATGAGCAGTTCTTC,3934,9,clonotype1,clonotype1_consensus_1
GACACGCCATCCGGGT-1,True,GACACGCCATCCGGGT-1_contig_3,True,497,TRA,TRAV10,None,TRAJ24,TRAC,True,False,None,None,851,4,clonotype1,None
GACACGCCATCGATTG-1,True,GACACGCCATCGATTG-1_contig_1,True,505,TRA,TRAV1-2,None,TRAJ33,TRAC,True,True,CAATDSNYQLIW,TGTGCTGCGACTGATAGCAACTATCAGTTAATCTGG,384,4,clonotype1,clonotype1_consensus_2
GACACGCCATCGATTG-1,True,GACACGCCATCGATTG-1_contig_2,True,521,TRB,TRBV20-1,None,TRBJ2-1,TRBC2,True,True,CSARVGSEVNEQFF,TGCAGTGCTAGAGTGGGGTCGGAAGTCAATGAGCAGTTCTTC,4144,15,clonotype1,clonotype1_consensus_1
GACACGCCATTCCTCG-1,True,GACACGCCATTCCTCG-1_contig_1,True,479,TRB,TRBV20-1,None,TRBJ2-7,TRBC2,True,True,CSARETRTSGGYEQYF,TGCAGTGCTAGAGAAACAAGGACTAGCGGGGGGTACGAGCAGTACTTC,511,6,clonotype70,clonotype70_consensus_1
GACACGCGTACAGCAG-1,True,GACACGCGTACAGCAG-1_contig_1,True,498,TRB,TRBV20-1,None,TRBJ2-1,TRBC2,True,True,CSARVGSEVNEQFF,TGCAGTGCTAGAGTGGGGTCGGAAGTCAATGAGCAGTTCTTC,2245,9,clonotype2,clonotype2_consensus_1
GACACGCGTCTAGTGT-1,True,GACACGCGTCTAGTGT-1_contig_1,True,505,TRA,TRAV1-2,None,TRAJ33,TRAC,True,True,CAATDSNYQLIW,TGTGCTGCGACTGATAGCAACTATCAGTTAATCTGG,238,5,clonotype1,clonotype1_consensus_2
GACACGCGTCTAGTGT-1,True,GACACGCGTCTAGTGT-1_contig_2,True,505,TRB,TRBV20-1,None,TRBJ2-1,TRBC2,True,True,CSARVGSEVNEQFF,TGCAGTGCTAGAGTGGGGTCGGAAGTCAATGAGCAGTTCTTC,2433,10,clonotype1,clonotype1_consensus_1
GACACGCGTCTGCGGT-1,True,GACACGCGTCTGCGGT-1_contig_1,True,518,TRB,TRBV20-1,None,TRBJ2-1,TRBC2,True,True,CSARVGSEVNEQFF,TGCAGTGCTAGAGTGGGGTCGGAAGTCAATGAGCAGTTCTTC,1866,7,clonotype2,clonotype2_consensus_1
GACACGCGTGGTGTAG-1,True,GACACGCGTGGTGTAG-1_contig_1,True,489,TRB,TRBV20-1,None,TRBJ2-1,TRBC2,True,True,CSARVGSEVNEQFF,TGCAGTGCTAGAGTGGGGTCGGAAGTCAATGAGCAGTTCTTC,202,2,clonotype2,clonotype2_consensus_1
GACACGCGTTGTGGCC-1,True,GACACGCGTTGTGGCC-1_contig_1,True,561,TRA,TRAV21,None,TRAJ49,TRAC,True,True,CAVSSTNTGNQFYF,TGTGCTGTGAGCTCAACGAACACCGGTAACCAGTTCTATTTT,2065,7,clonotype2230,clonotype2230_consensus_2
GACACGCGTTGTGGCC-1,True,GACACGCGTTGTGGCC-1_contig_2,True,682,TRB,TRBV5-6,None,TRBJ1-2,TRBC1,True,True,CASSLRGTGGAGYGYTF,TGTGCCAGCAGCTTGCGGGGTACAGGGGGCGCGGGCTATGGCTACACCTTC,2303,9,clonotype2230,clonotype2230_consensus_1
GACACGCTCAGAAATG-1,True,GACACGCTCAGAAATG-1_contig_1,True,461,TRA,TRAV35,None,TRAJ40,TRAC,True,True,CAGRPDSGTYKYIF,TGTGCTGGTCGCCCGGACTCAGGAACCTACAAATACATCTTT,156,1,clonotype10,clonotype10_consensus_2
GACACGCTCAGAAATG-1,True,GACACGCTCAGAAATG-1_contig_2,True,509,TRB,TRBV20-1,None,TRBJ1-2,TRBC1,True,True,CSARDQTGVNYGYTF,TGCAGTGCTAGAGACCAGACAGGGGTTAACTATGGCTACACCTTC,1287,6,clonotype10,clonotype10_consensus_1
GACACGCTCAGAAATG-1,True,GACACGCTCAGAAATG-1_contig_3,True,492,TRA,TRAV16,None,TRAJ20,TRAC,True,False,None,None,1539,7,clonotype10,None
GACACGCTCAGCGATT-1,True,GACACGCTCAGCGATT-1_contig_1,True,505,TRA,TRAV1-2,None,TRAJ33,TRAC,True,True,CAATDSNYQLIW,TGTGCTGCGACTGATAGCAACTATCAGTTAATCTGG,1308,2,clonotype1,clonotype1_consensus_2
GACACGCTCAGCGATT-1,True,GACACGCTCAGCGATT-1_contig_2,True,498,TRB,TRBV20-1,None,TRBJ2-1,TRBC2,True,True,CSARVGSEVNEQFF,TGCAGTGCTAGAGTGGGGTCGGAAGTCAATGAGCAGTTCTTC,1809,11,clonotype1,clonotype1_consensus_1
GACACGCTCCTTTCTC-1,True,GACACGCTCCTTTCTC-1_contig_1,True,662,TRB,TRBV5-6,None,TRBJ2-3,TRBC2,True,True,CASSPPGLSTDTQYF,TGTGCCAGCAGCCCTCCGGGACTTAGCACAGATACGCAGTATTTT,2833,10,clonotype2231,clonotype2231_consensus_1
GACACGCTCTACTCAT-1,True,GACACGCTCTACTCAT-1_contig_1,True,524,TRB,TRBV20-1,None,TRBJ2-1,TRBC2,True,True,CSAPPRPGQGSEQFF,TGCAGTGCCCCGCCTAGACCCGGACAGGGCAGTGAGCAGTTCTTC,7049,20,clonotype2232,clonotype2232_consensus_2
GACACGCTCTACTCAT-1,True,GACACGCTCTACTCAT-1_contig_2,True,621,TRA,TRAV3,None,TRAJ10,TRAC,True,True,CAVRDIGGGGNKLTF,TGTGCTGTGAGAGACATAGGGGGAGGAGGAAACAAACTCACCTTT,1750,12,clonotype2232,clonotype2232_consensus_1
GACACGCTCTTTACAC-1,True,GACACGCTCTTTACAC-1_contig_1,True,505,TRA,TRAV1-2,None,TRAJ33,TRAC,True,True,CAATDSNYQLIW,TGTGCTGCGACTGATAGCAACTATCAGTTAATCTGG,1949,6,clonotype1,clonotype1_consensus_2
GACACGCTCTTTACAC-1,True,GACACGCTCTTTACAC-1_contig_2,True,521,TRB,TRBV20-1,None,TRBJ2-1,TRBC2,True,True,CSARVGSEVNEQFF,TGCAGTGCTAGAGTGGGGTCGGAAGTCAATGAGCAGTTCTTC,3365,11,clonotype1,clonotype1_consensus_1
GACAGAGAGCGTAGTG-1,True,GACAGAGAGCGTAGTG-1_contig_1,True,521,TRB,TRBV20-1,None,TRBJ2-1,TRBC2,True,True,CSARVGSEVNEQFF,TGCAGTGCTAGAGTGGGGTCGGAAGTCAATGAGCAGTTCTTC,1464,8,clonotype2,clonotype2_consensus_1
GACAGAGAGTTTAGGA-1,True,GACAGAGAGTTTAGGA-1_contig_1,True,505,TRA,TRAV1-2,None,TRAJ33,TRAC,True,True,CAATDSNYQLIW,TGTGCTGCGACTGATAGCAACTATCAGTTAATCTGG,878,4,clonotype1,clonotype1_consensus_2
GACAGAGAGTTTAGGA-1,True,GACAGAGAGTTTAGGA-1_contig_2,True,514,TRB,TRBV20-1,None,TRBJ2-1,TRBC2,True,True,CSARVGSEVNEQFF,TGCAGTGCTAGAGTGGGGTCGGAAGTCAATGAGCAGTTCTTC,1982,8,clonotype1,clonotype1_consensus_1
GACAGAGAGTTTAGGA-1,True,GACAGAGAGTTTAGGA-1_contig_3,True,482,TRA,TRAV10,None,TRAJ24,TRAC,True,False,None,None,162,4,clonotype1,None
GACAGAGCAATGGAAT-1,True,GACAGAGCAATGGAAT-1_contig_1,True,532,TRA,TRAV16,None,TRAJ29,TRAC,True,True,CALSGISGNTPLVF,TGTGCTCTAAGTGGAATTTCAGGAAACACACCTCTTGTCTTT,428,2,clonotype2233,clonotype2233_consensus_2
GACAGAGCAATGGAAT-1,True,GACAGAGCAATGGAAT-1_contig_2,True,661,TRB,TRBV5-6,None,TRBJ2-1,TRBC2,True,True,CASSPLLSGVDNEQFF,TGTGCCAGCAGCCCCCTGCTGAGCGGGGTTGACAATGAGCAGTTCTTC,1001,6,clonotype2233,clonotype2233_consensus_1
GACAGAGCACCATGTA-1,True,GACAGAGCACCATGTA-1_contig_1,True,502,TRA,TRAV1-2,None,TRAJ30,TRAC,True,True,CAVRDLREIIF,TGTGCTGTGAGAGATCTTCGGGAGATCATCTTT,434,2,clonotype3,clonotype3_consensus_2
GACAGAGCACCATGTA-1,True,GACAGAGCACCATGTA-1_contig_2,True,668,TRB,TRBV5-5,None,TRBJ1-4,TRBC1,True,True,CASSHPGPNYATNEKLFF,TGTGCCAGCAGCCATCCCGGACCGAACTACGCAACTAATGAAAAACTGTTTTTT,2784,6,clonotype3,clonotype3_consensus_1
GACAGAGCACGGTGTC-1,True,GACAGAGCACGGTGTC-1_contig_1,True,505,TRA,TRAV1-2,None,TRAJ33,TRAC,True,True,CAATDSNYQLIW,TGTGCTGCGACTGATAGCAACTATCAGTTAATCTGG,312,5,clonotype1,clonotype1_consensus_2
GACAGAGCACGGTGTC-1,True,GACAGAGCACGGTGTC-1_contig_2,True,498,TRB,TRBV20-1,None,TRBJ2-1,TRBC2,True,True,CSARVGSEVNEQFF,TGCAGTGCTAGAGTGGGGTCGGAAGTCAATGAGCAGTTCTTC,702,3,clonotype1,clonotype1_consensus_1
GACAGAGCAGGCTGAA-1,True,GACAGAGCAGGCTGAA-1_contig_1,True,459,TRA,TRAV13-1,None,TRAJ45,TRAC,True,True,CAARGGGADGLTF,TGTGCAGCAAGGGGAGGAGGTGCTGACGGACTCACCTTT,1242,7,clonotype110,clonotype110_consensus_2
GACAGAGCAGGCTGAA-1,True,GACAGAGCAGGCTGAA-1_contig_2,True,489,TRB,TRBV20-1,None,TRBJ1-1,TRBC1,True,True,CRALQGGEAFF,TGCAGGGCTCTACAGGGCGGTGAAGCTTTCTTT,3510,10,clonotype110,clonotype110_consensus_1
GACAGAGCAGGCTGAA-1,True,GACAGAGCAGGCTGAA-1_contig_3,True,512,TRB,TRBV3-1,None,TRBJ2-7,TRBC2,True,False,CISVPAATADGGGIGASYEQYF,TGTATTTCTGTGCCAGCAGCCACCGCTGACGGGGGGGGGATAGGCGCGAGCTACGAGCAGTACTTC,865,1,clonotype110,None
GACAGAGCATAGACTC-1,True,GACAGAGCATAGACTC-1_contig_1,True,505,TRA,TRAV1-2,None,TRAJ33,TRAC,True,True,CAATDSNYQLIW,TGTGCTGCGACTGATAGCAACTATCAGTTAATCTGG,165,3,clonotype1,clonotype1_consensus_2
GACAGAGCATAGACTC-1,True,GACAGAGCATAGACTC-1_contig_2,True,521,TRB,TRBV20-1,None,TRBJ2-1,TRBC2,True,True,CSARVGSEVNEQFF,TGCAGTGCTAGAGTGGGGTCGGAAGTCAATGAGCAGTTCTTC,1025,7,clonotype1,clonotype1_consensus_1
GACAGAGCATATGGTC-1,True,GACAGAGCATATGGTC-1_contig_1,True,505,TRA,TRAV1-2,None,TRAJ33,TRAC,True,True,CAATDSNYQLIW,TGTGCTGCGACTGATAGCAACTATCAGTTAATCTGG,527,2,clonotype1,clonotype1_consensus_2
GACAGAGCATATGGTC-1,True,GACAGAGCATATGGTC-1_contig_2,True,521,TRB,TRBV20-1,None,TRBJ2-1,TRBC2,True,True,CSARVGSEVNEQFF,TGCAGTGCTAGAGTGGGGTCGGAAGTCAATGAGCAGTTCTTC,721,3,clonotype1,clonotype1_consensus_1
GACAGAGCATATGGTC-1,True,GACAGAGCATATGGTC-1_contig_3,True,465,TRA,TRAV10,None,TRAJ24,TRAC,True,False,None,None,752,3,clonotype1,None
GACAGAGGTAGCTCCG-1,True,GACAGAGGTAGCTCCG-1_contig_1,True,550,TRA,TRAV12-2,None,TRAJ5,TRAC,True,True,CAVAVGDTGRRALTF,TGTGCCGTGGCAGTAGGGGACACGGGCAGGAGAGCACTTACTTTT,144,2,clonotype2234,clonotype2234_consensus_1
GACAGAGGTAGTAGTA-1,True,GACAGAGGTAGTAGTA-1_contig_1,True,616,TRA,TRAV8-6,None,TRAJ18,TRAC,True,True,CAVREDRGSTLGRLYF,TGTGCTGTGAGAGAAGACAGAGGCTCAACCCTGGGGAGGCTATACTTT,67,2,clonotype104,clonotype104_consensus_1
GACAGAGGTAGTAGTA-1,True,GACAGAGGTAGTAGTA-1_contig_2,True,663,TRB,TRBV5-6,None,TRBJ2-2,TRBC2,True,True,CASSSWTGGTGELFF,TGTGCCAGCAGCTCGTGGACAGGGGGCACCGGGGAGCTGTTTTTT,1755,15,clonotype104,clonotype104_consensus_2
GACAGAGGTCTGGAGA-1,True,GACAGAGGTCTGGAGA-1_contig_1,True,413,TRA,TRAV1-2,None,TRAJ33,None,True,True,CAATDSNYQLIW,TGTGCTGCGACTGATAGCAACTATCAGTTAATCTGG,28,2,clonotype1,clonotype1_consensus_2
GACAGAGGTCTGGAGA-1,True,GACAGAGGTCTGGAGA-1_contig_2,True,498,TRB,TRBV20-1,None,TRBJ2-1,TRBC2,True,True,CSARVGSEVNEQFF,TGCAGTGCTAGAGTGGGGTCGGAAGTCAATGAGCAGTTCTTC,1660,7,clonotype1,clonotype1_consensus_1
GACAGAGGTGAAGGCT-1,True,GACAGAGGTGAAGGCT-1_contig_1,True,487,TRA,TRAV1-2,None,TRAJ33,TRAC,True,True,CAATDSNYQLIW,TGTGCTGCGACTGATAGCAACTATCAGTTAATCTGG,116,1,clonotype1,clonotype1_consensus_2
GACAGAGGTGAAGGCT-1,True,GACAGAGGTGAAGGCT-1_contig_2,True,518,TRB,TRBV20-1,None,TRBJ2-1,TRBC2,True,True,CSARVGSEVNEQFF,TGCAGTGCTAGAGTGGGGTCGGAAGTCAATGAGCAGTTCTTC,2181,7,clonotype1,clonotype1_consensus_1
GACAGAGGTGAAGGCT-1,True,GACAGAGGTGAAGGCT-1_contig_3,True,482,TRA,TRAV10,None,TRAJ24,TRAC,True,False,None,None,263,3,clonotype1,None
GACAGAGGTTGTCTTT-1,True,GACAGAGGTTGTCTTT-1_contig_1,True,498,TRB,TRBV20-1,None,TRBJ2-1,TRBC2,True,True,CSARVGSEVNEQFF,TGCAGTGCTAGAGTGGGGTCGGAAGTCAATGAGCAGTTCTTC,1470,6,clonotype2,clonotype2_consensus_1
GACAGAGGTTGTCTTT-1,True,GACAGAGGTTGTCTTT-1_contig_2,True,482,TRA,TRAV10,None,TRAJ24,TRAC,True,False,None,None,364,2,clonotype2,None
GACAGAGTCAGCTTAG-1,True,GACAGAGTCAGCTTAG-1_contig_1,True,505,TRA,TRAV1-2,None,TRAJ33,TRAC,True,True,CAATDSNYQLIW,TGTGCTGCGACTGATAGCAACTATCAGTTAATCTGG,190,3,clonotype1,clonotype1_consensus_2
GACAGAGTCAGCTTAG-1,True,GACAGAGTCAGCTTAG-1_contig_2,True,521,TRB,TRBV20-1,None,TRBJ2-1,TRBC2,True,True,CSARVGSEVNEQFF,TGCAGTGCTAGAGTGGGGTCGGAAGTCAATGAGCAGTTCTTC,2062,10,clonotype1,clonotype1_consensus_1
GACAGAGTCCGTTGTC-1,True,GACAGAGTCCGTTGTC-1_contig_1,True,505,TRA,TRAV1-2,None,TRAJ33,TRAC,True,True,CAATDSNYQLIW,TGTGCTGCGACTGATAGCAACTATCAGTTAATCTGG,320,4,clonotype1,clonotype1_consensus_2
GACAGAGTCCGTTGTC-1,True,GACAGAGTCCGTTGTC-1_contig_2,True,473,TRB,TRBV20-1,None,TRBJ2-1,TRBC2,True,True,CSARVGSEVNEQFF,TGCAGTGCTAGAGTGGGGTCGGAAGTCAATGAGCAGTTCTTC,170,3,clonotype1,clonotype1_consensus_1
GACAGAGTCGCTAGCG-1,True,GACAGAGTCGCTAGCG-1_contig_1,True,515,TRB,TRBV20-1,None,TRBJ1-5,TRBC1,True,True,CSATREVQPQHF,TGCAGTGCTACCCGGGAGGTTCAGCCCCAGCATTTT,3273,15,clonotype2235,clonotype2235_consensus_1
GACAGAGTCGCTAGCG-1,True,GACAGAGTCGCTAGCG-1_contig_2,True,456,TRA,TRAV10,None,TRAJ15,TRAC,True,True,CRGAGTALIF,TGCCGAGGGGCAGGAACTGCTCTGATCTTT,788,9,clonotype2235,clonotype2235_consensus_2
GACAGAGTCGCTAGCG-1,True,GACAGAGTCGCTAGCG-1_contig_3,True,366,TRB,None,None,TRBJ2-3,TRBC2,False,False,None,None,173,2,clonotype2235,None
GACAGAGTCGGTCTAA-1,True,GACAGAGTCGGTCTAA-1_contig_1,True,498,TRB,TRBV20-1,None,TRBJ2-1,TRBC2,True,True,CSARVGSEVNEQFF,TGCAGTGCTAGAGTGGGGTCGGAAGTCAATGAGCAGTTCTTC,1894,5,clonotype2,clonotype2_consensus_1
GACCAATAGACCCACC-1,True,GACCAATAGACCCACC-1_contig_1,True,505,TRA,TRAV1-2,None,TRAJ33,TRAC,True,True,CAATDSNYQLIW,TGTGCTGCGACTGATAGCAACTATCAGTTAATCTGG,1279,4,clonotype1,clonotype1_consensus_2
GACCAATAGACCCACC-1,True,GACCAATAGACCCACC-1_contig_2,True,498,TRB,TRBV20-1,None,TRBJ2-1,TRBC2,True,True,CSARVGSEVNEQFF,TGCAGTGCTAGAGTGGGGTCGGAAGTCAATGAGCAGTTCTTC,708,8,clonotype1,clonotype1_consensus_1
GACCAATAGACTGGGT-1,True,GACCAATAGACTGGGT-1_contig_1,True,498,TRB,TRBV20-1,None,TRBJ2-1,TRBC2,True,True,CSARVGSEVNEQFF,TGCAGTGCTAGAGTGGGGTCGGAAGTCAATGAGCAGTTCTTC,2057,8,clonotype2,clonotype2_consensus_1
GACCAATAGACTGGGT-1,True,GACCAATAGACTGGGT-1_contig_2,True,460,TRA,TRAV10,None,TRAJ24,TRAC,True,False,None,None,366,1,clonotype2,None
GACCAATAGAGTTGGC-1,True,GACCAATAGAGTTGGC-1_contig_1,True,524,TRB,TRBV20-1,None,TRBJ2-5,TRBC2,True,True,CSATVPRGRMETQYF,TGCAGTGCTACTGTACCTAGGGGGCGCATGGAGACCCAGTACTTC,3289,12,clonotype2236,clonotype2236_consensus_1
GACCAATAGAGTTGGC-1,True,GACCAATAGAGTTGGC-1_contig_2,True,504,TRA,TRAV12-3,None,TRAJ4,TRAC,True,True,CAMSAGTGGYNKLIF,TGTGCAATGAGCGCGGGGACTGGTGGCTACAATAAGCTGATTTTT,1349,4,clonotype2236,clonotype2236_consensus_2
GACCAATAGATGCCAG-1,True,GACCAATAGATGCCAG-1_contig_1,True,505,TRA,TRAV1-2,None,TRAJ33,TRAC,True,True,CAATDSNYQLIW,TGTGCTGCGACTGATAGCAACTATCAGTTAATCTGG,1098,5,clonotype1,clonotype1_consensus_2
GACCAATAGATGCCAG-1,True,GACCAATAGATGCCAG-1_contig_2,True,498,TRB,TRBV20-1,None,TRBJ2-1,TRBC2,True,True,CSARVGSEVNEQFF,TGCAGTGCTAGAGTGGGGTCGGAAGTCAATGAGCAGTTCTTC,2519,8,clonotype1,clonotype1_consensus_1
GACCAATAGCCCTAAT-1,True,GACCAATAGCCCTAAT-1_contig_1,True,579,TRA,TRAV8-4,None,TRAJ48,TRAC,True,True,CAVRGRGFNFGNEKLTF,TGTGCTGTGAGGGGGAGGGGGTTTAACTTTGGAAATGAGAAATTAACCTTT,155,1,clonotype2237,clonotype2237_consensus_1
GACCAATAGCCCTAAT-1,True,GACCAATAGCCCTAAT-1_contig_2,True,498,TRB,TRBV20-1,None,TRBJ1-1,TRBC1,True,True,CSAPEGYLNTEAFF,TGCAGTGCCCCAGAGGGGTACCTCAACACTGAAGCTTTCTTT,1192,4,clonotype2237,clonotype2237_consensus_2
GACCAATAGCCCTAAT-1,True,GACCAATAGCCCTAAT-1_contig_3,True,374,TRB,None,None,TRBJ2-4,TRBC2,False,False,None,None,109,1,clonotype2237,None
GACCAATAGGTGTTAA-1,True,GACCAATAGGTGTTAA-1_contig_1,True,505,TRA,TRAV1-2,None,TRAJ33,TRAC,True,True,CAATDSNYQLIW,TGTGCTGCGACTGATAGCAACTATCAGTTAATCTGG,674,3,clonotype1,clonotype1_consensus_2
GACCAATAGGTGTTAA-1,True,GACCAATAGGTGTTAA-1_contig_2,True,521,TRB,TRBV20-1,None,TRBJ2-1,TRBC2,True,True,CSARVGSEVNEQFF,TGCAGTGCTAGAGTGGGGTCGGAAGTCAATGAGCAGTTCTTC,3386,10,clonotype1,clonotype1_consensus_1
GACCAATAGGTGTTAA-1,True,GACCAATAGGTGTTAA-1_contig_3,True,482,TRA,TRAV10,None,TRAJ24,TRAC,True,False,None,None,203,4,clonotype1,None
GACCAATCAAGTTGTC-1,True,GACCAATCAAGTTGTC-1_contig_1,True,505,TRA,TRAV1-2,None,TRAJ33,TRAC,True,True,CAATDSNYQLIW,TGTGCTGCGACTGATAGCAACTATCAGTTAATCTGG,2108,9,clonotype1,clonotype1_consensus_2
GACCAATCAAGTTGTC-1,True,GACCAATCAAGTTGTC-1_contig_2,True,508,TRB,TRBV20-1,None,TRBJ2-1,TRBC2,True,True,CSARVGSEVNEQFF,TGCAGTGCTAGAGTGGGGTCGGAAGTCAATGAGCAGTTCTTC,2809,10,clonotype1,clonotype1_consensus_1
GACCAATCAGATCCAT-1,True,GACCAATCAGATCCAT-1_contig_1,True,505,TRB,TRBV20-1,None,TRBJ1-1,TRBC1,True,True,CSAKRLNTEAFF,TGCAGTGCTAAAAGGCTGAACACTGAAGCTTTCTTT,1317,6,clonotype2238,clonotype2238_consensus_1
GACCAATCAGATCCAT-1,True,GACCAATCAGATCCAT-1_contig_2,True,485,TRA,TRAV12-3,None,TRAJ7,TRAC,True,True,CAMSARGNNRLAF,TGTGCAATGAGCGCTCGTGGGAACAACAGACTCGCTTTT,269,4,clonotype2238,clonotype2238_consensus_2
GACCAATCAGCTCCGA-1,True,GACCAATCAGCTCCGA-1_contig_1,True,508,TRA,TRAV20,None,TRAJ24,TRAC,True,True,CAVMTTDSWGKFQF,TGTGCTGTTATGACAACTGACAGCTGGGGGAAATTCCAGTTT,1923,9,clonotype7,clonotype7_consensus_2
GACCAATCAGCTCCGA-1,True,GACCAATCAGCTCCGA-1_contig_2,True,490,TRB,TRBV5-5,None,TRBJ2-7,TRBC2,True,True,CASSSLVEQGAYEQYF,TGTGCCAGCAGCTCGCTCGTAGAGCAGGGGGCCTACGAGCAGTACTTC,1641,3,clonotype7,clonotype7_consensus_1
GACCAATCATGTTCCC-1,True,GACCAATCATGTTCCC-1_contig_1,True,557,TRA,TRAV12-1,None,TRAJ8,TRAC,True,True,CVIQKDTGFQKLVF,TGTGTGATACAGAAGGACACAGGCTTTCAGAAACTTGTATTT,2206,10,clonotype2239,clonotype2239_consensus_2
GACCAATCATGTTCCC-1,True,GACCAATCATGTTCCC-1_contig_2,True,509,TRB,TRBV20-1,None,TRBJ1-2,TRBC1,True,True,CSAPRQGPYGYTF,TGCAGTGCTCCGAGACAGGGACCCTATGGCTACACCTTC,59,1,clonotype2239,clonotype2239_consensus_3
GACCAATCATGTTCCC-1,True,GACCAATCATGTTCCC-1_contig_3,True,509,TRB,TRBV20-1,None,TRBJ1-2,TRBC1,True,True,CSAPRQGLYGYTF,TGCAGTGCTCCGAGACAGGGACTCTATGGCTACACCTTC,43,3,clonotype2239,clonotype2239_consensus_1
GACCAATGTCAAACTC-1,True,GACCAATGTCAAACTC-1_contig_1,True,508,TRA,TRAV20,None,TRAJ24,TRAC,True,True,CAVMTTDSWGKFQF,TGTGCTGTTATGACAACTGACAGCTGGGGGAAATTCCAGTTT,699,2,clonotype7,clonotype7_consensus_2
GACCAATGTCAAACTC-1,True,GACCAATGTCAAACTC-1_contig_2,True,693,TRB,TRBV5-5,None,TRBJ2-7,TRBC2,True,True,CASSSLVEQGAYEQYF,TGTGCCAGCAGCTCGCTCGTAGAGCAGGGGGCCTACGAGCAGTACTTC,1716,7,clonotype7,clonotype7_consensus_1
GACCAATGTCCCGACA-1,True,GACCAATGTCCCGACA-1_contig_1,True,505,TRA,TRAV1-2,None,TRAJ33,TRAC,True,True,CAATDSNYQLIW,TGTGCTGCGACTGATAGCAACTATCAGTTAATCTGG,3692,2,clonotype1,clonotype1_consensus_2
GACCAATGTCCCGACA-1,True,GACCAATGTCCCGACA-1_contig_2,True,498,TRB,TRBV20-1,None,TRBJ2-1,TRBC2,True,True,CSARVGSEVNEQFF,TGCAGTGCTAGAGTGGGGTCGGAAGTCAATGAGCAGTTCTTC,992,6,clonotype1,clonotype1_consensus_1
GACCAATGTCGCCATG-1,True,GACCAATGTCGCCATG-1_contig_1,True,658,TRB,TRBV5-6,None,TRBJ1-4,TRBC1,True,True,CASSRTGTTNEKLFF,TGTGCCAGCAGTCGAACGGGGACAACTAATGAAAAACTGTTTTTT,565,7,clonotype2240,clonotype2240_consensus_1
GACCAATTCAACCAAC-1,True,GACCAATTCAACCAAC-1_contig_1,True,505,TRA,TRAV1-2,None,TRAJ33,TRAC,True,True,CAATDSNYQLIW,TGTGCTGCGACTGATAGCAACTATCAGTTAATCTGG,353,4,clonotype1,clonotype1_consensus_2
GACCAATTCAACCAAC-1,True,GACCAATTCAACCAAC-1_contig_2,True,521,TRB,TRBV20-1,None,TRBJ2-1,TRBC2,True,True,CSARVGSEVNEQFF,TGCAGTGCTAGAGTGGGGTCGGAAGTCAATGAGCAGTTCTTC,1612,10,clonotype1,clonotype1_consensus_1
GACCAATTCAACGAAA-1,True,GACCAATTCAACGAAA-1_contig_1,True,521,TRB,TRBV20-1,None,TRBJ1-5,TRBC1,True,True,CSATSGHGNQPQHF,TGCAGTGCCACATCGGGGCATGGTAATCAGCCCCAGCATTTT,571,4,clonotype2241,clonotype2241_consensus_1
GACCAATTCAACGAAA-1,True,GACCAATTCAACGAAA-1_contig_2,True,632,TRA,TRAV12-1,None,TRAJ5,TRAC,True,True,CVGADTGRRALTF,TGTGTGGGGGCGGACACGGGCAGGAGAGCACTTACTTTT,1511,2,clonotype2241,clonotype2241_consensus_2
GACCAATTCACCTTAT-1,True,GACCAATTCACCTTAT-1_contig_1,True,505,TRA,TRAV1-2,None,TRAJ33,TRAC,True,True,CAATDSNYQLIW,TGTGCTGCGACTGATAGCAACTATCAGTTAATCTGG,297,6,clonotype1,clonotype1_consensus_2
GACCAATTCACCTTAT-1,True,GACCAATTCACCTTAT-1_contig_2,True,521,TRB,TRBV20-1,None,TRBJ2-1,TRBC2,True,True,CSARVGSEVNEQFF,TGCAGTGCTAGAGTGGGGTCGGAAGTCAATGAGCAGTTCTTC,3731,7,clonotype1,clonotype1_consensus_1
GACCAATTCAGCTTAG-1,True,GACCAATTCAGCTTAG-1_contig_1,True,519,TRB,TRBV20-1,None,TRBJ2-1,TRBC2,True,True,CSARVGSEVNEQFF,TGCAGTGCTAGAGTGGGGTCGGAAGTCAATGAGCAGTTCTTC,178,6,clonotype2,clonotype2_consensus_1
GACCAATTCCCTTGCA-1,True,GACCAATTCCCTTGCA-1_contig_1,True,505,TRA,TRAV1-2,None,TRAJ33,TRAC,True,True,CAATDSNYQLIW,TGTGCTGCGACTGATAGCAACTATCAGTTAATCTGG,1446,6,clonotype1,clonotype1_consensus_2
GACCAATTCCCTTGCA-1,True,GACCAATTCCCTTGCA-1_contig_2,True,521,TRB,TRBV20-1,None,TRBJ2-1,TRBC2,True,True,CSARVGSEVNEQFF,TGCAGTGCTAGAGTGGGGTCGGAAGTCAATGAGCAGTTCTTC,2023,8,clonotype1,clonotype1_consensus_1
GACCAATTCTCAAGTG-1,True,GACCAATTCTCAAGTG-1_contig_1,True,518,TRB,TRBV20-1,None,TRBJ2-1,TRBC2,True,True,CSARVGSEVNEQFF,TGCAGTGCTAGAGTGGGGTCGGAAGTCAATGAGCAGTTCTTC,995,7,clonotype2,clonotype2_consensus_1
GACCTGGAGACGACGT-1,True,GACCTGGAGACGACGT-1_contig_1,True,716,TRB,TRBV5-6,None,TRBJ1-2,TRBC1,True,True,CASSLNGGPTNYGYTF,TGTGCCAGCAGCCTTAACGGGGGACCGACTAACTATGGCTACACCTTC,2434,11,clonotype2242,clonotype2242_consensus_2
GACCTGGAGACGACGT-1,True,GACCTGGAGACGACGT-1_contig_2,True,466,TRA,TRAV9-2,None,TRAJ22,TRAC,True,True,CALLQSSARQLTF,TGTGCTCTACTCCAAAGCTCTGCAAGGCAACTGACCTTT,1073,3,clonotype2242,clonotype2242_consensus_1
GACCTGGAGAGTCGGT-1,True,GACCTGGAGAGTCGGT-1_contig_1,True,521,TRB,TRBV20-1,None,TRBJ2-1,TRBC2,True,True,CSARVGSEVNEQFF,TGCAGTGCTAGAGTGGGGTCGGAAGTCAATGAGCAGTTCTTC,9287,9,clonotype2,clonotype2_consensus_1
GACCTGGAGAGTCGGT-1,True,GACCTGGAGAGTCGGT-1_contig_2,True,483,TRA,TRAV10,None,TRAJ24,TRAC,True,False,None,None,102,4,clonotype2,None
GACCTGGAGCGGATCA-1,True,GACCTGGAGCGGATCA-1_contig_1,True,500,TRA,TRAV25,None,TRAJ31,TRAC,True,True,CAGLHDARLMF,TGTGCAGGGCTCCACGATGCCAGACTCATGTTT,575,2,clonotype2243,clonotype2243_consensus_1
GACCTGGAGCGGATCA-1,True,GACCTGGAGCGGATCA-1_contig_2,True,664,TRB,TRBV5-6,None,TRBJ2-1,TRBC2,True,True,CASILWGGPHEQFF,TGTGCCAGCATCCTATGGGGGGGCCCCCATGAGCAGTTCTTC,6823,2,clonotype2243,clonotype2243_consensus_2
GACCTGGAGGGTGTGT-1,True,GACCTGGAGGGTGTGT-1_contig_1,True,505,TRA,TRAV1-2,None,TRAJ33,TRAC,True,True,CAATDSNYQLIW,TGTGCTGCGACTGATAGCAACTATCAGTTAATCTGG,1519,12,clonotype1,clonotype1_consensus_2
GACCTGGAGGGTGTGT-1,True,GACCTGGAGGGTGTGT-1_contig_2,True,521,TRB,TRBV20-1,None,TRBJ2-1,TRBC2,True,True,CSARVGSEVNEQFF,TGCAGTGCTAGAGTGGGGTCGGAAGTCAATGAGCAGTTCTTC,4186,14,clonotype1,clonotype1_consensus_1
GACCTGGAGTCTCCTC-1,True,GACCTGGAGTCTCCTC-1_contig_1,True,505,TRA,TRAV1-2,None,TRAJ33,TRAC,True,True,CAATDSNYQLIW,TGTGCTGCGACTGATAGCAACTATCAGTTAATCTGG,541,4,clonotype1,clonotype1_consensus_2
GACCTGGAGTCTCCTC-1,True,GACCTGGAGTCTCCTC-1_contig_2,True,492,TRB,TRBV20-1,None,TRBJ2-1,TRBC2,True,True,CSARVGSEVNEQFF,TGCAGTGCTAGAGTGGGGTCGGAAGTCAATGAGCAGTTCTTC,878,4,clonotype1,clonotype1_consensus_1
GACCTGGAGTCTCCTC-1,True,GACCTGGAGTCTCCTC-1_contig_3,True,458,TRA,TRAV10,None,TRAJ24,TRAC,True,False,None,None,367,3,clonotype1,None
GACCTGGCACATGACT-1,True,GACCTGGCACATGACT-1_contig_1,True,524,TRB,TRBV20-1,None,TRBJ1-4,TRBC1,True,True,CSARDLGQSNEKLFF,TGCAGTGCTAGAGATTTGGGACAATCTAATGAAAAACTGTTTTTT,1663,8,clonotype247,clonotype247_consensus_1
GACCTGGCACATGACT-1,True,GACCTGGCACATGACT-1_contig_2,True,465,TRA,TRAV13-1,None,TRAJ4,TRAC,True,True,CAASIGSGGYNKLIF,TGTGCAGCAAGTATTGGGTCTGGTGGCTACAATAAGCTGATTTTT,471,3,clonotype247,clonotype247_consensus_2
GACCTGGCACATGACT-1,True,GACCTGGCACATGACT-1_contig_3,True,815,Multi,TRGV2,None,TRAJ58,TRAC,True,False,CATWDGPGGETSGSRLTF,TGTGCCACCTGGGACGGGCCCGGCGGAGAAACCAGTGGCTCTAGGTTGACCTTT,1606,8,clonotype247,None
GACCTGGCACATGACT-1,True,GACCTGGCACATGACT-1_contig_4,True,336,TRB,None,None,TRBJ2-1,TRBC2,False,False,None,None,117,3,clonotype247,None
GACCTGGCACCGAATT-1,True,GACCTGGCACCGAATT-1_contig_1,True,488,TRA,TRAV21,None,TRAJ5,TRAC,True,True,CAVSPDTGRRALTF,TGTGCTGTGAGCCCGGACACGGGCAGGAGAGCACTTACTTTT,1595,8,clonotype2244,clonotype2244_consensus_1
GACCTGGCACCGAATT-1,True,GACCTGGCACCGAATT-1_contig_2,True,533,TRB,TRBV20-1,None,TRBJ2-4,TRBC2,True,True,CSAPPASGGELAKNIQYF,TGCAGTGCTCCCCCGGCTAGCGGGGGAGAGTTGGCCAAAAACATTCAGTACTTC,2684,11,clonotype2244,clonotype2244_consensus_2
GACCTGGCACGGTGTC-1,True,GACCTGGCACGGTGTC-1_contig_1,True,569,TRA,TRAV22,None,TRAJ37,TRAC,True,True,CAVEKSASNTGKLIF,TGTGCTGTGGAAAAGAGTGCTAGCAACACAGGCAAACTAATCTTT,417,4,clonotype2245,clonotype2245_consensus_2
GACCTGGCACGGTGTC-1,True,GACCTGGCACGGTGTC-1_contig_2,True,518,TRB,TRBV20-1,None,TRBJ1-1,TRBC1,True,True,CSARDRLNTEAFF,TGCAGTGCTAGAGACAGGCTGAACACTGAAGCTTTCTTT,836,10,clonotype2245,clonotype2245_consensus_1
GACCTGGCAGGTGCCT-1,True,GACCTGGCAGGTGCCT-1_contig_1,True,505,TRA,TRAV1-2,None,TRAJ33,TRAC,True,True,CAATDSNYQLIW,TGTGCTGCGACTGATAGCAACTATCAGTTAATCTGG,366,4,clonotype1,clonotype1_consensus_2
GACCTGGCAGGTGCCT-1,True,GACCTGGCAGGTGCCT-1_contig_2,True,485,TRB,TRBV20-1,None,TRBJ2-1,TRBC2,True,True,CSARVGSEVNEQFF,TGCAGTGCTAGAGTGGGGTCGGAAGTCAATGAGCAGTTCTTC,3282,13,clonotype1,clonotype1_consensus_1
GACCTGGCATAACCTG-1,True,GACCTGGCATAACCTG-1_contig_1,True,459,TRA,TRAV13-1,None,TRAJ15,TRAC,True,True,CAASKQAGTALIF,TGTGCAGCAAGTAAGCAGGCAGGAACTGCTCTGATCTTT,701,3,clonotype2246,clonotype2246_consensus_1
GACCTGGCATAACCTG-1,True,GACCTGGCATAACCTG-1_contig_2,True,501,TRB,TRBV20-1,None,TRBJ2-7,TRBC2,True,True,CSARERGAALSVQYF,TGCAGTGCTAGAGAGCGGGGGGCCGCCCTATCTGTACAGTACTTC,3011,8,clonotype2246,clonotype2246_consensus_2
GACCTGGCATAACCTG-1,True,GACCTGGCATAACCTG-1_contig_3,True,470,TRA,TRAV13-2,None,TRAJ45,TRAC,True,False,CAEIHKIQEEVLTD,TGTGCAGAGATCCATAAAATTCAGGAGGAGGTGCTGACGGAC,469,2,clonotype2246,None
GACCTGGGTCAGAGGT-1,True,GACCTGGGTCAGAGGT-1_contig_1,True,501,TRB,TRBV20-1,None,TRBJ1-2,TRBC1,True,True,CSAKPGQGLDYGYTF,TGCAGTGCTAAGCCGGGACAGGGGCTCGACTATGGCTACACCTTC,1638,7,clonotype89,clonotype89_consensus_1
GACCTGGGTCAGAGGT-1,True,GACCTGGGTCAGAGGT-1_contig_2,True,505,TRA,TRAV1-2,None,TRAJ13,TRAC,True,True,CALSGGYQKVTF,TGTGCCTTAAGTGGGGGTTACCAGAAAGTTACCTTT,93,3,clonotype89,clonotype89_consensus_2
GACCTGGGTGCGCTTG-1,True,GACCTGGGTGCGCTTG-1_contig_1,True,505,TRA,TRAV1-2,None,TRAJ33,TRAC,True,True,CAATDSNYQLIW,TGTGCTGCGACTGATAGCAACTATCAGTTAATCTGG,302,1,clonotype1,clonotype1_consensus_2
GACCTGGGTGCGCTTG-1,True,GACCTGGGTGCGCTTG-1_contig_2,True,521,TRB,TRBV20-1,None,TRBJ2-1,TRBC2,True,True,CSARVGSEVNEQFF,TGCAGTGCTAGAGTGGGGTCGGAAGTCAATGAGCAGTTCTTC,8816,12,clonotype1,clonotype1_consensus_1
GACCTGGGTGTGAATA-1,True,GACCTGGGTGTGAATA-1_contig_1,True,482,TRA,TRAV1-2,None,TRAJ33,TRAC,True,True,CAATDSNYQLIW,TGTGCTGCGACTGATAGCAACTATCAGTTAATCTGG,3860,4,clonotype1,clonotype1_consensus_2
GACCTGGGTGTGAATA-1,True,GACCTGGGTGTGAATA-1_contig_2,True,521,TRB,TRBV20-1,None,TRBJ2-1,TRBC2,True,True,CSARVGSEVNEQFF,TGCAGTGCTAGAGTGGGGTCGGAAGTCAATGAGCAGTTCTTC,2363,9,clonotype1,clonotype1_consensus_1
GACCTGGTCGGAGCAA-1,True,GACCTGGTCGGAGCAA-1_contig_1,True,505,TRA,TRAV1-2,None,TRAJ33,TRAC,True,True,CAATDSNYQLIW,TGTGCTGCGACTGATAGCAACTATCAGTTAATCTGG,580,3,clonotype1,clonotype1_consensus_2
GACCTGGTCGGAGCAA-1,True,GACCTGGTCGGAGCAA-1_contig_2,True,521,TRB,TRBV20-1,None,TRBJ2-1,TRBC2,True,True,CSARVGSEVNEQFF,TGCAGTGCTAGAGTGGGGTCGGAAGTCAATGAGCAGTTCTTC,15581,7,clonotype1,clonotype1_consensus_1
GACCTGGTCTAACCGA-1,True,GACCTGGTCTAACCGA-1_contig_1,True,524,TRB,TRBV20-1,None,TRBJ1-1,TRBC1,True,True,CSARAPGQGKTEAFF,TGCAGTGCTAGAGCCCCGGGACAGGGAAAAACTGAAGCTTTCTTT,2794,17,clonotype2247,clonotype2247_consensus_1
GACCTGGTCTAACCGA-1,True,GACCTGGTCTAACCGA-1_contig_2,True,498,TRA,TRAV12-3,None,TRAJ22,TRAC,True,True,CASGTGSARQLTF,TGTGCCTCGGGGACCGGTTCTGCAAGGCAACTGACCTTT,7211,8,clonotype2247,clonotype2247_consensus_2
GACGCGTAGATGCGAC-1,True,GACGCGTAGATGCGAC-1_contig_1,True,505,TRA,TRAV1-2,None,TRAJ33,TRAC,True,True,CAATDSNYQLIW,TGTGCTGCGACTGATAGCAACTATCAGTTAATCTGG,346,1,clonotype1,clonotype1_consensus_2
GACGCGTAGATGCGAC-1,True,GACGCGTAGATGCGAC-1_contig_2,True,521,TRB,TRBV20-1,None,TRBJ2-1,TRBC2,True,True,CSARVGSEVNEQFF,TGCAGTGCTAGAGTGGGGTCGGAAGTCAATGAGCAGTTCTTC,1175,4,clonotype1,clonotype1_consensus_1
GACGCGTAGATGCGAC-1,True,GACGCGTAGATGCGAC-1_contig_3,True,494,TRA,TRAV10,None,TRAJ24,TRAC,True,False,None,None,429,1,clonotype1,None
GACGCGTCAAACCTAC-1,True,GACGCGTCAAACCTAC-1_contig_1,True,521,TRB,TRBV20-1,None,TRBJ2-1,TRBC2,True,True,CSARVGSEVNEQFF,TGCAGTGCTAGAGTGGGGTCGGAAGTCAATGAGCAGTTCTTC,1023,5,clonotype2,clonotype2_consensus_1
GACGCGTCAATGGACG-1,True,GACGCGTCAATGGACG-1_contig_1,True,505,TRA,TRAV1-2,None,TRAJ33,TRAC,True,True,CAATDSNYQLIW,TGTGCTGCGACTGATAGCAACTATCAGTTAATCTGG,1768,4,clonotype1,clonotype1_consensus_2
GACGCGTCAATGGACG-1,True,GACGCGTCAATGGACG-1_contig_2,True,521,TRB,TRBV20-1,None,TRBJ2-1,TRBC2,True,True,CSARVGSEVNEQFF,TGCAGTGCTAGAGTGGGGTCGGAAGTCAATGAGCAGTTCTTC,1791,7,clonotype1,clonotype1_consensus_1
GACGCGTCACGAAACG-1,True,GACGCGTCACGAAACG-1_contig_1,True,521,TRB,TRBV20-1,None,TRBJ2-1,TRBC2,True,True,CSARVGSEVNEQFF,TGCAGTGCTAGAGTGGGGTCGGAAGTCAATGAGCAGTTCTTC,3249,8,clonotype2,clonotype2_consensus_1
GACGCGTCAGTGACAG-1,True,GACGCGTCAGTGACAG-1_contig_1,True,521,TRB,TRBV20-1,None,TRBJ2-1,TRBC2,True,True,CSARVGSEVNEQFF,TGCAGTGCTAGAGTGGGGTCGGAAGTCAATGAGCAGTTCTTC,1015,4,clonotype2,clonotype2_consensus_1
GACGCGTCATCACAAC-1,True,GACGCGTCATCACAAC-1_contig_1,True,505,TRA,TRAV1-2,None,TRAJ33,TRAC,True,True,CAATDSNYQLIW,TGTGCTGCGACTGATAGCAACTATCAGTTAATCTGG,1307,6,clonotype1,clonotype1_consensus_2
GACGCGTCATCACAAC-1,True,GACGCGTCATCACAAC-1_contig_2,True,498,TRB,TRBV20-1,None,TRBJ2-1,TRBC2,True,True,CSARVGSEVNEQFF,TGCAGTGCTAGAGTGGGGTCGGAAGTCAATGAGCAGTTCTTC,2773,11,clonotype1,clonotype1_consensus_1
GACGCGTCATCACAAC-1,True,GACGCGTCATCACAAC-1_contig_3,True,459,TRA,TRAV10,None,TRAJ24,TRAC,True,False,None,None,693,1,clonotype1,None
GACGCGTCATCCTAGA-1,True,GACGCGTCATCCTAGA-1_contig_1,True,505,TRA,TRAV1-2,None,TRAJ33,TRAC,True,True,CAATDSNYQLIW,TGTGCTGCGACTGATAGCAACTATCAGTTAATCTGG,711,5,clonotype1,clonotype1_consensus_2
GACGCGTCATCCTAGA-1,True,GACGCGTCATCCTAGA-1_contig_2,True,521,TRB,TRBV20-1,None,TRBJ2-1,TRBC2,True,True,CSARVGSEVNEQFF,TGCAGTGCTAGAGTGGGGTCGGAAGTCAATGAGCAGTTCTTC,1904,9,clonotype1,clonotype1_consensus_1
GACGCGTGTAAGCACG-1,True,GACGCGTGTAAGCACG-1_contig_1,True,505,TRA,TRAV1-2,None,TRAJ33,TRAC,True,True,CAATDSNYQLIW,TGTGCTGCGACTGATAGCAACTATCAGTTAATCTGG,976,5,clonotype1,clonotype1_consensus_2
GACGCGTGTAAGCACG-1,True,GACGCGTGTAAGCACG-1_contig_2,True,521,TRB,TRBV20-1,None,TRBJ2-1,TRBC2,True,True,CSARVGSEVNEQFF,TGCAGTGCTAGAGTGGGGTCGGAAGTCAATGAGCAGTTCTTC,1329,8,clonotype1,clonotype1_consensus_1
GACGCGTGTACTCAAC-1,True,GACGCGTGTACTCAAC-1_contig_1,True,476,TRB,TRBV20-1,None,TRBJ1-2,TRBC1,True,True,CSARDQTGVNYGYTF,TGCAGTGCTAGAGACCAGACAGGGGTTAACTATGGCTACACCTTC,2142,8,clonotype114,clonotype114_consensus_1
GACGCGTGTACTCAAC-1,True,GACGCGTGTACTCAAC-1_contig_2,True,545,TRA,TRAV16,None,TRAJ20,TRAC,True,False,None,None,1056,5,clonotype114,None
GACGCGTGTCACCTAA-1,True,GACGCGTGTCACCTAA-1_contig_1,True,517,TRA,TRAV1-2,None,TRAJ28,TRAC,True,True,CAVRAIYSGAGSYQLTF,TGTGCTGTGAGAGCCATATACTCTGGGGCTGGGAGTTACCAACTCACTTTC,837,2,clonotype2248,clonotype2248_consensus_1
GACGCGTGTCACCTAA-1,True,GACGCGTGTCACCTAA-1_contig_2,True,485,TRB,TRBV20-1,None,TRBJ2-7,TRBC2,True,True,CSATTSGGANEQYF,TGCAGTGCAACGACTAGCGGGGGGGCGAACGAGCAGTACTTC,899,4,clonotype2248,clonotype2248_consensus_2
GACGCGTGTCAGAATA-1,True,GACGCGTGTCAGAATA-1_contig_1,True,486,TRB,TRBV20-1,None,TRBJ1-5,TRBC1,True,True,CSAGRLDQPQHF,TGCAGTGCCGGGAGACTCGATCAGCCCCAGCATTTT,4189,15,clonotype34,clonotype34_consensus_2
GACGCGTGTCAGAATA-1,True,GACGCGTGTCAGAATA-1_contig_2,True,568,TRA,TRAV19,None,TRAJ39,TRAC,True,True,CALSERRNAGNMLTF,TGTGCTCTGAGTGAGAGGAGGAATGCAGGCAACATGCTCACCTTT,993,6,clonotype34,clonotype34_consensus_1
GACGCGTGTGCAACTT-1,True,GACGCGTGTGCAACTT-1_contig_1,True,473,TRB,TRBV20-1,None,TRBJ2-1,TRBC2,True,True,CSARVGSEVNEQFF,TGCAGTGCTAGAGTGGGGTCGGAAGTCAATGAGCAGTTCTTC,1695,3,clonotype2,clonotype2_consensus_1
GACGCGTGTGCAACTT-1,True,GACGCGTGTGCAACTT-1_contig_2,True,482,TRA,TRAV10,None,TRAJ24,TRAC,True,False,None,None,448,2,clonotype2,None
GACGCGTGTTGCCTCT-1,True,GACGCGTGTTGCCTCT-1_contig_1,True,473,TRA,TRAV21,None,TRAJ45,TRAC,True,True,CAPPKGGGADGLTF,TGTGCCCCACCTAAGGGAGGAGGTGCTGACGGACTCACCTTT,1065,5,clonotype2249,clonotype2249_consensus_2
GACGCGTGTTGCCTCT-1,True,GACGCGTGTTGCCTCT-1_contig_2,True,501,TRB,TRBV20-1,None,TRBJ2-7,TRBC2,True,True,CSARGGQAGGYEQYF,TGCAGTGCTAGAGGAGGACAGGCGGGGGGCTACGAGCAGTACTTC,3162,10,clonotype2249,clonotype2249_consensus_1
GACGCGTGTTGTGGCC-1,True,GACGCGTGTTGTGGCC-1_contig_1,True,553,TRA,TRAV5,None,TRAJ5,TRAC,True,True,CAERDTGRRALTF,TGTGCAGAGCGAGACACGGGCAGGAGAGCACTTACTTTT,2221,9,clonotype2250,clonotype2250_consensus_2
GACGCGTGTTGTGGCC-1,True,GACGCGTGTTGTGGCC-1_contig_2,True,521,TRB,TRBV20-1,None,TRBJ2-7,TRBC2,True,True,CSAGEGRGSSEQYF,TGCAGTGCTGGCGAGGGCAGGGGGTCGTCCGAGCAGTACTTC,2508,9,clonotype2250,clonotype2250_consensus_1
GACGCGTGTTGTGGCC-1,True,GACGCGTGTTGTGGCC-1_contig_3,True,304,TRB,None,None,TRBJ2-3,TRBC2,False,False,None,None,1304,3,clonotype2250,None
GACGCGTTCCATGAAC-1,True,GACGCGTTCCATGAAC-1_contig_1,True,505,TRA,TRAV1-2,None,TRAJ33,TRAC,True,True,CAATDSNYQLIW,TGTGCTGCGACTGATAGCAACTATCAGTTAATCTGG,328,2,clonotype1,clonotype1_consensus_2
GACGCGTTCCATGAAC-1,True,GACGCGTTCCATGAAC-1_contig_2,True,498,TRB,TRBV20-1,None,TRBJ2-1,TRBC2,True,True,CSARVGSEVNEQFF,TGCAGTGCTAGAGTGGGGTCGGAAGTCAATGAGCAGTTCTTC,2218,8,clonotype1,clonotype1_consensus_1
GACGCGTTCCATGAAC-1,True,GACGCGTTCCATGAAC-1_contig_3,True,482,TRA,TRAV10,None,TRAJ24,TRAC,True,False,None,None,107,2,clonotype1,None
GACGCGTTCCGGCACA-1,True,GACGCGTTCCGGCACA-1_contig_1,True,524,TRB,TRBV20-1,None,TRBJ2-4,TRBC2,True,True,CSASSQGGRKNIQYF,TGCAGTGCTAGTTCCCAAGGGGGGCGTAAAAACATTCAGTACTTC,4289,17,clonotype2251,clonotype2251_consensus_2
GACGCGTTCCGGCACA-1,True,GACGCGTTCCGGCACA-1_contig_2,True,578,TRA,TRAV26-1,None,TRAJ23,TRAC,True,True,CIVRVVQGGKLIF,TGCATCGTCAGAGTCGTCCAGGGAGGAAAGCTTATCTTC,407,1,clonotype2251,clonotype2251_consensus_1
GACGCGTTCCGGCACA-1,True,GACGCGTTCCGGCACA-1_contig_3,True,312,TRB,None,None,TRBJ1-6,TRBC1,False,False,None,None,1100,2,clonotype2251,None
GACGCGTTCCTCGCAT-1,True,GACGCGTTCCTCGCAT-1_contig_1,True,520,TRA,TRAV14/DV4,None,TRAJ30,TRAC,True,True,CAMRANRDDKIIF,TGTGCAATGAGGGCGAACAGAGATGACAAGATCATCTTT,1189,6,clonotype2252,clonotype2252_consensus_1
GACGCGTTCCTCGCAT-1,True,GACGCGTTCCTCGCAT-1_contig_2,True,357,TRB,None,None,TRBJ2-3,TRBC2,False,False,None,None,898,3,clonotype2252,None
GACGCGTTCCTTCAAT-1,True,GACGCGTTCCTTCAAT-1_contig_1,True,492,TRB,TRBV20-1,None,TRBJ1-5,TRBC1,True,True,CSARGDSNQPQHF,TGCAGTGCCAGAGGGGACTCCAATCAGCCCCAGCATTTT,2996,8,clonotype2253,clonotype2253_consensus_1
GACGCGTTCCTTCAAT-1,True,GACGCGTTCCTTCAAT-1_contig_2,True,485,TRA,TRAV38-1,None,TRAJ23,TRAC,True,True,CAFPRYNQGGKLIF,TGTGCTTTCCCGCGTTATAACCAGGGAGGAAAGCTTATCTTC,946,4,clonotype2253,clonotype2253_consensus_2
GACGCGTTCCTTCAAT-1,True,GACGCGTTCCTTCAAT-1_contig_3,True,595,TRA,TRAV23/DV6,None,None,TRAC,False,False,None,None,458,2,clonotype2253,None
GACGCGTTCCTTCAAT-1,True,GACGCGTTCCTTCAAT-1_contig_4,True,461,TRB,TRBV9,None,TRBJ2-2,TRBC2,True,False,CQQRTGEGELFF,TGCCAGCAGCGGACAGGGGAGGGGGAGCTGTTTTTT,644,1,clonotype2253,None
GACGCGTTCGAGGTAG-1,True,GACGCGTTCGAGGTAG-1_contig_1,True,465,TRA,TRAV1-2,None,TRAJ33,TRAC,True,True,CAATDSNYQLIW,TGTGCTGCGACTGATAGCAACTATCAGTTAATCTGG,115,2,clonotype1,clonotype1_consensus_2
GACGCGTTCGAGGTAG-1,True,GACGCGTTCGAGGTAG-1_contig_2,True,498,TRB,TRBV20-1,None,TRBJ2-1,TRBC2,True,True,CSARVGSEVNEQFF,TGCAGTGCTAGAGTGGGGTCGGAAGTCAATGAGCAGTTCTTC,1980,8,clonotype1,clonotype1_consensus_1
GACGCGTTCGAGGTAG-1,True,GACGCGTTCGAGGTAG-1_contig_3,True,647,TRA,None,None,TRAJ27,TRAC,False,False,None,None,281,1,clonotype1,None
GACGCGTTCGAGGTAG-1,True,GACGCGTTCGAGGTAG-1_contig_4,True,474,TRA,TRAV10,None,TRAJ24,TRAC,True,False,None,None,117,1,clonotype1,None
GACGCGTTCGCAAGCC-1,True,GACGCGTTCGCAAGCC-1_contig_1,True,513,TRB,TRBV5-1,None,TRBJ2-2,TRBC2,True,True,CASSLVSGANTGELFF,TGCGCCAGCAGCTTGGTTAGCGGGGCGAACACCGGGGAGCTGTTTTTT,1626,5,clonotype2254,clonotype2254_consensus_3
GACGCGTTCGCAAGCC-1,True,GACGCGTTCGCAAGCC-1_contig_2,True,521,TRB,TRBV20-1,None,TRBJ1-2,TRBC1,True,True,CSARDQGTAYGYTF,TGCAGTGCTAGAGATCAAGGGACAGCCTATGGCTACACCTTC,4166,10,clonotype2254,clonotype2254_consensus_2
GACGCGTTCGCAAGCC-1,True,GACGCGTTCGCAAGCC-1_contig_3,True,517,TRA,TRAV23/DV6,None,TRAJ45,TRAC,True,True,CAARSYSGGGADGLTF,TGTGCAGCAAGGTCGTATTCAGGAGGAGGTGCTGACGGACTCACCTTT,871,4,clonotype2254,clonotype2254_consensus_1
GACGCGTTCGCCCTTA-1,True,GACGCGTTCGCCCTTA-1_contig_1,True,521,TRB,TRBV20-1,None,TRBJ2-1,TRBC2,True,True,CSARVGSEVNEQFF,TGCAGTGCTAGAGTGGGGTCGGAAGTCAATGAGCAGTTCTTC,3841,9,clonotype2,clonotype2_consensus_1
GACGCGTTCGCGTTTC-1,True,GACGCGTTCGCGTTTC-1_contig_1,True,521,TRB,TRBV20-1,None,TRBJ2-1,TRBC2,True,True,CSARVGSEVNEQFF,TGCAGTGCTAGAGTGGGGTCGGAAGTCAATGAGCAGTTCTTC,1473,9,clonotype2,clonotype2_consensus_1
GACGCGTTCGCGTTTC-1,True,GACGCGTTCGCGTTTC-1_contig_2,True,462,TRA,TRAV10,None,TRAJ24,TRAC,True,False,None,None,353,3,clonotype2,None
GACGCGTTCTATCGCC-1,True,GACGCGTTCTATCGCC-1_contig_1,True,521,TRB,TRBV20-1,None,TRBJ1-1,TRBC1,True,True,CSARVRQGAGIAFF,TGCAGTGCTAGAGTACGACAGGGGGCGGGAATAGCTTTCTTT,3697,14,clonotype2255,clonotype2255_consensus_1
GACGCGTTCTATCGCC-1,True,GACGCGTTCTATCGCC-1_contig_2,True,529,TRA,TRAV14/DV4,None,TRAJ27,TRAC,True,True,CAMREGHNTNAGKSTF,TGTGCAATGAGAGAGGGCCATAACACCAATGCAGGCAAATCAACCTTT,930,6,clonotype2255,clonotype2255_consensus_2
GACGGCTAGAGTACAT-1,True,GACGGCTAGAGTACAT-1_contig_1,True,492,TRA,TRAV9-2,None,TRAJ13,TRAC,True,True,CALNLEGYQKVTF,TGTGCTCTGAACTTAGAGGGTTACCAGAAAGTTACCTTT,462,5,clonotype6,clonotype6_consensus_1
GACGGCTAGAGTACAT-1,True,GACGGCTAGAGTACAT-1_contig_2,True,481,TRB,TRBV5-6,None,TRBJ1-5,TRBC1,True,True,CASSFRGGANQPQHF,TGTGCCAGCAGCTTTCGAGGGGGCGCGAATCAGCCCCAGCATTTT,3920,15,clonotype6,clonotype6_consensus_2
GACGGCTAGCAATATG-1,True,GACGGCTAGCAATATG-1_contig_1,True,505,TRA,TRAV1-2,None,TRAJ33,TRAC,True,True,CAATDSNYQLIW,TGTGCTGCGACTGATAGCAACTATCAGTTAATCTGG,771,2,clonotype1,clonotype1_consensus_2
GACGGCTAGCAATATG-1,True,GACGGCTAGCAATATG-1_contig_2,True,498,TRB,TRBV20-1,None,TRBJ2-1,TRBC2,True,True,CSARVGSEVNEQFF,TGCAGTGCTAGAGTGGGGTCGGAAGTCAATGAGCAGTTCTTC,2719,15,clonotype1,clonotype1_consensus_1
GACGGCTAGCCTATGT-1,True,GACGGCTAGCCTATGT-1_contig_1,True,521,TRB,TRBV20-1,None,TRBJ2-1,TRBC2,True,True,CSARVGSEVNEQFF,TGCAGTGCTAGAGTGGGGTCGGAAGTCAATGAGCAGTTCTTC,1841,8,clonotype2,clonotype2_consensus_1
GACGGCTAGCTGCCCA-1,True,GACGGCTAGCTGCCCA-1_contig_1,True,505,TRA,TRAV1-2,None,TRAJ33,TRAC,True,True,CAATDSNYQLIW,TGTGCTGCGACTGATAGCAACTATCAGTTAATCTGG,1192,5,clonotype1,clonotype1_consensus_2
GACGGCTAGCTGCCCA-1,True,GACGGCTAGCTGCCCA-1_contig_2,True,521,TRB,TRBV20-1,None,TRBJ2-1,TRBC2,True,True,CSARVGSEVNEQFF,TGCAGTGCTAGAGTGGGGTCGGAAGTCAATGAGCAGTTCTTC,2375,12,clonotype1,clonotype1_consensus_1
GACGGCTAGCTGCCCA-1,True,GACGGCTAGCTGCCCA-1_contig_3,True,504,TRA,TRAV10,None,TRAJ24,TRAC,True,False,None,None,303,3,clonotype1,None
GACGGCTAGTCGCCGT-1,True,GACGGCTAGTCGCCGT-1_contig_1,True,521,TRB,TRBV20-1,None,TRBJ2-1,TRBC2,True,True,CSARVGSEVNEQFF,TGCAGTGCTAGAGTGGGGTCGGAAGTCAATGAGCAGTTCTTC,674,6,clonotype2,clonotype2_consensus_1
GACGGCTAGTTCGCGC-1,True,GACGGCTAGTTCGCGC-1_contig_1,True,524,TRB,TRBV20-1,None,TRBJ2-4,TRBC2,True,True,CSASDVETGANIQYF,TGCAGTGCTAGTGACGTCGAGACAGGGGCAAACATTCAGTACTTC,2156,6,clonotype2256,clonotype2256_consensus_1
GACGGCTCACCTATCC-1,True,GACGGCTCACCTATCC-1_contig_1,True,505,TRA,TRAV1-2,None,TRAJ33,TRAC,True,True,CAATDSNYQLIW,TGTGCTGCGACTGATAGCAACTATCAGTTAATCTGG,1080,5,clonotype1,clonotype1_consensus_2
GACGGCTCACCTATCC-1,True,GACGGCTCACCTATCC-1_contig_2,True,521,TRB,TRBV20-1,None,TRBJ2-1,TRBC2,True,True,CSARVGSEVNEQFF,TGCAGTGCTAGAGTGGGGTCGGAAGTCAATGAGCAGTTCTTC,846,5,clonotype1,clonotype1_consensus_1
GACGGCTCACCTATCC-1,True,GACGGCTCACCTATCC-1_contig_3,True,458,TRA,TRAV10,None,TRAJ24,TRAC,True,False,None,None,210,3,clonotype1,None
GACGGCTCACGCCAGT-1,True,GACGGCTCACGCCAGT-1_contig_1,True,653,TRB,TRBV5-5,None,TRBJ1-1,TRBC1,True,True,CASSLVGRDTEAFF,TGTGCCAGCAGCCTTGTGGGGAGGGACACTGAAGCTTTCTTT,1641,8,clonotype127,clonotype127_consensus_1
GACGGCTCAGTCAGAG-1,True,GACGGCTCAGTCAGAG-1_contig_1,True,520,TRB,TRBV20-1,None,TRBJ2-2,TRBC2,True,True,CSARPASGGFTGELFF,TGCAGTGCTAGACCGGCAAGCGGGGGGTTCACCGGGGAGCTGTTTTTT,1230,6,clonotype148,clonotype148_consensus_2
GACGGCTCAGTCAGAG-1,True,GACGGCTCAGTCAGAG-1_contig_2,True,678,TRA,TRAV8-3,None,TRAJ48,TRAC,True,True,CAVGGGNEKLTF,TGTGCTGTGGGTGGAGGAAATGAGAAATTAACCTTT,781,7,clonotype148,clonotype148_consensus_1
GACGGCTCAGTCAGAG-1,True,GACGGCTCAGTCAGAG-1_contig_3,True,610,TRB,TRBV5-3,None,TRBJ1-5,TRBC1,True,False,CARSLKEQGRWPQHF,TGTGCCAGAAGCTTGAAGGAACAGGGGCGATGGCCCCAGCATTTT,796,5,clonotype148,None
GACGGCTCATGACGGA-1,True,GACGGCTCATGACGGA-1_contig_1,True,524,TRB,TRBV20-1,None,TRBJ1-2,TRBC1,True,True,CSAPWSGRANYGYTF,TGCAGTGCCCCTTGGTCAGGGAGGGCTAACTATGGCTACACCTTC,3592,11,clonotype2257,clonotype2257_consensus_2
GACGGCTCATGACGGA-1,True,GACGGCTCATGACGGA-1_contig_2,True,479,TRA,TRAV24,None,TRAJ29,TRAC,True,True,CASRNSGNTPLVF,TGTGCCTCCCGGAATTCAGGAAACACACCTCTTGTCTTT,815,2,clonotype2257,clonotype2257_consensus_1
GACGGCTCATTTGCCC-1,True,GACGGCTCATTTGCCC-1_contig_1,True,474,TRA,TRAV1-2,None,TRAJ33,None,True,True,CAATDSNYQLIW,TGTGCTGCGACTGATAGCAACTATCAGTTAATCTGG,333,1,clonotype1,clonotype1_consensus_2
GACGGCTCATTTGCCC-1,True,GACGGCTCATTTGCCC-1_contig_2,True,521,TRB,TRBV20-1,None,TRBJ2-1,TRBC2,True,True,CSARVGSEVNEQFF,TGCAGTGCTAGAGTGGGGTCGGAAGTCAATGAGCAGTTCTTC,1145,6,clonotype1,clonotype1_consensus_1
GACGGCTCATTTGCCC-1,True,GACGGCTCATTTGCCC-1_contig_3,True,465,TRA,TRAV10,None,TRAJ24,TRAC,True,False,None,None,7341,1,clonotype1,None
GACGGCTGTAAGTTCC-1,True,GACGGCTGTAAGTTCC-1_contig_1,True,580,TRA,TRAV26-1,None,TRAJ37,TRAC,True,True,CIVRPDGSSNTGKLIF,TGCATCGTCAGACCCGATGGCTCTAGCAACACAGGCAAACTAATCTTT,6166,2,clonotype2258,clonotype2258_consensus_2
GACGGCTGTAAGTTCC-1,True,GACGGCTGTAAGTTCC-1_contig_2,True,533,TRB,TRBV20-1,None,TRBJ1-4,TRBC1,True,True,CSARERYGTGVPNEKLFF,TGCAGTGCTAGAGAAAGATACGGGACAGGGGTCCCTAATGAAAAACTGTTTTTT,941,4,clonotype2258,clonotype2258_consensus_1
GACGGCTGTAAGTTCC-1,True,GACGGCTGTAAGTTCC-1_contig_3,True,488,TRB,TRBV21-1,None,TRBJ2-1,TRBC2,True,False,CASSKNVSGGSYNEQFF,TGTGCCAGCAGCAAAAACGTCTCCGGAGGGTCCTACAATGAGCAGTTCTTC,1951,9,clonotype2258,None
GACGGCTGTGACAAAT-1,True,GACGGCTGTGACAAAT-1_contig_1,True,470,TRB,TRBV5-5,None,TRBJ1-4,TRBC1,True,True,CASSWGIYVATNEKLFF,TGTGCCAGCAGCTGGGGAATTTATGTTGCAACTAATGAAAAACTGTTTTTT,1125,6,clonotype144,clonotype144_consensus_1
GACGGCTTCAGTGTTG-1,True,GACGGCTTCAGTGTTG-1_contig_1,True,524,TRB,TRBV20-1,None,TRBJ1-2,TRBC1,True,True,CSARGPNLRVGGYTF,TGCAGTGCTAGAGGTCCTAATCTCAGGGTCGGTGGCTACACCTTC,3557,11,clonotype149,clonotype149_consensus_1
GACGGCTTCAGTGTTG-1,True,GACGGCTTCAGTGTTG-1_contig_2,True,493,TRA,TRAV13-2,None,TRAJ23,TRAC,True,False,None,None,226,1,clonotype149,None
GACGGCTTCGTGACAT-1,True,GACGGCTTCGTGACAT-1_contig_1,True,495,TRB,TRBV20-1,None,TRBJ2-1,TRBC2,True,True,CSANLGGQGEQFF,TGCAGTGCCAACCTGGGGGGGCAGGGAGAGCAGTTCTTC,783,3,clonotype2259,clonotype2259_consensus_2
GACGGCTTCGTGACAT-1,True,GACGGCTTCGTGACAT-1_contig_2,True,486,TRA,TRAV23/DV6,None,TRAJ40,TRAC,True,True,CAASRGSGTYKYIF,TGTGCAGCAAGCCGGGGCTCAGGAACCTACAAATACATCTTT,658,2,clonotype2259,clonotype2259_consensus_1
GACGGCTTCGTGACAT-1,True,GACGGCTTCGTGACAT-1_contig_3,True,512,TRA,TRAV25,None,TRAJ16,TRAC,True,False,None,None,255,3,clonotype2259,None
GACGGCTTCTGGTTCC-1,True,GACGGCTTCTGGTTCC-1_contig_1,True,518,TRB,TRBV20-1,None,TRBJ2-1,TRBC2,True,True,CSARVGSEVNEQFF,TGCAGTGCTAGAGTGGGGTCGGAAGTCAATGAGCAGTTCTTC,585,5,clonotype2,clonotype2_consensus_1
GACGTGCAGCGATATA-1,True,GACGTGCAGCGATATA-1_contig_1,True,505,TRA,TRAV1-2,None,TRAJ33,TRAC,True,True,CAATDSNYQLIW,TGTGCTGCGACTGATAGCAACTATCAGTTAATCTGG,157,2,clonotype1,clonotype1_consensus_2
GACGTGCAGCGATATA-1,True,GACGTGCAGCGATATA-1_contig_2,True,473,TRB,TRBV20-1,None,TRBJ2-1,TRBC2,True,True,CSARVGSEVNEQFF,TGCAGTGCTAGAGTGGGGTCGGAAGTCAATGAGCAGTTCTTC,900,4,clonotype1,clonotype1_consensus_1
GACGTGCAGCGATATA-1,True,GACGTGCAGCGATATA-1_contig_3,True,502,TRA,TRAV10,None,TRAJ24,TRAC,True,False,None,None,529,2,clonotype1,None
GACGTGCAGGGTTTCT-1,True,GACGTGCAGGGTTTCT-1_contig_1,True,506,TRA,TRAV17,None,TRAJ53,TRAC,True,True,CATAPNSGGSNYKLTF,TGTGCTACGGCTCCGAATAGTGGAGGTAGCAACTATAAACTGACATTT,375,2,clonotype150,clonotype150_consensus_2
GACGTGCAGGGTTTCT-1,True,GACGTGCAGGGTTTCT-1_contig_2,True,660,TRB,TRBV5-6,None,TRBJ1-6,TRBC1,True,True,CASSFTGSRSPLHF,TGTGCCAGCAGCTTTACAGGGTCGCGGTCACCCCTCCACTTT,1921,6,clonotype150,clonotype150_consensus_1
GACGTGCAGGGTTTCT-1,True,GACGTGCAGGGTTTCT-1_contig_3,True,399,TRB,None,None,TRBJ2-1,TRBC2,False,False,None,None,1886,6,clonotype150,None
GACGTGCCACGAAACG-1,True,GACGTGCCACGAAACG-1_contig_1,True,505,TRA,TRAV1-2,None,TRAJ33,TRAC,True,True,CAATDSNYQLIW,TGTGCTGCGACTGATAGCAACTATCAGTTAATCTGG,419,3,clonotype1,clonotype1_consensus_2
GACGTGCCACGAAACG-1,True,GACGTGCCACGAAACG-1_contig_2,True,521,TRB,TRBV20-1,None,TRBJ2-1,TRBC2,True,True,CSARVGSEVNEQFF,TGCAGTGCTAGAGTGGGGTCGGAAGTCAATGAGCAGTTCTTC,1237,5,clonotype1,clonotype1_consensus_1
GACGTGCCAGTCTTCC-1,True,GACGTGCCAGTCTTCC-1_contig_1,True,521,TRB,TRBV20-1,None,TRBJ2-1,TRBC2,True,True,CSARTGGIGNEQFF,TGCAGTGCTAGGACGGGGGGCATCGGCAATGAGCAGTTCTTC,1054,7,clonotype258,clonotype258_consensus_2
GACGTGCCAGTCTTCC-1,True,GACGTGCCAGTCTTCC-1_contig_2,True,511,TRA,TRAV29/DV5,None,TRAJ6,TRAC,True,True,CAASERGSYIPTF,TGTGCAGCAAGCGAGCGAGGAAGCTACATACCTACATTT,55,1,clonotype258,clonotype258_consensus_1
GACGTGCCATTAGCCA-1,True,GACGTGCCATTAGCCA-1_contig_1,True,505,TRA,TRAV1-2,None,TRAJ33,TRAC,True,True,CAATDSNYQLIW,TGTGCTGCGACTGATAGCAACTATCAGTTAATCTGG,939,5,clonotype1,clonotype1_consensus_2
GACGTGCCATTAGCCA-1,True,GACGTGCCATTAGCCA-1_contig_2,True,521,TRB,TRBV20-1,None,TRBJ2-1,TRBC2,True,True,CSARVGSEVNEQFF,TGCAGTGCTAGAGTGGGGTCGGAAGTCAATGAGCAGTTCTTC,1411,9,clonotype1,clonotype1_consensus_1
GACGTGCCATTGAGCT-1,True,GACGTGCCATTGAGCT-1_contig_1,True,505,TRA,TRAV1-2,None,TRAJ33,TRAC,True,True,CAATDSNYQLIW,TGTGCTGCGACTGATAGCAACTATCAGTTAATCTGG,943,2,clonotype1,clonotype1_consensus_2
GACGTGCCATTGAGCT-1,True,GACGTGCCATTGAGCT-1_contig_2,True,498,TRB,TRBV20-1,None,TRBJ2-1,TRBC2,True,True,CSARVGSEVNEQFF,TGCAGTGCTAGAGTGGGGTCGGAAGTCAATGAGCAGTTCTTC,718,5,clonotype1,clonotype1_consensus_1
GACGTGCCATTGAGCT-1,True,GACGTGCCATTGAGCT-1_contig_3,True,459,TRA,TRAV10,None,TRAJ24,TRAC,True,False,None,None,278,2,clonotype1,None
GACGTGCGTACACCGC-1,True,GACGTGCGTACACCGC-1_contig_1,True,505,TRA,TRAV1-2,None,TRAJ33,TRAC,True,True,CAATDSNYQLIW,TGTGCTGCGACTGATAGCAACTATCAGTTAATCTGG,1475,6,clonotype1,clonotype1_consensus_2
GACGTGCGTACACCGC-1,True,GACGTGCGTACACCGC-1_contig_2,True,498,TRB,TRBV20-1,None,TRBJ2-1,TRBC2,True,True,CSARVGSEVNEQFF,TGCAGTGCTAGAGTGGGGTCGGAAGTCAATGAGCAGTTCTTC,5098,19,clonotype1,clonotype1_consensus_1
GACGTGCGTACACCGC-1,True,GACGTGCGTACACCGC-1_contig_3,True,517,TRA,TRAV10,None,TRAJ24,TRAC,True,False,None,None,328,5,clonotype1,None
GACGTGCGTTCGCTAA-1,True,GACGTGCGTTCGCTAA-1_contig_1,True,510,TRB,TRBV20-1,None,TRBJ2-7,TRBC2,True,True,CSARGAEYSVAGLSYEQYF,TGCAGTGCTAGAGGCGCCGAATATAGCGTAGCGGGGCTATCCTACGAGCAGTACTTC,1447,5,clonotype44,clonotype44_consensus_3
GACGTGCGTTCGCTAA-1,True,GACGTGCGTTCGCTAA-1_contig_2,True,599,TRA,TRAV8-2,None,TRAJ8,TRAC,True,True,CVVSGFQKLVF,TGTGTTGTGAGTGGGTTTCAGAAACTTGTATTT,1035,5,clonotype44,clonotype44_consensus_2
GACGTGCGTTCGCTAA-1,True,GACGTGCGTTCGCTAA-1_contig_3,True,499,TRA,TRAV1-2,None,TRAJ7,TRAC,True,True,CAVRPNRLAF,TGTGCTGTGAGACCCAACAGACTCGCTTTT,1327,3,clonotype44,clonotype44_consensus_1
GACGTGCTCCAGAGGA-1,True,GACGTGCTCCAGAGGA-1_contig_1,True,499,TRA,TRAV1-2,None,TRAJ30,TRAC,True,True,CAVRDLREIIF,TGTGCTGTGAGAGATCTTCGGGAGATCATCTTT,626,3,clonotype32,clonotype32_consensus_3
GACGTGCTCCAGAGGA-1,True,GACGTGCTCCAGAGGA-1_contig_2,True,565,TRB,TRBV5-5,None,TRBJ1-4,TRBC1,True,True,CASSHPGPNYATNEKLFF,TGTGCCAGCAGCCATCCCGGACCGAACTACGCAACTAATGAAAAACTGTTTTTT,354,2,clonotype32,clonotype32_consensus_1
GACGTGCTCCAGAGGA-1,True,GACGTGCTCCAGAGGA-1_contig_3,True,505,TRA,TRAV1-2,None,TRAJ33,TRAC,True,True,CAATDSNYQLIW,TGTGCTGCGACTGATAGCAACTATCAGTTAATCTGG,284,4,clonotype32,clonotype32_consensus_4
GACGTGCTCCAGAGGA-1,True,GACGTGCTCCAGAGGA-1_contig_4,True,521,TRB,TRBV20-1,None,TRBJ2-1,TRBC2,True,True,CSARVGSEVNEQFF,TGCAGTGCTAGAGTGGGGTCGGAAGTCAATGAGCAGTTCTTC,1112,6,clonotype32,clonotype32_consensus_2
GACGTGCTCCAGAGGA-1,True,GACGTGCTCCAGAGGA-1_contig_5,True,482,TRA,TRAV10,None,TRAJ24,TRAC,True,False,None,None,480,1,clonotype32,None
GACGTGCTCGAGGTAG-1,True,GACGTGCTCGAGGTAG-1_contig_1,True,505,TRA,TRAV1-2,None,TRAJ33,TRAC,True,True,CAATDSNYQLIW,TGTGCTGCGACTGATAGCAACTATCAGTTAATCTGG,318,1,clonotype1,clonotype1_consensus_2
GACGTGCTCGAGGTAG-1,True,GACGTGCTCGAGGTAG-1_contig_2,True,521,TRB,TRBV20-1,None,TRBJ2-1,TRBC2,True,True,CSARVGSEVNEQFF,TGCAGTGCTAGAGTGGGGTCGGAAGTCAATGAGCAGTTCTTC,1365,8,clonotype1,clonotype1_consensus_1
GACGTGCTCGAGGTAG-1,True,GACGTGCTCGAGGTAG-1_contig_3,True,459,TRA,TRAV10,None,TRAJ24,TRAC,True,False,None,None,406,1,clonotype1,None
GACGTGCTCGTATCAG-1,True,GACGTGCTCGTATCAG-1_contig_1,True,571,TRA,TRAV29/DV5,None,TRAJ45,TRAC,True,True,CAASEGGGADGLTF,TGTGCAGCAAGCGAGGGAGGAGGTGCTGACGGACTCACCTTT,677,5,clonotype2260,clonotype2260_consensus_3
GACGTGCTCGTATCAG-1,True,GACGTGCTCGTATCAG-1_contig_2,True,517,TRA,TRAV29/DV5,None,TRAJ28,TRAC,True,True,CAAVASGAGSYQLTF,TGTGCAGCCGTTGCTTCTGGGGCTGGGAGTTACCAACTCACTTTC,564,2,clonotype2260,clonotype2260_consensus_2
GACGTGCTCGTATCAG-1,True,GACGTGCTCGTATCAG-1_contig_3,True,498,TRB,TRBV20-1,None,TRBJ1-6,TRBC1,True,True,CSARSDREDSPLHF,TGCAGTGCAAGGTCGGACAGGGAGGATTCACCCCTCCACTTT,1143,5,clonotype2260,clonotype2260_consensus_1
GACGTGCTCGTATCAG-1,True,GACGTGCTCGTATCAG-1_contig_4,True,302,TRA,None,None,TRAJ27,TRAC,False,False,None,None,136,1,clonotype2260,None
GACGTGCTCGTGGTCG-1,True,GACGTGCTCGTGGTCG-1_contig_1,True,574,TRA,TRAV26-1,None,TRAJ4,TRAC,True,True,CIVSPSGGYNKLIF,TGCATCGTCTCTCCTTCTGGTGGCTACAATAAGCTGATTTTT,704,5,clonotype2261,clonotype2261_consensus_1
GACGTGCTCGTGGTCG-1,True,GACGTGCTCGTGGTCG-1_contig_2,True,495,TRB,TRBV20-1,None,TRBJ1-1,TRBC1,True,True,CSARANSNTEAFF,TGCAGTGCTAGAGCCAACAGTAACACTGAAGCTTTCTTT,2609,9,clonotype2261,clonotype2261_consensus_2
GACGTGCTCGTGGTCG-1,True,GACGTGCTCGTGGTCG-1_contig_3,True,361,TRB,None,None,TRBJ2-1,TRBC2,False,False,None,None,1475,3,clonotype2261,None
GACGTTAAGCTCAACT-1,True,GACGTTAAGCTCAACT-1_contig_1,True,668,TRB,TRBV5-5,None,TRBJ1-2,TRBC1,True,True,CASSLGVSGGFNYGYTF,TGTGCCAGCAGCTTGGGGGTCAGCGGGGGCTTCAACTATGGCTACACCTTC,5397,19,clonotype2262,clonotype2262_consensus_1
GACGTTAAGGAGCGTT-1,True,GACGTTAAGGAGCGTT-1_contig_1,True,523,TRB,TRBV5-5,None,TRBJ1-4,TRBC1,True,True,CASSHPGPNYATNEKLFF,TGTGCCAGCAGCCATCCCGGACCGAACTACGCAACTAATGAAAAACTGTTTTTT,4130,8,clonotype4,clonotype4_consensus_1
GACGTTAAGGAGCGTT-1,True,GACGTTAAGGAGCGTT-1_contig_2,True,378,TRA,TRAV1-2,None,TRAJ30,TRAC,True,False,CAVRDLREIIF,TGTGCTGTGAGAGATCTTCGGGAGATCATCTTT,242,2,clonotype4,None
GACGTTACAAATACAG-1,True,GACGTTACAAATACAG-1_contig_1,True,505,TRB,TRBV20-1,None,TRBJ2-1,TRBC2,True,True,CSARDWSNEQFF,TGCAGTGCTAGAGATTGGAGCAATGAGCAGTTCTTC,724,8,clonotype2263,clonotype2263_consensus_2
GACGTTACAAATACAG-1,True,GACGTTACAAATACAG-1_contig_2,True,456,TRA,TRAV13-1,None,TRAJ8,TRAC,True,True,CAVNTGFQKLVF,TGTGCGGTGAACACAGGCTTTCAGAAACTTGTATTT,524,6,clonotype2263,clonotype2263_consensus_1
GACGTTACACATGGGA-1,True,GACGTTACACATGGGA-1_contig_1,True,521,TRB,TRBV20-1,None,TRBJ2-1,TRBC2,True,True,CSARVGSEVNEQFF,TGCAGTGCTAGAGTGGGGTCGGAAGTCAATGAGCAGTTCTTC,2122,9,clonotype2,clonotype2_consensus_1
GACGTTACATAGGATA-1,True,GACGTTACATAGGATA-1_contig_1,True,505,TRA,TRAV1-2,None,TRAJ33,TRAC,True,True,CAATDSNYQLIW,TGTGCTGCGACTGATAGCAACTATCAGTTAATCTGG,783,2,clonotype1,clonotype1_consensus_2
GACGTTACATAGGATA-1,True,GACGTTACATAGGATA-1_contig_2,True,498,TRB,TRBV20-1,None,TRBJ2-1,TRBC2,True,True,CSARVGSEVNEQFF,TGCAGTGCTAGAGTGGGGTCGGAAGTCAATGAGCAGTTCTTC,6203,9,clonotype1,clonotype1_consensus_1
GACGTTACATAGGATA-1,True,GACGTTACATAGGATA-1_contig_3,True,465,TRA,TRAV10,None,TRAJ24,TRAC,True,False,None,None,7154,1,clonotype1,None
GACGTTACATGACATC-1,True,GACGTTACATGACATC-1_contig_1,True,521,TRB,TRBV20-1,None,TRBJ2-5,TRBC2,True,True,CSATGQGGLETQYF,TGCAGTGCAACGGGACAGGGAGGTTTGGAGACCCAGTACTTC,2479,8,clonotype65,clonotype65_consensus_2
GACGTTACATGACATC-1,True,GACGTTACATGACATC-1_contig_2,True,511,TRA,TRAV17,None,TRAJ58,TRAC,True,True,CATDRASGSRLTF,TGTGCTACGGATAGGGCCAGTGGCTCTAGGTTGACCTTT,356,2,clonotype65,clonotype65_consensus_1
GACGTTAGTATAGTAG-1,True,GACGTTAGTATAGTAG-1_contig_1,True,521,TRB,TRBV20-1,None,TRBJ1-2,TRBC1,True,True,CSASGAGDRGNYGYTF,TGCAGTGCTAGTGGCGCGGGGGACAGGGGGAACTATGGCTACACCTTC,8169,9,clonotype2264,clonotype2264_consensus_1
GACGTTAGTCGAACAG-1,True,GACGTTAGTCGAACAG-1_contig_1,True,520,TRA,TRAV1-2,None,TRAJ6,TRAC,True,True,CAVRAARSSGGSYIPTF,TGTGCTGTGAGAGCCGCCCGATCATCAGGAGGAAGCTACATACCTACATTT,502,3,clonotype2265,clonotype2265_consensus_2
GACGTTAGTCGAACAG-1,True,GACGTTAGTCGAACAG-1_contig_2,True,662,TRB,TRBV5-6,None,TRBJ1-2,TRBC1,True,True,CASRPRTGGNYGYTF,TGTGCCAGCAGACCCCGGACAGGGGGCAACTATGGCTACACCTTC,2025,8,clonotype2265,clonotype2265_consensus_1
GACGTTAGTCGGCATC-1,True,GACGTTAGTCGGCATC-1_contig_1,True,527,TRB,TRBV20-1,None,TRBJ1-5,TRBC1,True,True,CSAIGQGAPSNQPQHF,TGCAGTGCTATCGGACAGGGGGCGCCGAGCAATCAGCCCCAGCATTTT,1210,9,clonotype12,clonotype12_consensus_1
GACGTTAGTGCCTGGT-1,True,GACGTTAGTGCCTGGT-1_contig_1,True,496,TRB,TRBV20-1,None,TRBJ2-7,TRBC2,True,True,CSASLPGIGQYF,TGCAGTGCTAGCCTCCCCGGGATAGGGCAGTACTTC,2116,10,clonotype2266,clonotype2266_consensus_2
GACGTTAGTGCCTGGT-1,True,GACGTTAGTGCCTGGT-1_contig_2,True,574,TRA,TRAV8-1,None,TRAJ39,TRAC,True,True,CAVRANNAGNMLTF,TGTGCCGTGAGGGCGAATAATGCAGGCAACATGCTCACCTTT,976,6,clonotype2266,clonotype2266_consensus_1
GACGTTAGTTGTACAC-1,True,GACGTTAGTTGTACAC-1_contig_1,True,505,TRA,TRAV1-2,None,TRAJ33,TRAC,True,True,CAATDSNYQLIW,TGTGCTGCGACTGATAGCAACTATCAGTTAATCTGG,246,7,clonotype1,clonotype1_consensus_2
GACGTTAGTTGTACAC-1,True,GACGTTAGTTGTACAC-1_contig_2,True,521,TRB,TRBV20-1,None,TRBJ2-1,TRBC2,True,True,CSARVGSEVNEQFF,TGCAGTGCTAGAGTGGGGTCGGAAGTCAATGAGCAGTTCTTC,2270,10,clonotype1,clonotype1_consensus_1
GACGTTATCCAAGCCG-1,True,GACGTTATCCAAGCCG-1_contig_1,True,505,TRA,TRAV1-2,None,TRAJ33,TRAC,True,True,CAATDSNYQLIW,TGTGCTGCGACTGATAGCAACTATCAGTTAATCTGG,4011,4,clonotype1,clonotype1_consensus_2
GACGTTATCCAAGCCG-1,True,GACGTTATCCAAGCCG-1_contig_2,True,521,TRB,TRBV20-1,None,TRBJ2-1,TRBC2,True,True,CSARVGSEVNEQFF,TGCAGTGCTAGAGTGGGGTCGGAAGTCAATGAGCAGTTCTTC,2968,9,clonotype1,clonotype1_consensus_1
GACGTTATCGTTGACA-1,True,GACGTTATCGTTGACA-1_contig_1,True,515,TRB,TRBV20-1,None,TRBJ1-3,TRBC1,True,True,CSASQGGGNTIYF,TGCAGTGCTAGCCAAGGAGGTGGAAACACCATATATTTT,1180,5,clonotype339,clonotype339_consensus_2
GACGTTATCGTTGACA-1,True,GACGTTATCGTTGACA-1_contig_2,True,573,TRA,TRAV8-4,None,TRAJ56,TRAC,True,True,CAVRALTGANSKLTF,TGTGCTGTGAGGGCTCTTACTGGAGCCAATAGTAAGCTGACATTT,200,3,clonotype339,clonotype339_consensus_1
GACGTTATCTCTAAGG-1,True,GACGTTATCTCTAAGG-1_contig_1,True,505,TRA,TRAV23/DV6,None,TRAJ58,TRAC,True,True,CAASASGSRLTF,TGTGCAGCATCGGCCAGTGGCTCTAGGTTGACCTTT,650,4,clonotype2267,clonotype2267_consensus_3
GACGTTATCTCTAAGG-1,True,GACGTTATCTCTAAGG-1_contig_2,True,571,TRA,TRAV19,None,TRAJ57,TRAC,True,True,CALSEDFQGGSEKLVF,TGTGCTCTGAGTGAGGACTTTCAGGGCGGATCTGAAAAGCTGGTCTTT,743,2,clonotype2267,clonotype2267_consensus_2
GACGTTATCTCTAAGG-1,True,GACGTTATCTCTAAGG-1_contig_3,True,493,TRB,TRBV5-6,None,TRBJ2-3,TRBC2,True,True,CASSYGGLVLSTQYF,TGTGCCAGCAGCTACGGTGGGCTGGTCCTCTCTACGCAGTATTTT,2275,11,clonotype2267,clonotype2267_consensus_1
GACTAACAGAACAATC-1,True,GACTAACAGAACAATC-1_contig_1,True,472,TRB,TRBV5-6,None,TRBJ1-1,TRBC1,True,True,CASSPNRNEAFF,TGTGCCAGCAGCCCCAACAGGAATGAAGCTTTCTTT,8171,9,clonotype2268,clonotype2268_consensus_1
GACTAACAGAACAATC-1,True,GACTAACAGAACAATC-1_contig_2,True,637,TRA,TRAV8-6,None,TRAJ13,TRAC,True,True,CAVSGAGGYQKVTF,TGTGCTGTGAGTGGGGCTGGGGGTTACCAGAAAGTTACCTTT,3703,9,clonotype2268,clonotype2268_consensus_2
GACTAACAGAACAATC-1,True,GACTAACAGAACAATC-1_contig_3,True,366,TRB,None,None,TRBJ1-4,TRBC1,False,False,None,None,877,8,clonotype2268,None
GACTAACAGACAGACC-1,True,GACTAACAGACAGACC-1_contig_1,True,491,TRB,TRBV20-1,None,TRBJ2-5,TRBC2,True,True,CSARSHEGGNEETQYF,TGCAGTGCTAGGTCCCACGAGGGGGGGAATGAAGAGACCCAGTACTTC,1136,6,clonotype2269,clonotype2269_consensus_1
GACTAACAGACAGACC-1,True,GACTAACAGACAGACC-1_contig_2,True,515,TRA,TRAV13-2,None,TRAJ26,TRAC,True,True,CAEILRDNYGQNFVF,TGTGCAGAGATCCTCCGGGATAACTATGGTCAGAATTTTGTCTTT,1135,5,clonotype2269,clonotype2269_consensus_2
GACTAACAGCGAGAAA-1,True,GACTAACAGCGAGAAA-1_contig_1,True,505,TRA,TRAV1-2,None,TRAJ33,TRAC,True,True,CAATDSNYQLIW,TGTGCTGCGACTGATAGCAACTATCAGTTAATCTGG,320,4,clonotype1,clonotype1_consensus_2
GACTAACAGCGAGAAA-1,True,GACTAACAGCGAGAAA-1_contig_2,True,521,TRB,TRBV20-1,None,TRBJ2-1,TRBC2,True,True,CSARVGSEVNEQFF,TGCAGTGCTAGAGTGGGGTCGGAAGTCAATGAGCAGTTCTTC,2513,6,clonotype1,clonotype1_consensus_1
GACTAACAGCGAGAAA-1,True,GACTAACAGCGAGAAA-1_contig_3,True,465,TRA,TRAV10,None,TRAJ24,TRAC,True,False,None,None,659,3,clonotype1,None
GACTAACAGGACAGCT-1,True,GACTAACAGGACAGCT-1_contig_1,True,492,TRB,TRBV20-1,None,TRBJ2-4,TRBC2,True,True,CSARGGTGRWYF,TGCAGTGCTAGAGGCGGGACAGGGAGATGGTACTTC,288,5,clonotype2270,clonotype2270_consensus_1
GACTAACAGGACAGCT-1,True,GACTAACAGGACAGCT-1_contig_2,True,557,TRA,TRAV12-1,None,TRAJ39,TRAC,True,True,CVVNQANNAGNMLTF,TGTGTGGTGAACCAGGCGAATAATGCAGGCAACATGCTCACCTTT,619,4,clonotype2270,clonotype2270_consensus_2
GACTAACAGGTGATTA-1,True,GACTAACAGGTGATTA-1_contig_1,True,505,TRA,TRAV1-2,None,TRAJ33,TRAC,True,True,CAATDSNYQLIW,TGTGCTGCGACTGATAGCAACTATCAGTTAATCTGG,495,3,clonotype1,clonotype1_consensus_2
GACTAACAGGTGATTA-1,True,GACTAACAGGTGATTA-1_contig_2,True,521,TRB,TRBV20-1,None,TRBJ2-1,TRBC2,True,True,CSARVGSEVNEQFF,TGCAGTGCTAGAGTGGGGTCGGAAGTCAATGAGCAGTTCTTC,656,8,clonotype1,clonotype1_consensus_1
GACTAACAGGTGATTA-1,True,GACTAACAGGTGATTA-1_contig_3,True,457,TRA,TRAV10,None,TRAJ24,TRAC,True,False,None,None,178,3,clonotype1,None
GACTAACAGGTGGGTT-1,True,GACTAACAGGTGGGTT-1_contig_1,True,495,TRB,TRBV20-1,None,TRBJ2-7,TRBC2,True,True,CSAGPSGVSYEQYF,TGCAGTGCCGGCCCTAGCGGGGTATCCTACGAGCAGTACTTC,626,5,clonotype2271,clonotype2271_consensus_2
GACTAACAGGTGGGTT-1,True,GACTAACAGGTGGGTT-1_contig_2,True,498,TRA,TRAV9-2,None,TRAJ37,TRAC,True,True,CALKDRSSNTGKLIF,TGTGCTCTGAAAGATCGCTCTAGCAACACAGGCAAACTAATCTTT,1177,6,clonotype2271,clonotype2271_consensus_1
GACTAACCAACTGCTA-1,True,GACTAACCAACTGCTA-1_contig_1,True,508,TRA,TRAV13-2,None,TRAJ45,TRAC,True,True,CAARRRGGGADGLTF,TGTGCGGCTAGACGGAGGGGAGGAGGTGCTGACGGACTCACCTTT,542,1,clonotype2272,clonotype2272_consensus_1
GACTAACCAACTGCTA-1,True,GACTAACCAACTGCTA-1_contig_2,True,521,TRB,TRBV20-1,None,TRBJ1-6,TRBC1,True,True,CSARPGRENSPLHF,TGCAGTGCTAGACCCGGACGGGAAAATTCACCCCTCCACTTT,2110,9,clonotype2272,clonotype2272_consensus_2
GACTAACCAAGTACCT-1,True,GACTAACCAAGTACCT-1_contig_1,True,518,TRB,TRBV20-1,None,TRBJ2-1,TRBC2,True,True,CSARLGSYNEQFF,TGCAGTGCTAGACTAGGGTCCTACAATGAGCAGTTCTTC,606,7,clonotype2273,clonotype2273_consensus_1
GACTAACCACAACGCC-1,True,GACTAACCACAACGCC-1_contig_1,True,492,TRB,TRBV20-1,None,TRBJ1-3,TRBC1,True,True,CSARGQPHTIYF,TGCAGTGCTAGAGGTCAGCCCCACACCATATATTTT,3609,12,clonotype2274,clonotype2274_consensus_2
GACTAACCACAACGCC-1,True,GACTAACCACAACGCC-1_contig_2,True,502,TRA,TRAV17,None,TRAJ54,TRAC,True,True,CATDGAQKLVF,TGTGCTACGGACGGAGCCCAGAAGCTGGTATTT,2086,7,clonotype2274,clonotype2274_consensus_1
GACTAACCACAGACAG-1,True,GACTAACCACAGACAG-1_contig_1,True,505,TRA,TRAV1-2,None,TRAJ33,TRAC,True,True,CAATDSNYQLIW,TGTGCTGCGACTGATAGCAACTATCAGTTAATCTGG,104,2,clonotype1,clonotype1_consensus_2
GACTAACCACAGACAG-1,True,GACTAACCACAGACAG-1_contig_2,True,521,TRB,TRBV20-1,None,TRBJ2-1,TRBC2,True,True,CSARVGSEVNEQFF,TGCAGTGCTAGAGTGGGGTCGGAAGTCAATGAGCAGTTCTTC,1649,8,clonotype1,clonotype1_consensus_1
GACTAACCACAGACAG-1,True,GACTAACCACAGACAG-1_contig_3,True,517,TRA,TRAV10,None,TRAJ24,TRAC,True,False,None,None,266,2,clonotype1,None
GACTAACCACCCAGTG-1,True,GACTAACCACCCAGTG-1_contig_1,True,505,TRA,TRAV1-2,None,TRAJ33,TRAC,True,True,CAATDSNYQLIW,TGTGCTGCGACTGATAGCAACTATCAGTTAATCTGG,591,2,clonotype1,clonotype1_consensus_2
GACTAACCACCCAGTG-1,True,GACTAACCACCCAGTG-1_contig_2,True,521,TRB,TRBV20-1,None,TRBJ2-1,TRBC2,True,True,CSARVGSEVNEQFF,TGCAGTGCTAGAGTGGGGTCGGAAGTCAATGAGCAGTTCTTC,2421,8,clonotype1,clonotype1_consensus_1
GACTAACCACCTTGTC-1,True,GACTAACCACCTTGTC-1_contig_1,True,505,TRA,TRAV1-2,None,TRAJ33,TRAC,True,True,CAATDSNYQLIW,TGTGCTGCGACTGATAGCAACTATCAGTTAATCTGG,824,4,clonotype1,clonotype1_consensus_2
GACTAACCACCTTGTC-1,True,GACTAACCACCTTGTC-1_contig_2,True,495,TRB,TRBV20-1,None,TRBJ2-1,TRBC2,True,True,CSARVGSEVNEQFF,TGCAGTGCTAGAGTGGGGTCGGAAGTCAATGAGCAGTTCTTC,317,2,clonotype1,clonotype1_consensus_1
GACTAACGTACGAAAT-1,True,GACTAACGTACGAAAT-1_contig_1,True,517,TRA,TRAV20,None,TRAJ3,TRAC,True,True,CAVQGERGYSSASKIIF,TGTGCTGTGCAGGGCGAACGGGGGTACAGCAGTGCTTCCAAGATAATCTTT,2013,7,clonotype2275,clonotype2275_consensus_2
GACTAACGTACGAAAT-1,True,GACTAACGTACGAAAT-1_contig_2,True,671,TRB,TRBV5-6,None,TRBJ1-3,TRBC1,True,True,CASSLFMARTGTGNTIYF,TGTGCCAGCAGCTTGTTTATGGCGCGGACAGGGACTGGAAACACCATATATTTT,913,6,clonotype2275,clonotype2275_consensus_1
GACTAACGTATGAATG-1,True,GACTAACGTATGAATG-1_contig_1,True,495,TRA,TRAV1-2,None,TRAJ33,TRAC,True,True,CAATDSNYQLIW,TGTGCTGCGACTGATAGCAACTATCAGTTAATCTGG,612,4,clonotype1,clonotype1_consensus_2
GACTAACGTATGAATG-1,True,GACTAACGTATGAATG-1_contig_2,True,498,TRB,TRBV20-1,None,TRBJ2-1,TRBC2,True,True,CSARVGSEVNEQFF,TGCAGTGCTAGAGTGGGGTCGGAAGTCAATGAGCAGTTCTTC,2433,10,clonotype1,clonotype1_consensus_1
GACTAACGTCTGATCA-1,True,GACTAACGTCTGATCA-1_contig_1,True,514,TRA,TRAV20,None,TRAJ32,TRAC,True,True,CAVQAAGGGATNKLIF,TGTGCTGTGCAGGCCGCGGGAGGTGGTGCTACAAACAAGCTCATCTTT,617,3,clonotype2276,clonotype2276_consensus_1
GACTAACGTCTGATCA-1,True,GACTAACGTCTGATCA-1_contig_2,True,656,TRB,TRBV5-6,None,TRBJ2-2,TRBC2,True,True,CASSLAGLTGELFF,TGTGCCAGCAGCTTGGCCGGCCTCACCGGGGAGCTGTTTTTT,3485,13,clonotype2276,clonotype2276_consensus_2
GACTAACGTCTTCGTC-1,True,GACTAACGTCTTCGTC-1_contig_1,True,498,TRB,TRBV20-1,None,TRBJ2-1,TRBC2,True,True,CSARVGSEVNEQFF,TGCAGTGCTAGAGTGGGGTCGGAAGTCAATGAGCAGTTCTTC,910,5,clonotype2,clonotype2_consensus_1
GACTAACGTCTTCGTC-1,True,GACTAACGTCTTCGTC-1_contig_2,True,472,TRA,TRAV10,None,TRAJ24,TRAC,True,False,None,None,522,2,clonotype2,None
GACTAACGTGAAAGAG-1,True,GACTAACGTGAAAGAG-1_contig_1,True,683,TRB,TRBV5-6,None,TRBJ1-2,TRBC1,True,True,CASSRTALGGYTF,TGTGCCAGCAGCCGGACCGCCCTGGGTGGCTACACCTTC,1955,9,clonotype2277,clonotype2277_consensus_1
GACTAACGTGAAAGAG-1,True,GACTAACGTGAAAGAG-1_contig_2,True,497,TRA,TRAV9-2,None,TRAJ45,TRAC,True,True,CALSPKGGGADGLTF,TGTGCTCTGAGTCCGAAAGGAGGAGGTGCTGACGGACTCACCTTT,245,2,clonotype2277,clonotype2277_consensus_2
GACTAACGTTAGGGTG-1,True,GACTAACGTTAGGGTG-1_contig_1,True,518,TRB,TRBV20-1,None,TRBJ1-5,TRBC1,True,True,CSARWHAGGPQHF,TGCAGTGCCCGGTGGCACGCCGGAGGGCCCCAGCATTTT,3387,10,clonotype43,clonotype43_consensus_2
GACTAACGTTAGGGTG-1,True,GACTAACGTTAGGGTG-1_contig_2,True,514,TRA,TRAV30,None,TRAJ48,TRAC,True,True,CGTLPWTGGNEKLTF,TGCGGCACACTCCCGTGGACAGGGGGAAATGAGAAATTAACCTTT,542,2,clonotype43,clonotype43_consensus_3
GACTAACGTTAGGGTG-1,True,GACTAACGTTAGGGTG-1_contig_3,True,486,TRA,TRAV12-3,None,TRAJ49,TRAC,True,True,CAIRGQFYF,TGTGCAATAAGAGGCCAGTTCTATTTT,3599,4,clonotype43,clonotype43_consensus_1
GACTAACGTTCCCTTG-1,True,GACTAACGTTCCCTTG-1_contig_1,True,502,TRA,TRAV1-2,None,TRAJ33,TRAC,True,True,CAATDSNYQLIW,TGTGCTGCGACTGATAGCAACTATCAGTTAATCTGG,235,3,clonotype1,clonotype1_consensus_2
GACTAACGTTCCCTTG-1,True,GACTAACGTTCCCTTG-1_contig_2,True,521,TRB,TRBV20-1,None,TRBJ2-1,TRBC2,True,True,CSARVGSEVNEQFF,TGCAGTGCTAGAGTGGGGTCGGAAGTCAATGAGCAGTTCTTC,2564,10,clonotype1,clonotype1_consensus_1
GACTAACGTTCGTGAT-1,True,GACTAACGTTCGTGAT-1_contig_1,True,497,TRB,TRBV20-1,None,TRBJ2-1,TRBC2,True,True,CSARVGSEVNEQFF,TGCAGTGCTAGAGTGGGGTCGGAAGTCAATGAGCAGTTCTTC,2064,7,clonotype2,clonotype2_consensus_1
GACTAACTCACCGTAA-1,True,GACTAACTCACCGTAA-1_contig_1,True,479,TRB,TRBV20-1,None,TRBJ1-5,TRBC1,True,True,CSARDYTGTGNQPQHF,TGCAGTGCTAGAGATTACACAGGGACAGGCAATCAGCCCCAGCATTTT,1211,6,clonotype226,clonotype226_consensus_2
GACTAACTCACCGTAA-1,True,GACTAACTCACCGTAA-1_contig_2,True,506,TRA,TRAV1-2,None,TRAJ33,TRAC,True,True,CAVKDSNYQLIW,TGTGCTGTGAAGGATAGCAACTATCAGTTAATCTGG,259,2,clonotype226,clonotype226_consensus_1
GACTAACTCACCGTAA-1,True,GACTAACTCACCGTAA-1_contig_3,True,318,TRB,None,None,TRBJ2-7,TRBC2,False,False,None,None,684,2,clonotype226,None
GACTAACTCGCAAACT-1,True,GACTAACTCGCAAACT-1_contig_1,True,519,TRA,TRAV26-2,None,TRAJ29,TRAC,True,True,CILMYINTPLVF,TGCATCCTGATGTATATAAACACACCTCTTGTCTTT,356,3,clonotype169,clonotype169_consensus_1
GACTAACTCGCAAACT-1,True,GACTAACTCGCAAACT-1_contig_2,True,521,TRB,TRBV20-1,None,TRBJ1-5,TRBC1,True,True,CSVPDRVASQPQHF,TGCAGTGTCCCGGACAGGGTAGCAAGCCAGCCCCAGCATTTT,2062,9,clonotype169,clonotype169_consensus_2
GACTAACTCGTACCGG-1,True,GACTAACTCGTACCGG-1_contig_1,True,505,TRA,TRAV1-2,None,TRAJ33,TRAC,True,True,CAATDSNYQLIW,TGTGCTGCGACTGATAGCAACTATCAGTTAATCTGG,194,5,clonotype1,clonotype1_consensus_2
GACTAACTCGTACCGG-1,True,GACTAACTCGTACCGG-1_contig_2,True,521,TRB,TRBV20-1,None,TRBJ2-1,TRBC2,True,True,CSARVGSEVNEQFF,TGCAGTGCTAGAGTGGGGTCGGAAGTCAATGAGCAGTTCTTC,1255,6,clonotype1,clonotype1_consensus_1
GACTAACTCGTACCGG-1,True,GACTAACTCGTACCGG-1_contig_3,True,467,TRA,TRAV10,None,TRAJ24,TRAC,True,False,None,None,438,2,clonotype1,None
GACTACAAGACTCGGA-1,True,GACTACAAGACTCGGA-1_contig_1,True,618,TRA,TRAV3,None,TRAJ29,TRAC,True,True,CAVRKTRGNTPLVF,TGTGCTGTGAGAAAGACAAGGGGAAACACACCTCTTGTCTTT,453,4,clonotype2278,clonotype2278_consensus_2
GACTACAAGACTCGGA-1,True,GACTACAAGACTCGGA-1_contig_2,True,521,TRB,TRBV20-1,None,TRBJ1-4,TRBC1,True,True,CSAPGAGTNEKLFF,TGCAGTGCCCCGGGTGCAGGGACTAATGAAAAACTGTTTTTT,15004,11,clonotype2278,clonotype2278_consensus_1
GACTACAAGGGATGGG-1,True,GACTACAAGGGATGGG-1_contig_1,True,502,TRA,TRAV1-2,None,TRAJ33,TRAC,True,True,CAAMDSNYQLIW,TGTGCTGCCATGGATAGCAACTATCAGTTAATCTGG,253,3,clonotype21,clonotype21_consensus_2
GACTACAAGGGATGGG-1,True,GACTACAAGGGATGGG-1_contig_2,True,521,TRB,TRBV20-1,None,TRBJ1-1,TRBC1,True,True,CSAREGGKDTEAFF,TGCAGTGCTAGGGAGGGGGGTAAGGACACTGAAGCTTTCTTT,1258,6,clonotype21,clonotype21_consensus_1
GACTACAAGGGATGGG-1,True,GACTACAAGGGATGGG-1_contig_3,True,532,TRA,TRAV12-2,None,TRAJ49,TRAC,True,False,None,None,1117,3,clonotype21,None
GACTACAAGGGATGGG-1,True,GACTACAAGGGATGGG-1_contig_4,True,310,TRB,None,None,TRBJ2-2P,TRBC2,False,False,None,None,753,3,clonotype21,None
GACTACAAGGTGATAT-1,True,GACTACAAGGTGATAT-1_contig_1,True,452,TRA,TRAV9-2,None,TRAJ39,TRAC,True,True,CALRRNNAGNMLTF,TGTGCTCTGAGACGTAATAATGCAGGCAACATGCTCACCTTT,3920,6,clonotype103,clonotype103_consensus_1
GACTACAAGGTGATAT-1,True,GACTACAAGGTGATAT-1_contig_2,True,524,TRB,TRBV20-1,None,TRBJ2-1,TRBC2,True,True,CSAEYLAGGLNEQFF,TGCAGTGCCGAGTACCTAGCGGGGGGGCTGAATGAGCAGTTCTTC,1823,5,clonotype103,clonotype103_consensus_2
GACTACAAGGTGATAT-1,True,GACTACAAGGTGATAT-1_contig_3,True,509,TRB,TRBV6-1,None,TRBJ2-3,TRBC2,True,True,CASRRTSVGTDTQYF,TGTGCCAGCAGGCGGACTAGCGTCGGCACAGATACGCAGTATTTT,1680,2,clonotype103,clonotype103_consensus_3
GACTACAAGTCCGTAT-1,True,GACTACAAGTCCGTAT-1_contig_1,True,754,TRB,TRBV13,None,TRBJ2-5,TRBC2,True,True,CASSLVSGRGGQETQYF,TGTGCCAGCAGCTTAGTTAGCGGGAGGGGGGGCCAAGAGACCCAGTACTTC,5353,18,clonotype2279,clonotype2279_consensus_2
GACTACAAGTCCGTAT-1,True,GACTACAAGTCCGTAT-1_contig_2,True,621,TRA,TRAV8-6,None,TRAJ41,TRAC,True,True,CAVTLSSGYALNF,TGTGCTGTGACCCTCTCCTCCGGGTATGCACTCAACTTC,1189,5,clonotype2279,clonotype2279_consensus_1
GACTACACAAGGACTG-1,True,GACTACACAAGGACTG-1_contig_1,True,505,TRA,TRAV1-2,None,TRAJ33,TRAC,True,True,CAATDSNYQLIW,TGTGCTGCGACTGATAGCAACTATCAGTTAATCTGG,201,6,clonotype1,clonotype1_consensus_2
GACTACACAAGGACTG-1,True,GACTACACAAGGACTG-1_contig_2,True,498,TRB,TRBV20-1,None,TRBJ2-1,TRBC2,True,True,CSARVGSEVNEQFF,TGCAGTGCTAGAGTGGGGTCGGAAGTCAATGAGCAGTTCTTC,6410,8,clonotype1,clonotype1_consensus_1
GACTACACAGACAGGT-1,True,GACTACACAGACAGGT-1_contig_1,True,495,TRB,TRBV20-1,None,TRBJ2-1,TRBC2,True,True,CSARVGSEVNEQFF,TGCAGTGCTAGAGTGGGGTCGGAAGTCAATGAGCAGTTCTTC,2098,12,clonotype2,clonotype2_consensus_1
GACTACACAGACAGGT-1,True,GACTACACAGACAGGT-1_contig_2,True,465,TRA,TRAV10,None,TRAJ24,TRAC,True,False,None,None,250,3,clonotype2,None
GACTACACAGACTCGC-1,True,GACTACACAGACTCGC-1_contig_1,True,577,TRA,TRAV26-1,None,TRAJ54,TRAC,True,True,CIVKPKIQGAQKLVF,TGCATCGTCAAACCGAAAATTCAGGGAGCCCAGAAGCTGGTATTT,847,3,clonotype2280,clonotype2280_consensus_1
GACTACACAGACTCGC-1,True,GACTACACAGACTCGC-1_contig_2,True,521,TRB,TRBV5-5,None,TRBJ1-5,TRBC1,True,True,CASSARGDPGNQPQHF,TGTGCCAGCAGCGCAAGGGGAGACCCAGGGAATCAGCCCCAGCATTTT,2185,12,clonotype2280,clonotype2280_consensus_2
GACTACACAGACTCGC-1,True,GACTACACAGACTCGC-1_contig_3,True,303,TRB,None,None,TRBJ2-7,TRBC2,False,False,None,None,868,3,clonotype2280,None
GACTACACAGTCACTA-1,True,GACTACACAGTCACTA-1_contig_1,True,502,TRB,TRBV20-1,None,TRBJ2-1,TRBC2,True,True,CSARVGSEVNEQFF,TGCAGTGCTAGAGTGGGGTCGGAAGTCAATGAGCAGTTCTTC,579,7,clonotype2,clonotype2_consensus_1
GACTACACAGTCACTA-1,True,GACTACACAGTCACTA-1_contig_2,True,461,TRA,TRAV10,None,TRAJ24,TRAC,True,False,None,None,203,3,clonotype2,None
GACTACACATGTAGTC-1,True,GACTACACATGTAGTC-1_contig_1,True,515,TRB,TRBV20-1,None,TRBJ2-5,TRBC2,True,True,CSASGEQETQYF,TGCAGTGCCTCGGGGGAACAAGAGACCCAGTACTTC,7404,6,clonotype313,clonotype313_consensus_1
GACTACACATGTAGTC-1,True,GACTACACATGTAGTC-1_contig_2,True,508,TRA,TRAV12-1,None,TRAJ40,TRAC,True,True,CVVTPSGTYKYIF,TGTGTGGTGACCCCATCAGGAACCTACAAATACATCTTT,60,2,clonotype313,clonotype313_consensus_2
GACTACACATGTCGAT-1,True,GACTACACATGTCGAT-1_contig_1,True,521,TRB,TRBV20-1,None,TRBJ2-1,TRBC2,True,True,CSARVGSEVNEQFF,TGCAGTGCTAGAGTGGGGTCGGAAGTCAATGAGCAGTTCTTC,851,6,clonotype2,clonotype2_consensus_1
GACTACACATGTTCCC-1,True,GACTACACATGTTCCC-1_contig_1,True,505,TRA,TRAV1-2,None,TRAJ33,TRAC,True,True,CAATDSNYQLIW,TGTGCTGCGACTGATAGCAACTATCAGTTAATCTGG,225,2,clonotype1,clonotype1_consensus_2
GACTACACATGTTCCC-1,True,GACTACACATGTTCCC-1_contig_2,True,498,TRB,TRBV20-1,None,TRBJ2-1,TRBC2,True,True,CSARVGSEVNEQFF,TGCAGTGCTAGAGTGGGGTCGGAAGTCAATGAGCAGTTCTTC,1676,9,clonotype1,clonotype1_consensus_1
GACTACACATGTTCCC-1,True,GACTACACATGTTCCC-1_contig_3,True,465,TRA,TRAV10,None,TRAJ24,TRAC,True,False,None,None,1940,2,clonotype1,None
GACTACAGTACCAGTT-1,True,GACTACAGTACCAGTT-1_contig_1,True,501,TRB,TRBV20-1,None,TRBJ1-1,TRBC1,True,True,CSAREPGRVNTEAFF,TGCAGTGCTAGGGAACCGGGCAGAGTGAACACTGAAGCTTTCTTT,200,4,clonotype2281,clonotype2281_consensus_2
GACTACAGTACCAGTT-1,True,GACTACAGTACCAGTT-1_contig_2,True,518,TRA,TRAV13-2,None,TRAJ52,TRAC,True,True,CAETNAGGTSYGKLTF,TGTGCAGAGACCAATGCTGGTGGTACTAGCTATGGAAAGCTGACATTT,635,2,clonotype2281,clonotype2281_consensus_1
GACTACAGTACCAGTT-1,True,GACTACAGTACCAGTT-1_contig_3,True,303,TRB,None,None,TRBJ2-1,TRBC2,False,False,None,None,635,11,clonotype2281,None
GACTACAGTACCAGTT-1,True,GACTACAGTACCAGTT-1_contig_4,True,482,TRA,TRAV10,None,TRAJ21,TRAC,True,False,None,None,278,2,clonotype2281,None
GACTACAGTGCAGGTA-1,True,GACTACAGTGCAGGTA-1_contig_1,True,583,TRA,TRAV26-1,None,TRAJ37,TRAC,True,True,CIVRVGFGSSNTGKLIF,TGCATCGTCAGAGTCGGTTTTGGGTCTAGCAACACAGGCAAACTAATCTTT,1056,2,clonotype2282,clonotype2282_consensus_2
GACTACAGTGCAGGTA-1,True,GACTACAGTGCAGGTA-1_contig_2,True,663,TRB,TRBV5-6,None,TRBJ2-3,TRBC2,True,True,CASSLGLRSTDTQYF,TGTGCCAGCAGCTTGGGACTCCGTAGTACAGATACGCAGTATTTT,3020,11,clonotype2282,clonotype2282_consensus_1
GACTACAGTGCAGGTA-1,True,GACTACAGTGCAGGTA-1_contig_3,True,490,TRA,TRAV35,None,TRAJ22,TRAC,True,False,CAAILISSGSARQLTF,TGTGCTGCGATATTAATTTCTTCTGGTTCTGCAAGGCAACTGACCTTT,714,2,clonotype2282,None
GACTACAGTTAAGTAG-1,True,GACTACAGTTAAGTAG-1_contig_1,True,459,TRA,TRAV13-1,None,TRAJ39,TRAC,True,True,CAAISYAGNMLTF,TGTGCAGCCATTTCTTATGCAGGCAACATGCTCACCTTT,698,4,clonotype2283,clonotype2283_consensus_2
GACTACAGTTAAGTAG-1,True,GACTACAGTTAAGTAG-1_contig_2,True,480,TRB,TRBV5-6,None,TRBJ2-1,TRBC2,True,True,CASSRGLGNEQFF,TGTGCCAGCAGCCGGGGTCTGGGGAATGAGCAGTTCTTC,649,7,clonotype2283,clonotype2283_consensus_1
GACTACAGTTAAGTAG-1,True,GACTACAGTTAAGTAG-1_contig_3,True,515,TRA,TRAV23/DV6,None,TRAJ23,TRAC,True,False,None,None,982,3,clonotype2283,None
GACTACATCATGCATG-1,True,GACTACATCATGCATG-1_contig_1,True,505,TRA,TRAV1-2,None,TRAJ33,TRAC,True,True,CAATDSNYQLIW,TGTGCTGCGACTGATAGCAACTATCAGTTAATCTGG,1080,4,clonotype1,clonotype1_consensus_2
GACTACATCATGCATG-1,True,GACTACATCATGCATG-1_contig_2,True,498,TRB,TRBV20-1,None,TRBJ2-1,TRBC2,True,True,CSARVGSEVNEQFF,TGCAGTGCTAGAGTGGGGTCGGAAGTCAATGAGCAGTTCTTC,961,7,clonotype1,clonotype1_consensus_1
GACTACATCCTTTACA-1,True,GACTACATCCTTTACA-1_contig_1,True,505,TRA,TRAV1-2,None,TRAJ33,TRAC,True,True,CAATDSNYQLIW,TGTGCTGCGACTGATAGCAACTATCAGTTAATCTGG,1048,5,clonotype1,clonotype1_consensus_2
GACTACATCCTTTACA-1,True,GACTACATCCTTTACA-1_contig_2,True,521,TRB,TRBV20-1,None,TRBJ2-1,TRBC2,True,True,CSARVGSEVNEQFF,TGCAGTGCTAGAGTGGGGTCGGAAGTCAATGAGCAGTTCTTC,1348,10,clonotype1,clonotype1_consensus_1
GACTACATCTGCGGCA-1,True,GACTACATCTGCGGCA-1_contig_1,True,512,TRA,TRAV13-2,None,TRAJ53,TRAC,True,True,CAENSGGSNYKLTF,TGTGCAGAGAATAGTGGAGGTAGCAACTATAAACTGACATTT,288,3,clonotype57,clonotype57_consensus_2
GACTACATCTGCGGCA-1,True,GACTACATCTGCGGCA-1_contig_2,True,524,TRB,TRBV20-1,None,TRBJ2-1,TRBC2,True,True,CSAKSGQGNYNEQFF,TGCAGTGCTAAGTCAGGACAGGGGAATTACAATGAGCAGTTCTTC,2666,13,clonotype57,clonotype57_consensus_1
GACTACATCTGCGGCA-1,True,GACTACATCTGCGGCA-1_contig_3,True,494,TRA,TRAV27,None,TRAJ45,TRAC,True,False,None,None,69,2,clonotype57,None
GACTGCGAGACTCGGA-1,True,GACTGCGAGACTCGGA-1_contig_1,True,527,TRA,TRAV27,None,TRAJ31,TRAC,True,True,CAGGRNNNARLMF,TGTGCAGGAGGACGGAATAACAATGCCAGACTCATGTTT,1042,3,clonotype2284,clonotype2284_consensus_2
GACTGCGAGACTCGGA-1,True,GACTGCGAGACTCGGA-1_contig_2,True,498,TRB,TRBV20-1,None,TRBJ1-5,TRBC1,True,True,CSARSRAGNQPQHF,TGCAGTGCTAGATCCAGGGCGGGAAATCAGCCCCAGCATTTT,1339,7,clonotype2284,clonotype2284_consensus_1
GACTGCGAGAGGGATA-1,True,GACTGCGAGAGGGATA-1_contig_1,True,505,TRA,TRAV1-2,None,TRAJ33,TRAC,True,True,CAATDSNYQLIW,TGTGCTGCGACTGATAGCAACTATCAGTTAATCTGG,201,2,clonotype1,clonotype1_consensus_2
GACTGCGAGAGGGATA-1,True,GACTGCGAGAGGGATA-1_contig_2,True,521,TRB,TRBV20-1,None,TRBJ2-1,TRBC2,True,True,CSARVGSEVNEQFF,TGCAGTGCTAGAGTGGGGTCGGAAGTCAATGAGCAGTTCTTC,1824,9,clonotype1,clonotype1_consensus_1
GACTGCGAGAGGGATA-1,True,GACTGCGAGAGGGATA-1_contig_3,True,465,TRA,TRAV10,None,TRAJ24,TRAC,True,False,None,None,580,3,clonotype1,None
GACTGCGAGCCCAGCT-1,True,GACTGCGAGCCCAGCT-1_contig_1,True,505,TRA,TRAV1-2,None,TRAJ33,TRAC,True,True,CAATDSNYQLIW,TGTGCTGCGACTGATAGCAACTATCAGTTAATCTGG,375,5,clonotype1,clonotype1_consensus_2
GACTGCGAGCCCAGCT-1,True,GACTGCGAGCCCAGCT-1_contig_2,True,521,TRB,TRBV20-1,None,TRBJ2-1,TRBC2,True,True,CSARVGSEVNEQFF,TGCAGTGCTAGAGTGGGGTCGGAAGTCAATGAGCAGTTCTTC,4462,12,clonotype1,clonotype1_consensus_1
GACTGCGAGCCCAGCT-1,True,GACTGCGAGCCCAGCT-1_contig_3,True,482,TRA,TRAV10,None,TRAJ24,TRAC,True,False,None,None,277,3,clonotype1,None
GACTGCGAGTGACTCT-1,True,GACTGCGAGTGACTCT-1_contig_1,True,505,TRA,TRAV1-2,None,TRAJ33,TRAC,True,True,CAATDSNYQLIW,TGTGCTGCGACTGATAGCAACTATCAGTTAATCTGG,1586,6,clonotype1,clonotype1_consensus_2
GACTGCGAGTGACTCT-1,True,GACTGCGAGTGACTCT-1_contig_2,True,521,TRB,TRBV20-1,None,TRBJ2-1,TRBC2,True,True,CSARVGSEVNEQFF,TGCAGTGCTAGAGTGGGGTCGGAAGTCAATGAGCAGTTCTTC,2483,10,clonotype1,clonotype1_consensus_1
GACTGCGAGTGACTCT-1,True,GACTGCGAGTGACTCT-1_contig_3,True,465,TRA,TRAV10,None,TRAJ24,TRAC,True,False,None,None,708,2,clonotype1,None
GACTGCGAGTTTCCTT-1,True,GACTGCGAGTTTCCTT-1_contig_1,True,497,TRB,TRBV20-1,None,TRBJ2-1,TRBC2,True,True,CSARVGSEVNEQFF,TGCAGTGCTAGAGTGGGGTCGGAAGTCAATGAGCAGTTCTTC,1077,8,clonotype2,clonotype2_consensus_1
GACTGCGCAATAGCGG-1,True,GACTGCGCAATAGCGG-1_contig_1,True,489,TRA,TRAV9-2,None,TRAJ6,TRAC,True,True,CALSDGSYIPTF,TGTGCTCTGAGTGATGGAAGCTACATACCTACATTT,697,4,clonotype2285,clonotype2285_consensus_1
GACTGCGCAATAGCGG-1,True,GACTGCGCAATAGCGG-1_contig_2,True,493,TRB,TRBV5-6,None,TRBJ1-5,TRBC1,True,True,CASSPRTGDNQPQHF,TGTGCCAGCAGCCCCCGGACAGGGGACAATCAGCCCCAGCATTTT,154,1,clonotype2285,clonotype2285_consensus_2
GACTGCGCACACCGAC-1,True,GACTGCGCACACCGAC-1_contig_1,True,521,TRB,TRBV20-1,None,TRBJ2-1,TRBC2,True,True,CSARVGSEVNEQFF,TGCAGTGCTAGAGTGGGGTCGGAAGTCAATGAGCAGTTCTTC,2962,7,clonotype2,clonotype2_consensus_1
GACTGCGCACCAGGCT-1,True,GACTGCGCACCAGGCT-1_contig_1,True,505,TRA,TRAV1-2,None,TRAJ33,TRAC,True,True,CAATDSNYQLIW,TGTGCTGCGACTGATAGCAACTATCAGTTAATCTGG,819,4,clonotype1,clonotype1_consensus_2
GACTGCGCACCAGGCT-1,True,GACTGCGCACCAGGCT-1_contig_2,True,485,TRB,TRBV20-1,None,TRBJ2-1,TRBC2,True,True,CSARVGSEVNEQFF,TGCAGTGCTAGAGTGGGGTCGGAAGTCAATGAGCAGTTCTTC,2235,7,clonotype1,clonotype1_consensus_1
GACTGCGCAGGATTGG-1,True,GACTGCGCAGGATTGG-1_contig_1,True,505,TRA,TRAV1-2,None,TRAJ33,TRAC,True,True,CAATDSNYQLIW,TGTGCTGCGACTGATAGCAACTATCAGTTAATCTGG,1060,5,clonotype1,clonotype1_consensus_2
GACTGCGCAGGATTGG-1,True,GACTGCGCAGGATTGG-1_contig_2,True,521,TRB,TRBV20-1,None,TRBJ2-1,TRBC2,True,True,CSARVGSEVNEQFF,TGCAGTGCTAGAGTGGGGTCGGAAGTCAATGAGCAGTTCTTC,2164,10,clonotype1,clonotype1_consensus_1
GACTGCGCAGGATTGG-1,True,GACTGCGCAGGATTGG-1_contig_3,True,496,TRA,TRAV10,None,TRAJ24,TRAC,True,False,None,None,316,1,clonotype1,None
GACTGCGCAGGGATTG-1,True,GACTGCGCAGGGATTG-1_contig_1,True,495,TRB,TRBV20-1,None,TRBJ1-1,TRBC1,True,True,CSAPEMDNTEAFF,TGCAGTGCCCCGGAAATGGATAATACTGAAGCTTTCTTT,2476,8,clonotype2286,clonotype2286_consensus_2
GACTGCGCAGGGATTG-1,True,GACTGCGCAGGGATTG-1_contig_2,True,498,TRA,TRAV12-3,None,TRAJ49,TRAC,True,True,CAMSAGTGNQFYF,TGTGCAATGAGCGCGGGCACCGGTAACCAGTTCTATTTT,886,5,clonotype2286,clonotype2286_consensus_1
GACTGCGCAGGGATTG-1,True,GACTGCGCAGGGATTG-1_contig_3,True,304,TRB,None,None,TRBJ2-2P,TRBC2,False,False,None,None,954,5,clonotype2286,None
GACTGCGCATTCCTGC-1,True,GACTGCGCATTCCTGC-1_contig_1,True,506,TRB,TRBV5-5,None,TRBJ2-7,TRBC2,True,True,CASSPGQGSEQYF,TGTGCCAGCAGCCCAGGACAGGGAAGTGAGCAGTACTTC,926,7,clonotype2287,clonotype2287_consensus_1
GACTGCGCATTCCTGC-1,True,GACTGCGCATTCCTGC-1_contig_2,True,513,TRA,TRAV30,None,TRAJ34,TRAC,True,True,CGTEKGNTDKLIF,TGTGGCACAGAGAAGGGCAACACCGACAAGCTCATCTTT,442,2,clonotype2287,clonotype2287_consensus_2
GACTGCGGTCCGTCAG-1,True,GACTGCGGTCCGTCAG-1_contig_1,True,521,TRB,TRBV20-1,None,TRBJ2-1,TRBC2,True,True,CSARVGSEVNEQFF,TGCAGTGCTAGAGTGGGGTCGGAAGTCAATGAGCAGTTCTTC,2159,7,clonotype2,clonotype2_consensus_1
GACTGCGGTCCGTCAG-1,True,GACTGCGGTCCGTCAG-1_contig_2,True,440,TRA,TRAV10,None,TRAJ24,TRAC,True,False,None,None,395,1,clonotype2,None
GACTGCGGTTATCGGT-1,True,GACTGCGGTTATCGGT-1_contig_1,True,502,TRA,TRAV1-2,None,TRAJ30,TRAC,True,True,CAVRDLREIIF,TGTGCTGTGAGAGATCTTCGGGAGATCATCTTT,261,2,clonotype3,clonotype3_consensus_2
GACTGCGGTTATCGGT-1,True,GACTGCGGTTATCGGT-1_contig_2,True,519,TRB,TRBV5-5,None,TRBJ1-4,TRBC1,True,True,CASSHPGPNYATNEKLFF,TGTGCCAGCAGCCATCCCGGACCGAACTACGCAACTAATGAAAAACTGTTTTTT,1343,6,clonotype3,clonotype3_consensus_1
GACTGCGGTTTGACAC-1,True,GACTGCGGTTTGACAC-1_contig_1,True,521,TRB,TRBV20-1,None,TRBJ2-5,TRBC2,True,True,CSATGQGGLETQYF,TGCAGTGCAACGGGACAGGGAGGTTTGGAGACCCAGTACTTC,4244,15,clonotype65,clonotype65_consensus_2
GACTGCGGTTTGACAC-1,True,GACTGCGGTTTGACAC-1_contig_2,True,532,TRA,TRAV17,None,TRAJ58,TRAC,True,True,CATDRASGSRLTF,TGTGCTACGGATAGGGCCAGTGGCTCTAGGTTGACCTTT,826,6,clonotype65,clonotype65_consensus_1
GACTGCGTCGGAAACG-1,True,GACTGCGTCGGAAACG-1_contig_1,True,501,TRB,TRBV20-1,None,TRBJ2-2,TRBC2,True,True,CSARPQLTNTGELFF,TGCAGTGCTAGACCCCAACTAACCAACACCGGGGAGCTGTTTTTT,2440,10,clonotype13,clonotype13_consensus_2
GACTGCGTCGGAAACG-1,True,GACTGCGTCGGAAACG-1_contig_2,True,485,TRA,TRAV21,None,TRAJ11,TRAC,True,True,CAASASGYSTLTF,TGTGCTGCCTCAGCATCAGGATACAGCACCCTCACCTTT,2303,10,clonotype13,clonotype13_consensus_1
GAGCAGAAGAGCCCAA-1,True,GAGCAGAAGAGCCCAA-1_contig_1,True,461,TRB,TRBV20-1,None,TRBJ2-1,TRBC2,True,True,CSARVGSEVNEQFF,TGCAGTGCTAGAGTGGGGTCGGAAGTCAATGAGCAGTTCTTC,1497,3,clonotype2,clonotype2_consensus_1
GAGCAGAAGGACATTA-1,True,GAGCAGAAGGACATTA-1_contig_1,True,505,TRA,TRAV1-2,None,TRAJ33,TRAC,True,True,CAATDSNYQLIW,TGTGCTGCGACTGATAGCAACTATCAGTTAATCTGG,333,2,clonotype1,clonotype1_consensus_2
GAGCAGAAGGACATTA-1,True,GAGCAGAAGGACATTA-1_contig_2,True,521,TRB,TRBV20-1,None,TRBJ2-1,TRBC2,True,True,CSARVGSEVNEQFF,TGCAGTGCTAGAGTGGGGTCGGAAGTCAATGAGCAGTTCTTC,913,3,clonotype1,clonotype1_consensus_1
GAGCAGAAGGACATTA-1,True,GAGCAGAAGGACATTA-1_contig_3,True,482,TRA,TRAV10,None,TRAJ24,TRAC,True,False,None,None,361,3,clonotype1,None
GAGCAGAAGGGCTCTC-1,True,GAGCAGAAGGGCTCTC-1_contig_1,True,521,TRB,TRBV20-1,None,TRBJ2-5,TRBC2,True,True,CSATGQGGLETQYF,TGCAGTGCAACGGGACAGGGAGGTTTGGAGACCCAGTACTTC,1852,10,clonotype65,clonotype65_consensus_2
GAGCAGAAGGGCTCTC-1,True,GAGCAGAAGGGCTCTC-1_contig_2,True,513,TRA,TRAV17,None,TRAJ58,TRAC,True,True,CATDRASGSRLTF,TGTGCTACGGATAGGGCCAGTGGCTCTAGGTTGACCTTT,514,2,clonotype65,clonotype65_consensus_1
GAGCAGACAAGACACG-1,True,GAGCAGACAAGACACG-1_contig_1,True,505,TRA,TRAV1-2,None,TRAJ33,TRAC,True,True,CAATDSNYQLIW,TGTGCTGCGACTGATAGCAACTATCAGTTAATCTGG,403,2,clonotype1,clonotype1_consensus_2
GAGCAGACAAGACACG-1,True,GAGCAGACAAGACACG-1_contig_2,True,521,TRB,TRBV20-1,None,TRBJ2-1,TRBC2,True,True,CSARVGSEVNEQFF,TGCAGTGCTAGAGTGGGGTCGGAAGTCAATGAGCAGTTCTTC,2835,12,clonotype1,clonotype1_consensus_1
GAGCAGACACAGGTTT-1,True,GAGCAGACACAGGTTT-1_contig_1,True,505,TRA,TRAV1-2,None,TRAJ33,TRAC,True,True,CAATDSNYQLIW,TGTGCTGCGACTGATAGCAACTATCAGTTAATCTGG,316,3,clonotype1,clonotype1_consensus_2
GAGCAGACACAGGTTT-1,True,GAGCAGACACAGGTTT-1_contig_2,True,521,TRB,TRBV20-1,None,TRBJ2-1,TRBC2,True,True,CSARVGSEVNEQFF,TGCAGTGCTAGAGTGGGGTCGGAAGTCAATGAGCAGTTCTTC,1075,8,clonotype1,clonotype1_consensus_1
GAGCAGACATATGCTG-1,True,GAGCAGACATATGCTG-1_contig_1,True,505,TRA,TRAV1-2,None,TRAJ33,TRAC,True,True,CAATDSNYQLIW,TGTGCTGCGACTGATAGCAACTATCAGTTAATCTGG,1180,6,clonotype1,clonotype1_consensus_2
GAGCAGACATATGCTG-1,True,GAGCAGACATATGCTG-1_contig_2,True,521,TRB,TRBV20-1,None,TRBJ2-1,TRBC2,True,True,CSARVGSEVNEQFF,TGCAGTGCTAGAGTGGGGTCGGAAGTCAATGAGCAGTTCTTC,2370,9,clonotype1,clonotype1_consensus_1
GAGCAGAGTAAGCACG-1,True,GAGCAGAGTAAGCACG-1_contig_1,True,527,TRB,TRBV20-1,None,TRBJ2-7,TRBC2,True,True,CSAREERQGLDYEQYF,TGCAGTGCTAGGGAGGAGAGACAGGGTCTAGACTACGAGCAGTACTTC,1094,6,clonotype2288,clonotype2288_consensus_2
GAGCAGAGTAAGCACG-1,True,GAGCAGAGTAAGCACG-1_contig_2,True,571,TRA,TRAV8-1,None,TRAJ43,TRAC,True,True,CAVKRLNNNDMRF,TGTGCCGTGAAACGCCTCAATAACAATGACATGCGCTTT,112,2,clonotype2288,clonotype2288_consensus_1
GAGCAGAGTTGAGGTG-1,True,GAGCAGAGTTGAGGTG-1_contig_1,True,505,TRA,TRAV1-2,None,TRAJ33,TRAC,True,True,CAATDSNYQLIW,TGTGCTGCGACTGATAGCAACTATCAGTTAATCTGG,274,1,clonotype1,clonotype1_consensus_2
GAGCAGAGTTGAGGTG-1,True,GAGCAGAGTTGAGGTG-1_contig_2,True,521,TRB,TRBV20-1,None,TRBJ2-1,TRBC2,True,True,CSARVGSEVNEQFF,TGCAGTGCTAGAGTGGGGTCGGAAGTCAATGAGCAGTTCTTC,226,8,clonotype1,clonotype1_consensus_1
GAGCAGATCCCTAATT-1,True,GAGCAGATCCCTAATT-1_contig_1,True,513,TRB,TRBV20-1,None,TRBJ2-7,TRBC2,True,True,CSASPSLGTPTPRSYEQYF,TGCAGTGCTAGTCCGTCCCTCGGAACGCCGACACCAAGGTCCTACGAGCAGTACTTC,841,5,clonotype2289,clonotype2289_consensus_1
GAGCAGATCCCTAATT-1,True,GAGCAGATCCCTAATT-1_contig_2,True,573,TRA,TRAV8-4,None,TRAJ5,TRAC,True,True,CAVSDQGPGRRALTF,TGTGCTGTGAGTGATCAAGGGCCGGGCAGGAGAGCACTTACTTTT,1167,8,clonotype2289,clonotype2289_consensus_2
GAGCAGATCGAATGGG-1,True,GAGCAGATCGAATGGG-1_contig_1,True,499,TRA,TRAV1-2,None,TRAJ30,TRAC,True,True,CAVRDLREIIF,TGTGCTGTGAGAGATCTTCGGGAGATCATCTTT,107,2,clonotype3,clonotype3_consensus_2
GAGCAGATCGAATGGG-1,True,GAGCAGATCGAATGGG-1_contig_2,True,669,TRB,TRBV5-5,None,TRBJ1-4,TRBC1,True,True,CASSHPGPNYATNEKLFF,TGTGCCAGCAGCCATCCCGGACCGAACTACGCAACTAATGAAAAACTGTTTTTT,343,4,clonotype3,clonotype3_consensus_1
GAGCAGATCGAATGGG-1,True,GAGCAGATCGAATGGG-1_contig_3,True,431,TRB,TRBV7-3,None,TRBJ2-1,TRBC2,True,False,CQQRSLKAGGPYNEQFF,TGCCAGCAGCGGTCACTTAAAGCGGGGGGACCCTACAATGAGCAGTTCTTC,478,2,clonotype3,None
GAGCAGATCGAGAACG-1,True,GAGCAGATCGAGAACG-1_contig_1,True,505,TRA,TRAV1-2,None,TRAJ33,TRAC,True,True,CAATDSNYQLIW,TGTGCTGCGACTGATAGCAACTATCAGTTAATCTGG,351,2,clonotype1,clonotype1_consensus_2
GAGCAGATCGAGAACG-1,True,GAGCAGATCGAGAACG-1_contig_2,True,473,TRB,TRBV20-1,None,TRBJ2-1,TRBC2,True,True,CSARVGSEVNEQFF,TGCAGTGCTAGAGTGGGGTCGGAAGTCAATGAGCAGTTCTTC,1655,6,clonotype1,clonotype1_consensus_1
GAGCAGATCTGTTTGT-1,True,GAGCAGATCTGTTTGT-1_contig_1,True,527,TRB,TRBV20-1,None,TRBJ2-1,TRBC2,True,True,CSARVSGTRSYNEQFF,TGCAGTGCTAGAGTCTCCGGGACTCGGTCCTACAATGAGCAGTTCTTC,3099,16,clonotype2290,clonotype2290_consensus_1
GAGGTGAAGAATTCCC-1,True,GAGGTGAAGAATTCCC-1_contig_1,True,518,TRB,TRBV20-1,None,TRBJ2-7,TRBC2,True,True,CSATSGGSYEQYF,TGCAGTGCTACTAGCGGGGGCTCCTACGAGCAGTACTTC,1182,7,clonotype2291,clonotype2291_consensus_1
GAGGTGAAGAATTCCC-1,True,GAGGTGAAGAATTCCC-1_contig_2,True,508,TRA,TRAV1-2,None,TRAJ24,TRAC,True,True,CAVETDSWGKLQF,TGTGCTGTAGAAACTGACAGCTGGGGGAAATTGCAGTTT,404,2,clonotype2291,clonotype2291_consensus_2
GAGGTGAAGTCTCAAC-1,True,GAGGTGAAGTCTCAAC-1_contig_1,True,498,TRB,TRBV20-1,None,TRBJ2-1,TRBC2,True,True,CSARVGSEVNEQFF,TGCAGTGCTAGAGTGGGGTCGGAAGTCAATGAGCAGTTCTTC,1360,7,clonotype2,clonotype2_consensus_1
GAGGTGAAGTTTCCTT-1,True,GAGGTGAAGTTTCCTT-1_contig_1,True,527,TRB,TRBV20-1,None,TRBJ1-5,TRBC1,True,True,CSASGTGKYSNQPQHF,TGCAGTGCTAGCGGGACAGGAAAATATAGCAATCAGCCCCAGCATTTT,1736,6,clonotype2292,clonotype2292_consensus_1
GAGGTGAAGTTTCCTT-1,True,GAGGTGAAGTTTCCTT-1_contig_2,True,377,TRA,None,None,TRAJ26,TRAC,False,False,None,None,902,2,clonotype2292,None
GAGGTGACAACACCCG-1,True,GAGGTGACAACACCCG-1_contig_1,True,505,TRA,TRAV1-2,None,TRAJ33,TRAC,True,True,CAATDSNYQLIW,TGTGCTGCGACTGATAGCAACTATCAGTTAATCTGG,515,4,clonotype1,clonotype1_consensus_2
GAGGTGACAACACCCG-1,True,GAGGTGACAACACCCG-1_contig_2,True,521,TRB,TRBV20-1,None,TRBJ2-1,TRBC2,True,True,CSARVGSEVNEQFF,TGCAGTGCTAGAGTGGGGTCGGAAGTCAATGAGCAGTTCTTC,582,7,clonotype1,clonotype1_consensus_1
GAGGTGACAACTGGCC-1,True,GAGGTGACAACTGGCC-1_contig_1,True,502,TRA,TRAV1-2,None,TRAJ30,TRAC,True,True,CAVRDLREIIF,TGTGCTGTGAGAGATCTTCGGGAGATCATCTTT,967,3,clonotype50,clonotype50_consensus_2
GAGGTGACAACTGGCC-1,True,GAGGTGACAACTGGCC-1_contig_2,True,505,TRA,TRAV1-2,None,TRAJ33,TRAC,True,True,CAATDSNYQLIW,TGTGCTGCGACTGATAGCAACTATCAGTTAATCTGG,418,4,clonotype50,clonotype50_consensus_3
GAGGTGACAACTGGCC-1,True,GAGGTGACAACTGGCC-1_contig_3,True,497,TRB,TRBV20-1,None,TRBJ2-1,TRBC2,True,True,CSARVGSEVNEQFF,TGCAGTGCTAGAGTGGGGTCGGAAGTCAATGAGCAGTTCTTC,5960,9,clonotype50,clonotype50_consensus_1
GAGGTGACACAACTGT-1,True,GAGGTGACACAACTGT-1_contig_1,True,511,TRA,TRAV20,None,TRAJ18,TRAC,True,True,CAVPDRGSTLGRLYF,TGTGCTGTGCCCGACAGAGGCTCAACCCTGGGGAGGCTATACTTT,300,4,clonotype2293,clonotype2293_consensus_2
GAGGTGACACAACTGT-1,True,GAGGTGACACAACTGT-1_contig_2,True,521,TRB,TRBV20-1,None,TRBJ2-7,TRBC2,True,True,CSARGRAGGYEQYF,TGCAGTGCTAGAGGTAGAGCGGGGGGCTACGAGCAGTACTTC,1335,5,clonotype2293,clonotype2293_consensus_1
GAGGTGACACAACTGT-1,True,GAGGTGACACAACTGT-1_contig_3,True,464,TRA,TRAV10,None,TRAJ44,TRAC,True,False,None,None,298,4,clonotype2293,None
GAGGTGACACAACTGT-1,True,GAGGTGACACAACTGT-1_contig_4,True,362,TRB,TRBV21-1,None,TRBJ1-5,TRBC1,True,False,None,None,724,5,clonotype2293,None
GAGGTGACACCCATTC-1,True,GAGGTGACACCCATTC-1_contig_1,True,518,TRB,TRBV20-1,None,TRBJ2-5,TRBC2,True,True,CSASRTSVETQYF,TGCAGTGCTAGCCGGACTAGCGTAGAGACCCAGTACTTC,2673,8,clonotype2294,clonotype2294_consensus_1
GAGGTGACACGTTGGC-1,True,GAGGTGACACGTTGGC-1_contig_1,True,521,TRB,TRBV20-1,None,TRBJ2-1,TRBC2,True,True,CSARDLAGYNEQFF,TGCAGTGCTAGAGACCTCGCGGGATACAATGAGCAGTTCTTC,3065,11,clonotype340,clonotype340_consensus_1
GAGGTGACATGCCTAA-1,True,GAGGTGACATGCCTAA-1_contig_1,True,506,TRA,TRAV25,None,TRAJ6,TRAC,True,True,CAFASGGSYIPTF,TGTGCCTTCGCATCAGGAGGAAGCTACATACCTACATTT,201,2,clonotype2295,clonotype2295_consensus_2
GAGGTGACATGCCTAA-1,True,GAGGTGACATGCCTAA-1_contig_2,True,501,TRB,TRBV20-1,None,TRBJ2-2,TRBC2,True,True,CSARAAPSLTGELFF,TGCAGTGCCAGAGCCGCCCCCTCCCTTACCGGGGAGCTGTTTTTT,3904,11,clonotype2295,clonotype2295_consensus_1
GAGGTGACATGCCTAA-1,True,GAGGTGACATGCCTAA-1_contig_3,True,329,TRB,None,None,TRBJ2-1,TRBC2,False,False,None,None,418,2,clonotype2295,None
GAGGTGACATGCCTAA-1,True,GAGGTGACATGCCTAA-1_contig_4,True,572,TRA,TRAV3,None,TRAJ27,TRAC,True,False,None,None,7479,1,clonotype2295,None
GAGGTGACATTGTGCA-1,True,GAGGTGACATTGTGCA-1_contig_1,True,505,TRA,TRAV1-2,None,TRAJ33,TRAC,True,True,CAATDSNYQLIW,TGTGCTGCGACTGATAGCAACTATCAGTTAATCTGG,547,4,clonotype1,clonotype1_consensus_2
GAGGTGACATTGTGCA-1,True,GAGGTGACATTGTGCA-1_contig_2,True,498,TRB,TRBV20-1,None,TRBJ2-1,TRBC2,True,True,CSARVGSEVNEQFF,TGCAGTGCTAGAGTGGGGTCGGAAGTCAATGAGCAGTTCTTC,456,2,clonotype1,clonotype1_consensus_1
GAGGTGAGTAGCGCTC-1,True,GAGGTGAGTAGCGCTC-1_contig_1,True,486,TRB,TRBV5-5,None,TRBJ2-1,TRBC2,True,True,CASSKGLAGYNEQFF,TGTGCCAGCAGCAAGGGACTAGCGGGGTACAATGAGCAGTTCTTC,10472,11,clonotype2296,clonotype2296_consensus_1
GAGGTGAGTAGCTTGT-1,True,GAGGTGAGTAGCTTGT-1_contig_1,True,509,TRA,TRAV13-2,None,TRAJ6,TRAC,True,True,CAENIPGSYIPTF,TGTGCAGAGAATATCCCGGGAAGCTACATACCTACATTT,484,3,clonotype2297,clonotype2297_consensus_1
GAGGTGAGTAGCTTGT-1,True,GAGGTGAGTAGCTTGT-1_contig_2,True,524,TRB,TRBV20-1,None,TRBJ1-4,TRBC1,True,True,CSARSGQVGGEKLFF,TGCAGTGCTAGATCGGGCCAGGTTGGAGGTGAAAAACTGTTTTTT,1099,8,clonotype2297,clonotype2297_consensus_2
GAGGTGAGTATCACCA-1,True,GAGGTGAGTATCACCA-1_contig_1,True,497,TRB,TRBV20-1,None,TRBJ1-6,TRBC1,True,True,CSARGPGSPLHF,TGCAGTGCTAGAGGACCGGGTTCACCCCTCCACTTT,1462,8,clonotype2298,clonotype2298_consensus_2
GAGGTGAGTATCACCA-1,True,GAGGTGAGTATCACCA-1_contig_2,True,571,TRA,TRAV29/DV5,None,TRAJ41,TRAC,True,True,CAASKANSGYALNF,TGTGCAGCAAGCAAAGCAAATTCCGGGTATGCACTCAACTTC,1241,5,clonotype2298,clonotype2298_consensus_1
GAGGTGAGTATCACCA-1,True,GAGGTGAGTATCACCA-1_contig_3,True,317,TRB,None,None,TRBJ2-7,TRBC2,False,False,None,None,2571,2,clonotype2298,None
GAGGTGAGTCCAGTGC-1,True,GAGGTGAGTCCAGTGC-1_contig_1,True,546,TRA,TRAV36/DV7,None,TRAJ32,TRAC,True,True,CAVELGWGGATNKLIF,TGTGCTGTGGAGCTTGGGTGGGGTGGTGCTACAAACAAGCTCATCTTT,272,2,clonotype2299,clonotype2299_consensus_2
GAGGTGAGTCCAGTGC-1,True,GAGGTGAGTCCAGTGC-1_contig_2,True,493,TRB,TRBV5-6,None,TRBJ1-1,TRBC1,True,True,CASSLSQGVNTEAFF,TGTGCCAGCAGCTTGTCGCAGGGGGTGAACACTGAAGCTTTCTTT,1678,7,clonotype2299,clonotype2299_consensus_1
GAGGTGAGTCCAGTGC-1,True,GAGGTGAGTCCAGTGC-1_contig_3,True,521,TRB,None,None,TRBJ2-5,TRBC2,False,False,None,None,997,9,clonotype2299,None
GAGGTGATCACTTACT-1,True,GAGGTGATCACTTACT-1_contig_1,True,518,TRB,TRBV20-1,None,TRBJ2-5,TRBC2,True,True,CSATDAGGKTQYF,TGCAGTGCTACGGATGCGGGGGGGAAGACCCAGTACTTC,2934,7,clonotype2300,clonotype2300_consensus_1
GAGGTGATCACTTACT-1,True,GAGGTGATCACTTACT-1_contig_2,True,500,TRA,TRAV38-2/DV8,None,TRAJ44,TRAC,True,True,CAYRRYNTGTASKLTF,TGTGCTTATAGGAGGTATAATACCGGCACTGCCAGTAAACTCACCTTT,865,6,clonotype2300,clonotype2300_consensus_2
GAGGTGATCCGAACGC-1,True,GAGGTGATCCGAACGC-1_contig_1,True,499,TRB,TRBV9,None,TRBJ1-2,TRBC1,True,True,CASSVGRGDIYGYTF,TGTGCCAGCAGCGTAGGGAGGGGAGATATCTATGGCTACACCTTC,730,3,clonotype2301,clonotype2301_consensus_1
GAGGTGATCCGAACGC-1,True,GAGGTGATCCGAACGC-1_contig_2,True,508,TRA,TRAV17,None,TRAJ20,TRAC,True,True,CATGSNDYKLSF,TGTGCTACGGGTTCTAACGACTACAAGCTCAGCTTT,113,2,clonotype2301,clonotype2301_consensus_2
GAGGTGATCCGAACGC-1,True,GAGGTGATCCGAACGC-1_contig_3,True,335,TRB,None,None,TRBJ1-5,TRBC1,False,False,None,None,1178,4,clonotype2301,None
GAGGTGATCCTTGGTC-1,True,GAGGTGATCCTTGGTC-1_contig_1,True,459,TRA,TRAV13-1,None,TRAJ52,TRAC,True,True,CAAGGTSYGKLTF,TGTGCAGCGGGTGGTACTAGCTATGGAAAGCTGACATTT,769,2,clonotype2302,clonotype2302_consensus_2
GAGGTGATCCTTGGTC-1,True,GAGGTGATCCTTGGTC-1_contig_2,True,527,TRB,TRBV20-1,None,TRBJ2-3,TRBC2,True,True,CSAPPNRDRSPDTQYF,TGCAGTGCACCTCCGAACCGGGACAGGAGCCCAGATACGCAGTATTTT,1113,9,clonotype2302,clonotype2302_consensus_1
GAGGTGATCGACGGAA-1,True,GAGGTGATCGACGGAA-1_contig_1,True,484,TRB,TRBV5-6,None,TRBJ2-1,TRBC2,True,True,CASSPGQASSYNEQFF,TGTGCCAGCAGCCCAGGACAGGCTAGCTCCTACAATGAGCAGTTCTTC,2255,9,clonotype2303,clonotype2303_consensus_2
GAGGTGATCGACGGAA-1,True,GAGGTGATCGACGGAA-1_contig_2,True,678,TRA,TRAV8-3,None,TRAJ5,TRAC,True,True,CAVGTGRRALTF,TGTGCTGTGGGGACGGGCAGGAGAGCACTTACTTTT,4521,5,clonotype2303,clonotype2303_consensus_1
GAGGTGATCGACGGAA-1,True,GAGGTGATCGACGGAA-1_contig_3,True,316,TRB,None,None,TRBJ1-1,TRBC1,False,False,None,None,3202,3,clonotype2303,None
GAGGTGATCGACGGAA-1,True,GAGGTGATCGACGGAA-1_contig_4,True,331,TRA,TRAV1-1,None,None,TRAC,False,False,None,None,1139,3,clonotype2303,None
GAGGTGATCTAACCGA-1,True,GAGGTGATCTAACCGA-1_contig_1,True,489,TRB,TRBV20-1,None,TRBJ1-5,TRBC1,True,True,CSASRPNQPQHF,TGCAGTGCCAGTAGACCCAATCAGCCCCAGCATTTT,4734,12,clonotype212,clonotype212_consensus_1
GAGGTGATCTAACCGA-1,True,GAGGTGATCTAACCGA-1_contig_2,True,613,TRA,TRAV8-6,None,TRAJ47,TRAC,True,True,CAVSASNEYGNKLVF,TGTGCTGTGAGTGCCTCCAACGAATATGGAAACAAACTGGTCTTT,632,4,clonotype212,clonotype212_consensus_2
GAGGTGATCTAACCGA-1,True,GAGGTGATCTAACCGA-1_contig_3,True,522,TRB,TRBV6-5,None,TRBJ2-1,TRBC2,True,False,None,None,354,3,clonotype212,None
GAGGTGATCTCTAGGA-1,True,GAGGTGATCTCTAGGA-1_contig_1,True,505,TRA,TRAV1-2,None,TRAJ33,TRAC,True,True,CAATDSNYQLIW,TGTGCTGCGACTGATAGCAACTATCAGTTAATCTGG,58,4,clonotype1,clonotype1_consensus_2
GAGGTGATCTCTAGGA-1,True,GAGGTGATCTCTAGGA-1_contig_2,True,498,TRB,TRBV20-1,None,TRBJ2-1,TRBC2,True,True,CSARVGSEVNEQFF,TGCAGTGCTAGAGTGGGGTCGGAAGTCAATGAGCAGTTCTTC,1485,6,clonotype1,clonotype1_consensus_1
GAGGTGATCTCTGTCG-1,True,GAGGTGATCTCTGTCG-1_contig_1,True,555,TRA,TRAV17,None,TRAJ10,TRAC,True,True,CATVITGGGNKLTF,TGTGCTACGGTAATCACGGGAGGAGGAAACAAACTCACCTTT,869,7,clonotype2304,clonotype2304_consensus_1
GAGGTGATCTCTGTCG-1,True,GAGGTGATCTCTGTCG-1_contig_2,True,521,TRB,TRBV20-1,None,TRBJ1-2,TRBC1,True,True,CSAREVEAESGYTF,TGCAGTGCTAGAGAAGTTGAGGCAGAGTCAGGCTACACCTTC,2296,7,clonotype2304,clonotype2304_consensus_2
GAGGTGATCTCTGTCG-1,True,GAGGTGATCTCTGTCG-1_contig_3,True,315,TRB,None,None,TRBJ2-5,TRBC2,False,False,None,None,540,3,clonotype2304,None
GAGGTGATCTGTGCAA-1,True,GAGGTGATCTGTGCAA-1_contig_1,True,457,TRA,TRAV2,None,TRAJ22,TRAC,True,True,CAVEDQVTGSARQLTF,TGTGCTGTGGAGGATCAGGTGACGGGTTCTGCAAGGCAACTGACCTTT,500,2,clonotype2305,clonotype2305_consensus_2
GAGGTGATCTGTGCAA-1,True,GAGGTGATCTGTGCAA-1_contig_2,True,503,TRB,TRBV5-5,None,TRBJ2-6,TRBC2,True,True,CASSRDSGANVLTF,TGTGCCAGCAGCCGAGACTCTGGGGCCAACGTCCTGACTTTC,1963,5,clonotype2305,clonotype2305_consensus_1
GAGGTGATCTGTGCAA-1,True,GAGGTGATCTGTGCAA-1_contig_3,True,317,TRB,None,None,TRBJ2-7,TRBC2,False,False,None,None,862,3,clonotype2305,None
GAGGTGATCTGTGCAA-1,True,GAGGTGATCTGTGCAA-1_contig_4,True,485,TRA,TRAV10,None,TRAJ8,TRAC,True,False,None,None,400,5,clonotype2305,None
GAGTCCGAGAACTGTA-1,True,GAGTCCGAGAACTGTA-1_contig_1,True,456,TRA,TRAV13-1,None,TRAJ40,TRAC,True,True,CAANAGTYKYIF,TGTGCAGCAAATGCAGGAACCTACAAATACATCTTT,1383,5,clonotype2306,clonotype2306_consensus_1
GAGTCCGAGAACTGTA-1,True,GAGTCCGAGAACTGTA-1_contig_2,True,493,TRB,TRBV5-6,None,TRBJ1-4,TRBC1,True,True,CASSRGAGTNEKLFF,TGTGCCAGCTCTCGGGGGGCAGGGACTAATGAAAAACTGTTTTTT,451,2,clonotype2306,clonotype2306_consensus_2
GAGTCCGAGCGTGAGT-1,True,GAGTCCGAGCGTGAGT-1_contig_1,True,490,TRB,TRBV20-1,None,TRBJ2-1,TRBC2,True,True,CSARVGSEVNEQFF,TGCAGTGCTAGAGTGGGGTCGGAAGTCAATGAGCAGTTCTTC,747,3,clonotype2,clonotype2_consensus_1
GAGTCCGAGCGTGAGT-1,True,GAGTCCGAGCGTGAGT-1_contig_2,True,456,TRA,TRAV10,None,TRAJ24,TRAC,True,False,None,None,153,3,clonotype2,None
GAGTCCGAGGACTGGT-1,True,GAGTCCGAGGACTGGT-1_contig_1,True,484,TRB,TRBV5-6,None,TRBJ2-3,TRBC2,True,True,CASSGNRVTQYF,TGTGCCAGCAGCGGGAACAGGGTTACGCAGTATTTT,1600,6,clonotype2307,clonotype2307_consensus_2
GAGTCCGAGGACTGGT-1,True,GAGTCCGAGGACTGGT-1_contig_2,True,505,TRA,TRAV20,None,TRAJ53,TRAC,True,True,CAVRGGSNYKLTF,TGTGCTGTGCGAGGAGGTAGCAACTATAAACTGACATTT,1040,7,clonotype2307,clonotype2307_consensus_3
GAGTCCGAGGACTGGT-1,True,GAGTCCGAGGACTGGT-1_contig_3,True,533,TRB,TRBV20-1,None,TRBJ2-3,TRBC2,True,True,CSASLPASGGAGTDTQYF,TGCAGTGCTAGCTTGCCGGCTAGCGGGGGGGCCGGTACAGATACGCAGTATTTT,382,6,clonotype2307,clonotype2307_consensus_1
GAGTCCGAGGCACATG-1,True,GAGTCCGAGGCACATG-1_contig_1,True,517,TRB,TRBV5-5,None,TRBJ2-5,TRBC2,True,True,CASSRVSGGVGETQYF,TGTGCCAGCAGCCGCGTGAGCGGGGGTGTGGGAGAGACCCAGTACTTC,2270,7,clonotype2308,clonotype2308_consensus_1
GAGTCCGAGGGATGGG-1,True,GAGTCCGAGGGATGGG-1_contig_1,True,668,TRB,TRBV5-6,None,TRBJ1-1,TRBC1,True,True,CASSLDGDRGLGTEAFF,TGTGCCAGCAGCTTGGATGGGGACAGGGGGCTCGGCACTGAAGCTTTCTTT,8434,25,clonotype2309,clonotype2309_consensus_2
GAGTCCGAGGGATGGG-1,True,GAGTCCGAGGGATGGG-1_contig_2,True,535,TRA,TRAV14/DV4,None,TRAJ22,TRAC,True,True,CAMRELPFSSGSARQLTF,TGTGCAATGAGAGAGTTACCTTTTTCTTCTGGTTCTGCAAGGCAACTGACCTTT,1843,7,clonotype2309,clonotype2309_consensus_1
GAGTCCGAGGGATGGG-1,True,GAGTCCGAGGGATGGG-1_contig_3,True,461,TRA,TRAV13-1,None,TRAJ33,TRAC,True,False,CSKFSDSNYQLIW,TGCAGCAAGTTCTCGGATAGCAACTATCAGTTAATCTGG,474,3,clonotype2309,None
GAGTCCGAGGTGCACA-1,True,GAGTCCGAGGTGCACA-1_contig_1,True,505,TRA,TRAV1-2,None,TRAJ33,TRAC,True,True,CAATDSNYQLIW,TGTGCTGCGACTGATAGCAACTATCAGTTAATCTGG,747,4,clonotype1,clonotype1_consensus_2
GAGTCCGAGGTGCACA-1,True,GAGTCCGAGGTGCACA-1_contig_2,True,485,TRB,TRBV20-1,None,TRBJ2-1,TRBC2,True,True,CSARVGSEVNEQFF,TGCAGTGCTAGAGTGGGGTCGGAAGTCAATGAGCAGTTCTTC,2125,7,clonotype1,clonotype1_consensus_1
GAGTCCGAGGTGCACA-1,True,GAGTCCGAGGTGCACA-1_contig_3,True,457,TRA,TRAV10,None,TRAJ24,TRAC,True,False,None,None,214,1,clonotype1,None
GAGTCCGCACATGTGT-1,True,GAGTCCGCACATGTGT-1_contig_1,True,505,TRA,TRAV1-2,None,TRAJ33,TRAC,True,True,CAATDSNYQLIW,TGTGCTGCGACTGATAGCAACTATCAGTTAATCTGG,1885,6,clonotype1,clonotype1_consensus_2
GAGTCCGCACATGTGT-1,True,GAGTCCGCACATGTGT-1_contig_2,True,521,TRB,TRBV20-1,None,TRBJ2-1,TRBC2,True,True,CSARVGSEVNEQFF,TGCAGTGCTAGAGTGGGGTCGGAAGTCAATGAGCAGTTCTTC,2385,6,clonotype1,clonotype1_consensus_1
GAGTCCGCACATGTGT-1,True,GAGTCCGCACATGTGT-1_contig_3,True,482,TRA,TRAV10,None,TRAJ24,TRAC,True,False,None,None,1035,2,clonotype1,None
GAGTCCGCACCAGGTC-1,True,GAGTCCGCACCAGGTC-1_contig_1,True,515,TRB,TRBV5-5,None,TRBJ1-6,TRBC1,True,True,CASSFYPNNSPLHF,TGTGCCAGCAGCTTTTACCCGAATAATTCACCCCTCCACTTT,2022,10,clonotype2310,clonotype2310_consensus_1
GAGTCCGCACTTAACG-1,True,GAGTCCGCACTTAACG-1_contig_1,True,512,TRA,TRAV13-2,None,TRAJ35,TRAC,True,True,CAEKTAGFGNVLHC,TGTGCAGAGAAAACCGCCGGCTTTGGGAATGTGCTGCATTGC,806,3,clonotype2311,clonotype2311_consensus_2
GAGTCCGCACTTAACG-1,True,GAGTCCGCACTTAACG-1_contig_2,True,662,TRB,TRBV5-6,None,TRBJ1-1,TRBC1,True,True,CASSPLGSLNTEAFF,TGTGCCAGCAGTCCTTTGGGCTCTTTGAACACTGAAGCTTTCTTT,3458,18,clonotype2311,clonotype2311_consensus_1
GAGTCCGCACTTAACG-1,True,GAGTCCGCACTTAACG-1_contig_3,True,516,TRA,TRAV23/DV6,None,TRAJ22,TRAC,True,False,CSIPISSGSARQLTF,TGCAGCATCCCAATTTCTTCTGGTTCTGCAAGGCAACTGACCTTT,358,2,clonotype2311,None
GAGTCCGCAGACGCAA-1,True,GAGTCCGCAGACGCAA-1_contig_1,True,459,TRA,TRAV13-1,None,TRAJ49,TRAC,True,True,CAATLNTGNQFYF,TGTGCAGCAACCTTAAACACCGGTAACCAGTTCTATTTT,200,4,clonotype175,clonotype175_consensus_1
GAGTCCGCAGACGCAA-1,True,GAGTCCGCAGACGCAA-1_contig_2,True,524,TRB,TRBV20-1,None,TRBJ1-5,TRBC1,True,True,CSALPGTAFNQPQHF,TGCAGTGCTCTACCTGGGACGGCATTCAATCAGCCCCAGCATTTT,1188,10,clonotype175,clonotype175_consensus_2
GAGTCCGCAGCTATTG-1,True,GAGTCCGCAGCTATTG-1_contig_1,True,511,TRB,TRBV20-1,None,TRBJ2-2,TRBC2,True,True,CTATAGGTGELFF,TGCACAGCCACTGCAGGGGGCACCGGGGAGCTGTTTTTT,1458,7,clonotype2312,clonotype2312_consensus_3
GAGTCCGCAGCTATTG-1,True,GAGTCCGCAGCTATTG-1_contig_2,True,500,TRA,TRAV23/DV6,None,TRAJ49,TRAC,True,True,CAAPSGNQFYF,TGTGCAGCGCCTAGCGGTAACCAGTTCTATTTT,669,2,clonotype2312,clonotype2312_consensus_4
GAGTCCGCAGCTATTG-1,True,GAGTCCGCAGCTATTG-1_contig_3,True,520,TRB,TRBV20-1,None,TRBJ2-1,TRBC2,True,True,CSANRGGGGPYNEQFF,TGCAGTGCTAACCGAGGGGGCGGGGGCCCCTACAATGAGCAGTTCTTC,448,4,clonotype2312,clonotype2312_consensus_1
GAGTCCGCAGCTATTG-1,True,GAGTCCGCAGCTATTG-1_contig_4,True,505,TRA,TRAV29/DV5,None,TRAJ31,TRAC,True,True,CAASDNARLMF,TGTGCAGCAAGCGACAATGCCAGACTCATGTTT,603,2,clonotype2312,clonotype2312_consensus_2
GAGTCCGCAGTCCTTC-1,True,GAGTCCGCAGTCCTTC-1_contig_1,True,499,TRB,TRBV3-1,None,TRBJ1-2,TRBC1,True,True,CASSAERQGTAGYTF,TGTGCCAGCAGCGCTGAACGACAGGGGACCGCTGGCTACACCTTC,2822,12,clonotype2313,clonotype2313_consensus_1
GAGTCCGCAGTCCTTC-1,True,GAGTCCGCAGTCCTTC-1_contig_2,True,382,TRA,TRAV26-2,None,TRAJ32,TRAC,True,False,CILRDEIVGGATNKLIF,TGCATCCTGAGAGACGAGATCGTCGGGGGTGCTACAAACAAGCTCATCTTT,240,2,clonotype2313,None
GAGTCCGCAGTCCTTC-1,True,GAGTCCGCAGTCCTTC-1_contig_3,True,947,TRA,TRAV23/DV6,None,TRAJ61,TRAC,True,False,None,None,748,4,clonotype2313,None
GAGTCCGCATGCCACG-1,True,GAGTCCGCATGCCACG-1_contig_1,True,521,TRB,TRBV20-1,None,TRBJ2-1,TRBC2,True,True,CSARVGSEVNEQFF,TGCAGTGCTAGAGTGGGGTCGGAAGTCAATGAGCAGTTCTTC,1687,8,clonotype2,clonotype2_consensus_1
GAGTCCGCATGCCTTC-1,True,GAGTCCGCATGCCTTC-1_contig_1,True,505,TRA,TRAV1-2,None,TRAJ33,TRAC,True,True,CAATDSNYQLIW,TGTGCTGCGACTGATAGCAACTATCAGTTAATCTGG,1260,4,clonotype1,clonotype1_consensus_2
GAGTCCGCATGCCTTC-1,True,GAGTCCGCATGCCTTC-1_contig_2,True,485,TRB,TRBV20-1,None,TRBJ2-1,TRBC2,True,True,CSARVGSEVNEQFF,TGCAGTGCTAGAGTGGGGTCGGAAGTCAATGAGCAGTTCTTC,757,1,clonotype1,clonotype1_consensus_1
GAGTCCGCATGCCTTC-1,True,GAGTCCGCATGCCTTC-1_contig_3,True,467,TRA,TRAV10,None,TRAJ24,TRAC,True,False,None,None,1643,5,clonotype1,None
GAGTCCGGTAGATTAG-1,True,GAGTCCGGTAGATTAG-1_contig_1,True,505,TRA,TRAV1-2,None,TRAJ33,TRAC,True,True,CAATDSNYQLIW,TGTGCTGCGACTGATAGCAACTATCAGTTAATCTGG,1321,4,clonotype1,clonotype1_consensus_2
GAGTCCGGTAGATTAG-1,True,GAGTCCGGTAGATTAG-1_contig_2,True,521,TRB,TRBV20-1,None,TRBJ2-1,TRBC2,True,True,CSARVGSEVNEQFF,TGCAGTGCTAGAGTGGGGTCGGAAGTCAATGAGCAGTTCTTC,1016,7,clonotype1,clonotype1_consensus_1
GAGTCCGGTAGATTAG-1,True,GAGTCCGGTAGATTAG-1_contig_3,True,459,TRA,TRAV10,None,TRAJ24,TRAC,True,False,None,None,268,3,clonotype1,None
GAGTCCGGTAGCGTCC-1,True,GAGTCCGGTAGCGTCC-1_contig_1,True,523,TRA,TRAV21,None,TRAJ45,TRAC,True,True,CAVGSGGGADGLTF,TGTGCTGTGGGATCAGGAGGAGGTGCTGACGGACTCACCTTT,1198,4,clonotype333,clonotype333_consensus_1
GAGTCCGGTAGCGTCC-1,True,GAGTCCGGTAGCGTCC-1_contig_2,True,529,TRB,TRBV5-5,None,TRBJ2-6,TRBC2,True,True,CASSLTGGATSGANVLTF,TGTGCCAGCAGCTTGACAGGGGGCGCAACCTCTGGGGCCAACGTCCTGACTTTC,4104,14,clonotype333,clonotype333_consensus_2
GAGTCCGGTAGCGTCC-1,True,GAGTCCGGTAGCGTCC-1_contig_3,True,460,TRA,TRAV13-1,None,TRAJ36,TRAC,True,False,None,None,885,3,clonotype333,None
GAGTCCGGTCCATCCT-1,True,GAGTCCGGTCCATCCT-1_contig_1,True,521,TRB,TRBV20-1,None,TRBJ2-1,TRBC2,True,True,CSARVGSEVNEQFF,TGCAGTGCTAGAGTGGGGTCGGAAGTCAATGAGCAGTTCTTC,3246,11,clonotype2,clonotype2_consensus_1
GAGTCCGGTCCATCCT-1,True,GAGTCCGGTCCATCCT-1_contig_2,True,456,TRA,TRAV10,None,TRAJ24,TRAC,True,False,None,None,394,2,clonotype2,None
GAGTCCGGTCGCTTCT-1,True,GAGTCCGGTCGCTTCT-1_contig_1,True,515,TRB,TRBV20-1,None,TRBJ1-1,TRBC1,True,True,CSAREQGTEAFF,TGCAGTGCTAGAGAACAGGGGACTGAAGCTTTCTTT,2408,29,clonotype2314,clonotype2314_consensus_2
GAGTCCGGTCGCTTCT-1,True,GAGTCCGGTCGCTTCT-1_contig_2,True,548,TRA,TRAV26-1,None,TRAJ6,TRAC,True,True,CIVRAFRGGSYIPTF,TGCATCGTCAGGGCCTTTAGAGGAGGAAGCTACATACCTACATTT,652,7,clonotype2314,clonotype2314_consensus_1
GAGTCCGGTGGACGAT-1,True,GAGTCCGGTGGACGAT-1_contig_1,True,547,TRA,TRAV12-2,None,TRAJ16,TRAC,True,True,CAVKGGSDGQKLLF,TGTGCCGTGAAAGGCGGGTCAGATGGCCAGAAGCTGCTCTTT,267,7,clonotype2315,clonotype2315_consensus_1
GAGTCCGGTGGACGAT-1,True,GAGTCCGGTGGACGAT-1_contig_2,True,709,TRB,TRBV5-6,None,TRBJ1-2,TRBC1,True,True,CASSPLEARTRGYTF,TGTGCCAGCAGCCCCCTGGAGGCCCGGACTAGGGGCTACACCTTC,1425,4,clonotype2315,clonotype2315_consensus_2
GAGTCCGGTGGACGAT-1,True,GAGTCCGGTGGACGAT-1_contig_3,True,597,TRB,None,None,TRBJ1-1,TRBC1,False,False,None,None,573,2,clonotype2315,None
GAGTCCGGTGGACGAT-1,True,GAGTCCGGTGGACGAT-1_contig_4,True,310,TRB,None,None,TRBJ2-2P,TRBC2,False,False,None,None,383,1,clonotype2315,None
GAGTCCGGTTTAGGAA-1,True,GAGTCCGGTTTAGGAA-1_contig_1,True,505,TRA,TRAV1-2,None,TRAJ33,TRAC,True,True,CAATDSNYQLIW,TGTGCTGCGACTGATAGCAACTATCAGTTAATCTGG,239,3,clonotype1,clonotype1_consensus_2
GAGTCCGGTTTAGGAA-1,True,GAGTCCGGTTTAGGAA-1_contig_2,True,493,TRB,TRBV20-1,None,TRBJ2-1,TRBC2,True,True,CSARVGSEVNEQFF,TGCAGTGCTAGAGTGGGGTCGGAAGTCAATGAGCAGTTCTTC,291,4,clonotype1,clonotype1_consensus_1
GAGTCCGTCAACCAAC-1,True,GAGTCCGTCAACCAAC-1_contig_1,True,505,TRA,TRAV1-2,None,TRAJ33,TRAC,True,True,CAATDSNYQLIW,TGTGCTGCGACTGATAGCAACTATCAGTTAATCTGG,525,4,clonotype1,clonotype1_consensus_2
GAGTCCGTCAACCAAC-1,True,GAGTCCGTCAACCAAC-1_contig_2,True,521,TRB,TRBV20-1,None,TRBJ2-1,TRBC2,True,True,CSARVGSEVNEQFF,TGCAGTGCTAGAGTGGGGTCGGAAGTCAATGAGCAGTTCTTC,1650,7,clonotype1,clonotype1_consensus_1
GAGTCCGTCATGGTCA-1,True,GAGTCCGTCATGGTCA-1_contig_1,True,507,TRB,TRBV20-1,None,TRBJ2-6,TRBC2,True,True,CSAGTSGPLSGANVLTF,TGCAGTGCTGGGACTAGCGGGCCGCTCTCTGGGGCCAACGTCCTGACTTTC,1137,4,clonotype118,clonotype118_consensus_2
GAGTCCGTCATGGTCA-1,True,GAGTCCGTCATGGTCA-1_contig_2,True,615,TRA,TRAV3,None,TRAJ26,TRAC,True,True,CAVRVNYGQNFVF,TGTGCTGTGAGAGTTAACTATGGTCAGAATTTTGTCTTT,968,6,clonotype118,clonotype118_consensus_1
GAGTCCGTCCTAGAAC-1,True,GAGTCCGTCCTAGAAC-1_contig_1,True,522,TRB,TRBV5-1,None,TRBJ2-7,TRBC2,True,True,CATLHLGRYEQYF,TGCGCCACCCTACACTTGGGGAGATACGAGCAGTACTTC,3985,10,clonotype2316,clonotype2316_consensus_1
GAGTCCGTCCTAGAAC-1,True,GAGTCCGTCCTAGAAC-1_contig_2,True,499,TRB,TRBV7-3,None,TRBJ2-2,TRBC2,True,True,CASSLLNTGELFF,TGTGCCAGCAGCTTACTAAACACCGGGGAGCTGTTTTTT,2768,7,clonotype2316,clonotype2316_consensus_2
GAGTCCGTCCTAGAAC-1,True,GAGTCCGTCCTAGAAC-1_contig_3,True,488,TRA,TRAV38-2/DV8,None,TRAJ31,TRAC,True,True,CAYGINNARLMF,TGTGCTTATGGGATCAACAATGCCAGACTCATGTTT,275,3,clonotype2316,clonotype2316_consensus_3
GAGTCCGTCCTAGAAC-1,True,GAGTCCGTCCTAGAAC-1_contig_4,True,488,TRA,TRAV9-2,None,TRAJ53,TRAC,True,False,None,None,403,5,clonotype2316,None
GAGTCCGTCGCCTGAG-1,True,GAGTCCGTCGCCTGAG-1_contig_1,True,495,TRB,TRBV20-1,None,TRBJ1-1,TRBC1,True,True,CSARDATGGQAFF,TGCAGTGCTAGAGATGCGACAGGGGGCCAAGCTTTCTTT,11176,7,clonotype2317,clonotype2317_consensus_2
GAGTCCGTCGCCTGAG-1,True,GAGTCCGTCGCCTGAG-1_contig_2,True,454,TRA,TRAV9-2,None,TRAJ23,TRAC,True,True,CALSAYNQGGKLIF,TGTGCTCTGAGCGCTTATAACCAGGGAGGAAAGCTTATCTTC,273,3,clonotype2317,clonotype2317_consensus_1
GAGTCCGTCGCCTGAG-1,True,GAGTCCGTCGCCTGAG-1_contig_3,True,330,TRB,TRBV21-1,None,TRBJ1-1,TRBC1,True,False,CISVPAAQRGSQNTEAFF,TGTATTTCTGTGCCAGCAGCGCAGCGGGGGTCCCAGAACACTGAAGCTTTCTTT,1955,4,clonotype2317,None
GAGTCCGTCGTTACAG-1,True,GAGTCCGTCGTTACAG-1_contig_1,True,606,TRA,TRAV3,None,TRAJ30,TRAC,True,True,CAVRDDKIIF,TGTGCTGTGAGAGATGACAAGATCATCTTT,6032,6,clonotype2318,clonotype2318_consensus_1
GAGTCCGTCGTTACAG-1,True,GAGTCCGTCGTTACAG-1_contig_2,True,504,TRB,TRBV20-1,None,TRBJ1-6,TRBC1,True,True,CSAGRGPNSPLHF,TGCAGCGCGGGCAGGGGCCCTAATTCACCCCTCCACTTT,1009,3,clonotype2318,clonotype2318_consensus_2
GAGTCCGTCGTTACAG-1,True,GAGTCCGTCGTTACAG-1_contig_3,True,422,TRB,TRBV9,None,None,TRBC1,False,False,None,None,435,3,clonotype2318,None
GAGTCCGTCTAGAGTC-1,True,GAGTCCGTCTAGAGTC-1_contig_1,True,505,TRA,TRAV1-2,None,TRAJ33,TRAC,True,True,CAATDSNYQLIW,TGTGCTGCGACTGATAGCAACTATCAGTTAATCTGG,491,11,clonotype1,clonotype1_consensus_2
GAGTCCGTCTAGAGTC-1,True,GAGTCCGTCTAGAGTC-1_contig_2,True,498,TRB,TRBV20-1,None,TRBJ2-1,TRBC2,True,True,CSARVGSEVNEQFF,TGCAGTGCTAGAGTGGGGTCGGAAGTCAATGAGCAGTTCTTC,1579,27,clonotype1,clonotype1_consensus_1
GATCAGTAGATGTCGG-1,True,GATCAGTAGATGTCGG-1_contig_1,True,515,TRB,TRBV5-5,None,TRBJ1-4,TRBC1,True,True,CASSHPGPNYATNEKLFF,TGTGCCAGCAGCCATCCCGGACCGAACTACGCAACTAATGAAAAACTGTTTTTT,2988,8,clonotype39,clonotype39_consensus_1
GATCAGTAGATGTCGG-1,True,GATCAGTAGATGTCGG-1_contig_2,True,505,TRA,TRAV1-2,None,TRAJ33,TRAC,True,True,CAATDSNYQLIW,TGTGCTGCGACTGATAGCAACTATCAGTTAATCTGG,600,2,clonotype39,clonotype39_consensus_3
GATCAGTAGATGTCGG-1,True,GATCAGTAGATGTCGG-1_contig_3,True,521,TRB,TRBV20-1,None,TRBJ2-1,TRBC2,True,True,CSARVGSEVNEQFF,TGCAGTGCTAGAGTGGGGTCGGAAGTCAATGAGCAGTTCTTC,1918,5,clonotype39,clonotype39_consensus_2
GATCAGTAGATGTCGG-1,True,GATCAGTAGATGTCGG-1_contig_4,True,482,TRA,TRAV10,None,TRAJ24,TRAC,True,False,None,None,508,1,clonotype39,None
GATCAGTAGGGCATGT-1,True,GATCAGTAGGGCATGT-1_contig_1,True,505,TRA,TRAV1-2,None,TRAJ33,TRAC,True,True,CAATDSNYQLIW,TGTGCTGCGACTGATAGCAACTATCAGTTAATCTGG,183,2,clonotype1,clonotype1_consensus_2
GATCAGTAGGGCATGT-1,True,GATCAGTAGGGCATGT-1_contig_2,True,492,TRB,TRBV20-1,None,TRBJ2-1,TRBC2,True,True,CSARVGSEVNEQFF,TGCAGTGCTAGAGTGGGGTCGGAAGTCAATGAGCAGTTCTTC,2084,6,clonotype1,clonotype1_consensus_1
GATCAGTAGTCCCACG-1,True,GATCAGTAGTCCCACG-1_contig_1,True,524,TRB,TRBV20-1,None,TRBJ1-2,TRBC1,True,True,CSARGGYPYNYGYTF,TGCAGTGCTAGAGGAGGGTATCCGTATAACTATGGCTACACCTTC,1469,10,clonotype259,clonotype259_consensus_1
GATCAGTAGTCCCACG-1,True,GATCAGTAGTCCCACG-1_contig_2,True,586,TRA,TRAV17,None,TRAJ8,TRAC,True,True,CATDVNTGFQKLVF,TGTGCTACGGACGTGAACACAGGCTTTCAGAAACTTGTATTT,674,5,clonotype259,clonotype259_consensus_2
GATCAGTAGTCCCACG-1,True,GATCAGTAGTCCCACG-1_contig_3,True,375,TRA,None,None,TRAJ27,TRAC,False,False,None,None,520,2,clonotype259,None
GATCAGTCAAGGACAC-1,True,GATCAGTCAAGGACAC-1_contig_1,True,505,TRA,TRAV1-2,None,TRAJ33,TRAC,True,True,CAATDSNYQLIW,TGTGCTGCGACTGATAGCAACTATCAGTTAATCTGG,921,6,clonotype1,clonotype1_consensus_2
GATCAGTCAAGGACAC-1,True,GATCAGTCAAGGACAC-1_contig_2,True,521,TRB,TRBV20-1,None,TRBJ2-1,TRBC2,True,True,CSARVGSEVNEQFF,TGCAGTGCTAGAGTGGGGTCGGAAGTCAATGAGCAGTTCTTC,1188,5,clonotype1,clonotype1_consensus_1
GATCAGTCAAGGACAC-1,True,GATCAGTCAAGGACAC-1_contig_3,True,498,TRA,TRAV10,None,TRAJ24,TRAC,True,False,None,None,212,3,clonotype1,None
GATCAGTCACAGGCCT-1,True,GATCAGTCACAGGCCT-1_contig_1,True,505,TRA,TRAV1-2,None,TRAJ33,TRAC,True,True,CAATDSNYQLIW,TGTGCTGCGACTGATAGCAACTATCAGTTAATCTGG,151,2,clonotype1,clonotype1_consensus_2
GATCAGTCACAGGCCT-1,True,GATCAGTCACAGGCCT-1_contig_2,True,498,TRB,TRBV20-1,None,TRBJ2-1,TRBC2,True,True,CSARVGSEVNEQFF,TGCAGTGCTAGAGTGGGGTCGGAAGTCAATGAGCAGTTCTTC,1019,2,clonotype1,clonotype1_consensus_1
GATCAGTCACGACTCG-1,True,GATCAGTCACGACTCG-1_contig_1,True,467,TRB,TRBV20-1,None,TRBJ2-5,TRBC2,True,True,CSARDVEETQYF,TGCAGTGCAAGAGACGTAGAAGAGACCCAGTACTTC,347,7,clonotype2319,clonotype2319_consensus_1
GATCAGTCACGTAAGG-1,True,GATCAGTCACGTAAGG-1_contig_1,True,501,TRB,TRBV20-1,None,TRBJ1-1,TRBC1,True,True,CSARDSQGIYPEAFF,TGCAGTGCTAGAGACTCACAGGGAATCTACCCCGAAGCTTTCTTT,2885,8,clonotype2320,clonotype2320_consensus_1
GATCAGTCACGTAAGG-1,True,GATCAGTCACGTAAGG-1_contig_2,True,567,TRA,TRAV8-4,None,TRAJ10,TRAC,True,True,CAVSEGGGNKLTF,TGTGCTGTGAGTGAGGGAGGAGGAAACAAACTCACCTTT,583,4,clonotype2320,clonotype2320_consensus_2
GATCAGTCAGGACGTA-1,True,GATCAGTCAGGACGTA-1_contig_1,True,505,TRA,TRAV1-2,None,TRAJ33,TRAC,True,True,CAATDSNYQLIW,TGTGCTGCGACTGATAGCAACTATCAGTTAATCTGG,236,4,clonotype1,clonotype1_consensus_2
GATCAGTCAGGACGTA-1,True,GATCAGTCAGGACGTA-1_contig_2,True,521,TRB,TRBV20-1,None,TRBJ2-1,TRBC2,True,True,CSARVGSEVNEQFF,TGCAGTGCTAGAGTGGGGTCGGAAGTCAATGAGCAGTTCTTC,3052,12,clonotype1,clonotype1_consensus_1
GATCAGTCAGGACGTA-1,True,GATCAGTCAGGACGTA-1_contig_3,True,467,TRA,TRAV10,None,TRAJ24,TRAC,True,False,None,None,272,1,clonotype1,None
GATCAGTCAGGTCTCG-1,True,GATCAGTCAGGTCTCG-1_contig_1,True,505,TRA,TRAV1-2,None,TRAJ33,TRAC,True,True,CAATDSNYQLIW,TGTGCTGCGACTGATAGCAACTATCAGTTAATCTGG,366,4,clonotype1,clonotype1_consensus_2
GATCAGTCAGGTCTCG-1,True,GATCAGTCAGGTCTCG-1_contig_2,True,498,TRB,TRBV20-1,None,TRBJ2-1,TRBC2,True,True,CSARVGSEVNEQFF,TGCAGTGCTAGAGTGGGGTCGGAAGTCAATGAGCAGTTCTTC,1077,4,clonotype1,clonotype1_consensus_1
GATCAGTCAGTTTACG-1,True,GATCAGTCAGTTTACG-1_contig_1,True,505,TRA,TRAV1-2,None,TRAJ33,TRAC,True,True,CAATDSNYQLIW,TGTGCTGCGACTGATAGCAACTATCAGTTAATCTGG,630,4,clonotype1,clonotype1_consensus_2
GATCAGTCAGTTTACG-1,True,GATCAGTCAGTTTACG-1_contig_2,True,498,TRB,TRBV20-1,None,TRBJ2-1,TRBC2,True,True,CSARVGSEVNEQFF,TGCAGTGCTAGAGTGGGGTCGGAAGTCAATGAGCAGTTCTTC,1470,7,clonotype1,clonotype1_consensus_1
GATCAGTCATTAGCCA-1,True,GATCAGTCATTAGCCA-1_contig_1,True,461,TRB,TRBV9,None,TRBJ1-4,TRBC1,True,True,CASSAPQKIF,TGTGCCAGCAGCGCCCCGCAAAAGATTTTT,3328,9,clonotype341,clonotype341_consensus_1
GATCAGTCATTAGCCA-1,True,GATCAGTCATTAGCCA-1_contig_2,True,492,TRA,TRAV12-3,None,TRAJ43,TRAC,True,True,CAMSLNNDMRF,TGTGCAATGAGCCTTAACAATGACATGCGCTTT,465,4,clonotype341,clonotype341_consensus_3
GATCAGTCATTAGCCA-1,True,GATCAGTCATTAGCCA-1_contig_3,True,514,TRB,TRBV5-5,None,TRBJ1-6,TRBC1,True,True,CASSTAVGGYSPLHF,TGTGCCAGCAGCACCGCGGTGGGCGGTTATTCACCCCTCCACTTT,2223,9,clonotype341,clonotype341_consensus_2
GATCAGTGTAGCGTAG-1,True,GATCAGTGTAGCGTAG-1_contig_1,True,474,TRA,TRAV1-2,None,TRAJ33,TRAC,True,True,CAATDSNYQLIW,TGTGCTGCGACTGATAGCAACTATCAGTTAATCTGG,803,1,clonotype1,clonotype1_consensus_2
GATCAGTGTAGCGTAG-1,True,GATCAGTGTAGCGTAG-1_contig_2,True,515,TRB,TRBV20-1,None,TRBJ2-1,TRBC2,True,True,CSARVGSEVNEQFF,TGCAGTGCTAGAGTGGGGTCGGAAGTCAATGAGCAGTTCTTC,2720,7,clonotype1,clonotype1_consensus_1
GATCAGTGTAGCGTAG-1,True,GATCAGTGTAGCGTAG-1_contig_3,True,482,TRA,TRAV10,None,TRAJ24,TRAC,True,False,None,None,785,3,clonotype1,None
GATCAGTTCACATGCA-1,True,GATCAGTTCACATGCA-1_contig_1,True,502,TRA,TRAV1-2,None,TRAJ30,TRAC,True,True,CAVRDLREIIF,TGTGCTGTGAGAGATCTTCGGGAGATCATCTTT,414,3,clonotype3,clonotype3_consensus_2
GATCAGTTCACATGCA-1,True,GATCAGTTCACATGCA-1_contig_2,True,518,TRB,TRBV5-5,None,TRBJ1-4,TRBC1,True,True,CASSHPGPNYATNEKLFF,TGTGCCAGCAGCCATCCCGGACCGAACTACGCAACTAATGAAAAACTGTTTTTT,425,2,clonotype3,clonotype3_consensus_1
GATCAGTTCACATGCA-1,True,GATCAGTTCACATGCA-1_contig_3,True,506,TRB,TRBV7-3,None,TRBJ2-1,TRBC2,True,False,CQQRSLKAGGPYNEQFF,TGCCAGCAGCGGTCACTTAAAGCGGGGGGACCCTACAATGAGCAGTTCTTC,148,2,clonotype3,None
GATCAGTTCAGCATGT-1,True,GATCAGTTCAGCATGT-1_contig_1,True,505,TRA,TRAV1-2,None,TRAJ33,TRAC,True,True,CAATDSNYQLIW,TGTGCTGCGACTGATAGCAACTATCAGTTAATCTGG,663,5,clonotype1,clonotype1_consensus_2
GATCAGTTCAGCATGT-1,True,GATCAGTTCAGCATGT-1_contig_2,True,506,TRB,TRBV20-1,None,TRBJ2-1,TRBC2,True,True,CSARVGSEVNEQFF,TGCAGTGCTAGAGTGGGGTCGGAAGTCAATGAGCAGTTCTTC,1578,7,clonotype1,clonotype1_consensus_1
GATCAGTTCAGCATGT-1,True,GATCAGTTCAGCATGT-1_contig_3,True,465,TRA,TRAV10,None,TRAJ24,TRAC,True,False,None,None,778,2,clonotype1,None
GATCAGTTCCTTAATC-1,True,GATCAGTTCCTTAATC-1_contig_1,True,521,TRB,TRBV20-1,None,TRBJ2-1,TRBC2,True,True,CSARVGSEVNEQFF,TGCAGTGCTAGAGTGGGGTCGGAAGTCAATGAGCAGTTCTTC,1908,7,clonotype2,clonotype2_consensus_1
GATCAGTTCCTTAATC-1,True,GATCAGTTCCTTAATC-1_contig_2,True,459,TRA,TRAV10,None,TRAJ24,TRAC,True,False,None,None,86,5,clonotype2,None
GATCAGTTCGTCTGAA-1,True,GATCAGTTCGTCTGAA-1_contig_1,True,505,TRA,TRAV1-2,None,TRAJ33,TRAC,True,True,CAATDSNYQLIW,TGTGCTGCGACTGATAGCAACTATCAGTTAATCTGG,397,5,clonotype1,clonotype1_consensus_2
GATCAGTTCGTCTGAA-1,True,GATCAGTTCGTCTGAA-1_contig_2,True,492,TRB,TRBV20-1,None,TRBJ2-1,TRBC2,True,True,CSARVGSEVNEQFF,TGCAGTGCTAGAGTGGGGTCGGAAGTCAATGAGCAGTTCTTC,462,4,clonotype1,clonotype1_consensus_1
GATCAGTTCTCGTTTA-1,True,GATCAGTTCTCGTTTA-1_contig_1,True,501,TRA,TRAV12-3,None,TRAJ35,TRAC,True,True,CAMSGEGFGNVLHC,TGTGCAATGAGCGGAGAGGGCTTTGGGAATGTGCTGCATTGC,532,4,clonotype2321,clonotype2321_consensus_1
GATCAGTTCTGGTTCC-1,True,GATCAGTTCTGGTTCC-1_contig_1,True,492,TRB,TRBV20-1,None,TRBJ1-4,TRBC1,True,True,CSATTGDEKLFF,TGCAGTGCTACGACAGGTGATGAAAAACTGTTTTTT,997,8,clonotype2322,clonotype2322_consensus_2
GATCAGTTCTGGTTCC-1,True,GATCAGTTCTGGTTCC-1_contig_2,True,456,TRA,TRAV21,None,TRAJ16,TRAC,True,True,CAVRPFGRSDGQKLLF,TGTGCTGTGAGGCCGTTCGGGAGATCAGATGGCCAGAAGCTGCTCTTT,131,1,clonotype2322,clonotype2322_consensus_1
GATCAGTTCTGGTTCC-1,True,GATCAGTTCTGGTTCC-1_contig_3,True,497,TRB,None,None,TRBJ2-3,TRBC2,False,False,None,None,144,1,clonotype2322,None
GATCAGTTCTGGTTCC-1,True,GATCAGTTCTGGTTCC-1_contig_4,True,309,TRA,None,None,TRAJ49,TRAC,False,False,None,None,396,1,clonotype2322,None
GATCGATAGGTAGCTG-1,True,GATCGATAGGTAGCTG-1_contig_1,True,495,TRA,TRAV12-3,None,TRAJ7,TRAC,True,True,CAMGYGNNRLAF,TGTGCAATGGGCTATGGGAACAACAGACTCGCTTTT,580,3,clonotype2323,clonotype2323_consensus_3
GATCGATAGGTAGCTG-1,True,GATCGATAGGTAGCTG-1_contig_2,True,498,TRB,TRBV20-1,None,TRBJ1-6,TRBC1,True,True,CSARDRGGNSPLHF,TGCAGTGCTAGAGATCGGGGAGGGAATTCACCCCTCCACTTT,2361,5,clonotype2323,clonotype2323_consensus_2
GATCGATAGGTAGCTG-1,True,GATCGATAGGTAGCTG-1_contig_3,True,554,TRA,TRAV22,None,TRAJ30,TRAC,True,True,CAPRMNRDDKIIF,TGTGCTCCCCGCATGAACAGAGATGACAAGATCATCTTT,627,1,clonotype2323,clonotype2323_consensus_1
GATCGATAGGTAGCTG-1,True,GATCGATAGGTAGCTG-1_contig_4,True,385,TRB,None,None,TRBJ1-1,TRBC1,False,False,None,None,1723,4,clonotype2323,None
GATCGATAGTCACGCC-1,True,GATCGATAGTCACGCC-1_contig_1,True,501,TRA,TRAV12-3,None,TRAJ32,TRAC,True,True,CARRYGGATNKLIF,TGTGCACGGAGATATGGTGGTGCTACAAACAAGCTCATCTTT,386,5,clonotype22,clonotype22_consensus_1
GATCGATAGTCACGCC-1,True,GATCGATAGTCACGCC-1_contig_2,True,671,TRB,TRBV5-6,None,TRBJ2-2,TRBC2,True,True,CASSLSPEDPTNTGELFF,TGTGCCAGCAGCTTGAGTCCGGAAGACCCTACGAACACCGGGGAGCTGTTTTTT,1506,6,clonotype22,clonotype22_consensus_2
GATCGATAGTCACGCC-1,True,GATCGATAGTCACGCC-1_contig_3,True,403,TRA,TRAV29/DV5,None,TRAJ44,TRAC,True,False,None,None,227,1,clonotype22,None
GATCGATAGTCACGCC-1,True,GATCGATAGTCACGCC-1_contig_4,True,306,TRB,None,None,TRBJ2-7,TRBC2,False,False,None,None,1721,5,clonotype22,None
GATCGATAGTGCCAGA-1,True,GATCGATAGTGCCAGA-1_contig_1,True,488,TRB,TRBV20-1,None,TRBJ1-4,TRBC1,True,True,CSARDGGRANEKLFF,TGCAGTGCTAGAGACGGTGGCAGGGCCAATGAAAAACTGTTTTTT,1943,12,clonotype342,clonotype342_consensus_1
GATCGATAGTGCCAGA-1,True,GATCGATAGTGCCAGA-1_contig_2,True,526,TRA,TRAV14/DV4,None,TRAJ29,TRAC,True,True,CAMRELNSGNTPLVF,TGTGCAATGAGAGAGCTTAATTCAGGAAACACACCTCTTGTCTTT,783,6,clonotype342,clonotype342_consensus_2
GATCGATCACATTCGA-1,True,GATCGATCACATTCGA-1_contig_1,True,505,TRA,TRAV1-2,None,TRAJ33,TRAC,True,True,CAATDSNYQLIW,TGTGCTGCGACTGATAGCAACTATCAGTTAATCTGG,1842,3,clonotype1,clonotype1_consensus_2
GATCGATCACATTCGA-1,True,GATCGATCACATTCGA-1_contig_2,True,498,TRB,TRBV20-1,None,TRBJ2-1,TRBC2,True,True,CSARVGSEVNEQFF,TGCAGTGCTAGAGTGGGGTCGGAAGTCAATGAGCAGTTCTTC,3418,9,clonotype1,clonotype1_consensus_1
GATCGATCAGGAACGT-1,True,GATCGATCAGGAACGT-1_contig_1,True,502,TRA,TRAV1-2,None,TRAJ30,TRAC,True,True,CAVRDLREIIF,TGTGCTGTGAGAGATCTTCGGGAGATCATCTTT,611,1,clonotype3,clonotype3_consensus_2
GATCGATCAGGAACGT-1,True,GATCGATCAGGAACGT-1_contig_2,True,497,TRB,TRBV5-5,None,TRBJ1-4,TRBC1,True,True,CASSHPGPNYATNEKLFF,TGTGCCAGCAGCCATCCCGGACCGAACTACGCAACTAATGAAAAACTGTTTTTT,951,2,clonotype3,clonotype3_consensus_1
GATCGATCAGGAACGT-1,True,GATCGATCAGGAACGT-1_contig_3,True,464,TRB,TRBV7-3,None,TRBJ2-1,TRBC2,True,False,CQQRSLKAGGPYNEQFF,TGCCAGCAGCGGTCACTTAAAGCGGGGGGACCCTACAATGAGCAGTTCTTC,532,2,clonotype3,None
GATCGATCAGTTAACC-1,True,GATCGATCAGTTAACC-1_contig_1,True,505,TRA,TRAV1-2,None,TRAJ33,TRAC,True,True,CAATDSNYQLIW,TGTGCTGCGACTGATAGCAACTATCAGTTAATCTGG,451,2,clonotype1,clonotype1_consensus_2
GATCGATCAGTTAACC-1,True,GATCGATCAGTTAACC-1_contig_2,True,521,TRB,TRBV20-1,None,TRBJ2-1,TRBC2,True,True,CSARVGSEVNEQFF,TGCAGTGCTAGAGTGGGGTCGGAAGTCAATGAGCAGTTCTTC,3290,14,clonotype1,clonotype1_consensus_1
GATCGATCAGTTAACC-1,True,GATCGATCAGTTAACC-1_contig_3,True,457,TRA,TRAV10,None,TRAJ24,TRAC,True,False,None,None,483,2,clonotype1,None
GATCGATCATCCAACA-1,True,GATCGATCATCCAACA-1_contig_1,True,502,TRA,TRAV1-2,None,TRAJ33,TRAC,True,True,CAATDSNYQLIW,TGTGCTGCGACTGATAGCAACTATCAGTTAATCTGG,402,4,clonotype1,clonotype1_consensus_2
GATCGATCATCCAACA-1,True,GATCGATCATCCAACA-1_contig_2,True,485,TRB,TRBV20-1,None,TRBJ2-1,TRBC2,True,True,CSARVGSEVNEQFF,TGCAGTGCTAGAGTGGGGTCGGAAGTCAATGAGCAGTTCTTC,733,5,clonotype1,clonotype1_consensus_1
GATCGATCATCCAACA-1,True,GATCGATCATCCAACA-1_contig_3,True,482,TRA,TRAV10,None,TRAJ24,TRAC,True,False,None,None,378,2,clonotype1,None
GATCGATGTCATGCCG-1,True,GATCGATGTCATGCCG-1_contig_1,True,498,TRB,TRBV20-1,None,TRBJ1-6,TRBC1,True,True,CSVRTGRMNSPLHF,TGCAGTGTTCGGACAGGGCGGATGAATTCACCCCTCCACTTT,3188,11,clonotype151,clonotype151_consensus_1
GATCGATGTCATGCCG-1,True,GATCGATGTCATGCCG-1_contig_2,True,500,TRA,TRAV38-2/DV8,None,TRAJ48,TRAC,True,True,CAYRRVSNFGNEKLTF,TGTGCTTATAGGAGGGTATCTAACTTTGGAAATGAGAAATTAACCTTT,452,2,clonotype151,clonotype151_consensus_2
GATCGATGTCATGCCG-1,True,GATCGATGTCATGCCG-1_contig_3,True,314,TRB,None,None,TRBJ2-1,TRBC2,False,False,None,None,823,3,clonotype151,None
GATCGATGTCATGCCG-1,True,GATCGATGTCATGCCG-1_contig_4,True,504,TRA,TRAV35,None,TRAJ52,TRAC,True,False,None,None,444,1,clonotype151,None
GATCGATGTCCAGTAT-1,True,GATCGATGTCCAGTAT-1_contig_1,True,673,TRA,TRAV8-2,None,TRAJ5,TRAC,True,True,CVVSPPLDTGRRALTF,TGTGTTGTGAGTCCTCCCCTGGACACGGGCAGGAGAGCACTTACTTTT,1023,4,clonotype2324,clonotype2324_consensus_1
GATCGATGTCCAGTAT-1,True,GATCGATGTCCAGTAT-1_contig_2,True,530,TRB,TRBV20-1,None,TRBJ2-2,TRBC2,True,True,CSARVRGSGGAGGELFF,TGCAGTGCTAGGGTCCGGGGTAGCGGGGGGGCCGGCGGGGAGCTGTTTTTT,1443,5,clonotype2324,clonotype2324_consensus_2
GATCGATGTCCAGTAT-1,True,GATCGATGTCCAGTAT-1_contig_3,True,485,TRB,TRBV21-1,None,TRBJ2-5,TRBC2,True,False,CISVPPPSVETQYF,TGTATTTCTGTGCCACCCCCCTCGGTGGAGACCCAGTACTTC,1435,2,clonotype2324,None
GATCGATGTGCGAAAC-1,True,GATCGATGTGCGAAAC-1_contig_1,True,462,TRA,TRAV13-1,None,TRAJ56,TRAC,True,True,CAASITGANSKLTF,TGTGCAGCAAGTATAACTGGAGCCAATAGTAAGCTGACATTT,1974,4,clonotype2325,clonotype2325_consensus_2
GATCGATGTGCGAAAC-1,True,GATCGATGTGCGAAAC-1_contig_2,True,657,TRB,TRBV5-6,None,TRBJ2-7,TRBC2,True,True,CASSPGPYYEQYF,TGTGCCAGCAGCCCCGGACCGTACTACGAGCAGTACTTC,1454,9,clonotype2325,clonotype2325_consensus_1
GATCGATGTGCGAAAC-1,True,GATCGATGTGCGAAAC-1_contig_3,True,346,TRA,None,None,TRAJ18,TRAC,False,False,None,None,697,1,clonotype2325,None
GATCGATGTTCCATGA-1,True,GATCGATGTTCCATGA-1_contig_1,True,505,TRA,TRAV1-2,None,TRAJ33,TRAC,True,True,CAATDSNYQLIW,TGTGCTGCGACTGATAGCAACTATCAGTTAATCTGG,590,5,clonotype1,clonotype1_consensus_2
GATCGATGTTCCATGA-1,True,GATCGATGTTCCATGA-1_contig_2,True,498,TRB,TRBV20-1,None,TRBJ2-1,TRBC2,True,True,CSARVGSEVNEQFF,TGCAGTGCTAGAGTGGGGTCGGAAGTCAATGAGCAGTTCTTC,2313,10,clonotype1,clonotype1_consensus_1
GATCGATGTTCCATGA-1,True,GATCGATGTTCCATGA-1_contig_3,True,482,TRA,TRAV10,None,TRAJ24,TRAC,True,False,None,None,230,3,clonotype1,None
GATCGATGTTCGGGCT-1,True,GATCGATGTTCGGGCT-1_contig_1,True,505,TRA,TRAV1-2,None,TRAJ33,TRAC,True,True,CAATDSNYQLIW,TGTGCTGCGACTGATAGCAACTATCAGTTAATCTGG,83,1,clonotype1,clonotype1_consensus_2
GATCGATGTTCGGGCT-1,True,GATCGATGTTCGGGCT-1_contig_2,True,485,TRB,TRBV20-1,None,TRBJ2-1,TRBC2,True,True,CSARVGSEVNEQFF,TGCAGTGCTAGAGTGGGGTCGGAAGTCAATGAGCAGTTCTTC,635,3,clonotype1,clonotype1_consensus_1
GATCGATGTTCGGGCT-1,True,GATCGATGTTCGGGCT-1_contig_3,True,482,TRA,TRAV10,None,TRAJ24,TRAC,True,False,None,None,93,1,clonotype1,None
GATCGATTCTACCAGA-1,True,GATCGATTCTACCAGA-1_contig_1,True,505,TRA,TRAV1-2,None,TRAJ33,TRAC,True,True,CAATDSNYQLIW,TGTGCTGCGACTGATAGCAACTATCAGTTAATCTGG,1893,2,clonotype1,clonotype1_consensus_2
GATCGATTCTACCAGA-1,True,GATCGATTCTACCAGA-1_contig_2,True,518,TRB,TRBV20-1,None,TRBJ2-1,TRBC2,True,True,CSARVGSEVNEQFF,TGCAGTGCTAGAGTGGGGTCGGAAGTCAATGAGCAGTTCTTC,1812,8,clonotype1,clonotype1_consensus_1
GATCGATTCTACCAGA-1,True,GATCGATTCTACCAGA-1_contig_3,True,482,TRA,TRAV10,None,TRAJ24,TRAC,True,False,None,None,498,3,clonotype1,None
GATCGCGAGCAGACTG-1,True,GATCGCGAGCAGACTG-1_contig_1,True,505,TRA,TRAV1-2,None,TRAJ33,TRAC,True,True,CAATDSNYQLIW,TGTGCTGCGACTGATAGCAACTATCAGTTAATCTGG,591,2,clonotype1,clonotype1_consensus_2
GATCGCGAGCAGACTG-1,True,GATCGCGAGCAGACTG-1_contig_2,True,497,TRB,TRBV20-1,None,TRBJ2-1,TRBC2,True,True,CSARVGSEVNEQFF,TGCAGTGCTAGAGTGGGGTCGGAAGTCAATGAGCAGTTCTTC,2015,9,clonotype1,clonotype1_consensus_1
GATCGCGAGCAGACTG-1,True,GATCGCGAGCAGACTG-1_contig_3,True,482,TRA,TRAV10,None,TRAJ24,TRAC,True,False,None,None,971,2,clonotype1,None
GATCGCGAGCGACGTA-1,True,GATCGCGAGCGACGTA-1_contig_1,True,524,TRB,TRBV20-1,None,TRBJ1-6,TRBC1,True,True,CSAEDRVSYNSPLHF,TGCAGTGCGGAGGACAGGGTCTCCTATAATTCACCCCTCCACTTT,3157,12,clonotype2326,clonotype2326_consensus_1
GATCGCGAGCGACGTA-1,True,GATCGCGAGCGACGTA-1_contig_2,True,529,TRA,TRAV14/DV4,None,TRAJ29,TRAC,True,True,CAMREGIASGNTPLVF,TGTGCAATGAGAGAGGGTATTGCTTCAGGAAACACACCTCTTGTCTTT,746,5,clonotype2326,clonotype2326_consensus_2
GATCGCGAGGACAGCT-1,True,GATCGCGAGGACAGCT-1_contig_1,True,505,TRA,TRAV1-2,None,TRAJ33,TRAC,True,True,CAATDSNYQLIW,TGTGCTGCGACTGATAGCAACTATCAGTTAATCTGG,334,2,clonotype1,clonotype1_consensus_2
GATCGCGAGGACAGCT-1,True,GATCGCGAGGACAGCT-1_contig_2,True,521,TRB,TRBV20-1,None,TRBJ2-1,TRBC2,True,True,CSARVGSEVNEQFF,TGCAGTGCTAGAGTGGGGTCGGAAGTCAATGAGCAGTTCTTC,2901,8,clonotype1,clonotype1_consensus_1
GATCGCGAGTGCCAGA-1,True,GATCGCGAGTGCCAGA-1_contig_1,True,498,TRB,TRBV20-1,None,TRBJ2-1,TRBC2,True,True,CSARVGSEVNEQFF,TGCAGTGCTAGAGTGGGGTCGGAAGTCAATGAGCAGTTCTTC,2491,8,clonotype2,clonotype2_consensus_1
GATCGCGCAGGTCCAC-1,True,GATCGCGCAGGTCCAC-1_contig_1,True,674,TRB,TRBV5-6,None,TRBJ2-5,TRBC2,True,True,CASSLSASGGIIRETQYF,TGTGCCAGCAGCTTGTCGGCTAGCGGGGGAATAATACGAGAGACCCAGTACTTC,2387,9,clonotype2327,clonotype2327_consensus_1
GATCGCGCATATGGTC-1,True,GATCGCGCATATGGTC-1_contig_1,True,527,TRB,TRBV20-1,None,TRBJ2-2,TRBC2,True,True,CSASPHTGGNTGELFF,TGCAGTGCTAGTCCCCACACAGGGGGGAACACCGGGGAGCTGTTTTTT,1439,6,clonotype2328,clonotype2328_consensus_1
GATCGCGCATATGGTC-1,True,GATCGCGCATATGGTC-1_contig_2,True,507,TRA,TRAV38-1,None,TRAJ54,TRAC,True,True,CAFMNVPPQKLVF,TGTGCTTTCATGAACGTGCCCCCCCAGAAGCTGGTATTT,171,2,clonotype2328,clonotype2328_consensus_2
GATCGCGCATCGATTG-1,True,GATCGCGCATCGATTG-1_contig_1,True,505,TRA,TRAV1-2,None,TRAJ33,TRAC,True,True,CAATDSNYQLIW,TGTGCTGCGACTGATAGCAACTATCAGTTAATCTGG,935,2,clonotype1,clonotype1_consensus_2
GATCGCGCATCGATTG-1,True,GATCGCGCATCGATTG-1_contig_2,True,521,TRB,TRBV20-1,None,TRBJ2-1,TRBC2,True,True,CSARVGSEVNEQFF,TGCAGTGCTAGAGTGGGGTCGGAAGTCAATGAGCAGTTCTTC,3256,7,clonotype1,clonotype1_consensus_1
GATCGCGCATCGATTG-1,True,GATCGCGCATCGATTG-1_contig_3,True,467,TRA,TRAV10,None,TRAJ24,TRAC,True,False,None,None,776,1,clonotype1,None
GATCGCGCATTAGGCT-1,True,GATCGCGCATTAGGCT-1_contig_1,True,505,TRA,TRAV1-2,None,TRAJ33,TRAC,True,True,CAATDSNYQLIW,TGTGCTGCGACTGATAGCAACTATCAGTTAATCTGG,393,3,clonotype1,clonotype1_consensus_2
GATCGCGCATTAGGCT-1,True,GATCGCGCATTAGGCT-1_contig_2,True,521,TRB,TRBV20-1,None,TRBJ2-1,TRBC2,True,True,CSARVGSEVNEQFF,TGCAGTGCTAGAGTGGGGTCGGAAGTCAATGAGCAGTTCTTC,1885,7,clonotype1,clonotype1_consensus_1
GATCGCGGTCCCGACA-1,True,GATCGCGGTCCCGACA-1_contig_1,True,505,TRA,TRAV1-2,None,TRAJ33,TRAC,True,True,CAATDSNYQLIW,TGTGCTGCGACTGATAGCAACTATCAGTTAATCTGG,437,5,clonotype1,clonotype1_consensus_2
GATCGCGGTCCCGACA-1,True,GATCGCGGTCCCGACA-1_contig_2,True,521,TRB,TRBV20-1,None,TRBJ2-1,TRBC2,True,True,CSARVGSEVNEQFF,TGCAGTGCTAGAGTGGGGTCGGAAGTCAATGAGCAGTTCTTC,3158,9,clonotype1,clonotype1_consensus_1
GATCGCGGTGGGTCAA-1,True,GATCGCGGTGGGTCAA-1_contig_1,True,505,TRA,TRAV1-2,None,TRAJ33,TRAC,True,True,CAATDSNYQLIW,TGTGCTGCGACTGATAGCAACTATCAGTTAATCTGG,518,2,clonotype1,clonotype1_consensus_2
GATCGCGGTGGGTCAA-1,True,GATCGCGGTGGGTCAA-1_contig_2,True,495,TRB,TRBV20-1,None,TRBJ2-1,TRBC2,True,True,CSARVGSEVNEQFF,TGCAGTGCTAGAGTGGGGTCGGAAGTCAATGAGCAGTTCTTC,4286,15,clonotype1,clonotype1_consensus_1
GATCGCGGTTGTGGAG-1,True,GATCGCGGTTGTGGAG-1_contig_1,True,504,TRB,TRBV20-1,None,TRBJ2-3,TRBC2,True,True,CSAHPTDSADTDTQYF,TGCAGTGCTCATCCAACGGACAGCGCAGACACAGATACGCAGTATTTT,2730,11,clonotype135,clonotype135_consensus_1
GATCGCGGTTGTGGAG-1,True,GATCGCGGTTGTGGAG-1_contig_2,True,631,TRA,TRAV8-6,None,TRAJ22,TRAC,True,True,CAVSGSARQLTF,TGTGCTGTATCTGGTTCTGCAAGGCAACTGACCTTT,140,4,clonotype135,clonotype135_consensus_2
GATCGCGTCAGCTGGC-1,True,GATCGCGTCAGCTGGC-1_contig_1,True,498,TRB,TRBV20-1,None,TRBJ2-1,TRBC2,True,True,CSARVGSEVNEQFF,TGCAGTGCTAGAGTGGGGTCGGAAGTCAATGAGCAGTTCTTC,281,4,clonotype2,clonotype2_consensus_1
GATCGCGTCAGCTGGC-1,True,GATCGCGTCAGCTGGC-1_contig_2,True,465,TRA,TRAV10,None,TRAJ24,TRAC,True,False,None,None,175,1,clonotype2,None
GATCGCGTCCGCGCAA-1,True,GATCGCGTCCGCGCAA-1_contig_1,True,505,TRA,TRAV1-2,None,TRAJ33,TRAC,True,True,CAATDSNYQLIW,TGTGCTGCGACTGATAGCAACTATCAGTTAATCTGG,831,4,clonotype1,clonotype1_consensus_2
GATCGCGTCCGCGCAA-1,True,GATCGCGTCCGCGCAA-1_contig_2,True,492,TRB,TRBV20-1,None,TRBJ2-1,TRBC2,True,True,CSARVGSEVNEQFF,TGCAGTGCTAGAGTGGGGTCGGAAGTCAATGAGCAGTTCTTC,1110,6,clonotype1,clonotype1_consensus_1
GATCGCGTCCGCGCAA-1,True,GATCGCGTCCGCGCAA-1_contig_3,True,457,TRA,TRAV10,None,TRAJ24,TRAC,True,False,None,None,500,1,clonotype1,None
GATCGCGTCTGCTTGC-1,True,GATCGCGTCTGCTTGC-1_contig_1,True,495,TRB,TRBV20-1,None,TRBJ2-5,TRBC2,True,True,CSVNRGRGETQYF,TGCAGCGTTAACAGGGGGCGCGGGGAGACCCAGTACTTC,4122,14,clonotype2329,clonotype2329_consensus_1
GATCGCGTCTGCTTGC-1,True,GATCGCGTCTGCTTGC-1_contig_2,True,655,TRA,TRAV8-2,None,TRAJ31,TRAC,True,False,None,None,266,5,clonotype2329,None
GATCGTAAGACGCAAC-1,True,GATCGTAAGACGCAAC-1_contig_1,True,668,TRB,TRBV5-6,None,TRBJ2-3,TRBC2,True,True,CASSGNRVTQYF,TGTGCCAGCAGCGGGAACAGGGTTACGCAGTATTTT,1343,7,clonotype2330,clonotype2330_consensus_2
GATCGTAAGACGCAAC-1,True,GATCGTAAGACGCAAC-1_contig_2,True,569,TRA,TRAV22,None,TRAJ35,TRAC,True,True,CAVTPRMGFGNVLHC,TGTGCTGTCACGCCGCGGATGGGCTTTGGGAATGTGCTGCATTGC,791,2,clonotype2330,clonotype2330_consensus_1
GATCGTAAGATGTGTA-1,True,GATCGTAAGATGTGTA-1_contig_1,True,555,TRA,TRAV2,None,TRAJ29,TRAC,True,True,CAASGNTPLVF,TGTGCTGCTTCAGGAAACACACCTCTTGTCTTT,589,2,clonotype2331,clonotype2331_consensus_3
GATCGTAAGATGTGTA-1,True,GATCGTAAGATGTGTA-1_contig_2,True,506,TRA,TRAV13-2,None,TRAJ16,TRAC,True,True,CAENMNGQKLLF,TGTGCAGAGAATATGAATGGCCAGAAGCTGCTCTTT,758,2,clonotype2331,clonotype2331_consensus_1
GATCGTAAGATGTGTA-1,True,GATCGTAAGATGTGTA-1_contig_3,True,672,TRB,TRBV5-5,None,TRBJ1-1,TRBC1,True,True,CASSVSTGNTEAFF,TGTGCCAGCAGCGTCTCGACAGGGAACACTGAAGCTTTCTTT,1416,7,clonotype2331,clonotype2331_consensus_2
GATCGTAAGGATCGCA-1,True,GATCGTAAGGATCGCA-1_contig_1,True,505,TRA,TRAV1-2,None,TRAJ33,TRAC,True,True,CAATDSNYQLIW,TGTGCTGCGACTGATAGCAACTATCAGTTAATCTGG,327,4,clonotype1,clonotype1_consensus_2
GATCGTAAGGATCGCA-1,True,GATCGTAAGGATCGCA-1_contig_2,True,498,TRB,TRBV20-1,None,TRBJ2-1,TRBC2,True,True,CSARVGSEVNEQFF,TGCAGTGCTAGAGTGGGGTCGGAAGTCAATGAGCAGTTCTTC,2676,9,clonotype1,clonotype1_consensus_1
GATCGTAAGTACTTGC-1,True,GATCGTAAGTACTTGC-1_contig_1,True,515,TRB,TRBV20-1,None,TRBJ1-2,TRBC1,True,True,CSVNRAGDGYTF,TGCAGTGTAAACAGGGCTGGGGATGGCTACACCTTC,2157,10,clonotype321,clonotype321_consensus_1
GATCGTAAGTAGGTGC-1,True,GATCGTAAGTAGGTGC-1_contig_1,True,473,TRB,TRBV20-1,None,TRBJ2-1,TRBC2,True,True,CSARVGSEVNEQFF,TGCAGTGCTAGAGTGGGGTCGGAAGTCAATGAGCAGTTCTTC,3614,12,clonotype2,clonotype2_consensus_1
GATCGTAAGTCAAGCG-1,True,GATCGTAAGTCAAGCG-1_contig_1,True,676,TRA,TRAV8-2,None,TRAJ52,TRAC,True,True,CVVSAGAGGTSYGKLTF,TGTGTTGTGAGTGCTGGTGCTGGTGGTACTAGCTATGGAAAGCTGACATTT,772,7,clonotype2332,clonotype2332_consensus_2
GATCGTAAGTCAAGCG-1,True,GATCGTAAGTCAAGCG-1_contig_2,True,490,TRB,TRBV5-6,None,TRBJ1-2,TRBC1,True,True,CASSSATGAIGYTF,TGTGCCAGCAGCTCAGCGACAGGGGCGATTGGCTACACCTTC,2100,11,clonotype2332,clonotype2332_consensus_1
GATCGTACAAAGGAAG-1,True,GATCGTACAAAGGAAG-1_contig_1,True,505,TRA,TRAV1-2,None,TRAJ33,TRAC,True,True,CAATDSNYQLIW,TGTGCTGCGACTGATAGCAACTATCAGTTAATCTGG,427,2,clonotype1,clonotype1_consensus_2
GATCGTACAAAGGAAG-1,True,GATCGTACAAAGGAAG-1_contig_2,True,521,TRB,TRBV20-1,None,TRBJ2-1,TRBC2,True,True,CSARVGSEVNEQFF,TGCAGTGCTAGAGTGGGGTCGGAAGTCAATGAGCAGTTCTTC,1304,5,clonotype1,clonotype1_consensus_1
GATCGTACAACCGCCA-1,True,GATCGTACAACCGCCA-1_contig_1,True,518,TRB,TRBV20-1,None,TRBJ2-4,TRBC2,True,True,CSASKGVKNIQYF,TGCAGTGCTAGTAAGGGTGTCAAAAACATTCAGTACTTC,4244,10,clonotype2333,clonotype2333_consensus_2
GATCGTACAACCGCCA-1,True,GATCGTACAACCGCCA-1_contig_2,True,529,TRA,TRAV17,None,TRAJ40,TRAC,True,True,CATDGGTYKYIF,TGTGCTACGGACGGGGGAACCTACAAATACATCTTT,187,3,clonotype2333,clonotype2333_consensus_1
GATCGTACAGAAGCAC-1,True,GATCGTACAGAAGCAC-1_contig_1,True,472,TRB,TRBV20-1,None,TRBJ2-1,TRBC2,True,True,CSARVGSEVNEQFF,TGCAGTGCTAGAGTGGGGTCGGAAGTCAATGAGCAGTTCTTC,507,3,clonotype2,clonotype2_consensus_1
GATCGTAGTAGGACAC-1,True,GATCGTAGTAGGACAC-1_contig_1,True,505,TRB,TRBV5-5,None,TRBJ2-7,TRBC2,True,True,CASSLTVDEQYF,TGTGCCAGCAGCTTAACGGTAGACGAGCAGTACTTC,2629,10,clonotype2334,clonotype2334_consensus_1
GATCGTAGTATAATGG-1,True,GATCGTAGTATAATGG-1_contig_1,True,671,TRB,TRBV5-6,None,TRBJ1-4,TRBC1,True,True,CASKRGDEKLFF,TGTGCCAGCAAACGGGGAGATGAAAAACTGTTTTTT,2195,10,clonotype2335,clonotype2335_consensus_1
GATCGTAGTATAATGG-1,True,GATCGTAGTATAATGG-1_contig_2,True,512,TRA,TRAV13-2,None,TRAJ13,TRAC,True,True,CAETDSGGYQKVTF,TGTGCAGAGACCGATTCTGGGGGTTACCAGAAAGTTACCTTT,2899,4,clonotype2335,clonotype2335_consensus_2
GATCGTAGTCATCGGC-1,True,GATCGTAGTCATCGGC-1_contig_1,True,521,TRB,TRBV20-1,None,TRBJ2-1,TRBC2,True,True,CSARVGSEVNEQFF,TGCAGTGCTAGAGTGGGGTCGGAAGTCAATGAGCAGTTCTTC,1552,10,clonotype2,clonotype2_consensus_1
GATCGTAGTCATCGGC-1,True,GATCGTAGTCATCGGC-1_contig_2,True,482,TRA,TRAV10,None,TRAJ24,TRAC,True,False,None,None,750,3,clonotype2,None
GATCGTAGTCATTAGC-1,True,GATCGTAGTCATTAGC-1_contig_1,True,576,TRA,TRAV8-4,None,TRAJ28,TRAC,True,True,CAVTRYSGAGSYQLTF,TGTGCTGTGACCCGATACTCTGGGGCTGGGAGTTACCAACTCACTTTC,1307,7,clonotype2336,clonotype2336_consensus_1
GATCGTAGTCATTAGC-1,True,GATCGTAGTCATTAGC-1_contig_2,True,496,TRB,TRBV5-6,None,TRBJ2-3,TRBC2,True,True,CASSLGAAGYTDTQYF,TGTGCCAGCAGCTTGGGGGCCGCGGGGTACACAGATACGCAGTATTTT,1807,8,clonotype2336,clonotype2336_consensus_2
GATCGTAGTCGGGTCT-1,True,GATCGTAGTCGGGTCT-1_contig_1,True,505,TRA,TRAV1-2,None,TRAJ33,TRAC,True,True,CAATDSNYQLIW,TGTGCTGCGACTGATAGCAACTATCAGTTAATCTGG,372,2,clonotype1,clonotype1_consensus_2
GATCGTAGTCGGGTCT-1,True,GATCGTAGTCGGGTCT-1_contig_2,True,521,TRB,TRBV20-1,None,TRBJ2-1,TRBC2,True,True,CSARVGSEVNEQFF,TGCAGTGCTAGAGTGGGGTCGGAAGTCAATGAGCAGTTCTTC,3547,16,clonotype1,clonotype1_consensus_1
GATCGTAGTCTGATCA-1,True,GATCGTAGTCTGATCA-1_contig_1,True,505,TRA,TRAV1-2,None,TRAJ33,TRAC,True,True,CAATDSNYQLIW,TGTGCTGCGACTGATAGCAACTATCAGTTAATCTGG,569,5,clonotype1,clonotype1_consensus_2
GATCGTAGTCTGATCA-1,True,GATCGTAGTCTGATCA-1_contig_2,True,498,TRB,TRBV20-1,None,TRBJ2-1,TRBC2,True,True,CSARVGSEVNEQFF,TGCAGTGCTAGAGTGGGGTCGGAAGTCAATGAGCAGTTCTTC,734,4,clonotype1,clonotype1_consensus_1
GATCGTAGTTGCGTTA-1,True,GATCGTAGTTGCGTTA-1_contig_1,True,515,TRB,TRBV20-1,None,TRBJ1-2,TRBC1,True,True,CSASWAPYGYTF,TGCAGTGCTAGCTGGGCCCCCTATGGCTACACCTTC,3255,9,clonotype2337,clonotype2337_consensus_1
GATCGTAGTTGCGTTA-1,True,GATCGTAGTTGCGTTA-1_contig_2,True,421,TRA,TRAV20,None,TRAJ24,TRAC,True,False,CAVQPETTDSWGKFQF,TGTGCTGTGCAGCCCGAGACAACTGACAGCTGGGGGAAATTCCAGTTT,253,1,clonotype2337,None
GATCGTAGTTGCGTTA-1,True,GATCGTAGTTGCGTTA-1_contig_3,True,383,TRB,None,None,TRBJ2-2,TRBC2,False,False,None,None,111,2,clonotype2337,None
GATCGTAGTTGGAGGT-1,True,GATCGTAGTTGGAGGT-1_contig_1,True,505,TRA,TRAV1-2,None,TRAJ33,TRAC,True,True,CAATDSNYQLIW,TGTGCTGCGACTGATAGCAACTATCAGTTAATCTGG,169,1,clonotype1,clonotype1_consensus_2
GATCGTAGTTGGAGGT-1,True,GATCGTAGTTGGAGGT-1_contig_2,True,498,TRB,TRBV20-1,None,TRBJ2-1,TRBC2,True,True,CSARVGSEVNEQFF,TGCAGTGCTAGAGTGGGGTCGGAAGTCAATGAGCAGTTCTTC,1230,6,clonotype1,clonotype1_consensus_1
GATCGTAGTTTGTTGG-1,True,GATCGTAGTTTGTTGG-1_contig_1,True,505,TRA,TRAV1-2,None,TRAJ33,TRAC,True,True,CAATDSNYQLIW,TGTGCTGCGACTGATAGCAACTATCAGTTAATCTGG,305,2,clonotype1,clonotype1_consensus_2
GATCGTAGTTTGTTGG-1,True,GATCGTAGTTTGTTGG-1_contig_2,True,497,TRB,TRBV20-1,None,TRBJ2-1,TRBC2,True,True,CSARVGSEVNEQFF,TGCAGTGCTAGAGTGGGGTCGGAAGTCAATGAGCAGTTCTTC,1202,6,clonotype1,clonotype1_consensus_1
GATCGTAGTTTGTTGG-1,True,GATCGTAGTTTGTTGG-1_contig_3,True,482,TRA,TRAV10,None,TRAJ24,TRAC,True,False,None,None,440,1,clonotype1,None
GATCGTATCAGGTTCA-1,True,GATCGTATCAGGTTCA-1_contig_1,True,505,TRA,TRAV1-2,None,TRAJ33,TRAC,True,True,CAATDSNYQLIW,TGTGCTGCGACTGATAGCAACTATCAGTTAATCTGG,58,2,clonotype1,clonotype1_consensus_2
GATCGTATCAGGTTCA-1,True,GATCGTATCAGGTTCA-1_contig_2,True,521,TRB,TRBV20-1,None,TRBJ2-1,TRBC2,True,True,CSARVGSEVNEQFF,TGCAGTGCTAGAGTGGGGTCGGAAGTCAATGAGCAGTTCTTC,2556,9,clonotype1,clonotype1_consensus_1
GATCGTATCAGGTTCA-1,True,GATCGTATCAGGTTCA-1_contig_3,True,494,TRA,TRAV10,None,TRAJ24,TRAC,True,False,None,None,186,2,clonotype1,None
GATCGTATCATATCGG-1,True,GATCGTATCATATCGG-1_contig_1,True,515,TRB,TRBV20-1,None,TRBJ2-7,TRBC2,True,True,CSGGTGGYEQYF,TGCAGTGGTGGGACAGGGGGCTACGAGCAGTACTTC,2535,10,clonotype2338,clonotype2338_consensus_1
GATCGTATCATATCGG-1,True,GATCGTATCATATCGG-1_contig_2,True,488,TRA,TRAV21,None,TRAJ47,TRAC,True,True,CAVRPVEYGNKLVF,TGTGCTGTGAGGCCAGTAGAATATGGAAACAAACTGGTCTTT,1224,6,clonotype2338,clonotype2338_consensus_2
GATCGTATCGGCGCTA-1,True,GATCGTATCGGCGCTA-1_contig_1,True,505,TRA,TRAV1-2,None,TRAJ33,TRAC,True,True,CAATDSNYQLIW,TGTGCTGCGACTGATAGCAACTATCAGTTAATCTGG,504,2,clonotype1,clonotype1_consensus_2
GATCGTATCGGCGCTA-1,True,GATCGTATCGGCGCTA-1_contig_2,True,521,TRB,TRBV20-1,None,TRBJ2-1,TRBC2,True,True,CSARVGSEVNEQFF,TGCAGTGCTAGAGTGGGGTCGGAAGTCAATGAGCAGTTCTTC,2865,13,clonotype1,clonotype1_consensus_1
GATCGTATCGGCGCTA-1,True,GATCGTATCGGCGCTA-1_contig_3,True,465,TRA,TRAV10,None,TRAJ24,TRAC,True,False,None,None,309,1,clonotype1,None
GATCGTATCGTCTGAA-1,True,GATCGTATCGTCTGAA-1_contig_1,True,505,TRA,TRAV1-2,None,TRAJ33,TRAC,True,True,CAATDSNYQLIW,TGTGCTGCGACTGATAGCAACTATCAGTTAATCTGG,301,1,clonotype1,clonotype1_consensus_2
GATCGTATCGTCTGAA-1,True,GATCGTATCGTCTGAA-1_contig_2,True,498,TRB,TRBV20-1,None,TRBJ2-1,TRBC2,True,True,CSARVGSEVNEQFF,TGCAGTGCTAGAGTGGGGTCGGAAGTCAATGAGCAGTTCTTC,2112,8,clonotype1,clonotype1_consensus_1
GATCGTATCTAACTTC-1,True,GATCGTATCTAACTTC-1_contig_1,True,479,TRB,TRBV20-1,None,TRBJ2-1,TRBC2,True,True,CSARGQSSREYNEQFF,TGCAGTGCTAGAGGACAATCTTCCAGGGAATACAATGAGCAGTTCTTC,1183,11,clonotype2339,clonotype2339_consensus_1
GATCGTATCTAACTTC-1,True,GATCGTATCTAACTTC-1_contig_2,True,618,TRA,TRAV3,None,TRAJ11,TRAC,True,True,CAVRVNSGYSTLTF,TGTGCTGTGAGAGTCAATTCAGGATACAGCACCCTCACCTTT,801,6,clonotype2339,clonotype2339_consensus_2
GATCGTATCTGTTTGT-1,True,GATCGTATCTGTTTGT-1_contig_1,True,505,TRA,TRAV1-2,None,TRAJ33,TRAC,True,True,CAATDSNYQLIW,TGTGCTGCGACTGATAGCAACTATCAGTTAATCTGG,763,5,clonotype1,clonotype1_consensus_2
GATCGTATCTGTTTGT-1,True,GATCGTATCTGTTTGT-1_contig_2,True,521,TRB,TRBV20-1,None,TRBJ2-1,TRBC2,True,True,CSARVGSEVNEQFF,TGCAGTGCTAGAGTGGGGTCGGAAGTCAATGAGCAGTTCTTC,1989,6,clonotype1,clonotype1_consensus_1
GATCGTATCTTGTATC-1,True,GATCGTATCTTGTATC-1_contig_1,True,515,TRB,TRBV20-1,None,TRBJ2-5,TRBC2,True,True,CSAHSGQETQYF,TGCAGTGCGCACAGTGGGCAAGAGACCCAGTACTTC,761,10,clonotype2340,clonotype2340_consensus_2
GATCGTATCTTGTATC-1,True,GATCGTATCTTGTATC-1_contig_2,True,495,TRA,TRAV9-2,None,TRAJ24,TRAC,True,True,CALSRARSWGKLQF,TGTGCTCTGAGCAGAGCCCGCAGCTGGGGGAAATTGCAGTTT,877,4,clonotype2340,clonotype2340_consensus_1
GATCGTATCTTGTATC-1,True,GATCGTATCTTGTATC-1_contig_3,True,516,Multi,TRDV1,None,TRAJ42,TRAC,True,False,CALGEVNHYGGSQGNLIF,TGTGCTCTTGGGGAAGTTAACCATTATGGAGGAAGCCAAGGAAATCTCATCTTT,408,1,clonotype2340,None
GATCTAGAGATCCTGT-1,True,GATCTAGAGATCCTGT-1_contig_1,True,518,TRA,TRAV21,None,TRAJ35,TRAC,True,True,CAVKGGFGNVLHC,TGTGCTGTGAAGGGAGGCTTTGGGAATGTGCTGCATTGC,540,3,clonotype2341,clonotype2341_consensus_1
GATCTAGAGATCCTGT-1,True,GATCTAGAGATCCTGT-1_contig_2,True,398,TRB,None,None,TRBJ1-4,TRBC1,False,False,None,None,4595,12,clonotype2341,None
GATCTAGAGCTGGAAC-1,True,GATCTAGAGCTGGAAC-1_contig_1,True,472,TRA,TRAV1-2,None,TRAJ33,TRAC,True,True,CAATDSNYQLIW,TGTGCTGCGACTGATAGCAACTATCAGTTAATCTGG,331,3,clonotype1,clonotype1_consensus_2
GATCTAGAGCTGGAAC-1,True,GATCTAGAGCTGGAAC-1_contig_2,True,521,TRB,TRBV20-1,None,TRBJ2-1,TRBC2,True,True,CSARVGSEVNEQFF,TGCAGTGCTAGAGTGGGGTCGGAAGTCAATGAGCAGTTCTTC,3029,10,clonotype1,clonotype1_consensus_1
GATCTAGAGGCGATAC-1,True,GATCTAGAGGCGATAC-1_contig_1,True,505,TRA,TRAV1-2,None,TRAJ33,TRAC,True,True,CAATDSNYQLIW,TGTGCTGCGACTGATAGCAACTATCAGTTAATCTGG,1956,10,clonotype1,clonotype1_consensus_2
GATCTAGAGGCGATAC-1,True,GATCTAGAGGCGATAC-1_contig_2,True,521,TRB,TRBV20-1,None,TRBJ2-1,TRBC2,True,True,CSARVGSEVNEQFF,TGCAGTGCTAGAGTGGGGTCGGAAGTCAATGAGCAGTTCTTC,1839,10,clonotype1,clonotype1_consensus_1
GATCTAGAGTAGCGGT-1,True,GATCTAGAGTAGCGGT-1_contig_1,True,505,TRA,TRAV1-2,None,TRAJ33,TRAC,True,True,CAATDSNYQLIW,TGTGCTGCGACTGATAGCAACTATCAGTTAATCTGG,292,4,clonotype1,clonotype1_consensus_2
GATCTAGAGTAGCGGT-1,True,GATCTAGAGTAGCGGT-1_contig_2,True,518,TRB,TRBV20-1,None,TRBJ2-1,TRBC2,True,True,CSARVGSEVNEQFF,TGCAGTGCTAGAGTGGGGTCGGAAGTCAATGAGCAGTTCTTC,841,7,clonotype1,clonotype1_consensus_1
GATCTAGAGTCCGTAT-1,True,GATCTAGAGTCCGTAT-1_contig_1,True,505,TRA,TRAV1-2,None,TRAJ33,TRAC,True,True,CAATDSNYQLIW,TGTGCTGCGACTGATAGCAACTATCAGTTAATCTGG,255,2,clonotype1,clonotype1_consensus_2
GATCTAGAGTCCGTAT-1,True,GATCTAGAGTCCGTAT-1_contig_2,True,521,TRB,TRBV20-1,None,TRBJ2-1,TRBC2,True,True,CSARVGSEVNEQFF,TGCAGTGCTAGAGTGGGGTCGGAAGTCAATGAGCAGTTCTTC,1420,6,clonotype1,clonotype1_consensus_1
GATCTAGCACCGAAAG-1,True,GATCTAGCACCGAAAG-1_contig_1,True,505,TRA,TRAV1-2,None,TRAJ33,TRAC,True,True,CAATDSNYQLIW,TGTGCTGCGACTGATAGCAACTATCAGTTAATCTGG,477,3,clonotype1,clonotype1_consensus_2
GATCTAGCACCGAAAG-1,True,GATCTAGCACCGAAAG-1_contig_2,True,518,TRB,TRBV20-1,None,TRBJ2-1,TRBC2,True,True,CSARVGSEVNEQFF,TGCAGTGCTAGAGTGGGGTCGGAAGTCAATGAGCAGTTCTTC,2253,11,clonotype1,clonotype1_consensus_1
GATCTAGCACCGAAAG-1,True,GATCTAGCACCGAAAG-1_contig_3,True,586,TRA,None,None,TRAJ32,TRAC,False,False,None,None,79,4,clonotype1,None
GATCTAGCAGGACGTA-1,True,GATCTAGCAGGACGTA-1_contig_1,True,512,TRA,TRAV25,None,TRAJ41,TRAC,True,True,CAGSPNSNSGYALNF,TGTGCAGGTTCCCCGAACTCAAATTCCGGGTATGCACTCAACTTC,240,4,clonotype2342,clonotype2342_consensus_1
GATCTAGCAGGACGTA-1,True,GATCTAGCAGGACGTA-1_contig_2,True,656,TRB,TRBV5-6,None,TRBJ2-1,TRBC2,True,True,CASSLGRTYNEQFF,TGTGCCAGCAGCTTGGGGCGAACCTACAATGAGCAGTTCTTC,1558,8,clonotype2342,clonotype2342_consensus_2
GATCTAGCATGGGACA-1,True,GATCTAGCATGGGACA-1_contig_1,True,524,TRB,TRBV20-1,None,TRBJ2-5,TRBC2,True,True,CSADTGLGIQETQYF,TGCAGTGCCGATACGGGACTGGGAATCCAAGAGACCCAGTACTTC,10762,8,clonotype2343,clonotype2343_consensus_1
GATCTAGGTAAACGCG-1,True,GATCTAGGTAAACGCG-1_contig_1,True,518,TRB,TRBV20-1,None,TRBJ2-7,TRBC2,True,True,CSAPGRLSYEQYF,TGCAGTGCACCGGGACGGCTCTCCTACGAGCAGTACTTC,1605,10,clonotype2344,clonotype2344_consensus_1
GATCTAGGTAAACGCG-1,True,GATCTAGGTAAACGCG-1_contig_2,True,487,TRA,TRAV39,None,TRAJ47,TRAC,True,True,CAVDMMEYGNKLVF,TGTGCCGTGGACATGATGGAATATGGAAACAAACTGGTCTTT,389,4,clonotype2344,clonotype2344_consensus_2
GATCTAGGTATAATGG-1,True,GATCTAGGTATAATGG-1_contig_1,True,505,TRA,TRAV1-2,None,TRAJ33,TRAC,True,True,CAATDSNYQLIW,TGTGCTGCGACTGATAGCAACTATCAGTTAATCTGG,298,8,clonotype1,clonotype1_consensus_2
GATCTAGGTATAATGG-1,True,GATCTAGGTATAATGG-1_contig_2,True,521,TRB,TRBV20-1,None,TRBJ2-1,TRBC2,True,True,CSARVGSEVNEQFF,TGCAGTGCTAGAGTGGGGTCGGAAGTCAATGAGCAGTTCTTC,2505,11,clonotype1,clonotype1_consensus_1
GATCTAGGTGAGGCTA-1,True,GATCTAGGTGAGGCTA-1_contig_1,True,518,TRB,TRBV20-1,None,TRBJ1-6,TRBC1,True,True,CSASTRRDSPLHF,TGCAGTGCTAGTACACGGAGGGATTCACCCCTCCACTTT,3175,13,clonotype2345,clonotype2345_consensus_1
GATCTAGGTGAGGCTA-1,True,GATCTAGGTGAGGCTA-1_contig_2,True,505,TRA,TRAV29/DV5,None,TRAJ49,TRAC,True,True,CAASGVTGNQFYF,TGTGCAGCAAGCGGGGTCACCGGTAACCAGTTCTATTTT,659,4,clonotype2345,clonotype2345_consensus_2
GATCTAGGTGGGTATG-1,True,GATCTAGGTGGGTATG-1_contig_1,True,505,TRA,TRAV1-2,None,TRAJ33,TRAC,True,True,CAATDSNYQLIW,TGTGCTGCGACTGATAGCAACTATCAGTTAATCTGG,1312,5,clonotype1,clonotype1_consensus_2
GATCTAGGTGGGTATG-1,True,GATCTAGGTGGGTATG-1_contig_2,True,521,TRB,TRBV20-1,None,TRBJ2-1,TRBC2,True,True,CSARVGSEVNEQFF,TGCAGTGCTAGAGTGGGGTCGGAAGTCAATGAGCAGTTCTTC,3091,12,clonotype1,clonotype1_consensus_1
GATCTAGGTGTAAGTA-1,True,GATCTAGGTGTAAGTA-1_contig_1,True,505,TRA,TRAV1-2,None,TRAJ33,TRAC,True,True,CAATDSNYQLIW,TGTGCTGCGACTGATAGCAACTATCAGTTAATCTGG,134,4,clonotype1,clonotype1_consensus_2
GATCTAGGTGTAAGTA-1,True,GATCTAGGTGTAAGTA-1_contig_2,True,521,TRB,TRBV20-1,None,TRBJ2-1,TRBC2,True,True,CSARVGSEVNEQFF,TGCAGTGCTAGAGTGGGGTCGGAAGTCAATGAGCAGTTCTTC,2363,9,clonotype1,clonotype1_consensus_1
GATCTAGGTGTAAGTA-1,True,GATCTAGGTGTAAGTA-1_contig_3,True,482,TRA,TRAV10,None,TRAJ24,TRAC,True,False,None,None,887,4,clonotype1,None
GATCTAGGTTCCGTCT-1,True,GATCTAGGTTCCGTCT-1_contig_1,True,495,TRA,TRAV1-2,None,TRAJ33,TRAC,True,True,CAATDSNYQLIW,TGTGCTGCGACTGATAGCAACTATCAGTTAATCTGG,178,4,clonotype1,clonotype1_consensus_2
GATCTAGGTTCCGTCT-1,True,GATCTAGGTTCCGTCT-1_contig_2,True,498,TRB,TRBV20-1,None,TRBJ2-1,TRBC2,True,True,CSARVGSEVNEQFF,TGCAGTGCTAGAGTGGGGTCGGAAGTCAATGAGCAGTTCTTC,5810,7,clonotype1,clonotype1_consensus_1
GATCTAGTCAGTTTGG-1,True,GATCTAGTCAGTTTGG-1_contig_1,True,576,TRA,TRAV12-1,None,TRAJ5,TRAC,True,True,CVVDTGRRALTF,TGTGTGGTGGACACGGGCAGGAGAGCACTTACTTTT,255,3,clonotype60,clonotype60_consensus_2
GATCTAGTCAGTTTGG-1,True,GATCTAGTCAGTTTGG-1_contig_2,True,521,TRB,TRBV20-1,None,TRBJ1-1,TRBC1,True,True,CSAEFGTGAEGAFF,TGCAGTGCTGAGTTCGGGACAGGGGCCGAAGGAGCTTTCTTT,2015,12,clonotype60,clonotype60_consensus_1
GATCTAGTCCAAACAC-1,True,GATCTAGTCCAAACAC-1_contig_1,True,505,TRA,TRAV1-2,None,TRAJ33,TRAC,True,True,CAATDSNYQLIW,TGTGCTGCGACTGATAGCAACTATCAGTTAATCTGG,478,4,clonotype1,clonotype1_consensus_2
GATCTAGTCCAAACAC-1,True,GATCTAGTCCAAACAC-1_contig_2,True,485,TRB,TRBV20-1,None,TRBJ2-1,TRBC2,True,True,CSARVGSEVNEQFF,TGCAGTGCTAGAGTGGGGTCGGAAGTCAATGAGCAGTTCTTC,2147,8,clonotype1,clonotype1_consensus_1
GATCTAGTCGCAGGCT-1,True,GATCTAGTCGCAGGCT-1_contig_1,True,521,TRB,TRBV20-1,None,TRBJ2-1,TRBC2,True,True,CSANRQGTSDEQFF,TGCAGTGCTAACCGACAGGGAACGAGCGATGAGCAGTTCTTC,1424,6,clonotype2346,clonotype2346_consensus_2
GATCTAGTCGCAGGCT-1,True,GATCTAGTCGCAGGCT-1_contig_2,True,521,TRA,TRAV21,None,TRAJ23,TRAC,True,True,CADYNQGGKLIF,TGTGCCGATTATAACCAGGGAGGAAAGCTTATCTTC,2161,11,clonotype2346,clonotype2346_consensus_1
GATCTAGTCGCAGGCT-1,True,GATCTAGTCGCAGGCT-1_contig_3,True,309,TRB,None,None,TRBJ1-5,TRBC1,False,False,None,None,991,5,clonotype2346,None
GATCTAGTCGTTTAGG-1,True,GATCTAGTCGTTTAGG-1_contig_1,True,489,TRB,TRBV20-1,None,TRBJ2-7,TRBC2,True,True,CSAREGTYEQYF,TGCAGTGCTAGAGAGGGGACTTACGAGCAGTACTTC,323,7,clonotype2347,clonotype2347_consensus_1
GATCTAGTCGTTTAGG-1,True,GATCTAGTCGTTTAGG-1_contig_2,True,486,TRA,TRAV9-2,None,TRAJ54,TRAC,True,True,CALQGAQKLVF,TGTGCCCTTCAGGGAGCCCAGAAGCTGGTATTT,301,6,clonotype2347,clonotype2347_consensus_3
GATCTAGTCGTTTAGG-1,True,GATCTAGTCGTTTAGG-1_contig_3,True,530,TRA,TRAV22,None,TRAJ42,None,True,True,CAVGGGSQGNLIF,TGTGCTGTGGGGGGAGGAAGCCAAGGAAATCTCATCTTT,189,1,clonotype2347,clonotype2347_consensus_2
GATCTAGTCTATCCTA-1,True,GATCTAGTCTATCCTA-1_contig_1,True,521,TRB,TRBV20-1,None,TRBJ2-1,TRBC2,True,True,CSARVGSEVNEQFF,TGCAGTGCTAGAGTGGGGTCGGAAGTCAATGAGCAGTTCTTC,3308,5,clonotype2,clonotype2_consensus_1
GATCTAGTCTGGTATG-1,True,GATCTAGTCTGGTATG-1_contig_1,True,509,TRA,TRAV13-2,None,TRAJ5,TRAC,True,True,CAERGPGRRALTF,TGTGCAGAGAGGGGACCGGGCAGGAGAGCACTTACTTTT,1353,8,clonotype2348,clonotype2348_consensus_1
GATCTAGTCTGGTATG-1,True,GATCTAGTCTGGTATG-1_contig_2,True,469,TRB,TRBV20-1,None,TRBJ1-2,None,True,False,CSAIPDRARSYGYTF,TGCAGTGCTATACCCGACAGGGCCCGAAGCTATGGCTACACCTTC,28,2,clonotype2348,None
GATGAAAAGCGTCTAT-1,True,GATGAAAAGCGTCTAT-1_contig_1,True,518,TRB,TRBV20-1,None,TRBJ2-1,TRBC2,True,True,CTQRGQGDNEQFF,TGCACTCAGCGGGGACAGGGGGACAATGAGCAGTTCTTC,3254,8,clonotype2349,clonotype2349_consensus_2
GATGAAAAGCGTCTAT-1,True,GATGAAAAGCGTCTAT-1_contig_2,True,484,TRA,TRAV38-1,None,TRAJ29,TRAC,True,True,CAFGRGNTPLVF,TGTGCTTTCGGGCGGGGAAACACACCTCTTGTCTTT,566,5,clonotype2349,clonotype2349_consensus_1
GATGAAACACTGCCAG-1,True,GATGAAACACTGCCAG-1_contig_1,True,627,TRA,TRAV3,None,TRAJ28,TRAC,True,True,CAVRDRDSGAGSYQLTF,TGTGCTGTGAGAGATAGAGACTCTGGGGCTGGGAGTTACCAACTCACTTTC,396,5,clonotype2350,clonotype2350_consensus_2
GATGAAACACTGCCAG-1,True,GATGAAACACTGCCAG-1_contig_2,True,743,TRB,TRBV5-6,None,TRBJ1-2,TRBC1,True,True,CASSIGQLHYGYTF,TGTGCCAGCAGCATCGGACAGCTTCATTATGGCTACACCTTC,2780,9,clonotype2350,clonotype2350_consensus_1
GATGAAACAGCGTAAG-1,True,GATGAAACAGCGTAAG-1_contig_1,True,641,TRA,TRAV8-6,None,TRAJ17,TRAC,True,True,CAVSDPPRAAGNKLTF,TGTGCTGTGAGTGATCCCCCTCGGGCTGCAGGCAACAAGCTAACTTTT,663,5,clonotype2351,clonotype2351_consensus_2
GATGAAACAGCGTAAG-1,True,GATGAAACAGCGTAAG-1_contig_2,True,655,TRB,TRBV5-6,None,TRBJ1-1,TRBC1,True,True,CASSLQGGPEAFF,TGTGCCAGCAGCTTGCAGGGGGGCCCTGAAGCTTTCTTT,4233,18,clonotype2351,clonotype2351_consensus_1
GATGAAACATCGACGC-1,True,GATGAAACATCGACGC-1_contig_1,True,480,TRB,TRBV5-5,None,TRBJ1-1,TRBC1,True,True,CASSLGDITEAFF,TGTGCCAGCAGCTTGGGGGACATCACTGAAGCTTTCTTT,1570,7,clonotype343,clonotype343_consensus_1
GATGAAAGTAGAGGAA-1,True,GATGAAAGTAGAGGAA-1_contig_1,True,459,TRA,TRAV13-1,None,TRAJ30,TRAC,True,True,CAGIMNRDDKIIF,TGTGCGGGTATCATGAACAGAGATGACAAGATCATCTTT,3797,1,clonotype45,clonotype45_consensus_2
GATGAAAGTAGAGGAA-1,True,GATGAAAGTAGAGGAA-1_contig_2,True,660,TRB,TRBV5-6,None,TRBJ1-1,TRBC1,True,True,CASSFGTGNTEAFF,TGTGCCAGCAGCTTTGGGACAGGGAACACTGAAGCTTTCTTT,908,7,clonotype45,clonotype45_consensus_1
GATGAAAGTGCTAGCC-1,True,GATGAAAGTGCTAGCC-1_contig_1,True,502,TRA,TRAV1-2,None,TRAJ30,TRAC,True,True,CAVRDLREIIF,TGTGCTGTGAGAGATCTTCGGGAGATCATCTTT,808,3,clonotype3,clonotype3_consensus_2
GATGAAAGTGCTAGCC-1,True,GATGAAAGTGCTAGCC-1_contig_2,True,515,TRB,TRBV5-5,None,TRBJ1-4,TRBC1,True,True,CASSHPGPNYATNEKLFF,TGTGCCAGCAGCCATCCCGGACCGAACTACGCAACTAATGAAAAACTGTTTTTT,482,3,clonotype3,clonotype3_consensus_1
GATGAAAGTGTGAAAT-1,True,GATGAAAGTGTGAAAT-1_contig_1,True,470,TRB,TRBV20-1,None,TRBJ2-1,TRBC2,True,True,CSARVGSEVNEQFF,TGCAGTGCTAGAGTGGGGTCGGAAGTCAATGAGCAGTTCTTC,1656,7,clonotype2,clonotype2_consensus_1
GATGAAAGTTAGTGGG-1,True,GATGAAAGTTAGTGGG-1_contig_1,True,505,TRA,TRAV1-2,None,TRAJ33,TRAC,True,True,CAATDSNYQLIW,TGTGCTGCGACTGATAGCAACTATCAGTTAATCTGG,250,3,clonotype1,clonotype1_consensus_2
GATGAAAGTTAGTGGG-1,True,GATGAAAGTTAGTGGG-1_contig_2,True,521,TRB,TRBV20-1,None,TRBJ2-1,TRBC2,True,True,CSARVGSEVNEQFF,TGCAGTGCTAGAGTGGGGTCGGAAGTCAATGAGCAGTTCTTC,1289,8,clonotype1,clonotype1_consensus_1
GATGAAAGTTAGTGGG-1,True,GATGAAAGTTAGTGGG-1_contig_3,True,457,TRA,TRAV10,None,TRAJ24,TRAC,True,False,None,None,168,1,clonotype1,None
GATGAAATCATCACCC-1,True,GATGAAATCATCACCC-1_contig_1,True,521,TRB,TRBV20-1,None,TRBJ2-1,TRBC2,True,True,CSARVGSEVNEQFF,TGCAGTGCTAGAGTGGGGTCGGAAGTCAATGAGCAGTTCTTC,2160,6,clonotype2,clonotype2_consensus_1
GATGAAATCATCACCC-1,True,GATGAAATCATCACCC-1_contig_2,True,459,TRA,TRAV10,None,TRAJ24,TRAC,True,False,None,None,230,3,clonotype2,None
GATGAAATCCCTCAGT-1,True,GATGAAATCCCTCAGT-1_contig_1,True,515,TRB,TRBV20-1,None,TRBJ2-3,TRBC2,True,True,CSAIVDTDTQYF,TGCAGTGCTATAGTCGACACAGATACGCAGTATTTT,2087,10,clonotype2352,clonotype2352_consensus_1
GATGAAATCCTAAGTG-1,True,GATGAAATCCTAAGTG-1_contig_1,True,521,TRB,TRBV20-1,None,TRBJ2-1,TRBC2,True,True,CSARVGSEVNEQFF,TGCAGTGCTAGAGTGGGGTCGGAAGTCAATGAGCAGTTCTTC,1197,10,clonotype2,clonotype2_consensus_1
GATGAAATCCTAAGTG-1,True,GATGAAATCCTAAGTG-1_contig_2,True,467,TRA,TRAV10,None,TRAJ24,TRAC,True,False,None,None,60,4,clonotype2,None
GATGAGGAGACAGGCT-1,True,GATGAGGAGACAGGCT-1_contig_1,True,515,TRB,TRBV20-1,None,TRBJ1-2,TRBC1,True,True,CSAPQGYYGYTF,TGCAGTGCCCCACAGGGTTACTATGGCTACACCTTC,2445,17,clonotype24,clonotype24_consensus_1
GATGAGGAGACAGGCT-1,True,GATGAGGAGACAGGCT-1_contig_2,True,461,TRA,TRAV34,None,TRAJ30,TRAC,True,True,CGADGGDDKIIF,TGTGGAGCAGACGGCGGGGATGACAAGATCATCTTT,1205,5,clonotype24,clonotype24_consensus_2
GATGAGGAGACAGGCT-1,True,GATGAGGAGACAGGCT-1_contig_3,True,630,TRB,None,None,TRBJ1-4,None,False,False,None,None,774,2,clonotype24,None
GATGAGGAGCAGCGTA-1,True,GATGAGGAGCAGCGTA-1_contig_1,True,521,TRB,TRBV20-1,None,TRBJ2-1,TRBC2,True,True,CSARVGSEVNEQFF,TGCAGTGCTAGAGTGGGGTCGGAAGTCAATGAGCAGTTCTTC,1621,8,clonotype2,clonotype2_consensus_1
GATGAGGAGCAGCGTA-1,True,GATGAGGAGCAGCGTA-1_contig_2,True,482,TRA,TRAV10,None,TRAJ24,TRAC,True,False,None,None,764,6,clonotype2,None
GATGAGGAGCTATGCT-1,True,GATGAGGAGCTATGCT-1_contig_1,True,505,TRA,TRAV1-2,None,TRAJ33,TRAC,True,True,CAATDSNYQLIW,TGTGCTGCGACTGATAGCAACTATCAGTTAATCTGG,811,8,clonotype1,clonotype1_consensus_2
GATGAGGAGCTATGCT-1,True,GATGAGGAGCTATGCT-1_contig_2,True,498,TRB,TRBV20-1,None,TRBJ2-1,TRBC2,True,True,CSARVGSEVNEQFF,TGCAGTGCTAGAGTGGGGTCGGAAGTCAATGAGCAGTTCTTC,2635,8,clonotype1,clonotype1_consensus_1
GATGAGGAGTGGGATC-1,True,GATGAGGAGTGGGATC-1_contig_1,True,505,TRA,TRAV1-2,None,TRAJ33,TRAC,True,True,CAATDSNYQLIW,TGTGCTGCGACTGATAGCAACTATCAGTTAATCTGG,1061,5,clonotype1,clonotype1_consensus_2
GATGAGGAGTGGGATC-1,True,GATGAGGAGTGGGATC-1_contig_2,True,498,TRB,TRBV20-1,None,TRBJ2-1,TRBC2,True,True,CSARVGSEVNEQFF,TGCAGTGCTAGAGTGGGGTCGGAAGTCAATGAGCAGTTCTTC,1234,8,clonotype1,clonotype1_consensus_1
GATGAGGCAACTGGCC-1,True,GATGAGGCAACTGGCC-1_contig_1,True,459,TRA,TRAV13-1,None,TRAJ22,TRAC,True,True,CAAFSGSARQLTF,TGTGCAGCCTTCTCTGGTTCTGCAAGGCAACTGACCTTT,710,2,clonotype294,clonotype294_consensus_2
GATGAGGCAACTGGCC-1,True,GATGAGGCAACTGGCC-1_contig_2,True,521,TRB,TRBV20-1,None,TRBJ1-6,TRBC1,True,True,CSARVRDSQGPLHF,TGCAGTGCTAGAGTACGGGATAGTCAGGGGCCCCTCCACTTT,1572,9,clonotype294,clonotype294_consensus_1
GATGAGGCAACTGGCC-1,True,GATGAGGCAACTGGCC-1_contig_3,True,427,TRA,TRAV9-2,None,TRAJ23,TRAC,True,False,None,None,797,2,clonotype294,None
GATGAGGCAATCAGAA-1,True,GATGAGGCAATCAGAA-1_contig_1,True,505,TRA,TRAV1-2,None,TRAJ33,TRAC,True,True,CAATDSNYQLIW,TGTGCTGCGACTGATAGCAACTATCAGTTAATCTGG,312,1,clonotype1,clonotype1_consensus_2
GATGAGGCAATCAGAA-1,True,GATGAGGCAATCAGAA-1_contig_2,True,521,TRB,TRBV20-1,None,TRBJ2-1,TRBC2,True,True,CSARVGSEVNEQFF,TGCAGTGCTAGAGTGGGGTCGGAAGTCAATGAGCAGTTCTTC,1358,7,clonotype1,clonotype1_consensus_1
GATGAGGCAATCAGAA-1,True,GATGAGGCAATCAGAA-1_contig_3,True,457,TRA,TRAV10,None,TRAJ24,TRAC,True,False,None,None,307,2,clonotype1,None
GATGAGGCACCAGCAC-1,True,GATGAGGCACCAGCAC-1_contig_1,True,493,TRA,TRAV1-2,None,TRAJ33,TRAC,True,True,CAATDSNYQLIW,TGTGCTGCGACTGATAGCAACTATCAGTTAATCTGG,149,1,clonotype1,clonotype1_consensus_2
GATGAGGCACCAGCAC-1,True,GATGAGGCACCAGCAC-1_contig_2,True,503,TRB,TRBV20-1,None,TRBJ2-1,TRBC2,True,True,CSARVGSEVNEQFF,TGCAGTGCTAGAGTGGGGTCGGAAGTCAATGAGCAGTTCTTC,308,5,clonotype1,clonotype1_consensus_1
GATGAGGCACCAGCAC-1,True,GATGAGGCACCAGCAC-1_contig_3,True,482,TRA,TRAV10,None,TRAJ24,TRAC,True,False,None,None,746,4,clonotype1,None
GATGAGGCACCGTTGG-1,True,GATGAGGCACCGTTGG-1_contig_1,True,524,TRB,TRBV20-1,None,TRBJ2-1,TRBC2,True,True,CSAGGQGGSYNEQFF,TGCAGTGCGGGAGGACAGGGGGGCTCCTACAATGAGCAGTTCTTC,5275,20,clonotype2353,clonotype2353_consensus_1
GATGAGGCACCGTTGG-1,True,GATGAGGCACCGTTGG-1_contig_2,True,514,TRA,TRAV14/DV4,None,TRAJ34,TRAC,True,True,CAMTYTDKLIF,TGTGCAATGACCTACACCGACAAGCTCATCTTT,1728,7,clonotype2353,clonotype2353_consensus_2
GATGAGGCACCGTTGG-1,True,GATGAGGCACCGTTGG-1_contig_3,True,502,TRA,TRAV9-2,None,TRAJ37,TRAC,True,False,None,None,193,2,clonotype2353,None
GATGAGGCACGACGAA-1,True,GATGAGGCACGACGAA-1_contig_1,True,521,TRB,TRBV20-1,None,TRBJ2-1,TRBC2,True,True,CSARVGSEVNEQFF,TGCAGTGCTAGAGTGGGGTCGGAAGTCAATGAGCAGTTCTTC,4640,13,clonotype2,clonotype2_consensus_1
GATGAGGCACGACGAA-1,True,GATGAGGCACGACGAA-1_contig_2,True,465,TRA,TRAV10,None,TRAJ24,TRAC,True,False,None,None,133,3,clonotype2,None
GATGAGGCAGATTGCT-1,True,GATGAGGCAGATTGCT-1_contig_1,True,505,TRA,TRAV1-2,None,TRAJ33,TRAC,True,True,CAATDSNYQLIW,TGTGCTGCGACTGATAGCAACTATCAGTTAATCTGG,79,4,clonotype1,clonotype1_consensus_2
GATGAGGCAGATTGCT-1,True,GATGAGGCAGATTGCT-1_contig_2,True,521,TRB,TRBV20-1,None,TRBJ2-1,TRBC2,True,True,CSARVGSEVNEQFF,TGCAGTGCTAGAGTGGGGTCGGAAGTCAATGAGCAGTTCTTC,1385,4,clonotype1,clonotype1_consensus_1
GATGAGGCAGGCTGAA-1,True,GATGAGGCAGGCTGAA-1_contig_1,True,512,TRB,TRBV20-1,None,TRBJ2-7,TRBC2,True,True,CSASPAREQYF,TGCAGTGCTAGTCCCGCTCGCGAGCAGTACTTC,3050,7,clonotype2354,clonotype2354_consensus_1
GATGAGGCAGGCTGAA-1,True,GATGAGGCAGGCTGAA-1_contig_2,True,440,TRA,TRAV13-1,None,TRAJ28,TRAC,True,False,None,None,367,2,clonotype2354,None
GATGAGGCATAAGACA-1,True,GATGAGGCATAAGACA-1_contig_1,True,506,TRA,TRAV13-2,None,TRAJ40,TRAC,True,True,CAENDGTYKYIF,TGTGCAGAGAATGACGGAACCTACAAATACATCTTT,953,5,clonotype2355,clonotype2355_consensus_1
GATGAGGCATAAGACA-1,True,GATGAGGCATAAGACA-1_contig_2,True,512,TRB,TRBV20-1,None,TRBJ1-1,TRBC1,True,True,CSASRAPEAFF,TGCAGTGCTTCCCGGGCCCCTGAAGCTTTCTTT,1526,9,clonotype2355,clonotype2355_consensus_2
GATGAGGGTACAGTGG-1,True,GATGAGGGTACAGTGG-1_contig_1,True,518,TRB,TRBV20-1,None,TRBJ2-1,TRBC2,True,True,CSARARLDNEQFF,TGCAGTGCTAGAGCCCGACTCGACAATGAGCAGTTCTTC,1630,7,clonotype2356,clonotype2356_consensus_1
GATGAGGGTACAGTGG-1,True,GATGAGGGTACAGTGG-1_contig_2,True,497,TRA,TRAV12-1,None,TRAJ30,TRAC,True,True,CVVPGIPPRDDKIIF,TGTGTGGTGCCCGGAATACCCCCCAGAGATGACAAGATCATCTTT,376,1,clonotype2356,clonotype2356_consensus_2
GATGAGGGTCCAGTTA-1,True,GATGAGGGTCCAGTTA-1_contig_1,True,502,TRA,TRAV1-2,None,TRAJ30,TRAC,True,True,CAVRDLREIIF,TGTGCTGTGAGAGATCTTCGGGAGATCATCTTT,182,2,clonotype3,clonotype3_consensus_2
GATGAGGGTCCAGTTA-1,True,GATGAGGGTCCAGTTA-1_contig_2,True,716,TRB,TRBV5-5,None,TRBJ1-4,TRBC1,True,True,CASSHPGPNYATNEKLFF,TGTGCCAGCAGCCATCCCGGACCGAACTACGCAACTAATGAAAAACTGTTTTTT,1413,5,clonotype3,clonotype3_consensus_1
GATGAGGGTCCTCTTG-1,True,GATGAGGGTCCTCTTG-1_contig_1,True,505,TRA,TRAV1-2,None,TRAJ33,TRAC,True,True,CAATDSNYQLIW,TGTGCTGCGACTGATAGCAACTATCAGTTAATCTGG,532,2,clonotype1,clonotype1_consensus_2
GATGAGGGTCCTCTTG-1,True,GATGAGGGTCCTCTTG-1_contig_2,True,521,TRB,TRBV20-1,None,TRBJ2-1,TRBC2,True,True,CSARVGSEVNEQFF,TGCAGTGCTAGAGTGGGGTCGGAAGTCAATGAGCAGTTCTTC,777,5,clonotype1,clonotype1_consensus_1
GATGAGGGTCCTCTTG-1,True,GATGAGGGTCCTCTTG-1_contig_3,True,456,TRA,TRAV10,None,TRAJ24,TRAC,True,False,None,None,100,2,clonotype1,None
GATGAGGGTCTCAACA-1,True,GATGAGGGTCTCAACA-1_contig_1,True,498,TRB,TRBV20-1,None,TRBJ2-1,TRBC2,True,True,CSARVGSEVNEQFF,TGCAGTGCTAGAGTGGGGTCGGAAGTCAATGAGCAGTTCTTC,1421,3,clonotype2,clonotype2_consensus_1
GATGAGGGTGACCAAG-1,True,GATGAGGGTGACCAAG-1_contig_1,True,505,TRA,TRAV1-2,None,TRAJ33,TRAC,True,True,CAATDSNYQLIW,TGTGCTGCGACTGATAGCAACTATCAGTTAATCTGG,1030,3,clonotype1,clonotype1_consensus_2
GATGAGGGTGACCAAG-1,True,GATGAGGGTGACCAAG-1_contig_2,True,521,TRB,TRBV20-1,None,TRBJ2-1,TRBC2,True,True,CSARVGSEVNEQFF,TGCAGTGCTAGAGTGGGGTCGGAAGTCAATGAGCAGTTCTTC,1908,6,clonotype1,clonotype1_consensus_1
GATGAGGGTGGTTTCA-1,True,GATGAGGGTGGTTTCA-1_contig_1,True,505,TRA,TRAV1-2,None,TRAJ33,TRAC,True,True,CAATDSNYQLIW,TGTGCTGCGACTGATAGCAACTATCAGTTAATCTGG,442,2,clonotype1,clonotype1_consensus_2
GATGAGGGTGGTTTCA-1,True,GATGAGGGTGGTTTCA-1_contig_2,True,518,TRB,TRBV20-1,None,TRBJ2-1,TRBC2,True,True,CSARVGSEVNEQFF,TGCAGTGCTAGAGTGGGGTCGGAAGTCAATGAGCAGTTCTTC,2727,13,clonotype1,clonotype1_consensus_1
GATGAGGGTGGTTTCA-1,True,GATGAGGGTGGTTTCA-1_contig_3,True,465,TRA,TRAV10,None,TRAJ24,TRAC,True,False,None,None,471,2,clonotype1,None
GATGAGGGTGTGTGCC-1,True,GATGAGGGTGTGTGCC-1_contig_1,True,492,TRA,TRAV9-2,None,TRAJ13,TRAC,True,True,CALNLEGYQKVTF,TGTGCTCTGAACTTAGAGGGTTACCAGAAAGTTACCTTT,1604,3,clonotype6,clonotype6_consensus_1
GATGAGGGTGTGTGCC-1,True,GATGAGGGTGTGTGCC-1_contig_2,True,663,TRB,TRBV5-6,None,TRBJ1-5,TRBC1,True,True,CASSFRGGANQPQHF,TGTGCCAGCAGCTTTCGAGGGGGCGCGAATCAGCCCCAGCATTTT,853,4,clonotype6,clonotype6_consensus_2
GATGAGGGTTCACGGC-1,True,GATGAGGGTTCACGGC-1_contig_1,True,505,TRA,TRAV1-2,None,TRAJ33,TRAC,True,True,CAATDSNYQLIW,TGTGCTGCGACTGATAGCAACTATCAGTTAATCTGG,215,2,clonotype1,clonotype1_consensus_2
GATGAGGGTTCACGGC-1,True,GATGAGGGTTCACGGC-1_contig_2,True,521,TRB,TRBV20-1,None,TRBJ2-1,TRBC2,True,True,CSARVGSEVNEQFF,TGCAGTGCTAGAGTGGGGTCGGAAGTCAATGAGCAGTTCTTC,554,7,clonotype1,clonotype1_consensus_1
GATGAGGTCGAGAACG-1,True,GATGAGGTCGAGAACG-1_contig_1,True,501,TRB,TRBV20-1,None,TRBJ2-5,TRBC2,True,True,CSAKGSGGLQETQYF,TGCAGTGCTAAGGGGAGCGGGGGACTTCAAGAGACCCAGTACTTC,895,5,clonotype2357,clonotype2357_consensus_1
GATGAGGTCGAGAACG-1,True,GATGAGGTCGAGAACG-1_contig_2,True,505,TRA,TRAV23/DV6,None,TRAJ23,TRAC,True,True,CAATYQGGKLIF,TGTGCAGCAACCTACCAGGGAGGAAAGCTTATCTTC,186,4,clonotype2357,clonotype2357_consensus_2
GATGAGGTCGCCAAAT-1,True,GATGAGGTCGCCAAAT-1_contig_1,True,574,TRA,TRAV29/DV5,None,TRAJ45,TRAC,True,True,CAANGSGGGADGLTF,TGTGCAGCAAACGGGTCAGGAGGAGGTGCTGACGGACTCACCTTT,784,4,clonotype2358,clonotype2358_consensus_1
GATGAGGTCGCCAAAT-1,True,GATGAGGTCGCCAAAT-1_contig_2,True,490,TRB,TRBV5-6,None,TRBJ2-1,TRBC2,True,True,CASSWGLAGGEQFF,TGTGCCAGCAGCTGGGGACTAGCGGGGGGTGAGCAGTTCTTC,482,9,clonotype2358,clonotype2358_consensus_2
GATGAGGTCGCCCTTA-1,True,GATGAGGTCGCCCTTA-1_contig_1,True,541,TRA,TRAV12-2,None,TRAJ39,TRAC,True,True,CAVNRAGNMLTF,TGTGCCGTGAATAGGGCAGGCAACATGCTCACCTTT,2098,9,clonotype2359,clonotype2359_consensus_2
GATGAGGTCGCCCTTA-1,True,GATGAGGTCGCCCTTA-1_contig_2,True,512,TRB,TRBV5-5,None,TRBJ2-6,TRBC2,True,True,CASSLGPTLSGANVLTF,TGTGCCAGCAGTTTAGGCCCAACGCTCTCTGGGGCCAACGTCCTGACTTTC,3720,14,clonotype2359,clonotype2359_consensus_1
GATGAGGTCTGCTGCT-1,True,GATGAGGTCTGCTGCT-1_contig_1,True,502,TRA,TRAV1-2,None,TRAJ30,TRAC,True,True,CAVRDLREIIF,TGTGCTGTGAGAGATCTTCGGGAGATCATCTTT,447,4,clonotype3,clonotype3_consensus_2
GATGAGGTCTGCTGCT-1,True,GATGAGGTCTGCTGCT-1_contig_2,True,686,TRB,TRBV5-5,None,TRBJ1-4,TRBC1,True,True,CASSHPGPNYATNEKLFF,TGTGCCAGCAGCCATCCCGGACCGAACTACGCAACTAATGAAAAACTGTTTTTT,2581,6,clonotype3,clonotype3_consensus_1
GATGCTAAGCGGATCA-1,True,GATGCTAAGCGGATCA-1_contig_1,True,547,TRA,TRAV12-2,None,TRAJ3,TRAC,True,True,CAVNPYSSASKIIF,TGTGCCGTGAACCCGTACAGCAGTGCTTCCAAGATAATCTTT,992,8,clonotype2360,clonotype2360_consensus_1
GATGCTAAGCGGATCA-1,True,GATGCTAAGCGGATCA-1_contig_2,True,514,TRB,TRBV20-1,None,TRBJ2-5,TRBC2,True,True,CSAILAAYQETQYF,TGCAGTGCTATACTGGCAGCATATCAAGAGACCCAGTACTTC,1786,14,clonotype2360,clonotype2360_consensus_2
GATGCTAAGGTAGCTG-1,True,GATGCTAAGGTAGCTG-1_contig_1,True,504,TRB,TRBV20-1,None,TRBJ2-7,TRBC2,True,True,CSARASRLVLSYEQYF,TGCAGTGCTAGAGCCTCACGGCTAGTACTTTCCTACGAGCAGTACTTC,1733,7,clonotype11,clonotype11_consensus_2
GATGCTAAGGTAGCTG-1,True,GATGCTAAGGTAGCTG-1_contig_2,True,504,TRA,TRAV26-1,None,TRAJ34,TRAC,True,True,CIASSYNTDKLIF,TGCATCGCTTCATCTTATAACACCGACAAGCTCATCTTT,108,6,clonotype11,clonotype11_consensus_1
GATGCTACACATCCAA-1,True,GATGCTACACATCCAA-1_contig_1,True,524,TRB,TRBV20-1,None,TRBJ2-1,TRBC2,True,True,CSARTPVGSYNEQFF,TGCAGTGCTAGGACACCTGTAGGCTCCTACAATGAGCAGTTCTTC,1780,12,clonotype2361,clonotype2361_consensus_2
GATGCTACACATCCAA-1,True,GATGCTACACATCCAA-1_contig_2,True,481,TRA,TRAV12-3,None,TRAJ32,TRAC,True,True,CALGLIGGATNKLIF,TGTGCATTGGGGCTTATAGGTGGTGCTACAAACAAGCTCATCTTT,57,11,clonotype2361,clonotype2361_consensus_1
GATGCTACACATCCAA-1,True,GATGCTACACATCCAA-1_contig_3,True,473,TRB,TRBV7-3,None,TRBJ1-2,TRBC1,True,False,CQDRTNGYTF,TGCCAGGACAGGACGAATGGCTACACCTTC,200,1,clonotype2361,None
GATGCTACACATCCAA-1,True,GATGCTACACATCCAA-1_contig_4,True,662,TRB,TRBV7-3,None,TRBJ1-3,TRBC1,True,False,CQDRTNGYTF,TGCCAGGACAGGACGAATGGCTACACCTTC,1085,5,clonotype2361,None
GATGCTACACGGACAA-1,True,GATGCTACACGGACAA-1_contig_1,True,521,TRB,TRBV20-1,None,TRBJ2-1,TRBC2,True,True,CSARVGSEVNEQFF,TGCAGTGCTAGAGTGGGGTCGGAAGTCAATGAGCAGTTCTTC,796,10,clonotype2,clonotype2_consensus_1
GATGCTACACGGACAA-1,True,GATGCTACACGGACAA-1_contig_2,True,459,TRA,TRAV10,None,TRAJ24,TRAC,True,False,None,None,360,4,clonotype2,None
GATGCTACATAAGACA-1,True,GATGCTACATAAGACA-1_contig_1,True,527,TRB,TRBV20-1,None,TRBJ2-3,TRBC2,True,True,CSVTLGSRGAADTQYF,TGCAGTGTTACGCTAGGATCCAGGGGCGCCGCAGATACGCAGTATTTT,561,8,clonotype2362,clonotype2362_consensus_2
GATGCTACATAAGACA-1,True,GATGCTACATAAGACA-1_contig_2,True,516,TRA,TRAV5,None,TRAJ12,TRAC,True,True,CAVMDSSYKLIF,TGTGCCGTTATGGATAGCAGCTATAAATTGATCTTC,97,3,clonotype2362,clonotype2362_consensus_1
GATGCTACATTCTCAT-1,True,GATGCTACATTCTCAT-1_contig_1,True,507,TRB,TRBV20-1,None,TRBJ1-6,TRBC1,True,True,CSARDRHGQGARSPLHF,TGCAGTGCTAGAGATCGTCACGGACAGGGGGCGAGGTCACCCCTCCACTTT,656,9,clonotype2363,clonotype2363_consensus_1
GATGCTACATTCTCAT-1,True,GATGCTACATTCTCAT-1_contig_2,True,482,TRA,TRAV8-3,None,TRAJ13,TRAC,True,False,CAVGDSGGYQKVTF,TGTGCTGTGGGTGATTCTGGGGGTTACCAGAAAGTTACCTTT,2587,3,clonotype2363,None
GATGCTAGTACAAGTA-1,True,GATGCTAGTACAAGTA-1_contig_1,True,515,TRB,TRBV20-1,None,TRBJ2-5,TRBC2,True,True,CSATGGAETQYF,TGCAGTGCTACAGGGGGGGCTGAGACCCAGTACTTC,4930,6,clonotype2364,clonotype2364_consensus_2
GATGCTAGTACAAGTA-1,True,GATGCTAGTACAAGTA-1_contig_2,True,462,TRA,TRAV13-1,None,TRAJ21,TRAC,True,True,CAASIGGNFNKFYF,TGTGCAGCAAGTATAGGGGGGAACTTCAACAAATTTTACTTT,1214,4,clonotype2364,clonotype2364_consensus_1
GATGCTAGTACAAGTA-1,True,GATGCTAGTACAAGTA-1_contig_3,True,465,TRA,None,None,TRAJ16,TRAC,False,False,None,None,1098,3,clonotype2364,None
GATGCTAGTACCGTAT-1,True,GATGCTAGTACCGTAT-1_contig_1,True,505,TRA,TRAV1-2,None,TRAJ33,TRAC,True,True,CAATDSNYQLIW,TGTGCTGCGACTGATAGCAACTATCAGTTAATCTGG,2087,6,clonotype1,clonotype1_consensus_2
GATGCTAGTACCGTAT-1,True,GATGCTAGTACCGTAT-1_contig_2,True,492,TRB,TRBV20-1,None,TRBJ2-1,TRBC2,True,True,CSARVGSEVNEQFF,TGCAGTGCTAGAGTGGGGTCGGAAGTCAATGAGCAGTTCTTC,2029,6,clonotype1,clonotype1_consensus_1
GATGCTAGTACCGTAT-1,True,GATGCTAGTACCGTAT-1_contig_3,True,465,TRA,TRAV10,None,TRAJ24,TRAC,True,False,None,None,36,1,clonotype1,None
GATGCTAGTATAATGG-1,True,GATGCTAGTATAATGG-1_contig_1,True,505,TRA,TRAV1-2,None,TRAJ33,TRAC,True,True,CAATDSNYQLIW,TGTGCTGCGACTGATAGCAACTATCAGTTAATCTGG,654,4,clonotype1,clonotype1_consensus_2
GATGCTAGTATAATGG-1,True,GATGCTAGTATAATGG-1_contig_2,True,498,TRB,TRBV20-1,None,TRBJ2-1,TRBC2,True,True,CSARVGSEVNEQFF,TGCAGTGCTAGAGTGGGGTCGGAAGTCAATGAGCAGTTCTTC,4758,7,clonotype1,clonotype1_consensus_1
GATGCTAGTCTGGAGA-1,True,GATGCTAGTCTGGAGA-1_contig_1,True,498,TRB,TRBV20-1,None,TRBJ2-1,TRBC2,True,True,CSARVGSEVNEQFF,TGCAGTGCTAGAGTGGGGTCGGAAGTCAATGAGCAGTTCTTC,2712,9,clonotype2,clonotype2_consensus_1
GATGCTAGTCTGGAGA-1,True,GATGCTAGTCTGGAGA-1_contig_2,True,516,TRA,TRAV10,None,TRAJ24,TRAC,True,False,None,None,275,3,clonotype2,None
GATGCTAGTGATAAGT-1,True,GATGCTAGTGATAAGT-1_contig_1,True,492,TRB,TRBV20-1,None,TRBJ1-1,TRBC1,True,True,CSASRGYTEAFF,TGCAGTGCTAGCAGGGGGTACACTGAAGCTTTCTTT,1764,7,clonotype2365,clonotype2365_consensus_1
GATGCTAGTGATAAGT-1,True,GATGCTAGTGATAAGT-1_contig_2,True,505,TRA,TRAV17,None,TRAJ49,TRAC,True,True,CATGSTGNQFYF,TGTGCTACGGGCTCCACCGGTAACCAGTTCTATTTT,422,3,clonotype2365,clonotype2365_consensus_2
GATGCTAGTGATGTCT-1,True,GATGCTAGTGATGTCT-1_contig_1,True,538,TRA,TRAV12-2,None,TRAJ22,TRAC,True,True,CAVQSARQLTF,TGTGCCGTGCAGAGCGCAAGGCAACTGACCTTT,326,3,clonotype344,clonotype344_consensus_3
GATGCTAGTGATGTCT-1,True,GATGCTAGTGATGTCT-1_contig_2,True,508,TRA,TRAV1-2,None,TRAJ33,TRAC,True,True,CAVREDSNYQLIW,TGTGCTGTGAGAGAGGATAGCAACTATCAGTTAATCTGG,140,1,clonotype344,clonotype344_consensus_2
GATGCTAGTGATGTCT-1,True,GATGCTAGTGATGTCT-1_contig_3,True,508,TRB,TRBV9,None,TRBJ1-4,TRBC1,True,True,CASSYGQGAGATNEKLFF,TGTGCCAGCAGCTATGGCCAGGGGGCGGGCGCAACTAATGAAAAACTGTTTTTT,1235,9,clonotype344,clonotype344_consensus_1
GATGCTAGTGTGCCTG-1,True,GATGCTAGTGTGCCTG-1_contig_1,True,521,TRB,TRBV20-1,None,TRBJ2-1,TRBC2,True,True,CSARVGSEVNEQFF,TGCAGTGCTAGAGTGGGGTCGGAAGTCAATGAGCAGTTCTTC,1543,8,clonotype2,clonotype2_consensus_1
GATGCTAGTGTGCCTG-1,True,GATGCTAGTGTGCCTG-1_contig_2,True,467,TRA,TRAV10,None,TRAJ24,TRAC,True,False,None,None,385,2,clonotype2,None
GATGCTAGTGTTTGTG-1,True,GATGCTAGTGTTTGTG-1_contig_1,True,510,TRB,TRBV20-1,None,TRBJ2-3,TRBC2,True,True,CSALRALAAGGSTDTQYF,TGCAGTGCCCTTCGTGCCCTCGCGGCAGGCGGGAGCACAGATACGCAGTATTTT,4037,11,clonotype345,clonotype345_consensus_1
GATGCTAGTGTTTGTG-1,True,GATGCTAGTGTTTGTG-1_contig_2,True,446,TRA,TRAV9-2,None,TRAJ9,TRAC,True,True,CALRPGGFKTIF,TGTGCTCTGAGACCCGGAGGCTTCAAAACTATCTTT,466,4,clonotype345,clonotype345_consensus_2
GATGCTAGTTAGTGGG-1,True,GATGCTAGTTAGTGGG-1_contig_1,True,518,TRB,TRBV20-1,None,TRBJ1-3,TRBC1,True,True,CSASQGGGNTIYF,TGCAGTGCTAGTCAGGGAGGAGGAAACACCATATATTTT,3403,10,clonotype2366,clonotype2366_consensus_1
GATGCTAGTTAGTGGG-1,True,GATGCTAGTTAGTGGG-1_contig_2,True,514,TRA,TRAV29/DV5,None,TRAJ54,TRAC,True,True,CAATLIQGAQKLVF,TGTGCAGCAACCTTAATTCAGGGAGCCCAGAAGCTGGTATTT,182,2,clonotype2366,clonotype2366_consensus_2
GATGCTATCATCTGTT-1,True,GATGCTATCATCTGTT-1_contig_1,True,497,TRB,TRBV20-1,None,TRBJ2-1,TRBC2,True,True,CSARVGSEVNEQFF,TGCAGTGCTAGAGTGGGGTCGGAAGTCAATGAGCAGTTCTTC,395,5,clonotype2,clonotype2_consensus_1
GATGCTATCGAATCCA-1,True,GATGCTATCGAATCCA-1_contig_1,True,515,TRB,TRBV20-1,None,TRBJ1-6,TRBC1,True,True,CSARFKRDSPLHF,TGCAGTGCTAGATTCAAGCGAGATTCACCCCTCCACTTT,2053,8,clonotype2367,clonotype2367_consensus_1
GATGCTATCGAATCCA-1,True,GATGCTATCGAATCCA-1_contig_2,True,635,TRA,TRAV12-1,None,TRAJ23,TRAC,True,True,CVGSMIYNQGGKLIF,TGTGTGGGGTCCATGATTTATAACCAGGGAGGAAAGCTTATCTTC,1577,6,clonotype2367,clonotype2367_consensus_2
GATGCTATCGAATCCA-1,True,GATGCTATCGAATCCA-1_contig_3,True,598,TRB,None,None,TRBJ1-1,TRBC1,False,False,None,None,992,6,clonotype2367,None
GATGCTATCGAATCCA-1,True,GATGCTATCGAATCCA-1_contig_4,True,629,TRA,TRAV8-2,None,TRAJ21,TRAC,True,False,None,None,1414,3,clonotype2367,None
GATGCTATCGGCATCG-1,True,GATGCTATCGGCATCG-1_contig_1,True,474,TRA,TRAV13-1,None,TRAJ24,TRAC,True,True,CAASLGAMTTDSWGKFQF,TGTGCAGCAAGTTTAGGGGCCATGACAACTGACAGCTGGGGGAAATTCCAGTTT,1514,11,clonotype2368,clonotype2368_consensus_1
GATGCTATCGGCATCG-1,True,GATGCTATCGGCATCG-1_contig_2,True,658,TRB,TRBV5-6,None,TRBJ1-2,TRBC1,True,True,CASSLQGTNYGYTF,TGTGCCAGCAGCTTGCAGGGTACTAACTATGGCTACACCTTC,1846,10,clonotype2368,clonotype2368_consensus_2
GATGCTATCGTGACAT-1,True,GATGCTATCGTGACAT-1_contig_1,True,514,TRB,TRBV20-1,None,TRBJ1-1,TRBC1,True,True,CSAPDVTGNTEAFF,TGCAGTGCCCCGGACGTGACAGGAAACACTGAAGCTTTCTTT,516,5,clonotype2369,clonotype2369_consensus_2
GATGCTATCGTGACAT-1,True,GATGCTATCGTGACAT-1_contig_2,True,583,TRA,TRAV29/DV5,None,TRAJ52,TRAC,True,True,CAASFANAGGTSYGKLTF,TGTGCAGCAAGTTTTGCTAATGCTGGTGGTACTAGCTATGGAAAGCTGACATTT,1154,4,clonotype2369,clonotype2369_consensus_1
GATGCTATCTACCTGC-1,True,GATGCTATCTACCTGC-1_contig_1,True,521,TRB,TRBV20-1,None,TRBJ2-1,TRBC2,True,True,CSARVGSEVNEQFF,TGCAGTGCTAGAGTGGGGTCGGAAGTCAATGAGCAGTTCTTC,205,5,clonotype2,clonotype2_consensus_1
GATGCTATCTACCTGC-1,True,GATGCTATCTACCTGC-1_contig_2,True,482,TRA,TRAV10,None,TRAJ24,TRAC,True,False,None,None,434,4,clonotype2,None
GATGCTATCTACCTGC-1,True,GATGCTATCTACCTGC-1_contig_3,True,335,TRB,None,None,TRBJ1-6,TRBC1,False,False,None,None,328,3,clonotype2,None
GATTCAGAGTACGCCC-1,True,GATTCAGAGTACGCCC-1_contig_1,True,518,TRB,TRBV20-1,None,TRBJ2-3,TRBC2,True,True,CSARGSDTDTQYF,TGCAGTGCTAGGGGCTCGGACACAGATACGCAGTATTTT,2601,12,clonotype105,clonotype105_consensus_1
GATTCAGAGTACGCCC-1,True,GATTCAGAGTACGCCC-1_contig_2,True,490,TRA,TRAV21,None,TRAJ28,TRAC,True,True,CAVPPSGAGSYQLTF,TGTGCTGTCCCCCCCTCTGGGGCTGGGAGTTACCAACTCACTTTC,1242,6,clonotype105,clonotype105_consensus_2
GATTCAGCAAACTGCT-1,True,GATTCAGCAAACTGCT-1_contig_1,True,473,TRB,TRBV20-1,None,TRBJ2-1,TRBC2,True,True,CSARVGSEVNEQFF,TGCAGTGCTAGAGTGGGGTCGGAAGTCAATGAGCAGTTCTTC,659,4,clonotype2,clonotype2_consensus_1
GATTCAGCAAGCCCAC-1,True,GATTCAGCAAGCCCAC-1_contig_1,True,521,TRB,TRBV20-1,None,TRBJ2-1,TRBC2,True,True,CSARVGSEVNEQFF,TGCAGTGCTAGAGTGGGGTCGGAAGTCAATGAGCAGTTCTTC,529,4,clonotype2,clonotype2_consensus_1
GATTCAGCAAGCCCAC-1,True,GATTCAGCAAGCCCAC-1_contig_2,True,457,TRA,TRAV10,None,TRAJ24,TRAC,True,False,None,None,82,1,clonotype2,None
GATTCAGCACGTTGGC-1,True,GATTCAGCACGTTGGC-1_contig_1,True,570,TRA,TRAV8-4,None,TRAJ29,TRAC,True,True,CAVTGLSGNTPLVF,TGTGCTGTGACCGGCCTTTCAGGAAACACACCTCTTGTCTTT,917,5,clonotype20,clonotype20_consensus_2
GATTCAGCACGTTGGC-1,True,GATTCAGCACGTTGGC-1_contig_2,True,521,TRB,TRBV20-1,None,TRBJ1-1,TRBC1,True,True,CSATDRARYTEAFF,TGCAGTGCCACGGACAGGGCGAGGTACACTGAAGCTTTCTTT,1028,3,clonotype20,clonotype20_consensus_1
GATTCAGCACGTTGGC-1,True,GATTCAGCACGTTGGC-1_contig_3,True,497,TRB,TRBV6-5,None,TRBJ2-3,TRBC2,True,False,None,None,179,1,clonotype20,None
GATTCAGCATCTATGG-1,True,GATTCAGCATCTATGG-1_contig_1,True,505,TRA,TRAV1-2,None,TRAJ33,TRAC,True,True,CAATDSNYQLIW,TGTGCTGCGACTGATAGCAACTATCAGTTAATCTGG,1485,7,clonotype1,clonotype1_consensus_2
GATTCAGCATCTATGG-1,True,GATTCAGCATCTATGG-1_contig_2,True,495,TRB,TRBV20-1,None,TRBJ2-1,TRBC2,True,True,CSARVGSEVNEQFF,TGCAGTGCTAGAGTGGGGTCGGAAGTCAATGAGCAGTTCTTC,1324,10,clonotype1,clonotype1_consensus_1
GATTCAGCATCTATGG-1,True,GATTCAGCATCTATGG-1_contig_3,True,482,TRA,TRAV10,None,TRAJ24,TRAC,True,False,None,None,1251,2,clonotype1,None
GATTCAGCATGATCCA-1,True,GATTCAGCATGATCCA-1_contig_1,True,505,TRA,TRAV1-2,None,TRAJ33,TRAC,True,True,CAATDSNYQLIW,TGTGCTGCGACTGATAGCAACTATCAGTTAATCTGG,1846,9,clonotype1,clonotype1_consensus_2
GATTCAGCATGATCCA-1,True,GATTCAGCATGATCCA-1_contig_2,True,521,TRB,TRBV20-1,None,TRBJ2-1,TRBC2,True,True,CSARVGSEVNEQFF,TGCAGTGCTAGAGTGGGGTCGGAAGTCAATGAGCAGTTCTTC,4149,19,clonotype1,clonotype1_consensus_1
GATTCAGCATGCCACG-1,True,GATTCAGCATGCCACG-1_contig_1,True,518,TRB,TRBV20-1,None,TRBJ2-1,TRBC2,True,True,CSPRGQTDNEQFF,TGCAGTCCGAGGGGACAGACAGACAATGAGCAGTTCTTC,1102,7,clonotype2370,clonotype2370_consensus_2
GATTCAGCATGCCACG-1,True,GATTCAGCATGCCACG-1_contig_2,True,541,TRA,TRAV12-2,None,TRAJ9,TRAC,True,True,CAVIRGGFKTIF,TGTGCCGTGATTAGGGGAGGCTTCAAAACTATCTTT,1861,10,clonotype2370,clonotype2370_consensus_1
GATTCAGCATGCCACG-1,True,GATTCAGCATGCCACG-1_contig_3,True,322,TRB,None,None,TRBJ1-6,TRBC1,False,False,None,None,52,2,clonotype2370,None
GATTCAGGTCAGCTAT-1,True,GATTCAGGTCAGCTAT-1_contig_1,True,498,TRB,TRBV20-1,None,TRBJ2-1,TRBC2,True,True,CSARVGSEVNEQFF,TGCAGTGCTAGAGTGGGGTCGGAAGTCAATGAGCAGTTCTTC,2635,10,clonotype2,clonotype2_consensus_1
GATTCAGGTTTGACTG-1,True,GATTCAGGTTTGACTG-1_contig_1,True,492,TRB,TRBV20-1,None,TRBJ2-1,TRBC2,True,True,CSARVGSEVNEQFF,TGCAGTGCTAGAGTGGGGTCGGAAGTCAATGAGCAGTTCTTC,1124,3,clonotype2,clonotype2_consensus_1
GATTCAGTCAAGGCTT-1,True,GATTCAGTCAAGGCTT-1_contig_1,True,521,TRB,TRBV20-1,None,TRBJ2-5,TRBC2,True,True,CSARGGGSQETQYF,TGCAGTGCTAGAGGGGGGGGGAGCCAAGAGACCCAGTACTTC,2661,9,clonotype2371,clonotype2371_consensus_1
GATTCAGTCAAGGCTT-1,True,GATTCAGTCAAGGCTT-1_contig_2,True,460,TRA,TRAV34,None,TRAJ32,TRAC,True,True,CGAAPGTNKLIF,TGTGGAGCAGCCCCCGGAACAAACAAGCTCATCTTT,1189,5,clonotype2371,clonotype2371_consensus_2
GATTCAGTCAAGGCTT-1,True,GATTCAGTCAAGGCTT-1_contig_3,True,327,TRB,None,None,TRBJ1-4,TRBC1,False,False,None,None,312,5,clonotype2371,None
GATTCAGTCAAGGCTT-1,True,GATTCAGTCAAGGCTT-1_contig_4,True,617,TRA,TRAV41,None,TRAJ48,TRAC,True,False,CRLHLCCSISNFGNEKLTF,TGCCGTCTACATCTGTGCTGTTCCATATCTAACTTTGGAAATGAGAAATTAACCTTT,551,2,clonotype2371,None
GATTCAGTCCTCGCAT-1,True,GATTCAGTCCTCGCAT-1_contig_1,True,533,TRB,TRBV20-1,None,TRBJ2-3,TRBC2,True,True,CSARERGWGVRGTDTQYF,TGCAGTGCTAGAGAAAGGGGATGGGGAGTGAGAGGGACAGATACGCAGTATTTT,2371,15,clonotype2372,clonotype2372_consensus_2
GATTCAGTCCTCGCAT-1,True,GATTCAGTCCTCGCAT-1_contig_2,True,491,TRA,TRAV38-2/DV8,None,TRAJ47,TRAC,True,True,CAYRRGYGNKLVF,TGTGCTTATAGGAGGGGATATGGAAACAAACTGGTCTTT,207,2,clonotype2372,clonotype2372_consensus_1
GATTCAGTCCTCGCAT-1,True,GATTCAGTCCTCGCAT-1_contig_3,True,566,TRA,TRAV29/DV5,None,TRAJ35,TRAC,True,False,None,None,213,1,clonotype2372,None
GATTCAGTCGGAGCAA-1,True,GATTCAGTCGGAGCAA-1_contig_1,True,505,TRA,TRAV1-2,None,TRAJ33,TRAC,True,True,CAATDSNYQLIW,TGTGCTGCGACTGATAGCAACTATCAGTTAATCTGG,572,2,clonotype1,clonotype1_consensus_2
GATTCAGTCGGAGCAA-1,True,GATTCAGTCGGAGCAA-1_contig_2,True,521,TRB,TRBV20-1,None,TRBJ2-1,TRBC2,True,True,CSARVGSEVNEQFF,TGCAGTGCTAGAGTGGGGTCGGAAGTCAATGAGCAGTTCTTC,1838,12,clonotype1,clonotype1_consensus_1
GATTCAGTCGTACGGC-1,True,GATTCAGTCGTACGGC-1_contig_1,True,505,TRA,TRAV1-2,None,TRAJ33,TRAC,True,True,CAATDSNYQLIW,TGTGCTGCGACTGATAGCAACTATCAGTTAATCTGG,2976,12,clonotype1,clonotype1_consensus_2
GATTCAGTCGTACGGC-1,True,GATTCAGTCGTACGGC-1_contig_2,True,521,TRB,TRBV20-1,None,TRBJ2-1,TRBC2,True,True,CSARVGSEVNEQFF,TGCAGTGCTAGAGTGGGGTCGGAAGTCAATGAGCAGTTCTTC,3491,12,clonotype1,clonotype1_consensus_1
GATTCAGTCGTACGGC-1,True,GATTCAGTCGTACGGC-1_contig_3,True,482,TRA,TRAV10,None,TRAJ24,TRAC,True,False,None,None,581,3,clonotype1,None
GATTCAGTCTCAAACG-1,True,GATTCAGTCTCAAACG-1_contig_1,True,654,TRB,TRBV5-6,None,TRBJ1-1,TRBC1,True,True,CASSFVLTEAFF,TGTGCCAGCAGCTTCGTCCTCACTGAAGCTTTCTTT,1185,8,clonotype2373,clonotype2373_consensus_2
GATTCAGTCTCAAACG-1,True,GATTCAGTCTCAAACG-1_contig_2,True,490,TRA,TRAV35,None,TRAJ37,TRAC,True,True,CAGQLSGSSNTGKLIF,TGTGCTGGGCAGCTCAGTGGCTCTAGCAACACAGGCAAACTAATCTTT,2364,2,clonotype2373,clonotype2373_consensus_1
GATTCAGTCTGCAAGT-1,True,GATTCAGTCTGCAAGT-1_contig_1,True,550,TRA,TRAV16,None,TRAJ52,TRAC,True,True,CALRGLLTNAGGTSYGKLTF,TGTGCTCTCCGTGGCCTGCTGACTAATGCTGGTGGTACTAGCTATGGAAAGCTGACATTT,611,3,clonotype2374,clonotype2374_consensus_1
GATTCAGTCTTCTGGC-1,True,GATTCAGTCTTCTGGC-1_contig_1,True,504,TRB,TRBV20-1,None,TRBJ1-6,TRBC1,True,True,CSAPGRDSSYNSPLHF,TGCAGTGCCCCGGGGAGGGATAGCTCCTATAATTCACCCCTCCACTTT,1633,5,clonotype2375,clonotype2375_consensus_1
GATTCAGTCTTCTGGC-1,True,GATTCAGTCTTCTGGC-1_contig_2,True,520,TRA,TRAV29/DV5,None,TRAJ37,TRAC,True,True,CAASQLYSSNTGKLIF,TGTGCAGCAAGCCAACTGTACTCTAGCAACACAGGCAAACTAATCTTT,966,4,clonotype2375,clonotype2375_consensus_2
GATTCAGTCTTCTGGC-1,True,GATTCAGTCTTCTGGC-1_contig_3,True,307,TRB,None,None,TRBJ1-5,TRBC1,False,False,None,None,1170,3,clonotype2375,None
GCAAACTAGCGATCCC-1,True,GCAAACTAGCGATCCC-1_contig_1,True,515,TRB,TRBV20-1,None,TRBJ1-1,TRBC1,True,True,CSANPLNTEAFF,TGCAGTGCCAACCCACTGAACACTGAAGCTTTCTTT,698,3,clonotype2376,clonotype2376_consensus_1
GCAAACTAGCGATCCC-1,True,GCAAACTAGCGATCCC-1_contig_2,True,412,TRA,TRAV35,None,TRAJ42,TRAC,True,False,CAGPGRSQGNLIF,TGTGCTGGGCCGGGGAGAAGCCAAGGAAATCTCATCTTT,494,1,clonotype2376,None
GCAAACTAGGCTAGGT-1,True,GCAAACTAGGCTAGGT-1_contig_1,True,524,TRB,TRBV20-1,None,TRBJ1-3,TRBC1,True,True,CSARDLGQGAPTIYF,TGCAGTGCTAGAGATTTGGGGCAGGGGGCGCCGACCATATATTTT,2446,8,clonotype2377,clonotype2377_consensus_1
GCAAACTAGGCTAGGT-1,True,GCAAACTAGGCTAGGT-1_contig_2,True,419,TRA,TRAV20,None,TRAJ3,TRAC,True,False,CSSASKIIF,TGCAGCAGTGCTTCCAAGATAATCTTT,37,1,clonotype2377,None
GCAAACTAGGCTAGGT-1,True,GCAAACTAGGCTAGGT-1_contig_3,True,459,TRA,TRAV4,None,TRAJ24,TRAC,True,False,CLVGDSTDSWGKLQF,TGCCTCGTGGGTGATTCAACTGACAGCTGGGGGAAATTGCAGTTT,293,3,clonotype2377,None
GCAAACTAGGTGCTAG-1,True,GCAAACTAGGTGCTAG-1_contig_1,True,507,TRB,TRBV5-5,None,TRBJ1-1,TRBC1,True,True,CASSLGGQGGTEAFF,TGTGCCAGCAGCTTGGGGGGACAGGGAGGGACTGAAGCTTTCTTT,1128,3,clonotype2378,clonotype2378_consensus_1
GCAAACTAGGTGCTAG-1,True,GCAAACTAGGTGCTAG-1_contig_2,True,304,TRB,None,None,TRBJ2-7,TRBC2,False,False,None,None,686,4,clonotype2378,None
GCAAACTAGTGACATA-1,True,GCAAACTAGTGACATA-1_contig_1,True,515,TRB,TRBV20-1,None,TRBJ2-7,TRBC2,True,True,CSAERDSDEQYF,TGCAGTGCGGAAAGGGATAGCGACGAGCAGTACTTC,2087,13,clonotype2379,clonotype2379_consensus_1
GCAAACTAGTGACATA-1,True,GCAAACTAGTGACATA-1_contig_2,True,529,TRA,TRAV14/DV4,None,TRAJ31,TRAC,True,True,CAMRAFFRNNNARLMF,TGTGCAATGAGAGCTTTTTTCCGGAATAACAATGCCAGACTCATGTTT,911,5,clonotype2379,clonotype2379_consensus_2
GCAAACTAGTGACATA-1,True,GCAAACTAGTGACATA-1_contig_3,True,448,TRB,None,None,TRBJ1-2,TRBC1,False,False,None,None,37,1,clonotype2379,None
GCAAACTAGTGACATA-1,True,GCAAACTAGTGACATA-1_contig_4,True,472,TRA,TRAV8-4,None,TRAJ30,TRAC,True,False,CASRTEMTRSSLEKGHDFIF,TGTGCTTCACGAACAGAGATGACAAGATCATCTTTGGAAAAGGGACACGACTTCATATTC,323,1,clonotype2379,None
GCAAACTAGTGACATA-1,True,GCAAACTAGTGACATA-1_contig_5,True,625,TRB,None,None,TRBJ1-2,TRBC1,False,False,None,None,649,2,clonotype2379,None
GCAAACTCAAACGCGA-1,True,GCAAACTCAAACGCGA-1_contig_1,True,502,TRA,TRAV1-2,None,TRAJ33,TRAC,True,True,CAATDSNYQLIW,TGTGCTGCGACTGATAGCAACTATCAGTTAATCTGG,97,1,clonotype1,clonotype1_consensus_2
GCAAACTCAAACGCGA-1,True,GCAAACTCAAACGCGA-1_contig_2,True,498,TRB,TRBV20-1,None,TRBJ2-1,TRBC2,True,True,CSARVGSEVNEQFF,TGCAGTGCTAGAGTGGGGTCGGAAGTCAATGAGCAGTTCTTC,2322,8,clonotype1,clonotype1_consensus_1
GCAAACTCAAGAGGCT-1,True,GCAAACTCAAGAGGCT-1_contig_1,True,459,TRA,TRAV13-1,None,TRAJ23,TRAC,True,True,CAASMNQGGKLIF,TGTGCAGCAAGTATGAACCAGGGAGGAAAGCTTATCTTC,367,2,clonotype2380,clonotype2380_consensus_1
GCAAACTCAAGAGGCT-1,True,GCAAACTCAAGAGGCT-1_contig_2,True,487,TRB,TRBV5-6,None,TRBJ2-7,TRBC2,True,True,CASRRTGTHEQYF,TGTGCCAGCAGAAGGACAGGGACCCACGAGCAGTACTTC,1150,10,clonotype2380,clonotype2380_consensus_2
GCAAACTCAAGCCGCT-1,True,GCAAACTCAAGCCGCT-1_contig_1,True,521,TRB,TRBV20-1,None,TRBJ2-1,TRBC2,True,True,CSALQDGRPYEQFF,TGCAGTGCTCTCCAGGACGGCCGACCATATGAGCAGTTCTTC,2343,12,clonotype2381,clonotype2381_consensus_1
GCAAACTCAAGCCGCT-1,True,GCAAACTCAAGCCGCT-1_contig_2,True,352,TRA,TRAV13-1,None,None,None,False,False,None,None,37,2,clonotype2381,None
GCAAACTCAAGCCGCT-1,True,GCAAACTCAAGCCGCT-1_contig_3,True,513,TRB,TRBV7-2,None,TRBJ2-2,TRBC2,True,False,None,None,469,2,clonotype2381,None
GCAAACTCACCCTATC-1,True,GCAAACTCACCCTATC-1_contig_1,True,515,TRB,TRBV20-1,None,TRBJ1-1,TRBC1,True,True,CSAREANTEAFF,TGCAGTGCTAGAGAGGCTAACACTGAAGCTTTCTTT,1231,6,clonotype152,clonotype152_consensus_2
GCAAACTCACCCTATC-1,True,GCAAACTCACCCTATC-1_contig_2,True,482,TRA,TRAV17,None,TRAJ58,TRAC,True,True,CASSRLTF,TGTGCTAGCTCTAGGTTGACCTTT,573,3,clonotype152,clonotype152_consensus_1
GCAAACTCAGGAATGC-1,True,GCAAACTCAGGAATGC-1_contig_1,True,521,TRB,TRBV20-1,None,TRBJ2-1,TRBC2,True,True,CSARVGSEVNEQFF,TGCAGTGCTAGAGTGGGGTCGGAAGTCAATGAGCAGTTCTTC,1739,6,clonotype2,clonotype2_consensus_1
GCAAACTCAGGAATGC-1,True,GCAAACTCAGGAATGC-1_contig_2,True,482,TRA,TRAV10,None,TRAJ24,TRAC,True,False,None,None,679,2,clonotype2,None
GCAAACTCATGCCCGA-1,True,GCAAACTCATGCCCGA-1_contig_1,True,490,TRB,TRBV5-5,None,TRBJ1-4,TRBC1,True,True,CASSHPGPNYATNEKLFF,TGTGCCAGCAGCCATCCCGGACCGAACTACGCAACTAATGAAAAACTGTTTTTT,3412,11,clonotype4,clonotype4_consensus_1
GCAAACTGTACCGCTG-1,True,GCAAACTGTACCGCTG-1_contig_1,True,521,TRB,TRBV20-1,None,TRBJ2-1,TRBC2,True,True,CSARVGSEVNEQFF,TGCAGTGCTAGAGTGGGGTCGGAAGTCAATGAGCAGTTCTTC,1568,8,clonotype2,clonotype2_consensus_1
GCAAACTGTACCGCTG-1,True,GCAAACTGTACCGCTG-1_contig_2,True,482,TRA,TRAV10,None,TRAJ24,TRAC,True,False,None,None,616,2,clonotype2,None
GCAAACTGTCAGCTAT-1,True,GCAAACTGTCAGCTAT-1_contig_1,True,502,TRA,TRAV1-2,None,TRAJ30,TRAC,True,True,CAVRDLREIIF,TGTGCTGTGAGAGATCTTCGGGAGATCATCTTT,328,4,clonotype3,clonotype3_consensus_2
GCAAACTGTCAGCTAT-1,True,GCAAACTGTCAGCTAT-1_contig_2,True,519,TRB,TRBV5-5,None,TRBJ1-4,TRBC1,True,True,CASSHPGPNYATNEKLFF,TGTGCCAGCAGCCATCCCGGACCGAACTACGCAACTAATGAAAAACTGTTTTTT,386,2,clonotype3,clonotype3_consensus_1
GCAAACTGTCAGCTAT-1,True,GCAAACTGTCAGCTAT-1_contig_3,True,396,TRB,TRBV7-3,None,TRBJ2-1,TRBC2,True,False,CQQRSLKAGGPYNEQFF,TGCCAGCAGCGGTCACTTAAAGCGGGGGGACCCTACAATGAGCAGTTCTTC,340,1,clonotype3,None
GCAAACTGTTCAACCA-1,True,GCAAACTGTTCAACCA-1_contig_1,True,518,TRB,TRBV20-1,None,TRBJ2-1,TRBC2,True,True,CSARVGSEVNEQFF,TGCAGTGCTAGAGTGGGGTCGGAAGTCAATGAGCAGTTCTTC,1286,4,clonotype2,clonotype2_consensus_1
GCAAACTGTTGCTCCT-1,True,GCAAACTGTTGCTCCT-1_contig_1,True,505,TRA,TRAV1-2,None,TRAJ33,TRAC,True,True,CAATDSNYQLIW,TGTGCTGCGACTGATAGCAACTATCAGTTAATCTGG,526,2,clonotype1,clonotype1_consensus_2
GCAAACTGTTGCTCCT-1,True,GCAAACTGTTGCTCCT-1_contig_2,True,473,TRB,TRBV20-1,None,TRBJ2-1,TRBC2,True,True,CSARVGSEVNEQFF,TGCAGTGCTAGAGTGGGGTCGGAAGTCAATGAGCAGTTCTTC,1293,5,clonotype1,clonotype1_consensus_1
GCAAACTGTTGCTCCT-1,True,GCAAACTGTTGCTCCT-1_contig_3,True,482,TRA,TRAV10,None,TRAJ24,TRAC,True,False,None,None,422,2,clonotype1,None
GCAAACTTCACGGTTA-1,True,GCAAACTTCACGGTTA-1_contig_1,True,505,TRA,TRAV1-2,None,TRAJ33,TRAC,True,True,CAATDSNYQLIW,TGTGCTGCGACTGATAGCAACTATCAGTTAATCTGG,70,4,clonotype1,clonotype1_consensus_2
GCAAACTTCACGGTTA-1,True,GCAAACTTCACGGTTA-1_contig_2,True,521,TRB,TRBV20-1,None,TRBJ2-1,TRBC2,True,True,CSARVGSEVNEQFF,TGCAGTGCTAGAGTGGGGTCGGAAGTCAATGAGCAGTTCTTC,6954,2,clonotype1,clonotype1_consensus_1
GCAAACTTCCCTGACT-1,True,GCAAACTTCCCTGACT-1_contig_1,True,505,TRA,TRAV1-2,None,TRAJ33,TRAC,True,True,CAATDSNYQLIW,TGTGCTGCGACTGATAGCAACTATCAGTTAATCTGG,734,3,clonotype1,clonotype1_consensus_2
GCAAACTTCCCTGACT-1,True,GCAAACTTCCCTGACT-1_contig_2,True,521,TRB,TRBV20-1,None,TRBJ2-1,TRBC2,True,True,CSARVGSEVNEQFF,TGCAGTGCTAGAGTGGGGTCGGAAGTCAATGAGCAGTTCTTC,2166,8,clonotype1,clonotype1_consensus_1
GCAAACTTCCCTGACT-1,True,GCAAACTTCCCTGACT-1_contig_3,True,465,TRA,TRAV10,None,TRAJ24,TRAC,True,False,None,None,147,3,clonotype1,None
GCAAACTTCCTCTAGC-1,True,GCAAACTTCCTCTAGC-1_contig_1,True,505,TRA,TRAV1-2,None,TRAJ33,TRAC,True,True,CAATDSNYQLIW,TGTGCTGCGACTGATAGCAACTATCAGTTAATCTGG,290,3,clonotype1,clonotype1_consensus_2
GCAAACTTCCTCTAGC-1,True,GCAAACTTCCTCTAGC-1_contig_2,True,521,TRB,TRBV20-1,None,TRBJ2-1,TRBC2,True,True,CSARVGSEVNEQFF,TGCAGTGCTAGAGTGGGGTCGGAAGTCAATGAGCAGTTCTTC,2109,6,clonotype1,clonotype1_consensus_1
GCAAACTTCCTCTAGC-1,True,GCAAACTTCCTCTAGC-1_contig_3,True,482,TRA,TRAV10,None,TRAJ24,TRAC,True,False,None,None,215,3,clonotype1,None
GCAAACTTCGAATCCA-1,True,GCAAACTTCGAATCCA-1_contig_1,True,518,TRB,TRBV20-1,None,TRBJ2-1,TRBC2,True,True,CSARGQGANEQFF,TGCAGTGCTAGGGGACAGGGTGCGAATGAGCAGTTCTTC,3402,12,clonotype2382,clonotype2382_consensus_1
GCAAACTTCGAATCCA-1,True,GCAAACTTCGAATCCA-1_contig_2,True,493,TRA,TRAV1-1,None,TRAJ37,TRAC,True,True,CAVRSPSNTGKLIF,TGCGCTGTGAGATCCCCTAGCAACACAGGCAAACTAATCTTT,1688,7,clonotype2382,clonotype2382_consensus_2
GCAAACTTCGCTAGCG-1,True,GCAAACTTCGCTAGCG-1_contig_1,True,518,TRB,TRBV20-1,None,TRBJ1-5,TRBC1,True,True,CSARGGRDQPQHF,TGCAGTGCTAGAGGGGGCAGGGATCAGCCCCAGCATTTT,4021,14,clonotype2383,clonotype2383_consensus_1
GCAAACTTCGCTAGCG-1,True,GCAAACTTCGCTAGCG-1_contig_2,True,656,TRA,TRAV8-6,None,TRAJ9,TRAC,True,True,CAVTPGGFKTIF,TGTGCTGTGACTCCCGGAGGCTTCAAAACTATCTTT,481,3,clonotype2383,clonotype2383_consensus_2
GCAAACTTCGGCGCTA-1,True,GCAAACTTCGGCGCTA-1_contig_1,True,505,TRA,TRAV1-2,None,TRAJ33,TRAC,True,True,CAATDSNYQLIW,TGTGCTGCGACTGATAGCAACTATCAGTTAATCTGG,991,7,clonotype1,clonotype1_consensus_2
GCAAACTTCGGCGCTA-1,True,GCAAACTTCGGCGCTA-1_contig_2,True,498,TRB,TRBV20-1,None,TRBJ2-1,TRBC2,True,True,CSARVGSEVNEQFF,TGCAGTGCTAGAGTGGGGTCGGAAGTCAATGAGCAGTTCTTC,854,6,clonotype1,clonotype1_consensus_1
GCAAACTTCGTCCAGG-1,True,GCAAACTTCGTCCAGG-1_contig_1,True,518,TRB,TRBV20-1,None,TRBJ2-7,TRBC2,True,True,CSAPGDRNYEQYF,TGCAGTGCCCCGGGGGATAGGAACTACGAGCAGTACTTC,1722,6,clonotype346,clonotype346_consensus_1
GCAAACTTCGTTTGCC-1,True,GCAAACTTCGTTTGCC-1_contig_1,True,505,TRA,TRAV1-2,None,TRAJ33,TRAC,True,True,CAATDSNYQLIW,TGTGCTGCGACTGATAGCAACTATCAGTTAATCTGG,247,2,clonotype1,clonotype1_consensus_2
GCAAACTTCGTTTGCC-1,True,GCAAACTTCGTTTGCC-1_contig_2,True,521,TRB,TRBV20-1,None,TRBJ2-1,TRBC2,True,True,CSARVGSEVNEQFF,TGCAGTGCTAGAGTGGGGTCGGAAGTCAATGAGCAGTTCTTC,2645,13,clonotype1,clonotype1_consensus_1
GCAAACTTCGTTTGCC-1,True,GCAAACTTCGTTTGCC-1_contig_3,True,456,TRA,TRAV10,None,TRAJ24,TRAC,True,False,None,None,204,1,clonotype1,None
GCAAACTTCTTAACCT-1,True,GCAAACTTCTTAACCT-1_contig_1,True,462,TRA,TRAV13-1,None,TRAJ26,TRAC,True,True,CAATPDNYGQNFVF,TGTGCAGCAACCCCAGATAACTATGGTCAGAATTTTGTCTTT,710,2,clonotype18,clonotype18_consensus_1
GCAAACTTCTTAACCT-1,True,GCAAACTTCTTAACCT-1_contig_2,True,501,TRB,TRBV20-1,None,TRBJ1-2,TRBC1,True,True,CSARGPNLRVGGYTF,TGCAGTGCTAGAGGTCCTAATCTCAGGGTCGGTGGCTACACCTTC,3170,8,clonotype18,clonotype18_consensus_2
GCAAACTTCTTAACCT-1,True,GCAAACTTCTTAACCT-1_contig_3,True,497,TRA,TRAV13-2,None,TRAJ23,TRAC,True,False,None,None,849,3,clonotype18,None
GCAAACTTCTTCATGT-1,True,GCAAACTTCTTCATGT-1_contig_1,True,505,TRA,TRAV1-2,None,TRAJ33,TRAC,True,True,CAATDSNYQLIW,TGTGCTGCGACTGATAGCAACTATCAGTTAATCTGG,646,6,clonotype1,clonotype1_consensus_2
GCAAACTTCTTCATGT-1,True,GCAAACTTCTTCATGT-1_contig_2,True,498,TRB,TRBV20-1,None,TRBJ2-1,TRBC2,True,True,CSARVGSEVNEQFF,TGCAGTGCTAGAGTGGGGTCGGAAGTCAATGAGCAGTTCTTC,1457,6,clonotype1,clonotype1_consensus_1
GCAATCAAGGGCTTGA-1,True,GCAATCAAGGGCTTGA-1_contig_1,True,727,TRB,TRBV5-5,None,TRBJ1-4,TRBC1,True,True,CASSHPGPNYATNEKLFF,TGTGCCAGCAGCCATCCCGGACCGAACTACGCAACTAATGAAAAACTGTTTTTT,568,3,clonotype4,clonotype4_consensus_1
GCAATCAAGTCATCCA-1,True,GCAATCAAGTCATCCA-1_contig_1,True,505,TRA,TRAV1-2,None,TRAJ33,TRAC,True,True,CAATDSNYQLIW,TGTGCTGCGACTGATAGCAACTATCAGTTAATCTGG,829,6,clonotype1,clonotype1_consensus_2
GCAATCAAGTCATCCA-1,True,GCAATCAAGTCATCCA-1_contig_2,True,521,TRB,TRBV20-1,None,TRBJ2-1,TRBC2,True,True,CSARVGSEVNEQFF,TGCAGTGCTAGAGTGGGGTCGGAAGTCAATGAGCAGTTCTTC,1779,8,clonotype1,clonotype1_consensus_1
GCAATCACAACGATCT-1,True,GCAATCACAACGATCT-1_contig_1,True,505,TRA,TRAV1-2,None,TRAJ33,TRAC,True,True,CAATDSNYQLIW,TGTGCTGCGACTGATAGCAACTATCAGTTAATCTGG,947,5,clonotype1,clonotype1_consensus_2
GCAATCACAACGATCT-1,True,GCAATCACAACGATCT-1_contig_2,True,521,TRB,TRBV20-1,None,TRBJ2-1,TRBC2,True,True,CSARVGSEVNEQFF,TGCAGTGCTAGAGTGGGGTCGGAAGTCAATGAGCAGTTCTTC,1808,7,clonotype1,clonotype1_consensus_1
GCAATCACACCTCGGA-1,True,GCAATCACACCTCGGA-1_contig_1,True,510,TRA,TRAV12-3,None,TRAJ52,TRAC,True,True,CALDSNAGGTSYGKLTF,TGTGCATTGGATTCTAATGCTGGTGGTACTAGCTATGGAAAGCTGACATTT,239,3,clonotype2384,clonotype2384_consensus_1
GCAATCACACCTCGGA-1,True,GCAATCACACCTCGGA-1_contig_2,True,521,TRB,TRBV20-1,None,TRBJ1-2,TRBC1,True,True,CSARDYGGSYGYTF,TGCAGTGCTAGAGATTACGGGGGTAGCTATGGCTACACCTTC,3154,9,clonotype2384,clonotype2384_consensus_2
GCAATCACACCTCGGA-1,True,GCAATCACACCTCGGA-1_contig_3,True,436,TRB,None,None,TRBJ1-5,TRBC1,False,False,None,None,327,3,clonotype2384,None
GCAATCACAGCCAATT-1,True,GCAATCACAGCCAATT-1_contig_1,True,505,TRA,TRAV1-2,None,TRAJ33,TRAC,True,True,CAATDSNYQLIW,TGTGCTGCGACTGATAGCAACTATCAGTTAATCTGG,349,2,clonotype1,clonotype1_consensus_2
GCAATCACAGCCAATT-1,True,GCAATCACAGCCAATT-1_contig_2,True,521,TRB,TRBV20-1,None,TRBJ2-1,TRBC2,True,True,CSARVGSEVNEQFF,TGCAGTGCTAGAGTGGGGTCGGAAGTCAATGAGCAGTTCTTC,1924,14,clonotype1,clonotype1_consensus_1
GCAATCACAGTGGGAT-1,True,GCAATCACAGTGGGAT-1_contig_1,True,519,TRB,TRBV20-1,None,TRBJ2-1,TRBC2,True,True,CSARVGSEVNEQFF,TGCAGTGCTAGAGTGGGGTCGGAAGTCAATGAGCAGTTCTTC,1268,8,clonotype2,clonotype2_consensus_1
GCAATCACAGTGGGAT-1,True,GCAATCACAGTGGGAT-1_contig_2,True,465,TRA,TRAV10,None,TRAJ24,TRAC,True,False,None,None,100,4,clonotype2,None
GCAATCAGTCGACTGC-1,True,GCAATCAGTCGACTGC-1_contig_1,True,504,TRA,TRAV9-2,None,TRAJ42,TRAC,True,True,CALSKMGYGGSQGNLIF,TGTGCTCTGAGTAAAATGGGTTATGGAGGAAGCCAAGGAAATCTCATCTTT,6158,2,clonotype2385,clonotype2385_consensus_1
GCAATCAGTCGACTGC-1,True,GCAATCAGTCGACTGC-1_contig_2,True,490,TRB,TRBV5-6,None,TRBJ2-4,TRBC2,True,True,CASSWRGRENIQYF,TGTGCCAGCAGCTGGAGGGGGCGGGAAAACATTCAGTACTTC,1923,9,clonotype2385,clonotype2385_consensus_2
GCAATCAGTGTCTGAT-1,True,GCAATCAGTGTCTGAT-1_contig_1,True,505,TRA,TRAV1-2,None,TRAJ33,TRAC,True,True,CAATDSNYQLIW,TGTGCTGCGACTGATAGCAACTATCAGTTAATCTGG,3373,2,clonotype1,clonotype1_consensus_2
GCAATCAGTGTCTGAT-1,True,GCAATCAGTGTCTGAT-1_contig_2,True,498,TRB,TRBV20-1,None,TRBJ2-1,TRBC2,True,True,CSARVGSEVNEQFF,TGCAGTGCTAGAGTGGGGTCGGAAGTCAATGAGCAGTTCTTC,1293,9,clonotype1,clonotype1_consensus_1
GCAATCAGTGTCTGAT-1,True,GCAATCAGTGTCTGAT-1_contig_3,True,481,TRA,TRAV10,None,TRAJ24,TRAC,True,False,None,None,3849,1,clonotype1,None
GCAATCAGTTTGTTTC-1,True,GCAATCAGTTTGTTTC-1_contig_1,True,527,TRB,TRBV5-6,None,TRBJ1-1,TRBC1,True,True,CASSLGPRQVETEAFF,TGTGCCAGCAGCTTAGGCCCCCGACAGGTTGAGACTGAAGCTTTCTTT,2281,12,clonotype2386,clonotype2386_consensus_2
GCAATCAGTTTGTTTC-1,True,GCAATCAGTTTGTTTC-1_contig_2,True,568,TRA,TRAV29/DV5,None,TRAJ3,TRAC,True,True,CAAWYSSASKIIF,TGTGCAGCCTGGTACAGCAGTGCTTCCAAGATAATCTTT,6573,5,clonotype2386,clonotype2386_consensus_1
GCAATCAGTTTGTTTC-1,True,GCAATCAGTTTGTTTC-1_contig_3,True,482,TRA,TRAV4,None,TRAJ20,TRAC,True,False,CTTASWASLDYKLSF,TGTACTACTGCCTCGTGGGCCAGTCTAGACTACAAGCTCAGCTTT,338,4,clonotype2386,None
GCAATCAGTTTGTTTC-1,True,GCAATCAGTTTGTTTC-1_contig_4,True,438,TRB,None,None,TRBJ2-2,TRBC2,False,False,None,None,908,8,clonotype2386,None
GCAATCATCAGCCTAA-1,True,GCAATCATCAGCCTAA-1_contig_1,True,548,TRA,TRAV12-1,None,TRAJ22,TRAC,True,True,CVVTSSGSARQLTF,TGTGTGGTGACCTCTTCTGGTTCTGCAAGGCAACTGACCTTT,916,5,clonotype124,clonotype124_consensus_1
GCAATCATCAGCCTAA-1,True,GCAATCATCAGCCTAA-1_contig_2,True,536,TRB,TRBV20-1,None,TRBJ2-2,TRBC2,True,True,CSASLLYSGGLSNTGELFF,TGCAGTGCTAGCCTCCTTTATAGCGGGGGGCTGTCGAACACCGGGGAGCTGTTTTTT,2175,8,clonotype124,clonotype124_consensus_2
GCAATCATCCTTTCGG-1,True,GCAATCATCCTTTCGG-1_contig_1,True,518,TRB,TRBV20-1,None,TRBJ2-7,TRBC2,True,True,CSARGADSREQYF,TGCAGTGCTAGAGGAGCGGACAGTAGGGAGCAGTACTTC,1167,9,clonotype73,clonotype73_consensus_1
GCAATCATCCTTTCGG-1,True,GCAATCATCCTTTCGG-1_contig_2,True,568,TRA,TRAV29/DV5,None,TRAJ40,TRAC,True,True,CAASSSGTYKYIF,TGTGCAGCTTCGAGTTCAGGAACCTACAAATACATCTTT,333,2,clonotype73,clonotype73_consensus_2
GCAATCATCGCGGATC-1,True,GCAATCATCGCGGATC-1_contig_1,True,502,TRA,TRAV1-2,None,TRAJ30,TRAC,True,True,CAVRDLREIIF,TGTGCTGTGAGAGATCTTCGGGAGATCATCTTT,5210,4,clonotype17,clonotype17_consensus_1
GCAATCATCTTGACGA-1,True,GCAATCATCTTGACGA-1_contig_1,True,505,TRA,TRAV1-2,None,TRAJ33,TRAC,True,True,CAATDSNYQLIW,TGTGCTGCGACTGATAGCAACTATCAGTTAATCTGG,5624,2,clonotype1,clonotype1_consensus_2
GCAATCATCTTGACGA-1,True,GCAATCATCTTGACGA-1_contig_2,True,521,TRB,TRBV20-1,None,TRBJ2-1,TRBC2,True,True,CSARVGSEVNEQFF,TGCAGTGCTAGAGTGGGGTCGGAAGTCAATGAGCAGTTCTTC,1351,10,clonotype1,clonotype1_consensus_1
GCAATCATCTTGACGA-1,True,GCAATCATCTTGACGA-1_contig_3,True,517,TRA,TRAV10,None,TRAJ24,TRAC,True,False,None,None,6617,4,clonotype1,None
GCACATAAGAATGTTG-1,True,GCACATAAGAATGTTG-1_contig_1,True,804,TRB,TRBV5-6,None,TRBJ2-1,TRBC2,True,True,CASSLANEQFF,TGTGCCAGCAGCTTGGCCAATGAGCAGTTCTTC,1338,6,clonotype335,clonotype335_consensus_1
GCACATAAGGACAGAA-1,True,GCACATAAGGACAGAA-1_contig_1,True,501,TRB,TRBV20-1,None,TRBJ2-1,TRBC2,True,True,CSARDLSGVSSYNEQFF,TGCAGTGCTAGAGACCTTAGCGGGGTGAGCTCCTACAATGAGCAGTTCTTC,2029,7,clonotype2387,clonotype2387_consensus_3
GCACATAAGGACAGAA-1,True,GCACATAAGGACAGAA-1_contig_2,True,475,TRB,TRBV5-6,None,TRBJ1-1,TRBC1,True,True,CASSLGDRTEAFF,TGTGCCAGCAGCTTGGGGGACAGAACTGAAGCTTTCTTT,2216,10,clonotype2387,clonotype2387_consensus_2
GCACATAAGGACAGAA-1,True,GCACATAAGGACAGAA-1_contig_3,True,478,TRA,TRAV38-1,None,TRAJ49,TRAC,True,True,CAFIPNTGNQFYF,TGTGCTTTCATCCCGAACACCGGTAACCAGTTCTATTTT,872,5,clonotype2387,clonotype2387_consensus_1
GCACATAAGGACAGAA-1,True,GCACATAAGGACAGAA-1_contig_4,True,354,TRA,TRAV26-2,None,TRAJ37,TRAC,True,False,CCCVLLHPDPSNTGKLIF,TGCTGCTGTGTACTACTGCATCCTGATCCTAGCAACACAGGCAAACTAATCTTT,508,1,clonotype2387,None
GCACATAAGTAGCGGT-1,True,GCACATAAGTAGCGGT-1_contig_1,True,518,TRB,TRBV20-1,None,TRBJ1-2,TRBC1,True,True,CSARVRQVYGYTF,TGCAGTGCTAGAGTGCGACAGGTCTATGGCTACACCTTC,2032,8,clonotype2388,clonotype2388_consensus_1
GCACATAAGTAGCGGT-1,True,GCACATAAGTAGCGGT-1_contig_2,True,558,TRA,TRAV16,None,TRAJ29,TRAC,True,True,CALSGSSGNTPLVF,TGTGCTCTAAGTGGCAGCTCAGGAAACACACCTCTTGTCTTT,707,2,clonotype2388,clonotype2388_consensus_2
GCACATAAGTCACGCC-1,True,GCACATAAGTCACGCC-1_contig_1,True,536,TRB,TRBV20-1,None,TRBJ2-2,TRBC2,True,True,CSARDSLGGSPANTGELFF,TGCAGTGCTAGAGATTCCCTGGGCGGATCCCCAGCGAACACCGGGGAGCTGTTTTTT,1854,7,clonotype147,clonotype147_consensus_2
GCACATAAGTCACGCC-1,True,GCACATAAGTCACGCC-1_contig_2,True,685,TRA,TRAV8-3,None,TRAJ37,TRAC,True,True,CAVGSPSNTGKLIF,TGTGCTGTGGGTAGCCCTAGCAACACAGGCAAACTAATCTTT,4327,3,clonotype147,clonotype147_consensus_1
GCACATAAGTGTTAGA-1,True,GCACATAAGTGTTAGA-1_contig_1,True,518,TRB,TRBV20-1,None,TRBJ2-1,TRBC2,True,True,CSARVGSEVNEQFF,TGCAGTGCTAGAGTGGGGTCGGAAGTCAATGAGCAGTTCTTC,937,9,clonotype2,clonotype2_consensus_1
GCACATAAGTGTTAGA-1,True,GCACATAAGTGTTAGA-1_contig_2,True,440,TRA,TRAV10,None,TRAJ24,TRAC,True,False,None,None,3171,4,clonotype2,None
GCACATACACATTCGA-1,True,GCACATACACATTCGA-1_contig_1,True,505,TRA,TRAV1-2,None,TRAJ33,TRAC,True,True,CAATDSNYQLIW,TGTGCTGCGACTGATAGCAACTATCAGTTAATCTGG,1162,4,clonotype1,clonotype1_consensus_2
GCACATACACATTCGA-1,True,GCACATACACATTCGA-1_contig_2,True,498,TRB,TRBV20-1,None,TRBJ2-1,TRBC2,True,True,CSARVGSEVNEQFF,TGCAGTGCTAGAGTGGGGTCGGAAGTCAATGAGCAGTTCTTC,5891,15,clonotype1,clonotype1_consensus_1
GCACATACACATTCGA-1,True,GCACATACACATTCGA-1_contig_3,True,459,TRA,TRAV10,None,TRAJ24,TRAC,True,False,None,None,139,2,clonotype1,None
GCACATACACCGAAAG-1,True,GCACATACACCGAAAG-1_contig_1,True,495,TRB,TRBV20-1,None,TRBJ2-7,TRBC2,True,True,CSAPGTEPYEQYF,TGCAGTGCTCCCGGGACGGAACCCTACGAGCAGTACTTC,3911,12,clonotype2389,clonotype2389_consensus_2
GCACATACACCGAAAG-1,True,GCACATACACCGAAAG-1_contig_2,True,554,TRA,TRAV16,None,TRAJ9,TRAC,True,True,CAPVNTGGFKTIF,TGTGCTCCCGTTAATACTGGAGGCTTCAAAACTATCTTT,1277,5,clonotype2389,clonotype2389_consensus_1
GCACATACACCGAAAG-1,True,GCACATACACCGAAAG-1_contig_3,True,438,Multi,TRDV1,None,TRAJ37,None,True,False,CALHTSNTGKLIF,TGTGCTCTTCACACTAGCAACACAGGCAAACTAATCTTT,676,2,clonotype2389,None
GCACATACAGCGTTCG-1,True,GCACATACAGCGTTCG-1_contig_1,True,505,TRA,TRAV1-2,None,TRAJ33,TRAC,True,True,CAATDSNYQLIW,TGTGCTGCGACTGATAGCAACTATCAGTTAATCTGG,345,2,clonotype1,clonotype1_consensus_2
GCACATACAGCGTTCG-1,True,GCACATACAGCGTTCG-1_contig_2,True,521,TRB,TRBV20-1,None,TRBJ2-1,TRBC2,True,True,CSARVGSEVNEQFF,TGCAGTGCTAGAGTGGGGTCGGAAGTCAATGAGCAGTTCTTC,1959,10,clonotype1,clonotype1_consensus_1
GCACATAGTAATTGGA-1,True,GCACATAGTAATTGGA-1_contig_1,True,567,TRA,TRAV26-2,None,TRAJ53,TRAC,True,True,CILRAARSGGSNYKLTF,TGCATCCTGAGAGCCGCTAGGAGTGGAGGTAGCAACTATAAACTGACATTT,865,3,clonotype2390,clonotype2390_consensus_2
GCACATAGTAATTGGA-1,True,GCACATAGTAATTGGA-1_contig_2,True,521,TRB,TRBV20-1,None,TRBJ2-1,TRBC2,True,True,CSAGRLAENNEQFF,TGCAGTGCGGGAAGACTAGCGGAAAACAATGAGCAGTTCTTC,1679,4,clonotype2390,clonotype2390_consensus_1
GCACATAGTCAAACTC-1,True,GCACATAGTCAAACTC-1_contig_1,True,637,TRA,TRAV8-6,None,TRAJ9,TRAC,True,True,CAVRGNTGGFKTIF,TGTGCTGTGAGGGGTAATACTGGAGGCTTCAAAACTATCTTT,5338,4,clonotype2391,clonotype2391_consensus_2
GCACATAGTCAAACTC-1,True,GCACATAGTCAAACTC-1_contig_2,True,487,TRB,TRBV5-5,None,TRBJ1-4,TRBC1,True,True,CASSLVDRGEKLFF,TGTGCCAGCAGCTTGGTGGACAGGGGCGAAAAACTGTTTTTT,2327,8,clonotype2391,clonotype2391_consensus_1
GCACATATCATACGGT-1,True,GCACATATCATACGGT-1_contig_1,True,524,TRB,TRBV20-1,None,TRBJ2-5,TRBC2,True,True,CSARPPGRTGETQYF,TGCAGTGCTAGACCCCCGGGACGAACGGGAGAGACCCAGTACTTC,1701,14,clonotype2392,clonotype2392_consensus_1
GCACATATCCAAGCCG-1,True,GCACATATCCAAGCCG-1_contig_1,True,492,TRB,TRBV20-1,None,TRBJ2-1,TRBC2,True,True,CSARVGSEVNEQFF,TGCAGTGCTAGAGTGGGGTCGGAAGTCAATGAGCAGTTCTTC,1135,6,clonotype2,clonotype2_consensus_1
GCACATATCCAAGCCG-1,True,GCACATATCCAAGCCG-1_contig_2,True,600,TRA,None,None,TRAJ32,TRAC,False,False,None,None,218,4,clonotype2,None
GCACATATCCCATTAT-1,True,GCACATATCCCATTAT-1_contig_1,True,528,TRA,TRAV26-1,None,TRAJ44,TRAC,True,True,CIVRVGNTGTASKLTF,TGCATCGTCAGAGTCGGGAATACCGGCACTGCCAGTAAACTCACCTTT,225,2,clonotype2393,clonotype2393_consensus_2
GCACATATCCCATTAT-1,True,GCACATATCCCATTAT-1_contig_2,True,518,TRB,TRBV20-1,None,TRBJ2-3,TRBC2,True,True,CSASPPGVDTQYF,TGCAGTGCCAGCCCCCCGGGGGTAGATACGCAGTATTTT,1659,7,clonotype2393,clonotype2393_consensus_1
GCACATATCCCATTAT-1,True,GCACATATCCCATTAT-1_contig_3,True,334,TRA,TRAV26-2,None,TRAJ37,TRAC,True,False,CILLSSSNTGKLIF,TGCATCCTTCTTAGCTCTAGCAACACAGGCAAACTAATCTTT,763,3,clonotype2393,None
GCACATATCGACCAGC-1,True,GCACATATCGACCAGC-1_contig_1,True,476,TRB,TRBV20-1,None,TRBJ2-2,TRBC2,True,True,CSAPLAGGHTGELFF,TGCAGTGCCCCGCTAGCGGGGGGGCATACCGGGGAGCTGTTTTTT,370,1,clonotype2394,clonotype2394_consensus_2
GCACATATCGACCAGC-1,True,GCACATATCGACCAGC-1_contig_2,True,498,TRB,TRBV20-1,None,TRBJ2-2,TRBC2,True,True,CSAPVTSNTGELFF,TGCAGTGCCCCAGTGACTAGCAACACCGGGGAGCTGTTTTTT,747,5,clonotype2394,clonotype2394_consensus_1
GCACATATCGCCTGTT-1,True,GCACATATCGCCTGTT-1_contig_1,True,548,TRA,TRAV12-1,None,TRAJ33,TRAC,True,True,CVVRRNYQLIW,TGTGTGGTGCGGCGCAACTATCAGTTAATCTGG,6109,3,clonotype2395,clonotype2395_consensus_2
GCACATATCGCCTGTT-1,True,GCACATATCGCCTGTT-1_contig_2,True,659,TRB,TRBV5-6,None,TRBJ1-1,TRBC1,True,True,CASSLFRENTEAFF,TGTGCCAGCAGCTTATTTCGGGAGAACACTGAAGCTTTCTTT,2914,11,clonotype2395,clonotype2395_consensus_1
GCACATATCGTGACAT-1,True,GCACATATCGTGACAT-1_contig_1,True,505,TRA,TRAV1-2,None,TRAJ33,TRAC,True,True,CAATDSNYQLIW,TGTGCTGCGACTGATAGCAACTATCAGTTAATCTGG,1037,6,clonotype1,clonotype1_consensus_2
GCACATATCGTGACAT-1,True,GCACATATCGTGACAT-1_contig_2,True,485,TRB,TRBV20-1,None,TRBJ2-1,TRBC2,True,True,CSARVGSEVNEQFF,TGCAGTGCTAGAGTGGGGTCGGAAGTCAATGAGCAGTTCTTC,1270,7,clonotype1,clonotype1_consensus_1
GCACATATCGTGACAT-1,True,GCACATATCGTGACAT-1_contig_3,True,482,TRA,TRAV10,None,TRAJ24,TRAC,True,False,None,None,447,6,clonotype1,None
GCACATATCTCGCTTG-1,True,GCACATATCTCGCTTG-1_contig_1,True,505,TRA,TRAV1-2,None,TRAJ33,TRAC,True,True,CAATDSNYQLIW,TGTGCTGCGACTGATAGCAACTATCAGTTAATCTGG,491,3,clonotype1,clonotype1_consensus_2
GCACATATCTCGCTTG-1,True,GCACATATCTCGCTTG-1_contig_2,True,498,TRB,TRBV20-1,None,TRBJ2-1,TRBC2,True,True,CSARVGSEVNEQFF,TGCAGTGCTAGAGTGGGGTCGGAAGTCAATGAGCAGTTCTTC,261,6,clonotype1,clonotype1_consensus_1
GCACATATCTCGCTTG-1,True,GCACATATCTCGCTTG-1_contig_3,True,482,TRA,TRAV10,None,TRAJ24,TRAC,True,False,None,None,582,4,clonotype1,None
GCACATATCTGCGGCA-1,True,GCACATATCTGCGGCA-1_contig_1,True,505,TRA,TRAV1-2,None,TRAJ33,TRAC,True,True,CAATDSNYQLIW,TGTGCTGCGACTGATAGCAACTATCAGTTAATCTGG,125,3,clonotype1,clonotype1_consensus_2
GCACATATCTGCGGCA-1,True,GCACATATCTGCGGCA-1_contig_2,True,497,TRB,TRBV20-1,None,TRBJ2-1,TRBC2,True,True,CSARVGSEVNEQFF,TGCAGTGCTAGAGTGGGGTCGGAAGTCAATGAGCAGTTCTTC,443,2,clonotype1,clonotype1_consensus_1
GCACATATCTTGGGTA-1,True,GCACATATCTTGGGTA-1_contig_1,True,498,TRB,TRBV20-1,None,TRBJ2-1,TRBC2,True,True,CSARVGSEVNEQFF,TGCAGTGCTAGAGTGGGGTCGGAAGTCAATGAGCAGTTCTTC,1401,8,clonotype2,clonotype2_consensus_1
GCACTCTAGAGAGCTC-1,True,GCACTCTAGAGAGCTC-1_contig_1,True,505,TRA,TRAV1-2,None,TRAJ33,TRAC,True,True,CAATDSNYQLIW,TGTGCTGCGACTGATAGCAACTATCAGTTAATCTGG,400,3,clonotype1,clonotype1_consensus_2
GCACTCTAGAGAGCTC-1,True,GCACTCTAGAGAGCTC-1_contig_2,True,521,TRB,TRBV20-1,None,TRBJ2-1,TRBC2,True,True,CSARVGSEVNEQFF,TGCAGTGCTAGAGTGGGGTCGGAAGTCAATGAGCAGTTCTTC,1808,5,clonotype1,clonotype1_consensus_1
GCACTCTAGAGAGCTC-1,True,GCACTCTAGAGAGCTC-1_contig_3,True,465,TRA,TRAV10,None,TRAJ24,TRAC,True,False,None,None,737,3,clonotype1,None
GCACTCTAGGCGATAC-1,True,GCACTCTAGGCGATAC-1_contig_1,True,505,TRA,TRAV1-2,None,TRAJ33,TRAC,True,True,CAATDSNYQLIW,TGTGCTGCGACTGATAGCAACTATCAGTTAATCTGG,481,2,clonotype1,clonotype1_consensus_2
GCACTCTAGGCGATAC-1,True,GCACTCTAGGCGATAC-1_contig_2,True,521,TRB,TRBV20-1,None,TRBJ2-1,TRBC2,True,True,CSARVGSEVNEQFF,TGCAGTGCTAGAGTGGGGTCGGAAGTCAATGAGCAGTTCTTC,469,6,clonotype1,clonotype1_consensus_1
GCACTCTAGGCGATAC-1,True,GCACTCTAGGCGATAC-1_contig_3,True,458,TRA,TRAV10,None,TRAJ24,TRAC,True,False,None,None,4284,3,clonotype1,None
GCACTCTAGGGTATCG-1,True,GCACTCTAGGGTATCG-1_contig_1,True,521,TRB,TRBV20-1,None,TRBJ1-1,TRBC1,True,True,CSARDIGWNTEAFF,TGCAGTGCTAGAGATATAGGATGGAACACTGAAGCTTTCTTT,2080,9,clonotype2396,clonotype2396_consensus_1
GCACTCTAGTGAACAT-1,True,GCACTCTAGTGAACAT-1_contig_1,True,495,TRA,TRAV9-2,None,TRAJ23,TRAC,True,True,CALVSGNQGGKLIF,TGTGCTCTCGTGTCCGGTAACCAGGGAGGAAAGCTTATCTTC,2581,7,clonotype2397,clonotype2397_consensus_1
GCACTCTAGTGAACAT-1,True,GCACTCTAGTGAACAT-1_contig_2,True,524,TRB,TRBV20-1,None,TRBJ1-6,TRBC1,True,True,CSASAPGQGGPRRHF,TGCAGTGCTAGCGCACCGGGACAGGGAGGGCCGAGAAGGCACTTT,2001,11,clonotype2397,clonotype2397_consensus_2
GCACTCTCACGGTAAG-1,True,GCACTCTCACGGTAAG-1_contig_1,True,505,TRA,TRAV1-2,None,TRAJ33,TRAC,True,True,CAATDSNYQLIW,TGTGCTGCGACTGATAGCAACTATCAGTTAATCTGG,634,4,clonotype1,clonotype1_consensus_2
GCACTCTCACGGTAAG-1,True,GCACTCTCACGGTAAG-1_contig_2,True,521,TRB,TRBV20-1,None,TRBJ2-1,TRBC2,True,True,CSARVGSEVNEQFF,TGCAGTGCTAGAGTGGGGTCGGAAGTCAATGAGCAGTTCTTC,1991,9,clonotype1,clonotype1_consensus_1
GCACTCTCAGACAAAT-1,True,GCACTCTCAGACAAAT-1_contig_1,True,502,TRA,TRAV1-2,None,TRAJ30,TRAC,True,True,CAVRDLREIIF,TGTGCTGTGAGAGATCTTCGGGAGATCATCTTT,1279,5,clonotype3,clonotype3_consensus_2
GCACTCTCAGACAAAT-1,True,GCACTCTCAGACAAAT-1_contig_2,True,495,TRB,TRBV5-5,None,TRBJ1-4,TRBC1,True,True,CASSHPGPNYATNEKLFF,TGTGCCAGCAGCCATCCCGGACCGAACTACGCAACTAATGAAAAACTGTTTTTT,2994,6,clonotype3,clonotype3_consensus_1
GCACTCTCAGACAAAT-1,True,GCACTCTCAGACAAAT-1_contig_3,True,466,TRB,TRBV7-3,None,TRBJ2-1,TRBC2,True,False,CQQRSLKAGGPYNEQFF,TGCCAGCAGCGGTCACTTAAAGCGGGGGGACCCTACAATGAGCAGTTCTTC,1246,3,clonotype3,None
GCACTCTGTCGACTAT-1,True,GCACTCTGTCGACTAT-1_contig_1,True,504,TRA,TRAV6,None,TRAJ26,TRAC,True,True,CAPYNYGQNFVF,TGTGCTCCCTATAACTATGGTCAGAATTTTGTCTTT,359,1,clonotype2398,clonotype2398_consensus_1
GCACTCTGTCGACTAT-1,True,GCACTCTGTCGACTAT-1_contig_2,True,656,TRB,TRBV5-6,None,TRBJ2-5,TRBC2,True,True,CASSDLRGLRETQYF,TGTGCCAGCAGCGATCTCAGGGGCCTGAGGGAGACCCAGTACTTC,475,4,clonotype2398,clonotype2398_consensus_2
GCACTCTGTCTAGAGG-1,True,GCACTCTGTCTAGAGG-1_contig_1,True,512,TRB,TRBV20-1,None,TRBJ1-4,TRBC1,True,True,CSAARGHNEKLFF,TGCAGTGCCGCCAGGGGGCATAATGAAAAACTGTTTTTT,4840,13,clonotype2399,clonotype2399_consensus_1
GCACTCTGTCTAGAGG-1,True,GCACTCTGTCTAGAGG-1_contig_2,True,547,TRA,TRAV12-2,None,TRAJ23,TRAC,True,True,CAVNIKNQGGKLIF,TGTGCCGTGAACATAAAGAACCAGGGAGGAAAGCTTATCTTC,565,4,clonotype2399,clonotype2399_consensus_2
GCACTCTGTGAAAGAG-1,True,GCACTCTGTGAAAGAG-1_contig_1,True,505,TRA,TRAV1-2,None,TRAJ33,TRAC,True,True,CAATDSNYQLIW,TGTGCTGCGACTGATAGCAACTATCAGTTAATCTGG,7406,5,clonotype1,clonotype1_consensus_2
GCACTCTGTGAAAGAG-1,True,GCACTCTGTGAAAGAG-1_contig_2,True,521,TRB,TRBV20-1,None,TRBJ2-1,TRBC2,True,True,CSARVGSEVNEQFF,TGCAGTGCTAGAGTGGGGTCGGAAGTCAATGAGCAGTTCTTC,2165,10,clonotype1,clonotype1_consensus_1
GCACTCTGTGTGAAAT-1,True,GCACTCTGTGTGAAAT-1_contig_1,True,505,TRA,TRAV1-2,None,TRAJ33,TRAC,True,True,CAATDSNYQLIW,TGTGCTGCGACTGATAGCAACTATCAGTTAATCTGG,982,9,clonotype1,clonotype1_consensus_2
GCACTCTGTGTGAAAT-1,True,GCACTCTGTGTGAAAT-1_contig_2,True,521,TRB,TRBV20-1,None,TRBJ2-1,TRBC2,True,True,CSARVGSEVNEQFF,TGCAGTGCTAGAGTGGGGTCGGAAGTCAATGAGCAGTTCTTC,2797,8,clonotype1,clonotype1_consensus_1
GCACTCTGTTCCGGCA-1,True,GCACTCTGTTCCGGCA-1_contig_1,True,524,TRB,TRBV20-1,None,TRBJ1-2,TRBC1,True,True,CSARGPNLRVGGYTF,TGCAGTGCTAGAGGTCCTAATCTCAGGGTCGGTGGCTACACCTTC,1888,9,clonotype149,clonotype149_consensus_1
GCACTCTGTTCCGGCA-1,True,GCACTCTGTTCCGGCA-1_contig_2,True,497,TRA,TRAV13-2,None,TRAJ23,TRAC,True,False,None,None,1104,5,clonotype149,None
GCACTCTGTTCTGGTA-1,True,GCACTCTGTTCTGGTA-1_contig_1,True,561,TRA,TRAV8-4,None,TRAJ43,TRAC,True,True,CAVTFNNDMRF,TGTGCTGTGACTTTTAACAATGACATGCGCTTT,781,9,clonotype153,clonotype153_consensus_1
GCACTCTGTTCTGGTA-1,True,GCACTCTGTTCTGGTA-1_contig_2,True,527,TRB,TRBV20-1,None,TRBJ2-7,TRBC2,True,True,CSVLGLAGGPPYEQYF,TGCAGTGTTTTGGGACTAGCGGGGGGGCCCCCCTACGAGCAGTACTTC,814,7,clonotype153,clonotype153_consensus_2
GCACTCTGTTCTGGTA-1,True,GCACTCTGTTCTGGTA-1_contig_3,True,344,TRB,None,None,TRBJ1-6,TRBC1,False,False,None,None,612,5,clonotype153,None
GCACTCTGTTGGTGGA-1,True,GCACTCTGTTGGTGGA-1_contig_1,True,502,TRA,TRAV1-2,None,TRAJ30,TRAC,True,True,CAVRDLREIIF,TGTGCTGTGAGAGATCTTCGGGAGATCATCTTT,157,3,clonotype3,clonotype3_consensus_2
GCACTCTGTTGGTGGA-1,True,GCACTCTGTTGGTGGA-1_contig_2,True,667,TRB,TRBV5-5,None,TRBJ1-4,TRBC1,True,True,CASSHPGPNYATNEKLFF,TGTGCCAGCAGCCATCCCGGACCGAACTACGCAACTAATGAAAAACTGTTTTTT,715,5,clonotype3,clonotype3_consensus_1
GCACTCTTCAACTCTT-1,True,GCACTCTTCAACTCTT-1_contig_1,True,505,TRA,TRAV1-2,None,TRAJ33,TRAC,True,True,CAATDSNYQLIW,TGTGCTGCGACTGATAGCAACTATCAGTTAATCTGG,1494,4,clonotype1,clonotype1_consensus_2
GCACTCTTCAACTCTT-1,True,GCACTCTTCAACTCTT-1_contig_2,True,521,TRB,TRBV20-1,None,TRBJ2-1,TRBC2,True,True,CSARVGSEVNEQFF,TGCAGTGCTAGAGTGGGGTCGGAAGTCAATGAGCAGTTCTTC,2500,11,clonotype1,clonotype1_consensus_1
GCACTCTTCACTTACT-1,True,GCACTCTTCACTTACT-1_contig_1,True,488,TRA,TRAV36/DV7,None,TRAJ42,TRAC,True,True,CAVDYGGSQGNLIF,TGTGCTGTAGACTATGGAGGAAGCCAAGGAAATCTCATCTTT,414,10,clonotype2400,clonotype2400_consensus_2
GCACTCTTCACTTACT-1,True,GCACTCTTCACTTACT-1_contig_2,True,511,TRB,TRBV5-5,None,TRBJ2-1,TRBC2,True,True,CASSLVDRGDEQFF,TGTGCCAGCAGCTTGGTTGACAGGGGAGATGAGCAGTTCTTC,5774,12,clonotype2400,clonotype2400_consensus_1
GCACTCTTCCAAACAC-1,True,GCACTCTTCCAAACAC-1_contig_1,True,485,TRB,TRBV20-1,None,TRBJ2-1,TRBC2,True,True,CSARVGSEVNEQFF,TGCAGTGCTAGAGTGGGGTCGGAAGTCAATGAGCAGTTCTTC,1127,9,clonotype2,clonotype2_consensus_1
GCACTCTTCCAAACAC-1,True,GCACTCTTCCAAACAC-1_contig_2,True,482,TRA,TRAV10,None,TRAJ24,TRAC,True,False,None,None,257,10,clonotype2,None
GCACTCTTCTTCAACT-1,True,GCACTCTTCTTCAACT-1_contig_1,True,505,TRA,TRAV1-2,None,TRAJ33,TRAC,True,True,CAATDSNYQLIW,TGTGCTGCGACTGATAGCAACTATCAGTTAATCTGG,885,6,clonotype1,clonotype1_consensus_2
GCACTCTTCTTCAACT-1,True,GCACTCTTCTTCAACT-1_contig_2,True,485,TRB,TRBV20-1,None,TRBJ2-1,TRBC2,True,True,CSARVGSEVNEQFF,TGCAGTGCTAGAGTGGGGTCGGAAGTCAATGAGCAGTTCTTC,1760,16,clonotype1,clonotype1_consensus_1
GCACTCTTCTTGTTTG-1,True,GCACTCTTCTTGTTTG-1_contig_1,True,505,TRA,TRAV1-2,None,TRAJ33,TRAC,True,True,CAATDSNYQLIW,TGTGCTGCGACTGATAGCAACTATCAGTTAATCTGG,424,3,clonotype1,clonotype1_consensus_2
GCACTCTTCTTGTTTG-1,True,GCACTCTTCTTGTTTG-1_contig_2,True,521,TRB,TRBV20-1,None,TRBJ2-1,TRBC2,True,True,CSARVGSEVNEQFF,TGCAGTGCTAGAGTGGGGTCGGAAGTCAATGAGCAGTTCTTC,666,6,clonotype1,clonotype1_consensus_1
GCACTCTTCTTGTTTG-1,True,GCACTCTTCTTGTTTG-1_contig_3,True,402,TRB,None,None,TRBJ1-4,TRBC1,False,False,None,None,322,5,clonotype1,None
GCACTCTTCTTGTTTG-1,True,GCACTCTTCTTGTTTG-1_contig_4,True,482,TRA,TRAV10,None,TRAJ24,TRAC,True,False,None,None,249,4,clonotype1,None
GCAGCCAAGATACACA-1,True,GCAGCCAAGATACACA-1_contig_1,True,652,TRB,TRBV5-6,None,TRBJ2-3,TRBC2,True,True,CASSHASTDTQYF,TGTGCCAGCAGCCATGCTAGCACAGATACGCAGTATTTT,5485,18,clonotype2401,clonotype2401_consensus_2
GCAGCCAAGATACACA-1,True,GCAGCCAAGATACACA-1_contig_2,True,476,TRA,TRAV35,None,TRAJ31,TRAC,True,True,CAGQWNARLMF,TGTGCTGGGCAATGGAATGCCAGACTCATGTTT,5624,3,clonotype2401,clonotype2401_consensus_1
GCAGCCAAGATACACA-1,True,GCAGCCAAGATACACA-1_contig_3,True,305,TRB,None,None,TRBJ1-2,TRBC1,False,False,None,None,1382,3,clonotype2401,None
GCAGCCAAGCGAGAAA-1,True,GCAGCCAAGCGAGAAA-1_contig_1,True,516,TRB,TRBV20-1,None,TRBJ2-1,TRBC2,True,True,CSARVGSEVNEQFF,TGCAGTGCTAGAGTGGGGTCGGAAGTCAATGAGCAGTTCTTC,3855,9,clonotype2,clonotype2_consensus_1
GCAGCCAAGCGAGAAA-1,True,GCAGCCAAGCGAGAAA-1_contig_2,True,457,TRA,TRAV10,None,TRAJ24,TRAC,True,False,None,None,301,1,clonotype2,None
GCAGCCACAAGCTGGA-1,True,GCAGCCACAAGCTGGA-1_contig_1,True,521,TRB,TRBV20-1,None,TRBJ2-1,TRBC2,True,True,CSARVGSEVNEQFF,TGCAGTGCTAGAGTGGGGTCGGAAGTCAATGAGCAGTTCTTC,2614,12,clonotype2,clonotype2_consensus_1
GCAGCCACAAGTCTGT-1,True,GCAGCCACAAGTCTGT-1_contig_1,True,505,TRA,TRAV1-2,None,TRAJ33,TRAC,True,True,CAATDSNYQLIW,TGTGCTGCGACTGATAGCAACTATCAGTTAATCTGG,2102,12,clonotype1,clonotype1_consensus_2
GCAGCCACAAGTCTGT-1,True,GCAGCCACAAGTCTGT-1_contig_2,True,521,TRB,TRBV20-1,None,TRBJ2-1,TRBC2,True,True,CSARVGSEVNEQFF,TGCAGTGCTAGAGTGGGGTCGGAAGTCAATGAGCAGTTCTTC,9726,11,clonotype1,clonotype1_consensus_1
GCAGCCACAATCTACG-1,True,GCAGCCACAATCTACG-1_contig_1,True,556,TRA,TRAV19,None,TRAJ15,TRAC,True,True,CALKTGTALIF,TGTGCTCTGAAGACAGGAACTGCTCTGATCTTT,256,3,clonotype2402,clonotype2402_consensus_2
GCAGCCACAATCTACG-1,True,GCAGCCACAATCTACG-1_contig_2,True,490,TRB,TRBV5-6,None,TRBJ1-6,TRBC1,True,True,CASSFRSYNSPLHF,TGTGCCAGCAGCTTCCGCAGCTATAATTCACCCCTCCACTTT,2949,12,clonotype2402,clonotype2402_consensus_1
GCAGCCACACCGGAAA-1,True,GCAGCCACACCGGAAA-1_contig_1,True,625,TRA,TRAV26-1,None,TRAJ40,TRAC,True,True,CIVRGSGTYKYIF,TGCATCGTCCGGGGCTCAGGAACCTACAAATACATCTTT,8318,3,clonotype2403,clonotype2403_consensus_1
GCAGCCACACCTCGGA-1,True,GCAGCCACACCTCGGA-1_contig_1,True,505,TRA,TRAV1-2,None,TRAJ33,TRAC,True,True,CAATDSNYQLIW,TGTGCTGCGACTGATAGCAACTATCAGTTAATCTGG,176,2,clonotype1,clonotype1_consensus_2
GCAGCCACACCTCGGA-1,True,GCAGCCACACCTCGGA-1_contig_2,True,521,TRB,TRBV20-1,None,TRBJ2-1,TRBC2,True,True,CSARVGSEVNEQFF,TGCAGTGCTAGAGTGGGGTCGGAAGTCAATGAGCAGTTCTTC,2784,8,clonotype1,clonotype1_consensus_1
GCAGCCACACCTCGGA-1,True,GCAGCCACACCTCGGA-1_contig_3,True,456,TRA,TRAV10,None,TRAJ24,TRAC,True,False,None,None,454,1,clonotype1,None
GCAGCCACACGGTGTC-1,True,GCAGCCACACGGTGTC-1_contig_1,True,473,TRB,TRBV20-1,None,TRBJ2-1,TRBC2,True,True,CSARVGSEVNEQFF,TGCAGTGCTAGAGTGGGGTCGGAAGTCAATGAGCAGTTCTTC,2133,7,clonotype2,clonotype2_consensus_1
GCAGCCACACTAAGTC-1,True,GCAGCCACACTAAGTC-1_contig_1,True,527,TRB,TRBV20-1,None,TRBJ2-1,TRBC2,True,True,CSARVVAGLSYNEQFF,TGCAGTGCACGCGTGGTAGCGGGGCTCTCCTACAATGAGCAGTTCTTC,2364,10,clonotype2404,clonotype2404_consensus_1
GCAGCCACACTAAGTC-1,True,GCAGCCACACTAAGTC-1_contig_2,True,508,TRA,TRAV41,None,TRAJ17,TRAC,True,True,CAVKAAGNKLTF,TGTGCTGTTAAAGCTGCAGGCAACAAGCTAACTTTT,1045,5,clonotype2404,clonotype2404_consensus_2
GCAGCCACACTAAGTC-1,True,GCAGCCACACTAAGTC-1_contig_3,True,365,TRB,None,None,TRBJ1-5,TRBC1,False,False,None,None,521,3,clonotype2404,None
GCAGCCACAGTAAGAT-1,True,GCAGCCACAGTAAGAT-1_contig_1,True,505,TRA,TRAV1-2,None,TRAJ33,TRAC,True,True,CAATDSNYQLIW,TGTGCTGCGACTGATAGCAACTATCAGTTAATCTGG,859,9,clonotype1,clonotype1_consensus_2
GCAGCCACAGTAAGAT-1,True,GCAGCCACAGTAAGAT-1_contig_2,True,508,TRB,TRBV20-1,None,TRBJ2-1,TRBC2,True,True,CSARVGSEVNEQFF,TGCAGTGCTAGAGTGGGGTCGGAAGTCAATGAGCAGTTCTTC,2070,5,clonotype1,clonotype1_consensus_1
GCAGCCACATCATCCC-1,True,GCAGCCACATCATCCC-1_contig_1,True,502,TRA,TRAV1-2,None,TRAJ30,TRAC,True,True,CAVRDLREIIF,TGTGCTGTGAGAGATCTTCGGGAGATCATCTTT,219,2,clonotype3,clonotype3_consensus_2
GCAGCCACATCATCCC-1,True,GCAGCCACATCATCCC-1_contig_2,True,497,TRB,TRBV5-5,None,TRBJ1-4,TRBC1,True,True,CASSHPGPNYATNEKLFF,TGTGCCAGCAGCCATCCCGGACCGAACTACGCAACTAATGAAAAACTGTTTTTT,2865,6,clonotype3,clonotype3_consensus_1
GCAGCCACATCATCCC-1,True,GCAGCCACATCATCCC-1_contig_3,True,494,TRB,TRBV7-3,None,TRBJ2-1,TRBC2,True,False,CQQRSLKAGGPYNEQFF,TGCCAGCAGCGGTCACTTAAAGCGGGGGGACCCTACAATGAGCAGTTCTTC,592,3,clonotype3,None
GCAGCCACATTCACTT-1,True,GCAGCCACATTCACTT-1_contig_1,True,505,TRA,TRAV1-2,None,TRAJ33,TRAC,True,True,CAATDSNYQLIW,TGTGCTGCGACTGATAGCAACTATCAGTTAATCTGG,2750,4,clonotype1,clonotype1_consensus_2
GCAGCCACATTCACTT-1,True,GCAGCCACATTCACTT-1_contig_2,True,521,TRB,TRBV20-1,None,TRBJ2-1,TRBC2,True,True,CSARVGSEVNEQFF,TGCAGTGCTAGAGTGGGGTCGGAAGTCAATGAGCAGTTCTTC,656,4,clonotype1,clonotype1_consensus_1
GCAGCCAGTAAGTTCC-1,True,GCAGCCAGTAAGTTCC-1_contig_1,True,518,TRB,TRBV20-1,None,TRBJ2-7,TRBC2,True,True,CSASTGSSYEQYF,TGCAGTGCTAGTACAGGGAGCTCCTACGAGCAGTACTTC,2376,12,clonotype282,clonotype282_consensus_1
GCAGCCAGTAAGTTCC-1,True,GCAGCCAGTAAGTTCC-1_contig_2,True,513,TRA,TRAV21,None,TRAJ37,TRAC,True,True,CAVSNTGKLIF,TGTGCTGTGAGCAACACAGGCAAACTAATCTTT,4279,9,clonotype282,clonotype282_consensus_2
GCAGCCAGTAGATTAG-1,True,GCAGCCAGTAGATTAG-1_contig_1,True,582,TRA,TRAV5,None,TRAJ6,TRAC,True,True,CAEGAGGSYIPTF,TGTGCAGAGGGTGCAGGAGGAAGCTACATACCTACATTT,1247,4,clonotype2405,clonotype2405_consensus_1
GCAGCCAGTAGATTAG-1,True,GCAGCCAGTAGATTAG-1_contig_2,True,553,TRA,TRAV12-2,None,TRAJ37,TRAC,True,True,CAVTGGLSSNTGKLIF,TGTGCCGTGACGGGGGGGCTCTCTAGCAACACAGGCAAACTAATCTTT,482,3,clonotype2405,clonotype2405_consensus_2
GCAGCCAGTAGTACCT-1,True,GCAGCCAGTAGTACCT-1_contig_1,True,515,TRB,TRBV20-1,None,TRBJ2-2,TRBC2,True,True,CSAREGPGELFF,TGCAGTGCTAGAGAGGGTCCCGGGGAGCTGTTTTTT,3286,12,clonotype2406,clonotype2406_consensus_2
GCAGCCAGTAGTACCT-1,True,GCAGCCAGTAGTACCT-1_contig_2,True,707,TRA,TRAV8-3,None,TRAJ43,TRAC,True,True,CAVGGGTNDMRF,TGTGCTGTGGGTGGGGGAACAAATGACATGCGCTTT,1241,4,clonotype2406,clonotype2406_consensus_1
GCAGCCAGTATAGGGC-1,True,GCAGCCAGTATAGGGC-1_contig_1,True,521,TRB,TRBV20-1,None,TRBJ2-1,TRBC2,True,True,CSARVGSEVNEQFF,TGCAGTGCTAGAGTGGGGTCGGAAGTCAATGAGCAGTTCTTC,3366,9,clonotype2,clonotype2_consensus_1
GCAGCCAGTATAGGGC-1,True,GCAGCCAGTATAGGGC-1_contig_2,True,482,TRA,TRAV10,None,TRAJ24,TRAC,True,False,None,None,526,4,clonotype2,None
GCAGCCAGTCCATGAT-1,True,GCAGCCAGTCCATGAT-1_contig_1,True,516,TRA,TRAV12-1,None,TRAJ20,TRAC,True,True,CVVPSRSNDYKLSF,TGTGTGGTTCCCTCTCGTTCTAACGACTACAAGCTCAGCTTT,1088,2,clonotype2407,clonotype2407_consensus_3
GCAGCCAGTCCATGAT-1,True,GCAGCCAGTCCATGAT-1_contig_2,True,668,TRA,TRAV8-6,None,TRAJ18,TRAC,True,True,CAVREDRGSTLGRLYF,TGTGCTGTGAGAGAAGACAGAGGCTCAACCCTGGGGAGGCTATACTTT,186,3,clonotype2407,clonotype2407_consensus_1
GCAGCCAGTCCATGAT-1,True,GCAGCCAGTCCATGAT-1_contig_3,True,659,TRB,TRBV5-6,None,TRBJ2-2,TRBC2,True,True,CASSSWTGGTGELFF,TGTGCCAGCAGCTCGTGGACAGGGGGCACCGGGGAGCTGTTTTTT,2720,9,clonotype2407,clonotype2407_consensus_2
GCAGCCAGTCTCCCTA-1,True,GCAGCCAGTCTCCCTA-1_contig_1,True,505,TRA,TRAV1-2,None,TRAJ33,TRAC,True,True,CAATDSNYQLIW,TGTGCTGCGACTGATAGCAACTATCAGTTAATCTGG,1224,6,clonotype1,clonotype1_consensus_2
GCAGCCAGTCTCCCTA-1,True,GCAGCCAGTCTCCCTA-1_contig_2,True,521,TRB,TRBV20-1,None,TRBJ2-1,TRBC2,True,True,CSARVGSEVNEQFF,TGCAGTGCTAGAGTGGGGTCGGAAGTCAATGAGCAGTTCTTC,347,4,clonotype1,clonotype1_consensus_1
GCAGCCAGTCTCCCTA-1,True,GCAGCCAGTCTCCCTA-1_contig_3,True,466,TRA,TRAV10,None,TRAJ24,TRAC,True,False,None,None,433,2,clonotype1,None
GCAGCCAGTGACTACT-1,True,GCAGCCAGTGACTACT-1_contig_1,True,505,TRA,TRAV1-2,None,TRAJ33,TRAC,True,True,CAATDSNYQLIW,TGTGCTGCGACTGATAGCAACTATCAGTTAATCTGG,626,2,clonotype1,clonotype1_consensus_2
GCAGCCAGTGACTACT-1,True,GCAGCCAGTGACTACT-1_contig_2,True,521,TRB,TRBV20-1,None,TRBJ2-1,TRBC2,True,True,CSARVGSEVNEQFF,TGCAGTGCTAGAGTGGGGTCGGAAGTCAATGAGCAGTTCTTC,796,5,clonotype1,clonotype1_consensus_1
GCAGCCAGTGACTACT-1,True,GCAGCCAGTGACTACT-1_contig_3,True,465,TRA,TRAV10,None,TRAJ24,TRAC,True,False,None,None,413,4,clonotype1,None
GCAGCCAGTTTGACAC-1,True,GCAGCCAGTTTGACAC-1_contig_1,True,521,TRB,TRBV20-1,None,TRBJ2-1,TRBC2,True,True,CSARVGSEVNEQFF,TGCAGTGCTAGAGTGGGGTCGGAAGTCAATGAGCAGTTCTTC,2974,15,clonotype2,clonotype2_consensus_1
GCAGCCAGTTTGACAC-1,True,GCAGCCAGTTTGACAC-1_contig_2,True,482,TRA,TRAV10,None,TRAJ24,TRAC,True,False,None,None,1965,5,clonotype2,None
GCAGCCATCAGAGACG-1,True,GCAGCCATCAGAGACG-1_contig_1,True,505,TRA,TRAV1-2,None,TRAJ33,TRAC,True,True,CAATDSNYQLIW,TGTGCTGCGACTGATAGCAACTATCAGTTAATCTGG,780,6,clonotype1,clonotype1_consensus_2
GCAGCCATCAGAGACG-1,True,GCAGCCATCAGAGACG-1_contig_2,True,498,TRB,TRBV20-1,None,TRBJ2-1,TRBC2,True,True,CSARVGSEVNEQFF,TGCAGTGCTAGAGTGGGGTCGGAAGTCAATGAGCAGTTCTTC,2731,9,clonotype1,clonotype1_consensus_1
GCAGCCATCCACTCCA-1,True,GCAGCCATCCACTCCA-1_contig_1,True,574,TRA,TRAV8-1,None,TRAJ28,TRAC,True,True,CAVNSGAGSYQLTF,TGTGCCGTTAACTCTGGGGCTGGGAGTTACCAACTCACTTTC,1338,5,clonotype33,clonotype33_consensus_2
GCAGCCATCCACTCCA-1,True,GCAGCCATCCACTCCA-1_contig_2,True,521,TRB,TRBV20-1,None,TRBJ1-2,TRBC1,True,True,CSASVPSVLIGYTF,TGCAGTGCTAGTGTTCCTAGTGTCTTAATTGGCTACACCTTC,3346,14,clonotype33,clonotype33_consensus_1
GCAGCCATCCACTCCA-1,True,GCAGCCATCCACTCCA-1_contig_3,True,478,TRA,TRAV20,None,TRAJ45,TRAC,True,False,None,None,6806,7,clonotype33,None
GCAGCCATCGTAGATC-1,True,GCAGCCATCGTAGATC-1_contig_1,True,501,TRB,TRBV20-1,None,TRBJ2-1,TRBC2,True,True,CSARDDRGSHNEQFF,TGCAGTGCTAGAGATGACAGGGGGAGCCACAATGAGCAGTTCTTC,9125,9,clonotype2408,clonotype2408_consensus_2
GCAGCCATCGTAGATC-1,True,GCAGCCATCGTAGATC-1_contig_2,True,489,TRA,TRAV9-2,None,TRAJ49,TRAC,True,True,CALRGPGNQFYF,TGTGCTCTGAGAGGCCCCGGTAACCAGTTCTATTTT,636,3,clonotype2408,clonotype2408_consensus_1
GCAGCCATCTTCGGTC-1,True,GCAGCCATCTTCGGTC-1_contig_1,True,484,TRB,TRBV5-6,None,TRBJ1-2,TRBC1,True,True,CASSSLPGGYTF,TGTGCCAGCAGCTCCCTCCCGGGTGGCTACACCTTC,1482,10,clonotype55,clonotype55_consensus_1
GCAGCCATCTTCGGTC-1,True,GCAGCCATCTTCGGTC-1_contig_2,True,465,TRA,TRAV13-1,None,TRAJ8,TRAC,True,True,CAARWMNTGFQKLVF,TGTGCAGCAAGGTGGATGAACACAGGCTTTCAGAAACTTGTATTT,345,2,clonotype55,clonotype55_consensus_2
GCAGCCATCTTCGGTC-1,True,GCAGCCATCTTCGGTC-1_contig_3,True,323,TRA,None,None,TRAJ5,TRAC,False,False,None,None,452,1,clonotype55,None
GCAGTTAAGACGCTTT-1,True,GCAGTTAAGACGCTTT-1_contig_1,True,502,TRA,TRAV1-2,None,TRAJ30,TRAC,True,True,CAVRDLREIIF,TGTGCTGTGAGAGATCTTCGGGAGATCATCTTT,118,2,clonotype3,clonotype3_consensus_2
GCAGTTAAGACGCTTT-1,True,GCAGTTAAGACGCTTT-1_contig_2,True,526,TRB,TRBV5-5,None,TRBJ1-4,TRBC1,True,True,CASSHPGPNYATNEKLFF,TGTGCCAGCAGCCATCCCGGACCGAACTACGCAACTAATGAAAAACTGTTTTTT,1528,4,clonotype3,clonotype3_consensus_1
GCAGTTAAGCCACGTC-1,True,GCAGTTAAGCCACGTC-1_contig_1,True,521,TRB,TRBV20-1,None,TRBJ2-1,TRBC2,True,True,CSARVGSEVNEQFF,TGCAGTGCTAGAGTGGGGTCGGAAGTCAATGAGCAGTTCTTC,1158,7,clonotype2,clonotype2_consensus_1
GCAGTTAAGCGATTCT-1,True,GCAGTTAAGCGATTCT-1_contig_1,True,497,TRA,TRAV38-2/DV8,None,TRAJ54,TRAC,True,True,CAYRRRIQGAQKLVF,TGTGCTTATAGGAGAAGAATTCAGGGAGCCCAGAAGCTGGTATTT,1409,9,clonotype2409,clonotype2409_consensus_1
GCAGTTAAGCGATTCT-1,True,GCAGTTAAGCGATTCT-1_contig_2,True,667,TRB,TRBV5-6,None,TRBJ1-4,TRBC1,True,True,CASSKTTGGTTNEKLFF,TGTGCCAGCAGTAAAACGACAGGGGGCACAACTAATGAAAAACTGTTTTTT,1325,4,clonotype2409,clonotype2409_consensus_2
GCAGTTACAAGCTGTT-1,True,GCAGTTACAAGCTGTT-1_contig_1,True,505,TRA,TRAV1-2,None,TRAJ33,TRAC,True,True,CAATDSNYQLIW,TGTGCTGCGACTGATAGCAACTATCAGTTAATCTGG,1053,4,clonotype1,clonotype1_consensus_2
GCAGTTACAAGCTGTT-1,True,GCAGTTACAAGCTGTT-1_contig_2,True,498,TRB,TRBV20-1,None,TRBJ2-1,TRBC2,True,True,CSARVGSEVNEQFF,TGCAGTGCTAGAGTGGGGTCGGAAGTCAATGAGCAGTTCTTC,1049,3,clonotype1,clonotype1_consensus_1
GCAGTTACACCGTTGG-1,True,GCAGTTACACCGTTGG-1_contig_1,True,494,TRA,TRAV38-2/DV8,None,TRAJ16,TRAC,True,True,CAYRSAGGGQKLLF,TGTGCTTATAGGAGCGCAGGAGGTGGCCAGAAGCTGCTCTTT,379,4,clonotype2410,clonotype2410_consensus_1
GCAGTTACACCGTTGG-1,True,GCAGTTACACCGTTGG-1_contig_2,True,521,TRB,TRBV20-1,None,TRBJ1-4,TRBC1,True,True,CSATGAGRSEKLFF,TGCAGTGCCACAGGGGCAGGGCGAAGTGAAAAACTGTTTTTT,2962,9,clonotype2410,clonotype2410_consensus_2
GCAGTTACAGCCTATA-1,True,GCAGTTACAGCCTATA-1_contig_1,True,584,TRA,TRAV5,None,TRAJ47,TRAC,True,True,CAAFTQEYGNKLVF,TGTGCAGCCTTCACGCAGGAATATGGAAACAAACTGGTCTTT,1014,3,clonotype2411,clonotype2411_consensus_2
GCAGTTACAGCCTATA-1,True,GCAGTTACAGCCTATA-1_contig_2,True,515,TRB,TRBV5-5,None,TRBJ2-1,TRBC2,True,True,CASSLGLAGGQNEQFF,TGTGCCAGCAGCCTGGGACTAGCGGGGGGGCAGAATGAGCAGTTCTTC,2433,10,clonotype2411,clonotype2411_consensus_1
GCAGTTACAGGTCGTC-1,True,GCAGTTACAGGTCGTC-1_contig_1,True,521,TRB,TRBV20-1,None,TRBJ2-1,TRBC2,True,True,CSARVGSEVNEQFF,TGCAGTGCTAGAGTGGGGTCGGAAGTCAATGAGCAGTTCTTC,1582,6,clonotype2,clonotype2_consensus_1
GCAGTTACAGGTCGTC-1,True,GCAGTTACAGGTCGTC-1_contig_2,True,471,TRA,TRAV10,None,TRAJ24,TRAC,True,False,None,None,121,2,clonotype2,None
GCAGTTACATCGTCGG-1,True,GCAGTTACATCGTCGG-1_contig_1,True,515,TRB,TRBV20-1,None,TRBJ1-2,TRBC1,True,True,CSAREFNYGYTF,TGCAGTGCTAGAGAATTCAACTATGGCTACACCTTC,697,5,clonotype210,clonotype210_consensus_2
GCAGTTACATCGTCGG-1,True,GCAGTTACATCGTCGG-1_contig_2,True,514,TRA,TRAV29/DV5,None,TRAJ57,TRAC,True,True,CAAVTQGGSEKLVF,TGTGCAGCAGTAACTCAGGGCGGATCTGAAAAGCTGGTCTTT,135,2,clonotype210,clonotype210_consensus_1
GCAGTTACATCGTCGG-1,True,GCAGTTACATCGTCGG-1_contig_3,True,339,TRB,None,None,TRBJ2-3,TRBC2,False,False,None,None,66,1,clonotype210,None
GCAGTTAGTAACGACG-1,True,GCAGTTAGTAACGACG-1_contig_1,True,505,TRA,TRAV1-2,None,TRAJ33,TRAC,True,True,CAATDSNYQLIW,TGTGCTGCGACTGATAGCAACTATCAGTTAATCTGG,85,6,clonotype1,clonotype1_consensus_2
GCAGTTAGTAACGACG-1,True,GCAGTTAGTAACGACG-1_contig_2,True,521,TRB,TRBV20-1,None,TRBJ2-1,TRBC2,True,True,CSARVGSEVNEQFF,TGCAGTGCTAGAGTGGGGTCGGAAGTCAATGAGCAGTTCTTC,3287,12,clonotype1,clonotype1_consensus_1
GCAGTTAGTAGCTAAA-1,True,GCAGTTAGTAGCTAAA-1_contig_1,True,490,TRA,TRAV21,None,TRAJ17,TRAC,True,True,CAVNGSGAAGNKLTF,TGTGCTGTGAACGGGTCGGGGGCTGCAGGCAACAAGCTAACTTTT,2570,3,clonotype98,clonotype98_consensus_1
GCAGTTAGTAGCTAAA-1,True,GCAGTTAGTAGCTAAA-1_contig_2,True,481,TRB,TRBV5-6,None,TRBJ1-1,TRBC1,True,True,CATGRGTEAFF,TGTGCCACCGGTCGTGGCACTGAAGCTTTCTTT,1400,7,clonotype98,clonotype98_consensus_2
GCAGTTAGTATGAATG-1,True,GCAGTTAGTATGAATG-1_contig_1,True,505,TRA,TRAV1-2,None,TRAJ33,TRAC,True,True,CAATDSNYQLIW,TGTGCTGCGACTGATAGCAACTATCAGTTAATCTGG,276,6,clonotype1,clonotype1_consensus_2
GCAGTTAGTATGAATG-1,True,GCAGTTAGTATGAATG-1_contig_2,True,498,TRB,TRBV20-1,None,TRBJ2-1,TRBC2,True,True,CSARVGSEVNEQFF,TGCAGTGCTAGAGTGGGGTCGGAAGTCAATGAGCAGTTCTTC,1009,8,clonotype1,clonotype1_consensus_1
GCAGTTAGTGGACGAT-1,True,GCAGTTAGTGGACGAT-1_contig_1,True,505,TRA,TRAV1-2,None,TRAJ33,TRAC,True,True,CAATDSNYQLIW,TGTGCTGCGACTGATAGCAACTATCAGTTAATCTGG,448,4,clonotype1,clonotype1_consensus_2
GCAGTTAGTGGACGAT-1,True,GCAGTTAGTGGACGAT-1_contig_2,True,521,TRB,TRBV20-1,None,TRBJ2-1,TRBC2,True,True,CSARVGSEVNEQFF,TGCAGTGCTAGAGTGGGGTCGGAAGTCAATGAGCAGTTCTTC,401,5,clonotype1,clonotype1_consensus_1
GCAGTTATCCTCGCAT-1,True,GCAGTTATCCTCGCAT-1_contig_1,True,505,TRA,TRAV1-2,None,TRAJ33,TRAC,True,True,CAATDSNYQLIW,TGTGCTGCGACTGATAGCAACTATCAGTTAATCTGG,6813,1,clonotype1,clonotype1_consensus_2
GCAGTTATCCTCGCAT-1,True,GCAGTTATCCTCGCAT-1_contig_2,True,521,TRB,TRBV20-1,None,TRBJ2-1,TRBC2,True,True,CSARVGSEVNEQFF,TGCAGTGCTAGAGTGGGGTCGGAAGTCAATGAGCAGTTCTTC,2309,7,clonotype1,clonotype1_consensus_1
GCAGTTATCCTCGCAT-1,True,GCAGTTATCCTCGCAT-1_contig_3,True,457,TRA,TRAV10,None,TRAJ24,TRAC,True,False,None,None,121,1,clonotype1,None
GCAGTTATCGTTACAG-1,True,GCAGTTATCGTTACAG-1_contig_1,True,524,TRB,TRBV20-1,None,TRBJ2-5,TRBC2,True,True,CSARAPMAAQETQYF,TGCAGTGCTAGAGCCCCGATGGCTGCCCAAGAGACCCAGTACTTC,2116,13,clonotype2412,clonotype2412_consensus_1
GCAGTTATCGTTACAG-1,True,GCAGTTATCGTTACAG-1_contig_2,True,568,TRA,TRAV29/DV5,None,TRAJ31,TRAC,True,True,CAASESGNARLMF,TGTGCAGCAAGCGAGAGCGGCAATGCCAGACTCATGTTT,2819,5,clonotype2412,clonotype2412_consensus_2
GCAGTTATCGTTACAG-1,True,GCAGTTATCGTTACAG-1_contig_3,True,453,TRA,TRAV13-1,None,TRAJ29,TRAC,True,False,CSKYQGNTPLVF,TGCAGCAAGTATCAAGGAAACACACCTCTTGTCTTT,98,3,clonotype2412,None
GCATACAAGGGTCGAT-1,True,GCATACAAGGGTCGAT-1_contig_1,True,512,TRA,TRAV13-2,None,TRAJ53,TRAC,True,True,CAENSGGSNYKLTF,TGTGCAGAGAATAGTGGAGGTAGCAACTATAAACTGACATTT,874,5,clonotype57,clonotype57_consensus_2
GCATACAAGGGTCGAT-1,True,GCATACAAGGGTCGAT-1_contig_2,True,524,TRB,TRBV20-1,None,TRBJ2-1,TRBC2,True,True,CSAKSGQGNYNEQFF,TGCAGTGCTAAGTCAGGACAGGGGAATTACAATGAGCAGTTCTTC,1977,11,clonotype57,clonotype57_consensus_1
GCATACAAGGGTCGAT-1,True,GCATACAAGGGTCGAT-1_contig_3,True,522,TRA,TRAV27,None,TRAJ45,TRAC,True,False,None,None,1306,3,clonotype57,None
GCATACACAATGAATG-1,True,GCATACACAATGAATG-1_contig_1,True,521,TRB,TRBV20-1,None,TRBJ2-1,TRBC2,True,True,CSARVGSEVNEQFF,TGCAGTGCTAGAGTGGGGTCGGAAGTCAATGAGCAGTTCTTC,2128,13,clonotype2,clonotype2_consensus_1
GCATACACAATGAATG-1,True,GCATACACAATGAATG-1_contig_2,True,465,TRA,TRAV10,None,TRAJ24,TRAC,True,False,None,None,7181,4,clonotype2,None
GCATACACAGGCTCAC-1,True,GCATACACAGGCTCAC-1_contig_1,True,505,TRA,TRAV1-2,None,TRAJ33,TRAC,True,True,CAATDSNYQLIW,TGTGCTGCGACTGATAGCAACTATCAGTTAATCTGG,448,2,clonotype1,clonotype1_consensus_2
GCATACACAGGCTCAC-1,True,GCATACACAGGCTCAC-1_contig_2,True,498,TRB,TRBV20-1,None,TRBJ2-1,TRBC2,True,True,CSARVGSEVNEQFF,TGCAGTGCTAGAGTGGGGTCGGAAGTCAATGAGCAGTTCTTC,1216,7,clonotype1,clonotype1_consensus_1
GCATACACAGGCTCAC-1,True,GCATACACAGGCTCAC-1_contig_3,True,482,TRA,TRAV10,None,TRAJ24,TRAC,True,False,None,None,676,4,clonotype1,None
GCATACAGTAATCGTC-1,True,GCATACAGTAATCGTC-1_contig_1,True,505,TRA,TRAV1-2,None,TRAJ33,TRAC,True,True,CAATDSNYQLIW,TGTGCTGCGACTGATAGCAACTATCAGTTAATCTGG,493,4,clonotype1,clonotype1_consensus_2
GCATACAGTAATCGTC-1,True,GCATACAGTAATCGTC-1_contig_2,True,521,TRB,TRBV20-1,None,TRBJ2-1,TRBC2,True,True,CSARVGSEVNEQFF,TGCAGTGCTAGAGTGGGGTCGGAAGTCAATGAGCAGTTCTTC,2205,11,clonotype1,clonotype1_consensus_1
GCATACAGTAGCTGCC-1,True,GCATACAGTAGCTGCC-1_contig_1,True,486,TRB,TRBV20-1,None,TRBJ2-5,TRBC2,True,True,CSARKSGETQYF,TGCAGTGCTAGAAAGAGTGGGGAGACCCAGTACTTC,3874,8,clonotype2413,clonotype2413_consensus_1
GCATACAGTAGCTGCC-1,True,GCATACAGTAGCTGCC-1_contig_2,True,489,TRA,TRAV9-2,None,TRAJ49,TRAC,True,True,CALLMGGNQFYF,TGTGCTCTGTTAATGGGCGGTAACCAGTTCTATTTT,1146,3,clonotype2413,clonotype2413_consensus_2
GCATACAGTAGTGAAT-1,True,GCATACAGTAGTGAAT-1_contig_1,True,505,TRA,TRAV1-2,None,TRAJ33,TRAC,True,True,CAATDSNYQLIW,TGTGCTGCGACTGATAGCAACTATCAGTTAATCTGG,436,2,clonotype1,clonotype1_consensus_2
GCATACAGTAGTGAAT-1,True,GCATACAGTAGTGAAT-1_contig_2,True,521,TRB,TRBV20-1,None,TRBJ2-1,TRBC2,True,True,CSARVGSEVNEQFF,TGCAGTGCTAGAGTGGGGTCGGAAGTCAATGAGCAGTTCTTC,2503,11,clonotype1,clonotype1_consensus_1
GCATACAGTAGTGAAT-1,True,GCATACAGTAGTGAAT-1_contig_3,True,482,TRA,TRAV10,None,TRAJ24,TRAC,True,False,None,None,99,2,clonotype1,None
GCATACAGTGTTGGGA-1,True,GCATACAGTGTTGGGA-1_contig_1,True,505,TRA,TRAV1-2,None,TRAJ33,TRAC,True,True,CAATDSNYQLIW,TGTGCTGCGACTGATAGCAACTATCAGTTAATCTGG,364,2,clonotype1,clonotype1_consensus_2
GCATACAGTGTTGGGA-1,True,GCATACAGTGTTGGGA-1_contig_2,True,521,TRB,TRBV20-1,None,TRBJ2-1,TRBC2,True,True,CSARVGSEVNEQFF,TGCAGTGCTAGAGTGGGGTCGGAAGTCAATGAGCAGTTCTTC,1514,6,clonotype1,clonotype1_consensus_1
GCATACAGTGTTGGGA-1,True,GCATACAGTGTTGGGA-1_contig_3,True,482,TRA,TRAV10,None,TRAJ24,TRAC,True,False,None,None,1110,3,clonotype1,None
GCATACAGTTGTTTGG-1,True,GCATACAGTTGTTTGG-1_contig_1,True,498,TRB,TRBV20-1,None,TRBJ2-1,TRBC2,True,True,CSARVGSEVNEQFF,TGCAGTGCTAGAGTGGGGTCGGAAGTCAATGAGCAGTTCTTC,2490,6,clonotype2,clonotype2_consensus_1
GCATACATCATAAAGG-1,True,GCATACATCATAAAGG-1_contig_1,True,505,TRA,TRAV1-2,None,TRAJ33,TRAC,True,True,CAATDSNYQLIW,TGTGCTGCGACTGATAGCAACTATCAGTTAATCTGG,1641,10,clonotype1,clonotype1_consensus_2
GCATACATCATAAAGG-1,True,GCATACATCATAAAGG-1_contig_2,True,521,TRB,TRBV20-1,None,TRBJ2-1,TRBC2,True,True,CSARVGSEVNEQFF,TGCAGTGCTAGAGTGGGGTCGGAAGTCAATGAGCAGTTCTTC,1808,15,clonotype1,clonotype1_consensus_1
GCATACATCCACGACG-1,True,GCATACATCCACGACG-1_contig_1,True,505,TRA,TRAV1-2,None,TRAJ33,TRAC,True,True,CAATDSNYQLIW,TGTGCTGCGACTGATAGCAACTATCAGTTAATCTGG,631,4,clonotype1,clonotype1_consensus_2
GCATACATCCACGACG-1,True,GCATACATCCACGACG-1_contig_2,True,521,TRB,TRBV20-1,None,TRBJ2-1,TRBC2,True,True,CSARVGSEVNEQFF,TGCAGTGCTAGAGTGGGGTCGGAAGTCAATGAGCAGTTCTTC,1633,5,clonotype1,clonotype1_consensus_1
GCATACATCCACGACG-1,True,GCATACATCCACGACG-1_contig_3,True,586,TRB,None,None,TRBJ2-3,TRBC2,False,False,None,None,419,2,clonotype1,None
GCATACATCCAGTAGT-1,True,GCATACATCCAGTAGT-1_contig_1,True,569,TRA,TRAV22,None,TRAJ35,TRAC,True,True,CAVDPTLGFGNVLHC,TGTGCTGTGGACCCGACTTTAGGCTTTGGGAATGTGCTGCATTGC,342,1,clonotype37,clonotype37_consensus_1
GCATACATCCAGTAGT-1,True,GCATACATCCAGTAGT-1_contig_2,True,650,TRB,TRBV5-6,None,TRBJ2-7,TRBC2,True,True,CASSLAKEQYF,TGTGCCAGCAGCTTGGCAAAGGAGCAGTACTTC,2365,8,clonotype37,clonotype37_consensus_2
GCATACATCCTAAGTG-1,True,GCATACATCCTAAGTG-1_contig_1,True,473,TRA,TRAV1-2,None,TRAJ33,None,True,True,CAATDSNYQLIW,TGTGCTGCGACTGATAGCAACTATCAGTTAATCTGG,331,2,clonotype1,clonotype1_consensus_2
GCATACATCCTAAGTG-1,True,GCATACATCCTAAGTG-1_contig_2,True,498,TRB,TRBV20-1,None,TRBJ2-1,TRBC2,True,True,CSARVGSEVNEQFF,TGCAGTGCTAGAGTGGGGTCGGAAGTCAATGAGCAGTTCTTC,896,5,clonotype1,clonotype1_consensus_1
GCATACATCCTAAGTG-1,True,GCATACATCCTAAGTG-1_contig_3,True,494,TRA,TRAV10,None,TRAJ24,TRAC,True,False,None,None,2932,5,clonotype1,None
GCATACATCGAATGCT-1,True,GCATACATCGAATGCT-1_contig_1,True,498,TRB,TRBV20-1,None,TRBJ2-1,TRBC2,True,True,CSARVGSEVNEQFF,TGCAGTGCTAGAGTGGGGTCGGAAGTCAATGAGCAGTTCTTC,1500,9,clonotype2,clonotype2_consensus_1
GCATACATCGAATGCT-1,True,GCATACATCGAATGCT-1_contig_2,True,482,TRA,TRAV10,None,TRAJ24,TRAC,True,False,None,None,60,2,clonotype2,None
GCATACATCGTCGTTC-1,True,GCATACATCGTCGTTC-1_contig_1,True,505,TRA,TRAV1-2,None,TRAJ33,TRAC,True,True,CAATDSNYQLIW,TGTGCTGCGACTGATAGCAACTATCAGTTAATCTGG,95,3,clonotype1,clonotype1_consensus_2
GCATACATCGTCGTTC-1,True,GCATACATCGTCGTTC-1_contig_2,True,521,TRB,TRBV20-1,None,TRBJ2-1,TRBC2,True,True,CSARVGSEVNEQFF,TGCAGTGCTAGAGTGGGGTCGGAAGTCAATGAGCAGTTCTTC,891,4,clonotype1,clonotype1_consensus_1
GCATACATCGTCGTTC-1,True,GCATACATCGTCGTTC-1_contig_3,True,467,TRA,TRAV10,None,TRAJ24,TRAC,True,False,None,None,262,2,clonotype1,None
GCATACATCTTACCGC-1,True,GCATACATCTTACCGC-1_contig_1,True,527,TRB,TRBV20-1,None,TRBJ1-5,TRBC1,True,True,CSARVIQGTLDQPQHF,TGCAGTGCTAGAGTAATACAGGGGACTTTAGATCAGCCCCAGCATTTT,4316,12,clonotype2414,clonotype2414_consensus_1
GCATACATCTTACCGC-1,True,GCATACATCTTACCGC-1_contig_2,True,541,TRA,TRAV12-2,None,TRAJ40,TRAC,True,True,CAVNRGTYKYIF,TGTGCCGTGAACAGAGGAACCTACAAATACATCTTT,904,6,clonotype2414,clonotype2414_consensus_2
GCATACATCTTACCGC-1,True,GCATACATCTTACCGC-1_contig_3,True,561,TRB,TRBV19,None,TRBJ2-6,TRBC2,True,False,CQYSIGQVPSGANVLTF,TGCCAGTATTCTATTGGACAGGTTCCCTCTGGGGCCAACGTCCTGACTTTC,112,2,clonotype2414,None
GCATGATAGACAGGCT-1,True,GCATGATAGACAGGCT-1_contig_1,True,507,TRB,TRBV20-1,None,TRBJ1-6,TRBC1,True,True,CSARKPHWTGEASPLHF,TGCAGTGCTAGAAAACCTCACTGGACAGGGGAAGCTTCACCCCTCCACTTT,522,3,clonotype30,clonotype30_consensus_2
GCATGATAGACAGGCT-1,True,GCATGATAGACAGGCT-1_contig_2,True,596,TRA,TRAV12-1,None,TRAJ35,TRAC,True,True,CVVIGFGNVLHC,TGTGTGGTGATAGGCTTTGGGAATGTGCTGCATTGC,986,3,clonotype30,clonotype30_consensus_1
GCATGATAGCAAATCA-1,True,GCATGATAGCAAATCA-1_contig_1,True,505,TRA,TRAV1-2,None,TRAJ33,TRAC,True,True,CAATDSNYQLIW,TGTGCTGCGACTGATAGCAACTATCAGTTAATCTGG,351,6,clonotype1,clonotype1_consensus_2
GCATGATAGCAAATCA-1,True,GCATGATAGCAAATCA-1_contig_2,True,521,TRB,TRBV20-1,None,TRBJ2-1,TRBC2,True,True,CSARVGSEVNEQFF,TGCAGTGCTAGAGTGGGGTCGGAAGTCAATGAGCAGTTCTTC,2699,10,clonotype1,clonotype1_consensus_1
GCATGATAGCAAATCA-1,True,GCATGATAGCAAATCA-1_contig_3,True,476,TRA,TRAV10,None,TRAJ24,TRAC,True,False,None,None,85,1,clonotype1,None
GCATGATAGCAGACTG-1,True,GCATGATAGCAGACTG-1_contig_1,True,505,TRA,TRAV1-2,None,TRAJ33,TRAC,True,True,CAATDSNYQLIW,TGTGCTGCGACTGATAGCAACTATCAGTTAATCTGG,872,3,clonotype1,clonotype1_consensus_2
GCATGATAGCAGACTG-1,True,GCATGATAGCAGACTG-1_contig_2,True,498,TRB,TRBV20-1,None,TRBJ2-1,TRBC2,True,True,CSARVGSEVNEQFF,TGCAGTGCTAGAGTGGGGTCGGAAGTCAATGAGCAGTTCTTC,1930,7,clonotype1,clonotype1_consensus_1
GCATGATAGCTGAAAT-1,True,GCATGATAGCTGAAAT-1_contig_1,True,505,TRA,TRAV1-2,None,TRAJ33,TRAC,True,True,CAATDSNYQLIW,TGTGCTGCGACTGATAGCAACTATCAGTTAATCTGG,236,2,clonotype1,clonotype1_consensus_2
GCATGATAGCTGAAAT-1,True,GCATGATAGCTGAAAT-1_contig_2,True,521,TRB,TRBV20-1,None,TRBJ2-1,TRBC2,True,True,CSARVGSEVNEQFF,TGCAGTGCTAGAGTGGGGTCGGAAGTCAATGAGCAGTTCTTC,1630,6,clonotype1,clonotype1_consensus_1
GCATGATAGCTGAAAT-1,True,GCATGATAGCTGAAAT-1_contig_3,True,465,TRA,TRAV10,None,TRAJ24,TRAC,True,False,None,None,292,4,clonotype1,None
GCATGATAGCTTATCG-1,True,GCATGATAGCTTATCG-1_contig_1,True,509,TRB,TRBV5-5,None,TRBJ2-1,TRBC2,True,True,CASSLEQYYNEQFF,TGTGCCAGCAGCTTGGAGCAGTATTACAATGAGCAGTTCTTC,2540,16,clonotype2415,clonotype2415_consensus_1
GCATGATAGCTTATCG-1,True,GCATGATAGCTTATCG-1_contig_2,True,478,TRA,TRAV35,None,TRAJ47,TRAC,True,False,None,None,165,5,clonotype2415,None
GCATGATAGGATATAC-1,True,GCATGATAGGATATAC-1_contig_1,True,618,TRA,TRAV3,None,TRAJ7,TRAC,True,True,CAVRAYYGNNRLAF,TGTGCTGTGAGAGCTTACTATGGGAACAACAGACTCGCTTTT,665,7,clonotype2416,clonotype2416_consensus_1
GCATGATAGGATATAC-1,True,GCATGATAGGATATAC-1_contig_2,True,521,TRB,TRBV20-1,None,TRBJ1-6,TRBC1,True,True,CSASRDNENSPLHF,TGCAGTGCTAGCCGGGACAACGAGAATTCACCCCTCCACTTT,4086,5,clonotype2416,clonotype2416_consensus_2
GCATGATAGTGTTTGC-1,True,GCATGATAGTGTTTGC-1_contig_1,True,505,TRA,TRAV1-2,None,TRAJ33,TRAC,True,True,CAATDSNYQLIW,TGTGCTGCGACTGATAGCAACTATCAGTTAATCTGG,430,3,clonotype1,clonotype1_consensus_2
GCATGATAGTGTTTGC-1,True,GCATGATAGTGTTTGC-1_contig_2,True,511,TRB,TRBV20-1,None,TRBJ2-1,TRBC2,True,True,CSARVGSEVNEQFF,TGCAGTGCTAGAGTGGGGTCGGAAGTCAATGAGCAGTTCTTC,1537,9,clonotype1,clonotype1_consensus_1
GCATGATAGTGTTTGC-1,True,GCATGATAGTGTTTGC-1_contig_3,True,457,TRA,TRAV10,None,TRAJ24,TRAC,True,False,None,None,155,1,clonotype1,None
GCATGATCAAACGCGA-1,True,GCATGATCAAACGCGA-1_contig_1,True,527,TRB,TRBV20-1,None,TRBJ2-7,TRBC2,True,True,CSALPKGTGLVGEQYF,TGCAGTGCCCTCCCAAAGGGTACAGGGCTTGTCGGGGAGCAGTACTTC,2913,10,clonotype2417,clonotype2417_consensus_1
GCATGATCAAACGCGA-1,True,GCATGATCAAACGCGA-1_contig_2,True,487,TRA,TRAV39,None,TRAJ54,TRAC,True,True,CAVDGIQGAQKLVF,TGTGCCGTGGACGGTATTCAGGGAGCCCAGAAGCTGGTATTT,272,2,clonotype2417,clonotype2417_consensus_2
GCATGATCAAACGCGA-1,True,GCATGATCAAACGCGA-1_contig_3,True,315,TRB,None,None,TRBJ1-5,TRBC1,False,False,None,None,1348,5,clonotype2417,None
GCATGATCAAACGTGG-1,True,GCATGATCAAACGTGG-1_contig_1,True,498,TRB,TRBV20-1,None,TRBJ2-1,TRBC2,True,True,CSARVGSEVNEQFF,TGCAGTGCTAGAGTGGGGTCGGAAGTCAATGAGCAGTTCTTC,1660,8,clonotype2,clonotype2_consensus_1
GCATGATCAAACGTGG-1,True,GCATGATCAAACGTGG-1_contig_2,True,482,TRA,TRAV10,None,TRAJ24,TRAC,True,False,None,None,3455,2,clonotype2,None
GCATGATCAATTGCTG-1,True,GCATGATCAATTGCTG-1_contig_1,True,505,TRA,TRAV1-2,None,TRAJ33,TRAC,True,True,CAATDSNYQLIW,TGTGCTGCGACTGATAGCAACTATCAGTTAATCTGG,296,3,clonotype1,clonotype1_consensus_2
GCATGATCAATTGCTG-1,True,GCATGATCAATTGCTG-1_contig_2,True,521,TRB,TRBV20-1,None,TRBJ2-1,TRBC2,True,True,CSARVGSEVNEQFF,TGCAGTGCTAGAGTGGGGTCGGAAGTCAATGAGCAGTTCTTC,611,6,clonotype1,clonotype1_consensus_1
GCATGATGTCCAAGTT-1,True,GCATGATGTCCAAGTT-1_contig_1,True,505,TRA,TRAV1-2,None,TRAJ33,TRAC,True,True,CAATDSNYQLIW,TGTGCTGCGACTGATAGCAACTATCAGTTAATCTGG,764,5,clonotype1,clonotype1_consensus_2
GCATGATGTCCAAGTT-1,True,GCATGATGTCCAAGTT-1_contig_2,True,521,TRB,TRBV20-1,None,TRBJ2-1,TRBC2,True,True,CSARVGSEVNEQFF,TGCAGTGCTAGAGTGGGGTCGGAAGTCAATGAGCAGTTCTTC,748,3,clonotype1,clonotype1_consensus_1
GCATGATTCCACGCAG-1,True,GCATGATTCCACGCAG-1_contig_1,True,521,TRB,TRBV20-1,None,TRBJ2-1,TRBC2,True,True,CSARVGSEVNEQFF,TGCAGTGCTAGAGTGGGGTCGGAAGTCAATGAGCAGTTCTTC,1253,7,clonotype2,clonotype2_consensus_1
GCATGATTCCACGCAG-1,True,GCATGATTCCACGCAG-1_contig_2,True,442,TRA,TRAV10,None,TRAJ24,TRAC,True,False,None,None,88,1,clonotype2,None
GCATGATTCCCGACTT-1,True,GCATGATTCCCGACTT-1_contig_1,True,505,TRA,TRAV1-2,None,TRAJ33,TRAC,True,True,CAATDSNYQLIW,TGTGCTGCGACTGATAGCAACTATCAGTTAATCTGG,836,4,clonotype1,clonotype1_consensus_2
GCATGATTCCCGACTT-1,True,GCATGATTCCCGACTT-1_contig_2,True,521,TRB,TRBV20-1,None,TRBJ2-1,TRBC2,True,True,CSARVGSEVNEQFF,TGCAGTGCTAGAGTGGGGTCGGAAGTCAATGAGCAGTTCTTC,909,7,clonotype1,clonotype1_consensus_1
GCATGATTCCCGACTT-1,True,GCATGATTCCCGACTT-1_contig_3,True,482,TRA,TRAV10,None,TRAJ24,TRAC,True,False,None,None,92,2,clonotype1,None
GCATGATTCCTTCAAT-1,True,GCATGATTCCTTCAAT-1_contig_1,True,505,TRA,TRAV1-2,None,TRAJ33,TRAC,True,True,CAATDSNYQLIW,TGTGCTGCGACTGATAGCAACTATCAGTTAATCTGG,1619,5,clonotype1,clonotype1_consensus_2
GCATGATTCCTTCAAT-1,True,GCATGATTCCTTCAAT-1_contig_2,True,521,TRB,TRBV20-1,None,TRBJ2-1,TRBC2,True,True,CSARVGSEVNEQFF,TGCAGTGCTAGAGTGGGGTCGGAAGTCAATGAGCAGTTCTTC,1868,11,clonotype1,clonotype1_consensus_1
GCATGATTCGCCGTGA-1,True,GCATGATTCGCCGTGA-1_contig_1,True,489,TRB,TRBV20-1,None,TRBJ1-4,TRBC1,True,True,CSARGRLNEKLFF,TGCAGTGCTAGGGGCAGGCTTAATGAAAAACTGTTTTTT,5347,16,clonotype2418,clonotype2418_consensus_2
GCATGATTCGCCGTGA-1,True,GCATGATTCGCCGTGA-1_contig_2,True,565,TRA,TRAV19,None,TRAJ23,TRAC,True,True,CALSTNNQGGKLIF,TGTGCTCTGAGTACGAATAACCAGGGAGGAAAGCTTATCTTC,2411,8,clonotype2418,clonotype2418_consensus_1
GCATGATTCTAAGCCA-1,True,GCATGATTCTAAGCCA-1_contig_1,True,527,TRB,TRBV20-1,None,TRBJ2-1,TRBC2,True,True,CSARDPTHSTPNEQFF,TGCAGTGCTAGAGATCCAACTCATTCTACTCCCAATGAGCAGTTCTTC,434,3,clonotype2419,clonotype2419_consensus_2
GCATGATTCTAAGCCA-1,True,GCATGATTCTAAGCCA-1_contig_2,True,564,TRA,TRAV8-4,None,TRAJ43,TRAC,True,True,CAVSEGNNDMRF,TGTGCTGTGAGTGAAGGCAACAATGACATGCGCTTT,615,4,clonotype2419,clonotype2419_consensus_1
GCATGCGAGACTACAA-1,True,GCATGCGAGACTACAA-1_contig_1,True,505,TRA,TRAV1-2,None,TRAJ33,TRAC,True,True,CAATDSNYQLIW,TGTGCTGCGACTGATAGCAACTATCAGTTAATCTGG,884,4,clonotype1,clonotype1_consensus_2
GCATGCGAGACTACAA-1,True,GCATGCGAGACTACAA-1_contig_2,True,498,TRB,TRBV20-1,None,TRBJ2-1,TRBC2,True,True,CSARVGSEVNEQFF,TGCAGTGCTAGAGTGGGGTCGGAAGTCAATGAGCAGTTCTTC,828,5,clonotype1,clonotype1_consensus_1
GCATGCGAGCTTTGGT-1,True,GCATGCGAGCTTTGGT-1_contig_1,True,498,TRB,TRBV20-1,None,TRBJ2-1,TRBC2,True,True,CSARVGSEVNEQFF,TGCAGTGCTAGAGTGGGGTCGGAAGTCAATGAGCAGTTCTTC,1814,6,clonotype2,clonotype2_consensus_1
GCATGCGAGGACAGCT-1,True,GCATGCGAGGACAGCT-1_contig_1,True,562,TRA,TRAV29/DV5,None,TRAJ43,TRAC,True,True,CAAKNNNDMRF,TGTGCAGCAAAAAATAACAATGACATGCGCTTT,1996,9,clonotype2420,clonotype2420_consensus_2
GCATGCGAGGACAGCT-1,True,GCATGCGAGGACAGCT-1_contig_2,True,562,TRB,TRBV5-5,None,TRBJ1-4,TRBC1,True,True,CASSLAPRNEKLFF,TGTGCCAGCAGCTTGGCACCCCGTAATGAAAAACTGTTTTTT,178,2,clonotype2420,clonotype2420_consensus_1
GCATGCGAGGACAGCT-1,True,GCATGCGAGGACAGCT-1_contig_3,True,512,TRA,None,None,TRAJ39,None,False,False,None,None,139,1,clonotype2420,None
GCATGCGAGGACAGCT-1,True,GCATGCGAGGACAGCT-1_contig_4,True,318,TRB,None,None,TRBJ1-3,TRBC1,False,False,None,None,991,5,clonotype2420,None
GCATGCGAGGAGCGTT-1,True,GCATGCGAGGAGCGTT-1_contig_1,True,505,TRA,TRAV1-2,None,TRAJ33,TRAC,True,True,CAATDSNYQLIW,TGTGCTGCGACTGATAGCAACTATCAGTTAATCTGG,828,4,clonotype1,clonotype1_consensus_2
GCATGCGAGGAGCGTT-1,True,GCATGCGAGGAGCGTT-1_contig_2,True,497,TRB,TRBV20-1,None,TRBJ2-1,TRBC2,True,True,CSARVGSEVNEQFF,TGCAGTGCTAGAGTGGGGTCGGAAGTCAATGAGCAGTTCTTC,358,4,clonotype1,clonotype1_consensus_1
GCATGCGAGGAGCGTT-1,True,GCATGCGAGGAGCGTT-1_contig_3,True,482,TRA,TRAV10,None,TRAJ24,TRAC,True,False,None,None,1097,3,clonotype1,None
GCATGCGAGGATATAC-1,True,GCATGCGAGGATATAC-1_contig_1,True,548,TRA,TRAV12-1,None,TRAJ31,TRAC,True,True,CVVRNNARLMF,TGTGTGGTCCGGAACAATGCCAGACTCATGTTT,246,2,clonotype2421,clonotype2421_consensus_2
GCATGCGAGGATATAC-1,True,GCATGCGAGGATATAC-1_contig_2,True,518,TRB,TRBV20-1,None,TRBJ1-4,TRBC1,True,True,CSGRGQLNEKLFF,TGCAGTGGCCGGGGACAACTCAATGAAAAACTGTTTTTT,926,4,clonotype2421,clonotype2421_consensus_1
GCATGCGAGGATATAC-1,True,GCATGCGAGGATATAC-1_contig_3,True,429,TRB,None,None,TRBJ2-6,TRBC2,False,False,None,None,910,4,clonotype2421,None
GCATGCGAGGCGTACA-1,True,GCATGCGAGGCGTACA-1_contig_1,True,475,TRA,TRAV4,None,TRAJ9,TRAC,True,True,CLVGDPNTGGFKTIF,TGCCTCGTGGGTGATCCTAATACTGGAGGCTTCAAAACTATCTTT,272,1,clonotype23,clonotype23_consensus_2
GCATGCGAGGCGTACA-1,True,GCATGCGAGGCGTACA-1_contig_2,True,518,TRB,TRBV20-1,None,TRBJ1-1,TRBC1,True,True,CSAGGRGSRTEAFF,TGCAGTGCTGGGGGGAGAGGGTCAAGGACTGAAGCTTTCTTT,3073,10,clonotype23,clonotype23_consensus_1
GCATGCGAGTATCTCG-1,True,GCATGCGAGTATCTCG-1_contig_1,True,521,TRB,TRBV20-1,None,TRBJ2-1,TRBC2,True,True,CSARVGSEVNEQFF,TGCAGTGCTAGAGTGGGGTCGGAAGTCAATGAGCAGTTCTTC,1340,6,clonotype2,clonotype2_consensus_1
GCATGCGAGTCAATAG-1,True,GCATGCGAGTCAATAG-1_contig_1,True,470,TRB,TRBV20-1,None,TRBJ1-5,TRBC1,True,True,CSASEVGDQPQHF,TGCAGTGCTAGTGAGGTCGGGGATCAGCCCCAGCATTTT,1916,9,clonotype2422,clonotype2422_consensus_2
GCATGCGAGTCAATAG-1,True,GCATGCGAGTCAATAG-1_contig_2,True,568,TRA,TRAV26-1,None,TRAJ30,TRAC,True,True,CIVRVMNDKIIF,TGCATCGTCAGAGTCATGAATGACAAGATCATCTTT,1062,5,clonotype2422,clonotype2422_consensus_1
GCATGCGAGTTCCACA-1,True,GCATGCGAGTTCCACA-1_contig_1,True,532,TRA,TRAV14/DV4,None,TRAJ53,TRAC,True,True,CAMREGDSGGSNYKLTF,TGTGCAATGAGAGAGGGCGATAGTGGAGGTAGCAACTATAAACTGACATTT,1299,6,clonotype2423,clonotype2423_consensus_1
GCATGCGAGTTCCACA-1,True,GCATGCGAGTTCCACA-1_contig_2,True,426,TRB,TRBV5-6,None,None,TRBC2,False,False,None,None,125,3,clonotype2423,None
GCATGCGCAGTCAGAG-1,True,GCATGCGCAGTCAGAG-1_contig_1,True,495,TRB,TRBV20-1,None,TRBJ2-1,TRBC2,True,True,CSARVGSEVNEQFF,TGCAGTGCTAGAGTGGGGTCGGAAGTCAATGAGCAGTTCTTC,945,5,clonotype2,clonotype2_consensus_1
GCATGCGCATCTACGA-1,True,GCATGCGCATCTACGA-1_contig_1,True,666,TRB,TRBV5-6,None,TRBJ2-3,TRBC2,True,True,CASSSPGGRGTQYF,TGTGCCAGCAGCTCGCCGGGAGGACGAGGTACGCAGTATTTT,4943,15,clonotype2424,clonotype2424_consensus_1
GCATGCGCATCTACGA-1,True,GCATGCGCATCTACGA-1_contig_2,True,448,TRA,TRAV4,None,TRAJ34,TRAC,True,False,CLVRDTDKLIF,TGCCTCGTGAGAGATACCGACAAGCTCATCTTT,686,2,clonotype2424,None
GCATGCGCATCTACGA-1,True,GCATGCGCATCTACGA-1_contig_3,True,468,TRB,TRBV27,None,TRBJ1-4,TRBC1,True,False,None,None,319,1,clonotype2424,None
GCATGCGCATTGGTAC-1,True,GCATGCGCATTGGTAC-1_contig_1,True,489,TRB,TRBV20-1,None,TRBJ1-2,TRBC1,True,True,CSAYIPTQGGGYTF,TGCAGTGCTTACATCCCGACCCAGGGAGGAGGCTACACCTTC,1377,3,clonotype2425,clonotype2425_consensus_2
GCATGCGCATTGGTAC-1,True,GCATGCGCATTGGTAC-1_contig_2,True,505,TRA,TRAV17,None,TRAJ27,TRAC,True,True,CATDITNAGKSTF,TGTGCTACGGACATCACCAATGCAGGCAAATCAACCTTT,462,1,clonotype2425,clonotype2425_consensus_1
GCATGCGCATTGGTAC-1,True,GCATGCGCATTGGTAC-1_contig_3,True,314,TRB,TRBV18,None,None,TRBC1,False,False,None,None,584,2,clonotype2425,None
GCATGCGGTAAATGTG-1,True,GCATGCGGTAAATGTG-1_contig_1,True,521,TRB,TRBV20-1,None,TRBJ2-1,TRBC2,True,True,CSARVGSEVNEQFF,TGCAGTGCTAGAGTGGGGTCGGAAGTCAATGAGCAGTTCTTC,1750,7,clonotype2,clonotype2_consensus_1
GCATGCGGTAAATGTG-1,True,GCATGCGGTAAATGTG-1_contig_2,True,467,TRA,TRAV10,None,TRAJ24,TRAC,True,False,None,None,373,1,clonotype2,None
GCATGCGGTATTACCG-1,True,GCATGCGGTATTACCG-1_contig_1,True,505,TRA,TRAV1-2,None,TRAJ33,TRAC,True,True,CAATDSNYQLIW,TGTGCTGCGACTGATAGCAACTATCAGTTAATCTGG,1024,8,clonotype1,clonotype1_consensus_2
GCATGCGGTATTACCG-1,True,GCATGCGGTATTACCG-1_contig_2,True,521,TRB,TRBV20-1,None,TRBJ2-1,TRBC2,True,True,CSARVGSEVNEQFF,TGCAGTGCTAGAGTGGGGTCGGAAGTCAATGAGCAGTTCTTC,2625,9,clonotype1,clonotype1_consensus_1
GCATGCGGTCATGCAT-1,True,GCATGCGGTCATGCAT-1_contig_1,True,495,TRB,TRBV20-1,None,TRBJ2-1,TRBC2,True,True,CSASEQFDREQFF,TGCAGTGCTAGTGAACAGTTCGACAGGGAGCAGTTCTTC,3368,10,clonotype2426,clonotype2426_consensus_2
GCATGCGGTCATGCAT-1,True,GCATGCGGTCATGCAT-1_contig_2,True,482,TRA,TRAV35,None,TRAJ57,TRAC,True,True,CAGHQGGSEKLVF,TGTGCTGGGCACCAGGGCGGATCTGAAAAGCTGGTCTTT,494,1,clonotype2426,clonotype2426_consensus_1
GCATGCGGTCATGCAT-1,True,GCATGCGGTCATGCAT-1_contig_3,True,543,TRA,TRAV12-2,None,TRAJ45,TRAC,True,False,CAVNTEVLTD,TGTGCCGTGAACACGGAGGTGCTGACGGAC,144,1,clonotype2426,None
GCATGCGGTCATGCAT-1,True,GCATGCGGTCATGCAT-1_contig_4,True,317,TRB,None,None,TRBJ1-2,TRBC1,False,False,None,None,1498,4,clonotype2426,None
GCATGCGGTTCGCTAA-1,True,GCATGCGGTTCGCTAA-1_contig_1,True,495,TRB,TRBV20-1,None,TRBJ2-1,TRBC2,True,True,CSARVPNYNEQFF,TGCAGTGCTAGAGTCCCTAACTACAATGAGCAGTTCTTC,1476,8,clonotype112,clonotype112_consensus_1
GCATGCGGTTCGCTAA-1,True,GCATGCGGTTCGCTAA-1_contig_2,True,487,TRA,TRAV36/DV7,None,TRAJ58,TRAC,True,True,CAASRETSGSRLTF,TGTGCTGCCTCAAGGGAAACCAGTGGCTCTAGGTTGACCTTT,645,4,clonotype112,clonotype112_consensus_2
GCATGCGGTTCGGGCT-1,True,GCATGCGGTTCGGGCT-1_contig_1,True,521,TRB,TRBV20-1,None,TRBJ2-1,TRBC2,True,True,CSARVGSEVNEQFF,TGCAGTGCTAGAGTGGGGTCGGAAGTCAATGAGCAGTTCTTC,367,3,clonotype2,clonotype2_consensus_1
GCATGCGGTTGGTGGA-1,True,GCATGCGGTTGGTGGA-1_contig_1,True,515,TRA,TRAV39,None,TRAJ48,TRAC,True,True,CAADPNFGNEKLTF,TGTGCCGCGGACCCTAACTTTGGAAATGAGAAATTAACCTTT,628,4,clonotype26,clonotype26_consensus_2
GCATGCGGTTGGTGGA-1,True,GCATGCGGTTGGTGGA-1_contig_2,True,522,TRB,TRBV5-6,None,TRBJ1-2,TRBC1,True,True,CASSSGRLNYGYTF,TGTGCCAGCAGCTCGGGACGGCTTAACTATGGCTACACCTTC,1849,7,clonotype26,clonotype26_consensus_1
GCATGCGTCAAACCAC-1,True,GCATGCGTCAAACCAC-1_contig_1,True,636,TRA,TRAV26-1,None,TRAJ23,TRAC,True,True,CIVRVDNQGGKLIF,TGCATCGTCAGAGTCGATAACCAGGGAGGAAAGCTTATCTTC,836,4,clonotype2427,clonotype2427_consensus_1
GCATGCGTCAAACCAC-1,True,GCATGCGTCAAACCAC-1_contig_2,True,489,TRB,TRBV20-1,None,TRBJ1-1,TRBC1,True,True,CNGMRASGTEAFF,TGCAACGGAATGAGGGCCTCGGGTACTGAAGCTTTCTTT,2862,8,clonotype2427,clonotype2427_consensus_2
GCATGCGTCAAACGGG-1,True,GCATGCGTCAAACGGG-1_contig_1,True,505,TRA,TRAV1-2,None,TRAJ33,TRAC,True,True,CAATDSNYQLIW,TGTGCTGCGACTGATAGCAACTATCAGTTAATCTGG,1012,4,clonotype1,clonotype1_consensus_2
GCATGCGTCAAACGGG-1,True,GCATGCGTCAAACGGG-1_contig_2,True,521,TRB,TRBV20-1,None,TRBJ2-1,TRBC2,True,True,CSARVGSEVNEQFF,TGCAGTGCTAGAGTGGGGTCGGAAGTCAATGAGCAGTTCTTC,1640,6,clonotype1,clonotype1_consensus_1
GCATGCGTCCAGAGGA-1,True,GCATGCGTCCAGAGGA-1_contig_1,True,436,TRA,TRAV13-1,None,TRAJ30,TRAC,True,True,CAGIMNRDDKIIF,TGTGCGGGTATCATGAACAGAGATGACAAGATCATCTTT,346,1,clonotype45,clonotype45_consensus_2
GCATGCGTCCAGAGGA-1,True,GCATGCGTCCAGAGGA-1_contig_2,True,490,TRB,TRBV5-6,None,TRBJ1-1,TRBC1,True,True,CASSFGTGNTEAFF,TGTGCCAGCAGCTTTGGGACAGGGAACACTGAAGCTTTCTTT,540,3,clonotype45,clonotype45_consensus_1
GCATGCGTCCAGAGGA-1,True,GCATGCGTCCAGAGGA-1_contig_3,True,329,TRB,None,None,TRBJ2-2P,TRBC2,False,False,None,None,436,2,clonotype45,None
GCATGCGTCCTTAATC-1,True,GCATGCGTCCTTAATC-1_contig_1,True,509,TRA,TRAV16,None,TRAJ40,TRAC,True,True,CALRTRGTYKYIF,TGTGCTCTAAGAACCAGGGGAACCTACAAATACATCTTT,1023,3,clonotype2428,clonotype2428_consensus_1
GCATGCGTCCTTAATC-1,True,GCATGCGTCCTTAATC-1_contig_2,True,679,TRB,TRBV5-5,None,TRBJ1-1,TRBC1,True,True,CASSLDSEAFF,TGTGCCAGCAGCCTGGACAGTGAAGCTTTCTTT,4357,15,clonotype2428,clonotype2428_consensus_2
GCATGTAAGCCACTAT-1,True,GCATGTAAGCCACTAT-1_contig_1,True,505,TRB,TRBV5-5,None,TRBJ1-4,TRBC1,True,True,CASSWGIYVATNEKLFF,TGTGCCAGCAGCTGGGGAATTTATGTTGCAACTAATGAAAAACTGTTTTTT,545,10,clonotype144,clonotype144_consensus_1
GCATGTAAGGACAGCT-1,True,GCATGTAAGGACAGCT-1_contig_1,True,505,TRA,TRAV1-2,None,TRAJ33,TRAC,True,True,CAATDSNYQLIW,TGTGCTGCGACTGATAGCAACTATCAGTTAATCTGG,235,2,clonotype1,clonotype1_consensus_2
GCATGTAAGGACAGCT-1,True,GCATGTAAGGACAGCT-1_contig_2,True,498,TRB,TRBV20-1,None,TRBJ2-1,TRBC2,True,True,CSARVGSEVNEQFF,TGCAGTGCTAGAGTGGGGTCGGAAGTCAATGAGCAGTTCTTC,1841,6,clonotype1,clonotype1_consensus_1
GCATGTAAGTGCAAGC-1,True,GCATGTAAGTGCAAGC-1_contig_1,True,502,TRA,TRAV20,None,TRAJ54,TRAC,True,True,CAVHQGAQKLVF,TGTGCTGTGCATCAGGGAGCCCAGAAGCTGGTATTT,2286,12,clonotype2429,clonotype2429_consensus_1
GCATGTAAGTGCAAGC-1,True,GCATGTAAGTGCAAGC-1_contig_2,True,485,TRB,TRBV5-5,None,TRBJ2-7,TRBC2,True,True,CASKTGQLSYEQYF,TGTGCCAGCAAAACGGGACAGCTGTCCTACGAGCAGTACTTC,367,3,clonotype2429,clonotype2429_consensus_2
GCATGTACATACGCTA-1,True,GCATGTACATACGCTA-1_contig_1,True,521,TRB,TRBV20-1,None,TRBJ1-1,TRBC1,True,True,CSARVGSPNTEAFF,TGCAGTGCTAGAGTGGGCAGCCCGAACACTGAAGCTTTCTTT,904,8,clonotype2430,clonotype2430_consensus_2
GCATGTACATACGCTA-1,True,GCATGTACATACGCTA-1_contig_2,True,544,TRA,TRAV12-2,None,TRAJ15,TRAC,True,True,CAVRNQAGTALIF,TGTGCCGTTCGCAACCAGGCAGGAACTGCTCTGATCTTT,942,4,clonotype2430,clonotype2430_consensus_1
GCATGTACATACGCTA-1,True,GCATGTACATACGCTA-1_contig_3,True,465,TRA,None,None,TRAJ5,TRAC,False,False,None,None,116,2,clonotype2430,None
GCATGTACATACGCTA-1,True,GCATGTACATACGCTA-1_contig_4,True,405,TRB,None,None,TRBJ2-5,TRBC2,False,False,None,None,491,3,clonotype2430,None
GCATGTACATCGGACC-1,True,GCATGTACATCGGACC-1_contig_1,True,505,TRA,TRAV1-2,None,TRAJ33,TRAC,True,True,CAATDSNYQLIW,TGTGCTGCGACTGATAGCAACTATCAGTTAATCTGG,382,2,clonotype1,clonotype1_consensus_2
GCATGTACATCGGACC-1,True,GCATGTACATCGGACC-1_contig_2,True,521,TRB,TRBV20-1,None,TRBJ2-1,TRBC2,True,True,CSARVGSEVNEQFF,TGCAGTGCTAGAGTGGGGTCGGAAGTCAATGAGCAGTTCTTC,1376,5,clonotype1,clonotype1_consensus_1
GCATGTACATGCATGT-1,True,GCATGTACATGCATGT-1_contig_1,True,515,TRB,TRBV20-1,None,TRBJ2-7,TRBC2,True,True,CSAPMGVDEQYF,TGCAGTGCCCCCATGGGGGTCGACGAGCAGTACTTC,1590,8,clonotype347,clonotype347_consensus_2
GCATGTACATGCATGT-1,True,GCATGTACATGCATGT-1_contig_2,True,514,TRA,TRAV23/DV6,None,TRAJ44,TRAC,True,True,CAASLFTGTASKLTF,TGTGCAGCAAGCCTCTTCACCGGCACTGCCAGTAAACTCACCTTT,436,1,clonotype347,clonotype347_consensus_1
GCATGTAGTAGATTAG-1,True,GCATGTAGTAGATTAG-1_contig_1,True,509,TRB,TRBV20-1,None,TRBJ1-2,TRBC1,True,True,CSARPYGYTF,TGCAGTGCTAGACCCTATGGCTACACCTTC,2468,12,clonotype2431,clonotype2431_consensus_2
GCATGTAGTAGATTAG-1,True,GCATGTAGTAGATTAG-1_contig_2,True,500,TRA,TRAV4,None,TRAJ6,TRAC,True,True,CLVGDNPTGGSYIPTF,TGCCTCGTGGGTGACAACCCAACAGGAGGAAGCTACATACCTACATTT,169,6,clonotype2431,clonotype2431_consensus_1
GCATGTAGTATCAGTC-1,True,GCATGTAGTATCAGTC-1_contig_1,True,501,TRA,TRAV12-3,None,TRAJ42,TRAC,True,True,CAMGYGGSQGNLIF,TGTGCAATGGGTTATGGAGGAAGCCAAGGAAATCTCATCTTT,395,2,clonotype2432,clonotype2432_consensus_1
GCATGTAGTCTGCCAG-1,True,GCATGTAGTCTGCCAG-1_contig_1,True,495,TRB,TRBV20-1,None,TRBJ2-5,TRBC2,True,True,CSAREPTGEETQYF,TGCAGTGCTAGAGAACCGACAGGAGAGGAGACCCAGTACTTC,1700,9,clonotype2433,clonotype2433_consensus_1
GCATGTAGTCTGCCAG-1,True,GCATGTAGTCTGCCAG-1_contig_2,True,576,TRA,TRAV19,None,TRAJ24,TRAC,True,True,CALSEGGPGSDSWGKLQF,TGTGCTCTGAGTGAGGGGGGGCCCGGGAGTGACAGCTGGGGGAAATTGCAGTTT,493,2,clonotype2433,clonotype2433_consensus_2
GCATGTAGTCTTGATG-1,True,GCATGTAGTCTTGATG-1_contig_1,True,505,TRA,TRAV1-2,None,TRAJ33,TRAC,True,True,CAATDSNYQLIW,TGTGCTGCGACTGATAGCAACTATCAGTTAATCTGG,173,2,clonotype1,clonotype1_consensus_2
GCATGTAGTCTTGATG-1,True,GCATGTAGTCTTGATG-1_contig_2,True,492,TRB,TRBV20-1,None,TRBJ2-1,TRBC2,True,True,CSARVGSEVNEQFF,TGCAGTGCTAGAGTGGGGTCGGAAGTCAATGAGCAGTTCTTC,3658,9,clonotype1,clonotype1_consensus_1
GCATGTAGTCTTGATG-1,True,GCATGTAGTCTTGATG-1_contig_3,True,455,TRA,TRAV10,None,TRAJ24,TRAC,True,False,None,None,164,2,clonotype1,None
GCATGTAGTGAGTATA-1,True,GCATGTAGTGAGTATA-1_contig_1,True,505,TRA,TRAV1-2,None,TRAJ33,TRAC,True,True,CAATDSNYQLIW,TGTGCTGCGACTGATAGCAACTATCAGTTAATCTGG,204,3,clonotype1,clonotype1_consensus_2
GCATGTAGTGAGTATA-1,True,GCATGTAGTGAGTATA-1_contig_2,True,521,TRB,TRBV20-1,None,TRBJ2-1,TRBC2,True,True,CSARVGSEVNEQFF,TGCAGTGCTAGAGTGGGGTCGGAAGTCAATGAGCAGTTCTTC,2828,15,clonotype1,clonotype1_consensus_1
GCATGTATCAAAGACA-1,True,GCATGTATCAAAGACA-1_contig_1,True,500,TRB,TRBV7-9,None,TRBJ2-7,TRBC2,True,True,CASSLVPSGYEQYF,TGTGCCAGCAGCTTGGTTCCCTCAGGCTACGAGCAGTACTTC,1107,4,clonotype2434,clonotype2434_consensus_1
GCATGTATCAAAGACA-1,True,GCATGTATCAAAGACA-1_contig_2,True,525,TRA,TRAV5,None,TRAJ8,TRAC,True,True,CAVPPPNTGFQKLVF,TGTGCAGTCCCGCCACCGAACACAGGCTTTCAGAAACTTGTATTT,604,4,clonotype2434,clonotype2434_consensus_2
GCATGTATCAAAGACA-1,True,GCATGTATCAAAGACA-1_contig_3,True,504,TRA,TRAV17,None,TRAJ11,None,True,False,CCLNSGYSTLTF,TGCTGCTTGAATTCAGGATACAGCACCCTCACCTTT,339,1,clonotype2434,None
GCATGTATCACGCGGT-1,True,GCATGTATCACGCGGT-1_contig_1,True,486,TRB,TRBV20-1,None,TRBJ2-1,TRBC2,True,True,CSARVGSEVNEQFF,TGCAGTGCTAGAGTGGGGTCGGAAGTCAATGAGCAGTTCTTC,1261,6,clonotype2,clonotype2_consensus_1
GCATGTATCAGGTTCA-1,True,GCATGTATCAGGTTCA-1_contig_1,True,527,TRB,TRBV20-1,None,TRBJ1-5,TRBC1,True,True,CSAIGQGAPSNQPQHF,TGCAGTGCTATCGGACAGGGGGCGCCGAGCAATCAGCCCCAGCATTTT,4788,6,clonotype12,clonotype12_consensus_1
GCATGTATCGGCGCAT-1,True,GCATGTATCGGCGCAT-1_contig_1,True,517,TRB,TRBV20-1,None,TRBJ2-5,TRBC2,True,True,CSARLVAGGPETQYF,TGCAGTGCCCGACTTGTGGCGGGGGGGCCTGAGACCCAGTACTTC,1087,7,clonotype154,clonotype154_consensus_1
GCATGTATCGGCGCAT-1,True,GCATGTATCGGCGCAT-1_contig_2,True,468,TRA,TRAV13-1,None,TRAJ45,TRAC,True,True,CAASKYSGGGADGLTF,TGTGCAGCAAGCAAATATTCAGGAGGAGGTGCTGACGGACTCACCTTT,353,3,clonotype154,clonotype154_consensus_2
GCATGTATCGGCGCTA-1,True,GCATGTATCGGCGCTA-1_contig_1,True,484,TRB,TRBV5-6,None,TRBJ1-2,TRBC1,True,True,CASSSLPGGYTF,TGTGCCAGCAGCTCCCTCCCGGGTGGCTACACCTTC,1417,8,clonotype55,clonotype55_consensus_1
GCATGTATCGGCGCTA-1,True,GCATGTATCGGCGCTA-1_contig_2,True,465,TRA,TRAV13-1,None,TRAJ8,TRAC,True,True,CAARWMNTGFQKLVF,TGTGCAGCAAGGTGGATGAACACAGGCTTTCAGAAACTTGTATTT,492,5,clonotype55,clonotype55_consensus_2
GCATGTATCGGCGCTA-1,True,GCATGTATCGGCGCTA-1_contig_3,True,433,TRB,None,None,TRBJ1-5,None,False,False,None,None,126,1,clonotype55,None
GCCAAATAGAAAGTGG-1,True,GCCAAATAGAAAGTGG-1_contig_1,True,486,TRB,TRBV20-1,None,TRBJ1-2,TRBC1,True,True,CSARPSGSGYTF,TGCAGTGCTAGACCCTCAGGGAGCGGCTACACCTTC,2221,5,clonotype2435,clonotype2435_consensus_1
GCCAAATAGAAAGTGG-1,True,GCCAAATAGAAAGTGG-1_contig_2,True,505,TRA,TRAV20,None,TRAJ29,TRAC,True,True,CAVQPSGNTPLVF,TGTGCTGTGCAGCCTTCAGGAAACACACCTCTTGTCTTT,4929,9,clonotype2435,clonotype2435_consensus_2
GCCAAATAGAAAGTGG-1,True,GCCAAATAGAAAGTGG-1_contig_3,True,384,TRB,None,None,TRBJ1-5,TRBC1,False,False,None,None,483,4,clonotype2435,None
GCCAAATAGGGAGTAA-1,True,GCCAAATAGGGAGTAA-1_contig_1,True,505,TRA,TRAV1-2,None,TRAJ33,TRAC,True,True,CAATDSNYQLIW,TGTGCTGCGACTGATAGCAACTATCAGTTAATCTGG,1583,4,clonotype1,clonotype1_consensus_2
GCCAAATAGGGAGTAA-1,True,GCCAAATAGGGAGTAA-1_contig_2,True,521,TRB,TRBV20-1,None,TRBJ2-1,TRBC2,True,True,CSARVGSEVNEQFF,TGCAGTGCTAGAGTGGGGTCGGAAGTCAATGAGCAGTTCTTC,5542,9,clonotype1,clonotype1_consensus_1
GCCAAATAGTAGGTGC-1,True,GCCAAATAGTAGGTGC-1_contig_1,True,502,TRA,TRAV1-2,None,TRAJ30,TRAC,True,True,CAVRDLREIIF,TGTGCTGTGAGAGATCTTCGGGAGATCATCTTT,134,2,clonotype3,clonotype3_consensus_2
GCCAAATAGTAGGTGC-1,True,GCCAAATAGTAGGTGC-1_contig_2,True,521,TRB,TRBV5-5,None,TRBJ1-4,TRBC1,True,True,CASSHPGPNYATNEKLFF,TGTGCCAGCAGCCATCCCGGACCGAACTACGCAACTAATGAAAAACTGTTTTTT,1028,6,clonotype3,clonotype3_consensus_1
GCCAAATAGTAGGTGC-1,True,GCCAAATAGTAGGTGC-1_contig_3,True,421,TRB,TRBV7-3,None,TRBJ2-1,TRBC2,True,False,CQQRSLKAGGPYNEQFF,TGCCAGCAGCGGTCACTTAAAGCGGGGGGACCCTACAATGAGCAGTTCTTC,539,3,clonotype3,None
GCCAAATAGTTAACGA-1,True,GCCAAATAGTTAACGA-1_contig_1,True,493,TRB,TRBV5-6,None,TRBJ1-5,TRBC1,True,True,CASSLGWGSNQPQHF,TGTGCCAGCAGCTTGGGTTGGGGGTCCAATCAGCCCCAGCATTTT,1175,8,clonotype2436,clonotype2436_consensus_1
GCCAAATAGTTAACGA-1,True,GCCAAATAGTTAACGA-1_contig_2,True,583,TRB,TRBV21-1,None,TRBJ2-6,TRBC2,True,False,CASSNNDREPSGANVLTF,TGTGCCAGCAGCAATAACGACAGGGAACCCTCTGGGGCCAACGTCCTGACTTTC,1937,12,clonotype2436,None
GCCAAATAGTTGAGTA-1,True,GCCAAATAGTTGAGTA-1_contig_1,True,505,TRA,TRAV1-2,None,TRAJ33,TRAC,True,True,CAATDSNYQLIW,TGTGCTGCGACTGATAGCAACTATCAGTTAATCTGG,3934,9,clonotype1,clonotype1_consensus_2
GCCAAATAGTTGAGTA-1,True,GCCAAATAGTTGAGTA-1_contig_2,True,498,TRB,TRBV20-1,None,TRBJ2-1,TRBC2,True,True,CSARVGSEVNEQFF,TGCAGTGCTAGAGTGGGGTCGGAAGTCAATGAGCAGTTCTTC,6166,15,clonotype1,clonotype1_consensus_1
GCCAAATCAAGCGATG-1,True,GCCAAATCAAGCGATG-1_contig_1,True,505,TRA,TRAV1-2,None,TRAJ33,TRAC,True,True,CAATDSNYQLIW,TGTGCTGCGACTGATAGCAACTATCAGTTAATCTGG,385,1,clonotype1,clonotype1_consensus_2
GCCAAATCAAGCGATG-1,True,GCCAAATCAAGCGATG-1_contig_2,True,521,TRB,TRBV20-1,None,TRBJ2-1,TRBC2,True,True,CSARVGSEVNEQFF,TGCAGTGCTAGAGTGGGGTCGGAAGTCAATGAGCAGTTCTTC,2407,9,clonotype1,clonotype1_consensus_1
GCCAAATCAAGCGATG-1,True,GCCAAATCAAGCGATG-1_contig_3,True,459,TRA,TRAV10,None,TRAJ24,TRAC,True,False,None,None,113,1,clonotype1,None
GCCAAATCACAAGACG-1,True,GCCAAATCACAAGACG-1_contig_1,True,498,TRB,TRBV20-1,None,TRBJ2-1,TRBC2,True,True,CSARVGSEVNEQFF,TGCAGTGCTAGAGTGGGGTCGGAAGTCAATGAGCAGTTCTTC,1241,9,clonotype2,clonotype2_consensus_1
GCCAAATCACCATGTA-1,True,GCCAAATCACCATGTA-1_contig_1,True,505,TRA,TRAV1-2,None,TRAJ33,TRAC,True,True,CAATDSNYQLIW,TGTGCTGCGACTGATAGCAACTATCAGTTAATCTGG,2966,8,clonotype1,clonotype1_consensus_2
GCCAAATCACCATGTA-1,True,GCCAAATCACCATGTA-1_contig_2,True,520,TRB,TRBV20-1,None,TRBJ2-1,TRBC2,True,True,CSARVGSEVNEQFF,TGCAGTGCTAGAGTGGGGTCGGAAGTCAATGAGCAGTTCTTC,3136,6,clonotype1,clonotype1_consensus_1
GCCAAATCACCATGTA-1,True,GCCAAATCACCATGTA-1_contig_3,True,468,TRA,TRAV10,None,TRAJ24,TRAC,True,False,None,None,987,2,clonotype1,None
GCCAAATCATCGTCGG-1,True,GCCAAATCATCGTCGG-1_contig_1,True,524,TRB,TRBV20-1,None,TRBJ2-7,TRBC2,True,True,CSARDPRGVSYEQYF,TGCAGTGCTAGAGATCCGAGGGGGGTTTCCTACGAGCAGTACTTC,1925,5,clonotype2437,clonotype2437_consensus_1
GCCAAATCATCGTCGG-1,True,GCCAAATCATCGTCGG-1_contig_2,True,451,TRA,TRAV9-2,None,TRAJ47,TRAC,True,True,CALSLLMEYGNKLVF,TGTGCTCTGAGTCTATTGATGGAATATGGAAACAAACTGGTCTTT,562,3,clonotype2437,clonotype2437_consensus_2
GCCAAATCATCGTCGG-1,True,GCCAAATCATCGTCGG-1_contig_3,True,334,TRB,TRBV21-1,None,TRBJ1-5,TRBC1,True,False,CQQRRGQGYNQPQHF,TGCCAGCAGCGTAGGGGACAGGGGTACAATCAGCCCCAGCATTTT,280,1,clonotype2437,None
GCCAAATCATGTTGAC-1,True,GCCAAATCATGTTGAC-1_contig_1,True,518,TRB,TRBV20-1,None,TRBJ2-3,TRBC2,True,True,CSANSGNADTQYF,TGCAGTGCCAACTCCGGAAACGCAGATACGCAGTATTTT,3237,7,clonotype2438,clonotype2438_consensus_2
GCCAAATCATGTTGAC-1,True,GCCAAATCATGTTGAC-1_contig_2,True,574,TRA,TRAV19,None,TRAJ52,TRAC,True,True,CALSEGAGGTSYGKLTF,TGTGCTCTGAGTGAGGGGGCTGGTGGTACTAGCTATGGAAAGCTGACATTT,671,3,clonotype2438,clonotype2438_consensus_1
GCCAAATGTAACGTTC-1,True,GCCAAATGTAACGTTC-1_contig_1,True,505,TRA,TRAV1-2,None,TRAJ33,TRAC,True,True,CAATDSNYQLIW,TGTGCTGCGACTGATAGCAACTATCAGTTAATCTGG,13180,9,clonotype1,clonotype1_consensus_2
GCCAAATGTAACGTTC-1,True,GCCAAATGTAACGTTC-1_contig_2,True,521,TRB,TRBV20-1,None,TRBJ2-1,TRBC2,True,True,CSARVGSEVNEQFF,TGCAGTGCTAGAGTGGGGTCGGAAGTCAATGAGCAGTTCTTC,2586,19,clonotype1,clonotype1_consensus_1
GCCAAATGTAACGTTC-1,True,GCCAAATGTAACGTTC-1_contig_3,True,482,TRA,TRAV10,None,TRAJ24,TRAC,True,False,None,None,272,6,clonotype1,None
GCCAAATTCAGAGACG-1,True,GCCAAATTCAGAGACG-1_contig_1,True,574,TRA,TRAV8-1,None,TRAJ28,TRAC,True,True,CAVNSGAGSYQLTF,TGTGCCGTTAACTCTGGGGCTGGGAGTTACCAACTCACTTTC,305,5,clonotype33,clonotype33_consensus_2
GCCAAATTCAGAGACG-1,True,GCCAAATTCAGAGACG-1_contig_2,True,521,TRB,TRBV20-1,None,TRBJ1-2,TRBC1,True,True,CSASVPSVLIGYTF,TGCAGTGCTAGTGTTCCTAGTGTCTTAATTGGCTACACCTTC,5090,13,clonotype33,clonotype33_consensus_1
GCCAAATTCAGAGACG-1,True,GCCAAATTCAGAGACG-1_contig_3,True,478,TRA,TRAV20,None,TRAJ45,TRAC,True,False,None,None,1072,8,clonotype33,None
GCCAAATTCAGTCAGT-1,True,GCCAAATTCAGTCAGT-1_contig_1,True,512,TRA,TRAV13-2,None,TRAJ5,TRAC,True,True,CAENMDTGRRALTF,TGTGCAGAGAACATGGACACGGGCAGGAGAGCACTTACTTTT,524,5,clonotype2439,clonotype2439_consensus_2
GCCAAATTCAGTCAGT-1,True,GCCAAATTCAGTCAGT-1_contig_2,True,507,TRB,TRBV20-1,None,TRBJ1-1,TRBC1,True,True,CSARDIGQGTMNTEAFF,TGCAGTGCTAGAGATATCGGACAGGGGACCATGAACACTGAAGCTTTCTTT,2857,9,clonotype2439,clonotype2439_consensus_1
GCCAAATTCATGTCTT-1,True,GCCAAATTCATGTCTT-1_contig_1,True,521,TRB,TRBV20-1,None,TRBJ2-1,TRBC2,True,True,CSARVGSEVNEQFF,TGCAGTGCTAGAGTGGGGTCGGAAGTCAATGAGCAGTTCTTC,3377,7,clonotype2,clonotype2_consensus_1
GCCAAATTCCATGCTC-1,True,GCCAAATTCCATGCTC-1_contig_1,True,521,TRB,TRBV20-1,None,TRBJ1-1,TRBC1,True,True,CSAREGGKDTEAFF,TGCAGTGCTAGGGAGGGGGGTAAGGACACTGAAGCTTTCTTT,764,5,clonotype93,clonotype93_consensus_1
GCCAAATTCCATGCTC-1,True,GCCAAATTCCATGCTC-1_contig_2,True,532,TRA,TRAV12-2,None,TRAJ49,TRAC,True,False,None,None,123,3,clonotype93,None
GCCAAATTCGACCAGC-1,True,GCCAAATTCGACCAGC-1_contig_1,True,571,TRA,TRAV29/DV5,None,TRAJ13,TRAC,True,True,CAARVRGGYQKVTF,TGTGCAGCAAGGGTGAGGGGGGGTTACCAGAAAGTTACCTTT,379,4,clonotype348,clonotype348_consensus_2
GCCAAATTCGACCAGC-1,True,GCCAAATTCGACCAGC-1_contig_2,True,498,TRB,TRBV20-1,None,TRBJ1-1,TRBC1,True,True,CSVPGGGIKTEAFF,TGCAGTGTCCCGGGGGGAGGGATTAAGACTGAAGCTTTCTTT,2170,8,clonotype348,clonotype348_consensus_1
GCCAAATTCTGTCCGT-1,True,GCCAAATTCTGTCCGT-1_contig_1,True,481,TRA,TRAV10,None,TRAJ40,TRAC,True,True,CVVTFVSGTYKYIF,TGTGTGGTGACCTTCGTATCAGGAACCTACAAATACATCTTT,988,5,clonotype2440,clonotype2440_consensus_1
GCCAAATTCTGTCCGT-1,True,GCCAAATTCTGTCCGT-1_contig_2,True,524,TRB,TRBV20-1,None,TRBJ2-3,TRBC2,True,True,CSAPTSGGGTDTQYF,TGCAGTGCACCTACTAGCGGGGGAGGTACAGATACGCAGTATTTT,1090,8,clonotype2440,clonotype2440_consensus_2
GCCAAATTCTGTCCGT-1,True,GCCAAATTCTGTCCGT-1_contig_3,True,496,TRB,TRBV24-1,None,TRBJ2-1,TRBC2,True,False,CQGPGLAGLSSYNEQFF,TGCCAGGGTCCGGGACTAGCGGGCCTTAGCTCCTACAATGAGCAGTTCTTC,107,1,clonotype2440,None
GCCTCTAAGCGTGTCC-1,True,GCCTCTAAGCGTGTCC-1_contig_1,True,485,TRA,TRAV12-1,None,TRAJ31,TRAC,True,True,CVLRTNARLMF,TGTGTCCTCCGAACCAATGCCAGACTCATGTTT,652,5,clonotype2441,clonotype2441_consensus_2
GCCTCTAAGCGTGTCC-1,True,GCCTCTAAGCGTGTCC-1_contig_2,True,521,TRB,TRBV20-1,None,TRBJ1-1,TRBC1,True,True,CSARREGMNTEAFF,TGCAGTGCTAGGAGGGAAGGGATGAACACTGAAGCTTTCTTT,954,5,clonotype2441,clonotype2441_consensus_3
GCCTCTAAGCGTGTCC-1,True,GCCTCTAAGCGTGTCC-1_contig_3,True,522,TRB,TRBV5-6,None,TRBJ2-1,TRBC2,True,True,CASSFGDSRVGEQFF,TGTGCCAGCAGCTTCGGGGACAGTCGGGTGGGTGAGCAGTTCTTC,2740,11,clonotype2441,clonotype2441_consensus_1
GCCTCTAAGGCCCTCA-1,True,GCCTCTAAGGCCCTCA-1_contig_1,True,509,TRA,TRAV25,None,TRAJ53,TRAC,True,True,CAGRSGGSNYKLTF,TGTGCAGGGAGAAGTGGAGGTAGCAACTATAAACTGACATTT,372,14,clonotype9,clonotype9_consensus_2
GCCTCTAAGGCCCTCA-1,True,GCCTCTAAGGCCCTCA-1_contig_2,True,527,TRB,TRBV20-1,None,TRBJ1-5,TRBC1,True,True,CSAIGQGAPSNQPQHF,TGCAGTGCTATCGGACAGGGGGCGCCGAGCAATCAGCCCCAGCATTTT,3268,14,clonotype9,clonotype9_consensus_1
GCCTCTAAGGCCCTCA-1,True,GCCTCTAAGGCCCTCA-1_contig_3,True,301,TRB,None,None,TRBJ2-7,TRBC2,False,False,None,None,195,2,clonotype9,None
GCCTCTAAGGCCCTCA-1,True,GCCTCTAAGGCCCTCA-1_contig_4,True,508,TRB,TRBV7-2,None,TRBJ2-3,TRBC2,True,False,None,None,103,3,clonotype9,None
GCCTCTAAGTAGCGGT-1,True,GCCTCTAAGTAGCGGT-1_contig_1,True,524,TRB,TRBV20-1,None,TRBJ2-1,TRBC2,True,True,CSAKSGQGNYNEQFF,TGCAGTGCTAAGTCAGGACAGGGGAATTACAATGAGCAGTTCTTC,1021,8,clonotype2442,clonotype2442_consensus_1
GCCTCTAAGTAGCGGT-1,True,GCCTCTAAGTAGCGGT-1_contig_2,True,309,TRA,None,None,TRAJ49,TRAC,False,False,None,None,584,6,clonotype2442,None
GCCTCTACACTTACGA-1,True,GCCTCTACACTTACGA-1_contig_1,True,484,TRA,TRAV1-1,None,TRAJ40,TRAC,True,True,CAVSGTYKYIF,TGCGCTGTGTCAGGAACCTACAAATACATCTTT,581,4,clonotype2443,clonotype2443_consensus_1
GCCTCTACACTTACGA-1,True,GCCTCTACACTTACGA-1_contig_2,True,659,TRB,TRBV5-6,None,TRBJ1-2,TRBC1,True,True,CASSPGTGSYGYTF,TGTGCCAGCAGTCCCGGGACAGGATCCTATGGCTACACCTTC,5883,25,clonotype2443,clonotype2443_consensus_2
GCCTCTACAGGGTTAG-1,True,GCCTCTACAGGGTTAG-1_contig_1,True,505,TRA,TRAV1-2,None,TRAJ33,TRAC,True,True,CAATDSNYQLIW,TGTGCTGCGACTGATAGCAACTATCAGTTAATCTGG,495,1,clonotype1,clonotype1_consensus_2
GCCTCTACAGGGTTAG-1,True,GCCTCTACAGGGTTAG-1_contig_2,True,521,TRB,TRBV20-1,None,TRBJ2-1,TRBC2,True,True,CSARVGSEVNEQFF,TGCAGTGCTAGAGTGGGGTCGGAAGTCAATGAGCAGTTCTTC,2260,11,clonotype1,clonotype1_consensus_1
GCCTCTACAGGGTTAG-1,True,GCCTCTACAGGGTTAG-1_contig_3,True,482,TRA,TRAV10,None,TRAJ24,TRAC,True,False,None,None,602,5,clonotype1,None
GCCTCTACATTCTCAT-1,True,GCCTCTACATTCTCAT-1_contig_1,True,555,TRA,TRAV5,None,TRAJ11,TRAC,True,True,CAEPLTGYSTLTF,TGTGCAGAGCCTTTAACAGGATACAGCACCCTCACCTTT,264,3,clonotype2444,clonotype2444_consensus_2
GCCTCTACATTCTCAT-1,True,GCCTCTACATTCTCAT-1_contig_2,True,512,TRB,TRBV20-1,None,TRBJ1-1,TRBC1,True,True,CSAFHYTEAFF,TGCAGTGCTTTTCATTACACTGAAGCTTTCTTT,1443,9,clonotype2444,clonotype2444_consensus_1
GCCTCTACATTCTCAT-1,True,GCCTCTACATTCTCAT-1_contig_3,True,487,TRA,TRAV12-1,None,TRAJ4,TRAC,True,False,CGVRGGYNKLIF,TGTGGAGTAAGGGGTGGCTACAATAAGCTGATTTTT,204,1,clonotype2444,None
GCCTCTACATTCTCAT-1,True,GCCTCTACATTCTCAT-1_contig_4,True,373,TRA,None,None,TRAJ10,TRAC,False,False,None,None,343,2,clonotype2444,None
GCCTCTAGTCGAATCT-1,True,GCCTCTAGTCGAATCT-1_contig_1,True,505,TRA,TRAV1-2,None,TRAJ33,TRAC,True,True,CAATDSNYQLIW,TGTGCTGCGACTGATAGCAACTATCAGTTAATCTGG,604,4,clonotype1,clonotype1_consensus_2
GCCTCTAGTCGAATCT-1,True,GCCTCTAGTCGAATCT-1_contig_2,True,521,TRB,TRBV20-1,None,TRBJ2-1,TRBC2,True,True,CSARVGSEVNEQFF,TGCAGTGCTAGAGTGGGGTCGGAAGTCAATGAGCAGTTCTTC,3105,10,clonotype1,clonotype1_consensus_1
GCCTCTAGTCGAATCT-1,True,GCCTCTAGTCGAATCT-1_contig_3,True,456,TRA,TRAV10,None,TRAJ24,TRAC,True,False,None,None,89,2,clonotype1,None
GCCTCTAGTCTCCATC-1,True,GCCTCTAGTCTCCATC-1_contig_1,True,505,TRA,TRAV1-2,None,TRAJ33,TRAC,True,True,CAATDSNYQLIW,TGTGCTGCGACTGATAGCAACTATCAGTTAATCTGG,319,4,clonotype1,clonotype1_consensus_2
GCCTCTAGTCTCCATC-1,True,GCCTCTAGTCTCCATC-1_contig_2,True,483,TRB,TRBV20-1,None,TRBJ2-1,TRBC2,True,True,CSARVGSEVNEQFF,TGCAGTGCTAGAGTGGGGTCGGAAGTCAATGAGCAGTTCTTC,694,5,clonotype1,clonotype1_consensus_1
GCCTCTAGTCTCCATC-1,True,GCCTCTAGTCTCCATC-1_contig_3,True,470,TRA,TRAV10,None,TRAJ24,TRAC,True,False,None,None,255,3,clonotype1,None
GCCTCTAGTTTGACTG-1,True,GCCTCTAGTTTGACTG-1_contig_1,True,505,TRA,TRAV1-2,None,TRAJ33,TRAC,True,True,CAATDSNYQLIW,TGTGCTGCGACTGATAGCAACTATCAGTTAATCTGG,1246,8,clonotype1,clonotype1_consensus_2
GCCTCTAGTTTGACTG-1,True,GCCTCTAGTTTGACTG-1_contig_2,True,521,TRB,TRBV20-1,None,TRBJ2-1,TRBC2,True,True,CSARVGSEVNEQFF,TGCAGTGCTAGAGTGGGGTCGGAAGTCAATGAGCAGTTCTTC,2438,13,clonotype1,clonotype1_consensus_1
GCCTCTATCAGTTAGC-1,True,GCCTCTATCAGTTAGC-1_contig_1,True,524,TRA,TRAV5,None,TRAJ31,TRAC,True,True,CAESLNNNARLMF,TGTGCAGAGAGTCTGAATAACAATGCCAGACTCATGTTT,455,5,clonotype2445,clonotype2445_consensus_1
GCCTCTATCAGTTAGC-1,True,GCCTCTATCAGTTAGC-1_contig_2,True,498,TRB,TRBV20-1,None,TRBJ2-1,TRBC2,True,True,CSAMVAGGRNEQFF,TGCAGTGCTATGGTAGCGGGGGGGCGGAATGAGCAGTTCTTC,1237,10,clonotype2445,clonotype2445_consensus_2
GCCTCTATCCTCATTA-1,True,GCCTCTATCCTCATTA-1_contig_1,True,583,TRA,TRAV26-1,None,TRAJ20,TRAC,True,True,CIVSNDYKLSF,TGCATCGTCTCCAACGACTACAAGCTCAGCTTT,260,6,clonotype2446,clonotype2446_consensus_2
GCCTCTATCCTCATTA-1,True,GCCTCTATCCTCATTA-1_contig_2,True,664,TRB,TRBV5-6,None,TRBJ2-1,TRBC2,True,True,CASSFGAGGPWNEQFF,TGTGCCAGCAGCTTTGGGGCGGGGGGGCCGTGGAATGAGCAGTTCTTC,903,5,clonotype2446,clonotype2446_consensus_1
GCCTCTATCTACCAGA-1,True,GCCTCTATCTACCAGA-1_contig_1,True,505,TRA,TRAV1-2,None,TRAJ33,TRAC,True,True,CAATDSNYQLIW,TGTGCTGCGACTGATAGCAACTATCAGTTAATCTGG,601,6,clonotype1,clonotype1_consensus_2
GCCTCTATCTACCAGA-1,True,GCCTCTATCTACCAGA-1_contig_2,True,521,TRB,TRBV20-1,None,TRBJ2-1,TRBC2,True,True,CSARVGSEVNEQFF,TGCAGTGCTAGAGTGGGGTCGGAAGTCAATGAGCAGTTCTTC,1016,10,clonotype1,clonotype1_consensus_1
GCCTCTATCTCGCTTG-1,True,GCCTCTATCTCGCTTG-1_contig_1,True,505,TRA,TRAV1-2,None,TRAJ33,TRAC,True,True,CAATDSNYQLIW,TGTGCTGCGACTGATAGCAACTATCAGTTAATCTGG,896,2,clonotype1,clonotype1_consensus_2
GCCTCTATCTCGCTTG-1,True,GCCTCTATCTCGCTTG-1_contig_2,True,521,TRB,TRBV20-1,None,TRBJ2-1,TRBC2,True,True,CSARVGSEVNEQFF,TGCAGTGCTAGAGTGGGGTCGGAAGTCAATGAGCAGTTCTTC,768,8,clonotype1,clonotype1_consensus_1
GCCTCTATCTCGCTTG-1,True,GCCTCTATCTCGCTTG-1_contig_3,True,457,TRA,TRAV10,None,TRAJ24,TRAC,True,False,None,None,67,2,clonotype1,None
GCCTCTATCTGTCCGT-1,True,GCCTCTATCTGTCCGT-1_contig_1,True,521,TRB,TRBV20-1,None,TRBJ2-1,TRBC2,True,True,CSARVGSEVNEQFF,TGCAGTGCTAGAGTGGGGTCGGAAGTCAATGAGCAGTTCTTC,1177,11,clonotype2,clonotype2_consensus_1
GCCTCTATCTGTCCGT-1,True,GCCTCTATCTGTCCGT-1_contig_2,True,458,TRA,TRAV10,None,TRAJ24,TRAC,True,False,None,None,406,3,clonotype2,None
GCGACCAAGAACTGTA-1,True,GCGACCAAGAACTGTA-1_contig_1,True,491,TRB,TRBV20-1,None,TRBJ1-5,TRBC1,True,True,CSAREARGLDNQPQHF,TGCAGTGCTAGAGAGGCGAGGGGGCTGGACAATCAGCCCCAGCATTTT,108,7,clonotype2447,clonotype2447_consensus_1
GCGACCAAGAACTGTA-1,True,GCGACCAAGAACTGTA-1_contig_2,True,502,TRA,TRAV20,None,TRAJ22,TRAC,True,True,CARGGSARQLTF,TGTGCTAGGGGTGGTTCTGCAAGGCAACTGACCTTT,4573,1,clonotype2447,clonotype2447_consensus_2
GCGACCAAGAACTGTA-1,True,GCGACCAAGAACTGTA-1_contig_3,True,520,TRA,TRAV27,None,TRAJ48,TRAC,True,False,None,None,475,2,clonotype2447,None
GCGACCAAGACAGACC-1,True,GCGACCAAGACAGACC-1_contig_1,True,505,TRA,TRAV1-2,None,TRAJ33,TRAC,True,True,CAATDSNYQLIW,TGTGCTGCGACTGATAGCAACTATCAGTTAATCTGG,1068,4,clonotype1,clonotype1_consensus_2
GCGACCAAGACAGACC-1,True,GCGACCAAGACAGACC-1_contig_2,True,521,TRB,TRBV20-1,None,TRBJ2-1,TRBC2,True,True,CSARVGSEVNEQFF,TGCAGTGCTAGAGTGGGGTCGGAAGTCAATGAGCAGTTCTTC,2103,9,clonotype1,clonotype1_consensus_1
GCGACCAAGACAGACC-1,True,GCGACCAAGACAGACC-1_contig_3,True,482,TRA,TRAV10,None,TRAJ24,TRAC,True,False,None,None,652,2,clonotype1,None
GCGACCAAGCAGACTG-1,True,GCGACCAAGCAGACTG-1_contig_1,True,492,TRB,TRBV20-1,None,TRBJ2-7,TRBC2,True,True,CSARDRVYEQYF,TGCAGTGCTAGAGACAGGGTTTACGAGCAGTACTTC,3593,12,clonotype2448,clonotype2448_consensus_2
GCGACCAAGCAGACTG-1,True,GCGACCAAGCAGACTG-1_contig_2,True,513,TRB,TRBV12-4,None,TRBJ1-2,TRBC1,True,True,CASSLSPNRGLNYGYTF,TGTGCCAGCAGTTTAAGTCCCAACAGGGGGTTGAACTATGGCTACACCTTC,2356,6,clonotype2448,clonotype2448_consensus_1
GCGACCAAGCAGACTG-1,True,GCGACCAAGCAGACTG-1_contig_3,True,626,TRA,TRAV12-1,None,TRAJ23,TRAC,True,True,CVVIIQGGKLIF,TGTGTGGTGATCATCCAGGGAGGAAAGCTTATCTTC,1531,5,clonotype2448,clonotype2448_consensus_3
GCGACCAAGGACTGGT-1,True,GCGACCAAGGACTGGT-1_contig_1,True,505,TRA,TRAV1-2,None,TRAJ33,TRAC,True,True,CAATDSNYQLIW,TGTGCTGCGACTGATAGCAACTATCAGTTAATCTGG,227,1,clonotype1,clonotype1_consensus_2
GCGACCAAGGACTGGT-1,True,GCGACCAAGGACTGGT-1_contig_2,True,496,TRB,TRBV20-1,None,TRBJ2-1,TRBC2,True,True,CSARVGSEVNEQFF,TGCAGTGCTAGAGTGGGGTCGGAAGTCAATGAGCAGTTCTTC,862,5,clonotype1,clonotype1_consensus_1
GCGACCAAGGACTGGT-1,True,GCGACCAAGGACTGGT-1_contig_3,True,472,TRA,TRAV10,None,TRAJ24,TRAC,True,False,None,None,4964,3,clonotype1,None
GCGACCAAGGCAGGTT-1,True,GCGACCAAGGCAGGTT-1_contig_1,True,502,TRA,TRAV1-2,None,TRAJ35,TRAC,True,True,CAASLGNVLHC,TGTGCTGCCTCTCTTGGGAATGTGCTGCATTGC,473,2,clonotype2449,clonotype2449_consensus_1
GCGACCAAGGCAGGTT-1,True,GCGACCAAGGCAGGTT-1_contig_2,True,487,TRA,TRAV1-1,None,TRAJ23,TRAC,True,True,CAVGRQGGKLIF,TGCGCTGTGGGGAGGCAGGGAGGAAAGCTTATCTTC,656,2,clonotype2449,clonotype2449_consensus_2
GCGACCAAGGCAGGTT-1,True,GCGACCAAGGCAGGTT-1_contig_3,True,521,TRB,TRBV20-1,None,TRBJ2-7,TRBC2,True,True,CSASPASSSYEQYF,TGCAGTGCTAGCCCAGCGTCAAGCTCCTACGAGCAGTACTTC,1472,4,clonotype2449,clonotype2449_consensus_3
GCGACCACACTCAGGC-1,True,GCGACCACACTCAGGC-1_contig_1,True,505,TRA,TRAV1-2,None,TRAJ33,TRAC,True,True,CAATDSNYQLIW,TGTGCTGCGACTGATAGCAACTATCAGTTAATCTGG,137,3,clonotype1,clonotype1_consensus_2
GCGACCACACTCAGGC-1,True,GCGACCACACTCAGGC-1_contig_2,True,498,TRB,TRBV20-1,None,TRBJ2-1,TRBC2,True,True,CSARVGSEVNEQFF,TGCAGTGCTAGAGTGGGGTCGGAAGTCAATGAGCAGTTCTTC,3468,11,clonotype1,clonotype1_consensus_1
GCGACCACACTCAGGC-1,True,GCGACCACACTCAGGC-1_contig_3,True,465,TRA,TRAV10,None,TRAJ24,TRAC,True,False,None,None,195,2,clonotype1,None
GCGACCACAGACAAGC-1,True,GCGACCACAGACAAGC-1_contig_1,True,505,TRA,TRAV1-2,None,TRAJ33,TRAC,True,True,CAATDSNYQLIW,TGTGCTGCGACTGATAGCAACTATCAGTTAATCTGG,1513,5,clonotype1,clonotype1_consensus_2
GCGACCACAGACAAGC-1,True,GCGACCACAGACAAGC-1_contig_2,True,521,TRB,TRBV20-1,None,TRBJ2-1,TRBC2,True,True,CSARVGSEVNEQFF,TGCAGTGCTAGAGTGGGGTCGGAAGTCAATGAGCAGTTCTTC,1417,10,clonotype1,clonotype1_consensus_1
GCGACCACAGACAGGT-1,True,GCGACCACAGACAGGT-1_contig_1,True,570,TRA,TRAV8-4,None,TRAJ11,TRAC,True,True,CAVSGGSGYSTLTF,TGTGCTGTGAGTGGAGGGTCAGGATACAGCACCCTCACCTTT,377,4,clonotype133,clonotype133_consensus_2
GCGACCACAGACAGGT-1,True,GCGACCACAGACAGGT-1_contig_2,True,654,TRB,TRBV5-6,None,TRBJ1-1,TRBC1,True,True,CASSLTATGTEAFF,TGTGCCAGCAGCTTAACAGCGACGGGAACTGAAGCTTTCTTT,545,5,clonotype133,clonotype133_consensus_1
GCGACCACAGTGAGTG-1,True,GCGACCACAGTGAGTG-1_contig_1,True,518,TRB,TRBV20-1,None,TRBJ1-1,TRBC1,True,True,CSARRQMNTEAFF,TGCAGTGCTAGAAGACAGATGAACACTGAAGCTTTCTTT,3776,10,clonotype2450,clonotype2450_consensus_2
GCGACCACAGTGAGTG-1,True,GCGACCACAGTGAGTG-1_contig_2,True,495,TRA,TRAV12-3,None,TRAJ49,TRAC,True,True,CAMSRTGNQFYF,TGTGCAATGAGCAGGACCGGTAACCAGTTCTATTTT,1085,3,clonotype2450,clonotype2450_consensus_1
GCGACCAGTACTTAGC-1,True,GCGACCAGTACTTAGC-1_contig_1,True,665,TRA,TRAV8-6,None,TRAJ28,TRAC,True,True,CAVTKVGAGSYQLTF,TGTGCTGTGACCAAAGTGGGGGCTGGGAGTTACCAACTCACTTTC,347,3,clonotype170,clonotype170_consensus_1
GCGACCAGTACTTAGC-1,True,GCGACCAGTACTTAGC-1_contig_2,True,508,TRB,TRBV5-5,None,TRBJ1-1,TRBC1,True,True,CASSLVGRDTEAFF,TGTGCCAGCAGCCTTGTGGGGAGGGACACTGAAGCTTTCTTT,2527,11,clonotype170,clonotype170_consensus_2
GCGACCAGTCATATGC-1,True,GCGACCAGTCATATGC-1_contig_1,True,498,TRB,TRBV20-1,None,TRBJ2-5,TRBC2,True,True,CSASPGGAGYQETQYF,TGCAGTGCTAGCCCAGGGGGAGCGGGGTACCAAGAGACCCAGTACTTC,2375,12,clonotype2451,clonotype2451_consensus_2
GCGACCAGTCATATGC-1,True,GCGACCAGTCATATGC-1_contig_2,True,492,TRB,TRBV20-1,None,TRBJ2-5,TRBC2,True,True,CSAARDRQRETQYF,TGCAGTGCTGCCCGGGACAGGCAACGGGAGACCCAGTACTTC,2196,10,clonotype2451,clonotype2451_consensus_1
GCGACCAGTCATATGC-1,True,GCGACCAGTCATATGC-1_contig_3,True,552,TRA,TRAV38-1,None,TRAJ32,TRAC,True,True,CAFIPNYGGATNKLIF,TGTGCTTTCATCCCGAATTATGGTGGTGCTACAAACAAGCTCATCTTT,877,4,clonotype2451,clonotype2451_consensus_3
GCGACCAGTCATATGC-1,True,GCGACCAGTCATATGC-1_contig_4,True,536,TRB,TRBV4-1,None,TRBJ1-5,TRBC1,True,False,None,None,422,1,clonotype2451,None
GCGACCAGTCATCCCT-1,True,GCGACCAGTCATCCCT-1_contig_1,True,571,TRA,TRAV29/DV5,None,TRAJ50,TRAC,True,True,CAASDETSYDKVIF,TGTGCAGCAAGCGACGAAACCTCCTACGACAAGGTGATATTT,1448,4,clonotype2452,clonotype2452_consensus_2
GCGACCAGTCATCCCT-1,True,GCGACCAGTCATCCCT-1_contig_2,True,513,TRB,TRBV5-5,None,TRBJ2-2,TRBC2,True,True,CASSKDSPNTGELFF,TGTGCCAGCAGCAAGGACAGCCCGAACACCGGGGAGCTGTTTTTT,2105,9,clonotype2452,clonotype2452_consensus_1
GCGACCAGTCCAGTAT-1,True,GCGACCAGTCCAGTAT-1_contig_1,True,473,TRA,TRAV1-2,None,TRAJ33,TRAC,True,True,CAATDSNYQLIW,TGTGCTGCGACTGATAGCAACTATCAGTTAATCTGG,67,2,clonotype1,clonotype1_consensus_2
GCGACCAGTCCAGTAT-1,True,GCGACCAGTCCAGTAT-1_contig_2,True,521,TRB,TRBV20-1,None,TRBJ2-1,TRBC2,True,True,CSARVGSEVNEQFF,TGCAGTGCTAGAGTGGGGTCGGAAGTCAATGAGCAGTTCTTC,2118,11,clonotype1,clonotype1_consensus_1
GCGACCAGTCCAGTAT-1,True,GCGACCAGTCCAGTAT-1_contig_3,True,467,TRA,TRAV10,None,TRAJ24,TRAC,True,False,None,None,1830,4,clonotype1,None
GCGACCAGTCGACTGC-1,True,GCGACCAGTCGACTGC-1_contig_1,True,495,TRB,TRBV20-1,None,TRBJ2-7,TRBC2,True,True,CSARGADSREQYF,TGCAGTGCTAGAGGAGCGGACAGTAGGGAGCAGTACTTC,1213,3,clonotype248,clonotype248_consensus_1
GCGACCAGTTACCGAT-1,True,GCGACCAGTTACCGAT-1_contig_1,True,498,TRB,TRBV20-1,None,TRBJ2-1,TRBC2,True,True,CSARVGSEVNEQFF,TGCAGTGCTAGAGTGGGGTCGGAAGTCAATGAGCAGTTCTTC,1689,6,clonotype2,clonotype2_consensus_1
GCGACCATCAATCTCT-1,True,GCGACCATCAATCTCT-1_contig_1,True,553,TRA,TRAV12-2,None,TRAJ52,TRAC,True,True,CAVKGAGGTSYGKLTF,TGTGCCGTGAAAGGTGCTGGTGGTACTAGCTATGGAAAGCTGACATTT,2130,4,clonotype2453,clonotype2453_consensus_2
GCGACCATCAATCTCT-1,True,GCGACCATCAATCTCT-1_contig_2,True,524,TRB,TRBV20-1,None,TRBJ2-1,TRBC2,True,True,CSARAGPSSYNEQFF,TGCAGTGCTAGAGCGGGGCCGAGCTCCTACAATGAGCAGTTCTTC,2123,9,clonotype2453,clonotype2453_consensus_1
GCGACCATCAATCTCT-1,True,GCGACCATCAATCTCT-1_contig_3,True,314,TRB,None,None,TRBJ2-3,TRBC2,False,False,None,None,2225,4,clonotype2453,None
GCGACCATCAATCTCT-1,True,GCGACCATCAATCTCT-1_contig_4,True,427,TRA,TRAV29/DV5,None,TRAJ37,TRAC,True,False,CSKRHGSSNTGKLIF,TGCAGCAAGCGCCACGGCTCTAGCAACACAGGCAAACTAATCTTT,260,1,clonotype2453,None
GCGACCATCGGGAGTA-1,True,GCGACCATCGGGAGTA-1_contig_1,True,505,TRA,TRAV1-2,None,TRAJ33,TRAC,True,True,CAATDSNYQLIW,TGTGCTGCGACTGATAGCAACTATCAGTTAATCTGG,477,4,clonotype1,clonotype1_consensus_2
GCGACCATCGGGAGTA-1,True,GCGACCATCGGGAGTA-1_contig_2,True,492,TRB,TRBV20-1,None,TRBJ2-1,TRBC2,True,True,CSARVGSEVNEQFF,TGCAGTGCTAGAGTGGGGTCGGAAGTCAATGAGCAGTTCTTC,2851,8,clonotype1,clonotype1_consensus_1
GCGACCATCTGTCAAG-1,True,GCGACCATCTGTCAAG-1_contig_1,True,489,TRB,TRBV20-1,None,TRBJ2-5,TRBC2,True,True,CSARASVGETQYF,TGCAGTGCTAGAGCCTCGGTCGGCGAGACCCAGTACTTC,2200,10,clonotype2454,clonotype2454_consensus_2
GCGACCATCTGTCAAG-1,True,GCGACCATCTGTCAAG-1_contig_2,True,494,TRA,TRAV38-2/DV8,None,TRAJ41,TRAC,True,True,CAYRSRNSGYALNF,TGTGCTTATAGGAGTCGAAATTCCGGGTATGCACTCAACTTC,1566,6,clonotype2454,clonotype2454_consensus_1
GCGACCATCTGTCAAG-1,True,GCGACCATCTGTCAAG-1_contig_3,True,465,TRA,TRAV35,None,TRAJ23,TRAC,True,False,CWAGSANQGGKLIF,TGCTGGGCAGGATCTGCTAACCAGGGAGGAAAGCTTATCTTC,1035,2,clonotype2454,None
GCGACCATCTGTCAAG-1,True,GCGACCATCTGTCAAG-1_contig_4,True,494,TRB,TRBV6-5,None,TRBJ1-5,TRBC1,True,False,None,None,358,2,clonotype2454,None
GCGAGAAAGAGGTTAT-1,True,GCGAGAAAGAGGTTAT-1_contig_1,True,518,TRB,TRBV20-1,None,TRBJ2-1,TRBC2,True,True,CSASSGGAGEQFF,TGCAGTGCTAGTAGTGGGGGGGCCGGGGAGCAGTTCTTC,2580,11,clonotype2455,clonotype2455_consensus_3
GCGAGAAAGAGGTTAT-1,True,GCGAGAAAGAGGTTAT-1_contig_2,True,556,TRA,TRAV5,None,TRAJ40,TRAC,True,True,CAEFTTSGTYKYIF,TGTGCAGAGTTTACTACCTCAGGAACCTACAAATACATCTTT,1256,4,clonotype2455,clonotype2455_consensus_4
GCGAGAAAGAGGTTAT-1,True,GCGAGAAAGAGGTTAT-1_contig_3,True,524,TRB,TRBV20-1,None,TRBJ2-5,TRBC2,True,True,CSARLSGRTGETQYF,TGCAGTGCTAGACTTAGCGGGCGAACGGGGGAGACCCAGTACTTC,1829,12,clonotype2455,clonotype2455_consensus_2
GCGAGAAAGAGGTTAT-1,True,GCGAGAAAGAGGTTAT-1_contig_4,True,452,TRA,TRAV2,None,TRAJ40,TRAC,True,True,CAVSPSGTYKYIF,TGTGCTGTTTCTCCCTCAGGAACCTACAAATACATCTTT,1321,2,clonotype2455,clonotype2455_consensus_1
GCGAGAAAGCCATCGC-1,True,GCGAGAAAGCCATCGC-1_contig_1,True,535,TRA,TRAV12-2,None,TRAJ43,TRAC,True,True,CAPNNNDMRF,TGTGCCCCCAATAACAATGACATGCGCTTT,419,2,clonotype2456,clonotype2456_consensus_1
GCGAGAAAGCCATCGC-1,True,GCGAGAAAGCCATCGC-1_contig_2,True,524,TRB,TRBV20-1,None,TRBJ2-3,TRBC2,True,True,CSAQRRTGYTDTQYF,TGCAGTGCTCAGAGGCGGACAGGATACACAGATACGCAGTATTTT,3895,11,clonotype2456,clonotype2456_consensus_2
GCGAGAAAGCCATCGC-1,True,GCGAGAAAGCCATCGC-1_contig_3,True,563,TRA,TRAV22,None,TRAJ40,TRAC,True,True,CAVEGAGTYKYIF,TGTGCTGTGGAGGGGGCAGGAACCTACAAATACATCTTT,852,4,clonotype2456,clonotype2456_consensus_3
GCGAGAAAGGAGCGAG-1,True,GCGAGAAAGGAGCGAG-1_contig_1,True,526,TRA,TRAV26-1,None,TRAJ16,TRAC,True,True,CIVSHPSDGQKLLF,TGCATCGTCAGCCACCCTTCAGATGGCCAGAAGCTGCTCTTT,738,2,clonotype2457,clonotype2457_consensus_2
GCGAGAAAGGAGCGAG-1,True,GCGAGAAAGGAGCGAG-1_contig_2,True,514,TRB,TRBV20-1,None,TRBJ1-1,TRBC1,True,True,CSARLGARNTEAFF,TGCAGTGCTAGGTTGGGGGCAAGAAACACTGAAGCTTTCTTT,1121,5,clonotype2457,clonotype2457_consensus_1
GCGAGAAAGGAGCGAG-1,True,GCGAGAAAGGAGCGAG-1_contig_3,True,487,TRA,TRAV13-2,None,TRAJ47,None,True,False,CRLSDGGGNKLVF,TGCAGACTTTCCGACGGTGGGGGAAACAAACTGGTCTTT,241,1,clonotype2457,None
GCGAGAAAGGCAGTCA-1,True,GCGAGAAAGGCAGTCA-1_contig_1,True,456,TRA,TRAV13-1,None,TRAJ20,TRAC,True,True,CAASTNDYKLSF,TGTGCAGCAAGTACTAACGACTACAAGCTCAGCTTT,209,2,clonotype232,clonotype232_consensus_2
GCGAGAAAGGCAGTCA-1,True,GCGAGAAAGGCAGTCA-1_contig_2,True,713,TRB,TRBV5-6,None,TRBJ1-5,TRBC1,True,True,CASSLKPRQGRGQPQHF,TGTGCCAGCAGCTTGAAACCCCGACAGGGTAGGGGACAGCCCCAGCATTTT,1519,6,clonotype232,clonotype232_consensus_1
GCGAGAAAGTTTCCTT-1,True,GCGAGAAAGTTTCCTT-1_contig_1,True,479,TRA,TRAV4,None,TRAJ8,TRAC,True,True,CLVGDRNTGFQKLVF,TGCCTCGTGGGTGACAGGAACACAGGCTTTCAGAAACTTGTATTT,1180,6,clonotype2458,clonotype2458_consensus_1
GCGAGAAAGTTTCCTT-1,True,GCGAGAAAGTTTCCTT-1_contig_2,True,521,TRB,TRBV20-1,None,TRBJ2-1,TRBC2,True,True,CSARDRGSYNEQFF,TGCAGTGCTAGAGATAGGGGATCCTACAATGAGCAGTTCTTC,3780,18,clonotype2458,clonotype2458_consensus_2
GCGAGAAAGTTTCCTT-1,True,GCGAGAAAGTTTCCTT-1_contig_3,True,569,TRA,TRAV22,None,TRAJ3,TRAC,True,False,None,None,842,6,clonotype2458,None
GCGAGAACACAGCGTC-1,True,GCGAGAACACAGCGTC-1_contig_1,True,505,TRA,TRAV1-2,None,TRAJ33,TRAC,True,True,CAATDSNYQLIW,TGTGCTGCGACTGATAGCAACTATCAGTTAATCTGG,233,2,clonotype1,clonotype1_consensus_2
GCGAGAACACAGCGTC-1,True,GCGAGAACACAGCGTC-1_contig_2,True,521,TRB,TRBV20-1,None,TRBJ2-1,TRBC2,True,True,CSARVGSEVNEQFF,TGCAGTGCTAGAGTGGGGTCGGAAGTCAATGAGCAGTTCTTC,2348,6,clonotype1,clonotype1_consensus_1
GCGAGAACACCTGGTG-1,True,GCGAGAACACCTGGTG-1_contig_1,True,508,TRA,TRAV20,None,TRAJ36,TRAC,True,True,CAVADQTGANNLFF,TGTGCTGTAGCCGATCAAACTGGGGCAAACAACCTCTTCTTT,443,2,clonotype2459,clonotype2459_consensus_1
GCGAGAACACCTGGTG-1,True,GCGAGAACACCTGGTG-1_contig_2,True,553,TRA,TRAV26-1,None,TRAJ44,TRAC,True,False,CIVNTGTASKLTF,TGCATCGTCAATACCGGCACTGCCAGTAAACTCACCTTT,6696,2,clonotype2459,None
GCGAGAACACGCTTTC-1,True,GCGAGAACACGCTTTC-1_contig_1,True,524,TRB,TRBV20-1,None,TRBJ1-6,TRBC1,True,True,CSARRDMGYNSPLHF,TGCAGTGCTAGAAGGGATATGGGATATAATTCACCCCTCCACTTT,2444,9,clonotype2460,clonotype2460_consensus_2
GCGAGAACACGCTTTC-1,True,GCGAGAACACGCTTTC-1_contig_2,True,503,TRA,TRAV21,None,TRAJ53,TRAC,True,True,CAVKYSGGSNYKLTF,TGTGCTGTGAAGTATAGTGGAGGTAGCAACTATAAACTGACATTT,659,3,clonotype2460,clonotype2460_consensus_1
GCGAGAACACGGCGTT-1,True,GCGAGAACACGGCGTT-1_contig_1,True,493,TRB,TRBV5-6,None,TRBJ2-2,TRBC2,True,True,CASSLYRRNTGELFF,TGTGCCAGCAGCTTGTATAGGAGAAACACCGGGGAGCTGTTTTTT,2029,7,clonotype2461,clonotype2461_consensus_1
GCGAGAACACGGCGTT-1,True,GCGAGAACACGGCGTT-1_contig_2,True,399,TRB,None,None,TRBJ1-3,TRBC1,False,False,None,None,290,3,clonotype2461,None
GCGAGAACACTTCGAA-1,True,GCGAGAACACTTCGAA-1_contig_1,True,459,TRA,TRAV13-1,None,TRAJ22,TRAC,True,True,CAASIGTARQLTF,TGTGCAGCAAGTATAGGGACTGCAAGGCAACTGACCTTT,297,2,clonotype19,clonotype19_consensus_1
GCGAGAACACTTCGAA-1,True,GCGAGAACACTTCGAA-1_contig_2,True,494,TRB,TRBV20-1,None,TRBJ2-5,TRBC2,True,True,CSAQTTVVATQYF,TGCAGTGCCCAGACGACGGTAGTAGCGACCCAGTACTTC,1070,4,clonotype19,clonotype19_consensus_2
GCGAGAACAGCCTGTG-1,True,GCGAGAACAGCCTGTG-1_contig_1,True,577,TRA,TRAV19,None,TRAJ52,TRAC,True,True,CALTEGDAGGTSYGKLTF,TGTGCTCTGACCGAGGGAGATGCTGGTGGTACTAGCTATGGAAAGCTGACATTT,401,3,clonotype2462,clonotype2462_consensus_1
GCGAGAACAGCCTGTG-1,True,GCGAGAACAGCCTGTG-1_contig_2,True,656,TRB,TRBV5-6,None,TRBJ2-6,TRBC2,True,True,CASTYGSSGANVLTF,TGTGCCAGCACCTATGGGAGCTCTGGGGCCAACGTCCTGACTTTC,2872,13,clonotype2462,clonotype2462_consensus_2
GCGAGAACAGCCTGTG-1,True,GCGAGAACAGCCTGTG-1_contig_3,True,516,TRA,TRAV23/DV6,None,TRAJ58,TRAC,True,False,CSKQGGETSGSRLTF,TGCAGCAAGCAAGGCGGAGAAACCAGTGGCTCTAGGTTGACCTTT,189,1,clonotype2462,None
GCGAGAACATTAGCCA-1,True,GCGAGAACATTAGCCA-1_contig_1,True,505,TRA,TRAV1-2,None,TRAJ33,TRAC,True,True,CAATDSNYQLIW,TGTGCTGCGACTGATAGCAACTATCAGTTAATCTGG,794,5,clonotype1,clonotype1_consensus_2
GCGAGAACATTAGCCA-1,True,GCGAGAACATTAGCCA-1_contig_2,True,521,TRB,TRBV20-1,None,TRBJ2-1,TRBC2,True,True,CSARVGSEVNEQFF,TGCAGTGCTAGAGTGGGGTCGGAAGTCAATGAGCAGTTCTTC,1796,6,clonotype1,clonotype1_consensus_1
GCGAGAACATTGGTAC-1,True,GCGAGAACATTGGTAC-1_contig_1,True,505,TRA,TRAV1-2,None,TRAJ33,TRAC,True,True,CAATDSNYQLIW,TGTGCTGCGACTGATAGCAACTATCAGTTAATCTGG,740,4,clonotype1,clonotype1_consensus_2
GCGAGAACATTGGTAC-1,True,GCGAGAACATTGGTAC-1_contig_2,True,521,TRB,TRBV20-1,None,TRBJ2-1,TRBC2,True,True,CSARVGSEVNEQFF,TGCAGTGCTAGAGTGGGGTCGGAAGTCAATGAGCAGTTCTTC,1498,10,clonotype1,clonotype1_consensus_1
GCGAGAACATTGTGCA-1,True,GCGAGAACATTGTGCA-1_contig_1,True,521,TRB,TRBV20-1,None,TRBJ2-1,TRBC2,True,True,CSARVGSEVNEQFF,TGCAGTGCTAGAGTGGGGTCGGAAGTCAATGAGCAGTTCTTC,1629,7,clonotype2,clonotype2_consensus_1
GCGAGAAGTCCATGAT-1,True,GCGAGAAGTCCATGAT-1_contig_1,True,518,TRB,TRBV20-1,None,TRBJ2-1,TRBC2,True,True,CSARVGSEVNEQFF,TGCAGTGCTAGAGTGGGGTCGGAAGTCAATGAGCAGTTCTTC,1647,5,clonotype2,clonotype2_consensus_1
GCGAGAAGTCCCTACT-1,True,GCGAGAAGTCCCTACT-1_contig_1,True,521,TRB,TRBV20-1,None,TRBJ2-1,TRBC2,True,True,CSARVGSEVNEQFF,TGCAGTGCTAGAGTGGGGTCGGAAGTCAATGAGCAGTTCTTC,2004,9,clonotype2,clonotype2_consensus_1
GCGAGAAGTCCCTACT-1,True,GCGAGAAGTCCCTACT-1_contig_2,True,465,TRA,TRAV10,None,TRAJ24,TRAC,True,False,None,None,147,2,clonotype2,None
GCGAGAAGTCGGGTCT-1,True,GCGAGAAGTCGGGTCT-1_contig_1,True,505,TRA,TRAV1-2,None,TRAJ33,TRAC,True,True,CAATDSNYQLIW,TGTGCTGCGACTGATAGCAACTATCAGTTAATCTGG,459,1,clonotype1,clonotype1_consensus_2
GCGAGAAGTCGGGTCT-1,True,GCGAGAAGTCGGGTCT-1_contig_2,True,518,TRB,TRBV20-1,None,TRBJ2-1,TRBC2,True,True,CSARVGSEVNEQFF,TGCAGTGCTAGAGTGGGGTCGGAAGTCAATGAGCAGTTCTTC,1338,5,clonotype1,clonotype1_consensus_1
GCGAGAAGTCGGGTCT-1,True,GCGAGAAGTCGGGTCT-1_contig_3,True,482,TRA,TRAV10,None,TRAJ24,TRAC,True,False,None,None,567,3,clonotype1,None
GCGAGAAGTCTCAACA-1,True,GCGAGAAGTCTCAACA-1_contig_1,True,505,TRA,TRAV1-2,None,TRAJ33,TRAC,True,True,CAATDSNYQLIW,TGTGCTGCGACTGATAGCAACTATCAGTTAATCTGG,242,3,clonotype1,clonotype1_consensus_2
GCGAGAAGTCTCAACA-1,True,GCGAGAAGTCTCAACA-1_contig_2,True,498,TRB,TRBV20-1,None,TRBJ2-1,TRBC2,True,True,CSARVGSEVNEQFF,TGCAGTGCTAGAGTGGGGTCGGAAGTCAATGAGCAGTTCTTC,2360,8,clonotype1,clonotype1_consensus_1
GCGAGAAGTCTCAACA-1,True,GCGAGAAGTCTCAACA-1_contig_3,True,482,TRA,TRAV10,None,TRAJ24,TRAC,True,False,None,None,1039,3,clonotype1,None
GCGAGAAGTGACTACT-1,True,GCGAGAAGTGACTACT-1_contig_1,True,502,TRA,TRAV1-2,None,TRAJ30,TRAC,True,True,CAVRDLREIIF,TGTGCTGTGAGAGATCTTCGGGAGATCATCTTT,102,2,clonotype3,clonotype3_consensus_2
GCGAGAAGTGACTACT-1,True,GCGAGAAGTGACTACT-1_contig_2,True,750,TRB,TRBV5-5,None,TRBJ1-4,TRBC1,True,True,CASSHPGPNYATNEKLFF,TGTGCCAGCAGCCATCCCGGACCGAACTACGCAACTAATGAAAAACTGTTTTTT,2361,10,clonotype3,clonotype3_consensus_1
GCGAGAAGTGGAAAGA-1,True,GCGAGAAGTGGAAAGA-1_contig_1,True,505,TRA,TRAV1-2,None,TRAJ33,TRAC,True,True,CAATDSNYQLIW,TGTGCTGCGACTGATAGCAACTATCAGTTAATCTGG,653,2,clonotype1,clonotype1_consensus_2
GCGAGAAGTGGAAAGA-1,True,GCGAGAAGTGGAAAGA-1_contig_2,True,498,TRB,TRBV20-1,None,TRBJ2-1,TRBC2,True,True,CSARVGSEVNEQFF,TGCAGTGCTAGAGTGGGGTCGGAAGTCAATGAGCAGTTCTTC,2929,11,clonotype1,clonotype1_consensus_1
GCGAGAAGTGGAAAGA-1,True,GCGAGAAGTGGAAAGA-1_contig_3,True,465,TRA,TRAV10,None,TRAJ24,TRAC,True,False,None,None,543,2,clonotype1,None
GCGAGAAGTTGTGGAG-1,True,GCGAGAAGTTGTGGAG-1_contig_1,True,505,TRA,TRAV1-2,None,TRAJ33,TRAC,True,True,CAATDSNYQLIW,TGTGCTGCGACTGATAGCAACTATCAGTTAATCTGG,1245,6,clonotype1,clonotype1_consensus_2
GCGAGAAGTTGTGGAG-1,True,GCGAGAAGTTGTGGAG-1_contig_2,True,521,TRB,TRBV20-1,None,TRBJ2-1,TRBC2,True,True,CSARVGSEVNEQFF,TGCAGTGCTAGAGTGGGGTCGGAAGTCAATGAGCAGTTCTTC,2856,9,clonotype1,clonotype1_consensus_1
GCGAGAATCAGCACAT-1,True,GCGAGAATCAGCACAT-1_contig_1,True,518,TRB,TRBV20-1,None,TRBJ2-5,TRBC2,True,True,CSAHKDAGETQYF,TGCAGTGCTCATAAGGACGCGGGAGAGACCCAGTACTTC,1576,10,clonotype2463,clonotype2463_consensus_1
GCGAGAATCCCATTAT-1,True,GCGAGAATCCCATTAT-1_contig_1,True,521,TRB,TRBV20-1,None,TRBJ2-1,TRBC2,True,True,CSARVGSEVNEQFF,TGCAGTGCTAGAGTGGGGTCGGAAGTCAATGAGCAGTTCTTC,542,5,clonotype2,clonotype2_consensus_1
GCGAGAATCCTATGTT-1,True,GCGAGAATCCTATGTT-1_contig_1,True,505,TRA,TRAV1-2,None,TRAJ33,TRAC,True,True,CAATDSNYQLIW,TGTGCTGCGACTGATAGCAACTATCAGTTAATCTGG,219,3,clonotype1,clonotype1_consensus_2
GCGAGAATCCTATGTT-1,True,GCGAGAATCCTATGTT-1_contig_2,True,521,TRB,TRBV20-1,None,TRBJ2-1,TRBC2,True,True,CSARVGSEVNEQFF,TGCAGTGCTAGAGTGGGGTCGGAAGTCAATGAGCAGTTCTTC,2437,8,clonotype1,clonotype1_consensus_1
GCGAGAATCCTTTCGG-1,True,GCGAGAATCCTTTCGG-1_contig_1,True,521,TRB,TRBV20-1,None,TRBJ2-1,TRBC2,True,True,CSARVGSEVNEQFF,TGCAGTGCTAGAGTGGGGTCGGAAGTCAATGAGCAGTTCTTC,2364,13,clonotype2,clonotype2_consensus_1
GCGAGAATCGCCTGAG-1,True,GCGAGAATCGCCTGAG-1_contig_1,True,650,TRB,TRBV5-6,None,TRBJ2-4,TRBC2,True,True,CASSKGTDQYF,TGTGCCAGCTCAAAAGGGACAGATCAGTACTTC,1194,9,clonotype2464,clonotype2464_consensus_1
GCGAGAATCGCCTGAG-1,True,GCGAGAATCGCCTGAG-1_contig_2,True,526,TRA,TRAV23/DV6,None,TRAJ32,TRAC,True,False,CSKRTPFYGGATNKLIF,TGCAGCAAACGAACACCGTTTTATGGTGGTGCTACAAACAAGCTCATCTTT,53,2,clonotype2464,None
GCGCAACAGAAACCGC-1,True,GCGCAACAGAAACCGC-1_contig_1,True,538,TRA,TRAV12-2,None,TRAJ31,TRAC,True,True,CAVHNNARLMF,TGTGCCGTTCATAACAATGCCAGACTCATGTTT,761,3,clonotype2465,clonotype2465_consensus_1
GCGCAACAGAAACCGC-1,True,GCGCAACAGAAACCGC-1_contig_2,True,709,TRB,TRBV5-6,None,TRBJ1-1,TRBC1,True,True,CASSWRAPGTEAFF,TGTGCCAGCAGCTGGAGGGCGCCGGGGACTGAAGCTTTCTTT,4563,14,clonotype2465,clonotype2465_consensus_2
GCGCAACAGAACAATC-1,True,GCGCAACAGAACAATC-1_contig_1,True,521,TRB,TRBV20-1,None,TRBJ2-1,TRBC2,True,True,CSARVGSEVNEQFF,TGCAGTGCTAGAGTGGGGTCGGAAGTCAATGAGCAGTTCTTC,2391,8,clonotype2,clonotype2_consensus_1
GCGCAACAGAACAATC-1,True,GCGCAACAGAACAATC-1_contig_2,True,522,TRA,TRAV10,None,TRAJ24,TRAC,True,False,None,None,270,1,clonotype2,None
GCGCAACAGAAGCCCA-1,True,GCGCAACAGAAGCCCA-1_contig_1,True,521,TRB,TRBV20-1,None,TRBJ2-1,TRBC2,True,True,CSARVGSEVNEQFF,TGCAGTGCTAGAGTGGGGTCGGAAGTCAATGAGCAGTTCTTC,4019,15,clonotype2,clonotype2_consensus_1
GCGCAACAGAAGCCCA-1,True,GCGCAACAGAAGCCCA-1_contig_2,True,465,TRA,TRAV10,None,TRAJ24,TRAC,True,False,None,None,294,3,clonotype2,None
GCGCAACAGACGCTTT-1,True,GCGCAACAGACGCTTT-1_contig_1,True,616,TRA,TRAV8-6,None,TRAJ53,TRAC,True,True,CAVSENSGGSNYKLTF,TGTGCTGTGAGTGAGAATAGTGGAGGTAGCAACTATAAACTGACATTT,354,2,clonotype2466,clonotype2466_consensus_4
GCGCAACAGACGCTTT-1,True,GCGCAACAGACGCTTT-1_contig_2,True,518,TRB,TRBV20-1,None,TRBJ2-2,TRBC2,True,True,CSARDTASGELFF,TGCAGTGCTAGAGACACAGCCTCCGGGGAGCTGTTTTTT,1480,7,clonotype2466,clonotype2466_consensus_3
GCGCAACAGACGCTTT-1,True,GCGCAACAGACGCTTT-1_contig_3,True,518,TRB,TRBV20-1,None,TRBJ2-1,TRBC2,True,True,CSARDPRGLEQFF,TGCAGTGCTAGAGATCCCCGTGGGTTGGAGCAGTTCTTC,1784,7,clonotype2466,clonotype2466_consensus_1
GCGCAACAGACGCTTT-1,True,GCGCAACAGACGCTTT-1_contig_4,True,484,TRA,TRAV10,None,TRAJ24,TRAC,True,True,CVVTRTTDSWGKLQF,TGTGTGGTGACCCGAACAACTGACAGCTGGGGGAAATTGCAGTTT,226,2,clonotype2466,clonotype2466_consensus_2
GCGCAACAGACGCTTT-1,True,GCGCAACAGACGCTTT-1_contig_5,True,347,TRB,None,None,TRBJ2-2P,TRBC2,False,False,None,None,2342,6,clonotype2466,None
GCGCAACAGACGCTTT-1,True,GCGCAACAGACGCTTT-1_contig_6,True,431,TRA,TRAV26-2,None,TRAJ23,TRAC,True,False,None,None,372,1,clonotype2466,None
GCGCAACAGATGTAAC-1,True,GCGCAACAGATGTAAC-1_contig_1,True,487,TRA,TRAV1-2,None,TRAJ33,TRAC,True,True,CAATDSNYQLIW,TGTGCTGCGACTGATAGCAACTATCAGTTAATCTGG,760,2,clonotype1,clonotype1_consensus_2
GCGCAACAGATGTAAC-1,True,GCGCAACAGATGTAAC-1_contig_2,True,521,TRB,TRBV20-1,None,TRBJ2-1,TRBC2,True,True,CSARVGSEVNEQFF,TGCAGTGCTAGAGTGGGGTCGGAAGTCAATGAGCAGTTCTTC,3682,14,clonotype1,clonotype1_consensus_1
GCGCAACCAAGCTGGA-1,True,GCGCAACCAAGCTGGA-1_contig_1,True,505,TRA,TRAV1-2,None,TRAJ33,TRAC,True,True,CAATDSNYQLIW,TGTGCTGCGACTGATAGCAACTATCAGTTAATCTGG,722,3,clonotype1,clonotype1_consensus_2
GCGCAACCAAGCTGGA-1,True,GCGCAACCAAGCTGGA-1_contig_2,True,521,TRB,TRBV20-1,None,TRBJ2-1,TRBC2,True,True,CSARVGSEVNEQFF,TGCAGTGCTAGAGTGGGGTCGGAAGTCAATGAGCAGTTCTTC,1933,7,clonotype1,clonotype1_consensus_1
GCGCAACCAATAACGA-1,True,GCGCAACCAATAACGA-1_contig_1,True,505,TRA,TRAV1-2,None,TRAJ33,TRAC,True,True,CAATDSNYQLIW,TGTGCTGCGACTGATAGCAACTATCAGTTAATCTGG,880,5,clonotype1,clonotype1_consensus_2
GCGCAACCAATAACGA-1,True,GCGCAACCAATAACGA-1_contig_2,True,498,TRB,TRBV20-1,None,TRBJ2-1,TRBC2,True,True,CSARVGSEVNEQFF,TGCAGTGCTAGAGTGGGGTCGGAAGTCAATGAGCAGTTCTTC,5836,8,clonotype1,clonotype1_consensus_1
GCGCAACCAATAACGA-1,True,GCGCAACCAATAACGA-1_contig_3,True,657,TRB,None,None,TRBJ1-5,TRBC1,False,False,None,None,458,2,clonotype1,None
GCGCAACCATCGACGC-1,True,GCGCAACCATCGACGC-1_contig_1,True,521,TRB,TRBV20-1,None,TRBJ2-1,TRBC2,True,True,CSARVGSEVNEQFF,TGCAGTGCTAGAGTGGGGTCGGAAGTCAATGAGCAGTTCTTC,1510,6,clonotype2,clonotype2_consensus_1
GCGCAACCATTAACCG-1,True,GCGCAACCATTAACCG-1_contig_1,True,505,TRA,TRAV1-2,None,TRAJ33,TRAC,True,True,CAATDSNYQLIW,TGTGCTGCGACTGATAGCAACTATCAGTTAATCTGG,208,2,clonotype1,clonotype1_consensus_2
GCGCAACCATTAACCG-1,True,GCGCAACCATTAACCG-1_contig_2,True,521,TRB,TRBV20-1,None,TRBJ2-1,TRBC2,True,True,CSARVGSEVNEQFF,TGCAGTGCTAGAGTGGGGTCGGAAGTCAATGAGCAGTTCTTC,1596,5,clonotype1,clonotype1_consensus_1
GCGCAACCATTATCTC-1,True,GCGCAACCATTATCTC-1_contig_1,True,518,TRB,TRBV20-1,None,TRBJ2-2,TRBC2,True,True,CSAKFSNTGELFF,TGCAGTGCTAAGTTCTCGAACACCGGGGAGCTGTTTTTT,4161,13,clonotype349,clonotype349_consensus_1
GCGCAACCATTATCTC-1,True,GCGCAACCATTATCTC-1_contig_2,True,552,TRA,TRAV21,None,TRAJ27,TRAC,True,True,CAVDFTNAGKSTF,TGTGCTGTGGATTTCACCAATGCAGGCAAATCAACCTTT,774,4,clonotype349,clonotype349_consensus_2
GCGCAACGTAGCGCAA-1,True,GCGCAACGTAGCGCAA-1_contig_1,True,547,TRA,TRAV12-2,None,TRAJ5,TRAC,True,True,CAVRRDTGRRALTF,TGTGCCGTGAGAAGGGACACGGGCAGGAGAGCACTTACTTTT,949,6,clonotype350,clonotype350_consensus_2
GCGCAACGTAGCGCAA-1,True,GCGCAACGTAGCGCAA-1_contig_2,True,521,TRB,TRBV20-1,None,TRBJ2-3,TRBC2,True,True,CSASTGAGTDTQYF,TGCAGTGCTAGTACCGGGGCCGGTACAGATACGCAGTATTTT,3051,15,clonotype350,clonotype350_consensus_1
GCGCAACGTAGCGCAA-1,True,GCGCAACGTAGCGCAA-1_contig_3,True,379,TRA,TRAV3,None,None,TRAC,False,False,None,None,464,1,clonotype350,None
GCGCAACGTCGAACAG-1,True,GCGCAACGTCGAACAG-1_contig_1,True,521,TRB,TRBV20-1,None,TRBJ2-1,TRBC2,True,True,CSARVGSEVNEQFF,TGCAGTGCTAGAGTGGGGTCGGAAGTCAATGAGCAGTTCTTC,2287,11,clonotype2,clonotype2_consensus_1
GCGCAACGTCTCGTTC-1,True,GCGCAACGTCTCGTTC-1_contig_1,True,624,TRA,TRAV3,None,TRAJ13,TRAC,True,True,CAVRDSNSGGYQKVTF,TGTGCTGTGAGAGACAGCAATTCTGGGGGTTACCAGAAAGTTACCTTT,781,4,clonotype207,clonotype207_consensus_1
GCGCAACGTCTCGTTC-1,True,GCGCAACGTCTCGTTC-1_contig_2,True,518,TRB,TRBV20-1,None,TRBJ1-1,TRBC1,True,True,CSVYRDPWNEAFF,TGCAGTGTCTACCGGGACCCCTGGAATGAAGCTTTCTTT,742,5,clonotype207,clonotype207_consensus_3
GCGCAACGTCTCGTTC-1,True,GCGCAACGTCTCGTTC-1_contig_3,True,509,TRA,TRAV6,None,TRAJ6,TRAC,True,True,CAPAGESGGSYIPTF,TGTGCTCCGGCCGGAGAATCAGGAGGAAGCTACATACCTACATTT,237,2,clonotype207,clonotype207_consensus_2
GCGCAACGTGACGCCT-1,True,GCGCAACGTGACGCCT-1_contig_1,True,546,TRA,TRAV38-1,None,TRAJ54,TRAC,True,True,CAFMKRLQGAQKLVF,TGTGCTTTCATGAAGCGTTTGCAGGGAGCCCAGAAGCTGGTATTT,620,5,clonotype2467,clonotype2467_consensus_2
GCGCAACGTGACGCCT-1,True,GCGCAACGTGACGCCT-1_contig_2,True,664,TRB,TRBV5-6,None,TRBJ2-5,TRBC2,True,True,CASSSPLGGRRETQYF,TGTGCCAGCAGCTCCCCTCTCGGGGGGCGCAGAGAGACCCAGTACTTC,968,4,clonotype2467,clonotype2467_consensus_1
GCGCAACGTGACGCCT-1,True,GCGCAACGTGACGCCT-1_contig_3,True,340,TRB,None,None,TRBJ1-1,TRBC1,False,False,None,None,1147,4,clonotype2467,None
GCGCAACGTTTCGCTC-1,True,GCGCAACGTTTCGCTC-1_contig_1,True,447,TRA,TRAV9-2,None,TRAJ7,TRAC,True,True,CALSDPRRNNRLAF,TGTGCTCTGAGTGATCCCCGAAGGAACAACAGACTCGCTTTT,2196,13,clonotype351,clonotype351_consensus_1
GCGCAACGTTTCGCTC-1,True,GCGCAACGTTTCGCTC-1_contig_2,True,488,TRB,TRBV20-1,None,TRBJ2-7,TRBC2,True,True,CSADHQRGGPNEQYF,TGCAGTGCTGACCACCAGCGGGGGGGCCCCAACGAGCAGTACTTC,1471,11,clonotype351,clonotype351_consensus_2
GCGCAACTCACAACGT-1,True,GCGCAACTCACAACGT-1_contig_1,True,501,TRA,TRAV12-3,None,TRAJ32,TRAC,True,True,CARRYGGATNKLIF,TGTGCACGGAGATATGGTGGTGCTACAAACAAGCTCATCTTT,781,4,clonotype22,clonotype22_consensus_1
GCGCAACTCACAACGT-1,True,GCGCAACTCACAACGT-1_contig_2,True,672,TRB,TRBV5-6,None,TRBJ2-2,TRBC2,True,True,CASSLSPEDPTNTGELFF,TGTGCCAGCAGCTTGAGTCCGGAAGACCCTACGAACACCGGGGAGCTGTTTTTT,1872,9,clonotype22,clonotype22_consensus_2
GCGCAACTCACAACGT-1,True,GCGCAACTCACAACGT-1_contig_3,True,311,TRB,None,None,TRBJ2-7,TRBC2,False,False,None,None,864,4,clonotype22,None
GCGCAACTCACAACGT-1,True,GCGCAACTCACAACGT-1_contig_4,True,554,TRA,TRAV29/DV5,None,TRAJ44,TRAC,True,False,None,None,627,2,clonotype22,None
GCGCAACTCACCGGGT-1,True,GCGCAACTCACCGGGT-1_contig_1,True,508,TRA,TRAV29/DV5,None,TRAJ41,TRAC,True,True,CAASDPDSGYALNF,TGTGCAGCAAGCGACCCAGATTCCGGGTATGCACTCAACTTC,225,2,clonotype2468,clonotype2468_consensus_3
GCGCAACTCACCGGGT-1,True,GCGCAACTCACCGGGT-1_contig_2,True,499,TRA,TRAV21,None,TRAJ23,TRAC,True,True,CAAGGKLIF,TGTGCTGCGGGAGGAAAGCTTATCTTC,1223,6,clonotype2468,clonotype2468_consensus_1
GCGCAACTCACCGGGT-1,True,GCGCAACTCACCGGGT-1_contig_3,True,713,TRB,TRBV5-6,None,TRBJ1-2,TRBC1,True,True,CASSRTSVNYGYTF,TGTGCCAGCAGCCGGACCTCGGTCAACTATGGCTACACCTTC,2678,10,clonotype2468,clonotype2468_consensus_2
GCGCAACTCATCTGCC-1,True,GCGCAACTCATCTGCC-1_contig_1,True,584,TRA,TRAV26-1,None,TRAJ29,TRAC,True,True,CIVRVAKGNTPLVF,TGCATCGTCAGAGTCGCTAAAGGAAACACACCTCTTGTCTTT,730,3,clonotype2469,clonotype2469_consensus_2
GCGCAACTCATCTGCC-1,True,GCGCAACTCATCTGCC-1_contig_2,True,507,TRB,TRBV20-1,None,TRBJ2-1,TRBC2,True,True,CSARSKPYSGGAYEQFF,TGCAGTGCTAGATCGAAACCATATAGCGGGGGGGCGTACGAGCAGTTCTTC,1833,5,clonotype2469,clonotype2469_consensus_1
GCGCAACTCATGTCTT-1,True,GCGCAACTCATGTCTT-1_contig_1,True,505,TRA,TRAV1-2,None,TRAJ33,TRAC,True,True,CAATDSNYQLIW,TGTGCTGCGACTGATAGCAACTATCAGTTAATCTGG,273,3,clonotype1,clonotype1_consensus_2
GCGCAACTCATGTCTT-1,True,GCGCAACTCATGTCTT-1_contig_2,True,518,TRB,TRBV20-1,None,TRBJ2-1,TRBC2,True,True,CSARVGSEVNEQFF,TGCAGTGCTAGAGTGGGGTCGGAAGTCAATGAGCAGTTCTTC,2787,8,clonotype1,clonotype1_consensus_1
GCGCAACTCCAGAAGG-1,True,GCGCAACTCCAGAAGG-1_contig_1,True,480,TRB,TRBV20-1,None,TRBJ1-2,TRBC1,True,True,CSARAGWGRGYTF,TGCAGTGCTAGAGCAGGATGGGGTCGCGGCTACACCTTC,170,2,clonotype2470,clonotype2470_consensus_2
GCGCAACTCCAGAAGG-1,True,GCGCAACTCCAGAAGG-1_contig_2,True,441,TRA,TRAV39,None,TRAJ49,TRAC,True,True,CAVENTGNQFYF,TGTGCCGTGGAGAACACCGGTAACCAGTTCTATTTT,424,3,clonotype2470,clonotype2470_consensus_1
GCGCAACTCCAGAAGG-1,True,GCGCAACTCCAGAAGG-1_contig_3,True,304,TRA,None,None,TRAJ27,TRAC,False,False,None,None,693,1,clonotype2470,None
GCGCAACTCCAGAAGG-1,True,GCGCAACTCCAGAAGG-1_contig_4,True,396,TRB,None,None,TRBJ1-3,TRBC1,False,False,None,None,793,8,clonotype2470,None
GCGCAACTCGGGAGTA-1,True,GCGCAACTCGGGAGTA-1_contig_1,True,495,TRA,TRAV9-2,None,TRAJ4,TRAC,True,True,CALRGSGGYNKLIF,TGTGCTCTGAGGGGCTCTGGTGGCTACAATAAGCTGATTTTT,1414,8,clonotype2471,clonotype2471_consensus_1
GCGCAACTCGGGAGTA-1,True,GCGCAACTCGGGAGTA-1_contig_2,True,494,TRB,TRBV5-5,None,TRBJ1-1,TRBC1,True,True,CASSLGPAEGTEAFF,TGTGCCAGCAGCTTGGGGCCGGCCGAGGGGACTGAAGCTTTCTTT,678,9,clonotype2471,clonotype2471_consensus_2
GCGCAACTCTTCAACT-1,True,GCGCAACTCTTCAACT-1_contig_1,True,521,TRB,TRBV20-1,None,TRBJ2-1,TRBC2,True,True,CSARVGSEVNEQFF,TGCAGTGCTAGAGTGGGGTCGGAAGTCAATGAGCAGTTCTTC,2142,12,clonotype2,clonotype2_consensus_1
GCGCAGTAGACACGAC-1,True,GCGCAGTAGACACGAC-1_contig_1,True,498,TRB,TRBV20-1,None,TRBJ1-6,TRBC1,True,True,CSARQRGWNDPLHF,TGCAGTGCTAGACAAAGAGGGTGGAATGACCCCCTCCACTTT,1192,7,clonotype352,clonotype352_consensus_1
GCGCAGTAGACACGAC-1,True,GCGCAGTAGACACGAC-1_contig_2,True,571,TRA,TRAV8-1,None,TRAJ42,TRAC,True,True,CAAHGGSQGNLIF,TGTGCCGCACATGGAGGAAGCCAAGGAAATCTCATCTTT,242,3,clonotype352,clonotype352_consensus_2
GCGCAGTAGAGCAATT-1,True,GCGCAGTAGAGCAATT-1_contig_1,True,653,TRB,TRBV5-6,None,TRBJ1-2,TRBC1,True,True,CASSSLPGGYTF,TGTGCCAGCAGCTCCCTCCCGGGTGGCTACACCTTC,2434,6,clonotype55,clonotype55_consensus_1
GCGCAGTAGAGCAATT-1,True,GCGCAGTAGAGCAATT-1_contig_2,True,465,TRA,TRAV13-1,None,TRAJ8,TRAC,True,True,CAARWMNTGFQKLVF,TGTGCAGCAAGGTGGATGAACACAGGCTTTCAGAAACTTGTATTT,3069,12,clonotype55,clonotype55_consensus_2
GCGCAGTAGCAATCTC-1,True,GCGCAGTAGCAATCTC-1_contig_1,True,656,TRB,TRBV5-6,None,TRBJ2-5,TRBC2,True,True,CASSMGGRETQYF,TGTGCCAGCTCAATGGGGGGTCGAGAGACCCAGTACTTC,4978,16,clonotype52,clonotype52_consensus_2
GCGCAGTAGCAATCTC-1,True,GCGCAGTAGCAATCTC-1_contig_2,True,455,TRA,TRAV9-2,None,TRAJ57,TRAC,True,True,CALSGTQGGSEKLVF,TGTGCTCTGAGCGGAACTCAGGGCGGATCTGAAAAGCTGGTCTTT,244,3,clonotype52,clonotype52_consensus_1
GCGCAGTAGGGTGTTG-1,True,GCGCAGTAGGGTGTTG-1_contig_1,True,514,TRA,TRAV20,None,TRAJ28,TRAC,True,True,CAVQAQSGAGSYQLTF,TGTGCTGTGCAGGCACAGTCTGGGGCTGGGAGTTACCAACTCACTTTC,947,4,clonotype2472,clonotype2472_consensus_2
GCGCAGTAGGGTGTTG-1,True,GCGCAGTAGGGTGTTG-1_contig_2,True,521,TRB,TRBV20-1,None,TRBJ1-5,TRBC1,True,True,CSARAGYSNQPQHF,TGCAGTGCTAGAGCTGGGTATAGCAATCAGCCCCAGCATTTT,2912,7,clonotype2472,clonotype2472_consensus_1
GCGCAGTAGGGTGTTG-1,True,GCGCAGTAGGGTGTTG-1_contig_3,True,377,TRB,None,None,TRBJ2-1,TRBC2,False,False,None,None,462,1,clonotype2472,None
GCGCAGTAGTAGGCCA-1,True,GCGCAGTAGTAGGCCA-1_contig_1,True,511,TRA,TRAV23/DV6,None,TRAJ10,TRAC,True,True,CAATDTGGGNKLTF,TGTGCAGCAACCGACACGGGAGGAGGAAACAAACTCACCTTT,1073,8,clonotype2473,clonotype2473_consensus_1
GCGCAGTAGTAGGCCA-1,True,GCGCAGTAGTAGGCCA-1_contig_2,True,497,TRB,TRBV5-5,None,TRBJ1-1,TRBC1,True,True,CASSSGGNTEAFF,TGTGCCAGCAGTAGCGGGGGGAACACTGAAGCTTTCTTT,1901,11,clonotype2473,clonotype2473_consensus_2
GCGCAGTAGTAGGCCA-1,True,GCGCAGTAGTAGGCCA-1_contig_3,True,450,TRA,TRAV9-2,None,TRAJ10,TRAC,True,False,None,None,500,3,clonotype2473,None
GCGCAGTAGTCCCACG-1,True,GCGCAGTAGTCCCACG-1_contig_1,True,462,TRA,TRAV13-1,None,TRAJ10,TRAC,True,True,CAAGRTGGGNKLTF,TGTGCAGCGGGACGAACGGGAGGAGGAAACAAACTCACCTTT,1794,8,clonotype2474,clonotype2474_consensus_1
GCGCAGTAGTCCCACG-1,True,GCGCAGTAGTCCCACG-1_contig_2,True,498,TRB,TRBV20-1,None,TRBJ2-1,TRBC2,True,True,CSAAETSDFYNEQFF,TGCAGTGCCGCCGAAACTAGTGACTTTTACAATGAGCAGTTCTTC,1336,6,clonotype2474,clonotype2474_consensus_2
GCGCAGTAGTCTTGCA-1,True,GCGCAGTAGTCTTGCA-1_contig_1,True,505,TRA,TRAV1-2,None,TRAJ33,TRAC,True,True,CAATDSNYQLIW,TGTGCTGCGACTGATAGCAACTATCAGTTAATCTGG,913,2,clonotype1,clonotype1_consensus_2
GCGCAGTAGTCTTGCA-1,True,GCGCAGTAGTCTTGCA-1_contig_2,True,498,TRB,TRBV20-1,None,TRBJ2-1,TRBC2,True,True,CSARVGSEVNEQFF,TGCAGTGCTAGAGTGGGGTCGGAAGTCAATGAGCAGTTCTTC,2268,10,clonotype1,clonotype1_consensus_1
GCGCAGTAGTGAATTG-1,True,GCGCAGTAGTGAATTG-1_contig_1,True,530,TRB,TRBV20-1,None,TRBJ1-1,TRBC1,True,True,CSASTGTGYFRYTEAFF,TGCAGTGCGAGCACCGGGACAGGGTATTTTCGGTACACTGAAGCTTTCTTT,1995,6,clonotype38,clonotype38_consensus_1
GCGCAGTAGTGAATTG-1,True,GCGCAGTAGTGAATTG-1_contig_2,True,478,TRA,TRAV35,None,TRAJ47,TRAC,True,True,CAGVEYGNKLVF,TGTGCTGGGGTGGAATATGGAAACAAACTGGTCTTT,459,1,clonotype38,clonotype38_consensus_2
GCGCAGTCAAACAACA-1,True,GCGCAGTCAAACAACA-1_contig_1,True,538,TRA,TRAV12-2,None,TRAJ43,TRAC,True,True,CAVSGYRDMRF,TGTGCCGTGAGCGGGTATCGGGACATGCGCTTT,219,3,clonotype2475,clonotype2475_consensus_1
GCGCAGTCAACTTGAC-1,True,GCGCAGTCAACTTGAC-1_contig_1,True,505,TRA,TRAV1-2,None,TRAJ33,TRAC,True,True,CAATDSNYQLIW,TGTGCTGCGACTGATAGCAACTATCAGTTAATCTGG,504,1,clonotype1,clonotype1_consensus_2
GCGCAGTCAACTTGAC-1,True,GCGCAGTCAACTTGAC-1_contig_2,True,485,TRB,TRBV20-1,None,TRBJ2-1,TRBC2,True,True,CSARVGSEVNEQFF,TGCAGTGCTAGAGTGGGGTCGGAAGTCAATGAGCAGTTCTTC,1836,9,clonotype1,clonotype1_consensus_1
GCGCAGTCAACTTGAC-1,True,GCGCAGTCAACTTGAC-1_contig_3,True,431,TRA,TRAV10,None,TRAJ24,TRAC,True,False,None,None,166,1,clonotype1,None
GCGCAGTCAAGACGTG-1,True,GCGCAGTCAAGACGTG-1_contig_1,True,505,TRA,TRAV1-2,None,TRAJ33,TRAC,True,True,CAATDSNYQLIW,TGTGCTGCGACTGATAGCAACTATCAGTTAATCTGG,298,4,clonotype1,clonotype1_consensus_2
GCGCAGTCAAGACGTG-1,True,GCGCAGTCAAGACGTG-1_contig_2,True,521,TRB,TRBV20-1,None,TRBJ2-1,TRBC2,True,True,CSARVGSEVNEQFF,TGCAGTGCTAGAGTGGGGTCGGAAGTCAATGAGCAGTTCTTC,1431,6,clonotype1,clonotype1_consensus_1
GCGCAGTCAAGCGATG-1,True,GCGCAGTCAAGCGATG-1_contig_1,True,514,TRA,TRAV1-2,None,TRAJ4,TRAC,True,True,CAVMPMGGGYNKLIF,TGTGCTGTGATGCCCATGGGGGGTGGCTACAATAAGCTGATTTTT,1730,6,clonotype2476,clonotype2476_consensus_1
GCGCAGTCAAGCGATG-1,True,GCGCAGTCAAGCGATG-1_contig_2,True,680,TRB,TRBV5-6,None,TRBJ2-6,TRBC2,True,True,CASSLQSTGSGANVLTF,TGTGCCAGCAGCTTACAATCTACCGGCTCTGGGGCCAACGTCCTGACTTTC,534,7,clonotype2476,clonotype2476_consensus_2
GCGCAGTCAAGTTCTG-1,True,GCGCAGTCAAGTTCTG-1_contig_1,True,505,TRA,TRAV1-2,None,TRAJ33,TRAC,True,True,CAATDSNYQLIW,TGTGCTGCGACTGATAGCAACTATCAGTTAATCTGG,401,4,clonotype1,clonotype1_consensus_2
GCGCAGTCAAGTTCTG-1,True,GCGCAGTCAAGTTCTG-1_contig_2,True,521,TRB,TRBV20-1,None,TRBJ2-1,TRBC2,True,True,CSARVGSEVNEQFF,TGCAGTGCTAGAGTGGGGTCGGAAGTCAATGAGCAGTTCTTC,2376,11,clonotype1,clonotype1_consensus_1
GCGCAGTCAATAACGA-1,True,GCGCAGTCAATAACGA-1_contig_1,True,570,TRA,TRAV8-4,None,TRAJ5,TRAC,True,True,CAVSPYTGRRALTF,TGTGCTGTGAGTCCCTACACGGGCAGGAGAGCACTTACTTTT,1069,7,clonotype319,clonotype319_consensus_1
GCGCAGTCAATAACGA-1,True,GCGCAGTCAATAACGA-1_contig_2,True,524,TRB,TRBV20-1,None,TRBJ1-4,TRBC1,True,True,CSARPSMGQSEKLFF,TGCAGTGCTAGGCCTAGTATGGGACAGTCTGAAAAACTGTTTTTT,3296,11,clonotype319,clonotype319_consensus_2
GCGCAGTCACAGACTT-1,True,GCGCAGTCACAGACTT-1_contig_1,True,505,TRA,TRAV1-2,None,TRAJ33,TRAC,True,True,CAATDSNYQLIW,TGTGCTGCGACTGATAGCAACTATCAGTTAATCTGG,461,2,clonotype1,clonotype1_consensus_2
GCGCAGTCACAGACTT-1,True,GCGCAGTCACAGACTT-1_contig_2,True,498,TRB,TRBV20-1,None,TRBJ2-1,TRBC2,True,True,CSARVGSEVNEQFF,TGCAGTGCTAGAGTGGGGTCGGAAGTCAATGAGCAGTTCTTC,1638,8,clonotype1,clonotype1_consensus_1
GCGCAGTCACTTAACG-1,True,GCGCAGTCACTTAACG-1_contig_1,True,505,TRA,TRAV1-2,None,TRAJ33,TRAC,True,True,CAATDSNYQLIW,TGTGCTGCGACTGATAGCAACTATCAGTTAATCTGG,193,2,clonotype1,clonotype1_consensus_2
GCGCAGTCACTTAACG-1,True,GCGCAGTCACTTAACG-1_contig_2,True,498,TRB,TRBV20-1,None,TRBJ2-1,TRBC2,True,True,CSARVGSEVNEQFF,TGCAGTGCTAGAGTGGGGTCGGAAGTCAATGAGCAGTTCTTC,2060,10,clonotype1,clonotype1_consensus_1
GCGCAGTCAGATCCAT-1,True,GCGCAGTCAGATCCAT-1_contig_1,True,459,TRA,TRAV36/DV7,None,TRAJ48,TRAC,True,True,CAVHGNEKLTF,TGTGCTGTTCATGGAAATGAGAAATTAACCTTT,455,2,clonotype2477,clonotype2477_consensus_1
GCGCAGTCAGATCCAT-1,True,GCGCAGTCAGATCCAT-1_contig_2,True,524,TRB,TRBV20-1,None,TRBJ2-7,TRBC2,True,True,CSARDLGQGYPYEQYF,TGCAGTGCTAGAGATCTAGGTCAGGGATACCCCTACGAGCAGTACTTC,2005,8,clonotype2477,clonotype2477_consensus_3
GCGCAGTCAGATCCAT-1,True,GCGCAGTCAGATCCAT-1_contig_3,True,479,TRA,TRAV35,None,TRAJ54,TRAC,True,True,CAGQGAQKLVF,TGTGCTGGGCAGGGAGCCCAGAAGCTGGTATTT,583,1,clonotype2477,clonotype2477_consensus_2
GCGCAGTCAGCGTAAG-1,True,GCGCAGTCAGCGTAAG-1_contig_1,True,561,TRA,TRAV16,None,TRAJ52,TRAC,True,True,CALRKAGGTSYGKLTF,TGTGCTCTAAGAAAGGCTGGTGGTACTAGCTATGGAAAGCTGACATTT,2902,9,clonotype2478,clonotype2478_consensus_1
GCGCAGTCAGCGTAAG-1,True,GCGCAGTCAGCGTAAG-1_contig_2,True,656,TRB,TRBV5-6,None,TRBJ2-1,TRBC2,True,True,CASSPRLVHEQFF,TGTGCCAGCAGCCCAAGACTAGTCCATGAGCAGTTCTTC,4064,11,clonotype2478,clonotype2478_consensus_2
GCGCAGTCAGCGTAAG-1,True,GCGCAGTCAGCGTAAG-1_contig_3,True,555,TRA,TRAV29/DV5,None,TRAJ53,TRAC,True,False,CSVLRGSNYKLTF,TGCAGTGTACTCCGAGGTAGCAACTATAAACTGACATTT,232,2,clonotype2478,None
GCGCAGTCAGCGTCCA-1,True,GCGCAGTCAGCGTCCA-1_contig_1,True,515,TRB,TRBV20-1,None,TRBJ2-7,TRBC2,True,True,CSARDQGDRENF,TGCAGTGCTAGAGATCAGGGGGACAGGGAGAACTTC,2245,13,clonotype2479,clonotype2479_consensus_2
GCGCAGTCAGCGTCCA-1,True,GCGCAGTCAGCGTCCA-1_contig_2,True,511,TRA,TRAV23/DV6,None,TRAJ8,TRAC,True,True,CAASKATGFQKLVF,TGTGCAGCAAGCAAGGCCACAGGCTTTCAGAAACTTGTATTT,1310,3,clonotype2479,clonotype2479_consensus_1
GCGCAGTCAGCGTCCA-1,True,GCGCAGTCAGCGTCCA-1_contig_3,True,432,TRA,None,None,TRAJ6,TRAC,False,False,None,None,344,4,clonotype2479,None
GCGCAGTCAGCGTCCA-1,True,GCGCAGTCAGCGTCCA-1_contig_4,True,317,TRB,None,None,TRBJ1-6,TRBC1,False,False,None,None,151,2,clonotype2479,None
GCGCAGTGTACAGCAG-1,True,GCGCAGTGTACAGCAG-1_contig_1,True,505,TRA,TRAV1-2,None,TRAJ33,TRAC,True,True,CAATDSNYQLIW,TGTGCTGCGACTGATAGCAACTATCAGTTAATCTGG,89,1,clonotype1,clonotype1_consensus_2
GCGCAGTGTACAGCAG-1,True,GCGCAGTGTACAGCAG-1_contig_2,True,521,TRB,TRBV20-1,None,TRBJ2-1,TRBC2,True,True,CSARVGSEVNEQFF,TGCAGTGCTAGAGTGGGGTCGGAAGTCAATGAGCAGTTCTTC,1609,6,clonotype1,clonotype1_consensus_1
GCGCAGTGTAGGAGTC-1,True,GCGCAGTGTAGGAGTC-1_contig_1,True,475,TRA,TRAV9-2,None,TRAJ20,TRAC,True,True,CALSSYSNDYKLSF,TGTGCTCTGAGCTCCTATTCTAACGACTACAAGCTCAGCTTT,926,4,clonotype51,clonotype51_consensus_2
GCGCAGTGTAGGAGTC-1,True,GCGCAGTGTAGGAGTC-1_contig_2,True,481,TRB,TRBV5-5,None,TRBJ1-1,TRBC1,True,True,CASSPAPDTEAFF,TGTGCCAGCAGCCCCGCTCCGGACACTGAAGCTTTCTTT,373,1,clonotype51,clonotype51_consensus_1
GCGCAGTGTGCGATAG-1,True,GCGCAGTGTGCGATAG-1_contig_1,True,502,TRA,TRAV1-2,None,TRAJ33,TRAC,True,True,CAATDSNYQLIW,TGTGCTGCGACTGATAGCAACTATCAGTTAATCTGG,595,2,clonotype1,clonotype1_consensus_2
GCGCAGTGTGCGATAG-1,True,GCGCAGTGTGCGATAG-1_contig_2,True,521,TRB,TRBV20-1,None,TRBJ2-1,TRBC2,True,True,CSARVGSEVNEQFF,TGCAGTGCTAGAGTGGGGTCGGAAGTCAATGAGCAGTTCTTC,3737,13,clonotype1,clonotype1_consensus_1
GCGCAGTGTGCGATAG-1,True,GCGCAGTGTGCGATAG-1_contig_3,True,463,TRA,TRAV10,None,TRAJ24,TRAC,True,False,None,None,968,3,clonotype1,None
GCGCAGTGTTTAAGCC-1,True,GCGCAGTGTTTAAGCC-1_contig_1,True,505,TRA,TRAV1-2,None,TRAJ33,TRAC,True,True,CAATDSNYQLIW,TGTGCTGCGACTGATAGCAACTATCAGTTAATCTGG,678,4,clonotype1,clonotype1_consensus_2
GCGCAGTGTTTAAGCC-1,True,GCGCAGTGTTTAAGCC-1_contig_2,True,521,TRB,TRBV20-1,None,TRBJ2-1,TRBC2,True,True,CSARVGSEVNEQFF,TGCAGTGCTAGAGTGGGGTCGGAAGTCAATGAGCAGTTCTTC,1621,8,clonotype1,clonotype1_consensus_1
GCGCAGTTCAAAGTAG-1,True,GCGCAGTTCAAAGTAG-1_contig_1,True,501,TRB,TRBV20-1,None,TRBJ2-2,TRBC2,True,True,CSARVAGTTTGELFF,TGCAGTGCTAGAGTCGCCGGGACAACAACCGGGGAGCTGTTTTTT,1143,7,clonotype2480,clonotype2480_consensus_2
GCGCAGTTCAAAGTAG-1,True,GCGCAGTTCAAAGTAG-1_contig_2,True,479,TRA,TRAV38-1,None,TRAJ43,TRAC,True,True,CAFMTALADMRF,TGTGCTTTCATGACCGCACTAGCCGACATGCGCTTT,725,4,clonotype2480,clonotype2480_consensus_1
GCGCAGTTCAACGAAA-1,True,GCGCAGTTCAACGAAA-1_contig_1,True,505,TRA,TRAV1-2,None,TRAJ33,TRAC,True,True,CAATDSNYQLIW,TGTGCTGCGACTGATAGCAACTATCAGTTAATCTGG,1231,3,clonotype1,clonotype1_consensus_2
GCGCAGTTCAACGAAA-1,True,GCGCAGTTCAACGAAA-1_contig_2,True,521,TRB,TRBV20-1,None,TRBJ2-1,TRBC2,True,True,CSARVGSEVNEQFF,TGCAGTGCTAGAGTGGGGTCGGAAGTCAATGAGCAGTTCTTC,2666,7,clonotype1,clonotype1_consensus_1
GCGCAGTTCAACGAAA-1,True,GCGCAGTTCAACGAAA-1_contig_3,True,468,TRA,TRAV10,None,TRAJ24,TRAC,True,False,None,None,33,1,clonotype1,None
GCGCAGTTCAGAAATG-1,True,GCGCAGTTCAGAAATG-1_contig_1,True,505,TRA,TRAV1-2,None,TRAJ33,TRAC,True,True,CAATDSNYQLIW,TGTGCTGCGACTGATAGCAACTATCAGTTAATCTGG,395,2,clonotype1,clonotype1_consensus_2
GCGCAGTTCAGAAATG-1,True,GCGCAGTTCAGAAATG-1_contig_2,True,520,TRB,TRBV20-1,None,TRBJ2-1,TRBC2,True,True,CSARVGSEVNEQFF,TGCAGTGCTAGAGTGGGGTCGGAAGTCAATGAGCAGTTCTTC,1845,8,clonotype1,clonotype1_consensus_1
GCGCAGTTCAGAAATG-1,True,GCGCAGTTCAGAAATG-1_contig_3,True,482,TRA,TRAV10,None,TRAJ24,TRAC,True,False,None,None,981,4,clonotype1,None
GCGCAGTTCAGCTTAG-1,True,GCGCAGTTCAGCTTAG-1_contig_1,True,515,TRB,TRBV20-1,None,TRBJ2-7,TRBC2,True,True,CSARGGTYEQYF,TGCAGTGCTAGGGGAGGGACCTACGAGCAGTACTTC,2258,12,clonotype2481,clonotype2481_consensus_1
GCGCAGTTCAGCTTAG-1,True,GCGCAGTTCAGCTTAG-1_contig_2,True,689,TRA,TRAV8-3,None,TRAJ48,TRAC,True,True,CAVGFLSNFGNEKLTF,TGTGCTGTGGGGTTTTTATCTAACTTTGGAAATGAGAAATTAACCTTT,798,4,clonotype2481,clonotype2481_consensus_2
GCGCAGTTCAGCTTAG-1,True,GCGCAGTTCAGCTTAG-1_contig_3,True,311,TRB,None,None,TRBJ1-2,TRBC1,False,False,None,None,1237,4,clonotype2481,None
GCGCAGTTCTAACGGT-1,True,GCGCAGTTCTAACGGT-1_contig_1,True,505,TRA,TRAV1-2,None,TRAJ33,TRAC,True,True,CAATDSNYQLIW,TGTGCTGCGACTGATAGCAACTATCAGTTAATCTGG,1086,3,clonotype1,clonotype1_consensus_2
GCGCAGTTCTAACGGT-1,True,GCGCAGTTCTAACGGT-1_contig_2,True,521,TRB,TRBV20-1,None,TRBJ2-1,TRBC2,True,True,CSARVGSEVNEQFF,TGCAGTGCTAGAGTGGGGTCGGAAGTCAATGAGCAGTTCTTC,1577,8,clonotype1,clonotype1_consensus_1
GCGCAGTTCTCACATT-1,True,GCGCAGTTCTCACATT-1_contig_1,True,512,TRB,TRBV5-5,None,TRBJ1-4,TRBC1,True,True,CASSHPGPNYATNEKLFF,TGTGCCAGCAGCCATCCCGGACCGAACTACGCAACTAATGAAAAACTGTTTTTT,742,3,clonotype4,clonotype4_consensus_1
GCGCAGTTCTGCTGCT-1,True,GCGCAGTTCTGCTGCT-1_contig_1,True,521,TRB,TRBV20-1,None,TRBJ2-1,TRBC2,True,True,CSARVGSEVNEQFF,TGCAGTGCTAGAGTGGGGTCGGAAGTCAATGAGCAGTTCTTC,2999,9,clonotype2,clonotype2_consensus_1
GCGCCAAAGACAAGCC-1,True,GCGCCAAAGACAAGCC-1_contig_1,True,526,TRA,TRAV27,None,TRAJ52,TRAC,True,True,CAGEGGTSYGKLTF,TGTGCAGGAGAAGGTGGTACTAGCTATGGAAAGCTGACATTT,2067,6,clonotype202,clonotype202_consensus_1
GCGCCAAAGACAAGCC-1,True,GCGCCAAAGACAAGCC-1_contig_2,True,663,TRB,TRBV5-6,None,TRBJ2-6,TRBC2,True,True,CASSLGSGANVLTF,TGTGCCAGCAGCTTGGGGTCCGGGGCCAACGTCCTGACTTTC,2743,9,clonotype202,clonotype202_consensus_2
GCGCCAAAGATCACGG-1,True,GCGCCAAAGATCACGG-1_contig_1,True,505,TRA,TRAV1-2,None,TRAJ33,TRAC,True,True,CAATDSNYQLIW,TGTGCTGCGACTGATAGCAACTATCAGTTAATCTGG,605,2,clonotype1,clonotype1_consensus_2
GCGCCAAAGATCACGG-1,True,GCGCCAAAGATCACGG-1_contig_2,True,521,TRB,TRBV20-1,None,TRBJ2-1,TRBC2,True,True,CSARVGSEVNEQFF,TGCAGTGCTAGAGTGGGGTCGGAAGTCAATGAGCAGTTCTTC,1518,6,clonotype1,clonotype1_consensus_1
GCGCCAAAGGATATAC-1,True,GCGCCAAAGGATATAC-1_contig_1,True,505,TRA,TRAV1-2,None,TRAJ33,TRAC,True,True,CAATDSNYQLIW,TGTGCTGCGACTGATAGCAACTATCAGTTAATCTGG,1319,4,clonotype1,clonotype1_consensus_2
GCGCCAAAGGATATAC-1,True,GCGCCAAAGGATATAC-1_contig_2,True,498,TRB,TRBV20-1,None,TRBJ2-1,TRBC2,True,True,CSARVGSEVNEQFF,TGCAGTGCTAGAGTGGGGTCGGAAGTCAATGAGCAGTTCTTC,2328,8,clonotype1,clonotype1_consensus_1
GCGCCAAAGGCATTGG-1,True,GCGCCAAAGGCATTGG-1_contig_1,True,505,TRA,TRAV1-2,None,TRAJ33,TRAC,True,True,CAATDSNYQLIW,TGTGCTGCGACTGATAGCAACTATCAGTTAATCTGG,1234,9,clonotype1,clonotype1_consensus_2
GCGCCAAAGGCATTGG-1,True,GCGCCAAAGGCATTGG-1_contig_2,True,495,TRB,TRBV20-1,None,TRBJ2-1,TRBC2,True,True,CSARVGSEVNEQFF,TGCAGTGCTAGAGTGGGGTCGGAAGTCAATGAGCAGTTCTTC,1420,5,clonotype1,clonotype1_consensus_1
GCGCCAAAGGCATTGG-1,True,GCGCCAAAGGCATTGG-1_contig_3,True,482,TRA,TRAV10,None,TRAJ24,TRAC,True,False,None,None,373,2,clonotype1,None
GCGCCAAAGTCGTACT-1,True,GCGCCAAAGTCGTACT-1_contig_1,True,505,TRA,TRAV1-2,None,TRAJ33,TRAC,True,True,CAATDSNYQLIW,TGTGCTGCGACTGATAGCAACTATCAGTTAATCTGG,1492,3,clonotype1,clonotype1_consensus_2
GCGCCAAAGTCGTACT-1,True,GCGCCAAAGTCGTACT-1_contig_2,True,521,TRB,TRBV20-1,None,TRBJ2-1,TRBC2,True,True,CSARVGSEVNEQFF,TGCAGTGCTAGAGTGGGGTCGGAAGTCAATGAGCAGTTCTTC,2990,7,clonotype1,clonotype1_consensus_1
GCGCCAACACGGCCAT-1,True,GCGCCAACACGGCCAT-1_contig_1,True,505,TRA,TRAV1-2,None,TRAJ33,TRAC,True,True,CAATDSNYQLIW,TGTGCTGCGACTGATAGCAACTATCAGTTAATCTGG,702,3,clonotype1,clonotype1_consensus_2
GCGCCAACACGGCCAT-1,True,GCGCCAACACGGCCAT-1_contig_2,True,492,TRB,TRBV20-1,None,TRBJ2-1,TRBC2,True,True,CSARVGSEVNEQFF,TGCAGTGCTAGAGTGGGGTCGGAAGTCAATGAGCAGTTCTTC,974,5,clonotype1,clonotype1_consensus_1
GCGCCAACACGGCCAT-1,True,GCGCCAACACGGCCAT-1_contig_3,True,482,TRA,TRAV10,None,TRAJ24,TRAC,True,False,None,None,493,2,clonotype1,None
GCGCCAACACGGCCAT-1,True,GCGCCAACACGGCCAT-1_contig_4,True,306,TRA,None,None,TRAJ32,TRAC,False,False,None,None,1469,1,clonotype1,None
GCGCCAACAGGTTTCA-1,True,GCGCCAACAGGTTTCA-1_contig_1,True,521,TRB,TRBV20-1,None,TRBJ2-7,TRBC2,True,True,CSASLPGAGYEQYF,TGCAGTGCTAGTCTCCCGGGGGCCGGGTACGAGCAGTACTTC,1960,5,clonotype2482,clonotype2482_consensus_1
GCGCCAACATGGATGG-1,True,GCGCCAACATGGATGG-1_contig_1,True,502,TRA,TRAV1-2,None,TRAJ30,TRAC,True,True,CAVRDLREIIF,TGTGCTGTGAGAGATCTTCGGGAGATCATCTTT,624,2,clonotype32,clonotype32_consensus_3
GCGCCAACATGGATGG-1,True,GCGCCAACATGGATGG-1_contig_2,True,496,TRB,TRBV5-5,None,TRBJ1-4,TRBC1,True,True,CASSHPGPNYATNEKLFF,TGTGCCAGCAGCCATCCCGGACCGAACTACGCAACTAATGAAAAACTGTTTTTT,623,4,clonotype32,clonotype32_consensus_1
GCGCCAACATGGATGG-1,True,GCGCCAACATGGATGG-1_contig_3,True,505,TRA,TRAV1-2,None,TRAJ33,TRAC,True,True,CAATDSNYQLIW,TGTGCTGCGACTGATAGCAACTATCAGTTAATCTGG,389,3,clonotype32,clonotype32_consensus_4
GCGCCAACATGGATGG-1,True,GCGCCAACATGGATGG-1_contig_4,True,485,TRB,TRBV20-1,None,TRBJ2-1,TRBC2,True,True,CSARVGSEVNEQFF,TGCAGTGCTAGAGTGGGGTCGGAAGTCAATGAGCAGTTCTTC,1564,7,clonotype32,clonotype32_consensus_2
GCGCCAACATGGATGG-1,True,GCGCCAACATGGATGG-1_contig_5,True,467,TRA,TRAV10,None,TRAJ24,TRAC,True,False,None,None,573,1,clonotype32,None
GCGCCAAGTGAAAGAG-1,True,GCGCCAAGTGAAAGAG-1_contig_1,True,459,TRA,TRAV13-1,None,TRAJ10,TRAC,True,True,CAASTGGGNKLTF,TGTGCAGCAAGTACGGGAGGAGGAAACAAACTCACCTTT,1140,3,clonotype2483,clonotype2483_consensus_1
GCGCCAAGTGAAAGAG-1,True,GCGCCAAGTGAAAGAG-1_contig_2,True,527,TRB,TRBV20-1,None,TRBJ2-7,TRBC2,True,True,CSAIPPPGQGLREQYF,TGCAGTGCTATTCCGCCTCCGGGACAGGGGTTGCGCGAGCAGTACTTC,1842,7,clonotype2483,clonotype2483_consensus_2
GCGCCAAGTGAACCTT-1,True,GCGCCAAGTGAACCTT-1_contig_1,True,521,TRB,TRBV20-1,None,TRBJ2-1,TRBC2,True,True,CSARVGSEVNEQFF,TGCAGTGCTAGAGTGGGGTCGGAAGTCAATGAGCAGTTCTTC,3234,9,clonotype2,clonotype2_consensus_1
GCGCCAAGTGGAAAGA-1,True,GCGCCAAGTGGAAAGA-1_contig_1,True,501,TRB,TRBV20-1,None,TRBJ1-2,TRBC1,True,True,CSARDVSGQLYGYTF,TGCAGTGCTAGAGATGTTTCGGGCCAGCTCTATGGCTACACCTTC,1729,7,clonotype316,clonotype316_consensus_2
GCGCCAAGTGGAAAGA-1,True,GCGCCAAGTGGAAAGA-1_contig_2,True,514,TRA,TRAV23/DV6,None,TRAJ37,TRAC,True,True,CAASVDSSNTGKLIF,TGTGCAGCAAGTGTAGACTCTAGCAACACAGGCAAACTAATCTTT,705,4,clonotype316,clonotype316_consensus_1
GCGCCAAGTTATCACG-1,True,GCGCCAAGTTATCACG-1_contig_1,True,505,TRA,TRAV1-2,None,TRAJ33,TRAC,True,True,CAATDSNYQLIW,TGTGCTGCGACTGATAGCAACTATCAGTTAATCTGG,1088,4,clonotype1,clonotype1_consensus_2
GCGCCAAGTTATCACG-1,True,GCGCCAAGTTATCACG-1_contig_2,True,497,TRB,TRBV20-1,None,TRBJ2-1,TRBC2,True,True,CSARVGSEVNEQFF,TGCAGTGCTAGAGTGGGGTCGGAAGTCAATGAGCAGTTCTTC,3345,12,clonotype1,clonotype1_consensus_1
GCGCCAAGTTATCACG-1,True,GCGCCAAGTTATCACG-1_contig_3,True,467,TRA,TRAV10,None,TRAJ24,TRAC,True,False,None,None,279,1,clonotype1,None
GCGCCAAGTTCGTCTC-1,True,GCGCCAAGTTCGTCTC-1_contig_1,True,502,TRA,TRAV1-2,None,TRAJ33,TRAC,True,True,CAATDSNYQLIW,TGTGCTGCGACTGATAGCAACTATCAGTTAATCTGG,367,2,clonotype1,clonotype1_consensus_2
GCGCCAAGTTCGTCTC-1,True,GCGCCAAGTTCGTCTC-1_contig_2,True,515,TRB,TRBV20-1,None,TRBJ2-1,TRBC2,True,True,CSARVGSEVNEQFF,TGCAGTGCTAGAGTGGGGTCGGAAGTCAATGAGCAGTTCTTC,652,4,clonotype1,clonotype1_consensus_1
GCGCCAATCACTTATC-1,True,GCGCCAATCACTTATC-1_contig_1,True,505,TRA,TRAV1-2,None,TRAJ33,TRAC,True,True,CAATDSNYQLIW,TGTGCTGCGACTGATAGCAACTATCAGTTAATCTGG,822,3,clonotype1,clonotype1_consensus_2
GCGCCAATCACTTATC-1,True,GCGCCAATCACTTATC-1_contig_2,True,521,TRB,TRBV20-1,None,TRBJ2-1,TRBC2,True,True,CSARVGSEVNEQFF,TGCAGTGCTAGAGTGGGGTCGGAAGTCAATGAGCAGTTCTTC,1289,6,clonotype1,clonotype1_consensus_1
GCGCCAATCCCGGATG-1,True,GCGCCAATCCCGGATG-1_contig_1,True,453,TRA,TRAV9-2,None,TRAJ27,TRAC,True,True,CALSDQTNAGKSTF,TGTGCTCTGAGTGATCAAACCAATGCAGGCAAATCAACCTTT,1454,4,clonotype2484,clonotype2484_consensus_2
GCGCCAATCCCGGATG-1,True,GCGCCAATCCCGGATG-1_contig_2,True,664,TRB,TRBV5-5,None,TRBJ2-5,TRBC2,True,True,CASSPGVAGGVETQYF,TGTGCCAGCAGCCCCGGGGTAGCGGGGGGAGTAGAGACCCAGTACTTC,1516,4,clonotype2484,clonotype2484_consensus_1
GCGCCAATCCGTAGTA-1,True,GCGCCAATCCGTAGTA-1_contig_1,True,497,TRA,TRAV38-2/DV8,None,TRAJ40,TRAC,True,True,CAYRTSTSGTYKYIF,TGTGCTTATAGGACCTCTACCTCAGGAACCTACAAATACATCTTT,722,5,clonotype64,clonotype64_consensus_1
GCGCCAATCCGTAGTA-1,True,GCGCCAATCCGTAGTA-1_contig_2,True,512,TRB,TRBV20-1,None,TRBJ2-4,TRBC2,True,True,CSARSGSIQYF,TGCAGTGCCAGGTCAGGGAGCATTCAGTACTTC,2705,11,clonotype64,clonotype64_consensus_2
GCGCCAATCCTCATTA-1,True,GCGCCAATCCTCATTA-1_contig_1,True,505,TRA,TRAV1-2,None,TRAJ33,TRAC,True,True,CAATDSNYQLIW,TGTGCTGCGACTGATAGCAACTATCAGTTAATCTGG,757,3,clonotype1,clonotype1_consensus_2
GCGCCAATCCTCATTA-1,True,GCGCCAATCCTCATTA-1_contig_2,True,521,TRB,TRBV20-1,None,TRBJ2-1,TRBC2,True,True,CSARVGSEVNEQFF,TGCAGTGCTAGAGTGGGGTCGGAAGTCAATGAGCAGTTCTTC,2060,8,clonotype1,clonotype1_consensus_1
GCGCCAATCCTTGCCA-1,True,GCGCCAATCCTTGCCA-1_contig_1,True,505,TRA,TRAV1-2,None,TRAJ33,TRAC,True,True,CAATDSNYQLIW,TGTGCTGCGACTGATAGCAACTATCAGTTAATCTGG,58,1,clonotype1,clonotype1_consensus_2
GCGCCAATCCTTGCCA-1,True,GCGCCAATCCTTGCCA-1_contig_2,True,521,TRB,TRBV20-1,None,TRBJ2-1,TRBC2,True,True,CSARVGSEVNEQFF,TGCAGTGCTAGAGTGGGGTCGGAAGTCAATGAGCAGTTCTTC,1823,7,clonotype1,clonotype1_consensus_1
GCGCCAATCCTTGCCA-1,True,GCGCCAATCCTTGCCA-1_contig_3,True,440,TRA,TRAV10,None,TRAJ24,TRAC,True,False,None,None,748,1,clonotype1,None
GCGCCAATCGAATGGG-1,True,GCGCCAATCGAATGGG-1_contig_1,True,502,TRA,TRAV1-2,None,TRAJ33,TRAC,True,True,CAATDSNYQLIW,TGTGCTGCGACTGATAGCAACTATCAGTTAATCTGG,236,2,clonotype1,clonotype1_consensus_2
GCGCCAATCGAATGGG-1,True,GCGCCAATCGAATGGG-1_contig_2,True,498,TRB,TRBV20-1,None,TRBJ2-1,TRBC2,True,True,CSARVGSEVNEQFF,TGCAGTGCTAGAGTGGGGTCGGAAGTCAATGAGCAGTTCTTC,1080,4,clonotype1,clonotype1_consensus_1
GCGCCAATCGAATGGG-1,True,GCGCCAATCGAATGGG-1_contig_3,True,465,TRA,TRAV10,None,TRAJ24,TRAC,True,False,None,None,306,2,clonotype1,None
GCGCGATAGAAGGACA-1,True,GCGCGATAGAAGGACA-1_contig_1,True,494,TRB,TRBV20-1,None,TRBJ1-6,TRBC1,True,True,CSARKPHWTGEASPLHF,TGCAGTGCTAGAAAACCTCACTGGACAGGGGAAGCTTCACCCCTCCACTTT,1914,7,clonotype30,clonotype30_consensus_2
GCGCGATAGAAGGACA-1,True,GCGCGATAGAAGGACA-1_contig_2,True,579,TRA,TRAV12-1,None,TRAJ35,TRAC,True,True,CVVIGFGNVLHC,TGTGTGGTGATAGGCTTTGGGAATGTGCTGCATTGC,385,5,clonotype30,clonotype30_consensus_1
GCGCGATAGAAGGACA-1,True,GCGCGATAGAAGGACA-1_contig_3,True,305,TRA,None,None,TRAJ10,TRAC,False,False,None,None,547,1,clonotype30,None
GCGCGATAGATACACA-1,True,GCGCGATAGATACACA-1_contig_1,True,505,TRA,TRAV1-2,None,TRAJ33,TRAC,True,True,CAATDSNYQLIW,TGTGCTGCGACTGATAGCAACTATCAGTTAATCTGG,776,4,clonotype1,clonotype1_consensus_2
GCGCGATAGATACACA-1,True,GCGCGATAGATACACA-1_contig_2,True,492,TRB,TRBV20-1,None,TRBJ2-1,TRBC2,True,True,CSARVGSEVNEQFF,TGCAGTGCTAGAGTGGGGTCGGAAGTCAATGAGCAGTTCTTC,1691,5,clonotype1,clonotype1_consensus_1
GCGCGATAGATACACA-1,True,GCGCGATAGATACACA-1_contig_3,True,497,TRA,TRAV10,None,TRAJ24,TRAC,True,False,None,None,690,2,clonotype1,None
GCGCGATCACCGCTAG-1,True,GCGCGATCACCGCTAG-1_contig_1,True,505,TRA,TRAV1-2,None,TRAJ33,TRAC,True,True,CAATDSNYQLIW,TGTGCTGCGACTGATAGCAACTATCAGTTAATCTGG,587,2,clonotype1,clonotype1_consensus_2
GCGCGATCACCGCTAG-1,True,GCGCGATCACCGCTAG-1_contig_2,True,511,TRB,TRBV20-1,None,TRBJ2-1,TRBC2,True,True,CSARVGSEVNEQFF,TGCAGTGCTAGAGTGGGGTCGGAAGTCAATGAGCAGTTCTTC,2169,9,clonotype1,clonotype1_consensus_1
GCGCGATCACCGCTAG-1,True,GCGCGATCACCGCTAG-1_contig_3,True,467,TRA,TRAV10,None,TRAJ24,TRAC,True,False,None,None,914,2,clonotype1,None
GCGCGATGTAAAGGAG-1,True,GCGCGATGTAAAGGAG-1_contig_1,True,521,TRB,TRBV20-1,None,TRBJ2-1,TRBC2,True,True,CSARVGSEVNEQFF,TGCAGTGCTAGAGTGGGGTCGGAAGTCAATGAGCAGTTCTTC,1882,10,clonotype2,clonotype2_consensus_1
GCGCGATGTAAAGGAG-1,True,GCGCGATGTAAAGGAG-1_contig_2,True,467,TRA,TRAV10,None,TRAJ24,TRAC,True,False,None,None,403,1,clonotype2,None
GCGCGATGTACTCGCG-1,True,GCGCGATGTACTCGCG-1_contig_1,True,485,TRB,TRBV20-1,None,TRBJ2-1,TRBC2,True,True,CSARVGSEVNEQFF,TGCAGTGCTAGAGTGGGGTCGGAAGTCAATGAGCAGTTCTTC,1027,5,clonotype2,clonotype2_consensus_1
GCGCGATGTATAAACG-1,True,GCGCGATGTATAAACG-1_contig_1,True,567,TRA,TRAV8-4,None,TRAJ13,TRAC,True,True,CAVDSGGYQKVTF,TGTGCTGTGGATTCTGGGGGTTACCAGAAAGTTACCTTT,852,6,clonotype2485,clonotype2485_consensus_1
GCGCGATGTATAAACG-1,True,GCGCGATGTATAAACG-1_contig_2,True,662,TRB,TRBV5-6,None,TRBJ2-2,TRBC2,True,True,CASSFGQDYTGELFF,TGTGCCAGCAGCTTCGGGCAGGACTACACCGGGGAGCTGTTTTTT,3266,11,clonotype2485,clonotype2485_consensus_2
GCGCGATGTATCTGCA-1,True,GCGCGATGTATCTGCA-1_contig_1,True,505,TRA,TRAV1-2,None,TRAJ33,TRAC,True,True,CAATDSNYQLIW,TGTGCTGCGACTGATAGCAACTATCAGTTAATCTGG,273,1,clonotype1,clonotype1_consensus_2
GCGCGATGTATCTGCA-1,True,GCGCGATGTATCTGCA-1_contig_2,True,498,TRB,TRBV20-1,None,TRBJ2-1,TRBC2,True,True,CSARVGSEVNEQFF,TGCAGTGCTAGAGTGGGGTCGGAAGTCAATGAGCAGTTCTTC,2155,9,clonotype1,clonotype1_consensus_1
GCGCGATGTCAGAATA-1,True,GCGCGATGTCAGAATA-1_contig_1,True,527,TRB,TRBV20-1,None,TRBJ2-2,TRBC2,True,True,CSANVPWTGNTGELFF,TGCAGTGCTAACGTCCCTTGGACGGGGAACACCGGGGAGCTGTTTTTT,2790,10,clonotype2486,clonotype2486_consensus_2
GCGCGATGTCAGAATA-1,True,GCGCGATGTCAGAATA-1_contig_2,True,612,TRA,TRAV3,None,TRAJ49,TRAC,True,True,CAVRDFGNQFYF,TGTGCTGTGAGAGACTTCGGTAACCAGTTCTATTTT,440,2,clonotype2486,clonotype2486_consensus_1
GCGCGATTCATGGTCA-1,True,GCGCGATTCATGGTCA-1_contig_1,True,505,TRA,TRAV1-2,None,TRAJ33,TRAC,True,True,CAATDSNYQLIW,TGTGCTGCGACTGATAGCAACTATCAGTTAATCTGG,141,1,clonotype1,clonotype1_consensus_2
GCGCGATTCATGGTCA-1,True,GCGCGATTCATGGTCA-1_contig_2,True,521,TRB,TRBV20-1,None,TRBJ2-1,TRBC2,True,True,CSARVGSEVNEQFF,TGCAGTGCTAGAGTGGGGTCGGAAGTCAATGAGCAGTTCTTC,1616,9,clonotype1,clonotype1_consensus_1
GCGCGATTCATGGTCA-1,True,GCGCGATTCATGGTCA-1_contig_3,True,482,TRA,TRAV10,None,TRAJ24,TRAC,True,False,None,None,356,1,clonotype1,None
GCGCGATTCTGGTATG-1,True,GCGCGATTCTGGTATG-1_contig_1,True,518,TRB,TRBV20-1,None,TRBJ1-1,TRBC1,True,True,CSARGTGNTEAFF,TGCAGTGCTAGGGGGACAGGGAACACTGAAGCTTTCTTT,3491,14,clonotype2487,clonotype2487_consensus_2
GCGCGATTCTGGTATG-1,True,GCGCGATTCTGGTATG-1_contig_2,True,446,TRA,TRAV9-2,None,TRAJ31,TRAC,True,True,CALSDRSGARLMF,TGTGCTCTGAGTGATCGAAGTGGTGCCAGACTCATGTTT,479,2,clonotype2487,clonotype2487_consensus_1
GCGCGATTCTGTGCAA-1,True,GCGCGATTCTGTGCAA-1_contig_1,True,505,TRA,TRAV1-2,None,TRAJ33,TRAC,True,True,CAATDSNYQLIW,TGTGCTGCGACTGATAGCAACTATCAGTTAATCTGG,1525,8,clonotype1,clonotype1_consensus_2
GCGCGATTCTGTGCAA-1,True,GCGCGATTCTGTGCAA-1_contig_2,True,492,TRB,TRBV20-1,None,TRBJ2-1,TRBC2,True,True,CSARVGSEVNEQFF,TGCAGTGCTAGAGTGGGGTCGGAAGTCAATGAGCAGTTCTTC,4908,10,clonotype1,clonotype1_consensus_1
GCGGGTTAGACGCTTT-1,True,GCGGGTTAGACGCTTT-1_contig_1,True,505,TRA,TRAV1-2,None,TRAJ33,TRAC,True,True,CAATDSNYQLIW,TGTGCTGCGACTGATAGCAACTATCAGTTAATCTGG,591,2,clonotype1,clonotype1_consensus_2
GCGGGTTAGACGCTTT-1,True,GCGGGTTAGACGCTTT-1_contig_2,True,521,TRB,TRBV20-1,None,TRBJ2-1,TRBC2,True,True,CSARVGSEVNEQFF,TGCAGTGCTAGAGTGGGGTCGGAAGTCAATGAGCAGTTCTTC,505,4,clonotype1,clonotype1_consensus_1
GCGGGTTAGACGCTTT-1,True,GCGGGTTAGACGCTTT-1_contig_3,True,458,TRA,TRAV10,None,TRAJ24,TRAC,True,False,None,None,491,5,clonotype1,None
GCGGGTTAGACTACAA-1,True,GCGGGTTAGACTACAA-1_contig_1,True,505,TRA,TRAV1-2,None,TRAJ33,TRAC,True,True,CAATDSNYQLIW,TGTGCTGCGACTGATAGCAACTATCAGTTAATCTGG,188,1,clonotype1,clonotype1_consensus_2
GCGGGTTAGACTACAA-1,True,GCGGGTTAGACTACAA-1_contig_2,True,498,TRB,TRBV20-1,None,TRBJ2-1,TRBC2,True,True,CSARVGSEVNEQFF,TGCAGTGCTAGAGTGGGGTCGGAAGTCAATGAGCAGTTCTTC,719,5,clonotype1,clonotype1_consensus_1
GCGGGTTAGACTACAA-1,True,GCGGGTTAGACTACAA-1_contig_3,True,465,TRA,TRAV10,None,TRAJ24,TRAC,True,False,None,None,497,2,clonotype1,None
GCGGGTTAGACTAGAT-1,True,GCGGGTTAGACTAGAT-1_contig_1,True,462,TRA,TRAV13-1,None,TRAJ40,TRAC,True,True,CAAGKTSGTYKYIF,TGTGCAGCAGGAAAAACCTCAGGAACCTACAAATACATCTTT,727,7,clonotype2488,clonotype2488_consensus_1
GCGGGTTAGACTAGAT-1,True,GCGGGTTAGACTAGAT-1_contig_2,True,512,TRB,TRBV20-1,None,TRBJ1-1,TRBC1,True,True,CSASGGSEAFF,TGCAGTGCTAGCGGCGGGTCTGAAGCTTTCTTT,157,5,clonotype2488,clonotype2488_consensus_2
GCGGGTTAGGGAGTAA-1,True,GCGGGTTAGGGAGTAA-1_contig_1,True,484,TRB,TRBV5-6,None,TRBJ1-1,TRBC1,True,True,CASSPGRTEAFF,TGTGCCAGCAGCCCAGGACGAACTGAAGCTTTCTTT,4629,21,clonotype2489,clonotype2489_consensus_2
GCGGGTTAGGGAGTAA-1,True,GCGGGTTAGGGAGTAA-1_contig_2,True,468,TRA,TRAV13-1,None,TRAJ48,TRAC,True,True,CAASIPPNFGNEKLTF,TGTGCAGCAAGCATCCCACCTAACTTTGGAAATGAGAAATTAACCTTT,917,7,clonotype2489,clonotype2489_consensus_1
GCGGGTTAGTTCGCGC-1,True,GCGGGTTAGTTCGCGC-1_contig_1,True,502,TRA,TRAV1-2,None,TRAJ30,TRAC,True,True,CAVRDLREIIF,TGTGCTGTGAGAGATCTTCGGGAGATCATCTTT,98,3,clonotype3,clonotype3_consensus_2
GCGGGTTAGTTCGCGC-1,True,GCGGGTTAGTTCGCGC-1_contig_2,True,521,TRB,TRBV5-5,None,TRBJ1-4,TRBC1,True,True,CASSHPGPNYATNEKLFF,TGTGCCAGCAGCCATCCCGGACCGAACTACGCAACTAATGAAAAACTGTTTTTT,825,4,clonotype3,clonotype3_consensus_1
GCGGGTTAGTTCGCGC-1,True,GCGGGTTAGTTCGCGC-1_contig_3,True,513,TRB,TRBV7-3,None,TRBJ2-1,TRBC2,True,False,CQQRSLKAGGPYNEQFF,TGCCAGCAGCGGTCACTTAAAGCGGGGGGACCCTACAATGAGCAGTTCTTC,1091,3,clonotype3,None
GCGGGTTCAAAGAATC-1,True,GCGGGTTCAAAGAATC-1_contig_1,True,459,TRA,TRAV13-1,None,TRAJ20,TRAC,True,True,CAASNPNDYKLSF,TGTGCAGCAAGTAACCCCAACGACTACAAGCTCAGCTTT,464,4,clonotype2490,clonotype2490_consensus_2
GCGGGTTCAAAGAATC-1,True,GCGGGTTCAAAGAATC-1_contig_2,True,498,TRB,TRBV5-5,None,TRBJ1-4,TRBC1,True,True,CASSLAGRLNEKLFF,TGTGCCAGCAGCTTGGCCGGCAGGCTGAATGAAAAACTGTTTTTT,344,3,clonotype2490,clonotype2490_consensus_1
GCGGGTTCAAAGAATC-1,True,GCGGGTTCAAAGAATC-1_contig_3,True,341,TRB,None,None,TRBJ1-5,TRBC1,False,False,None,None,451,3,clonotype2490,None
GCGGGTTCAAGAAGAG-1,True,GCGGGTTCAAGAAGAG-1_contig_1,True,505,TRA,TRAV1-2,None,TRAJ33,TRAC,True,True,CAATDSNYQLIW,TGTGCTGCGACTGATAGCAACTATCAGTTAATCTGG,543,3,clonotype1,clonotype1_consensus_2
GCGGGTTCAAGAAGAG-1,True,GCGGGTTCAAGAAGAG-1_contig_2,True,521,TRB,TRBV20-1,None,TRBJ2-1,TRBC2,True,True,CSARVGSEVNEQFF,TGCAGTGCTAGAGTGGGGTCGGAAGTCAATGAGCAGTTCTTC,2237,7,clonotype1,clonotype1_consensus_1
GCGGGTTCAAGAAGAG-1,True,GCGGGTTCAAGAAGAG-1_contig_3,True,482,TRA,TRAV10,None,TRAJ24,TRAC,True,False,None,None,618,3,clonotype1,None
GCGGGTTCAAGCCATT-1,True,GCGGGTTCAAGCCATT-1_contig_1,True,508,TRA,TRAV20,None,TRAJ38,TRAC,True,True,CAVQVAGNNRKLIW,TGTGCTGTGCAGGTGGCTGGCAACAACCGTAAGCTGATTTGG,2126,6,clonotype272,clonotype272_consensus_2
GCGGGTTCAAGCCATT-1,True,GCGGGTTCAAGCCATT-1_contig_2,True,511,TRB,TRBV5-5,None,TRBJ2-2,TRBC2,True,True,CASSLLGNTGELFF,TGTGCCAGCAGCTTGTTAGGGAACACCGGGGAGCTGTTTTTT,2759,15,clonotype272,clonotype272_consensus_1
GCGGGTTCAATGAAAC-1,True,GCGGGTTCAATGAAAC-1_contig_1,True,505,TRA,TRAV1-2,None,TRAJ33,TRAC,True,True,CAATDSNYQLIW,TGTGCTGCGACTGATAGCAACTATCAGTTAATCTGG,623,1,clonotype1,clonotype1_consensus_2
GCGGGTTCAATGAAAC-1,True,GCGGGTTCAATGAAAC-1_contig_2,True,498,TRB,TRBV20-1,None,TRBJ2-1,TRBC2,True,True,CSARVGSEVNEQFF,TGCAGTGCTAGAGTGGGGTCGGAAGTCAATGAGCAGTTCTTC,1387,8,clonotype1,clonotype1_consensus_1
GCGGGTTCAATGAAAC-1,True,GCGGGTTCAATGAAAC-1_contig_3,True,482,TRA,TRAV10,None,TRAJ24,TRAC,True,False,None,None,630,8,clonotype1,None
GCGGGTTCACTTGGAT-1,True,GCGGGTTCACTTGGAT-1_contig_1,True,502,TRA,TRAV1-2,None,TRAJ30,TRAC,True,True,CAVRDLREIIF,TGTGCTGTGAGAGATCTTCGGGAGATCATCTTT,303,4,clonotype3,clonotype3_consensus_2
GCGGGTTCACTTGGAT-1,True,GCGGGTTCACTTGGAT-1_contig_2,True,667,TRB,TRBV5-5,None,TRBJ1-4,TRBC1,True,True,CASSHPGPNYATNEKLFF,TGTGCCAGCAGCCATCCCGGACCGAACTACGCAACTAATGAAAAACTGTTTTTT,135,4,clonotype3,clonotype3_consensus_1
GCGGGTTGTACTTGAC-1,True,GCGGGTTGTACTTGAC-1_contig_1,True,508,TRB,TRBV20-1,None,TRBJ2-3,TRBC2,True,True,CSASLAPGYLDTQYF,TGCAGTGCTAGCTTAGCCCCGGGTTACCTAGATACGCAGTATTTT,2974,6,clonotype2491,clonotype2491_consensus_1
GCGGGTTGTACTTGAC-1,True,GCGGGTTGTACTTGAC-1_contig_2,True,550,TRA,TRAV12-2,None,TRAJ26,TRAC,True,True,CAVTKRASGGQNFVF,TGTGCCGTCACTAAAAGGGCATCGGGAGGTCAGAATTTTGTCTTT,499,3,clonotype2491,clonotype2491_consensus_2
GCGGGTTGTACTTGAC-1,True,GCGGGTTGTACTTGAC-1_contig_3,True,573,TRA,TRAV8-1,None,TRAJ23,TRAC,True,False,CREWRNQGGKLIF,TGCCGTGAATGGAGAAACCAGGGAGGAAAGCTTATCTTC,401,2,clonotype2491,None
GCGGGTTGTACTTGAC-1,True,GCGGGTTGTACTTGAC-1_contig_4,True,315,TRB,None,None,TRBJ1-6,TRBC1,False,False,None,None,716,2,clonotype2491,None
GCGGGTTGTCGAACAG-1,True,GCGGGTTGTCGAACAG-1_contig_1,True,489,TRA,TRAV1-2,None,TRAJ33,TRAC,True,True,CAATDSNYQLIW,TGTGCTGCGACTGATAGCAACTATCAGTTAATCTGG,903,5,clonotype1,clonotype1_consensus_2
GCGGGTTGTCGAACAG-1,True,GCGGGTTGTCGAACAG-1_contig_2,True,498,TRB,TRBV20-1,None,TRBJ2-1,TRBC2,True,True,CSARVGSEVNEQFF,TGCAGTGCTAGAGTGGGGTCGGAAGTCAATGAGCAGTTCTTC,3761,9,clonotype1,clonotype1_consensus_1
GCGGGTTGTCGAACAG-1,True,GCGGGTTGTCGAACAG-1_contig_3,True,457,TRA,TRAV10,None,TRAJ24,TRAC,True,False,None,None,583,2,clonotype1,None
GCGGGTTGTTGCGTTA-1,True,GCGGGTTGTTGCGTTA-1_contig_1,True,543,TRA,TRAV12-1,None,TRAJ31,TRAC,True,True,CVVRSNARLMF,TGTGTGGTAAGGAGCAATGCCAGACTCATGTTT,1147,4,clonotype2492,clonotype2492_consensus_1
GCGGGTTGTTGCGTTA-1,True,GCGGGTTGTTGCGTTA-1_contig_2,True,518,TRB,TRBV20-1,None,TRBJ1-1,TRBC1,True,True,CSAKGQMNTEAFF,TGCAGTGCCAAAGGACAGATGAACACTGAAGCTTTCTTT,2534,12,clonotype2492,clonotype2492_consensus_2
GCGGGTTGTTGGTAAA-1,True,GCGGGTTGTTGGTAAA-1_contig_1,True,484,TRA,TRAV1-2,None,TRAJ33,TRAC,True,True,CAATDSNYQLIW,TGTGCTGCGACTGATAGCAACTATCAGTTAATCTGG,1032,2,clonotype1,clonotype1_consensus_2
GCGGGTTGTTGGTAAA-1,True,GCGGGTTGTTGGTAAA-1_contig_2,True,498,TRB,TRBV20-1,None,TRBJ2-1,TRBC2,True,True,CSARVGSEVNEQFF,TGCAGTGCTAGAGTGGGGTCGGAAGTCAATGAGCAGTTCTTC,401,3,clonotype1,clonotype1_consensus_1
GCGGGTTGTTGGTAAA-1,True,GCGGGTTGTTGGTAAA-1_contig_3,True,465,TRA,TRAV10,None,TRAJ24,TRAC,True,False,None,None,476,4,clonotype1,None
GCGGGTTGTTTGGCGC-1,True,GCGGGTTGTTTGGCGC-1_contig_1,True,571,TRA,TRAV29/DV5,None,TRAJ45,TRAC,True,True,CAAPNRGGADGLTF,TGTGCAGCGCCAAACCGAGGAGGTGCTGACGGACTCACCTTT,165,2,clonotype2493,clonotype2493_consensus_2
GCGGGTTGTTTGGCGC-1,True,GCGGGTTGTTTGGCGC-1_contig_2,True,505,TRB,TRBV7-2,None,TRBJ1-6,TRBC1,True,True,CASSLLTGRNNSPLHF,TGTGCCAGCAGCTTGCTTACAGGCCGGAATAATTCACCCCTCCACTTT,3828,9,clonotype2493,clonotype2493_consensus_1
GCGGGTTTCAGTCAGT-1,True,GCGGGTTTCAGTCAGT-1_contig_1,True,505,TRA,TRAV1-2,None,TRAJ33,TRAC,True,True,CAATDSNYQLIW,TGTGCTGCGACTGATAGCAACTATCAGTTAATCTGG,759,3,clonotype1,clonotype1_consensus_2
GCGGGTTTCAGTCAGT-1,True,GCGGGTTTCAGTCAGT-1_contig_2,True,485,TRB,TRBV20-1,None,TRBJ2-1,TRBC2,True,True,CSARVGSEVNEQFF,TGCAGTGCTAGAGTGGGGTCGGAAGTCAATGAGCAGTTCTTC,1756,9,clonotype1,clonotype1_consensus_1
GCGGGTTTCCGTAGTA-1,True,GCGGGTTTCCGTAGTA-1_contig_1,True,492,TRB,TRBV20-1,None,TRBJ2-1,TRBC2,True,True,CSARVGSEVNEQFF,TGCAGTGCTAGAGTGGGGTCGGAAGTCAATGAGCAGTTCTTC,945,5,clonotype2,clonotype2_consensus_1
GCGGGTTTCCGTTGCT-1,True,GCGGGTTTCCGTTGCT-1_contig_1,True,521,TRB,TRBV20-1,None,TRBJ1-1,TRBC1,True,True,CSAREGGKDTEAFF,TGCAGTGCTAGGGAGGGGGGTAAGGACACTGAAGCTTTCTTT,1930,7,clonotype93,clonotype93_consensus_1
GCGGGTTTCCGTTGCT-1,True,GCGGGTTTCCGTTGCT-1_contig_2,True,301,TRB,None,None,TRBJ1-5,TRBC1,False,False,None,None,1012,6,clonotype93,None
GCGGGTTTCGGAAATA-1,True,GCGGGTTTCGGAAATA-1_contig_1,True,547,TRA,TRAV12-2,None,TRAJ45,TRAC,True,True,CAVISGGGADGLTF,TGTGCCGTGATTTCAGGAGGAGGTGCTGACGGACTCACCTTT,900,6,clonotype2494,clonotype2494_consensus_1
GCGGGTTTCGGAAATA-1,True,GCGGGTTTCGGAAATA-1_contig_2,True,505,TRB,TRBV20-1,None,TRBJ2-5,TRBC2,True,True,CSGGTSGTQYF,TGCAGTGGAGGCACCTCAGGGACCCAGTACTTC,1211,7,clonotype2494,clonotype2494_consensus_2
GCGGGTTTCGTAGGTT-1,True,GCGGGTTTCGTAGGTT-1_contig_1,True,521,TRB,TRBV20-1,None,TRBJ1-3,TRBC1,True,True,CSASRGDLWNTIYF,TGCAGTGCTAGCCGGGGGGACTTGTGGAACACCATATATTTT,3024,13,clonotype353,clonotype353_consensus_2
GCGGGTTTCGTAGGTT-1,True,GCGGGTTTCGTAGGTT-1_contig_2,True,544,TRA,TRAV12-2,None,TRAJ6,TRAC,True,True,CAVPSGGSYIPTF,TGTGCCGTGCCATCAGGAGGAAGCTACATACCTACATTT,1584,10,clonotype353,clonotype353_consensus_1
GCTCCTAAGAGTCGGT-1,True,GCTCCTAAGAGTCGGT-1_contig_1,True,505,TRA,TRAV1-2,None,TRAJ33,TRAC,True,True,CAATDSNYQLIW,TGTGCTGCGACTGATAGCAACTATCAGTTAATCTGG,464,2,clonotype1,clonotype1_consensus_2
GCTCCTAAGAGTCGGT-1,True,GCTCCTAAGAGTCGGT-1_contig_2,True,521,TRB,TRBV20-1,None,TRBJ2-1,TRBC2,True,True,CSARVGSEVNEQFF,TGCAGTGCTAGAGTGGGGTCGGAAGTCAATGAGCAGTTCTTC,4093,14,clonotype1,clonotype1_consensus_1
GCTCCTAAGAGTCGGT-1,True,GCTCCTAAGAGTCGGT-1_contig_3,True,457,TRA,TRAV10,None,TRAJ24,TRAC,True,False,None,None,201,2,clonotype1,None
GCTCCTAAGCACCGTC-1,True,GCTCCTAAGCACCGTC-1_contig_1,True,498,TRB,TRBV20-1,None,TRBJ2-1,TRBC2,True,True,CSARVGSEVNEQFF,TGCAGTGCTAGAGTGGGGTCGGAAGTCAATGAGCAGTTCTTC,1956,6,clonotype2,clonotype2_consensus_1
GCTCCTAAGCGTTTAC-1,True,GCTCCTAAGCGTTTAC-1_contig_1,True,482,TRA,TRAV1-2,None,TRAJ33,TRAC,True,True,CAATDSNYQLIW,TGTGCTGCGACTGATAGCAACTATCAGTTAATCTGG,429,2,clonotype1,clonotype1_consensus_2
GCTCCTAAGCGTTTAC-1,True,GCTCCTAAGCGTTTAC-1_contig_2,True,521,TRB,TRBV20-1,None,TRBJ2-1,TRBC2,True,True,CSARVGSEVNEQFF,TGCAGTGCTAGAGTGGGGTCGGAAGTCAATGAGCAGTTCTTC,754,9,clonotype1,clonotype1_consensus_1
GCTCCTACAAAGGCGT-1,True,GCTCCTACAAAGGCGT-1_contig_1,True,504,TRB,TRBV20-1,None,TRBJ2-1,TRBC2,True,True,CSARPLEQGAGNEQFF,TGCAGTGCTAGACCCCTAGAGCAGGGGGCTGGTAATGAGCAGTTCTTC,9104,11,clonotype354,clonotype354_consensus_1
GCTCCTACAAAGGCGT-1,True,GCTCCTACAAAGGCGT-1_contig_2,True,336,TRA,TRAV1-1,None,TRAJ16,TRAC,True,False,None,None,414,2,clonotype354,None
GCTCCTACAAAGTCAA-1,True,GCTCCTACAAAGTCAA-1_contig_1,True,505,TRA,TRAV1-2,None,TRAJ33,TRAC,True,True,CAATDSNYQLIW,TGTGCTGCGACTGATAGCAACTATCAGTTAATCTGG,2797,14,clonotype1,clonotype1_consensus_2
GCTCCTACAAAGTCAA-1,True,GCTCCTACAAAGTCAA-1_contig_2,True,498,TRB,TRBV20-1,None,TRBJ2-1,TRBC2,True,True,CSARVGSEVNEQFF,TGCAGTGCTAGAGTGGGGTCGGAAGTCAATGAGCAGTTCTTC,2141,13,clonotype1,clonotype1_consensus_1
GCTCCTACAAGCCGTC-1,True,GCTCCTACAAGCCGTC-1_contig_1,True,521,TRB,TRBV20-1,None,TRBJ2-1,TRBC2,True,True,CSARVGSEVNEQFF,TGCAGTGCTAGAGTGGGGTCGGAAGTCAATGAGCAGTTCTTC,1477,8,clonotype2,clonotype2_consensus_1
GCTCCTACAAGCCGTC-1,True,GCTCCTACAAGCCGTC-1_contig_2,True,457,TRA,TRAV10,None,TRAJ24,TRAC,True,False,None,None,191,2,clonotype2,None
GCTCCTACAAGCGTAG-1,True,GCTCCTACAAGCGTAG-1_contig_1,True,489,TRB,TRBV20-1,None,TRBJ2-1,TRBC2,True,True,CSVLVHNEQFF,TGCAGTGTCCTCGTTCACAATGAGCAGTTCTTC,2350,8,clonotype2495,clonotype2495_consensus_2
GCTCCTACAAGCGTAG-1,True,GCTCCTACAAGCGTAG-1_contig_2,True,683,TRA,TRAV8-3,None,TRAJ17,TRAC,True,True,CAVGALRAAGNKLTF,TGTGCTGTGGGTGCCCTAAGAGCTGCAGGCAACAAGCTAACTTTT,377,5,clonotype2495,clonotype2495_consensus_1
GCTCCTACACCCATTC-1,True,GCTCCTACACCCATTC-1_contig_1,True,517,TRB,TRBV20-1,None,TRBJ2-5,TRBC2,True,True,CSARRPGRPQETQYF,TGCAGTGCTAGACGGCCCGGGAGGCCGCAAGAGACCCAGTACTTC,2045,12,clonotype2496,clonotype2496_consensus_1
GCTCCTACACCCATTC-1,True,GCTCCTACACCCATTC-1_contig_2,True,485,TRA,TRAV21,None,TRAJ42,TRAC,True,True,CAVGAGSQGNLIF,TGTGCTGTGGGAGCAGGAAGCCAAGGAAATCTCATCTTT,446,4,clonotype2496,clonotype2496_consensus_2
GCTCCTACACCGCTAG-1,True,GCTCCTACACCGCTAG-1_contig_1,True,494,TRA,TRAV9-2,None,TRAJ26,TRAC,True,True,CALKGVGLGQNFVF,TGTGCTCTGAAGGGGGTTGGCCTTGGTCAGAATTTTGTCTTT,477,4,clonotype2497,clonotype2497_consensus_1
GCTCCTACACCGCTAG-1,True,GCTCCTACACCGCTAG-1_contig_2,True,504,TRB,TRBV20-1,None,TRBJ2-1,TRBC2,True,True,CSASSSGASSYNEQFF,TGCAGTGCTAGTTCTTCGGGGGCCAGCTCCTACAATGAGCAGTTCTTC,1368,10,clonotype2497,clonotype2497_consensus_2
GCTCCTACAGCGTAAG-1,True,GCTCCTACAGCGTAAG-1_contig_1,True,505,TRA,TRAV1-2,None,TRAJ33,TRAC,True,True,CAATDSNYQLIW,TGTGCTGCGACTGATAGCAACTATCAGTTAATCTGG,929,8,clonotype1,clonotype1_consensus_2
GCTCCTACAGCGTAAG-1,True,GCTCCTACAGCGTAAG-1_contig_2,True,498,TRB,TRBV20-1,None,TRBJ2-1,TRBC2,True,True,CSARVGSEVNEQFF,TGCAGTGCTAGAGTGGGGTCGGAAGTCAATGAGCAGTTCTTC,1457,7,clonotype1,clonotype1_consensus_1
GCTCCTACAGCTTCGG-1,True,GCTCCTACAGCTTCGG-1_contig_1,True,524,TRB,TRBV20-1,None,TRBJ2-7,TRBC2,True,True,CSARDPTSGDYEQYF,TGCAGTGCTAGAGATCCGACTAGCGGCGACTACGAGCAGTACTTC,254,4,clonotype155,clonotype155_consensus_2
GCTCCTACAGCTTCGG-1,True,GCTCCTACAGCTTCGG-1_contig_2,True,505,TRA,TRAV1-2,None,TRAJ33,TRAC,True,True,CAVVDSNYQLIW,TGTGCTGTTGTGGATAGCAACTATCAGTTAATCTGG,332,3,clonotype155,clonotype155_consensus_1
GCTCCTACAGTATCTG-1,True,GCTCCTACAGTATCTG-1_contig_1,True,505,TRA,TRAV1-2,None,TRAJ33,TRAC,True,True,CAATDSNYQLIW,TGTGCTGCGACTGATAGCAACTATCAGTTAATCTGG,550,8,clonotype1,clonotype1_consensus_2
GCTCCTACAGTATCTG-1,True,GCTCCTACAGTATCTG-1_contig_2,True,521,TRB,TRBV20-1,None,TRBJ2-1,TRBC2,True,True,CSARVGSEVNEQFF,TGCAGTGCTAGAGTGGGGTCGGAAGTCAATGAGCAGTTCTTC,518,3,clonotype1,clonotype1_consensus_1
GCTCCTACATCACGAT-1,True,GCTCCTACATCACGAT-1_contig_1,True,487,TRB,TRBV5-6,None,TRBJ2-2,TRBC2,True,True,CASSHRGTGELFF,TGTGCCAGCAGCCACAGGGGGACCGGGGAGCTGTTTTTT,1370,8,clonotype2498,clonotype2498_consensus_1
GCTCCTACATCACGAT-1,True,GCTCCTACATCACGAT-1_contig_2,True,621,TRA,TRAV3,None,TRAJ3,TRAC,True,True,CAVRLGRSSASKIIF,TGTGCTGTGAGACTAGGGCGGAGCAGTGCTTCCAAGATAATCTTT,903,7,clonotype2498,clonotype2498_consensus_2
GCTCCTACATCACGAT-1,True,GCTCCTACATCACGAT-1_contig_3,True,316,TRA,TRAV1-1,None,TRAJ16,TRAC,True,False,None,None,659,2,clonotype2498,None
GCTCCTACATCGGACC-1,True,GCTCCTACATCGGACC-1_contig_1,True,505,TRA,TRAV1-2,None,TRAJ33,TRAC,True,True,CAATDSNYQLIW,TGTGCTGCGACTGATAGCAACTATCAGTTAATCTGG,1420,5,clonotype1,clonotype1_consensus_2
GCTCCTACATCGGACC-1,True,GCTCCTACATCGGACC-1_contig_2,True,498,TRB,TRBV20-1,None,TRBJ2-1,TRBC2,True,True,CSARVGSEVNEQFF,TGCAGTGCTAGAGTGGGGTCGGAAGTCAATGAGCAGTTCTTC,1089,5,clonotype1,clonotype1_consensus_1
GCTCCTACATCTACGA-1,True,GCTCCTACATCTACGA-1_contig_1,True,660,TRB,TRBV5-6,None,TRBJ2-7,TRBC2,True,True,CASSVSGTRYEQYF,TGTGCCAGCAGCGTATCCGGGACCCGGTACGAGCAGTACTTC,1166,13,clonotype2499,clonotype2499_consensus_1
GCTCCTACATGCCTAA-1,True,GCTCCTACATGCCTAA-1_contig_1,True,506,TRA,TRAV20,None,TRAJ36,TRAC,True,True,CAVQAETGANNLFF,TGTGCTGTGCAGGCAGAGACTGGGGCAAACAACCTCTTCTTT,5446,5,clonotype90,clonotype90_consensus_2
GCTCCTACATGCCTAA-1,True,GCTCCTACATGCCTAA-1_contig_2,True,706,TRB,TRBV5-6,None,TRBJ2-1,TRBC2,True,True,CASSPPGTSREQFF,TGTGCCAGCAGCCCCCCGGGCACTTCCAGAGAGCAGTTCTTC,4864,14,clonotype90,clonotype90_consensus_1
GCTCCTACATTAACCG-1,True,GCTCCTACATTAACCG-1_contig_1,True,518,TRB,TRBV20-1,None,TRBJ2-7,TRBC2,True,True,CSARVQGIYEQYF,TGCAGTGCTAGAGTACAGGGGATCTACGAGCAGTACTTC,3715,13,clonotype2500,clonotype2500_consensus_1
GCTCCTACATTAACCG-1,True,GCTCCTACATTAACCG-1_contig_2,True,353,TRB,None,None,TRBJ1-1,TRBC1,False,False,None,None,1156,4,clonotype2500,None
GCTCCTACATTTCACT-1,True,GCTCCTACATTTCACT-1_contig_1,True,505,TRA,TRAV1-2,None,TRAJ33,TRAC,True,True,CAATDSNYQLIW,TGTGCTGCGACTGATAGCAACTATCAGTTAATCTGG,46,3,clonotype1,clonotype1_consensus_2
GCTCCTACATTTCACT-1,True,GCTCCTACATTTCACT-1_contig_2,True,521,TRB,TRBV20-1,None,TRBJ2-1,TRBC2,True,True,CSARVGSEVNEQFF,TGCAGTGCTAGAGTGGGGTCGGAAGTCAATGAGCAGTTCTTC,3900,11,clonotype1,clonotype1_consensus_1
GCTCCTACATTTCACT-1,True,GCTCCTACATTTCACT-1_contig_3,True,482,TRA,TRAV10,None,TRAJ24,TRAC,True,False,None,None,277,3,clonotype1,None
GCTCCTAGTACCGCTG-1,True,GCTCCTAGTACCGCTG-1_contig_1,True,503,TRA,TRAV1-2,None,TRAJ33,TRAC,True,True,CAATDSNYQLIW,TGTGCTGCGACTGATAGCAACTATCAGTTAATCTGG,415,2,clonotype1,clonotype1_consensus_2
GCTCCTAGTACCGCTG-1,True,GCTCCTAGTACCGCTG-1_contig_2,True,521,TRB,TRBV20-1,None,TRBJ2-1,TRBC2,True,True,CSARVGSEVNEQFF,TGCAGTGCTAGAGTGGGGTCGGAAGTCAATGAGCAGTTCTTC,1384,8,clonotype1,clonotype1_consensus_1
GCTCCTAGTACCGCTG-1,True,GCTCCTAGTACCGCTG-1_contig_3,True,440,TRA,TRAV10,None,TRAJ24,TRAC,True,False,None,None,929,1,clonotype1,None
GCTCCTAGTTCGGGCT-1,True,GCTCCTAGTTCGGGCT-1_contig_1,True,520,TRB,TRBV20-1,None,TRBJ2-3,TRBC2,True,True,CSARADTGRTDTQYF,TGCAGTGCTAGAGCAGATACAGGGCGCACAGATACGCAGTATTTT,1006,4,clonotype2501,clonotype2501_consensus_2
GCTCCTAGTTCGGGCT-1,True,GCTCCTAGTTCGGGCT-1_contig_2,True,541,TRA,TRAV12-2,None,TRAJ11,TRAC,True,True,CAVNSGYSTLTF,TGTGCCGTGAATTCAGGATACAGCACCCTCACCTTT,422,2,clonotype2501,clonotype2501_consensus_1
GCTCCTAGTTCTGGTA-1,True,GCTCCTAGTTCTGGTA-1_contig_1,True,515,TRB,TRBV20-1,None,TRBJ1-4,TRBC1,True,True,CSARDQNEKLFF,TGCAGTGCTAGAGATCAAAATGAAAAACTGTTTTTT,3872,17,clonotype2502,clonotype2502_consensus_2
GCTCCTAGTTCTGGTA-1,True,GCTCCTAGTTCTGGTA-1_contig_2,True,459,TRA,TRAV13-1,None,TRAJ33,TRAC,True,True,CAASKGSNYQLIW,TGTGCAGCAAGTAAGGGTAGCAACTATCAGTTAATCTGG,801,5,clonotype2502,clonotype2502_consensus_1
GCTCCTATCATGCTCC-1,True,GCTCCTATCATGCTCC-1_contig_1,True,495,TRB,TRBV20-1,None,TRBJ1-1,TRBC1,True,True,CSAIRHRKAEAFF,TGCAGTGCTATCCGCCACCGGAAAGCTGAAGCTTTCTTT,900,3,clonotype2503,clonotype2503_consensus_2
GCTCCTATCATGCTCC-1,True,GCTCCTATCATGCTCC-1_contig_2,True,570,TRA,TRAV8-4,None,TRAJ26,TRAC,True,True,CAVSDPNYGQNFVF,TGTGCTGTGAGTGATCCTAACTATGGTCAGAATTTTGTCTTT,5334,4,clonotype2503,clonotype2503_consensus_1
GCTCCTATCCGTTGCT-1,True,GCTCCTATCCGTTGCT-1_contig_1,True,485,TRB,TRBV20-1,None,TRBJ2-1,TRBC2,True,True,CSARVGSEVNEQFF,TGCAGTGCTAGAGTGGGGTCGGAAGTCAATGAGCAGTTCTTC,874,5,clonotype2,clonotype2_consensus_1
GCTCCTATCTAACTCT-1,True,GCTCCTATCTAACTCT-1_contig_1,True,505,TRA,TRAV1-2,None,TRAJ33,TRAC,True,True,CAATDSNYQLIW,TGTGCTGCGACTGATAGCAACTATCAGTTAATCTGG,969,11,clonotype1,clonotype1_consensus_2
GCTCCTATCTAACTCT-1,True,GCTCCTATCTAACTCT-1_contig_2,True,521,TRB,TRBV20-1,None,TRBJ2-1,TRBC2,True,True,CSARVGSEVNEQFF,TGCAGTGCTAGAGTGGGGTCGGAAGTCAATGAGCAGTTCTTC,4861,18,clonotype1,clonotype1_consensus_1
GCTCCTATCTAACTGG-1,True,GCTCCTATCTAACTGG-1_contig_1,True,492,TRB,TRBV20-1,None,TRBJ1-4,TRBC1,True,True,CSAPSQNEKLFF,TGCAGTGCTCCCAGCCAAAATGAAAAACTGTTTTTT,1409,3,clonotype2504,clonotype2504_consensus_1
GCTCCTATCTAACTGG-1,True,GCTCCTATCTAACTGG-1_contig_2,True,563,TRA,TRAV26-1,None,TRAJ44,TRAC,True,True,CIVRSFTGTASKLTF,TGCATCGTCAGATCTTTTACCGGCACTGCCAGTAAACTCACCTTT,1010,5,clonotype2504,clonotype2504_consensus_2
GCTCTGTAGAAGGTTT-1,True,GCTCTGTAGAAGGTTT-1_contig_1,True,505,TRA,TRAV1-2,None,TRAJ33,TRAC,True,True,CAATDSNYQLIW,TGTGCTGCGACTGATAGCAACTATCAGTTAATCTGG,115,2,clonotype1,clonotype1_consensus_2
GCTCTGTAGAAGGTTT-1,True,GCTCTGTAGAAGGTTT-1_contig_2,True,497,TRB,TRBV20-1,None,TRBJ2-1,TRBC2,True,True,CSARVGSEVNEQFF,TGCAGTGCTAGAGTGGGGTCGGAAGTCAATGAGCAGTTCTTC,1588,6,clonotype1,clonotype1_consensus_1
GCTCTGTAGAAGGTTT-1,True,GCTCTGTAGAAGGTTT-1_contig_3,True,482,TRA,TRAV10,None,TRAJ24,TRAC,True,False,None,None,196,7,clonotype1,None
GCTCTGTAGATGTCGG-1,True,GCTCTGTAGATGTCGG-1_contig_1,True,502,TRA,TRAV1-2,None,TRAJ30,TRAC,True,True,CAVRDLREIIF,TGTGCTGTGAGAGATCTTCGGGAGATCATCTTT,351,5,clonotype3,clonotype3_consensus_2
GCTCTGTAGATGTCGG-1,True,GCTCTGTAGATGTCGG-1_contig_2,True,495,TRB,TRBV5-5,None,TRBJ1-4,TRBC1,True,True,CASSHPGPNYATNEKLFF,TGTGCCAGCAGCCATCCCGGACCGAACTACGCAACTAATGAAAAACTGTTTTTT,648,4,clonotype3,clonotype3_consensus_1
GCTCTGTAGGGAAACA-1,True,GCTCTGTAGGGAAACA-1_contig_1,True,515,TRB,TRBV20-1,None,TRBJ2-7,TRBC2,True,True,CSALRLEIEQYF,TGCAGTGCCCTCCGACTAGAGATCGAGCAGTACTTC,2509,11,clonotype146,clonotype146_consensus_2
GCTCTGTAGGGAAACA-1,True,GCTCTGTAGGGAAACA-1_contig_2,True,565,TRA,TRAV19,None,TRAJ50,TRAC,True,True,CALRKKTSYDKVIF,TGTGCTCTGAGGAAGAAAACCTCCTACGACAAGGTGATATTT,732,5,clonotype146,clonotype146_consensus_3
GCTCTGTAGGGAAACA-1,True,GCTCTGTAGGGAAACA-1_contig_3,True,610,TRA,TRAV41,None,TRAJ49,TRAC,True,True,CAVGFPNTGNQFYF,TGTGCTGTCGGCTTCCCGAACACCGGTAACCAGTTCTATTTT,743,4,clonotype146,clonotype146_consensus_1
GCTCTGTAGGGCTTGA-1,True,GCTCTGTAGGGCTTGA-1_contig_1,True,505,TRA,TRAV1-2,None,TRAJ33,TRAC,True,True,CAATDSNYQLIW,TGTGCTGCGACTGATAGCAACTATCAGTTAATCTGG,636,5,clonotype1,clonotype1_consensus_2
GCTCTGTAGGGCTTGA-1,True,GCTCTGTAGGGCTTGA-1_contig_2,True,521,TRB,TRBV20-1,None,TRBJ2-1,TRBC2,True,True,CSARVGSEVNEQFF,TGCAGTGCTAGAGTGGGGTCGGAAGTCAATGAGCAGTTCTTC,4867,16,clonotype1,clonotype1_consensus_1
GCTCTGTAGTAGCCGA-1,True,GCTCTGTAGTAGCCGA-1_contig_1,True,521,TRB,TRBV20-1,None,TRBJ2-1,TRBC2,True,True,CSARVGSEVNEQFF,TGCAGTGCTAGAGTGGGGTCGGAAGTCAATGAGCAGTTCTTC,2675,8,clonotype2,clonotype2_consensus_1
GCTCTGTAGTAGCCGA-1,True,GCTCTGTAGTAGCCGA-1_contig_2,True,482,TRA,TRAV10,None,TRAJ24,TRAC,True,False,None,None,1721,5,clonotype2,None
GCTCTGTAGTAGCCGA-1,True,GCTCTGTAGTAGCCGA-1_contig_3,True,466,TRA,TRAV1-2,None,TRAJ27,TRAC,True,False,CAATDSNYQLIW,TGTGCTGCGACTGATAGCAACTATCAGTTAATCTGG,345,2,clonotype2,None
GCTCTGTCACATGTGT-1,True,GCTCTGTCACATGTGT-1_contig_1,True,518,TRB,TRBV20-1,None,TRBJ2-1,TRBC2,True,True,CSARVGSEVNEQFF,TGCAGTGCTAGAGTGGGGTCGGAAGTCAATGAGCAGTTCTTC,834,11,clonotype2,clonotype2_consensus_1
GCTCTGTCACCCTATC-1,True,GCTCTGTCACCCTATC-1_contig_1,True,505,TRA,TRAV1-2,None,TRAJ33,TRAC,True,True,CAATDSNYQLIW,TGTGCTGCGACTGATAGCAACTATCAGTTAATCTGG,184,3,clonotype1,clonotype1_consensus_2
GCTCTGTCACCCTATC-1,True,GCTCTGTCACCCTATC-1_contig_2,True,485,TRB,TRBV20-1,None,TRBJ2-1,TRBC2,True,True,CSARVGSEVNEQFF,TGCAGTGCTAGAGTGGGGTCGGAAGTCAATGAGCAGTTCTTC,1992,9,clonotype1,clonotype1_consensus_1
GCTCTGTCACGGCCAT-1,True,GCTCTGTCACGGCCAT-1_contig_1,True,465,TRA,TRAV13-1,None,TRAJ16,TRAC,True,True,CAASSGFSDGQKLLF,TGTGCAGCAAGTTCGGGTTTTTCAGATGGCCAGAAGCTGCTCTTT,8376,4,clonotype278,clonotype278_consensus_2
GCTCTGTCACGGCCAT-1,True,GCTCTGTCACGGCCAT-1_contig_2,True,481,TRB,TRBV5-6,None,TRBJ2-6,TRBC2,True,True,CASSLQGTGANVLTF,TGTGCCAGCAGCTTGCAGGGGACTGGGGCCAACGTCCTGACTTTC,6299,13,clonotype278,clonotype278_consensus_1
GCTCTGTGTAGCGATG-1,True,GCTCTGTGTAGCGATG-1_contig_1,True,521,TRB,TRBV20-1,None,TRBJ2-1,TRBC2,True,True,CSARVGSEVNEQFF,TGCAGTGCTAGAGTGGGGTCGGAAGTCAATGAGCAGTTCTTC,1073,6,clonotype2,clonotype2_consensus_1
GCTCTGTGTAGCGATG-1,True,GCTCTGTGTAGCGATG-1_contig_2,True,395,TRB,None,None,TRBJ1-4,TRBC1,False,False,None,None,214,3,clonotype2,None
GCTCTGTGTAGCGATG-1,True,GCTCTGTGTAGCGATG-1_contig_3,True,465,TRA,TRAV10,None,TRAJ24,TRAC,True,False,None,None,188,4,clonotype2,None
GCTCTGTGTCAAAGCG-1,True,GCTCTGTGTCAAAGCG-1_contig_1,True,680,TRB,TRBV5-5,None,TRBJ1-5,TRBC1,True,True,CASSPFKNSNQPQHF,TGTGCCAGCAGCCCCTTCAAAAATAGCAATCAGCCCCAGCATTTT,2459,6,clonotype2505,clonotype2505_consensus_1
GCTCTGTGTCAAAGCG-1,True,GCTCTGTGTCAAAGCG-1_contig_2,True,420,TRA,TRAV13-1,None,TRAJ22,None,True,False,None,None,518,1,clonotype2505,None
GCTCTGTGTCAAAGCG-1,True,GCTCTGTGTCAAAGCG-1_contig_3,True,439,TRA,TRAV6,None,TRAJ23,TRAC,True,False,CALEDYNQGGKLIF,TGTGCTCTAGAGGATTATAACCAGGGAGGAAAGCTTATCTTC,5703,3,clonotype2505,None
GCTCTGTGTCGGATCC-1,True,GCTCTGTGTCGGATCC-1_contig_1,True,505,TRA,TRAV1-2,None,TRAJ33,TRAC,True,True,CAATDSNYQLIW,TGTGCTGCGACTGATAGCAACTATCAGTTAATCTGG,624,6,clonotype1,clonotype1_consensus_2
GCTCTGTGTCGGATCC-1,True,GCTCTGTGTCGGATCC-1_contig_2,True,521,TRB,TRBV20-1,None,TRBJ2-1,TRBC2,True,True,CSARVGSEVNEQFF,TGCAGTGCTAGAGTGGGGTCGGAAGTCAATGAGCAGTTCTTC,1479,6,clonotype1,clonotype1_consensus_1
GCTCTGTGTCTGGTCG-1,True,GCTCTGTGTCTGGTCG-1_contig_1,True,521,TRB,TRBV20-1,None,TRBJ2-1,TRBC2,True,True,CSARVGSEVNEQFF,TGCAGTGCTAGAGTGGGGTCGGAAGTCAATGAGCAGTTCTTC,950,6,clonotype2,clonotype2_consensus_1
GCTCTGTGTCTTCAAG-1,True,GCTCTGTGTCTTCAAG-1_contig_1,True,505,TRA,TRAV1-2,None,TRAJ33,TRAC,True,True,CAATDSNYQLIW,TGTGCTGCGACTGATAGCAACTATCAGTTAATCTGG,273,2,clonotype1,clonotype1_consensus_2
GCTCTGTGTCTTCAAG-1,True,GCTCTGTGTCTTCAAG-1_contig_2,True,485,TRB,TRBV20-1,None,TRBJ2-1,TRBC2,True,True,CSARVGSEVNEQFF,TGCAGTGCTAGAGTGGGGTCGGAAGTCAATGAGCAGTTCTTC,1450,5,clonotype1,clonotype1_consensus_1
GCTCTGTGTGTTCGAT-1,True,GCTCTGTGTGTTCGAT-1_contig_1,True,502,TRA,TRAV23/DV6,None,TRAJ45,TRAC,True,True,CPPKLTDGLTF,TGTCCCCCGAAACTGACTGACGGACTCACCTTT,654,3,clonotype2506,clonotype2506_consensus_2
GCTCTGTGTGTTCGAT-1,True,GCTCTGTGTGTTCGAT-1_contig_2,True,490,TRB,TRBV5-6,None,TRBJ2-7,TRBC2,True,True,CASSLAGIAGTGHF,TGTGCCAGCAGCTTGGCGGGTATAGCCGGGACAGGGCACTTC,212,2,clonotype2506,clonotype2506_consensus_1
GCTCTGTGTTAAAGAC-1,True,GCTCTGTGTTAAAGAC-1_contig_1,True,505,TRA,TRAV1-2,None,TRAJ33,TRAC,True,True,CAATDSNYQLIW,TGTGCTGCGACTGATAGCAACTATCAGTTAATCTGG,1516,5,clonotype1,clonotype1_consensus_2
GCTCTGTGTTAAAGAC-1,True,GCTCTGTGTTAAAGAC-1_contig_2,True,498,TRB,TRBV20-1,None,TRBJ2-1,TRBC2,True,True,CSARVGSEVNEQFF,TGCAGTGCTAGAGTGGGGTCGGAAGTCAATGAGCAGTTCTTC,2399,9,clonotype1,clonotype1_consensus_1
GCTCTGTGTTAAAGAC-1,True,GCTCTGTGTTAAAGAC-1_contig_3,True,459,TRA,TRAV10,None,TRAJ24,TRAC,True,False,None,None,541,3,clonotype1,None
GCTCTGTGTTAGAACA-1,True,GCTCTGTGTTAGAACA-1_contig_1,True,453,TRA,TRAV13-1,None,TRAJ35,TRAC,True,True,CAGGFGNVLHC,TGTGCAGGGGGCTTTGGGAATGTGCTGCATTGC,4670,5,clonotype2507,clonotype2507_consensus_2
GCTCTGTGTTAGAACA-1,True,GCTCTGTGTTAGAACA-1_contig_2,True,518,TRB,TRBV20-1,None,TRBJ1-2,TRBC1,True,True,CSAGTGGNYGYTF,TGCAGTGCTGGGACAGGGGGTAACTATGGCTACACCTTC,3067,9,clonotype2507,clonotype2507_consensus_1
GCTCTGTGTTAGAACA-1,True,GCTCTGTGTTAGAACA-1_contig_3,True,315,TRB,None,None,TRBJ2-7,TRBC2,False,False,None,None,281,2,clonotype2507,None
GCTCTGTTCCTATTCA-1,True,GCTCTGTTCCTATTCA-1_contig_1,True,505,TRA,TRAV1-2,None,TRAJ33,TRAC,True,True,CAATDSNYQLIW,TGTGCTGCGACTGATAGCAACTATCAGTTAATCTGG,1539,2,clonotype1,clonotype1_consensus_2
GCTCTGTTCCTATTCA-1,True,GCTCTGTTCCTATTCA-1_contig_2,True,521,TRB,TRBV20-1,None,TRBJ2-1,TRBC2,True,True,CSARVGSEVNEQFF,TGCAGTGCTAGAGTGGGGTCGGAAGTCAATGAGCAGTTCTTC,1194,8,clonotype1,clonotype1_consensus_1
GCTCTGTTCGCATGAT-1,True,GCTCTGTTCGCATGAT-1_contig_1,True,448,TRA,TRAV9-2,None,TRAJ41,TRAC,True,True,CALSGTNSGYALNF,TGTGCTCTGAGTGGGACAAATTCCGGGTATGCACTCAACTTC,1414,5,clonotype2508,clonotype2508_consensus_2
GCTCTGTTCGCATGAT-1,True,GCTCTGTTCGCATGAT-1_contig_2,True,512,TRB,TRBV20-1,None,TRBJ2-7,TRBC2,True,True,CSAKVGNEQYF,TGCAGTGCCAAGGTCGGAAACGAGCAGTACTTC,1369,4,clonotype2508,clonotype2508_consensus_1
GCTCTGTTCGCTGATA-1,True,GCTCTGTTCGCTGATA-1_contig_1,True,524,TRB,TRBV20-1,None,TRBJ2-3,TRBC2,True,True,CSGIIRRTVTDTQYF,TGCAGTGGGATAATCCGTAGGACAGTCACAGATACGCAGTATTTT,2300,10,clonotype2509,clonotype2509_consensus_2
GCTCTGTTCGCTGATA-1,True,GCTCTGTTCGCTGATA-1_contig_2,True,508,TRA,TRAV17,None,TRAJ39,TRAC,True,True,CATVSNAGNMLTF,TGTGCTACGGTTTCCAATGCAGGCAACATGCTCACCTTT,642,7,clonotype2509,clonotype2509_consensus_1
GCTCTGTTCGGAGGTA-1,True,GCTCTGTTCGGAGGTA-1_contig_1,True,521,TRB,TRBV20-1,None,TRBJ1-6,TRBC1,True,True,CSARVEGASGSPLHF,TGCAGTGCTAGAGTGGAGGGGGCAAGTGGGTCACCCCTCCACTTT,257,8,clonotype355,clonotype355_consensus_2
GCTCTGTTCGGAGGTA-1,True,GCTCTGTTCGGAGGTA-1_contig_2,True,541,TRA,TRAV12-1,None,TRAJ13,TRAC,True,True,CVVMRGGYQKVTF,TGTGTGGTGATGCGGGGGGGTTACCAGAAAGTTACCTTT,679,7,clonotype355,clonotype355_consensus_1
GCTGCAGAGAGCTATA-1,True,GCTGCAGAGAGCTATA-1_contig_1,True,511,TRA,TRAV13-2,None,TRAJ29,TRAC,True,True,CAENRGNSGNTPLVF,TGTGCAGAGAATAGGGGGAATTCAGGAAACACACCTCTTGTCTTT,469,4,clonotype356,clonotype356_consensus_1
GCTGCAGAGAGCTATA-1,True,GCTGCAGAGAGCTATA-1_contig_2,True,498,TRB,TRBV20-1,None,TRBJ2-1,TRBC2,True,True,CSAPRQGVSNEQFF,TGCAGTGCCCCCCGACAGGGGGTAAGCAATGAGCAGTTCTTC,2767,11,clonotype356,clonotype356_consensus_2
GCTGCAGAGAGCTATA-1,True,GCTGCAGAGAGCTATA-1_contig_3,True,312,TRB,None,None,TRBJ2-7,TRBC2,False,False,None,None,293,3,clonotype356,None
GCTGCAGAGAGGTTGC-1,True,GCTGCAGAGAGGTTGC-1_contig_1,True,512,TRA,TRAV13-2,None,TRAJ42,TRAC,True,True,CAENYGGSQGNLIF,TGTGCAGAGAATTATGGAGGAAGCCAAGGAAATCTCATCTTT,534,1,clonotype2510,clonotype2510_consensus_2
GCTGCAGAGAGGTTGC-1,True,GCTGCAGAGAGGTTGC-1_contig_2,True,693,TRB,TRBV5-5,None,TRBJ1-4,TRBC1,True,True,CASTPIKATNEKLFF,TGTGCCAGTACTCCTATCAAGGCAACTAATGAAAAACTGTTTTTT,1630,6,clonotype2510,clonotype2510_consensus_1
GCTGCAGAGAGGTTGC-1,True,GCTGCAGAGAGGTTGC-1_contig_3,True,436,TRA,TRAV26-2,None,TRAJ45,TRAC,True,False,None,None,390,1,clonotype2510,None
GCTGCAGAGATCCGAG-1,True,GCTGCAGAGATCCGAG-1_contig_1,True,616,TRA,TRAV41,None,TRAJ48,TRAC,True,True,CAVIRLTSNFGNEKLTF,TGTGCTGTCATTAGGCTAACATCTAACTTTGGAAATGAGAAATTAACCTTT,111,5,clonotype235,clonotype235_consensus_1
GCTGCAGAGATCCGAG-1,True,GCTGCAGAGATCCGAG-1_contig_2,True,492,TRB,TRBV20-1,None,TRBJ1-1,TRBC1,True,True,CSAGGWQEDTEAFF,TGCAGTGCTGGGGGTTGGCAAGAGGACACTGAAGCTTTCTTT,2724,11,clonotype235,clonotype235_consensus_2
GCTGCAGAGCGACGTA-1,True,GCTGCAGAGCGACGTA-1_contig_1,True,516,TRB,TRBV20-1,None,TRBJ2-3,TRBC2,True,True,CSANWAGADTQYF,TGCAGTGCTAATTGGGCCGGTGCAGATACGCAGTATTTT,1705,10,clonotype2511,clonotype2511_consensus_1
GCTGCAGAGGAATTAC-1,True,GCTGCAGAGGAATTAC-1_contig_1,True,524,TRB,TRBV20-1,None,TRBJ2-1,TRBC2,True,True,CSARAPDRVENEQFF,TGCAGTGCTAGAGCCCCCGACAGGGTTGAGAATGAGCAGTTCTTC,2332,9,clonotype2512,clonotype2512_consensus_1
GCTGCAGAGGAATTAC-1,True,GCTGCAGAGGAATTAC-1_contig_2,True,499,TRA,TRAV35,None,TRAJ43,TRAC,True,True,CAGRPYNNNDMRF,TGTGCTGGGCGTCCGTACAATAACAATGACATGCGCTTT,1298,8,clonotype2512,clonotype2512_consensus_2
GCTGCAGAGGCGCTCT-1,True,GCTGCAGAGGCGCTCT-1_contig_1,True,502,TRA,TRAV1-2,None,TRAJ30,TRAC,True,True,CAVRDLREIIF,TGTGCTGTGAGAGATCTTCGGGAGATCATCTTT,322,1,clonotype3,clonotype3_consensus_2
GCTGCAGAGGCGCTCT-1,True,GCTGCAGAGGCGCTCT-1_contig_2,True,537,TRB,TRBV5-5,None,TRBJ1-4,TRBC1,True,True,CASSHPGPNYATNEKLFF,TGTGCCAGCAGCCATCCCGGACCGAACTACGCAACTAATGAAAAACTGTTTTTT,2840,7,clonotype3,clonotype3_consensus_1
GCTGCAGAGGCGCTCT-1,True,GCTGCAGAGGCGCTCT-1_contig_3,True,510,TRB,TRBV7-3,None,TRBJ2-1,TRBC2,True,False,CQQRSLKAGGPYNEQFF,TGCCAGCAGCGGTCACTTAAAGCGGGGGGACCCTACAATGAGCAGTTCTTC,830,5,clonotype3,None
GCTGCAGAGTGCGATG-1,True,GCTGCAGAGTGCGATG-1_contig_1,True,521,TRB,TRBV20-1,None,TRBJ2-1,TRBC2,True,True,CSARVGSEVNEQFF,TGCAGTGCTAGAGTGGGGTCGGAAGTCAATGAGCAGTTCTTC,2322,10,clonotype2,clonotype2_consensus_1
GCTGCAGAGTGCGATG-1,True,GCTGCAGAGTGCGATG-1_contig_2,True,438,TRA,TRAV10,None,TRAJ24,TRAC,True,False,None,None,259,1,clonotype2,None
GCTGCAGAGTGCGATG-1,True,GCTGCAGAGTGCGATG-1_contig_3,True,344,TRA,TRAV1-2,None,TRAJ33,TRAC,True,False,CAATDSNYQLIW,TGTGCTGCGACTGATAGCAACTATCAGTTAATCTGG,173,3,clonotype2,None
GCTGCAGAGTTACGGG-1,True,GCTGCAGAGTTACGGG-1_contig_1,True,498,TRB,TRBV20-1,None,TRBJ2-1,TRBC2,True,True,CSARVGSEVNEQFF,TGCAGTGCTAGAGTGGGGTCGGAAGTCAATGAGCAGTTCTTC,116,2,clonotype2,clonotype2_consensus_1
GCTGCAGAGTTACGGG-1,True,GCTGCAGAGTTACGGG-1_contig_2,True,470,TRB,None,None,TRBJ1-5,TRBC1,False,False,None,None,104,2,clonotype2,None
GCTGCAGAGTTACGGG-1,True,GCTGCAGAGTTACGGG-1_contig_3,True,465,TRA,TRAV10,None,TRAJ24,TRAC,True,False,None,None,720,4,clonotype2,None
GCTGCAGCAACACCTA-1,True,GCTGCAGCAACACCTA-1_contig_1,True,570,TRA,TRAV8-4,None,TRAJ29,TRAC,True,True,CAVSAASGNTPLVF,TGTGCTGTGAGTGCTGCTTCAGGAAACACACCTCTTGTCTTT,868,3,clonotype63,clonotype63_consensus_2
GCTGCAGCAACACCTA-1,True,GCTGCAGCAACACCTA-1_contig_2,True,521,TRB,TRBV20-1,None,TRBJ1-1,TRBC1,True,True,CSAGDRGRYTEAFF,TGCAGTGCTGGGGACAGGGGAAGGTACACTGAAGCTTTCTTT,2665,7,clonotype63,clonotype63_consensus_1
GCTGCAGCAACGATCT-1,True,GCTGCAGCAACGATCT-1_contig_1,True,505,TRA,TRAV1-2,None,TRAJ33,TRAC,True,True,CAATDSNYQLIW,TGTGCTGCGACTGATAGCAACTATCAGTTAATCTGG,338,3,clonotype1,clonotype1_consensus_2
GCTGCAGCAACGATCT-1,True,GCTGCAGCAACGATCT-1_contig_2,True,521,TRB,TRBV20-1,None,TRBJ2-1,TRBC2,True,True,CSARVGSEVNEQFF,TGCAGTGCTAGAGTGGGGTCGGAAGTCAATGAGCAGTTCTTC,499,6,clonotype1,clonotype1_consensus_1
GCTGCAGCAACGATCT-1,True,GCTGCAGCAACGATCT-1_contig_3,True,482,TRA,TRAV10,None,TRAJ24,TRAC,True,False,None,None,505,4,clonotype1,None
GCTGCAGCAGTAGAGC-1,True,GCTGCAGCAGTAGAGC-1_contig_1,True,499,TRA,TRAV17,None,TRAJ23,TRAC,True,True,CAFQGGKLIF,TGTGCCTTCCAGGGAGGAAAGCTTATCTTC,596,4,clonotype2513,clonotype2513_consensus_2
GCTGCAGCAGTAGAGC-1,True,GCTGCAGCAGTAGAGC-1_contig_2,True,524,TRB,TRBV20-1,None,TRBJ2-7,TRBC2,True,True,CSASDRDRGSYEQYF,TGCAGTGCCAGCGACCGGGACAGGGGGTCGTATGAGCAGTACTTC,884,5,clonotype2513,clonotype2513_consensus_1
GCTGCAGCATCCTTGC-1,True,GCTGCAGCATCCTTGC-1_contig_1,True,553,TRA,TRAV22,None,TRAJ17,TRAC,True,True,CAVWKAAGNKLTF,TGTGCTGTGTGGAAAGCTGCAGGCAACAAGCTAACTTTT,501,4,clonotype91,clonotype91_consensus_1
GCTGCAGCATCCTTGC-1,True,GCTGCAGCATCCTTGC-1_contig_2,True,461,TRB,TRBV20-1,None,None,TRBC1,False,False,None,None,952,3,clonotype91,None
GCTGCAGCATGTCGAT-1,True,GCTGCAGCATGTCGAT-1_contig_1,True,505,TRA,TRAV1-2,None,TRAJ33,TRAC,True,True,CAATDSNYQLIW,TGTGCTGCGACTGATAGCAACTATCAGTTAATCTGG,1320,5,clonotype1,clonotype1_consensus_2
GCTGCAGCATGTCGAT-1,True,GCTGCAGCATGTCGAT-1_contig_2,True,521,TRB,TRBV20-1,None,TRBJ2-1,TRBC2,True,True,CSARVGSEVNEQFF,TGCAGTGCTAGAGTGGGGTCGGAAGTCAATGAGCAGTTCTTC,3134,8,clonotype1,clonotype1_consensus_1
GCTGCAGCATGTCGAT-1,True,GCTGCAGCATGTCGAT-1_contig_3,True,707,TRA,TRAV10,None,TRAJ24,TRAC,True,False,None,None,2380,3,clonotype1,None
GCTGCAGGTACTTAGC-1,True,GCTGCAGGTACTTAGC-1_contig_1,True,577,TRA,TRAV17,None,TRAJ58,TRAC,True,True,CATDQGSRLTF,TGTGCTACGGACCAGGGCTCTAGGTTGACCTTT,1311,4,clonotype2514,clonotype2514_consensus_1
GCTGCAGGTACTTAGC-1,True,GCTGCAGGTACTTAGC-1_contig_2,True,521,TRB,TRBV20-1,None,TRBJ1-2,TRBC1,True,True,CSAQPMRGAYGYTF,TGCAGTGCCCAACCGATGAGGGGGGCCTATGGCTACACCTTC,1706,2,clonotype2514,clonotype2514_consensus_2
GCTGCAGGTACTTAGC-1,True,GCTGCAGGTACTTAGC-1_contig_3,True,358,TRB,None,None,TRBJ1-5,TRBC1,False,False,None,None,1752,5,clonotype2514,None
GCTGCAGGTTACGCGC-1,True,GCTGCAGGTTACGCGC-1_contig_1,True,505,TRA,TRAV1-2,None,TRAJ33,TRAC,True,True,CAATDSNYQLIW,TGTGCTGCGACTGATAGCAACTATCAGTTAATCTGG,131,3,clonotype1,clonotype1_consensus_2
GCTGCAGGTTACGCGC-1,True,GCTGCAGGTTACGCGC-1_contig_2,True,521,TRB,TRBV20-1,None,TRBJ2-1,TRBC2,True,True,CSARVGSEVNEQFF,TGCAGTGCTAGAGTGGGGTCGGAAGTCAATGAGCAGTTCTTC,4216,12,clonotype1,clonotype1_consensus_1
GCTGCAGGTTACGCGC-1,True,GCTGCAGGTTACGCGC-1_contig_3,True,455,TRA,TRAV10,None,TRAJ24,TRAC,True,False,None,None,336,1,clonotype1,None
GCTGCAGGTTCCGTCT-1,True,GCTGCAGGTTCCGTCT-1_contig_1,True,492,TRB,TRBV20-1,None,TRBJ1-2,TRBC1,True,True,CSARSGDYGYTF,TGCAGTGCTAGATCAGGGGACTATGGCTACACCTTC,1393,10,clonotype2515,clonotype2515_consensus_2
GCTGCAGGTTCCGTCT-1,True,GCTGCAGGTTCCGTCT-1_contig_2,True,545,TRA,TRAV26-1,None,TRAJ20,TRAC,True,True,CIVRERSNDYKLSF,TGCATCGTCAGAGAACGTTCTAACGACTACAAGCTCAGCTTT,388,2,clonotype2515,clonotype2515_consensus_3
GCTGCAGGTTCCGTCT-1,True,GCTGCAGGTTCCGTCT-1_contig_3,True,512,TRA,TRAV13-2,None,TRAJ47,TRAC,True,True,CAENPMEYGNKLVF,TGTGCAGAGAATCCCATGGAATATGGAAACAAACTGGTCTTT,986,6,clonotype2515,clonotype2515_consensus_1
GCTGCAGGTTCTGTTT-1,True,GCTGCAGGTTCTGTTT-1_contig_1,True,515,TRB,TRBV20-1,None,TRBJ1-4,TRBC1,True,True,CSGLRGDEKLFF,TGCAGTGGTCTACGGGGGGATGAAAAACTGTTTTTT,3720,9,clonotype143,clonotype143_consensus_1
GCTGCAGGTTCTGTTT-1,True,GCTGCAGGTTCTGTTT-1_contig_2,True,459,TRA,TRAV13-1,None,TRAJ49,TRAC,True,True,CAASMDTGNQFYF,TGTGCAGCAAGTATGGACACCGGTAACCAGTTCTATTTT,390,2,clonotype143,clonotype143_consensus_3
GCTGCAGGTTCTGTTT-1,True,GCTGCAGGTTCTGTTT-1_contig_3,True,614,TRA,TRAV41,None,TRAJ42,TRAC,True,True,CAAPGGSQGNLIF,TGTGCTGCCCCTGGAGGAAGCCAAGGAAATCTCATCTTT,781,5,clonotype143,clonotype143_consensus_2
GCTGCAGTCAGGTAAA-1,True,GCTGCAGTCAGGTAAA-1_contig_1,True,505,TRA,TRAV1-2,None,TRAJ33,TRAC,True,True,CAATDSNYQLIW,TGTGCTGCGACTGATAGCAACTATCAGTTAATCTGG,661,5,clonotype1,clonotype1_consensus_2
GCTGCAGTCAGGTAAA-1,True,GCTGCAGTCAGGTAAA-1_contig_2,True,521,TRB,TRBV20-1,None,TRBJ2-1,TRBC2,True,True,CSARVGSEVNEQFF,TGCAGTGCTAGAGTGGGGTCGGAAGTCAATGAGCAGTTCTTC,2812,12,clonotype1,clonotype1_consensus_1
GCTGCAGTCAGGTAAA-1,True,GCTGCAGTCAGGTAAA-1_contig_3,True,482,TRA,TRAV10,None,TRAJ24,TRAC,True,False,None,None,740,3,clonotype1,None
GCTGCAGTCATCATTC-1,True,GCTGCAGTCATCATTC-1_contig_1,True,518,TRB,TRBV20-1,None,TRBJ2-7,TRBC2,True,True,CSASTGTSYEQYF,TGCAGTGCTAGCACCGGGACGTCCTACGAGCAGTACTTC,2927,12,clonotype2516,clonotype2516_consensus_2
GCTGCAGTCATCATTC-1,True,GCTGCAGTCATCATTC-1_contig_2,True,571,TRA,TRAV16,None,TRAJ52,TRAC,True,True,CALLNAGGTSYGKLTF,TGTGCTCTCCTTAATGCTGGTGGTACTAGCTATGGAAAGCTGACATTT,1029,4,clonotype2516,clonotype2516_consensus_1
GCTGCAGTCATCATTC-1,True,GCTGCAGTCATCATTC-1_contig_3,True,513,TRA,TRAV21,None,TRAJ37,TRAC,True,True,CAVSNTGKLIF,TGTGCTGTAAGCAACACAGGCAAACTAATCTTT,4203,12,clonotype2516,clonotype2516_consensus_3
GCTGCAGTCATTGCCC-1,True,GCTGCAGTCATTGCCC-1_contig_1,True,505,TRA,TRAV1-2,None,TRAJ33,TRAC,True,True,CAATDSNYQLIW,TGTGCTGCGACTGATAGCAACTATCAGTTAATCTGG,1669,3,clonotype1,clonotype1_consensus_2
GCTGCAGTCATTGCCC-1,True,GCTGCAGTCATTGCCC-1_contig_2,True,498,TRB,TRBV20-1,None,TRBJ2-1,TRBC2,True,True,CSARVGSEVNEQFF,TGCAGTGCTAGAGTGGGGTCGGAAGTCAATGAGCAGTTCTTC,3498,12,clonotype1,clonotype1_consensus_1
GCTGCAGTCCGTTGCT-1,True,GCTGCAGTCCGTTGCT-1_contig_1,True,498,TRB,TRBV20-1,None,TRBJ2-1,TRBC2,True,True,CSARVGSEVNEQFF,TGCAGTGCTAGAGTGGGGTCGGAAGTCAATGAGCAGTTCTTC,1390,9,clonotype2,clonotype2_consensus_1
GCTGCAGTCCGTTGCT-1,True,GCTGCAGTCCGTTGCT-1_contig_2,True,323,TRA,TRAV1-2,None,TRAJ33,TRAC,True,False,CAATDSNYQLIW,TGTGCTGCGACTGATAGCAACTATCAGTTAATCTGG,768,1,clonotype2,None
GCTGCAGTCGTAGATC-1,True,GCTGCAGTCGTAGATC-1_contig_1,True,505,TRA,TRAV1-2,None,TRAJ33,TRAC,True,True,CAATDSNYQLIW,TGTGCTGCGACTGATAGCAACTATCAGTTAATCTGG,2104,5,clonotype1,clonotype1_consensus_2
GCTGCAGTCGTAGATC-1,True,GCTGCAGTCGTAGATC-1_contig_2,True,521,TRB,TRBV20-1,None,TRBJ2-1,TRBC2,True,True,CSARVGSEVNEQFF,TGCAGTGCTAGAGTGGGGTCGGAAGTCAATGAGCAGTTCTTC,1484,7,clonotype1,clonotype1_consensus_1
GCTGCGAAGCAGACTG-1,True,GCTGCGAAGCAGACTG-1_contig_1,True,507,TRB,TRBV20-1,None,TRBJ1-2,TRBC1,True,True,CSARELVGQGGFYGYTF,TGCAGTGCTAGAGAATTAGTAGGACAGGGGGGCTTCTATGGCTACACCTTC,1422,6,clonotype2517,clonotype2517_consensus_2
GCTGCGAAGCAGACTG-1,True,GCTGCGAAGCAGACTG-1_contig_2,True,562,TRA,TRAV19,None,TRAJ53,TRAC,True,True,CALSGGSNYKLTF,TGTGCTCTGAGTGGAGGTAGCAACTATAAACTGACATTT,976,4,clonotype2517,clonotype2517_consensus_1
GCTGCGAAGCAGACTG-1,True,GCTGCGAAGCAGACTG-1_contig_3,True,364,TRA,TRAV26-1,None,TRAJ23,TRAC,True,False,CIVTSGKLIF,TGCATCGTCACCTCAGGAAAGCTTATCTTC,866,1,clonotype2517,None
GCTGCGAAGTTGAGTA-1,True,GCTGCGAAGTTGAGTA-1_contig_1,True,521,TRB,TRBV20-1,None,TRBJ1-1,TRBC1,True,True,CSAGGRGSRTEAFF,TGCAGTGCTGGGGGGAGAGGGTCAAGGACTGAAGCTTTCTTT,931,4,clonotype117,clonotype117_consensus_1
GCTGCGACAAGAAAGG-1,True,GCTGCGACAAGAAAGG-1_contig_1,True,495,TRB,TRBV20-1,None,TRBJ1-1,TRBC1,True,True,CSARGRPGTNEAFF,TGCAGTGCTAGAGGACGGCCAGGGACTAATGAAGCTTTCTTT,2536,6,clonotype2518,clonotype2518_consensus_1
GCTGCGACAATGTTGC-1,True,GCTGCGACAATGTTGC-1_contig_1,True,492,TRB,TRBV20-1,None,TRBJ1-1,TRBC1,True,True,CSARDWTGPMNTEAFF,TGCAGTGCTAGAGATTGGACAGGACCCATGAACACTGAAGCTTTCTTT,1845,4,clonotype2519,clonotype2519_consensus_1
GCTGCGACAATGTTGC-1,True,GCTGCGACAATGTTGC-1_contig_2,True,468,TRA,TRAV9-2,None,TRAJ53,TRAC,True,True,CALSDRVGGSNYKLTF,TGTGCTCTGAGTGATCGGGTTGGAGGTAGCAACTATAAACTGACATTT,215,4,clonotype2519,clonotype2519_consensus_2
GCTGCGACAGGCAGTA-1,True,GCTGCGACAGGCAGTA-1_contig_1,True,498,TRB,TRBV20-1,None,TRBJ2-1,TRBC2,True,True,CSARVGSEVNEQFF,TGCAGTGCTAGAGTGGGGTCGGAAGTCAATGAGCAGTTCTTC,1062,9,clonotype2,clonotype2_consensus_1
GCTGCGACAGGCAGTA-1,True,GCTGCGACAGGCAGTA-1_contig_2,True,459,TRA,TRAV10,None,TRAJ24,TRAC,True,False,None,None,157,2,clonotype2,None
GCTGCGAGTAGTAGTA-1,True,GCTGCGAGTAGTAGTA-1_contig_1,True,502,TRA,TRAV1-2,None,TRAJ30,TRAC,True,True,CAVRDLREIIF,TGTGCTGTGAGAGATCTTCGGGAGATCATCTTT,966,3,clonotype3,clonotype3_consensus_2
GCTGCGAGTAGTAGTA-1,True,GCTGCGAGTAGTAGTA-1_contig_2,True,495,TRB,TRBV5-5,None,TRBJ1-4,TRBC1,True,True,CASSHPGPNYATNEKLFF,TGTGCCAGCAGCCATCCCGGACCGAACTACGCAACTAATGAAAAACTGTTTTTT,628,2,clonotype3,clonotype3_consensus_1
GCTGCGAGTAGTAGTA-1,True,GCTGCGAGTAGTAGTA-1_contig_3,True,516,TRB,None,None,TRBJ2-5,TRBC2,False,False,None,None,129,2,clonotype3,None
GCTGCGAGTAGTAGTA-1,True,GCTGCGAGTAGTAGTA-1_contig_4,True,386,TRB,None,None,TRBJ2-4,TRBC2,False,False,None,None,320,1,clonotype3,None
GCTGCGAGTCGCGGTT-1,True,GCTGCGAGTCGCGGTT-1_contig_1,True,521,TRB,TRBV20-1,None,TRBJ1-2,TRBC1,True,True,CSARDDRGPVGYTF,TGCAGTGCTAGAGATGACAGGGGGCCGGTTGGCTACACCTTC,1671,8,clonotype2520,clonotype2520_consensus_1
GCTGCGAGTCGCGGTT-1,True,GCTGCGAGTCGCGGTT-1_contig_2,True,540,TRA,TRAV26-1,None,TRAJ41,TRAC,True,True,CIVRSPSGYALNF,TGCATCGTCAGATCTCCTTCCGGGTATGCACTCAACTTC,1478,5,clonotype2520,clonotype2520_consensus_2
GCTGCGAGTCGCGGTT-1,True,GCTGCGAGTCGCGGTT-1_contig_3,True,300,TRB,None,None,TRBJ1-5,TRBC1,False,False,None,None,282,2,clonotype2520,None
GCTGCGAGTGACAAAT-1,True,GCTGCGAGTGACAAAT-1_contig_1,True,490,TRA,TRAV1-1,None,TRAJ21,TRAC,True,True,CAVLGYNFNKFYF,TGCGCTGTCCTCGGATACAACTTCAACAAATTTTACTTT,310,5,clonotype2521,clonotype2521_consensus_2
GCTGCGAGTGACAAAT-1,True,GCTGCGAGTGACAAAT-1_contig_2,True,513,TRB,TRBV5-1,None,TRBJ2-1,TRBC2,True,True,CASSARDSSSYNEQFF,TGCGCCAGCAGCGCTAGGGACAGCAGCTCCTACAATGAGCAGTTCTTC,1836,10,clonotype2521,clonotype2521_consensus_1
GCTGCGAGTGGTTTCA-1,True,GCTGCGAGTGGTTTCA-1_contig_1,True,505,TRA,TRAV1-2,None,TRAJ33,TRAC,True,True,CAATDSNYQLIW,TGTGCTGCGACTGATAGCAACTATCAGTTAATCTGG,963,4,clonotype1,clonotype1_consensus_2
GCTGCGAGTGGTTTCA-1,True,GCTGCGAGTGGTTTCA-1_contig_2,True,521,TRB,TRBV20-1,None,TRBJ2-1,TRBC2,True,True,CSARVGSEVNEQFF,TGCAGTGCTAGAGTGGGGTCGGAAGTCAATGAGCAGTTCTTC,1723,12,clonotype1,clonotype1_consensus_1
GCTGCGAGTTATCACG-1,True,GCTGCGAGTTATCACG-1_contig_1,True,514,TRA,TRAV23/DV6,None,TRAJ53,TRAC,True,True,CAASLDSGGSNYKLTF,TGTGCAGCAAGCTTAGATAGTGGAGGTAGCAACTATAAACTGACATTT,130,1,clonotype2522,clonotype2522_consensus_2
GCTGCGAGTTATCACG-1,True,GCTGCGAGTTATCACG-1_contig_2,True,493,TRB,TRBV5-6,None,TRBJ2-3,TRBC2,True,True,CASSSWDRVSDTQYF,TGTGCCAGCAGCTCCTGGGACAGGGTTTCAGATACGCAGTATTTT,601,3,clonotype2522,clonotype2522_consensus_1
GCTGCGAGTTTAGCTG-1,True,GCTGCGAGTTTAGCTG-1_contig_1,True,437,TRA,TRAV26-2,None,TRAJ40,TRAC,True,True,CILSSGTYKYIF,TGCATCCTTTCCTCAGGAACCTACAAATACATCTTT,1194,6,clonotype2523,clonotype2523_consensus_2
GCTGCGAGTTTAGCTG-1,True,GCTGCGAGTTTAGCTG-1_contig_2,True,516,TRB,TRBV5-5,None,TRBJ2-1,TRBC2,True,True,CASSPRTGGNINEQFF,TGTGCCAGCAGCCCTAGGACAGGGGGCAATATCAATGAGCAGTTCTTC,6740,19,clonotype2523,clonotype2523_consensus_1
GCTGCGATCATAGCAC-1,True,GCTGCGATCATAGCAC-1_contig_1,True,505,TRA,TRAV1-2,None,TRAJ33,TRAC,True,True,CAATDSNYQLIW,TGTGCTGCGACTGATAGCAACTATCAGTTAATCTGG,497,7,clonotype1,clonotype1_consensus_2
GCTGCGATCATAGCAC-1,True,GCTGCGATCATAGCAC-1_contig_2,True,521,TRB,TRBV20-1,None,TRBJ2-1,TRBC2,True,True,CSARVGSEVNEQFF,TGCAGTGCTAGAGTGGGGTCGGAAGTCAATGAGCAGTTCTTC,1160,11,clonotype1,clonotype1_consensus_1
GCTGCGATCCCTTGTG-1,True,GCTGCGATCCCTTGTG-1_contig_1,True,521,TRB,TRBV20-1,None,TRBJ2-3,TRBC2,True,True,CSARAPPDLDTQYF,TGCAGTGCTAGGGCACCCCCGGATCTAGATACGCAGTATTTT,2102,10,clonotype78,clonotype78_consensus_1
GCTGCGATCCCTTGTG-1,True,GCTGCGATCCCTTGTG-1_contig_2,True,551,TRA,TRAV16,None,TRAJ29,TRAC,True,True,CALSGRGNTPLVF,TGTGCTCTAAGTGGCAGAGGAAACACACCTCTTGTCTTT,695,4,clonotype78,clonotype78_consensus_2
GCTGCGATCCCTTGTG-1,True,GCTGCGATCCCTTGTG-1_contig_3,True,414,TRA,TRAV20,None,TRAJ33,TRAC,True,False,CCAAMDSNYQLIW,TGCTGTGCAGCTATGGATAGCAACTATCAGTTAATCTGG,826,3,clonotype78,None
GCTGCGATCCTAAGTG-1,True,GCTGCGATCCTAAGTG-1_contig_1,True,492,TRB,TRBV20-1,None,TRBJ1-6,TRBC1,True,True,CSARQGNSPLHF,TGCAGTGCTAGACAGGGGAATTCACCCCTCCACTTT,1779,5,clonotype61,clonotype61_consensus_2
GCTGCGATCCTAAGTG-1,True,GCTGCGATCCTAAGTG-1_contig_2,True,459,TRA,TRAV13-1,None,TRAJ15,TRAC,True,True,CAASNQAGTALIF,TGTGCAGCAAGTAACCAGGCAGGAACTGCTCTGATCTTT,504,5,clonotype61,clonotype61_consensus_1
GCTGCTTAGGATCGCA-1,True,GCTGCTTAGGATCGCA-1_contig_1,True,615,TRA,TRAV3,None,TRAJ40,TRAC,True,True,CAVKASGTYKYIF,TGTGCTGTGAAGGCCTCAGGAACCTACAAATACATCTTT,190,2,clonotype2524,clonotype2524_consensus_1
GCTGCTTAGGATCGCA-1,True,GCTGCTTAGGATCGCA-1_contig_2,True,662,TRB,TRBV5-6,None,TRBJ1-5,TRBC1,True,True,CASSSWPGSNQPQHF,TGTGCCAGCAGCTCTTGGCCAGGGAGCAATCAGCCCCAGCATTTT,649,4,clonotype2524,clonotype2524_consensus_2
GCTGCTTAGGCTCTTA-1,True,GCTGCTTAGGCTCTTA-1_contig_1,True,524,TRB,TRBV20-1,None,TRBJ1-1,TRBC1,True,True,CSARDQGTNSIEAFF,TGCAGTGCTAGAGATCAGGGCACCAATTCGATTGAAGCTTTCTTT,10381,10,clonotype2525,clonotype2525_consensus_2
GCTGCTTAGGCTCTTA-1,True,GCTGCTTAGGCTCTTA-1_contig_2,True,569,TRA,TRAV26-1,None,TRAJ23,TRAC,True,True,CIVRVADNQGGKLIF,TGCATCGTCAGAGTCGCGGATAACCAGGGAGGAAAGCTTATCTTC,434,3,clonotype2525,clonotype2525_consensus_1
GCTGCTTCAACAACCT-1,True,GCTGCTTCAACAACCT-1_contig_1,True,505,TRA,TRAV1-2,None,TRAJ33,TRAC,True,True,CAATDSNYQLIW,TGTGCTGCGACTGATAGCAACTATCAGTTAATCTGG,238,8,clonotype1,clonotype1_consensus_2
GCTGCTTCAACAACCT-1,True,GCTGCTTCAACAACCT-1_contig_2,True,518,TRB,TRBV20-1,None,TRBJ2-1,TRBC2,True,True,CSARVGSEVNEQFF,TGCAGTGCTAGAGTGGGGTCGGAAGTCAATGAGCAGTTCTTC,1218,5,clonotype1,clonotype1_consensus_1
GCTGCTTCAACACCTA-1,True,GCTGCTTCAACACCTA-1_contig_1,True,482,TRB,TRBV20-1,None,TRBJ1-4,TRBC1,True,True,CSAGQGNVEKLFF,TGCAGTGCTGGACAGGGAAATGTGGAAAAACTGTTTTTT,8759,6,clonotype2526,clonotype2526_consensus_1
GCTGCTTCAACACCTA-1,True,GCTGCTTCAACACCTA-1_contig_2,True,564,TRA,TRAV8-4,None,TRAJ49,TRAC,True,True,CAVSVTGNQFYF,TGTGCTGTGAGTGTCACCGGTAACCAGTTCTATTTT,1637,7,clonotype2526,clonotype2526_consensus_2
GCTGCTTCAAGAAAGG-1,True,GCTGCTTCAAGAAAGG-1_contig_1,True,518,TRB,TRBV20-1,None,TRBJ1-4,TRBC1,True,True,CSVRTGDSFKLFF,TGCAGTGTCAGGACAGGGGATTCATTCAAACTGTTTTTT,2653,11,clonotype2527,clonotype2527_consensus_1
GCTGCTTCAAGAAAGG-1,True,GCTGCTTCAAGAAAGG-1_contig_2,True,633,TRA,TRAV26-1,None,TRAJ12,TRAC,True,True,CIVIRDSSYKLIF,TGCATCGTCATACGGGATAGCAGCTATAAATTGATCTTC,769,3,clonotype2527,clonotype2527_consensus_2
GCTGCTTCAAGAAAGG-1,True,GCTGCTTCAAGAAAGG-1_contig_3,True,357,TRA,None,None,TRAJ5,TRAC,False,False,None,None,825,4,clonotype2527,None
GCTGCTTCAAGCCGCT-1,True,GCTGCTTCAAGCCGCT-1_contig_1,True,505,TRA,TRAV1-2,None,TRAJ33,TRAC,True,True,CAATDSNYQLIW,TGTGCTGCGACTGATAGCAACTATCAGTTAATCTGG,66,6,clonotype1,clonotype1_consensus_2
GCTGCTTCAAGCCGCT-1,True,GCTGCTTCAAGCCGCT-1_contig_2,True,498,TRB,TRBV20-1,None,TRBJ2-1,TRBC2,True,True,CSARVGSEVNEQFF,TGCAGTGCTAGAGTGGGGTCGGAAGTCAATGAGCAGTTCTTC,3295,9,clonotype1,clonotype1_consensus_1
GCTGCTTCAGGATTGG-1,True,GCTGCTTCAGGATTGG-1_contig_1,True,571,TRA,TRAV29/DV5,None,TRAJ33,TRAC,True,True,CAASVLGSNYQLIW,TGTGCAGCAAGCGTCCTAGGTAGCAACTATCAGTTAATCTGG,7099,10,clonotype2528,clonotype2528_consensus_1
GCTGCTTCAGGATTGG-1,True,GCTGCTTCAGGATTGG-1_contig_2,True,521,TRB,TRBV5-5,None,TRBJ1-1,TRBC1,True,True,CASSLVPRGVNTEAFF,TGTGCCAGCAGCTTGGTCCCCAGGGGCGTGAACACTGAAGCTTTCTTT,3389,15,clonotype2528,clonotype2528_consensus_3
GCTGCTTCAGGATTGG-1,True,GCTGCTTCAGGATTGG-1_contig_3,True,618,TRA,TRAV3,None,TRAJ39,TRAC,True,True,CAVRDMNAGNMLTF,TGTGCTGTGAGAGACATGAATGCAGGCAACATGCTCACCTTT,10691,9,clonotype2528,clonotype2528_consensus_2
GCTGCTTCAGGTCCAC-1,True,GCTGCTTCAGGTCCAC-1_contig_1,True,501,TRB,TRBV20-1,None,TRBJ2-1,TRBC2,True,True,CSARVGSEVNEQFF,TGCAGTGCTAGAGTGGGGTCGGAAGTCAATGAGCAGTTCTTC,865,3,clonotype2,clonotype2_consensus_1
GCTGCTTCAGGTCCAC-1,True,GCTGCTTCAGGTCCAC-1_contig_2,True,483,TRA,TRAV10,None,TRAJ24,TRAC,True,False,None,None,52,6,clonotype2,None
GCTGCTTGTCGCATCG-1,True,GCTGCTTGTCGCATCG-1_contig_1,True,505,TRA,TRAV1-2,None,TRAJ33,TRAC,True,True,CAATDSNYQLIW,TGTGCTGCGACTGATAGCAACTATCAGTTAATCTGG,1156,5,clonotype1,clonotype1_consensus_2
GCTGCTTGTCGCATCG-1,True,GCTGCTTGTCGCATCG-1_contig_2,True,521,TRB,TRBV20-1,None,TRBJ2-1,TRBC2,True,True,CSARVGSEVNEQFF,TGCAGTGCTAGAGTGGGGTCGGAAGTCAATGAGCAGTTCTTC,2926,14,clonotype1,clonotype1_consensus_1
GCTGCTTGTCGCATCG-1,True,GCTGCTTGTCGCATCG-1_contig_3,True,467,TRA,TRAV10,None,TRAJ24,TRAC,True,False,None,None,1434,6,clonotype1,None
GCTGCTTGTGTAACGG-1,True,GCTGCTTGTGTAACGG-1_contig_1,True,487,TRA,TRAV35,None,TRAJ40,TRAC,True,True,CAGRPDSGTYKYIF,TGTGCTGGGCGGCCAGACTCAGGAACCTACAAATACATCTTT,131,4,clonotype2529,clonotype2529_consensus_1
GCTGCTTGTGTAACGG-1,True,GCTGCTTGTGTAACGG-1_contig_2,True,524,TRB,TRBV20-1,None,TRBJ1-2,TRBC1,True,True,CSARPLTGINYGYTF,TGCAGTGCTAGGCCCTTGACAGGGATTAACTATGGCTACACCTTC,576,5,clonotype2529,clonotype2529_consensus_2
GCTGCTTGTTGAGGTG-1,True,GCTGCTTGTTGAGGTG-1_contig_1,True,505,TRA,TRAV1-2,None,TRAJ33,TRAC,True,True,CAATDSNYQLIW,TGTGCTGCGACTGATAGCAACTATCAGTTAATCTGG,473,4,clonotype1,clonotype1_consensus_2
GCTGCTTGTTGAGGTG-1,True,GCTGCTTGTTGAGGTG-1_contig_2,True,521,TRB,TRBV20-1,None,TRBJ2-1,TRBC2,True,True,CSARVGSEVNEQFF,TGCAGTGCTAGAGTGGGGTCGGAAGTCAATGAGCAGTTCTTC,2468,18,clonotype1,clonotype1_consensus_1
GCTGCTTGTTGATTCG-1,True,GCTGCTTGTTGATTCG-1_contig_1,True,491,TRA,TRAV38-2/DV8,None,TRAJ43,TRAC,True,True,CAYRPTGHNDMRF,TGTGCTTATAGGCCGACAGGACACAATGACATGCGCTTT,1799,9,clonotype2530,clonotype2530_consensus_2
GCTGCTTGTTGATTCG-1,True,GCTGCTTGTTGATTCG-1_contig_2,True,702,TRB,TRBV5-6,None,TRBJ2-3,TRBC2,True,True,CASSHGTSADTQYF,TGTGCCAGCAGCCATGGGACTAGCGCAGATACGCAGTATTTT,1943,11,clonotype2530,clonotype2530_consensus_1
GCTGCTTGTTGTACAC-1,True,GCTGCTTGTTGTACAC-1_contig_1,True,570,TRA,TRAV8-4,None,TRAJ29,TRAC,True,True,CAVTGLSGNTPLVF,TGTGCTGTGACCGGCCTTTCAGGAAACACACCTCTTGTCTTT,429,6,clonotype20,clonotype20_consensus_2
GCTGCTTGTTGTACAC-1,True,GCTGCTTGTTGTACAC-1_contig_2,True,521,TRB,TRBV20-1,None,TRBJ1-1,TRBC1,True,True,CSATDRARYTEAFF,TGCAGTGCCACGGACAGGGCGAGGTACACTGAAGCTTTCTTT,1627,5,clonotype20,clonotype20_consensus_1
GCTGCTTGTTGTACAC-1,True,GCTGCTTGTTGTACAC-1_contig_3,True,510,TRB,TRBV6-5,None,TRBJ2-3,TRBC2,True,False,None,None,1046,4,clonotype20,None
GCTGCTTTCACCCTCA-1,True,GCTGCTTTCACCCTCA-1_contig_1,True,628,TRA,TRAV8-2,None,TRAJ5,TRAC,True,True,CVALAADTGRRALTF,TGTGTTGCCCTGGCAGCGGACACGGGCAGGAGAGCACTTACTTTT,5854,9,clonotype2531,clonotype2531_consensus_2
GCTGCTTTCACCCTCA-1,True,GCTGCTTTCACCCTCA-1_contig_2,True,524,TRB,TRBV20-1,None,TRBJ2-2,TRBC2,True,True,CSARPQLTNTGELFF,TGCAGTGCTAGACCCCAACTAACCAACACCGGGGAGCTGTTTTTT,1630,7,clonotype2531,clonotype2531_consensus_1
GCTGCTTTCACCCTCA-1,True,GCTGCTTTCACCCTCA-1_contig_3,True,524,TRB,TRBV20-1,None,TRBJ2-5,TRBC2,True,True,CSALQASGGEETQYF,TGCAGTGCTCTCCAGGCTAGCGGGGGAGAAGAGACCCAGTACTTC,3644,17,clonotype2531,clonotype2531_consensus_3
GCTGCTTTCCGCAGTG-1,True,GCTGCTTTCCGCAGTG-1_contig_1,True,526,TRB,TRBV5-5,None,TRBJ2-2,TRBC2,True,True,CASSLQGLTGELFF,TGTGCCAGCAGCTTGCAGGGGCTGACCGGGGAGCTGTTTTTT,945,3,clonotype2532,clonotype2532_consensus_1
GCTGCTTTCCGCAGTG-1,True,GCTGCTTTCCGCAGTG-1_contig_2,True,397,TRB,None,None,TRBJ1-5,TRBC1,False,False,None,None,625,3,clonotype2532,None
GCTGCTTTCCTACAGA-1,True,GCTGCTTTCCTACAGA-1_contig_1,True,518,TRB,TRBV20-1,None,TRBJ1-2,TRBC1,True,True,CSARQGELYGYTF,TGCAGTGCCAGACAGGGGGAACTCTATGGCTACACCTTC,1156,5,clonotype2533,clonotype2533_consensus_1
GCTGCTTTCCTACAGA-1,True,GCTGCTTTCCTACAGA-1_contig_2,True,352,TRB,TRBV21-1,None,TRBJ2-1,TRBC2,True,False,CISVPAATTRGTGARSSYNEQFF,TGTATTTCTGTGCCAGCAGCCACCACCAGGGGGACAGGGGCTAGGAGCTCCTACAATGAGCAGTTCTTC,637,2,clonotype2533,None
GCTGCTTTCCTCCTAG-1,True,GCTGCTTTCCTCCTAG-1_contig_1,True,505,TRA,TRAV1-2,None,TRAJ33,TRAC,True,True,CAATDSNYQLIW,TGTGCTGCGACTGATAGCAACTATCAGTTAATCTGG,674,3,clonotype1,clonotype1_consensus_2
GCTGCTTTCCTCCTAG-1,True,GCTGCTTTCCTCCTAG-1_contig_2,True,521,TRB,TRBV20-1,None,TRBJ2-1,TRBC2,True,True,CSARVGSEVNEQFF,TGCAGTGCTAGAGTGGGGTCGGAAGTCAATGAGCAGTTCTTC,2399,9,clonotype1,clonotype1_consensus_1
GCTGCTTTCCTCCTAG-1,True,GCTGCTTTCCTCCTAG-1_contig_3,True,495,TRA,TRAV10,None,TRAJ24,TRAC,True,False,None,None,3842,4,clonotype1,None
GCTGCTTTCTCGATGA-1,True,GCTGCTTTCTCGATGA-1_contig_1,True,508,TRA,TRAV20,None,TRAJ24,TRAC,True,True,CAVMTTDSWGKFQF,TGTGCTGTTATGACAACTGACAGCTGGGGGAAATTCCAGTTT,1542,7,clonotype7,clonotype7_consensus_2
GCTGCTTTCTCGATGA-1,True,GCTGCTTTCTCGATGA-1_contig_2,True,532,TRB,TRBV5-5,None,TRBJ2-7,TRBC2,True,True,CASSSLVEQGAYEQYF,TGTGCCAGCAGCTCGCTCGTAGAGCAGGGGGCCTACGAGCAGTACTTC,1173,5,clonotype7,clonotype7_consensus_1
GCTGCTTTCTCGATGA-1,True,GCTGCTTTCTCGATGA-1_contig_3,True,371,TRA,TRAV2,None,TRAJ30,TRAC,True,False,CCLLLCCSRDDKIIF,TGCTGTTTACTACTGTGCTGTTCCAGAGATGACAAGATCATCTTT,353,4,clonotype7,None
GCTGCTTTCTTACCGC-1,True,GCTGCTTTCTTACCGC-1_contig_1,True,492,TRA,TRAV9-2,None,TRAJ13,TRAC,True,True,CALNLEGYQKVTF,TGTGCTCTGAACTTAGAGGGTTACCAGAAAGTTACCTTT,792,7,clonotype6,clonotype6_consensus_1
GCTGCTTTCTTACCGC-1,True,GCTGCTTTCTTACCGC-1_contig_2,True,493,TRB,TRBV5-6,None,TRBJ1-5,TRBC1,True,True,CASSFRGGANQPQHF,TGTGCCAGCAGCTTTCGAGGGGGCGCGAATCAGCCCCAGCATTTT,1963,13,clonotype6,clonotype6_consensus_2
GCTGGGTAGAGCCTAG-1,True,GCTGGGTAGAGCCTAG-1_contig_1,True,505,TRA,TRAV1-2,None,TRAJ33,TRAC,True,True,CAATDSNYQLIW,TGTGCTGCGACTGATAGCAACTATCAGTTAATCTGG,203,1,clonotype1,clonotype1_consensus_2
GCTGGGTAGAGCCTAG-1,True,GCTGGGTAGAGCCTAG-1_contig_2,True,495,TRB,TRBV20-1,None,TRBJ2-1,TRBC2,True,True,CSARVGSEVNEQFF,TGCAGTGCTAGAGTGGGGTCGGAAGTCAATGAGCAGTTCTTC,14714,11,clonotype1,clonotype1_consensus_1
GCTGGGTAGAGCCTAG-1,True,GCTGGGTAGAGCCTAG-1_contig_3,True,482,TRA,TRAV10,None,TRAJ24,TRAC,True,False,None,None,343,4,clonotype1,None
GCTGGGTAGATATGCA-1,True,GCTGGGTAGATATGCA-1_contig_1,True,480,TRA,TRAV1-2,None,TRAJ33,TRAC,True,True,CAATDSNYQLIW,TGTGCTGCGACTGATAGCAACTATCAGTTAATCTGG,1331,2,clonotype8,clonotype8_consensus_1
GCTGGGTAGATATGCA-1,True,GCTGGGTAGATATGCA-1_contig_2,True,465,TRA,TRAV10,None,TRAJ24,TRAC,True,False,None,None,4286,1,clonotype8,None
GCTGGGTAGCGAGAAA-1,True,GCTGGGTAGCGAGAAA-1_contig_1,True,521,TRB,TRBV20-1,None,TRBJ2-1,TRBC2,True,True,CSARVGSEVNEQFF,TGCAGTGCTAGAGTGGGGTCGGAAGTCAATGAGCAGTTCTTC,1075,7,clonotype2,clonotype2_consensus_1
GCTGGGTAGGAGCGAG-1,True,GCTGGGTAGGAGCGAG-1_contig_1,True,511,TRB,TRBV20-1,None,TRBJ1-5,TRBC1,True,True,CSANRGGNQPQHF,TGCAGTGCTAACAGGGGAGGGAATCAGCCCCAGCATTTT,2239,11,clonotype2534,clonotype2534_consensus_1
GCTGGGTAGGCCCTCA-1,True,GCTGGGTAGGCCCTCA-1_contig_1,True,473,TRA,TRAV1-2,None,TRAJ33,TRAC,True,True,CAATDSNYQLIW,TGTGCTGCGACTGATAGCAACTATCAGTTAATCTGG,384,3,clonotype1,clonotype1_consensus_2
GCTGGGTAGGCCCTCA-1,True,GCTGGGTAGGCCCTCA-1_contig_2,True,498,TRB,TRBV20-1,None,TRBJ2-1,TRBC2,True,True,CSARVGSEVNEQFF,TGCAGTGCTAGAGTGGGGTCGGAAGTCAATGAGCAGTTCTTC,1770,12,clonotype1,clonotype1_consensus_1
GCTGGGTAGTTGAGAT-1,True,GCTGGGTAGTTGAGAT-1_contig_1,True,505,TRA,TRAV1-2,None,TRAJ33,TRAC,True,True,CAATDSNYQLIW,TGTGCTGCGACTGATAGCAACTATCAGTTAATCTGG,333,4,clonotype1,clonotype1_consensus_2
GCTGGGTAGTTGAGAT-1,True,GCTGGGTAGTTGAGAT-1_contig_2,True,498,TRB,TRBV20-1,None,TRBJ2-1,TRBC2,True,True,CSARVGSEVNEQFF,TGCAGTGCTAGAGTGGGGTCGGAAGTCAATGAGCAGTTCTTC,2596,13,clonotype1,clonotype1_consensus_1
GCTGGGTCAATCGGTT-1,True,GCTGGGTCAATCGGTT-1_contig_1,True,521,TRB,TRBV20-1,None,TRBJ2-1,TRBC2,True,True,CSARVGSEVNEQFF,TGCAGTGCTAGAGTGGGGTCGGAAGTCAATGAGCAGTTCTTC,313,7,clonotype2,clonotype2_consensus_1
GCTGGGTCACAGGTTT-1,True,GCTGGGTCACAGGTTT-1_contig_1,True,496,TRA,TRAV1-2,None,TRAJ33,TRAC,True,True,CAATDSNYQLIW,TGTGCTGCGACTGATAGCAACTATCAGTTAATCTGG,61,3,clonotype1,clonotype1_consensus_2
GCTGGGTCACAGGTTT-1,True,GCTGGGTCACAGGTTT-1_contig_2,True,521,TRB,TRBV20-1,None,TRBJ2-1,TRBC2,True,True,CSARVGSEVNEQFF,TGCAGTGCTAGAGTGGGGTCGGAAGTCAATGAGCAGTTCTTC,705,8,clonotype1,clonotype1_consensus_1
GCTGGGTCACTGAAGG-1,True,GCTGGGTCACTGAAGG-1_contig_1,True,505,TRA,TRAV1-2,None,TRAJ33,TRAC,True,True,CAATDSNYQLIW,TGTGCTGCGACTGATAGCAACTATCAGTTAATCTGG,572,1,clonotype1,clonotype1_consensus_2
GCTGGGTCACTGAAGG-1,True,GCTGGGTCACTGAAGG-1_contig_2,True,498,TRB,TRBV20-1,None,TRBJ2-1,TRBC2,True,True,CSARVGSEVNEQFF,TGCAGTGCTAGAGTGGGGTCGGAAGTCAATGAGCAGTTCTTC,477,7,clonotype1,clonotype1_consensus_1
GCTGGGTCACTGAAGG-1,True,GCTGGGTCACTGAAGG-1_contig_3,True,456,TRA,TRAV10,None,TRAJ24,TRAC,True,False,None,None,583,1,clonotype1,None
GCTGGGTGTAAATACG-1,True,GCTGGGTGTAAATACG-1_contig_1,True,515,TRB,TRBV20-1,None,TRBJ1-5,TRBC1,True,True,CSARGPNQPQHF,TGCAGTGCTAGGGGGCCTAATCAGCCCCAGCATTTT,2755,9,clonotype2535,clonotype2535_consensus_1
GCTGGGTGTAAATACG-1,True,GCTGGGTGTAAATACG-1_contig_2,True,498,TRA,TRAV12-3,None,TRAJ31,TRAC,True,True,CAMTDNNNARLMF,TGTGCAATGACAGATAATAACAATGCCAGACTCATGTTT,198,4,clonotype2535,clonotype2535_consensus_2
GCTGGGTGTACCCAAT-1,True,GCTGGGTGTACCCAAT-1_contig_1,True,546,TRB,TRBV5-1,None,TRBJ2-4,TRBC2,True,True,CASSSSGGSNQNIQYF,TGCGCCAGCAGCTCGTCAGGGGGGAGTAACCAAAACATTCAGTACTTC,8900,10,clonotype2536,clonotype2536_consensus_1
GCTGGGTGTACCCAAT-1,True,GCTGGGTGTACCCAAT-1_contig_2,True,433,TRA,TRAV17,None,TRAJ50,TRAC,True,False,CATDPKTSYDKVIF,TGTGCTACGGACCCTAAAACCTCCTACGACAAGGTGATATTT,34,9,clonotype2536,None
GCTGGGTGTGGCAAAC-1,True,GCTGGGTGTGGCAAAC-1_contig_1,True,527,TRB,TRBV20-1,None,TRBJ2-1,TRBC2,True,True,CSARSLAGGFGNEQFF,TGCAGTGCTAGGTCGCTAGCGGGGGGATTTGGAAATGAGCAGTTCTTC,1836,14,clonotype2537,clonotype2537_consensus_2
GCTGGGTGTGGCAAAC-1,True,GCTGGGTGTGGCAAAC-1_contig_2,True,562,TRA,TRAV19,None,TRAJ41,TRAC,True,True,CALTTNSGYALNF,TGTGCTCTGACCACAAATTCCGGGTATGCACTCAACTTC,91,10,clonotype2537,clonotype2537_consensus_1
GCTGGGTGTGGTACAG-1,True,GCTGGGTGTGGTACAG-1_contig_1,True,527,TRB,TRBV20-1,None,TRBJ2-1,TRBC2,True,True,CSARSPGSADYNEQFF,TGCAGTGCTAGATCCCCGGGAAGCGCGGACTACAATGAGCAGTTCTTC,12511,21,clonotype2538,clonotype2538_consensus_1
GCTGGGTGTGGTACAG-1,True,GCTGGGTGTGGTACAG-1_contig_2,True,507,TRA,TRAV6,None,TRAJ37,TRAC,True,True,CASGSSNTGKLIF,TGTGCTTCGGGCTCTAGCAACACAGGCAAACTAATCTTT,1369,12,clonotype2538,clonotype2538_consensus_2
GCTGGGTGTGGTGTAG-1,True,GCTGGGTGTGGTGTAG-1_contig_1,True,498,TRB,TRBV20-1,None,TRBJ2-1,TRBC2,True,True,CSARVGSEVNEQFF,TGCAGTGCTAGAGTGGGGTCGGAAGTCAATGAGCAGTTCTTC,1041,8,clonotype2,clonotype2_consensus_1
GCTGGGTGTGGTGTAG-1,True,GCTGGGTGTGGTGTAG-1_contig_2,True,470,TRA,TRAV10,None,TRAJ24,TRAC,True,False,None,None,720,6,clonotype2,None
GCTGGGTGTGTATGGG-1,True,GCTGGGTGTGTATGGG-1_contig_1,True,521,TRB,TRBV20-1,None,TRBJ1-2,TRBC1,True,True,CSASSPDRDYGYTF,TGCAGTGCTTCCTCCCCCGACCGAGATTATGGCTACACCTTC,1546,5,clonotype2539,clonotype2539_consensus_1
GCTGGGTGTTCCACAA-1,True,GCTGGGTGTTCCACAA-1_contig_1,True,498,TRB,TRBV20-1,None,TRBJ2-7,TRBC2,True,True,CSATVGRAPYEQYF,TGCAGTGCTACCGTTGGCAGGGCCCCCTACGAGCAGTACTTC,11242,16,clonotype357,clonotype357_consensus_1
GCTGGGTGTTCCACAA-1,True,GCTGGGTGTTCCACAA-1_contig_2,True,517,TRA,TRAV23/DV6,None,TRAJ48,TRAC,True,True,CAASRGSNFGNEKLTF,TGTGCAGCAAGCAGGGGATCTAACTTTGGAAATGAGAAATTAACCTTT,603,8,clonotype357,clonotype357_consensus_2
GCTGGGTGTTTGACAC-1,True,GCTGGGTGTTTGACAC-1_contig_1,True,505,TRA,TRAV1-2,None,TRAJ33,TRAC,True,True,CAATDSNYQLIW,TGTGCTGCGACTGATAGCAACTATCAGTTAATCTGG,317,5,clonotype1,clonotype1_consensus_2
GCTGGGTGTTTGACAC-1,True,GCTGGGTGTTTGACAC-1_contig_2,True,498,TRB,TRBV20-1,None,TRBJ2-1,TRBC2,True,True,CSARVGSEVNEQFF,TGCAGTGCTAGAGTGGGGTCGGAAGTCAATGAGCAGTTCTTC,2814,7,clonotype1,clonotype1_consensus_1
GCTGGGTTCACTCCTG-1,True,GCTGGGTTCACTCCTG-1_contig_1,True,501,TRB,TRBV20-1,None,TRBJ2-1,TRBC2,True,True,CSAEYLAGGLNEQFF,TGCAGTGCCGAGTACCTAGCGGGGGGGCTGAATGAGCAGTTCTTC,3257,6,clonotype2540,clonotype2540_consensus_1
GCTGGGTTCACTCCTG-1,True,GCTGGGTTCACTCCTG-1_contig_2,True,509,TRB,TRBV6-1,None,TRBJ2-3,TRBC2,True,True,CASRRTSVGTDTQYF,TGTGCCAGCAGGCGGACTAGCGTCGGCACAGATACGCAGTATTTT,1363,2,clonotype2540,clonotype2540_consensus_2
GCTGGGTTCACTCCTG-1,True,GCTGGGTTCACTCCTG-1_contig_3,True,434,TRA,TRAV9-2,None,TRAJ39,TRAC,True,False,CALRRNNAGNMLTF,TGTGCTCTGAGACGTAATAATGCAGGCAACATGCTCACCTTT,338,5,clonotype2540,None
GCTGGGTTCCCAAGAT-1,True,GCTGGGTTCCCAAGAT-1_contig_1,True,521,TRB,TRBV20-1,None,TRBJ2-3,TRBC2,True,True,CSAPWTVTDTQYF,TGCAGTGCTCCCTGGACAGTCACAGATACGCAGTATTTT,535,3,clonotype2541,clonotype2541_consensus_1
GCTGGGTTCCCAAGAT-1,True,GCTGGGTTCCCAAGAT-1_contig_2,True,517,TRA,TRAV17,None,TRAJ45,TRAC,True,True,CATDRGSGGGADGLTF,TGTGCTACGGACAGGGGATCAGGAGGAGGTGCTGACGGACTCACCTTT,2447,4,clonotype2541,clonotype2541_consensus_2
GCTGGGTTCTCGTTTA-1,True,GCTGGGTTCTCGTTTA-1_contig_1,True,505,TRA,TRAV1-2,None,TRAJ33,TRAC,True,True,CAATDSNYQLIW,TGTGCTGCGACTGATAGCAACTATCAGTTAATCTGG,348,4,clonotype1,clonotype1_consensus_2
GCTGGGTTCTCGTTTA-1,True,GCTGGGTTCTCGTTTA-1_contig_2,True,498,TRB,TRBV20-1,None,TRBJ2-1,TRBC2,True,True,CSARVGSEVNEQFF,TGCAGTGCTAGAGTGGGGTCGGAAGTCAATGAGCAGTTCTTC,1848,12,clonotype1,clonotype1_consensus_1
GCTGGGTTCTCGTTTA-1,True,GCTGGGTTCTCGTTTA-1_contig_3,True,459,TRA,TRAV10,None,TRAJ24,TRAC,True,False,None,None,111,7,clonotype1,None
GCTTCCAAGCTAACTC-1,True,GCTTCCAAGCTAACTC-1_contig_1,True,521,TRB,TRBV20-1,None,TRBJ2-1,TRBC2,True,True,CSARVGSEVNEQFF,TGCAGTGCTAGAGTGGGGTCGGAAGTCAATGAGCAGTTCTTC,1674,9,clonotype2,clonotype2_consensus_1
GCTTCCAAGCTAACTC-1,True,GCTTCCAAGCTAACTC-1_contig_2,True,482,TRA,TRAV10,None,TRAJ24,TRAC,True,False,None,None,383,5,clonotype2,None
GCTTCCACAAGCTGAG-1,True,GCTTCCACAAGCTGAG-1_contig_1,True,524,TRB,TRBV20-1,None,TRBJ2-7,TRBC2,True,True,CSARDTGIPPGEQYF,TGCAGTGCTAGAGATACAGGGATCCCCCCGGGGGAGCAGTACTTC,735,5,clonotype2542,clonotype2542_consensus_1
GCTTCCACAAGCTGAG-1,True,GCTTCCACAAGCTGAG-1_contig_2,True,454,TRA,TRAV13-1,None,TRAJ37,TRAC,True,False,CAASW,TGTGCAGCAAGTTGG,296,1,clonotype2542,None
GCTTCCACAAGCTGAG-1,True,GCTTCCACAAGCTGAG-1_contig_3,True,526,TRA,TRAV24,None,TRAJ9,TRAC,True,False,CASSNTGGFKTIF,TGTGCCTCCTCAAATACTGGAGGCTTCAAAACTATCTTT,321,5,clonotype2542,None
GCTTCCACAATGGAAT-1,True,GCTTCCACAATGGAAT-1_contig_1,True,446,TRA,TRAV2,None,TRAJ5,TRAC,True,True,CALDTGRRALTF,TGTGCCTTGGACACGGGCAGGAGAGCACTTACTTTT,2005,3,clonotype2543,clonotype2543_consensus_1
GCTTCCACAATGGAAT-1,True,GCTTCCACAATGGAAT-1_contig_2,True,631,TRB,TRBV5-6,None,TRBJ1-2,TRBC1,True,True,CASRFGQGRYGYTF,TGTGCCAGCAGATTCGGACAGGGTCGGTATGGCTACACCTTC,1089,7,clonotype2543,clonotype2543_consensus_2
GCTTCCACAATGGAAT-1,True,GCTTCCACAATGGAAT-1_contig_3,True,543,TRA,TRAV10,None,TRAJ13,None,True,False,CVSSVGSGGYQKVTF,TGTGTGTCTTCAGTGGGTTCTGGGGGTTACCAGAAAGTTACCTTT,44,1,clonotype2543,None
GCTTCCACACGGATAG-1,True,GCTTCCACACGGATAG-1_contig_1,True,521,TRB,TRBV20-1,None,TRBJ2-1,TRBC2,True,True,CSARVGSEVNEQFF,TGCAGTGCTAGAGTGGGGTCGGAAGTCAATGAGCAGTTCTTC,2134,11,clonotype2,clonotype2_consensus_1
GCTTCCACACGGATAG-1,True,GCTTCCACACGGATAG-1_contig_2,True,478,TRA,TRAV10,None,TRAJ24,TRAC,True,False,None,None,2779,3,clonotype2,None
GCTTCCACACTAGTAC-1,True,GCTTCCACACTAGTAC-1_contig_1,True,574,TRA,TRAV8-1,None,TRAJ44,TRAC,True,True,CAVRRTGTASKLTF,TGTGCCGTGAGGAGGACCGGCACTGCCAGTAAACTCACCTTT,432,6,clonotype2544,clonotype2544_consensus_1
GCTTCCACACTAGTAC-1,True,GCTTCCACACTAGTAC-1_contig_2,True,521,TRB,TRBV20-1,None,TRBJ1-1,TRBC1,True,True,CSARDQGVDTEAFF,TGCAGTGCTAGAGACCAGGGGGTCGACACTGAAGCTTTCTTT,1795,8,clonotype2544,clonotype2544_consensus_2
GCTTCCACAGACGCAA-1,True,GCTTCCACAGACGCAA-1_contig_1,True,574,TRA,TRAV8-1,None,TRAJ17,TRAC,True,True,CAVSIKAAGNKLTF,TGTGCCGTGTCGATCAAAGCTGCAGGCAACAAGCTAACTTTT,1271,5,clonotype2545,clonotype2545_consensus_2
GCTTCCACAGACGCAA-1,True,GCTTCCACAGACGCAA-1_contig_2,True,527,TRB,TRBV20-1,None,TRBJ2-1,TRBC2,True,True,CSAPPGGSTTYNEQFF,TGCAGTGCTCCCCCCGGCGGGAGTACCACCTACAATGAGCAGTTCTTC,10190,7,clonotype2545,clonotype2545_consensus_1
GCTTCCACAGCTGTTA-1,True,GCTTCCACAGCTGTTA-1_contig_1,True,505,TRA,TRAV1-2,None,TRAJ33,TRAC,True,True,CAATDSNYQLIW,TGTGCTGCGACTGATAGCAACTATCAGTTAATCTGG,1368,5,clonotype1,clonotype1_consensus_2
GCTTCCACAGCTGTTA-1,True,GCTTCCACAGCTGTTA-1_contig_2,True,498,TRB,TRBV20-1,None,TRBJ2-1,TRBC2,True,True,CSARVGSEVNEQFF,TGCAGTGCTAGAGTGGGGTCGGAAGTCAATGAGCAGTTCTTC,936,7,clonotype1,clonotype1_consensus_1
GCTTCCACAGCTGTTA-1,True,GCTTCCACAGCTGTTA-1_contig_3,True,482,TRA,TRAV10,None,TRAJ24,TRAC,True,False,None,None,255,3,clonotype1,None
GCTTCCACAGGCAGTA-1,True,GCTTCCACAGGCAGTA-1_contig_1,True,492,TRB,TRBV20-1,None,TRBJ1-6,TRBC1,True,True,CSARGDRNSPLHF,TGCAGTGCTAGAGGAGACAGAAATTCACCCCTCCACTTT,426,5,clonotype2546,clonotype2546_consensus_2
GCTTCCACAGGCAGTA-1,True,GCTTCCACAGGCAGTA-1_contig_2,True,489,TRA,TRAV38-2/DV8,None,TRAJ30,TRAC,True,True,CAYRRKGRDDKIIF,TGTGCTTATAGGAGAAAGGGCAGAGATGACAAGATCATCTTT,683,6,clonotype2546,clonotype2546_consensus_1
GCTTCCACATTAGGCT-1,True,GCTTCCACATTAGGCT-1_contig_1,True,523,TRA,TRAV14/DV4,None,TRAJ16,TRAC,True,True,CAMRGYSDGQKLLF,TGTGCAATGAGAGGGTATTCAGATGGCCAGAAGCTGCTCTTT,115,1,clonotype2547,clonotype2547_consensus_1
GCTTCCACATTAGGCT-1,True,GCTTCCACATTAGGCT-1_contig_2,True,493,TRB,TRBV5-6,None,TRBJ1-5,TRBC1,True,True,CASSLGGWDNQPQHF,TGTGCCAGCAGCTTGGGGGGGTGGGACAATCAGCCCCAGCATTTT,694,6,clonotype2547,clonotype2547_consensus_2
GCTTCCACATTAGGCT-1,True,GCTTCCACATTAGGCT-1_contig_3,True,513,TRA,TRAV1-2,None,TRAJ15,TRAC,True,False,None,None,576,1,clonotype2547,None
GCTTCCAGTCCAGTAT-1,True,GCTTCCAGTCCAGTAT-1_contig_1,True,516,TRA,TRAV36/DV7,None,TRAJ18,TRAC,True,True,CAPRAADRGSTLGRLYF,TGTGCCCCTCGGGCGGCCGACAGAGGCTCAACCCTGGGGAGGCTATACTTT,5785,2,clonotype2548,clonotype2548_consensus_1
GCTTCCAGTCCAGTAT-1,True,GCTTCCAGTCCAGTAT-1_contig_2,True,704,TRB,TRBV5-6,None,TRBJ2-5,TRBC2,True,True,CASSLGLQETQYF,TGTGCCAGCAGCTTGGGGCTCCAAGAGACCCAGTACTTC,2319,11,clonotype2548,clonotype2548_consensus_2
GCTTCCAGTCCAGTAT-1,True,GCTTCCAGTCCAGTAT-1_contig_3,True,548,TRA,TRAV12-2,None,TRAJ17,TRAC,True,False,None,None,119,2,clonotype2548,None
GCTTCCAGTCTAGCCG-1,True,GCTTCCAGTCTAGCCG-1_contig_1,True,505,TRA,TRAV1-2,None,TRAJ33,TRAC,True,True,CAATDSNYQLIW,TGTGCTGCGACTGATAGCAACTATCAGTTAATCTGG,148,2,clonotype1,clonotype1_consensus_2
GCTTCCAGTCTAGCCG-1,True,GCTTCCAGTCTAGCCG-1_contig_2,True,521,TRB,TRBV20-1,None,TRBJ2-1,TRBC2,True,True,CSARVGSEVNEQFF,TGCAGTGCTAGAGTGGGGTCGGAAGTCAATGAGCAGTTCTTC,2462,6,clonotype1,clonotype1_consensus_1
GCTTCCAGTCTAGCCG-1,True,GCTTCCAGTCTAGCCG-1_contig_3,True,458,TRA,TRAV10,None,TRAJ24,TRAC,True,False,None,None,140,1,clonotype1,None
GCTTCCATCACCTCGT-1,True,GCTTCCATCACCTCGT-1_contig_1,True,462,TRA,TRAV13-1,None,TRAJ33,TRAC,True,True,CAARGLSSNYQLIW,TGTGCAGCAAGGGGCCTGAGTAGCAACTATCAGTTAATCTGG,456,3,clonotype31,clonotype31_consensus_2
GCTTCCATCACCTCGT-1,True,GCTTCCATCACCTCGT-1_contig_2,True,521,TRB,TRBV20-1,None,TRBJ2-7,TRBC2,True,True,CSARETRTSGGYEQYF,TGCAGTGCTAGAGAAACAAGGACTAGCGGGGGGTACGAGCAGTACTTC,1843,12,clonotype31,clonotype31_consensus_1
GCTTCCATCAGCATGT-1,True,GCTTCCATCAGCATGT-1_contig_1,True,521,TRB,TRBV20-1,None,TRBJ2-1,TRBC2,True,True,CSARVGSEVNEQFF,TGCAGTGCTAGAGTGGGGTCGGAAGTCAATGAGCAGTTCTTC,1515,8,clonotype2,clonotype2_consensus_1
GCTTCCATCAGCATGT-1,True,GCTTCCATCAGCATGT-1_contig_2,True,467,TRA,TRAV10,None,TRAJ24,TRAC,True,False,None,None,663,5,clonotype2,None
GCTTCCATCGGCATCG-1,True,GCTTCCATCGGCATCG-1_contig_1,True,518,TRA,TRAV12-2,None,TRAJ28,TRAC,True,True,CAVKGSGAGSYQLTF,TGTGCCGTGAAGGGCTCTGGGGCTGGGAGTTACCAACTCACTTTC,71,3,clonotype358,clonotype358_consensus_1
GCTTCCATCGGCATCG-1,True,GCTTCCATCGGCATCG-1_contig_2,True,530,TRB,TRBV20-1,None,TRBJ1-3,TRBC1,True,True,CSARLPGGPLSGNTIYF,TGCAGTGCTAGACTTCCGGGAGGGCCCCTCTCTGGAAACACCATATATTTT,606,4,clonotype358,clonotype358_consensus_2
GCTTCCATCGGCATCG-1,True,GCTTCCATCGGCATCG-1_contig_3,True,511,TRB,TRBV7-3,None,TRBJ2-7,TRBC2,True,False,None,None,1245,7,clonotype358,None
GCTTCCATCGTCCGTT-1,True,GCTTCCATCGTCCGTT-1_contig_1,True,505,TRA,TRAV1-2,None,TRAJ33,TRAC,True,True,CAATDSNYQLIW,TGTGCTGCGACTGATAGCAACTATCAGTTAATCTGG,1555,5,clonotype1,clonotype1_consensus_2
GCTTCCATCGTCCGTT-1,True,GCTTCCATCGTCCGTT-1_contig_2,True,516,TRB,TRBV20-1,None,TRBJ2-1,TRBC2,True,True,CSARVGSEVNEQFF,TGCAGTGCTAGAGTGGGGTCGGAAGTCAATGAGCAGTTCTTC,3302,11,clonotype1,clonotype1_consensus_1
GCTTCCATCTCGCATC-1,True,GCTTCCATCTCGCATC-1_contig_1,True,487,TRA,TRAV1-2,None,TRAJ33,TRAC,True,True,CAATDSNYQLIW,TGTGCTGCGACTGATAGCAACTATCAGTTAATCTGG,779,5,clonotype1,clonotype1_consensus_2
GCTTCCATCTCGCATC-1,True,GCTTCCATCTCGCATC-1_contig_2,True,518,TRB,TRBV20-1,None,TRBJ2-1,TRBC2,True,True,CSARVGSEVNEQFF,TGCAGTGCTAGAGTGGGGTCGGAAGTCAATGAGCAGTTCTTC,1883,8,clonotype1,clonotype1_consensus_1
GCTTCCATCTTCGGTC-1,True,GCTTCCATCTTCGGTC-1_contig_1,True,515,TRB,TRBV20-1,None,TRBJ1-2,TRBC1,True,True,CSAPQGYYGYTF,TGCAGTGCCCCACAGGGTTACTATGGCTACACCTTC,2260,10,clonotype24,clonotype24_consensus_1
GCTTCCATCTTCGGTC-1,True,GCTTCCATCTTCGGTC-1_contig_2,True,465,TRA,TRAV34,None,TRAJ30,TRAC,True,True,CGADGGDDKIIF,TGTGGAGCAGACGGCGGGGATGACAAGATCATCTTT,1399,3,clonotype24,clonotype24_consensus_2
GCTTCCATCTTCGGTC-1,True,GCTTCCATCTTCGGTC-1_contig_3,True,410,TRB,None,None,TRBJ1-3,TRBC1,False,False,None,None,1709,6,clonotype24,None
GCTTGAAAGACATAAC-1,True,GCTTGAAAGACATAAC-1_contig_1,True,509,TRA,TRAV13-2,None,TRAJ40,TRAC,True,True,CAESKSGTYKYIF,TGTGCAGAGAGTAAGTCAGGAACCTACAAATACATCTTT,2699,4,clonotype2549,clonotype2549_consensus_4
GCTTGAAAGACATAAC-1,True,GCTTGAAAGACATAAC-1_contig_2,True,518,TRB,TRBV20-1,None,TRBJ2-3,TRBC2,True,True,CSATGISTDTQYF,TGCAGTGCTACAGGAATTAGCACAGATACGCAGTATTTT,2859,14,clonotype2549,clonotype2549_consensus_2
GCTTGAAAGACATAAC-1,True,GCTTGAAAGACATAAC-1_contig_3,True,524,TRB,TRBV20-1,None,TRBJ1-2,TRBC1,True,True,CSARGPNLRVGGYTF,TGCAGTGCTAGAGGTCCTAATCTCAGGGTCGGTGGCTACACCTTC,959,8,clonotype2549,clonotype2549_consensus_1
GCTTGAAAGACATAAC-1,True,GCTTGAAAGACATAAC-1_contig_4,True,526,TRA,TRAV26-1,None,TRAJ28,TRAC,True,True,CIVRVAGAGSYQLTF,TGCATCGTCAGAGTCGCTGGGGCTGGGAGTTACCAACTCACTTTC,3450,3,clonotype2549,clonotype2549_consensus_3
GCTTGAAAGATGTTAG-1,True,GCTTGAAAGATGTTAG-1_contig_1,True,501,TRB,TRBV20-1,None,TRBJ2-7,TRBC2,True,True,CSASFSTGVSYEQYF,TGCAGTGCTAGTTTCTCGACAGGGGTTTCCTACGAGCAGTACTTC,1259,4,clonotype2550,clonotype2550_consensus_2
GCTTGAAAGATGTTAG-1,True,GCTTGAAAGATGTTAG-1_contig_2,True,491,TRA,TRAV38-2/DV8,None,TRAJ38,TRAC,True,True,CAYRPGNNRKLIW,TGTGCTTATAGGCCTGGCAACAACCGTAAGCTGATTTGG,8093,9,clonotype2550,clonotype2550_consensus_1
GCTTGAAAGATTACCC-1,True,GCTTGAAAGATTACCC-1_contig_1,True,484,TRB,TRBV5-6,None,TRBJ2-7,TRBC2,True,True,CASSPRDYEQYF,TGTGCCAGCAGCCCAAGGGATTACGAGCAGTACTTC,6733,21,clonotype2551,clonotype2551_consensus_2
GCTTGAAAGATTACCC-1,True,GCTTGAAAGATTACCC-1_contig_2,True,550,TRA,TRAV12-1,None,TRAJ23,TRAC,True,True,CVVYNQGGKLIF,TGTGTGGTTTATAACCAGGGAGGAAAGCTTATCTTC,6687,3,clonotype2551,clonotype2551_consensus_1
GCTTGAAAGATTACCC-1,True,GCTTGAAAGATTACCC-1_contig_3,True,592,TRB,None,None,TRBJ1-5,None,False,False,None,None,60,1,clonotype2551,None
GCTTGAAAGATTACCC-1,True,GCTTGAAAGATTACCC-1_contig_4,True,429,TRA,TRAV13-2,None,TRAJ3,TRAC,True,False,CRDIYSSASKIIF,TGCAGAGACATTTACAGCAGTGCTTCCAAGATAATCTTT,2504,2,clonotype2551,None
GCTTGAAAGGGTGTTG-1,True,GCTTGAAAGGGTGTTG-1_contig_1,True,478,TRB,TRBV28,None,TRBJ2-7,TRBC2,True,True,CASSTGGGKGGLPYEQYF,TGTGCCAGCAGCACGGGAGGTGGAAAGGGGGGCCTTCCCTACGAGCAGTACTTC,232,3,clonotype2552,clonotype2552_consensus_1
GCTTGAAAGGGTGTTG-1,True,GCTTGAAAGGGTGTTG-1_contig_2,True,551,TRA,TRAV12-1,None,TRAJ17,TRAC,True,True,CVVNPPAGNKLTF,TGTGTGGTGAACCCCCCAGCAGGCAACAAGCTAACTTTT,972,7,clonotype2552,clonotype2552_consensus_2
GCTTGAAAGTGTGGCA-1,True,GCTTGAAAGTGTGGCA-1_contig_1,True,505,TRA,TRAV1-2,None,TRAJ33,TRAC,True,True,CAATDSNYQLIW,TGTGCTGCGACTGATAGCAACTATCAGTTAATCTGG,1249,4,clonotype1,clonotype1_consensus_2
GCTTGAAAGTGTGGCA-1,True,GCTTGAAAGTGTGGCA-1_contig_2,True,516,TRB,TRBV20-1,None,TRBJ2-1,TRBC2,True,True,CSARVGSEVNEQFF,TGCAGTGCTAGAGTGGGGTCGGAAGTCAATGAGCAGTTCTTC,879,7,clonotype1,clonotype1_consensus_1
GCTTGAAAGTGTGGCA-1,True,GCTTGAAAGTGTGGCA-1_contig_3,True,482,TRA,TRAV10,None,TRAJ24,TRAC,True,False,None,None,676,3,clonotype1,None
GCTTGAACACATCCAA-1,True,GCTTGAACACATCCAA-1_contig_1,True,502,TRA,TRAV1-2,None,TRAJ30,TRAC,True,True,CAVRDLREIIF,TGTGCTGTGAGAGATCTTCGGGAGATCATCTTT,560,3,clonotype50,clonotype50_consensus_2
GCTTGAACACATCCAA-1,True,GCTTGAACACATCCAA-1_contig_2,True,505,TRA,TRAV1-2,None,TRAJ33,TRAC,True,True,CAATDSNYQLIW,TGTGCTGCGACTGATAGCAACTATCAGTTAATCTGG,285,3,clonotype50,clonotype50_consensus_3
GCTTGAACACATCCAA-1,True,GCTTGAACACATCCAA-1_contig_3,True,521,TRB,TRBV20-1,None,TRBJ2-1,TRBC2,True,True,CSARVGSEVNEQFF,TGCAGTGCTAGAGTGGGGTCGGAAGTCAATGAGCAGTTCTTC,1283,8,clonotype50,clonotype50_consensus_1
GCTTGAACAGCCAGAA-1,True,GCTTGAACAGCCAGAA-1_contig_1,True,521,TRB,TRBV20-1,None,TRBJ2-1,TRBC2,True,True,CSARVGSEVNEQFF,TGCAGTGCTAGAGTGGGGTCGGAAGTCAATGAGCAGTTCTTC,1033,5,clonotype2,clonotype2_consensus_1
GCTTGAACAGGAATCG-1,True,GCTTGAACAGGAATCG-1_contig_1,True,537,TRA,TRAV16,None,TRAJ41,TRAC,True,True,CALSQRT,TGTGCTCTAAGTCAAAGGACC,119,2,clonotype2553,clonotype2553_consensus_1
GCTTGAACAGGAATCG-1,True,GCTTGAACAGGAATCG-1_contig_2,True,507,TRB,TRBV20-1,None,TRBJ1-3,TRBC1,True,True,CSAREPGRGIGGNTIYF,TGCAGTGCTAGAGAGCCAGGGAGGGGGATCGGTGGAAACACCATATATTTT,528,5,clonotype2553,clonotype2553_consensus_2
GCTTGAACAGGAATCG-1,True,GCTTGAACAGGAATCG-1_contig_3,True,497,TRA,TRAV27,None,TRAJ31,TRAC,True,True,CAGGDNNARLMF,TGTGCAGGAGGGGATAACAATGCCAGACTCATGTTT,369,4,clonotype2553,clonotype2553_consensus_3
GCTTGAACAGGTCTCG-1,True,GCTTGAACAGGTCTCG-1_contig_1,True,501,TRB,TRBV20-1,None,TRBJ2-1,TRBC2,True,True,CSATLSGGDRNEQFF,TGCAGTGCTACCCTAAGCGGGGGGGATCGCAATGAGCAGTTCTTC,1957,12,clonotype2554,clonotype2554_consensus_1
GCTTGAACAGGTCTCG-1,True,GCTTGAACAGGTCTCG-1_contig_2,True,691,TRA,TRAV8-3,None,TRAJ17,TRAC,True,True,CAVGLRAAGNKLTF,TGTGCTGTGGGCCTCAGAGCTGCAGGCAACAAGCTAACTTTT,543,3,clonotype2554,clonotype2554_consensus_2
GCTTGAACAGTCAGCC-1,True,GCTTGAACAGTCAGCC-1_contig_1,True,515,TRB,TRBV5-5,None,TRBJ1-4,TRBC1,True,True,CASSHPGPNYATNEKLFF,TGTGCCAGCAGCCATCCCGGACCGAACTACGCAACTAATGAAAAACTGTTTTTT,1149,7,clonotype4,clonotype4_consensus_1
GCTTGAACAGTCAGCC-1,True,GCTTGAACAGTCAGCC-1_contig_2,True,350,TRB,TRBV7-3,None,TRBJ2-1,None,True,False,CQQRSLKAGGPYNEQFF,TGCCAGCAGCGGTCACTTAAAGCGGGGGGACCCTACAATGAGCAGTTCTTC,187,1,clonotype4,None
GCTTGAACAGTCCTTC-1,True,GCTTGAACAGTCCTTC-1_contig_1,True,505,TRA,TRAV1-2,None,TRAJ33,TRAC,True,True,CAATDSNYQLIW,TGTGCTGCGACTGATAGCAACTATCAGTTAATCTGG,754,2,clonotype1,clonotype1_consensus_2
GCTTGAACAGTCCTTC-1,True,GCTTGAACAGTCCTTC-1_contig_2,True,521,TRB,TRBV20-1,None,TRBJ2-1,TRBC2,True,True,CSARVGSEVNEQFF,TGCAGTGCTAGAGTGGGGTCGGAAGTCAATGAGCAGTTCTTC,500,6,clonotype1,clonotype1_consensus_1
GCTTGAACATGCATGT-1,True,GCTTGAACATGCATGT-1_contig_1,True,505,TRA,TRAV1-2,None,TRAJ33,TRAC,True,True,CAATDSNYQLIW,TGTGCTGCGACTGATAGCAACTATCAGTTAATCTGG,933,5,clonotype1,clonotype1_consensus_2
GCTTGAACATGCATGT-1,True,GCTTGAACATGCATGT-1_contig_2,True,492,TRB,TRBV20-1,None,TRBJ2-1,TRBC2,True,True,CSARVGSEVNEQFF,TGCAGTGCTAGAGTGGGGTCGGAAGTCAATGAGCAGTTCTTC,886,2,clonotype1,clonotype1_consensus_1
GCTTGAAGTACGCTGC-1,True,GCTTGAAGTACGCTGC-1_contig_1,True,505,TRA,TRAV1-2,None,TRAJ33,TRAC,True,True,CAATDSNYQLIW,TGTGCTGCGACTGATAGCAACTATCAGTTAATCTGG,1133,3,clonotype1,clonotype1_consensus_2
GCTTGAAGTACGCTGC-1,True,GCTTGAAGTACGCTGC-1_contig_2,True,521,TRB,TRBV20-1,None,TRBJ2-1,TRBC2,True,True,CSARVGSEVNEQFF,TGCAGTGCTAGAGTGGGGTCGGAAGTCAATGAGCAGTTCTTC,1037,10,clonotype1,clonotype1_consensus_1
GCTTGAAGTACGCTGC-1,True,GCTTGAAGTACGCTGC-1_contig_3,True,459,TRA,TRAV10,None,TRAJ24,TRAC,True,False,None,None,422,2,clonotype1,None
GCTTGAAGTATAGGTA-1,True,GCTTGAAGTATAGGTA-1_contig_1,True,518,TRB,TRBV20-1,None,TRBJ1-1,TRBC1,True,True,CSAPGPKYGEAFF,TGCAGTGCGCCGGGACCCAAGTATGGTGAAGCTTTCTTT,4642,10,clonotype62,clonotype62_consensus_1
GCTTGAAGTATAGGTA-1,True,GCTTGAAGTATAGGTA-1_contig_2,True,574,TRA,TRAV8-1,None,TRAJ29,TRAC,True,True,CAVNTNSGNTPLVF,TGTGCCGTGAATACGAATTCAGGAAACACACCTCTTGTCTTT,949,6,clonotype62,clonotype62_consensus_2
GCTTGAAGTATAGGTA-1,True,GCTTGAAGTATAGGTA-1_contig_3,True,356,TRB,None,None,TRBJ2-3,TRBC2,False,False,None,None,112,2,clonotype62,None
GCTTGAAGTTATCACG-1,True,GCTTGAAGTTATCACG-1_contig_1,True,505,TRA,TRAV1-2,None,TRAJ33,TRAC,True,True,CAATDSNYQLIW,TGTGCTGCGACTGATAGCAACTATCAGTTAATCTGG,406,3,clonotype1,clonotype1_consensus_2
GCTTGAAGTTATCACG-1,True,GCTTGAAGTTATCACG-1_contig_2,True,515,TRB,TRBV20-1,None,TRBJ2-1,TRBC2,True,True,CSARVGSEVNEQFF,TGCAGTGCTAGAGTGGGGTCGGAAGTCAATGAGCAGTTCTTC,1108,3,clonotype1,clonotype1_consensus_1
GCTTGAAGTTATCACG-1,True,GCTTGAAGTTATCACG-1_contig_3,True,438,TRA,TRAV10,None,TRAJ24,TRAC,True,False,None,None,94,3,clonotype1,None
GCTTGAAGTTGAACTC-1,True,GCTTGAAGTTGAACTC-1_contig_1,True,514,TRB,TRBV20-1,None,TRBJ2-1,TRBC2,True,True,CSARVGSEVNEQFF,TGCAGTGCTAGAGTGGGGTCGGAAGTCAATGAGCAGTTCTTC,2413,5,clonotype2,clonotype2_consensus_1
GCTTGAATCCGAGCCA-1,True,GCTTGAATCCGAGCCA-1_contig_1,True,498,TRB,TRBV20-1,None,TRBJ2-1,TRBC2,True,True,CSARVGSEVNEQFF,TGCAGTGCTAGAGTGGGGTCGGAAGTCAATGAGCAGTTCTTC,969,3,clonotype2,clonotype2_consensus_1
GCTTGAATCCGAGCCA-1,True,GCTTGAATCCGAGCCA-1_contig_2,True,465,TRA,TRAV10,None,TRAJ24,TRAC,True,False,None,None,141,2,clonotype2,None
GCTTGAATCGCTTGTC-1,True,GCTTGAATCGCTTGTC-1_contig_1,True,538,TRA,TRAV12-2,None,TRAJ31,TRAC,True,True,CAVRNNARLMF,TGTGCCGTGAGGAACAATGCCAGACTCATGTTT,580,3,clonotype2555,clonotype2555_consensus_2
GCTTGAATCGCTTGTC-1,True,GCTTGAATCGCTTGTC-1_contig_2,True,518,TRB,TRBV20-1,None,TRBJ1-1,TRBC1,True,True,CSARRQTNTEAFF,TGCAGTGCTAGAAGACAGACTAACACTGAAGCTTTCTTT,125,2,clonotype2555,clonotype2555_consensus_1
GCTTGAATCGGCTACG-1,True,GCTTGAATCGGCTACG-1_contig_1,True,459,TRA,TRAV9-2,None,TRAJ31,TRAC,True,True,CALSDRNNNARLMF,TGTGCTCTGAGTGATCGGAATAACAATGCCAGACTCATGTTT,55,1,clonotype2556,clonotype2556_consensus_2
GCTTGAATCGGCTACG-1,True,GCTTGAATCGGCTACG-1_contig_2,True,505,TRA,TRAV1-2,None,TRAJ33,TRAC,True,True,CAVLDSNYQLIW,TGTGCTGTCCTGGATAGCAACTATCAGTTAATCTGG,248,2,clonotype2556,clonotype2556_consensus_1
GGAAAGCAGAGGTTGC-1,True,GGAAAGCAGAGGTTGC-1_contig_1,True,505,TRA,TRAV1-2,None,TRAJ33,TRAC,True,True,CAATDSNYQLIW,TGTGCTGCGACTGATAGCAACTATCAGTTAATCTGG,1188,5,clonotype1,clonotype1_consensus_2
GGAAAGCAGAGGTTGC-1,True,GGAAAGCAGAGGTTGC-1_contig_2,True,521,TRB,TRBV20-1,None,TRBJ2-1,TRBC2,True,True,CSARVGSEVNEQFF,TGCAGTGCTAGAGTGGGGTCGGAAGTCAATGAGCAGTTCTTC,2807,11,clonotype1,clonotype1_consensus_1
GGAAAGCAGAGGTTGC-1,True,GGAAAGCAGAGGTTGC-1_contig_3,True,517,TRA,TRAV10,None,TRAJ24,TRAC,True,False,None,None,154,3,clonotype1,None
GGAAAGCAGCCGCCTA-1,True,GGAAAGCAGCCGCCTA-1_contig_1,True,521,TRB,TRBV20-1,None,TRBJ2-1,TRBC2,True,True,CSARVGSEVNEQFF,TGCAGTGCTAGAGTGGGGTCGGAAGTCAATGAGCAGTTCTTC,2658,8,clonotype2,clonotype2_consensus_1
GGAAAGCAGCCGCCTA-1,True,GGAAAGCAGCCGCCTA-1_contig_2,True,646,TRA,TRAV10,None,TRAJ24,TRAC,True,False,None,None,390,2,clonotype2,None
GGAAAGCAGCGTGTCC-1,True,GGAAAGCAGCGTGTCC-1_contig_1,True,505,TRA,TRAV1-2,None,TRAJ33,TRAC,True,True,CAATDSNYQLIW,TGTGCTGCGACTGATAGCAACTATCAGTTAATCTGG,878,3,clonotype1,clonotype1_consensus_2
GGAAAGCAGCGTGTCC-1,True,GGAAAGCAGCGTGTCC-1_contig_2,True,498,TRB,TRBV20-1,None,TRBJ2-1,TRBC2,True,True,CSARVGSEVNEQFF,TGCAGTGCTAGAGTGGGGTCGGAAGTCAATGAGCAGTTCTTC,274,3,clonotype1,clonotype1_consensus_1
GGAAAGCAGGTGCAAC-1,True,GGAAAGCAGGTGCAAC-1_contig_1,True,505,TRA,TRAV1-2,None,TRAJ33,TRAC,True,True,CAATDSNYQLIW,TGTGCTGCGACTGATAGCAACTATCAGTTAATCTGG,126,1,clonotype1,clonotype1_consensus_2
GGAAAGCAGGTGCAAC-1,True,GGAAAGCAGGTGCAAC-1_contig_2,True,521,TRB,TRBV20-1,None,TRBJ2-1,TRBC2,True,True,CSARVGSEVNEQFF,TGCAGTGCTAGAGTGGGGTCGGAAGTCAATGAGCAGTTCTTC,1291,10,clonotype1,clonotype1_consensus_1
GGAAAGCAGGTGCAAC-1,True,GGAAAGCAGGTGCAAC-1_contig_3,True,457,TRA,TRAV10,None,TRAJ24,TRAC,True,False,None,None,522,1,clonotype1,None
GGAAAGCAGTCGAGTG-1,True,GGAAAGCAGTCGAGTG-1_contig_1,True,505,TRA,TRAV1-2,None,TRAJ33,TRAC,True,True,CAATDSNYQLIW,TGTGCTGCGACTGATAGCAACTATCAGTTAATCTGG,580,3,clonotype1,clonotype1_consensus_2
GGAAAGCAGTCGAGTG-1,True,GGAAAGCAGTCGAGTG-1_contig_2,True,521,TRB,TRBV20-1,None,TRBJ2-1,TRBC2,True,True,CSARVGSEVNEQFF,TGCAGTGCTAGAGTGGGGTCGGAAGTCAATGAGCAGTTCTTC,843,6,clonotype1,clonotype1_consensus_1
GGAAAGCAGTCGAGTG-1,True,GGAAAGCAGTCGAGTG-1_contig_3,True,522,TRA,TRAV10,None,TRAJ24,TRAC,True,False,None,None,490,2,clonotype1,None
GGAAAGCCAACCGCCA-1,True,GGAAAGCCAACCGCCA-1_contig_1,True,505,TRA,TRAV1-2,None,TRAJ33,TRAC,True,True,CAATDSNYQLIW,TGTGCTGCGACTGATAGCAACTATCAGTTAATCTGG,1054,5,clonotype1,clonotype1_consensus_2
GGAAAGCCAACCGCCA-1,True,GGAAAGCCAACCGCCA-1_contig_2,True,498,TRB,TRBV20-1,None,TRBJ2-1,TRBC2,True,True,CSARVGSEVNEQFF,TGCAGTGCTAGAGTGGGGTCGGAAGTCAATGAGCAGTTCTTC,873,4,clonotype1,clonotype1_consensus_1
GGAAAGCCAAGGTTCT-1,True,GGAAAGCCAAGGTTCT-1_contig_1,True,505,TRA,TRAV1-2,None,TRAJ33,TRAC,True,True,CAATDSNYQLIW,TGTGCTGCGACTGATAGCAACTATCAGTTAATCTGG,396,3,clonotype1,clonotype1_consensus_2
GGAAAGCCAAGGTTCT-1,True,GGAAAGCCAAGGTTCT-1_contig_2,True,496,TRB,TRBV20-1,None,TRBJ2-1,TRBC2,True,True,CSARVGSEVNEQFF,TGCAGTGCTAGAGTGGGGTCGGAAGTCAATGAGCAGTTCTTC,1331,5,clonotype1,clonotype1_consensus_1
GGAAAGCCACTGTGTA-1,True,GGAAAGCCACTGTGTA-1_contig_1,True,532,TRA,TRAV14/DV4,None,TRAJ8,TRAC,True,True,CAMREGRGNTGFQKLVF,TGTGCAATGAGAGAGGGCCGCGGGAACACAGGCTTTCAGAAACTTGTATTT,1157,7,clonotype2557,clonotype2557_consensus_1
GGAAAGCCACTGTGTA-1,True,GGAAAGCCACTGTGTA-1_contig_2,True,675,TRB,TRBV5-6,None,TRBJ2-7,TRBC2,True,True,CASSSDWSSYEQYF,TGTGCCAGCAGCTCGGACTGGAGCTCCTACGAGCAGTACTTC,2068,7,clonotype2557,clonotype2557_consensus_2
GGAAAGCCACTGTGTA-1,True,GGAAAGCCACTGTGTA-1_contig_3,True,460,TRA,TRAV13-1,None,TRAJ8,TRAC,True,False,None,None,320,1,clonotype2557,None
GGAAAGCCACTGTGTA-1,True,GGAAAGCCACTGTGTA-1_contig_4,True,305,TRB,None,None,TRBJ1-6,TRBC1,False,False,None,None,836,3,clonotype2557,None
GGAAAGCCAGCTCCGA-1,True,GGAAAGCCAGCTCCGA-1_contig_1,True,505,TRA,TRAV1-2,None,TRAJ33,TRAC,True,True,CAATDSNYQLIW,TGTGCTGCGACTGATAGCAACTATCAGTTAATCTGG,999,3,clonotype1,clonotype1_consensus_2
GGAAAGCCAGCTCCGA-1,True,GGAAAGCCAGCTCCGA-1_contig_2,True,495,TRB,TRBV20-1,None,TRBJ2-1,TRBC2,True,True,CSARVGSEVNEQFF,TGCAGTGCTAGAGTGGGGTCGGAAGTCAATGAGCAGTTCTTC,1392,5,clonotype1,clonotype1_consensus_1
GGAAAGCCAGGGTACA-1,True,GGAAAGCCAGGGTACA-1_contig_1,True,505,TRA,TRAV1-2,None,TRAJ33,TRAC,True,True,CAATDSNYQLIW,TGTGCTGCGACTGATAGCAACTATCAGTTAATCTGG,837,4,clonotype1,clonotype1_consensus_2
GGAAAGCCAGGGTACA-1,True,GGAAAGCCAGGGTACA-1_contig_2,True,521,TRB,TRBV20-1,None,TRBJ2-1,TRBC2,True,True,CSARVGSEVNEQFF,TGCAGTGCTAGAGTGGGGTCGGAAGTCAATGAGCAGTTCTTC,386,4,clonotype1,clonotype1_consensus_1
GGAAAGCCAGTTTACG-1,True,GGAAAGCCAGTTTACG-1_contig_1,True,570,TRA,TRAV8-4,None,TRAJ54,TRAC,True,True,CAVSLIQGAQKLVF,TGTGCTGTGAGTTTAATTCAGGGAGCCCAGAAGCTGGTATTT,358,4,clonotype2558,clonotype2558_consensus_1
GGAAAGCCAGTTTACG-1,True,GGAAAGCCAGTTTACG-1_contig_2,True,699,TRB,TRBV5-6,None,TRBJ1-1,TRBC1,True,True,CASSLEPQLGSPAVDTEAFF,TGTGCCAGCAGCTTGGAACCTCAGCTTGGCAGTCCCGCGGTCGACACTGAAGCTTTCTTT,4317,22,clonotype2558,clonotype2558_consensus_2
GGAAAGCCAGTTTACG-1,True,GGAAAGCCAGTTTACG-1_contig_3,True,472,TRA,TRAV10,None,TRAJ22,TRAC,True,False,CGELLVSSGSARQLTF,TGTGGTGAGCTCCTAGTTTCTTCTGGTTCTGCAAGGCAACTGACCTTT,1019,6,clonotype2558,None
GGAAAGCCATGGATGG-1,True,GGAAAGCCATGGATGG-1_contig_1,True,521,TRB,TRBV20-1,None,TRBJ2-1,TRBC2,True,True,CSARVGSEVNEQFF,TGCAGTGCTAGAGTGGGGTCGGAAGTCAATGAGCAGTTCTTC,649,8,clonotype2,clonotype2_consensus_1
GGAAAGCCATGTAAGA-1,True,GGAAAGCCATGTAAGA-1_contig_1,True,505,TRA,TRAV1-2,None,TRAJ33,TRAC,True,True,CAATDSNYQLIW,TGTGCTGCGACTGATAGCAACTATCAGTTAATCTGG,512,5,clonotype1,clonotype1_consensus_2
GGAAAGCCATGTAAGA-1,True,GGAAAGCCATGTAAGA-1_contig_2,True,521,TRB,TRBV20-1,None,TRBJ2-1,TRBC2,True,True,CSARVGSEVNEQFF,TGCAGTGCTAGAGTGGGGTCGGAAGTCAATGAGCAGTTCTTC,1126,8,clonotype1,clonotype1_consensus_1
GGAAAGCCATGTTCCC-1,True,GGAAAGCCATGTTCCC-1_contig_1,True,543,TRA,TRAV12-1,None,TRAJ5,TRAC,True,True,CVVDTGRRALTF,TGTGTGGTGGACACGGGCAGGAGAGCACTTACTTTT,397,3,clonotype60,clonotype60_consensus_2
GGAAAGCCATGTTCCC-1,True,GGAAAGCCATGTTCCC-1_contig_2,True,521,TRB,TRBV20-1,None,TRBJ1-1,TRBC1,True,True,CSAEFGTGAEGAFF,TGCAGTGCTGAGTTCGGGACAGGGGCCGAAGGAGCTTTCTTT,2729,11,clonotype60,clonotype60_consensus_1
GGAAAGCCATTAGCCA-1,True,GGAAAGCCATTAGCCA-1_contig_1,True,667,TRA,TRAV8-3,None,TRAJ6,TRAC,True,True,CNPGYIPTF,TGCAACCCCGGCTACATACCTACATTT,747,5,clonotype359,clonotype359_consensus_3
GGAAAGCCATTAGCCA-1,True,GGAAAGCCATTAGCCA-1_contig_2,True,517,TRA,TRAV5,None,TRAJ30,TRAC,True,True,CAESDRNDKIIF,TGTGCAGAGAGCGACAGAAATGACAAGATCATCTTT,888,4,clonotype359,clonotype359_consensus_2
GGAAAGCCATTAGCCA-1,True,GGAAAGCCATTAGCCA-1_contig_3,True,521,TRB,TRBV20-1,None,TRBJ1-2,TRBC1,True,True,CSARSMAGSHGYTF,TGCAGTGCTAGATCTATGGCAGGGAGCCATGGCTACACCTTC,1374,5,clonotype359,clonotype359_consensus_1
GGAAAGCCATTAGCCA-1,True,GGAAAGCCATTAGCCA-1_contig_4,True,370,TRB,TRBV7-3,None,TRBJ2-3,TRBC2,True,False,None,None,369,2,clonotype359,None
GGAAAGCCATTGTGCA-1,True,GGAAAGCCATTGTGCA-1_contig_1,True,656,TRB,TRBV5-6,None,TRBJ1-5,TRBC1,True,True,CASSPRGDQPQHF,TGTGCCAGCAGCCCACGCGGAGATCAGCCCCAGCATTTT,3170,10,clonotype2559,clonotype2559_consensus_1
GGAAAGCCATTGTGCA-1,True,GGAAAGCCATTGTGCA-1_contig_2,True,487,TRA,TRAV30,None,TRAJ53,TRAC,True,False,None,None,589,2,clonotype2559,None
GGAAAGCGTCGCGAAA-1,True,GGAAAGCGTCGCGAAA-1_contig_1,True,521,TRB,TRBV20-1,None,TRBJ2-1,TRBC2,True,True,CSARVGSEVNEQFF,TGCAGTGCTAGAGTGGGGTCGGAAGTCAATGAGCAGTTCTTC,377,5,clonotype2,clonotype2_consensus_1
GGAAAGCGTGACGCCT-1,True,GGAAAGCGTGACGCCT-1_contig_1,True,498,TRB,TRBV20-1,None,TRBJ2-5,TRBC2,True,True,CSARVPGRVETQYF,TGCAGTGCTAGAGTCCCGGGACGAGTGGAGACCCAGTACTTC,2061,10,clonotype2560,clonotype2560_consensus_1
GGAAAGCTCCGCAGTG-1,True,GGAAAGCTCCGCAGTG-1_contig_1,True,495,TRB,TRBV20-1,None,TRBJ1-1,TRBC1,True,True,CSAREGGYTEAFF,TGCAGTGCTAGAGAGGGGGGGTACACTGAAGCTTTCTTT,1936,8,clonotype2561,clonotype2561_consensus_2
GGAAAGCTCCGCAGTG-1,True,GGAAAGCTCCGCAGTG-1_contig_2,True,597,TRA,TRAV16,None,TRAJ58,TRAC,True,True,CALSGPSGSRLTF,TGTGCTCTAAGTGGGCCCAGTGGCTCTAGGTTGACCTTT,678,6,clonotype2561,clonotype2561_consensus_1
GGAAAGCTCCGCAGTG-1,True,GGAAAGCTCCGCAGTG-1_contig_3,True,313,TRB,None,None,TRBJ2-6,TRBC2,False,False,None,None,1143,5,clonotype2561,None
GGAAAGCTCGCAGGCT-1,True,GGAAAGCTCGCAGGCT-1_contig_1,True,515,TRB,TRBV20-1,None,TRBJ1-6,TRBC1,True,True,CSARDDNSPLHF,TGCAGTGCTAGGGATGATAATTCACCCCTCCACTTT,1065,9,clonotype2562,clonotype2562_consensus_1
GGAAAGCTCGGAAATA-1,True,GGAAAGCTCGGAAATA-1_contig_1,True,504,TRA,TRAV12-3,None,TRAJ28,TRAC,True,True,CAMTYSGAGSYQLTF,TGTGCAATGACCTACTCTGGGGCTGGGAGTTACCAACTCACTTTC,575,4,clonotype2563,clonotype2563_consensus_2
GGAAAGCTCGGAAATA-1,True,GGAAAGCTCGGAAATA-1_contig_2,True,605,TRA,TRAV8-2,None,TRAJ13,TRAC,True,True,CVVTLRGYQKVTF,TGTGTTGTGACCCTCCGAGGTTACCAGAAAGTTACCTTT,774,6,clonotype2563,clonotype2563_consensus_3
GGAAAGCTCGGAAATA-1,True,GGAAAGCTCGGAAATA-1_contig_3,True,513,TRB,TRBV5-5,None,TRBJ2-2,TRBC2,True,True,CASSLIPGNTGELFF,TGTGCCAGCAGCTTGATTCCAGGGAACACCGGGGAGCTGTTTTTT,1748,5,clonotype2563,clonotype2563_consensus_1
GGAACTTAGAAACGAG-1,True,GGAACTTAGAAACGAG-1_contig_1,True,505,TRA,TRAV1-2,None,TRAJ33,TRAC,True,True,CAATDSNYQLIW,TGTGCTGCGACTGATAGCAACTATCAGTTAATCTGG,1503,5,clonotype1,clonotype1_consensus_2
GGAACTTAGAAACGAG-1,True,GGAACTTAGAAACGAG-1_contig_2,True,485,TRB,TRBV20-1,None,TRBJ2-1,TRBC2,True,True,CSARVGSEVNEQFF,TGCAGTGCTAGAGTGGGGTCGGAAGTCAATGAGCAGTTCTTC,3017,10,clonotype1,clonotype1_consensus_1
GGAACTTAGAAACGAG-1,True,GGAACTTAGAAACGAG-1_contig_3,True,456,TRA,TRAV10,None,TRAJ24,TRAC,True,False,None,None,61,3,clonotype1,None
GGAACTTAGGCTAGGT-1,True,GGAACTTAGGCTAGGT-1_contig_1,True,570,TRA,TRAV8-4,None,TRAJ15,TRAC,True,True,CAVTQNQAGTALIF,TGTGCTGTGACCCAGAACCAGGCAGGAACTGCTCTGATCTTT,676,5,clonotype130,clonotype130_consensus_1
GGAACTTAGGCTAGGT-1,True,GGAACTTAGGCTAGGT-1_contig_2,True,521,TRB,TRBV20-1,None,TRBJ2-3,TRBC2,True,True,CSARGDSRPDTQYF,TGCAGTGCTAGGGGGGACAGTCGGCCAGATACGCAGTATTTT,220,7,clonotype130,clonotype130_consensus_2
GGAACTTAGGGTTCCC-1,True,GGAACTTAGGGTTCCC-1_contig_1,True,505,TRA,TRAV1-2,None,TRAJ33,TRAC,True,True,CAATDSNYQLIW,TGTGCTGCGACTGATAGCAACTATCAGTTAATCTGG,228,2,clonotype1,clonotype1_consensus_2
GGAACTTAGGGTTCCC-1,True,GGAACTTAGGGTTCCC-1_contig_2,True,521,TRB,TRBV20-1,None,TRBJ2-1,TRBC2,True,True,CSARVGSEVNEQFF,TGCAGTGCTAGAGTGGGGTCGGAAGTCAATGAGCAGTTCTTC,829,5,clonotype1,clonotype1_consensus_1
GGAACTTAGTATGACA-1,True,GGAACTTAGTATGACA-1_contig_1,True,574,TRA,TRAV8-1,None,TRAJ28,TRAC,True,True,CAVNSGAGSYQLTF,TGTGCCGTTAACTCTGGGGCTGGGAGTTACCAACTCACTTTC,425,4,clonotype33,clonotype33_consensus_2
GGAACTTAGTATGACA-1,True,GGAACTTAGTATGACA-1_contig_2,True,486,TRB,TRBV20-1,None,TRBJ1-2,TRBC1,True,True,CSASVPSVLIGYTF,TGCAGTGCTAGTGTTCCTAGTGTCTTAATTGGCTACACCTTC,2212,10,clonotype33,clonotype33_consensus_1
GGAACTTAGTATGACA-1,True,GGAACTTAGTATGACA-1_contig_3,True,478,TRA,TRAV20,None,TRAJ45,TRAC,True,False,None,None,979,4,clonotype33,None
GGAACTTAGTCCCACG-1,True,GGAACTTAGTCCCACG-1_contig_1,True,505,TRA,TRAV1-2,None,TRAJ33,TRAC,True,True,CAATDSNYQLIW,TGTGCTGCGACTGATAGCAACTATCAGTTAATCTGG,468,2,clonotype1,clonotype1_consensus_2
GGAACTTAGTCCCACG-1,True,GGAACTTAGTCCCACG-1_contig_2,True,521,TRB,TRBV20-1,None,TRBJ2-1,TRBC2,True,True,CSARVGSEVNEQFF,TGCAGTGCTAGAGTGGGGTCGGAAGTCAATGAGCAGTTCTTC,2930,9,clonotype1,clonotype1_consensus_1
GGAACTTAGTGAACAT-1,True,GGAACTTAGTGAACAT-1_contig_1,True,514,TRB,TRBV20-1,None,TRBJ2-1,TRBC2,True,True,CSARVGSEVNEQFF,TGCAGTGCTAGAGTGGGGTCGGAAGTCAATGAGCAGTTCTTC,833,5,clonotype2,clonotype2_consensus_1
GGAACTTAGTGAACAT-1,True,GGAACTTAGTGAACAT-1_contig_2,True,424,TRA,TRAV10,None,TRAJ24,TRAC,True,False,None,None,59,2,clonotype2,None
GGAACTTCAGTAACGG-1,True,GGAACTTCAGTAACGG-1_contig_1,True,505,TRA,TRAV1-2,None,TRAJ33,TRAC,True,True,CAATDSNYQLIW,TGTGCTGCGACTGATAGCAACTATCAGTTAATCTGG,413,4,clonotype1,clonotype1_consensus_2
GGAACTTCAGTAACGG-1,True,GGAACTTCAGTAACGG-1_contig_2,True,520,TRB,TRBV20-1,None,TRBJ2-1,TRBC2,True,True,CSARVGSEVNEQFF,TGCAGTGCTAGAGTGGGGTCGGAAGTCAATGAGCAGTTCTTC,1022,4,clonotype1,clonotype1_consensus_1
GGAACTTCAGTAACGG-1,True,GGAACTTCAGTAACGG-1_contig_3,True,482,TRA,TRAV10,None,TRAJ24,TRAC,True,False,None,None,64,2,clonotype1,None
GGAACTTCATTAACCG-1,True,GGAACTTCATTAACCG-1_contig_1,True,468,TRA,TRAV1-2,None,TRAJ33,TRAC,True,True,CAATDSNYQLIW,TGTGCTGCGACTGATAGCAACTATCAGTTAATCTGG,55,1,clonotype1,clonotype1_consensus_2
GGAACTTCATTAACCG-1,True,GGAACTTCATTAACCG-1_contig_2,True,521,TRB,TRBV20-1,None,TRBJ2-1,TRBC2,True,True,CSARVGSEVNEQFF,TGCAGTGCTAGAGTGGGGTCGGAAGTCAATGAGCAGTTCTTC,1353,5,clonotype1,clonotype1_consensus_1
GGAACTTGTACCGCTG-1,True,GGAACTTGTACCGCTG-1_contig_1,True,471,TRB,TRBV20-1,None,TRBJ2-1,TRBC2,True,True,CSAAKLAGGGTEQFF,TGCAGTGCTGCCAAGCTAGCGGGGGGGGGGACGGAGCAGTTCTTC,253,3,clonotype2564,clonotype2564_consensus_2
GGAACTTGTACCGCTG-1,True,GGAACTTGTACCGCTG-1_contig_2,True,562,TRA,TRAV5,None,TRAJ36,TRAC,True,True,CAETRDDQTGANNLFF,TGTGCAGAGACCCGCGATGATCAAACTGGGGCAAACAACCTCTTCTTT,361,4,clonotype2564,clonotype2564_consensus_1
GGAACTTGTCAGATAA-1,True,GGAACTTGTCAGATAA-1_contig_1,True,521,TRB,TRBV20-1,None,TRBJ2-3,TRBC2,True,True,CSARAPPDLDTQYF,TGCAGTGCTAGGGCACCCCCGGATCTAGATACGCAGTATTTT,3413,8,clonotype78,clonotype78_consensus_1
GGAACTTGTCAGATAA-1,True,GGAACTTGTCAGATAA-1_contig_2,True,548,TRA,TRAV16,None,TRAJ29,TRAC,True,True,CALSGRGNTPLVF,TGTGCTCTAAGTGGCAGAGGAAACACACCTCTTGTCTTT,95,1,clonotype78,clonotype78_consensus_2
GGAACTTGTCCGAGTC-1,True,GGAACTTGTCCGAGTC-1_contig_1,True,505,TRA,TRAV1-2,None,TRAJ33,TRAC,True,True,CAATDSNYQLIW,TGTGCTGCGACTGATAGCAACTATCAGTTAATCTGG,248,4,clonotype1,clonotype1_consensus_2
GGAACTTGTCCGAGTC-1,True,GGAACTTGTCCGAGTC-1_contig_2,True,521,TRB,TRBV20-1,None,TRBJ2-1,TRBC2,True,True,CSARVGSEVNEQFF,TGCAGTGCTAGAGTGGGGTCGGAAGTCAATGAGCAGTTCTTC,3374,13,clonotype1,clonotype1_consensus_1
GGAACTTGTCGCTTCT-1,True,GGAACTTGTCGCTTCT-1_contig_1,True,505,TRA,TRAV1-2,None,TRAJ33,TRAC,True,True,CAATDSNYQLIW,TGTGCTGCGACTGATAGCAACTATCAGTTAATCTGG,751,4,clonotype1,clonotype1_consensus_2
GGAACTTGTCGCTTCT-1,True,GGAACTTGTCGCTTCT-1_contig_2,True,492,TRB,TRBV20-1,None,TRBJ2-1,TRBC2,True,True,CSARVGSEVNEQFF,TGCAGTGCTAGAGTGGGGTCGGAAGTCAATGAGCAGTTCTTC,576,6,clonotype1,clonotype1_consensus_1
GGAACTTGTGAGGGTT-1,True,GGAACTTGTGAGGGTT-1_contig_1,True,481,TRB,TRBV5-6,None,TRBJ2-7,TRBC2,True,True,CASSLAKEQYF,TGTGCCAGCAGCTTGGCAAAGGAGCAGTACTTC,1389,7,clonotype16,clonotype16_consensus_1
GGAACTTGTGTTTGGT-1,True,GGAACTTGTGTTTGGT-1_contig_1,True,485,TRB,TRBV20-1,None,TRBJ2-1,TRBC2,True,True,CSARVGSEVNEQFF,TGCAGTGCTAGAGTGGGGTCGGAAGTCAATGAGCAGTTCTTC,924,4,clonotype2,clonotype2_consensus_1
GGAACTTTCAACGGCC-1,True,GGAACTTTCAACGGCC-1_contig_1,True,478,TRA,TRAV38-1,None,TRAJ49,TRAC,True,True,CAFTGNQFYF,TGTGCTTTCACGGGTAACCAGTTCTATTTT,279,2,clonotype2565,clonotype2565_consensus_2
GGAACTTTCAACGGCC-1,True,GGAACTTTCAACGGCC-1_contig_2,True,524,TRB,TRBV20-1,None,TRBJ1-1,TRBC1,True,True,CSASDPGQGNTEAFF,TGCAGTGCTAGTGACCCGGGACAGGGGAACACTGAAGCTTTCTTT,963,7,clonotype2565,clonotype2565_consensus_1
GGAACTTTCAAGAAGT-1,True,GGAACTTTCAAGAAGT-1_contig_1,True,530,TRB,TRBV20-1,None,TRBJ2-5,TRBC2,True,True,CSGIAPIAGSGQETQYF,TGCAGTGGTATAGCGCCAATAGCGGGGAGTGGCCAAGAGACCCAGTACTTC,6058,14,clonotype2566,clonotype2566_consensus_1
GGAACTTTCAAGAAGT-1,True,GGAACTTTCAAGAAGT-1_contig_2,True,379,TRA,TRAV3,None,None,TRAC,False,False,None,None,434,2,clonotype2566,None
GGAACTTTCAGCATGT-1,True,GGAACTTTCAGCATGT-1_contig_1,True,505,TRA,TRAV1-2,None,TRAJ33,TRAC,True,True,CAATDSNYQLIW,TGTGCTGCGACTGATAGCAACTATCAGTTAATCTGG,400,3,clonotype1,clonotype1_consensus_2
GGAACTTTCAGCATGT-1,True,GGAACTTTCAGCATGT-1_contig_2,True,498,TRB,TRBV20-1,None,TRBJ2-1,TRBC2,True,True,CSARVGSEVNEQFF,TGCAGTGCTAGAGTGGGGTCGGAAGTCAATGAGCAGTTCTTC,925,6,clonotype1,clonotype1_consensus_1
GGAACTTTCAGCATGT-1,True,GGAACTTTCAGCATGT-1_contig_3,True,482,TRA,TRAV10,None,TRAJ24,TRAC,True,False,None,None,290,3,clonotype1,None
GGAACTTTCGCGCCAA-1,True,GGAACTTTCGCGCCAA-1_contig_1,True,502,TRA,TRAV1-2,None,TRAJ30,TRAC,True,True,CAVRDLREIIF,TGTGCTGTGAGAGATCTTCGGGAGATCATCTTT,427,2,clonotype3,clonotype3_consensus_2
GGAACTTTCGCGCCAA-1,True,GGAACTTTCGCGCCAA-1_contig_2,True,666,TRB,TRBV5-5,None,TRBJ1-4,TRBC1,True,True,CASSHPGPNYATNEKLFF,TGTGCCAGCAGCCATCCCGGACCGAACTACGCAACTAATGAAAAACTGTTTTTT,1324,5,clonotype3,clonotype3_consensus_1
GGAACTTTCGGCTTGG-1,True,GGAACTTTCGGCTTGG-1_contig_1,True,521,TRB,TRBV20-1,None,TRBJ2-1,TRBC2,True,True,CSARVGSEVNEQFF,TGCAGTGCTAGAGTGGGGTCGGAAGTCAATGAGCAGTTCTTC,1440,3,clonotype2,clonotype2_consensus_1
GGAACTTTCGGTGTCG-1,True,GGAACTTTCGGTGTCG-1_contig_1,True,503,TRA,TRAV25,None,TRAJ36,TRAC,True,True,CAGPAGANNLFF,TGTGCAGGGCCGGCTGGGGCAAACAACCTCTTCTTT,397,2,clonotype2567,clonotype2567_consensus_1
GGAACTTTCGGTGTCG-1,True,GGAACTTTCGGTGTCG-1_contig_2,True,475,TRB,TRBV5-6,None,TRBJ1-2,TRBC1,True,True,CASSLSEGEGYTF,TGTGCCAGCAGCCTTAGCGAAGGGGAAGGCTACACCTTC,370,5,clonotype2567,clonotype2567_consensus_2
GGAATAAAGAAAGTGG-1,True,GGAATAAAGAAAGTGG-1_contig_1,True,524,TRB,TRBV20-1,None,TRBJ2-5,TRBC2,True,True,CSARGERGGTETQYF,TGCAGTGCTAGGGGAGAGCGGGGGGGCACGGAGACCCAGTACTTC,520,5,clonotype2568,clonotype2568_consensus_1
GGAATAAAGAAAGTGG-1,True,GGAATAAAGAAAGTGG-1_contig_2,True,568,TRA,TRAV29/DV5,None,TRAJ31,TRAC,True,True,CAASAIGNARLMF,TGTGCAGCAAGCGCGATCGGCAATGCCAGACTCATGTTT,259,2,clonotype2568,clonotype2568_consensus_2
GGAATAAAGAAAGTGG-1,True,GGAATAAAGAAAGTGG-1_contig_3,True,360,TRB,None,None,TRBJ2-7,TRBC2,False,False,None,None,1085,1,clonotype2568,None
GGAATAAAGACGCTTT-1,True,GGAATAAAGACGCTTT-1_contig_1,True,502,TRA,TRAV1-2,None,TRAJ20,TRAC,True,True,CACSNDYKLSF,TGTGCCTGTTCTAACGACTACAAGCTCAGCTTT,1627,6,clonotype2569,clonotype2569_consensus_2
GGAATAAAGACGCTTT-1,True,GGAATAAAGACGCTTT-1_contig_2,True,618,TRA,TRAV3,None,TRAJ21,TRAC,True,True,CAVRDIYNFNKFYF,TGTGCTGTGAGAGACATCTACAACTTCAACAAATTTTACTTT,494,2,clonotype2569,clonotype2569_consensus_1
GGAATAAAGACGCTTT-1,True,GGAATAAAGACGCTTT-1_contig_3,True,659,TRB,TRBV5-6,None,TRBJ2-2,TRBC2,True,True,CASSHTSYAGELFF,TGTGCCAGCAGCCATACTAGTTACGCCGGGGAGCTGTTTTTT,1851,5,clonotype2569,clonotype2569_consensus_3
GGAATAAAGAGGGCTT-1,True,GGAATAAAGAGGGCTT-1_contig_1,True,518,TRB,TRBV20-1,None,TRBJ2-1,TRBC2,True,True,CSARVGSEVNEQFF,TGCAGTGCTAGAGTGGGGTCGGAAGTCAATGAGCAGTTCTTC,469,4,clonotype2,clonotype2_consensus_1
GGAATAAAGAGGGCTT-1,True,GGAATAAAGAGGGCTT-1_contig_2,True,465,TRA,TRAV10,None,TRAJ24,TRAC,True,False,None,None,585,4,clonotype2,None
GGAATAAAGCAAATCA-1,True,GGAATAAAGCAAATCA-1_contig_1,True,508,TRB,TRBV5-5,None,TRBJ1-1,TRBC1,True,True,CASSLDVNAEAFF,TGTGCCAGCAGCTTGGACGTTAACGCTGAAGCTTTCTTT,3507,15,clonotype2570,clonotype2570_consensus_2
GGAATAAAGCAAATCA-1,True,GGAATAAAGCAAATCA-1_contig_2,True,534,TRA,TRAV5,None,TRAJ6,TRAC,True,True,CAESMEESGGSYIPTF,TGTGCAGAGAGTATGGAGGAGTCAGGAGGAAGCTACATACCTACATTT,3100,7,clonotype2570,clonotype2570_consensus_1
GGAATAAAGCACAGGT-1,True,GGAATAAAGCACAGGT-1_contig_1,True,485,TRB,TRBV20-1,None,TRBJ2-1,TRBC2,True,True,CSARVGSEVNEQFF,TGCAGTGCTAGAGTGGGGTCGGAAGTCAATGAGCAGTTCTTC,186,6,clonotype2,clonotype2_consensus_1
GGAATAAAGCACAGGT-1,True,GGAATAAAGCACAGGT-1_contig_2,True,367,TRA,TRAV1-2,None,TRAJ33,TRAC,True,False,CAATDSNYQLIW,TGTGCTGCGACTGATAGCAACTATCAGTTAATCTGG,368,2,clonotype2,None
GGAATAAAGGTAGCCA-1,True,GGAATAAAGGTAGCCA-1_contig_1,True,462,TRA,TRAV13-1,None,TRAJ44,TRAC,True,True,CAAPYTGTASKLTF,TGTGCAGCACCTTATACCGGCACTGCCAGTAAACTCACCTTT,1076,4,clonotype2571,clonotype2571_consensus_1
GGAATAAAGGTAGCCA-1,True,GGAATAAAGGTAGCCA-1_contig_2,True,527,TRB,TRBV20-1,None,TRBJ1-5,TRBC1,True,True,CSAISLGHTSNQPQHF,TGCAGTGCTATTTCGCTGGGACACACTAGCAATCAGCCCCAGCATTTT,1859,8,clonotype2571,clonotype2571_consensus_2
GGAATAAAGGTGATAT-1,True,GGAATAAAGGTGATAT-1_contig_1,True,521,TRB,TRBV20-1,None,TRBJ2-7,TRBC2,True,True,CSAGPTSSGYEQYF,TGCAGTGCGGGACCGACTAGCTCCGGCTACGAGCAGTACTTC,1344,10,clonotype2572,clonotype2572_consensus_1
GGAATAAAGTAGCGGT-1,True,GGAATAAAGTAGCGGT-1_contig_1,True,501,TRB,TRBV20-1,None,TRBJ2-7,TRBC2,True,True,CSARSRTQNTYEQYF,TGCAGTGCTAGAAGTAGGACACAAAATACCTACGAGCAGTACTTC,1084,7,clonotype2573,clonotype2573_consensus_2
GGAATAAAGTAGCGGT-1,True,GGAATAAAGTAGCGGT-1_contig_2,True,505,TRA,TRAV1-2,None,TRAJ20,TRAC,True,True,CAVKANDYKLSF,TGTGCTGTGAAAGCCAACGACTACAAGCTCAGCTTT,1903,7,clonotype2573,clonotype2573_consensus_1
GGAATAAAGTAGTGCG-1,True,GGAATAAAGTAGTGCG-1_contig_1,True,502,TRA,TRAV1-2,None,TRAJ33,TRAC,True,True,CAATDSNYQLIW,TGTGCTGCGACTGATAGCAACTATCAGTTAATCTGG,156,1,clonotype1,clonotype1_consensus_2
GGAATAAAGTAGTGCG-1,True,GGAATAAAGTAGTGCG-1_contig_2,True,521,TRB,TRBV20-1,None,TRBJ2-1,TRBC2,True,True,CSARVGSEVNEQFF,TGCAGTGCTAGAGTGGGGTCGGAAGTCAATGAGCAGTTCTTC,832,5,clonotype1,clonotype1_consensus_1
GGAATAAAGTAGTGCG-1,True,GGAATAAAGTAGTGCG-1_contig_3,True,459,TRA,TRAV10,None,TRAJ24,TRAC,True,False,None,None,152,1,clonotype1,None
GGAATAAAGTGTCCAT-1,True,GGAATAAAGTGTCCAT-1_contig_1,True,504,TRB,TRBV20-1,None,TRBJ2-7,TRBC2,True,True,CSARDSSGRASYEQYF,TGCAGTGCTAGAGATTCTTCCGGCAGGGCTTCCTACGAGCAGTACTTC,1006,6,clonotype2574,clonotype2574_consensus_1
GGAATAAAGTTCGATC-1,True,GGAATAAAGTTCGATC-1_contig_1,True,502,TRA,TRAV1-2,None,TRAJ33,TRAC,True,True,CAATDSNYQLIW,TGTGCTGCGACTGATAGCAACTATCAGTTAATCTGG,963,5,clonotype1,clonotype1_consensus_2
GGAATAAAGTTCGATC-1,True,GGAATAAAGTTCGATC-1_contig_2,True,521,TRB,TRBV20-1,None,TRBJ2-1,TRBC2,True,True,CSARVGSEVNEQFF,TGCAGTGCTAGAGTGGGGTCGGAAGTCAATGAGCAGTTCTTC,2301,6,clonotype1,clonotype1_consensus_1
GGAATAACAATAGAGT-1,True,GGAATAACAATAGAGT-1_contig_1,True,505,TRA,TRAV1-2,None,TRAJ33,TRAC,True,True,CAATDSNYQLIW,TGTGCTGCGACTGATAGCAACTATCAGTTAATCTGG,634,5,clonotype1,clonotype1_consensus_2
GGAATAACAATAGAGT-1,True,GGAATAACAATAGAGT-1_contig_2,True,498,TRB,TRBV20-1,None,TRBJ2-1,TRBC2,True,True,CSARVGSEVNEQFF,TGCAGTGCTAGAGTGGGGTCGGAAGTCAATGAGCAGTTCTTC,1980,12,clonotype1,clonotype1_consensus_1
GGAATAACAATAGAGT-1,True,GGAATAACAATAGAGT-1_contig_3,True,470,TRA,TRAV10,None,TRAJ24,TRAC,True,False,None,None,146,2,clonotype1,None
GGAATAACAGAAGCAC-1,True,GGAATAACAGAAGCAC-1_contig_1,True,500,TRA,TRAV1-2,None,TRAJ33,TRAC,True,True,CAATDSNYQLIW,TGTGCTGCGACTGATAGCAACTATCAGTTAATCTGG,745,4,clonotype1,clonotype1_consensus_2
GGAATAACAGAAGCAC-1,True,GGAATAACAGAAGCAC-1_contig_2,True,495,TRB,TRBV20-1,None,TRBJ2-1,TRBC2,True,True,CSARVGSEVNEQFF,TGCAGTGCTAGAGTGGGGTCGGAAGTCAATGAGCAGTTCTTC,2207,6,clonotype1,clonotype1_consensus_1
GGAATAACATGACGGA-1,True,GGAATAACATGACGGA-1_contig_1,True,505,TRA,TRAV1-2,None,TRAJ33,TRAC,True,True,CAATDSNYQLIW,TGTGCTGCGACTGATAGCAACTATCAGTTAATCTGG,473,2,clonotype1,clonotype1_consensus_2
GGAATAACATGACGGA-1,True,GGAATAACATGACGGA-1_contig_2,True,498,TRB,TRBV20-1,None,TRBJ2-1,TRBC2,True,True,CSARVGSEVNEQFF,TGCAGTGCTAGAGTGGGGTCGGAAGTCAATGAGCAGTTCTTC,1086,11,clonotype1,clonotype1_consensus_1
GGAATAACATGACGGA-1,True,GGAATAACATGACGGA-1_contig_3,True,482,TRA,TRAV10,None,TRAJ24,TRAC,True,False,None,None,2900,3,clonotype1,None
GGAATAAGTATTCTCT-1,True,GGAATAAGTATTCTCT-1_contig_1,True,522,TRB,TRBV5-5,None,TRBJ1-4,TRBC1,True,True,CASSHPGPNYATNEKLFF,TGTGCCAGCAGCCATCCCGGACCGAACTACGCAACTAATGAAAAACTGTTTTTT,165,4,clonotype4,clonotype4_consensus_1
GGAATAAGTCCTGCTT-1,True,GGAATAAGTCCTGCTT-1_contig_1,True,518,TRB,TRBV20-1,None,TRBJ1-4,TRBC1,True,True,CSAREGRREKLFF,TGCAGTGCTAGAGAGGGCAGGAGGGAAAAACTGTTTTTT,1442,6,clonotype2575,clonotype2575_consensus_1
GGAATAAGTCCTGCTT-1,True,GGAATAAGTCCTGCTT-1_contig_2,True,514,TRA,TRAV17,None,TRAJ17,TRAC,True,True,CATDEKAAGNKLTF,TGTGCTACGGACGAGAAAGCTGCAGGCAACAAGCTAACTTTT,150,3,clonotype2575,clonotype2575_consensus_2
GGAATAAGTCCTGCTT-1,True,GGAATAAGTCCTGCTT-1_contig_3,True,317,TRB,None,None,TRBJ1-6,TRBC1,False,False,None,None,454,3,clonotype2575,None
GGAATAAGTCTCATCC-1,True,GGAATAAGTCTCATCC-1_contig_1,True,505,TRA,TRAV1-2,None,TRAJ33,TRAC,True,True,CAATDSNYQLIW,TGTGCTGCGACTGATAGCAACTATCAGTTAATCTGG,148,1,clonotype1,clonotype1_consensus_2
GGAATAAGTCTCATCC-1,True,GGAATAAGTCTCATCC-1_contig_2,True,521,TRB,TRBV20-1,None,TRBJ2-1,TRBC2,True,True,CSARVGSEVNEQFF,TGCAGTGCTAGAGTGGGGTCGGAAGTCAATGAGCAGTTCTTC,1869,9,clonotype1,clonotype1_consensus_1
GGAATAAGTCTCATCC-1,True,GGAATAAGTCTCATCC-1_contig_3,True,482,TRA,TRAV10,None,TRAJ24,TRAC,True,False,None,None,333,2,clonotype1,None
GGAATAAGTGACGCCT-1,True,GGAATAAGTGACGCCT-1_contig_1,True,505,TRA,TRAV1-2,None,TRAJ33,TRAC,True,True,CAATDSNYQLIW,TGTGCTGCGACTGATAGCAACTATCAGTTAATCTGG,894,1,clonotype1,clonotype1_consensus_2
GGAATAAGTGACGCCT-1,True,GGAATAAGTGACGCCT-1_contig_2,True,521,TRB,TRBV20-1,None,TRBJ2-1,TRBC2,True,True,CSARVGSEVNEQFF,TGCAGTGCTAGAGTGGGGTCGGAAGTCAATGAGCAGTTCTTC,1082,7,clonotype1,clonotype1_consensus_1
GGAATAAGTTGGACCC-1,True,GGAATAAGTTGGACCC-1_contig_1,True,515,TRB,TRBV20-1,None,TRBJ1-2,TRBC1,True,True,CSASQGFYGYTF,TGCAGTGCTAGCCAAGGGTTCTATGGCTACACCTTC,2767,12,clonotype2576,clonotype2576_consensus_1
GGAATAATCAACACGT-1,True,GGAATAATCAACACGT-1_contig_1,True,570,TRA,TRAV8-4,None,TRAJ39,TRAC,True,True,CAVRDNNAGNMLTF,TGTGCTGTGAGGGATAATAATGCAGGCAACATGCTCACCTTT,284,1,clonotype2577,clonotype2577_consensus_1
GGAATAATCAACACGT-1,True,GGAATAATCAACACGT-1_contig_2,True,482,TRB,TRBV5-5,None,TRBJ1-2,TRBC1,True,True,CASSDLLGPYGYTF,TGTGCCAGCAGCGACCTATTAGGGCCCTATGGCTACACCTTC,1060,4,clonotype2577,clonotype2577_consensus_2
GGAATAATCAACACGT-1,True,GGAATAATCAACACGT-1_contig_3,True,479,TRA,TRAV10,None,TRAJ36,TRAC,True,False,None,None,324,2,clonotype2577,None
GGAATAATCAGTTCGA-1,True,GGAATAATCAGTTCGA-1_contig_1,True,505,TRA,TRAV1-2,None,TRAJ33,TRAC,True,True,CAATDSNYQLIW,TGTGCTGCGACTGATAGCAACTATCAGTTAATCTGG,432,3,clonotype1,clonotype1_consensus_2
GGAATAATCAGTTCGA-1,True,GGAATAATCAGTTCGA-1_contig_2,True,498,TRB,TRBV20-1,None,TRBJ2-1,TRBC2,True,True,CSARVGSEVNEQFF,TGCAGTGCTAGAGTGGGGTCGGAAGTCAATGAGCAGTTCTTC,505,8,clonotype1,clonotype1_consensus_1
GGAATAATCAGTTCGA-1,True,GGAATAATCAGTTCGA-1_contig_3,True,465,TRA,TRAV10,None,TRAJ24,TRAC,True,False,None,None,5782,2,clonotype1,None
GGAATAATCGCATGGC-1,True,GGAATAATCGCATGGC-1_contig_1,True,505,TRA,TRAV1-2,None,TRAJ33,TRAC,True,True,CAATDSNYQLIW,TGTGCTGCGACTGATAGCAACTATCAGTTAATCTGG,375,3,clonotype1,clonotype1_consensus_2
GGAATAATCGCATGGC-1,True,GGAATAATCGCATGGC-1_contig_2,True,521,TRB,TRBV20-1,None,TRBJ2-1,TRBC2,True,True,CSARVGSEVNEQFF,TGCAGTGCTAGAGTGGGGTCGGAAGTCAATGAGCAGTTCTTC,2623,10,clonotype1,clonotype1_consensus_1
GGAATAATCGCCCTTA-1,True,GGAATAATCGCCCTTA-1_contig_1,True,505,TRA,TRAV1-2,None,TRAJ33,TRAC,True,True,CAATDSNYQLIW,TGTGCTGCGACTGATAGCAACTATCAGTTAATCTGG,4279,7,clonotype1,clonotype1_consensus_2
GGAATAATCGCCCTTA-1,True,GGAATAATCGCCCTTA-1_contig_2,True,521,TRB,TRBV20-1,None,TRBJ2-1,TRBC2,True,True,CSARVGSEVNEQFF,TGCAGTGCTAGAGTGGGGTCGGAAGTCAATGAGCAGTTCTTC,987,7,clonotype1,clonotype1_consensus_1
GGACAAGAGAGTCTGG-1,True,GGACAAGAGAGTCTGG-1_contig_1,True,507,TRA,TRAV6,None,TRAJ15,TRAC,True,True,CALGVYQAGTALIF,TGTGCTCTAGGCGTCTACCAGGCAGGAACTGCTCTGATCTTT,351,2,clonotype2578,clonotype2578_consensus_1
GGACAAGAGAGTCTGG-1,True,GGACAAGAGAGTCTGG-1_contig_2,True,521,TRB,TRBV20-1,None,TRBJ2-5,TRBC2,True,True,CSARGLAGGETQYF,TGCAGTGCTAGAGGATTAGCGGGGGGCGAGACCCAGTACTTC,2287,10,clonotype2578,clonotype2578_consensus_2
GGACAAGAGCGCCTCA-1,True,GGACAAGAGCGCCTCA-1_contig_1,True,505,TRA,TRAV1-2,None,TRAJ33,TRAC,True,True,CAATDSNYQLIW,TGTGCTGCGACTGATAGCAACTATCAGTTAATCTGG,328,2,clonotype1,clonotype1_consensus_2
GGACAAGAGCGCCTCA-1,True,GGACAAGAGCGCCTCA-1_contig_2,True,521,TRB,TRBV20-1,None,TRBJ2-1,TRBC2,True,True,CSARVGSEVNEQFF,TGCAGTGCTAGAGTGGGGTCGGAAGTCAATGAGCAGTTCTTC,1934,8,clonotype1,clonotype1_consensus_1
GGACAAGAGCGCCTCA-1,True,GGACAAGAGCGCCTCA-1_contig_3,True,459,TRA,TRAV10,None,TRAJ24,TRAC,True,False,None,None,83,1,clonotype1,None
GGACAAGAGCGTGAGT-1,True,GGACAAGAGCGTGAGT-1_contig_1,True,498,TRB,TRBV20-1,None,TRBJ2-4,TRBC2,True,True,CSASRGLAKNIQYF,TGCAGTGCTAGCAGGGGTTTGGCCAAAAACATTCAGTACTTC,1732,7,clonotype2579,clonotype2579_consensus_1
GGACAAGAGGCGTACA-1,True,GGACAAGAGGCGTACA-1_contig_1,True,499,TRB,TRBV20-1,None,TRBJ2-7,TRBC2,True,True,CSARSRGSYEQYF,TGCAGTGCTAGATCAAGGGGCTCCTACGAGCAGTACTTC,1892,7,clonotype2580,clonotype2580_consensus_2
GGACAAGAGGCGTACA-1,True,GGACAAGAGGCGTACA-1_contig_2,True,484,TRB,TRBV5-6,None,TRBJ1-1,TRBC1,True,True,CASSLGLQGLGTEAFF,TGTGCCAGCAGCTTGGGGTTACAGGGTTTGGGCACTGAAGCTTTCTTT,288,5,clonotype2580,clonotype2580_consensus_1
GGACAAGAGGCGTACA-1,True,GGACAAGAGGCGTACA-1_contig_3,True,554,TRA,TRAV26-1,None,TRAJ42,TRAC,True,True,CIVRVPNYGGSQGNLIF,TGCATCGTCAGAGTCCCGAATTATGGAGGAAGCCAAGGAAATCTCATCTTT,2023,6,clonotype2580,clonotype2580_consensus_4
GGACAAGAGGCGTACA-1,True,GGACAAGAGGCGTACA-1_contig_4,True,577,TRA,TRAV8-1,None,TRAJ35,TRAC,True,True,CAVIYFIGFGNVLHC,TGTGCCGTGATTTACTTTATAGGCTTTGGGAATGTGCTGCATTGC,395,2,clonotype2580,clonotype2580_consensus_3
GGACAAGAGGTGATTA-1,True,GGACAAGAGGTGATTA-1_contig_1,True,495,TRB,TRBV5-5,None,TRBJ1-4,TRBC1,True,True,CASSHPGPNYATNEKLFF,TGTGCCAGCAGCCATCCCGGACCGAACTACGCAACTAATGAAAAACTGTTTTTT,780,5,clonotype4,clonotype4_consensus_1
GGACAAGCATGGTTGT-1,True,GGACAAGCATGGTTGT-1_contig_1,True,505,TRA,TRAV1-2,None,TRAJ33,TRAC,True,True,CAATDSNYQLIW,TGTGCTGCGACTGATAGCAACTATCAGTTAATCTGG,1049,4,clonotype1,clonotype1_consensus_2
GGACAAGCATGGTTGT-1,True,GGACAAGCATGGTTGT-1_contig_2,True,485,TRB,TRBV20-1,None,TRBJ2-1,TRBC2,True,True,CSARVGSEVNEQFF,TGCAGTGCTAGAGTGGGGTCGGAAGTCAATGAGCAGTTCTTC,363,4,clonotype1,clonotype1_consensus_1
GGACAAGGTACAAGTA-1,True,GGACAAGGTACAAGTA-1_contig_1,True,517,TRA,TRAV23/DV6,None,TRAJ42,TRAC,True,True,CAASRSGGSQGNLIF,TGTGCAGCAAGCAGGAGTGGAGGAAGCCAAGGAAATCTCATCTTT,626,6,clonotype2581,clonotype2581_consensus_2
GGACAAGGTACAAGTA-1,True,GGACAAGGTACAAGTA-1_contig_2,True,521,TRB,TRBV20-1,None,TRBJ1-2,TRBC1,True,True,CSASETGRIYGYTF,TGCAGTGCTAGCGAGACAGGGAGAATATATGGCTACACCTTC,2155,9,clonotype2581,clonotype2581_consensus_1
GGACAAGGTACTCAAC-1,True,GGACAAGGTACTCAAC-1_contig_1,True,500,TRA,TRAV25,None,TRAJ47,TRAC,True,True,CAAEYGNKLVF,TGTGCAGCCGAATATGGAAACAAACTGGTCTTT,309,3,clonotype2582,clonotype2582_consensus_3
GGACAAGGTACTCAAC-1,True,GGACAAGGTACTCAAC-1_contig_2,True,571,TRA,TRAV26-1,None,TRAJ9,TRAC,True,True,CIPRPTGGFKTIF,TGCATCCCGCGACCTACTGGAGGCTTCAAAACTATCTTT,1006,6,clonotype2582,clonotype2582_consensus_1
GGACAAGGTACTCAAC-1,True,GGACAAGGTACTCAAC-1_contig_3,True,517,TRB,TRBV5-6,None,TRBJ2-7,TRBC2,True,True,CASSLYSAARMEQYF,TGTGCCAGCAGCTTGTATTCTGCGGCACGCATGGAGCAGTACTTC,1269,4,clonotype2582,clonotype2582_consensus_2
GGACAAGGTACTCAAC-1,True,GGACAAGGTACTCAAC-1_contig_4,True,403,TRB,None,None,TRBJ2-3,TRBC2,False,False,None,None,935,3,clonotype2582,None
GGACAAGGTACTCAAC-1,True,GGACAAGGTACTCAAC-1_contig_5,True,374,TRB,TRBV7-3,None,TRBJ2-1,TRBC2,True,False,CQQRSLKAGGPYNEQFF,TGCCAGCAGCGGTCACTTAAAGCGGGGGGACCCTACAATGAGCAGTTCTTC,93,2,clonotype2582,None
GGACAAGGTATATCCG-1,True,GGACAAGGTATATCCG-1_contig_1,True,468,TRA,TRAV13-1,None,TRAJ45,TRAC,True,True,CAASIRPGGGADGLTF,TGTGCAGCAAGTATAAGGCCAGGAGGAGGTGCTGACGGACTCACCTTT,1074,3,clonotype2583,clonotype2583_consensus_2
GGACAAGGTATATCCG-1,True,GGACAAGGTATATCCG-1_contig_2,True,490,TRB,TRBV5-6,None,TRBJ2-7,TRBC2,True,True,CASSLGTVPGEQYF,TGTGCCAGCAGCTTGGGGACGGTACCGGGGGAGCAGTACTTC,5795,9,clonotype2583,clonotype2583_consensus_1
GGACAAGGTATATCCG-1,True,GGACAAGGTATATCCG-1_contig_3,True,448,TRA,TRAV10,None,TRAJ31,TRAC,True,False,None,None,5727,4,clonotype2583,None
GGACAAGGTCAACATC-1,True,GGACAAGGTCAACATC-1_contig_1,True,489,TRA,TRAV1-2,None,TRAJ33,TRAC,True,True,CAATDSNYQLIW,TGTGCTGCGACTGATAGCAACTATCAGTTAATCTGG,981,2,clonotype1,clonotype1_consensus_2
GGACAAGGTCAACATC-1,True,GGACAAGGTCAACATC-1_contig_2,True,521,TRB,TRBV20-1,None,TRBJ2-1,TRBC2,True,True,CSARVGSEVNEQFF,TGCAGTGCTAGAGTGGGGTCGGAAGTCAATGAGCAGTTCTTC,3013,10,clonotype1,clonotype1_consensus_1
GGACAAGGTTAGATGA-1,True,GGACAAGGTTAGATGA-1_contig_1,True,521,TRB,TRBV20-1,None,TRBJ2-1,TRBC2,True,True,CSARVGSEVNEQFF,TGCAGTGCTAGAGTGGGGTCGGAAGTCAATGAGCAGTTCTTC,1251,5,clonotype2,clonotype2_consensus_1
GGACAAGGTTAGATGA-1,True,GGACAAGGTTAGATGA-1_contig_2,True,465,TRA,TRAV10,None,TRAJ24,TRAC,True,False,None,None,1188,4,clonotype2,None
GGACAAGTCGCTTGTC-1,True,GGACAAGTCGCTTGTC-1_contig_1,True,484,TRA,TRAV1-1,None,TRAJ29,TRAC,True,True,CAVREDTPLVF,TGCGCTGTGAGGGAAGACACACCTCTTGTCTTT,1079,4,clonotype2584,clonotype2584_consensus_2
GGACAAGTCGCTTGTC-1,True,GGACAAGTCGCTTGTC-1_contig_2,True,510,TRB,TRBV20-1,None,TRBJ2-5,TRBC2,True,True,CSARMAGVRKETQYF,TGCAGTGCTAGGATGGCGGGGGTAAGAAAAGAGACCCAGTACTTC,180,1,clonotype2584,clonotype2584_consensus_1
GGACAAGTCGCTTGTC-1,True,GGACAAGTCGCTTGTC-1_contig_3,True,427,TRA,TRAV2,None,TRAJ4,TRAC,True,False,CYSRGYNKLIF,TGCTATTCGAGGGGCTACAATAAGCTGATTTTT,762,1,clonotype2584,None
GGACAAGTCTATCCTA-1,True,GGACAAGTCTATCCTA-1_contig_1,True,505,TRA,TRAV1-2,None,TRAJ33,TRAC,True,True,CAATDSNYQLIW,TGTGCTGCGACTGATAGCAACTATCAGTTAATCTGG,1087,3,clonotype1,clonotype1_consensus_2
GGACAAGTCTATCCTA-1,True,GGACAAGTCTATCCTA-1_contig_2,True,498,TRB,TRBV20-1,None,TRBJ2-1,TRBC2,True,True,CSARVGSEVNEQFF,TGCAGTGCTAGAGTGGGGTCGGAAGTCAATGAGCAGTTCTTC,4647,9,clonotype1,clonotype1_consensus_1
GGACAAGTCTATCCTA-1,True,GGACAAGTCTATCCTA-1_contig_3,True,465,TRA,TRAV10,None,TRAJ24,TRAC,True,False,None,None,577,1,clonotype1,None
GGACAAGTCTCTGCTG-1,True,GGACAAGTCTCTGCTG-1_contig_1,True,505,TRA,TRAV1-2,None,TRAJ33,TRAC,True,True,CAATDSNYQLIW,TGTGCTGCGACTGATAGCAACTATCAGTTAATCTGG,481,3,clonotype1,clonotype1_consensus_2
GGACAAGTCTCTGCTG-1,True,GGACAAGTCTCTGCTG-1_contig_2,True,498,TRB,TRBV20-1,None,TRBJ2-1,TRBC2,True,True,CSARVGSEVNEQFF,TGCAGTGCTAGAGTGGGGTCGGAAGTCAATGAGCAGTTCTTC,574,4,clonotype1,clonotype1_consensus_1
GGACAGAAGTACGACG-1,True,GGACAGAAGTACGACG-1_contig_1,True,506,TRA,TRAV13-2,None,TRAJ23,TRAC,True,True,CAENGQGGKLIF,TGTGCAGAGAATGGCCAGGGAGGAAAGCTTATCTTC,966,7,clonotype2585,clonotype2585_consensus_1
GGACAGAAGTACGACG-1,True,GGACAGAAGTACGACG-1_contig_2,True,510,TRB,TRBV5-5,None,TRBJ2-1,TRBC2,True,True,CASSWAGTGGNEQFF,TGTGCCAGCAGCTGGGCCGGGACAGGGGGCAATGAGCAGTTCTTC,3287,20,clonotype2585,clonotype2585_consensus_2
GGACAGAAGTACGACG-1,True,GGACAGAAGTACGACG-1_contig_3,True,466,TRA,TRAV13-1,None,TRAJ16,TRAC,True,False,None,None,706,2,clonotype2585,None
GGACAGAAGTGAATTG-1,True,GGACAGAAGTGAATTG-1_contig_1,True,521,TRB,TRBV20-1,None,TRBJ1-2,TRBC1,True,True,CSARDLGQAYGYTF,TGCAGTGCTAGAGATCTGGGACAGGCCTATGGCTACACCTTC,5042,20,clonotype2586,clonotype2586_consensus_1
GGACAGAAGTGAATTG-1,True,GGACAGAAGTGAATTG-1_contig_2,True,538,TRA,TRAV17,None,TRAJ29,TRAC,True,True,CATVRGGNTPLVF,TGTGCTACGGTCCGCGGAGGAAACACACCTCTTGTCTTT,316,4,clonotype2586,clonotype2586_consensus_2
GGACAGACACATTTCT-1,True,GGACAGACACATTTCT-1_contig_1,True,498,TRB,TRBV20-1,None,TRBJ2-1,TRBC2,True,True,CSARVGSEVNEQFF,TGCAGTGCTAGAGTGGGGTCGGAAGTCAATGAGCAGTTCTTC,1554,6,clonotype2,clonotype2_consensus_1
GGACAGACACATTTCT-1,True,GGACAGACACATTTCT-1_contig_2,True,503,TRA,None,None,TRAJ48,TRAC,False,False,None,None,18,2,clonotype2,None
GGACAGACACGCCAGT-1,True,GGACAGACACGCCAGT-1_contig_1,True,515,TRB,TRBV20-1,None,TRBJ2-1,TRBC2,True,True,CSARVGSEVNEQFF,TGCAGTGCTAGAGTGGGGTCGGAAGTCAATGAGCAGTTCTTC,704,5,clonotype2,clonotype2_consensus_1
GGACAGACATAGTAAG-1,True,GGACAGACATAGTAAG-1_contig_1,True,524,TRB,TRBV20-1,None,TRBJ1-2,TRBC1,True,True,CSATETGASGEGYTF,TGCAGTGCTACGGAGACAGGGGCTTCGGGAGAGGGCTACACCTTC,5225,4,clonotype48,clonotype48_consensus_1
GGACAGACATAGTAAG-1,True,GGACAGACATAGTAAG-1_contig_2,True,508,TRA,TRAV17,None,TRAJ22,TRAC,True,True,CATLSGSARQLTF,TGTGCTACGCTTTCTGGTTCTGCAAGGCAACTGACCTTT,144,1,clonotype48,clonotype48_consensus_2
GGACAGACATGGGACA-1,True,GGACAGACATGGGACA-1_contig_1,True,505,TRA,TRAV1-2,None,TRAJ33,TRAC,True,True,CAATDSNYQLIW,TGTGCTGCGACTGATAGCAACTATCAGTTAATCTGG,570,4,clonotype1,clonotype1_consensus_2
GGACAGACATGGGACA-1,True,GGACAGACATGGGACA-1_contig_2,True,511,TRB,TRBV20-1,None,TRBJ2-1,TRBC2,True,True,CSARVGSEVNEQFF,TGCAGTGCTAGAGTGGGGTCGGAAGTCAATGAGCAGTTCTTC,326,3,clonotype1,clonotype1_consensus_1
GGACAGACATTCTTAC-1,True,GGACAGACATTCTTAC-1_contig_1,True,521,TRB,TRBV20-1,None,TRBJ2-1,TRBC2,True,True,CSARVGSEVNEQFF,TGCAGTGCTAGAGTGGGGTCGGAAGTCAATGAGCAGTTCTTC,578,6,clonotype2,clonotype2_consensus_1
GGACAGAGTCATATGC-1,True,GGACAGAGTCATATGC-1_contig_1,True,694,TRA,TRAV8-3,None,TRAJ48,TRAC,True,True,CAVGASSNFGNEKLTF,TGTGCTGTGGGTGCTTCATCTAACTTTGGAAATGAGAAATTAACCTTT,829,3,clonotype2587,clonotype2587_consensus_2
GGACAGAGTCATATGC-1,True,GGACAGAGTCATATGC-1_contig_2,True,521,TRB,TRBV20-1,None,TRBJ2-2,TRBC2,True,True,CSASDQAFTGELFF,TGCAGTGCTAGTGATCAAGCGTTCACCGGGGAGCTGTTTTTT,1938,10,clonotype2587,clonotype2587_consensus_1
GGACAGAGTCATATGC-1,True,GGACAGAGTCATATGC-1_contig_3,True,528,Multi,TRDV1,None,TRAJ27,TRAC,True,False,CALGERGTPMQANQPLGM,TGTGCTCTTGGGGAACGGGGAACACCAATGCAGGCAAATCAACCTTTGGGGATG,574,2,clonotype2587,None
GGACAGAGTCATGCAT-1,True,GGACAGAGTCATGCAT-1_contig_1,True,501,TRA,TRAV12-3,None,TRAJ32,TRAC,True,True,CARRYGGATNKLIF,TGTGCACGGAGATATGGTGGTGCTACAAACAAGCTCATCTTT,1705,8,clonotype22,clonotype22_consensus_1
GGACAGAGTCATGCAT-1,True,GGACAGAGTCATGCAT-1_contig_2,True,671,TRB,TRBV5-6,None,TRBJ2-2,TRBC2,True,True,CASSLSPEDPTNTGELFF,TGTGCCAGCAGCTTGAGTCCGGAAGACCCTACGAACACCGGGGAGCTGTTTTTT,1107,4,clonotype22,clonotype22_consensus_2
GGACAGAGTGGAAAGA-1,True,GGACAGAGTGGAAAGA-1_contig_1,True,508,TRB,TRBV20-1,None,TRBJ2-1,TRBC2,True,True,CSARVGSEVNEQFF,TGCAGTGCTAGAGTGGGGTCGGAAGTCAATGAGCAGTTCTTC,2643,15,clonotype2,clonotype2_consensus_1
GGACAGAGTGGAAAGA-1,True,GGACAGAGTGGAAAGA-1_contig_2,True,482,TRA,TRAV10,None,TRAJ24,TRAC,True,False,None,None,760,6,clonotype2,None
GGACAGATCACGGTTA-1,True,GGACAGATCACGGTTA-1_contig_1,True,505,TRA,TRAV1-2,None,TRAJ33,TRAC,True,True,CAATDSNYQLIW,TGTGCTGCGACTGATAGCAACTATCAGTTAATCTGG,667,1,clonotype1,clonotype1_consensus_2
GGACAGATCACGGTTA-1,True,GGACAGATCACGGTTA-1_contig_2,True,521,TRB,TRBV20-1,None,TRBJ2-1,TRBC2,True,True,CSARVGSEVNEQFF,TGCAGTGCTAGAGTGGGGTCGGAAGTCAATGAGCAGTTCTTC,3008,8,clonotype1,clonotype1_consensus_1
GGACAGATCACGGTTA-1,True,GGACAGATCACGGTTA-1_contig_3,True,457,TRA,TRAV10,None,TRAJ24,TRAC,True,False,None,None,194,1,clonotype1,None
GGACAGATCCGTAGGC-1,True,GGACAGATCCGTAGGC-1_contig_1,True,477,TRA,TRAV13-1,None,TRAJ53,TRAC,True,True,CAASISKVGSGGSNYKLTF,TGTGCAGCAAGTATAAGTAAAGTAGGTAGTGGAGGTAGCAACTATAAACTGACATTT,572,3,clonotype2588,clonotype2588_consensus_1
GGACAGATCCGTAGGC-1,True,GGACAGATCCGTAGGC-1_contig_2,True,660,TRB,TRBV5-6,None,TRBJ2-7,TRBC2,True,True,CASSLLGAGYEQYF,TGTGCCAGCAGCCTGCTGGGGGCTGGCTACGAGCAGTACTTC,627,5,clonotype2588,clonotype2588_consensus_2
GGACAGATCGAATCCA-1,True,GGACAGATCGAATCCA-1_contig_1,True,502,TRA,TRAV1-2,None,TRAJ30,TRAC,True,True,CAVRDLREIIF,TGTGCTGTGAGAGATCTTCGGGAGATCATCTTT,546,2,clonotype3,clonotype3_consensus_2
GGACAGATCGAATCCA-1,True,GGACAGATCGAATCCA-1_contig_2,True,465,TRB,TRBV5-5,None,TRBJ1-4,TRBC1,True,True,CASSHPGPNYATNEKLFF,TGTGCCAGCAGCCATCCCGGACCGAACTACGCAACTAATGAAAAACTGTTTTTT,164,2,clonotype3,clonotype3_consensus_1
GGACAGATCGAATCCA-1,True,GGACAGATCGAATCCA-1_contig_3,True,839,TRB,None,None,TRBJ2-4,TRBC2,False,False,None,None,448,2,clonotype3,None
GGACAGATCGATGAGG-1,True,GGACAGATCGATGAGG-1_contig_1,True,459,TRA,TRAV13-1,None,TRAJ33,TRAC,True,True,CAASKGSNYQLIW,TGTGCAGCAAGTAAAGGTAGCAACTATCAGTTAATCTGG,174,2,clonotype2589,clonotype2589_consensus_1
GGACAGATCGATGAGG-1,True,GGACAGATCGATGAGG-1_contig_2,True,660,TRB,TRBV5-6,None,TRBJ2-7,TRBC2,True,True,CASTPKGQPTYEQYF,TGTGCCAGCACCCCCAAAGGACAGCCAACCTACGAGCAGTACTTC,700,8,clonotype2589,clonotype2589_consensus_2
GGACAGATCGGTTAAC-1,True,GGACAGATCGGTTAAC-1_contig_1,True,518,TRB,TRBV20-1,None,TRBJ2-7,TRBC2,True,True,CSAEGLASYEQYF,TGCAGTGCGGAGGGACTAGCCTCCTACGAGCAGTACTTC,1454,10,clonotype58,clonotype58_consensus_1
GGACAGATCGGTTAAC-1,True,GGACAGATCGGTTAAC-1_contig_2,True,636,TRA,TRAV8-2,None,TRAJ22,TRAC,True,True,CGSGSARQLTF,TGTGGCTCTGGTTCTGCAAGGCAACTGACCTTT,1271,4,clonotype58,clonotype58_consensus_2
GGACAGATCTATCCTA-1,True,GGACAGATCTATCCTA-1_contig_1,True,511,TRA,TRAV23/DV6,None,TRAJ17,TRAC,True,True,CAARAGAAGNKLTF,TGTGCAGCAAGGGCCGGGGCTGCAGGCAACAAGCTAACTTTT,879,4,clonotype360,clonotype360_consensus_2
GGACAGATCTATCCTA-1,True,GGACAGATCTATCCTA-1_contig_2,True,512,TRB,TRBV20-1,None,TRBJ2-1,TRBC2,True,True,CSANILAEQFF,TGCAGTGCTAATATACTAGCGGAGCAGTTCTTC,1957,8,clonotype360,clonotype360_consensus_1
GGACAGATCTCATTCA-1,True,GGACAGATCTCATTCA-1_contig_1,True,521,TRB,TRBV20-1,None,TRBJ2-1,TRBC2,True,True,CSARVGSEVNEQFF,TGCAGTGCTAGAGTGGGGTCGGAAGTCAATGAGCAGTTCTTC,2287,10,clonotype2,clonotype2_consensus_1
GGACAGATCTCATTCA-1,True,GGACAGATCTCATTCA-1_contig_2,True,472,TRA,TRAV10,None,TRAJ24,TRAC,True,False,None,None,819,2,clonotype2,None
GGACAGATCTGTGCAA-1,True,GGACAGATCTGTGCAA-1_contig_1,True,502,TRA,TRAV1-2,None,TRAJ30,TRAC,True,True,CAVRDLREIIF,TGTGCTGTGAGAGATCTTCGGGAGATCATCTTT,1473,4,clonotype3,clonotype3_consensus_2
GGACAGATCTGTGCAA-1,True,GGACAGATCTGTGCAA-1_contig_2,True,775,TRB,TRBV5-5,None,TRBJ1-4,TRBC1,True,True,CASSHPGPNYATNEKLFF,TGTGCCAGCAGCCATCCCGGACCGAACTACGCAACTAATGAAAAACTGTTTTTT,820,5,clonotype3,clonotype3_consensus_1
GGACATTAGAAGCCCA-1,True,GGACATTAGAAGCCCA-1_contig_1,True,505,TRA,TRAV1-2,None,TRAJ33,TRAC,True,True,CAATDSNYQLIW,TGTGCTGCGACTGATAGCAACTATCAGTTAATCTGG,6014,3,clonotype1,clonotype1_consensus_2
GGACATTAGAAGCCCA-1,True,GGACATTAGAAGCCCA-1_contig_2,True,521,TRB,TRBV20-1,None,TRBJ2-1,TRBC2,True,True,CSARVGSEVNEQFF,TGCAGTGCTAGAGTGGGGTCGGAAGTCAATGAGCAGTTCTTC,3123,9,clonotype1,clonotype1_consensus_1
GGACATTAGAGTACCG-1,True,GGACATTAGAGTACCG-1_contig_1,True,505,TRA,TRAV1-2,None,TRAJ33,TRAC,True,True,CAATDSNYQLIW,TGTGCTGCGACTGATAGCAACTATCAGTTAATCTGG,1086,3,clonotype1,clonotype1_consensus_2
GGACATTAGAGTACCG-1,True,GGACATTAGAGTACCG-1_contig_2,True,521,TRB,TRBV20-1,None,TRBJ2-1,TRBC2,True,True,CSARVGSEVNEQFF,TGCAGTGCTAGAGTGGGGTCGGAAGTCAATGAGCAGTTCTTC,4173,12,clonotype1,clonotype1_consensus_1
GGACATTAGAGTACCG-1,True,GGACATTAGAGTACCG-1_contig_3,True,482,TRA,TRAV10,None,TRAJ24,TRAC,True,False,None,None,425,3,clonotype1,None
GGACATTAGGCCCTTG-1,True,GGACATTAGGCCCTTG-1_contig_1,True,505,TRA,TRAV1-2,None,TRAJ33,TRAC,True,True,CAATDSNYQLIW,TGTGCTGCGACTGATAGCAACTATCAGTTAATCTGG,6411,2,clonotype1,clonotype1_consensus_2
GGACATTAGGCCCTTG-1,True,GGACATTAGGCCCTTG-1_contig_2,True,521,TRB,TRBV20-1,None,TRBJ2-1,TRBC2,True,True,CSARVGSEVNEQFF,TGCAGTGCTAGAGTGGGGTCGGAAGTCAATGAGCAGTTCTTC,2814,9,clonotype1,clonotype1_consensus_1
GGACATTCACATCTTT-1,True,GGACATTCACATCTTT-1_contig_1,True,558,TRA,TRAV12-1,None,TRAJ9,TRAC,True,True,CVVTRNTGGFKTIF,TGTGTGGTGACACGAAATACTGGAGGCTTCAAAACTATCTTT,555,5,clonotype5,clonotype5_consensus_2
GGACATTCACATCTTT-1,True,GGACATTCACATCTTT-1_contig_2,True,533,TRB,TRBV20-1,None,TRBJ1-5,TRBC1,True,True,CSARDDNRAKSFNQPQHF,TGCAGTGCTAGAGACGACAACCGGGCCAAATCCTTCAATCAGCCCCAGCATTTT,573,7,clonotype5,clonotype5_consensus_1
GGACATTCACATCTTT-1,True,GGACATTCACATCTTT-1_contig_3,True,567,TRA,TRAV29/DV5,None,TRAJ11,TRAC,True,False,CSSNSGYSTLTF,TGCAGCTCCAATTCAGGATACAGCACCCTCACCTTT,131,3,clonotype5,None
GGACATTCACCAGGTC-1,True,GGACATTCACCAGGTC-1_contig_1,True,455,TRA,TRAV10,None,TRAJ6,TRAC,True,True,CVVSEGYIPTF,TGTGTGGTGAGCGAGGGCTACATACCTACATTT,980,2,clonotype2590,clonotype2590_consensus_1
GGACATTCACCAGGTC-1,True,GGACATTCACCAGGTC-1_contig_2,True,417,TRB,TRBV7-9,None,TRBJ2-1,TRBC2,True,False,CISVPAAPRTASNEQFF,TGTATCTCTGTGCCAGCAGCACCGAGGACAGCTTCCAATGAGCAGTTCTTC,1286,4,clonotype2590,None
GGACATTCACTTACGA-1,True,GGACATTCACTTACGA-1_contig_1,True,521,TRB,TRBV20-1,None,TRBJ2-1,TRBC2,True,True,CSARVGSEVNEQFF,TGCAGTGCTAGAGTGGGGTCGGAAGTCAATGAGCAGTTCTTC,2151,10,clonotype2,clonotype2_consensus_1
GGACATTCACTTACGA-1,True,GGACATTCACTTACGA-1_contig_2,True,465,TRA,TRAV10,None,TRAJ24,TRAC,True,False,None,None,491,3,clonotype2,None
GGACATTCAGATTGCT-1,True,GGACATTCAGATTGCT-1_contig_1,True,459,TRA,TRAV13-1,None,TRAJ30,TRAC,True,True,CAGIMNRDDKIIF,TGTGCGGGTATCATGAACAGAGATGACAAGATCATCTTT,271,2,clonotype2591,clonotype2591_consensus_4
GGACATTCAGATTGCT-1,True,GGACATTCAGATTGCT-1_contig_2,True,606,TRA,TRAV8-6,None,TRAJ12,TRAC,True,True,CAVSEVDSSYKLIF,TGTGCTGTGAGTGAAGTGGATAGCAGCTATAAATTGATCTTC,3796,2,clonotype2591,clonotype2591_consensus_1
GGACATTCAGATTGCT-1,True,GGACATTCAGATTGCT-1_contig_3,True,661,TRB,TRBV5-6,None,TRBJ1-6,TRBC1,True,True,CASSFGSPGSPLHF,TGTGCCAGCAGCTTCGGGTCTCCAGGTTCACCCCTCCACTTT,1177,6,clonotype2591,clonotype2591_consensus_3
GGACATTCAGATTGCT-1,True,GGACATTCAGATTGCT-1_contig_4,True,673,TRB,TRBV5-6,None,TRBJ1-1,TRBC1,True,True,CASSFGTGNTEAFF,TGTGCCAGCAGCTTTGGGACAGGGAACACTGAAGCTTTCTTT,953,8,clonotype2591,clonotype2591_consensus_2
GGACATTCATAACCTG-1,True,GGACATTCATAACCTG-1_contig_1,True,482,TRB,TRBV20-1,None,TRBJ1-1,TRBC1,True,True,CSARDLRGAEAFF,TGCAGTGCTAGAGATCTGAGGGGTGCTGAAGCTTTCTTT,3582,8,clonotype2592,clonotype2592_consensus_2
GGACATTCATAACCTG-1,True,GGACATTCATAACCTG-1_contig_2,True,627,TRA,TRAV3,None,TRAJ3,TRAC,True,True,CAVRDYVGYSSASKIIF,TGTGCTGTGAGAGACTACGTCGGGTACAGCAGTGCTTCCAAGATAATCTTT,730,5,clonotype2592,clonotype2592_consensus_1
GGACATTCATAACCTG-1,True,GGACATTCATAACCTG-1_contig_3,True,498,TRB,TRBV20-1,None,TRBJ1-5,TRBC1,True,True,CSAPVQGSSPPQHF,TGCAGTGCTCCAGTGCAGGGATCATCTCCGCCCCAGCATTTT,827,7,clonotype2592,clonotype2592_consensus_3
GGACATTCATAACCTG-1,True,GGACATTCATAACCTG-1_contig_4,True,659,TRA,TRAV8-6,None,TRAJ49,TRAC,True,True,CAVAPLGGNQFYF,TGTGCTGTCGCCCCCCTGGGCGGTAACCAGTTCTATTTT,326,8,clonotype2592,clonotype2592_consensus_4
GGACATTCATAACCTG-1,True,GGACATTCATAACCTG-1_contig_5,True,488,TRB,TRBV23-1,None,TRBJ2-4,TRBC2,True,False,None,None,1091,8,clonotype2592,None
GGACATTGTCTCCACT-1,True,GGACATTGTCTCCACT-1_contig_1,True,475,TRA,TRAV30,None,TRAJ58,TRAC,True,True,CGTPQETSGSRLTF,TGTGGCACACCTCAAGAAACCAGTGGCTCTAGGTTGACCTTT,5682,2,clonotype156,clonotype156_consensus_2
GGACATTGTCTCCACT-1,True,GGACATTGTCTCCACT-1_contig_2,True,498,TRB,TRBV20-1,None,TRBJ1-5,TRBC1,True,True,CSALKNQGNQPQHF,TGCAGTGCTTTGAAAAATCAGGGCAATCAGCCCCAGCATTTT,1045,5,clonotype156,clonotype156_consensus_1
GGACATTGTCTCCACT-1,True,GGACATTGTCTCCACT-1_contig_3,True,458,TRA,TRAV9-2,None,TRAJ43,TRAC,True,False,None,None,577,2,clonotype156,None
GGACATTGTTCCACTC-1,True,GGACATTGTTCCACTC-1_contig_1,True,498,TRB,TRBV20-1,None,TRBJ2-1,TRBC2,True,True,CSARVGSEVNEQFF,TGCAGTGCTAGAGTGGGGTCGGAAGTCAATGAGCAGTTCTTC,808,3,clonotype2,clonotype2_consensus_1
GGACATTTCACCAGGC-1,True,GGACATTTCACCAGGC-1_contig_1,True,480,TRB,TRBV5-5,None,TRBJ1-2,TRBC1,True,True,CASSGARGDGYTF,TGTGCCAGCAGTGGTGCCAGGGGGGATGGCTACACCTTC,135,5,clonotype2593,clonotype2593_consensus_1
GGACATTTCACCAGGC-1,True,GGACATTTCACCAGGC-1_contig_2,True,518,TRA,TRAV21,None,TRAJ40,TRAC,True,True,CAVSPSGTYKYIF,TGTGCTGTGAGTCCCTCAGGAACCTACAAATACATCTTT,1331,5,clonotype2593,clonotype2593_consensus_2
GGACATTTCCTAAGTG-1,True,GGACATTTCCTAAGTG-1_contig_1,True,518,TRB,TRBV20-1,None,TRBJ2-2,TRBC2,True,True,CSARPTNTGELFF,TGCAGTGCTAGGCCTACGAACACCGGGGAGCTGTTTTTT,1232,10,clonotype2594,clonotype2594_consensus_1
GGACATTTCCTAAGTG-1,True,GGACATTTCCTAAGTG-1_contig_2,True,583,TRA,TRAV17,None,TRAJ22,TRAC,True,True,CATFSGSARQLTF,TGTGCTACGTTCTCTGGTTCTGCAAGGCAACTGACCTTT,708,8,clonotype2594,clonotype2594_consensus_2
GGACATTTCCTTCAAT-1,True,GGACATTTCCTTCAAT-1_contig_1,True,492,TRB,TRBV20-1,None,TRBJ1-2,TRBC1,True,True,CSARVRGDGYTF,TGCAGTGCTAGAGTCAGGGGGGATGGCTACACCTTC,10994,11,clonotype2595,clonotype2595_consensus_1
GGACATTTCCTTCAAT-1,True,GGACATTTCCTTCAAT-1_contig_2,True,567,TRA,TRAV29/DV5,None,TRAJ43,TRAC,True,False,CSKRTGGKMMRF,TGCAGCAAGCGGACGGGGGGGAAGATGATGCGCTTT,246,1,clonotype2595,None
GGACATTTCGGAGGTA-1,True,GGACATTTCGGAGGTA-1_contig_1,True,505,TRA,TRAV1-2,None,TRAJ33,TRAC,True,True,CAATDSNYQLIW,TGTGCTGCGACTGATAGCAACTATCAGTTAATCTGG,453,4,clonotype1,clonotype1_consensus_2
GGACATTTCGGAGGTA-1,True,GGACATTTCGGAGGTA-1_contig_2,True,498,TRB,TRBV20-1,None,TRBJ2-1,TRBC2,True,True,CSARVGSEVNEQFF,TGCAGTGCTAGAGTGGGGTCGGAAGTCAATGAGCAGTTCTTC,2013,9,clonotype1,clonotype1_consensus_1
GGACGTCAGCCCAACC-1,True,GGACGTCAGCCCAACC-1_contig_1,True,515,TRB,TRBV20-1,None,TRBJ2-1,TRBC2,True,True,CSASGGNNEQFF,TGCAGTGCTAGCGGGGGGAACAATGAGCAGTTCTTC,2042,9,clonotype2596,clonotype2596_consensus_2
GGACGTCAGCCCAACC-1,True,GGACGTCAGCCCAACC-1_contig_2,True,501,TRA,TRAV12-3,None,TRAJ10,TRAC,True,True,CAIRVTGGGNKLTF,TGTGCAATTCGGGTCACGGGAGGAGGAAACAAACTCACCTTT,916,3,clonotype2596,clonotype2596_consensus_1
GGACGTCAGCTCCTTC-1,True,GGACGTCAGCTCCTTC-1_contig_1,True,715,TRB,TRBV5-5,None,TRBJ1-4,TRBC1,True,True,CASSHPGPNYATNEKLFF,TGTGCCAGCAGCCATCCCGGACCGAACTACGCAACTAATGAAAAACTGTTTTTT,958,5,clonotype4,clonotype4_consensus_1
GGACGTCAGCTCCTTC-1,True,GGACGTCAGCTCCTTC-1_contig_2,True,513,TRB,TRBV7-3,None,TRBJ2-1,TRBC2,True,False,CQQRSLKAGGPYNEQFF,TGCCAGCAGCGGTCACTTAAAGCGGGGGGACCCTACAATGAGCAGTTCTTC,906,2,clonotype4,None
GGACGTCAGGCTAGGT-1,True,GGACGTCAGGCTAGGT-1_contig_1,True,521,TRB,TRBV20-1,None,TRBJ2-1,TRBC2,True,True,CSARVGSEVNEQFF,TGCAGTGCTAGAGTGGGGTCGGAAGTCAATGAGCAGTTCTTC,2032,8,clonotype2,clonotype2_consensus_1
GGACGTCCAACACGCC-1,True,GGACGTCCAACACGCC-1_contig_1,True,466,TRA,TRAV10,None,TRAJ33,TRAC,True,True,CVVLRGDSNYQLIW,TGTGTGGTGCTGCGGGGGGATAGCAACTATCAGTTAATCTGG,287,1,clonotype2597,clonotype2597_consensus_2
GGACGTCCAACACGCC-1,True,GGACGTCCAACACGCC-1_contig_2,True,665,TRB,TRBV5-4,None,TRBJ2-7,TRBC2,True,True,CASSLGRELAGGSSYEQYF,TGTGCCAGCAGCTTGGGGCGCGAACTAGCGGGGGGGAGCTCCTACGAGCAGTACTTC,1553,7,clonotype2597,clonotype2597_consensus_1
GGACGTCCAACTGGCC-1,True,GGACGTCCAACTGGCC-1_contig_1,True,505,TRA,TRAV1-2,None,TRAJ33,TRAC,True,True,CAATDSNYQLIW,TGTGCTGCGACTGATAGCAACTATCAGTTAATCTGG,468,3,clonotype1,clonotype1_consensus_2
GGACGTCCAACTGGCC-1,True,GGACGTCCAACTGGCC-1_contig_2,True,485,TRB,TRBV20-1,None,TRBJ2-1,TRBC2,True,True,CSARVGSEVNEQFF,TGCAGTGCTAGAGTGGGGTCGGAAGTCAATGAGCAGTTCTTC,377,4,clonotype1,clonotype1_consensus_1
GGACGTCCAACTGGCC-1,True,GGACGTCCAACTGGCC-1_contig_3,True,434,TRA,TRAV10,None,TRAJ24,TRAC,True,False,None,None,444,1,clonotype1,None
GGACGTCCACAGGTTT-1,True,GGACGTCCACAGGTTT-1_contig_1,True,492,TRA,TRAV9-2,None,TRAJ13,TRAC,True,True,CALNLEGYQKVTF,TGTGCTCTGAACTTAGAGGGTTACCAGAAAGTTACCTTT,191,1,clonotype6,clonotype6_consensus_1
GGACGTCCACAGGTTT-1,True,GGACGTCCACAGGTTT-1_contig_2,True,659,TRB,TRBV5-6,None,TRBJ1-5,TRBC1,True,True,CASSFRGGANQPQHF,TGTGCCAGCAGCTTTCGAGGGGGCGCGAATCAGCCCCAGCATTTT,3540,12,clonotype6,clonotype6_consensus_2
GGACGTCCACAGGTTT-1,True,GGACGTCCACAGGTTT-1_contig_3,True,406,TRB,None,None,TRBJ2-6,TRBC2,False,False,None,None,120,3,clonotype6,None
GGACGTCCACAGGTTT-1,True,GGACGTCCACAGGTTT-1_contig_4,True,400,TRA,TRAV1-2,None,TRAJ40,TRAC,True,False,None,None,662,1,clonotype6,None
GGACGTCCATGCCACG-1,True,GGACGTCCATGCCACG-1_contig_1,True,498,TRB,TRBV20-1,None,TRBJ2-1,TRBC2,True,True,CSARVGSEVNEQFF,TGCAGTGCTAGAGTGGGGTCGGAAGTCAATGAGCAGTTCTTC,1842,7,clonotype2,clonotype2_consensus_1
GGACGTCGTCCGAGTC-1,True,GGACGTCGTCCGAGTC-1_contig_1,True,505,TRA,TRAV1-2,None,TRAJ33,TRAC,True,True,CAATDSNYQLIW,TGTGCTGCGACTGATAGCAACTATCAGTTAATCTGG,421,2,clonotype1,clonotype1_consensus_2
GGACGTCGTCCGAGTC-1,True,GGACGTCGTCCGAGTC-1_contig_2,True,492,TRB,TRBV20-1,None,TRBJ2-1,TRBC2,True,True,CSARVGSEVNEQFF,TGCAGTGCTAGAGTGGGGTCGGAAGTCAATGAGCAGTTCTTC,599,3,clonotype1,clonotype1_consensus_1
GGACGTCGTCCGAGTC-1,True,GGACGTCGTCCGAGTC-1_contig_3,True,482,TRA,TRAV10,None,TRAJ24,TRAC,True,False,None,None,1020,3,clonotype1,None
GGACGTCGTCTCCATC-1,True,GGACGTCGTCTCCATC-1_contig_1,True,493,TRB,TRBV5-6,None,TRBJ1-1,TRBC1,True,True,CASSLGGALNTEAFF,TGTGCCAGCAGCTTGGGGGGGGCTTTAAACACTGAAGCTTTCTTT,1257,5,clonotype2598,clonotype2598_consensus_1
GGACGTCGTGGTTTCA-1,True,GGACGTCGTGGTTTCA-1_contig_1,True,505,TRA,TRAV1-2,None,TRAJ33,TRAC,True,True,CAATDSNYQLIW,TGTGCTGCGACTGATAGCAACTATCAGTTAATCTGG,165,2,clonotype1,clonotype1_consensus_2
GGACGTCGTGGTTTCA-1,True,GGACGTCGTGGTTTCA-1_contig_2,True,498,TRB,TRBV20-1,None,TRBJ2-1,TRBC2,True,True,CSARVGSEVNEQFF,TGCAGTGCTAGAGTGGGGTCGGAAGTCAATGAGCAGTTCTTC,993,5,clonotype1,clonotype1_consensus_1
GGACGTCGTTATTCTC-1,True,GGACGTCGTTATTCTC-1_contig_1,True,688,TRA,TRAV8-3,None,TRAJ53,TRAC,True,True,CAVGATSLRYGGSNYKLTF,TGTGCTGTGGGTGCGACTTCGCTTCGCTATGGAGGTAGCAACTATAAACTGACATTT,182,2,clonotype2599,clonotype2599_consensus_2
GGACGTCGTTATTCTC-1,True,GGACGTCGTTATTCTC-1_contig_2,True,665,TRB,TRBV5-6,None,TRBJ2-1,TRBC2,True,True,CASSWTSGGTFYNEQFF,TGTGCCAGCAGCTGGACTAGCGGGGGGACTTTTTACAATGAGCAGTTCTTC,887,5,clonotype2599,clonotype2599_consensus_1
GGACGTCTCAGTACGT-1,True,GGACGTCTCAGTACGT-1_contig_1,True,505,TRA,TRAV1-2,None,TRAJ33,TRAC,True,True,CAATDSNYQLIW,TGTGCTGCGACTGATAGCAACTATCAGTTAATCTGG,660,3,clonotype1,clonotype1_consensus_2
GGACGTCTCAGTACGT-1,True,GGACGTCTCAGTACGT-1_contig_2,True,497,TRB,TRBV20-1,None,TRBJ2-1,TRBC2,True,True,CSARVGSEVNEQFF,TGCAGTGCTAGAGTGGGGTCGGAAGTCAATGAGCAGTTCTTC,205,3,clonotype1,clonotype1_consensus_1
GGACGTCTCATCATTC-1,True,GGACGTCTCATCATTC-1_contig_1,True,505,TRA,TRAV1-2,None,TRAJ33,TRAC,True,True,CAATDSNYQLIW,TGTGCTGCGACTGATAGCAACTATCAGTTAATCTGG,580,2,clonotype1,clonotype1_consensus_2
GGACGTCTCATCATTC-1,True,GGACGTCTCATCATTC-1_contig_2,True,521,TRB,TRBV20-1,None,TRBJ2-1,TRBC2,True,True,CSARVGSEVNEQFF,TGCAGTGCTAGAGTGGGGTCGGAAGTCAATGAGCAGTTCTTC,3096,10,clonotype1,clonotype1_consensus_1
GGACGTCTCATCATTC-1,True,GGACGTCTCATCATTC-1_contig_3,True,469,TRA,TRAV10,None,TRAJ24,TRAC,True,False,None,None,693,5,clonotype1,None
GGACGTCTCCGAATGT-1,True,GGACGTCTCCGAATGT-1_contig_1,True,505,TRA,TRAV1-2,None,TRAJ33,TRAC,True,True,CAATDSNYQLIW,TGTGCTGCGACTGATAGCAACTATCAGTTAATCTGG,501,2,clonotype1,clonotype1_consensus_2
GGACGTCTCCGAATGT-1,True,GGACGTCTCCGAATGT-1_contig_2,True,498,TRB,TRBV20-1,None,TRBJ2-1,TRBC2,True,True,CSARVGSEVNEQFF,TGCAGTGCTAGAGTGGGGTCGGAAGTCAATGAGCAGTTCTTC,886,4,clonotype1,clonotype1_consensus_1
GGACGTCTCCTATGTT-1,True,GGACGTCTCCTATGTT-1_contig_1,True,505,TRA,TRAV1-2,None,TRAJ33,TRAC,True,True,CAATDSNYQLIW,TGTGCTGCGACTGATAGCAACTATCAGTTAATCTGG,200,3,clonotype1,clonotype1_consensus_2
GGACGTCTCCTATGTT-1,True,GGACGTCTCCTATGTT-1_contig_2,True,521,TRB,TRBV20-1,None,TRBJ2-1,TRBC2,True,True,CSARVGSEVNEQFF,TGCAGTGCTAGAGTGGGGTCGGAAGTCAATGAGCAGTTCTTC,470,4,clonotype1,clonotype1_consensus_1
GGACGTCTCGTCCGTT-1,True,GGACGTCTCGTCCGTT-1_contig_1,True,502,TRA,TRAV1-2,None,TRAJ30,TRAC,True,True,CAVRDLREIIF,TGTGCTGTGAGAGATCTTCGGGAGATCATCTTT,720,5,clonotype3,clonotype3_consensus_2
GGACGTCTCGTCCGTT-1,True,GGACGTCTCGTCCGTT-1_contig_2,True,500,TRB,TRBV5-5,None,TRBJ1-4,TRBC1,True,True,CASSHPGPNYATNEKLFF,TGTGCCAGCAGCCATCCCGGACCGAACTACGCAACTAATGAAAAACTGTTTTTT,1209,4,clonotype3,clonotype3_consensus_1
GGACGTCTCTGCGTAA-1,True,GGACGTCTCTGCGTAA-1_contig_1,True,457,TRA,TRAV1-2,None,TRAJ30,TRAC,True,True,CAVRDLREIIF,TGTGCTGTGAGAGATCTTCGGGAGATCATCTTT,312,2,clonotype3,clonotype3_consensus_2
GGACGTCTCTGCGTAA-1,True,GGACGTCTCTGCGTAA-1_contig_2,True,517,TRB,TRBV5-5,None,TRBJ1-4,TRBC1,True,True,CASSHPGPNYATNEKLFF,TGTGCCAGCAGCCATCCCGGACCGAACTACGCAACTAATGAAAAACTGTTTTTT,1086,5,clonotype3,clonotype3_consensus_1
GGACGTCTCTGCGTAA-1,True,GGACGTCTCTGCGTAA-1_contig_3,True,485,TRB,TRBV7-3,None,TRBJ2-1,TRBC2,True,False,CQQRSLKAGGPYNEQFF,TGCCAGCAGCGGTCACTTAAAGCGGGGGGACCCTACAATGAGCAGTTCTTC,376,4,clonotype3,None
GGAGCAAAGACAATAC-1,True,GGAGCAAAGACAATAC-1_contig_1,True,505,TRA,TRAV1-2,None,TRAJ33,TRAC,True,True,CAATDSNYQLIW,TGTGCTGCGACTGATAGCAACTATCAGTTAATCTGG,739,5,clonotype1,clonotype1_consensus_2
GGAGCAAAGACAATAC-1,True,GGAGCAAAGACAATAC-1_contig_2,True,518,TRB,TRBV20-1,None,TRBJ2-1,TRBC2,True,True,CSARVGSEVNEQFF,TGCAGTGCTAGAGTGGGGTCGGAAGTCAATGAGCAGTTCTTC,1004,6,clonotype1,clonotype1_consensus_1
GGAGCAAAGACGCACA-1,True,GGAGCAAAGACGCACA-1_contig_1,True,473,TRB,TRBV20-1,None,TRBJ2-1,TRBC2,True,True,CSARVGSEVNEQFF,TGCAGTGCTAGAGTGGGGTCGGAAGTCAATGAGCAGTTCTTC,581,4,clonotype2,clonotype2_consensus_1
GGAGCAAAGACGCACA-1,True,GGAGCAAAGACGCACA-1_contig_2,True,366,TRB,TRBV7-3,None,TRBJ1-2,TRBC1,True,False,None,None,4580,4,clonotype2,None
GGAGCAAAGAGGTAGA-1,True,GGAGCAAAGAGGTAGA-1_contig_1,True,505,TRA,TRAV1-2,None,TRAJ33,TRAC,True,True,CAATDSNYQLIW,TGTGCTGCGACTGATAGCAACTATCAGTTAATCTGG,1056,4,clonotype1,clonotype1_consensus_2
GGAGCAAAGAGGTAGA-1,True,GGAGCAAAGAGGTAGA-1_contig_2,True,498,TRB,TRBV20-1,None,TRBJ2-1,TRBC2,True,True,CSARVGSEVNEQFF,TGCAGTGCTAGAGTGGGGTCGGAAGTCAATGAGCAGTTCTTC,969,5,clonotype1,clonotype1_consensus_1
GGAGCAAAGAGGTAGA-1,True,GGAGCAAAGAGGTAGA-1_contig_3,True,491,TRA,TRAV10,None,TRAJ24,TRAC,True,False,None,None,510,2,clonotype1,None
GGAGCAAAGTCGTACT-1,True,GGAGCAAAGTCGTACT-1_contig_1,True,518,TRB,TRBV20-1,None,TRBJ2-2,TRBC2,True,True,CTATAGGTGELFF,TGCACAGCCACTGCAGGGGGCACCGGGGAGCTGTTTTTT,3995,16,clonotype2600,clonotype2600_consensus_1
GGAGCAAAGTCGTACT-1,True,GGAGCAAAGTCGTACT-1_contig_2,True,551,TRA,TRAV26-1,None,TRAJ43,TRAC,True,True,CIVRVSINDMRF,TGCATCGTCAGAGTATCTATCAATGACATGCGCTTT,746,3,clonotype2600,clonotype2600_consensus_2
GGAGCAAAGTCGTACT-1,True,GGAGCAAAGTCGTACT-1_contig_3,True,501,TRA,TRAV23/DV6,None,TRAJ49,TRAC,True,False,CAAPSGNQFYF,TGTGCAGCGCCTAGCGGTAACCAGTTCTATTTT,177,2,clonotype2600,None
GGAGCAAAGTCTTGCA-1,True,GGAGCAAAGTCTTGCA-1_contig_1,True,551,TRA,TRAV12-1,None,TRAJ23,TRAC,True,True,CVVNNQGGKLIF,TGTGTGGTGAATAACCAGGGAGGAAAGCTTATCTTC,1558,8,clonotype2601,clonotype2601_consensus_1
GGAGCAAAGTCTTGCA-1,True,GGAGCAAAGTCTTGCA-1_contig_2,True,485,TRB,TRBV20-1,None,TRBJ1-5,TRBC1,True,True,CSAKEFTVNQPQHF,TGCAGTGCTAAAGAGTTCACAGTTAATCAGCCCCAGCATTTT,3240,11,clonotype2601,clonotype2601_consensus_2
GGAGCAAAGTGCCAGA-1,True,GGAGCAAAGTGCCAGA-1_contig_1,True,489,TRA,TRAV1-2,None,TRAJ33,TRAC,True,True,CAATDSNYQLIW,TGTGCTGCGACTGATAGCAACTATCAGTTAATCTGG,1136,2,clonotype1,clonotype1_consensus_2
GGAGCAAAGTGCCAGA-1,True,GGAGCAAAGTGCCAGA-1_contig_2,True,498,TRB,TRBV20-1,None,TRBJ2-1,TRBC2,True,True,CSARVGSEVNEQFF,TGCAGTGCTAGAGTGGGGTCGGAAGTCAATGAGCAGTTCTTC,1409,5,clonotype1,clonotype1_consensus_1
GGAGCAAAGTGCTGCC-1,True,GGAGCAAAGTGCTGCC-1_contig_1,True,510,TRA,TRAV21,None,TRAJ31,TRAC,True,True,CAVSSARLMF,TGTGCTGTGAGTAGCGCCAGACTCATGTTT,461,2,clonotype2602,clonotype2602_consensus_1
GGAGCAACAAGCGAGT-1,True,GGAGCAACAAGCGAGT-1_contig_1,True,505,TRA,TRAV1-2,None,TRAJ33,TRAC,True,True,CAATDSNYQLIW,TGTGCTGCGACTGATAGCAACTATCAGTTAATCTGG,1810,6,clonotype1,clonotype1_consensus_2
GGAGCAACAAGCGAGT-1,True,GGAGCAACAAGCGAGT-1_contig_2,True,521,TRB,TRBV20-1,None,TRBJ2-1,TRBC2,True,True,CSARVGSEVNEQFF,TGCAGTGCTAGAGTGGGGTCGGAAGTCAATGAGCAGTTCTTC,4459,20,clonotype1,clonotype1_consensus_1
GGAGCAAGTAGGGTAC-1,True,GGAGCAAGTAGGGTAC-1_contig_1,True,521,TRB,TRBV20-1,None,TRBJ2-1,TRBC2,True,True,CSARVGSEVNEQFF,TGCAGTGCTAGAGTGGGGTCGGAAGTCAATGAGCAGTTCTTC,296,4,clonotype2,clonotype2_consensus_1
GGAGCAAGTCTACCTC-1,True,GGAGCAAGTCTACCTC-1_contig_1,True,521,TRB,TRBV20-1,None,TRBJ2-1,TRBC2,True,True,CSARVGSEVNEQFF,TGCAGTGCTAGAGTGGGGTCGGAAGTCAATGAGCAGTTCTTC,1463,10,clonotype2,clonotype2_consensus_1
GGAGCAAGTCTACCTC-1,True,GGAGCAAGTCTACCTC-1_contig_2,True,465,TRA,TRAV10,None,TRAJ24,TRAC,True,False,None,None,11098,3,clonotype2,None
GGAGCAAGTGCAGTAG-1,True,GGAGCAAGTGCAGTAG-1_contig_1,True,521,TRB,TRBV20-1,None,TRBJ2-1,TRBC2,True,True,CSARVGSEVNEQFF,TGCAGTGCTAGAGTGGGGTCGGAAGTCAATGAGCAGTTCTTC,950,6,clonotype2,clonotype2_consensus_1
GGAGCAAGTGCAGTAG-1,True,GGAGCAAGTGCAGTAG-1_contig_2,True,459,TRA,TRAV10,None,TRAJ24,TRAC,True,False,None,None,111,3,clonotype2,None
GGAGCAAGTTACGACT-1,True,GGAGCAAGTTACGACT-1_contig_1,True,459,TRA,TRAV13-1,None,TRAJ40,TRAC,True,True,CAARVSGTYKYIF,TGTGCAGCCCGCGTCTCAGGAACCTACAAATACATCTTT,411,2,clonotype119,clonotype119_consensus_2
GGAGCAAGTTACGACT-1,True,GGAGCAAGTTACGACT-1_contig_2,True,524,TRB,TRBV20-1,None,TRBJ2-3,TRBC2,True,True,CSASTSGDPTDTQYF,TGCAGTGCTAGTACTAGCGGGGACCCCACAGATACGCAGTATTTT,5072,16,clonotype119,clonotype119_consensus_1
GGAGCAAGTTCAGACT-1,True,GGAGCAAGTTCAGACT-1_contig_1,True,535,TRA,TRAV12-2,None,TRAJ33,TRAC,True,True,CAVRGYQLIW,TGTGCCGTGAGAGGCTATCAGTTAATCTGG,789,5,clonotype2603,clonotype2603_consensus_2
GGAGCAAGTTCAGACT-1,True,GGAGCAAGTTCAGACT-1_contig_2,True,521,TRB,TRBV20-1,None,TRBJ2-5,TRBC2,True,True,CSALFGRGAETQYF,TGCAGTGCCCTCTTTGGCCGGGGGGCAGAGACCCAGTACTTC,1701,6,clonotype2603,clonotype2603_consensus_1
GGAGCAAGTTCAGCGC-1,True,GGAGCAAGTTCAGCGC-1_contig_1,True,524,TRB,TRBV20-1,None,TRBJ2-7,TRBC2,True,True,CSASPRPPFGSYEQYF,TGCAGTGCTAGCCCCAGGCCTCCCTTTGGCTCCTACGAGCAGTACTTC,3137,7,clonotype2604,clonotype2604_consensus_1
GGAGCAAGTTCAGCGC-1,True,GGAGCAAGTTCAGCGC-1_contig_2,True,611,TRB,None,None,TRBJ1-2,None,False,False,None,None,127,2,clonotype2604,None
GGAGCAATCCGGGTGT-1,True,GGAGCAATCCGGGTGT-1_contig_1,True,505,TRA,TRAV1-2,None,TRAJ33,TRAC,True,True,CAATDSNYQLIW,TGTGCTGCGACTGATAGCAACTATCAGTTAATCTGG,1057,5,clonotype1,clonotype1_consensus_2
GGAGCAATCCGGGTGT-1,True,GGAGCAATCCGGGTGT-1_contig_2,True,521,TRB,TRBV20-1,None,TRBJ2-1,TRBC2,True,True,CSARVGSEVNEQFF,TGCAGTGCTAGAGTGGGGTCGGAAGTCAATGAGCAGTTCTTC,1718,5,clonotype1,clonotype1_consensus_1
GGAGCAATCCGGGTGT-1,True,GGAGCAATCCGGGTGT-1_contig_3,True,459,TRA,TRAV10,None,TRAJ24,TRAC,True,False,None,None,402,2,clonotype1,None
GGAGCAATCCGTAGTA-1,True,GGAGCAATCCGTAGTA-1_contig_1,True,505,TRA,TRAV1-2,None,TRAJ33,TRAC,True,True,CAATDSNYQLIW,TGTGCTGCGACTGATAGCAACTATCAGTTAATCTGG,785,2,clonotype1,clonotype1_consensus_2
GGAGCAATCCGTAGTA-1,True,GGAGCAATCCGTAGTA-1_contig_2,True,514,TRB,TRBV20-1,None,TRBJ2-1,TRBC2,True,True,CSARVGSEVNEQFF,TGCAGTGCTAGAGTGGGGTCGGAAGTCAATGAGCAGTTCTTC,444,4,clonotype1,clonotype1_consensus_1
GGAGCAATCCGTAGTA-1,True,GGAGCAATCCGTAGTA-1_contig_3,True,465,TRA,TRAV10,None,TRAJ24,TRAC,True,False,None,None,207,1,clonotype1,None
GGAGCAATCTATCGCC-1,True,GGAGCAATCTATCGCC-1_contig_1,True,505,TRA,TRAV1-2,None,TRAJ33,TRAC,True,True,CAATDSNYQLIW,TGTGCTGCGACTGATAGCAACTATCAGTTAATCTGG,189,2,clonotype1,clonotype1_consensus_2
GGAGCAATCTATCGCC-1,True,GGAGCAATCTATCGCC-1_contig_2,True,498,TRB,TRBV20-1,None,TRBJ2-1,TRBC2,True,True,CSARVGSEVNEQFF,TGCAGTGCTAGAGTGGGGTCGGAAGTCAATGAGCAGTTCTTC,1778,6,clonotype1,clonotype1_consensus_1
GGATGTTAGATGTCGG-1,True,GGATGTTAGATGTCGG-1_contig_1,True,502,TRA,TRAV1-2,None,TRAJ33,TRAC,True,True,CAATDSNYQLIW,TGTGCTGCGACTGATAGCAACTATCAGTTAATCTGG,214,3,clonotype1,clonotype1_consensus_2
GGATGTTAGATGTCGG-1,True,GGATGTTAGATGTCGG-1_contig_2,True,521,TRB,TRBV20-1,None,TRBJ2-1,TRBC2,True,True,CSARVGSEVNEQFF,TGCAGTGCTAGAGTGGGGTCGGAAGTCAATGAGCAGTTCTTC,2304,14,clonotype1,clonotype1_consensus_1
GGATGTTAGTAGATGT-1,True,GGATGTTAGTAGATGT-1_contig_1,True,505,TRA,TRAV1-2,None,TRAJ33,TRAC,True,True,CAATDSNYQLIW,TGTGCTGCGACTGATAGCAACTATCAGTTAATCTGG,850,5,clonotype1,clonotype1_consensus_2
GGATGTTAGTAGATGT-1,True,GGATGTTAGTAGATGT-1_contig_2,True,521,TRB,TRBV20-1,None,TRBJ2-1,TRBC2,True,True,CSARVGSEVNEQFF,TGCAGTGCTAGAGTGGGGTCGGAAGTCAATGAGCAGTTCTTC,1050,11,clonotype1,clonotype1_consensus_1
GGATGTTAGTCCTCCT-1,True,GGATGTTAGTCCTCCT-1_contig_1,True,512,TRB,TRBV20-1,None,TRBJ1-1,TRBC1,True,True,CSATLVAEAFF,TGCAGTGCCACACTCGTGGCTGAAGCTTTCTTT,2151,15,clonotype2605,clonotype2605_consensus_1
GGATGTTCACAGGTTT-1,True,GGATGTTCACAGGTTT-1_contig_1,True,499,TRA,TRAV20,None,TRAJ47,TRAC,True,True,CAVEYGNKLVF,TGTGCTGTGGAATATGGAAACAAACTGGTCTTT,2436,14,clonotype2606,clonotype2606_consensus_3
GGATGTTCACAGGTTT-1,True,GGATGTTCACAGGTTT-1_contig_2,True,486,TRB,TRBV5-5,None,TRBJ1-4,TRBC1,True,True,CASSLGQGNFNEKLFF,TGTGCCAGCAGCTTGGGACAGGGGAACTTTAATGAAAAACTGTTTTTT,1782,4,clonotype2606,clonotype2606_consensus_1
GGATGTTCACAGGTTT-1,True,GGATGTTCACAGGTTT-1_contig_3,True,512,TRB,TRBV20-1,None,TRBJ1-1,TRBC1,True,True,CSARQGFLAFF,TGCAGTGCAAGACAGGGCTTTTTAGCTTTCTTT,2288,14,clonotype2606,clonotype2606_consensus_2
GGATGTTCACATCCGG-1,True,GGATGTTCACATCCGG-1_contig_1,True,505,TRA,TRAV1-2,None,TRAJ33,TRAC,True,True,CAATDSNYQLIW,TGTGCTGCGACTGATAGCAACTATCAGTTAATCTGG,732,5,clonotype1,clonotype1_consensus_2
GGATGTTCACATCCGG-1,True,GGATGTTCACATCCGG-1_contig_2,True,521,TRB,TRBV20-1,None,TRBJ2-1,TRBC2,True,True,CSARVGSEVNEQFF,TGCAGTGCTAGAGTGGGGTCGGAAGTCAATGAGCAGTTCTTC,2110,11,clonotype1,clonotype1_consensus_1
GGATGTTCACCGAATT-1,True,GGATGTTCACCGAATT-1_contig_1,True,502,TRA,TRAV1-2,None,TRAJ30,TRAC,True,True,CAVRDLREIIF,TGTGCTGTGAGAGATCTTCGGGAGATCATCTTT,166,3,clonotype3,clonotype3_consensus_2
GGATGTTCACCGAATT-1,True,GGATGTTCACCGAATT-1_contig_2,True,516,TRB,TRBV5-5,None,TRBJ1-4,TRBC1,True,True,CASSHPGPNYATNEKLFF,TGTGCCAGCAGCCATCCCGGACCGAACTACGCAACTAATGAAAAACTGTTTTTT,673,2,clonotype3,clonotype3_consensus_1
GGATGTTCACCGTTGG-1,True,GGATGTTCACCGTTGG-1_contig_1,True,496,TRB,TRBV20-1,None,TRBJ2-1,TRBC2,True,True,CSARVGSEVNEQFF,TGCAGTGCTAGAGTGGGGTCGGAAGTCAATGAGCAGTTCTTC,988,3,clonotype2,clonotype2_consensus_1
GGATGTTCACTGTCGG-1,True,GGATGTTCACTGTCGG-1_contig_1,True,512,TRA,TRAV26-2,None,TRAJ28,TRAC,True,True,CILRAGFGAGSYQLTF,TGCATCCTGAGAGCCGGCTTTGGGGCTGGGAGTTACCAACTCACTTTC,219,2,clonotype2607,clonotype2607_consensus_1
GGATGTTCACTGTCGG-1,True,GGATGTTCACTGTCGG-1_contig_2,True,699,TRB,TRBV5-6,None,TRBJ2-7,TRBC2,True,True,CASSSYGTLSTYEQYF,TGTGCCAGCAGCTCTTACGGTACTTTGAGCACCTACGAGCAGTACTTC,1171,7,clonotype2607,clonotype2607_consensus_2
GGATGTTCACTGTCGG-1,True,GGATGTTCACTGTCGG-1_contig_3,True,624,TRA,TRAV41,None,TRAJ45,TRAC,True,False,None,None,216,4,clonotype2607,None
GGATGTTGTAACGTTC-1,True,GGATGTTGTAACGTTC-1_contig_1,True,515,TRB,TRBV20-1,None,TRBJ2-5,TRBC2,True,True,CSASRGGETQYF,TGCAGTGCCTCGAGGGGGGGCGAGACCCAGTACTTC,3937,15,clonotype2608,clonotype2608_consensus_2
GGATGTTGTAACGTTC-1,True,GGATGTTGTAACGTTC-1_contig_2,True,535,TRA,TRAV14/DV4,None,TRAJ57,TRAC,True,True,CAMRGDMLPQGGSEKLVF,TGTGCAATGAGAGGGGACATGCTCCCGCAGGGCGGATCTGAAAAGCTGGTCTTT,316,3,clonotype2608,clonotype2608_consensus_1
GGATGTTGTAACGTTC-1,True,GGATGTTGTAACGTTC-1_contig_3,True,526,TRA,TRAV35,None,TRAJ27,TRAC,True,False,CAGPANAGKSTF,TGTGCTGGGCCAGCCAATGCAGGCAAATCAACCTTT,169,5,clonotype2608,None
GGATGTTGTACCCAAT-1,True,GGATGTTGTACCCAAT-1_contig_1,True,518,TRB,TRBV20-1,None,TRBJ2-1,TRBC2,True,True,CSARGGGYNEQFF,TGCAGTGCTAGGGGCGGGGGATACAATGAGCAGTTCTTC,3091,12,clonotype157,clonotype157_consensus_1
GGATGTTGTACCCAAT-1,True,GGATGTTGTACCCAAT-1_contig_2,True,335,TRA,TRAV8-1,None,None,TRAC,False,False,None,None,60,4,clonotype157,None
GGATGTTGTACCCAAT-1,True,GGATGTTGTACCCAAT-1_contig_3,True,310,TRB,None,None,TRBJ1-3,TRBC1,False,False,None,None,2008,1,clonotype157,None
GGATGTTGTAGAGCTG-1,True,GGATGTTGTAGAGCTG-1_contig_1,True,623,TRA,TRAV12-1,None,TRAJ49,TRAC,True,True,CVVNTGNQFYF,TGTGTGGTGAACACCGGTAACCAGTTCTATTTT,374,3,clonotype2609,clonotype2609_consensus_2
GGATGTTGTAGAGCTG-1,True,GGATGTTGTAGAGCTG-1_contig_2,True,485,TRB,TRBV20-1,None,TRBJ2-1,TRBC2,True,True,CSANRPAGYNEQFF,TGCAGTGCCAACCGCCCTGCGGGGTACAATGAGCAGTTCTTC,862,6,clonotype2609,clonotype2609_consensus_1
GGATGTTGTCAACTGT-1,True,GGATGTTGTCAACTGT-1_contig_1,True,570,TRA,TRAV8-4,None,TRAJ32,TRAC,True,True,CAVSRGGATNKLIF,TGTGCTGTGAGTCGGGGTGGTGCTACAAACAAGCTCATCTTT,1302,4,clonotype2610,clonotype2610_consensus_2
GGATGTTGTCAACTGT-1,True,GGATGTTGTCAACTGT-1_contig_2,True,659,TRB,TRBV5-6,None,TRBJ1-2,TRBC1,True,True,CASSVQGSPYGYTF,TGTGCCAGCAGCGTTCAAGGGAGTCCCTATGGCTACACCTTC,2325,8,clonotype2610,clonotype2610_consensus_1
GGATGTTGTCAACTGT-1,True,GGATGTTGTCAACTGT-1_contig_3,True,383,TRB,None,None,TRBJ2-1,TRBC2,False,False,None,None,93,3,clonotype2610,None
GGATGTTGTCAACTGT-1,True,GGATGTTGTCAACTGT-1_contig_4,True,504,Multi,TRDV1,None,TRAJ45,TRAC,True,False,None,None,257,1,clonotype2610,None
GGATGTTGTCCGAAGA-1,True,GGATGTTGTCCGAAGA-1_contig_1,True,521,TRB,TRBV20-1,None,TRBJ2-1,TRBC2,True,True,CSARVGSEVNEQFF,TGCAGTGCTAGAGTGGGGTCGGAAGTCAATGAGCAGTTCTTC,1714,7,clonotype2,clonotype2_consensus_1
GGATGTTGTGACTACT-1,True,GGATGTTGTGACTACT-1_contig_1,True,544,TRA,TRAV12-2,None,TRAJ8,TRAC,True,True,CAVRNTGFQKLVF,TGTGCCGTGAGGAACACAGGCTTTCAGAAACTTGTATTT,1675,5,clonotype2611,clonotype2611_consensus_1
GGATGTTGTGACTACT-1,True,GGATGTTGTGACTACT-1_contig_2,True,500,TRB,TRBV5-5,None,TRBJ2-7,TRBC2,True,True,CASSLVGDPYEQYF,TGTGCCAGCAGCTTGGTTGGCGACCCCTACGAGCAGTACTTC,164,3,clonotype2611,clonotype2611_consensus_2
GGATGTTGTGGTAACG-1,True,GGATGTTGTGGTAACG-1_contig_1,True,505,TRA,TRAV1-2,None,TRAJ33,TRAC,True,True,CAATDSNYQLIW,TGTGCTGCGACTGATAGCAACTATCAGTTAATCTGG,383,3,clonotype1,clonotype1_consensus_2
GGATGTTGTGGTAACG-1,True,GGATGTTGTGGTAACG-1_contig_2,True,521,TRB,TRBV20-1,None,TRBJ2-1,TRBC2,True,True,CSARVGSEVNEQFF,TGCAGTGCTAGAGTGGGGTCGGAAGTCAATGAGCAGTTCTTC,181,7,clonotype1,clonotype1_consensus_1
GGATGTTGTGGTAACG-1,True,GGATGTTGTGGTAACG-1_contig_3,True,482,TRA,TRAV10,None,TRAJ24,TRAC,True,False,None,None,549,2,clonotype1,None
GGATGTTGTGGTACAG-1,True,GGATGTTGTGGTACAG-1_contig_1,True,564,TRA,TRAV12-1,None,TRAJ9,TRAC,True,True,CVVTRNTGGFKTIF,TGTGTGGTGACACGAAATACTGGAGGCTTCAAAACTATCTTT,918,5,clonotype5,clonotype5_consensus_2
GGATGTTGTGGTACAG-1,True,GGATGTTGTGGTACAG-1_contig_2,True,510,TRB,TRBV20-1,None,TRBJ1-5,TRBC1,True,True,CSARDDNRAKSFNQPQHF,TGCAGTGCTAGAGACGACAACCGGGCCAAATCCTTCAATCAGCCCCAGCATTTT,2471,7,clonotype5,clonotype5_consensus_1
GGATGTTGTTGTTTGG-1,True,GGATGTTGTTGTTTGG-1_contig_1,True,513,TRA,TRAV2,None,TRAJ35,TRAC,True,True,CAVSIGFGNVLHC,TGTGCTGTGAGTATAGGCTTTGGGAATGTGCTGCATTGC,292,2,clonotype2612,clonotype2612_consensus_2
GGATGTTGTTGTTTGG-1,True,GGATGTTGTTGTTTGG-1_contig_2,True,493,TRB,TRBV5-6,None,TRBJ1-3,TRBC1,True,True,CASSLAGGSGNTIYF,TGTGCCAGCAGCTTGGCAGGGGGCTCTGGAAACACCATATATTTT,1347,8,clonotype2612,clonotype2612_consensus_1
GGATGTTTCACGACTA-1,True,GGATGTTTCACGACTA-1_contig_1,True,462,TRA,TRAV13-1,None,TRAJ47,TRAC,True,True,CAARPREYGNKLVF,TGTGCAGCGCGACCCCGGGAATATGGAAACAAACTGGTCTTT,261,3,clonotype2613,clonotype2613_consensus_1
GGATGTTTCACGACTA-1,True,GGATGTTTCACGACTA-1_contig_2,True,654,TRB,TRBV5-5,None,TRBJ1-1,TRBC1,True,True,CASSLMTGANTEAFF,TGTGCCAGCAGCCTTATGACAGGGGCGAACACTGAAGCTTTCTTT,6099,17,clonotype2613,clonotype2613_consensus_2
GGATGTTTCACGACTA-1,True,GGATGTTTCACGACTA-1_contig_3,True,563,TRA,TRAV8-4,None,TRAJ49,TRAC,True,False,None,None,137,2,clonotype2613,None
GGATGTTTCTACTCAT-1,True,GGATGTTTCTACTCAT-1_contig_1,True,515,TRB,TRBV20-1,None,TRBJ2-5,TRBC2,True,True,CSPEGREETQYF,TGCAGTCCCGAAGGCAGGGAGGAGACCCAGTACTTC,2879,14,clonotype2614,clonotype2614_consensus_1
GGATGTTTCTACTCAT-1,True,GGATGTTTCTACTCAT-1_contig_2,True,544,TRA,TRAV12-2,None,TRAJ28,TRAC,True,True,CAVNEAGSYQLTF,TGTGCCGTGAACGAGGCTGGGAGTTACCAACTCACTTTC,189,4,clonotype2614,clonotype2614_consensus_2
GGATGTTTCTTCGGTC-1,True,GGATGTTTCTTCGGTC-1_contig_1,True,505,TRA,TRAV1-2,None,TRAJ33,TRAC,True,True,CAATDSNYQLIW,TGTGCTGCGACTGATAGCAACTATCAGTTAATCTGG,535,6,clonotype1,clonotype1_consensus_2
GGATGTTTCTTCGGTC-1,True,GGATGTTTCTTCGGTC-1_contig_2,True,498,TRB,TRBV20-1,None,TRBJ2-1,TRBC2,True,True,CSARVGSEVNEQFF,TGCAGTGCTAGAGTGGGGTCGGAAGTCAATGAGCAGTTCTTC,654,4,clonotype1,clonotype1_consensus_1
GGATGTTTCTTCGGTC-1,True,GGATGTTTCTTCGGTC-1_contig_3,True,482,TRA,TRAV10,None,TRAJ24,TRAC,True,False,None,None,184,1,clonotype1,None
GGATTACAGAAACCGC-1,True,GGATTACAGAAACCGC-1_contig_1,True,504,TRB,TRBV20-1,None,TRBJ2-7,TRBC2,True,True,CSARASRLVLSYEQYF,TGCAGTGCTAGAGCCTCACGGCTAGTACTTTCCTACGAGCAGTACTTC,2283,8,clonotype2615,clonotype2615_consensus_2
GGATTACAGAAACCGC-1,True,GGATTACAGAAACCGC-1_contig_2,True,533,TRB,TRBV20-1,None,TRBJ2-5,TRBC2,True,True,CSASGPSQGGGGSETQYF,TGCAGTGCTAGTGGCCCCTCCCAGGGCGGGGGAGGTTCAGAGACCCAGTACTTC,2204,13,clonotype2615,clonotype2615_consensus_1
GGATTACAGAAACCGC-1,True,GGATTACAGAAACCGC-1_contig_3,True,551,TRA,TRAV12-1,None,TRAJ31,TRAC,True,True,CVVRVGNNARLMF,TGTGTGGTCAGAGTGGGTAACAATGCCAGACTCATGTTT,1054,10,clonotype2615,clonotype2615_consensus_3
GGATTACAGATCCGAG-1,True,GGATTACAGATCCGAG-1_contig_1,True,498,TRB,TRBV20-1,None,TRBJ1-1,TRBC1,True,True,CSARLGIMNTEAFF,TGCAGTGCTAGACTAGGGATTATGAACACTGAAGCTTTCTTT,500,5,clonotype158,clonotype158_consensus_1
GGATTACAGATCCGAG-1,True,GGATTACAGATCCGAG-1_contig_2,True,415,TRB,None,None,TRBJ1-5,TRBC1,False,False,None,None,813,2,clonotype158,None
GGATTACAGATCCGAG-1,True,GGATTACAGATCCGAG-1_contig_3,True,440,TRA,TRAV6,None,TRAJ42,TRAC,True,False,None,None,119,3,clonotype158,None
GGATTACAGTCTCAAC-1,True,GGATTACAGTCTCAAC-1_contig_1,True,523,TRA,TRAV26-1,None,TRAJ49,TRAC,True,True,CIVRPQNTGNQFYF,TGCATCGTCAGACCTCAGAACACCGGTAACCAGTTCTATTTT,572,3,clonotype2616,clonotype2616_consensus_1
GGATTACAGTCTCAAC-1,True,GGATTACAGTCTCAAC-1_contig_2,True,524,TRB,TRBV20-1,None,TRBJ1-5,TRBC1,True,True,CSAVQGAQSNQPQHF,TGCAGTGCTGTTCAGGGGGCTCAAAGCAATCAGCCCCAGCATTTT,1816,11,clonotype2616,clonotype2616_consensus_2
GGATTACCACAACTGT-1,True,GGATTACCACAACTGT-1_contig_1,True,574,TRA,TRAV26-1,None,TRAJ17,TRAC,True,True,CIVRVAAAGNKLTF,TGCATCGTCAGAGTCGCGGCTGCAGGCAACAAGCTAACTTTT,457,5,clonotype2617,clonotype2617_consensus_2
GGATTACCACAACTGT-1,True,GGATTACCACAACTGT-1_contig_2,True,518,TRB,TRBV20-1,None,TRBJ2-2,TRBC2,True,True,CSARDSENGELFF,TGCAGTGCTAGAGATAGTGAGAACGGGGAGCTGTTTTTT,2383,11,clonotype2617,clonotype2617_consensus_1
GGATTACCACCACGTG-1,True,GGATTACCACCACGTG-1_contig_1,True,583,TRA,TRAV29/DV5,None,TRAJ52,TRAC,True,True,CAASRPGAGGTSYGKLTF,TGTGCAGCAAGCCGCCCGGGGGCTGGTGGTACTAGCTATGGAAAGCTGACATTT,357,7,clonotype54,clonotype54_consensus_1
GGATTACCACCACGTG-1,True,GGATTACCACCACGTG-1_contig_2,True,505,TRB,TRBV5-5,None,TRBJ1-6,TRBC1,True,True,CASSFVADNSPLHF,TGTGCCAGCAGCTTCGTGGCGGATAATTCACCCCTCCACTTT,1511,6,clonotype54,clonotype54_consensus_2
GGATTACCACCACGTG-1,True,GGATTACCACCACGTG-1_contig_3,True,358,TRB,None,None,TRBJ1-3,TRBC1,False,False,None,None,609,6,clonotype54,None
GGATTACCACGGTAGA-1,True,GGATTACCACGGTAGA-1_contig_1,True,515,TRB,TRBV20-1,None,TRBJ1-6,TRBC1,True,True,CSASGLDSPLHF,TGCAGTGCTAGCGGGTTGGATTCACCCCTCCACTTT,1794,8,clonotype2618,clonotype2618_consensus_1
GGATTACCACGGTAGA-1,True,GGATTACCACGGTAGA-1_contig_2,True,553,TRA,TRAV5,None,TRAJ10,TRAC,True,True,CALRTPGGGNKLTF,TGTGCTCTTAGGACCCCGGGAGGAGGAAACAAACTCACCTTT,200,3,clonotype2618,clonotype2618_consensus_2
GGATTACCACGGTAGA-1,True,GGATTACCACGGTAGA-1_contig_3,True,485,TRA,TRAV1-1,None,TRAJ30,TRAC,True,False,None,None,123,2,clonotype2618,None
GGATTACCAGACACTT-1,True,GGATTACCAGACACTT-1_contig_1,True,508,TRA,TRAV20,None,TRAJ24,TRAC,True,True,CAVMTTDSWGKFQF,TGTGCTGTTATGACAACTGACAGCTGGGGGAAATTCCAGTTT,1102,8,clonotype7,clonotype7_consensus_2
GGATTACCAGACACTT-1,True,GGATTACCAGACACTT-1_contig_2,True,697,TRB,TRBV5-5,None,TRBJ2-7,TRBC2,True,True,CASSSLVEQGAYEQYF,TGTGCCAGCAGCTCGCTCGTAGAGCAGGGGGCCTACGAGCAGTACTTC,1334,6,clonotype7,clonotype7_consensus_1
GGATTACCAGCTCGAC-1,True,GGATTACCAGCTCGAC-1_contig_1,True,524,TRB,TRBV20-1,None,TRBJ1-6,TRBC1,True,True,CSARGGGSYNSPLHF,TGCAGTGCTAGAGGCGGGGGGTCCTATAATTCACCCCTCCACTTT,1447,9,clonotype2619,clonotype2619_consensus_2
GGATTACCAGCTCGAC-1,True,GGATTACCAGCTCGAC-1_contig_2,True,485,TRA,TRAV22,None,TRAJ20,TRAC,True,True,CAVGPGDYKLSF,TGTGCTGTGGGACCTGGCGACTACAAGCTCAGCTTT,387,3,clonotype2619,clonotype2619_consensus_1
GGATTACCATTGGGCC-1,True,GGATTACCATTGGGCC-1_contig_1,True,505,TRA,TRAV1-2,None,TRAJ33,TRAC,True,True,CAATDSNYQLIW,TGTGCTGCGACTGATAGCAACTATCAGTTAATCTGG,163,1,clonotype1,clonotype1_consensus_2
GGATTACCATTGGGCC-1,True,GGATTACCATTGGGCC-1_contig_2,True,521,TRB,TRBV20-1,None,TRBJ2-1,TRBC2,True,True,CSARVGSEVNEQFF,TGCAGTGCTAGAGTGGGGTCGGAAGTCAATGAGCAGTTCTTC,2288,12,clonotype1,clonotype1_consensus_1
GGATTACGTAGAGGAA-1,True,GGATTACGTAGAGGAA-1_contig_1,True,505,TRA,TRAV1-2,None,TRAJ33,TRAC,True,True,CAATDSNYQLIW,TGTGCTGCGACTGATAGCAACTATCAGTTAATCTGG,6987,4,clonotype1,clonotype1_consensus_2
GGATTACGTAGAGGAA-1,True,GGATTACGTAGAGGAA-1_contig_2,True,521,TRB,TRBV20-1,None,TRBJ2-1,TRBC2,True,True,CSARVGSEVNEQFF,TGCAGTGCTAGAGTGGGGTCGGAAGTCAATGAGCAGTTCTTC,1497,13,clonotype1,clonotype1_consensus_1
GGATTACGTAGAGGAA-1,True,GGATTACGTAGAGGAA-1_contig_3,True,493,TRA,TRAV10,None,TRAJ24,TRAC,True,False,None,None,990,6,clonotype1,None
GGATTACGTATCAGTC-1,True,GGATTACGTATCAGTC-1_contig_1,True,514,TRA,TRAV1-2,None,TRAJ39,TRAC,True,True,CAVRSENNAGNMLTF,TGTGCTGTGAGATCGGAAAATAATGCAGGCAACATGCTCACCTTT,661,2,clonotype2620,clonotype2620_consensus_1
GGATTACGTATCAGTC-1,True,GGATTACGTATCAGTC-1_contig_2,True,498,TRB,TRBV20-1,None,TRBJ2-7,TRBC2,True,True,CSAFLAGVPYEQYF,TGCAGTGCTTTCCTAGCGGGGGTTCCCTACGAGCAGTACTTC,2804,8,clonotype2620,clonotype2620_consensus_2
GGATTACGTATCAGTC-1,True,GGATTACGTATCAGTC-1_contig_3,True,460,TRA,TRAV34,None,TRAJ43,TRAC,True,False,None,None,409,4,clonotype2620,None
GGATTACGTCGAATCT-1,True,GGATTACGTCGAATCT-1_contig_1,True,565,TRA,TRAV19,None,TRAJ39,TRAC,True,True,CALSVGNAGNMLTF,TGTGCTCTGAGTGTGGGAAATGCAGGCAACATGCTCACCTTT,453,5,clonotype2621,clonotype2621_consensus_1
GGATTACGTCGAATCT-1,True,GGATTACGTCGAATCT-1_contig_2,True,521,TRB,TRBV20-1,None,TRBJ1-2,TRBC1,True,True,CSVRRDPTNYGYTF,TGCAGTGTAAGGAGAGATCCTACTAACTATGGCTACACCTTC,1058,7,clonotype2621,clonotype2621_consensus_2
GGATTACGTCGTTGTA-1,True,GGATTACGTCGTTGTA-1_contig_1,True,577,TRA,TRAV8-1,None,TRAJ48,TRAC,True,True,CAVIGSNFGNEKLTF,TGTGCCGTGATCGGATCTAACTTTGGAAATGAGAAATTAACCTTT,620,3,clonotype2622,clonotype2622_consensus_1
GGATTACGTCGTTGTA-1,True,GGATTACGTCGTTGTA-1_contig_2,True,663,TRB,TRBV5-6,None,TRBJ2-7,TRBC2,True,True,CASSLGTVSYEQYF,TGTGCCAGCAGCTTGGGTACGGTTTCCTACGAGCAGTACTTC,1212,9,clonotype2622,clonotype2622_consensus_2
GGATTACGTTCAGGCC-1,True,GGATTACGTTCAGGCC-1_contig_1,True,518,TRB,TRBV20-1,None,TRBJ2-5,TRBC2,True,True,CSATGIGGETQYF,TGCAGTGCAACAGGGATCGGGGGGGAGACCCAGTACTTC,1679,9,clonotype2623,clonotype2623_consensus_1
GGATTACGTTCAGGCC-1,True,GGATTACGTTCAGGCC-1_contig_2,True,662,TRA,TRAV8-6,None,TRAJ54,TRAC,True,True,CAVILIQGAQKLVF,TGTGCTGTGATTTTAATTCAGGGAGCCCAGAAGCTGGTATTT,227,3,clonotype2623,clonotype2623_consensus_2
GGATTACGTTCAGGCC-1,True,GGATTACGTTCAGGCC-1_contig_3,True,480,TRB,TRBV5-4,None,TRBJ2-7,TRBC2,True,False,CASSGSNLAG,TGTGCCAGCAGCGGCTCCAACCTAGCGGGG,327,2,clonotype2623,None
GGATTACGTTCAGGCC-1,True,GGATTACGTTCAGGCC-1_contig_4,True,492,TRA,TRAV39,None,TRAJ48,TRAC,True,False,CHLLLCRGQGGNEKLTF,TGCCACCTACTTCTGTGCCGTGGACAAGGTGGAAATGAGAAATTAACCTTT,359,2,clonotype2623,None
GGATTACGTTGAGTTC-1,True,GGATTACGTTGAGTTC-1_contig_1,True,505,TRA,TRAV1-2,None,TRAJ33,TRAC,True,True,CAATDSNYQLIW,TGTGCTGCGACTGATAGCAACTATCAGTTAATCTGG,430,5,clonotype1,clonotype1_consensus_2
GGATTACGTTGAGTTC-1,True,GGATTACGTTGAGTTC-1_contig_2,True,498,TRB,TRBV20-1,None,TRBJ2-1,TRBC2,True,True,CSARVGSEVNEQFF,TGCAGTGCTAGAGTGGGGTCGGAAGTCAATGAGCAGTTCTTC,4182,13,clonotype1,clonotype1_consensus_1
GGATTACTCATGTCTT-1,True,GGATTACTCATGTCTT-1_contig_1,True,527,TRB,TRBV20-1,None,TRBJ1-3,TRBC1,True,True,CSARVAGGQAGNTIYF,TGCAGTGCTAGGGTGGCGGGGGGACAAGCTGGAAACACCATATATTTT,502,3,clonotype2624,clonotype2624_consensus_2
GGATTACTCATGTCTT-1,True,GGATTACTCATGTCTT-1_contig_2,True,515,TRA,TRAV13-2,None,TRAJ42,TRAC,True,True,CAENISGGSQGNLIF,TGTGCAGAGAATATTAGTGGAGGAAGCCAAGGAAATCTCATCTTT,933,3,clonotype2624,clonotype2624_consensus_1
GGATTACTCATGTCTT-1,True,GGATTACTCATGTCTT-1_contig_3,True,478,TRA,TRAV21,None,TRAJ32,TRAC,True,False,None,None,842,3,clonotype2624,None
GGATTACTCATGTCTT-1,True,GGATTACTCATGTCTT-1_contig_4,True,343,TRB,None,None,TRBJ1-1,TRBC1,False,False,None,None,5311,8,clonotype2624,None
GGATTACTCTGAGGGA-1,True,GGATTACTCTGAGGGA-1_contig_1,True,584,TRA,TRAV17,None,TRAJ29,TRAC,True,True,CATDAAQGNTPLVF,TGTGCTACGGACGCGGCTCAAGGAAACACACCTCTTGTCTTT,224,3,clonotype113,clonotype113_consensus_1
GGATTACTCTGAGGGA-1,True,GGATTACTCTGAGGGA-1_contig_2,True,490,TRB,TRBV5-6,None,TRBJ1-2,TRBC1,True,True,CASSLAGVPYGYTF,TGTGCCAGCAGCTTGGCAGGGGTTCCCTATGGCTACACCTTC,736,8,clonotype113,clonotype113_consensus_2
GGATTACTCTGGGCCA-1,True,GGATTACTCTGGGCCA-1_contig_1,True,524,TRB,TRBV20-1,None,TRBJ1-1,TRBC1,True,True,CSARTGGAGFTEAFF,TGCAGTGCTAGGACAGGGGGCGCTGGATTCACTGAAGCTTTCTTT,1368,10,clonotype2625,clonotype2625_consensus_1
GGATTACTCTGGGCCA-1,True,GGATTACTCTGGGCCA-1_contig_2,True,520,TRA,TRAV26-1,None,TRAJ27,TRAC,True,True,CIVRVGNAGKSTF,TGCATCGTCAGAGTCGGCAATGCAGGCAAATCAACCTTT,245,2,clonotype2625,clonotype2625_consensus_2
GGATTACTCTTGCCGT-1,True,GGATTACTCTTGCCGT-1_contig_1,True,574,TRA,TRAV29/DV5,None,TRAJ45,TRAC,True,True,CAVGGSGGGADGLTF,TGTGCAGTAGGAGGATCAGGAGGAGGTGCTGACGGACTCACCTTT,650,7,clonotype2626,clonotype2626_consensus_2
GGATTACTCTTGCCGT-1,True,GGATTACTCTTGCCGT-1_contig_2,True,521,TRB,TRBV20-1,None,TRBJ1-5,TRBC1,True,True,CSATPGDRYQPQHF,TGCAGTGCTACCCCGGGGGATAGGTATCAGCCCCAGCATTTT,1603,9,clonotype2626,clonotype2626_consensus_1
GGATTACTCTTGCCGT-1,True,GGATTACTCTTGCCGT-1_contig_3,True,316,TRB,None,None,TRBJ1-6,TRBC1,False,False,None,None,628,2,clonotype2626,None
GGCAATTAGCCACGCT-1,True,GGCAATTAGCCACGCT-1_contig_1,True,681,TRA,TRAV8-3,None,TRAJ47,TRAC,True,True,CAVGEPQEGNKLVF,TGTGCTGTGGGTGAACCCCAGGAAGGAAACAAACTGGTCTTT,893,8,clonotype2627,clonotype2627_consensus_1
GGCAATTAGCCACGCT-1,True,GGCAATTAGCCACGCT-1_contig_2,True,504,TRB,TRBV20-1,None,TRBJ2-3,TRBC2,True,True,CSARPSTTSPITDTQYF,TGCAGTGCTAGACCCTCCACGACTAGCCCGATCACAGATACGCAGTATTTT,2471,10,clonotype2627,clonotype2627_consensus_2
GGCAATTCAAGAGGCT-1,True,GGCAATTCAAGAGGCT-1_contig_1,True,521,TRB,TRBV20-1,None,TRBJ2-1,TRBC2,True,True,CSARVGSEVNEQFF,TGCAGTGCTAGAGTGGGGTCGGAAGTCAATGAGCAGTTCTTC,3771,12,clonotype2,clonotype2_consensus_1
GGCAATTCAAGAGGCT-1,True,GGCAATTCAAGAGGCT-1_contig_2,True,369,TRA,TRAV10,None,TRAJ24,TRAC,True,False,None,None,190,3,clonotype2,None
GGCAATTCAGCTGTGC-1,True,GGCAATTCAGCTGTGC-1_contig_1,True,485,TRB,TRBV20-1,None,TRBJ2-1,TRBC2,True,True,CSARVGSEVNEQFF,TGCAGTGCTAGAGTGGGGTCGGAAGTCAATGAGCAGTTCTTC,3303,10,clonotype2,clonotype2_consensus_1
GGCAATTGTAAATGTG-1,True,GGCAATTGTAAATGTG-1_contig_1,True,521,TRB,TRBV20-1,None,TRBJ2-1,TRBC2,True,True,CSARVGSEVNEQFF,TGCAGTGCTAGAGTGGGGTCGGAAGTCAATGAGCAGTTCTTC,962,9,clonotype2,clonotype2_consensus_1
GGCAATTGTACCGAGA-1,True,GGCAATTGTACCGAGA-1_contig_1,True,541,TRA,TRAV12-2,None,TRAJ49,TRAC,True,True,CAVNRGGNQFYF,TGTGCCGTGAACAGGGGCGGTAACCAGTTCTATTTT,718,5,clonotype2628,clonotype2628_consensus_1
GGCAATTGTACCGAGA-1,True,GGCAATTGTACCGAGA-1_contig_2,True,498,TRB,TRBV20-1,None,TRBJ1-3,TRBC1,True,True,CSAWGPQTGNTIYF,TGCAGTGCTTGGGGACCTCAAACTGGAAACACCATATATTTT,2555,11,clonotype2628,clonotype2628_consensus_2
GGCAATTGTATCAGTC-1,True,GGCAATTGTATCAGTC-1_contig_1,True,505,TRA,TRAV1-2,None,TRAJ33,TRAC,True,True,CAATDSNYQLIW,TGTGCTGCGACTGATAGCAACTATCAGTTAATCTGG,696,6,clonotype1,clonotype1_consensus_2
GGCAATTGTATCAGTC-1,True,GGCAATTGTATCAGTC-1_contig_2,True,516,TRB,TRBV20-1,None,TRBJ2-1,TRBC2,True,True,CSARVGSEVNEQFF,TGCAGTGCTAGAGTGGGGTCGGAAGTCAATGAGCAGTTCTTC,1003,7,clonotype1,clonotype1_consensus_1
GGCAATTGTGATGTCT-1,True,GGCAATTGTGATGTCT-1_contig_1,True,521,TRB,TRBV20-1,None,TRBJ2-1,TRBC2,True,True,CSARVGSEVNEQFF,TGCAGTGCTAGAGTGGGGTCGGAAGTCAATGAGCAGTTCTTC,1204,7,clonotype2,clonotype2_consensus_1
GGCAATTGTGCTAGCC-1,True,GGCAATTGTGCTAGCC-1_contig_1,True,524,TRB,TRBV20-1,None,TRBJ2-1,TRBC2,True,True,CSARDIVGSQEEQFF,TGCAGTGCTAGAGATATCGTGGGCAGTCAGGAGGAGCAGTTCTTC,817,5,clonotype2629,clonotype2629_consensus_1
GGCAATTGTGCTAGCC-1,True,GGCAATTGTGCTAGCC-1_contig_2,True,392,TRB,TRBV7-8,None,TRBJ1-2,TRBC1,True,False,None,None,40,2,clonotype2629,None
GGCAATTTCACAGGCC-1,True,GGCAATTTCACAGGCC-1_contig_1,True,505,TRA,TRAV1-2,None,TRAJ33,TRAC,True,True,CAATDSNYQLIW,TGTGCTGCGACTGATAGCAACTATCAGTTAATCTGG,762,2,clonotype1,clonotype1_consensus_2
GGCAATTTCACAGGCC-1,True,GGCAATTTCACAGGCC-1_contig_2,True,521,TRB,TRBV20-1,None,TRBJ2-1,TRBC2,True,True,CSARVGSEVNEQFF,TGCAGTGCTAGAGTGGGGTCGGAAGTCAATGAGCAGTTCTTC,1596,12,clonotype1,clonotype1_consensus_1
GGCAATTTCCCTGACT-1,True,GGCAATTTCCCTGACT-1_contig_1,True,502,TRA,TRAV1-2,None,TRAJ30,TRAC,True,True,CAVRDLREIIF,TGTGCTGTGAGAGATCTTCGGGAGATCATCTTT,481,4,clonotype3,clonotype3_consensus_2
GGCAATTTCCCTGACT-1,True,GGCAATTTCCCTGACT-1_contig_2,True,519,TRB,TRBV5-5,None,TRBJ1-4,TRBC1,True,True,CASSHPGPNYATNEKLFF,TGTGCCAGCAGCCATCCCGGACCGAACTACGCAACTAATGAAAAACTGTTTTTT,1080,5,clonotype3,clonotype3_consensus_1
GGCAATTTCGTTGACA-1,True,GGCAATTTCGTTGACA-1_contig_1,True,497,TRB,TRBV20-1,None,TRBJ2-1,TRBC2,True,True,CSARVGSEVNEQFF,TGCAGTGCTAGAGTGGGGTCGGAAGTCAATGAGCAGTTCTTC,948,8,clonotype2,clonotype2_consensus_1
GGCCGATAGAACTCGG-1,True,GGCCGATAGAACTCGG-1_contig_1,True,440,TRA,TRAV2,None,TRAJ26,TRAC,True,True,CAVEDPNFVF,TGTGCTGTGGAGGACCCGAATTTTGTCTTT,1651,5,clonotype2630,clonotype2630_consensus_1
GGCCGATAGAACTCGG-1,True,GGCCGATAGAACTCGG-1_contig_2,True,485,TRB,TRBV20-1,None,TRBJ1-1,TRBC1,True,True,CSAVIRTENTEAFF,TGCAGTGCCGTTATAAGGACGGAGAACACTGAAGCTTTCTTT,2679,8,clonotype2630,clonotype2630_consensus_2
GGCCGATAGACGCACA-1,True,GGCCGATAGACGCACA-1_contig_1,True,518,TRB,TRBV20-1,None,TRBJ2-2,TRBC2,True,True,CSAKFSNTGELFF,TGCAGTGCTAAGTTCTCGAACACCGGGGAGCTGTTTTTT,3838,11,clonotype2631,clonotype2631_consensus_2
GGCCGATAGACGCACA-1,True,GGCCGATAGACGCACA-1_contig_2,True,501,TRB,TRBV20-1,None,TRBJ2-7,TRBC2,True,True,CSARAPHSNLYEQYF,TGCAGTGCTAGAGCCCCGCACTCCAACCTCTACGAGCAGTACTTC,3486,10,clonotype2631,clonotype2631_consensus_1
GGCCGATAGACGCACA-1,True,GGCCGATAGACGCACA-1_contig_3,True,517,TRA,TRAV29/DV5,None,TRAJ31,TRAC,True,True,CAASGGRNNNARLMF,TGTGCAGCAAGCGGGGGGCGGAATAACAATGCCAGACTCATGTTT,1084,3,clonotype2631,clonotype2631_consensus_4
GGCCGATAGACGCACA-1,True,GGCCGATAGACGCACA-1_contig_4,True,519,TRA,TRAV21,None,TRAJ27,TRAC,True,True,CAVDFTNAGKSTF,TGTGCTGTGGATTTCACCAATGCAGGCAAATCAACCTTT,1479,5,clonotype2631,clonotype2631_consensus_3
GGCCGATAGAGTCGGT-1,True,GGCCGATAGAGTCGGT-1_contig_1,True,518,TRB,TRBV20-1,None,TRBJ2-3,TRBC2,True,True,CSAPTRNTDTQYF,TGCAGTGCCCCGACTAGGAACACAGATACGCAGTATTTT,1975,9,clonotype2632,clonotype2632_consensus_1
GGCCGATAGATATACG-1,True,GGCCGATAGATATACG-1_contig_1,True,549,TRA,TRAV12-1,None,TRAJ9,TRAC,True,True,CVVTRNTGGFKTIF,TGTGTGGTGACACGAAATACTGGAGGCTTCAAAACTATCTTT,1472,6,clonotype5,clonotype5_consensus_2
GGCCGATAGATATACG-1,True,GGCCGATAGATATACG-1_contig_2,True,533,TRB,TRBV20-1,None,TRBJ1-5,TRBC1,True,True,CSARDDNRAKSFNQPQHF,TGCAGTGCTAGAGACGACAACCGGGCCAAATCCTTCAATCAGCCCCAGCATTTT,2831,9,clonotype5,clonotype5_consensus_1
GGCCGATAGGCTCAGA-1,True,GGCCGATAGGCTCAGA-1_contig_1,True,459,TRA,TRAV13-1,None,TRAJ49,TRAC,True,True,CAAYSNTGNQFYF,TGTGCAGCATATTCGAACACCGGTAACCAGTTCTATTTT,1230,4,clonotype2633,clonotype2633_consensus_1
GGCCGATAGGCTCAGA-1,True,GGCCGATAGGCTCAGA-1_contig_2,True,530,TRB,TRBV20-1,None,TRBJ1-6,TRBC1,True,True,CSARGYRGTALNSPLHF,TGCAGTGCTAGAGGTTACCGCGGGACGGCTCTAAATTCACCCCTCCACTTT,583,7,clonotype2633,clonotype2633_consensus_2
GGCCGATAGGGTTCCC-1,True,GGCCGATAGGGTTCCC-1_contig_1,True,505,TRA,TRAV1-2,None,TRAJ33,TRAC,True,True,CAATDSNYQLIW,TGTGCTGCGACTGATAGCAACTATCAGTTAATCTGG,556,4,clonotype1,clonotype1_consensus_2
GGCCGATAGGGTTCCC-1,True,GGCCGATAGGGTTCCC-1_contig_2,True,521,TRB,TRBV20-1,None,TRBJ2-1,TRBC2,True,True,CSARVGSEVNEQFF,TGCAGTGCTAGAGTGGGGTCGGAAGTCAATGAGCAGTTCTTC,944,6,clonotype1,clonotype1_consensus_1
GGCCGATAGGGTTCCC-1,True,GGCCGATAGGGTTCCC-1_contig_3,True,465,TRA,TRAV10,None,TRAJ24,TRAC,True,False,None,None,594,3,clonotype1,None
GGCCGATAGTCGATAA-1,True,GGCCGATAGTCGATAA-1_contig_1,True,524,TRB,TRBV20-1,None,TRBJ1-2,TRBC1,True,True,CSAKPGQGLDYGYTF,TGCAGTGCTAAGCCGGGACAGGGGCTCGACTATGGCTACACCTTC,2505,10,clonotype94,clonotype94_consensus_1
GGCCGATAGTCGATAA-1,True,GGCCGATAGTCGATAA-1_contig_2,True,505,TRA,TRAV1-2,None,TRAJ13,TRAC,True,True,CALSGGYQKVTF,TGTGCCTTAAGTGGGGGTTACCAGAAAGTTACCTTT,358,2,clonotype94,clonotype94_consensus_3
GGCCGATAGTCGATAA-1,True,GGCCGATAGTCGATAA-1_contig_3,True,571,TRA,TRAV8-1,None,TRAJ4,TRAC,True,True,CAVKSGGYNKLIF,TGTGCCGTGAAATCTGGTGGCTACAATAAGCTGATTTTT,244,3,clonotype94,clonotype94_consensus_2
GGCCGATAGTGGAGTC-1,True,GGCCGATAGTGGAGTC-1_contig_1,True,509,TRA,TRAV25,None,TRAJ53,TRAC,True,True,CAGRSGGSNYKLTF,TGTGCAGGGAGAAGTGGAGGTAGCAACTATAAACTGACATTT,81,2,clonotype9,clonotype9_consensus_2
GGCCGATAGTGGAGTC-1,True,GGCCGATAGTGGAGTC-1_contig_2,True,527,TRB,TRBV20-1,None,TRBJ1-5,TRBC1,True,True,CSAIGQGAPSNQPQHF,TGCAGTGCTATCGGACAGGGGGCGCCGAGCAATCAGCCCCAGCATTTT,2491,11,clonotype9,clonotype9_consensus_1
GGCCGATCAAGCTGTT-1,True,GGCCGATCAAGCTGTT-1_contig_1,True,505,TRA,TRAV1-2,None,TRAJ33,TRAC,True,True,CAATDSNYQLIW,TGTGCTGCGACTGATAGCAACTATCAGTTAATCTGG,1316,4,clonotype1,clonotype1_consensus_2
GGCCGATCAAGCTGTT-1,True,GGCCGATCAAGCTGTT-1_contig_2,True,498,TRB,TRBV20-1,None,TRBJ2-1,TRBC2,True,True,CSARVGSEVNEQFF,TGCAGTGCTAGAGTGGGGTCGGAAGTCAATGAGCAGTTCTTC,1809,8,clonotype1,clonotype1_consensus_1
GGCCGATCAAGCTGTT-1,True,GGCCGATCAAGCTGTT-1_contig_3,True,457,TRA,TRAV10,None,TRAJ24,TRAC,True,False,None,None,648,2,clonotype1,None
GGCCGATCACAGACAG-1,True,GGCCGATCACAGACAG-1_contig_1,True,504,TRB,TRBV20-1,None,TRBJ2-7,TRBC2,True,True,CSARASRLVLSYEQYF,TGCAGTGCTAGAGCCTCACGGCTAGTACTTTCCTACGAGCAGTACTTC,703,7,clonotype59,clonotype59_consensus_1
GGCCGATCAGCTGCTG-1,True,GGCCGATCAGCTGCTG-1_contig_1,True,518,TRB,TRBV20-1,None,TRBJ1-1,TRBC1,True,True,CSARVPGSRNTEAFF,TGCAGTGCTAGAGTCCCCGGCTCAAGGAACACTGAAGCTTTCTTT,469,3,clonotype2634,clonotype2634_consensus_1
GGCCGATCATCAGTAC-1,True,GGCCGATCATCAGTAC-1_contig_1,True,498,TRB,TRBV20-1,None,TRBJ2-1,TRBC2,True,True,CSARVGSEVNEQFF,TGCAGTGCTAGAGTGGGGTCGGAAGTCAATGAGCAGTTCTTC,1882,8,clonotype2,clonotype2_consensus_1
GGCCGATCATTGCGGC-1,True,GGCCGATCATTGCGGC-1_contig_1,True,562,TRA,TRAV12-1,None,TRAJ37,TRAC,True,True,CVVKDRGSSNTGKLIF,TGTGTGGTGAAGGACCGAGGCTCTAGCAACACAGGCAAACTAATCTTT,2254,9,clonotype2635,clonotype2635_consensus_2
GGCCGATCATTGCGGC-1,True,GGCCGATCATTGCGGC-1_contig_2,True,680,TRB,TRBV5-6,None,TRBJ2-2,TRBC2,True,True,CASSFDFYRSNTGELFF,TGTGCCAGCAGCTTTGATTTCTACAGATCCAACACCGGGGAGCTGTTTTTT,4300,22,clonotype2635,clonotype2635_consensus_1
GGCCGATGTAGGAGTC-1,True,GGCCGATGTAGGAGTC-1_contig_1,True,515,TRB,TRBV20-1,None,TRBJ1-1,TRBC1,True,True,CSASHGGTEAFF,TGCAGTGCTTCCCACGGGGGCACTGAAGCTTTCTTT,3549,10,clonotype2636,clonotype2636_consensus_2
GGCCGATGTAGGAGTC-1,True,GGCCGATGTAGGAGTC-1_contig_2,True,518,TRB,TRBV20-1,None,TRBJ2-3,TRBC2,True,True,CSRTGVGTDTQYF,TGCAGTCGCACAGGGGTGGGTACAGATACGCAGTATTTT,1414,8,clonotype2636,clonotype2636_consensus_1
GGCCGATGTAGGAGTC-1,True,GGCCGATGTAGGAGTC-1_contig_3,True,485,TRA,TRAV35,None,TRAJ44,TRAC,True,True,CAGQLTGTASKLTF,TGTGCTGGGCAGTTGACCGGCACTGCCAGTAAACTCACCTTT,488,4,clonotype2636,clonotype2636_consensus_3
GGCCGATGTAGGAGTC-1,True,GGCCGATGTAGGAGTC-1_contig_4,True,462,TRA,TRAV13-2,None,TRAJ26,None,True,False,CAETGLWSEF,TGTGCAGAGACCGGACTATGGTCAGAATTT,79,2,clonotype2636,None
GGCCGATGTCAACATC-1,True,GGCCGATGTCAACATC-1_contig_1,True,519,TRB,TRBV20-1,None,TRBJ2-7,TRBC2,True,True,CSALSGTQISYEQYF,TGCAGTGCTCTCTCCGGGACTCAAATATCCTACGAGCAGTACTTC,2048,11,clonotype2637,clonotype2637_consensus_1
GGCCGATGTGTCAATC-1,True,GGCCGATGTGTCAATC-1_contig_1,True,505,TRA,TRAV1-2,None,TRAJ33,TRAC,True,True,CAATDSNYQLIW,TGTGCTGCGACTGATAGCAACTATCAGTTAATCTGG,395,1,clonotype1,clonotype1_consensus_2
GGCCGATGTGTCAATC-1,True,GGCCGATGTGTCAATC-1_contig_2,True,498,TRB,TRBV20-1,None,TRBJ2-1,TRBC2,True,True,CSARVGSEVNEQFF,TGCAGTGCTAGAGTGGGGTCGGAAGTCAATGAGCAGTTCTTC,2785,8,clonotype1,clonotype1_consensus_1
GGCCGATTCACATAGC-1,True,GGCCGATTCACATAGC-1_contig_1,True,516,TRA,TRAV27,None,TRAJ26,TRAC,True,True,CATDGNYGQNFVF,TGTGCAACCGACGGGAACTATGGTCAGAATTTTGTCTTT,1439,7,clonotype2638,clonotype2638_consensus_2
GGCCGATTCACATAGC-1,True,GGCCGATTCACATAGC-1_contig_2,True,487,TRB,TRBV5-6,None,TRBJ1-3,TRBC1,True,True,CASRTISGNTIYF,TGTGCCAGCAGAACGATCTCTGGAAACACCATATATTTT,707,7,clonotype2638,clonotype2638_consensus_1
GGCCGATTCAGAGACG-1,True,GGCCGATTCAGAGACG-1_contig_1,True,521,TRB,TRBV20-1,None,TRBJ2-1,TRBC2,True,True,CSARVGSEVNEQFF,TGCAGTGCTAGAGTGGGGTCGGAAGTCAATGAGCAGTTCTTC,1148,3,clonotype2,clonotype2_consensus_1
GGCCGATTCAGAGACG-1,True,GGCCGATTCAGAGACG-1_contig_2,True,467,TRA,TRAV10,None,TRAJ24,TRAC,True,False,None,None,95,2,clonotype2,None
GGCCGATTCCCTCTTT-1,True,GGCCGATTCCCTCTTT-1_contig_1,True,453,TRA,TRAV9-2,None,TRAJ15,TRAC,True,True,CALRDDQAGTALIF,TGTGCTCTGAGGGATGACCAGGCAGGAACTGCTCTGATCTTT,1871,6,clonotype2639,clonotype2639_consensus_1
GGCCGATTCCCTCTTT-1,True,GGCCGATTCCCTCTTT-1_contig_2,True,524,TRB,TRBV20-1,None,TRBJ1-5,TRBC1,True,True,CSARIQGRGNQPQHF,TGCAGTGCTCGAATACAGGGACGGGGCAATCAGCCCCAGCATTTT,2412,8,clonotype2639,clonotype2639_consensus_2
GGCCGATTCCTACAGA-1,True,GGCCGATTCCTACAGA-1_contig_1,True,505,TRA,TRAV1-2,None,TRAJ33,TRAC,True,True,CAATDSNYQLIW,TGTGCTGCGACTGATAGCAACTATCAGTTAATCTGG,637,3,clonotype1,clonotype1_consensus_2
GGCCGATTCCTACAGA-1,True,GGCCGATTCCTACAGA-1_contig_2,True,498,TRB,TRBV20-1,None,TRBJ2-1,TRBC2,True,True,CSARVGSEVNEQFF,TGCAGTGCTAGAGTGGGGTCGGAAGTCAATGAGCAGTTCTTC,1472,10,clonotype1,clonotype1_consensus_1
GGCCGATTCCTACAGA-1,True,GGCCGATTCCTACAGA-1_contig_3,True,491,TRA,TRAV10,None,TRAJ24,TRAC,True,False,None,None,524,2,clonotype1,None
GGCCGATTCTCCGGTT-1,True,GGCCGATTCTCCGGTT-1_contig_1,True,521,TRB,TRBV20-1,None,TRBJ2-1,TRBC2,True,True,CSARVGSEVNEQFF,TGCAGTGCTAGAGTGGGGTCGGAAGTCAATGAGCAGTTCTTC,775,5,clonotype2,clonotype2_consensus_1
GGCCGATTCTGGCGTG-1,True,GGCCGATTCTGGCGTG-1_contig_1,True,495,TRA,TRAV12-1,None,TRAJ6,TRAC,True,True,CVGPASGGSYIPTF,TGTGTGGGACCGGCATCAGGAGGAAGCTACATACCTACATTT,1166,3,clonotype2640,clonotype2640_consensus_3
GGCCGATTCTGGCGTG-1,True,GGCCGATTCTGGCGTG-1_contig_2,True,553,TRA,TRAV12-1,None,TRAJ9,TRAC,True,True,CVVTRNTGGFKTIF,TGTGTGGTGACACGAAATACTGGAGGCTTCAAAACTATCTTT,418,2,clonotype2640,clonotype2640_consensus_2
GGCCGATTCTGGCGTG-1,True,GGCCGATTCTGGCGTG-1_contig_3,True,524,TRB,TRBV20-1,None,TRBJ1-6,TRBC1,True,True,CSAKGGTVENSPLHF,TGCAGTGCTAAAGGGGGGACAGTAGAAAATTCACCCCTCCACTTT,7576,4,clonotype2640,clonotype2640_consensus_4
GGCCGATTCTGGCGTG-1,True,GGCCGATTCTGGCGTG-1_contig_4,True,510,TRB,TRBV20-1,None,TRBJ1-5,TRBC1,True,True,CSARDDNRAKSFNQPQHF,TGCAGTGCTAGAGACGACAACCGGGCCAAATCCTTCAATCAGCCCCAGCATTTT,2743,8,clonotype2640,clonotype2640_consensus_1
GGCCGATTCTGGCGTG-1,True,GGCCGATTCTGGCGTG-1_contig_5,True,393,TRB,None,None,TRBJ2-7,TRBC2,False,False,None,None,614,3,clonotype2640,None
GGCGACTAGAAACGAG-1,True,GGCGACTAGAAACGAG-1_contig_1,True,521,TRB,TRBV20-1,None,TRBJ1-1,TRBC1,True,True,CSASIAEGWAEAFF,TGCAGTGCTAGTATCGCGGAGGGTTGGGCTGAAGCTTTCTTT,4363,12,clonotype2641,clonotype2641_consensus_2
GGCGACTAGAAACGAG-1,True,GGCGACTAGAAACGAG-1_contig_2,True,516,TRA,TRAV12-1,None,TRAJ29,TRAC,True,True,CVVNRLGNTPLVF,TGTGTGGTGAACCGTTTGGGAAACACACCTCTTGTCTTT,109,3,clonotype2641,clonotype2641_consensus_1
GGCGACTAGATGCGAC-1,True,GGCGACTAGATGCGAC-1_contig_1,True,498,TRB,TRBV20-1,None,TRBJ2-1,TRBC2,True,True,CSARVGSEVNEQFF,TGCAGTGCTAGAGTGGGGTCGGAAGTCAATGAGCAGTTCTTC,3346,8,clonotype2,clonotype2_consensus_1
GGCGACTAGATGCGAC-1,True,GGCGACTAGATGCGAC-1_contig_2,True,467,TRA,TRAV10,None,TRAJ24,TRAC,True,False,None,None,724,1,clonotype2,None
GGCGACTAGGCCATAG-1,True,GGCGACTAGGCCATAG-1_contig_1,True,498,TRA,TRAV9-2,None,TRAJ53,TRAC,True,True,CAPTISGGSNYKLTF,TGTGCTCCGACGATCAGTGGAGGTAGCAACTATAAACTGACATTT,855,10,clonotype2642,clonotype2642_consensus_1
GGCGACTAGGCCATAG-1,True,GGCGACTAGGCCATAG-1_contig_2,True,659,TRB,TRBV5-6,None,TRBJ1-2,TRBC1,True,True,CASSDRDRGRGGYTF,TGTGCCAGCAGCGACCGGGACAGGGGGCGCGGTGGCTACACCTTC,1510,8,clonotype2642,clonotype2642_consensus_2
GGCGACTAGGTGATTA-1,True,GGCGACTAGGTGATTA-1_contig_1,True,570,TRA,TRAV8-4,None,TRAJ3,TRAC,True,True,CAVTLYSSASKIIF,TGTGCTGTGACCCTTTACAGCAGTGCTTCCAAGATAATCTTT,223,3,clonotype25,clonotype25_consensus_2
GGCGACTAGGTGATTA-1,True,GGCGACTAGGTGATTA-1_contig_2,True,669,TRB,TRBV5-6,None,TRBJ2-2,TRBC2,True,True,CASSQIGTGGNTGELFF,TGTGCCAGCAGCCAGATCGGGACAGGGGGAAACACCGGGGAGCTGTTTTTT,1691,4,clonotype25,clonotype25_consensus_1
GGCGACTAGGTGATTA-1,True,GGCGACTAGGTGATTA-1_contig_3,True,341,TRB,None,None,TRBJ2-7,TRBC2,False,False,None,None,719,4,clonotype25,None
GGCGACTCACACAGAG-1,True,GGCGACTCACACAGAG-1_contig_1,True,574,TRA,TRAV8-1,None,TRAJ10,TRAC,True,True,CAVILTGGGNKLTF,TGTGCCGTGATTCTCACGGGAGGAGGAAACAAACTCACCTTT,422,5,clonotype2643,clonotype2643_consensus_1
GGCGACTCACACAGAG-1,True,GGCGACTCACACAGAG-1_contig_2,True,706,TRB,TRBV5-6,None,TRBJ1-2,TRBC1,True,True,CASTLRVWGRGYTF,TGTGCCAGCACCCTCCGTGTGTGGGGACGAGGCTACACCTTC,2836,10,clonotype2643,clonotype2643_consensus_2
GGCGACTCACATAACC-1,True,GGCGACTCACATAACC-1_contig_1,True,505,TRA,TRAV1-2,None,TRAJ33,TRAC,True,True,CAATDSNYQLIW,TGTGCTGCGACTGATAGCAACTATCAGTTAATCTGG,653,5,clonotype1,clonotype1_consensus_2
GGCGACTCACATAACC-1,True,GGCGACTCACATAACC-1_contig_2,True,492,TRB,TRBV20-1,None,TRBJ2-1,TRBC2,True,True,CSARVGSEVNEQFF,TGCAGTGCTAGAGTGGGGTCGGAAGTCAATGAGCAGTTCTTC,1315,6,clonotype1,clonotype1_consensus_1
GGCGACTCACATAACC-1,True,GGCGACTCACATAACC-1_contig_3,True,456,TRA,TRAV10,None,TRAJ24,TRAC,True,False,None,None,54,2,clonotype1,None
GGCGACTCATGCTGGC-1,True,GGCGACTCATGCTGGC-1_contig_1,True,524,TRB,TRBV20-1,None,TRBJ2-1,TRBC2,True,True,CSARTGTAIYNEQFF,TGCAGTGCTAGAACCGGGACAGCTATCTACAATGAGCAGTTCTTC,1931,8,clonotype2644,clonotype2644_consensus_1
GGCGACTCATGCTGGC-1,True,GGCGACTCATGCTGGC-1_contig_2,True,479,TRA,TRAV35,None,TRAJ20,TRAC,True,True,CAGQLYDYKLSF,TGTGCTGGGCAGCTCTACGACTACAAGCTCAGCTTT,1152,5,clonotype2644,clonotype2644_consensus_2
GGCGACTCATTATCTC-1,True,GGCGACTCATTATCTC-1_contig_1,True,505,TRB,TRBV5-5,None,TRBJ2-4,TRBC2,True,True,CASSHQGVNIQYF,TGTGCCAGCAGCCATCAGGGGGTTAACATTCAGTACTTC,3358,13,clonotype2645,clonotype2645_consensus_1
GGCGACTCATTATCTC-1,True,GGCGACTCATTATCTC-1_contig_2,True,635,TRA,TRAV8-6,None,TRAJ39,TRAC,True,True,CAGYNAGNMLTF,TGTGCTGGGTATAATGCAGGCAACATGCTCACCTTT,1168,5,clonotype2645,clonotype2645_consensus_2
GGCGACTGTCCTGCTT-1,True,GGCGACTGTCCTGCTT-1_contig_1,True,527,TRB,TRBV20-1,None,TRBJ1-4,TRBC1,True,True,CSARTPGTSANEKLFF,TGCAGTGCCCGCACCCCAGGGACCTCAGCTAATGAAAAACTGTTTTTT,1522,5,clonotype2646,clonotype2646_consensus_1
GGCGACTGTCCTGCTT-1,True,GGCGACTGTCCTGCTT-1_contig_2,True,501,TRA,TRAV26-1,None,TRAJ47,TRAC,True,True,CIASSKYGNKLVF,TGCATCGCCTCATCCAAATATGGAAACAAACTGGTCTTT,811,4,clonotype2646,clonotype2646_consensus_2
GGCGACTTCAGCTCTC-1,True,GGCGACTTCAGCTCTC-1_contig_1,True,505,TRA,TRAV1-2,None,TRAJ33,TRAC,True,True,CAATDSNYQLIW,TGTGCTGCGACTGATAGCAACTATCAGTTAATCTGG,559,3,clonotype1,clonotype1_consensus_2
GGCGACTTCAGCTCTC-1,True,GGCGACTTCAGCTCTC-1_contig_2,True,521,TRB,TRBV20-1,None,TRBJ2-1,TRBC2,True,True,CSARVGSEVNEQFF,TGCAGTGCTAGAGTGGGGTCGGAAGTCAATGAGCAGTTCTTC,84,7,clonotype1,clonotype1_consensus_1
GGCGACTTCAGGCCCA-1,True,GGCGACTTCAGGCCCA-1_contig_1,True,505,TRA,TRAV1-2,None,TRAJ33,TRAC,True,True,CAATDSNYQLIW,TGTGCTGCGACTGATAGCAACTATCAGTTAATCTGG,473,6,clonotype8,clonotype8_consensus_1
GGCGACTTCCACGTGG-1,True,GGCGACTTCCACGTGG-1_contig_1,True,706,TRB,TRBV5-6,None,TRBJ1-1,TRBC1,True,True,CASSSGNLETEAFF,TGTGCCAGCAGCTCCGGTAACCTAGAAACTGAAGCTTTCTTT,2911,14,clonotype2647,clonotype2647_consensus_1
GGCGACTTCGTGGTCG-1,True,GGCGACTTCGTGGTCG-1_contig_1,True,492,TRA,TRAV9-2,None,TRAJ13,TRAC,True,True,CALNLEGYQKVTF,TGTGCTCTGAACTTAGAGGGTTACCAGAAAGTTACCTTT,930,4,clonotype6,clonotype6_consensus_1
GGCGACTTCGTGGTCG-1,True,GGCGACTTCGTGGTCG-1_contig_2,True,666,TRB,TRBV5-6,None,TRBJ1-5,TRBC1,True,True,CASSFRGGANQPQHF,TGTGCCAGCAGCTTTCGAGGGGGCGCGAATCAGCCCCAGCATTTT,2326,6,clonotype6,clonotype6_consensus_2
GGCGACTTCGTGGTCG-1,True,GGCGACTTCGTGGTCG-1_contig_3,True,378,TRB,None,None,TRBJ2-3,TRBC2,False,False,None,None,512,3,clonotype6,None
GGCGACTTCTACTTAC-1,True,GGCGACTTCTACTTAC-1_contig_1,True,505,TRB,TRBV20-1,None,TRBJ1-6,TRBC1,True,True,CSARQGNSPLHF,TGCAGTGCTAGACAGGGGAATTCACCCCTCCACTTT,2063,10,clonotype61,clonotype61_consensus_2
GGCGACTTCTACTTAC-1,True,GGCGACTTCTACTTAC-1_contig_2,True,459,TRA,TRAV13-1,None,TRAJ15,TRAC,True,True,CAASNQAGTALIF,TGTGCAGCAAGTAACCAGGCAGGAACTGCTCTGATCTTT,3336,4,clonotype61,clonotype61_consensus_1
GGCGACTTCTATCCCG-1,True,GGCGACTTCTATCCCG-1_contig_1,True,505,TRA,TRAV23/DV6,None,TRAJ43,TRAC,True,True,CAAGGINNDMRF,TGTGCAGCAGGTGGAATAAACAATGACATGCGCTTT,195,1,clonotype2648,clonotype2648_consensus_1
GGCGACTTCTATCCCG-1,True,GGCGACTTCTATCCCG-1_contig_2,True,489,TRB,TRBV5-5,None,TRBJ1-3,TRBC1,True,True,CASSATGAGNTIYF,TGTGCCAGCAGCGCGACAGGGGCCGGAAACACCATATATTTT,1114,6,clonotype2648,clonotype2648_consensus_2
GGCGACTTCTATCCCG-1,True,GGCGACTTCTATCCCG-1_contig_3,True,481,TRA,TRAV9-2,None,TRAJ34,TRAC,True,False,CAQTGHRQAHLWDW,TGTGCTCAGACAGGACACCGACAAGCTCATCTTTGGGACTGG,318,2,clonotype2648,None
GGCGACTTCTGTCTAT-1,True,GGCGACTTCTGTCTAT-1_contig_1,True,505,TRA,TRAV1-2,None,TRAJ33,TRAC,True,True,CAATDSNYQLIW,TGTGCTGCGACTGATAGCAACTATCAGTTAATCTGG,321,2,clonotype1,clonotype1_consensus_2
GGCGACTTCTGTCTAT-1,True,GGCGACTTCTGTCTAT-1_contig_2,True,521,TRB,TRBV20-1,None,TRBJ2-1,TRBC2,True,True,CSARVGSEVNEQFF,TGCAGTGCTAGAGTGGGGTCGGAAGTCAATGAGCAGTTCTTC,698,5,clonotype1,clonotype1_consensus_1
GGCGACTTCTTTCCTC-1,True,GGCGACTTCTTTCCTC-1_contig_1,True,521,TRB,TRBV20-1,None,TRBJ1-4,TRBC1,True,True,CSALGQGAREKLFF,TGCAGTGCTCTTGGACAGGGGGCTAGGGAAAAACTGTTTTTT,924,7,clonotype2649,clonotype2649_consensus_1
GGCGTGTAGCCAGGAT-1,True,GGCGTGTAGCCAGGAT-1_contig_1,True,513,TRA,TRAV35,None,TRAJ53,TRAC,True,True,CAGHSGGSNYKLTF,TGTGCTGGCCATAGTGGAGGTAGCAACTATAAACTGACATTT,86,5,clonotype292,clonotype292_consensus_1
GGCGTGTAGCCAGGAT-1,True,GGCGTGTAGCCAGGAT-1_contig_2,True,521,TRB,TRBV20-1,None,TRBJ1-5,TRBC1,True,True,CSAKAGQGSQPQHF,TGCAGTGCTAAAGCGGGACAGGGAAGTCAGCCCCAGCATTTT,149,5,clonotype292,clonotype292_consensus_2
GGCGTGTAGGGATCTG-1,True,GGCGTGTAGGGATCTG-1_contig_1,True,495,TRB,TRBV20-1,None,TRBJ1-5,TRBC1,True,True,CSARGQGNQPQHF,TGCAGTGCTAGAGGACAGGGGAATCAGCCCCAGCATTTT,431,6,clonotype2650,clonotype2650_consensus_1
GGCGTGTAGGTGTTAA-1,True,GGCGTGTAGGTGTTAA-1_contig_1,True,566,TRA,TRAV12-1,None,TRAJ9,TRAC,True,True,CVVTRNTGGFKTIF,TGTGTGGTGACACGAAATACTGGAGGCTTCAAAACTATCTTT,224,3,clonotype5,clonotype5_consensus_2
GGCGTGTAGGTGTTAA-1,True,GGCGTGTAGGTGTTAA-1_contig_2,True,510,TRB,TRBV20-1,None,TRBJ1-5,TRBC1,True,True,CSARDDNRAKSFNQPQHF,TGCAGTGCTAGAGACGACAACCGGGCCAAATCCTTCAATCAGCCCCAGCATTTT,150,2,clonotype5,clonotype5_consensus_1
GGCGTGTCAGACAAAT-1,True,GGCGTGTCAGACAAAT-1_contig_1,True,495,TRB,TRBV20-1,None,TRBJ2-3,TRBC2,True,True,CSARLAATDTQYF,TGCAGTGCCCGGCTAGCGGCCACAGATACGCAGTATTTT,4766,16,clonotype187,clonotype187_consensus_3
GGCGTGTCAGACAAAT-1,True,GGCGTGTCAGACAAAT-1_contig_2,True,610,TRA,TRAV8-6,None,TRAJ54,TRAC,True,True,CAVSRSGGAQKLVF,TGTGCTGTGAGCAGATCAGGGGGAGCCCAGAAGCTGGTATTT,132,2,clonotype187,clonotype187_consensus_2
GGCGTGTCAGACAAAT-1,True,GGCGTGTCAGACAAAT-1_contig_3,True,517,TRA,TRAV17,None,TRAJ37,TRAC,True,True,CATDARPSNTGKLIF,TGTGCTACGGACGCAAGGCCTAGCAACACAGGCAAACTAATCTTT,163,2,clonotype187,clonotype187_consensus_1
GGCGTGTCATCACCCT-1,True,GGCGTGTCATCACCCT-1_contig_1,True,505,TRA,TRAV1-2,None,TRAJ33,TRAC,True,True,CAATDSNYQLIW,TGTGCTGCGACTGATAGCAACTATCAGTTAATCTGG,250,1,clonotype1,clonotype1_consensus_2
GGCGTGTCATCACCCT-1,True,GGCGTGTCATCACCCT-1_contig_2,True,521,TRB,TRBV20-1,None,TRBJ2-1,TRBC2,True,True,CSARVGSEVNEQFF,TGCAGTGCTAGAGTGGGGTCGGAAGTCAATGAGCAGTTCTTC,2357,10,clonotype1,clonotype1_consensus_1
GGCGTGTCATCACCCT-1,True,GGCGTGTCATCACCCT-1_contig_3,True,436,TRA,TRAV10,None,TRAJ24,TRAC,True,False,None,None,74,1,clonotype1,None
GGCGTGTGTATTACCG-1,True,GGCGTGTGTATTACCG-1_contig_1,True,521,TRB,TRBV20-1,None,TRBJ2-1,TRBC2,True,True,CSASYGTGQNEQFF,TGCAGTGCCTCGTATGGGACAGGGCAAAATGAGCAGTTCTTC,1868,9,clonotype2651,clonotype2651_consensus_1
GGCGTGTGTTAAAGTG-1,True,GGCGTGTGTTAAAGTG-1_contig_1,True,571,TRA,TRAV29/DV5,None,TRAJ54,TRAC,True,True,CAASKGEGAQKLVF,TGTGCAGCAAGCAAGGGGGAGGGAGCCCAGAAGCTGGTATTT,421,5,clonotype2652,clonotype2652_consensus_2
GGCGTGTGTTAAAGTG-1,True,GGCGTGTGTTAAAGTG-1_contig_2,True,498,TRB,TRBV20-1,None,TRBJ2-5,TRBC2,True,True,CSASRRTAQETQYF,TGCAGTGCTAGCCGACGGACGGCTCAAGAGACCCAGTACTTC,448,4,clonotype2652,clonotype2652_consensus_1
GGCGTGTGTTCCACAA-1,True,GGCGTGTGTTCCACAA-1_contig_1,True,521,TRB,TRBV20-1,None,TRBJ2-3,TRBC2,True,True,CSARDGQGGDTQYF,TGCAGTGCTAGAGACGGACAGGGCGGGGATACGCAGTATTTT,5752,15,clonotype361,clonotype361_consensus_2
GGCGTGTGTTCCACAA-1,True,GGCGTGTGTTCCACAA-1_contig_2,True,511,TRA,TRAV12-1,None,TRAJ41,TRAC,True,True,CVVSSSSGYALNF,TGTGTGGTGAGCTCCTCATCCGGGTATGCACTCAACTTC,162,2,clonotype361,clonotype361_consensus_1
GGCGTGTTCACATGCA-1,True,GGCGTGTTCACATGCA-1_contig_1,True,484,TRA,TRAV1-2,None,TRAJ33,TRAC,True,True,CAATDSNYQLIW,TGTGCTGCGACTGATAGCAACTATCAGTTAATCTGG,368,1,clonotype1,clonotype1_consensus_2
GGCGTGTTCACATGCA-1,True,GGCGTGTTCACATGCA-1_contig_2,True,498,TRB,TRBV20-1,None,TRBJ2-1,TRBC2,True,True,CSARVGSEVNEQFF,TGCAGTGCTAGAGTGGGGTCGGAAGTCAATGAGCAGTTCTTC,1043,5,clonotype1,clonotype1_consensus_1
GGCGTGTTCGTCTGAA-1,True,GGCGTGTTCGTCTGAA-1_contig_1,True,521,TRB,TRBV20-1,None,TRBJ2-1,TRBC2,True,True,CSARVGSEVNEQFF,TGCAGTGCTAGAGTGGGGTCGGAAGTCAATGAGCAGTTCTTC,2041,9,clonotype2,clonotype2_consensus_1
GGCGTGTTCGTCTGAA-1,True,GGCGTGTTCGTCTGAA-1_contig_2,True,483,TRA,TRAV10,None,TRAJ24,TRAC,True,False,None,None,1102,2,clonotype2,None
GGCTCGAAGAGCAATT-1,True,GGCTCGAAGAGCAATT-1_contig_1,True,495,TRB,TRBV20-1,None,TRBJ1-4,TRBC1,True,True,CSAQPGGLEKLFF,TGCAGTGCCCAGCCAGGGGGCTTGGAAAAACTGTTTTTT,2727,9,clonotype2653,clonotype2653_consensus_2
GGCTCGAAGAGCAATT-1,True,GGCTCGAAGAGCAATT-1_contig_2,True,471,TRA,TRAV39,None,TRAJ48,TRAC,True,True,CAVQFGNEKLTF,TGTGCCGTGCAATTTGGAAATGAGAAATTAACCTTT,137,3,clonotype2653,clonotype2653_consensus_1
GGCTCGAAGCTGCAAG-1,True,GGCTCGAAGCTGCAAG-1_contig_1,True,507,TRB,TRBV20-1,None,TRBJ1-5,TRBC1,True,True,CSARDVRKSAGNQPQHF,TGCAGTGCTAGAGATGTTCGAAAATCGGCGGGAAATCAGCCCCAGCATTTT,3352,14,clonotype2654,clonotype2654_consensus_2
GGCTCGAAGCTGCAAG-1,True,GGCTCGAAGCTGCAAG-1_contig_2,True,552,TRA,TRAV12-1,None,TRAJ24,TRAC,True,True,CVVTGSWGKFQF,TGTGTGGTGACAGGCAGCTGGGGGAAATTCCAGTTT,1131,4,clonotype2654,clonotype2654_consensus_1
GGCTCGAAGTGGTAAT-1,True,GGCTCGAAGTGGTAAT-1_contig_1,True,495,TRB,TRBV20-1,None,TRBJ2-1,TRBC2,True,True,CSARVGSEVNEQFF,TGCAGTGCTAGAGTGGGGTCGGAAGTCAATGAGCAGTTCTTC,971,5,clonotype2,clonotype2_consensus_1
GGCTCGAAGTGGTAAT-1,True,GGCTCGAAGTGGTAAT-1_contig_2,True,458,TRA,TRAV10,None,TRAJ24,TRAC,True,False,None,None,86,3,clonotype2,None
GGCTCGAAGTTAACGA-1,True,GGCTCGAAGTTAACGA-1_contig_1,True,505,TRA,TRAV1-2,None,TRAJ33,TRAC,True,True,CAATDSNYQLIW,TGTGCTGCGACTGATAGCAACTATCAGTTAATCTGG,240,4,clonotype1,clonotype1_consensus_2
GGCTCGAAGTTAACGA-1,True,GGCTCGAAGTTAACGA-1_contig_2,True,521,TRB,TRBV20-1,None,TRBJ2-1,TRBC2,True,True,CSARVGSEVNEQFF,TGCAGTGCTAGAGTGGGGTCGGAAGTCAATGAGCAGTTCTTC,2073,9,clonotype1,clonotype1_consensus_1
GGCTCGACACCAACCG-1,True,GGCTCGACACCAACCG-1_contig_1,True,547,TRA,TRAV12-2,None,TRAJ13,TRAC,True,True,CAVPHSGGYQKVTF,TGTGCCGTTCCCCATTCTGGGGGTTACCAGAAAGTTACCTTT,350,2,clonotype242,clonotype242_consensus_1
GGCTCGACACCAACCG-1,True,GGCTCGACACCAACCG-1_contig_2,True,492,TRB,TRBV20-1,None,TRBJ1-5,TRBC1,True,True,CSARETQGLGNQPQHF,TGCAGTGCTAGAGAAACACAGGGATTGGGCAATCAGCCCCAGCATTTT,1135,3,clonotype242,clonotype242_consensus_2
GGCTCGACACCAACCG-1,True,GGCTCGACACCAACCG-1_contig_3,True,467,TRA,None,None,TRAJ27,TRAC,False,False,None,None,4381,1,clonotype242,None
GGCTCGACAGCCAATT-1,True,GGCTCGACAGCCAATT-1_contig_1,True,518,TRA,TRAV27,None,TRAJ40,TRAC,True,True,CAGALGSGTYKYIF,TGTGCAGGAGCTTTAGGCTCAGGAACCTACAAATACATCTTT,759,3,clonotype2655,clonotype2655_consensus_1
GGCTCGACAGCCAATT-1,True,GGCTCGACAGCCAATT-1_contig_2,True,503,TRB,TRBV5-5,None,TRBJ1-1,TRBC1,True,True,CASSLAWGNTEAFF,TGTGCCAGCAGCTTGGCCTGGGGCAACACTGAAGCTTTCTTT,3332,12,clonotype2655,clonotype2655_consensus_2
GGCTCGACAGCCAATT-1,True,GGCTCGACAGCCAATT-1_contig_3,True,442,TRA,TRAV8-3,None,None,TRAC,False,False,None,None,629,3,clonotype2655,None
GGCTCGAGTAAGGATT-1,True,GGCTCGAGTAAGGATT-1_contig_1,True,505,TRA,TRAV1-2,None,TRAJ33,TRAC,True,True,CAATDSNYQLIW,TGTGCTGCGACTGATAGCAACTATCAGTTAATCTGG,336,1,clonotype1,clonotype1_consensus_2
GGCTCGAGTAAGGATT-1,True,GGCTCGAGTAAGGATT-1_contig_2,True,498,TRB,TRBV20-1,None,TRBJ2-1,TRBC2,True,True,CSARVGSEVNEQFF,TGCAGTGCTAGAGTGGGGTCGGAAGTCAATGAGCAGTTCTTC,1970,9,clonotype1,clonotype1_consensus_1
GGCTCGAGTAAGGATT-1,True,GGCTCGAGTAAGGATT-1_contig_3,True,461,TRA,TRAV10,None,TRAJ24,TRAC,True,False,None,None,341,3,clonotype1,None
GGCTCGAGTCACACGC-1,True,GGCTCGAGTCACACGC-1_contig_1,True,479,TRB,TRBV5-5,None,TRBJ1-1,TRBC1,True,True,CASSFDLNTEAFF,TGTGCCAGCAGCTTTGATCTGAACACTGAAGCTTTCTTT,388,3,clonotype2656,clonotype2656_consensus_1
GGCTCGAGTCACACGC-1,True,GGCTCGAGTCACACGC-1_contig_2,True,497,TRA,TRAV1-2,None,TRAJ7,TRAC,True,False,None,None,369,4,clonotype2656,None
GGCTCGAGTCCGCTGA-1,True,GGCTCGAGTCCGCTGA-1_contig_1,True,555,TRA,TRAV16,None,TRAJ23,TRAC,True,True,CALMADNQGGKLIF,TGTGCTCTAATGGCGGATAACCAGGGAGGAAAGCTTATCTTC,1381,7,clonotype2657,clonotype2657_consensus_2
GGCTCGAGTCCGCTGA-1,True,GGCTCGAGTCCGCTGA-1_contig_2,True,527,TRB,TRBV20-1,None,TRBJ1-6,TRBC1,True,True,CSAPRTGGLDNSPLHF,TGCAGTGCCCCGAGGACAGGGGGCCTTGATAATTCACCCCTCCACTTT,2722,16,clonotype2657,clonotype2657_consensus_1
GGCTCGAGTCGAACAG-1,True,GGCTCGAGTCGAACAG-1_contig_1,True,512,TRA,TRAV25,None,TRAJ45,TRAC,True,True,CAGPYPGGGADGLTF,TGTGCAGGGCCGTATCCAGGAGGAGGTGCTGACGGACTCACCTTT,562,4,clonotype81,clonotype81_consensus_2
GGCTCGAGTCGAACAG-1,True,GGCTCGAGTCGAACAG-1_contig_2,True,516,TRB,TRBV5-5,None,TRBJ1-4,TRBC1,True,True,CASSWGIYVATNEKLFF,TGTGCCAGCAGCTGGGGAATTTATGTTGCAACTAATGAAAAACTGTTTTTT,2004,11,clonotype81,clonotype81_consensus_1
GGCTCGAGTGGTCCGT-1,True,GGCTCGAGTGGTCCGT-1_contig_1,True,521,TRB,TRBV20-1,None,TRBJ2-1,TRBC2,True,True,CSARVGSEVNEQFF,TGCAGTGCTAGAGTGGGGTCGGAAGTCAATGAGCAGTTCTTC,1422,9,clonotype2,clonotype2_consensus_1
GGCTCGAGTTATGTGC-1,True,GGCTCGAGTTATGTGC-1_contig_1,True,505,TRA,TRAV1-2,None,TRAJ33,TRAC,True,True,CAATDSNYQLIW,TGTGCTGCGACTGATAGCAACTATCAGTTAATCTGG,580,4,clonotype1,clonotype1_consensus_2
GGCTCGAGTTATGTGC-1,True,GGCTCGAGTTATGTGC-1_contig_2,True,521,TRB,TRBV20-1,None,TRBJ2-1,TRBC2,True,True,CSARVGSEVNEQFF,TGCAGTGCTAGAGTGGGGTCGGAAGTCAATGAGCAGTTCTTC,380,2,clonotype1,clonotype1_consensus_1
GGCTCGATCAATACCG-1,True,GGCTCGATCAATACCG-1_contig_1,True,495,TRA,TRAV9-2,None,TRAJ13,TRAC,True,True,CALSDAGGYQKVTF,TGTGCTCTGAGTGATGCTGGGGGTTACCAGAAAGTTACCTTT,831,6,clonotype2658,clonotype2658_consensus_2
GGCTCGATCAATACCG-1,True,GGCTCGATCAATACCG-1_contig_2,True,742,TRB,TRBV5-6,None,TRBJ2-5,TRBC2,True,True,CASSSPGLAGGRETQYF,TGTGCCAGCAGCTCTCCGGGACTAGCGGGGGGGCGAGAGACCCAGTACTTC,615,4,clonotype2658,clonotype2658_consensus_1
GGCTCGATCAATCTCT-1,True,GGCTCGATCAATCTCT-1_contig_1,True,505,TRA,TRAV1-2,None,TRAJ33,TRAC,True,True,CAATDSNYQLIW,TGTGCTGCGACTGATAGCAACTATCAGTTAATCTGG,569,4,clonotype1,clonotype1_consensus_2
GGCTCGATCAATCTCT-1,True,GGCTCGATCAATCTCT-1_contig_2,True,498,TRB,TRBV20-1,None,TRBJ2-1,TRBC2,True,True,CSARVGSEVNEQFF,TGCAGTGCTAGAGTGGGGTCGGAAGTCAATGAGCAGTTCTTC,1277,9,clonotype1,clonotype1_consensus_1
GGCTCGATCAGCGACC-1,True,GGCTCGATCAGCGACC-1_contig_1,True,491,TRA,TRAV1-2,None,TRAJ33,TRAC,True,True,CAATDSNYQLIW,TGTGCTGCGACTGATAGCAACTATCAGTTAATCTGG,937,4,clonotype1,clonotype1_consensus_2
GGCTCGATCAGCGACC-1,True,GGCTCGATCAGCGACC-1_contig_2,True,521,TRB,TRBV20-1,None,TRBJ2-1,TRBC2,True,True,CSARVGSEVNEQFF,TGCAGTGCTAGAGTGGGGTCGGAAGTCAATGAGCAGTTCTTC,2517,6,clonotype1,clonotype1_consensus_1
GGCTCGATCATAAAGG-1,True,GGCTCGATCATAAAGG-1_contig_1,True,498,TRB,TRBV20-1,None,TRBJ2-1,TRBC2,True,True,CSARVGSEVNEQFF,TGCAGTGCTAGAGTGGGGTCGGAAGTCAATGAGCAGTTCTTC,1171,12,clonotype2,clonotype2_consensus_1
GGCTCGATCATAAAGG-1,True,GGCTCGATCATAAAGG-1_contig_2,True,482,TRA,TRAV10,None,TRAJ24,TRAC,True,False,None,None,800,3,clonotype2,None
GGCTCGATCATCTGCC-1,True,GGCTCGATCATCTGCC-1_contig_1,True,524,TRB,TRBV20-1,None,TRBJ2-4,TRBC2,True,True,CSAPSLIIQGDIQYF,TGCAGTGCTCCTTCCCTCATTATCCAAGGAGACATTCAGTACTTC,5062,15,clonotype2659,clonotype2659_consensus_1
GGCTCGATCATCTGCC-1,True,GGCTCGATCATCTGCC-1_contig_2,True,478,TRA,TRAV21,None,TRAJ13,TRAC,True,True,CAPGGYQKVTF,TGTGCCCCCGGGGGTTACCAGAAAGTTACCTTT,5092,8,clonotype2659,clonotype2659_consensus_2
GGCTCGATCGGTTAAC-1,True,GGCTCGATCGGTTAAC-1_contig_1,True,502,TRA,TRAV1-2,None,TRAJ30,TRAC,True,True,CAVRDLREIIF,TGTGCTGTGAGAGATCTTCGGGAGATCATCTTT,1101,5,clonotype3,clonotype3_consensus_2
GGCTCGATCGGTTAAC-1,True,GGCTCGATCGGTTAAC-1_contig_2,True,512,TRB,TRBV5-5,None,TRBJ1-4,TRBC1,True,True,CASSHPGPNYATNEKLFF,TGTGCCAGCAGCCATCCCGGACCGAACTACGCAACTAATGAAAAACTGTTTTTT,1794,7,clonotype3,clonotype3_consensus_1
GGCTCGATCGGTTAAC-1,True,GGCTCGATCGGTTAAC-1_contig_3,True,423,TRB,TRBV7-3,None,TRBJ2-1,TRBC2,True,False,CQQRSLKAGGPYNEQFF,TGCCAGCAGCGGTCACTTAAAGCGGGGGGACCCTACAATGAGCAGTTCTTC,572,2,clonotype3,None
GGCTGGTAGAATAGGG-1,True,GGCTGGTAGAATAGGG-1_contig_1,True,521,TRB,TRBV20-1,None,TRBJ2-1,TRBC2,True,True,CSARVGSEVNEQFF,TGCAGTGCTAGAGTGGGGTCGGAAGTCAATGAGCAGTTCTTC,1731,13,clonotype2,clonotype2_consensus_1
GGCTGGTAGAATAGGG-1,True,GGCTGGTAGAATAGGG-1_contig_2,True,461,TRA,TRAV10,None,TRAJ24,TRAC,True,False,None,None,8379,3,clonotype2,None
GGCTGGTAGACAGACC-1,True,GGCTGGTAGACAGACC-1_contig_1,True,496,TRB,TRBV5-6,None,TRBJ1-4,TRBC1,True,True,CASSWGGVAAGEKLFF,TGTGCCAGCAGCTGGGGGGGAGTCGCGGCGGGGGAAAAACTGTTTTTT,485,2,clonotype2660,clonotype2660_consensus_1
GGCTGGTAGACAGACC-1,True,GGCTGGTAGACAGACC-1_contig_2,True,334,TRB,None,None,TRBJ1-5,TRBC1,False,False,None,None,8644,2,clonotype2660,None
GGCTGGTAGAGAGCTC-1,True,GGCTGGTAGAGAGCTC-1_contig_1,True,473,TRB,TRBV20-1,None,TRBJ2-1,TRBC2,True,True,CSARVGSEVNEQFF,TGCAGTGCTAGAGTGGGGTCGGAAGTCAATGAGCAGTTCTTC,1417,10,clonotype2,clonotype2_consensus_1
GGCTGGTAGAGAGCTC-1,True,GGCTGGTAGAGAGCTC-1_contig_2,True,424,TRA,TRAV10,None,TRAJ24,TRAC,True,False,None,None,145,1,clonotype2,None
GGCTGGTAGAGTTGGC-1,True,GGCTGGTAGAGTTGGC-1_contig_1,True,518,TRB,TRBV20-1,None,TRBJ1-1,TRBC1,True,True,CSARDPRGTEAFF,TGCAGTGCTAGAGATCCGAGGGGGACTGAAGCTTTCTTT,1423,6,clonotype2661,clonotype2661_consensus_1
GGCTGGTAGAGTTGGC-1,True,GGCTGGTAGAGTTGGC-1_contig_2,True,462,TRA,TRAV10,None,TRAJ31,TRAC,True,True,CVVRNNNARLMF,TGTGTGGTGAGGAATAACAATGCCAGACTCATGTTT,8431,4,clonotype2661,clonotype2661_consensus_2
GGCTGGTAGAGTTGGC-1,True,GGCTGGTAGAGTTGGC-1_contig_3,True,751,TRB,None,None,TRBJ1-3,None,False,False,None,None,137,1,clonotype2661,None
GGCTGGTAGAGTTGGC-1,True,GGCTGGTAGAGTTGGC-1_contig_4,True,310,TRB,None,None,TRBJ1-5,TRBC1,False,False,None,None,1196,2,clonotype2661,None
GGCTGGTAGATCCGAG-1,True,GGCTGGTAGATCCGAG-1_contig_1,True,505,TRA,TRAV1-2,None,TRAJ33,TRAC,True,True,CAATDSNYQLIW,TGTGCTGCGACTGATAGCAACTATCAGTTAATCTGG,226,3,clonotype1,clonotype1_consensus_2
GGCTGGTAGATCCGAG-1,True,GGCTGGTAGATCCGAG-1_contig_2,True,521,TRB,TRBV20-1,None,TRBJ2-1,TRBC2,True,True,CSARVGSEVNEQFF,TGCAGTGCTAGAGTGGGGTCGGAAGTCAATGAGCAGTTCTTC,1833,11,clonotype1,clonotype1_consensus_1
GGCTGGTAGGCCCTTG-1,True,GGCTGGTAGGCCCTTG-1_contig_1,True,505,TRA,TRAV1-2,None,TRAJ33,TRAC,True,True,CAATDSNYQLIW,TGTGCTGCGACTGATAGCAACTATCAGTTAATCTGG,396,4,clonotype1,clonotype1_consensus_2
GGCTGGTAGGCCCTTG-1,True,GGCTGGTAGGCCCTTG-1_contig_2,True,521,TRB,TRBV20-1,None,TRBJ2-1,TRBC2,True,True,CSARVGSEVNEQFF,TGCAGTGCTAGAGTGGGGTCGGAAGTCAATGAGCAGTTCTTC,2842,8,clonotype1,clonotype1_consensus_1
GGCTGGTAGGCCCTTG-1,True,GGCTGGTAGGCCCTTG-1_contig_3,True,467,TRA,TRAV10,None,TRAJ24,TRAC,True,False,None,None,376,5,clonotype1,None
GGCTGGTCAAGTACCT-1,True,GGCTGGTCAAGTACCT-1_contig_1,True,492,TRA,TRAV9-2,None,TRAJ13,TRAC,True,True,CALNLEGYQKVTF,TGTGCTCTGAACTTAGAGGGTTACCAGAAAGTTACCTTT,1604,8,clonotype6,clonotype6_consensus_1
GGCTGGTCAAGTACCT-1,True,GGCTGGTCAAGTACCT-1_contig_2,True,662,TRB,TRBV5-6,None,TRBJ1-5,TRBC1,True,True,CASSFRGGANQPQHF,TGTGCCAGCAGCTTTCGAGGGGGCGCGAATCAGCCCCAGCATTTT,323,10,clonotype6,clonotype6_consensus_2
GGCTGGTCACTAAGTC-1,True,GGCTGGTCACTAAGTC-1_contig_1,True,521,TRA,TRAV27,None,TRAJ16,TRAC,True,True,CAGAEGQKLLF,TGTGCAGGAGCAGAGGGCCAGAAGCTGCTCTTT,356,2,clonotype2662,clonotype2662_consensus_1
GGCTGGTCACTAAGTC-1,True,GGCTGGTCACTAAGTC-1_contig_2,True,652,TRB,TRBV5-6,None,TRBJ1-2,TRBC1,True,True,CASSWMTANYGYTF,TGTGCCAGCAGCTGGATGACAGCTAACTATGGCTACACCTTC,125,6,clonotype2662,clonotype2662_consensus_2
GGCTGGTCAGATTGCT-1,True,GGCTGGTCAGATTGCT-1_contig_1,True,532,TRA,TRAV26-1,None,TRAJ57,TRAC,True,True,CIVRVLTQGGSEKLVF,TGCATCGTCAGAGTCCTAACTCAGGGCGGATCTGAAAAGCTGGTCTTT,350,3,clonotype2663,clonotype2663_consensus_2
GGCTGGTCAGATTGCT-1,True,GGCTGGTCAGATTGCT-1_contig_2,True,518,TRB,TRBV5-5,None,TRBJ2-2,TRBC2,True,True,CASSSGQGTGELFF,TGTGCCAGCAGCTCGGGACAGGGGACCGGGGAGCTGTTTTTT,3606,18,clonotype2663,clonotype2663_consensus_1
GGCTGGTCAGTGGGAT-1,True,GGCTGGTCAGTGGGAT-1_contig_1,True,505,TRA,TRAV1-2,None,TRAJ33,TRAC,True,True,CAATDSNYQLIW,TGTGCTGCGACTGATAGCAACTATCAGTTAATCTGG,1412,4,clonotype1,clonotype1_consensus_2
GGCTGGTCAGTGGGAT-1,True,GGCTGGTCAGTGGGAT-1_contig_2,True,498,TRB,TRBV20-1,None,TRBJ2-1,TRBC2,True,True,CSARVGSEVNEQFF,TGCAGTGCTAGAGTGGGGTCGGAAGTCAATGAGCAGTTCTTC,177,9,clonotype1,clonotype1_consensus_1
GGCTGGTGTCCGAGTC-1,True,GGCTGGTGTCCGAGTC-1_contig_1,True,505,TRA,TRAV1-2,None,TRAJ33,TRAC,True,True,CAATDSNYQLIW,TGTGCTGCGACTGATAGCAACTATCAGTTAATCTGG,5098,3,clonotype1,clonotype1_consensus_2
GGCTGGTGTCCGAGTC-1,True,GGCTGGTGTCCGAGTC-1_contig_2,True,521,TRB,TRBV20-1,None,TRBJ2-1,TRBC2,True,True,CSARVGSEVNEQFF,TGCAGTGCTAGAGTGGGGTCGGAAGTCAATGAGCAGTTCTTC,2801,10,clonotype1,clonotype1_consensus_1
GGCTGGTGTCGAATCT-1,True,GGCTGGTGTCGAATCT-1_contig_1,True,498,TRB,TRBV20-1,None,TRBJ2-1,TRBC2,True,True,CSARVGSEVNEQFF,TGCAGTGCTAGAGTGGGGTCGGAAGTCAATGAGCAGTTCTTC,976,7,clonotype2,clonotype2_consensus_1
GGCTGGTGTTCAGACT-1,True,GGCTGGTGTTCAGACT-1_contig_1,True,505,TRA,TRAV1-2,None,TRAJ33,TRAC,True,True,CAATDSNYQLIW,TGTGCTGCGACTGATAGCAACTATCAGTTAATCTGG,870,2,clonotype1,clonotype1_consensus_2
GGCTGGTGTTCAGACT-1,True,GGCTGGTGTTCAGACT-1_contig_2,True,521,TRB,TRBV20-1,None,TRBJ2-1,TRBC2,True,True,CSARVGSEVNEQFF,TGCAGTGCTAGAGTGGGGTCGGAAGTCAATGAGCAGTTCTTC,8801,10,clonotype1,clonotype1_consensus_1
GGCTGGTGTTCAGACT-1,True,GGCTGGTGTTCAGACT-1_contig_3,True,482,TRA,TRAV10,None,TRAJ24,TRAC,True,False,None,None,854,4,clonotype1,None
GGCTGGTGTTCCACAA-1,True,GGCTGGTGTTCCACAA-1_contig_1,True,505,TRA,TRAV1-2,None,TRAJ33,TRAC,True,True,CAATDSNYQLIW,TGTGCTGCGACTGATAGCAACTATCAGTTAATCTGG,85,1,clonotype1,clonotype1_consensus_2
GGCTGGTGTTCCACAA-1,True,GGCTGGTGTTCCACAA-1_contig_2,True,521,TRB,TRBV20-1,None,TRBJ2-1,TRBC2,True,True,CSARVGSEVNEQFF,TGCAGTGCTAGAGTGGGGTCGGAAGTCAATGAGCAGTTCTTC,7369,7,clonotype1,clonotype1_consensus_1
GGCTGGTGTTCCACAA-1,True,GGCTGGTGTTCCACAA-1_contig_3,True,467,TRA,TRAV10,None,TRAJ24,TRAC,True,False,None,None,465,2,clonotype1,None
GGCTGGTGTTCGTCTC-1,True,GGCTGGTGTTCGTCTC-1_contig_1,True,498,TRB,TRBV20-1,None,TRBJ2-1,TRBC2,True,True,CSARVGSEVNEQFF,TGCAGTGCTAGAGTGGGGTCGGAAGTCAATGAGCAGTTCTTC,2607,10,clonotype2,clonotype2_consensus_1
GGCTGGTGTTTGTTGG-1,True,GGCTGGTGTTTGTTGG-1_contig_1,True,518,TRB,TRBV20-1,None,TRBJ2-7,TRBC2,True,True,CSAKLRGLYEQYF,TGCAGTGCTAAGCTCCGGGGGCTCTACGAGCAGTACTTC,839,4,clonotype362,clonotype362_consensus_1
GGCTGGTGTTTGTTGG-1,True,GGCTGGTGTTTGTTGG-1_contig_2,True,571,TRA,TRAV19,None,TRAJ34,TRAC,True,True,CALSAVSSYNTDKLIF,TGTGCTCTGAGTGCGGTGTCATCTTATAACACCGACAAGCTCATCTTT,471,2,clonotype362,clonotype362_consensus_2
GGCTGGTTCACTTCAT-1,True,GGCTGGTTCACTTCAT-1_contig_1,True,504,TRA,TRAV41,None,TRAJ57,TRAC,True,True,CATTQGGSEKLVF,TGTGCCACAACTCAGGGCGGATCTGAAAAGCTGGTCTTT,398,5,clonotype2664,clonotype2664_consensus_1
GGCTGGTTCACTTCAT-1,True,GGCTGGTTCACTTCAT-1_contig_2,True,478,TRB,TRBV5-6,None,TRBJ2-2,TRBC2,True,True,CASSLVILTGELFF,TGTGCCAGCAGCTTGGTCATATTGACCGGGGAGCTGTTTTTT,1351,6,clonotype2664,clonotype2664_consensus_2
GGCTGGTTCCCATTTA-1,True,GGCTGGTTCCCATTTA-1_contig_1,True,518,TRB,TRBV20-1,None,TRBJ2-1,TRBC2,True,True,CSASSGGAGEQFF,TGCAGTGCTAGTAGTGGGGGGGCCGGGGAGCAGTTCTTC,2032,7,clonotype41,clonotype41_consensus_1
GGCTGGTTCCCATTTA-1,True,GGCTGGTTCCCATTTA-1_contig_2,True,523,TRA,TRAV5,None,TRAJ40,TRAC,True,True,CAEFTTSGTYKYIF,TGTGCAGAGTTTACTACCTCAGGAACCTACAAATACATCTTT,109,2,clonotype41,clonotype41_consensus_2
GGCTGGTTCGAATCCA-1,True,GGCTGGTTCGAATCCA-1_contig_1,True,484,TRB,TRBV5-6,None,TRBJ2-2,TRBC2,True,True,CASSFAAGELFF,TGTGCCAGCAGCTTTGCAGCCGGGGAGCTGTTTTTT,2301,13,clonotype2665,clonotype2665_consensus_2
GGCTGGTTCGAATCCA-1,True,GGCTGGTTCGAATCCA-1_contig_2,True,546,TRA,TRAV5,None,TRAJ31,TRAC,True,True,CAESKGNARLMF,TGTGCAGAGAGTAAAGGCAATGCCAGACTCATGTTT,252,3,clonotype2665,clonotype2665_consensus_1
GGGAATGAGACTAAGT-1,True,GGGAATGAGACTAAGT-1_contig_1,True,515,TRB,TRBV20-1,None,TRBJ1-2,TRBC1,True,True,CSAPQGYYGYTF,TGCAGTGCCCCACAGGGTTACTATGGCTACACCTTC,1920,10,clonotype24,clonotype24_consensus_1
GGGAATGAGACTAAGT-1,True,GGGAATGAGACTAAGT-1_contig_2,True,480,TRA,TRAV34,None,TRAJ30,TRAC,True,True,CGADGGDDKIIF,TGTGGAGCAGACGGCGGGGATGACAAGATCATCTTT,1336,7,clonotype24,clonotype24_consensus_2
GGGAATGAGAGGTTAT-1,True,GGGAATGAGAGGTTAT-1_contig_1,True,521,TRB,TRBV20-1,None,TRBJ2-1,TRBC2,True,True,CSARVGSEVNEQFF,TGCAGTGCTAGAGTGGGGTCGGAAGTCAATGAGCAGTTCTTC,2134,5,clonotype2,clonotype2_consensus_1
GGGAATGAGCAGCCTC-1,True,GGGAATGAGCAGCCTC-1_contig_1,True,521,TRB,TRBV20-1,None,TRBJ2-1,TRBC2,True,True,CSARVGSEVNEQFF,TGCAGTGCTAGAGTGGGGTCGGAAGTCAATGAGCAGTTCTTC,923,5,clonotype2,clonotype2_consensus_1
GGGAATGAGCCGGTAA-1,True,GGGAATGAGCCGGTAA-1_contig_1,True,553,TRA,TRAV5,None,TRAJ15,TRAC,True,True,CAEGSNQAGTALIF,TGTGCAGAGGGATCAAACCAGGCAGGAACTGCTCTGATCTTT,702,5,clonotype2666,clonotype2666_consensus_1
GGGAATGAGCCGGTAA-1,True,GGGAATGAGCCGGTAA-1_contig_2,True,508,TRB,TRBV20-1,None,TRBJ2-6,TRBC2,True,True,CSAVTGWGANVLTF,TGCAGTGCAGTGACAGGGTGGGGGGCCAACGTCCTGACTTTC,10115,7,clonotype2666,clonotype2666_consensus_2
GGGAATGAGGACTGGT-1,True,GGGAATGAGGACTGGT-1_contig_1,True,515,TRA,TRAV27,None,TRAJ23,TRAC,True,True,CAGGYNQGGKLIF,TGTGCAGGAGGGTATAACCAGGGAGGAAAGCTTATCTTC,684,1,clonotype363,clonotype363_consensus_2
GGGAATGAGGACTGGT-1,True,GGGAATGAGGACTGGT-1_contig_2,True,503,TRB,TRBV5-5,None,TRBJ2-7,TRBC2,True,True,CASSPFAGSSYEQYF,TGTGCCAGCAGCCCCTTTGCAGGGAGCTCCTACGAGCAGTACTTC,1740,4,clonotype363,clonotype363_consensus_1
GGGAATGAGGCCCGTT-1,True,GGGAATGAGGCCCGTT-1_contig_1,True,505,TRA,TRAV1-2,None,TRAJ33,TRAC,True,True,CAATDSNYQLIW,TGTGCTGCGACTGATAGCAACTATCAGTTAATCTGG,516,1,clonotype1,clonotype1_consensus_2
GGGAATGAGGCCCGTT-1,True,GGGAATGAGGCCCGTT-1_contig_2,True,521,TRB,TRBV20-1,None,TRBJ2-1,TRBC2,True,True,CSARVGSEVNEQFF,TGCAGTGCTAGAGTGGGGTCGGAAGTCAATGAGCAGTTCTTC,8759,8,clonotype1,clonotype1_consensus_1
GGGAATGAGGTGTTAA-1,True,GGGAATGAGGTGTTAA-1_contig_1,True,515,TRB,TRBV20-1,None,TRBJ1-2,TRBC1,True,True,CSAPQGYYGYTF,TGCAGTGCCCCACAGGGTTACTATGGCTACACCTTC,1302,6,clonotype2667,clonotype2667_consensus_1
GGGAATGAGGTGTTAA-1,True,GGGAATGAGGTGTTAA-1_contig_2,True,302,TRA,None,None,TRAJ18,TRAC,False,False,None,None,528,2,clonotype2667,None
GGGAATGCAAGAGGCT-1,True,GGGAATGCAAGAGGCT-1_contig_1,True,505,TRA,TRAV1-2,None,TRAJ33,TRAC,True,True,CAATDSNYQLIW,TGTGCTGCGACTGATAGCAACTATCAGTTAATCTGG,1870,5,clonotype1,clonotype1_consensus_2
GGGAATGCAAGAGGCT-1,True,GGGAATGCAAGAGGCT-1_contig_2,True,498,TRB,TRBV20-1,None,TRBJ2-1,TRBC2,True,True,CSARVGSEVNEQFF,TGCAGTGCTAGAGTGGGGTCGGAAGTCAATGAGCAGTTCTTC,2256,11,clonotype1,clonotype1_consensus_1
GGGAATGCAAGAGGCT-1,True,GGGAATGCAAGAGGCT-1_contig_3,True,461,TRA,TRAV10,None,TRAJ24,TRAC,True,False,None,None,6694,2,clonotype1,None
GGGAATGCAAGCGTAG-1,True,GGGAATGCAAGCGTAG-1_contig_1,True,495,TRB,TRBV20-1,None,TRBJ2-1,TRBC2,True,True,CSARDATYNEQFF,TGCAGTGCCCGGGACGCCACCTACAATGAGCAGTTCTTC,17417,6,clonotype120,clonotype120_consensus_2
GGGAATGCAAGCGTAG-1,True,GGGAATGCAAGCGTAG-1_contig_2,True,555,TRA,TRAV5,None,TRAJ40,TRAC,True,True,CAEIPLSGTYKYIF,TGTGCAGAGATCCCTCTCTCAGGAACCTACAAATACATCTTT,81,2,clonotype120,clonotype120_consensus_1
GGGAATGCACGAAAGC-1,True,GGGAATGCACGAAAGC-1_contig_1,True,501,TRB,TRBV20-1,None,TRBJ2-7,TRBC2,True,True,CSATGLAGLTYEQYF,TGCAGTGCTACGGGACTAGCGGGATTAACCTACGAGCAGTACTTC,2922,10,clonotype2668,clonotype2668_consensus_1
GGGAATGCACGAAAGC-1,True,GGGAATGCACGAAAGC-1_contig_2,True,497,TRA,TRAV38-2/DV8,None,TRAJ58,TRAC,True,True,CAYRNHETSGSRLTF,TGTGCTTATAGGAACCACGAAACCAGTGGCTCTAGGTTGACCTTT,2270,9,clonotype2668,clonotype2668_consensus_2
GGGAATGCAGCATGAG-1,True,GGGAATGCAGCATGAG-1_contig_1,True,515,TRA,TRAV13-2,None,TRAJ37,TRAC,True,True,CAENRGSSNTGKLIF,TGTGCAGAGAATCGGGGCTCTAGCAACACAGGCAAACTAATCTTT,247,1,clonotype2669,clonotype2669_consensus_3
GGGAATGCAGCATGAG-1,True,GGGAATGCAGCATGAG-1_contig_2,True,580,TRA,TRAV29/DV5,None,TRAJ48,TRAC,True,True,CAASMKGSNFGNEKLTF,TGTGCAGCAAGCATGAAGGGATCTAACTTTGGAAATGAGAAATTAACCTTT,378,3,clonotype2669,clonotype2669_consensus_1
GGGAATGCAGCATGAG-1,True,GGGAATGCAGCATGAG-1_contig_3,True,521,TRB,TRBV20-1,None,TRBJ1-5,TRBC1,True,True,CSAREGGWNQPQHF,TGCAGTGCTAGAGAGGGGGGTTGGAATCAGCCCCAGCATTTT,658,5,clonotype2669,clonotype2669_consensus_2
GGGAATGCAGTCAGAG-1,True,GGGAATGCAGTCAGAG-1_contig_1,True,514,TRB,TRBV20-1,None,TRBJ2-1,TRBC2,True,True,CSARVGSEVNEQFF,TGCAGTGCTAGAGTGGGGTCGGAAGTCAATGAGCAGTTCTTC,3123,8,clonotype2,clonotype2_consensus_1
GGGAATGCAGTCAGAG-1,True,GGGAATGCAGTCAGAG-1_contig_2,True,469,TRA,TRAV10,None,TRAJ24,TRAC,True,False,None,None,208,1,clonotype2,None
GGGAATGCAGTCAGAG-1,True,GGGAATGCAGTCAGAG-1_contig_3,True,505,TRA,TRAV1-2,None,TRAJ33,TRAC,True,False,CAATDSNYQLIW,TGTGCTGCGACTGATAGCAACTATCAGTTAATCTGG,389,2,clonotype2,None
GGGAATGCATGGAATA-1,True,GGGAATGCATGGAATA-1_contig_1,True,502,TRA,TRAV1-2,None,TRAJ30,TRAC,True,True,CAVRDLREIIF,TGTGCTGTGAGAGATCTTCGGGAGATCATCTTT,408,3,clonotype3,clonotype3_consensus_2
GGGAATGCATGGAATA-1,True,GGGAATGCATGGAATA-1_contig_2,True,746,TRB,TRBV5-5,None,TRBJ1-4,TRBC1,True,True,CASSHPGPNYATNEKLFF,TGTGCCAGCAGCCATCCCGGACCGAACTACGCAACTAATGAAAAACTGTTTTTT,7014,20,clonotype3,clonotype3_consensus_1
GGGAATGCATGGAATA-1,True,GGGAATGCATGGAATA-1_contig_3,True,510,TRB,TRBV7-3,None,TRBJ2-1,TRBC2,True,False,CQQRSLKAGGPYNEQFF,TGCCAGCAGCGGTCACTTAAAGCGGGGGGACCCTACAATGAGCAGTTCTTC,165,3,clonotype3,None
GGGAATGGTAACGACG-1,True,GGGAATGGTAACGACG-1_contig_1,True,652,TRB,TRBV5-5,None,TRBJ2-3,TRBC2,True,True,CASSPQAGDTQYF,TGTGCCAGCAGCCCTCAGGCCGGGGATACGCAGTATTTT,393,3,clonotype2670,clonotype2670_consensus_1
GGGAATGGTAACGACG-1,True,GGGAATGGTAACGACG-1_contig_2,True,428,TRA,TRAV10,None,TRAJ5,TRAC,True,False,CVVSAVTGRRALTF,TGTGTGGTGAGCGCGGTGACGGGCAGGAGAGCACTTACTTTT,744,3,clonotype2670,None
GGGAATGGTACATCCA-1,True,GGGAATGGTACATCCA-1_contig_1,True,612,TRA,TRAV3,None,TRAJ33,TRAC,True,True,CAVRDSNYQLIW,TGTGCTGTGAGAGATAGCAACTATCAGTTAATCTGG,340,4,clonotype2671,clonotype2671_consensus_1
GGGAATGGTCACCTAA-1,True,GGGAATGGTCACCTAA-1_contig_1,True,505,TRA,TRAV1-2,None,TRAJ33,TRAC,True,True,CAATDSNYQLIW,TGTGCTGCGACTGATAGCAACTATCAGTTAATCTGG,615,3,clonotype1,clonotype1_consensus_2
GGGAATGGTCACCTAA-1,True,GGGAATGGTCACCTAA-1_contig_2,True,483,TRB,TRBV20-1,None,TRBJ2-1,TRBC2,True,True,CSARVGSEVNEQFF,TGCAGTGCTAGAGTGGGGTCGGAAGTCAATGAGCAGTTCTTC,1635,5,clonotype1,clonotype1_consensus_1
GGGAATGGTCACCTAA-1,True,GGGAATGGTCACCTAA-1_contig_3,True,459,TRA,TRAV10,None,TRAJ24,TRAC,True,False,None,None,139,2,clonotype1,None
GGGAATGGTTAAGGGC-1,True,GGGAATGGTTAAGGGC-1_contig_1,True,504,TRB,TRBV20-1,None,TRBJ2-3,TRBC2,True,True,CSAHPTDSADTDTQYF,TGCAGTGCTCATCCAACGGACAGCGCAGACACAGATACGCAGTATTTT,493,3,clonotype159,clonotype159_consensus_1
GGGAATGGTTCATGGT-1,True,GGGAATGGTTCATGGT-1_contig_1,True,505,TRA,TRAV1-2,None,TRAJ33,TRAC,True,True,CAATDSNYQLIW,TGTGCTGCGACTGATAGCAACTATCAGTTAATCTGG,302,3,clonotype1,clonotype1_consensus_2
GGGAATGGTTCATGGT-1,True,GGGAATGGTTCATGGT-1_contig_2,True,492,TRB,TRBV20-1,None,TRBJ2-1,TRBC2,True,True,CSARVGSEVNEQFF,TGCAGTGCTAGAGTGGGGTCGGAAGTCAATGAGCAGTTCTTC,9517,8,clonotype1,clonotype1_consensus_1
GGGAATGGTTCATGGT-1,True,GGGAATGGTTCATGGT-1_contig_3,True,482,TRA,TRAV10,None,TRAJ24,TRAC,True,False,None,None,873,5,clonotype1,None
GGGAATGGTTTCCACC-1,True,GGGAATGGTTTCCACC-1_contig_1,True,509,TRA,TRAV26-2,None,TRAJ15,TRAC,True,True,CILRPQAGTALIF,TGCATCCTGAGACCCCAGGCAGGAACTGCTCTGATCTTT,1280,8,clonotype2672,clonotype2672_consensus_1
GGGAATGTCAACGAAA-1,True,GGGAATGTCAACGAAA-1_contig_1,True,569,TRA,TRAV22,None,TRAJ35,TRAC,True,True,CAVAASIGFGNVLHC,TGTGCTGTGGCCGCTTCGATAGGCTTTGGGAATGTGCTGCATTGC,8871,3,clonotype47,clonotype47_consensus_2
GGGAATGTCAACGAAA-1,True,GGGAATGTCAACGAAA-1_contig_2,True,668,TRB,TRBV5-6,None,TRBJ2-1,TRBC2,True,True,CASSLANEQFF,TGTGCCAGCAGCTTGGCCAATGAGCAGTTCTTC,3333,9,clonotype47,clonotype47_consensus_1
GGGAATGTCAACGAAA-1,True,GGGAATGTCAACGAAA-1_contig_3,True,554,TRB,TRBV30,None,TRBJ2-2,TRBC2,True,False,None,None,488,1,clonotype47,None
GGGAATGTCAACGAAA-1,True,GGGAATGTCAACGAAA-1_contig_4,True,348,TRB,None,None,TRBJ2-5,TRBC2,False,False,None,None,936,2,clonotype47,None
GGGAATGTCAACGAAA-1,True,GGGAATGTCAACGAAA-1_contig_5,True,487,TRB,TRBV23-1,None,TRBJ2-4,TRBC2,True,False,None,None,50,1,clonotype47,None
GGGACCTAGAGTGAGA-1,True,GGGACCTAGAGTGAGA-1_contig_1,True,527,TRB,TRBV20-1,None,TRBJ2-7,TRBC2,True,True,CSARASRLVLSYEQYF,TGCAGTGCTAGAGCCTCACGGCTAGTACTTTCCTACGAGCAGTACTTC,952,9,clonotype11,clonotype11_consensus_2
GGGACCTAGAGTGAGA-1,True,GGGACCTAGAGTGAGA-1_contig_2,True,571,TRA,TRAV26-1,None,TRAJ34,TRAC,True,True,CIASSYNTDKLIF,TGCATCGCTTCATCTTATAACACCGACAAGCTCATCTTT,263,4,clonotype11,clonotype11_consensus_1
GGGACCTAGGGAGTAA-1,True,GGGACCTAGGGAGTAA-1_contig_1,True,518,TRB,TRBV20-1,None,TRBJ2-1,TRBC2,True,True,CSARGGGYNEQFF,TGCAGTGCTAGGGGCGGGGGATACAATGAGCAGTTCTTC,2542,17,clonotype157,clonotype157_consensus_1
GGGACCTAGGGAGTAA-1,True,GGGACCTAGGGAGTAA-1_contig_2,True,319,TRA,TRAV8-1,None,None,TRAC,False,False,None,None,310,2,clonotype157,None
GGGACCTAGTAGCCGA-1,True,GGGACCTAGTAGCCGA-1_contig_1,True,512,TRB,TRBV20-1,None,TRBJ1-1,TRBC1,True,True,CSAALNTEAFF,TGCAGTGCTGCCTTGAACACTGAAGCTTTCTTT,2279,6,clonotype2673,clonotype2673_consensus_1
GGGACCTAGTTCGCGC-1,True,GGGACCTAGTTCGCGC-1_contig_1,True,505,TRA,TRAV1-2,None,TRAJ33,TRAC,True,True,CAATDSNYQLIW,TGTGCTGCGACTGATAGCAACTATCAGTTAATCTGG,284,1,clonotype1,clonotype1_consensus_2
GGGACCTAGTTCGCGC-1,True,GGGACCTAGTTCGCGC-1_contig_2,True,485,TRB,TRBV20-1,None,TRBJ2-1,TRBC2,True,True,CSARVGSEVNEQFF,TGCAGTGCTAGAGTGGGGTCGGAAGTCAATGAGCAGTTCTTC,2132,13,clonotype1,clonotype1_consensus_1
GGGACCTAGTTCGCGC-1,True,GGGACCTAGTTCGCGC-1_contig_3,True,458,TRA,TRAV10,None,TRAJ24,TRAC,True,False,None,None,358,2,clonotype1,None
GGGACCTCATCCGGGT-1,True,GGGACCTCATCCGGGT-1_contig_1,True,515,TRB,TRBV20-1,None,TRBJ2-7,TRBC2,True,True,CSATDWTYEQYF,TGCAGTGCAACTGACTGGACCTACGAGCAGTACTTC,1249,7,clonotype2674,clonotype2674_consensus_1
GGGACCTCATCCGGGT-1,True,GGGACCTCATCCGGGT-1_contig_2,True,509,TRA,TRAV13-2,None,TRAJ37,TRAC,True,True,CAETPGNTGKLIF,TGTGCAGAGACCCCGGGCAACACAGGCAAACTAATCTTT,1368,6,clonotype2674,clonotype2674_consensus_2
GGGACCTCATCCGGGT-1,True,GGGACCTCATCCGGGT-1_contig_3,True,490,TRA,TRAV20,None,TRAJ53,TRAC,True,False,None,None,1835,5,clonotype2674,None
GGGACCTCATTCCTCG-1,True,GGGACCTCATTCCTCG-1_contig_1,True,502,TRA,TRAV17,None,TRAJ56,TRAC,True,True,CATGANSKLTF,TGTGCTACGGGGGCCAATAGTAAGCTGACATTT,303,5,clonotype2675,clonotype2675_consensus_2
GGGACCTCATTCCTCG-1,True,GGGACCTCATTCCTCG-1_contig_2,True,488,TRB,TRBV20-1,None,TRBJ2-7,TRBC2,True,True,CSARDPRGGYEQYF,TGCAGTGCTAGAGATCCCCGCGGTGGGTACGAGCAGTACTTC,285,4,clonotype2675,clonotype2675_consensus_1
GGGACCTCATTCCTCG-1,True,GGGACCTCATTCCTCG-1_contig_3,True,490,TRB,TRBV5-6,None,TRBJ1-4,TRBC1,True,True,CASSLWPGNEKLFF,TGTGCCAGCAGCTTGTGGCCGGGTAATGAAAAACTGTTTTTT,411,3,clonotype2675,clonotype2675_consensus_3
GGGACCTGTCAGATAA-1,True,GGGACCTGTCAGATAA-1_contig_1,True,563,TRA,TRAV22,None,TRAJ29,TRAC,True,True,CAVENSGNTPLVF,TGTGCTGTGGAGAATTCAGGAAACACACCTCTTGTCTTT,253,3,clonotype2676,clonotype2676_consensus_1
GGGACCTGTCAGATAA-1,True,GGGACCTGTCAGATAA-1_contig_2,True,478,TRB,TRBV5-6,None,TRBJ1-1,TRBC1,True,True,CASSLRDRVPEAFF,TGTGCCAGCAGCCTCCGGGACAGGGTTCCTGAAGCTTTCTTT,3561,8,clonotype2676,clonotype2676_consensus_2
GGGACCTGTCTAGCCG-1,True,GGGACCTGTCTAGCCG-1_contig_1,True,505,TRA,TRAV1-2,None,TRAJ33,TRAC,True,True,CAATDSNYQLIW,TGTGCTGCGACTGATAGCAACTATCAGTTAATCTGG,563,4,clonotype1,clonotype1_consensus_2
GGGACCTGTCTAGCCG-1,True,GGGACCTGTCTAGCCG-1_contig_2,True,521,TRB,TRBV20-1,None,TRBJ2-1,TRBC2,True,True,CSARVGSEVNEQFF,TGCAGTGCTAGAGTGGGGTCGGAAGTCAATGAGCAGTTCTTC,709,6,clonotype1,clonotype1_consensus_1
GGGACCTGTTACCAGT-1,True,GGGACCTGTTACCAGT-1_contig_1,True,505,TRA,TRAV1-2,None,TRAJ33,TRAC,True,True,CAATDSNYQLIW,TGTGCTGCGACTGATAGCAACTATCAGTTAATCTGG,824,2,clonotype1,clonotype1_consensus_2
GGGACCTGTTACCAGT-1,True,GGGACCTGTTACCAGT-1_contig_2,True,521,TRB,TRBV20-1,None,TRBJ2-1,TRBC2,True,True,CSARVGSEVNEQFF,TGCAGTGCTAGAGTGGGGTCGGAAGTCAATGAGCAGTTCTTC,748,4,clonotype1,clonotype1_consensus_1
GGGACCTGTTAGAACA-1,True,GGGACCTGTTAGAACA-1_contig_1,True,527,TRB,TRBV20-1,None,TRBJ2-1,TRBC2,True,True,CSARQRGGSSYNEQFF,TGCAGTGCTAGGCAGAGGGGGGGGAGCTCCTACAATGAGCAGTTCTTC,2924,10,clonotype2677,clonotype2677_consensus_1
GGGACCTGTTAGAACA-1,True,GGGACCTGTTAGAACA-1_contig_2,True,586,TRA,TRAV12-1,None,TRAJ31,TRAC,True,True,CVVNRNRNNNARLMF,TGTGTGGTGAACCGAAACCGGAATAACAATGCCAGACTCATGTTT,1158,7,clonotype2677,clonotype2677_consensus_2
GGGACCTGTTTACTCT-1,True,GGGACCTGTTTACTCT-1_contig_1,True,505,TRA,TRAV1-2,None,TRAJ33,TRAC,True,True,CAATDSNYQLIW,TGTGCTGCGACTGATAGCAACTATCAGTTAATCTGG,181,1,clonotype1,clonotype1_consensus_2
GGGACCTGTTTACTCT-1,True,GGGACCTGTTTACTCT-1_contig_2,True,498,TRB,TRBV20-1,None,TRBJ2-1,TRBC2,True,True,CSARVGSEVNEQFF,TGCAGTGCTAGAGTGGGGTCGGAAGTCAATGAGCAGTTCTTC,1488,6,clonotype1,clonotype1_consensus_1
GGGACCTGTTTACTCT-1,True,GGGACCTGTTTACTCT-1_contig_3,True,405,TRA,TRAV10,None,TRAJ24,TRAC,True,False,None,None,71,6,clonotype1,None
GGGACCTTCACCACCT-1,True,GGGACCTTCACCACCT-1_contig_1,True,498,TRB,TRBV20-1,None,TRBJ2-2,TRBC2,True,True,CSARPQLTNTGELFF,TGCAGTGCTAGACCCCAACTAACCAACACCGGGGAGCTGTTTTTT,3909,16,clonotype13,clonotype13_consensus_2
GGGACCTTCACCACCT-1,True,GGGACCTTCACCACCT-1_contig_2,True,529,TRA,TRAV21,None,TRAJ11,TRAC,True,True,CAASASGYSTLTF,TGTGCTGCCTCAGCATCAGGATACAGCACCCTCACCTTT,1141,11,clonotype13,clonotype13_consensus_1
GGGACCTTCATTGCGA-1,True,GGGACCTTCATTGCGA-1_contig_1,True,493,TRA,TRAV1-2,None,TRAJ33,TRAC,True,True,CAATDSNYQLIW,TGTGCTGCGACTGATAGCAACTATCAGTTAATCTGG,455,2,clonotype1,clonotype1_consensus_2
GGGACCTTCATTGCGA-1,True,GGGACCTTCATTGCGA-1_contig_2,True,521,TRB,TRBV20-1,None,TRBJ2-1,TRBC2,True,True,CSARVGSEVNEQFF,TGCAGTGCTAGAGTGGGGTCGGAAGTCAATGAGCAGTTCTTC,9215,9,clonotype1,clonotype1_consensus_1
GGGACCTTCATTGCGA-1,True,GGGACCTTCATTGCGA-1_contig_3,True,457,TRA,TRAV10,None,TRAJ24,TRAC,True,False,None,None,299,2,clonotype1,None
GGGACCTTCCACGCAG-1,True,GGGACCTTCCACGCAG-1_contig_1,True,492,TRB,TRBV20-1,None,TRBJ2-1,TRBC2,True,True,CSARVGSEVNEQFF,TGCAGTGCTAGAGTGGGGTCGGAAGTCAATGAGCAGTTCTTC,1667,5,clonotype2,clonotype2_consensus_1
GGGACCTTCCACTGGG-1,True,GGGACCTTCCACTGGG-1_contig_1,True,563,TRA,TRAV12-1,None,TRAJ53,TRAC,True,True,CVAFSPSGGSNYKLTF,TGTGTGGCTTTTTCCCCTAGTGGAGGTAGCAACTATAAACTGACATTT,470,2,clonotype2678,clonotype2678_consensus_2
GGGACCTTCCACTGGG-1,True,GGGACCTTCCACTGGG-1_contig_2,True,501,TRB,TRBV7-9,None,TRBJ1-1,TRBC1,True,True,CASRRPENTEAFF,TGTGCCAGCCGACGCCCGGAGAACACTGAAGCTTTCTTT,4360,12,clonotype2678,clonotype2678_consensus_1
GGGACCTTCCACTGGG-1,True,GGGACCTTCCACTGGG-1_contig_3,True,560,TRA,TRAV22,None,TRAJ15,TRAC,True,True,CAVHQAGTALIF,TGTGCTGTCCACCAGGCAGGAACTGCTCTGATCTTT,348,4,clonotype2678,clonotype2678_consensus_3
GGGACCTTCCACTGGG-1,True,GGGACCTTCCACTGGG-1_contig_4,True,312,TRB,None,None,TRBJ2-1,TRBC2,False,False,None,None,948,4,clonotype2678,None
GGGACCTTCCCAAGTA-1,True,GGGACCTTCCCAAGTA-1_contig_1,True,462,TRA,TRAV13-1,None,TRAJ31,TRAC,True,True,CAASPLNNNARLMF,TGTGCAGCAAGCCCCCTGAATAACAATGCCAGACTCATGTTT,603,2,clonotype2679,clonotype2679_consensus_1
GGGACCTTCCCAAGTA-1,True,GGGACCTTCCCAAGTA-1_contig_2,True,521,TRB,TRBV20-1,None,TRBJ2-3,TRBC2,True,True,CSAGVVAPADTQYF,TGCAGTGCCGGAGTGGTAGCGCCGGCAGATACGCAGTATTTT,572,4,clonotype2679,clonotype2679_consensus_2
GGGACCTTCCGGCACA-1,True,GGGACCTTCCGGCACA-1_contig_1,True,492,TRB,TRBV20-1,None,TRBJ2-1,TRBC2,True,True,CSARVGSEVNEQFF,TGCAGTGCTAGAGTGGGGTCGGAAGTCAATGAGCAGTTCTTC,3319,11,clonotype2,clonotype2_consensus_1
GGGACCTTCTGGGCCA-1,True,GGGACCTTCTGGGCCA-1_contig_1,True,515,TRB,TRBV20-1,None,TRBJ2-7,TRBC2,True,True,CSAKGLPYEQYF,TGCAGTGCCAAGGGACTACCGTACGAGCAGTACTTC,2869,14,clonotype2680,clonotype2680_consensus_2
GGGACCTTCTGGGCCA-1,True,GGGACCTTCTGGGCCA-1_contig_2,True,520,TRA,TRAV21,None,TRAJ36,TRAC,True,True,CAVLTGANNLFF,TGTGCTGTTCTAACTGGGGCAAACAACCTCTTCTTT,7681,8,clonotype2680,clonotype2680_consensus_1
GGGACCTTCTTAGAGC-1,True,GGGACCTTCTTAGAGC-1_contig_1,True,498,TRB,TRBV20-1,None,TRBJ2-1,TRBC2,True,True,CSARVGSEVNEQFF,TGCAGTGCTAGAGTGGGGTCGGAAGTCAATGAGCAGTTCTTC,724,4,clonotype2,clonotype2_consensus_1
GGGACCTTCTTGCATT-1,True,GGGACCTTCTTGCATT-1_contig_1,True,505,TRA,TRAV1-2,None,TRAJ33,TRAC,True,True,CAATDSNYQLIW,TGTGCTGCGACTGATAGCAACTATCAGTTAATCTGG,644,4,clonotype1,clonotype1_consensus_2
GGGACCTTCTTGCATT-1,True,GGGACCTTCTTGCATT-1_contig_2,True,521,TRB,TRBV20-1,None,TRBJ2-1,TRBC2,True,True,CSARVGSEVNEQFF,TGCAGTGCTAGAGTGGGGTCGGAAGTCAATGAGCAGTTCTTC,901,8,clonotype1,clonotype1_consensus_1
GGGACCTTCTTGCATT-1,True,GGGACCTTCTTGCATT-1_contig_3,True,465,TRA,TRAV10,None,TRAJ24,TRAC,True,False,None,None,201,8,clonotype1,None
GGGAGATAGAATGTTG-1,True,GGGAGATAGAATGTTG-1_contig_1,True,515,TRB,TRBV5-5,None,TRBJ2-7,TRBC2,True,True,CASSLMVRDSNYEQYF,TGTGCCAGCAGCTTGATGGTACGGGACAGCAACTACGAGCAGTACTTC,637,7,clonotype2681,clonotype2681_consensus_1
GGGAGATAGAATGTTG-1,True,GGGAGATAGAATGTTG-1_contig_2,True,568,TRA,TRAV19,None,TRAJ49,TRAC,True,True,CALSEAIRTGNQFYF,TGTGCTCTGAGTGAGGCGATTCGGACCGGTAACCAGTTCTATTTT,1519,7,clonotype2681,clonotype2681_consensus_2
GGGAGATAGATAGCAT-1,True,GGGAGATAGATAGCAT-1_contig_1,True,508,TRA,TRAV20,None,TRAJ24,TRAC,True,True,CAVMTTDSWGKFQF,TGTGCTGTTATGACAACTGACAGCTGGGGGAAATTCCAGTTT,472,3,clonotype2682,clonotype2682_consensus_4
GGGAGATAGATAGCAT-1,True,GGGAGATAGATAGCAT-1_contig_2,True,514,TRA,TRAV1-2,None,TRAJ12,TRAC,True,True,CAVRGLMDSSYKLIF,TGTGCTGTGAGAGGCCTGATGGATAGCAGCTATAAATTGATCTTC,564,5,clonotype2682,clonotype2682_consensus_3
GGGAGATAGATAGCAT-1,True,GGGAGATAGATAGCAT-1_contig_3,True,515,TRB,TRBV5-5,None,TRBJ2-7,TRBC2,True,True,CASSSLVEQGAYEQYF,TGTGCCAGCAGCTCGCTCGTAGAGCAGGGGGCCTACGAGCAGTACTTC,3183,4,clonotype2682,clonotype2682_consensus_1
GGGAGATAGATAGCAT-1,True,GGGAGATAGATAGCAT-1_contig_4,True,653,TRB,TRBV5-6,None,TRBJ2-7,TRBC2,True,True,CASSSTYEQYF,TGTGCCAGCAGCTCGACTTACGAGCAGTACTTC,2116,10,clonotype2682,clonotype2682_consensus_2
GGGAGATAGCAGACTG-1,True,GGGAGATAGCAGACTG-1_contig_1,True,505,TRA,TRAV1-2,None,TRAJ33,TRAC,True,True,CAATDSNYQLIW,TGTGCTGCGACTGATAGCAACTATCAGTTAATCTGG,265,4,clonotype1,clonotype1_consensus_2
GGGAGATAGCAGACTG-1,True,GGGAGATAGCAGACTG-1_contig_2,True,498,TRB,TRBV20-1,None,TRBJ2-1,TRBC2,True,True,CSARVGSEVNEQFF,TGCAGTGCTAGAGTGGGGTCGGAAGTCAATGAGCAGTTCTTC,2697,8,clonotype1,clonotype1_consensus_1
GGGAGATAGCGTCAAG-1,True,GGGAGATAGCGTCAAG-1_contig_1,True,574,TRA,TRAV8-1,None,TRAJ23,TRAC,True,True,CAVKGHNQGGKLIF,TGTGCCGTGAAGGGGCATAACCAGGGAGGAAAGCTTATCTTC,1671,8,clonotype2683,clonotype2683_consensus_1
GGGAGATAGCGTCAAG-1,True,GGGAGATAGCGTCAAG-1_contig_2,True,514,TRB,TRBV20-1,None,TRBJ2-7,TRBC2,True,True,CSARDPGGRDEQYF,TGCAGTGCTAGAGATCCGGGGGGGAGGGACGAGCAGTACTTC,1785,6,clonotype2683,clonotype2683_consensus_2
GGGAGATAGCTCTCGG-1,True,GGGAGATAGCTCTCGG-1_contig_1,True,505,TRA,TRAV1-2,None,TRAJ33,TRAC,True,True,CAATDSNYQLIW,TGTGCTGCGACTGATAGCAACTATCAGTTAATCTGG,236,1,clonotype1,clonotype1_consensus_2
GGGAGATAGCTCTCGG-1,True,GGGAGATAGCTCTCGG-1_contig_2,True,521,TRB,TRBV20-1,None,TRBJ2-1,TRBC2,True,True,CSARVGSEVNEQFF,TGCAGTGCTAGAGTGGGGTCGGAAGTCAATGAGCAGTTCTTC,1416,8,clonotype1,clonotype1_consensus_1
GGGAGATAGCTCTCGG-1,True,GGGAGATAGCTCTCGG-1_contig_3,True,482,TRA,TRAV10,None,TRAJ24,TRAC,True,False,None,None,479,2,clonotype1,None
GGGAGATAGCTTATCG-1,True,GGGAGATAGCTTATCG-1_contig_1,True,515,TRB,TRBV5-5,None,TRBJ1-4,TRBC1,True,True,CASSHPGPNYATNEKLFF,TGTGCCAGCAGCCATCCCGGACCGAACTACGCAACTAATGAAAAACTGTTTTTT,377,2,clonotype4,clonotype4_consensus_1
GGGAGATAGCTTATCG-1,True,GGGAGATAGCTTATCG-1_contig_2,True,513,TRB,TRBV7-3,None,TRBJ2-1,TRBC2,True,False,CQQRSLKAGGPYNEQFF,TGCCAGCAGCGGTCACTTAAAGCGGGGGGACCCTACAATGAGCAGTTCTTC,525,2,clonotype4,None
GGGAGATAGGTGGGTT-1,True,GGGAGATAGGTGGGTT-1_contig_1,True,524,TRB,TRBV20-1,None,TRBJ1-4,TRBC1,True,True,CSARGTADRGEKLFF,TGCAGTGCTAGAGGGACAGCGGATAGGGGAGAAAAACTGTTTTTT,917,8,clonotype2684,clonotype2684_consensus_1
GGGAGATAGTGAACAT-1,True,GGGAGATAGTGAACAT-1_contig_1,True,518,TRB,TRBV20-1,None,TRBJ1-2,TRBC1,True,True,CSARDPFQGGYTF,TGCAGTGCTAGAGATCCATTTCAGGGTGGCTACACCTTC,3190,10,clonotype2685,clonotype2685_consensus_1
GGGAGATAGTGAACAT-1,True,GGGAGATAGTGAACAT-1_contig_2,True,504,TRA,TRAV23/DV6,None,TRAJ23,TRAC,True,False,CAATF,TGTGCAGCAACTTTT,195,2,clonotype2685,None
GGGAGATCAAATCCGT-1,True,GGGAGATCAAATCCGT-1_contig_1,True,505,TRA,TRAV1-2,None,TRAJ33,TRAC,True,True,CAATDSNYQLIW,TGTGCTGCGACTGATAGCAACTATCAGTTAATCTGG,173,2,clonotype1,clonotype1_consensus_2
GGGAGATCAAATCCGT-1,True,GGGAGATCAAATCCGT-1_contig_2,True,521,TRB,TRBV20-1,None,TRBJ2-1,TRBC2,True,True,CSARVGSEVNEQFF,TGCAGTGCTAGAGTGGGGTCGGAAGTCAATGAGCAGTTCTTC,1326,9,clonotype1,clonotype1_consensus_1
GGGAGATCAAATCCGT-1,True,GGGAGATCAAATCCGT-1_contig_3,True,716,TRB,None,None,TRBJ1-5,TRBC1,False,False,None,None,100,2,clonotype1,None
GGGAGATCAAATCCGT-1,True,GGGAGATCAAATCCGT-1_contig_4,True,307,TRA,TRAV10,None,TRAJ24,TRAC,True,False,None,None,563,1,clonotype1,None
GGGAGATCACCGATAT-1,True,GGGAGATCACCGATAT-1_contig_1,True,524,TRB,TRBV20-1,None,TRBJ2-1,TRBC2,True,True,CSASSFVSSYNEQFF,TGCAGTGCTAGCTCTTTTGTTAGCTCCTACAATGAGCAGTTCTTC,911,5,clonotype2686,clonotype2686_consensus_1
GGGAGATCACCGGAAA-1,True,GGGAGATCACCGGAAA-1_contig_1,True,505,TRA,TRAV1-2,None,TRAJ33,TRAC,True,True,CAATDSNYQLIW,TGTGCTGCGACTGATAGCAACTATCAGTTAATCTGG,1901,7,clonotype1,clonotype1_consensus_2
GGGAGATCACCGGAAA-1,True,GGGAGATCACCGGAAA-1_contig_2,True,485,TRB,TRBV20-1,None,TRBJ2-1,TRBC2,True,True,CSARVGSEVNEQFF,TGCAGTGCTAGAGTGGGGTCGGAAGTCAATGAGCAGTTCTTC,162,3,clonotype1,clonotype1_consensus_1
GGGAGATCAGCGTAAG-1,True,GGGAGATCAGCGTAAG-1_contig_1,True,505,TRA,TRAV1-2,None,TRAJ33,TRAC,True,True,CAATDSNYQLIW,TGTGCTGCGACTGATAGCAACTATCAGTTAATCTGG,390,2,clonotype1,clonotype1_consensus_2
GGGAGATCAGCGTAAG-1,True,GGGAGATCAGCGTAAG-1_contig_2,True,521,TRB,TRBV20-1,None,TRBJ2-1,TRBC2,True,True,CSARVGSEVNEQFF,TGCAGTGCTAGAGTGGGGTCGGAAGTCAATGAGCAGTTCTTC,1488,9,clonotype1,clonotype1_consensus_1
GGGAGATCAGCGTAAG-1,True,GGGAGATCAGCGTAAG-1_contig_3,True,482,TRA,TRAV10,None,TRAJ24,TRAC,True,False,None,None,816,2,clonotype1,None
GGGAGATCAGTGGAGT-1,True,GGGAGATCAGTGGAGT-1_contig_1,True,602,TRA,TRAV12-1,None,TRAJ9,TRAC,True,True,CVVTRNTGGFKTIF,TGTGTGGTGACACGAAATACTGGAGGCTTCAAAACTATCTTT,1813,7,clonotype5,clonotype5_consensus_2
GGGAGATCAGTGGAGT-1,True,GGGAGATCAGTGGAGT-1_contig_2,True,533,TRB,TRBV20-1,None,TRBJ1-5,TRBC1,True,True,CSARDDNRAKSFNQPQHF,TGCAGTGCTAGAGACGACAACCGGGCCAAATCCTTCAATCAGCCCCAGCATTTT,2809,7,clonotype5,clonotype5_consensus_1
GGGAGATGTACTCGCG-1,True,GGGAGATGTACTCGCG-1_contig_1,True,601,TRA,TRAV3,None,TRAJ15,TRAC,True,True,CALFNQAGTALIF,TGTGCTTTATTCAACCAGGCAGGAACTGCTCTGATCTTT,4956,5,clonotype2687,clonotype2687_consensus_1
GGGAGATGTACTCGCG-1,True,GGGAGATGTACTCGCG-1_contig_2,True,513,TRB,TRBV5-5,None,TRBJ2-7,TRBC2,True,True,CASSSGQARYEQYF,TGTGCCAGCAGTTCTGGACAGGCCCGCTACGAGCAGTACTTC,13091,12,clonotype2687,clonotype2687_consensus_2
GGGAGATGTCAGCTAT-1,True,GGGAGATGTCAGCTAT-1_contig_1,True,533,TRB,TRBV20-1,None,TRBJ2-7,TRBC2,True,True,CSARAQSRGQGSPYEQYF,TGCAGTGCTAGGGCGCAGTCCCGAGGACAGGGGTCCCCCTACGAGCAGTACTTC,1705,6,clonotype240,clonotype240_consensus_1
GGGAGATGTGGTTTCA-1,True,GGGAGATGTGGTTTCA-1_contig_1,True,600,TRA,TRAV12-1,None,TRAJ22,TRAC,True,True,CVVNWPGSARQLTF,TGTGTGGTGAACTGGCCTGGTTCTGCAAGGCAACTGACCTTT,522,4,clonotype2688,clonotype2688_consensus_1
GGGAGATGTGGTTTCA-1,True,GGGAGATGTGGTTTCA-1_contig_2,True,521,TRB,TRBV20-1,None,TRBJ2-3,TRBC2,True,True,CSASGNGAADTQYF,TGCAGTGCTAGCGGGAACGGGGCGGCAGATACGCAGTATTTT,2046,8,clonotype2688,clonotype2688_consensus_2
GGGAGATGTGGTTTCA-1,True,GGGAGATGTGGTTTCA-1_contig_3,True,304,TRB,None,None,TRBJ1-1,TRBC1,False,False,None,None,60,1,clonotype2688,None
GGGAGATGTTCGGCAC-1,True,GGGAGATGTTCGGCAC-1_contig_1,True,580,TRA,TRAV17,None,TRAJ8,TRAC,True,True,CATDESFQKLVF,TGTGCTACGGACGAGAGCTTTCAGAAACTTGTATTT,303,3,clonotype2689,clonotype2689_consensus_1
GGGAGATGTTCGGCAC-1,True,GGGAGATGTTCGGCAC-1_contig_2,True,506,TRB,TRBV5-5,None,TRBJ1-5,TRBC1,True,True,CASSLEGVRGQPQHF,TGTGCCAGCAGCTTGGAGGGGGTAAGAGGACAGCCCCAGCATTTT,3022,9,clonotype2689,clonotype2689_consensus_2
GGGAGATGTTCGGCAC-1,True,GGGAGATGTTCGGCAC-1_contig_3,True,370,TRB,None,None,TRBJ2-1,TRBC2,False,False,None,None,260,2,clonotype2689,None
GGGAGATTCACGGTTA-1,True,GGGAGATTCACGGTTA-1_contig_1,True,521,TRB,TRBV20-1,None,TRBJ2-3,TRBC2,True,True,CSAGLAGGGDTQYF,TGCAGTGCCGGACTAGCGGGGGGTGGTGATACGCAGTATTTT,1670,6,clonotype2690,clonotype2690_consensus_1
GGGAGATTCACGGTTA-1,True,GGGAGATTCACGGTTA-1_contig_2,True,562,TRA,TRAV19,None,TRAJ43,TRAC,True,True,CALSDLNNNDMRF,TGTGCTCTGAGTGATCTCAATAACAATGACATGCGCTTT,237,3,clonotype2690,clonotype2690_consensus_2
GGGAGATTCAGCGATT-1,True,GGGAGATTCAGCGATT-1_contig_1,True,492,TRB,TRBV5-5,None,TRBJ1-4,TRBC1,True,True,CASSHPGPNYATNEKLFF,TGTGCCAGCAGCCATCCCGGACCGAACTACGCAACTAATGAAAAACTGTTTTTT,1211,3,clonotype4,clonotype4_consensus_1
GGGAGATTCTTCAACT-1,True,GGGAGATTCTTCAACT-1_contig_1,True,672,TRB,TRBV5-6,None,TRBJ2-7,TRBC2,True,True,CASSLAKEQYF,TGTGCCAGCAGCTTGGCAAAGGAGCAGTACTTC,850,3,clonotype16,clonotype16_consensus_1
GGGAGATTCTTCAACT-1,True,GGGAGATTCTTCAACT-1_contig_2,True,420,TRA,TRAV35,None,TRAJ38,TRAC,True,False,CSNAGNNRKLIW,TGCTCTAATGCTGGCAACAACCGTAAGCTGATTTGG,103,2,clonotype16,None
GGGATGAAGACAAGCC-1,True,GGGATGAAGACAAGCC-1_contig_1,True,505,TRA,TRAV1-2,None,TRAJ33,TRAC,True,True,CAATDSNYQLIW,TGTGCTGCGACTGATAGCAACTATCAGTTAATCTGG,1003,3,clonotype1,clonotype1_consensus_2
GGGATGAAGACAAGCC-1,True,GGGATGAAGACAAGCC-1_contig_2,True,473,TRB,TRBV20-1,None,TRBJ2-1,TRBC2,True,True,CSARVGSEVNEQFF,TGCAGTGCTAGAGTGGGGTCGGAAGTCAATGAGCAGTTCTTC,5180,6,clonotype1,clonotype1_consensus_1
GGGATGAAGACAAGCC-1,True,GGGATGAAGACAAGCC-1_contig_3,True,465,TRA,TRAV10,None,TRAJ24,TRAC,True,False,None,None,2444,1,clonotype1,None
GGGATGAAGCAAATCA-1,True,GGGATGAAGCAAATCA-1_contig_1,True,492,TRB,TRBV20-1,None,TRBJ2-1,TRBC2,True,True,CSARVGSEVNEQFF,TGCAGTGCTAGAGTGGGGTCGGAAGTCAATGAGCAGTTCTTC,2975,5,clonotype2,clonotype2_consensus_1
GGGATGAAGCAAATCA-1,True,GGGATGAAGCAAATCA-1_contig_2,True,482,TRA,TRAV10,None,TRAJ24,TRAC,True,False,None,None,9059,5,clonotype2,None
GGGATGAAGCTTCGCG-1,True,GGGATGAAGCTTCGCG-1_contig_1,True,505,TRA,TRAV1-2,None,TRAJ33,TRAC,True,True,CAATDSNYQLIW,TGTGCTGCGACTGATAGCAACTATCAGTTAATCTGG,816,3,clonotype1,clonotype1_consensus_2
GGGATGAAGCTTCGCG-1,True,GGGATGAAGCTTCGCG-1_contig_2,True,521,TRB,TRBV20-1,None,TRBJ2-1,TRBC2,True,True,CSARVGSEVNEQFF,TGCAGTGCTAGAGTGGGGTCGGAAGTCAATGAGCAGTTCTTC,7110,6,clonotype1,clonotype1_consensus_1
GGGATGAAGCTTCGCG-1,True,GGGATGAAGCTTCGCG-1_contig_3,True,444,TRA,TRAV10,None,TRAJ24,TRAC,True,False,None,None,57,1,clonotype1,None
GGGATGAAGGACAGCT-1,True,GGGATGAAGGACAGCT-1_contig_1,True,505,TRA,TRAV1-2,None,TRAJ33,TRAC,True,True,CAATDSNYQLIW,TGTGCTGCGACTGATAGCAACTATCAGTTAATCTGG,514,2,clonotype1,clonotype1_consensus_2
GGGATGAAGGACAGCT-1,True,GGGATGAAGGACAGCT-1_contig_2,True,521,TRB,TRBV20-1,None,TRBJ2-1,TRBC2,True,True,CSARVGSEVNEQFF,TGCAGTGCTAGAGTGGGGTCGGAAGTCAATGAGCAGTTCTTC,8653,4,clonotype1,clonotype1_consensus_1
GGGATGAAGGACAGCT-1,True,GGGATGAAGGACAGCT-1_contig_3,True,458,TRA,TRAV10,None,TRAJ24,TRAC,True,False,None,None,575,1,clonotype1,None
GGGATGAAGGCCCTCA-1,True,GGGATGAAGGCCCTCA-1_contig_1,True,505,TRA,TRAV1-2,None,TRAJ33,TRAC,True,True,CAATDSNYQLIW,TGTGCTGCGACTGATAGCAACTATCAGTTAATCTGG,1511,7,clonotype1,clonotype1_consensus_2
GGGATGAAGGCCCTCA-1,True,GGGATGAAGGCCCTCA-1_contig_2,True,521,TRB,TRBV20-1,None,TRBJ2-1,TRBC2,True,True,CSARVGSEVNEQFF,TGCAGTGCTAGAGTGGGGTCGGAAGTCAATGAGCAGTTCTTC,2751,9,clonotype1,clonotype1_consensus_1
GGGATGAAGTAACCCT-1,True,GGGATGAAGTAACCCT-1_contig_1,True,521,TRB,TRBV20-1,None,TRBJ2-1,TRBC2,True,True,CSARVGSEVNEQFF,TGCAGTGCTAGAGTGGGGTCGGAAGTCAATGAGCAGTTCTTC,2365,12,clonotype2,clonotype2_consensus_1
GGGATGACAAGCTGGA-1,True,GGGATGACAAGCTGGA-1_contig_1,True,505,TRA,TRAV1-2,None,TRAJ33,TRAC,True,True,CAATDSNYQLIW,TGTGCTGCGACTGATAGCAACTATCAGTTAATCTGG,1028,5,clonotype1,clonotype1_consensus_2
GGGATGACAAGCTGGA-1,True,GGGATGACAAGCTGGA-1_contig_2,True,521,TRB,TRBV20-1,None,TRBJ2-1,TRBC2,True,True,CSARVGSEVNEQFF,TGCAGTGCTAGAGTGGGGTCGGAAGTCAATGAGCAGTTCTTC,18414,15,clonotype1,clonotype1_consensus_1
GGGATGACAAGCTGGA-1,True,GGGATGACAAGCTGGA-1_contig_3,True,482,TRA,TRAV10,None,TRAJ24,TRAC,True,False,None,None,1064,7,clonotype1,None
GGGATGACACGCATCG-1,True,GGGATGACACGCATCG-1_contig_1,True,498,TRB,TRBV20-1,None,TRBJ2-1,TRBC2,True,True,CSARVGSEVNEQFF,TGCAGTGCTAGAGTGGGGTCGGAAGTCAATGAGCAGTTCTTC,2463,5,clonotype2,clonotype2_consensus_1
GGGATGACACGCATCG-1,True,GGGATGACACGCATCG-1_contig_2,True,465,TRA,TRAV10,None,TRAJ24,TRAC,True,False,None,None,183,3,clonotype2,None
GGGATGACAGGAATCG-1,True,GGGATGACAGGAATCG-1_contig_1,True,521,TRB,TRBV20-1,None,TRBJ2-1,TRBC2,True,True,CSARVGSEVNEQFF,TGCAGTGCTAGAGTGGGGTCGGAAGTCAATGAGCAGTTCTTC,3460,12,clonotype2,clonotype2_consensus_1
GGGATGACAGGAATCG-1,True,GGGATGACAGGAATCG-1_contig_2,True,482,TRA,TRAV10,None,TRAJ24,TRAC,True,False,None,None,517,1,clonotype2,None
GGGATGACATACAGCT-1,True,GGGATGACATACAGCT-1_contig_1,True,505,TRA,TRAV1-2,None,TRAJ33,TRAC,True,True,CAATDSNYQLIW,TGTGCTGCGACTGATAGCAACTATCAGTTAATCTGG,676,6,clonotype1,clonotype1_consensus_2
GGGATGACATACAGCT-1,True,GGGATGACATACAGCT-1_contig_2,True,521,TRB,TRBV20-1,None,TRBJ2-1,TRBC2,True,True,CSARVGSEVNEQFF,TGCAGTGCTAGAGTGGGGTCGGAAGTCAATGAGCAGTTCTTC,12423,15,clonotype1,clonotype1_consensus_1
GGGATGACATACAGCT-1,True,GGGATGACATACAGCT-1_contig_3,True,482,TRA,TRAV10,None,TRAJ24,TRAC,True,False,None,None,491,7,clonotype1,None
GGGATGACATATACCG-1,True,GGGATGACATATACCG-1_contig_1,True,505,TRA,TRAV1-2,None,TRAJ33,TRAC,True,True,CAATDSNYQLIW,TGTGCTGCGACTGATAGCAACTATCAGTTAATCTGG,163,1,clonotype1,clonotype1_consensus_2
GGGATGACATATACCG-1,True,GGGATGACATATACCG-1_contig_2,True,521,TRB,TRBV20-1,None,TRBJ2-1,TRBC2,True,True,CSARVGSEVNEQFF,TGCAGTGCTAGAGTGGGGTCGGAAGTCAATGAGCAGTTCTTC,2733,9,clonotype1,clonotype1_consensus_1
GGGATGAGTAAGTAGT-1,True,GGGATGAGTAAGTAGT-1_contig_1,True,505,TRA,TRAV1-2,None,TRAJ33,TRAC,True,True,CAATDSNYQLIW,TGTGCTGCGACTGATAGCAACTATCAGTTAATCTGG,797,3,clonotype1,clonotype1_consensus_2
GGGATGAGTAAGTAGT-1,True,GGGATGAGTAAGTAGT-1_contig_2,True,495,TRB,TRBV20-1,None,TRBJ2-1,TRBC2,True,True,CSARVGSEVNEQFF,TGCAGTGCTAGAGTGGGGTCGGAAGTCAATGAGCAGTTCTTC,11475,7,clonotype1,clonotype1_consensus_1
GGGATGAGTCCGAAGA-1,True,GGGATGAGTCCGAAGA-1_contig_1,True,530,TRA,TRAV12-1,None,TRAJ29,TRAC,True,True,CVVNRGNTPLVF,TGTGTGGTGAACAGAGGAAACACACCTCTTGTCTTT,82,2,clonotype2691,clonotype2691_consensus_1
GGGATGAGTCCGAAGA-1,True,GGGATGAGTCCGAAGA-1_contig_2,True,521,TRB,TRBV20-1,None,TRBJ1-2,TRBC1,True,True,CSARDFSASYGYTF,TGCAGTGCTAGGGACTTCAGTGCTTCCTATGGCTACACCTTC,1695,5,clonotype2691,clonotype2691_consensus_2
GGGATGAGTCTTCGTC-1,True,GGGATGAGTCTTCGTC-1_contig_1,True,480,TRA,TRAV1-2,None,TRAJ33,TRAC,True,True,CAATDSNYQLIW,TGTGCTGCGACTGATAGCAACTATCAGTTAATCTGG,849,3,clonotype1,clonotype1_consensus_2
GGGATGAGTCTTCGTC-1,True,GGGATGAGTCTTCGTC-1_contig_2,True,498,TRB,TRBV20-1,None,TRBJ2-1,TRBC2,True,True,CSARVGSEVNEQFF,TGCAGTGCTAGAGTGGGGTCGGAAGTCAATGAGCAGTTCTTC,1027,4,clonotype1,clonotype1_consensus_1
GGGATGAGTGTGGTTT-1,True,GGGATGAGTGTGGTTT-1_contig_1,True,502,TRA,TRAV1-2,None,TRAJ33,TRAC,True,True,CAATDSNYQLIW,TGTGCTGCGACTGATAGCAACTATCAGTTAATCTGG,204,2,clonotype1,clonotype1_consensus_2
GGGATGAGTGTGGTTT-1,True,GGGATGAGTGTGGTTT-1_contig_2,True,498,TRB,TRBV20-1,None,TRBJ2-1,TRBC2,True,True,CSARVGSEVNEQFF,TGCAGTGCTAGAGTGGGGTCGGAAGTCAATGAGCAGTTCTTC,1293,7,clonotype1,clonotype1_consensus_1
GGGATGAGTGTGGTTT-1,True,GGGATGAGTGTGGTTT-1_contig_3,True,482,TRA,TRAV10,None,TRAJ24,TRAC,True,False,None,None,157,1,clonotype1,None
GGGATGAGTGTTCGAT-1,True,GGGATGAGTGTTCGAT-1_contig_1,True,663,TRB,TRBV5-6,None,TRBJ1-2,TRBC1,True,True,CASSQGILKAIGYTF,TGTGCCAGCAGCCAGGGCATACTCAAAGCTATAGGCTACACCTTC,1939,5,clonotype2692,clonotype2692_consensus_1
GGGATGAGTTCTCATT-1,True,GGGATGAGTTCTCATT-1_contig_1,True,524,TRB,TRBV20-1,None,TRBJ1-2,TRBC1,True,True,CSARDQTGVNYGYTF,TGCAGTGCTAGAGACCAGACAGGGGTTAACTATGGCTACACCTTC,3171,10,clonotype114,clonotype114_consensus_1
GGGATGAGTTCTCATT-1,True,GGGATGAGTTCTCATT-1_contig_2,True,552,TRA,TRAV16,None,TRAJ20,TRAC,True,False,None,None,371,2,clonotype114,None
GGGATGAGTTGGGACA-1,True,GGGATGAGTTGGGACA-1_contig_1,True,521,TRB,TRBV20-1,None,TRBJ2-1,TRBC2,True,True,CSARVGSEVNEQFF,TGCAGTGCTAGAGTGGGGTCGGAAGTCAATGAGCAGTTCTTC,1856,7,clonotype2,clonotype2_consensus_1
GGGATGATCGAGAACG-1,True,GGGATGATCGAGAACG-1_contig_1,True,518,TRB,TRBV20-1,None,TRBJ1-1,TRBC1,True,True,CSATDVTNTEAFF,TGCAGTGCCACGGACGTAACGAACACTGAAGCTTTCTTT,1762,10,clonotype2693,clonotype2693_consensus_2
GGGATGATCGAGAACG-1,True,GGGATGATCGAGAACG-1_contig_2,True,568,TRA,TRAV29/DV5,None,TRAJ40,TRAC,True,True,CAASGPGTYKYIF,TGTGCAGCAAGCGGTCCAGGAACCTACAAATACATCTTT,573,5,clonotype2693,clonotype2693_consensus_1
GGGATGATCGCTTAGA-1,True,GGGATGATCGCTTAGA-1_contig_1,True,505,TRA,TRAV1-2,None,TRAJ33,TRAC,True,True,CAATDSNYQLIW,TGTGCTGCGACTGATAGCAACTATCAGTTAATCTGG,444,2,clonotype1,clonotype1_consensus_2
GGGATGATCGCTTAGA-1,True,GGGATGATCGCTTAGA-1_contig_2,True,521,TRB,TRBV20-1,None,TRBJ2-1,TRBC2,True,True,CSARVGSEVNEQFF,TGCAGTGCTAGAGTGGGGTCGGAAGTCAATGAGCAGTTCTTC,10538,10,clonotype1,clonotype1_consensus_1
GGGATGATCGCTTAGA-1,True,GGGATGATCGCTTAGA-1_contig_3,True,463,TRA,TRAV10,None,TRAJ24,TRAC,True,False,None,None,210,1,clonotype1,None
GGGATGATCGTTTGCC-1,True,GGGATGATCGTTTGCC-1_contig_1,True,515,TRB,TRBV20-1,None,TRBJ1-1,TRBC1,True,True,CSAPRGNTEAFF,TGCAGTGCTCCCAGGGGGAACACTGAAGCTTTCTTT,1931,10,clonotype2694,clonotype2694_consensus_2
GGGATGATCGTTTGCC-1,True,GGGATGATCGTTTGCC-1_contig_2,True,567,TRA,TRAV8-4,None,TRAJ49,TRAC,True,True,CAVSPQGGNQFYF,TGTGCTGTGAGCCCCCAGGGAGGTAACCAGTTCTATTTT,695,2,clonotype2694,clonotype2694_consensus_1
GGGATGATCTTACCTA-1,True,GGGATGATCTTACCTA-1_contig_1,True,505,TRA,TRAV1-2,None,TRAJ33,TRAC,True,True,CAATDSNYQLIW,TGTGCTGCGACTGATAGCAACTATCAGTTAATCTGG,986,4,clonotype1,clonotype1_consensus_2
GGGATGATCTTACCTA-1,True,GGGATGATCTTACCTA-1_contig_2,True,473,TRB,TRBV20-1,None,TRBJ2-1,TRBC2,True,True,CSARVGSEVNEQFF,TGCAGTGCTAGAGTGGGGTCGGAAGTCAATGAGCAGTTCTTC,7452,6,clonotype1,clonotype1_consensus_1
GGGATGATCTTACCTA-1,True,GGGATGATCTTACCTA-1_contig_3,True,482,TRA,TRAV10,None,TRAJ24,TRAC,True,False,None,None,272,2,clonotype1,None
GGGCACTAGAGTACAT-1,True,GGGCACTAGAGTACAT-1_contig_1,True,505,TRA,TRAV1-2,None,TRAJ33,TRAC,True,True,CAATDSNYQLIW,TGTGCTGCGACTGATAGCAACTATCAGTTAATCTGG,1512,4,clonotype1,clonotype1_consensus_2
GGGCACTAGAGTACAT-1,True,GGGCACTAGAGTACAT-1_contig_2,True,521,TRB,TRBV20-1,None,TRBJ2-1,TRBC2,True,True,CSARVGSEVNEQFF,TGCAGTGCTAGAGTGGGGTCGGAAGTCAATGAGCAGTTCTTC,1936,4,clonotype1,clonotype1_consensus_1
GGGCACTAGAGTACAT-1,True,GGGCACTAGAGTACAT-1_contig_3,True,465,TRA,TRAV10,None,TRAJ24,TRAC,True,False,None,None,634,1,clonotype1,None
GGGCACTAGCGTCTAT-1,True,GGGCACTAGCGTCTAT-1_contig_1,True,518,TRB,TRBV20-1,None,TRBJ1-4,TRBC1,True,True,CSARGGAHEKLFF,TGCAGTGCTAGGGGGGGGGCGCACGAAAAACTGTTTTTT,1946,5,clonotype220,clonotype220_consensus_2
GGGCACTAGCGTCTAT-1,True,GGGCACTAGCGTCTAT-1_contig_2,True,498,TRA,TRAV12-3,None,TRAJ11,TRAC,True,True,CAMSPQEYSTLTF,TGTGCAATGAGCCCTCAGGAATACAGCACCCTCACCTTT,706,5,clonotype220,clonotype220_consensus_1
GGGCACTAGCGTCTAT-1,True,GGGCACTAGCGTCTAT-1_contig_3,True,339,TRB,None,None,TRBJ1-6,TRBC1,False,False,None,None,1182,1,clonotype220,None
GGGCACTAGGGAACGG-1,True,GGGCACTAGGGAACGG-1_contig_1,True,502,TRA,TRAV23/DV6,None,TRAJ5,TRAC,True,True,CAATGRRALTF,TGTGCAGCAACGGGCAGGAGAGCACTTACTTTT,1349,9,clonotype2695,clonotype2695_consensus_2
GGGCACTAGGGAACGG-1,True,GGGCACTAGGGAACGG-1_contig_2,True,653,TRB,TRBV5-6,None,TRBJ2-5,TRBC2,True,True,CASSGDRGETQYF,TGTGCCAGCAGCGGGGACAGGGGGGAGACCCAGTACTTC,941,5,clonotype2695,clonotype2695_consensus_1
GGGCACTCACAAGACG-1,True,GGGCACTCACAAGACG-1_contig_1,True,502,TRA,TRAV1-2,None,TRAJ30,TRAC,True,True,CAVRDLREIIF,TGTGCTGTGAGAGATCTTCGGGAGATCATCTTT,518,4,clonotype3,clonotype3_consensus_2
GGGCACTCACAAGACG-1,True,GGGCACTCACAAGACG-1_contig_2,True,496,TRB,TRBV5-5,None,TRBJ1-4,TRBC1,True,True,CASSHPGPNYATNEKLFF,TGTGCCAGCAGCCATCCCGGACCGAACTACGCAACTAATGAAAAACTGTTTTTT,1686,6,clonotype3,clonotype3_consensus_1
GGGCACTCACACATGT-1,True,GGGCACTCACACATGT-1_contig_1,True,508,TRA,TRAV20,None,TRAJ24,TRAC,True,True,CAVMTTDSWGKFQF,TGTGCTGTTATGACAACTGACAGCTGGGGGAAATTCCAGTTT,1469,5,clonotype7,clonotype7_consensus_2
GGGCACTCACACATGT-1,True,GGGCACTCACACATGT-1_contig_2,True,489,TRB,TRBV5-5,None,TRBJ2-7,TRBC2,True,True,CASSSLVEQGAYEQYF,TGTGCCAGCAGCTCGCTCGTAGAGCAGGGGGCCTACGAGCAGTACTTC,2545,9,clonotype7,clonotype7_consensus_1
GGGCACTCACTGAAGG-1,True,GGGCACTCACTGAAGG-1_contig_1,True,521,TRB,TRBV20-1,None,TRBJ2-1,TRBC2,True,True,CSARVGSEVNEQFF,TGCAGTGCTAGAGTGGGGTCGGAAGTCAATGAGCAGTTCTTC,2956,8,clonotype2,clonotype2_consensus_1
GGGCACTCAGAAGCAC-1,True,GGGCACTCAGAAGCAC-1_contig_1,True,514,TRA,TRAV20,None,TRAJ28,TRAC,True,True,CAVQGESGAGSYQLTF,TGTGCTGTGCAGGGGGAGTCTGGGGCTGGGAGTTACCAACTCACTTTC,1635,4,clonotype2696,clonotype2696_consensus_2
GGGCACTCAGAAGCAC-1,True,GGGCACTCAGAAGCAC-1_contig_2,True,493,TRB,TRBV5-6,None,TRBJ1-2,TRBC1,True,True,CASRSLGTGDYGYTF,TGTGCCAGCAGAAGCCTGGGGACAGGAGACTATGGCTACACCTTC,1894,7,clonotype2696,clonotype2696_consensus_1
GGGCACTCAGATTGCT-1,True,GGGCACTCAGATTGCT-1_contig_1,True,521,TRB,TRBV20-1,None,TRBJ2-1,TRBC2,True,True,CSARVGSEVNEQFF,TGCAGTGCTAGAGTGGGGTCGGAAGTCAATGAGCAGTTCTTC,1837,5,clonotype2,clonotype2_consensus_1
GGGCACTCAGATTGCT-1,True,GGGCACTCAGATTGCT-1_contig_2,True,463,TRA,TRAV10,None,TRAJ24,TRAC,True,False,None,None,95,3,clonotype2,None
GGGCACTCATGAGCGA-1,True,GGGCACTCATGAGCGA-1_contig_1,True,521,TRB,TRBV20-1,None,TRBJ2-1,TRBC2,True,True,CSARVGSEVNEQFF,TGCAGTGCTAGAGTGGGGTCGGAAGTCAATGAGCAGTTCTTC,1530,12,clonotype2,clonotype2_consensus_1
GGGCACTCATGAGCGA-1,True,GGGCACTCATGAGCGA-1_contig_2,True,465,TRA,TRAV10,None,TRAJ24,TRAC,True,False,None,None,196,4,clonotype2,None
GGGCACTCATGCAACT-1,True,GGGCACTCATGCAACT-1_contig_1,True,501,TRB,TRBV20-1,None,TRBJ2-3,TRBC2,True,True,CSAPRLSGTTNTQYF,TGCAGTGCCCCCAGGTTGAGTGGGACGACAAATACGCAGTATTTT,1760,7,clonotype2697,clonotype2697_consensus_1
GGGCACTCATGCAACT-1,True,GGGCACTCATGCAACT-1_contig_2,True,567,TRA,TRAV8-4,None,TRAJ10,TRAC,True,True,CASFTGGGNKLTF,TGTGCTTCTTTCACGGGAGGAGGAAACAAACTCACCTTT,2316,7,clonotype2697,clonotype2697_consensus_2
GGGCACTCATTGTGCA-1,True,GGGCACTCATTGTGCA-1_contig_1,True,442,TRA,TRAV39,None,TRAJ48,TRAC,True,True,CAADPNFGNEKLTF,TGTGCCGCGGACCCTAACTTTGGAAATGAGAAATTAACCTTT,4648,5,clonotype26,clonotype26_consensus_2
GGGCACTCATTGTGCA-1,True,GGGCACTCATTGTGCA-1_contig_2,True,665,TRB,TRBV5-6,None,TRBJ1-2,TRBC1,True,True,CASSSGRLNYGYTF,TGTGCCAGCAGCTCGGGACGGCTTAACTATGGCTACACCTTC,1897,6,clonotype26,clonotype26_consensus_1
GGGCACTGTACTCTCC-1,True,GGGCACTGTACTCTCC-1_contig_1,True,515,TRB,TRBV20-1,None,TRBJ1-1,TRBC1,True,True,CSARDREPEAFF,TGCAGTGCTAGGGACAGGGAGCCTGAAGCTTTCTTT,1913,12,clonotype2698,clonotype2698_consensus_1
GGGCACTGTACTCTCC-1,True,GGGCACTGTACTCTCC-1_contig_2,True,490,TRA,TRAV5,None,TRAJ43,TRAC,True,True,CAETDNNDMRF,TGTGCAGAGACTGATAACAATGACATGCGCTTT,480,3,clonotype2698,clonotype2698_consensus_2
GGGCACTGTACTCTCC-1,True,GGGCACTGTACTCTCC-1_contig_3,True,303,TRA,None,None,TRAJ18,TRAC,False,False,None,None,64,2,clonotype2698,None
GGGCACTGTAGCGATG-1,True,GGGCACTGTAGCGATG-1_contig_1,True,502,TRA,TRAV1-2,None,TRAJ30,TRAC,True,True,CAVRDLREIIF,TGTGCTGTGAGAGATCTTCGGGAGATCATCTTT,10238,7,clonotype3,clonotype3_consensus_2
GGGCACTGTAGCGATG-1,True,GGGCACTGTAGCGATG-1_contig_2,True,533,TRB,TRBV5-5,None,TRBJ1-4,TRBC1,True,True,CASSHPGPNYATNEKLFF,TGTGCCAGCAGCCATCCCGGACCGAACTACGCAACTAATGAAAAACTGTTTTTT,215,3,clonotype3,clonotype3_consensus_1
GGGCACTGTCAGCTAT-1,True,GGGCACTGTCAGCTAT-1_contig_1,True,575,TRA,TRAV12-1,None,TRAJ31,TRAC,True,True,CVLRTNARLMF,TGTGTCCTCCGAACCAATGCCAGACTCATGTTT,6917,2,clonotype2699,clonotype2699_consensus_1
GGGCACTGTCAGCTAT-1,True,GGGCACTGTCAGCTAT-1_contig_2,True,521,TRB,TRBV20-1,None,TRBJ1-1,TRBC1,True,True,CSARREGMNTEAFF,TGCAGTGCTAGGAGGGAAGGGATGAACACTGAAGCTTTCTTT,1965,8,clonotype2699,clonotype2699_consensus_2
GGGCACTGTCCGTGAC-1,True,GGGCACTGTCCGTGAC-1_contig_1,True,553,TRA,TRAV12-2,None,TRAJ45,TRAC,True,True,CAVNLRRGGGADGLTF,TGTGCCGTGAACCTCCGACGGGGAGGAGGTGCTGACGGACTCACCTTT,1433,6,clonotype72,clonotype72_consensus_1
GGGCACTGTCCGTGAC-1,True,GGGCACTGTCCGTGAC-1_contig_2,True,567,TRB,TRBV5-5,None,TRBJ1-2,TRBC1,True,True,CASSLEPRDRGSTF,TGTGCCAGCAGCTTGGAGCCCCGGGACAGGGGATCCACCTTC,390,1,clonotype72,clonotype72_consensus_2
GGGCACTGTCCGTGAC-1,True,GGGCACTGTCCGTGAC-1_contig_3,True,337,TRB,None,None,TRBJ1-6,TRBC1,False,False,None,None,1241,3,clonotype72,None
GGGCACTGTCCTGCTT-1,True,GGGCACTGTCCTGCTT-1_contig_1,True,627,TRA,TRAV3,None,TRAJ35,TRAC,True,True,CAVRDITAVGFGNVLHC,TGTGCTGTGAGAGACATTACGGCAGTGGGCTTTGGGAATGTGCTGCATTGC,491,3,clonotype2700,clonotype2700_consensus_2
GGGCACTGTCCTGCTT-1,True,GGGCACTGTCCTGCTT-1_contig_2,True,519,TRB,TRBV5-5,None,TRBJ1-5,TRBC1,True,True,CASSFGRGNQPQHF,TGTGCCAGCAGCTTCGGGAGGGGGAATCAGCCCCAGCATTTT,5477,17,clonotype2700,clonotype2700_consensus_1
GGGCACTGTCGTTGTA-1,True,GGGCACTGTCGTTGTA-1_contig_1,True,502,TRA,TRAV1-2,None,TRAJ33,TRAC,True,True,CAATDSNYQLIW,TGTGCTGCGACTGATAGCAACTATCAGTTAATCTGG,206,1,clonotype1,clonotype1_consensus_2
GGGCACTGTCGTTGTA-1,True,GGGCACTGTCGTTGTA-1_contig_2,True,521,TRB,TRBV20-1,None,TRBJ2-1,TRBC2,True,True,CSARVGSEVNEQFF,TGCAGTGCTAGAGTGGGGTCGGAAGTCAATGAGCAGTTCTTC,1894,7,clonotype1,clonotype1_consensus_1
GGGCACTGTCGTTGTA-1,True,GGGCACTGTCGTTGTA-1_contig_3,True,465,TRA,TRAV10,None,TRAJ24,TRAC,True,False,None,None,279,1,clonotype1,None
GGGCACTGTGAGGGAG-1,True,GGGCACTGTGAGGGAG-1_contig_1,True,505,TRA,TRAV1-2,None,TRAJ33,TRAC,True,True,CAATDSNYQLIW,TGTGCTGCGACTGATAGCAACTATCAGTTAATCTGG,218,2,clonotype1,clonotype1_consensus_2
GGGCACTGTGAGGGAG-1,True,GGGCACTGTGAGGGAG-1_contig_2,True,498,TRB,TRBV20-1,None,TRBJ2-1,TRBC2,True,True,CSARVGSEVNEQFF,TGCAGTGCTAGAGTGGGGTCGGAAGTCAATGAGCAGTTCTTC,898,5,clonotype1,clonotype1_consensus_1
GGGCACTGTTTAAGCC-1,True,GGGCACTGTTTAAGCC-1_contig_1,True,505,TRB,TRBV20-1,None,TRBJ1-1,TRBC1,True,True,CSAGQVTMNTEAFF,TGCAGTGCTGGACAGGTGACAATGAACACTGAAGCTTTCTTT,4212,10,clonotype76,clonotype76_consensus_1
GGGCACTGTTTAAGCC-1,True,GGGCACTGTTTAAGCC-1_contig_2,True,540,TRA,TRAV19,None,TRAJ33,TRAC,True,True,CALSGGSWSNYQLIW,TGTGCTCTGAGTGGGGGGTCGTGGAGCAACTATCAGTTAATCTGG,520,3,clonotype76,clonotype76_consensus_2
GGGCACTGTTTAAGCC-1,True,GGGCACTGTTTAAGCC-1_contig_3,True,513,TRA,TRAV14/DV4,None,TRAJ13,TRAC,True,False,None,None,184,1,clonotype76,None
GGGCACTTCCAGTATG-1,True,GGGCACTTCCAGTATG-1_contig_1,True,505,TRA,TRAV1-2,None,TRAJ33,TRAC,True,True,CAATDSNYQLIW,TGTGCTGCGACTGATAGCAACTATCAGTTAATCTGG,402,5,clonotype1,clonotype1_consensus_2
GGGCACTTCCAGTATG-1,True,GGGCACTTCCAGTATG-1_contig_2,True,521,TRB,TRBV20-1,None,TRBJ2-1,TRBC2,True,True,CSARVGSEVNEQFF,TGCAGTGCTAGAGTGGGGTCGGAAGTCAATGAGCAGTTCTTC,3113,8,clonotype1,clonotype1_consensus_1
GGGCACTTCTCCTATA-1,True,GGGCACTTCTCCTATA-1_contig_1,True,503,TRB,TRBV20-1,None,TRBJ1-3,TRBC1,True,True,CSARGTSGNTIYF,TGCAGTGCTAGAGGGACATCTGGAAACACCATATATTTT,326,3,clonotype2701,clonotype2701_consensus_1
GGGCATCAGATCACGG-1,True,GGGCATCAGATCACGG-1_contig_1,True,505,TRA,TRAV1-2,None,TRAJ33,TRAC,True,True,CAATDSNYQLIW,TGTGCTGCGACTGATAGCAACTATCAGTTAATCTGG,8377,3,clonotype1,clonotype1_consensus_2
GGGCATCAGATCACGG-1,True,GGGCATCAGATCACGG-1_contig_2,True,521,TRB,TRBV20-1,None,TRBJ2-1,TRBC2,True,True,CSARVGSEVNEQFF,TGCAGTGCTAGAGTGGGGTCGGAAGTCAATGAGCAGTTCTTC,3971,10,clonotype1,clonotype1_consensus_1
GGGCATCAGATCACGG-1,True,GGGCATCAGATCACGG-1_contig_3,True,463,TRA,TRAV10,None,TRAJ24,TRAC,True,False,None,None,462,2,clonotype1,None
GGGCATCAGCAGCCTC-1,True,GGGCATCAGCAGCCTC-1_contig_1,True,521,TRB,TRBV20-1,None,TRBJ2-1,TRBC2,True,True,CSARVGSEVNEQFF,TGCAGTGCTAGAGTGGGGTCGGAAGTCAATGAGCAGTTCTTC,1763,9,clonotype2,clonotype2_consensus_1
GGGCATCAGCTCTCGG-1,True,GGGCATCAGCTCTCGG-1_contig_1,True,509,TRA,TRAV13-2,None,TRAJ29,TRAC,True,True,CAERDSGNTPLVF,TGTGCAGAGAGAGATTCAGGAAACACACCTCTTGTCTTT,1327,5,clonotype2702,clonotype2702_consensus_1
GGGCATCAGCTCTCGG-1,True,GGGCATCAGCTCTCGG-1_contig_2,True,475,TRB,TRBV5-6,None,TRBJ2-3,TRBC2,True,True,CASGGPSTDTQYF,TGTGCCAGCGGGGGACCAAGCACAGATACGCAGTATTTT,1661,7,clonotype2702,clonotype2702_consensus_2
GGGCATCAGCTTCGCG-1,True,GGGCATCAGCTTCGCG-1_contig_1,True,497,TRA,TRAV1-2,None,TRAJ33,TRAC,True,True,CAATDSNYQLIW,TGTGCTGCGACTGATAGCAACTATCAGTTAATCTGG,40,3,clonotype1,clonotype1_consensus_2
GGGCATCAGCTTCGCG-1,True,GGGCATCAGCTTCGCG-1_contig_2,True,492,TRB,TRBV20-1,None,TRBJ2-1,TRBC2,True,True,CSARVGSEVNEQFF,TGCAGTGCTAGAGTGGGGTCGGAAGTCAATGAGCAGTTCTTC,744,3,clonotype1,clonotype1_consensus_1
GGGCATCAGGTGGGTT-1,True,GGGCATCAGGTGGGTT-1_contig_1,True,521,TRB,TRBV20-1,None,TRBJ2-3,TRBC2,True,True,CSARGDSRPDTQYF,TGCAGTGCTAGGGGGGACAGTCGGCCAGATACGCAGTATTTT,1687,13,clonotype2703,clonotype2703_consensus_1
GGGCATCAGGTGGGTT-1,True,GGGCATCAGGTGGGTT-1_contig_2,True,571,TRA,TRAV8-4,None,TRAJ42,TRAC,True,False,None,None,24,1,clonotype2703,None
GGGCATCAGGTGGGTT-1,True,GGGCATCAGGTGGGTT-1_contig_3,True,478,TRA,None,None,TRAJ39,TRAC,False,False,None,None,280,1,clonotype2703,None
GGGCATCAGGTGGGTT-1,True,GGGCATCAGGTGGGTT-1_contig_4,True,663,TRA,TRAV8-6,None,TRAJ42,TRAC,True,False,None,None,283,5,clonotype2703,None
GGGCATCCATCCAACA-1,True,GGGCATCCATCCAACA-1_contig_1,True,505,TRA,TRAV1-2,None,TRAJ33,TRAC,True,True,CAATDSNYQLIW,TGTGCTGCGACTGATAGCAACTATCAGTTAATCTGG,155,1,clonotype1,clonotype1_consensus_2
GGGCATCCATCCAACA-1,True,GGGCATCCATCCAACA-1_contig_2,True,518,TRB,TRBV20-1,None,TRBJ2-1,TRBC2,True,True,CSARVGSEVNEQFF,TGCAGTGCTAGAGTGGGGTCGGAAGTCAATGAGCAGTTCTTC,1604,10,clonotype1,clonotype1_consensus_1
GGGCATCCATCCAACA-1,True,GGGCATCCATCCAACA-1_contig_3,True,497,TRA,TRAV10,None,TRAJ24,TRAC,True,False,None,None,1805,5,clonotype1,None
GGGCATCGTAGAGCTG-1,True,GGGCATCGTAGAGCTG-1_contig_1,True,503,TRA,TRAV25,None,TRAJ39,TRAC,True,True,CAEGNAGNMLTF,TGTGCAGAGGGGAATGCAGGCAACATGCTCACCTTT,176,8,clonotype2704,clonotype2704_consensus_1
GGGCATCGTAGAGCTG-1,True,GGGCATCGTAGAGCTG-1_contig_2,True,675,TRB,TRBV5-5,None,TRBJ1-6,TRBC1,True,True,CASSFSPQGDSPLHF,TGTGCCAGCAGCTTCTCTCCTCAAGGCGATTCACCCCTCCACTTT,770,3,clonotype2704,clonotype2704_consensus_2
GGGCATCGTAGAGCTG-1,True,GGGCATCGTAGAGCTG-1_contig_3,True,339,TRA,TRAV13-1,None,None,None,False,False,None,None,43,2,clonotype2704,None
GGGCATCGTAGAGCTG-1,True,GGGCATCGTAGAGCTG-1_contig_4,True,327,TRB,None,None,TRBJ2-1,TRBC2,False,False,None,None,1077,5,clonotype2704,None
GGGCATCGTCAAACTC-1,True,GGGCATCGTCAAACTC-1_contig_1,True,505,TRA,TRAV1-2,None,TRAJ33,TRAC,True,True,CAATDSNYQLIW,TGTGCTGCGACTGATAGCAACTATCAGTTAATCTGG,12098,2,clonotype1,clonotype1_consensus_2
GGGCATCGTCAAACTC-1,True,GGGCATCGTCAAACTC-1_contig_2,True,521,TRB,TRBV20-1,None,TRBJ2-1,TRBC2,True,True,CSARVGSEVNEQFF,TGCAGTGCTAGAGTGGGGTCGGAAGTCAATGAGCAGTTCTTC,614,4,clonotype1,clonotype1_consensus_1
GGGCATCGTCAAACTC-1,True,GGGCATCGTCAAACTC-1_contig_3,True,465,TRA,TRAV10,None,TRAJ24,TRAC,True,False,None,None,6195,1,clonotype1,None
GGGCATCGTCCTAGCG-1,True,GGGCATCGTCCTAGCG-1_contig_1,True,645,TRA,TRAV8-6,None,TRAJ49,TRAC,True,True,CAVAPLGGNQFYF,TGTGCTGTCGCCCCCCTGGGCGGTAACCAGTTCTATTTT,497,4,clonotype2705,clonotype2705_consensus_1
GGGCATCGTCCTAGCG-1,True,GGGCATCGTCCTAGCG-1_contig_2,True,361,TRB,None,None,TRBJ1-1,TRBC1,False,False,None,None,441,6,clonotype2705,None
GGGCATCGTGGGTATG-1,True,GGGCATCGTGGGTATG-1_contig_1,True,495,TRB,TRBV20-1,None,TRBJ2-7,TRBC2,True,True,CSAEGLASYEQYF,TGCAGTGCGGAGGGACTAGCCTCCTACGAGCAGTACTTC,1876,8,clonotype58,clonotype58_consensus_1
GGGCATCGTGGGTATG-1,True,GGGCATCGTGGGTATG-1_contig_2,True,626,TRA,TRAV8-2,None,TRAJ22,TRAC,True,True,CGSGSARQLTF,TGTGGCTCTGGTTCTGCAAGGCAACTGACCTTT,6602,3,clonotype58,clonotype58_consensus_2
GGGCATCGTGGGTATG-1,True,GGGCATCGTGGGTATG-1_contig_3,True,470,TRA,TRAV1-1,None,TRAJ27,TRAC,True,False,None,None,97,1,clonotype58,None
GGGCATCGTTCTGTTT-1,True,GGGCATCGTTCTGTTT-1_contig_1,True,511,TRA,TRAV1-2,None,TRAJ8,TRAC,True,True,CAVRDRGGFQKLVF,TGTGCTGTGAGAGATCGGGGGGGCTTTCAGAAACTTGTATTT,900,5,clonotype2706,clonotype2706_consensus_2
GGGCATCGTTCTGTTT-1,True,GGGCATCGTTCTGTTT-1_contig_2,True,524,TRB,TRBV20-1,None,TRBJ1-5,TRBC1,True,True,CSARDRGAGNQPQHF,TGCAGTGCTAGAGATCGGGGGGCCGGCAATCAGCCCCAGCATTTT,8636,17,clonotype2706,clonotype2706_consensus_1
GGGCATCTCGAATGGG-1,True,GGGCATCTCGAATGGG-1_contig_1,True,570,TRA,TRAV8-4,None,TRAJ3,TRAC,True,True,CAVIEPGSASKIIF,TGTGCTGTGATTGAACCTGGCAGTGCTTCCAAGATAATCTTT,551,4,clonotype2707,clonotype2707_consensus_1
GGGCATCTCGAATGGG-1,True,GGGCATCTCGAATGGG-1_contig_2,True,533,TRB,TRBV20-1,None,TRBJ2-3,TRBC2,True,True,CSASRTGGPTTNTDTQYF,TGCAGTGCTAGCCGAACGGGGGGCCCCACTACTAACACAGATACGCAGTATTTT,10810,6,clonotype2707,clonotype2707_consensus_2
GGGCATCTCGAATGGG-1,True,GGGCATCTCGAATGGG-1_contig_3,True,313,TRB,None,None,TRBJ2-7,TRBC2,False,False,None,None,1305,2,clonotype2707,None
GGGCATCTCGTTGCCT-1,True,GGGCATCTCGTTGCCT-1_contig_1,True,515,TRB,TRBV20-1,None,TRBJ1-1,TRBC1,True,True,CSARDQGTEAFF,TGCAGTGCTAGAGACCAGGGGACTGAAGCTTTCTTT,1399,11,clonotype2708,clonotype2708_consensus_2
GGGCATCTCGTTGCCT-1,True,GGGCATCTCGTTGCCT-1_contig_2,True,538,TRA,TRAV6,None,TRAJ4,TRAC,True,True,CALDGRGGGYNKLIF,TGTGCTCTAGACGGGAGGGGAGGTGGCTACAATAAGCTGATTTTT,260,3,clonotype2708,clonotype2708_consensus_1
GGGCATCTCTCAAACG-1,True,GGGCATCTCTCAAACG-1_contig_1,True,505,TRA,TRAV1-2,None,TRAJ33,TRAC,True,True,CAATDSNYQLIW,TGTGCTGCGACTGATAGCAACTATCAGTTAATCTGG,364,2,clonotype1,clonotype1_consensus_2
GGGCATCTCTCAAACG-1,True,GGGCATCTCTCAAACG-1_contig_2,True,473,TRB,TRBV20-1,None,TRBJ2-1,TRBC2,True,True,CSARVGSEVNEQFF,TGCAGTGCTAGAGTGGGGTCGGAAGTCAATGAGCAGTTCTTC,1313,5,clonotype1,clonotype1_consensus_1
GGGCATCTCTCAAACG-1,True,GGGCATCTCTCAAACG-1_contig_3,True,459,TRA,TRAV10,None,TRAJ24,TRAC,True,False,None,None,388,1,clonotype1,None
GGGCATCTCTGATACG-1,True,GGGCATCTCTGATACG-1_contig_1,True,518,TRB,TRBV20-1,None,TRBJ2-7,TRBC2,True,True,CSARRDMTYEQYF,TGCAGTGCTCGGCGGGACATGACCTACGAGCAGTACTTC,2743,7,clonotype2709,clonotype2709_consensus_2
GGGCATCTCTGATACG-1,True,GGGCATCTCTGATACG-1_contig_2,True,502,TRA,TRAV17,None,TRAJ22,TRAC,True,True,CATLPPGSARQLTF,TGTGCTACCCTCCCCCCCGGTTCTGCAAGGCAACTGACCTTT,4812,6,clonotype2709,clonotype2709_consensus_1
GGGTCTGAGAAACGAG-1,True,GGGTCTGAGAAACGAG-1_contig_1,True,505,TRA,TRAV1-2,None,TRAJ33,TRAC,True,True,CAATDSNYQLIW,TGTGCTGCGACTGATAGCAACTATCAGTTAATCTGG,115,2,clonotype1,clonotype1_consensus_2
GGGTCTGAGAAACGAG-1,True,GGGTCTGAGAAACGAG-1_contig_2,True,521,TRB,TRBV20-1,None,TRBJ2-1,TRBC2,True,True,CSARVGSEVNEQFF,TGCAGTGCTAGAGTGGGGTCGGAAGTCAATGAGCAGTTCTTC,9465,11,clonotype1,clonotype1_consensus_1
GGGTCTGAGAAACGAG-1,True,GGGTCTGAGAAACGAG-1_contig_3,True,468,TRA,TRAV10,None,TRAJ24,TRAC,True,False,None,None,503,5,clonotype1,None
GGGTCTGAGATCTGAA-1,True,GGGTCTGAGATCTGAA-1_contig_1,True,536,TRB,TRBV5-5,None,TRBJ1-4,TRBC1,True,True,CASSHPGPNYATNEKLFF,TGTGCCAGCAGCCATCCCGGACCGAACTACGCAACTAATGAAAAACTGTTTTTT,1539,8,clonotype4,clonotype4_consensus_1
GGGTCTGAGCTAACAA-1,True,GGGTCTGAGCTAACAA-1_contig_1,True,456,TRA,TRAV2,None,TRAJ37,TRAC,True,True,CAVIHGSSNTGKLIF,TGTGCTGTGATACATGGCTCTAGCAACACAGGCAAACTAATCTTT,600,2,clonotype2710,clonotype2710_consensus_1
GGGTCTGAGCTAACAA-1,True,GGGTCTGAGCTAACAA-1_contig_2,True,694,TRB,TRBV5-6,None,TRBJ2-5,TRBC2,True,True,CASSLQETQYF,TGTGCCAGCAGTTTACAAGAGACCCAGTACTTC,417,4,clonotype2710,clonotype2710_consensus_2
GGGTCTGAGCTAACAA-1,True,GGGTCTGAGCTAACAA-1_contig_3,True,490,TRB,TRBV27,None,TRBJ1-2,TRBC1,True,False,None,None,468,1,clonotype2710,None
GGGTCTGAGTCCGGTC-1,True,GGGTCTGAGTCCGGTC-1_contig_1,True,521,TRB,TRBV20-1,None,TRBJ2-1,TRBC2,True,True,CSARVGSEVNEQFF,TGCAGTGCTAGAGTGGGGTCGGAAGTCAATGAGCAGTTCTTC,715,4,clonotype2,clonotype2_consensus_1
GGGTCTGAGTCCGGTC-1,True,GGGTCTGAGTCCGGTC-1_contig_2,True,482,TRA,TRAV10,None,TRAJ24,TRAC,True,False,None,None,77,3,clonotype2,None
GGGTCTGAGTGGAGAA-1,True,GGGTCTGAGTGGAGAA-1_contig_1,True,521,TRB,TRBV20-1,None,TRBJ2-1,TRBC2,True,True,CSARVGSEVNEQFF,TGCAGTGCTAGAGTGGGGTCGGAAGTCAATGAGCAGTTCTTC,8618,8,clonotype2,clonotype2_consensus_1
GGGTCTGAGTGGAGAA-1,True,GGGTCTGAGTGGAGAA-1_contig_2,True,412,TRA,TRAV10,None,TRAJ24,TRAC,True,False,None,None,51,5,clonotype2,None
GGGTCTGCAAGAGGCT-1,True,GGGTCTGCAAGAGGCT-1_contig_1,True,492,TRB,TRBV20-1,None,TRBJ2-1,TRBC2,True,True,CSARVGSEVNEQFF,TGCAGTGCTAGAGTGGGGTCGGAAGTCAATGAGCAGTTCTTC,1478,6,clonotype2,clonotype2_consensus_1
GGGTCTGCAAGAGGCT-1,True,GGGTCTGCAAGAGGCT-1_contig_2,True,355,TRA,TRAV1-2,None,TRAJ33,TRAC,True,False,CAATDSNYQLIW,TGTGCTGCGACTGATAGCAACTATCAGTTAATCTGG,11,1,clonotype2,None
GGGTCTGCAAGAGGCT-1,True,GGGTCTGCAAGAGGCT-1_contig_3,True,459,TRA,TRAV10,None,TRAJ24,TRAC,True,False,None,None,89,2,clonotype2,None
GGGTCTGCATATGCTG-1,True,GGGTCTGCATATGCTG-1_contig_1,True,459,TRA,TRAV13-1,None,TRAJ48,TRAC,True,True,CAARRFGNEKLTF,TGTGCAGCAAGGAGGTTTGGAAATGAGAAATTAACCTTT,187,3,clonotype2711,clonotype2711_consensus_2
GGGTCTGCATATGCTG-1,True,GGGTCTGCATATGCTG-1_contig_2,True,524,TRB,TRBV20-1,None,TRBJ2-2,TRBC2,True,True,CSARDQGTVTGELFF,TGCAGTGCTAGAGATCAAGGGACAGTCACCGGGGAGCTGTTTTTT,2191,9,clonotype2711,clonotype2711_consensus_1
GGGTCTGGTACGCTGC-1,True,GGGTCTGGTACGCTGC-1_contig_1,True,505,TRA,TRAV1-2,None,TRAJ33,TRAC,True,True,CAATDSNYQLIW,TGTGCTGCGACTGATAGCAACTATCAGTTAATCTGG,5721,5,clonotype1,clonotype1_consensus_2
GGGTCTGGTACGCTGC-1,True,GGGTCTGGTACGCTGC-1_contig_2,True,495,TRB,TRBV20-1,None,TRBJ2-1,TRBC2,True,True,CSARVGSEVNEQFF,TGCAGTGCTAGAGTGGGGTCGGAAGTCAATGAGCAGTTCTTC,630,4,clonotype1,clonotype1_consensus_1
GGGTCTGGTACGCTGC-1,True,GGGTCTGGTACGCTGC-1_contig_3,True,482,TRA,TRAV10,None,TRAJ24,TRAC,True,False,None,None,1016,5,clonotype1,None
GGGTCTGGTCCAAGTT-1,True,GGGTCTGGTCCAAGTT-1_contig_1,True,504,TRB,TRBV20-1,None,TRBJ2-7,TRBC2,True,True,CSARGEAGGPYEQYF,TGCAGTGCTAGAGGAGAAGCGGGGGGGCCCTACGAGCAGTACTTC,2133,8,clonotype2712,clonotype2712_consensus_2
GGGTCTGGTCCAAGTT-1,True,GGGTCTGGTCCAAGTT-1_contig_2,True,641,TRA,TRAV8-3,None,TRAJ6,TRAC,True,True,CAVGAAGGSYIPTF,TGTGCTGTGGGTGCGGCAGGAGGAAGCTACATACCTACATTT,328,2,clonotype2712,clonotype2712_consensus_1
GGGTCTGGTGCGAAAC-1,True,GGGTCTGGTGCGAAAC-1_contig_1,True,662,TRB,TRBV5-6,None,TRBJ1-1,TRBC1,True,True,CASSLWGREGRTEAFF,TGTGCCAGCAGCTTGTGGGGGCGGGAGGGGCGGACTGAAGCTTTCTTT,751,11,clonotype229,clonotype229_consensus_1
GGGTCTGGTGTTAAGA-1,True,GGGTCTGGTGTTAAGA-1_contig_1,True,505,TRA,TRAV1-2,None,TRAJ33,TRAC,True,True,CAATDSNYQLIW,TGTGCTGCGACTGATAGCAACTATCAGTTAATCTGG,114,1,clonotype1,clonotype1_consensus_2
GGGTCTGGTGTTAAGA-1,True,GGGTCTGGTGTTAAGA-1_contig_2,True,496,TRB,TRBV20-1,None,TRBJ2-1,TRBC2,True,True,CSARVGSEVNEQFF,TGCAGTGCTAGAGTGGGGTCGGAAGTCAATGAGCAGTTCTTC,543,7,clonotype1,clonotype1_consensus_1
GGGTCTGGTGTTAAGA-1,True,GGGTCTGGTGTTAAGA-1_contig_3,True,482,TRA,TRAV10,None,TRAJ24,TRAC,True,False,None,None,8838,3,clonotype1,None
GGGTCTGGTTGATTGC-1,True,GGGTCTGGTTGATTGC-1_contig_1,True,571,TRA,TRAV19,None,TRAJ18,TRAC,True,True,CALSEEGGSTLGRLYF,TGTGCTCTGAGTGAGGAGGGAGGCTCAACCCTGGGGAGGCTATACTTT,1843,8,clonotype2713,clonotype2713_consensus_1
GGGTCTGGTTGATTGC-1,True,GGGTCTGGTTGATTGC-1_contig_2,True,656,TRB,TRBV5-6,None,TRBJ2-7,TRBC2,True,True,CASSLVQGAREQYF,TGTGCCAGCAGCTTGGTCCAGGGGGCGCGGGAGCAGTACTTC,999,4,clonotype2713,clonotype2713_consensus_2
GGGTCTGTCAGCAACT-1,True,GGGTCTGTCAGCAACT-1_contig_1,True,533,TRB,TRBV20-1,None,TRBJ2-3,TRBC2,True,True,CSARDRLAGGRGTDTQYF,TGCAGTGCTAGAGACCGACTAGCGGGGGGGCGGGGAACAGATACGCAGTATTTT,1842,10,clonotype2714,clonotype2714_consensus_1
GGGTCTGTCAGCAACT-1,True,GGGTCTGTCAGCAACT-1_contig_2,True,506,TRA,TRAV13-2,None,TRAJ20,TRAC,True,True,CAETANDYKLSF,TGTGCAGAGACGGCTAACGACTACAAGCTCAGCTTT,375,5,clonotype2714,clonotype2714_consensus_2
GGGTCTGTCATGCAAC-1,True,GGGTCTGTCATGCAAC-1_contig_1,True,567,TRA,TRAV8-4,None,TRAJ34,TRAC,True,True,CAVSGPNTDKLIF,TGTGCTGTGAGTGGACCCAACACCGACAAGCTCATCTTT,1588,3,clonotype2715,clonotype2715_consensus_1
GGGTCTGTCATGCAAC-1,True,GGGTCTGTCATGCAAC-1_contig_2,True,490,TRB,TRBV5-6,None,TRBJ1-6,TRBC1,True,True,CASSFQGISSPLHF,TGTGCCAGCAGCTTTCAGGGGATAAGCTCACCCCTCCACTTT,5529,7,clonotype2715,clonotype2715_consensus_2
GGGTCTGTCATGCAAC-1,True,GGGTCTGTCATGCAAC-1_contig_3,True,465,TRA,TRAV13-1,None,TRAJ22,TRAC,True,False,None,None,238,1,clonotype2715,None
GGGTCTGTCCGGGTGT-1,True,GGGTCTGTCCGGGTGT-1_contig_1,True,521,TRB,TRBV20-1,None,TRBJ1-2,TRBC1,True,True,CSPSVGQDAYGYTF,TGCAGTCCTTCTGTTGGACAGGATGCCTATGGCTACACCTTC,2611,7,clonotype2716,clonotype2716_consensus_1
GGGTCTGTCCGGGTGT-1,True,GGGTCTGTCCGGGTGT-1_contig_2,True,478,TRA,TRAV21,None,TRAJ44,TRAC,True,True,CAVAGTASKLTF,TGTGCTGTTGCCGGCACTGCCAGTAAACTCACCTTT,775,6,clonotype2716,clonotype2716_consensus_2
GGGTCTGTCGCAGGCT-1,True,GGGTCTGTCGCAGGCT-1_contig_1,True,492,TRB,TRBV20-1,None,TRBJ2-7,TRBC2,True,True,CSAATYTYEQYF,TGCAGTGCCGCGACTTATACCTACGAGCAGTACTTC,569,8,clonotype88,clonotype88_consensus_2
GGGTCTGTCGCAGGCT-1,True,GGGTCTGTCGCAGGCT-1_contig_2,True,495,TRA,TRAV12-3,None,TRAJ40,TRAC,True,True,CAMSSGTYKYIF,TGTGCAATGAGTTCAGGAACCTACAAATACATCTTT,278,6,clonotype88,clonotype88_consensus_1
GGGTCTGTCGCTTGTC-1,True,GGGTCTGTCGCTTGTC-1_contig_1,True,527,TRB,TRBV20-1,None,TRBJ1-6,TRBC1,True,True,CSADTKGQIYNSPLHF,TGCAGTGCTGACACAAAAGGACAGATTTATAATTCACCCCTCCACTTT,8463,11,clonotype2717,clonotype2717_consensus_2
GGGTCTGTCGCTTGTC-1,True,GGGTCTGTCGCTTGTC-1_contig_2,True,491,TRA,TRAV38-2/DV8,None,TRAJ48,TRAC,True,True,CAYHNFGNEKLTF,TGTGCTTACCACAACTTTGGAAATGAGAAATTAACCTTT,1359,9,clonotype2717,clonotype2717_consensus_1
GGGTCTGTCGCTTGTC-1,True,GGGTCTGTCGCTTGTC-1_contig_3,True,368,TRB,None,None,TRBJ2-3,TRBC2,False,False,None,None,122,2,clonotype2717,None
GGGTCTGTCGCTTGTC-1,True,GGGTCTGTCGCTTGTC-1_contig_4,True,488,TRB,TRBV23-1,None,TRBJ1-2,TRBC1,True,False,None,None,322,2,clonotype2717,None
GGGTCTGTCTTGAGGT-1,True,GGGTCTGTCTTGAGGT-1_contig_1,True,502,TRA,TRAV1-2,None,TRAJ30,TRAC,True,True,CAVRDLREIIF,TGTGCTGTGAGAGATCTTCGGGAGATCATCTTT,71,4,clonotype3,clonotype3_consensus_2
GGGTCTGTCTTGAGGT-1,True,GGGTCTGTCTTGAGGT-1_contig_2,True,467,TRB,TRBV5-5,None,TRBJ1-4,TRBC1,True,True,CASSHPGPNYATNEKLFF,TGTGCCAGCAGCCATCCCGGACCGAACTACGCAACTAATGAAAAACTGTTTTTT,502,2,clonotype3,clonotype3_consensus_1
GGGTCTGTCTTGAGGT-1,True,GGGTCTGTCTTGAGGT-1_contig_3,True,392,TRB,TRBV7-3,None,TRBJ2-1,TRBC2,True,False,CQQRSLKAGGPYNEQFF,TGCCAGCAGCGGTCACTTAAAGCGGGGGGACCCTACAATGAGCAGTTCTTC,522,2,clonotype3,None
GGGTTGCAGCTAACAA-1,True,GGGTTGCAGCTAACAA-1_contig_1,True,515,TRB,TRBV20-1,None,TRBJ2-1,TRBC2,True,True,CSARYRDNEQFF,TGCAGTGCTAGGTACAGGGACAATGAGCAGTTCTTC,3245,6,clonotype49,clonotype49_consensus_1
GGGTTGCAGCTAACAA-1,True,GGGTTGCAGCTAACAA-1_contig_2,True,505,TRA,TRAV1-2,None,TRAJ33,TRAC,True,True,CAVLDSNYQLIW,TGTGCTGTGTTGGATAGCAACTATCAGTTAATCTGG,446,4,clonotype49,clonotype49_consensus_2
GGGTTGCAGCTGTCTA-1,True,GGGTTGCAGCTGTCTA-1_contig_1,True,508,TRA,TRAV20,None,TRAJ9,TRAC,True,True,CAVQAHTGGFKTIF,TGTGCTGTGCAGGCTCATACTGGAGGCTTCAAAACTATCTTT,1013,5,clonotype2718,clonotype2718_consensus_1
GGGTTGCAGCTGTCTA-1,True,GGGTTGCAGCTGTCTA-1_contig_2,True,510,TRB,TRBV20-1,None,TRBJ2-2,TRBC2,True,True,CSAREGLAGSANTGELFF,TGCAGTGCTAGAGAGGGACTAGCGGGCTCTGCGAACACCGGGGAGCTGTTTTTT,3123,11,clonotype2718,clonotype2718_consensus_2
GGGTTGCCAACTGCTA-1,True,GGGTTGCCAACTGCTA-1_contig_1,True,570,TRA,TRAV8-4,None,TRAJ39,TRAC,True,True,CAVSEWGAGNMLTF,TGTGCTGTGAGTGAATGGGGTGCAGGCAACATGCTCACCTTT,801,3,clonotype2719,clonotype2719_consensus_1
GGGTTGCCAACTGCTA-1,True,GGGTTGCCAACTGCTA-1_contig_2,True,541,TRA,TRAV12-2,None,TRAJ17,TRAC,True,True,CAVIAAGNKLTF,TGTGCCGTGATCGCTGCAGGCAACAAGCTAACTTTT,272,6,clonotype2719,clonotype2719_consensus_3
GGGTTGCCAACTGCTA-1,True,GGGTTGCCAACTGCTA-1_contig_3,True,521,TRB,TRBV20-1,None,TRBJ2-1,TRBC2,True,True,CSAREDRGINEQFF,TGCAGTGCTAGAGAGGACAGGGGGATAAATGAGCAGTTCTTC,5860,11,clonotype2719,clonotype2719_consensus_2
GGGTTGCCAATGACCT-1,True,GGGTTGCCAATGACCT-1_contig_1,True,505,TRA,TRAV1-2,None,TRAJ33,TRAC,True,True,CAATDSNYQLIW,TGTGCTGCGACTGATAGCAACTATCAGTTAATCTGG,289,2,clonotype1,clonotype1_consensus_2
GGGTTGCCAATGACCT-1,True,GGGTTGCCAATGACCT-1_contig_2,True,521,TRB,TRBV20-1,None,TRBJ2-1,TRBC2,True,True,CSARVGSEVNEQFF,TGCAGTGCTAGAGTGGGGTCGGAAGTCAATGAGCAGTTCTTC,2836,9,clonotype1,clonotype1_consensus_1
GGGTTGCCAATGACCT-1,True,GGGTTGCCAATGACCT-1_contig_3,True,463,TRA,TRAV10,None,TRAJ24,TRAC,True,False,None,None,266,3,clonotype1,None
GGGTTGCCACACCGAC-1,True,GGGTTGCCACACCGAC-1_contig_1,True,513,TRB,TRBV20-1,None,TRBJ2-1,TRBC2,True,True,CSAREFLPEHLSSYNEQFF,TGCAGTGCTAGAGAGTTCCTACCGGAACACCTGAGCTCCTACAATGAGCAGTTCTTC,2664,7,clonotype2720,clonotype2720_consensus_2
GGGTTGCCACACCGAC-1,True,GGGTTGCCACACCGAC-1_contig_2,True,562,TRA,TRAV19,None,TRAJ15,TRAC,True,True,CALSGVVGTALIF,TGTGCTCTGAGTGGGGTAGTGGGAACTGCTCTGATCTTT,156,3,clonotype2720,clonotype2720_consensus_1
GGGTTGCCACGAAACG-1,True,GGGTTGCCACGAAACG-1_contig_1,True,505,TRA,TRAV1-2,None,TRAJ33,TRAC,True,True,CAATDSNYQLIW,TGTGCTGCGACTGATAGCAACTATCAGTTAATCTGG,1416,4,clonotype1,clonotype1_consensus_2
GGGTTGCCACGAAACG-1,True,GGGTTGCCACGAAACG-1_contig_2,True,521,TRB,TRBV20-1,None,TRBJ2-1,TRBC2,True,True,CSARVGSEVNEQFF,TGCAGTGCTAGAGTGGGGTCGGAAGTCAATGAGCAGTTCTTC,2402,8,clonotype1,clonotype1_consensus_1
GGGTTGCCACGAGGTA-1,True,GGGTTGCCACGAGGTA-1_contig_1,True,505,TRA,TRAV1-2,None,TRAJ33,TRAC,True,True,CAATDSNYQLIW,TGTGCTGCGACTGATAGCAACTATCAGTTAATCTGG,275,3,clonotype1,clonotype1_consensus_2
GGGTTGCCACGAGGTA-1,True,GGGTTGCCACGAGGTA-1_contig_2,True,509,TRB,TRBV20-1,None,TRBJ2-1,TRBC2,True,True,CSARVGSEVNEQFF,TGCAGTGCTAGAGTGGGGTCGGAAGTCAATGAGCAGTTCTTC,2161,6,clonotype1,clonotype1_consensus_1
GGGTTGCCACGAGGTA-1,True,GGGTTGCCACGAGGTA-1_contig_3,True,458,TRA,TRAV10,None,TRAJ24,TRAC,True,False,None,None,59,1,clonotype1,None
GGGTTGCCAGCCACCA-1,True,GGGTTGCCAGCCACCA-1_contig_1,True,505,TRA,TRAV1-2,None,TRAJ33,TRAC,True,True,CAATDSNYQLIW,TGTGCTGCGACTGATAGCAACTATCAGTTAATCTGG,499,3,clonotype1,clonotype1_consensus_2
GGGTTGCCAGCCACCA-1,True,GGGTTGCCAGCCACCA-1_contig_2,True,521,TRB,TRBV20-1,None,TRBJ2-1,TRBC2,True,True,CSARVGSEVNEQFF,TGCAGTGCTAGAGTGGGGTCGGAAGTCAATGAGCAGTTCTTC,1803,7,clonotype1,clonotype1_consensus_1
GGGTTGCCAGCCTTTC-1,True,GGGTTGCCAGCCTTTC-1_contig_1,True,485,TRB,TRBV20-1,None,TRBJ2-1,TRBC2,True,True,CSARVGSEVNEQFF,TGCAGTGCTAGAGTGGGGTCGGAAGTCAATGAGCAGTTCTTC,1235,4,clonotype2,clonotype2_consensus_1
GGGTTGCCAGCCTTTC-1,True,GGGTTGCCAGCCTTTC-1_contig_2,True,443,TRA,TRAV10,None,TRAJ24,TRAC,True,False,None,None,37,1,clonotype2,None
GGGTTGCCAGGGCATA-1,True,GGGTTGCCAGGGCATA-1_contig_1,True,524,TRB,TRBV20-1,None,TRBJ2-2,TRBC2,True,True,CSARKPGLNAGELFF,TGCAGTGCCAGGAAGCCGGGCCTTAATGCCGGGGAGCTGTTTTTT,1767,11,clonotype2721,clonotype2721_consensus_2
GGGTTGCCAGGGCATA-1,True,GGGTTGCCAGGGCATA-1_contig_2,True,454,TRA,TRAV9-2,None,TRAJ34,TRAC,True,True,CALSDSDKLIF,TGTGCTCTGAGTGATTCCGACAAGCTCATCTTT,762,3,clonotype2721,clonotype2721_consensus_1
GGGTTGCCAGTCAGAG-1,True,GGGTTGCCAGTCAGAG-1_contig_1,True,514,TRA,TRAV26-1,None,TRAJ53,TRAC,True,True,CIVRVRFSGGSNYKLTF,TGCATCGTCAGAGTGAGATTTAGTGGAGGTAGCAACTATAAACTGACATTT,382,2,clonotype274,clonotype274_consensus_1
GGGTTGCCAGTCAGAG-1,True,GGGTTGCCAGTCAGAG-1_contig_2,True,533,TRB,TRBV20-1,None,TRBJ2-7,TRBC2,True,True,CSARAQSRGQGSPYEQYF,TGCAGTGCTAGGGCGCAGTCCCGAGGACAGGGGTCCCCCTACGAGCAGTACTTC,1673,6,clonotype274,clonotype274_consensus_2
GGGTTGCCAGTCAGAG-1,True,GGGTTGCCAGTCAGAG-1_contig_3,True,513,TRA,TRAV13-2,None,TRAJ50,TRAC,True,False,None,None,415,4,clonotype274,None
GGGTTGCCATGGAATA-1,True,GGGTTGCCATGGAATA-1_contig_1,True,512,TRA,TRAV13-2,None,TRAJ39,TRAC,True,True,CAENLGNAGNMLTF,TGTGCAGAGAATTTGGGAAATGCAGGCAACATGCTCACCTTT,751,3,clonotype2722,clonotype2722_consensus_1
GGGTTGCCATGGAATA-1,True,GGGTTGCCATGGAATA-1_contig_2,True,483,TRB,TRBV5-5,None,TRBJ1-5,TRBC1,True,True,CASSFTGAPQPQHF,TGTGCCAGCAGCTTTACAGGGGCACCTCAGCCCCAGCATTTT,8026,12,clonotype2722,clonotype2722_consensus_2
GGGTTGCGTGCTCTTC-1,True,GGGTTGCGTGCTCTTC-1_contig_1,True,505,TRA,TRAV1-2,None,TRAJ33,TRAC,True,True,CAATDSNYQLIW,TGTGCTGCGACTGATAGCAACTATCAGTTAATCTGG,575,2,clonotype1,clonotype1_consensus_2
GGGTTGCGTGCTCTTC-1,True,GGGTTGCGTGCTCTTC-1_contig_2,True,521,TRB,TRBV20-1,None,TRBJ2-1,TRBC2,True,True,CSARVGSEVNEQFF,TGCAGTGCTAGAGTGGGGTCGGAAGTCAATGAGCAGTTCTTC,1012,6,clonotype1,clonotype1_consensus_1
GGGTTGCGTGCTCTTC-1,True,GGGTTGCGTGCTCTTC-1_contig_3,True,473,TRA,TRAV10,None,TRAJ24,TRAC,True,False,None,None,79,1,clonotype1,None
GGGTTGCGTTCGTTGA-1,True,GGGTTGCGTTCGTTGA-1_contig_1,True,521,TRB,TRBV20-1,None,TRBJ2-1,TRBC2,True,True,CSARVGSEVNEQFF,TGCAGTGCTAGAGTGGGGTCGGAAGTCAATGAGCAGTTCTTC,1450,6,clonotype2,clonotype2_consensus_1
GGGTTGCGTTCGTTGA-1,True,GGGTTGCGTTCGTTGA-1_contig_2,True,482,TRA,TRAV10,None,TRAJ24,TRAC,True,False,None,None,747,3,clonotype2,None
GGGTTGCGTTTAAGCC-1,True,GGGTTGCGTTTAAGCC-1_contig_1,True,521,TRB,TRBV20-1,None,TRBJ2-1,TRBC2,True,True,CSARVGSEVNEQFF,TGCAGTGCTAGAGTGGGGTCGGAAGTCAATGAGCAGTTCTTC,384,3,clonotype2,clonotype2_consensus_1
GGGTTGCGTTTAAGCC-1,True,GGGTTGCGTTTAAGCC-1_contig_2,True,396,TRB,None,None,TRBJ1-4,TRBC1,False,False,None,None,339,2,clonotype2,None
GGGTTGCTCACATGCA-1,True,GGGTTGCTCACATGCA-1_contig_1,True,505,TRA,TRAV1-2,None,TRAJ33,TRAC,True,True,CAATDSNYQLIW,TGTGCTGCGACTGATAGCAACTATCAGTTAATCTGG,115,2,clonotype1,clonotype1_consensus_2
GGGTTGCTCACATGCA-1,True,GGGTTGCTCACATGCA-1_contig_2,True,521,TRB,TRBV20-1,None,TRBJ2-1,TRBC2,True,True,CSARVGSEVNEQFF,TGCAGTGCTAGAGTGGGGTCGGAAGTCAATGAGCAGTTCTTC,9213,7,clonotype1,clonotype1_consensus_1
GGGTTGCTCCCTAATT-1,True,GGGTTGCTCCCTAATT-1_contig_1,True,523,TRA,TRAV14/DV4,None,TRAJ42,TRAC,True,True,CAMREGGSQGNLIF,TGTGCAATGAGAGAGGGAGGAAGCCAAGGAAATCTCATCTTT,272,1,clonotype2723,clonotype2723_consensus_2
GGGTTGCTCCCTAATT-1,True,GGGTTGCTCCCTAATT-1_contig_2,True,501,TRB,TRBV20-1,None,TRBJ1-5,TRBC1,True,True,CSARVPDRFDQPQHF,TGCAGTGCTAGAGTCCCTGACAGGTTCGATCAGCCCCAGCATTTT,1372,4,clonotype2723,clonotype2723_consensus_1
GGGTTGCTCCTCAATT-1,True,GGGTTGCTCCTCAATT-1_contig_1,True,482,TRB,TRBV20-1,None,TRBJ1-2,TRBC1,True,True,CSARNHRDRGKKDGYTF,TGCAGTGCTAGAAACCACCGGGACAGGGGAAAAAAGGATGGCTACACCTTC,7901,9,clonotype2724,clonotype2724_consensus_2
GGGTTGCTCCTCAATT-1,True,GGGTTGCTCCTCAATT-1_contig_2,True,488,TRA,TRAV12-1,None,TRAJ15,TRAC,True,True,CVVNNQAGTALIF,TGTGTGGTGAACAACCAGGCAGGAACTGCTCTGATCTTT,2039,10,clonotype2724,clonotype2724_consensus_1
GGGTTGCTCCTCCTAG-1,True,GGGTTGCTCCTCCTAG-1_contig_1,True,521,TRB,TRBV20-1,None,TRBJ1-5,TRBC1,True,True,CSASRTQVNQPQHF,TGCAGTGCTAGTCGAACACAAGTCAATCAGCCCCAGCATTTT,1525,10,clonotype217,clonotype217_consensus_1
GGGTTGCTCCTCCTAG-1,True,GGGTTGCTCCTCCTAG-1_contig_2,True,520,TRA,TRAV14/DV4,None,TRAJ30,TRAC,True,True,CAMRANRDDKIIF,TGTGCAATGAGGGCGAACAGAGATGACAAGATCATCTTT,1037,5,clonotype217,clonotype217_consensus_2
GGGTTGCTCCTCGCAT-1,True,GGGTTGCTCCTCGCAT-1_contig_1,True,505,TRA,TRAV1-2,None,TRAJ33,TRAC,True,True,CAATDSNYQLIW,TGTGCTGCGACTGATAGCAACTATCAGTTAATCTGG,881,4,clonotype1,clonotype1_consensus_2
GGGTTGCTCCTCGCAT-1,True,GGGTTGCTCCTCGCAT-1_contig_2,True,498,TRB,TRBV20-1,None,TRBJ2-1,TRBC2,True,True,CSARVGSEVNEQFF,TGCAGTGCTAGAGTGGGGTCGGAAGTCAATGAGCAGTTCTTC,1531,9,clonotype1,clonotype1_consensus_1
GGGTTGCTCCTCGCAT-1,True,GGGTTGCTCCTCGCAT-1_contig_3,True,482,TRA,TRAV10,None,TRAJ24,TRAC,True,False,None,None,414,3,clonotype1,None
GGGTTGCTCGGATGTT-1,True,GGGTTGCTCGGATGTT-1_contig_1,True,521,TRB,TRBV20-1,None,TRBJ1-5,TRBC1,True,True,CSARAGTLNQPQHF,TGCAGTGCTAGGGCGGGTACGCTAAATCAGCCCCAGCATTTT,3015,9,clonotype2725,clonotype2725_consensus_1
GGTATTGAGACTAGGC-1,True,GGTATTGAGACTAGGC-1_contig_1,True,518,TRB,TRBV20-1,None,TRBJ2-7,TRBC2,True,True,CSASWPPKDEQYF,TGCAGTGCTAGTTGGCCCCCCAAAGACGAGCAGTACTTC,3207,8,clonotype271,clonotype271_consensus_1
GGTATTGAGACTAGGC-1,True,GGTATTGAGACTAGGC-1_contig_2,True,456,TRA,TRAV13-1,None,TRAJ27,TRAC,True,True,CAASIGAGKSTF,TGTGCAGCAAGTATAGGAGCAGGCAAATCAACCTTT,857,5,clonotype271,clonotype271_consensus_2
GGTATTGAGAGGGATA-1,True,GGTATTGAGAGGGATA-1_contig_1,True,533,TRB,TRBV20-1,None,TRBJ2-2,TRBC2,True,True,CSARGGLAGGPVTGELFF,TGCAGTGCTCGAGGGGGATTAGCGGGGGGGCCGGTCACCGGGGAGCTGTTTTTT,1724,11,clonotype2726,clonotype2726_consensus_1
GGTATTGAGAGGGATA-1,True,GGTATTGAGAGGGATA-1_contig_2,True,501,Multi,TRDV1,None,TRAJ31,TRAC,True,False,CALGELNNARLMF,TGTGCTCTTGGGGAACTAAACAATGCCAGACTCATGTTT,814,5,clonotype2726,None
GGTATTGAGAGGGATA-1,True,GGTATTGAGAGGGATA-1_contig_3,True,515,TRA,TRAV21,None,TRAJ57,TRAC,True,False,None,None,982,3,clonotype2726,None
GGTATTGAGATATACG-1,True,GGTATTGAGATATACG-1_contig_1,True,515,TRB,TRBV20-1,None,TRBJ1-1,TRBC1,True,True,CSASDRRSEAFF,TGCAGTGCTAGTGACAGGCGATCTGAAGCTTTCTTT,1978,9,clonotype2727,clonotype2727_consensus_1
GGTATTGAGATATACG-1,True,GGTATTGAGATATACG-1_contig_2,True,530,TRA,TRAV27,None,TRAJ15,TRAC,True,True,CAARKNQAGTALIF,TGTGCAGCAAGAAAGAACCAGGCAGGAACTGCTCTGATCTTT,248,1,clonotype2727,clonotype2727_consensus_2
GGTATTGAGATATACG-1,True,GGTATTGAGATATACG-1_contig_3,True,409,TRA,TRAV35,None,TRAJ57,TRAC,True,False,CWAQGGSEKLVF,TGCTGGGCTCAGGGCGGATCTGAAAAGCTGGTCTTT,215,2,clonotype2727,None
GGTATTGAGATATACG-1,True,GGTATTGAGATATACG-1_contig_4,True,321,TRB,None,None,TRBJ2-1,TRBC2,False,False,None,None,804,4,clonotype2727,None
GGTATTGAGCTAGTGG-1,True,GGTATTGAGCTAGTGG-1_contig_1,True,506,TRB,TRBV20-1,None,TRBJ2-1,TRBC2,True,True,CSARVGSEVNEQFF,TGCAGTGCTAGAGTGGGGTCGGAAGTCAATGAGCAGTTCTTC,884,6,clonotype2,clonotype2_consensus_1
GGTATTGAGGCCATAG-1,True,GGTATTGAGGCCATAG-1_contig_1,True,505,TRA,TRAV1-2,None,TRAJ33,TRAC,True,True,CAATDSNYQLIW,TGTGCTGCGACTGATAGCAACTATCAGTTAATCTGG,67,1,clonotype1,clonotype1_consensus_2
GGTATTGAGGCCATAG-1,True,GGTATTGAGGCCATAG-1_contig_2,True,495,TRB,TRBV20-1,None,TRBJ2-1,TRBC2,True,True,CSARVGSEVNEQFF,TGCAGTGCTAGAGTGGGGTCGGAAGTCAATGAGCAGTTCTTC,1390,7,clonotype1,clonotype1_consensus_1
GGTATTGAGGCCATAG-1,True,GGTATTGAGGCCATAG-1_contig_3,True,457,TRA,TRAV10,None,TRAJ24,TRAC,True,False,None,None,54,2,clonotype1,None
GGTATTGAGGCGACAT-1,True,GGTATTGAGGCGACAT-1_contig_1,True,492,TRB,TRBV20-1,None,TRBJ2-1,TRBC2,True,True,CSARVGSEVNEQFF,TGCAGTGCTAGAGTGGGGTCGGAAGTCAATGAGCAGTTCTTC,1148,7,clonotype2,clonotype2_consensus_1
GGTATTGAGGGAACGG-1,True,GGTATTGAGGGAACGG-1_contig_1,True,495,TRB,TRBV20-1,None,TRBJ2-1,TRBC2,True,True,CSARVGSEVNEQFF,TGCAGTGCTAGAGTGGGGTCGGAAGTCAATGAGCAGTTCTTC,575,8,clonotype2,clonotype2_consensus_1
GGTATTGAGTTACCCA-1,True,GGTATTGAGTTACCCA-1_contig_1,True,547,TRA,TRAV12-2,None,TRAJ13,TRAC,True,True,CAVVDSGGYQKVTF,TGTGCCGTGGTGGATTCTGGGGGTTACCAGAAAGTTACCTTT,1027,9,clonotype116,clonotype116_consensus_1
GGTATTGAGTTACCCA-1,True,GGTATTGAGTTACCCA-1_contig_2,True,524,TRB,TRBV20-1,None,TRBJ2-1,TRBC2,True,True,CSALGLAGAGNEQFF,TGCAGTGCTCTCGGACTAGCGGGGGCCGGCAATGAGCAGTTCTTC,1139,8,clonotype116,clonotype116_consensus_2
GGTATTGCACGAAACG-1,True,GGTATTGCACGAAACG-1_contig_1,True,521,TRB,TRBV20-1,None,TRBJ1-1,TRBC1,True,True,CSARGTGPPAEAFF,TGCAGTGCTAGGGGGACAGGTCCCCCAGCTGAAGCTTTCTTT,1062,5,clonotype2728,clonotype2728_consensus_1
GGTATTGCACGAAACG-1,True,GGTATTGCACGAAACG-1_contig_2,True,671,TRA,TRAV8-3,None,TRAJ15,TRAC,True,True,CAVNQAGTALIF,TGTGCTGTGAACCAGGCAGGAACTGCTCTGATCTTT,750,4,clonotype2728,clonotype2728_consensus_2
GGTATTGCACGTAAGG-1,True,GGTATTGCACGTAAGG-1_contig_1,True,505,TRA,TRAV1-2,None,TRAJ33,TRAC,True,True,CAATDSNYQLIW,TGTGCTGCGACTGATAGCAACTATCAGTTAATCTGG,6796,5,clonotype1,clonotype1_consensus_2
GGTATTGCACGTAAGG-1,True,GGTATTGCACGTAAGG-1_contig_2,True,521,TRB,TRBV20-1,None,TRBJ2-1,TRBC2,True,True,CSARVGSEVNEQFF,TGCAGTGCTAGAGTGGGGTCGGAAGTCAATGAGCAGTTCTTC,975,8,clonotype1,clonotype1_consensus_1
GGTATTGCAGCTGCTG-1,True,GGTATTGCAGCTGCTG-1_contig_1,True,485,TRA,TRAV38-1,None,TRAJ24,TRAC,True,True,CAFRNSWGKLQF,TGTGCTTTCCGCAACAGCTGGGGGAAATTGCAGTTT,467,3,clonotype2729,clonotype2729_consensus_2
GGTATTGCAGCTGCTG-1,True,GGTATTGCAGCTGCTG-1_contig_2,True,521,TRB,TRBV20-1,None,TRBJ2-5,TRBC2,True,True,CSATTGSSGETQYF,TGCAGTGCTACGACAGGATCTTCAGGAGAGACCCAGTACTTC,2222,9,clonotype2729,clonotype2729_consensus_1
GGTATTGCAGGGTACA-1,True,GGTATTGCAGGGTACA-1_contig_1,True,501,TRB,TRBV6-6,None,TRBJ2-2,TRBC2,True,True,CASSYYRVKDTGELFF,TGTGCCAGCAGTTATTACAGGGTAAAAGACACCGGGGAGCTGTTTTTT,9781,19,clonotype364,clonotype364_consensus_1
GGTATTGCAGGGTACA-1,True,GGTATTGCAGGGTACA-1_contig_2,True,456,TRA,TRAV13-1,None,TRAJ43,TRAC,True,True,CAASISNNDMRF,TGTGCAGCAAGTATTAGTAACAATGACATGCGCTTT,7308,11,clonotype364,clonotype364_consensus_2
GGTATTGGTAGCTCCG-1,True,GGTATTGGTAGCTCCG-1_contig_1,True,505,TRA,TRAV1-2,None,TRAJ33,TRAC,True,True,CAATDSNYQLIW,TGTGCTGCGACTGATAGCAACTATCAGTTAATCTGG,194,2,clonotype1,clonotype1_consensus_2
GGTATTGGTAGCTCCG-1,True,GGTATTGGTAGCTCCG-1_contig_2,True,521,TRB,TRBV20-1,None,TRBJ2-1,TRBC2,True,True,CSARVGSEVNEQFF,TGCAGTGCTAGAGTGGGGTCGGAAGTCAATGAGCAGTTCTTC,2725,11,clonotype1,clonotype1_consensus_1
GGTATTGGTCCCTTGT-1,True,GGTATTGGTCCCTTGT-1_contig_1,True,492,TRA,TRAV12-3,None,TRAJ26,TRAC,True,True,CASGYGQNFVF,TGTGCCAGCGGCTATGGTCAGAATTTTGTCTTT,2829,9,clonotype320,clonotype320_consensus_2
GGTATTGGTCCCTTGT-1,True,GGTATTGGTCCCTTGT-1_contig_2,True,527,TRB,TRBV20-1,None,TRBJ2-6,TRBC2,True,True,CSAHQQVSTGANVLTF,TGCAGTGCGCACCAACAGGTATCCACTGGGGCCAACGTCCTGACTTTC,1569,11,clonotype320,clonotype320_consensus_1
GGTATTGGTCCGAGTC-1,True,GGTATTGGTCCGAGTC-1_contig_1,True,530,TRB,TRBV20-1,None,TRBJ1-5,TRBC1,True,True,CSARDFGETGIGLPQHF,TGCAGTGCTAGAGATTTTGGGGAAACAGGGATAGGACTGCCCCAGCATTTT,6522,10,clonotype2730,clonotype2730_consensus_1
GGTATTGGTCCGAGTC-1,True,GGTATTGGTCCGAGTC-1_contig_2,True,517,TRA,TRAV14/DV4,None,TRAJ31,TRAC,True,True,CAMREPLARLMF,TGTGCAATGAGAGAGCCACTTGCCAGACTCATGTTT,1449,6,clonotype2730,clonotype2730_consensus_2
GGTATTGGTCCGAGTC-1,True,GGTATTGGTCCGAGTC-1_contig_3,True,412,TRA,TRAV26-2,None,TRAJ6,TRAC,True,False,CILRDVIEEEATYLHLEEEPALLF,TGCATCCTGAGAGACGTAATTGAGGAGGAAGCTACATACCTACATTTGGAAGAGGAACCAGCCTTATTGTTC,4357,1,clonotype2730,None
GGTATTGGTCTGCCAG-1,True,GGTATTGGTCTGCCAG-1_contig_1,True,524,TRB,TRBV20-1,None,TRBJ2-5,TRBC2,True,True,CSARDPAGAGETQYF,TGCAGTGCTAGAGATCCGGCGGGGGCGGGAGAGACCCAGTACTTC,2008,10,clonotype2731,clonotype2731_consensus_1
GGTATTGGTCTGCCAG-1,True,GGTATTGGTCTGCCAG-1_contig_2,True,580,TRA,TRAV17,None,TRAJ20,TRAC,True,True,CATAPNDYKLSF,TGTGCTACGGCCCCTAACGACTACAAGCTCAGCTTT,682,4,clonotype2731,clonotype2731_consensus_2
GGTATTGGTTAAAGAC-1,True,GGTATTGGTTAAAGAC-1_contig_1,True,505,TRA,TRAV1-2,None,TRAJ33,TRAC,True,True,CAATDSNYQLIW,TGTGCTGCGACTGATAGCAACTATCAGTTAATCTGG,363,2,clonotype1,clonotype1_consensus_2
GGTATTGGTTAAAGAC-1,True,GGTATTGGTTAAAGAC-1_contig_2,True,498,TRB,TRBV20-1,None,TRBJ2-1,TRBC2,True,True,CSARVGSEVNEQFF,TGCAGTGCTAGAGTGGGGTCGGAAGTCAATGAGCAGTTCTTC,1657,8,clonotype1,clonotype1_consensus_1
GGTATTGGTTGTTTGG-1,True,GGTATTGGTTGTTTGG-1_contig_1,True,505,TRA,TRAV1-2,None,TRAJ33,TRAC,True,True,CAATDSNYQLIW,TGTGCTGCGACTGATAGCAACTATCAGTTAATCTGG,494,5,clonotype1,clonotype1_consensus_2
GGTATTGGTTGTTTGG-1,True,GGTATTGGTTGTTTGG-1_contig_2,True,521,TRB,TRBV20-1,None,TRBJ2-1,TRBC2,True,True,CSARVGSEVNEQFF,TGCAGTGCTAGAGTGGGGTCGGAAGTCAATGAGCAGTTCTTC,3164,8,clonotype1,clonotype1_consensus_1
GGTATTGGTTGTTTGG-1,True,GGTATTGGTTGTTTGG-1_contig_3,True,482,TRA,TRAV10,None,TRAJ24,TRAC,True,False,None,None,223,1,clonotype1,None
GGTATTGTCCGAGCCA-1,True,GGTATTGTCCGAGCCA-1_contig_1,True,527,TRB,TRBV20-1,None,TRBJ1-2,TRBC1,True,True,CSARDRIKGSNYGYTF,TGCAGTGCTAGAGATCGAATAAAGGGTTCTAACTATGGCTACACCTTC,621,4,clonotype2732,clonotype2732_consensus_1
GGTATTGTCCGAGCCA-1,True,GGTATTGTCCGAGCCA-1_contig_2,True,527,TRA,TRAV27,None,TRAJ39,TRAC,True,True,CAGSEGAGNMLTF,TGTGCAGGATCTGAGGGAGCAGGCAACATGCTCACCTTT,1398,8,clonotype2732,clonotype2732_consensus_3
GGTATTGTCCGAGCCA-1,True,GGTATTGTCCGAGCCA-1_contig_3,True,487,TRB,TRBV5-6,None,TRBJ1-2,TRBC1,True,True,CASSLVAGNGYTF,TGTGCCAGCAGCTTGGTTGCAGGGAATGGCTACACCTTC,509,2,clonotype2732,clonotype2732_consensus_2
GGTATTGTCCGAGCCA-1,True,GGTATTGTCCGAGCCA-1_contig_4,True,548,TRA,TRAV12-2,None,TRAJ42,TRAC,True,False,None,None,179,2,clonotype2732,None
GGTATTGTCCGAGCCA-1,True,GGTATTGTCCGAGCCA-1_contig_5,True,338,TRB,None,None,TRBJ1-6,TRBC1,False,False,None,None,2584,7,clonotype2732,None
GGTATTGTCTGTTGAG-1,True,GGTATTGTCTGTTGAG-1_contig_1,True,495,TRB,TRBV20-1,None,TRBJ1-2,TRBC1,True,True,CSALRQGLWVYTF,TGCAGTGCTCTACGACAGGGCCTTTGGGTCTACACCTTC,4562,7,clonotype173,clonotype173_consensus_2
GGTATTGTCTGTTGAG-1,True,GGTATTGTCTGTTGAG-1_contig_2,True,527,TRA,TRAV27,None,TRAJ11,TRAC,True,True,CAGASEGYSTLTF,TGTGCAGGAGCCTCGGAAGGATACAGCACCCTCACCTTT,152,4,clonotype173,clonotype173_consensus_1
GGTGAAGAGATCACGG-1,True,GGTGAAGAGATCACGG-1_contig_1,True,518,TRB,TRBV20-1,None,TRBJ1-2,TRBC1,True,True,CSATATARDGYTF,TGCAGTGCTACCGCGACCGCCCGGGATGGCTACACCTTC,621,3,clonotype2733,clonotype2733_consensus_1
GGTGAAGAGATCACGG-1,True,GGTGAAGAGATCACGG-1_contig_2,True,497,TRA,TRAV26-1,None,TRAJ32,TRAC,True,True,CIVSGGATNKLIF,TGCATCGTCTCTGGTGGTGCTACAAACAAGCTCATCTTT,10015,1,clonotype2733,clonotype2733_consensus_2
GGTGAAGAGATCACGG-1,True,GGTGAAGAGATCACGG-1_contig_3,True,410,TRB,None,None,TRBJ1-6,TRBC1,False,False,None,None,1352,7,clonotype2733,None
GGTGAAGAGGCAATTA-1,True,GGTGAAGAGGCAATTA-1_contig_1,True,475,TRB,TRBV5-6,None,TRBJ1-1,TRBC1,True,True,CASSLGFDTEAFF,TGTGCCAGCAGCTTGGGGTTTGACACTGAAGCTTTCTTT,7723,19,clonotype2734,clonotype2734_consensus_2
GGTGAAGAGGCAATTA-1,True,GGTGAAGAGGCAATTA-1_contig_2,True,482,TRA,TRAV35,None,TRAJ20,TRAC,True,True,CAGRSSNDYKLSF,TGTGCTGGGAGAAGTTCTAACGACTACAAGCTCAGCTTT,500,8,clonotype2734,clonotype2734_consensus_1
GGTGAAGAGGCAATTA-1,True,GGTGAAGAGGCAATTA-1_contig_3,True,395,TRB,None,None,TRBJ2-3,TRBC2,False,False,None,None,343,5,clonotype2734,None
GGTGAAGAGGGCTTCC-1,True,GGTGAAGAGGGCTTCC-1_contig_1,True,496,TRB,TRBV20-1,None,TRBJ2-1,TRBC2,True,True,CSARVGSEVNEQFF,TGCAGTGCTAGAGTGGGGTCGGAAGTCAATGAGCAGTTCTTC,1429,4,clonotype2,clonotype2_consensus_1
GGTGAAGAGTCAAGCG-1,True,GGTGAAGAGTCAAGCG-1_contig_1,True,505,TRA,TRAV1-2,None,TRAJ33,TRAC,True,True,CAATDSNYQLIW,TGTGCTGCGACTGATAGCAACTATCAGTTAATCTGG,104,1,clonotype1,clonotype1_consensus_2
GGTGAAGAGTCAAGCG-1,True,GGTGAAGAGTCAAGCG-1_contig_2,True,521,TRB,TRBV20-1,None,TRBJ2-1,TRBC2,True,True,CSARVGSEVNEQFF,TGCAGTGCTAGAGTGGGGTCGGAAGTCAATGAGCAGTTCTTC,2002,8,clonotype1,clonotype1_consensus_1
GGTGAAGAGTCAAGCG-1,True,GGTGAAGAGTCAAGCG-1_contig_3,True,461,TRA,TRAV10,None,TRAJ24,TRAC,True,False,None,None,7221,4,clonotype1,None
GGTGAAGCACCGTTGG-1,True,GGTGAAGCACCGTTGG-1_contig_1,True,532,TRA,TRAV14/DV4,None,TRAJ49,TRAC,True,True,CAMREALTRMVGNQFYF,TGTGCAATGAGAGAGGCCCTAACAAGAATGGTGGGTAACCAGTTCTATTTT,952,3,clonotype233,clonotype233_consensus_2
GGTGAAGCACCGTTGG-1,True,GGTGAAGCACCGTTGG-1_contig_2,True,485,TRB,TRBV5-5,None,TRBJ1-6,TRBC1,True,True,CASSLSGFYNSPLHF,TGTGCCAGCAGCTTGTCAGGATTCTATAATTCACCCCTCCACTTT,3628,16,clonotype233,clonotype233_consensus_1
GGTGAAGCACCGTTGG-1,True,GGTGAAGCACCGTTGG-1_contig_3,True,401,Multi,TRDV2,None,None,TRAC,False,False,None,None,1762,8,clonotype233,None
GGTGAAGCATTCCTGC-1,True,GGTGAAGCATTCCTGC-1_contig_1,True,505,TRA,TRAV1-2,None,TRAJ33,TRAC,True,True,CAATDSNYQLIW,TGTGCTGCGACTGATAGCAACTATCAGTTAATCTGG,697,6,clonotype1,clonotype1_consensus_2
GGTGAAGCATTCCTGC-1,True,GGTGAAGCATTCCTGC-1_contig_2,True,521,TRB,TRBV20-1,None,TRBJ2-1,TRBC2,True,True,CSARVGSEVNEQFF,TGCAGTGCTAGAGTGGGGTCGGAAGTCAATGAGCAGTTCTTC,2104,11,clonotype1,clonotype1_consensus_1
GGTGAAGCATTCCTGC-1,True,GGTGAAGCATTCCTGC-1_contig_3,True,328,TRB,None,None,TRBJ1-6,TRBC1,False,False,None,None,528,2,clonotype1,None
GGTGAAGGTAAGAGGA-1,True,GGTGAAGGTAAGAGGA-1_contig_1,True,668,TRB,TRBV5-6,None,TRBJ2-1,TRBC2,True,True,CASSSGLINEQFF,TGTGCCAGCAGCTCTGGACTAATCAATGAGCAGTTCTTC,3013,12,clonotype2735,clonotype2735_consensus_1
GGTGAAGGTATGAATG-1,True,GGTGAAGGTATGAATG-1_contig_1,True,517,TRA,TRAV1-2,None,TRAJ3,TRAC,True,True,CAVRDQGPSSASKIIF,TGTGCTGTGAGAGATCAAGGGCCCAGCAGTGCTTCCAAGATAATCTTT,2376,6,clonotype2736,clonotype2736_consensus_2
GGTGAAGGTATGAATG-1,True,GGTGAAGGTATGAATG-1_contig_2,True,661,TRB,TRBV5-6,None,TRBJ2-3,TRBC2,True,True,CASSWDSSSTDTQYF,TGTGCCAGCAGCTGGGACAGTTCTAGCACAGATACGCAGTATTTT,1211,7,clonotype2736,clonotype2736_consensus_1
GGTGAAGGTATGAATG-1,True,GGTGAAGGTATGAATG-1_contig_3,True,364,TRB,TRBV11-3,None,TRBJ1-3,TRBC1,True,False,None,None,297,1,clonotype2736,None
GGTGAAGGTCAGATAA-1,True,GGTGAAGGTCAGATAA-1_contig_1,True,473,TRA,TRAV1-2,None,TRAJ33,TRAC,True,True,CAATDSNYQLIW,TGTGCTGCGACTGATAGCAACTATCAGTTAATCTGG,745,5,clonotype1,clonotype1_consensus_2
GGTGAAGGTCAGATAA-1,True,GGTGAAGGTCAGATAA-1_contig_2,True,496,TRB,TRBV20-1,None,TRBJ2-1,TRBC2,True,True,CSARVGSEVNEQFF,TGCAGTGCTAGAGTGGGGTCGGAAGTCAATGAGCAGTTCTTC,438,8,clonotype1,clonotype1_consensus_1
GGTGAAGGTGCAACTT-1,True,GGTGAAGGTGCAACTT-1_contig_1,True,521,TRB,TRBV20-1,None,TRBJ2-1,TRBC2,True,True,CSARVGSEVNEQFF,TGCAGTGCTAGAGTGGGGTCGGAAGTCAATGAGCAGTTCTTC,2058,7,clonotype2,clonotype2_consensus_1
GGTGAAGGTGGTAACG-1,True,GGTGAAGGTGGTAACG-1_contig_1,True,505,TRA,TRAV1-2,None,TRAJ33,TRAC,True,True,CAATDSNYQLIW,TGTGCTGCGACTGATAGCAACTATCAGTTAATCTGG,705,1,clonotype1,clonotype1_consensus_2
GGTGAAGGTGGTAACG-1,True,GGTGAAGGTGGTAACG-1_contig_2,True,521,TRB,TRBV20-1,None,TRBJ2-1,TRBC2,True,True,CSARVGSEVNEQFF,TGCAGTGCTAGAGTGGGGTCGGAAGTCAATGAGCAGTTCTTC,1880,5,clonotype1,clonotype1_consensus_1
GGTGAAGGTGGTAACG-1,True,GGTGAAGGTGGTAACG-1_contig_3,True,440,TRA,TRAV10,None,TRAJ24,TRAC,True,False,None,None,155,3,clonotype1,None
GGTGAAGGTGGTGTAG-1,True,GGTGAAGGTGGTGTAG-1_contig_1,True,518,TRB,TRBV5-5,None,TRBJ1-2,TRBC1,True,True,CASSWDTYGYTF,TGTGCCAGCAGCTGGGACACATATGGCTACACCTTC,2244,15,clonotype2737,clonotype2737_consensus_1
GGTGAAGGTGTTCTTT-1,True,GGTGAAGGTGTTCTTT-1_contig_1,True,570,TRA,TRAV8-4,None,TRAJ29,TRAC,True,True,CAVTGLSGNTPLVF,TGTGCTGTGACCGGCCTTTCAGGAAACACACCTCTTGTCTTT,434,3,clonotype20,clonotype20_consensus_2
GGTGAAGGTGTTCTTT-1,True,GGTGAAGGTGTTCTTT-1_contig_2,True,521,TRB,TRBV20-1,None,TRBJ1-1,TRBC1,True,True,CSATDRARYTEAFF,TGCAGTGCCACGGACAGGGCGAGGTACACTGAAGCTTTCTTT,1887,7,clonotype20,clonotype20_consensus_1
GGTGAAGGTGTTCTTT-1,True,GGTGAAGGTGTTCTTT-1_contig_3,True,496,TRB,TRBV6-5,None,TRBJ2-3,TRBC2,True,False,None,None,216,2,clonotype20,None
GGTGAAGTCAATCACG-1,True,GGTGAAGTCAATCACG-1_contig_1,True,505,TRA,TRAV20,None,TRAJ13,TRAC,True,True,CAVWAGGYQKVTF,TGTGCTGTGTGGGCTGGGGGTTACCAGAAAGTTACCTTT,1688,6,clonotype2738,clonotype2738_consensus_2
GGTGAAGTCAATCACG-1,True,GGTGAAGTCAATCACG-1_contig_2,True,512,TRB,TRBV20-1,None,TRBJ1-1,TRBC1,True,True,CSARQGTEAFF,TGCAGTGCTAGACAGGGAACCGAAGCTTTCTTT,3312,11,clonotype2738,clonotype2738_consensus_1
GGTGAAGTCCGCGGTA-1,True,GGTGAAGTCCGCGGTA-1_contig_1,True,518,TRB,TRBV20-1,None,TRBJ2-7,TRBC2,True,True,CSARDITTYEQYF,TGCAGTGCTAGAGATATAACTACTTACGAGCAGTACTTC,882,6,clonotype160,clonotype160_consensus_1
GGTGAAGTCCGCGGTA-1,True,GGTGAAGTCCGCGGTA-1_contig_2,True,484,TRA,TRAV21,None,TRAJ57,TRAC,True,True,CAVHPLGGSEKLVF,TGTGCTGTCCATCCCTTAGGCGGATCTGAAAAGCTGGTCTTT,287,4,clonotype160,clonotype160_consensus_2
GGTGAAGTCGGTCCGA-1,True,GGTGAAGTCGGTCCGA-1_contig_1,True,509,TRA,TRAV13-2,None,TRAJ45,TRAC,True,True,CAEKGGGADGLTF,TGTGCAGAGAAGGGAGGAGGTGCTGACGGACTCACCTTT,126,4,clonotype2739,clonotype2739_consensus_2
GGTGAAGTCGGTCCGA-1,True,GGTGAAGTCGGTCCGA-1_contig_2,True,530,TRB,TRBV20-1,None,TRBJ1-2,TRBC1,True,True,CSARSLGTPGTRYGYTF,TGCAGTGCTAGATCCCTGGGAACTCCCGGGACGCGCTATGGCTACACCTTC,4616,10,clonotype2739,clonotype2739_consensus_1
GGTGCGTAGACTTTCG-1,True,GGTGCGTAGACTTTCG-1_contig_1,True,518,TRB,TRBV20-1,None,TRBJ1-1,TRBC1,True,True,CSAREANTEAFF,TGCAGTGCTAGAGAGGCTAACACTGAAGCTTTCTTT,457,8,clonotype141,clonotype141_consensus_1
GGTGCGTAGAGCCCAA-1,True,GGTGCGTAGAGCCCAA-1_contig_1,True,518,TRB,TRBV20-1,None,TRBJ2-7,TRBC2,True,True,CSARDRSSYEQYF,TGCAGTGCCAGAGACAGGAGCTCCTACGAGCAGTACTTC,2907,12,clonotype300,clonotype300_consensus_2
GGTGCGTAGAGCCCAA-1,True,GGTGCGTAGAGCCCAA-1_contig_2,True,571,TRA,TRAV16,None,TRAJ10,TRAC,True,True,CALSGLGGGGNKLTF,TGTGCTCTAAGTGGCCTCGGGGGAGGAGGAAACAAACTCACCTTT,844,7,clonotype300,clonotype300_consensus_1
GGTGCGTAGGACGAAA-1,True,GGTGCGTAGGACGAAA-1_contig_1,True,449,TRA,TRAV9-2,None,TRAJ13,TRAC,True,True,CALNLEGYQKVTF,TGTGCTCTGAACTTAGAGGGTTACCAGAAAGTTACCTTT,856,5,clonotype6,clonotype6_consensus_1
GGTGCGTAGGACGAAA-1,True,GGTGCGTAGGACGAAA-1_contig_2,True,632,TRB,TRBV5-6,None,TRBJ1-5,TRBC1,True,True,CASSFRGGANQPQHF,TGTGCCAGCAGCTTTCGAGGGGGCGCGAATCAGCCCCAGCATTTT,1511,9,clonotype6,clonotype6_consensus_2
GGTGCGTAGGGATGGG-1,True,GGTGCGTAGGGATGGG-1_contig_1,True,518,TRB,TRBV20-1,None,TRBJ2-2,TRBC2,True,True,CTATAGGTGELFF,TGCACAGCCACTGCAGGGGGCACCGGGGAGCTGTTTTTT,2059,9,clonotype365,clonotype365_consensus_1
GGTGCGTAGGGATGGG-1,True,GGTGCGTAGGGATGGG-1_contig_2,True,502,TRA,TRAV23/DV6,None,TRAJ49,TRAC,True,True,CAAPSGNQFYF,TGTGCAGCGCCTAGCGGTAACCAGTTCTATTTT,558,3,clonotype365,clonotype365_consensus_2
GGTGCGTAGGGATGGG-1,True,GGTGCGTAGGGATGGG-1_contig_3,True,549,TRA,TRAV26-1,None,TRAJ43,TRAC,True,True,CIVRVSINDMRF,TGCATCGTCAGAGTATCTATCAATGACATGCGCTTT,743,2,clonotype365,clonotype365_consensus_3
GGTGCGTAGTCAAGCG-1,True,GGTGCGTAGTCAAGCG-1_contig_1,True,667,TRB,TRBV5-5,None,TRBJ1-1,TRBC1,True,True,CASGAGAKDEAFF,TGTGCCAGCGGGGCGGGGGCTAAGGATGAAGCTTTCTTT,461,5,clonotype2740,clonotype2740_consensus_1
GGTGCGTAGTCAAGCG-1,True,GGTGCGTAGTCAAGCG-1_contig_2,True,543,TRA,TRAV26-1,None,TRAJ45,TRAC,True,False,None,None,83,1,clonotype2740,None
GGTGCGTCAAGTTAAG-1,True,GGTGCGTCAAGTTAAG-1_contig_1,True,521,TRB,TRBV20-1,None,TRBJ2-3,TRBC2,True,True,CSARAGGPTDTQYF,TGCAGTGCTAGAGCGGGGGGCCCCACAGATACGCAGTATTTT,1046,7,clonotype2741,clonotype2741_consensus_1
GGTGCGTCATGCTGGC-1,True,GGTGCGTCATGCTGGC-1_contig_1,True,527,TRB,TRBV20-1,None,TRBJ1-5,TRBC1,True,True,CSARPMGIGGNQPQHF,TGCAGTGCCCGCCCTATGGGGATTGGGGGCAATCAGCCCCAGCATTTT,3191,10,clonotype56,clonotype56_consensus_1
GGTGCGTCATGCTGGC-1,True,GGTGCGTCATGCTGGC-1_contig_2,True,540,TRA,TRAV12-2,None,TRAJ16,TRAC,True,True,CAVTALGQKLLF,TGTGCCGTGACAGCCCTAGGCCAGAAGCTGCTCTTT,63,1,clonotype56,clonotype56_consensus_2
GGTGCGTCATGCTGGC-1,True,GGTGCGTCATGCTGGC-1_contig_3,True,370,TRB,None,None,TRBJ2-7,TRBC2,False,False,None,None,2858,9,clonotype56,None
GGTGCGTCATGCTGGC-1,True,GGTGCGTCATGCTGGC-1_contig_4,True,450,TRA,TRAV4,None,TRAJ6,TRAC,True,False,CLVGAWEEATYLHLEEEPALLF,TGCCTCGTGGGGGCCTGGGAGGAAGCTACATACCTACATTTGGAAGAGGAACCAGCCTTATTGTTC,193,3,clonotype56,None
GGTGCGTGTAAAGGAG-1,True,GGTGCGTGTAAAGGAG-1_contig_1,True,482,TRA,TRAV1-2,None,TRAJ33,TRAC,True,True,CAATDSNYQLIW,TGTGCTGCGACTGATAGCAACTATCAGTTAATCTGG,348,1,clonotype1,clonotype1_consensus_2
GGTGCGTGTAAAGGAG-1,True,GGTGCGTGTAAAGGAG-1_contig_2,True,505,TRB,TRBV20-1,None,TRBJ2-1,TRBC2,True,True,CSARVGSEVNEQFF,TGCAGTGCTAGAGTGGGGTCGGAAGTCAATGAGCAGTTCTTC,1640,9,clonotype1,clonotype1_consensus_1
GGTGCGTGTAAAGGAG-1,True,GGTGCGTGTAAAGGAG-1_contig_3,True,467,TRA,TRAV10,None,TRAJ24,TRAC,True,False,None,None,227,1,clonotype1,None
GGTGCGTGTCTGGTCG-1,True,GGTGCGTGTCTGGTCG-1_contig_1,True,505,TRA,TRAV1-2,None,TRAJ33,TRAC,True,True,CAATDSNYQLIW,TGTGCTGCGACTGATAGCAACTATCAGTTAATCTGG,629,1,clonotype1,clonotype1_consensus_2
GGTGCGTGTCTGGTCG-1,True,GGTGCGTGTCTGGTCG-1_contig_2,True,521,TRB,TRBV20-1,None,TRBJ2-1,TRBC2,True,True,CSARVGSEVNEQFF,TGCAGTGCTAGAGTGGGGTCGGAAGTCAATGAGCAGTTCTTC,1577,7,clonotype1,clonotype1_consensus_1
GGTGCGTGTCTGGTCG-1,True,GGTGCGTGTCTGGTCG-1_contig_3,True,465,TRA,TRAV10,None,TRAJ24,TRAC,True,False,None,None,355,1,clonotype1,None
GGTGCGTGTGTATGGG-1,True,GGTGCGTGTGTATGGG-1_contig_1,True,505,TRA,TRAV1-2,None,TRAJ33,TRAC,True,True,CAATDSNYQLIW,TGTGCTGCGACTGATAGCAACTATCAGTTAATCTGG,137,4,clonotype1,clonotype1_consensus_2
GGTGCGTGTGTATGGG-1,True,GGTGCGTGTGTATGGG-1_contig_2,True,498,TRB,TRBV20-1,None,TRBJ2-1,TRBC2,True,True,CSARVGSEVNEQFF,TGCAGTGCTAGAGTGGGGTCGGAAGTCAATGAGCAGTTCTTC,2216,7,clonotype1,clonotype1_consensus_1
GGTGCGTGTTCGCGAC-1,True,GGTGCGTGTTCGCGAC-1_contig_1,True,505,TRA,TRAV1-2,None,TRAJ33,TRAC,True,True,CAATDSNYQLIW,TGTGCTGCGACTGATAGCAACTATCAGTTAATCTGG,274,3,clonotype1,clonotype1_consensus_2
GGTGCGTGTTCGCGAC-1,True,GGTGCGTGTTCGCGAC-1_contig_2,True,498,TRB,TRBV20-1,None,TRBJ2-1,TRBC2,True,True,CSARVGSEVNEQFF,TGCAGTGCTAGAGTGGGGTCGGAAGTCAATGAGCAGTTCTTC,1755,9,clonotype1,clonotype1_consensus_1
GGTGCGTGTTCGCGAC-1,True,GGTGCGTGTTCGCGAC-1_contig_3,True,465,TRA,TRAV10,None,TRAJ24,TRAC,True,False,None,None,245,2,clonotype1,None
GGTGCGTTCACAATGC-1,True,GGTGCGTTCACAATGC-1_contig_1,True,479,TRB,TRBV20-1,None,TRBJ1-1,TRBC1,True,True,CSASARGTEAFF,TGCAGTGCTAGTGCTAGGGGCACTGAAGCTTTCTTT,1872,7,clonotype2742,clonotype2742_consensus_1
GGTGCGTTCACAATGC-1,True,GGTGCGTTCACAATGC-1_contig_2,True,480,TRA,TRAV4,None,TRAJ20,TRAC,True,True,CLVGDYDYKLSF,TGCCTCGTGGGTGATTACGACTACAAGCTCAGCTTT,124,2,clonotype2742,clonotype2742_consensus_3
GGTGCGTTCACAATGC-1,True,GGTGCGTTCACAATGC-1_contig_3,True,498,TRB,TRBV20-1,None,TRBJ1-4,TRBC1,True,True,CSAERPFHEEKLFF,TGCAGTGCCGAAAGACCGTTTCATGAGGAAAAACTGTTTTTT,309,3,clonotype2742,clonotype2742_consensus_2
GGTGCGTTCACGCGGT-1,True,GGTGCGTTCACGCGGT-1_contig_1,True,568,TRA,TRAV19,None,TRAJ49,TRAC,True,True,CALSEAWNTGNQFYF,TGTGCTCTGAGTGAGGCATGGAACACCGGTAACCAGTTCTATTTT,1684,5,clonotype2743,clonotype2743_consensus_1
GGTGCGTTCACGCGGT-1,True,GGTGCGTTCACGCGGT-1_contig_2,True,655,TRB,TRBV5-6,None,TRBJ1-3,TRBC1,True,True,CASSPGTAGNTIYF,TGTGCCAGCAGCCCGGGGACGGCTGGAAACACCATATATTTT,1667,6,clonotype2743,clonotype2743_consensus_2
GGTGCGTTCCCAAGTA-1,True,GGTGCGTTCCCAAGTA-1_contig_1,True,505,TRA,TRAV1-2,None,TRAJ33,TRAC,True,True,CAATDSNYQLIW,TGTGCTGCGACTGATAGCAACTATCAGTTAATCTGG,207,2,clonotype1,clonotype1_consensus_2
GGTGCGTTCCCAAGTA-1,True,GGTGCGTTCCCAAGTA-1_contig_2,True,521,TRB,TRBV20-1,None,TRBJ2-1,TRBC2,True,True,CSARVGSEVNEQFF,TGCAGTGCTAGAGTGGGGTCGGAAGTCAATGAGCAGTTCTTC,780,7,clonotype1,clonotype1_consensus_1
GGTGCGTTCCCAAGTA-1,True,GGTGCGTTCCCAAGTA-1_contig_3,True,463,TRA,TRAV10,None,TRAJ24,TRAC,True,False,None,None,158,1,clonotype1,None
GGTGCGTTCGTAGGTT-1,True,GGTGCGTTCGTAGGTT-1_contig_1,True,574,TRA,TRAV8-1,None,TRAJ29,TRAC,True,True,CAVTKSSGNTPLVF,TGTGCCGTGACCAAGAGTTCAGGAAACACACCTCTTGTCTTT,99,2,clonotype29,clonotype29_consensus_1
GGTGCGTTCGTAGGTT-1,True,GGTGCGTTCGTAGGTT-1_contig_2,True,504,TRB,TRBV20-1,None,TRBJ1-1,TRBC1,True,True,CSARDNHGTGEREAFF,TGCAGTGCTAGAGATAATCATGGGACAGGGGAAAGGGAAGCTTTCTTT,2547,10,clonotype29,clonotype29_consensus_2
GGTGCGTTCGTAGGTT-1,True,GGTGCGTTCGTAGGTT-1_contig_3,True,334,TRA,None,None,TRAJ26,TRAC,False,False,None,None,444,1,clonotype29,None
GGTGTTAAGAATGTGT-1,True,GGTGTTAAGAATGTGT-1_contig_1,True,523,TRA,TRAV14/DV4,None,TRAJ16,TRAC,True,True,CAMRVYSDGQKLLF,TGTGCAATGAGAGTCTATTCAGATGGCCAGAAGCTGCTCTTT,1260,11,clonotype2744,clonotype2744_consensus_2
GGTGTTAAGAATGTGT-1,True,GGTGTTAAGAATGTGT-1_contig_2,True,676,TRB,TRBV5-6,None,TRBJ1-6,TRBC1,True,True,CASSLGTADSPLHF,TGTGCCAGCAGCTTGGGGACAGCGGATTCACCCCTCCACTTT,1162,5,clonotype2744,clonotype2744_consensus_1
GGTGTTAAGAATGTGT-1,True,GGTGTTAAGAATGTGT-1_contig_3,True,489,TRB,TRBV23-1,None,TRBJ1-5,TRBC1,True,False,None,None,1647,8,clonotype2744,None
GGTGTTAAGAGATGAG-1,True,GGTGTTAAGAGATGAG-1_contig_1,True,518,TRB,TRBV20-1,None,TRBJ1-5,TRBC1,True,True,CSARPGANQPQHF,TGCAGTGCTAGACCGGGGGCTAATCAGCCCCAGCATTTT,1158,8,clonotype2745,clonotype2745_consensus_1
GGTGTTAAGAGCTATA-1,True,GGTGTTAAGAGCTATA-1_contig_1,True,505,TRA,TRAV1-2,None,TRAJ33,TRAC,True,True,CAATDSNYQLIW,TGTGCTGCGACTGATAGCAACTATCAGTTAATCTGG,617,4,clonotype1,clonotype1_consensus_2
GGTGTTAAGAGCTATA-1,True,GGTGTTAAGAGCTATA-1_contig_2,True,498,TRB,TRBV20-1,None,TRBJ2-1,TRBC2,True,True,CSARVGSEVNEQFF,TGCAGTGCTAGAGTGGGGTCGGAAGTCAATGAGCAGTTCTTC,1656,9,clonotype1,clonotype1_consensus_1
GGTGTTAAGAGCTATA-1,True,GGTGTTAAGAGCTATA-1_contig_3,True,465,TRA,TRAV10,None,TRAJ24,TRAC,True,False,None,None,774,4,clonotype1,None
GGTGTTAAGTGTCCCG-1,True,GGTGTTAAGTGTCCCG-1_contig_1,True,512,TRB,TRBV5-5,None,TRBJ1-1,TRBC1,True,True,CASSLVPAREGFWSQAFF,TGTGCCAGCAGCTTGGTTCCCGCCAGGGAGGGTTTCTGGTCGCAAGCTTTCTTT,1677,5,clonotype2746,clonotype2746_consensus_2
GGTGTTAAGTGTCCCG-1,True,GGTGTTAAGTGTCCCG-1_contig_2,True,571,TRA,TRAV8-1,None,TRAJ49,TRAC,True,True,CAVNAGTGNQFYF,TGTGCCGTGAATGCGGGGACCGGTAACCAGTTCTATTTT,507,5,clonotype2746,clonotype2746_consensus_1
GGTGTTACAAGTAGTA-1,True,GGTGTTACAAGTAGTA-1_contig_1,True,689,TRA,TRAV8-3,None,TRAJ52,TRAC,True,True,CAVGAGAGGTSYGKLTF,TGTGCTGTGGGTGCGGGCGCTGGTGGTACTAGCTATGGAAAGCTGACATTT,764,7,clonotype2747,clonotype2747_consensus_1
GGTGTTACAAGTAGTA-1,True,GGTGTTACAAGTAGTA-1_contig_2,True,498,TRB,TRBV20-1,None,TRBJ1-1,TRBC1,True,True,CSALLYRGRPEAFF,TGCAGTGCTCTTCTTTACAGGGGGCGTCCTGAAGCTTTCTTT,6884,12,clonotype2747,clonotype2747_consensus_2
GGTGTTACACCTATCC-1,True,GGTGTTACACCTATCC-1_contig_1,True,505,TRA,TRAV1-2,None,TRAJ33,TRAC,True,True,CAATDSNYQLIW,TGTGCTGCGACTGATAGCAACTATCAGTTAATCTGG,1272,5,clonotype8,clonotype8_consensus_1
GGTGTTACACCTATCC-1,True,GGTGTTACACCTATCC-1_contig_2,True,564,TRA,TRAV10,None,TRAJ24,TRAC,True,False,None,None,643,4,clonotype8,None
GGTGTTACACGCATCG-1,True,GGTGTTACACGCATCG-1_contig_1,True,524,TRB,TRBV20-1,None,TRBJ1-5,TRBC1,True,True,CSATTGGAFNQPQHF,TGCAGTGCTACCACAGGGGGCGCATTCAATCAGCCCCAGCATTTT,506,5,clonotype2748,clonotype2748_consensus_1
GGTGTTACACGCATCG-1,True,GGTGTTACACGCATCG-1_contig_2,True,456,TRA,TRAV13-1,None,TRAJ49,TRAC,True,True,CAASIAGNQFYF,TGTGCAGCAAGTATTGCCGGTAACCAGTTCTATTTT,118,4,clonotype2748,clonotype2748_consensus_2
GGTGTTACACTTACGA-1,True,GGTGTTACACTTACGA-1_contig_1,True,505,TRA,TRAV1-2,None,TRAJ33,TRAC,True,True,CAATDSNYQLIW,TGTGCTGCGACTGATAGCAACTATCAGTTAATCTGG,65,1,clonotype1,clonotype1_consensus_2
GGTGTTACACTTACGA-1,True,GGTGTTACACTTACGA-1_contig_2,True,498,TRB,TRBV20-1,None,TRBJ2-1,TRBC2,True,True,CSARVGSEVNEQFF,TGCAGTGCTAGAGTGGGGTCGGAAGTCAATGAGCAGTTCTTC,4251,10,clonotype1,clonotype1_consensus_1
GGTGTTACACTTACGA-1,True,GGTGTTACACTTACGA-1_contig_3,True,457,TRA,TRAV10,None,TRAJ24,TRAC,True,False,None,None,361,2,clonotype1,None
GGTGTTACATCATCCC-1,True,GGTGTTACATCATCCC-1_contig_1,True,505,TRA,TRAV1-2,None,TRAJ33,TRAC,True,True,CAATDSNYQLIW,TGTGCTGCGACTGATAGCAACTATCAGTTAATCTGG,880,5,clonotype1,clonotype1_consensus_2
GGTGTTACATCATCCC-1,True,GGTGTTACATCATCCC-1_contig_2,True,521,TRB,TRBV20-1,None,TRBJ2-1,TRBC2,True,True,CSARVGSEVNEQFF,TGCAGTGCTAGAGTGGGGTCGGAAGTCAATGAGCAGTTCTTC,3050,11,clonotype1,clonotype1_consensus_1
GGTGTTACATCATCCC-1,True,GGTGTTACATCATCCC-1_contig_3,True,459,TRA,TRAV10,None,TRAJ24,TRAC,True,False,None,None,625,2,clonotype1,None
GGTGTTAGTACCGGCT-1,True,GGTGTTAGTACCGGCT-1_contig_1,True,459,TRA,TRAV13-1,None,TRAJ27,TRAC,True,True,CAAIHTNAGKSTF,TGTGCAGCAATCCACACCAATGCAGGCAAATCAACCTTT,836,8,clonotype2749,clonotype2749_consensus_1
GGTGTTAGTACCGGCT-1,True,GGTGTTAGTACCGGCT-1_contig_2,True,524,TRB,TRBV20-1,None,TRBJ2-7,TRBC2,True,True,CSARDKMGMGRVQYF,TGCAGTGCTAGAGATAAGATGGGGATGGGGAGGGTGCAGTACTTC,1076,6,clonotype2749,clonotype2749_consensus_2
GGTGTTAGTCACAAGG-1,True,GGTGTTAGTCACAAGG-1_contig_1,True,505,TRA,TRAV1-2,None,TRAJ33,TRAC,True,True,CAATDSNYQLIW,TGTGCTGCGACTGATAGCAACTATCAGTTAATCTGG,538,2,clonotype1,clonotype1_consensus_2
GGTGTTAGTCACAAGG-1,True,GGTGTTAGTCACAAGG-1_contig_2,True,492,TRB,TRBV20-1,None,TRBJ2-1,TRBC2,True,True,CSARVGSEVNEQFF,TGCAGTGCTAGAGTGGGGTCGGAAGTCAATGAGCAGTTCTTC,727,4,clonotype1,clonotype1_consensus_1
GGTGTTAGTCACAAGG-1,True,GGTGTTAGTCACAAGG-1_contig_3,True,465,TRA,TRAV10,None,TRAJ24,TRAC,True,False,None,None,481,2,clonotype1,None
GGTGTTAGTGCTAGCC-1,True,GGTGTTAGTGCTAGCC-1_contig_1,True,507,TRB,TRBV20-1,None,TRBJ2-6,TRBC2,True,True,CSARVPGMGSGANVLTF,TGCAGTGCTAGAGTGCCGGGGATGGGCTCTGGGGCCAACGTCCTGACTTTC,2753,12,clonotype2750,clonotype2750_consensus_1
GGTGTTAGTGCTAGCC-1,True,GGTGTTAGTGCTAGCC-1_contig_2,True,577,TRB,TRBV21-1,None,TRBJ1-5,None,True,False,CQQQSGRRNQPQHF,TGCCAGCAGCAAAGTGGCCGGCGAAATCAGCCCCAGCATTTT,75,1,clonotype2750,None
GGTGTTAGTTGTCTTT-1,True,GGTGTTAGTTGTCTTT-1_contig_1,True,498,TRB,TRBV20-1,None,TRBJ2-1,TRBC2,True,True,CSARVGSEVNEQFF,TGCAGTGCTAGAGTGGGGTCGGAAGTCAATGAGCAGTTCTTC,1168,8,clonotype2,clonotype2_consensus_1
GGTGTTAGTTGTCTTT-1,True,GGTGTTAGTTGTCTTT-1_contig_2,True,492,TRA,TRAV10,None,TRAJ24,TRAC,True,False,None,None,291,1,clonotype2,None
GGTGTTAGTTGTCTTT-1,True,GGTGTTAGTTGTCTTT-1_contig_3,True,506,TRA,TRAV1-2,None,TRAJ33,TRAC,True,False,CAATDSNYQLIW,TGTGCTGCGACTGATAGCAACTATCAGTTAATCTGG,119,3,clonotype2,None
GGTGTTATCATTGCGA-1,True,GGTGTTATCATTGCGA-1_contig_1,True,569,TRA,TRAV22,None,TRAJ52,TRAC,True,True,CAGLAGGTSYGKLTF,TGTGCTGGGTTAGCTGGTGGTACTAGCTATGGAAAGCTGACATTT,108,1,clonotype174,clonotype174_consensus_2
GGTGTTATCATTGCGA-1,True,GGTGTTATCATTGCGA-1_contig_2,True,530,TRB,TRBV20-1,None,TRBJ2-1,TRBC2,True,True,CSARDLGLAGGNNEQFF,TGCAGTGCTAGAGATCTAGGACTAGCGGGGGGGAACAATGAGCAGTTCTTC,1999,12,clonotype174,clonotype174_consensus_1
GGTGTTATCATTGCGA-1,True,GGTGTTATCATTGCGA-1_contig_3,True,612,TRA,TRAV8-2,None,TRAJ42,TRAC,True,False,None,None,86,2,clonotype174,None
GGTGTTATCCTATGTT-1,True,GGTGTTATCCTATGTT-1_contig_1,True,570,TRA,TRAV8-4,None,TRAJ3,TRAC,True,True,CAVTLYSSASKIIF,TGTGCTGTGACCCTTTACAGCAGTGCTTCCAAGATAATCTTT,740,5,clonotype25,clonotype25_consensus_2
GGTGTTATCCTATGTT-1,True,GGTGTTATCCTATGTT-1_contig_2,True,686,TRB,TRBV5-6,None,TRBJ2-2,TRBC2,True,True,CASSQIGTGGNTGELFF,TGTGCCAGCAGCCAGATCGGGACAGGGGGAAACACCGGGGAGCTGTTTTTT,332,5,clonotype25,clonotype25_consensus_1
GGTGTTATCGGATGGA-1,True,GGTGTTATCGGATGGA-1_contig_1,True,516,TRB,TRBV20-1,None,TRBJ2-1,TRBC2,True,True,CSAREGPAGTSPLIYNEQFF,TGCAGTGCTAGAGAAGGTCCAGCGGGGACATCACCTCTGATTTACAATGAGCAGTTCTTC,1105,8,clonotype322,clonotype322_consensus_1
GGTGTTATCGGATGGA-1,True,GGTGTTATCGGATGGA-1_contig_2,True,519,TRA,TRAV21,None,TRAJ17,TRAC,True,True,CAALKAAGNKLTF,TGTGCTGCTCTCAAAGCTGCAGGCAACAAGCTAACTTTT,2129,7,clonotype322,clonotype322_consensus_2
GGTGTTATCTAGCACA-1,True,GGTGTTATCTAGCACA-1_contig_1,True,518,TRB,TRBV20-1,None,TRBJ2-1,TRBC2,True,True,CSARVGSEVNEQFF,TGCAGTGCTAGAGTGGGGTCGGAAGTCAATGAGCAGTTCTTC,797,8,clonotype2,clonotype2_consensus_1
GGTGTTATCTAGCACA-1,True,GGTGTTATCTAGCACA-1_contig_2,True,482,TRA,TRAV10,None,TRAJ24,TRAC,True,False,None,None,522,4,clonotype2,None
GTAACGTAGCCACGCT-1,True,GTAACGTAGCCACGCT-1_contig_1,True,502,TRA,TRAV1-2,None,TRAJ30,TRAC,True,True,CAVRDLREIIF,TGTGCTGTGAGAGATCTTCGGGAGATCATCTTT,1000,5,clonotype3,clonotype3_consensus_2
GTAACGTAGCCACGCT-1,True,GTAACGTAGCCACGCT-1_contig_2,True,536,TRB,TRBV5-5,None,TRBJ1-4,TRBC1,True,True,CASSHPGPNYATNEKLFF,TGTGCCAGCAGCCATCCCGGACCGAACTACGCAACTAATGAAAAACTGTTTTTT,1522,5,clonotype3,clonotype3_consensus_1
GTAACGTAGCCACGCT-1,True,GTAACGTAGCCACGCT-1_contig_3,True,483,TRB,TRBV7-3,None,TRBJ2-1,TRBC2,True,False,CQQRSLKAGGPYNEQFF,TGCCAGCAGCGGTCACTTAAAGCGGGGGGACCCTACAATGAGCAGTTCTTC,506,4,clonotype3,None
GTAACGTAGGCATTGG-1,True,GTAACGTAGGCATTGG-1_contig_1,True,515,TRB,TRBV5-5,None,TRBJ1-4,TRBC1,True,True,CASSHPGPNYATNEKLFF,TGTGCCAGCAGCCATCCCGGACCGAACTACGCAACTAATGAAAAACTGTTTTTT,124,2,clonotype4,clonotype4_consensus_1
GTAACGTAGGCATTGG-1,True,GTAACGTAGGCATTGG-1_contig_2,True,513,TRB,TRBV7-3,None,TRBJ2-1,TRBC2,True,False,CQQRSLKAGGPYNEQFF,TGCCAGCAGCGGTCACTTAAAGCGGGGGGACCCTACAATGAGCAGTTCTTC,655,2,clonotype4,None
GTAACGTAGTCGTTTG-1,True,GTAACGTAGTCGTTTG-1_contig_1,True,521,TRB,TRBV20-1,None,TRBJ2-1,TRBC2,True,True,CSARVGSEVNEQFF,TGCAGTGCTAGAGTGGGGTCGGAAGTCAATGAGCAGTTCTTC,1919,9,clonotype2,clonotype2_consensus_1
GTAACGTAGTCGTTTG-1,True,GTAACGTAGTCGTTTG-1_contig_2,True,306,TRA,TRAV1-2,None,TRAJ33,TRAC,True,False,CAATDSNYQLIW,TGTGCTGCGACTGATAGCAACTATCAGTTAATCTGG,21,3,clonotype2,None
GTAACGTCAACAACCT-1,True,GTAACGTCAACAACCT-1_contig_1,True,607,TRA,TRAV12-1,None,TRAJ5,TRAC,True,True,CVPSDTGRRALTF,TGTGTGCCGTCGGACACGGGCAGGAGAGCACTTACTTTT,1493,8,clonotype2751,clonotype2751_consensus_1
GTAACGTCAACAACCT-1,True,GTAACGTCAACAACCT-1_contig_2,True,515,TRB,TRBV5-5,None,TRBJ1-5,TRBC1,True,True,CASSLTGASNQPQHF,TGTGCCAGCAGCTTGACAGGGGCTAGCAATCAGCCCCAGCATTTT,1922,7,clonotype2751,clonotype2751_consensus_2
GTAACGTCAACAACCT-1,True,GTAACGTCAACAACCT-1_contig_3,True,403,TRB,None,None,TRBJ2-6,TRBC2,False,False,None,None,233,1,clonotype2751,None
GTAACGTCAAGTTGTC-1,True,GTAACGTCAAGTTGTC-1_contig_1,True,569,TRA,TRAV22,None,TRAJ35,TRAC,True,True,CAVAASIGFGNVLHC,TGTGCTGTGGCCGCTTCGATAGGCTTTGGGAATGTGCTGCATTGC,181,3,clonotype47,clonotype47_consensus_2
GTAACGTCAAGTTGTC-1,True,GTAACGTCAAGTTGTC-1_contig_2,True,675,TRB,TRBV5-6,None,TRBJ2-1,TRBC2,True,True,CASSLANEQFF,TGTGCCAGCAGCTTGGCCAATGAGCAGTTCTTC,2750,10,clonotype47,clonotype47_consensus_1
GTAACGTCAAGTTGTC-1,True,GTAACGTCAAGTTGTC-1_contig_3,True,341,TRB,None,None,TRBJ2-5,TRBC2,False,False,None,None,942,3,clonotype47,None
GTAACGTCACGCGAAA-1,True,GTAACGTCACGCGAAA-1_contig_1,True,508,TRB,TRBV20-1,None,TRBJ2-5,TRBC2,True,True,CSARQADRGEETQYF,TGCAGTGCTAGACAAGCGGACAGGGGAGAGGAGACCCAGTACTTC,2223,9,clonotype2752,clonotype2752_consensus_1
GTAACGTCACGCGAAA-1,True,GTAACGTCACGCGAAA-1_contig_2,True,498,TRA,TRAV12-3,None,TRAJ48,TRAC,True,True,CAMNYFGNEKLTF,TGTGCAATGAATTACTTTGGAAATGAGAAATTAACCTTT,174,2,clonotype2752,clonotype2752_consensus_2
GTAACGTCATCAGTAC-1,True,GTAACGTCATCAGTAC-1_contig_1,True,505,TRA,TRAV1-2,None,TRAJ33,TRAC,True,True,CAATDSNYQLIW,TGTGCTGCGACTGATAGCAACTATCAGTTAATCTGG,2534,10,clonotype1,clonotype1_consensus_2
GTAACGTCATCAGTAC-1,True,GTAACGTCATCAGTAC-1_contig_2,True,485,TRB,TRBV20-1,None,TRBJ2-1,TRBC2,True,True,CSARVGSEVNEQFF,TGCAGTGCTAGAGTGGGGTCGGAAGTCAATGAGCAGTTCTTC,2473,10,clonotype1,clonotype1_consensus_1
GTAACGTCATCGGACC-1,True,GTAACGTCATCGGACC-1_contig_1,True,514,TRB,TRBV20-1,None,TRBJ2-1,TRBC2,True,True,CSARVGSEVNEQFF,TGCAGTGCTAGAGTGGGGTCGGAAGTCAATGAGCAGTTCTTC,1322,4,clonotype2,clonotype2_consensus_1
GTAACGTCATCGGACC-1,True,GTAACGTCATCGGACC-1_contig_2,True,467,TRA,TRAV10,None,TRAJ24,TRAC,True,False,None,None,411,3,clonotype2,None
GTAACGTGTAAGAGAG-1,True,GTAACGTGTAAGAGAG-1_contig_1,True,505,TRA,TRAV1-2,None,TRAJ33,TRAC,True,True,CAATDSNYQLIW,TGTGCTGCGACTGATAGCAACTATCAGTTAATCTGG,194,2,clonotype1,clonotype1_consensus_2
GTAACGTGTAAGAGAG-1,True,GTAACGTGTAAGAGAG-1_contig_2,True,498,TRB,TRBV20-1,None,TRBJ2-1,TRBC2,True,True,CSARVGSEVNEQFF,TGCAGTGCTAGAGTGGGGTCGGAAGTCAATGAGCAGTTCTTC,2316,13,clonotype1,clonotype1_consensus_1
GTAACGTGTAAGAGAG-1,True,GTAACGTGTAAGAGAG-1_contig_3,True,504,TRA,TRAV10,None,TRAJ24,TRAC,True,False,None,None,662,2,clonotype1,None
GTAACGTGTACGCACC-1,True,GTAACGTGTACGCACC-1_contig_1,True,502,TRA,TRAV1-2,None,TRAJ33,TRAC,True,True,CAATDSNYQLIW,TGTGCTGCGACTGATAGCAACTATCAGTTAATCTGG,129,1,clonotype1,clonotype1_consensus_2
GTAACGTGTACGCACC-1,True,GTAACGTGTACGCACC-1_contig_2,True,497,TRB,TRBV20-1,None,TRBJ2-1,TRBC2,True,True,CSARVGSEVNEQFF,TGCAGTGCTAGAGTGGGGTCGGAAGTCAATGAGCAGTTCTTC,805,7,clonotype1,clonotype1_consensus_1
GTAACGTGTAGCTAAA-1,True,GTAACGTGTAGCTAAA-1_contig_1,True,521,TRB,TRBV5-5,None,TRBJ2-2,TRBC2,True,True,CASSLVRGPRFLTGELFF,TGTGCCAGCAGCTTGGTGCGTGGTCCGCGCTTTTTAACCGGGGAGCTGTTTTTT,1261,7,clonotype2753,clonotype2753_consensus_1
GTAACGTGTCGCGGTT-1,True,GTAACGTGTCGCGGTT-1_contig_1,True,661,TRB,TRBV5-6,None,TRBJ1-2,TRBC1,True,True,CASSTWPGGGNGYTF,TGTGCCAGCAGCACCTGGCCGGGGGGAGGAAATGGCTACACCTTC,1494,8,clonotype2754,clonotype2754_consensus_1
GTAACGTGTCGCGGTT-1,True,GTAACGTGTCGCGGTT-1_contig_2,True,684,TRA,TRAV8-4,None,TRAJ20,TRAC,True,False,None,None,350,2,clonotype2754,None
GTAACGTGTCTTGATG-1,True,GTAACGTGTCTTGATG-1_contig_1,True,520,TRA,TRAV26-1,None,TRAJ43,TRAC,True,True,CIPSGNNNDMRF,TGCATCCCCTCGGGGAATAACAATGACATGCGCTTT,168,1,clonotype2755,clonotype2755_consensus_2
GTAACGTGTCTTGATG-1,True,GTAACGTGTCTTGATG-1_contig_2,True,521,TRB,TRBV20-1,None,TRBJ2-1,TRBC2,True,True,CSSIRDGSYNEQFF,TGCAGTAGTATCCGGGACGGGTCCTACAATGAGCAGTTCTTC,2131,10,clonotype2755,clonotype2755_consensus_1
GTAACGTGTCTTGATG-1,True,GTAACGTGTCTTGATG-1_contig_3,True,428,TRA,TRAV26-2,None,TRAJ36,TRAC,True,False,CILRDDTGANNLFF,TGCATCCTGAGAGACGATACTGGGGCAAACAACCTCTTCTTT,469,5,clonotype2755,None
GTAACGTTCCGCGTTT-1,True,GTAACGTTCCGCGTTT-1_contig_1,True,505,TRA,TRAV1-2,None,TRAJ33,TRAC,True,True,CAATDSNYQLIW,TGTGCTGCGACTGATAGCAACTATCAGTTAATCTGG,549,2,clonotype1,clonotype1_consensus_2
GTAACGTTCCGCGTTT-1,True,GTAACGTTCCGCGTTT-1_contig_2,True,521,TRB,TRBV20-1,None,TRBJ2-1,TRBC2,True,True,CSARVGSEVNEQFF,TGCAGTGCTAGAGTGGGGTCGGAAGTCAATGAGCAGTTCTTC,827,8,clonotype1,clonotype1_consensus_1
GTAACGTTCCTTTCTC-1,True,GTAACGTTCCTTTCTC-1_contig_1,True,501,TRB,TRBV20-1,None,TRBJ1-2,TRBC1,True,True,CSAKPGQGLDYGYTF,TGCAGTGCTAAGCCGGGACAGGGGCTCGACTATGGCTACACCTTC,1162,5,clonotype94,clonotype94_consensus_1
GTAACGTTCCTTTCTC-1,True,GTAACGTTCCTTTCTC-1_contig_2,True,505,TRA,TRAV1-2,None,TRAJ13,TRAC,True,True,CALSGGYQKVTF,TGTGCCTTAAGTGGGGGTTACCAGAAAGTTACCTTT,342,5,clonotype94,clonotype94_consensus_3
GTAACGTTCCTTTCTC-1,True,GTAACGTTCCTTTCTC-1_contig_3,True,571,TRA,TRAV8-1,None,TRAJ4,TRAC,True,True,CAVKSGGYNKLIF,TGTGCCGTGAAATCTGGTGGCTACAATAAGCTGATTTTT,655,5,clonotype94,clonotype94_consensus_2
GTAACTGAGAGAGCTC-1,True,GTAACTGAGAGAGCTC-1_contig_1,True,557,TRA,TRAV12-1,None,TRAJ9,TRAC,True,True,CVVTRNTGGFKTIF,TGTGTGGTGACACGAAATACTGGAGGCTTCAAAACTATCTTT,580,3,clonotype5,clonotype5_consensus_2
GTAACTGAGAGAGCTC-1,True,GTAACTGAGAGAGCTC-1_contig_2,True,530,TRB,TRBV20-1,None,TRBJ1-5,TRBC1,True,True,CSARDDNRAKSFNQPQHF,TGCAGTGCTAGAGACGACAACCGGGCCAAATCCTTCAATCAGCCCCAGCATTTT,1494,7,clonotype5,clonotype5_consensus_1
GTAACTGAGATATGGT-1,True,GTAACTGAGATATGGT-1_contig_1,True,574,TRA,TRAV8-1,None,TRAJ29,TRAC,True,True,CAVTKSSGNTPLVF,TGTGCCGTGACCAAGAGTTCAGGAAACACACCTCTTGTCTTT,1791,5,clonotype29,clonotype29_consensus_1
GTAACTGAGATATGGT-1,True,GTAACTGAGATATGGT-1_contig_2,True,508,TRB,TRBV20-1,None,TRBJ1-1,TRBC1,True,True,CSARDNHGTGEREAFF,TGCAGTGCTAGAGATAATCATGGGACAGGGGAAAGGGAAGCTTTCTTT,1186,7,clonotype29,clonotype29_consensus_2
GTAACTGAGATATGGT-1,True,GTAACTGAGATATGGT-1_contig_3,True,710,TRB,None,None,TRBJ1-4,None,False,False,None,None,70,2,clonotype29,None
GTAACTGAGCACAGGT-1,True,GTAACTGAGCACAGGT-1_contig_1,True,501,TRA,TRAV12-3,None,TRAJ35,TRAC,True,True,CAMSGEGFGNVLHC,TGTGCAATGAGCGGAGAGGGCTTTGGGAATGTGCTGCATTGC,797,4,clonotype2756,clonotype2756_consensus_2
GTAACTGAGCACAGGT-1,True,GTAACTGAGCACAGGT-1_contig_2,True,496,TRB,TRBV5-6,None,TRBJ1-4,TRBC1,True,True,CASSGGPGATNEKLFF,TGTGCCAGCAGCGGGGGGCCGGGAGCAACTAATGAAAAACTGTTTTTT,1197,8,clonotype2756,clonotype2756_consensus_1
GTAACTGAGCACAGGT-1,True,GTAACTGAGCACAGGT-1_contig_3,True,684,TRA,TRAV8-3,None,TRAJ10,TRAC,True,False,None,None,201,2,clonotype2756,None
GTAACTGAGGGTGTGT-1,True,GTAACTGAGGGTGTGT-1_contig_1,True,505,TRA,TRAV1-2,None,TRAJ33,TRAC,True,True,CAATDSNYQLIW,TGTGCTGCGACTGATAGCAACTATCAGTTAATCTGG,196,3,clonotype1,clonotype1_consensus_2
GTAACTGAGGGTGTGT-1,True,GTAACTGAGGGTGTGT-1_contig_2,True,521,TRB,TRBV20-1,None,TRBJ2-1,TRBC2,True,True,CSARVGSEVNEQFF,TGCAGTGCTAGAGTGGGGTCGGAAGTCAATGAGCAGTTCTTC,501,4,clonotype1,clonotype1_consensus_1
GTAACTGAGGTGATAT-1,True,GTAACTGAGGTGATAT-1_contig_1,True,547,TRA,TRAV12-1,None,TRAJ32,TRAC,True,True,CVFGGATNKLIF,TGTGTGTTCGGTGGTGCTACAAACAAGCTCATCTTT,352,4,clonotype2757,clonotype2757_consensus_1
GTAACTGAGGTGATAT-1,True,GTAACTGAGGTGATAT-1_contig_2,True,513,TRB,TRBV5-5,None,TRBJ1-4,TRBC1,True,True,CASSFTDRRATNEKLFF,TGTGCCAGCAGCTTTACAGACAGGAGGGCAACTAATGAAAAACTGTTTTTT,4302,8,clonotype2757,clonotype2757_consensus_2
GTAACTGAGTGCGTGA-1,True,GTAACTGAGTGCGTGA-1_contig_1,True,505,TRA,TRAV1-2,None,TRAJ33,TRAC,True,True,CAATDSNYQLIW,TGTGCTGCGACTGATAGCAACTATCAGTTAATCTGG,275,2,clonotype1,clonotype1_consensus_2
GTAACTGAGTGCGTGA-1,True,GTAACTGAGTGCGTGA-1_contig_2,True,492,TRB,TRBV20-1,None,TRBJ2-1,TRBC2,True,True,CSARVGSEVNEQFF,TGCAGTGCTAGAGTGGGGTCGGAAGTCAATGAGCAGTTCTTC,1076,5,clonotype1,clonotype1_consensus_1
GTAACTGCAAGCGTAG-1,True,GTAACTGCAAGCGTAG-1_contig_1,True,574,TRA,TRAV29/DV5,None,TRAJ23,TRAC,True,True,CAAQASYNQGGKLIF,TGTGCAGCCCAAGCGTCTTATAACCAGGGAGGAAAGCTTATCTTC,1607,10,clonotype2758,clonotype2758_consensus_1
GTAACTGCAAGCGTAG-1,True,GTAACTGCAAGCGTAG-1_contig_2,True,483,TRB,TRBV20-1,None,TRBJ1-1,TRBC1,True,True,CSATGMSEAFF,TGCAGTGCGACCGGGATGTCTGAAGCTTTCTTT,2320,10,clonotype2758,clonotype2758_consensus_2
GTAACTGCACAGATTC-1,True,GTAACTGCACAGATTC-1_contig_1,True,455,TRA,TRAV12-3,None,TRAJ36,TRAC,True,True,CAMSAGDGANNLFF,TGTGCAATGAGCGCGGGAGATGGGGCAAACAACCTCTTCTTT,599,3,clonotype366,clonotype366_consensus_1
GTAACTGCACAGATTC-1,True,GTAACTGCACAGATTC-1_contig_2,True,391,TRB,None,None,TRBJ1-1,TRBC1,False,False,None,None,1221,10,clonotype366,None
GTAACTGCACGGCGTT-1,True,GTAACTGCACGGCGTT-1_contig_1,True,505,TRA,TRAV1-2,None,TRAJ33,TRAC,True,True,CAATDSNYQLIW,TGTGCTGCGACTGATAGCAACTATCAGTTAATCTGG,528,3,clonotype1,clonotype1_consensus_2
GTAACTGCACGGCGTT-1,True,GTAACTGCACGGCGTT-1_contig_2,True,496,TRB,TRBV20-1,None,TRBJ2-1,TRBC2,True,True,CSARVGSEVNEQFF,TGCAGTGCTAGAGTGGGGTCGGAAGTCAATGAGCAGTTCTTC,911,6,clonotype1,clonotype1_consensus_1
GTAACTGCACGGCGTT-1,True,GTAACTGCACGGCGTT-1_contig_3,True,459,TRA,TRAV10,None,TRAJ24,TRAC,True,False,None,None,1074,2,clonotype1,None
GTAACTGCAGGCAGTA-1,True,GTAACTGCAGGCAGTA-1_contig_1,True,487,TRA,TRAV22,None,TRAJ35,TRAC,True,True,CAVDPTLGFGNVLHC,TGTGCTGTGGACCCGACTTTAGGCTTTGGGAATGTGCTGCATTGC,47,3,clonotype37,clonotype37_consensus_1
GTAACTGCAGGCAGTA-1,True,GTAACTGCAGGCAGTA-1_contig_2,True,685,TRB,TRBV5-6,None,TRBJ2-7,TRBC2,True,True,CASSLAKEQYF,TGTGCCAGCAGCTTGGCAAAGGAGCAGTACTTC,2236,8,clonotype37,clonotype37_consensus_2
GTAACTGCATATGAGA-1,True,GTAACTGCATATGAGA-1_contig_1,True,511,TRB,TRBV20-1,None,TRBJ2-2,TRBC2,True,True,CTATAGGTGELFF,TGCACAGCCACTGCAGGGGGCACCGGGGAGCTGTTTTTT,6596,9,clonotype2759,clonotype2759_consensus_3
GTAACTGCATATGAGA-1,True,GTAACTGCATATGAGA-1_contig_2,True,502,TRA,TRAV23/DV6,None,TRAJ49,TRAC,True,True,CAAPSGNQFYF,TGTGCAGCGCCTAGCGGTAACCAGTTCTATTTT,871,3,clonotype2759,clonotype2759_consensus_4
GTAACTGCATATGAGA-1,True,GTAACTGCATATGAGA-1_contig_3,True,452,TRA,TRAV9-2,None,TRAJ54,TRAC,True,True,CALSEGRGAQKLVF,TGTGCTCTGAGTGAGGGGCGGGGAGCCCAGAAGCTGGTATTT,795,8,clonotype2759,clonotype2759_consensus_1
GTAACTGCATATGAGA-1,True,GTAACTGCATATGAGA-1_contig_4,True,496,TRB,TRBV5-6,None,TRBJ1-5,TRBC1,True,True,CASSRWGRGGDQPQHF,TGTGCCAGCAGCCGTTGGGGCAGGGGAGGGGATCAGCCCCAGCATTTT,2520,8,clonotype2759,clonotype2759_consensus_2
GTAACTGGTAGATTAG-1,True,GTAACTGGTAGATTAG-1_contig_1,True,505,TRA,TRAV1-2,None,TRAJ33,TRAC,True,True,CAATDSNYQLIW,TGTGCTGCGACTGATAGCAACTATCAGTTAATCTGG,3041,5,clonotype1,clonotype1_consensus_2
GTAACTGGTAGATTAG-1,True,GTAACTGGTAGATTAG-1_contig_2,True,518,TRB,TRBV20-1,None,TRBJ2-1,TRBC2,True,True,CSARVGSEVNEQFF,TGCAGTGCTAGAGTGGGGTCGGAAGTCAATGAGCAGTTCTTC,1821,10,clonotype1,clonotype1_consensus_1
GTAACTGGTATGCTTG-1,True,GTAACTGGTATGCTTG-1_contig_1,True,577,TRA,TRAV8-1,None,TRAJ17,TRAC,True,True,CAVSTIKAAGNKLTF,TGTGCCGTGAGCACGATCAAAGCTGCAGGCAACAAGCTAACTTTT,551,4,clonotype2760,clonotype2760_consensus_1
GTAACTGGTGCTAGCC-1,True,GTAACTGGTGCTAGCC-1_contig_1,True,521,TRB,TRBV20-1,None,TRBJ1-4,TRBC1,True,True,CSAIEGTGFEKLFF,TGCAGTGCCATCGAGGGGACAGGGTTTGAAAAACTGTTTTTT,3386,15,clonotype2761,clonotype2761_consensus_1
GTAACTGGTGCTAGCC-1,True,GTAACTGGTGCTAGCC-1_contig_2,True,615,TRA,TRAV3,None,TRAJ37,TRAC,True,True,CAVRDGNTGKLIF,TGTGCTGTGAGAGACGGCAACACAGGCAAACTAATCTTT,515,5,clonotype2761,clonotype2761_consensus_2
GTAACTGGTGGTCCGT-1,True,GTAACTGGTGGTCCGT-1_contig_1,True,505,TRA,TRAV1-2,None,TRAJ33,TRAC,True,True,CAATDSNYQLIW,TGTGCTGCGACTGATAGCAACTATCAGTTAATCTGG,1108,4,clonotype1,clonotype1_consensus_2
GTAACTGGTGGTCCGT-1,True,GTAACTGGTGGTCCGT-1_contig_2,True,498,TRB,TRBV20-1,None,TRBJ2-1,TRBC2,True,True,CSARVGSEVNEQFF,TGCAGTGCTAGAGTGGGGTCGGAAGTCAATGAGCAGTTCTTC,968,5,clonotype1,clonotype1_consensus_1
GTAACTGGTTGGTTTG-1,True,GTAACTGGTTGGTTTG-1_contig_1,True,505,TRA,TRAV1-2,None,TRAJ33,TRAC,True,True,CAATDSNYQLIW,TGTGCTGCGACTGATAGCAACTATCAGTTAATCTGG,1147,6,clonotype1,clonotype1_consensus_2
GTAACTGGTTGGTTTG-1,True,GTAACTGGTTGGTTTG-1_contig_2,True,506,TRB,TRBV20-1,None,TRBJ2-1,TRBC2,True,True,CSARVGSEVNEQFF,TGCAGTGCTAGAGTGGGGTCGGAAGTCAATGAGCAGTTCTTC,638,4,clonotype1,clonotype1_consensus_1
GTAACTGTCATGTCTT-1,True,GTAACTGTCATGTCTT-1_contig_1,True,518,TRB,TRBV20-1,None,TRBJ1-2,TRBC1,True,True,CSAPQGAQIGYTF,TGCAGTGCTCCACAGGGGGCGCAGATTGGCTACACCTTC,1159,8,clonotype2762,clonotype2762_consensus_2
GTAACTGTCATGTCTT-1,True,GTAACTGTCATGTCTT-1_contig_2,True,515,TRA,TRAV21,None,TRAJ32,TRAC,True,True,CAVNGGATNKLIF,TGTGCTGTCAATGGTGGTGCTACAAACAAGCTCATCTTT,606,2,clonotype2762,clonotype2762_consensus_1
GTAACTGTCCAGTAGT-1,True,GTAACTGTCCAGTAGT-1_contig_1,True,492,TRA,TRAV9-2,None,TRAJ13,TRAC,True,True,CALNLEGYQKVTF,TGTGCTCTGAACTTAGAGGGTTACCAGAAAGTTACCTTT,525,4,clonotype6,clonotype6_consensus_1
GTAACTGTCCAGTAGT-1,True,GTAACTGTCCAGTAGT-1_contig_2,True,527,TRB,TRBV5-6,None,TRBJ1-5,TRBC1,True,True,CASSFRGGANQPQHF,TGTGCCAGCAGCTTTCGAGGGGGCGCGAATCAGCCCCAGCATTTT,1448,9,clonotype6,clonotype6_consensus_2
GTAACTGTCCAGTAGT-1,True,GTAACTGTCCAGTAGT-1_contig_3,True,378,TRB,None,None,TRBJ2-5,TRBC2,False,False,None,None,592,4,clonotype6,None
GTAACTGTCTGGCGAC-1,True,GTAACTGTCTGGCGAC-1_contig_1,True,495,TRB,TRBV20-1,None,TRBJ2-7,TRBC2,True,True,CSARETGTYEQYF,TGCAGTGCTAGGGAAACGGGGACCTACGAGCAGTACTTC,1310,4,clonotype183,clonotype183_consensus_3
GTAACTGTCTGGCGAC-1,True,GTAACTGTCTGGCGAC-1_contig_2,True,509,TRA,TRAV21,None,TRAJ34,TRAC,True,True,CAVDTDKLIF,TGTGCTGTGGACACCGACAAGCTCATCTTT,1502,9,clonotype183,clonotype183_consensus_1
GTAACTGTCTGGCGAC-1,True,GTAACTGTCTGGCGAC-1_contig_3,True,498,TRB,TRBV20-1,None,TRBJ2-7,TRBC2,True,True,CSTIPRTGMDEQYF,TGCAGTACAATTCCTCGGACAGGGATGGACGAGCAGTACTTC,696,8,clonotype183,clonotype183_consensus_2
GTAACTGTCTGGCGAC-1,True,GTAACTGTCTGGCGAC-1_contig_4,True,515,TRA,TRAV21,None,TRAJ29,TRAC,True,True,CAVFSGNTPLVF,TGTGCTGTATTTTCAGGAAACACACCTCTTGTCTTT,1111,3,clonotype183,clonotype183_consensus_4
GTAACTGTCTGGCGAC-1,True,GTAACTGTCTGGCGAC-1_contig_5,True,501,TRA,TRAV14/DV4,None,TRAJ47,None,True,False,CNERVMEYGNKLVF,TGCAATGAGAGAGTCATGGAATATGGAAACAAACTGGTCTTT,110,1,clonotype183,None
GTAACTGTCTTGCCGT-1,True,GTAACTGTCTTGCCGT-1_contig_1,True,521,TRB,TRBV20-1,None,TRBJ2-1,TRBC2,True,True,CSARVGSEVNEQFF,TGCAGTGCTAGAGTGGGGTCGGAAGTCAATGAGCAGTTCTTC,944,8,clonotype2,clonotype2_consensus_1
GTACGTAAGAAGCCCA-1,True,GTACGTAAGAAGCCCA-1_contig_1,True,443,TRA,TRAV2,None,TRAJ31,TRAC,True,True,CAVADNARLMF,TGTGCTGTGGCTGACAATGCCAGACTCATGTTT,326,3,clonotype281,clonotype281_consensus_2
GTACGTAAGAAGCCCA-1,True,GTACGTAAGAAGCCCA-1_contig_2,True,521,TRB,TRBV20-1,None,TRBJ2-5,TRBC2,True,True,CSAVSGGVKETQYF,TGCAGTGCAGTGAGCGGGGGGGTTAAGGAGACCCAGTACTTC,2623,10,clonotype281,clonotype281_consensus_1
GTACGTAAGCAGACTG-1,True,GTACGTAAGCAGACTG-1_contig_1,True,658,TRB,TRBV5-6,None,TRBJ1-1,TRBC1,True,True,CASSSYNRGSTEAFF,TGTGCCAGCAGCTCATATAACAGGGGGTCCACTGAAGCTTTCTTT,1099,4,clonotype2763,clonotype2763_consensus_1
GTACGTAAGCGTAATA-1,True,GTACGTAAGCGTAATA-1_contig_1,True,518,TRB,TRBV20-1,None,TRBJ2-5,TRBC2,True,True,CSAPGAQKETQYF,TGCAGTGCTCCCGGGGCCCAAAAAGAGACCCAGTACTTC,3406,16,clonotype2764,clonotype2764_consensus_1
GTACGTAAGCGTAATA-1,True,GTACGTAAGCGTAATA-1_contig_2,True,498,TRA,TRAV12-3,None,TRAJ5,TRAC,True,True,CAMSAGGRRALTF,TGTGCAATGAGCGCGGGGGGCAGGAGAGCACTTACTTTT,971,5,clonotype2764,clonotype2764_consensus_2
GTACGTAAGTAGTGCG-1,True,GTACGTAAGTAGTGCG-1_contig_1,True,521,TRB,TRBV20-1,None,TRBJ2-1,TRBC2,True,True,CSARVGSEVNEQFF,TGCAGTGCTAGAGTGGGGTCGGAAGTCAATGAGCAGTTCTTC,2825,10,clonotype2,clonotype2_consensus_1
GTACGTAAGTAGTGCG-1,True,GTACGTAAGTAGTGCG-1_contig_2,True,465,TRA,TRAV10,None,TRAJ24,TRAC,True,False,None,None,427,1,clonotype2,None
GTACGTACACCGTTGG-1,True,GTACGTACACCGTTGG-1_contig_1,True,501,TRB,TRBV20-1,None,TRBJ2-3,TRBC2,True,True,CSAFLLAGTTDTQYF,TGCAGTGCTTTCCTACTAGCGGGGACCACAGATACGCAGTATTTT,1828,11,clonotype2765,clonotype2765_consensus_1
GTACGTACAGCTGGCT-1,True,GTACGTACAGCTGGCT-1_contig_1,True,527,TRB,TRBV20-1,None,TRBJ2-7,TRBC2,True,True,CSARASRLVLSYEQYF,TGCAGTGCTAGAGCCTCACGGCTAGTACTTTCCTACGAGCAGTACTTC,346,2,clonotype11,clonotype11_consensus_2
GTACGTACAGCTGGCT-1,True,GTACGTACAGCTGGCT-1_contig_2,True,593,TRA,TRAV26-1,None,TRAJ34,TRAC,True,True,CIASSYNTDKLIF,TGCATCGCTTCATCTTATAACACCGACAAGCTCATCTTT,1001,3,clonotype11,clonotype11_consensus_1
GTACGTACAGCTGGCT-1,True,GTACGTACAGCTGGCT-1_contig_3,True,315,TRB,None,None,TRBJ1-6,TRBC1,False,False,None,None,254,1,clonotype11,None
GTACGTAGTACTCTCC-1,True,GTACGTAGTACTCTCC-1_contig_1,True,508,TRA,TRAV20,None,TRAJ58,TRAC,True,True,CAVGAQTSGSRLTF,TGTGCTGTGGGGGCCCAAACCAGTGGCTCTAGGTTGACCTTT,302,3,clonotype2766,clonotype2766_consensus_3
GTACGTAGTACTCTCC-1,True,GTACGTAGTACTCTCC-1_contig_2,True,535,TRA,TRAV26-1,None,TRAJ23,TRAC,True,True,CIVRINIFIYNQGGKLIF,TGCATCGTCAGAATCAACATCTTTATTTATAACCAGGGAGGAAAGCTTATCTTC,234,1,clonotype2766,clonotype2766_consensus_1
GTACGTAGTACTCTCC-1,True,GTACGTAGTACTCTCC-1_contig_3,True,485,TRB,TRBV20-1,None,TRBJ2-4,TRBC2,True,True,CSAYRGQSKNIQYF,TGCAGTGCATACAGAGGACAGTCAAAAAACATTCAGTACTTC,1156,7,clonotype2766,clonotype2766_consensus_2
GTACGTAGTCGACTGC-1,True,GTACGTAGTCGACTGC-1_contig_1,True,459,TRA,TRAV13-1,None,TRAJ22,TRAC,True,True,CAASIGTARQLTF,TGTGCAGCAAGTATAGGGACTGCAAGGCAACTGACCTTT,787,3,clonotype19,clonotype19_consensus_1
GTACGTAGTCGACTGC-1,True,GTACGTAGTCGACTGC-1_contig_2,True,518,TRB,TRBV20-1,None,TRBJ2-5,TRBC2,True,True,CSAQTTVVATQYF,TGCAGTGCCCAGACGACGGTAGTAGCGACCCAGTACTTC,694,3,clonotype19,clonotype19_consensus_2
GTACGTAGTGTTAAGA-1,True,GTACGTAGTGTTAAGA-1_contig_1,True,616,TRA,TRAV12-1,None,TRAJ9,TRAC,True,True,CVVIRNTGGFKTIF,TGTGTGGTGATCCGAAATACTGGAGGCTTCAAAACTATCTTT,450,5,clonotype2767,clonotype2767_consensus_2
GTACGTAGTGTTAAGA-1,True,GTACGTAGTGTTAAGA-1_contig_2,True,485,TRB,TRBV24-1,None,TRBJ2-7,TRBC2,True,True,CATIGDRSPYEQYF,TGTGCCACCATCGGGGACAGGTCTCCCTACGAGCAGTACTTC,1183,10,clonotype2767,clonotype2767_consensus_1
GTACGTAGTGTTCTTT-1,True,GTACGTAGTGTTCTTT-1_contig_1,True,505,TRA,TRAV1-2,None,TRAJ33,TRAC,True,True,CAATDSNYQLIW,TGTGCTGCGACTGATAGCAACTATCAGTTAATCTGG,321,1,clonotype1,clonotype1_consensus_2
GTACGTAGTGTTCTTT-1,True,GTACGTAGTGTTCTTT-1_contig_2,True,521,TRB,TRBV20-1,None,TRBJ2-1,TRBC2,True,True,CSARVGSEVNEQFF,TGCAGTGCTAGAGTGGGGTCGGAAGTCAATGAGCAGTTCTTC,687,3,clonotype1,clonotype1_consensus_1
GTACGTAGTGTTCTTT-1,True,GTACGTAGTGTTCTTT-1_contig_3,True,471,TRA,TRAV10,None,TRAJ24,TRAC,True,False,None,None,383,1,clonotype1,None
GTACGTAGTTCCAACA-1,True,GTACGTAGTTCCAACA-1_contig_1,True,518,TRB,TRBV20-1,None,TRBJ2-3,TRBC2,True,True,CSADRAGTDTQYF,TGCAGTGCAGACAGGGCCGGCACAGATACGCAGTATTTT,2445,9,clonotype2768,clonotype2768_consensus_1
GTACGTAGTTCCAACA-1,True,GTACGTAGTTCCAACA-1_contig_2,True,352,TRA,TRAV26-2,None,TRAJ57,TRAC,True,False,CCCVLLHPNSQGGSEKLVF,TGCTGCTGTGTACTACTGCATCCCAACTCTCAGGGCGGATCTGAAAAGCTGGTCTTT,652,4,clonotype2768,None
GTACGTAGTTCCAACA-1,True,GTACGTAGTTCCAACA-1_contig_3,True,344,TRB,TRBV30,None,TRBJ1-3,TRBC1,True,False,CAWRGRESSLETPYILER,TGTGCCTGGCGAGGGAGGGAGTCGTCTCTGGAAACACCATATATTTTGGAGAGG,124,1,clonotype2768,None
GTACGTATCATATCGG-1,True,GTACGTATCATATCGG-1_contig_1,True,505,TRA,TRAV1-2,None,TRAJ33,TRAC,True,True,CAATDSNYQLIW,TGTGCTGCGACTGATAGCAACTATCAGTTAATCTGG,720,4,clonotype1,clonotype1_consensus_2
GTACGTATCATATCGG-1,True,GTACGTATCATATCGG-1_contig_2,True,473,TRB,TRBV20-1,None,TRBJ2-1,TRBC2,True,True,CSARVGSEVNEQFF,TGCAGTGCTAGAGTGGGGTCGGAAGTCAATGAGCAGTTCTTC,729,6,clonotype1,clonotype1_consensus_1
GTACGTATCGCATGGC-1,True,GTACGTATCGCATGGC-1_contig_1,True,502,TRA,TRAV1-2,None,TRAJ33,TRAC,True,True,CAATDSNYQLIW,TGTGCTGCGACTGATAGCAACTATCAGTTAATCTGG,95,1,clonotype1,clonotype1_consensus_2
GTACGTATCGCATGGC-1,True,GTACGTATCGCATGGC-1_contig_2,True,521,TRB,TRBV20-1,None,TRBJ2-1,TRBC2,True,True,CSARVGSEVNEQFF,TGCAGTGCTAGAGTGGGGTCGGAAGTCAATGAGCAGTTCTTC,1577,7,clonotype1,clonotype1_consensus_1
GTACGTATCGCCGTGA-1,True,GTACGTATCGCCGTGA-1_contig_1,True,521,TRB,TRBV20-1,None,TRBJ2-1,TRBC2,True,True,CSARVGSEVNEQFF,TGCAGTGCTAGAGTGGGGTCGGAAGTCAATGAGCAGTTCTTC,844,5,clonotype2,clonotype2_consensus_1
GTACTCCAGACAATAC-1,True,GTACTCCAGACAATAC-1_contig_1,True,505,TRA,TRAV1-2,None,TRAJ33,TRAC,True,True,CAATDSNYQLIW,TGTGCTGCGACTGATAGCAACTATCAGTTAATCTGG,402,3,clonotype1,clonotype1_consensus_2
GTACTCCAGACAATAC-1,True,GTACTCCAGACAATAC-1_contig_2,True,485,TRB,TRBV20-1,None,TRBJ2-1,TRBC2,True,True,CSARVGSEVNEQFF,TGCAGTGCTAGAGTGGGGTCGGAAGTCAATGAGCAGTTCTTC,956,5,clonotype1,clonotype1_consensus_1
GTACTCCAGAGGACGG-1,True,GTACTCCAGAGGACGG-1_contig_1,True,550,TRA,TRAV5,None,TRAJ23,TRAC,True,True,CAERGSQGGKLIF,TGTGCAGAGAGAGGGAGCCAGGGAGGAAAGCTTATCTTC,1462,6,clonotype2769,clonotype2769_consensus_2
GTACTCCAGAGGACGG-1,True,GTACTCCAGAGGACGG-1_contig_2,True,487,TRA,TRAV1-1,None,TRAJ31,TRAC,True,True,CAVRPNNARLMF,TGCGCTGTGAGACCAAACAATGCCAGACTCATGTTT,2518,7,clonotype2769,clonotype2769_consensus_3
GTACTCCAGAGGACGG-1,True,GTACTCCAGAGGACGG-1_contig_3,True,498,TRB,TRBV20-1,None,TRBJ2-1,TRBC2,True,True,CSAHTSGVPNEQFF,TGCAGTGCCCATACTAGCGGGGTTCCCAATGAGCAGTTCTTC,3050,18,clonotype2769,clonotype2769_consensus_1
GTACTCCAGCTGATAA-1,True,GTACTCCAGCTGATAA-1_contig_1,True,508,TRA,TRAV20,None,TRAJ24,TRAC,True,True,CAVMTTDSWGKFQF,TGTGCTGTTATGACAACTGACAGCTGGGGGAAATTCCAGTTT,255,2,clonotype2770,clonotype2770_consensus_4
GTACTCCAGCTGATAA-1,True,GTACTCCAGCTGATAA-1_contig_2,True,515,TRB,TRBV20-1,None,TRBJ1-2,TRBC1,True,True,CSARILGNGYTF,TGCAGTGCTAGAATCTTGGGGAATGGCTACACCTTC,3544,8,clonotype2770,clonotype2770_consensus_2
GTACTCCAGCTGATAA-1,True,GTACTCCAGCTGATAA-1_contig_3,True,508,TRA,TRAV12-2,None,TRAJ18,TRAC,True,True,CAVMADRGSTLGRLYF,TGTGCCGTGATGGCTGACAGAGGCTCAACCCTGGGGAGGCTATACTTT,121,3,clonotype2770,clonotype2770_consensus_3
GTACTCCAGCTGATAA-1,True,GTACTCCAGCTGATAA-1_contig_4,True,662,TRB,TRBV5-5,None,TRBJ2-7,TRBC2,True,True,CASSSLVEQGAYEQYF,TGTGCCAGCAGCTCGCTCGTAGAGCAGGGGGCCTACGAGCAGTACTTC,675,4,clonotype2770,clonotype2770_consensus_1
GTACTCCAGTAGGTGC-1,True,GTACTCCAGTAGGTGC-1_contig_1,True,553,TRA,TRAV12-1,None,TRAJ9,TRAC,True,True,CVVTRNTGGFKTIF,TGTGTGGTGACACGAAATACTGGAGGCTTCAAAACTATCTTT,266,2,clonotype5,clonotype5_consensus_2
GTACTCCAGTAGGTGC-1,True,GTACTCCAGTAGGTGC-1_contig_2,True,504,TRB,TRBV20-1,None,TRBJ1-5,TRBC1,True,True,CSARDDNRAKSFNQPQHF,TGCAGTGCTAGAGACGACAACCGGGCCAAATCCTTCAATCAGCCCCAGCATTTT,447,3,clonotype5,clonotype5_consensus_1
GTACTCCAGTAGGTGC-1,True,GTACTCCAGTAGGTGC-1_contig_3,True,567,TRA,TRAV29/DV5,None,TRAJ11,TRAC,True,False,CSSNSGYSTLTF,TGCAGCTCCAATTCAGGATACAGCACCCTCACCTTT,234,1,clonotype5,None
GTACTCCAGTGTACTC-1,True,GTACTCCAGTGTACTC-1_contig_1,True,505,TRA,TRAV1-2,None,TRAJ33,TRAC,True,True,CAATDSNYQLIW,TGTGCTGCGACTGATAGCAACTATCAGTTAATCTGG,359,2,clonotype1,clonotype1_consensus_2
GTACTCCAGTGTACTC-1,True,GTACTCCAGTGTACTC-1_contig_2,True,473,TRB,TRBV20-1,None,TRBJ2-1,TRBC2,True,True,CSARVGSEVNEQFF,TGCAGTGCTAGAGTGGGGTCGGAAGTCAATGAGCAGTTCTTC,1175,8,clonotype1,clonotype1_consensus_1
GTACTCCAGTGTACTC-1,True,GTACTCCAGTGTACTC-1_contig_3,True,465,TRA,TRAV10,None,TRAJ24,TRAC,True,False,None,None,644,2,clonotype1,None
GTACTCCCAAGCTGTT-1,True,GTACTCCCAAGCTGTT-1_contig_1,True,505,TRA,TRAV1-2,None,TRAJ33,TRAC,True,True,CAATDSNYQLIW,TGTGCTGCGACTGATAGCAACTATCAGTTAATCTGG,1467,4,clonotype1,clonotype1_consensus_2
GTACTCCCAAGCTGTT-1,True,GTACTCCCAAGCTGTT-1_contig_2,True,498,TRB,TRBV20-1,None,TRBJ2-1,TRBC2,True,True,CSARVGSEVNEQFF,TGCAGTGCTAGAGTGGGGTCGGAAGTCAATGAGCAGTTCTTC,3822,16,clonotype1,clonotype1_consensus_1
GTACTCCCAAGCTGTT-1,True,GTACTCCCAAGCTGTT-1_contig_3,True,467,TRA,TRAV10,None,TRAJ24,TRAC,True,False,None,None,750,1,clonotype1,None
GTACTCCCAGCTGTTA-1,True,GTACTCCCAGCTGTTA-1_contig_1,True,489,TRB,TRBV20-1,None,TRBJ2-1,TRBC2,True,True,CSASAGMRGEQFF,TGCAGTGCTAGTGCAGGGATGCGGGGCGAGCAGTTCTTC,2883,11,clonotype329,clonotype329_consensus_1
GTACTCCGTCTCTCTG-1,True,GTACTCCGTCTCTCTG-1_contig_1,True,505,TRA,TRAV1-2,None,TRAJ33,TRAC,True,True,CAATDSNYQLIW,TGTGCTGCGACTGATAGCAACTATCAGTTAATCTGG,865,4,clonotype1,clonotype1_consensus_2
GTACTCCGTCTCTCTG-1,True,GTACTCCGTCTCTCTG-1_contig_2,True,521,TRB,TRBV20-1,None,TRBJ2-1,TRBC2,True,True,CSARVGSEVNEQFF,TGCAGTGCTAGAGTGGGGTCGGAAGTCAATGAGCAGTTCTTC,528,4,clonotype1,clonotype1_consensus_1
GTACTCCGTTGGGACA-1,True,GTACTCCGTTGGGACA-1_contig_1,True,498,TRB,TRBV20-1,None,TRBJ2-1,TRBC2,True,True,CSARVGSEVNEQFF,TGCAGTGCTAGAGTGGGGTCGGAAGTCAATGAGCAGTTCTTC,1280,5,clonotype2,clonotype2_consensus_1
GTACTCCTCAAGATCC-1,True,GTACTCCTCAAGATCC-1_contig_1,True,505,TRA,TRAV1-2,None,TRAJ33,TRAC,True,True,CAATDSNYQLIW,TGTGCTGCGACTGATAGCAACTATCAGTTAATCTGG,624,2,clonotype1,clonotype1_consensus_2
GTACTCCTCAAGATCC-1,True,GTACTCCTCAAGATCC-1_contig_2,True,498,TRB,TRBV20-1,None,TRBJ2-1,TRBC2,True,True,CSARVGSEVNEQFF,TGCAGTGCTAGAGTGGGGTCGGAAGTCAATGAGCAGTTCTTC,2407,10,clonotype1,clonotype1_consensus_1
GTACTCCTCAAGATCC-1,True,GTACTCCTCAAGATCC-1_contig_3,True,467,TRA,TRAV10,None,TRAJ24,TRAC,True,False,None,None,353,3,clonotype1,None
GTACTCCTCGGTTAAC-1,True,GTACTCCTCGGTTAAC-1_contig_1,True,492,TRA,TRAV12-3,None,TRAJ49,TRAC,True,True,CAIYTGNQFYF,TGTGCAATATACACCGGTAACCAGTTCTATTTT,1889,3,clonotype2771,clonotype2771_consensus_1
GTACTCCTCGGTTAAC-1,True,GTACTCCTCGGTTAAC-1_contig_2,True,492,TRB,TRBV20-1,None,TRBJ1-3,TRBC1,True,True,CSARPLGGNTIYF,TGCAGTGCTAGGCCCCTTGGCGGAAACACCATATATTTT,1287,6,clonotype2771,clonotype2771_consensus_2
GTACTCCTCGGTTAAC-1,True,GTACTCCTCGGTTAAC-1_contig_3,True,623,TRA,TRAV41,None,TRAJ58,TRAC,True,True,CAVHRGTSGSRLTF,TGTGCTGTCCACCGCGGAACCAGTGGCTCTAGGTTGACCTTT,1467,4,clonotype2771,clonotype2771_consensus_3
GTACTCCTCTCCTATA-1,True,GTACTCCTCTCCTATA-1_contig_1,True,505,TRA,TRAV1-2,None,TRAJ33,TRAC,True,True,CAATDSNYQLIW,TGTGCTGCGACTGATAGCAACTATCAGTTAATCTGG,145,3,clonotype1,clonotype1_consensus_2
GTACTCCTCTCCTATA-1,True,GTACTCCTCTCCTATA-1_contig_2,True,521,TRB,TRBV20-1,None,TRBJ2-1,TRBC2,True,True,CSARVGSEVNEQFF,TGCAGTGCTAGAGTGGGGTCGGAAGTCAATGAGCAGTTCTTC,1589,10,clonotype1,clonotype1_consensus_1
GTACTCCTCTCGATGA-1,True,GTACTCCTCTCGATGA-1_contig_1,True,521,TRB,TRBV20-1,None,TRBJ2-1,TRBC2,True,True,CSARVGSEVNEQFF,TGCAGTGCTAGAGTGGGGTCGGAAGTCAATGAGCAGTTCTTC,2238,9,clonotype2,clonotype2_consensus_1
GTACTTTAGAAGGGTA-1,True,GTACTTTAGAAGGGTA-1_contig_1,True,481,TRA,TRAV1-2,None,TRAJ30,TRAC,True,True,CAVRDLREIIF,TGTGCTGTGAGAGATCTTCGGGAGATCATCTTT,329,4,clonotype3,clonotype3_consensus_2
GTACTTTAGAAGGGTA-1,True,GTACTTTAGAAGGGTA-1_contig_2,True,494,TRB,TRBV5-5,None,TRBJ1-4,TRBC1,True,True,CASSHPGPNYATNEKLFF,TGTGCCAGCAGCCATCCCGGACCGAACTACGCAACTAATGAAAAACTGTTTTTT,1152,5,clonotype3,clonotype3_consensus_1
GTACTTTAGAAGGGTA-1,True,GTACTTTAGAAGGGTA-1_contig_3,True,430,TRB,TRBV7-3,None,TRBJ2-1,TRBC2,True,False,CQQRSLKAGGPYNEQFF,TGCCAGCAGCGGTCACTTAAAGCGGGGGGACCCTACAATGAGCAGTTCTTC,331,4,clonotype3,None
GTACTTTAGACAGGCT-1,True,GTACTTTAGACAGGCT-1_contig_1,True,524,TRB,TRBV20-1,None,TRBJ2-7,TRBC2,True,True,CSARDRQRGDYEQYF,TGCAGTGCTAGAGATAGACAGCGGGGAGATTACGAGCAGTACTTC,1331,10,clonotype338,clonotype338_consensus_2
GTACTTTAGACAGGCT-1,True,GTACTTTAGACAGGCT-1_contig_2,True,554,TRA,TRAV17,None,TRAJ22,TRAC,True,True,CATGAPPRQLTF,TGTGCTACGGGAGCCCCGCCTAGACAACTGACCTTT,1412,11,clonotype338,clonotype338_consensus_1
GTACTTTAGACAGGCT-1,True,GTACTTTAGACAGGCT-1_contig_3,True,480,TRB,TRBV10-3,None,TRBJ2-2,TRBC2,True,False,CTSVPSVRLDRPNTGELFF,TGTACTTCTGTGCCATCAGTGAGGCTAGACAGACCGAACACCGGGGAGCTGTTTTTT,473,3,clonotype338,None
GTACTTTAGCTGAACG-1,True,GTACTTTAGCTGAACG-1_contig_1,True,492,TRA,TRAV9-2,None,TRAJ13,TRAC,True,True,CALNLEGYQKVTF,TGTGCTCTGAACTTAGAGGGTTACCAGAAAGTTACCTTT,1209,3,clonotype6,clonotype6_consensus_1
GTACTTTAGCTGAACG-1,True,GTACTTTAGCTGAACG-1_contig_2,True,598,TRB,TRBV5-6,None,TRBJ1-5,TRBC1,True,True,CASSFRGGANQPQHF,TGTGCCAGCAGCTTTCGAGGGGGCGCGAATCAGCCCCAGCATTTT,636,9,clonotype6,clonotype6_consensus_2
GTACTTTAGGCCCTCA-1,True,GTACTTTAGGCCCTCA-1_contig_1,True,498,TRB,TRBV20-1,None,TRBJ2-1,TRBC2,True,True,CSARVGSEVNEQFF,TGCAGTGCTAGAGTGGGGTCGGAAGTCAATGAGCAGTTCTTC,1071,7,clonotype2,clonotype2_consensus_1
GTACTTTAGGCCCTCA-1,True,GTACTTTAGGCCCTCA-1_contig_2,True,435,TRA,TRAV10,None,TRAJ24,TRAC,True,False,None,None,42,2,clonotype2,None
GTACTTTAGTTGCAGG-1,True,GTACTTTAGTTGCAGG-1_contig_1,True,521,TRB,TRBV20-1,None,TRBJ2-1,TRBC2,True,True,CSARVGSEVNEQFF,TGCAGTGCTAGAGTGGGGTCGGAAGTCAATGAGCAGTTCTTC,1441,8,clonotype2,clonotype2_consensus_1
GTACTTTCAAGTCTGT-1,True,GTACTTTCAAGTCTGT-1_contig_1,True,552,TRA,TRAV5,None,TRAJ9,TRAC,True,True,CAEKNTGGFKTIF,TGTGCAGAGAAGAATACTGGAGGCTTCAAAACTATCTTT,136,3,clonotype2772,clonotype2772_consensus_2
GTACTTTCAAGTCTGT-1,True,GTACTTTCAAGTCTGT-1_contig_2,True,524,TRB,TRBV20-1,None,TRBJ2-1,TRBC2,True,True,CSARGLAGGNNEQFF,TGCAGTGCTAGAGGCCTAGCGGGGGGGAACAATGAGCAGTTCTTC,2052,11,clonotype2772,clonotype2772_consensus_1
GTACTTTCACCGATAT-1,True,GTACTTTCACCGATAT-1_contig_1,True,529,TRB,TRBV20-1,None,TRBJ2-7,TRBC2,True,True,CSASRTGGTSGTYEQYF,TGCAGTGCTAGCCGGACAGGAGGGACTAGCGGGACCTACGAGCAGTACTTC,812,6,clonotype2773,clonotype2773_consensus_2
GTACTTTCACCGATAT-1,True,GTACTTTCACCGATAT-1_contig_2,True,485,TRA,TRAV38-2/DV8,None,TRAJ54,TRAC,True,True,CAYRRGQKLVF,TGTGCTTATAGGAGAGGACAGAAGCTGGTATTT,1044,7,clonotype2773,clonotype2773_consensus_1
GTACTTTCACCTGGTG-1,True,GTACTTTCACCTGGTG-1_contig_1,True,574,TRA,TRAV8-1,None,TRAJ17,TRAC,True,True,CAVGGRAAGNKLTF,TGTGCCGTGGGGGGCAGAGCTGCAGGCAACAAGCTAACTTTT,912,5,clonotype2774,clonotype2774_consensus_2
GTACTTTCACCTGGTG-1,True,GTACTTTCACCTGGTG-1_contig_2,True,521,TRB,TRBV20-1,None,TRBJ2-1,TRBC2,True,True,CSAKGQGSINEQFF,TGCAGTGCTAAGGGACAGGGGAGTATCAATGAGCAGTTCTTC,2627,13,clonotype2774,clonotype2774_consensus_1
GTACTTTCACCTGGTG-1,True,GTACTTTCACCTGGTG-1_contig_3,True,302,TRB,None,None,TRBJ1-1,TRBC1,False,False,None,None,100,3,clonotype2774,None
GTACTTTGTCCGTGAC-1,True,GTACTTTGTCCGTGAC-1_contig_1,True,524,TRB,TRBV20-1,None,TRBJ2-1,TRBC2,True,True,CSALHLLSAGNEQFF,TGCAGTGCTCTTCATCTCCTTTCAGCGGGAAATGAGCAGTTCTTC,2959,12,clonotype2775,clonotype2775_consensus_2
GTACTTTGTCCGTGAC-1,True,GTACTTTGTCCGTGAC-1_contig_2,True,481,TRA,TRAV34,None,TRAJ52,TRAC,True,True,CGAASMNAGGTSYGKLTF,TGTGGAGCCGCCTCCATGAATGCTGGTGGTACTAGCTATGGAAAGCTGACATTT,754,5,clonotype2775,clonotype2775_consensus_1
GTACTTTGTCTTGATG-1,True,GTACTTTGTCTTGATG-1_contig_1,True,505,TRA,TRAV1-2,None,TRAJ33,TRAC,True,True,CAATDSNYQLIW,TGTGCTGCGACTGATAGCAACTATCAGTTAATCTGG,275,5,clonotype1,clonotype1_consensus_2
GTACTTTGTCTTGATG-1,True,GTACTTTGTCTTGATG-1_contig_2,True,521,TRB,TRBV20-1,None,TRBJ2-1,TRBC2,True,True,CSARVGSEVNEQFF,TGCAGTGCTAGAGTGGGGTCGGAAGTCAATGAGCAGTTCTTC,1519,16,clonotype1,clonotype1_consensus_1
GTACTTTGTGCACCAC-1,True,GTACTTTGTGCACCAC-1_contig_1,True,505,TRA,TRAV1-2,None,TRAJ33,TRAC,True,True,CAATDSNYQLIW,TGTGCTGCGACTGATAGCAACTATCAGTTAATCTGG,443,5,clonotype1,clonotype1_consensus_2
GTACTTTGTGCACCAC-1,True,GTACTTTGTGCACCAC-1_contig_2,True,470,TRB,TRBV20-1,None,TRBJ2-1,TRBC2,True,True,CSARVGSEVNEQFF,TGCAGTGCTAGAGTGGGGTCGGAAGTCAATGAGCAGTTCTTC,782,3,clonotype1,clonotype1_consensus_1
GTACTTTGTGTAAGTA-1,True,GTACTTTGTGTAAGTA-1_contig_1,True,505,TRA,TRAV1-2,None,TRAJ33,TRAC,True,True,CAATDSNYQLIW,TGTGCTGCGACTGATAGCAACTATCAGTTAATCTGG,253,4,clonotype1,clonotype1_consensus_2
GTACTTTGTGTAAGTA-1,True,GTACTTTGTGTAAGTA-1_contig_2,True,515,TRB,TRBV20-1,None,TRBJ2-1,TRBC2,True,True,CSARVGSEVNEQFF,TGCAGTGCTAGAGTGGGGTCGGAAGTCAATGAGCAGTTCTTC,1437,10,clonotype1,clonotype1_consensus_1
GTACTTTGTTACGGAG-1,True,GTACTTTGTTACGGAG-1_contig_1,True,505,TRA,TRAV1-2,None,TRAJ33,TRAC,True,True,CAATDSNYQLIW,TGTGCTGCGACTGATAGCAACTATCAGTTAATCTGG,711,2,clonotype1,clonotype1_consensus_2
GTACTTTGTTACGGAG-1,True,GTACTTTGTTACGGAG-1_contig_2,True,505,TRB,TRBV20-1,None,TRBJ2-1,TRBC2,True,True,CSARVGSEVNEQFF,TGCAGTGCTAGAGTGGGGTCGGAAGTCAATGAGCAGTTCTTC,1425,9,clonotype1,clonotype1_consensus_1
GTACTTTGTTACGGAG-1,True,GTACTTTGTTACGGAG-1_contig_3,True,465,TRA,TRAV10,None,TRAJ24,TRAC,True,False,None,None,175,2,clonotype1,None
GTACTTTTCACAATGC-1,True,GTACTTTTCACAATGC-1_contig_1,True,505,TRA,TRAV1-2,None,TRAJ33,TRAC,True,True,CAATDSNYQLIW,TGTGCTGCGACTGATAGCAACTATCAGTTAATCTGG,632,2,clonotype1,clonotype1_consensus_2
GTACTTTTCACAATGC-1,True,GTACTTTTCACAATGC-1_contig_2,True,486,TRB,TRBV20-1,None,TRBJ2-1,TRBC2,True,True,CSARVGSEVNEQFF,TGCAGTGCTAGAGTGGGGTCGGAAGTCAATGAGCAGTTCTTC,627,6,clonotype1,clonotype1_consensus_1
GTACTTTTCAGTTGAC-1,True,GTACTTTTCAGTTGAC-1_contig_1,True,527,TRB,TRBV20-1,None,TRBJ2-3,TRBC2,True,True,CSASTSGGPSTDTQYF,TGCAGTGCTTCGACTAGCGGGGGCCCTAGCACAGATACGCAGTATTTT,1479,6,clonotype2776,clonotype2776_consensus_1
GTACTTTTCAGTTGAC-1,True,GTACTTTTCAGTTGAC-1_contig_2,True,488,TRA,TRAV38-2/DV8,None,TRAJ43,TRAC,True,True,CAYRSTLNDMRF,TGTGCTTATAGGAGCACCCTCAATGACATGCGCTTT,116,2,clonotype2776,clonotype2776_consensus_3
GTACTTTTCAGTTGAC-1,True,GTACTTTTCAGTTGAC-1_contig_3,True,521,TRB,TRBV20-1,None,TRBJ2-1,TRBC2,True,True,CSAPKPHGGREQFF,TGCAGTGCCCCTAAGCCCCACGGGGGCCGGGAGCAGTTCTTC,1711,8,clonotype2776,clonotype2776_consensus_4
GTACTTTTCAGTTGAC-1,True,GTACTTTTCAGTTGAC-1_contig_4,True,478,TRA,TRAV38-1,None,TRAJ28,TRAC,True,True,CAFMTYSGAGSYQLTF,TGTGCTTTCATGACATACTCTGGGGCTGGGAGTTACCAACTCACTTTC,131,1,clonotype2776,clonotype2776_consensus_2
GTACTTTTCATCGATG-1,True,GTACTTTTCATCGATG-1_contig_1,True,516,TRB,TRBV5-5,None,TRBJ1-4,TRBC1,True,True,CASSHPGPNYATNEKLFF,TGTGCCAGCAGCCATCCCGGACCGAACTACGCAACTAATGAAAAACTGTTTTTT,5274,10,clonotype4,clonotype4_consensus_1
GTACTTTTCATCGATG-1,True,GTACTTTTCATCGATG-1_contig_2,True,361,TRB,TRBV7-3,None,TRBJ2-1,TRBC2,True,False,CQQRSLKAGGPYNEQFF,TGCCAGCAGCGGTCACTTAAAGCGGGGGGACCCTACAATGAGCAGTTCTTC,36,2,clonotype4,None
GTACTTTTCATTCACT-1,True,GTACTTTTCATTCACT-1_contig_1,True,488,TRA,TRAV38-2/DV8,None,TRAJ54,TRAC,True,True,CAYRKGAQKLVF,TGTGCTTATAGGAAGGGAGCCCAGAAGCTGGTATTT,730,5,clonotype2777,clonotype2777_consensus_1
GTACTTTTCATTCACT-1,True,GTACTTTTCATTCACT-1_contig_2,True,657,TRB,TRBV5-6,None,TRBJ1-5,TRBC1,True,True,CASSYRHNQPQHF,TGTGCCAGCAGCTACCGACACAATCAGCCCCAGCATTTT,1438,9,clonotype2777,clonotype2777_consensus_2
GTACTTTTCCATTCTA-1,True,GTACTTTTCCATTCTA-1_contig_1,True,518,TRB,TRBV20-1,None,TRBJ2-6,TRBC2,True,True,CSALLSGANVLTF,TGCAGTGCTCTACTCTCTGGGGCCAACGTCCTGACTTTC,1477,14,clonotype2778,clonotype2778_consensus_2
GTACTTTTCCATTCTA-1,True,GTACTTTTCCATTCTA-1_contig_2,True,507,TRA,TRAV36/DV7,None,TRAJ49,TRAC,True,True,CAVRGRNTGNQFYF,TGTGCTGTCCGAGGGAGGAACACCGGTAACCAGTTCTATTTT,650,5,clonotype2778,clonotype2778_consensus_3
GTACTTTTCCATTCTA-1,True,GTACTTTTCCATTCTA-1_contig_3,True,502,TRA,TRAV20,None,TRAJ15,TRAC,True,True,CAVDQAGTALIF,TGTGCTGTGGACCAGGCAGGAACTGCTCTGATCTTT,283,6,clonotype2778,clonotype2778_consensus_1
GTACTTTTCTTTACGT-1,True,GTACTTTTCTTTACGT-1_contig_1,True,491,TRB,TRBV20-1,None,TRBJ2-7,TRBC2,True,True,CSARDGSGGSSYEQYF,TGCAGTGCTAGAGACGGTAGCGGGGGGAGCTCCTACGAGCAGTACTTC,2299,13,clonotype2779,clonotype2779_consensus_1
GTAGGCCAGCCCAATT-1,True,GTAGGCCAGCCCAATT-1_contig_1,True,484,TRB,TRBV5-6,None,TRBJ2-5,TRBC2,True,True,CASSRWMGGAGETQYF,TGTGCCAGCAGCCGGTGGATGGGCGGGGCGGGAGAGACCCAGTACTTC,2485,5,clonotype2780,clonotype2780_consensus_2
GTAGGCCAGCCCAATT-1,True,GTAGGCCAGCCCAATT-1_contig_2,True,543,TRA,TRAV26-2,None,TRAJ15,TRAC,True,True,CILRPQAGTALIF,TGCATCCTGAGACCCCAGGCAGGAACTGCTCTGATCTTT,1551,5,clonotype2780,clonotype2780_consensus_1
GTAGGCCCAAGTAATG-1,True,GTAGGCCCAAGTAATG-1_contig_1,True,515,TRB,TRBV20-1,None,TRBJ2-7,TRBC2,True,True,CSVEGVRSEQYF,TGCAGTGTGGAAGGGGTTCGGAGCGAGCAGTACTTC,1264,11,clonotype2781,clonotype2781_consensus_1
GTAGGCCCAAGTAATG-1,True,GTAGGCCCAAGTAATG-1_contig_2,True,529,TRA,TRAV27,None,TRAJ23,TRAC,True,True,CAVLFYNQGGKLIF,TGTGCAGTCTTGTTTTATAACCAGGGAGGAAAGCTTATCTTC,544,4,clonotype2781,clonotype2781_consensus_2
GTAGGCCCAATCACAC-1,True,GTAGGCCCAATCACAC-1_contig_1,True,518,TRB,TRBV20-1,None,TRBJ2-1,TRBC2,True,True,CSARVGSEVNEQFF,TGCAGTGCTAGAGTGGGGTCGGAAGTCAATGAGCAGTTCTTC,1091,6,clonotype2,clonotype2_consensus_1
GTAGGCCCAGTGGGAT-1,True,GTAGGCCCAGTGGGAT-1_contig_1,True,487,TRA,TRAV1-2,None,TRAJ33,TRAC,True,True,CAATDSNYQLIW,TGTGCTGCGACTGATAGCAACTATCAGTTAATCTGG,116,2,clonotype1,clonotype1_consensus_2
GTAGGCCCAGTGGGAT-1,True,GTAGGCCCAGTGGGAT-1_contig_2,True,498,TRB,TRBV20-1,None,TRBJ2-1,TRBC2,True,True,CSARVGSEVNEQFF,TGCAGTGCTAGAGTGGGGTCGGAAGTCAATGAGCAGTTCTTC,1338,9,clonotype1,clonotype1_consensus_1
GTAGGCCCAGTGGGAT-1,True,GTAGGCCCAGTGGGAT-1_contig_3,True,459,TRA,TRAV10,None,TRAJ24,TRAC,True,False,None,None,307,4,clonotype1,None
GTAGGCCCATTCACTT-1,True,GTAGGCCCATTCACTT-1_contig_1,True,505,TRA,TRAV1-2,None,TRAJ33,TRAC,True,True,CAATDSNYQLIW,TGTGCTGCGACTGATAGCAACTATCAGTTAATCTGG,481,3,clonotype1,clonotype1_consensus_2
GTAGGCCCATTCACTT-1,True,GTAGGCCCATTCACTT-1_contig_2,True,521,TRB,TRBV20-1,None,TRBJ2-1,TRBC2,True,True,CSARVGSEVNEQFF,TGCAGTGCTAGAGTGGGGTCGGAAGTCAATGAGCAGTTCTTC,2221,10,clonotype1,clonotype1_consensus_1
GTAGGCCCATTCACTT-1,True,GTAGGCCCATTCACTT-1_contig_3,True,467,TRA,TRAV10,None,TRAJ24,TRAC,True,False,None,None,401,2,clonotype1,None
GTAGGCCGTAGCGCTC-1,True,GTAGGCCGTAGCGCTC-1_contig_1,True,497,TRA,TRAV38-2/DV8,None,TRAJ40,TRAC,True,True,CAYRTSTSGTYKYIF,TGTGCTTATAGGACCTCTACCTCAGGAACCTACAAATACATCTTT,539,5,clonotype64,clonotype64_consensus_1
GTAGGCCGTAGCGCTC-1,True,GTAGGCCGTAGCGCTC-1_contig_2,True,512,TRB,TRBV20-1,None,TRBJ2-4,TRBC2,True,True,CSARSGSIQYF,TGCAGTGCCAGGTCAGGGAGCATTCAGTACTTC,487,5,clonotype64,clonotype64_consensus_2
GTAGGCCGTCATACTG-1,True,GTAGGCCGTCATACTG-1_contig_1,True,505,TRA,TRAV1-2,None,TRAJ33,TRAC,True,True,CAATDSNYQLIW,TGTGCTGCGACTGATAGCAACTATCAGTTAATCTGG,248,4,clonotype1,clonotype1_consensus_2
GTAGGCCGTCATACTG-1,True,GTAGGCCGTCATACTG-1_contig_2,True,498,TRB,TRBV20-1,None,TRBJ2-1,TRBC2,True,True,CSARVGSEVNEQFF,TGCAGTGCTAGAGTGGGGTCGGAAGTCAATGAGCAGTTCTTC,1273,8,clonotype1,clonotype1_consensus_1
GTAGGCCGTCCAGTGC-1,True,GTAGGCCGTCCAGTGC-1_contig_1,True,498,TRB,TRBV20-1,None,TRBJ2-1,TRBC2,True,True,CSARVGSEVNEQFF,TGCAGTGCTAGAGTGGGGTCGGAAGTCAATGAGCAGTTCTTC,2502,10,clonotype2,clonotype2_consensus_1
GTAGGCCGTCCAGTGC-1,True,GTAGGCCGTCCAGTGC-1_contig_2,True,482,TRA,TRAV10,None,TRAJ24,TRAC,True,False,None,None,481,3,clonotype2,None
GTAGGCCGTCTCTCTG-1,True,GTAGGCCGTCTCTCTG-1_contig_1,True,505,TRA,TRAV13-2,None,TRAJ47,TRAC,True,True,CAETFGEGNKLVF,TGTGCAGAGACCTTTGGGGAAGGAAACAAACTGGTCTTT,288,2,clonotype284,clonotype284_consensus_2
GTAGGCCGTCTCTCTG-1,True,GTAGGCCGTCTCTCTG-1_contig_2,True,485,TRB,TRBV20-1,None,TRBJ2-5,TRBC2,True,True,CSAPFPAGGETQYF,TGCAGTGCCCCGTTCCCTGCGGGGGGAGAGACCCAGTACTTC,2660,10,clonotype284,clonotype284_consensus_1
GTAGGCCGTCTCTCTG-1,True,GTAGGCCGTCTCTCTG-1_contig_3,True,489,TRB,None,None,TRBJ1-5,TRBC1,False,False,None,None,530,6,clonotype284,None
GTAGGCCGTGTAATGA-1,True,GTAGGCCGTGTAATGA-1_contig_1,True,505,TRA,TRAV1-2,None,TRAJ33,TRAC,True,True,CAATDSNYQLIW,TGTGCTGCGACTGATAGCAACTATCAGTTAATCTGG,510,3,clonotype1,clonotype1_consensus_2
GTAGGCCGTGTAATGA-1,True,GTAGGCCGTGTAATGA-1_contig_2,True,509,TRB,TRBV20-1,None,TRBJ2-1,TRBC2,True,True,CSARVGSEVNEQFF,TGCAGTGCTAGAGTGGGGTCGGAAGTCAATGAGCAGTTCTTC,456,6,clonotype1,clonotype1_consensus_1
GTAGGCCGTGTAATGA-1,True,GTAGGCCGTGTAATGA-1_contig_3,True,482,TRA,TRAV10,None,TRAJ24,TRAC,True,False,None,None,489,3,clonotype1,None
GTAGGCCGTTACCGAT-1,True,GTAGGCCGTTACCGAT-1_contig_1,True,491,TRA,TRAV9-2,None,TRAJ53,TRAC,True,True,CALSVGSNYKLTF,TGTGCTCTGAGTGTGGGTAGCAACTATAAACTGACATTT,531,3,clonotype2782,clonotype2782_consensus_2
GTAGGCCGTTACCGAT-1,True,GTAGGCCGTTACCGAT-1_contig_2,True,658,TRB,TRBV5-6,None,TRBJ2-3,TRBC2,True,True,CASSLVASGTDTQYF,TGTGCCAGCAGCTTGGTAGCTAGCGGCACAGATACGCAGTATTTT,1121,6,clonotype2782,clonotype2782_consensus_1
GTAGGCCGTTACCGAT-1,True,GTAGGCCGTTACCGAT-1_contig_3,True,510,TRA,TRAV27,None,TRAJ42,TRAC,True,False,None,None,721,3,clonotype2782,None
GTAGGCCGTTCAGTAC-1,True,GTAGGCCGTTCAGTAC-1_contig_1,True,479,TRB,TRBV20-1,None,TRBJ1-2,TRBC1,True,True,CIFPAGVGGYTF,TGCATTTTTCCTGCAGGGGTGGGAGGCTACACCTTC,803,4,clonotype2783,clonotype2783_consensus_2
GTAGGCCGTTCAGTAC-1,True,GTAGGCCGTTCAGTAC-1_contig_2,True,514,TRA,TRAV29/DV5,None,TRAJ23,TRAC,True,True,CAASAQNQGGKLIF,TGTGCAGCAAGCGCGCAGAACCAGGGAGGAAAGCTTATCTTC,129,1,clonotype2783,clonotype2783_consensus_3
GTAGGCCGTTCAGTAC-1,True,GTAGGCCGTTCAGTAC-1_contig_3,True,483,TRA,TRAV38-2/DV8,None,TRAJ57,TRAC,True,True,CAYRFPQGGSEKLVF,TGTGCTTATAGGTTCCCTCAGGGCGGATCTGAAAAGCTGGTCTTT,147,3,clonotype2783,clonotype2783_consensus_1
GTAGGCCGTTCAGTAC-1,True,GTAGGCCGTTCAGTAC-1_contig_4,True,522,TRB,TRBV6-5,None,TRBJ1-5,TRBC1,True,False,None,None,1198,4,clonotype2783,None
GTAGGCCGTTGGTGGA-1,True,GTAGGCCGTTGGTGGA-1_contig_1,True,521,TRB,TRBV20-1,None,TRBJ1-2,TRBC1,True,True,CSAIHTDSLYGYTF,TGCAGTGCTATTCATACGGACAGTCTTTATGGCTACACCTTC,2045,8,clonotype2784,clonotype2784_consensus_1
GTAGGCCGTTGGTGGA-1,True,GTAGGCCGTTGGTGGA-1_contig_2,True,615,TRA,TRAV3,None,TRAJ11,TRAC,True,True,CAVRDKGYSTLTF,TGTGCTGTGAGAGACAAAGGATACAGCACCCTCACCTTT,724,4,clonotype2784,clonotype2784_consensus_2
GTAGGCCGTTGGTGGA-1,True,GTAGGCCGTTGGTGGA-1_contig_3,True,433,TRA,TRAV1-1,None,TRAJ27,TRAC,True,False,None,None,49,1,clonotype2784,None
GTAGGCCGTTGGTGGA-1,True,GTAGGCCGTTGGTGGA-1_contig_4,True,366,TRA,TRAV1-1,None,TRAJ27,TRAC,True,False,CAVTLLWGWELPTHFREGDQTL,TGCGCTGTGACCCTACTCTGGGGCTGGGAGTTACCAACTCACTTTCGGGAAGGGGACCAAACTCTC,459,4,clonotype2784,None
GTAGGCCTCAGATAAG-1,True,GTAGGCCTCAGATAAG-1_contig_1,True,484,TRB,TRBV5-6,None,TRBJ2-2,TRBC2,True,True,CASSLLDRTNYGELFF,TGTGCCAGCAGCTTGCTCGATCGGACAAACTACGGGGAGCTGTTTTTT,298,4,clonotype2785,clonotype2785_consensus_1
GTAGGCCTCAGATAAG-1,True,GTAGGCCTCAGATAAG-1_contig_2,True,319,TRB,None,None,TRBJ1-6,TRBC1,False,False,None,None,151,3,clonotype2785,None
GTAGGCCTCAGATAAG-1,True,GTAGGCCTCAGATAAG-1_contig_3,True,486,Multi,TRDV1,None,TRAJ43,TRAC,True,False,None,None,376,2,clonotype2785,None
GTAGGCCTCCTTAATC-1,True,GTAGGCCTCCTTAATC-1_contig_1,True,506,TRA,TRAV25,None,TRAJ42,TRAC,True,True,CAGGGGSQGNLIF,TGTGCAGGGGGCGGAGGAAGCCAAGGAAATCTCATCTTT,433,3,clonotype2786,clonotype2786_consensus_1
GTAGGCCTCCTTAATC-1,True,GTAGGCCTCCTTAATC-1_contig_2,True,504,TRB,TRBV5-5,None,TRBJ1-2,TRBC1,True,True,CASSFNPREDGYTF,TGTGCCAGCAGCTTCAACCCCAGGGAGGATGGCTACACCTTC,4411,16,clonotype2786,clonotype2786_consensus_2
GTAGGCCTCCTTAATC-1,True,GTAGGCCTCCTTAATC-1_contig_3,True,424,TRB,None,None,TRBJ1-3,TRBC1,False,False,None,None,5434,2,clonotype2786,None
GTAGGCCTCTCACATT-1,True,GTAGGCCTCTCACATT-1_contig_1,True,505,TRA,TRAV1-2,None,TRAJ33,TRAC,True,True,CAATDSNYQLIW,TGTGCTGCGACTGATAGCAACTATCAGTTAATCTGG,495,2,clonotype1,clonotype1_consensus_2
GTAGGCCTCTCACATT-1,True,GTAGGCCTCTCACATT-1_contig_2,True,497,TRB,TRBV20-1,None,TRBJ2-1,TRBC2,True,True,CSARVGSEVNEQFF,TGCAGTGCTAGAGTGGGGTCGGAAGTCAATGAGCAGTTCTTC,858,6,clonotype1,clonotype1_consensus_1
GTAGGCCTCTCACATT-1,True,GTAGGCCTCTCACATT-1_contig_3,True,469,TRA,TRAV10,None,TRAJ24,TRAC,True,False,None,None,3771,3,clonotype1,None
GTAGGCCTCTCTGAGA-1,True,GTAGGCCTCTCTGAGA-1_contig_1,True,495,TRB,TRBV20-1,None,TRBJ2-2,TRBC2,True,True,CSAREVSTGELFF,TGCAGTGCTAGAGAGGTCAGCACCGGGGAGCTGTTTTTT,372,2,clonotype2787,clonotype2787_consensus_2
GTAGGCCTCTCTGAGA-1,True,GTAGGCCTCTCTGAGA-1_contig_2,True,506,TRA,TRAV17,None,TRAJ52,TRAC,True,True,CATDAGGGTSYGKLTF,TGTGCTACGGACGCTGGGGGTGGTACTAGCTATGGAAAGCTGACATTT,142,1,clonotype2787,clonotype2787_consensus_1
GTAGGCCTCTCTGAGA-1,True,GTAGGCCTCTCTGAGA-1_contig_3,True,470,TRB,TRBV4-2,None,TRBJ2-3,TRBC2,True,False,CISVPAARRSGTDTQYF,TGTATCTCTGTGCCAGCAGCCAGGAGGTCTGGCACAGATACGCAGTATTTT,228,2,clonotype2787,None
GTAGGCCTCTCTGAGA-1,True,GTAGGCCTCTCTGAGA-1_contig_4,True,501,TRA,TRAV35,None,TRAJ45,TRAC,True,False,CAGHSRLGGGADGLTF,TGTGCTGGGCACTCGAGGTTGGGAGGAGGTGCTGACGGACTCACCTTT,205,2,clonotype2787,None
GTAGTCAAGCCGATTT-1,True,GTAGTCAAGCCGATTT-1_contig_1,True,505,TRA,TRAV1-2,None,TRAJ33,TRAC,True,True,CAATDSNYQLIW,TGTGCTGCGACTGATAGCAACTATCAGTTAATCTGG,459,4,clonotype1,clonotype1_consensus_2
GTAGTCAAGCCGATTT-1,True,GTAGTCAAGCCGATTT-1_contig_2,True,498,TRB,TRBV20-1,None,TRBJ2-1,TRBC2,True,True,CSARVGSEVNEQFF,TGCAGTGCTAGAGTGGGGTCGGAAGTCAATGAGCAGTTCTTC,2532,8,clonotype1,clonotype1_consensus_1
GTAGTCAAGCCGATTT-1,True,GTAGTCAAGCCGATTT-1_contig_3,True,517,TRA,TRAV10,None,TRAJ24,TRAC,True,False,None,None,554,2,clonotype1,None
GTAGTCAAGGACACCA-1,True,GTAGTCAAGGACACCA-1_contig_1,True,501,TRB,TRBV20-1,None,TRBJ1-1,TRBC1,True,True,CSARDQGVSRWEAFF,TGCAGTGCTAGAGATCAGGGGGTTAGTCGGTGGGAAGCTTTCTTT,177,4,clonotype2788,clonotype2788_consensus_1
GTAGTCAAGGACACCA-1,True,GTAGTCAAGGACACCA-1_contig_2,True,508,TRA,TRAV38-1,None,TRAJ49,TRAC,True,True,CAFMKNTGNQFYF,TGTGCTTTCATGAAAAACACCGGTAACCAGTTCTATTTT,886,6,clonotype2788,clonotype2788_consensus_2
GTAGTCAAGGGTCGAT-1,True,GTAGTCAAGGGTCGAT-1_contig_1,True,521,TRB,TRBV20-1,None,TRBJ2-1,TRBC2,True,True,CSARVGSEVNEQFF,TGCAGTGCTAGAGTGGGGTCGGAAGTCAATGAGCAGTTCTTC,2702,12,clonotype2,clonotype2_consensus_1
GTAGTCACACAAGTAA-1,True,GTAGTCACACAAGTAA-1_contig_1,True,665,TRB,TRBV5-6,None,TRBJ1-6,TRBC1,True,True,CASSSRLSSYNSPLHF,TGTGCCAGCAGCTCCCGTCTCAGCTCCTATAATTCACCCCTCCACTTT,1160,3,clonotype2789,clonotype2789_consensus_1
GTAGTCACACAAGTAA-1,True,GTAGTCACACAAGTAA-1_contig_2,True,305,TRA,TRAV41,None,TRAJ34,TRAC,True,False,CRLHLCCQIWPHVPGSNTDKLIF,TGCCGTCTACATCTGTGCTGTCAGATCTGGCCCCATGTGCCTGGGTCGAACACCGACAAGCTCATCTTT,9,1,clonotype2789,None
GTAGTCACACCAACCG-1,True,GTAGTCACACCAACCG-1_contig_1,True,505,TRA,TRAV1-2,None,TRAJ33,TRAC,True,True,CAATDSNYQLIW,TGTGCTGCGACTGATAGCAACTATCAGTTAATCTGG,412,2,clonotype1,clonotype1_consensus_2
GTAGTCACACCAACCG-1,True,GTAGTCACACCAACCG-1_contig_2,True,521,TRB,TRBV20-1,None,TRBJ2-1,TRBC2,True,True,CSARVGSEVNEQFF,TGCAGTGCTAGAGTGGGGTCGGAAGTCAATGAGCAGTTCTTC,4739,20,clonotype1,clonotype1_consensus_1
GTAGTCACAGGTGCCT-1,True,GTAGTCACAGGTGCCT-1_contig_1,True,518,TRB,TRBV20-1,None,TRBJ1-2,TRBC1,True,True,CSAPAGYRYGYTF,TGCAGTGCGCCGGCAGGGTACCGATATGGCTACACCTTC,2599,16,clonotype2790,clonotype2790_consensus_1
GTAGTCACAGGTGCCT-1,True,GTAGTCACAGGTGCCT-1_contig_2,True,682,TRA,TRAV8-3,None,TRAJ48,TRAC,True,True,CAVGRLISNFGNEKLTF,TGTGCTGTGGGCCGTTTAATATCTAACTTTGGAAATGAGAAATTAACCTTT,249,2,clonotype2790,clonotype2790_consensus_2
GTAGTCACATGGGAAC-1,True,GTAGTCACATGGGAAC-1_contig_1,True,636,TRA,TRAV8-6,None,TRAJ53,TRAC,True,True,CAVSDEGSGGSNYKLTF,TGTGCTGTGAGTGATGAAGGAAGTGGAGGTAGCAACTATAAACTGACATTT,715,7,clonotype2791,clonotype2791_consensus_1
GTAGTCACATGGGAAC-1,True,GTAGTCACATGGGAAC-1_contig_2,True,659,TRB,TRBV5-6,None,TRBJ1-6,TRBC1,True,True,CASSLSGYNSPLHF,TGTGCCAGCAGCTTATCAGGGTATAATTCACCCCTCCACTTT,2465,11,clonotype2791,clonotype2791_consensus_2
GTAGTCAGTCCTCTTG-1,True,GTAGTCAGTCCTCTTG-1_contig_1,True,524,TRB,TRBV20-1,None,TRBJ2-7,TRBC2,True,True,CSARDRDRGSYEQYF,TGCAGTGCTAGAGATAGGGACAGGGGATCCTACGAGCAGTACTTC,1704,8,clonotype2792,clonotype2792_consensus_1
GTAGTCAGTCCTCTTG-1,True,GTAGTCAGTCCTCTTG-1_contig_2,True,505,TRA,TRAV17,None,TRAJ36,TRAC,True,True,CASWGGANNLFF,TGTGCTTCCTGGGGTGGGGCAAACAACCTCTTCTTT,2487,5,clonotype2792,clonotype2792_consensus_2
GTAGTCAGTCTCTTTA-1,True,GTAGTCAGTCTCTTTA-1_contig_1,True,502,TRA,TRAV1-2,None,TRAJ30,TRAC,True,True,CAVRDLREIIF,TGTGCTGTGAGAGATCTTCGGGAGATCATCTTT,281,2,clonotype3,clonotype3_consensus_2
GTAGTCAGTCTCTTTA-1,True,GTAGTCAGTCTCTTTA-1_contig_2,True,686,TRB,TRBV5-5,None,TRBJ1-4,TRBC1,True,True,CASSHPGPNYATNEKLFF,TGTGCCAGCAGCCATCCCGGACCGAACTACGCAACTAATGAAAAACTGTTTTTT,1930,1,clonotype3,clonotype3_consensus_1
GTAGTCAGTCTCTTTA-1,True,GTAGTCAGTCTCTTTA-1_contig_3,True,420,TRB,TRBV7-3,None,TRBJ2-1,TRBC2,True,False,CQQRSLKAGGPYNEQFF,TGCCAGCAGCGGTCACTTAAAGCGGGGGGACCCTACAATGAGCAGTTCTTC,212,3,clonotype3,None
GTAGTCAGTGACGCCT-1,True,GTAGTCAGTGACGCCT-1_contig_1,True,498,TRB,TRBV20-1,None,TRBJ1-1,TRBC1,True,True,CSARLGIMNTEAFF,TGCAGTGCTAGACTAGGGATTATGAACACTGAAGCTTTCTTT,2924,11,clonotype68,clonotype68_consensus_2
GTAGTCAGTGACGCCT-1,True,GTAGTCAGTGACGCCT-1_contig_2,True,498,TRA,TRAV9-2,None,TRAJ42,TRAC,True,True,CALTELGGSQGNLIF,TGTGCTCTGACCGAACTTGGAGGAAGCCAAGGAAATCTCATCTTT,568,5,clonotype68,clonotype68_consensus_1
GTAGTCAGTGACGCCT-1,True,GTAGTCAGTGACGCCT-1_contig_3,True,497,TRA,TRAV6,None,TRAJ42,TRAC,True,False,None,None,888,3,clonotype68,None
GTAGTCAGTGCAGGTA-1,True,GTAGTCAGTGCAGGTA-1_contig_1,True,504,TRA,TRAV35,None,TRAJ40,TRAC,True,True,CAGRPDSGTYKYIF,TGTGCTGGTCGCCCGGACTCAGGAACCTACAAATACATCTTT,571,7,clonotype10,clonotype10_consensus_2
GTAGTCAGTGCAGGTA-1,True,GTAGTCAGTGCAGGTA-1_contig_2,True,524,TRB,TRBV20-1,None,TRBJ1-2,TRBC1,True,True,CSARDQTGVNYGYTF,TGCAGTGCTAGAGACCAGACAGGGGTTAACTATGGCTACACCTTC,1467,9,clonotype10,clonotype10_consensus_1
GTAGTCAGTTTGTGTG-1,True,GTAGTCAGTTTGTGTG-1_contig_1,True,521,TRB,TRBV20-1,None,TRBJ1-5,TRBC1,True,True,CSAPVQGSSPPQHF,TGCAGTGCTCCAGTGCAGGGATCATCTCCGCCCCAGCATTTT,3571,15,clonotype367,clonotype367_consensus_1
GTAGTCAGTTTGTGTG-1,True,GTAGTCAGTTTGTGTG-1_contig_2,True,388,TRB,None,None,TRBJ1-1,TRBC1,False,False,None,None,298,3,clonotype367,None
GTAGTCAGTTTGTGTG-1,True,GTAGTCAGTTTGTGTG-1_contig_3,True,423,TRA,TRAV8-6,None,None,TRAC,False,False,None,None,527,5,clonotype367,None
GTAGTCAGTTTGTGTG-1,True,GTAGTCAGTTTGTGTG-1_contig_4,True,521,TRA,TRAV29/DV5,None,TRAJ52,TRAC,True,False,CTSVQPSKAGGTSYGKLTF,TGTACTTCTGTGCAGCCGTCTAAGGCCGGTGGTACTAGCTATGGAAAGCTGACATTT,253,1,clonotype367,None
GTAGTCATCAACACTG-1,True,GTAGTCATCAACACTG-1_contig_1,True,505,TRA,TRAV1-2,None,TRAJ33,TRAC,True,True,CAATDSNYQLIW,TGTGCTGCGACTGATAGCAACTATCAGTTAATCTGG,437,5,clonotype1,clonotype1_consensus_2
GTAGTCATCAACACTG-1,True,GTAGTCATCAACACTG-1_contig_2,True,492,TRB,TRBV20-1,None,TRBJ2-1,TRBC2,True,True,CSARVGSEVNEQFF,TGCAGTGCTAGAGTGGGGTCGGAAGTCAATGAGCAGTTCTTC,2134,4,clonotype1,clonotype1_consensus_1
GTAGTCATCACAGTAC-1,True,GTAGTCATCACAGTAC-1_contig_1,True,511,TRA,TRAV20,None,TRAJ57,TRAC,True,True,CAVQLTQGGSEKLVF,TGTGCTGTGCAGTTAACTCAGGGCGGATCTGAAAAGCTGGTCTTT,1096,10,clonotype42,clonotype42_consensus_1
GTAGTCATCACAGTAC-1,True,GTAGTCATCACAGTAC-1_contig_2,True,485,TRB,TRBV5-5,None,TRBJ1-2,TRBC1,True,True,CASSPLMYGGGTGYTF,TGTGCCAGCAGCCCTTTAATGTACGGGGGTGGAACTGGCTACACCTTC,468,1,clonotype42,clonotype42_consensus_2
GTAGTCATCACAGTAC-1,True,GTAGTCATCACAGTAC-1_contig_3,True,511,TRB,TRBV6-1,None,TRBJ1-1,TRBC1,True,False,CASYNRPA,TGTGCCAGTTACAATCGCCCGGCA,327,5,clonotype42,None
GTAGTCATCACGGTTA-1,True,GTAGTCATCACGGTTA-1_contig_1,True,521,TRB,TRBV20-1,None,TRBJ2-1,TRBC2,True,True,CSARLSGGDNEQFF,TGCAGTGCTCGACTTAGCGGGGGGGACAATGAGCAGTTCTTC,1637,6,clonotype2793,clonotype2793_consensus_1
GTAGTCATCACGGTTA-1,True,GTAGTCATCACGGTTA-1_contig_2,True,615,TRA,TRAV3,None,TRAJ12,TRAC,True,True,CAVRDIGSYKLIF,TGTGCTGTGAGAGACATTGGCAGCTATAAATTGATCTTC,560,7,clonotype2793,clonotype2793_consensus_2
GTAGTCATCACGGTTA-1,True,GTAGTCATCACGGTTA-1_contig_3,True,508,TRA,TRAV6,None,TRAJ15,TRAC,True,False,CGSNQAGTALIF,TGCGGTTCCAACCAGGCAGGAACTGCTCTGATCTTT,74,2,clonotype2793,None
GTAGTCATCATAACCG-1,True,GTAGTCATCATAACCG-1_contig_1,True,505,TRA,TRAV1-2,None,TRAJ33,TRAC,True,True,CAATDSNYQLIW,TGTGCTGCGACTGATAGCAACTATCAGTTAATCTGG,84,3,clonotype1,clonotype1_consensus_2
GTAGTCATCATAACCG-1,True,GTAGTCATCATAACCG-1_contig_2,True,498,TRB,TRBV20-1,None,TRBJ2-1,TRBC2,True,True,CSARVGSEVNEQFF,TGCAGTGCTAGAGTGGGGTCGGAAGTCAATGAGCAGTTCTTC,3662,13,clonotype1,clonotype1_consensus_1
GTAGTCATCATAACCG-1,True,GTAGTCATCATAACCG-1_contig_3,True,482,TRA,TRAV10,None,TRAJ24,TRAC,True,False,None,None,882,3,clonotype1,None
GTAGTCATCGCGATCG-1,True,GTAGTCATCGCGATCG-1_contig_1,True,505,TRA,TRAV20,None,TRAJ13,TRAC,True,True,CAVQAGSYQKVTF,TGTGCTGTGCAGGCGGGGAGTTACCAGAAAGTTACCTTT,1326,7,clonotype2794,clonotype2794_consensus_2
GTAGTCATCGCGATCG-1,True,GTAGTCATCGCGATCG-1_contig_2,True,527,TRB,TRBV20-1,None,TRBJ1-5,TRBC1,True,True,CSATRRGQGVNQPQHF,TGCAGTGCTACCCGCCGGGGACAGGGGGTAAATCAGCCCCAGCATTTT,2780,11,clonotype2794,clonotype2794_consensus_1
GTAGTCATCGCGCCAA-1,True,GTAGTCATCGCGCCAA-1_contig_1,True,577,TRA,TRAV26-1,None,TRAJ26,TRAC,True,True,CIVRVAMGSGQNFVF,TGCATCGTCAGAGTCGCGATGGGTAGTGGTCAGAATTTTGTCTTT,120,4,clonotype2795,clonotype2795_consensus_2
GTAGTCATCGCGCCAA-1,True,GTAGTCATCGCGCCAA-1_contig_2,True,486,TRB,TRBV20-1,None,TRBJ2-7,TRBC2,True,True,CSAKAAYEQYF,TGCAGTGCTAAGGCGGCCTACGAGCAGTACTTC,2297,9,clonotype2795,clonotype2795_consensus_1
GTAGTCATCTGGCGTG-1,True,GTAGTCATCTGGCGTG-1_contig_1,True,505,TRA,TRAV1-2,None,TRAJ33,TRAC,True,True,CAATDSNYQLIW,TGTGCTGCGACTGATAGCAACTATCAGTTAATCTGG,115,2,clonotype1,clonotype1_consensus_2
GTAGTCATCTGGCGTG-1,True,GTAGTCATCTGGCGTG-1_contig_2,True,498,TRB,TRBV20-1,None,TRBJ2-1,TRBC2,True,True,CSARVGSEVNEQFF,TGCAGTGCTAGAGTGGGGTCGGAAGTCAATGAGCAGTTCTTC,1639,7,clonotype1,clonotype1_consensus_1
GTAGTCATCTGGCGTG-1,True,GTAGTCATCTGGCGTG-1_contig_3,True,595,TRA,None,None,TRAJ32,TRAC,False,False,None,None,84,1,clonotype1,None
GTATCTTAGAATGTTG-1,True,GTATCTTAGAATGTTG-1_contig_1,True,468,TRA,TRAV26-1,None,TRAJ33,TRAC,True,True,CIVMDSNYQLIW,TGCATCGTCATGGATAGCAACTATCAGTTAATCTGG,34,1,clonotype2796,clonotype2796_consensus_2
GTATCTTAGAATGTTG-1,True,GTATCTTAGAATGTTG-1_contig_2,True,521,TRB,TRBV20-1,None,TRBJ2-2,TRBC2,True,True,CSAPLDRVKGELFF,TGCAGTGCCCCCCTGGACAGAGTTAAAGGGGAGCTGTTTTTT,425,4,clonotype2796,clonotype2796_consensus_1
GTATCTTAGAATGTTG-1,True,GTATCTTAGAATGTTG-1_contig_3,True,529,TRA,TRAV14/DV4,None,TRAJ39,TRAC,True,True,CAMREGLNNAGNMLTF,TGTGCAATGAGAGAGGGCCTTAATAATGCAGGCAACATGCTCACCTTT,199,1,clonotype2796,clonotype2796_consensus_3
GTATCTTAGAATGTTG-1,True,GTATCTTAGAATGTTG-1_contig_4,True,368,TRB,None,None,TRBJ1-3,TRBC1,False,False,None,None,271,3,clonotype2796,None
GTATCTTAGCGTAATA-1,True,GTATCTTAGCGTAATA-1_contig_1,True,716,TRB,TRBV5-6,None,TRBJ1-6,TRBC1,True,True,CASSPTVSGRVSPLHF,TGTGCCAGCAGCCCGACAGTATCCGGTAGGGTTTCACCCCTCCACTTT,1556,4,clonotype2797,clonotype2797_consensus_2
GTATCTTAGCGTAATA-1,True,GTATCTTAGCGTAATA-1_contig_2,True,492,TRA,TRAV9-2,None,TRAJ42,TRAC,True,True,CALYGGSQGNLIF,TGTGCTCTGTATGGAGGAAGCCAAGGAAATCTCATCTTT,642,5,clonotype2797,clonotype2797_consensus_1
GTATCTTAGGATGTAT-1,True,GTATCTTAGGATGTAT-1_contig_1,True,505,TRA,TRAV1-2,None,TRAJ33,TRAC,True,True,CAATDSNYQLIW,TGTGCTGCGACTGATAGCAACTATCAGTTAATCTGG,1478,3,clonotype1,clonotype1_consensus_2
GTATCTTAGGATGTAT-1,True,GTATCTTAGGATGTAT-1_contig_2,True,498,TRB,TRBV20-1,None,TRBJ2-1,TRBC2,True,True,CSARVGSEVNEQFF,TGCAGTGCTAGAGTGGGGTCGGAAGTCAATGAGCAGTTCTTC,1781,7,clonotype1,clonotype1_consensus_1
GTATCTTAGGATGTAT-1,True,GTATCTTAGGATGTAT-1_contig_3,True,465,TRA,TRAV10,None,TRAJ24,TRAC,True,False,None,None,1830,3,clonotype1,None
GTATCTTCAAAGGCGT-1,True,GTATCTTCAAAGGCGT-1_contig_1,True,495,TRB,TRBV20-1,None,TRBJ1-2,TRBC1,True,True,CSASLPENYGYTF,TGCAGTGCTAGTTTACCGGAGAACTATGGCTACACCTTC,2509,13,clonotype2798,clonotype2798_consensus_1
GTATCTTCAAAGGCGT-1,True,GTATCTTCAAAGGCGT-1_contig_2,True,520,TRA,TRAV26-1,None,TRAJ11,TRAC,True,True,CIVRVKGYSTLTF,TGCATCGTCAGAGTCAAAGGATACAGCACCCTCACCTTT,360,2,clonotype2798,clonotype2798_consensus_2
GTATCTTCAATCAGAA-1,True,GTATCTTCAATCAGAA-1_contig_1,True,524,TRB,TRBV20-1,None,TRBJ2-1,TRBC2,True,True,CSALGLAGAGNEQFF,TGCAGTGCTCTCGGACTAGCGGGGGCCGGCAATGAGCAGTTCTTC,2324,10,clonotype2799,clonotype2799_consensus_1
GTATCTTCACATTCGA-1,True,GTATCTTCACATTCGA-1_contig_1,True,498,TRB,TRBV20-1,None,TRBJ2-1,TRBC2,True,True,CSARVGSEVNEQFF,TGCAGTGCTAGAGTGGGGTCGGAAGTCAATGAGCAGTTCTTC,1279,8,clonotype2,clonotype2_consensus_1
GTATCTTCACATTCGA-1,True,GTATCTTCACATTCGA-1_contig_2,True,316,TRA,TRAV1-2,None,TRAJ33,TRAC,True,False,CAATDSNYQLIW,TGTGCTGCGACTGATAGCAACTATCAGTTAATCTGG,96,2,clonotype2,None
GTATCTTCACATTCGA-1,True,GTATCTTCACATTCGA-1_contig_3,True,460,TRA,TRAV10,None,TRAJ24,TRAC,True,False,None,None,278,1,clonotype2,None
GTATCTTCAGACAAGC-1,True,GTATCTTCAGACAAGC-1_contig_1,True,521,TRB,TRBV20-1,None,TRBJ2-1,TRBC2,True,True,CSARVGSEVNEQFF,TGCAGTGCTAGAGTGGGGTCGGAAGTCAATGAGCAGTTCTTC,1070,5,clonotype2,clonotype2_consensus_1
GTATCTTCAGACAAGC-1,True,GTATCTTCAGACAAGC-1_contig_2,True,482,TRA,TRAV10,None,TRAJ24,TRAC,True,False,None,None,536,5,clonotype2,None
GTATCTTCAGGGCATA-1,True,GTATCTTCAGGGCATA-1_contig_1,True,556,TRA,TRAV12-1,None,TRAJ50,TRAC,True,True,CVVNIRTSYDKVIF,TGTGTGGTGAACATCCGGACCTCCTACGACAAGGTGATATTT,709,5,clonotype2800,clonotype2800_consensus_1
GTATCTTCAGGGCATA-1,True,GTATCTTCAGGGCATA-1_contig_2,True,530,TRB,TRBV20-1,None,TRBJ2-7,TRBC2,True,True,CSAREFRNGQGGYYEQYF,TGCAGTGCTAGAGAATTCAGAAACGGACAGGGGGGGTACTACGAGCAGTACTTC,1994,13,clonotype2800,clonotype2800_consensus_2
GTATCTTCAGGGTATG-1,True,GTATCTTCAGGGTATG-1_contig_1,True,489,TRA,TRAV1-2,None,TRAJ33,TRAC,True,True,CAATDSNYQLIW,TGTGCTGCGACTGATAGCAACTATCAGTTAATCTGG,260,5,clonotype1,clonotype1_consensus_2
GTATCTTCAGGGTATG-1,True,GTATCTTCAGGGTATG-1_contig_2,True,521,TRB,TRBV20-1,None,TRBJ2-1,TRBC2,True,True,CSARVGSEVNEQFF,TGCAGTGCTAGAGTGGGGTCGGAAGTCAATGAGCAGTTCTTC,2396,12,clonotype1,clonotype1_consensus_1
GTATCTTCATGGGAAC-1,True,GTATCTTCATGGGAAC-1_contig_1,True,505,TRA,TRAV1-2,None,TRAJ33,TRAC,True,True,CAATDSNYQLIW,TGTGCTGCGACTGATAGCAACTATCAGTTAATCTGG,164,2,clonotype1,clonotype1_consensus_2
GTATCTTCATGGGAAC-1,True,GTATCTTCATGGGAAC-1_contig_2,True,521,TRB,TRBV20-1,None,TRBJ2-1,TRBC2,True,True,CSARVGSEVNEQFF,TGCAGTGCTAGAGTGGGGTCGGAAGTCAATGAGCAGTTCTTC,3902,12,clonotype1,clonotype1_consensus_1
GTATCTTCATGGTAGG-1,True,GTATCTTCATGGTAGG-1_contig_1,True,518,TRB,TRBV20-1,None,TRBJ1-4,TRBC1,True,True,CSIYRGPSEKLFF,TGCAGCATTTATAGAGGGCCTTCTGAAAAACTGTTTTTT,2181,10,clonotype2801,clonotype2801_consensus_1
GTATCTTCATTCTCAT-1,True,GTATCTTCATTCTCAT-1_contig_1,True,495,TRB,TRBV20-1,None,TRBJ2-1,TRBC2,True,True,CSARVGSEVNEQFF,TGCAGTGCTAGAGTGGGGTCGGAAGTCAATGAGCAGTTCTTC,936,7,clonotype2,clonotype2_consensus_1
GTATCTTCATTCTCAT-1,True,GTATCTTCATTCTCAT-1_contig_2,True,589,TRA,TRAV10,None,TRAJ24,TRAC,True,False,None,None,273,2,clonotype2,None
GTATCTTGTAAGTAGT-1,True,GTATCTTGTAAGTAGT-1_contig_1,True,512,TRA,TRAV13-2,None,TRAJ20,TRAC,True,True,CADLHRPNDYKLSF,TGTGCAGACCTCCACCGCCCTAACGACTACAAGCTCAGCTTT,1282,5,clonotype2802,clonotype2802_consensus_2
GTATCTTGTAAGTAGT-1,True,GTATCTTGTAAGTAGT-1_contig_2,True,567,TRA,TRAV8-4,None,TRAJ8,TRAC,True,True,CAVSLTGFQKLVF,TGTGCTGTGAGTCTCACAGGCTTTCAGAAACTTGTATTT,508,6,clonotype2802,clonotype2802_consensus_3
GTATCTTGTAAGTAGT-1,True,GTATCTTGTAAGTAGT-1_contig_3,True,639,TRB,TRBV5-6,None,TRBJ1-4,TRBC1,True,True,CASSLEWDRDEKLFF,TGTGCCAGCAGCTTGGAATGGGATAGGGATGAAAAACTGTTTTTT,166,2,clonotype2802,clonotype2802_consensus_1
GTATCTTGTAAGTAGT-1,True,GTATCTTGTAAGTAGT-1_contig_4,True,510,TRB,None,None,TRBJ1-1,TRBC1,False,False,None,None,993,5,clonotype2802,None
GTATCTTGTACAGTGG-1,True,GTATCTTGTACAGTGG-1_contig_1,True,495,TRB,TRBV20-1,None,TRBJ2-1,TRBC2,True,True,CSARVGSEVNEQFF,TGCAGTGCTAGAGTGGGGTCGGAAGTCAATGAGCAGTTCTTC,1676,5,clonotype2,clonotype2_consensus_1
GTATCTTGTCGCTTTC-1,True,GTATCTTGTCGCTTTC-1_contig_1,True,508,TRA,TRAV20,None,TRAJ24,TRAC,True,True,CAVMTTDSWGKFQF,TGTGCTGTTATGACAACTGACAGCTGGGGGAAATTCCAGTTT,835,6,clonotype2803,clonotype2803_consensus_3
GTATCTTGTCGCTTTC-1,True,GTATCTTGTCGCTTTC-1_contig_2,True,618,TRA,TRAV41,None,TRAJ53,TRAC,True,True,CAVRLSGGSNYKLTF,TGTGCTGTCAGACTTAGTGGAGGTAGCAACTATAAACTGACATTT,501,7,clonotype2803,clonotype2803_consensus_2
GTATCTTGTCGCTTTC-1,True,GTATCTTGTCGCTTTC-1_contig_3,True,706,TRB,TRBV5-6,None,TRBJ2-2,TRBC2,True,True,CASSPGQGRGELFF,TGTGCCAGCAGCCCGGGACAGGGACGCGGGGAGCTGTTTTTT,6427,39,clonotype2803,clonotype2803_consensus_1
GTATCTTGTCGCTTTC-1,True,GTATCTTGTCGCTTTC-1_contig_4,True,326,TRB,None,None,TRBJ1-4,TRBC1,False,False,None,None,509,3,clonotype2803,None
GTATCTTGTCTTTCAT-1,True,GTATCTTGTCTTTCAT-1_contig_1,True,485,TRB,TRBV20-1,None,TRBJ2-1,TRBC2,True,True,CSARVGSEVNEQFF,TGCAGTGCTAGAGTGGGGTCGGAAGTCAATGAGCAGTTCTTC,1872,9,clonotype2,clonotype2_consensus_1
GTATCTTGTCTTTCAT-1,True,GTATCTTGTCTTTCAT-1_contig_2,True,478,TRA,TRAV10,None,TRAJ24,TRAC,True,False,None,None,165,3,clonotype2,None
GTATCTTGTGAAATCA-1,True,GTATCTTGTGAAATCA-1_contig_1,True,498,TRA,TRAV1-2,None,TRAJ33,TRAC,True,True,CAATDSNYQLIW,TGTGCTGCGACTGATAGCAACTATCAGTTAATCTGG,307,3,clonotype1,clonotype1_consensus_2
GTATCTTGTGAAATCA-1,True,GTATCTTGTGAAATCA-1_contig_2,True,498,TRB,TRBV20-1,None,TRBJ2-1,TRBC2,True,True,CSARVGSEVNEQFF,TGCAGTGCTAGAGTGGGGTCGGAAGTCAATGAGCAGTTCTTC,2373,12,clonotype1,clonotype1_consensus_1
GTATCTTGTGAAATCA-1,True,GTATCTTGTGAAATCA-1_contig_3,True,494,TRA,TRAV10,None,TRAJ24,TRAC,True,False,None,None,692,4,clonotype1,None
GTATCTTGTGAAGGCT-1,True,GTATCTTGTGAAGGCT-1_contig_1,True,505,TRA,TRAV1-2,None,TRAJ33,TRAC,True,True,CAATDSNYQLIW,TGTGCTGCGACTGATAGCAACTATCAGTTAATCTGG,507,4,clonotype1,clonotype1_consensus_2
GTATCTTGTGAAGGCT-1,True,GTATCTTGTGAAGGCT-1_contig_2,True,521,TRB,TRBV20-1,None,TRBJ2-1,TRBC2,True,True,CSARVGSEVNEQFF,TGCAGTGCTAGAGTGGGGTCGGAAGTCAATGAGCAGTTCTTC,1237,8,clonotype1,clonotype1_consensus_1
GTATCTTGTGACAAAT-1,True,GTATCTTGTGACAAAT-1_contig_1,True,545,TRA,TRAV26-1,None,TRAJ23,TRAC,True,True,CIVGLYNQGGKLIF,TGCATCGTCGGATTATATAACCAGGGAGGAAAGCTTATCTTC,101,4,clonotype2804,clonotype2804_consensus_1
GTATCTTGTGACAAAT-1,True,GTATCTTGTGACAAAT-1_contig_2,True,515,TRB,TRBV20-1,None,TRBJ1-5,TRBC1,True,True,CSARGDSNQPQHF,TGCAGTGCTAGAGGCGATAGCAATCAGCCCCAGCATTTT,2241,9,clonotype2804,clonotype2804_consensus_2
GTATCTTGTTAGGGTG-1,True,GTATCTTGTTAGGGTG-1_contig_1,True,548,TRA,TRAV5,None,TRAJ26,TRAC,True,True,CAENNYGQNFVF,TGTGCGGAGAATAACTATGGTCAGAATTTTGTCTTT,252,2,clonotype2805,clonotype2805_consensus_1
GTATCTTGTTAGGGTG-1,True,GTATCTTGTTAGGGTG-1_contig_2,True,521,TRB,TRBV20-1,None,TRBJ1-5,TRBC1,True,True,CSARVGDGYQPQHF,TGCAGTGCTAGAGTGGGGGACGGTTATCAGCCCCAGCATTTT,1459,7,clonotype2805,clonotype2805_consensus_2
GTATCTTGTTAGGGTG-1,True,GTATCTTGTTAGGGTG-1_contig_3,True,440,TRA,TRAV10,None,TRAJ10,TRAC,True,False,CGERKYPTGGGNKLTF,TGTGGTGAGCGTAAGTACCCCACGGGAGGAGGAAACAAACTCACCTTT,661,2,clonotype2805,None
GTATCTTGTTATCGGT-1,True,GTATCTTGTTATCGGT-1_contig_1,True,505,TRA,TRAV1-2,None,TRAJ33,TRAC,True,True,CAATDSNYQLIW,TGTGCTGCGACTGATAGCAACTATCAGTTAATCTGG,178,4,clonotype1,clonotype1_consensus_2
GTATCTTGTTATCGGT-1,True,GTATCTTGTTATCGGT-1_contig_2,True,498,TRB,TRBV20-1,None,TRBJ2-1,TRBC2,True,True,CSARVGSEVNEQFF,TGCAGTGCTAGAGTGGGGTCGGAAGTCAATGAGCAGTTCTTC,823,4,clonotype1,clonotype1_consensus_1
GTATCTTTCATGTAGC-1,True,GTATCTTTCATGTAGC-1_contig_1,True,479,TRA,TRAV4,None,TRAJ9,TRAC,True,True,CLVGDPNTGGFKTIF,TGCCTCGTGGGTGATCCTAATACTGGAGGCTTCAAAACTATCTTT,658,2,clonotype23,clonotype23_consensus_2
GTATCTTTCATGTAGC-1,True,GTATCTTTCATGTAGC-1_contig_2,True,498,TRB,TRBV20-1,None,TRBJ1-1,TRBC1,True,True,CSAGGRGSRTEAFF,TGCAGTGCTGGGGGGAGAGGGTCAAGGACTGAAGCTTTCTTT,654,4,clonotype23,clonotype23_consensus_1
GTATCTTTCGACGGAA-1,True,GTATCTTTCGACGGAA-1_contig_1,True,505,TRA,TRAV1-2,None,TRAJ33,TRAC,True,True,CAATDSNYQLIW,TGTGCTGCGACTGATAGCAACTATCAGTTAATCTGG,539,6,clonotype1,clonotype1_consensus_2
GTATCTTTCGACGGAA-1,True,GTATCTTTCGACGGAA-1_contig_2,True,521,TRB,TRBV20-1,None,TRBJ2-1,TRBC2,True,True,CSARVGSEVNEQFF,TGCAGTGCTAGAGTGGGGTCGGAAGTCAATGAGCAGTTCTTC,2068,8,clonotype1,clonotype1_consensus_1
GTATCTTTCGACGGAA-1,True,GTATCTTTCGACGGAA-1_contig_3,True,482,TRA,TRAV10,None,TRAJ24,TRAC,True,False,None,None,460,2,clonotype1,None
GTATCTTTCTCACATT-1,True,GTATCTTTCTCACATT-1_contig_1,True,521,TRB,TRBV20-1,None,TRBJ2-1,TRBC2,True,True,CSARVGSEVNEQFF,TGCAGTGCTAGAGTGGGGTCGGAAGTCAATGAGCAGTTCTTC,1261,12,clonotype2,clonotype2_consensus_1
GTATCTTTCTCACATT-1,True,GTATCTTTCTCACATT-1_contig_2,True,459,TRA,TRAV10,None,TRAJ24,TRAC,True,False,None,None,57,1,clonotype2,None
GTATCTTTCTGTCTCG-1,True,GTATCTTTCTGTCTCG-1_contig_1,True,527,TRB,TRBV20-1,None,TRBJ2-7,TRBC2,True,True,CSARASRLVLSYEQYF,TGCAGTGCTAGAGCCTCACGGCTAGTACTTTCCTACGAGCAGTACTTC,2134,12,clonotype11,clonotype11_consensus_2
GTATCTTTCTGTCTCG-1,True,GTATCTTTCTGTCTCG-1_contig_2,True,633,TRA,TRAV26-1,None,TRAJ34,TRAC,True,True,CIASSYNTDKLIF,TGCATCGCTTCATCTTATAACACCGACAAGCTCATCTTT,260,2,clonotype11,clonotype11_consensus_1
GTATTCTAGCCACTAT-1,True,GTATTCTAGCCACTAT-1_contig_1,True,486,TRB,TRBV20-1,None,TRBJ2-1,TRBC2,True,True,CSARVGSEVNEQFF,TGCAGTGCTAGAGTGGGGTCGGAAGTCAATGAGCAGTTCTTC,1046,6,clonotype2,clonotype2_consensus_1
GTATTCTAGCCACTAT-1,True,GTATTCTAGCCACTAT-1_contig_2,True,462,TRA,TRAV10,None,TRAJ24,TRAC,True,False,None,None,571,3,clonotype2,None
GTATTCTAGCCCAACC-1,True,GTATTCTAGCCCAACC-1_contig_1,True,505,TRA,TRAV1-2,None,TRAJ33,TRAC,True,True,CAATDSNYQLIW,TGTGCTGCGACTGATAGCAACTATCAGTTAATCTGG,376,4,clonotype1,clonotype1_consensus_2
GTATTCTAGCCCAACC-1,True,GTATTCTAGCCCAACC-1_contig_2,True,521,TRB,TRBV20-1,None,TRBJ2-1,TRBC2,True,True,CSARVGSEVNEQFF,TGCAGTGCTAGAGTGGGGTCGGAAGTCAATGAGCAGTTCTTC,897,9,clonotype1,clonotype1_consensus_1
GTATTCTAGGGCACTA-1,True,GTATTCTAGGGCACTA-1_contig_1,True,519,TRB,TRBV5-6,None,TRBJ2-2,TRBC2,True,True,CASSLAYTGELFF,TGTGCCAGCAGCTTGGCTTACACCGGGGAGCTGTTTTTT,1183,7,clonotype2806,clonotype2806_consensus_1
GTATTCTAGGGCACTA-1,True,GTATTCTAGGGCACTA-1_contig_2,True,663,TRA,TRAV8-3,None,TRAJ34,TRAC,True,False,None,None,1677,3,clonotype2806,None
GTATTCTAGTCTCCTC-1,True,GTATTCTAGTCTCCTC-1_contig_1,True,505,TRA,TRAV1-2,None,TRAJ33,TRAC,True,True,CAATDSNYQLIW,TGTGCTGCGACTGATAGCAACTATCAGTTAATCTGG,160,4,clonotype1,clonotype1_consensus_2
GTATTCTAGTCTCCTC-1,True,GTATTCTAGTCTCCTC-1_contig_2,True,521,TRB,TRBV20-1,None,TRBJ2-1,TRBC2,True,True,CSARVGSEVNEQFF,TGCAGTGCTAGAGTGGGGTCGGAAGTCAATGAGCAGTTCTTC,1103,7,clonotype1,clonotype1_consensus_1
GTATTCTAGTGAAGAG-1,True,GTATTCTAGTGAAGAG-1_contig_1,True,527,TRA,TRAV27,None,TRAJ24,TRAC,True,True,CAGVTDSWGKLQF,TGTGCAGGAGTCACGGACAGCTGGGGGAAATTGCAGTTT,477,4,clonotype2807,clonotype2807_consensus_2
GTATTCTAGTGAAGAG-1,True,GTATTCTAGTGAAGAG-1_contig_2,True,653,TRB,TRBV5-6,None,TRBJ1-2,TRBC1,True,True,CASSFPDLYGYTF,TGTGCCAGCAGCTTTCCGGACCTCTATGGCTACACCTTC,1098,7,clonotype2807,clonotype2807_consensus_1
GTATTCTAGTTAGCGG-1,True,GTATTCTAGTTAGCGG-1_contig_1,True,450,TRA,TRAV1-2,None,TRAJ33,TRAC,True,True,CAATDSNYQLIW,TGTGCTGCGACTGATAGCAACTATCAGTTAATCTGG,73,1,clonotype1,clonotype1_consensus_2
GTATTCTAGTTAGCGG-1,True,GTATTCTAGTTAGCGG-1_contig_2,True,521,TRB,TRBV20-1,None,TRBJ2-1,TRBC2,True,True,CSARVGSEVNEQFF,TGCAGTGCTAGAGTGGGGTCGGAAGTCAATGAGCAGTTCTTC,787,5,clonotype1,clonotype1_consensus_1
GTATTCTAGTTAGCGG-1,True,GTATTCTAGTTAGCGG-1_contig_3,True,459,TRA,TRAV10,None,TRAJ24,TRAC,True,False,None,None,51,1,clonotype1,None
GTATTCTAGTTAGGTA-1,True,GTATTCTAGTTAGGTA-1_contig_1,True,503,TRA,TRAV1-2,None,TRAJ33,TRAC,True,True,CAATDSNYQLIW,TGTGCTGCGACTGATAGCAACTATCAGTTAATCTGG,283,2,clonotype1,clonotype1_consensus_2
GTATTCTAGTTAGGTA-1,True,GTATTCTAGTTAGGTA-1_contig_2,True,521,TRB,TRBV20-1,None,TRBJ2-1,TRBC2,True,True,CSARVGSEVNEQFF,TGCAGTGCTAGAGTGGGGTCGGAAGTCAATGAGCAGTTCTTC,1338,10,clonotype1,clonotype1_consensus_1
GTATTCTCAAGTACCT-1,True,GTATTCTCAAGTACCT-1_contig_1,True,621,TRA,TRAV41,None,TRAJ52,TRAC,True,True,CAAREAGGTSYGKLTF,TGTGCTGCCCGCGAAGCTGGTGGTACTAGCTATGGAAAGCTGACATTT,693,4,clonotype2808,clonotype2808_consensus_1
GTATTCTCAAGTACCT-1,True,GTATTCTCAAGTACCT-1_contig_2,True,507,TRB,TRBV20-1,None,TRBJ2-1,TRBC2,True,True,CSARGRGHQGSYNEQFF,TGCAGTGCTAGAGGCCGTGGACACCAAGGCTCCTACAATGAGCAGTTCTTC,1090,11,clonotype2808,clonotype2808_consensus_2
GTATTCTCAGCGAACA-1,True,GTATTCTCAGCGAACA-1_contig_1,True,498,TRB,TRBV20-1,None,TRBJ1-2,TRBC1,True,True,CSASGTGARDGYTF,TGCAGTGCTTCCGGGACAGGGGCGCGGGATGGCTACACCTTC,2945,8,clonotype2809,clonotype2809_consensus_1
GTATTCTCAGCGAACA-1,True,GTATTCTCAGCGAACA-1_contig_2,True,480,TRA,TRAV17,None,TRAJ22,TRAC,True,True,CATVSGSARQLTF,TGTGCTACGGTTTCTGGTTCTGCAAGGCAACTGACCTTT,75,4,clonotype2809,clonotype2809_consensus_2
GTATTCTGTACAGTGG-1,True,GTATTCTGTACAGTGG-1_contig_1,True,505,TRA,TRAV1-2,None,TRAJ33,TRAC,True,True,CAATDSNYQLIW,TGTGCTGCGACTGATAGCAACTATCAGTTAATCTGG,121,7,clonotype1,clonotype1_consensus_2
GTATTCTGTACAGTGG-1,True,GTATTCTGTACAGTGG-1_contig_2,True,498,TRB,TRBV20-1,None,TRBJ2-1,TRBC2,True,True,CSARVGSEVNEQFF,TGCAGTGCTAGAGTGGGGTCGGAAGTCAATGAGCAGTTCTTC,1719,5,clonotype1,clonotype1_consensus_1
GTATTCTGTACGAAAT-1,True,GTATTCTGTACGAAAT-1_contig_1,True,509,TRA,TRAV25,None,TRAJ53,TRAC,True,True,CAGRSGGSNYKLTF,TGTGCAGGGAGAAGTGGAGGTAGCAACTATAAACTGACATTT,782,10,clonotype9,clonotype9_consensus_2
GTATTCTGTACGAAAT-1,True,GTATTCTGTACGAAAT-1_contig_2,True,527,TRB,TRBV20-1,None,TRBJ1-5,TRBC1,True,True,CSAIGQGAPSNQPQHF,TGCAGTGCTATCGGACAGGGGGCGCCGAGCAATCAGCCCCAGCATTTT,1608,8,clonotype9,clonotype9_consensus_1
GTATTCTGTACGAAAT-1,True,GTATTCTGTACGAAAT-1_contig_3,True,508,TRB,TRBV7-2,None,TRBJ2-3,TRBC2,True,False,None,None,579,5,clonotype9,None
GTATTCTGTGTTCGAT-1,True,GTATTCTGTGTTCGAT-1_contig_1,True,668,TRB,TRBV5-5,None,TRBJ1-4,TRBC1,True,True,CASSHPGPNYATNEKLFF,TGTGCCAGCAGCCATCCCGGACCGAACTACGCAACTAATGAAAAACTGTTTTTT,1162,4,clonotype4,clonotype4_consensus_1
GTATTCTGTGTTCGAT-1,True,GTATTCTGTGTTCGAT-1_contig_2,True,431,TRB,TRBV7-3,None,TRBJ2-1,TRBC2,True,False,CQQRSLKAGGPYNEQFF,TGCCAGCAGCGGTCACTTAAAGCGGGGGGACCCTACAATGAGCAGTTCTTC,385,2,clonotype4,None
GTATTCTGTTCCGGCA-1,True,GTATTCTGTTCCGGCA-1_contig_1,True,508,TRA,TRAV20,None,TRAJ57,TRAC,True,True,CAVSTQGGSEKLVF,TGTGCTGTGTCAACTCAGGGCGGATCTGAAAAGCTGGTCTTT,1396,7,clonotype368,clonotype368_consensus_2
GTATTCTGTTCCGGCA-1,True,GTATTCTGTTCCGGCA-1_contig_2,True,503,TRB,TRBV5-5,None,TRBJ2-7,TRBC2,True,True,CASSTGTGGVYEQYF,TGTGCCAGCAGCACCGGGACAGGGGGGGTCTACGAGCAGTACTTC,376,4,clonotype368,clonotype368_consensus_1
GTATTCTGTTTAGCTG-1,True,GTATTCTGTTTAGCTG-1_contig_1,True,469,TRB,TRBV5-6,None,TRBJ1-4,TRBC1,True,True,CASSLNEKLFF,TGTGCCAGCAGCTTGAATGAAAAACTGTTTTTT,1835,9,clonotype2810,clonotype2810_consensus_1
GTATTCTGTTTAGCTG-1,True,GTATTCTGTTTAGCTG-1_contig_2,True,621,TRA,TRAV3,None,TRAJ35,TRAC,True,True,CAVRDIRGFGNVLHC,TGTGCTGTGAGAGACATACGAGGCTTTGGGAATGTGCTGCATTGC,553,4,clonotype2810,clonotype2810_consensus_2
GTATTCTTCATGTGGT-1,True,GTATTCTTCATGTGGT-1_contig_1,True,505,TRA,TRAV1-2,None,TRAJ33,TRAC,True,True,CAATDSNYQLIW,TGTGCTGCGACTGATAGCAACTATCAGTTAATCTGG,633,4,clonotype1,clonotype1_consensus_2
GTATTCTTCATGTGGT-1,True,GTATTCTTCATGTGGT-1_contig_2,True,516,TRB,TRBV20-1,None,TRBJ2-1,TRBC2,True,True,CSARVGSEVNEQFF,TGCAGTGCTAGAGTGGGGTCGGAAGTCAATGAGCAGTTCTTC,394,5,clonotype1,clonotype1_consensus_1
GTATTCTTCGTTACAG-1,True,GTATTCTTCGTTACAG-1_contig_1,True,524,TRB,TRBV20-1,None,TRBJ2-5,TRBC2,True,True,CSATGQQWYQETQYF,TGCAGTGCCACGGGACAGCAATGGTACCAAGAGACCCAGTACTTC,1616,10,clonotype2811,clonotype2811_consensus_1
GTATTCTTCGTTACAG-1,True,GTATTCTTCGTTACAG-1_contig_2,True,528,TRA,TRAV14/DV4,None,TRAJ23,TRAC,True,True,CAMREAIYNQGGKLIF,TGTGCAATGAGAGAGGCCATTTATAACCAGGGAGGAAAGCTTATCTTC,315,5,clonotype2811,clonotype2811_consensus_2
GTATTCTTCTTGTCAT-1,True,GTATTCTTCTTGTCAT-1_contig_1,True,574,TRA,TRAV8-1,None,TRAJ13,TRAC,True,True,CAVNEAGGYQKVTF,TGTGCCGTGAATGAGGCAGGGGGTTACCAGAAAGTTACCTTT,663,3,clonotype2812,clonotype2812_consensus_1
GTATTCTTCTTGTCAT-1,True,GTATTCTTCTTGTCAT-1_contig_2,True,512,TRB,TRBV20-1,None,TRBJ2-7,TRBC2,True,True,CSARSDTVQYF,TGCAGTGCTAGAAGTGACACCGTTCAGTACTTC,1852,17,clonotype2812,clonotype2812_consensus_2
GTCAAGTAGAAACGCC-1,True,GTCAAGTAGAAACGCC-1_contig_1,True,534,TRB,TRBV5-5,None,TRBJ1-4,TRBC1,True,True,CASSVYRAGGTTNEKLFF,TGTGCCAGCAGCGTGTATCGGGCAGGGGGAACAACTAATGAAAAACTGTTTTTT,805,5,clonotype2813,clonotype2813_consensus_1
GTCAAGTAGACTTGAA-1,True,GTCAAGTAGACTTGAA-1_contig_1,True,550,TRA,TRAV5,None,TRAJ9,TRAC,True,True,CAESDTGGFKTIF,TGTGCAGAGAGCGATACTGGAGGCTTCAAAACTATCTTT,1450,8,clonotype2814,clonotype2814_consensus_2
GTCAAGTAGACTTGAA-1,True,GTCAAGTAGACTTGAA-1_contig_2,True,521,TRB,TRBV20-1,None,TRBJ1-4,TRBC1,True,True,CSARTGVTNEKLFF,TGCAGTGCTAGGACAGGGGTAACTAATGAAAAACTGTTTTTT,680,5,clonotype2814,clonotype2814_consensus_1
GTCAAGTAGACTTGAA-1,True,GTCAAGTAGACTTGAA-1_contig_3,True,404,TRB,None,None,TRBJ2-5,TRBC2,False,False,None,None,291,7,clonotype2814,None
GTCAAGTAGAGGTACC-1,True,GTCAAGTAGAGGTACC-1_contig_1,True,505,TRA,TRAV1-2,None,TRAJ33,TRAC,True,True,CAATDSNYQLIW,TGTGCTGCGACTGATAGCAACTATCAGTTAATCTGG,868,3,clonotype1,clonotype1_consensus_2
GTCAAGTAGAGGTACC-1,True,GTCAAGTAGAGGTACC-1_contig_2,True,498,TRB,TRBV20-1,None,TRBJ2-1,TRBC2,True,True,CSARVGSEVNEQFF,TGCAGTGCTAGAGTGGGGTCGGAAGTCAATGAGCAGTTCTTC,618,5,clonotype1,clonotype1_consensus_1
GTCAAGTAGATCCGAG-1,True,GTCAAGTAGATCCGAG-1_contig_1,True,507,TRB,TRBV20-1,None,TRBJ1-1,TRBC1,True,True,CSASTGTGYFRYTEAFF,TGCAGTGCGAGCACCGGGACAGGGTATTTTCGGTACACTGAAGCTTTCTTT,1497,5,clonotype2815,clonotype2815_consensus_1
GTCAAGTAGCAACGGT-1,True,GTCAAGTAGCAACGGT-1_contig_1,True,521,TRB,TRBV20-1,None,TRBJ2-1,TRBC2,True,True,CSARVGSEVNEQFF,TGCAGTGCTAGAGTGGGGTCGGAAGTCAATGAGCAGTTCTTC,1377,8,clonotype2,clonotype2_consensus_1
GTCAAGTAGCAACGGT-1,True,GTCAAGTAGCAACGGT-1_contig_2,True,465,TRA,TRAV10,None,TRAJ24,TRAC,True,False,None,None,598,3,clonotype2,None
GTCAAGTAGCAACGGT-1,True,GTCAAGTAGCAACGGT-1_contig_3,True,321,TRA,TRAV1-2,None,TRAJ33,TRAC,True,False,CAATDSNYQLIW,TGTGCTGCGACTGATAGCAACTATCAGTTAATCTGG,51,1,clonotype2,None
GTCAAGTAGCCACGCT-1,True,GTCAAGTAGCCACGCT-1_contig_1,True,505,TRA,TRAV1-2,None,TRAJ33,TRAC,True,True,CAATDSNYQLIW,TGTGCTGCGACTGATAGCAACTATCAGTTAATCTGG,384,2,clonotype1,clonotype1_consensus_2
GTCAAGTAGCCACGCT-1,True,GTCAAGTAGCCACGCT-1_contig_2,True,521,TRB,TRBV20-1,None,TRBJ2-1,TRBC2,True,True,CSARVGSEVNEQFF,TGCAGTGCTAGAGTGGGGTCGGAAGTCAATGAGCAGTTCTTC,1086,8,clonotype1,clonotype1_consensus_1
GTCAAGTAGCCGGTAA-1,True,GTCAAGTAGCCGGTAA-1_contig_1,True,521,TRB,TRBV20-1,None,TRBJ2-1,TRBC2,True,True,CSARVGSEVNEQFF,TGCAGTGCTAGAGTGGGGTCGGAAGTCAATGAGCAGTTCTTC,511,4,clonotype2,clonotype2_consensus_1
GTCAAGTAGCCGGTAA-1,True,GTCAAGTAGCCGGTAA-1_contig_2,True,482,TRA,TRAV10,None,TRAJ24,TRAC,True,False,None,None,335,3,clonotype2,None
GTCAAGTAGGCTAGAC-1,True,GTCAAGTAGGCTAGAC-1_contig_1,True,524,TRB,TRBV20-1,None,TRBJ2-2,TRBC2,True,True,CSARDPRGGPGELFF,TGCAGTGCTAGAGATCCCAGGGGTGGGCCCGGGGAGCTGTTTTTT,3812,15,clonotype2816,clonotype2816_consensus_1
GTCAAGTAGGCTAGAC-1,True,GTCAAGTAGGCTAGAC-1_contig_2,True,678,TRA,TRAV8-3,None,TRAJ26,TRAC,True,True,CAVVNNYGQNFVF,TGTGCTGTGGTCAATAACTATGGTCAGAATTTTGTCTTT,624,5,clonotype2816,clonotype2816_consensus_2
GTCAAGTAGGGAAACA-1,True,GTCAAGTAGGGAAACA-1_contig_1,True,496,TRA,TRAV1-2,None,TRAJ33,TRAC,True,True,CAATDSNYQLIW,TGTGCTGCGACTGATAGCAACTATCAGTTAATCTGG,453,1,clonotype1,clonotype1_consensus_2
GTCAAGTAGGGAAACA-1,True,GTCAAGTAGGGAAACA-1_contig_2,True,521,TRB,TRBV20-1,None,TRBJ2-1,TRBC2,True,True,CSARVGSEVNEQFF,TGCAGTGCTAGAGTGGGGTCGGAAGTCAATGAGCAGTTCTTC,2535,8,clonotype1,clonotype1_consensus_1
GTCAAGTAGGGTGTGT-1,True,GTCAAGTAGGGTGTGT-1_contig_1,True,527,TRB,TRBV20-1,None,TRBJ1-1,TRBC1,True,True,CSARRFQGLKFTEAFF,TGCAGTGCTAGAAGGTTCCAGGGATTAAAATTCACCGAAGCTTTCTTT,1473,7,clonotype184,clonotype184_consensus_3
GTCAAGTAGGGTGTGT-1,True,GTCAAGTAGGGTGTGT-1_contig_2,True,536,TRB,TRBV7-4,None,TRBJ1-5,TRBC1,True,True,CASSFPLQGGEKYSNQPQHF,TGTGCCAGCAGCTTCCCACTACAGGGAGGTGAAAAATATAGCAATCAGCCCCAGCATTTT,1570,10,clonotype184,clonotype184_consensus_1
GTCAAGTAGGGTGTGT-1,True,GTCAAGTAGGGTGTGT-1_contig_3,True,674,TRA,TRAV8-3,None,TRAJ49,TRAC,True,True,CAASNTGNQFYF,TGTGCTGCTTCGAACACCGGTAACCAGTTCTATTTT,936,3,clonotype184,clonotype184_consensus_2
GTCAAGTAGTAATCCC-1,True,GTCAAGTAGTAATCCC-1_contig_1,True,489,TRB,TRBV20-1,None,TRBJ2-7,TRBC2,True,True,CSGSPTYEQYF,TGCAGTGGCTCCCCCACCTACGAGCAGTACTTC,1376,5,clonotype2817,clonotype2817_consensus_1
GTCAAGTAGTAATCCC-1,True,GTCAAGTAGTAATCCC-1_contig_2,True,519,TRA,TRAV12-2,None,TRAJ57,TRAC,True,True,CAVTEGGSEKLVF,TGTGCCGTGACAGAGGGCGGATCTGAAAAGCTGGTCTTT,421,2,clonotype2817,clonotype2817_consensus_2
GTCAAGTAGTAATCCC-1,True,GTCAAGTAGTAATCCC-1_contig_3,True,351,TRB,None,None,TRBJ1-1,TRBC1,False,False,None,None,1908,2,clonotype2817,None
GTCAAGTAGTCCGGTC-1,True,GTCAAGTAGTCCGGTC-1_contig_1,True,505,TRA,TRAV1-2,None,TRAJ33,TRAC,True,True,CAATDSNYQLIW,TGTGCTGCGACTGATAGCAACTATCAGTTAATCTGG,1019,4,clonotype1,clonotype1_consensus_2
GTCAAGTAGTCCGGTC-1,True,GTCAAGTAGTCCGGTC-1_contig_2,True,521,TRB,TRBV20-1,None,TRBJ2-1,TRBC2,True,True,CSARVGSEVNEQFF,TGCAGTGCTAGAGTGGGGTCGGAAGTCAATGAGCAGTTCTTC,1527,9,clonotype1,clonotype1_consensus_1
GTCAAGTAGTCCGGTC-1,True,GTCAAGTAGTCCGGTC-1_contig_3,True,478,TRA,TRAV10,None,TRAJ24,TRAC,True,False,None,None,491,2,clonotype1,None
GTCAAGTCAACGATGG-1,True,GTCAAGTCAACGATGG-1_contig_1,True,505,TRA,TRAV1-2,None,TRAJ33,TRAC,True,True,CAATDSNYQLIW,TGTGCTGCGACTGATAGCAACTATCAGTTAATCTGG,1009,4,clonotype1,clonotype1_consensus_2
GTCAAGTCAACGATGG-1,True,GTCAAGTCAACGATGG-1_contig_2,True,521,TRB,TRBV20-1,None,TRBJ2-1,TRBC2,True,True,CSARVGSEVNEQFF,TGCAGTGCTAGAGTGGGGTCGGAAGTCAATGAGCAGTTCTTC,816,6,clonotype1,clonotype1_consensus_1
GTCAAGTCAACGATGG-1,True,GTCAAGTCAACGATGG-1_contig_3,True,462,TRA,TRAV10,None,TRAJ24,TRAC,True,False,None,None,587,2,clonotype1,None
GTCAAGTCACATTCGA-1,True,GTCAAGTCACATTCGA-1_contig_1,True,501,TRB,TRBV20-1,None,TRBJ2-3,TRBC2,True,True,CSRQSGLAGTDTQYF,TGCAGCCGACAAAGTGGACTAGCGGGGACAGATACGCAGTATTTT,4502,18,clonotype2818,clonotype2818_consensus_1
GTCAAGTCACTGAAGG-1,True,GTCAAGTCACTGAAGG-1_contig_1,True,526,TRA,TRAV5,None,TRAJ44,TRAC,True,True,CAERRTGTASKLTF,TGTGCAGAGAGGCGTACCGGCACTGCCAGTAAACTCACCTTT,490,6,clonotype2819,clonotype2819_consensus_2
GTCAAGTCACTGAAGG-1,True,GTCAAGTCACTGAAGG-1_contig_2,True,530,TRB,TRBV20-1,None,TRBJ2-5,TRBC2,True,True,CSARDQGTVPPQETQYF,TGCAGTGCTAGAGATCAGGGGACTGTGCCACCTCAAGAGACCCAGTACTTC,2463,14,clonotype2819,clonotype2819_consensus_1
GTCAAGTCAGGGAGAG-1,True,GTCAAGTCAGGGAGAG-1_contig_1,True,498,TRB,TRBV20-1,None,TRBJ2-3,TRBC2,True,True,CSARVAGRGNTDTQYF,TGCAGTGCTAGAGTGGCAGGGCGGGGGAACACAGATACGCAGTATTTT,511,6,clonotype2820,clonotype2820_consensus_1
GTCAAGTCAGGGAGAG-1,True,GTCAAGTCAGGGAGAG-1_contig_2,True,654,TRA,TRAV8-6,None,TRAJ57,TRAC,True,False,CAATQGGSEKLVF,TGTGCTGCAACTCAGGGCGGATCTGAAAAGCTGGTCTTT,235,2,clonotype2820,None
GTCAAGTCAGGTTTCA-1,True,GTCAAGTCAGGTTTCA-1_contig_1,True,521,TRB,TRBV20-1,None,TRBJ2-1,TRBC2,True,True,CSARVGSEVNEQFF,TGCAGTGCTAGAGTGGGGTCGGAAGTCAATGAGCAGTTCTTC,974,5,clonotype2,clonotype2_consensus_1
GTCAAGTCAGGTTTCA-1,True,GTCAAGTCAGGTTTCA-1_contig_2,True,462,TRA,TRAV10,None,TRAJ24,TRAC,True,False,None,None,351,2,clonotype2,None
GTCAAGTCATTGGTAC-1,True,GTCAAGTCATTGGTAC-1_contig_1,True,514,TRA,TRAV1-2,None,TRAJ10,TRAC,True,True,CAVRVLTGGGNKLTF,TGTGCTGTGAGAGTCCTCACGGGAGGAGGAAACAAACTCACCTTT,628,3,clonotype2821,clonotype2821_consensus_1
GTCAAGTCATTGGTAC-1,True,GTCAAGTCATTGGTAC-1_contig_2,True,520,TRB,TRBV20-1,None,TRBJ2-3,TRBC2,True,True,CSARPRLAGGRNTQYF,TGCAGTGCTAGACCCAGACTAGCGGGGGGGCGTAATACGCAGTATTTT,4114,17,clonotype2821,clonotype2821_consensus_2
GTCAAGTCATTGGTAC-1,True,GTCAAGTCATTGGTAC-1_contig_3,True,556,TRA,TRAV8-1,None,TRAJ23,TRAC,True,False,None,None,438,2,clonotype2821,None
GTCAAGTGTAACGACG-1,True,GTCAAGTGTAACGACG-1_contig_1,True,505,TRA,TRAV1-2,None,TRAJ33,TRAC,True,True,CAATDSNYQLIW,TGTGCTGCGACTGATAGCAACTATCAGTTAATCTGG,169,2,clonotype1,clonotype1_consensus_2
GTCAAGTGTAACGACG-1,True,GTCAAGTGTAACGACG-1_contig_2,True,498,TRB,TRBV20-1,None,TRBJ2-1,TRBC2,True,True,CSARVGSEVNEQFF,TGCAGTGCTAGAGTGGGGTCGGAAGTCAATGAGCAGTTCTTC,1346,5,clonotype1,clonotype1_consensus_1
GTCAAGTGTAACGACG-1,True,GTCAAGTGTAACGACG-1_contig_3,True,467,TRA,TRAV10,None,TRAJ24,TRAC,True,False,None,None,732,1,clonotype1,None
GTCAAGTGTACAGTGG-1,True,GTCAAGTGTACAGTGG-1_contig_1,True,515,TRB,TRBV20-1,None,TRBJ2-7,TRBC2,True,True,CSARDSVYEQYF,TGCAGTGCCAGGGACAGCGTATACGAGCAGTACTTC,542,4,clonotype304,clonotype304_consensus_2
GTCAAGTGTACAGTGG-1,True,GTCAAGTGTACAGTGG-1_contig_2,True,511,TRA,TRAV1-2,None,TRAJ33,TRAC,True,True,CAVRDWDSNYQLIW,TGTGCTGTGAGAGATTGGGATAGCAACTATCAGTTAATCTGG,298,3,clonotype304,clonotype304_consensus_1
GTCAAGTGTCCATGAT-1,True,GTCAAGTGTCCATGAT-1_contig_1,True,668,TRA,TRAV8-3,None,TRAJ6,TRAC,True,True,CNPGYIPTF,TGCAACCCCGGCTACATACCTACATTT,1643,10,clonotype359,clonotype359_consensus_3
GTCAAGTGTCCATGAT-1,True,GTCAAGTGTCCATGAT-1_contig_2,True,519,TRA,TRAV5,None,TRAJ30,TRAC,True,True,CAESDRNDKIIF,TGTGCAGAGAGCGACAGAAATGACAAGATCATCTTT,338,4,clonotype359,clonotype359_consensus_2
GTCAAGTGTCCATGAT-1,True,GTCAAGTGTCCATGAT-1_contig_3,True,515,TRB,TRBV20-1,None,TRBJ1-2,TRBC1,True,True,CSARSMAGSHGYTF,TGCAGTGCTAGATCTATGGCAGGGAGCCATGGCTACACCTTC,695,6,clonotype359,clonotype359_consensus_1
GTCAAGTTCAACCATG-1,True,GTCAAGTTCAACCATG-1_contig_1,True,495,TRB,TRBV20-1,None,TRBJ1-4,TRBC1,True,True,CSANRDLNEKLFF,TGCAGTGCTAACCGGGATCTAAATGAAAAACTGTTTTTT,242,5,clonotype2822,clonotype2822_consensus_1
GTCAAGTTCAACCATG-1,True,GTCAAGTTCAACCATG-1_contig_2,True,547,TRA,TRAV12-2,None,TRAJ17,TRAC,True,True,CAVNLKAAGNKLTF,TGTGCCGTGAACCTCAAAGCTGCAGGCAACAAGCTAACTTTT,473,2,clonotype2822,clonotype2822_consensus_2
GTCAAGTTCATCGGAT-1,True,GTCAAGTTCATCGGAT-1_contig_1,True,512,TRA,TRAV13-2,None,TRAJ50,TRAC,True,True,CAENSGTSYDKVIF,TGTGCAGAGAATAGTGGAACCTCCTACGACAAGGTGATATTT,417,3,clonotype2823,clonotype2823_consensus_2
GTCAAGTTCATCGGAT-1,True,GTCAAGTTCATCGGAT-1_contig_2,True,521,TRB,TRBV20-1,None,TRBJ1-5,TRBC1,True,True,CSAGQGNSRQPQHF,TGCAGTGCGGGACAGGGAAATAGCCGCCAGCCCCAGCATTTT,2088,9,clonotype2823,clonotype2823_consensus_1
GTCAAGTTCATCGGAT-1,True,GTCAAGTTCATCGGAT-1_contig_3,True,423,TRA,TRAV8-6,None,None,TRAC,False,False,None,None,85,4,clonotype2823,None
GTCAAGTTCCGCGTTT-1,True,GTCAAGTTCCGCGTTT-1_contig_1,True,479,TRA,TRAV1-1,None,TRAJ33,TRAC,True,True,CAVRGGDSNYQLIW,TGCGCTGTGAGAGGGGGGGATAGCAACTATCAGTTAATCTGG,202,7,clonotype2824,clonotype2824_consensus_2
GTCAAGTTCCGCGTTT-1,True,GTCAAGTTCCGCGTTT-1_contig_2,True,521,TRB,TRBV20-1,None,TRBJ1-1,TRBC1,True,True,CSARDLGVNTEAFF,TGCAGTGCTAGAGATTTAGGGGTAAACACTGAAGCTTTCTTT,1794,11,clonotype2824,clonotype2824_consensus_1
GTCACAAAGAAACCGC-1,True,GTCACAAAGAAACCGC-1_contig_1,True,492,TRB,TRBV20-1,None,TRBJ1-4,TRBC1,True,True,CSAAGTDEKLFF,TGCAGTGCTGCAGGAACGGATGAAAAACTGTTTTTT,648,3,clonotype2825,clonotype2825_consensus_2
GTCACAAAGAAACCGC-1,True,GTCACAAAGAAACCGC-1_contig_2,True,571,TRA,TRAV29/DV5,None,TRAJ53,TRAC,True,True,CAASARGSNYKLTF,TGTGCAGCAAGCGCAAGAGGTAGCAACTATAAACTGACATTT,417,5,clonotype2825,clonotype2825_consensus_1
GTCACAAAGAACAACT-1,True,GTCACAAAGAACAACT-1_contig_1,True,501,TRA,TRAV12-3,None,TRAJ32,TRAC,True,True,CARRYGGATNKLIF,TGTGCACGGAGATATGGTGGTGCTACAAACAAGCTCATCTTT,12372,7,clonotype22,clonotype22_consensus_1
GTCACAAAGAACAACT-1,True,GTCACAAAGAACAACT-1_contig_2,True,737,TRB,TRBV5-6,None,TRBJ2-2,TRBC2,True,True,CASSLSPEDPTNTGELFF,TGTGCCAGCAGCTTGAGTCCGGAAGACCCTACGAACACCGGGGAGCTGTTTTTT,1903,6,clonotype22,clonotype22_consensus_2
GTCACAAAGAACAACT-1,True,GTCACAAAGAACAACT-1_contig_3,True,308,TRB,None,None,TRBJ2-7,TRBC2,False,False,None,None,1218,5,clonotype22,None
GTCACAAAGAACAACT-1,True,GTCACAAAGAACAACT-1_contig_4,True,398,TRA,TRAV29/DV5,None,TRAJ44,TRAC,True,False,None,None,95,4,clonotype22,None
GTCACAAAGACTGGGT-1,True,GTCACAAAGACTGGGT-1_contig_1,True,662,TRA,TRAV8-2,None,TRAJ28,TRAC,True,True,CVVRAAYSGAGSYQLTF,TGTGTTGTGAGGGCTGCATACTCTGGGGCTGGGAGTTACCAACTCACTTTC,276,2,clonotype2826,clonotype2826_consensus_2
GTCACAAAGACTGGGT-1,True,GTCACAAAGACTGGGT-1_contig_2,True,512,TRB,TRBV5-5,None,TRBJ2-6,TRBC2,True,True,CASSLASSGANVLTF,TGTGCCAGCAGCTTGGCCTCGTCCGGGGCCAACGTCCTGACTTTC,1047,3,clonotype2826,clonotype2826_consensus_1
GTCACAAAGCACACAG-1,True,GTCACAAAGCACACAG-1_contig_1,True,492,TRB,TRBV20-1,None,TRBJ2-1,TRBC2,True,True,CSARYRDNEQFF,TGCAGTGCTAGGTACAGGGACAATGAGCAGTTCTTC,840,7,clonotype49,clonotype49_consensus_1
GTCACAAAGCACACAG-1,True,GTCACAAAGCACACAG-1_contig_2,True,505,TRA,TRAV1-2,None,TRAJ33,TRAC,True,True,CAVLDSNYQLIW,TGTGCTGTGTTGGATAGCAACTATCAGTTAATCTGG,297,2,clonotype49,clonotype49_consensus_2
GTCACAAAGGCTAGCA-1,True,GTCACAAAGGCTAGCA-1_contig_1,True,567,TRA,TRAV8-4,None,TRAJ9,TRAC,True,True,CAVRNTGGFKTIF,TGTGCTGTGAGGAATACTGGAGGCTTCAAAACTATCTTT,1156,9,clonotype46,clonotype46_consensus_2
GTCACAAAGGCTAGCA-1,True,GTCACAAAGGCTAGCA-1_contig_2,True,499,TRB,TRBV5-6,None,TRBJ2-2,TRBC2,True,True,CASSHQVQRGDTGELFF,TGTGCCAGCAGCCATCAGGTCCAGCGGGGGGACACCGGGGAGCTGTTTTTT,4263,13,clonotype46,clonotype46_consensus_1
GTCACAAAGGGCTTGA-1,True,GTCACAAAGGGCTTGA-1_contig_1,True,505,TRA,TRAV1-2,None,TRAJ33,TRAC,True,True,CAATDSNYQLIW,TGTGCTGCGACTGATAGCAACTATCAGTTAATCTGG,370,5,clonotype1,clonotype1_consensus_2
GTCACAAAGGGCTTGA-1,True,GTCACAAAGGGCTTGA-1_contig_2,True,498,TRB,TRBV20-1,None,TRBJ2-1,TRBC2,True,True,CSARVGSEVNEQFF,TGCAGTGCTAGAGTGGGGTCGGAAGTCAATGAGCAGTTCTTC,3088,8,clonotype1,clonotype1_consensus_1
GTCACAAAGTACGACG-1,True,GTCACAAAGTACGACG-1_contig_1,True,502,TRA,TRAV1-2,None,TRAJ30,TRAC,True,True,CAVRDLREIIF,TGTGCTGTGAGAGATCTTCGGGAGATCATCTTT,926,4,clonotype3,clonotype3_consensus_2
GTCACAAAGTACGACG-1,True,GTCACAAAGTACGACG-1_contig_2,True,513,TRB,TRBV5-5,None,TRBJ1-4,TRBC1,True,True,CASSHPGPNYATNEKLFF,TGTGCCAGCAGCCATCCCGGACCGAACTACGCAACTAATGAAAAACTGTTTTTT,411,2,clonotype3,clonotype3_consensus_1
GTCACAAAGTAGCGGT-1,True,GTCACAAAGTAGCGGT-1_contig_1,True,459,TRA,TRAV13-1,None,TRAJ49,TRAC,True,True,CAANWESGNQFYF,TGTGCAGCAAACTGGGAAAGCGGTAACCAGTTCTATTTT,640,2,clonotype2827,clonotype2827_consensus_2
GTCACAAAGTAGCGGT-1,True,GTCACAAAGTAGCGGT-1_contig_2,True,495,TRB,TRBV20-1,None,TRBJ1-5,TRBC1,True,True,CSAQPLAGQPQHF,TGCAGTGCTCAGCCCTTGGCGGGGCAGCCCCAGCATTTT,2643,8,clonotype2827,clonotype2827_consensus_1
GTCACAAAGTAGCGGT-1,True,GTCACAAAGTAGCGGT-1_contig_3,True,521,TRB,TRBV20-1,None,TRBJ2-1,TRBC2,True,True,CSAIDRVAYNEQFF,TGCAGTGCTATTGACAGGGTGGCCTACAATGAGCAGTTCTTC,3596,16,clonotype2827,clonotype2827_consensus_3
GTCACAAAGTAGCGGT-1,True,GTCACAAAGTAGCGGT-1_contig_4,True,528,TRA,TRAV14/DV4,None,TRAJ33,TRAC,True,False,CNERGPRKSNYQLIW,TGCAATGAGAGAGGGCCACGGAAGAGCAACTATCAGTTAATCTGG,737,6,clonotype2827,None
GTCACAAAGTAGGCCA-1,True,GTCACAAAGTAGGCCA-1_contig_1,True,498,TRB,TRBV20-1,None,TRBJ2-7,TRBC2,True,True,CSADPGERGYEQYF,TGCAGTGCCGATCCCGGGGAAAGAGGATACGAGCAGTACTTC,2485,9,clonotype369,clonotype369_consensus_1
GTCACAAAGTAGGCCA-1,True,GTCACAAAGTAGGCCA-1_contig_2,True,502,TRA,TRAV20,None,TRAJ17,TRAC,True,True,CAGQAAGNKLTF,TGTGCTGGCCAGGCTGCAGGCAACAAGCTAACTTTT,1749,10,clonotype369,clonotype369_consensus_2
GTCACAAAGTGAAGAG-1,True,GTCACAAAGTGAAGAG-1_contig_1,True,574,TRA,TRAV26-1,None,TRAJ21,TRAC,True,True,CIAPDPYNFNKFYF,TGCATCGCCCCGGACCCCTACAACTTCAACAAATTTTACTTT,799,4,clonotype2828,clonotype2828_consensus_1
GTCACAAAGTGAAGAG-1,True,GTCACAAAGTGAAGAG-1_contig_2,True,524,TRB,TRBV20-1,None,TRBJ2-1,TRBC2,True,True,CSARGTSSTTNEQFF,TGCAGTGCTAGAGGGACTAGCTCGACGACCAATGAGCAGTTCTTC,996,5,clonotype2828,clonotype2828_consensus_2
GTCACAACAACGCACC-1,True,GTCACAACAACGCACC-1_contig_1,True,505,TRA,TRAV1-2,None,TRAJ33,TRAC,True,True,CAATDSNYQLIW,TGTGCTGCGACTGATAGCAACTATCAGTTAATCTGG,235,2,clonotype1,clonotype1_consensus_2
GTCACAACAACGCACC-1,True,GTCACAACAACGCACC-1_contig_2,True,521,TRB,TRBV20-1,None,TRBJ2-1,TRBC2,True,True,CSARVGSEVNEQFF,TGCAGTGCTAGAGTGGGGTCGGAAGTCAATGAGCAGTTCTTC,3627,11,clonotype1,clonotype1_consensus_1
GTCACAACAACGCACC-1,True,GTCACAACAACGCACC-1_contig_3,True,550,TRB,None,None,TRBJ2-2P,TRBC2,False,False,None,None,434,3,clonotype1,None
GTCACAACATAGTAAG-1,True,GTCACAACATAGTAAG-1_contig_1,True,471,TRA,TRAV17,None,TRAJ3,TRAC,True,True,CVWMGASKIIF,TGTGTTTGGATGGGGGCTTCCAAGATAATCTTT,130,2,clonotype136,clonotype136_consensus_2
GTCACAACATAGTAAG-1,True,GTCACAACATAGTAAG-1_contig_2,True,524,TRB,TRBV20-1,None,TRBJ1-3,TRBC1,True,True,CSADEARPAGNTIYF,TGCAGTGCTGATGAGGCACGGCCGGCGGGAAACACCATATATTTT,1469,7,clonotype136,clonotype136_consensus_1
GTCACAACATAGTAAG-1,True,GTCACAACATAGTAAG-1_contig_3,True,574,TRA,TRAV21,None,TRAJ3,TRAC,True,False,None,None,271,1,clonotype136,None
GTCACAACATTAACCG-1,True,GTCACAACATTAACCG-1_contig_1,True,505,TRA,TRAV1-2,None,TRAJ33,TRAC,True,True,CAATDSNYQLIW,TGTGCTGCGACTGATAGCAACTATCAGTTAATCTGG,1600,8,clonotype1,clonotype1_consensus_2
GTCACAACATTAACCG-1,True,GTCACAACATTAACCG-1_contig_2,True,521,TRB,TRBV20-1,None,TRBJ2-1,TRBC2,True,True,CSARVGSEVNEQFF,TGCAGTGCTAGAGTGGGGTCGGAAGTCAATGAGCAGTTCTTC,4778,17,clonotype1,clonotype1_consensus_1
GTCACAAGTCTTCAAG-1,True,GTCACAAGTCTTCAAG-1_contig_1,True,505,TRA,TRAV1-2,None,TRAJ33,TRAC,True,True,CAATDSNYQLIW,TGTGCTGCGACTGATAGCAACTATCAGTTAATCTGG,1527,6,clonotype1,clonotype1_consensus_2
GTCACAAGTCTTCAAG-1,True,GTCACAAGTCTTCAAG-1_contig_2,True,521,TRB,TRBV20-1,None,TRBJ2-1,TRBC2,True,True,CSARVGSEVNEQFF,TGCAGTGCTAGAGTGGGGTCGGAAGTCAATGAGCAGTTCTTC,3317,10,clonotype1,clonotype1_consensus_1
GTCACAAGTGCGCTTG-1,True,GTCACAAGTGCGCTTG-1_contig_1,True,498,TRB,TRBV20-1,None,TRBJ2-1,TRBC2,True,True,CSARVGSEVNEQFF,TGCAGTGCTAGAGTGGGGTCGGAAGTCAATGAGCAGTTCTTC,663,3,clonotype2,clonotype2_consensus_1
GTCACAAGTGCGCTTG-1,True,GTCACAAGTGCGCTTG-1_contig_2,True,463,TRA,TRAV10,None,TRAJ24,TRAC,True,False,None,None,7963,3,clonotype2,None
GTCACAAGTTCATGGT-1,True,GTCACAAGTTCATGGT-1_contig_1,True,502,TRB,TRBV20-1,None,TRBJ2-5,TRBC2,True,True,CSARGAGQGAVETQYF,TGCAGTGCTAGGGGAGCCGGACAGGGGGCGGTGGAGACCCAGTACTTC,884,4,clonotype2829,clonotype2829_consensus_1
GTCACAAGTTCATGGT-1,True,GTCACAAGTTCATGGT-1_contig_2,True,461,TRA,TRAV13-1,None,TRAJ3,TRAC,True,False,None,None,1004,4,clonotype2829,None
GTCACAATCAGCGATT-1,True,GTCACAATCAGCGATT-1_contig_1,True,524,TRB,TRBV20-1,None,TRBJ1-2,TRBC1,True,True,CSATETGASGEGYTF,TGCAGTGCTACGGAGACAGGGGCTTCGGGAGAGGGCTACACCTTC,2860,11,clonotype48,clonotype48_consensus_1
GTCACAATCAGCGATT-1,True,GTCACAATCAGCGATT-1_contig_2,True,523,TRA,TRAV17,None,TRAJ22,TRAC,True,True,CATLSGSARQLTF,TGTGCTACGCTTTCTGGTTCTGCAAGGCAACTGACCTTT,1398,6,clonotype48,clonotype48_consensus_2
GTCACAATCATTTGGG-1,True,GTCACAATCATTTGGG-1_contig_1,True,505,TRA,TRAV1-2,None,TRAJ33,TRAC,True,True,CAATDSNYQLIW,TGTGCTGCGACTGATAGCAACTATCAGTTAATCTGG,874,5,clonotype1,clonotype1_consensus_2
GTCACAATCATTTGGG-1,True,GTCACAATCATTTGGG-1_contig_2,True,473,TRB,TRBV20-1,None,TRBJ2-1,TRBC2,True,True,CSARVGSEVNEQFF,TGCAGTGCTAGAGTGGGGTCGGAAGTCAATGAGCAGTTCTTC,3929,11,clonotype1,clonotype1_consensus_1
GTCACAATCCGCAAGC-1,True,GTCACAATCCGCAAGC-1_contig_1,True,505,TRA,TRAV1-2,None,TRAJ33,TRAC,True,True,CAATDSNYQLIW,TGTGCTGCGACTGATAGCAACTATCAGTTAATCTGG,164,3,clonotype1,clonotype1_consensus_2
GTCACAATCCGCAAGC-1,True,GTCACAATCCGCAAGC-1_contig_2,True,521,TRB,TRBV20-1,None,TRBJ2-1,TRBC2,True,True,CSARVGSEVNEQFF,TGCAGTGCTAGAGTGGGGTCGGAAGTCAATGAGCAGTTCTTC,1050,7,clonotype1,clonotype1_consensus_1
GTCACAATCGAATCCA-1,True,GTCACAATCGAATCCA-1_contig_1,True,547,TRA,TRAV12-2,None,TRAJ32,TRAC,True,True,CAVYYGGATNKLIF,TGTGCCGTATATTATGGTGGTGCTACAAACAAGCTCATCTTT,432,7,clonotype2830,clonotype2830_consensus_2
GTCACAATCGAATCCA-1,True,GTCACAATCGAATCCA-1_contig_2,True,521,TRB,TRBV20-1,None,TRBJ2-5,TRBC2,True,True,CSARSPSGKETQYF,TGCAGTGCTAGAAGTCCCTCAGGGAAAGAGACCCAGTACTTC,1198,8,clonotype2830,clonotype2830_consensus_1
GTCACAATCTGACCTC-1,True,GTCACAATCTGACCTC-1_contig_1,True,505,TRA,TRAV1-2,None,TRAJ33,TRAC,True,True,CAATDSNYQLIW,TGTGCTGCGACTGATAGCAACTATCAGTTAATCTGG,1091,4,clonotype1,clonotype1_consensus_2
GTCACAATCTGACCTC-1,True,GTCACAATCTGACCTC-1_contig_2,True,521,TRB,TRBV20-1,None,TRBJ2-1,TRBC2,True,True,CSARVGSEVNEQFF,TGCAGTGCTAGAGTGGGGTCGGAAGTCAATGAGCAGTTCTTC,1471,7,clonotype1,clonotype1_consensus_1
GTCACGGAGAACTGTA-1,True,GTCACGGAGAACTGTA-1_contig_1,True,521,TRB,TRBV20-1,None,TRBJ1-3,TRBC1,True,True,CSARKQGAGNTIYF,TGCAGTGCTAGAAAACAGGGGGCTGGAAACACCATATATTTT,2495,11,clonotype2831,clonotype2831_consensus_1
GTCACGGAGAACTGTA-1,True,GTCACGGAGAACTGTA-1_contig_2,True,515,TRA,TRAV23/DV6,None,TRAJ37,TRAC,True,False,None,None,165,2,clonotype2831,None
GTCACGGAGAACTGTA-1,True,GTCACGGAGAACTGTA-1_contig_3,True,316,TRB,None,None,TRBJ2-1,TRBC2,False,False,None,None,566,3,clonotype2831,None
GTCACGGAGATGCGAC-1,True,GTCACGGAGATGCGAC-1_contig_1,True,505,TRA,TRAV1-2,None,TRAJ33,TRAC,True,True,CAATDSNYQLIW,TGTGCTGCGACTGATAGCAACTATCAGTTAATCTGG,492,2,clonotype1,clonotype1_consensus_2
GTCACGGAGATGCGAC-1,True,GTCACGGAGATGCGAC-1_contig_2,True,498,TRB,TRBV20-1,None,TRBJ2-1,TRBC2,True,True,CSARVGSEVNEQFF,TGCAGTGCTAGAGTGGGGTCGGAAGTCAATGAGCAGTTCTTC,1321,6,clonotype1,clonotype1_consensus_1
GTCACGGAGCAGGCTA-1,True,GTCACGGAGCAGGCTA-1_contig_1,True,505,TRA,TRAV1-2,None,TRAJ33,TRAC,True,True,CAATDSNYQLIW,TGTGCTGCGACTGATAGCAACTATCAGTTAATCTGG,376,3,clonotype1,clonotype1_consensus_2
GTCACGGAGCAGGCTA-1,True,GTCACGGAGCAGGCTA-1_contig_2,True,498,TRB,TRBV20-1,None,TRBJ2-1,TRBC2,True,True,CSARVGSEVNEQFF,TGCAGTGCTAGAGTGGGGTCGGAAGTCAATGAGCAGTTCTTC,2545,14,clonotype1,clonotype1_consensus_1
GTCACGGAGCAGGCTA-1,True,GTCACGGAGCAGGCTA-1_contig_3,True,482,TRA,TRAV10,None,TRAJ24,TRAC,True,False,None,None,310,3,clonotype1,None
GTCACGGAGCATGGCA-1,True,GTCACGGAGCATGGCA-1_contig_1,True,502,TRA,TRAV1-2,None,TRAJ30,TRAC,True,True,CAVRDLREIIF,TGTGCTGTGAGAGATCTTCGGGAGATCATCTTT,231,3,clonotype3,clonotype3_consensus_2
GTCACGGAGCATGGCA-1,True,GTCACGGAGCATGGCA-1_contig_2,True,494,TRB,TRBV5-5,None,TRBJ1-4,TRBC1,True,True,CASSHPGPNYATNEKLFF,TGTGCCAGCAGCCATCCCGGACCGAACTACGCAACTAATGAAAAACTGTTTTTT,583,3,clonotype3,clonotype3_consensus_1
GTCACGGAGCATGGCA-1,True,GTCACGGAGCATGGCA-1_contig_3,True,501,TRB,TRBV7-3,None,TRBJ2-1,TRBC2,True,False,CQQRSLKAGGPYNEQFF,TGCCAGCAGCGGTCACTTAAAGCGGGGGGACCCTACAATGAGCAGTTCTTC,1246,5,clonotype3,None
GTCACGGAGCCCTAAT-1,True,GTCACGGAGCCCTAAT-1_contig_1,True,505,TRA,TRAV1-2,None,TRAJ33,TRAC,True,True,CAATDSNYQLIW,TGTGCTGCGACTGATAGCAACTATCAGTTAATCTGG,1076,6,clonotype1,clonotype1_consensus_2
GTCACGGAGCCCTAAT-1,True,GTCACGGAGCCCTAAT-1_contig_2,True,521,TRB,TRBV20-1,None,TRBJ2-1,TRBC2,True,True,CSARVGSEVNEQFF,TGCAGTGCTAGAGTGGGGTCGGAAGTCAATGAGCAGTTCTTC,3603,12,clonotype1,clonotype1_consensus_1
GTCACGGCAAACAACA-1,True,GTCACGGCAAACAACA-1_contig_1,True,505,TRA,TRAV1-2,None,TRAJ33,TRAC,True,True,CAATDSNYQLIW,TGTGCTGCGACTGATAGCAACTATCAGTTAATCTGG,483,5,clonotype1,clonotype1_consensus_2
GTCACGGCAAACAACA-1,True,GTCACGGCAAACAACA-1_contig_2,True,521,TRB,TRBV20-1,None,TRBJ2-1,TRBC2,True,True,CSARVGSEVNEQFF,TGCAGTGCTAGAGTGGGGTCGGAAGTCAATGAGCAGTTCTTC,1834,13,clonotype1,clonotype1_consensus_1
GTCACGGCAAACAACA-1,True,GTCACGGCAAACAACA-1_contig_3,True,482,TRA,TRAV10,None,TRAJ24,TRAC,True,False,None,None,430,3,clonotype1,None
GTCACGGCAACGATCT-1,True,GTCACGGCAACGATCT-1_contig_1,True,549,TRA,TRAV16,None,TRAJ15,TRAC,True,True,CALQAGTALIF,TGTGCTTTACAGGCAGGAACTGCTCTGATCTTT,567,2,clonotype2832,clonotype2832_consensus_2
GTCACGGCAACGATCT-1,True,GTCACGGCAACGATCT-1_contig_2,True,522,TRB,TRBV5-5,None,TRBJ2-7,TRBC2,True,True,CASSLQLAGTGSSYEQYF,TGTGCCAGCAGCTTGCAATTGGCTGGGACAGGGAGCTCCTACGAGCAGTACTTC,1804,8,clonotype2832,clonotype2832_consensus_1
GTCACGGCAACGATCT-1,True,GTCACGGCAACGATCT-1_contig_3,True,547,TRA,TRAV5,None,TRAJ36,TRAC,True,True,CAETGANNLFF,TGTGCAGAGACTGGGGCAAACAACCTCTTCTTT,781,5,clonotype2832,clonotype2832_consensus_3
GTCACGGCAACGATCT-1,True,GTCACGGCAACGATCT-1_contig_4,True,356,TRB,None,None,TRBJ1-5,TRBC1,False,False,None,None,1026,3,clonotype2832,None
GTCACGGCAACGATCT-1,True,GTCACGGCAACGATCT-1_contig_5,True,437,TRB,TRBV20-1,None,TRBJ2-1,TRBC2,True,False,CSARVGSEVNEQFF,TGCAGTGCTAGAGTGGGGTCGGAAGTCAATGAGCAGTTCTTC,513,1,clonotype2832,None
GTCACGGCAAGAGTCG-1,True,GTCACGGCAAGAGTCG-1_contig_1,True,530,TRB,TRBV20-1,None,TRBJ2-6,TRBC2,True,True,CSARDRVQFSGANVLTF,TGCAGTGCTAGAGATCGGGTTCAGTTCTCTGGGGCCAACGTCCTGACTTTC,2262,8,clonotype2833,clonotype2833_consensus_2
GTCACGGCAAGAGTCG-1,True,GTCACGGCAAGAGTCG-1_contig_2,True,517,TRA,TRAV2,None,TRAJ24,TRAC,True,True,CAVEDLTDSWGKLQF,TGTGCTGTGGAGGATCTAACTGACAGCTGGGGGAAATTGCAGTTT,197,2,clonotype2833,clonotype2833_consensus_1
GTCACGGCAAGAGTCG-1,True,GTCACGGCAAGAGTCG-1_contig_3,True,305,TRA,None,None,TRAJ18,TRAC,False,False,None,None,450,2,clonotype2833,None
GTCACGGCAATCACAC-1,True,GTCACGGCAATCACAC-1_contig_1,True,512,TRB,TRBV20-1,None,TRBJ1-1,TRBC1,True,True,CRRGGNTEAFF,TGCAGGCGCGGAGGGAACACTGAAGCTTTCTTT,3570,9,clonotype2834,clonotype2834_consensus_2
GTCACGGCAATCACAC-1,True,GTCACGGCAATCACAC-1_contig_2,True,517,TRA,TRAV6,None,TRAJ12,TRAC,True,True,CALGADSSYKLIF,TGTGCTCTAGGCGCGGATAGCAGCTATAAATTGATCTTC,430,3,clonotype2834,clonotype2834_consensus_1
GTCACGGCACAAGACG-1,True,GTCACGGCACAAGACG-1_contig_1,True,502,TRA,TRAV1-2,None,TRAJ30,TRAC,True,True,CAVRDLREIIF,TGTGCTGTGAGAGATCTTCGGGAGATCATCTTT,846,4,clonotype3,clonotype3_consensus_2
GTCACGGCACAAGACG-1,True,GTCACGGCACAAGACG-1_contig_2,True,521,TRB,TRBV5-5,None,TRBJ1-4,TRBC1,True,True,CASSHPGPNYATNEKLFF,TGTGCCAGCAGCCATCCCGGACCGAACTACGCAACTAATGAAAAACTGTTTTTT,385,2,clonotype3,clonotype3_consensus_1
GTCACGGCACATAACC-1,True,GTCACGGCACATAACC-1_contig_1,True,502,TRA,TRAV1-2,None,TRAJ30,TRAC,True,True,CAVRDLREIIF,TGTGCTGTGAGAGATCTTCGGGAGATCATCTTT,346,4,clonotype3,clonotype3_consensus_2
GTCACGGCACATAACC-1,True,GTCACGGCACATAACC-1_contig_2,True,686,TRB,TRBV5-5,None,TRBJ1-4,TRBC1,True,True,CASSHPGPNYATNEKLFF,TGTGCCAGCAGCCATCCCGGACCGAACTACGCAACTAATGAAAAACTGTTTTTT,2385,8,clonotype3,clonotype3_consensus_1
GTCACGGCACATAACC-1,True,GTCACGGCACATAACC-1_contig_3,True,482,TRB,TRBV7-3,None,TRBJ2-1,None,True,False,CQQRSLKAGGPYNEQFF,TGCCAGCAGCGGTCACTTAAAGCGGGGGGACCCTACAATGAGCAGTTCTTC,58,1,clonotype3,None
GTCACGGCATGTAAGA-1,True,GTCACGGCATGTAAGA-1_contig_1,True,515,TRB,TRBV20-1,None,TRBJ1-5,TRBC1,True,True,CSAGRLDQPQHF,TGCAGTGCCGGGAGACTCGATCAGCCCCAGCATTTT,2681,14,clonotype34,clonotype34_consensus_2
GTCACGGCATGTAAGA-1,True,GTCACGGCATGTAAGA-1_contig_2,True,567,TRA,TRAV19,None,TRAJ39,TRAC,True,True,CALSERRNAGNMLTF,TGTGCTCTGAGTGAGAGGAGGAATGCAGGCAACATGCTCACCTTT,182,8,clonotype34,clonotype34_consensus_1
GTCACGGGTACAGCAG-1,True,GTCACGGGTACAGCAG-1_contig_1,True,473,TRB,TRBV20-1,None,TRBJ2-1,TRBC2,True,True,CSARVGSEVNEQFF,TGCAGTGCTAGAGTGGGGTCGGAAGTCAATGAGCAGTTCTTC,1807,6,clonotype2,clonotype2_consensus_1
GTCACGGGTACCCAAT-1,True,GTCACGGGTACCCAAT-1_contig_1,True,521,TRA,TRAV21,None,TRAJ42,TRAC,True,True,CAPRDGGSQGNLIF,TGTGCTCCGCGGGATGGAGGAAGCCAAGGAAATCTCATCTTT,476,4,clonotype2835,clonotype2835_consensus_1
GTCACGGGTACCCAAT-1,True,GTCACGGGTACCCAAT-1_contig_2,True,524,TRB,TRBV20-1,None,TRBJ2-1,TRBC2,True,True,CSAATAGTGDLEQFF,TGCAGTGCCGCAACCGCCGGGACAGGGGACCTGGAGCAGTTCTTC,3354,15,clonotype2835,clonotype2835_consensus_2
GTCACGGGTACCCAAT-1,True,GTCACGGGTACCCAAT-1_contig_3,True,674,TRB,None,None,TRBJ1-4,None,False,False,None,None,337,1,clonotype2835,None
GTCACGGGTAGGACAC-1,True,GTCACGGGTAGGACAC-1_contig_1,True,569,TRA,TRAV22,None,TRAJ37,TRAC,True,True,CAVERRSSNTGKLIF,TGTGCTGTGGAGCGCAGGTCTAGCAACACAGGCAAACTAATCTTT,421,2,clonotype2836,clonotype2836_consensus_3
GTCACGGGTAGGACAC-1,True,GTCACGGGTAGGACAC-1_contig_2,True,515,TRB,TRBV20-1,None,TRBJ1-1,TRBC1,True,True,CSASLQITEAFF,TGCAGTGCTAGCTTACAAATTACTGAAGCTTTCTTT,10459,9,clonotype2836,clonotype2836_consensus_1
GTCACGGGTAGGACAC-1,True,GTCACGGGTAGGACAC-1_contig_3,True,496,TRA,TRAV13-2,None,TRAJ53,TRAC,True,True,CAENSGGSNYKLTF,TGTGCAGAGAATAGTGGAGGTAGCAACTATAAACTGACATTT,408,1,clonotype2836,clonotype2836_consensus_2
GTCACGGGTAGGACAC-1,True,GTCACGGGTAGGACAC-1_contig_4,True,522,TRA,TRAV27,None,TRAJ45,TRAC,True,False,None,None,371,1,clonotype2836,None
GTCACGGGTGCCTGGT-1,True,GTCACGGGTGCCTGGT-1_contig_1,True,505,TRA,TRAV1-2,None,TRAJ33,TRAC,True,True,CAATDSNYQLIW,TGTGCTGCGACTGATAGCAACTATCAGTTAATCTGG,158,2,clonotype1,clonotype1_consensus_2
GTCACGGGTGCCTGGT-1,True,GTCACGGGTGCCTGGT-1_contig_2,True,521,TRB,TRBV20-1,None,TRBJ2-1,TRBC2,True,True,CSARVGSEVNEQFF,TGCAGTGCTAGAGTGGGGTCGGAAGTCAATGAGCAGTTCTTC,2059,8,clonotype1,clonotype1_consensus_1
GTCACGGGTGCCTGGT-1,True,GTCACGGGTGCCTGGT-1_contig_3,True,482,TRA,TRAV10,None,TRAJ24,TRAC,True,False,None,None,259,4,clonotype1,None
GTCACGGGTGTTGAGG-1,True,GTCACGGGTGTTGAGG-1_contig_1,True,485,TRB,TRBV20-1,None,TRBJ2-1,TRBC2,True,True,CSARVGSEVNEQFF,TGCAGTGCTAGAGTGGGGTCGGAAGTCAATGAGCAGTTCTTC,154,4,clonotype2,clonotype2_consensus_1
GTCACGGGTTCAGACT-1,True,GTCACGGGTTCAGACT-1_contig_1,True,505,TRA,TRAV1-2,None,TRAJ33,TRAC,True,True,CAATDSNYQLIW,TGTGCTGCGACTGATAGCAACTATCAGTTAATCTGG,1438,4,clonotype1,clonotype1_consensus_2
GTCACGGGTTCAGACT-1,True,GTCACGGGTTCAGACT-1_contig_2,True,521,TRB,TRBV20-1,None,TRBJ2-1,TRBC2,True,True,CSARVGSEVNEQFF,TGCAGTGCTAGAGTGGGGTCGGAAGTCAATGAGCAGTTCTTC,583,5,clonotype1,clonotype1_consensus_1
GTCACGGGTTGAGGTG-1,True,GTCACGGGTTGAGGTG-1_contig_1,True,481,TRB,TRBV5-6,None,TRBJ2-7,TRBC2,True,True,CASSLAKEQYF,TGTGCCAGCAGCTTGGCAAAGGAGCAGTACTTC,518,3,clonotype16,clonotype16_consensus_1
GTCACGGGTTGAGGTG-1,True,GTCACGGGTTGAGGTG-1_contig_2,True,341,TRA,TRAV22,None,TRAJ35,TRAC,True,False,CAVDPTLGFGNVLHC,TGTGCTGTGGACCCGACTTTAGGCTTTGGGAATGTGCTGCATTGC,279,2,clonotype16,None
GTCACGGGTTGCCTCT-1,True,GTCACGGGTTGCCTCT-1_contig_1,True,502,TRB,TRBV20-1,None,TRBJ2-1,TRBC2,True,True,CSARVGSEVNEQFF,TGCAGTGCTAGAGTGGGGTCGGAAGTCAATGAGCAGTTCTTC,130,2,clonotype2,clonotype2_consensus_1
GTCACGGGTTGCCTCT-1,True,GTCACGGGTTGCCTCT-1_contig_2,True,468,TRA,TRAV10,None,TRAJ24,TRAC,True,False,None,None,369,3,clonotype2,None
GTCACGGTCACCCGAG-1,True,GTCACGGTCACCCGAG-1_contig_1,True,498,TRB,TRBV20-1,None,TRBJ2-1,TRBC2,True,True,CSARVGSEVNEQFF,TGCAGTGCTAGAGTGGGGTCGGAAGTCAATGAGCAGTTCTTC,1508,6,clonotype2,clonotype2_consensus_1
GTCACGGTCACCCGAG-1,True,GTCACGGTCACCCGAG-1_contig_2,True,493,TRA,TRAV10,None,TRAJ24,TRAC,True,False,None,None,291,1,clonotype2,None
GTCACGGTCAGGCGAA-1,True,GTCACGGTCAGGCGAA-1_contig_1,True,505,TRA,TRAV1-2,None,TRAJ33,TRAC,True,True,CAATDSNYQLIW,TGTGCTGCGACTGATAGCAACTATCAGTTAATCTGG,554,5,clonotype1,clonotype1_consensus_2
GTCACGGTCAGGCGAA-1,True,GTCACGGTCAGGCGAA-1_contig_2,True,521,TRB,TRBV20-1,None,TRBJ2-1,TRBC2,True,True,CSARVGSEVNEQFF,TGCAGTGCTAGAGTGGGGTCGGAAGTCAATGAGCAGTTCTTC,1306,12,clonotype1,clonotype1_consensus_1
GTCACGGTCCAAACAC-1,True,GTCACGGTCCAAACAC-1_contig_1,True,496,TRB,TRBV20-1,None,TRBJ2-1,TRBC2,True,True,CSAMVAGGRNEQFF,TGCAGTGCTATGGTAGCGGGGGGGCGGAATGAGCAGTTCTTC,746,10,clonotype2837,clonotype2837_consensus_1
GTCACGGTCCAAACAC-1,True,GTCACGGTCCAAACAC-1_contig_2,True,604,TRA,TRAV5,None,TRAJ27,None,True,False,CAESLNNNARLMF,TGTGCAGAGAGTCTGAATAACAATGCCAGACTCATGTTT,239,2,clonotype2837,None
GTCACGGTCCTAGTGA-1,True,GTCACGGTCCTAGTGA-1_contig_1,True,473,TRB,TRBV20-1,None,TRBJ2-1,TRBC2,True,True,CSARVGSEVNEQFF,TGCAGTGCTAGAGTGGGGTCGGAAGTCAATGAGCAGTTCTTC,2622,6,clonotype2,clonotype2_consensus_1
GTCACGGTCCTAGTGA-1,True,GTCACGGTCCTAGTGA-1_contig_2,True,482,TRA,TRAV10,None,TRAJ24,TRAC,True,False,None,None,413,1,clonotype2,None
GTCACGGTCGTAGGTT-1,True,GTCACGGTCGTAGGTT-1_contig_1,True,505,TRA,TRAV1-2,None,TRAJ33,TRAC,True,True,CAATDSNYQLIW,TGTGCTGCGACTGATAGCAACTATCAGTTAATCTGG,77,2,clonotype1,clonotype1_consensus_2
GTCACGGTCGTAGGTT-1,True,GTCACGGTCGTAGGTT-1_contig_2,True,521,TRB,TRBV20-1,None,TRBJ2-1,TRBC2,True,True,CSARVGSEVNEQFF,TGCAGTGCTAGAGTGGGGTCGGAAGTCAATGAGCAGTTCTTC,1664,9,clonotype1,clonotype1_consensus_1
GTCACGGTCGTAGGTT-1,True,GTCACGGTCGTAGGTT-1_contig_3,True,470,TRA,TRAV10,None,TRAJ24,TRAC,True,False,None,None,351,2,clonotype1,None
GTCACGGTCTGTCTAT-1,True,GTCACGGTCTGTCTAT-1_contig_1,True,505,TRA,TRAV1-2,None,TRAJ33,TRAC,True,True,CAATDSNYQLIW,TGTGCTGCGACTGATAGCAACTATCAGTTAATCTGG,257,1,clonotype1,clonotype1_consensus_2
GTCACGGTCTGTCTAT-1,True,GTCACGGTCTGTCTAT-1_contig_2,True,521,TRB,TRBV20-1,None,TRBJ2-1,TRBC2,True,True,CSARVGSEVNEQFF,TGCAGTGCTAGAGTGGGGTCGGAAGTCAATGAGCAGTTCTTC,1252,8,clonotype1,clonotype1_consensus_1
GTCACGGTCTGTCTAT-1,True,GTCACGGTCTGTCTAT-1_contig_3,True,467,TRA,TRAV10,None,TRAJ24,TRAC,True,False,None,None,349,2,clonotype1,None
GTCACGGTCTTCGGTC-1,True,GTCACGGTCTTCGGTC-1_contig_1,True,524,TRB,TRBV20-1,None,TRBJ1-6,TRBC1,True,True,CSARGQGFRNSPLHF,TGCAGTGCTAGAGGACAGGGTTTTCGTAATTCACCCCTCCACTTT,1088,7,clonotype2838,clonotype2838_consensus_1
GTCACGGTCTTCGGTC-1,True,GTCACGGTCTTCGGTC-1_contig_2,True,428,TRA,TRAV13-1,None,TRAJ17,TRAC,True,False,CAATGAAGNKLTF,TGTGCAGCCACTGGGGCTGCAGGCAACAAGCTAACTTTT,36,3,clonotype2838,None
GTCATTTAGCCATCGC-1,True,GTCATTTAGCCATCGC-1_contig_1,True,496,TRA,TRAV1-1,None,TRAJ3,TRAC,True,True,CAVRIGVSSASKIIF,TGCGCTGTGAGAATCGGGGTCAGCAGTGCTTCCAAGATAATCTTT,1574,8,clonotype2839,clonotype2839_consensus_1
GTCATTTAGCCATCGC-1,True,GTCATTTAGCCATCGC-1_contig_2,True,512,TRB,TRBV20-1,None,TRBJ2-7,TRBC2,True,True,CSARDAYEQYF,TGCAGTGCTAGAGATGCGTACGAGCAGTACTTC,3096,13,clonotype2839,clonotype2839_consensus_2
GTCATTTAGTTAGGTA-1,True,GTCATTTAGTTAGGTA-1_contig_1,True,553,TRA,TRAV5,None,TRAJ37,TRAC,True,True,CALGAGGTGKLIF,TGTGCCCTTGGGGCAGGAGGGACAGGCAAACTAATCTTT,1055,2,clonotype2840,clonotype2840_consensus_2
GTCATTTAGTTAGGTA-1,True,GTCATTTAGTTAGGTA-1_contig_2,True,505,TRB,TRBV20-1,None,TRBJ2-7,TRBC2,True,True,CSARMGQGKGEQYF,TGCAGTGCCCGAATGGGACAGGGAAAGGGCGAGCAGTACTTC,5029,11,clonotype2840,clonotype2840_consensus_1
GTCATTTCACAGGAGT-1,True,GTCATTTCACAGGAGT-1_contig_1,True,502,TRA,TRAV1-2,None,TRAJ30,TRAC,True,True,CAVRDLREIIF,TGTGCTGTGAGAGATCTTCGGGAGATCATCTTT,2714,4,clonotype3,clonotype3_consensus_2
GTCATTTCACAGGAGT-1,True,GTCATTTCACAGGAGT-1_contig_2,True,679,TRB,TRBV5-5,None,TRBJ1-4,TRBC1,True,True,CASSHPGPNYATNEKLFF,TGTGCCAGCAGCCATCCCGGACCGAACTACGCAACTAATGAAAAACTGTTTTTT,986,6,clonotype3,clonotype3_consensus_1
GTCATTTCACATCCGG-1,True,GTCATTTCACATCCGG-1_contig_1,True,498,TRB,TRBV20-1,None,TRBJ2-1,TRBC2,True,True,CSARVGSEVNEQFF,TGCAGTGCTAGAGTGGGGTCGGAAGTCAATGAGCAGTTCTTC,1087,4,clonotype2,clonotype2_consensus_1
GTCATTTCACATCCGG-1,True,GTCATTTCACATCCGG-1_contig_2,True,465,TRA,TRAV10,None,TRAJ24,TRAC,True,False,None,None,273,1,clonotype2,None
GTCATTTCACATTCGA-1,True,GTCATTTCACATTCGA-1_contig_1,True,505,TRA,TRAV1-2,None,TRAJ33,TRAC,True,True,CAATDSNYQLIW,TGTGCTGCGACTGATAGCAACTATCAGTTAATCTGG,402,2,clonotype1,clonotype1_consensus_2
GTCATTTCACATTCGA-1,True,GTCATTTCACATTCGA-1_contig_2,True,521,TRB,TRBV20-1,None,TRBJ2-1,TRBC2,True,True,CSARVGSEVNEQFF,TGCAGTGCTAGAGTGGGGTCGGAAGTCAATGAGCAGTTCTTC,1797,11,clonotype1,clonotype1_consensus_1
GTCATTTCACATTCGA-1,True,GTCATTTCACATTCGA-1_contig_3,True,482,TRA,TRAV10,None,TRAJ24,TRAC,True,False,None,None,162,6,clonotype1,None
GTCATTTCAGCTATTG-1,True,GTCATTTCAGCTATTG-1_contig_1,True,557,TRA,TRAV12-1,None,TRAJ13,TRAC,True,True,CVVNVDGGYQKVTF,TGTGTGGTGAACGTGGATGGGGGTTACCAGAAAGTTACCTTT,8164,14,clonotype2841,clonotype2841_consensus_4
GTCATTTCAGCTATTG-1,True,GTCATTTCAGCTATTG-1_contig_2,True,515,TRB,TRBV20-1,None,TRBJ2-5,TRBC2,True,True,CSARDRLETQYF,TGCAGTGCTAGAGATCGGTTAGAGACCCAGTACTTC,3706,6,clonotype2841,clonotype2841_consensus_3
GTCATTTCAGCTATTG-1,True,GTCATTTCAGCTATTG-1_contig_3,True,610,TRA,TRAV8-6,None,TRAJ10,TRAC,True,True,CAVSYTGGGNKLTF,TGTGCTGTGAGTTACACGGGAGGAGGAAACAAACTCACCTTT,1224,3,clonotype2841,clonotype2841_consensus_1
GTCATTTCAGCTATTG-1,True,GTCATTTCAGCTATTG-1_contig_4,True,521,TRB,TRBV20-1,None,TRBJ1-5,TRBC1,True,True,CSASPTEVRQPQHF,TGCAGTGCCAGCCCGACGGAGGTTAGACAGCCCCAGCATTTT,3032,5,clonotype2841,clonotype2841_consensus_2
GTCATTTCAGCTATTG-1,True,GTCATTTCAGCTATTG-1_contig_5,True,313,TRB,None,None,TRBJ1-4,TRBC1,False,False,None,None,215,2,clonotype2841,None
GTCATTTCAGTGAGTG-1,True,GTCATTTCAGTGAGTG-1_contig_1,True,518,TRB,TRBV20-1,None,TRBJ1-1,TRBC1,True,True,CSAERTGPTEAFF,TGCAGTGCTGAGAGGACAGGGCCCACTGAAGCTTTCTTT,994,7,clonotype2842,clonotype2842_consensus_1
GTCATTTCAGTGAGTG-1,True,GTCATTTCAGTGAGTG-1_contig_2,True,520,TRA,TRAV29/DV5,None,TRAJ28,TRAC,True,True,CAASDGSGAGSYQLTF,TGTGCAGCAAGCGACGGATCTGGGGCTGGGAGTTACCAACTCACTTTC,621,4,clonotype2842,clonotype2842_consensus_2
GTCATTTCAGTGAGTG-1,True,GTCATTTCAGTGAGTG-1_contig_3,True,577,TRA,TRAV8-1,None,TRAJ45,TRAC,True,True,CAVMDSGGGADGLTF,TGTGCCGTGATGGATTCAGGAGGAGGTGCTGACGGACTCACCTTT,267,4,clonotype2842,clonotype2842_consensus_3
GTCATTTCATCGTCGG-1,True,GTCATTTCATCGTCGG-1_contig_1,True,521,TRB,TRBV20-1,None,TRBJ2-1,TRBC2,True,True,CSARVGSEVNEQFF,TGCAGTGCTAGAGTGGGGTCGGAAGTCAATGAGCAGTTCTTC,711,4,clonotype2,clonotype2_consensus_1
GTCATTTCATCGTCGG-1,True,GTCATTTCATCGTCGG-1_contig_2,True,482,TRA,TRAV10,None,TRAJ24,TRAC,True,False,None,None,324,4,clonotype2,None
GTCATTTCATGCATGT-1,True,GTCATTTCATGCATGT-1_contig_1,True,498,TRB,TRBV20-1,None,TRBJ2-1,TRBC2,True,True,CSARVGSEVNEQFF,TGCAGTGCTAGAGTGGGGTCGGAAGTCAATGAGCAGTTCTTC,1484,4,clonotype2,clonotype2_consensus_1
GTCATTTCATGCATGT-1,True,GTCATTTCATGCATGT-1_contig_2,True,462,TRA,TRAV10,None,TRAJ24,TRAC,True,False,None,None,198,3,clonotype2,None
GTCATTTGTAAGTTCC-1,True,GTCATTTGTAAGTTCC-1_contig_1,True,521,TRB,TRBV20-1,None,TRBJ2-1,TRBC2,True,True,CSARVGSEVNEQFF,TGCAGTGCTAGAGTGGGGTCGGAAGTCAATGAGCAGTTCTTC,1364,7,clonotype2,clonotype2_consensus_1
GTCATTTGTAAGTTCC-1,True,GTCATTTGTAAGTTCC-1_contig_2,True,482,TRA,TRAV10,None,TRAJ24,TRAC,True,False,None,None,981,5,clonotype2,None
GTCATTTGTACAGTGG-1,True,GTCATTTGTACAGTGG-1_contig_1,True,505,TRA,TRAV1-2,None,TRAJ33,TRAC,True,True,CAATDSNYQLIW,TGTGCTGCGACTGATAGCAACTATCAGTTAATCTGG,96,3,clonotype1,clonotype1_consensus_2
GTCATTTGTACAGTGG-1,True,GTCATTTGTACAGTGG-1_contig_2,True,521,TRB,TRBV20-1,None,TRBJ2-1,TRBC2,True,True,CSARVGSEVNEQFF,TGCAGTGCTAGAGTGGGGTCGGAAGTCAATGAGCAGTTCTTC,748,7,clonotype1,clonotype1_consensus_1
GTCATTTGTCCTCTTG-1,True,GTCATTTGTCCTCTTG-1_contig_1,True,503,TRA,TRAV39,None,TRAJ49,TRAC,True,True,CAATSTQFYF,TGTGCCGCCACCAGCACCCAGTTCTATTTT,408,2,clonotype2843,clonotype2843_consensus_2
GTCATTTGTCCTCTTG-1,True,GTCATTTGTCCTCTTG-1_contig_2,True,493,TRB,TRBV5-6,None,TRBJ1-5,TRBC1,True,True,CASSLFGTGNQPQHF,TGTGCCAGCAGCTTGTTTGGGACAGGCAATCAGCCCCAGCATTTT,2819,9,clonotype2843,clonotype2843_consensus_1
GTCATTTGTCTAGCCG-1,True,GTCATTTGTCTAGCCG-1_contig_1,True,527,TRB,TRBV20-1,None,TRBJ2-2,TRBC2,True,True,CSARPASGGFTGELFF,TGCAGTGCTAGACCGGCAAGCGGGGGGTTCACCGGGGAGCTGTTTTTT,2309,10,clonotype148,clonotype148_consensus_2
GTCATTTGTCTAGCCG-1,True,GTCATTTGTCTAGCCG-1_contig_2,True,637,TRA,TRAV8-3,None,TRAJ48,TRAC,True,True,CAVGGGNEKLTF,TGTGCTGTGGGTGGAGGAAATGAGAAATTAACCTTT,474,2,clonotype148,clonotype148_consensus_1
GTCATTTGTGCTGTAT-1,True,GTCATTTGTGCTGTAT-1_contig_1,True,515,TRB,TRBV20-1,None,TRBJ1-2,TRBC1,True,True,CSAREGRYGYTF,TGCAGTGCTAGAGAAGGGCGGTATGGCTACACCTTC,1220,6,clonotype2844,clonotype2844_consensus_1
GTCATTTGTGCTGTAT-1,True,GTCATTTGTGCTGTAT-1_contig_2,True,516,TRB,None,None,TRBJ2-5,TRBC2,False,False,None,None,918,4,clonotype2844,None
GTCATTTGTGCTGTAT-1,True,GTCATTTGTGCTGTAT-1_contig_3,True,312,TRB,None,None,TRBJ1-1,TRBC1,False,False,None,None,510,5,clonotype2844,None
GTCATTTGTGGTCTCG-1,True,GTCATTTGTGGTCTCG-1_contig_1,True,527,TRB,TRBV20-1,None,TRBJ2-1,TRBC2,True,True,CSAPSPNLRIYNEQFF,TGCAGTGCTCCGAGCCCAAACCTAAGAATCTACAATGAGCAGTTCTTC,3173,9,clonotype2845,clonotype2845_consensus_1
GTCATTTGTGGTCTCG-1,True,GTCATTTGTGGTCTCG-1_contig_2,True,571,TRA,TRAV19,None,TRAJ58,TRAC,True,True,CALSGRVETSGSRLTF,TGTGCTCTGAGTGGACGGGTGGAAACCAGTGGCTCTAGGTTGACCTTT,2434,2,clonotype2845,clonotype2845_consensus_2
GTCATTTGTGGTCTCG-1,True,GTCATTTGTGGTCTCG-1_contig_3,True,450,TRA,None,None,TRAJ39,TRAC,False,False,None,None,1826,2,clonotype2845,None
GTCATTTGTGTGAATA-1,True,GTCATTTGTGTGAATA-1_contig_1,True,505,TRA,TRAV1-2,None,TRAJ33,TRAC,True,True,CAATDSNYQLIW,TGTGCTGCGACTGATAGCAACTATCAGTTAATCTGG,1708,4,clonotype1,clonotype1_consensus_2
GTCATTTGTGTGAATA-1,True,GTCATTTGTGTGAATA-1_contig_2,True,498,TRB,TRBV20-1,None,TRBJ2-1,TRBC2,True,True,CSARVGSEVNEQFF,TGCAGTGCTAGAGTGGGGTCGGAAGTCAATGAGCAGTTCTTC,1231,6,clonotype1,clonotype1_consensus_1
GTCATTTGTGTGAATA-1,True,GTCATTTGTGTGAATA-1_contig_3,True,469,TRA,TRAV10,None,TRAJ24,TRAC,True,False,None,None,200,3,clonotype1,None
GTCATTTGTTGCCTCT-1,True,GTCATTTGTTGCCTCT-1_contig_1,True,490,TRB,TRBV5-6,None,TRBJ1-1,TRBC1,True,True,CASSFGTGNTEAFF,TGTGCCAGCAGCTTTGGGACAGGGAACACTGAAGCTTTCTTT,605,5,clonotype100,clonotype100_consensus_1
GTCATTTGTTGTCGCG-1,True,GTCATTTGTTGTCGCG-1_contig_1,True,500,TRA,TRAV17,None,TRAJ41,TRAC,True,True,CATAFSNSGYALNF,TGTGCTACGGCTTTCTCAAATTCCGGGTATGCACTCAACTTC,640,4,clonotype2846,clonotype2846_consensus_2
GTCATTTGTTGTCGCG-1,True,GTCATTTGTTGTCGCG-1_contig_2,True,521,TRB,TRBV20-1,None,TRBJ1-2,TRBC1,True,True,CSAPQEGRPYGYTF,TGCAGTGCTCCCCAAGAGGGACGGCCTTATGGCTACACCTTC,5171,8,clonotype2846,clonotype2846_consensus_1
GTCATTTGTTGTCGCG-1,True,GTCATTTGTTGTCGCG-1_contig_3,True,390,TRB,None,None,TRBJ2-4,TRBC2,False,False,None,None,528,1,clonotype2846,None
GTCATTTGTTGTCGCG-1,True,GTCATTTGTTGTCGCG-1_contig_4,True,478,TRB,None,None,TRBJ1-5,TRBC1,False,False,None,None,656,3,clonotype2846,None
GTCATTTGTTGTCGCG-1,True,GTCATTTGTTGTCGCG-1_contig_5,True,314,TRB,None,None,TRBJ2-3,TRBC2,False,False,None,None,86,1,clonotype2846,None
GTCATTTTCAACCAAC-1,True,GTCATTTTCAACCAAC-1_contig_1,True,545,TRA,TRAV26-1,None,TRAJ42,TRAC,True,True,CIVRVRGSQGNLIF,TGCATCGTCAGAGTCAGGGGAAGCCAAGGAAATCTCATCTTT,458,5,clonotype2847,clonotype2847_consensus_2
GTCATTTTCAACCAAC-1,True,GTCATTTTCAACCAAC-1_contig_2,True,524,TRB,TRBV20-1,None,TRBJ2-5,TRBC2,True,True,CSALGGRGGQETQYF,TGCAGTGCCCTTGGGGGGCGGGGGGGCCAAGAGACCCAGTACTTC,2597,15,clonotype2847,clonotype2847_consensus_1
GTCATTTTCAACCAAC-1,True,GTCATTTTCAACCAAC-1_contig_3,True,652,TRA,TRAV8-2,None,TRAJ32,TRAC,True,False,None,None,373,5,clonotype2847,None
GTCATTTTCGTGGTCG-1,True,GTCATTTTCGTGGTCG-1_contig_1,True,505,TRA,TRAV1-2,None,TRAJ33,TRAC,True,True,CAATDSNYQLIW,TGTGCTGCGACTGATAGCAACTATCAGTTAATCTGG,99,2,clonotype1,clonotype1_consensus_2
GTCATTTTCGTGGTCG-1,True,GTCATTTTCGTGGTCG-1_contig_2,True,521,TRB,TRBV20-1,None,TRBJ2-1,TRBC2,True,True,CSARVGSEVNEQFF,TGCAGTGCTAGAGTGGGGTCGGAAGTCAATGAGCAGTTCTTC,1239,6,clonotype1,clonotype1_consensus_1
GTCATTTTCGTGGTCG-1,True,GTCATTTTCGTGGTCG-1_contig_3,True,437,TRA,TRAV10,None,TRAJ24,TRAC,True,False,None,None,129,2,clonotype1,None
GTCATTTTCTGTTTGT-1,True,GTCATTTTCTGTTTGT-1_contig_1,True,504,TRB,TRBV20-1,None,TRBJ2-3,TRBC2,True,True,CSARGLAEYSTDTQYF,TGCAGTGCTAGGGGACTAGCGGAGTATAGCACAGATACGCAGTATTTT,3917,9,clonotype2848,clonotype2848_consensus_1
GTCATTTTCTGTTTGT-1,True,GTCATTTTCTGTTTGT-1_contig_2,True,552,TRA,TRAV16,None,TRAJ22,TRAC,True,True,CALLSGSARQLTF,TGTGCTCTCCTTTCTGGTTCTGCAAGGCAACTGACCTTT,3193,3,clonotype2848,clonotype2848_consensus_2
GTCATTTTCTGTTTGT-1,True,GTCATTTTCTGTTTGT-1_contig_3,True,535,TRA,TRAV19,None,TRAJ20,TRAC,True,False,None,None,4031,3,clonotype2848,None
GTCCTCAAGATATGGT-1,True,GTCCTCAAGATATGGT-1_contig_1,True,524,TRB,TRBV20-1,None,TRBJ2-2,TRBC2,True,True,CSAKLAGANTGELFF,TGCAGTGCTAAACTAGCGGGGGCGAACACCGGGGAGCTGTTTTTT,2951,11,clonotype2849,clonotype2849_consensus_2
GTCCTCAAGATATGGT-1,True,GTCCTCAAGATATGGT-1_contig_2,True,498,TRA,TRAV12-3,None,TRAJ10,TRAC,True,True,CAGFTGGGNKLTF,TGTGCAGGGTTCACGGGAGGAGGAAACAAACTCACCTTT,635,5,clonotype2849,clonotype2849_consensus_1
GTCCTCAAGTCGATAA-1,True,GTCCTCAAGTCGATAA-1_contig_1,True,505,TRA,TRAV1-2,None,TRAJ33,TRAC,True,True,CAATDSNYQLIW,TGTGCTGCGACTGATAGCAACTATCAGTTAATCTGG,227,3,clonotype1,clonotype1_consensus_2
GTCCTCAAGTCGATAA-1,True,GTCCTCAAGTCGATAA-1_contig_2,True,485,TRB,TRBV20-1,None,TRBJ2-1,TRBC2,True,True,CSARVGSEVNEQFF,TGCAGTGCTAGAGTGGGGTCGGAAGTCAATGAGCAGTTCTTC,1817,12,clonotype1,clonotype1_consensus_1
GTCCTCAAGTCGATAA-1,True,GTCCTCAAGTCGATAA-1_contig_3,True,458,TRA,TRAV10,None,TRAJ24,TRAC,True,False,None,None,526,1,clonotype1,None
GTCCTCAAGTTACGGG-1,True,GTCCTCAAGTTACGGG-1_contig_1,True,505,TRA,TRAV1-2,None,TRAJ33,TRAC,True,True,CAATDSNYQLIW,TGTGCTGCGACTGATAGCAACTATCAGTTAATCTGG,152,3,clonotype1,clonotype1_consensus_2
GTCCTCAAGTTACGGG-1,True,GTCCTCAAGTTACGGG-1_contig_2,True,498,TRB,TRBV20-1,None,TRBJ2-1,TRBC2,True,True,CSARVGSEVNEQFF,TGCAGTGCTAGAGTGGGGTCGGAAGTCAATGAGCAGTTCTTC,1319,9,clonotype1,clonotype1_consensus_1
GTCCTCACAAGAGGCT-1,True,GTCCTCACAAGAGGCT-1_contig_1,True,494,TRA,TRAV38-2/DV8,None,TRAJ39,TRAC,True,True,CAYSFSNAGNMLTF,TGTGCTTATAGCTTTTCGAATGCAGGCAACATGCTCACCTTT,7478,6,clonotype2850,clonotype2850_consensus_1
GTCCTCACAAGAGGCT-1,True,GTCCTCACAAGAGGCT-1_contig_2,True,527,TRB,TRBV20-1,None,TRBJ2-3,TRBC2,True,True,CSARDPRTGGTDTQYF,TGCAGTGCTAGAGACCCCCGGACAGGGGGCACAGATACGCAGTATTTT,2245,11,clonotype2850,clonotype2850_consensus_2
GTCCTCACACAGAGGT-1,True,GTCCTCACACAGAGGT-1_contig_1,True,703,TRB,TRBV5-6,None,TRBJ1-2,TRBC1,True,True,CASSLTGTYGYTF,TGTGCCAGCAGCTTGACAGGGACCTATGGCTACACCTTC,2457,7,clonotype2851,clonotype2851_consensus_1
GTCCTCACACAGAGGT-1,True,GTCCTCACACAGAGGT-1_contig_2,True,334,TRB,None,None,TRBJ2-7,TRBC2,False,False,None,None,281,3,clonotype2851,None
GTCCTCACAGCTGGCT-1,True,GTCCTCACAGCTGGCT-1_contig_1,True,505,TRA,TRAV1-2,None,TRAJ33,TRAC,True,True,CAATDSNYQLIW,TGTGCTGCGACTGATAGCAACTATCAGTTAATCTGG,282,4,clonotype1,clonotype1_consensus_2
GTCCTCACAGCTGGCT-1,True,GTCCTCACAGCTGGCT-1_contig_2,True,508,TRB,TRBV20-1,None,TRBJ2-1,TRBC2,True,True,CSARVGSEVNEQFF,TGCAGTGCTAGAGTGGGGTCGGAAGTCAATGAGCAGTTCTTC,2976,10,clonotype1,clonotype1_consensus_1
GTCCTCACATAAAGGT-1,True,GTCCTCACATAAAGGT-1_contig_1,True,527,TRB,TRBV20-1,None,TRBJ2-7,TRBC2,True,True,CSARGVSGKRSYEQYF,TGCAGTGCTAGAGGGGTAAGCGGGAAACGCTCCTACGAGCAGTACTTC,2435,8,clonotype2852,clonotype2852_consensus_2
GTCCTCACATAAAGGT-1,True,GTCCTCACATAAAGGT-1_contig_2,True,508,TRA,TRAV23/DV6,None,TRAJ5,TRAC,True,True,CAASTAGRRALTF,TGTGCAGCAAGCACGGCGGGCAGGAGAGCACTTACTTTT,906,4,clonotype2852,clonotype2852_consensus_1
GTCCTCACATGACGGA-1,True,GTCCTCACATGACGGA-1_contig_1,True,505,TRA,TRAV1-2,None,TRAJ33,TRAC,True,True,CAATDSNYQLIW,TGTGCTGCGACTGATAGCAACTATCAGTTAATCTGG,807,3,clonotype1,clonotype1_consensus_2
GTCCTCACATGACGGA-1,True,GTCCTCACATGACGGA-1_contig_2,True,460,TRB,TRBV20-1,None,TRBJ2-1,TRBC2,True,True,CSARVGSEVNEQFF,TGCAGTGCTAGAGTGGGGTCGGAAGTCAATGAGCAGTTCTTC,1207,6,clonotype1,clonotype1_consensus_1
GTCCTCACATGACGGA-1,True,GTCCTCACATGACGGA-1_contig_3,True,461,TRA,TRAV10,None,TRAJ24,TRAC,True,False,None,None,235,1,clonotype1,None
GTCCTCACATGCCCGA-1,True,GTCCTCACATGCCCGA-1_contig_1,True,530,TRB,TRBV20-1,None,TRBJ1-1,TRBC1,True,True,CSASTGTGYFRYTEAFF,TGCAGTGCGAGCACCGGGACAGGGTATTTTCGGTACACTGAAGCTTTCTTT,1599,9,clonotype38,clonotype38_consensus_1
GTCCTCACATGCCCGA-1,True,GTCCTCACATGCCCGA-1_contig_2,True,478,TRA,TRAV35,None,TRAJ47,TRAC,True,True,CAGVEYGNKLVF,TGTGCTGGGGTGGAATATGGAAACAAACTGGTCTTT,892,3,clonotype38,clonotype38_consensus_2
GTCCTCAGTAATAGCA-1,True,GTCCTCAGTAATAGCA-1_contig_1,True,524,TRB,TRBV20-1,None,TRBJ2-1,TRBC2,True,True,CSARAPDRVENEQFF,TGCAGTGCTAGAGCCCCCGACAGGGTTGAGAATGAGCAGTTCTTC,1282,3,clonotype2853,clonotype2853_consensus_1
GTCCTCAGTCGATTGT-1,True,GTCCTCAGTCGATTGT-1_contig_1,True,505,TRA,TRAV1-2,None,TRAJ33,TRAC,True,True,CAATDSNYQLIW,TGTGCTGCGACTGATAGCAACTATCAGTTAATCTGG,992,4,clonotype1,clonotype1_consensus_2
GTCCTCAGTCGATTGT-1,True,GTCCTCAGTCGATTGT-1_contig_2,True,521,TRB,TRBV20-1,None,TRBJ2-1,TRBC2,True,True,CSARVGSEVNEQFF,TGCAGTGCTAGAGTGGGGTCGGAAGTCAATGAGCAGTTCTTC,3350,9,clonotype1,clonotype1_consensus_1
GTCCTCAGTCTGGTCG-1,True,GTCCTCAGTCTGGTCG-1_contig_1,True,497,TRB,TRBV5-5,None,TRBJ1-5,TRBC1,True,True,CASSLLENQPQHF,TGTGCCAGCAGCTTGCTGGAGAATCAGCCCCAGCATTTT,1609,6,clonotype302,clonotype302_consensus_2
GTCCTCAGTCTGGTCG-1,True,GTCCTCAGTCTGGTCG-1_contig_2,True,472,TRA,TRAV9-2,None,TRAJ48,TRAC,True,True,CALSMGGNEKLTF,TGTGCTCTGAGTATGGGGGGAAATGAGAAATTAACCTTT,323,2,clonotype302,clonotype302_consensus_3
GTCCTCAGTCTGGTCG-1,True,GTCCTCAGTCTGGTCG-1_contig_3,True,523,TRB,TRBV2,None,TRBJ1-5,TRBC1,True,True,CASNKLGYQPQHF,TGTGCCAGCAACAAACTGGGGTATCAGCCCCAGCATTTT,2102,9,clonotype302,clonotype302_consensus_1
GTCCTCAGTCTGGTCG-1,True,GTCCTCAGTCTGGTCG-1_contig_4,True,451,TRA,None,None,TRAJ26,TRAC,False,False,None,None,291,5,clonotype302,None
GTCCTCAGTGATGTGG-1,True,GTCCTCAGTGATGTGG-1_contig_1,True,521,TRB,TRBV20-1,None,TRBJ2-1,TRBC2,True,True,CSARVGSEVNEQFF,TGCAGTGCTAGAGTGGGGTCGGAAGTCAATGAGCAGTTCTTC,2871,6,clonotype2,clonotype2_consensus_1
GTCCTCAGTGATGTGG-1,True,GTCCTCAGTGATGTGG-1_contig_2,True,471,TRA,TRAV10,None,TRAJ24,TRAC,True,False,None,None,385,4,clonotype2,None
GTCCTCATCAAACGGG-1,True,GTCCTCATCAAACGGG-1_contig_1,True,527,TRB,TRBV20-1,None,TRBJ1-4,TRBC1,True,True,CSAGGGQGTTNEKLFF,TGCAGTGCTGGGGGGGGACAGGGTACGACTAATGAAAAACTGTTTTTT,2235,8,clonotype2854,clonotype2854_consensus_2
GTCCTCATCAAACGGG-1,True,GTCCTCATCAAACGGG-1_contig_2,True,504,TRA,TRAV6,None,TRAJ23,TRAC,True,True,CALGANQGGKLIF,TGTGCTCTAGGGGCTAACCAGGGAGGAAAGCTTATCTTC,189,2,clonotype2854,clonotype2854_consensus_1
GTCCTCATCAGCATGT-1,True,GTCCTCATCAGCATGT-1_contig_1,True,505,TRA,TRAV1-2,None,TRAJ33,TRAC,True,True,CAATDSNYQLIW,TGTGCTGCGACTGATAGCAACTATCAGTTAATCTGG,671,3,clonotype1,clonotype1_consensus_2
GTCCTCATCAGCATGT-1,True,GTCCTCATCAGCATGT-1_contig_2,True,521,TRB,TRBV20-1,None,TRBJ2-1,TRBC2,True,True,CSARVGSEVNEQFF,TGCAGTGCTAGAGTGGGGTCGGAAGTCAATGAGCAGTTCTTC,2224,11,clonotype1,clonotype1_consensus_1
GTCCTCATCAGCTGGC-1,True,GTCCTCATCAGCTGGC-1_contig_1,True,521,TRB,TRBV20-1,None,TRBJ2-1,TRBC2,True,True,CSARVGSEVNEQFF,TGCAGTGCTAGAGTGGGGTCGGAAGTCAATGAGCAGTTCTTC,2185,6,clonotype2,clonotype2_consensus_1
GTCCTCATCAGCTGGC-1,True,GTCCTCATCAGCTGGC-1_contig_2,True,482,TRA,TRAV10,None,TRAJ24,TRAC,True,False,None,None,134,3,clonotype2,None
GTCCTCATCCCTGACT-1,True,GTCCTCATCCCTGACT-1_contig_1,True,512,TRB,TRBV20-1,None,TRBJ1-4,TRBC1,True,True,CSAADRMDNEKLFF,TGCAGTGCAGCCGATCGGATGGATAATGAAAAACTGTTTTTT,1692,5,clonotype2855,clonotype2855_consensus_1
GTCCTCATCCCTGACT-1,True,GTCCTCATCCCTGACT-1_contig_2,True,511,TRA,TRAV13-2,None,TRAJ28,TRAC,True,True,CAENMNSGAGSYQLTF,TGTGCAGAGAATATGAACTCTGGGGCTGGGAGTTACCAACTCACTTTC,144,2,clonotype2855,clonotype2855_consensus_2
GTCCTCATCGGCATCG-1,True,GTCCTCATCGGCATCG-1_contig_1,True,515,TRB,TRBV20-1,None,TRBJ2-7,TRBC2,True,True,CSGTSGDLEQYF,TGCAGCGGGACTAGCGGGGACCTCGAGCAGTACTTC,3128,9,clonotype2856,clonotype2856_consensus_1
GTCCTCATCGGCATCG-1,True,GTCCTCATCGGCATCG-1_contig_2,True,464,TRA,TRAV12-2,None,TRAJ3,TRAC,True,True,CAPRDSSASKIIF,TGTGCCCCCCGGGACAGCAGTGCTTCCAAGATAATCTTT,693,11,clonotype2856,clonotype2856_consensus_2
GTCCTCATCGGTTAAC-1,True,GTCCTCATCGGTTAAC-1_contig_1,True,653,TRB,TRBV5-6,None,TRBJ1-1,TRBC1,True,True,CASSFLRAEAFF,TGTGCCAGCTCCTTCCTGAGGGCAGAAGCTTTCTTT,1957,8,clonotype2857,clonotype2857_consensus_2
GTCCTCATCGGTTAAC-1,True,GTCCTCATCGGTTAAC-1_contig_2,True,546,TRA,TRAV12-1,None,TRAJ36,TRAC,True,True,CVGETGANNLFF,TGTGTGGGGGAAACTGGGGCAAACAACCTCTTCTTT,1798,5,clonotype2857,clonotype2857_consensus_1
GTCCTCATCGTTTATC-1,True,GTCCTCATCGTTTATC-1_contig_1,True,521,TRB,TRBV20-1,None,TRBJ2-7,TRBC2,True,True,CSARVGGWGREQYF,TGCAGTGCTAGAGTCGGGGGTTGGGGACGCGAGCAGTACTTC,2448,14,clonotype2858,clonotype2858_consensus_1
GTCCTCATCTCGCATC-1,True,GTCCTCATCTCGCATC-1_contig_1,True,508,TRA,TRAV20,None,TRAJ24,TRAC,True,True,CAVMTTDSWGKFQF,TGTGCTGTTATGACAACTGACAGCTGGGGGAAATTCCAGTTT,78,4,clonotype7,clonotype7_consensus_2
GTCCTCATCTCGCATC-1,True,GTCCTCATCTCGCATC-1_contig_2,True,659,TRB,TRBV5-5,None,TRBJ2-7,TRBC2,True,True,CASSSLVEQGAYEQYF,TGTGCCAGCAGCTCGCTCGTAGAGCAGGGGGCCTACGAGCAGTACTTC,1126,5,clonotype7,clonotype7_consensus_1
GTCCTCATCTCGCATC-1,True,GTCCTCATCTCGCATC-1_contig_3,True,361,TRB,None,None,TRBJ2-1,TRBC2,False,False,None,None,856,2,clonotype7,None
GTCGGGTAGAATCTCC-1,True,GTCGGGTAGAATCTCC-1_contig_1,True,601,TRA,TRAV8-6,None,TRAJ12,TRAC,True,True,CAVTALDSSYKLIF,TGTGCTGTGACCGCGCTGGATAGCAGCTATAAATTGATCTTC,334,4,clonotype2859,clonotype2859_consensus_2
GTCGGGTAGAATCTCC-1,True,GTCGGGTAGAATCTCC-1_contig_2,True,498,TRB,TRBV20-1,None,TRBJ1-5,TRBC1,True,True,CSATTGAVSNQPQHF,TGCAGTGCTACAACAGGGGCTGTTAGCAATCAGCCCCAGCATTTT,266,5,clonotype2859,clonotype2859_consensus_3
GTCGGGTAGAATCTCC-1,True,GTCGGGTAGAATCTCC-1_contig_3,True,490,TRB,TRBV5-6,None,TRBJ1-2,TRBC1,True,True,CASSLGQGGVGYTF,TGTGCCAGCAGCTTGGGACAGGGGGGAGTTGGCTACACCTTC,300,5,clonotype2859,clonotype2859_consensus_1
GTCGGGTAGGATGGTC-1,True,GTCGGGTAGGATGGTC-1_contig_1,True,505,TRA,TRAV1-2,None,TRAJ33,TRAC,True,True,CAATDSNYQLIW,TGTGCTGCGACTGATAGCAACTATCAGTTAATCTGG,65,2,clonotype1,clonotype1_consensus_2
GTCGGGTAGGATGGTC-1,True,GTCGGGTAGGATGGTC-1_contig_2,True,485,TRB,TRBV20-1,None,TRBJ2-1,TRBC2,True,True,CSARVGSEVNEQFF,TGCAGTGCTAGAGTGGGGTCGGAAGTCAATGAGCAGTTCTTC,372,5,clonotype1,clonotype1_consensus_1
GTCGGGTAGGGCTTGA-1,True,GTCGGGTAGGGCTTGA-1_contig_1,True,495,TRB,TRBV20-1,None,TRBJ1-6,TRBC1,True,True,CSAREPGQKNSPLHF,TGCAGTGCTAGAGAACCGGGACAGAAGAATTCACCCCTCCACTTT,110,7,clonotype2860,clonotype2860_consensus_1
GTCGGGTAGGGCTTGA-1,True,GTCGGGTAGGGCTTGA-1_contig_2,True,572,TRA,TRAV9-2,None,TRAJ28,TRAC,True,False,CSAGAGSYQLTF,TGCTCTGCTGGGGCTGGGAGTTACCAACTCACTTTC,56,2,clonotype2860,None
GTCGGGTCAACGATCT-1,True,GTCGGGTCAACGATCT-1_contig_1,True,518,TRB,TRBV20-1,None,TRBJ1-2,TRBC1,True,True,CSADGTGSYGYTF,TGCAGTGCTGACGGCACGGGGTCTTATGGCTACACCTTC,2233,8,clonotype2861,clonotype2861_consensus_2
GTCGGGTCAACGATCT-1,True,GTCGGGTCAACGATCT-1_contig_2,True,570,TRA,TRAV8-4,None,TRAJ13,TRAC,True,True,CAVSGSGGYQKVTF,TGTGCTGTGAGTGGATCTGGGGGTTACCAGAAAGTTACCTTT,299,4,clonotype2861,clonotype2861_consensus_1
GTCGGGTCAACGATCT-1,True,GTCGGGTCAACGATCT-1_contig_3,True,357,TRA,TRAV13-1,None,None,None,False,False,None,None,317,2,clonotype2861,None
GTCGGGTCAATCTACG-1,True,GTCGGGTCAATCTACG-1_contig_1,True,505,TRA,TRAV1-2,None,TRAJ33,TRAC,True,True,CAATDSNYQLIW,TGTGCTGCGACTGATAGCAACTATCAGTTAATCTGG,100,2,clonotype1,clonotype1_consensus_2
GTCGGGTCAATCTACG-1,True,GTCGGGTCAATCTACG-1_contig_2,True,521,TRB,TRBV20-1,None,TRBJ2-1,TRBC2,True,True,CSARVGSEVNEQFF,TGCAGTGCTAGAGTGGGGTCGGAAGTCAATGAGCAGTTCTTC,304,5,clonotype1,clonotype1_consensus_1
GTCGGGTCACACCGAC-1,True,GTCGGGTCACACCGAC-1_contig_1,True,487,TRA,TRAV1-2,None,TRAJ33,TRAC,True,True,CAATDSNYQLIW,TGTGCTGCGACTGATAGCAACTATCAGTTAATCTGG,254,1,clonotype1,clonotype1_consensus_2
GTCGGGTCACACCGAC-1,True,GTCGGGTCACACCGAC-1_contig_2,True,518,TRB,TRBV20-1,None,TRBJ2-1,TRBC2,True,True,CSARVGSEVNEQFF,TGCAGTGCTAGAGTGGGGTCGGAAGTCAATGAGCAGTTCTTC,7450,3,clonotype1,clonotype1_consensus_1
GTCGGGTCACGTGAGA-1,True,GTCGGGTCACGTGAGA-1_contig_1,True,521,TRB,TRBV20-1,None,TRBJ2-7,TRBC2,True,True,CSYRDPRAGYEQYF,TGCAGTTACCGGGACCCCCGGGCCGGCTACGAGCAGTACTTC,1771,9,clonotype2862,clonotype2862_consensus_1
GTCGGGTCAGCTGTTA-1,True,GTCGGGTCAGCTGTTA-1_contig_1,True,521,TRB,TRBV20-1,None,TRBJ2-1,TRBC2,True,True,CSARVGSEVNEQFF,TGCAGTGCTAGAGTGGGGTCGGAAGTCAATGAGCAGTTCTTC,2044,11,clonotype2,clonotype2_consensus_1
GTCGGGTCATTACGAC-1,True,GTCGGGTCATTACGAC-1_contig_1,True,505,TRA,TRAV1-2,None,TRAJ33,TRAC,True,True,CAATDSNYQLIW,TGTGCTGCGACTGATAGCAACTATCAGTTAATCTGG,378,2,clonotype1,clonotype1_consensus_2
GTCGGGTCATTACGAC-1,True,GTCGGGTCATTACGAC-1_contig_2,True,508,TRB,TRBV20-1,None,TRBJ2-1,TRBC2,True,True,CSARVGSEVNEQFF,TGCAGTGCTAGAGTGGGGTCGGAAGTCAATGAGCAGTTCTTC,912,9,clonotype1,clonotype1_consensus_1
GTCGGGTGTAGGACAC-1,True,GTCGGGTGTAGGACAC-1_contig_1,True,505,TRA,TRAV1-2,None,TRAJ33,TRAC,True,True,CAATDSNYQLIW,TGTGCTGCGACTGATAGCAACTATCAGTTAATCTGG,200,1,clonotype1,clonotype1_consensus_2
GTCGGGTGTAGGACAC-1,True,GTCGGGTGTAGGACAC-1_contig_2,True,518,TRB,TRBV20-1,None,TRBJ2-1,TRBC2,True,True,CSARVGSEVNEQFF,TGCAGTGCTAGAGTGGGGTCGGAAGTCAATGAGCAGTTCTTC,896,8,clonotype1,clonotype1_consensus_1
GTCGGGTGTAGGACAC-1,True,GTCGGGTGTAGGACAC-1_contig_3,True,465,TRA,TRAV10,None,TRAJ24,TRAC,True,False,None,None,242,2,clonotype1,None
GTCGGGTGTCCGAATT-1,True,GTCGGGTGTCCGAATT-1_contig_1,True,492,TRB,TRBV20-1,None,TRBJ2-1,TRBC2,True,True,CSARVGSEVNEQFF,TGCAGTGCTAGAGTGGGGTCGGAAGTCAATGAGCAGTTCTTC,1383,3,clonotype2,clonotype2_consensus_1
GTCGGGTGTCCGAATT-1,True,GTCGGGTGTCCGAATT-1_contig_2,True,455,TRA,TRAV10,None,TRAJ24,TRAC,True,False,None,None,297,2,clonotype2,None
GTCGGGTGTCTAAAGA-1,True,GTCGGGTGTCTAAAGA-1_contig_1,True,482,TRB,TRBV20-1,None,TRBJ1-2,TRBC1,True,True,CSASRGGVVGYTF,TGCAGTGCTAGCCGAGGGGGGGTAGTTGGCTACACCTTC,3105,7,clonotype2863,clonotype2863_consensus_3
GTCGGGTGTCTAAAGA-1,True,GTCGGGTGTCTAAAGA-1_contig_2,True,508,TRA,TRAV1-2,None,TRAJ35,TRAC,True,True,CAVRGGFGNVLHC,TGTGCTGTGAGAGGGGGCTTTGGGAATGTGCTGCATTGC,670,3,clonotype2863,clonotype2863_consensus_1
GTCGGGTGTCTAAAGA-1,True,GTCGGGTGTCTAAAGA-1_contig_3,True,562,TRA,TRAV19,None,TRAJ21,TRAC,True,True,CALSEPNFNKFYF,TGTGCTCTGAGTGAACCCAACTTCAACAAATTTTACTTT,5504,5,clonotype2863,clonotype2863_consensus_2
GTCGGGTGTCTAAAGA-1,True,GTCGGGTGTCTAAAGA-1_contig_4,True,490,TRB,None,None,TRBJ2-6,TRBC2,False,False,None,None,369,2,clonotype2863,None
GTCGGGTGTCTTGTCC-1,True,GTCGGGTGTCTTGTCC-1_contig_1,True,521,TRB,TRBV20-1,None,TRBJ2-1,TRBC2,True,True,CSARVGSEVNEQFF,TGCAGTGCTAGAGTGGGGTCGGAAGTCAATGAGCAGTTCTTC,1576,5,clonotype2,clonotype2_consensus_1
GTCGGGTGTCTTGTCC-1,True,GTCGGGTGTCTTGTCC-1_contig_2,True,465,TRA,TRAV10,None,TRAJ24,TRAC,True,False,None,None,352,6,clonotype2,None
GTCGGGTGTTCAGGCC-1,True,GTCGGGTGTTCAGGCC-1_contig_1,True,492,TRA,TRAV38-2/DV8,None,TRAJ47,TRAC,True,True,CAYRARTLYGNKLVF,TGTGCTTATAGGGCACGGACCCTATATGGAAACAAACTGGTCTTT,1372,5,clonotype2864,clonotype2864_consensus_2
GTCGGGTGTTCAGGCC-1,True,GTCGGGTGTTCAGGCC-1_contig_2,True,485,TRB,TRBV20-1,None,TRBJ1-6,TRBC1,True,True,CSARETSEGSPLHF,TGCAGTGCTAGAGAGACGAGTGAGGGTTCACCCCTCCACTTT,1340,5,clonotype2864,clonotype2864_consensus_1
GTCGGGTTCTTAGAGC-1,True,GTCGGGTTCTTAGAGC-1_contig_1,True,502,TRA,TRAV1-2,None,TRAJ30,TRAC,True,True,CAVRDLREIIF,TGTGCTGTGAGAGATCTTCGGGAGATCATCTTT,194,1,clonotype3,clonotype3_consensus_2
GTCGGGTTCTTAGAGC-1,True,GTCGGGTTCTTAGAGC-1_contig_2,True,537,TRB,TRBV5-5,None,TRBJ1-4,TRBC1,True,True,CASSHPGPNYATNEKLFF,TGTGCCAGCAGCCATCCCGGACCGAACTACGCAACTAATGAAAAACTGTTTTTT,2837,9,clonotype3,clonotype3_consensus_1
GTCGTAAAGCGATTCT-1,True,GTCGTAAAGCGATTCT-1_contig_1,True,505,TRA,TRAV1-2,None,TRAJ33,TRAC,True,True,CAATDSNYQLIW,TGTGCTGCGACTGATAGCAACTATCAGTTAATCTGG,311,2,clonotype1,clonotype1_consensus_2
GTCGTAAAGCGATTCT-1,True,GTCGTAAAGCGATTCT-1_contig_2,True,498,TRB,TRBV20-1,None,TRBJ2-1,TRBC2,True,True,CSARVGSEVNEQFF,TGCAGTGCTAGAGTGGGGTCGGAAGTCAATGAGCAGTTCTTC,1618,6,clonotype1,clonotype1_consensus_1
GTCGTAAAGCTGAAAT-1,True,GTCGTAAAGCTGAAAT-1_contig_1,True,505,TRB,TRBV20-1,None,TRBJ2-1,TRBC2,True,True,CSARVGSEVNEQFF,TGCAGTGCTAGAGTGGGGTCGGAAGTCAATGAGCAGTTCTTC,494,8,clonotype2,clonotype2_consensus_1
GTCGTAAAGCTGAAAT-1,True,GTCGTAAAGCTGAAAT-1_contig_2,True,455,TRA,TRAV10,None,TRAJ24,TRAC,True,False,None,None,465,4,clonotype2,None
GTCGTAAAGTGCCAGA-1,True,GTCGTAAAGTGCCAGA-1_contig_1,True,498,TRB,TRBV20-1,None,TRBJ2-1,TRBC2,True,True,CSARVGSEVNEQFF,TGCAGTGCTAGAGTGGGGTCGGAAGTCAATGAGCAGTTCTTC,1165,5,clonotype2,clonotype2_consensus_1
GTCGTAAAGTGCCAGA-1,True,GTCGTAAAGTGCCAGA-1_contig_2,True,301,TRB,None,None,TRBJ2-2P,TRBC2,False,False,None,None,793,3,clonotype2,None
GTCGTAACAACACCTA-1,True,GTCGTAACAACACCTA-1_contig_1,True,496,TRB,TRBV20-1,None,TRBJ2-1,TRBC2,True,True,CSARVGSEVNEQFF,TGCAGTGCTAGAGTGGGGTCGGAAGTCAATGAGCAGTTCTTC,1834,6,clonotype2,clonotype2_consensus_1
GTCGTAACAACTTGAC-1,True,GTCGTAACAACTTGAC-1_contig_1,True,524,TRB,TRBV20-1,None,TRBJ2-2,TRBC2,True,True,CSARGAGAGAGELFF,TGCAGTGCTAGAGGGGCAGGGGCGGGCGCCGGGGAGCTGTTTTTT,2507,9,clonotype2865,clonotype2865_consensus_1
GTCGTAACAACTTGAC-1,True,GTCGTAACAACTTGAC-1_contig_2,True,322,TRA,TRAV1-1,None,TRAJ23,TRAC,True,False,None,None,719,1,clonotype2865,None
GTCGTAACAGATCGGA-1,True,GTCGTAACAGATCGGA-1_contig_1,True,509,TRB,TRBV6-1,None,TRBJ2-3,TRBC2,True,True,CASRRTSVGTDTQYF,TGTGCCAGCAGGCGGACTAGCGTCGGCACAGATACGCAGTATTTT,766,5,clonotype2866,clonotype2866_consensus_1
GTCGTAACAGATCGGA-1,True,GTCGTAACAGATCGGA-1_contig_2,True,416,TRA,TRAV29/DV5,None,TRAJ5,TRAC,True,False,CSKRQTGRRALTF,TGCAGCAAGCGGCAGACGGGCAGGAGAGCACTTACTTTT,1159,3,clonotype2866,None
GTCGTAACAGCTGGCT-1,True,GTCGTAACAGCTGGCT-1_contig_1,True,503,TRA,TRAV25,None,TRAJ47,TRAC,True,True,CAAAPYGNKLVF,TGTGCAGCCGCTCCATATGGAAACAAACTGGTCTTT,551,8,clonotype2867,clonotype2867_consensus_1
GTCGTAACAGCTGGCT-1,True,GTCGTAACAGCTGGCT-1_contig_2,True,487,TRB,TRBV5-6,None,TRBJ1-2,TRBC1,True,True,CASSWGRGTGYTF,TGTGCCAGCAGCTGGGGTCGTGGGACTGGCTACACCTTC,2352,8,clonotype2867,clonotype2867_consensus_2
GTCGTAACAGGCTCAC-1,True,GTCGTAACAGGCTCAC-1_contig_1,True,498,TRB,TRBV20-1,None,TRBJ2-1,TRBC2,True,True,CSARVGSEVNEQFF,TGCAGTGCTAGAGTGGGGTCGGAAGTCAATGAGCAGTTCTTC,717,3,clonotype2,clonotype2_consensus_1
GTCGTAACAGGCTCAC-1,True,GTCGTAACAGGCTCAC-1_contig_2,True,482,TRA,TRAV10,None,TRAJ24,TRAC,True,False,None,None,281,1,clonotype2,None
GTCGTAACATGCGCAC-1,True,GTCGTAACATGCGCAC-1_contig_1,True,505,TRA,TRAV1-2,None,TRAJ33,TRAC,True,True,CAATDSNYQLIW,TGTGCTGCGACTGATAGCAACTATCAGTTAATCTGG,61,1,clonotype1,clonotype1_consensus_2
GTCGTAACATGCGCAC-1,True,GTCGTAACATGCGCAC-1_contig_2,True,496,TRB,TRBV20-1,None,TRBJ2-1,TRBC2,True,True,CSARVGSEVNEQFF,TGCAGTGCTAGAGTGGGGTCGGAAGTCAATGAGCAGTTCTTC,896,3,clonotype1,clonotype1_consensus_1
GTCGTAACATGCGCAC-1,True,GTCGTAACATGCGCAC-1_contig_3,True,504,TRA,TRAV10,None,TRAJ24,TRAC,True,False,None,None,103,2,clonotype1,None
GTCGTAACATTGAGCT-1,True,GTCGTAACATTGAGCT-1_contig_1,True,523,TRA,TRAV14/DV4,None,TRAJ27,TRAC,True,True,CAMRELTNAGKSTF,TGTGCAATGAGAGAGCTCACCAATGCAGGCAAATCAACCTTT,1389,6,clonotype142,clonotype142_consensus_1
GTCGTAACATTGAGCT-1,True,GTCGTAACATTGAGCT-1_contig_2,True,501,TRB,TRBV20-1,None,TRBJ2-7,TRBC2,True,True,CSALSGTQISYEQYF,TGCAGTGCTCTCTCCGGGACTCAAATATCCTACGAGCAGTACTTC,1354,5,clonotype142,clonotype142_consensus_2
GTCGTAAGTACATGTC-1,True,GTCGTAAGTACATGTC-1_contig_1,True,521,TRB,TRBV20-1,None,TRBJ1-1,TRBC1,True,True,CSARLGIMNTEAFF,TGCAGTGCTAGACTAGGGATTATGAACACTGAAGCTTTCTTT,565,3,clonotype158,clonotype158_consensus_1
GTCGTAAGTGAAAGAG-1,True,GTCGTAAGTGAAAGAG-1_contig_1,True,505,TRA,TRAV1-2,None,TRAJ33,TRAC,True,True,CAATDSNYQLIW,TGTGCTGCGACTGATAGCAACTATCAGTTAATCTGG,572,5,clonotype1,clonotype1_consensus_2
GTCGTAAGTGAAAGAG-1,True,GTCGTAAGTGAAAGAG-1_contig_2,True,498,TRB,TRBV20-1,None,TRBJ2-1,TRBC2,True,True,CSARVGSEVNEQFF,TGCAGTGCTAGAGTGGGGTCGGAAGTCAATGAGCAGTTCTTC,967,6,clonotype1,clonotype1_consensus_1
GTCGTAAGTGTGAATA-1,True,GTCGTAAGTGTGAATA-1_contig_1,True,498,TRB,TRBV20-1,None,TRBJ1-1,TRBC1,True,True,CSAVLGVVSTEAFF,TGCAGTGCCGTGCTAGGGGTGGTGAGCACTGAAGCTTTCTTT,2020,9,clonotype2868,clonotype2868_consensus_1
GTCGTAATCAACCAAC-1,True,GTCGTAATCAACCAAC-1_contig_1,True,502,TRA,TRAV1-2,None,TRAJ30,TRAC,True,True,CAVRDLREIIF,TGTGCTGTGAGAGATCTTCGGGAGATCATCTTT,107,3,clonotype3,clonotype3_consensus_2
GTCGTAATCAACCAAC-1,True,GTCGTAATCAACCAAC-1_contig_2,True,670,TRB,TRBV5-5,None,TRBJ1-4,TRBC1,True,True,CASSHPGPNYATNEKLFF,TGTGCCAGCAGCCATCCCGGACCGAACTACGCAACTAATGAAAAACTGTTTTTT,970,3,clonotype3,clonotype3_consensus_1
GTCGTAATCAACCAAC-1,True,GTCGTAATCAACCAAC-1_contig_3,True,440,TRB,TRBV7-3,None,TRBJ2-1,TRBC2,True,False,CQQRSLKAGGPYNEQFF,TGCCAGCAGCGGTCACTTAAAGCGGGGGGACCCTACAATGAGCAGTTCTTC,539,1,clonotype3,None
GTCGTAATCCAAGTAC-1,True,GTCGTAATCCAAGTAC-1_contig_1,True,505,TRA,TRAV1-2,None,TRAJ33,TRAC,True,True,CAATDSNYQLIW,TGTGCTGCGACTGATAGCAACTATCAGTTAATCTGG,768,3,clonotype1,clonotype1_consensus_2
GTCGTAATCCAAGTAC-1,True,GTCGTAATCCAAGTAC-1_contig_2,True,521,TRB,TRBV20-1,None,TRBJ2-1,TRBC2,True,True,CSARVGSEVNEQFF,TGCAGTGCTAGAGTGGGGTCGGAAGTCAATGAGCAGTTCTTC,2056,14,clonotype1,clonotype1_consensus_1
GTCGTAATCGATCCCT-1,True,GTCGTAATCGATCCCT-1_contig_1,True,467,TRA,TRAV26-2,None,TRAJ42,TRAC,True,True,CILTNGGSQGNLIF,TGCATCCTGACAAACGGAGGAAGCCAAGGAAATCTCATCTTT,584,2,clonotype2869,clonotype2869_consensus_2
GTCGTAATCGATCCCT-1,True,GTCGTAATCGATCCCT-1_contig_2,True,518,TRB,TRBV20-1,None,TRBJ2-7,TRBC2,True,True,CSARSLITYEQYF,TGCAGTGCCCGGAGTTTAATAACCTACGAGCAGTACTTC,1277,7,clonotype2869,clonotype2869_consensus_1
GTCGTAATCTAACTTC-1,True,GTCGTAATCTAACTTC-1_contig_1,True,505,TRA,TRAV1-2,None,TRAJ33,TRAC,True,True,CAATDSNYQLIW,TGTGCTGCGACTGATAGCAACTATCAGTTAATCTGG,427,3,clonotype1,clonotype1_consensus_2
GTCGTAATCTAACTTC-1,True,GTCGTAATCTAACTTC-1_contig_2,True,521,TRB,TRBV20-1,None,TRBJ2-1,TRBC2,True,True,CSARVGSEVNEQFF,TGCAGTGCTAGAGTGGGGTCGGAAGTCAATGAGCAGTTCTTC,1299,10,clonotype1,clonotype1_consensus_1
GTCGTAATCTAACTTC-1,True,GTCGTAATCTAACTTC-1_contig_3,True,468,TRA,TRAV10,None,TRAJ24,TRAC,True,False,None,None,601,1,clonotype1,None
GTCGTAATCTGCGGCA-1,True,GTCGTAATCTGCGGCA-1_contig_1,True,495,TRA,TRAV13-1,None,TRAJ45,TRAC,True,True,CAAPPYSGGGADGLTF,TGTGCAGCTCCCCCGTATTCAGGAGGAGGTGCTGACGGACTCACCTTT,928,2,clonotype277,clonotype277_consensus_1
GTCGTAATCTGCGGCA-1,True,GTCGTAATCTGCGGCA-1_contig_2,True,495,TRB,TRBV20-1,None,TRBJ2-4,TRBC2,True,True,CSASLAGGKNIQYF,TGCAGTGCTAGCCTAGCGGGGGGTAAAAACATTCAGTACTTC,371,6,clonotype277,clonotype277_consensus_2
GTCGTAATCTTAGCCC-1,True,GTCGTAATCTTAGCCC-1_contig_1,True,492,TRB,TRBV20-1,None,TRBJ1-2,TRBC1,True,True,CSAPQGYYGYTF,TGCAGTGCCCCACAGGGTTACTATGGCTACACCTTC,3098,8,clonotype24,clonotype24_consensus_1
GTCGTAATCTTAGCCC-1,True,GTCGTAATCTTAGCCC-1_contig_2,True,460,TRA,TRAV34,None,TRAJ30,TRAC,True,True,CGADGGDDKIIF,TGTGGAGCAGACGGCGGGGATGACAAGATCATCTTT,109,3,clonotype24,clonotype24_consensus_2
GTCTCGTAGGGTCGAT-1,True,GTCTCGTAGGGTCGAT-1_contig_1,True,475,TRA,TRAV4,None,TRAJ42,TRAC,True,True,CLVVLRGGSQGNLIF,TGCCTCGTGGTCCTCCGTGGAGGAAGCCAAGGAAATCTCATCTTT,336,8,clonotype2870,clonotype2870_consensus_2
GTCTCGTAGGGTCGAT-1,True,GTCTCGTAGGGTCGAT-1_contig_2,True,509,TRB,TRBV5-5,None,TRBJ1-4,TRBC1,True,True,CASSPRQGAVDEKLFF,TGTGCCAGCAGCCCCAGACAGGGGGCGGTTGATGAAAAACTGTTTTTT,2651,15,clonotype2870,clonotype2870_consensus_1
GTCTCGTAGGGTCGAT-1,True,GTCTCGTAGGGTCGAT-1_contig_3,True,389,TRB,None,None,TRBJ2-1,TRBC2,False,False,None,None,694,4,clonotype2870,None
GTCTCGTAGTAATCCC-1,True,GTCTCGTAGTAATCCC-1_contig_1,True,459,TRA,TRAV13-1,None,TRAJ15,TRAC,True,True,CAAINQAGTALIF,TGTGCAGCGATTAACCAGGCAGGAACTGCTCTGATCTTT,297,4,clonotype2871,clonotype2871_consensus_1
GTCTCGTAGTAATCCC-1,True,GTCTCGTAGTAATCCC-1_contig_2,True,666,TRB,TRBV5-6,None,TRBJ2-2,TRBC2,True,True,CASTQRGGRASGELFF,TGTGCCAGCACCCAACGGGGGGGCCGGGCGTCAGGGGAGCTGTTTTTT,998,20,clonotype2871,clonotype2871_consensus_2
GTCTCGTAGTAATCCC-1,True,GTCTCGTAGTAATCCC-1_contig_3,True,479,TRA,TRAV1-1,None,TRAJ22,TRAC,True,False,None,None,190,2,clonotype2871,None
GTCTCGTAGTAGCCGA-1,True,GTCTCGTAGTAGCCGA-1_contig_1,True,502,TRA,TRAV1-2,None,TRAJ30,TRAC,True,True,CAVRDLREIIF,TGTGCTGTGAGAGATCTTCGGGAGATCATCTTT,361,7,clonotype32,clonotype32_consensus_3
GTCTCGTAGTAGCCGA-1,True,GTCTCGTAGTAGCCGA-1_contig_2,True,665,TRB,TRBV5-5,None,TRBJ1-4,TRBC1,True,True,CASSHPGPNYATNEKLFF,TGTGCCAGCAGCCATCCCGGACCGAACTACGCAACTAATGAAAAACTGTTTTTT,1289,3,clonotype32,clonotype32_consensus_1
GTCTCGTAGTAGCCGA-1,True,GTCTCGTAGTAGCCGA-1_contig_3,True,505,TRA,TRAV1-2,None,TRAJ33,TRAC,True,True,CAATDSNYQLIW,TGTGCTGCGACTGATAGCAACTATCAGTTAATCTGG,452,18,clonotype32,clonotype32_consensus_4
GTCTCGTAGTAGCCGA-1,True,GTCTCGTAGTAGCCGA-1_contig_4,True,498,TRB,TRBV20-1,None,TRBJ2-1,TRBC2,True,True,CSARVGSEVNEQFF,TGCAGTGCTAGAGTGGGGTCGGAAGTCAATGAGCAGTTCTTC,1928,6,clonotype32,clonotype32_consensus_2
GTCTCGTAGTAGCCGA-1,True,GTCTCGTAGTAGCCGA-1_contig_5,True,427,TRB,TRBV7-3,None,TRBJ2-1,TRBC2,True,False,CQQRSLKAGGPYNEQFF,TGCCAGCAGCGGTCACTTAAAGCGGGGGGACCCTACAATGAGCAGTTCTTC,700,6,clonotype32,None
GTCTCGTAGTTAAGTG-1,True,GTCTCGTAGTTAAGTG-1_contig_1,True,508,TRA,TRAV20,None,TRAJ24,TRAC,True,True,CAVMTTDSWGKFQF,TGTGCTGTTATGACAACTGACAGCTGGGGGAAATTCCAGTTT,4145,14,clonotype7,clonotype7_consensus_2
GTCTCGTAGTTAAGTG-1,True,GTCTCGTAGTTAAGTG-1_contig_2,True,518,TRB,TRBV5-5,None,TRBJ2-7,TRBC2,True,True,CASSSLVEQGAYEQYF,TGTGCCAGCAGCTCGCTCGTAGAGCAGGGGGCCTACGAGCAGTACTTC,1595,7,clonotype7,clonotype7_consensus_1
GTCTCGTCAATGTTGC-1,True,GTCTCGTCAATGTTGC-1_contig_1,True,514,TRA,TRAV23/DV6,None,TRAJ10,TRAC,True,True,CAATFVTGGGNKLTF,TGTGCAGCAACGTTCGTTACGGGAGGAGGAAACAAACTCACCTTT,1712,11,clonotype370,clonotype370_consensus_2
GTCTCGTCAATGTTGC-1,True,GTCTCGTCAATGTTGC-1_contig_2,True,530,TRB,TRBV5-6,None,TRBJ2-1,TRBC2,True,True,CASSPLWAGGPINEQFF,TGTGCCAGCAGCCCTTTGTGGGCGGGGGGGCCCATAAATGAGCAGTTCTTC,706,5,clonotype370,clonotype370_consensus_3
GTCTCGTCAATGTTGC-1,True,GTCTCGTCAATGTTGC-1_contig_3,True,512,TRB,TRBV5-5,None,TRBJ2-2,TRBC2,True,True,CASSLGYRGFGELFF,TGTGCCAGCAGCTTGGGCTACAGGGGGTTCGGGGAGCTGTTTTTT,439,3,clonotype370,clonotype370_consensus_1
GTCTCGTCAATGTTGC-1,True,GTCTCGTCAATGTTGC-1_contig_4,True,396,TRB,None,None,TRBJ2-5,TRBC2,False,False,None,None,541,5,clonotype370,None
GTCTCGTCACGGTAGA-1,True,GTCTCGTCACGGTAGA-1_contig_1,True,505,TRA,TRAV1-2,None,TRAJ33,TRAC,True,True,CAATDSNYQLIW,TGTGCTGCGACTGATAGCAACTATCAGTTAATCTGG,850,5,clonotype1,clonotype1_consensus_2
GTCTCGTCACGGTAGA-1,True,GTCTCGTCACGGTAGA-1_contig_2,True,521,TRB,TRBV20-1,None,TRBJ2-1,TRBC2,True,True,CSARVGSEVNEQFF,TGCAGTGCTAGAGTGGGGTCGGAAGTCAATGAGCAGTTCTTC,2391,31,clonotype1,clonotype1_consensus_1
GTCTCGTCACGGTAGA-1,True,GTCTCGTCACGGTAGA-1_contig_3,True,465,TRA,TRAV10,None,TRAJ24,TRAC,True,False,None,None,178,5,clonotype1,None
GTCTCGTCAGGGTATG-1,True,GTCTCGTCAGGGTATG-1_contig_1,True,505,TRA,TRAV1-2,None,TRAJ33,TRAC,True,True,CAATDSNYQLIW,TGTGCTGCGACTGATAGCAACTATCAGTTAATCTGG,268,7,clonotype1,clonotype1_consensus_2
GTCTCGTCAGGGTATG-1,True,GTCTCGTCAGGGTATG-1_contig_2,True,521,TRB,TRBV20-1,None,TRBJ2-1,TRBC2,True,True,CSARVGSEVNEQFF,TGCAGTGCTAGAGTGGGGTCGGAAGTCAATGAGCAGTTCTTC,702,20,clonotype1,clonotype1_consensus_1
GTCTCGTCATGAAGTA-1,True,GTCTCGTCATGAAGTA-1_contig_1,True,492,TRB,TRBV20-1,None,TRBJ2-1,TRBC2,True,True,CSARVGSEVNEQFF,TGCAGTGCTAGAGTGGGGTCGGAAGTCAATGAGCAGTTCTTC,1600,30,clonotype2,clonotype2_consensus_1
GTCTCGTCATGAAGTA-1,True,GTCTCGTCATGAAGTA-1_contig_2,True,457,TRA,TRAV10,None,TRAJ24,TRAC,True,False,None,None,455,10,clonotype2,None
GTCTCGTCATTCTCAT-1,True,GTCTCGTCATTCTCAT-1_contig_1,True,505,TRA,TRAV1-2,None,TRAJ33,TRAC,True,True,CAATDSNYQLIW,TGTGCTGCGACTGATAGCAACTATCAGTTAATCTGG,144,5,clonotype1,clonotype1_consensus_2
GTCTCGTCATTCTCAT-1,True,GTCTCGTCATTCTCAT-1_contig_2,True,521,TRB,TRBV20-1,None,TRBJ2-1,TRBC2,True,True,CSARVGSEVNEQFF,TGCAGTGCTAGAGTGGGGTCGGAAGTCAATGAGCAGTTCTTC,1475,8,clonotype1,clonotype1_consensus_1
GTCTCGTCATTCTCAT-1,True,GTCTCGTCATTCTCAT-1_contig_3,True,482,TRA,TRAV10,None,TRAJ24,TRAC,True,False,None,None,330,10,clonotype1,None
GTCTCGTGTAAGTAGT-1,True,GTCTCGTGTAAGTAGT-1_contig_1,True,470,TRB,TRBV20-1,None,TRBJ2-5,TRBC2,True,True,CSAPGGGLYSQYF,TGCAGTGCACCCGGCGGGGGCCTATACTCCCAGTACTTC,414,8,clonotype262,clonotype262_consensus_2
GTCTCGTGTAAGTAGT-1,True,GTCTCGTGTAAGTAGT-1_contig_2,True,508,TRA,TRAV23/DV6,None,TRAJ9,TRAC,True,True,CAAKKTGGFKTIF,TGTGCAGCAAAGAAAACTGGAGGCTTCAAAACTATCTTT,300,4,clonotype262,clonotype262_consensus_1
GTCTCGTGTAATCGTC-1,True,GTCTCGTGTAATCGTC-1_contig_1,True,505,TRA,TRAV1-2,None,TRAJ33,TRAC,True,True,CAATDSNYQLIW,TGTGCTGCGACTGATAGCAACTATCAGTTAATCTGG,263,7,clonotype1,clonotype1_consensus_2
GTCTCGTGTAATCGTC-1,True,GTCTCGTGTAATCGTC-1_contig_2,True,521,TRB,TRBV20-1,None,TRBJ2-1,TRBC2,True,True,CSARVGSEVNEQFF,TGCAGTGCTAGAGTGGGGTCGGAAGTCAATGAGCAGTTCTTC,1829,18,clonotype1,clonotype1_consensus_1
GTCTCGTGTAATCGTC-1,True,GTCTCGTGTAATCGTC-1_contig_3,True,341,TRA,TRAV10,None,TRAJ24,TRAC,True,False,None,None,48,23,clonotype1,None
GTCTCGTGTATCTGCA-1,True,GTCTCGTGTATCTGCA-1_contig_1,True,498,TRB,TRBV20-1,None,TRBJ2-1,TRBC2,True,True,CSARVGSEVNEQFF,TGCAGTGCTAGAGTGGGGTCGGAAGTCAATGAGCAGTTCTTC,1364,16,clonotype2,clonotype2_consensus_1
GTCTCGTGTATCTGCA-1,True,GTCTCGTGTATCTGCA-1_contig_2,True,454,TRA,TRAV10,None,TRAJ24,TRAC,True,False,None,None,247,27,clonotype2,None
GTCTCGTGTCTAGTCA-1,True,GTCTCGTGTCTAGTCA-1_contig_1,True,505,TRA,TRAV1-2,None,TRAJ33,TRAC,True,True,CAATDSNYQLIW,TGTGCTGCGACTGATAGCAACTATCAGTTAATCTGG,249,6,clonotype1,clonotype1_consensus_2
GTCTCGTGTCTAGTCA-1,True,GTCTCGTGTCTAGTCA-1_contig_2,True,521,TRB,TRBV20-1,None,TRBJ2-1,TRBC2,True,True,CSARVGSEVNEQFF,TGCAGTGCTAGAGTGGGGTCGGAAGTCAATGAGCAGTTCTTC,2662,38,clonotype1,clonotype1_consensus_1
GTCTCGTGTCTAGTCA-1,True,GTCTCGTGTCTAGTCA-1_contig_3,True,459,TRA,TRAV10,None,TRAJ24,TRAC,True,False,None,None,200,10,clonotype1,None
GTCTCGTGTTAGATGA-1,True,GTCTCGTGTTAGATGA-1_contig_1,True,505,TRA,TRAV1-2,None,TRAJ33,TRAC,True,True,CAATDSNYQLIW,TGTGCTGCGACTGATAGCAACTATCAGTTAATCTGG,88,1,clonotype1,clonotype1_consensus_2
GTCTCGTGTTAGATGA-1,True,GTCTCGTGTTAGATGA-1_contig_2,True,521,TRB,TRBV20-1,None,TRBJ2-1,TRBC2,True,True,CSARVGSEVNEQFF,TGCAGTGCTAGAGTGGGGTCGGAAGTCAATGAGCAGTTCTTC,2614,20,clonotype1,clonotype1_consensus_1
GTCTCGTGTTAGATGA-1,True,GTCTCGTGTTAGATGA-1_contig_3,True,475,TRA,TRAV10,None,TRAJ24,TRAC,True,False,None,None,675,13,clonotype1,None
GTCTCGTGTTTAGCTG-1,True,GTCTCGTGTTTAGCTG-1_contig_1,True,485,TRB,TRBV20-1,None,TRBJ2-1,TRBC2,True,True,CSARVGSEVNEQFF,TGCAGTGCTAGAGTGGGGTCGGAAGTCAATGAGCAGTTCTTC,1244,16,clonotype2,clonotype2_consensus_1
GTCTCGTGTTTAGCTG-1,True,GTCTCGTGTTTAGCTG-1_contig_2,True,500,TRA,TRAV10,None,TRAJ24,TRAC,True,False,None,None,425,15,clonotype2,None
GTCTCGTTCAAACCGT-1,True,GTCTCGTTCAAACCGT-1_contig_1,True,507,TRA,TRAV6,None,TRAJ23,TRAC,True,True,CALDYNQGGKLIF,TGTGCTCTAGATTATAACCAGGGAGGAAAGCTTATCTTC,3519,7,clonotype2872,clonotype2872_consensus_1
GTCTCGTTCAAACCGT-1,True,GTCTCGTTCAAACCGT-1_contig_2,True,724,TRB,TRBV5-6,None,TRBJ2-5,TRBC2,True,True,CASSQTGRRETQYF,TGTGCCAGCAGCCAGACAGGGAGACGGGAGACCCAGTACTTC,2441,14,clonotype2872,clonotype2872_consensus_2
GTCTCGTTCAAACCGT-1,True,GTCTCGTTCAAACCGT-1_contig_3,True,410,TRB,None,None,TRBJ2-7,TRBC2,False,False,None,None,2200,17,clonotype2872,None
GTCTCGTTCACAATGC-1,True,GTCTCGTTCACAATGC-1_contig_1,True,458,TRB,TRBV20-1,None,TRBJ1-5,None,True,True,CSARRQGSGNQPQHF,TGCAGTGCTAGACGACAGGGATCGGGCAATCAGCCCCAGCATTTT,20,1,clonotype2873,clonotype2873_consensus_1
GTCTCGTTCACAATGC-1,True,GTCTCGTTCACAATGC-1_contig_2,True,615,TRA,TRAV3,None,TRAJ15,TRAC,True,True,CAVRDQAGTALIF,TGTGCTGTGAGAGACCAGGCAGGAACTGCTCTGATCTTT,412,3,clonotype2873,clonotype2873_consensus_2
GTCTCGTTCAGTTGAC-1,True,GTCTCGTTCAGTTGAC-1_contig_1,True,521,TRB,TRBV20-1,None,TRBJ2-1,TRBC2,True,True,CSARVGSEVNEQFF,TGCAGTGCTAGAGTGGGGTCGGAAGTCAATGAGCAGTTCTTC,822,19,clonotype2,clonotype2_consensus_1
GTCTCGTTCAGTTGAC-1,True,GTCTCGTTCAGTTGAC-1_contig_2,True,482,TRA,TRAV10,None,TRAJ24,TRAC,True,False,None,None,120,7,clonotype2,None
GTCTCGTTCCGCGCAA-1,True,GTCTCGTTCCGCGCAA-1_contig_1,True,518,TRB,TRBV20-1,None,TRBJ1-1,TRBC1,True,True,CSAPGPKYGEAFF,TGCAGTGCGCCGGGACCCAAGTATGGTGAAGCTTTCTTT,443,9,clonotype62,clonotype62_consensus_1
GTCTCGTTCCGCGCAA-1,True,GTCTCGTTCCGCGCAA-1_contig_2,True,532,TRA,TRAV8-1,None,TRAJ29,TRAC,True,True,CAVNTNSGNTPLVF,TGTGCCGTGAATACGAATTCAGGAAACACACCTCTTGTCTTT,756,7,clonotype62,clonotype62_consensus_2
GTCTCGTTCCTAGAAC-1,True,GTCTCGTTCCTAGAAC-1_contig_1,True,498,TRB,TRBV20-1,None,TRBJ2-1,TRBC2,True,True,CSAHTGTGLSEQFF,TGCAGTGCTCATACCGGGACAGGGTTGAGTGAGCAGTTCTTC,4293,17,clonotype2874,clonotype2874_consensus_2
GTCTCGTTCCTAGAAC-1,True,GTCTCGTTCCTAGAAC-1_contig_2,True,442,TRA,TRAV9-2,None,TRAJ49,TRAC,True,True,CALRTGNQFYF,TGTGCTCTGAGGACCGGTAACCAGTTCTATTTT,959,9,clonotype2874,clonotype2874_consensus_1
GTCTCGTTCGAATCCA-1,True,GTCTCGTTCGAATCCA-1_contig_1,True,511,TRA,TRAV17,None,TRAJ29,TRAC,True,True,CATDHASGNTPLVF,TGTGCTACGGACCATGCGTCAGGAAACACACCTCTTGTCTTT,244,8,clonotype2875,clonotype2875_consensus_1
GTCTCGTTCGAATCCA-1,True,GTCTCGTTCGAATCCA-1_contig_2,True,659,TRB,TRBV5-6,None,TRBJ1-2,TRBC1,True,True,CASSLAGFPYGYTF,TGTGCCAGCAGCTTGGCCGGATTCCCCTATGGCTACACCTTC,1906,11,clonotype2875,clonotype2875_consensus_2
GTCTCGTTCGCTAGCG-1,True,GTCTCGTTCGCTAGCG-1_contig_1,True,521,TRB,TRBV20-1,None,TRBJ2-1,TRBC2,True,True,CSARVGSEVNEQFF,TGCAGTGCTAGAGTGGGGTCGGAAGTCAATGAGCAGTTCTTC,385,4,clonotype2,clonotype2_consensus_1
GTCTCGTTCGCTAGCG-1,True,GTCTCGTTCGCTAGCG-1_contig_2,True,457,TRA,TRAV10,None,TRAJ24,TRAC,True,False,None,None,225,1,clonotype2,None
GTCTCGTTCGCTAGCG-1,True,GTCTCGTTCGCTAGCG-1_contig_3,True,469,TRB,None,None,TRBJ1-5,TRBC1,False,False,None,None,121,5,clonotype2,None
GTCTCGTTCGTCCGTT-1,True,GTCTCGTTCGTCCGTT-1_contig_1,True,489,TRA,TRAV9-2,None,TRAJ15,TRAC,True,True,CALNPAGTALIF,TGTGCTCTGAATCCGGCAGGAACTGCTCTGATCTTT,1191,6,clonotype2876,clonotype2876_consensus_1
GTCTCGTTCGTCCGTT-1,True,GTCTCGTTCGTCCGTT-1_contig_2,True,493,TRB,TRBV5-6,None,TRBJ1-6,TRBC1,True,True,CASSPVAGTNSPLHF,TGTGCCAGCAGCCCAGTGGCAGGAACTAATTCACCCCTCCACTTT,2263,15,clonotype2876,clonotype2876_consensus_2
GTCTTCGAGAGTGACC-1,True,GTCTTCGAGAGTGACC-1_contig_1,True,627,TRB,TRBV5-5,None,TRBJ2-3,TRBC2,True,True,CASRINIGRESTDTQYF,TGTGCCAGCCGAATCAATATCGGACGAGAAAGCACAGATACGCAGTATTTT,1684,11,clonotype2877,clonotype2877_consensus_1
GTCTTCGAGAGTGAGA-1,True,GTCTTCGAGAGTGAGA-1_contig_1,True,492,TRB,TRBV20-1,None,TRBJ2-1,TRBC2,True,True,CSARVGSEVNEQFF,TGCAGTGCTAGAGTGGGGTCGGAAGTCAATGAGCAGTTCTTC,2519,12,clonotype2,clonotype2_consensus_1
GTCTTCGAGATCCCAT-1,True,GTCTTCGAGATCCCAT-1_contig_1,True,521,TRB,TRBV20-1,None,TRBJ2-1,TRBC2,True,True,CSARVGSEVNEQFF,TGCAGTGCTAGAGTGGGGTCGGAAGTCAATGAGCAGTTCTTC,2353,10,clonotype2,clonotype2_consensus_1
GTCTTCGAGATCCCAT-1,True,GTCTTCGAGATCCCAT-1_contig_2,True,440,TRA,TRAV10,None,TRAJ24,TRAC,True,False,None,None,514,1,clonotype2,None
GTCTTCGAGCTCTCGG-1,True,GTCTTCGAGCTCTCGG-1_contig_1,True,684,TRB,TRBV5-5,None,TRBJ2-7,TRBC2,True,True,CASSLVASSGGGTYEQYF,TGTGCCAGCAGCTTGGTCGCGTCTAGCGGGGGGGGGACCTACGAGCAGTACTTC,1312,7,clonotype2878,clonotype2878_consensus_1
GTCTTCGCAAACGCGA-1,True,GTCTTCGCAAACGCGA-1_contig_1,True,458,TRB,TRBV20-1,None,TRBJ1-1,TRBC1,True,True,CSAREGSTEAFF,TGCAGTGCCCGGGAGGGGTCCACTGAAGCTTTCTTT,512,2,clonotype2879,clonotype2879_consensus_1
GTCTTCGCAAACGCGA-1,True,GTCTTCGCAAACGCGA-1_contig_2,True,489,TRA,TRAV13-2,None,TRAJ34,TRAC,True,True,CAEKFDNTDKLIF,TGTGCAGAGAAATTCGATAACACCGACAAGCTCATCTTT,151,1,clonotype2879,clonotype2879_consensus_2
GTCTTCGCAAACGCGA-1,True,GTCTTCGCAAACGCGA-1_contig_3,True,466,TRA,TRAV35,None,TRAJ47,TRAC,True,False,None,None,213,4,clonotype2879,None
GTCTTCGCAAACGCGA-1,True,GTCTTCGCAAACGCGA-1_contig_4,True,377,TRB,None,None,TRBJ1-3,TRBC1,False,False,None,None,873,4,clonotype2879,None
GTCTTCGCAAAGAATC-1,True,GTCTTCGCAAAGAATC-1_contig_1,True,505,TRA,TRAV1-2,None,TRAJ33,TRAC,True,True,CAATDSNYQLIW,TGTGCTGCGACTGATAGCAACTATCAGTTAATCTGG,782,8,clonotype1,clonotype1_consensus_2
GTCTTCGCAAAGAATC-1,True,GTCTTCGCAAAGAATC-1_contig_2,True,521,TRB,TRBV20-1,None,TRBJ2-1,TRBC2,True,True,CSARVGSEVNEQFF,TGCAGTGCTAGAGTGGGGTCGGAAGTCAATGAGCAGTTCTTC,2626,9,clonotype1,clonotype1_consensus_1
GTCTTCGCAAAGAATC-1,True,GTCTTCGCAAAGAATC-1_contig_3,True,517,TRA,TRAV10,None,TRAJ24,TRAC,True,False,None,None,199,4,clonotype1,None
GTCTTCGCAAAGCGGT-1,True,GTCTTCGCAAAGCGGT-1_contig_1,True,521,TRB,TRBV20-1,None,TRBJ2-1,TRBC2,True,True,CSARVGSEVNEQFF,TGCAGTGCTAGAGTGGGGTCGGAAGTCAATGAGCAGTTCTTC,2265,6,clonotype2,clonotype2_consensus_1
GTCTTCGCAAAGCGGT-1,True,GTCTTCGCAAAGCGGT-1_contig_2,True,467,TRA,TRAV10,None,TRAJ24,TRAC,True,False,None,None,152,4,clonotype2,None
GTCTTCGCACAAGCCC-1,True,GTCTTCGCACAAGCCC-1_contig_1,True,505,TRA,TRAV1-2,None,TRAJ33,TRAC,True,True,CAATDSNYQLIW,TGTGCTGCGACTGATAGCAACTATCAGTTAATCTGG,796,2,clonotype1,clonotype1_consensus_2
GTCTTCGCACAAGCCC-1,True,GTCTTCGCACAAGCCC-1_contig_2,True,495,TRB,TRBV20-1,None,TRBJ2-1,TRBC2,True,True,CSARVGSEVNEQFF,TGCAGTGCTAGAGTGGGGTCGGAAGTCAATGAGCAGTTCTTC,1531,5,clonotype1,clonotype1_consensus_1
GTCTTCGCACAAGCCC-1,True,GTCTTCGCACAAGCCC-1_contig_3,True,457,TRA,TRAV10,None,TRAJ24,TRAC,True,False,None,None,238,3,clonotype1,None
GTCTTCGCACAGACAG-1,True,GTCTTCGCACAGACAG-1_contig_1,True,618,TRA,TRAV3,None,TRAJ37,TRAC,True,True,CAVIISSNTGKLIF,TGTGCTGTGATTATCTCTAGCAACACAGGCAAACTAATCTTT,156,5,clonotype324,clonotype324_consensus_1
GTCTTCGCACAGACAG-1,True,GTCTTCGCACAGACAG-1_contig_2,True,658,TRB,TRBV5-6,None,TRBJ1-1,TRBC1,True,True,CASSSYNRGSTEAFF,TGTGCCAGCAGCTCATATAACAGGGGGTCCACTGAAGCTTTCTTT,1492,9,clonotype324,clonotype324_consensus_2
GTCTTCGCACTTAAGC-1,True,GTCTTCGCACTTAAGC-1_contig_1,True,527,TRB,TRBV20-1,None,TRBJ2-7,TRBC2,True,True,CSARASRLVLSYEQYF,TGCAGTGCTAGAGCCTCACGGCTAGTACTTTCCTACGAGCAGTACTTC,871,7,clonotype11,clonotype11_consensus_2
GTCTTCGCACTTAAGC-1,True,GTCTTCGCACTTAAGC-1_contig_2,True,542,TRA,TRAV26-1,None,TRAJ34,TRAC,True,True,CIASSYNTDKLIF,TGCATCGCTTCATCTTATAACACCGACAAGCTCATCTTT,381,1,clonotype11,clonotype11_consensus_1
GTCTTCGCAGGAATGC-1,True,GTCTTCGCAGGAATGC-1_contig_1,True,498,TRB,TRBV20-1,None,TRBJ2-1,TRBC2,True,True,CSARVGSEVNEQFF,TGCAGTGCTAGAGTGGGGTCGGAAGTCAATGAGCAGTTCTTC,577,6,clonotype2,clonotype2_consensus_1
GTCTTCGCAGGAATGC-1,True,GTCTTCGCAGGAATGC-1_contig_2,True,467,TRA,TRAV10,None,TRAJ24,TRAC,True,False,None,None,709,4,clonotype2,None
GTCTTCGCATGATCCA-1,True,GTCTTCGCATGATCCA-1_contig_1,True,684,TRB,TRBV5-6,None,TRBJ2-1,TRBC2,True,True,CASILAGGGFSYNEQFF,TGTGCCAGCATCCTAGCGGGGGGGGGGTTCTCCTACAATGAGCAGTTCTTC,1463,7,clonotype2880,clonotype2880_consensus_1
GTCTTCGCATTCACTT-1,True,GTCTTCGCATTCACTT-1_contig_1,True,518,TRA,TRAV21,None,TRAJ39,TRAC,True,True,CAVRRTGAGNMLTF,TGTGCTGTGAGGCGCACGGGTGCAGGCAACATGCTCACCTTT,1055,3,clonotype2881,clonotype2881_consensus_2
GTCTTCGCATTCACTT-1,True,GTCTTCGCATTCACTT-1_contig_2,True,512,TRB,TRBV20-1,None,TRBJ1-1,None,True,True,CSATAGTEAFF,TGCAGTGCAACGGCGGGGACCGAAGCTTTCTTT,797,5,clonotype2881,clonotype2881_consensus_1
GTCTTCGCATTGGCGC-1,True,GTCTTCGCATTGGCGC-1_contig_1,True,508,TRA,TRAV20,None,TRAJ24,TRAC,True,True,CAVMTTDSWGKFQF,TGTGCTGTTATGACAACTGACAGCTGGGGGAAATTCCAGTTT,682,4,clonotype86,clonotype86_consensus_1
GTCTTCGGTAGCGATG-1,True,GTCTTCGGTAGCGATG-1_contig_1,True,536,TRB,TRBV5-5,None,TRBJ1-4,TRBC1,True,True,CASSHPGPNYATNEKLFF,TGTGCCAGCAGCCATCCCGGACCGAACTACGCAACTAATGAAAAACTGTTTTTT,1147,5,clonotype4,clonotype4_consensus_1
GTCTTCGGTAGCTTGT-1,True,GTCTTCGGTAGCTTGT-1_contig_1,True,527,TRB,TRBV20-1,None,TRBJ1-6,TRBC1,True,True,CSATHPTELGNSPLHF,TGCAGTGCTACCCACCCGACAGAGCTGGGAAATTCACCCCTCCACTTT,3226,15,clonotype2882,clonotype2882_consensus_2
GTCTTCGGTAGCTTGT-1,True,GTCTTCGGTAGCTTGT-1_contig_2,True,498,TRA,TRAV9-2,None,TRAJ37,TRAC,True,True,CALSDGSSNTGKLIF,TGTGCTCTGAGTGACGGCTCTAGCAACACAGGCAAACTAATCTTT,465,2,clonotype2882,clonotype2882_consensus_1
GTCTTCGGTAGCTTGT-1,True,GTCTTCGGTAGCTTGT-1_contig_3,True,508,TRA,TRAV25,None,TRAJ39,TRAC,True,False,None,None,515,1,clonotype2882,None
GTCTTCGGTATAGGTA-1,True,GTCTTCGGTATAGGTA-1_contig_1,True,513,TRB,TRBV20-1,None,TRBJ1-3,TRBC1,True,True,CSASQGGGNTIYF,TGCAGTGCTAGCCAAGGAGGTGGAAACACCATATATTTT,3078,17,clonotype339,clonotype339_consensus_2
GTCTTCGGTATAGGTA-1,True,GTCTTCGGTATAGGTA-1_contig_2,True,573,TRA,TRAV8-4,None,TRAJ56,TRAC,True,True,CAVRALTGANSKLTF,TGTGCTGTGAGGGCTCTTACTGGAGCCAATAGTAAGCTGACATTT,1494,5,clonotype339,clonotype339_consensus_1
GTCTTCGGTTCAGCGC-1,True,GTCTTCGGTTCAGCGC-1_contig_1,True,521,TRB,TRBV20-1,None,TRBJ2-1,TRBC2,True,True,CSARVGSEVNEQFF,TGCAGTGCTAGAGTGGGGTCGGAAGTCAATGAGCAGTTCTTC,1865,9,clonotype2,clonotype2_consensus_1
GTCTTCGTCAAAGACA-1,True,GTCTTCGTCAAAGACA-1_contig_1,True,527,TRB,TRBV20-1,None,TRBJ1-6,TRBC1,True,True,CSARDLDRGTGSPLHF,TGCAGTGCTAGAGATTTGGACAGGGGCACGGGTTCACCCCTCCACTTT,238,2,clonotype2883,clonotype2883_consensus_2
GTCTTCGTCAAAGACA-1,True,GTCTTCGTCAAAGACA-1_contig_2,True,491,TRA,TRAV38-2/DV8,None,TRAJ30,TRAC,True,True,CAYRWVLDDKIIF,TGTGCTTATAGGTGGGTCTTAGATGACAAGATCATCTTT,994,5,clonotype2883,clonotype2883_consensus_1
GTCTTCGTCAAAGACA-1,True,GTCTTCGTCAAAGACA-1_contig_3,True,493,TRA,TRAV14/DV4,None,TRAJ57,TRAC,True,False,None,None,1347,8,clonotype2883,None
GTCTTCGTCATGCAAC-1,True,GTCTTCGTCATGCAAC-1_contig_1,True,477,TRB,TRBV29-1,None,TRBJ2-6,TRBC2,True,True,CSVETVNSGANVLTF,TGCAGCGTTGAGACAGTTAACTCTGGGGCCAACGTCCTGACTTTC,1150,6,clonotype2884,clonotype2884_consensus_2
GTCTTCGTCATGCAAC-1,True,GTCTTCGTCATGCAAC-1_contig_2,True,462,TRA,TRAV13-1,None,TRAJ24,TRAC,True,True,CAAILTDSWGKLQF,TGTGCAGCAATTTTAACCGACAGCTGGGGGAAATTGCAGTTT,233,4,clonotype2884,clonotype2884_consensus_1
GTCTTCGTCCTAGAAC-1,True,GTCTTCGTCCTAGAAC-1_contig_1,True,665,TRB,TRBV5-6,None,TRBJ2-2,TRBC2,True,True,CASSQIGTGGNTGELFF,TGTGCCAGCAGCCAGATCGGGACAGGGGGAAACACCGGGGAGCTGTTTTTT,1960,8,clonotype2885,clonotype2885_consensus_1
GTCTTCGTCGAGAGCA-1,True,GTCTTCGTCGAGAGCA-1_contig_1,True,529,TRB,TRBV20-1,None,TRBJ1-5,TRBC1,True,True,CSARDQFGTGGMSNQPQHF,TGCAGTGCTAGAGATCAATTCGGGACAGGGGGCATGAGCAATCAGCCCCAGCATTTT,988,5,clonotype371,clonotype371_consensus_2
GTCTTCGTCGAGAGCA-1,True,GTCTTCGTCGAGAGCA-1_contig_2,True,627,TRA,TRAV3,None,TRAJ28,TRAC,True,True,CAVREWGSGAGSYQLTF,TGTGCTGTGAGAGAATGGGGCTCTGGGGCTGGGAGTTACCAACTCACTTTC,66,3,clonotype371,clonotype371_consensus_1
GTCTTCGTCGGTCTAA-1,True,GTCTTCGTCGGTCTAA-1_contig_1,True,505,TRA,TRAV1-2,None,TRAJ33,TRAC,True,True,CAATDSNYQLIW,TGTGCTGCGACTGATAGCAACTATCAGTTAATCTGG,156,3,clonotype1,clonotype1_consensus_2
GTCTTCGTCGGTCTAA-1,True,GTCTTCGTCGGTCTAA-1_contig_2,True,521,TRB,TRBV20-1,None,TRBJ2-1,TRBC2,True,True,CSARVGSEVNEQFF,TGCAGTGCTAGAGTGGGGTCGGAAGTCAATGAGCAGTTCTTC,1635,7,clonotype1,clonotype1_consensus_1
GTCTTCGTCGGTCTAA-1,True,GTCTTCGTCGGTCTAA-1_contig_3,True,440,TRA,TRAV10,None,TRAJ24,TRAC,True,False,None,None,438,1,clonotype1,None
GTCTTCGTCTCGATGA-1,True,GTCTTCGTCTCGATGA-1_contig_1,True,505,TRA,TRAV1-2,None,TRAJ33,TRAC,True,True,CAATDSNYQLIW,TGTGCTGCGACTGATAGCAACTATCAGTTAATCTGG,175,4,clonotype1,clonotype1_consensus_2
GTCTTCGTCTCGATGA-1,True,GTCTTCGTCTCGATGA-1_contig_2,True,521,TRB,TRBV20-1,None,TRBJ2-1,TRBC2,True,True,CSARVGSEVNEQFF,TGCAGTGCTAGAGTGGGGTCGGAAGTCAATGAGCAGTTCTTC,1027,4,clonotype1,clonotype1_consensus_1
GTCTTCGTCTTTACAC-1,True,GTCTTCGTCTTTACAC-1_contig_1,True,505,TRA,TRAV1-2,None,TRAJ33,TRAC,True,True,CAATDSNYQLIW,TGTGCTGCGACTGATAGCAACTATCAGTTAATCTGG,2183,7,clonotype1,clonotype1_consensus_2
GTCTTCGTCTTTACAC-1,True,GTCTTCGTCTTTACAC-1_contig_2,True,521,TRB,TRBV20-1,None,TRBJ2-1,TRBC2,True,True,CSARVGSEVNEQFF,TGCAGTGCTAGAGTGGGGTCGGAAGTCAATGAGCAGTTCTTC,3129,10,clonotype1,clonotype1_consensus_1
GTCTTCGTCTTTACAC-1,True,GTCTTCGTCTTTACAC-1_contig_3,True,312,TRB,None,None,TRBJ1-6,TRBC1,False,False,None,None,187,2,clonotype1,None
GTGAAGGAGAAACCAT-1,True,GTGAAGGAGAAACCAT-1_contig_1,True,529,TRA,TRAV14/DV4,None,TRAJ32,TRAC,True,True,CANFSVYGGATNKLIF,TGTGCAAATTTTTCAGTTTATGGTGGTGCTACAAACAAGCTCATCTTT,813,5,clonotype2886,clonotype2886_consensus_2
GTGAAGGAGAAACCAT-1,True,GTGAAGGAGAAACCAT-1_contig_2,True,544,TRA,TRAV12-2,None,TRAJ26,TRAC,True,True,CAVNGYYGQNFVF,TGTGCCGTGAACGGGTACTATGGTCAGAATTTTGTCTTT,592,7,clonotype2886,clonotype2886_consensus_3
GTGAAGGAGAAACCAT-1,True,GTGAAGGAGAAACCAT-1_contig_3,True,680,TRB,TRBV5-6,None,TRBJ2-6,TRBC2,True,True,CASSLPLSGANVLTF,TGTGCCAGCAGCTTGCCCCTCTCTGGGGCCAACGTCCTGACTTTC,2061,16,clonotype2886,clonotype2886_consensus_1
GTGAAGGAGAAACCGC-1,True,GTGAAGGAGAAACCGC-1_contig_1,True,505,TRA,TRAV1-2,None,TRAJ33,TRAC,True,True,CAATDSNYQLIW,TGTGCTGCGACTGATAGCAACTATCAGTTAATCTGG,1205,7,clonotype1,clonotype1_consensus_2
GTGAAGGAGAAACCGC-1,True,GTGAAGGAGAAACCGC-1_contig_2,True,521,TRB,TRBV20-1,None,TRBJ2-1,TRBC2,True,True,CSARVGSEVNEQFF,TGCAGTGCTAGAGTGGGGTCGGAAGTCAATGAGCAGTTCTTC,1639,7,clonotype1,clonotype1_consensus_1
GTGAAGGAGCACCGCT-1,True,GTGAAGGAGCACCGCT-1_contig_1,True,518,TRB,TRBV20-1,None,TRBJ1-6,TRBC1,True,True,CSAKTGANSPLHF,TGCAGTGCCAAAACAGGGGCTAATTCACCCCTCCACTTT,666,5,clonotype2887,clonotype2887_consensus_1
GTGAAGGAGCACCGCT-1,True,GTGAAGGAGCACCGCT-1_contig_2,True,469,TRA,TRAV12-3,None,TRAJ53,TRAC,True,True,CAMWGGGGSNYKLTF,TGTGCAATGTGGGGGGGGGGAGGTAGCAACTATAAACTGACATTT,553,2,clonotype2887,clonotype2887_consensus_2
GTGAAGGAGCACCGCT-1,True,GTGAAGGAGCACCGCT-1_contig_3,True,538,TRA,TRAV27,None,TRAJ45,TRAC,True,True,CAEGVTSRGGGADGLTF,TGTGCAGAAGGGGTTACTTCCCGAGGAGGAGGTGCTGACGGACTCACCTTT,326,2,clonotype2887,clonotype2887_consensus_3
GTGAAGGCAATCACAC-1,True,GTGAAGGCAATCACAC-1_contig_1,True,509,TRA,TRAV25,None,TRAJ38,TRAC,True,True,CAAPPAGNNRKLIW,TGTGCAGCCCCCCCGGCTGGCAACAACCGTAAGCTGATTTGG,536,5,clonotype2888,clonotype2888_consensus_2
GTGAAGGCAATCACAC-1,True,GTGAAGGCAATCACAC-1_contig_2,True,500,TRB,TRBV20-1,None,TRBJ2-7,TRBC2,True,True,CSARSPYPRGYEQYF,TGCAGTGCTAGATCTCCATACCCCCGGGGCTACGAGCAGTACTTC,2636,7,clonotype2888,clonotype2888_consensus_1
GTGAAGGCACCAGCAC-1,True,GTGAAGGCACCAGCAC-1_contig_1,True,514,TRA,TRAV1-2,None,TRAJ34,TRAC,True,True,CAVRFLQRNTDKLIF,TGTGCTGTGAGATTTTTGCAGAGGAACACCGACAAGCTCATCTTT,7583,4,clonotype332,clonotype332_consensus_1
GTGAAGGCACCAGCAC-1,True,GTGAAGGCACCAGCAC-1_contig_2,True,512,TRB,TRBV20-1,None,TRBJ2-7,TRBC2,True,True,CSARVSHEQYF,TGCAGTGCTAGAGTTAGTCACGAGCAGTACTTC,3989,15,clonotype332,clonotype332_consensus_2
GTGAAGGCACCAGTTA-1,True,GTGAAGGCACCAGTTA-1_contig_1,True,505,TRA,TRAV1-2,None,TRAJ33,TRAC,True,True,CAATDSNYQLIW,TGTGCTGCGACTGATAGCAACTATCAGTTAATCTGG,409,2,clonotype1,clonotype1_consensus_2
GTGAAGGCACCAGTTA-1,True,GTGAAGGCACCAGTTA-1_contig_2,True,470,TRB,TRBV20-1,None,TRBJ2-1,TRBC2,True,True,CSARVGSEVNEQFF,TGCAGTGCTAGAGTGGGGTCGGAAGTCAATGAGCAGTTCTTC,644,5,clonotype1,clonotype1_consensus_1
GTGAAGGCACCAGTTA-1,True,GTGAAGGCACCAGTTA-1_contig_3,True,457,TRA,TRAV10,None,TRAJ24,TRAC,True,False,None,None,214,3,clonotype1,None
GTGAAGGCAGCCTTTC-1,True,GTGAAGGCAGCCTTTC-1_contig_1,True,456,TRA,TRAV13-1,None,TRAJ20,TRAC,True,True,CAASKGDYKLSF,TGTGCAGCAAGTAAGGGCGACTACAAGCTCAGCTTT,2192,7,clonotype206,clonotype206_consensus_2
GTGAAGGCAGCCTTTC-1,True,GTGAAGGCAGCCTTTC-1_contig_2,True,506,TRB,TRBV5-5,None,TRBJ1-6,TRBC1,True,True,CASSLGGRNGSPLHF,TGTGCCAGCAGCTTGGGGGGAAGAAATGGTTCACCCCTCCACTTT,6179,14,clonotype206,clonotype206_consensus_1
GTGAAGGCAGCCTTTC-1,True,GTGAAGGCAGCCTTTC-1_contig_3,True,461,TRB,None,None,TRBJ1-4,TRBC1,False,False,None,None,3328,9,clonotype206,None
GTGAAGGCATCCGTGG-1,True,GTGAAGGCATCCGTGG-1_contig_1,True,662,TRA,TRAV8-6,None,TRAJ53,TRAC,True,True,CAVIPSGSNYKLTF,TGTGCTGTGATCCCCTCAGGTAGCAACTATAAACTGACATTT,2217,4,clonotype2889,clonotype2889_consensus_2
GTGAAGGCATCCGTGG-1,True,GTGAAGGCATCCGTGG-1_contig_2,True,688,TRB,TRBV5-6,None,TRBJ2-6,TRBC2,True,True,CASSLALAVVSGANVLTF,TGTGCCAGCAGCTTGGCCCTAGCGGTCGTCTCTGGGGCCAACGTCCTGACTTTC,604,2,clonotype2889,clonotype2889_consensus_1
GTGAAGGCATTGGGCC-1,True,GTGAAGGCATTGGGCC-1_contig_1,True,505,TRA,TRAV1-2,None,TRAJ33,TRAC,True,True,CAGTDSNYQLIW,TGTGCTGGGACTGATAGCAACTATCAGTTAATCTGG,49,2,clonotype2890,clonotype2890_consensus_1
GTGAAGGCATTGGGCC-1,True,GTGAAGGCATTGGGCC-1_contig_2,True,473,TRB,TRBV20-1,None,TRBJ2-1,TRBC2,True,True,CSARVGSEVNEQFF,TGCAGTGCTAGAGTGGGGTCGGAAGTCAATGAGCAGTTCTTC,3719,13,clonotype2890,clonotype2890_consensus_2
GTGAAGGCATTGGGCC-1,True,GTGAAGGCATTGGGCC-1_contig_3,True,457,TRA,TRAV10,None,TRAJ24,TRAC,True,False,None,None,422,2,clonotype2890,None
GTGAAGGGTAAGTTCC-1,True,GTGAAGGGTAAGTTCC-1_contig_1,True,486,TRA,TRAV38-1,None,TRAJ26,TRAC,True,True,CAFTSYGQNFVF,TGTGCTTTCACCTCATATGGTCAGAATTTTGTCTTT,193,1,clonotype14,clonotype14_consensus_1
GTGAAGGGTAAGTTCC-1,True,GTGAAGGGTAAGTTCC-1_contig_2,True,521,TRB,TRBV20-1,None,TRBJ2-3,TRBC2,True,True,CSARPDTSTDTQYF,TGCAGTGCCCGTCCTGATACTAGCACAGATACGCAGTATTTT,528,5,clonotype14,clonotype14_consensus_2
GTGAAGGGTACCAGTT-1,True,GTGAAGGGTACCAGTT-1_contig_1,True,498,TRA,TRAV1-2,None,TRAJ33,TRAC,True,True,CAATDSNYQLIW,TGTGCTGCGACTGATAGCAACTATCAGTTAATCTGG,50,3,clonotype1,clonotype1_consensus_2
GTGAAGGGTACCAGTT-1,True,GTGAAGGGTACCAGTT-1_contig_2,True,498,TRB,TRBV20-1,None,TRBJ2-1,TRBC2,True,True,CSARVGSEVNEQFF,TGCAGTGCTAGAGTGGGGTCGGAAGTCAATGAGCAGTTCTTC,1762,5,clonotype1,clonotype1_consensus_1
GTGAAGGGTGTTTGTG-1,True,GTGAAGGGTGTTTGTG-1_contig_1,True,485,TRB,TRBV20-1,None,TRBJ2-1,TRBC2,True,True,CSARVGSEVNEQFF,TGCAGTGCTAGAGTGGGGTCGGAAGTCAATGAGCAGTTCTTC,188,3,clonotype2,clonotype2_consensus_1
GTGAAGGGTTACCAGT-1,True,GTGAAGGGTTACCAGT-1_contig_1,True,496,TRB,TRBV20-1,None,TRBJ2-1,TRBC2,True,True,CSARVGSEVNEQFF,TGCAGTGCTAGAGTGGGGTCGGAAGTCAATGAGCAGTTCTTC,1678,7,clonotype2,clonotype2_consensus_1
GTGAAGGGTTACCAGT-1,True,GTGAAGGGTTACCAGT-1_contig_2,True,465,TRA,TRAV10,None,TRAJ24,TRAC,True,False,None,None,59,2,clonotype2,None
GTGAAGGGTTGGGACA-1,True,GTGAAGGGTTGGGACA-1_contig_1,True,538,TRA,TRAV12-2,None,TRAJ22,TRAC,True,True,CAVQSARQLTF,TGTGCCGTGCAGAGCGCAAGGCAACTGACCTTT,957,5,clonotype344,clonotype344_consensus_3
GTGAAGGGTTGGGACA-1,True,GTGAAGGGTTGGGACA-1_contig_2,True,508,TRA,TRAV1-2,None,TRAJ33,TRAC,True,True,CAVREDSNYQLIW,TGTGCTGTGAGAGAGGATAGCAACTATCAGTTAATCTGG,746,6,clonotype344,clonotype344_consensus_2
GTGAAGGGTTGGGACA-1,True,GTGAAGGGTTGGGACA-1_contig_3,True,515,TRB,TRBV5-5,None,TRBJ1-4,TRBC1,True,True,CASSYGQGAGATNEKLFF,TGTGCCAGCAGCTATGGCCAGGGGGCGGGCGCAACTAATGAAAAACTGTTTTTT,3520,15,clonotype344,clonotype344_consensus_1
GTGAAGGGTTTAGCTG-1,True,GTGAAGGGTTTAGCTG-1_contig_1,True,505,TRA,TRAV1-2,None,TRAJ33,TRAC,True,True,CAATDSNYQLIW,TGTGCTGCGACTGATAGCAACTATCAGTTAATCTGG,270,5,clonotype1,clonotype1_consensus_2
GTGAAGGGTTTAGCTG-1,True,GTGAAGGGTTTAGCTG-1_contig_2,True,521,TRB,TRBV20-1,None,TRBJ2-1,TRBC2,True,True,CSARVGSEVNEQFF,TGCAGTGCTAGAGTGGGGTCGGAAGTCAATGAGCAGTTCTTC,2025,17,clonotype1,clonotype1_consensus_1
GTGAAGGTCATCATTC-1,True,GTGAAGGTCATCATTC-1_contig_1,True,521,TRB,TRBV20-1,None,TRBJ2-1,TRBC2,True,True,CSARVGSEVNEQFF,TGCAGTGCTAGAGTGGGGTCGGAAGTCAATGAGCAGTTCTTC,1432,4,clonotype2,clonotype2_consensus_1
GTGAAGGTCATCATTC-1,True,GTGAAGGTCATCATTC-1_contig_2,True,482,TRA,TRAV10,None,TRAJ24,TRAC,True,False,None,None,699,3,clonotype2,None
GTGAAGGTCCAAGCCG-1,True,GTGAAGGTCCAAGCCG-1_contig_1,True,505,TRA,TRAV1-2,None,TRAJ33,TRAC,True,True,CAATDSNYQLIW,TGTGCTGCGACTGATAGCAACTATCAGTTAATCTGG,247,2,clonotype1,clonotype1_consensus_2
GTGAAGGTCCAAGCCG-1,True,GTGAAGGTCCAAGCCG-1_contig_2,True,492,TRB,TRBV20-1,None,TRBJ2-1,TRBC2,True,True,CSARVGSEVNEQFF,TGCAGTGCTAGAGTGGGGTCGGAAGTCAATGAGCAGTTCTTC,1216,7,clonotype1,clonotype1_consensus_1
GTGAAGGTCGAATGCT-1,True,GTGAAGGTCGAATGCT-1_contig_1,True,505,TRA,TRAV1-2,None,TRAJ33,TRAC,True,True,CAVTDSNYQLIW,TGTGCTGTGACGGATAGCAACTATCAGTTAATCTGG,245,1,clonotype123,clonotype123_consensus_2
GTGAAGGTCGAATGCT-1,True,GTGAAGGTCGAATGCT-1_contig_2,True,498,TRB,TRBV20-1,None,TRBJ2-5,TRBC2,True,True,CSAKSGGAEETQYF,TGCAGTGCTAAGAGCGGGGGGGCGGAGGAGACCCAGTACTTC,3384,9,clonotype123,clonotype123_consensus_1
GTGAAGGTCTACTATC-1,True,GTGAAGGTCTACTATC-1_contig_1,True,502,TRA,TRAV1-2,None,TRAJ30,TRAC,True,True,CAVRDLREIIF,TGTGCTGTGAGAGATCTTCGGGAGATCATCTTT,192,3,clonotype3,clonotype3_consensus_2
GTGAAGGTCTACTATC-1,True,GTGAAGGTCTACTATC-1_contig_2,True,521,TRB,TRBV5-5,None,TRBJ1-4,TRBC1,True,True,CASSHPGPNYATNEKLFF,TGTGCCAGCAGCCATCCCGGACCGAACTACGCAACTAATGAAAAACTGTTTTTT,719,4,clonotype3,clonotype3_consensus_1
GTGAAGGTCTTACCGC-1,True,GTGAAGGTCTTACCGC-1_contig_1,True,683,TRB,TRBV5-6,None,TRBJ2-1,TRBC2,True,True,CASSGLRDRGLYNEQFF,TGTGCCAGCAGCGGACTCCGGGACAGGGGATTATACAATGAGCAGTTCTTC,456,4,clonotype2891,clonotype2891_consensus_1
GTGCAGCAGATGTTAG-1,True,GTGCAGCAGATGTTAG-1_contig_1,True,521,TRB,TRBV20-1,None,TRBJ2-1,TRBC2,True,True,CSARVGSEVNEQFF,TGCAGTGCTAGAGTGGGGTCGGAAGTCAATGAGCAGTTCTTC,7113,13,clonotype2,clonotype2_consensus_1
GTGCAGCAGCACAGGT-1,True,GTGCAGCAGCACAGGT-1_contig_1,True,492,TRB,TRBV20-1,None,TRBJ2-1,TRBC2,True,True,CSARVGSEVNEQFF,TGCAGTGCTAGAGTGGGGTCGGAAGTCAATGAGCAGTTCTTC,1301,9,clonotype2,clonotype2_consensus_1
GTGCAGCAGCGATGAC-1,True,GTGCAGCAGCGATGAC-1_contig_1,True,524,TRB,TRBV20-1,None,TRBJ2-5,TRBC2,True,True,CSARVARGARETQYF,TGCAGTGCTCGGGTAGCGCGGGGGGCCCGGGAGACCCAGTACTTC,3990,13,clonotype2892,clonotype2892_consensus_1
GTGCAGCAGCGATGAC-1,True,GTGCAGCAGCGATGAC-1_contig_2,True,639,TRA,TRAV26-1,None,TRAJ12,TRAC,True,True,CIVRGSVDSSYKLIF,TGCATCGTCAGAGGGTCAGTAGATAGCAGCTATAAATTGATCTTC,287,1,clonotype2892,clonotype2892_consensus_2
GTGCAGCAGCGCCTCA-1,True,GTGCAGCAGCGCCTCA-1_contig_1,True,505,TRA,TRAV1-2,None,TRAJ33,TRAC,True,True,CAATDSNYQLIW,TGTGCTGCGACTGATAGCAACTATCAGTTAATCTGG,534,3,clonotype1,clonotype1_consensus_2
GTGCAGCAGCGCCTCA-1,True,GTGCAGCAGCGCCTCA-1_contig_2,True,521,TRB,TRBV20-1,None,TRBJ2-1,TRBC2,True,True,CSARVGSEVNEQFF,TGCAGTGCTAGAGTGGGGTCGGAAGTCAATGAGCAGTTCTTC,1542,7,clonotype1,clonotype1_consensus_1
GTGCAGCAGCGCCTCA-1,True,GTGCAGCAGCGCCTCA-1_contig_3,True,482,TRA,TRAV10,None,TRAJ24,TRAC,True,False,None,None,388,4,clonotype1,None
GTGCAGCAGCTTATCG-1,True,GTGCAGCAGCTTATCG-1_contig_1,True,518,TRB,TRBV20-1,None,TRBJ1-5,TRBC1,True,True,CSASGQGNQPQHF,TGCAGTGCTAGTGGGCAGGGTAATCAGCCCCAGCATTTT,2658,10,clonotype2893,clonotype2893_consensus_1
GTGCAGCAGCTTATCG-1,True,GTGCAGCAGCTTATCG-1_contig_2,True,477,TRA,TRAV36/DV7,None,TRAJ40,TRAC,True,True,CAAQEGTYKYIF,TGTGCTGCCCAGGAAGGAACCTACAAATACATCTTT,1321,3,clonotype2893,clonotype2893_consensus_2
GTGCAGCAGCTTATCG-1,True,GTGCAGCAGCTTATCG-1_contig_3,True,403,TRA,TRAV38-1,None,TRAJ54,None,True,False,CAFPQGAQKLVF,TGTGCTTTCCCTCAGGGAGCCCAGAAGCTGGTATTT,38,1,clonotype2893,None
GTGCAGCAGGACATTA-1,True,GTGCAGCAGGACATTA-1_contig_1,True,498,TRB,TRBV20-1,None,TRBJ2-1,TRBC2,True,True,CSARVGSEVNEQFF,TGCAGTGCTAGAGTGGGGTCGGAAGTCAATGAGCAGTTCTTC,1135,9,clonotype2,clonotype2_consensus_1
GTGCAGCAGTGTACCT-1,True,GTGCAGCAGTGTACCT-1_contig_1,True,498,TRB,TRBV20-1,None,TRBJ2-3,TRBC2,True,True,CSARGGGVPDTQYF,TGCAGTGCTAGAGGGGGAGGGGTCCCAGATACGCAGTATTTT,2777,8,clonotype2894,clonotype2894_consensus_1
GTGCAGCCAACACCCG-1,True,GTGCAGCCAACACCCG-1_contig_1,True,485,TRA,TRAV20,None,TRAJ17,TRAC,True,True,CAIAAAGNKLTF,TGTGCCATCGCCGCTGCAGGCAACAAGCTAACTTTT,2387,7,clonotype2895,clonotype2895_consensus_2
GTGCAGCCAACACCCG-1,True,GTGCAGCCAACACCCG-1_contig_2,True,506,TRB,TRBV6-1,None,TRBJ1-5,TRBC1,True,True,CASSEAWGNQPQHF,TGTGCCAGCAGTGAAGCGTGGGGAAATCAGCCCCAGCATTTT,4061,13,clonotype2895,clonotype2895_consensus_1
GTGCAGCCACCAGGCT-1,True,GTGCAGCCACCAGGCT-1_contig_1,True,527,TRB,TRBV20-1,None,TRBJ2-1,TRBC2,True,True,CSARDPGQSSYNEQFF,TGCAGTGCTAGAGATCCAGGACAGAGCTCCTACAATGAGCAGTTCTTC,989,7,clonotype2896,clonotype2896_consensus_1
GTGCAGCCACGTCAGC-1,True,GTGCAGCCACGTCAGC-1_contig_1,True,547,TRA,TRAV12-1,None,TRAJ39,TRAC,True,True,CVVTRGNAGNMLTF,TGTGTGGTGACCCGGGGTAATGCAGGCAACATGCTCACCTTT,462,2,clonotype2897,clonotype2897_consensus_2
GTGCAGCCACGTCAGC-1,True,GTGCAGCCACGTCAGC-1_contig_2,True,662,TRB,TRBV5-6,None,TRBJ1-1,None,True,True,CASSLKRGWNTEAFF,TGTGCCAGCAGCTTGAAAAGGGGGTGGAACACTGAAGCTTTCTTT,693,2,clonotype2897,clonotype2897_consensus_1
GTGCAGCCACGTCAGC-1,True,GTGCAGCCACGTCAGC-1_contig_3,True,485,TRB,TRBV12-5,None,TRBJ2-5,TRBC2,True,False,CITRAETQYF,TGTATCACCCGGGCCGAGACCCAGTACTTC,69,2,clonotype2897,None
GTGCAGCCAGGTCTCG-1,True,GTGCAGCCAGGTCTCG-1_contig_1,True,553,TRA,TRAV12-2,None,TRAJ45,TRAC,True,True,CAVNLRRGGGADGLTF,TGTGCCGTGAACCTCCGACGGGGAGGAGGTGCTGACGGACTCACCTTT,2843,5,clonotype2898,clonotype2898_consensus_3
GTGCAGCCAGGTCTCG-1,True,GTGCAGCCAGGTCTCG-1_contig_2,True,502,TRB,TRBV7-2,None,TRBJ2-2,TRBC2,True,True,CASRVGSANTGELFF,TGTGCCAGCAGGGTGGGGTCCGCGAACACCGGGGAGCTGTTTTTT,3251,18,clonotype2898,clonotype2898_consensus_2
GTGCAGCCAGGTCTCG-1,True,GTGCAGCCAGGTCTCG-1_contig_3,True,526,TRA,TRAV29/DV5,None,TRAJ42,TRAC,True,True,CAASNVYGGSQGNLIF,TGTGCAGCAAGCAACGTTTATGGAGGAAGCCAAGGAAATCTCATCTTT,1884,5,clonotype2898,clonotype2898_consensus_1
GTGCAGCCAGGTCTCG-1,True,GTGCAGCCAGGTCTCG-1_contig_4,True,483,TRB,TRBV5-5,None,TRBJ1-2,TRBC1,True,True,CASSLEPRDRGSTF,TGTGCCAGCAGCTTGGAGCCCCGGGACAGGGGATCCACCTTC,2514,4,clonotype2898,clonotype2898_consensus_4
GTGCAGCCAGGTCTCG-1,True,GTGCAGCCAGGTCTCG-1_contig_5,True,460,TRA,TRAV13-1,None,TRAJ44,TRAC,True,False,None,None,167,1,clonotype2898,None
GTGCAGCCATACTCTT-1,True,GTGCAGCCATACTCTT-1_contig_1,True,713,TRB,TRBV5-6,None,TRBJ2-3,TRBC2,True,True,CASSVTGRGSTDTQYF,TGTGCCAGCAGCGTGACAGGGAGGGGAAGCACAGATACGCAGTATTTT,692,5,clonotype2899,clonotype2899_consensus_1
GTGCAGCCATACTCTT-1,True,GTGCAGCCATACTCTT-1_contig_2,True,539,TRA,TRAV27,None,TRAJ37,TRAC,True,True,CAGWGQRGSSNTGKLIF,TGTGCAGGCTGGGGCCAAAGAGGCTCTAGCAACACAGGCAAACTAATCTTT,8088,6,clonotype2899,clonotype2899_consensus_2
GTGCAGCCATCAGTCA-1,True,GTGCAGCCATCAGTCA-1_contig_1,True,505,TRA,TRAV1-2,None,TRAJ33,TRAC,True,True,CAATDSNYQLIW,TGTGCTGCGACTGATAGCAACTATCAGTTAATCTGG,670,3,clonotype1,clonotype1_consensus_2
GTGCAGCCATCAGTCA-1,True,GTGCAGCCATCAGTCA-1_contig_2,True,518,TRB,TRBV20-1,None,TRBJ2-1,TRBC2,True,True,CSARVGSEVNEQFF,TGCAGTGCTAGAGTGGGGTCGGAAGTCAATGAGCAGTTCTTC,2002,8,clonotype1,clonotype1_consensus_1
GTGCAGCGTCATCCCT-1,True,GTGCAGCGTCATCCCT-1_contig_1,True,456,TRA,TRAV13-1,None,TRAJ8,TRAC,True,True,CAASKGFQKLVF,TGTGCAGCAAGTAAAGGCTTTCAGAAACTTGTATTT,694,3,clonotype2900,clonotype2900_consensus_1
GTGCAGCGTCATCCCT-1,True,GTGCAGCGTCATCCCT-1_contig_2,True,492,TRB,TRBV5-5,None,TRBJ2-5,TRBC2,True,True,CASSLGGRGEETQYF,TGTGCCAGCAGCTTGGGAGGCAGGGGCGAAGAGACCCAGTACTTC,1771,5,clonotype2900,clonotype2900_consensus_2
GTGCAGCGTCCGAATT-1,True,GTGCAGCGTCCGAATT-1_contig_1,True,502,TRA,TRAV1-2,None,TRAJ30,TRAC,True,True,CAVRDLREIIF,TGTGCTGTGAGAGATCTTCGGGAGATCATCTTT,552,4,clonotype3,clonotype3_consensus_2
GTGCAGCGTCCGAATT-1,True,GTGCAGCGTCCGAATT-1_contig_2,True,718,TRB,TRBV5-5,None,TRBJ1-4,TRBC1,True,True,CASSHPGPNYATNEKLFF,TGTGCCAGCAGCCATCCCGGACCGAACTACGCAACTAATGAAAAACTGTTTTTT,1311,6,clonotype3,clonotype3_consensus_1
GTGCAGCGTCTAACGT-1,True,GTGCAGCGTCTAACGT-1_contig_1,True,521,TRB,TRBV20-1,None,TRBJ2-1,TRBC2,True,True,CSARVGSEVNEQFF,TGCAGTGCTAGAGTGGGGTCGGAAGTCAATGAGCAGTTCTTC,637,5,clonotype2,clonotype2_consensus_1
GTGCAGCGTGAAGGCT-1,True,GTGCAGCGTGAAGGCT-1_contig_1,True,570,TRA,TRAV8-4,None,TRAJ37,TRAC,True,True,CAVTPLSNTGKLIF,TGTGCTGTGACACCCCTGAGCAACACAGGCAAACTAATCTTT,2134,10,clonotype303,clonotype303_consensus_3
GTGCAGCGTGAAGGCT-1,True,GTGCAGCGTGAAGGCT-1_contig_2,True,527,TRB,TRBV20-1,None,TRBJ1-5,TRBC1,True,True,CSARDLRQGSNQPQHF,TGCAGTGCTAGAGATCTCAGGCAGGGTAGCAATCAGCCCCAGCATTTT,2499,8,clonotype303,clonotype303_consensus_1
GTGCAGCGTGAAGGCT-1,True,GTGCAGCGTGAAGGCT-1_contig_3,True,564,TRA,TRAV8-4,None,TRAJ43,TRAC,True,True,CAVRPTHNDMRF,TGTGCTGTGAGACCCACTCACAATGACATGCGCTTT,310,4,clonotype303,clonotype303_consensus_2
GTGCAGCGTGAAGGCT-1,True,GTGCAGCGTGAAGGCT-1_contig_4,True,314,TRB,None,None,TRBJ1-1,TRBC1,False,False,None,None,3106,8,clonotype303,None
GTGCAGCGTGTGTGCC-1,True,GTGCAGCGTGTGTGCC-1_contig_1,True,505,TRA,TRAV1-2,None,TRAJ33,TRAC,True,True,CAATDSNYQLIW,TGTGCTGCGACTGATAGCAACTATCAGTTAATCTGG,1285,2,clonotype1,clonotype1_consensus_2
GTGCAGCGTGTGTGCC-1,True,GTGCAGCGTGTGTGCC-1_contig_2,True,485,TRB,TRBV20-1,None,TRBJ2-1,TRBC2,True,True,CSARVGSEVNEQFF,TGCAGTGCTAGAGTGGGGTCGGAAGTCAATGAGCAGTTCTTC,553,2,clonotype1,clonotype1_consensus_1
GTGCAGCTCAACGCTA-1,True,GTGCAGCTCAACGCTA-1_contig_1,True,505,TRA,TRAV1-2,None,TRAJ33,TRAC,True,True,CAATDSNYQLIW,TGTGCTGCGACTGATAGCAACTATCAGTTAATCTGG,352,4,clonotype8,clonotype8_consensus_1
GTGCAGCTCAAGGCTT-1,True,GTGCAGCTCAAGGCTT-1_contig_1,True,518,TRB,TRBV5-5,None,TRBJ1-1,TRBC1,True,True,CASSLDLNTEAFF,TGTGCCAGCAGCTTGGACCTTAACACTGAAGCTTTCTTT,1288,6,clonotype2901,clonotype2901_consensus_1
GTGCATAAGAAGGCCT-1,True,GTGCATAAGAAGGCCT-1_contig_1,True,505,TRA,TRAV1-2,None,TRAJ33,TRAC,True,True,CAATDSNYQLIW,TGTGCTGCGACTGATAGCAACTATCAGTTAATCTGG,465,2,clonotype1,clonotype1_consensus_2
GTGCATAAGAAGGCCT-1,True,GTGCATAAGAAGGCCT-1_contig_2,True,521,TRB,TRBV20-1,None,TRBJ2-1,TRBC2,True,True,CSARVGSEVNEQFF,TGCAGTGCTAGAGTGGGGTCGGAAGTCAATGAGCAGTTCTTC,2633,11,clonotype1,clonotype1_consensus_1
GTGCATAAGAAGGCCT-1,True,GTGCATAAGAAGGCCT-1_contig_3,True,465,TRA,TRAV10,None,TRAJ24,TRAC,True,False,None,None,563,2,clonotype1,None
GTGCATAAGATCGATA-1,True,GTGCATAAGATCGATA-1_contig_1,True,505,TRA,TRAV1-2,None,TRAJ33,TRAC,True,True,CAATDSNYQLIW,TGTGCTGCGACTGATAGCAACTATCAGTTAATCTGG,941,4,clonotype1,clonotype1_consensus_2
GTGCATAAGATCGATA-1,True,GTGCATAAGATCGATA-1_contig_2,True,514,TRB,TRBV20-1,None,TRBJ2-1,TRBC2,True,True,CSARVGSEVNEQFF,TGCAGTGCTAGAGTGGGGTCGGAAGTCAATGAGCAGTTCTTC,2988,8,clonotype1,clonotype1_consensus_1
GTGCATAAGATCGATA-1,True,GTGCATAAGATCGATA-1_contig_3,True,465,TRA,TRAV10,None,TRAJ24,TRAC,True,False,None,None,389,3,clonotype1,None
GTGCATAAGCCAGAAC-1,True,GTGCATAAGCCAGAAC-1_contig_1,True,505,TRA,TRAV1-2,None,TRAJ33,TRAC,True,True,CAATDSNYQLIW,TGTGCTGCGACTGATAGCAACTATCAGTTAATCTGG,157,2,clonotype1,clonotype1_consensus_2
GTGCATAAGCCAGAAC-1,True,GTGCATAAGCCAGAAC-1_contig_2,True,514,TRB,TRBV20-1,None,TRBJ2-1,TRBC2,True,True,CSARVGSEVNEQFF,TGCAGTGCTAGAGTGGGGTCGGAAGTCAATGAGCAGTTCTTC,1576,6,clonotype1,clonotype1_consensus_1
GTGCATAAGCGATATA-1,True,GTGCATAAGCGATATA-1_contig_1,True,567,TRA,TRAV8-4,None,TRAJ8,TRAC,True,True,CAVSREGFQKLVF,TGTGCTGTGAGCCGCGAGGGCTTTCAGAAACTTGTATTT,937,7,clonotype2902,clonotype2902_consensus_2
GTGCATAAGCGATATA-1,True,GTGCATAAGCGATATA-1_contig_2,True,666,TRB,TRBV5-6,None,TRBJ1-3,TRBC1,True,True,CASSPASGRLSGNTIYF,TGTGCCAGCAGCCCCGCTTCGGGGCGCCTCTCTGGAAACACCATATATTTT,2647,7,clonotype2902,clonotype2902_consensus_1
GTGCATAAGGTGCTTT-1,True,GTGCATAAGGTGCTTT-1_contig_1,True,501,TRB,TRBV20-1,None,TRBJ2-1,TRBC2,True,True,CSARDVQRGGYEQFF,TGCAGTGCTAGAGATGTACAGCGGGGGGGCTATGAGCAGTTCTTC,1690,10,clonotype2903,clonotype2903_consensus_1
GTGCATAAGGTGCTTT-1,True,GTGCATAAGGTGCTTT-1_contig_2,True,523,TRA,TRAV21,None,TRAJ42,TRAC,True,True,CAVPEGGGSQGNLIF,TGTGCTGTTCCTGAGGGTGGAGGAAGCCAAGGAAATCTCATCTTT,2295,8,clonotype2903,clonotype2903_consensus_2
GTGCATAAGTCAAGGC-1,True,GTGCATAAGTCAAGGC-1_contig_1,True,466,TRA,TRAV1-2,None,TRAJ30,None,True,True,CAVRDLREIIF,TGTGCTGTGAGAGATCTTCGGGAGATCATCTTT,138,1,clonotype35,clonotype35_consensus_2
GTGCATAAGTCAAGGC-1,True,GTGCATAAGTCAAGGC-1_contig_2,True,521,TRB,TRBV20-1,None,TRBJ2-1,TRBC2,True,True,CSARVGSEVNEQFF,TGCAGTGCTAGAGTGGGGTCGGAAGTCAATGAGCAGTTCTTC,725,6,clonotype35,clonotype35_consensus_1
GTGCATAAGTCCAGGA-1,True,GTGCATAAGTCCAGGA-1_contig_1,True,521,TRB,TRBV20-1,None,TRBJ2-1,TRBC2,True,True,CSARVGSEVNEQFF,TGCAGTGCTAGAGTGGGGTCGGAAGTCAATGAGCAGTTCTTC,2361,5,clonotype2,clonotype2_consensus_1
GTGCATAAGTCCAGGA-1,True,GTGCATAAGTCCAGGA-1_contig_2,True,459,TRA,TRAV10,None,TRAJ24,TRAC,True,False,None,None,299,1,clonotype2,None
GTGCATAAGTCGATAA-1,True,GTGCATAAGTCGATAA-1_contig_1,True,515,TRB,TRBV20-1,None,TRBJ1-1,TRBC1,True,True,CSAREANTEAFF,TGCAGTGCTAGAGAGGCTAACACTGAAGCTTTCTTT,2928,6,clonotype141,clonotype141_consensus_1
GTGCATAAGTGGCACA-1,True,GTGCATAAGTGGCACA-1_contig_1,True,509,TRA,TRAV13-2,None,TRAJ13,TRAC,True,True,CADSVGGYQKVTF,TGTGCAGACTCCGTAGGGGGTTACCAGAAAGTTACCTTT,879,7,clonotype2904,clonotype2904_consensus_1
GTGCATAAGTGGCACA-1,True,GTGCATAAGTGGCACA-1_contig_2,True,501,TRB,TRBV20-1,None,TRBJ2-5,TRBC2,True,True,CSARPPGVTQETQYF,TGCAGTGCTAGGCCTCCGGGGGTCACCCAAGAGACCCAGTACTTC,5946,20,clonotype2904,clonotype2904_consensus_2
GTGCATACAAACTGTC-1,True,GTGCATACAAACTGTC-1_contig_1,True,505,TRA,TRAV1-2,None,TRAJ33,TRAC,True,True,CAATDSNYQLIW,TGTGCTGCGACTGATAGCAACTATCAGTTAATCTGG,163,4,clonotype1,clonotype1_consensus_2
GTGCATACAAACTGTC-1,True,GTGCATACAAACTGTC-1_contig_2,True,498,TRB,TRBV20-1,None,TRBJ2-1,TRBC2,True,True,CSARVGSEVNEQFF,TGCAGTGCTAGAGTGGGGTCGGAAGTCAATGAGCAGTTCTTC,1433,8,clonotype1,clonotype1_consensus_1
GTGCATACAAGCCGCT-1,True,GTGCATACAAGCCGCT-1_contig_1,True,472,TRB,TRBV5-6,None,TRBJ2-2,TRBC2,True,True,CASSSPTGELFF,TGTGCCAGCAGCTCCCCCACCGGGGAGCTGTTTTTT,2670,9,clonotype311,clonotype311_consensus_1
GTGCATACAAGCCGCT-1,True,GTGCATACAAGCCGCT-1_contig_2,True,446,TRA,TRAV9-2,None,TRAJ15,TRAC,True,True,CALRGQAGTALIF,TGTGCTCTGAGAGGGCAGGCAGGAACTGCTCTGATCTTT,1097,4,clonotype311,clonotype311_consensus_2
GTGCATACAAGCCGCT-1,True,GTGCATACAAGCCGCT-1_contig_3,True,482,TRA,TRAV13-2,None,TRAJ32,TRAC,True,False,CRVSGGATNKLIF,TGCAGAGTATCAGGTGGTGCTACAAACAAGCTCATCTTT,801,2,clonotype311,None
GTGCATACATGCCTAA-1,True,GTGCATACATGCCTAA-1_contig_1,True,519,TRB,TRBV5-5,None,TRBJ1-3,TRBC1,True,True,CASSFSTGKAGNTIYF,TGTGCCAGCAGCTTTTCAACAGGTAAAGCTGGAAACACCATATATTTT,4848,16,clonotype2905,clonotype2905_consensus_2
GTGCATACATGCCTAA-1,True,GTGCATACATGCCTAA-1_contig_2,True,521,TRB,TRBV20-1,None,TRBJ1-1,TRBC1,True,True,CSARLMDSRPEAFF,TGCAGTGCTAGACTAATGGACAGTCGCCCTGAAGCTTTCTTT,5050,14,clonotype2905,clonotype2905_consensus_1
GTGCATACATGCCTAA-1,True,GTGCATACATGCCTAA-1_contig_3,True,498,TRA,TRAV12-3,None,TRAJ23,TRAC,True,True,CATPRNQGGKLIF,TGTGCAACGCCACGGAACCAGGGAGGAAAGCTTATCTTC,2258,10,clonotype2905,clonotype2905_consensus_3
GTGCATACATGCCTAA-1,True,GTGCATACATGCCTAA-1_contig_4,True,499,TRA,TRAV1-2,None,TRAJ23,TRAC,True,True,CAVQGGKLIF,TGTGCTGTGCAGGGAGGAAAGCTTATCTTC,788,4,clonotype2905,clonotype2905_consensus_4
GTGCATACATGCCTAA-1,True,GTGCATACATGCCTAA-1_contig_5,True,409,TRA,TRAV1-1,None,TRAJ30,TRAC,True,False,None,None,337,2,clonotype2905,None
GTGCATACATGCCTAA-1,True,GTGCATACATGCCTAA-1_contig_6,True,433,TRA,TRAV2,None,TRAJ29,None,True,False,CCLLLCCAPRSQNSGNTPLVF,TGCTGTTTACTACTGTGCTGTGCCCCGAGATCTCAAAATTCAGGAAACACACCTCTTGTCTTT,317,1,clonotype2905,None
GTGCATAGTAAACCTC-1,True,GTGCATAGTAAACCTC-1_contig_1,True,505,TRA,TRAV1-2,None,TRAJ33,TRAC,True,True,CAATDSNYQLIW,TGTGCTGCGACTGATAGCAACTATCAGTTAATCTGG,301,3,clonotype1,clonotype1_consensus_2
GTGCATAGTAAACCTC-1,True,GTGCATAGTAAACCTC-1_contig_2,True,521,TRB,TRBV20-1,None,TRBJ2-1,TRBC2,True,True,CSARVGSEVNEQFF,TGCAGTGCTAGAGTGGGGTCGGAAGTCAATGAGCAGTTCTTC,728,6,clonotype1,clonotype1_consensus_1
GTGCATAGTAAACCTC-1,True,GTGCATAGTAAACCTC-1_contig_3,True,467,TRA,TRAV10,None,TRAJ24,TRAC,True,False,None,None,159,2,clonotype1,None
GTGCATAGTTCAGACT-1,True,GTGCATAGTTCAGACT-1_contig_1,True,502,TRA,TRAV23/DV6,None,TRAJ58,TRAC,True,True,CAASGGSRLTF,TGTGCAGCAAGCGGTGGCTCTAGGTTGACCTTT,165,6,clonotype2906,clonotype2906_consensus_1
GTGCATAGTTCAGACT-1,True,GTGCATAGTTCAGACT-1_contig_2,True,530,TRB,TRBV20-1,None,TRBJ1-5,TRBC1,True,True,CSAQRGQGADSNQPQHF,TGCAGTGCCCAGCGGGGACAGGGGGCGGATAGCAATCAGCCCCAGCATTTT,3724,11,clonotype2906,clonotype2906_consensus_2
GTGCATAGTTGCCTCT-1,True,GTGCATAGTTGCCTCT-1_contig_1,True,658,TRB,TRBV5-6,None,TRBJ1-1,TRBC1,True,True,CASREAWGSTEAFF,TGTGCCAGCAGAGAGGCCTGGGGAAGTACTGAAGCTTTCTTT,1414,2,clonotype2907,clonotype2907_consensus_1
GTGCATATCAGGCCCA-1,True,GTGCATATCAGGCCCA-1_contig_1,True,518,TRA,TRAV13-2,None,TRAJ37,TRAC,True,True,CAENPPRSSNTGKLIF,TGTGCAGAGAATCCTCCGAGGTCTAGCAACACAGGCAAACTAATCTTT,381,3,clonotype2908,clonotype2908_consensus_1
GTGCATATCAGGCCCA-1,True,GTGCATATCAGGCCCA-1_contig_2,True,512,TRB,TRBV5-5,None,TRBJ1-6,TRBC1,True,True,CASSLELGRSYNSPLHF,TGTGCCAGCAGCTTGGAATTGGGGCGCTCCTATAATTCACCCCTCCACTTT,3776,7,clonotype2908,clonotype2908_consensus_2
GTGCATATCATTTGGG-1,True,GTGCATATCATTTGGG-1_contig_1,True,462,TRA,TRAV13-1,None,TRAJ5,TRAC,True,True,CAASQSKGRRALTF,TGTGCAGCAAGTCAGTCAAAGGGCAGGAGAGCACTTACTTTT,1776,6,clonotype2909,clonotype2909_consensus_1
GTGCATATCATTTGGG-1,True,GTGCATATCATTTGGG-1_contig_2,True,661,TRB,TRBV5-6,None,TRBJ2-3,TRBC2,True,True,CASSISSGGVTDTQYF,TGTGCCAGCAGCATCAGTAGCGGGGGGGTCACAGATACGCAGTATTTT,779,6,clonotype2909,clonotype2909_consensus_2
GTGCATATCCAAAGTC-1,True,GTGCATATCCAAAGTC-1_contig_1,True,535,TRA,TRAV26-1,None,TRAJ24,TRAC,True,True,CIVRPDFMTTDSWGKFQF,TGCATCGTCAGACCCGACTTCATGACAACTGACAGCTGGGGGAAATTCCAGTTT,885,5,clonotype2910,clonotype2910_consensus_3
GTGCATATCCAAAGTC-1,True,GTGCATATCCAAAGTC-1_contig_2,True,518,TRB,TRBV20-1,None,TRBJ1-4,TRBC1,True,True,CSARETGPEKLFF,TGCAGTGCTAGGGAGACAGGGCCCGAAAAACTGTTTTTT,1214,9,clonotype2910,clonotype2910_consensus_1
GTGCATATCCAAAGTC-1,True,GTGCATATCCAAAGTC-1_contig_3,True,487,TRA,TRAV38-1,None,TRAJ43,TRAC,True,True,CAFMKHAAGNDMRF,TGTGCTTTCATGAAGCATGCGGCGGGCAATGACATGCGCTTT,947,5,clonotype2910,clonotype2910_consensus_2
GTGCATATCCAAAGTC-1,True,GTGCATATCCAAAGTC-1_contig_4,True,410,TRA,TRAV13-2,None,TRAJ42,TRAC,True,False,None,None,369,3,clonotype2910,None
GTGCATATCCGTAGGC-1,True,GTGCATATCCGTAGGC-1_contig_1,True,498,TRA,TRAV1-2,None,TRAJ33,TRAC,True,True,CAATDSNYQLIW,TGTGCTGCGACTGATAGCAACTATCAGTTAATCTGG,339,1,clonotype1,clonotype1_consensus_2
GTGCATATCCGTAGGC-1,True,GTGCATATCCGTAGGC-1_contig_2,True,521,TRB,TRBV20-1,None,TRBJ2-1,TRBC2,True,True,CSARVGSEVNEQFF,TGCAGTGCTAGAGTGGGGTCGGAAGTCAATGAGCAGTTCTTC,3265,16,clonotype1,clonotype1_consensus_1
GTGCATATCCGTAGGC-1,True,GTGCATATCCGTAGGC-1_contig_3,True,482,TRA,TRAV10,None,TRAJ24,TRAC,True,False,None,None,586,3,clonotype1,None
GTGCATATCCTATGTT-1,True,GTGCATATCCTATGTT-1_contig_1,True,505,TRA,TRAV1-2,None,TRAJ33,TRAC,True,True,CAATDSNYQLIW,TGTGCTGCGACTGATAGCAACTATCAGTTAATCTGG,209,6,clonotype1,clonotype1_consensus_2
GTGCATATCCTATGTT-1,True,GTGCATATCCTATGTT-1_contig_2,True,498,TRB,TRBV20-1,None,TRBJ2-1,TRBC2,True,True,CSARVGSEVNEQFF,TGCAGTGCTAGAGTGGGGTCGGAAGTCAATGAGCAGTTCTTC,1313,9,clonotype1,clonotype1_consensus_1
GTGCATATCGCATGAT-1,True,GTGCATATCGCATGAT-1_contig_1,True,521,TRB,TRBV20-1,None,TRBJ2-1,TRBC2,True,True,CSARVGSEVNEQFF,TGCAGTGCTAGAGTGGGGTCGGAAGTCAATGAGCAGTTCTTC,533,3,clonotype2,clonotype2_consensus_1
GTGCATATCGCATGAT-1,True,GTGCATATCGCATGAT-1_contig_2,True,482,TRA,TRAV10,None,TRAJ24,TRAC,True,False,None,None,509,2,clonotype2,None
GTGCGGTAGCCATCGC-1,True,GTGCGGTAGCCATCGC-1_contig_1,True,521,TRB,TRBV20-1,None,TRBJ1-1,TRBC1,True,True,CSASGTGGVTEAFF,TGCAGTGCTAGCGGGACAGGGGGAGTCACTGAAGCTTTCTTT,5122,16,clonotype2911,clonotype2911_consensus_1
GTGCGGTAGCCATCGC-1,True,GTGCGGTAGCCATCGC-1_contig_2,True,492,TRA,TRAV9-2,None,TRAJ11,TRAC,True,True,CALSDMGYSTLTF,TGTGCTCTGAGTGATATGGGATACAGCACCCTCACCTTT,2411,6,clonotype2911,clonotype2911_consensus_2
GTGCGGTAGCCATCGC-1,True,GTGCGGTAGCCATCGC-1_contig_3,True,307,TRB,None,None,TRBJ2-7,TRBC2,False,False,None,None,812,7,clonotype2911,None
GTGCGGTAGCGATAGC-1,True,GTGCGGTAGCGATAGC-1_contig_1,True,518,TRB,TRBV20-1,None,TRBJ1-1,TRBC1,True,True,CSARGSMNTEAFF,TGCAGTGCTCGCGGCAGCATGAACACTGAAGCTTTCTTT,2386,8,clonotype2912,clonotype2912_consensus_1
GTGCGGTAGCGATAGC-1,True,GTGCGGTAGCGATAGC-1_contig_2,True,314,TRB,None,None,TRBJ2-5,TRBC2,False,False,None,None,481,11,clonotype2912,None
GTGCGGTAGGAACTGC-1,True,GTGCGGTAGGAACTGC-1_contig_1,True,505,TRA,TRAV1-2,None,TRAJ33,TRAC,True,True,CAATDSNYQLIW,TGTGCTGCGACTGATAGCAACTATCAGTTAATCTGG,1011,5,clonotype1,clonotype1_consensus_2
GTGCGGTAGGAACTGC-1,True,GTGCGGTAGGAACTGC-1_contig_2,True,498,TRB,TRBV20-1,None,TRBJ2-1,TRBC2,True,True,CSARVGSEVNEQFF,TGCAGTGCTAGAGTGGGGTCGGAAGTCAATGAGCAGTTCTTC,1453,6,clonotype1,clonotype1_consensus_1
GTGCGGTAGGGTCTCC-1,True,GTGCGGTAGGGTCTCC-1_contig_1,True,521,TRB,TRBV20-1,None,TRBJ2-1,TRBC2,True,True,CSARVGSEVNEQFF,TGCAGTGCTAGAGTGGGGTCGGAAGTCAATGAGCAGTTCTTC,1849,7,clonotype2,clonotype2_consensus_1
GTGCGGTAGTAGCCGA-1,True,GTGCGGTAGTAGCCGA-1_contig_1,True,515,TRB,TRBV20-1,None,TRBJ1-6,TRBC1,True,True,CSARQGNSPLHF,TGCAGTGCTAGACAGGGGAATTCACCCCTCCACTTT,2303,12,clonotype61,clonotype61_consensus_2
GTGCGGTAGTAGCCGA-1,True,GTGCGGTAGTAGCCGA-1_contig_2,True,459,TRA,TRAV13-1,None,TRAJ15,TRAC,True,True,CAASNQAGTALIF,TGTGCAGCAAGTAACCAGGCAGGAACTGCTCTGATCTTT,287,5,clonotype61,clonotype61_consensus_1
GTGCGGTAGTAGTGCG-1,True,GTGCGGTAGTAGTGCG-1_contig_1,True,505,TRA,TRAV1-2,None,TRAJ33,TRAC,True,True,CAATDSNYQLIW,TGTGCTGCGACTGATAGCAACTATCAGTTAATCTGG,873,6,clonotype1,clonotype1_consensus_2
GTGCGGTAGTAGTGCG-1,True,GTGCGGTAGTAGTGCG-1_contig_2,True,521,TRB,TRBV20-1,None,TRBJ2-1,TRBC2,True,True,CSARVGSEVNEQFF,TGCAGTGCTAGAGTGGGGTCGGAAGTCAATGAGCAGTTCTTC,2015,14,clonotype1,clonotype1_consensus_1
GTGCGGTAGTGTCTCA-1,True,GTGCGGTAGTGTCTCA-1_contig_1,True,488,TRA,TRAV34,None,TRAJ29,TRAC,True,True,CGADSSGNTPLVF,TGTGGAGCAGACTCCTCAGGAAACACACCTCTTGTCTTT,1149,6,clonotype2913,clonotype2913_consensus_1
GTGCGGTAGTGTCTCA-1,True,GTGCGGTAGTGTCTCA-1_contig_2,True,483,TRB,TRBV5-5,None,TRBJ1-2,TRBC1,True,True,CASSLAVTSYGYTF,TGTGCCAGCAGCTTGGCCGTCACGAGCTATGGCTACACCTTC,10895,12,clonotype2913,clonotype2913_consensus_2
GTGCGGTAGTGTCTCA-1,True,GTGCGGTAGTGTCTCA-1_contig_3,True,313,TRB,None,None,TRBJ1-5,TRBC1,False,False,None,None,1273,3,clonotype2913,None
GTGCGGTCACATTTCT-1,True,GTGCGGTCACATTTCT-1_contig_1,True,498,TRB,TRBV20-1,None,TRBJ2-1,TRBC2,True,True,CSARDTGGGYEQFF,TGCAGTGCTAGAGATACCGGGGGTGGATATGAGCAGTTCTTC,4324,9,clonotype2914,clonotype2914_consensus_1
GTGCGGTCACATTTCT-1,True,GTGCGGTCACATTTCT-1_contig_2,True,479,TRA,TRAV38-1,None,TRAJ45,TRAC,True,True,CAFMKRVGGGADGLTF,TGTGCTTTCATGAAAAGGGTGGGAGGAGGTGCTGACGGACTCACCTTT,673,2,clonotype2914,clonotype2914_consensus_2
GTGCGGTCACATTTCT-1,True,GTGCGGTCACATTTCT-1_contig_3,True,455,TRA,TRAV21,None,TRAJ10,TRAC,True,False,None,None,357,2,clonotype2914,None
GTGCGGTCACTGAAGG-1,True,GTGCGGTCACTGAAGG-1_contig_1,True,561,TRB,TRBV6-9,None,TRBJ2-6,TRBC2,True,True,CASNLNQTGINSGANVLTF,TGTGCCAGCAACTTGAATCAGACAGGTATCAACTCTGGGGCCAACGTCCTGACTTTC,3237,10,clonotype15,clonotype15_consensus_1
GTGCGGTCACTGAAGG-1,True,GTGCGGTCACTGAAGG-1_contig_2,True,465,TRA,TRAV13-1,None,TRAJ16,TRAC,True,True,CAASSGFSDGQKLLF,TGTGCAGCAAGTTCGGGTTTTTCAGATGGCCAGAAGCTGCTCTTT,1174,6,clonotype15,clonotype15_consensus_3
GTGCGGTCACTGAAGG-1,True,GTGCGGTCACTGAAGG-1_contig_3,True,662,TRB,TRBV5-6,None,TRBJ2-6,TRBC2,True,True,CASSLQGTGANVLTF,TGTGCCAGCAGCTTGCAGGGGACTGGGGCCAACGTCCTGACTTTC,889,5,clonotype15,clonotype15_consensus_2
GTGCGGTCAGCCAATT-1,True,GTGCGGTCAGCCAATT-1_contig_1,True,514,TRA,TRAV23/DV6,None,TRAJ17,TRAC,True,True,CAAVPGWAAGNKLTF,TGTGCAGCAGTCCCCGGGTGGGCTGCAGGCAACAAGCTAACTTTT,1002,7,clonotype2915,clonotype2915_consensus_2
GTGCGGTCAGCCAATT-1,True,GTGCGGTCAGCCAATT-1_contig_2,True,481,TRB,TRBV5-5,None,TRBJ1-3,TRBC1,True,True,CASSLSGSSGNTIYF,TGTGCCAGCAGCTTGAGCGGGAGCTCTGGAAACACCATATATTTT,4196,14,clonotype2915,clonotype2915_consensus_1
GTGCGGTCAGCCAATT-1,True,GTGCGGTCAGCCAATT-1_contig_3,True,428,TRA,TRAV21,None,TRAJ48,None,True,False,CCEVGGGTASKLTF,TGCTGTGAGGTGGGGGGCGGCACTGCCAGTAAACTCACCTTT,341,1,clonotype2915,None
GTGCGGTCAGGAATGC-1,True,GTGCGGTCAGGAATGC-1_contig_1,True,441,TRB,TRBV5-1,None,TRBJ1-4,None,True,True,CASSRGQAEKLFF,TGCGCCAGCAGCAGGGGACAGGCTGAAAAACTGTTTTTT,297,1,clonotype2916,clonotype2916_consensus_1
GTGCGGTCAGGAATGC-1,True,GTGCGGTCAGGAATGC-1_contig_2,True,483,TRA,TRAV38-2/DV8,None,TRAJ23,TRAC,True,True,CAYRNQGGKLIF,TGTGCTTATAGGAACCAGGGAGGAAAGCTTATCTTC,714,3,clonotype2916,clonotype2916_consensus_3
GTGCGGTCAGGAATGC-1,True,GTGCGGTCAGGAATGC-1_contig_3,True,501,TRB,TRBV20-1,None,TRBJ2-3,TRBC2,True,True,CSARDSLREDTQYF,TGCAGTGCTAGAGATTCCCTCCGTGAAGATACGCAGTATTTT,434,4,clonotype2916,clonotype2916_consensus_2
GTGCGGTCATATGAGA-1,True,GTGCGGTCATATGAGA-1_contig_1,True,465,TRA,TRAV9-2,None,TRAJ13,TRAC,True,True,CALNLEGYQKVTF,TGTGCTCTGAACTTAGAGGGTTACCAGAAAGTTACCTTT,389,12,clonotype6,clonotype6_consensus_1
GTGCGGTCATATGAGA-1,True,GTGCGGTCATATGAGA-1_contig_2,True,481,TRB,TRBV5-6,None,TRBJ1-5,TRBC1,True,True,CASSFRGGANQPQHF,TGTGCCAGCAGCTTTCGAGGGGGCGCGAATCAGCCCCAGCATTTT,11876,9,clonotype6,clonotype6_consensus_2
GTGCGGTCATGGAATA-1,True,GTGCGGTCATGGAATA-1_contig_1,True,465,TRA,TRAV1-2,None,TRAJ33,TRAC,True,True,CAATDSNYQLIW,TGTGCTGCGACTGATAGCAACTATCAGTTAATCTGG,100,5,clonotype1,clonotype1_consensus_2
GTGCGGTCATGGAATA-1,True,GTGCGGTCATGGAATA-1_contig_2,True,521,TRB,TRBV20-1,None,TRBJ2-1,TRBC2,True,True,CSARVGSEVNEQFF,TGCAGTGCTAGAGTGGGGTCGGAAGTCAATGAGCAGTTCTTC,1888,7,clonotype1,clonotype1_consensus_1
GTGCGGTCATGGAATA-1,True,GTGCGGTCATGGAATA-1_contig_3,True,482,TRA,TRAV10,None,TRAJ24,TRAC,True,False,None,None,259,2,clonotype1,None
GTGCGGTGTAAAGGAG-1,True,GTGCGGTGTAAAGGAG-1_contig_1,True,544,TRA,TRAV19,None,TRAJ42,TRAC,True,True,CALSEAHYGGSQGNLIF,TGTGCTCTGAGTGAGGCGCATTATGGAGGAAGCCAAGGAAATCTCATCTTT,78,1,clonotype2917,clonotype2917_consensus_2
GTGCGGTGTAAAGGAG-1,True,GTGCGGTGTAAAGGAG-1_contig_2,True,530,TRB,TRBV5-5,None,TRBJ2-1,TRBC2,True,True,CASSLQEASRQGRTYNEQFF,TGTGCCAGCAGCTTGCAGGAGGCTTCGCGACAGGGACGAACCTACAATGAGCAGTTCTTC,2079,8,clonotype2917,clonotype2917_consensus_1
GTGCGGTGTCACACGC-1,True,GTGCGGTGTCACACGC-1_contig_1,True,527,TRB,TRBV20-1,None,TRBJ1-5,TRBC1,True,True,CSARGRDPGRGRPQHF,TGCAGTGCTAGAGGTCGGGACCCCGGAAGGGGTCGGCCCCAGCATTTT,1778,7,clonotype2918,clonotype2918_consensus_1
GTGCGGTGTCACACGC-1,True,GTGCGGTGTCACACGC-1_contig_2,True,532,TRA,TRAV14/DV4,None,TRAJ40,TRAC,True,True,CAMREGLTTSGTYKYIF,TGTGCAATGAGAGAGGGCCTTACTACCTCAGGAACCTACAAATACATCTTT,1667,8,clonotype2918,clonotype2918_consensus_2
GTGCGGTGTCACACGC-1,True,GTGCGGTGTCACACGC-1_contig_3,True,307,TRB,None,None,TRBJ1-3,TRBC1,False,False,None,None,1109,6,clonotype2918,None
GTGCGGTGTCGCGTGT-1,True,GTGCGGTGTCGCGTGT-1_contig_1,True,486,TRA,TRAV12-1,None,TRAJ31,TRAC,True,True,CVVRSNARLMF,TGTGTGGTCCGATCCAATGCCAGACTCATGTTT,134,1,clonotype372,clonotype372_consensus_2
GTGCGGTGTCGCGTGT-1,True,GTGCGGTGTCGCGTGT-1_contig_2,True,781,TRB,TRBV20-1,None,TRBJ1-1,TRBC1,True,True,CSARGGANTEAFF,TGCAGTGCTAGAGGGGGAGCGAACACTGAAGCTTTCTTT,43,1,clonotype372,clonotype372_consensus_1
GTGCGGTGTCGCGTGT-1,True,GTGCGGTGTCGCGTGT-1_contig_3,True,382,TRB,None,None,TRBJ1-5,TRBC1,False,False,None,None,301,2,clonotype372,None
GTGCGGTGTTCAGGCC-1,True,GTGCGGTGTTCAGGCC-1_contig_1,True,505,TRA,TRAV1-2,None,TRAJ33,TRAC,True,True,CAATDSNYQLIW,TGTGCTGCGACTGATAGCAACTATCAGTTAATCTGG,652,4,clonotype1,clonotype1_consensus_2
GTGCGGTGTTCAGGCC-1,True,GTGCGGTGTTCAGGCC-1_contig_2,True,521,TRB,TRBV20-1,None,TRBJ2-1,TRBC2,True,True,CSARVGSEVNEQFF,TGCAGTGCTAGAGTGGGGTCGGAAGTCAATGAGCAGTTCTTC,1267,7,clonotype1,clonotype1_consensus_1
GTGCGGTGTTCAGGCC-1,True,GTGCGGTGTTCAGGCC-1_contig_3,True,469,TRA,TRAV10,None,TRAJ24,TRAC,True,False,None,None,280,4,clonotype1,None
GTGCGGTTCAGCTCTC-1,True,GTGCGGTTCAGCTCTC-1_contig_1,True,521,TRB,TRBV20-1,None,TRBJ1-1,TRBC1,True,True,CSAREGGKDTEAFF,TGCAGTGCTAGGGAGGGGGGTAAGGACACTGAAGCTTTCTTT,699,4,clonotype93,clonotype93_consensus_1
GTGCGGTTCAGCTCTC-1,True,GTGCGGTTCAGCTCTC-1_contig_2,True,532,TRA,TRAV12-2,None,TRAJ49,TRAC,True,False,None,None,409,3,clonotype93,None
GTGCGGTTCGCACTCT-1,True,GTGCGGTTCGCACTCT-1_contig_1,True,505,TRA,TRAV1-2,None,TRAJ33,TRAC,True,True,CAATDSNYQLIW,TGTGCTGCGACTGATAGCAACTATCAGTTAATCTGG,736,4,clonotype1,clonotype1_consensus_2
GTGCGGTTCGCACTCT-1,True,GTGCGGTTCGCACTCT-1_contig_2,True,498,TRB,TRBV20-1,None,TRBJ2-1,TRBC2,True,True,CSARVGSEVNEQFF,TGCAGTGCTAGAGTGGGGTCGGAAGTCAATGAGCAGTTCTTC,518,7,clonotype1,clonotype1_consensus_1
GTGCGGTTCGCACTCT-1,True,GTGCGGTTCGCACTCT-1_contig_3,True,465,TRA,TRAV10,None,TRAJ24,TRAC,True,False,None,None,507,4,clonotype1,None
GTGCGGTTCGCTGATA-1,True,GTGCGGTTCGCTGATA-1_contig_1,True,505,TRA,TRAV1-2,None,TRAJ33,TRAC,True,True,CAATDSNYQLIW,TGTGCTGCGACTGATAGCAACTATCAGTTAATCTGG,529,10,clonotype1,clonotype1_consensus_2
GTGCGGTTCGCTGATA-1,True,GTGCGGTTCGCTGATA-1_contig_2,True,521,TRB,TRBV20-1,None,TRBJ2-1,TRBC2,True,True,CSARVGSEVNEQFF,TGCAGTGCTAGAGTGGGGTCGGAAGTCAATGAGCAGTTCTTC,2370,7,clonotype1,clonotype1_consensus_1
GTGCTTCAGAGGACGG-1,True,GTGCTTCAGAGGACGG-1_contig_1,True,492,TRB,TRBV20-1,None,TRBJ2-5,TRBC2,True,True,CSAGQGGETQYF,TGCAGTGCTGGACAGGGAGGAGAGACCCAGTACTTC,1643,6,clonotype2919,clonotype2919_consensus_1
GTGCTTCAGAGGACGG-1,True,GTGCTTCAGAGGACGG-1_contig_2,True,680,TRA,TRAV8-3,None,TRAJ23,TRAC,True,True,CAVVGYNQGGKLIF,TGTGCTGTGGTTGGTTATAACCAGGGAGGAAAGCTTATCTTC,945,8,clonotype2919,clonotype2919_consensus_2
GTGCTTCAGAGGTTAT-1,True,GTGCTTCAGAGGTTAT-1_contig_1,True,521,TRB,TRBV20-1,None,TRBJ2-1,TRBC2,True,True,CSARVGSEVNEQFF,TGCAGTGCTAGAGTGGGGTCGGAAGTCAATGAGCAGTTCTTC,1675,7,clonotype2,clonotype2_consensus_1
GTGCTTCAGAGGTTAT-1,True,GTGCTTCAGAGGTTAT-1_contig_2,True,465,TRA,TRAV10,None,TRAJ24,TRAC,True,False,None,None,77,5,clonotype2,None
GTGCTTCAGATCGGGT-1,True,GTGCTTCAGATCGGGT-1_contig_1,True,505,TRA,TRAV1-2,None,TRAJ33,TRAC,True,True,CAATDSNYQLIW,TGTGCTGCGACTGATAGCAACTATCAGTTAATCTGG,1247,3,clonotype1,clonotype1_consensus_2
GTGCTTCAGATCGGGT-1,True,GTGCTTCAGATCGGGT-1_contig_2,True,502,TRB,TRBV20-1,None,TRBJ2-1,TRBC2,True,True,CSARVGSEVNEQFF,TGCAGTGCTAGAGTGGGGTCGGAAGTCAATGAGCAGTTCTTC,3215,9,clonotype1,clonotype1_consensus_1
GTGCTTCAGATGTTAG-1,True,GTGCTTCAGATGTTAG-1_contig_1,True,515,TRB,TRBV20-1,None,TRBJ2-5,TRBC2,True,True,CSARSGSETQYF,TGCAGTGCTAGATCCGGTTCGGAGACCCAGTACTTC,3014,13,clonotype2920,clonotype2920_consensus_2
GTGCTTCAGATGTTAG-1,True,GTGCTTCAGATGTTAG-1_contig_2,True,544,TRA,TRAV12-2,None,TRAJ47,TRAC,True,True,CAVPMEYGNKLVF,TGTGCCGTTCCCATGGAATATGGAAACAAACTGGTCTTT,955,7,clonotype2920,clonotype2920_consensus_1
GTGCTTCAGATGTTAG-1,True,GTGCTTCAGATGTTAG-1_contig_3,True,504,TRB,TRBV11-3,None,TRBJ1-5,TRBC1,True,False,None,None,176,3,clonotype2920,None
GTGCTTCAGCTAAACA-1,True,GTGCTTCAGCTAAACA-1_contig_1,True,508,TRA,TRAV20,None,TRAJ24,TRAC,True,True,CAVMTTDSWGKFQF,TGTGCTGTTATGACAACTGACAGCTGGGGGAAATTCCAGTTT,7302,6,clonotype7,clonotype7_consensus_2
GTGCTTCAGCTAAACA-1,True,GTGCTTCAGCTAAACA-1_contig_2,True,552,TRB,TRBV5-5,None,TRBJ2-7,TRBC2,True,True,CASSSLVEQGAYEQYF,TGTGCCAGCAGCTCGCTCGTAGAGCAGGGGGCCTACGAGCAGTACTTC,1180,11,clonotype7,clonotype7_consensus_1
GTGCTTCAGCTGGAAC-1,True,GTGCTTCAGCTGGAAC-1_contig_1,True,521,TRB,TRBV20-1,None,TRBJ2-1,TRBC2,True,True,CSARVGSEVNEQFF,TGCAGTGCTAGAGTGGGGTCGGAAGTCAATGAGCAGTTCTTC,2383,7,clonotype2,clonotype2_consensus_1
GTGCTTCAGCTGGAAC-1,True,GTGCTTCAGCTGGAAC-1_contig_2,True,457,TRA,TRAV10,None,TRAJ24,TRAC,True,False,None,None,481,5,clonotype2,None
GTGCTTCAGTTGCAGG-1,True,GTGCTTCAGTTGCAGG-1_contig_1,True,521,TRB,TRBV20-1,None,TRBJ2-1,TRBC2,True,True,CSARVGSEVNEQFF,TGCAGTGCTAGAGTGGGGTCGGAAGTCAATGAGCAGTTCTTC,1381,3,clonotype2,clonotype2_consensus_1
GTGCTTCCACCCATGG-1,True,GTGCTTCCACCCATGG-1_contig_1,True,509,TRA,TRAV13-2,None,TRAJ40,TRAC,True,True,CAESTTGTYKYIF,TGTGCAGAGAGCACGACTGGAACCTACAAATACATCTTT,1060,3,clonotype2921,clonotype2921_consensus_3
GTGCTTCCACCCATGG-1,True,GTGCTTCCACCCATGG-1_contig_2,True,666,TRA,TRAV8-3,None,TRAJ42,TRAC,True,True,CAVGLYGGSQGNLIF,TGTGCTGTGGGCCTTTATGGAGGAAGCCAAGGAAATCTCATCTTT,308,4,clonotype2921,clonotype2921_consensus_1
GTGCTTCCACCCATGG-1,True,GTGCTTCCACCCATGG-1_contig_3,True,662,TRB,TRBV5-6,None,TRBJ2-1,TRBC2,True,True,CASSQAVPGGTEQFF,TGTGCCAGCAGCCAAGCAGTCCCAGGGGGCACTGAGCAGTTCTTC,1812,5,clonotype2921,clonotype2921_consensus_2
GTGCTTCCAGTTAACC-1,True,GTGCTTCCAGTTAACC-1_contig_1,True,505,TRA,TRAV1-2,None,TRAJ33,TRAC,True,True,CAATDSNYQLIW,TGTGCTGCGACTGATAGCAACTATCAGTTAATCTGG,186,2,clonotype1,clonotype1_consensus_2
GTGCTTCCAGTTAACC-1,True,GTGCTTCCAGTTAACC-1_contig_2,True,521,TRB,TRBV20-1,None,TRBJ2-1,TRBC2,True,True,CSARVGSEVNEQFF,TGCAGTGCTAGAGTGGGGTCGGAAGTCAATGAGCAGTTCTTC,940,6,clonotype1,clonotype1_consensus_1
GTGCTTCCAGTTAACC-1,True,GTGCTTCCAGTTAACC-1_contig_3,True,467,TRA,TRAV10,None,TRAJ24,TRAC,True,False,None,None,134,2,clonotype1,None
GTGCTTCCATCTGGTA-1,True,GTGCTTCCATCTGGTA-1_contig_1,True,506,TRA,TRAV27,None,TRAJ31,TRAC,True,True,CAGGNARLMF,TGTGCAGGAGGAAATGCCAGACTCATGTTT,959,6,clonotype2922,clonotype2922_consensus_1
GTGCTTCCATCTGGTA-1,True,GTGCTTCCATCTGGTA-1_contig_2,True,521,TRB,TRBV20-1,None,TRBJ2-1,TRBC2,True,True,CSARPPGSNNEQFF,TGCAGTGCTAGACCGCCAGGGAGTAACAATGAGCAGTTCTTC,1332,7,clonotype2922,clonotype2922_consensus_2
GTGCTTCCATCTGGTA-1,True,GTGCTTCCATCTGGTA-1_contig_3,True,341,TRB,None,None,TRBJ1-5,TRBC1,False,False,None,None,1187,7,clonotype2922,None
GTGCTTCGTGACGGTA-1,True,GTGCTTCGTGACGGTA-1_contig_1,True,659,TRB,TRBV5-6,None,TRBJ2-5,TRBC2,True,True,CASSLGPGRQETQYF,TGTGCCAGCAGCTTGGGTCCGGGGAGGCAAGAGACCCAGTACTTC,956,4,clonotype2923,clonotype2923_consensus_1
GTGCTTCGTGGGTCAA-1,True,GTGCTTCGTGGGTCAA-1_contig_1,True,476,TRB,TRBV20-1,None,TRBJ1-5,TRBC1,True,True,CSAYRDRGGNQPQHF,TGCAGTGCCTACCGGGACAGGGGAGGCAATCAGCCCCAGCATTTT,1504,4,clonotype2924,clonotype2924_consensus_1
GTGCTTCGTGGGTCAA-1,True,GTGCTTCGTGGGTCAA-1_contig_2,True,465,TRA,TRAV13-1,None,TRAJ33,TRAC,True,True,CAASYPQDSNYQLIW,TGTGCAGCAAGTTACCCACAGGATAGCAACTATCAGTTAATCTGG,293,3,clonotype2924,clonotype2924_consensus_2
GTGCTTCGTGGGTCAA-1,True,GTGCTTCGTGGGTCAA-1_contig_3,True,464,TRB,TRBV24-1,None,TRBJ2-4,TRBC2,True,False,None,None,2578,9,clonotype2924,None
GTGCTTCGTGGGTCAA-1,True,GTGCTTCGTGGGTCAA-1_contig_4,True,473,TRA,TRAV8-3,None,None,TRAC,False,False,None,None,1412,6,clonotype2924,None
GTGCTTCGTTAAGAAC-1,True,GTGCTTCGTTAAGAAC-1_contig_1,True,505,TRA,TRAV1-2,None,TRAJ33,TRAC,True,True,CAATDSNYQLIW,TGTGCTGCGACTGATAGCAACTATCAGTTAATCTGG,667,4,clonotype1,clonotype1_consensus_2
GTGCTTCGTTAAGAAC-1,True,GTGCTTCGTTAAGAAC-1_contig_2,True,485,TRB,TRBV20-1,None,TRBJ2-1,TRBC2,True,True,CSARVGSEVNEQFF,TGCAGTGCTAGAGTGGGGTCGGAAGTCAATGAGCAGTTCTTC,1750,9,clonotype1,clonotype1_consensus_1
GTGCTTCGTTAAGAAC-1,True,GTGCTTCGTTAAGAAC-1_contig_3,True,465,TRA,TRAV10,None,TRAJ24,TRAC,True,False,None,None,865,3,clonotype1,None
GTGCTTCGTTACGTCA-1,True,GTGCTTCGTTACGTCA-1_contig_1,True,505,TRA,TRAV1-2,None,TRAJ33,TRAC,True,True,CAATDSNYQLIW,TGTGCTGCGACTGATAGCAACTATCAGTTAATCTGG,660,2,clonotype1,clonotype1_consensus_2
GTGCTTCGTTACGTCA-1,True,GTGCTTCGTTACGTCA-1_contig_2,True,521,TRB,TRBV20-1,None,TRBJ2-1,TRBC2,True,True,CSARVGSEVNEQFF,TGCAGTGCTAGAGTGGGGTCGGAAGTCAATGAGCAGTTCTTC,3179,15,clonotype1,clonotype1_consensus_1
GTGCTTCGTTACGTCA-1,True,GTGCTTCGTTACGTCA-1_contig_3,True,442,TRA,TRAV10,None,TRAJ24,TRAC,True,False,None,None,90,1,clonotype1,None
GTGCTTCTCACCACCT-1,True,GTGCTTCTCACCACCT-1_contig_1,True,550,TRA,TRAV5,None,TRAJ37,TRAC,True,True,CAESFGNTGKLIF,TGTGCAGAGAGTTTCGGCAACACAGGCAAACTAATCTTT,938,11,clonotype373,clonotype373_consensus_1
GTGCTTCTCACCACCT-1,True,GTGCTTCTCACCACCT-1_contig_2,True,498,TRB,TRBV20-1,None,TRBJ2-1,TRBC2,True,True,CSARRGGGALEQFF,TGCAGTGCTAGACGGGGCGGGGGGGCCCTTGAGCAGTTCTTC,3273,14,clonotype373,clonotype373_consensus_2
GTGCTTCTCAGTACGT-1,True,GTGCTTCTCAGTACGT-1_contig_1,True,505,TRA,TRAV1-2,None,TRAJ33,TRAC,True,True,CAATDSNYQLIW,TGTGCTGCGACTGATAGCAACTATCAGTTAATCTGG,1038,8,clonotype1,clonotype1_consensus_2
GTGCTTCTCAGTACGT-1,True,GTGCTTCTCAGTACGT-1_contig_2,True,521,TRB,TRBV20-1,None,TRBJ2-1,TRBC2,True,True,CSARVGSEVNEQFF,TGCAGTGCTAGAGTGGGGTCGGAAGTCAATGAGCAGTTCTTC,2690,17,clonotype1,clonotype1_consensus_1
GTGCTTCTCCGCAAGC-1,True,GTGCTTCTCCGCAAGC-1_contig_1,True,561,TRA,TRAV8-4,None,TRAJ49,TRAC,True,True,CAVEAGNQFYF,TGTGCTGTGGAGGCCGGTAACCAGTTCTATTTT,563,5,clonotype2925,clonotype2925_consensus_2
GTGCTTCTCCGCAAGC-1,True,GTGCTTCTCCGCAAGC-1_contig_2,True,507,TRB,TRBV20-1,None,TRBJ2-3,TRBC2,True,True,CSASGGGAIGGTDTQYF,TGCAGTGCTAGCGGCGGGGGGGCCATAGGGGGCACAGATACGCAGTATTTT,2232,11,clonotype2925,clonotype2925_consensus_1
GTGCTTCTCCTCGCAT-1,True,GTGCTTCTCCTCGCAT-1_contig_1,True,505,TRA,TRAV1-2,None,TRAJ33,TRAC,True,True,CAATDSNYQLIW,TGTGCTGCGACTGATAGCAACTATCAGTTAATCTGG,1623,3,clonotype1,clonotype1_consensus_2
GTGCTTCTCCTCGCAT-1,True,GTGCTTCTCCTCGCAT-1_contig_2,True,521,TRB,TRBV20-1,None,TRBJ2-1,TRBC2,True,True,CSARVGSEVNEQFF,TGCAGTGCTAGAGTGGGGTCGGAAGTCAATGAGCAGTTCTTC,4387,12,clonotype1,clonotype1_consensus_1
GTGCTTCTCGCCATAA-1,True,GTGCTTCTCGCCATAA-1_contig_1,True,505,TRA,TRAV1-2,None,TRAJ33,TRAC,True,True,CAATDSNYQLIW,TGTGCTGCGACTGATAGCAACTATCAGTTAATCTGG,301,4,clonotype1,clonotype1_consensus_2
GTGCTTCTCGCCATAA-1,True,GTGCTTCTCGCCATAA-1_contig_2,True,521,TRB,TRBV20-1,None,TRBJ2-1,TRBC2,True,True,CSARVGSEVNEQFF,TGCAGTGCTAGAGTGGGGTCGGAAGTCAATGAGCAGTTCTTC,2677,9,clonotype1,clonotype1_consensus_1
GTGCTTCTCTCTGTCG-1,True,GTGCTTCTCTCTGTCG-1_contig_1,True,505,TRA,TRAV1-2,None,TRAJ33,TRAC,True,True,CAATDSNYQLIW,TGTGCTGCGACTGATAGCAACTATCAGTTAATCTGG,1372,5,clonotype1,clonotype1_consensus_2
GTGCTTCTCTCTGTCG-1,True,GTGCTTCTCTCTGTCG-1_contig_2,True,521,TRB,TRBV20-1,None,TRBJ2-1,TRBC2,True,True,CSARVGSEVNEQFF,TGCAGTGCTAGAGTGGGGTCGGAAGTCAATGAGCAGTTCTTC,2385,11,clonotype1,clonotype1_consensus_1
GTGCTTCTCTCTGTCG-1,True,GTGCTTCTCTCTGTCG-1_contig_3,True,457,TRA,TRAV10,None,TRAJ24,TRAC,True,False,None,None,342,1,clonotype1,None
GTGGGTCAGACAAAGG-1,True,GTGGGTCAGACAAAGG-1_contig_1,True,505,TRA,TRAV1-2,None,TRAJ33,TRAC,True,True,CAATDSNYQLIW,TGTGCTGCGACTGATAGCAACTATCAGTTAATCTGG,539,2,clonotype1,clonotype1_consensus_2
GTGGGTCAGACAAAGG-1,True,GTGGGTCAGACAAAGG-1_contig_2,True,521,TRB,TRBV20-1,None,TRBJ2-1,TRBC2,True,True,CSARVGSEVNEQFF,TGCAGTGCTAGAGTGGGGTCGGAAGTCAATGAGCAGTTCTTC,1027,5,clonotype1,clonotype1_consensus_1
GTGGGTCAGACAAAGG-1,True,GTGGGTCAGACAAAGG-1_contig_3,True,517,TRA,TRAV10,None,TRAJ24,TRAC,True,False,None,None,249,3,clonotype1,None
GTGGGTCAGATCTGAA-1,True,GTGGGTCAGATCTGAA-1_contig_1,True,474,TRB,TRBV5-5,None,TRBJ1-2,TRBC1,True,True,CASSLREGGYTF,TGTGCCAGCAGCTTAAGGGAAGGCGGCTACACCTTC,2141,9,clonotype2926,clonotype2926_consensus_2
GTGGGTCAGATCTGAA-1,True,GTGGGTCAGATCTGAA-1_contig_2,True,483,TRA,TRAV12-1,None,TRAJ43,TRAC,True,True,CVVRVDNNDMRF,TGTGTGGTGAGGGTGGATAACAATGACATGCGCTTT,178,6,clonotype2926,clonotype2926_consensus_1
GTGGGTCAGCTGTCTA-1,True,GTGGGTCAGCTGTCTA-1_contig_1,True,505,TRA,TRAV1-2,None,TRAJ33,TRAC,True,True,CAATDSNYQLIW,TGTGCTGCGACTGATAGCAACTATCAGTTAATCTGG,3194,10,clonotype1,clonotype1_consensus_2
GTGGGTCAGCTGTCTA-1,True,GTGGGTCAGCTGTCTA-1_contig_2,True,498,TRB,TRBV20-1,None,TRBJ2-1,TRBC2,True,True,CSARVGSEVNEQFF,TGCAGTGCTAGAGTGGGGTCGGAAGTCAATGAGCAGTTCTTC,2106,8,clonotype1,clonotype1_consensus_1
GTGGGTCAGGCTAGCA-1,True,GTGGGTCAGGCTAGCA-1_contig_1,True,460,TRA,TRAV26-2,None,TRAJ43,TRAC,True,True,CILRASNNDMRF,TGCATCCTGAGGGCGAGCAACAATGACATGCGCTTT,698,7,clonotype2927,clonotype2927_consensus_2
GTGGGTCAGGCTAGCA-1,True,GTGGGTCAGGCTAGCA-1_contig_2,True,514,TRB,TRBV20-1,None,TRBJ2-2,TRBC2,True,True,CSARDPTSGGAATGELFF,TGCAGTGCTAGAGACCCGACTAGCGGGGGGGCCGCGACCGGGGAGCTGTTTTTT,1686,11,clonotype2927,clonotype2927_consensus_1
GTGGGTCAGGCTCAGA-1,True,GTGGGTCAGGCTCAGA-1_contig_1,True,505,TRA,TRAV1-2,None,TRAJ33,TRAC,True,True,CAATDSNYQLIW,TGTGCTGCGACTGATAGCAACTATCAGTTAATCTGG,96,4,clonotype1,clonotype1_consensus_2
GTGGGTCAGGCTCAGA-1,True,GTGGGTCAGGCTCAGA-1_contig_2,True,498,TRB,TRBV20-1,None,TRBJ2-1,TRBC2,True,True,CSARVGSEVNEQFF,TGCAGTGCTAGAGTGGGGTCGGAAGTCAATGAGCAGTTCTTC,1807,8,clonotype1,clonotype1_consensus_1
GTGGGTCAGGTTCCTA-1,True,GTGGGTCAGGTTCCTA-1_contig_1,True,504,TRA,TRAV1-2,None,TRAJ33,TRAC,True,True,CAATDSNYQLIW,TGTGCTGCGACTGATAGCAACTATCAGTTAATCTGG,711,5,clonotype1,clonotype1_consensus_2
GTGGGTCAGGTTCCTA-1,True,GTGGGTCAGGTTCCTA-1_contig_2,True,521,TRB,TRBV20-1,None,TRBJ2-1,TRBC2,True,True,CSARVGSEVNEQFF,TGCAGTGCTAGAGTGGGGTCGGAAGTCAATGAGCAGTTCTTC,2610,8,clonotype1,clonotype1_consensus_1
GTGGGTCAGTCTCCTC-1,True,GTGGGTCAGTCTCCTC-1_contig_1,True,505,TRA,TRAV1-2,None,TRAJ33,TRAC,True,True,CAATDSNYQLIW,TGTGCTGCGACTGATAGCAACTATCAGTTAATCTGG,158,4,clonotype1,clonotype1_consensus_2
GTGGGTCAGTCTCCTC-1,True,GTGGGTCAGTCTCCTC-1_contig_2,True,521,TRB,TRBV20-1,None,TRBJ2-1,TRBC2,True,True,CSARVGSEVNEQFF,TGCAGTGCTAGAGTGGGGTCGGAAGTCAATGAGCAGTTCTTC,1139,10,clonotype1,clonotype1_consensus_1
GTGGGTCAGTCTCCTC-1,True,GTGGGTCAGTCTCCTC-1_contig_3,True,467,TRA,TRAV10,None,TRAJ24,TRAC,True,False,None,None,145,4,clonotype1,None
GTGGGTCCAACAACCT-1,True,GTGGGTCCAACAACCT-1_contig_1,True,495,TRB,TRBV20-1,None,TRBJ1-5,TRBC1,True,True,CSARAGTGNQPQHF,TGCAGTGCTAGAGCCGGGACTGGCAATCAGCCCCAGCATTTT,1534,4,clonotype2928,clonotype2928_consensus_2
GTGGGTCCAACAACCT-1,True,GTGGGTCCAACAACCT-1_contig_2,True,508,TRA,TRAV23/DV6,None,TRAJ17,TRAC,True,True,CAAIKAAGNKLTF,TGTGCAGCCATCAAAGCTGCAGGCAACAAGCTAACTTTT,185,2,clonotype2928,clonotype2928_consensus_1
GTGGGTCCAACAACCT-1,True,GTGGGTCCAACAACCT-1_contig_3,True,404,TRA,TRAV9-2,None,TRAJ47,TRAC,True,False,CALSEGNKLVF,TGTGCTCTGAGTGAAGGAAACAAACTGGTCTTT,357,2,clonotype2928,None
GTGGGTCCACCATCCT-1,True,GTGGGTCCACCATCCT-1_contig_1,True,521,TRB,TRBV20-1,None,TRBJ2-1,TRBC2,True,True,CSARVGSEVNEQFF,TGCAGTGCTAGAGTGGGGTCGGAAGTCAATGAGCAGTTCTTC,2969,12,clonotype2,clonotype2_consensus_1
GTGGGTCCACGCTTTC-1,True,GTGGGTCCACGCTTTC-1_contig_1,True,555,TRA,TRAV5,None,TRAJ11,TRAC,True,True,CAGDLNSGYSTLTF,TGTGCGGGGGATTTGAATTCAGGATACAGCACCCTCACCTTT,1032,5,clonotype2929,clonotype2929_consensus_2
GTGGGTCCACGCTTTC-1,True,GTGGGTCCACGCTTTC-1_contig_2,True,654,TRB,TRBV19,None,TRBJ2-7,TRBC2,True,True,CARGQANSYEQYF,TGTGCCAGGGGACAGGCTAACTCCTACGAGCAGTACTTC,1533,9,clonotype2929,clonotype2929_consensus_1
GTGGGTCCACGCTTTC-1,True,GTGGGTCCACGCTTTC-1_contig_3,True,671,TRB,TRBV5-6,None,TRBJ2-5,TRBC2,True,True,CASSSSYGLLSGGQETQYF,TGTGCCAGCAGCTCCTCTTATGGCCTACTTAGCGGGGGGCAAGAGACCCAGTACTTC,776,4,clonotype2929,clonotype2929_consensus_3
GTGGGTCCACGCTTTC-1,True,GTGGGTCCACGCTTTC-1_contig_4,True,323,TRA,None,None,TRAJ12,TRAC,False,False,None,None,805,3,clonotype2929,None
GTGGGTCCACGTCTCT-1,True,GTGGGTCCACGTCTCT-1_contig_1,True,530,TRB,TRBV20-1,None,TRBJ2-3,TRBC2,True,True,CSARDLTGGGASDTQYF,TGCAGTGCTAGAGATCTTACGGGCGGGGGGGCATCAGATACGCAGTATTTT,1295,7,clonotype2930,clonotype2930_consensus_1
GTGGGTCCATTGGTAC-1,True,GTGGGTCCATTGGTAC-1_contig_1,True,518,TRB,TRBV20-1,None,TRBJ1-1,TRBC1,True,True,CSAPGPKYGEAFF,TGCAGTGCGCCGGGACCCAAGTATGGTGAAGCTTTCTTT,1531,9,clonotype62,clonotype62_consensus_1
GTGGGTCCATTGGTAC-1,True,GTGGGTCCATTGGTAC-1_contig_2,True,574,TRA,TRAV8-1,None,TRAJ29,TRAC,True,True,CAVNTNSGNTPLVF,TGTGCCGTGAATACGAATTCAGGAAACACACCTCTTGTCTTT,1340,6,clonotype62,clonotype62_consensus_2
GTGGGTCGTGCACCAC-1,True,GTGGGTCGTGCACCAC-1_contig_1,True,505,TRA,TRAV1-2,None,TRAJ33,TRAC,True,True,CAATDSNYQLIW,TGTGCTGCGACTGATAGCAACTATCAGTTAATCTGG,669,3,clonotype1,clonotype1_consensus_2
GTGGGTCGTGCACCAC-1,True,GTGGGTCGTGCACCAC-1_contig_2,True,485,TRB,TRBV20-1,None,TRBJ2-1,TRBC2,True,True,CSARVGSEVNEQFF,TGCAGTGCTAGAGTGGGGTCGGAAGTCAATGAGCAGTTCTTC,1306,8,clonotype1,clonotype1_consensus_1
GTGGGTCGTGGTAACG-1,True,GTGGGTCGTGGTAACG-1_contig_1,True,502,TRA,TRAV1-2,None,TRAJ33,TRAC,True,True,CAATDSNYQLIW,TGTGCTGCGACTGATAGCAACTATCAGTTAATCTGG,115,1,clonotype1,clonotype1_consensus_2
GTGGGTCGTGGTAACG-1,True,GTGGGTCGTGGTAACG-1_contig_2,True,521,TRB,TRBV20-1,None,TRBJ2-1,TRBC2,True,True,CSARVGSEVNEQFF,TGCAGTGCTAGAGTGGGGTCGGAAGTCAATGAGCAGTTCTTC,1564,5,clonotype1,clonotype1_consensus_1
GTGGGTCGTGGTAACG-1,True,GTGGGTCGTGGTAACG-1_contig_3,True,482,TRA,TRAV10,None,TRAJ24,TRAC,True,False,None,None,489,2,clonotype1,None
GTGGGTCGTTGGTGGA-1,True,GTGGGTCGTTGGTGGA-1_contig_1,True,499,TRA,TRAV1-2,None,TRAJ30,TRAC,True,True,CAVRDLREIIF,TGTGCTGTGAGAGATCTTCGGGAGATCATCTTT,400,2,clonotype3,clonotype3_consensus_2
GTGGGTCGTTGGTGGA-1,True,GTGGGTCGTTGGTGGA-1_contig_2,True,667,TRB,TRBV5-5,None,TRBJ1-4,TRBC1,True,True,CASSHPGPNYATNEKLFF,TGTGCCAGCAGCCATCCCGGACCGAACTACGCAACTAATGAAAAACTGTTTTTT,2723,9,clonotype3,clonotype3_consensus_1
GTGGGTCGTTGGTGGA-1,True,GTGGGTCGTTGGTGGA-1_contig_3,True,440,TRB,TRBV7-3,None,TRBJ2-1,TRBC2,True,False,CQQRSLKAGGPYNEQFF,TGCCAGCAGCGGTCACTTAAAGCGGGGGGACCCTACAATGAGCAGTTCTTC,232,1,clonotype3,None
GTGGGTCGTTGTCTTT-1,True,GTGGGTCGTTGTCTTT-1_contig_1,True,533,TRB,TRBV20-1,None,TRBJ2-3,TRBC2,True,True,CSASLLFMGARGTDTQYF,TGCAGTGCTAGCTTATTATTCATGGGGGCAAGGGGCACAGATACGCAGTATTTT,1317,6,clonotype2931,clonotype2931_consensus_1
GTGGGTCGTTGTCTTT-1,True,GTGGGTCGTTGTCTTT-1_contig_2,True,346,TRB,None,None,TRBJ2-7,TRBC2,False,False,None,None,173,3,clonotype2931,None
GTGGGTCGTTGTCTTT-1,True,GTGGGTCGTTGTCTTT-1_contig_3,True,514,TRA,TRAV27,None,TRAJ58,TRAC,True,False,None,None,369,3,clonotype2931,None
GTGGGTCGTTTGTGTG-1,True,GTGGGTCGTTTGTGTG-1_contig_1,True,505,TRA,TRAV1-2,None,TRAJ33,TRAC,True,True,CAVLDSNYQLIW,TGTGCTGTGTTGGATAGCAACTATCAGTTAATCTGG,819,4,clonotype2932,clonotype2932_consensus_1
GTGGGTCGTTTGTTTC-1,True,GTGGGTCGTTTGTTTC-1_contig_1,True,515,TRB,TRBV20-1,None,TRBJ2-1,TRBC2,True,True,CSARVGSEVNEQFF,TGCAGTGCTAGAGTGGGGTCGGAAGTCAATGAGCAGTTCTTC,540,25,clonotype2,clonotype2_consensus_1
GTGGGTCGTTTGTTTC-1,True,GTGGGTCGTTTGTTTC-1_contig_2,True,517,TRA,TRAV10,None,TRAJ24,TRAC,True,False,None,None,430,8,clonotype2,None
GTGGGTCTCACGCATA-1,True,GTGGGTCTCACGCATA-1_contig_1,True,518,TRB,TRBV20-1,None,TRBJ1-1,TRBC1,True,True,CSAPGPKYGEAFF,TGCAGTGCGCCGGGACCCAAGTATGGTGAAGCTTTCTTT,2184,10,clonotype62,clonotype62_consensus_1
GTGGGTCTCACGCATA-1,True,GTGGGTCTCACGCATA-1_contig_2,True,574,TRA,TRAV8-1,None,TRAJ29,TRAC,True,True,CAVNTNSGNTPLVF,TGTGCCGTGAATACGAATTCAGGAAACACACCTCTTGTCTTT,122,4,clonotype62,clonotype62_consensus_2
GTGGGTCTCGGCGCAT-1,True,GTGGGTCTCGGCGCAT-1_contig_1,True,501,TRB,TRBV20-1,None,TRBJ1-4,TRBC1,True,True,CSARSPGYPNEKLFF,TGCAGTGCTAGATCCCCGGGATACCCTAATGAAAAACTGTTTTTT,1035,5,clonotype2933,clonotype2933_consensus_1
GTGGGTCTCGGCGCAT-1,True,GTGGGTCTCGGCGCAT-1_contig_2,True,497,TRA,TRAV38-2/DV8,None,TRAJ29,TRAC,True,True,CAYRSGNSGNTPLVF,TGTGCTTATAGGAGTGGGAATTCAGGAAACACACCTCTTGTCTTT,205,4,clonotype2933,clonotype2933_consensus_2
GTGGGTCTCGGCTTGG-1,True,GTGGGTCTCGGCTTGG-1_contig_1,True,505,TRA,TRAV1-2,None,TRAJ33,TRAC,True,True,CAATDSNYQLIW,TGTGCTGCGACTGATAGCAACTATCAGTTAATCTGG,5957,3,clonotype1,clonotype1_consensus_2
GTGGGTCTCGGCTTGG-1,True,GTGGGTCTCGGCTTGG-1_contig_2,True,498,TRB,TRBV20-1,None,TRBJ2-1,TRBC2,True,True,CSARVGSEVNEQFF,TGCAGTGCTAGAGTGGGGTCGGAAGTCAATGAGCAGTTCTTC,2232,6,clonotype1,clonotype1_consensus_1
GTGGGTCTCGGCTTGG-1,True,GTGGGTCTCGGCTTGG-1_contig_3,True,482,TRA,TRAV10,None,TRAJ24,TRAC,True,False,None,None,176,2,clonotype1,None
GTGGGTCTCGTACCGG-1,True,GTGGGTCTCGTACCGG-1_contig_1,True,498,TRB,TRBV20-1,None,TRBJ2-1,TRBC2,True,True,CSARVGSEVNEQFF,TGCAGTGCTAGAGTGGGGTCGGAAGTCAATGAGCAGTTCTTC,647,5,clonotype2,clonotype2_consensus_1
GTGGGTCTCGTGGGAA-1,True,GTGGGTCTCGTGGGAA-1_contig_1,True,505,TRA,TRAV1-2,None,TRAJ33,TRAC,True,True,CAATDSNYQLIW,TGTGCTGCGACTGATAGCAACTATCAGTTAATCTGG,394,6,clonotype1,clonotype1_consensus_2
GTGGGTCTCGTGGGAA-1,True,GTGGGTCTCGTGGGAA-1_contig_2,True,498,TRB,TRBV20-1,None,TRBJ2-1,TRBC2,True,True,CSARVGSEVNEQFF,TGCAGTGCTAGAGTGGGGTCGGAAGTCAATGAGCAGTTCTTC,1415,8,clonotype1,clonotype1_consensus_1
GTGGGTCTCGTGGGAA-1,True,GTGGGTCTCGTGGGAA-1_contig_3,True,465,TRA,TRAV10,None,TRAJ24,TRAC,True,False,None,None,518,6,clonotype1,None
GTGGGTCTCTAACTGG-1,True,GTGGGTCTCTAACTGG-1_contig_1,True,501,TRB,TRBV20-1,None,TRBJ1-4,TRBC1,True,True,CSAPPYIGSNEKLFF,TGCAGTGCCCCTCCCTACATAGGATCTAATGAAAAACTGTTTTTT,4142,16,clonotype2934,clonotype2934_consensus_2
GTGGGTCTCTAACTGG-1,True,GTGGGTCTCTAACTGG-1_contig_2,True,496,TRA,TRAV21,None,TRAJ8,TRAC,True,True,CAVRGTGFQKLVF,TGTGCTGTGAGAGGCACAGGCTTTCAGAAACTTGTATTT,363,4,clonotype2934,clonotype2934_consensus_1
GTGGGTCTCTTCGAGA-1,True,GTGGGTCTCTTCGAGA-1_contig_1,True,518,TRB,TRBV20-1,None,TRBJ2-1,TRBC2,True,True,CSARVGSEVNEQFF,TGCAGTGCTAGAGTGGGGTCGGAAGTCAATGAGCAGTTCTTC,1141,4,clonotype2,clonotype2_consensus_1
GTGTGCGAGAGTAAGG-1,True,GTGTGCGAGAGTAAGG-1_contig_1,True,502,TRA,TRAV1-2,None,TRAJ33,TRAC,True,True,CAATDSNYQLIW,TGTGCTGCGACTGATAGCAACTATCAGTTAATCTGG,507,5,clonotype1,clonotype1_consensus_2
GTGTGCGAGAGTAAGG-1,True,GTGTGCGAGAGTAAGG-1_contig_2,True,485,TRB,TRBV20-1,None,TRBJ2-1,TRBC2,True,True,CSARVGSEVNEQFF,TGCAGTGCTAGAGTGGGGTCGGAAGTCAATGAGCAGTTCTTC,875,3,clonotype1,clonotype1_consensus_1
GTGTGCGAGGACATTA-1,True,GTGTGCGAGGACATTA-1_contig_1,True,505,TRA,TRAV1-2,None,TRAJ33,TRAC,True,True,CAATDSNYQLIW,TGTGCTGCGACTGATAGCAACTATCAGTTAATCTGG,430,3,clonotype1,clonotype1_consensus_2
GTGTGCGAGGACATTA-1,True,GTGTGCGAGGACATTA-1_contig_2,True,498,TRB,TRBV20-1,None,TRBJ2-1,TRBC2,True,True,CSARVGSEVNEQFF,TGCAGTGCTAGAGTGGGGTCGGAAGTCAATGAGCAGTTCTTC,1343,6,clonotype1,clonotype1_consensus_1
GTGTGCGAGGAGTTTA-1,True,GTGTGCGAGGAGTTTA-1_contig_1,True,521,TRB,TRBV20-1,None,TRBJ2-1,TRBC2,True,True,CSARVGSEVNEQFF,TGCAGTGCTAGAGTGGGGTCGGAAGTCAATGAGCAGTTCTTC,1164,8,clonotype2,clonotype2_consensus_1
GTGTGCGAGGAGTTTA-1,True,GTGTGCGAGGAGTTTA-1_contig_2,True,493,TRA,TRAV10,None,TRAJ24,TRAC,True,False,None,None,641,2,clonotype2,None
GTGTGCGAGGGTCTCC-1,True,GTGTGCGAGGGTCTCC-1_contig_1,True,511,TRA,TRAV23/DV6,None,TRAJ17,TRAC,True,True,CAARFKAAGNKLTF,TGTGCAGCCCGTTTTAAAGCTGCAGGCAACAAGCTAACTTTT,288,2,clonotype2935,clonotype2935_consensus_2
GTGTGCGAGGGTCTCC-1,True,GTGTGCGAGGGTCTCC-1_contig_2,True,512,TRB,TRBV20-1,None,TRBJ2-7,TRBC2,True,True,CSARDVYEQYF,TGCAGTGCTAGAGATGTTTACGAGCAGTACTTC,1967,8,clonotype2935,clonotype2935_consensus_1
GTGTGCGAGGGTCTCC-1,True,GTGTGCGAGGGTCTCC-1_contig_3,True,388,TRA,TRAV26-2,None,TRAJ20,TRAC,True,False,None,None,347,2,clonotype2935,None
GTGTGCGAGTCTCAAC-1,True,GTGTGCGAGTCTCAAC-1_contig_1,True,462,TRA,TRAV13-1,None,TRAJ6,TRAC,True,True,CAAHTSGGSYIPTF,TGTGCAGCTCATACATCAGGAGGAAGCTACATACCTACATTT,1159,4,clonotype129,clonotype129_consensus_2
GTGTGCGAGTCTCAAC-1,True,GTGTGCGAGTCTCAAC-1_contig_2,True,521,TRB,TRBV20-1,None,TRBJ2-3,TRBC2,True,True,CSAKNRGPTDTQYF,TGCAGTGCAAAGAACAGGGGGCCTACAGATACGCAGTATTTT,5441,15,clonotype129,clonotype129_consensus_1
GTGTGCGAGTGGAGTC-1,True,GTGTGCGAGTGGAGTC-1_contig_1,True,539,TRA,TRAV26-1,None,TRAJ34,TRAC,True,True,CIVRGLSYNTDKLIF,TGCATCGTCAGAGGACTATCTTATAACACCGACAAGCTCATCTTT,1906,7,clonotype2936,clonotype2936_consensus_2
GTGTGCGAGTGGAGTC-1,True,GTGTGCGAGTGGAGTC-1_contig_2,True,498,TRB,TRBV20-1,None,TRBJ1-4,TRBC1,True,True,CSARQGVADEKLFF,TGCAGTGCGCGGCAGGGGGTAGCGGATGAAAAACTGTTTTTT,1591,5,clonotype2936,clonotype2936_consensus_1
GTGTGCGAGTTGAGTA-1,True,GTGTGCGAGTTGAGTA-1_contig_1,True,505,TRA,TRAV1-2,None,TRAJ33,TRAC,True,True,CAATDSNYQLIW,TGTGCTGCGACTGATAGCAACTATCAGTTAATCTGG,727,5,clonotype1,clonotype1_consensus_2
GTGTGCGAGTTGAGTA-1,True,GTGTGCGAGTTGAGTA-1_contig_2,True,521,TRB,TRBV20-1,None,TRBJ2-1,TRBC2,True,True,CSARVGSEVNEQFF,TGCAGTGCTAGAGTGGGGTCGGAAGTCAATGAGCAGTTCTTC,2402,16,clonotype1,clonotype1_consensus_1
GTGTGCGAGTTGAGTA-1,True,GTGTGCGAGTTGAGTA-1_contig_3,True,697,TRB,None,None,TRBJ1-4,None,False,False,None,None,38,1,clonotype1,None
GTGTGCGCAATGGAAT-1,True,GTGTGCGCAATGGAAT-1_contig_1,True,505,TRA,TRAV1-2,None,TRAJ33,TRAC,True,True,CAATDSNYQLIW,TGTGCTGCGACTGATAGCAACTATCAGTTAATCTGG,705,5,clonotype1,clonotype1_consensus_2
GTGTGCGCAATGGAAT-1,True,GTGTGCGCAATGGAAT-1_contig_2,True,498,TRB,TRBV20-1,None,TRBJ2-1,TRBC2,True,True,CSARVGSEVNEQFF,TGCAGTGCTAGAGTGGGGTCGGAAGTCAATGAGCAGTTCTTC,2083,6,clonotype1,clonotype1_consensus_1
GTGTGCGCACTATCTT-1,True,GTGTGCGCACTATCTT-1_contig_1,True,498,TRB,TRBV20-1,None,TRBJ1-3,TRBC1,True,True,CSASRGDLWNTIYF,TGCAGTGCTAGCCGGGGGGACTTGTGGAACACCATATATTTT,1641,10,clonotype353,clonotype353_consensus_2
GTGTGCGCACTATCTT-1,True,GTGTGCGCACTATCTT-1_contig_2,True,544,TRA,TRAV12-2,None,TRAJ6,TRAC,True,True,CAVPSGGSYIPTF,TGTGCCGTGCCATCAGGAGGAAGCTACATACCTACATTT,813,6,clonotype353,clonotype353_consensus_1
GTGTGCGCAGCCAGAA-1,True,GTGTGCGCAGCCAGAA-1_contig_1,True,485,TRB,TRBV20-1,None,TRBJ2-1,TRBC2,True,True,CSARVGSEVNEQFF,TGCAGTGCTAGAGTGGGGTCGGAAGTCAATGAGCAGTTCTTC,1755,4,clonotype2,clonotype2_consensus_1
GTGTGCGCAGCCAGAA-1,True,GTGTGCGCAGCCAGAA-1_contig_2,True,506,TRA,TRAV1-2,None,TRAJ33,TRAC,True,False,CAATDSNYQLIW,TGTGCTGCGACTGATAGCAACTATCAGTTAATCTGG,257,3,clonotype2,None
GTGTGCGGTAAACGCG-1,True,GTGTGCGGTAAACGCG-1_contig_1,True,515,TRB,TRBV20-1,None,TRBJ2-7,TRBC2,True,True,CSASGGAFSYEQYF,TGCAGTGCTAGTGGAGGGGCCTTCTCCTACGAGCAGTACTTC,801,5,clonotype306,clonotype306_consensus_1
GTGTGCGGTAAACGCG-1,True,GTGTGCGGTAAACGCG-1_contig_2,True,379,TRA,None,None,TRAJ32,TRAC,False,False,None,None,185,4,clonotype306,None
GTGTGCGGTAGGAGTC-1,True,GTGTGCGGTAGGAGTC-1_contig_1,True,505,TRA,TRAV1-2,None,TRAJ33,TRAC,True,True,CAATDSNYQLIW,TGTGCTGCGACTGATAGCAACTATCAGTTAATCTGG,333,2,clonotype1,clonotype1_consensus_2
GTGTGCGGTAGGAGTC-1,True,GTGTGCGGTAGGAGTC-1_contig_2,True,498,TRB,TRBV20-1,None,TRBJ2-1,TRBC2,True,True,CSARVGSEVNEQFF,TGCAGTGCTAGAGTGGGGTCGGAAGTCAATGAGCAGTTCTTC,1484,6,clonotype1,clonotype1_consensus_1
GTGTGCGGTAGGAGTC-1,True,GTGTGCGGTAGGAGTC-1_contig_3,True,465,TRA,TRAV10,None,TRAJ24,TRAC,True,False,None,None,702,3,clonotype1,None
GTGTGCGGTCCTCCAT-1,True,GTGTGCGGTCCTCCAT-1_contig_1,True,504,TRB,TRBV20-1,None,TRBJ1-5,TRBC1,True,True,CSARIGGPQSNQPQHF,TGCAGTGCTAGAATTGGGGGCCCCCAATCCAATCAGCCCCAGCATTTT,3407,9,clonotype2937,clonotype2937_consensus_1
GTGTGCGGTCCTCCAT-1,True,GTGTGCGGTCCTCCAT-1_contig_2,True,487,TRA,TRAV1-1,None,TRAJ13,TRAC,True,True,CAVTGGYQKVTF,TGCGCTGTGACTGGGGGTTACCAGAAAGTTACCTTT,1036,9,clonotype2937,clonotype2937_consensus_2
GTGTGCGGTCGCTTCT-1,True,GTGTGCGGTCGCTTCT-1_contig_1,True,495,TRB,TRBV20-1,None,TRBJ2-1,TRBC2,True,True,CSARVGSEVNEQFF,TGCAGTGCTAGAGTGGGGTCGGAAGTCAATGAGCAGTTCTTC,231,6,clonotype2,clonotype2_consensus_1
GTGTGCGGTCGCTTCT-1,True,GTGTGCGGTCGCTTCT-1_contig_2,True,461,TRA,TRAV10,None,TRAJ24,TRAC,True,False,None,None,54,9,clonotype2,None
GTGTGCGGTGGACGAT-1,True,GTGTGCGGTGGACGAT-1_contig_1,True,506,TRB,TRBV20-1,None,TRBJ1-2,TRBC1,True,True,CTASYGYTF,TGCACGGCCTCCTATGGCTACACCTTC,1788,10,clonotype2938,clonotype2938_consensus_1
GTGTGCGTCACTTCAT-1,True,GTGTGCGTCACTTCAT-1_contig_1,True,498,TRB,TRBV20-1,None,TRBJ1-6,TRBC1,True,True,CSVRTGRMNSPLHF,TGCAGTGTTCGGACAGGGCGGATGAATTCACCCCTCCACTTT,1506,7,clonotype151,clonotype151_consensus_1
GTGTGCGTCACTTCAT-1,True,GTGTGCGTCACTTCAT-1_contig_2,True,500,TRA,TRAV38-2/DV8,None,TRAJ48,TRAC,True,True,CAYRRVSNFGNEKLTF,TGTGCTTATAGGAGGGTATCTAACTTTGGAAATGAGAAATTAACCTTT,788,5,clonotype151,clonotype151_consensus_2
GTGTGCGTCACTTCAT-1,True,GTGTGCGTCACTTCAT-1_contig_3,True,366,TRB,None,None,TRBJ2-1,TRBC2,False,False,None,None,773,3,clonotype151,None
GTGTGCGTCGGTCCGA-1,True,GTGTGCGTCGGTCCGA-1_contig_1,True,471,TRA,TRAV13-1,None,TRAJ52,TRAC,True,True,CAASSGGGGTSYGKLTF,TGTGCAGCAAGTTCGGGGGGGGGTGGTACTAGCTATGGAAAGCTGACATTT,4886,3,clonotype2939,clonotype2939_consensus_1
GTGTGCGTCGGTCCGA-1,True,GTGTGCGTCGGTCCGA-1_contig_2,True,656,TRB,TRBV5-6,None,TRBJ1-6,TRBC1,True,True,CASSFTGDSPLHF,TGTGCCAGCAGCTTTACTGGGGACTCACCCCTCCACTTT,1353,7,clonotype2939,clonotype2939_consensus_2
GTGTGCGTCGGTCCGA-1,True,GTGTGCGTCGGTCCGA-1_contig_3,True,436,TRB,None,None,TRBJ2-3,TRBC2,False,False,None,None,642,4,clonotype2939,None
GTGTGCGTCTGAAAGA-1,True,GTGTGCGTCTGAAAGA-1_contig_1,True,505,TRA,TRAV1-2,None,TRAJ33,TRAC,True,True,CAATDSNYQLIW,TGTGCTGCGACTGATAGCAACTATCAGTTAATCTGG,233,6,clonotype1,clonotype1_consensus_2
GTGTGCGTCTGAAAGA-1,True,GTGTGCGTCTGAAAGA-1_contig_2,True,521,TRB,TRBV20-1,None,TRBJ2-1,TRBC2,True,True,CSARVGSEVNEQFF,TGCAGTGCTAGAGTGGGGTCGGAAGTCAATGAGCAGTTCTTC,1968,11,clonotype1,clonotype1_consensus_1
GTGTTAGCAAGGTTCT-1,True,GTGTTAGCAAGGTTCT-1_contig_1,True,569,TRA,TRAV22,None,TRAJ35,TRAC,True,True,CAVAPSIGFGNVLHC,TGTGCTGTGGCCCCCTCGATAGGCTTTGGGAATGTGCTGCATTGC,369,2,clonotype2940,clonotype2940_consensus_1
GTGTTAGCAAGGTTCT-1,True,GTGTTAGCAAGGTTCT-1_contig_2,True,522,TRA,TRAV21,None,TRAJ17,TRAC,True,True,CAVNGSGAAGNKLTF,TGTGCTGTGAACGGGTCGGGGGCTGCAGGCAACAAGCTAACTTTT,736,4,clonotype2940,clonotype2940_consensus_2
GTGTTAGCAAGGTTCT-1,True,GTGTTAGCAAGGTTCT-1_contig_3,True,649,TRB,TRBV5-6,None,TRBJ1-1,TRBC1,True,True,CATGRGTEAFF,TGTGCCACCGGTCGTGGCACTGAAGCTTTCTTT,2825,11,clonotype2940,clonotype2940_consensus_3
GTGTTAGCAATCTACG-1,True,GTGTTAGCAATCTACG-1_contig_1,True,505,TRA,TRAV1-2,None,TRAJ33,TRAC,True,True,CAATDSNYQLIW,TGTGCTGCGACTGATAGCAACTATCAGTTAATCTGG,536,2,clonotype1,clonotype1_consensus_2
GTGTTAGCAATCTACG-1,True,GTGTTAGCAATCTACG-1_contig_2,True,498,TRB,TRBV20-1,None,TRBJ2-1,TRBC2,True,True,CSARVGSEVNEQFF,TGCAGTGCTAGAGTGGGGTCGGAAGTCAATGAGCAGTTCTTC,1630,10,clonotype1,clonotype1_consensus_1
GTGTTAGCAATCTACG-1,True,GTGTTAGCAATCTACG-1_contig_3,True,465,TRA,TRAV10,None,TRAJ24,TRAC,True,False,None,None,271,2,clonotype1,None
GTGTTAGCACATCCAA-1,True,GTGTTAGCACATCCAA-1_contig_1,True,505,TRA,TRAV1-2,None,TRAJ33,TRAC,True,True,CAATDSNYQLIW,TGTGCTGCGACTGATAGCAACTATCAGTTAATCTGG,258,4,clonotype1,clonotype1_consensus_2
GTGTTAGCACATCCAA-1,True,GTGTTAGCACATCCAA-1_contig_2,True,521,TRB,TRBV20-1,None,TRBJ2-1,TRBC2,True,True,CSARVGSEVNEQFF,TGCAGTGCTAGAGTGGGGTCGGAAGTCAATGAGCAGTTCTTC,3833,12,clonotype1,clonotype1_consensus_1
GTGTTAGCACCAGGTC-1,True,GTGTTAGCACCAGGTC-1_contig_1,True,502,TRA,TRAV1-2,None,TRAJ30,TRAC,True,True,CAVRDLREIIF,TGTGCTGTGAGAGATCTTCGGGAGATCATCTTT,566,2,clonotype3,clonotype3_consensus_2
GTGTTAGCACCAGGTC-1,True,GTGTTAGCACCAGGTC-1_contig_2,True,515,TRB,TRBV5-5,None,TRBJ1-4,TRBC1,True,True,CASSHPGPNYATNEKLFF,TGTGCCAGCAGCCATCCCGGACCGAACTACGCAACTAATGAAAAACTGTTTTTT,8720,3,clonotype3,clonotype3_consensus_1
GTGTTAGCACCGGAAA-1,True,GTGTTAGCACCGGAAA-1_contig_1,True,567,TRA,TRAV8-4,None,TRAJ9,TRAC,True,True,CAVRNTGGFKTIF,TGTGCTGTGAGGAATACTGGAGGCTTCAAAACTATCTTT,1570,6,clonotype46,clonotype46_consensus_2
GTGTTAGCACCGGAAA-1,True,GTGTTAGCACCGGAAA-1_contig_2,True,668,TRB,TRBV5-6,None,TRBJ2-2,TRBC2,True,True,CASSHQVQRGDTGELFF,TGTGCCAGCAGCCATCAGGTCCAGCGGGGGGACACCGGGGAGCTGTTTTTT,2929,10,clonotype46,clonotype46_consensus_1
GTGTTAGCATGTCTCC-1,True,GTGTTAGCATGTCTCC-1_contig_1,True,502,TRA,TRAV1-2,None,TRAJ30,TRAC,True,True,CAVRDLREIIF,TGTGCTGTGAGAGATCTTCGGGAGATCATCTTT,355,4,clonotype17,clonotype17_consensus_1
GTGTTAGCATGTCTCC-1,True,GTGTTAGCATGTCTCC-1_contig_2,True,305,TRB,TRBV5-5,None,TRBJ1-4,TRBC1,True,False,CASSHPGPNYATNEKLFF,TGTGCCAGCAGCCATCCCGGACCGAACTACGCAACTAATGAAAAACTGTTTTTT,508,1,clonotype17,None
GTGTTAGCATTGGTAC-1,True,GTGTTAGCATTGGTAC-1_contig_1,True,501,TRB,TRBV20-1,None,TRBJ2-1,TRBC2,True,True,CSARDQRVSYNEQFF,TGCAGTGCTAGAGATCAAAGGGTCTCCTACAATGAGCAGTTCTTC,1886,8,clonotype83,clonotype83_consensus_2
GTGTTAGCATTGGTAC-1,True,GTGTTAGCATTGGTAC-1_contig_2,True,506,TRA,TRAV13-2,None,TRAJ6,TRAC,True,True,CAENGGSYIPTF,TGTGCAGAGAACGGAGGAAGCTACATACCTACATTT,318,1,clonotype83,clonotype83_consensus_1
GTGTTAGGTCATGCAT-1,True,GTGTTAGGTCATGCAT-1_contig_1,True,502,TRA,TRAV23/DV6,None,TRAJ9,TRAC,True,True,CAAGRGFKTIF,TGTGCAGCAGGCAGAGGCTTCAAAACTATCTTT,1054,9,clonotype2941,clonotype2941_consensus_1
GTGTTAGGTCATGCAT-1,True,GTGTTAGGTCATGCAT-1_contig_2,True,485,TRB,TRBV5-5,None,TRBJ2-1,TRBC2,True,True,CASSLGLAGGRVEQFF,TGTGCCAGCAGCTTGGGACTAGCGGGGGGGCGAGTTGAGCAGTTCTTC,1621,9,clonotype2941,clonotype2941_consensus_2
GTGTTAGGTCATGCAT-1,True,GTGTTAGGTCATGCAT-1_contig_3,True,452,TRA,None,None,TRAJ6,TRAC,False,False,None,None,231,1,clonotype2941,None
GTGTTAGGTCATGCAT-1,True,GTGTTAGGTCATGCAT-1_contig_4,True,479,TRB,TRBV20-1,None,TRBJ2-7,TRBC2,True,False,None,None,355,2,clonotype2941,None
GTGTTAGGTCGGCTCA-1,True,GTGTTAGGTCGGCTCA-1_contig_1,True,505,TRA,TRAV1-2,None,TRAJ33,TRAC,True,True,CAATDSNYQLIW,TGTGCTGCGACTGATAGCAACTATCAGTTAATCTGG,164,1,clonotype1,clonotype1_consensus_2
GTGTTAGGTCGGCTCA-1,True,GTGTTAGGTCGGCTCA-1_contig_2,True,521,TRB,TRBV20-1,None,TRBJ2-1,TRBC2,True,True,CSARVGSEVNEQFF,TGCAGTGCTAGAGTGGGGTCGGAAGTCAATGAGCAGTTCTTC,664,6,clonotype1,clonotype1_consensus_1
GTGTTAGGTGCGATAG-1,True,GTGTTAGGTGCGATAG-1_contig_1,True,505,TRA,TRAV1-2,None,TRAJ33,TRAC,True,True,CAATDSNYQLIW,TGTGCTGCGACTGATAGCAACTATCAGTTAATCTGG,739,7,clonotype1,clonotype1_consensus_2
GTGTTAGGTGCGATAG-1,True,GTGTTAGGTGCGATAG-1_contig_2,True,498,TRB,TRBV20-1,None,TRBJ2-1,TRBC2,True,True,CSARVGSEVNEQFF,TGCAGTGCTAGAGTGGGGTCGGAAGTCAATGAGCAGTTCTTC,1434,8,clonotype1,clonotype1_consensus_1
GTGTTAGGTTAAGATG-1,True,GTGTTAGGTTAAGATG-1_contig_1,True,524,TRB,TRBV20-1,None,TRBJ2-1,TRBC2,True,True,CSARDQRVSYNEQFF,TGCAGTGCTAGAGATCAAAGGGTCTCCTACAATGAGCAGTTCTTC,4077,10,clonotype83,clonotype83_consensus_2
GTGTTAGGTTAAGATG-1,True,GTGTTAGGTTAAGATG-1_contig_2,True,506,TRA,TRAV13-2,None,TRAJ6,TRAC,True,True,CAENGGSYIPTF,TGTGCAGAGAACGGAGGAAGCTACATACCTACATTT,626,5,clonotype83,clonotype83_consensus_1
GTGTTAGTCGAGCCCA-1,True,GTGTTAGTCGAGCCCA-1_contig_1,True,573,TRA,TRAV8-4,None,TRAJ47,TRAC,True,True,CAVSESSGYGNKLVF,TGTGCTGTGAGTGAAAGTAGCGGGTATGGAAACAAACTGGTCTTT,945,6,clonotype2942,clonotype2942_consensus_2
GTGTTAGTCGAGCCCA-1,True,GTGTTAGTCGAGCCCA-1_contig_2,True,517,TRB,TRBV20-1,None,TRBJ2-3,TRBC2,True,True,CSASHRPTSTDTQYF,TGCAGTGCTAGTCACAGGCCGACTAGCACAGATACGCAGTATTTT,1275,8,clonotype2942,clonotype2942_consensus_1
GTGTTAGTCGGATGTT-1,True,GTGTTAGTCGGATGTT-1_contig_1,True,571,TRA,TRAV29/DV5,None,TRAJ8,TRAC,True,True,CAASGNTGFQKLVF,TGTGCAGCAAGCGGTAACACAGGCTTTCAGAAACTTGTATTT,1521,6,clonotype2943,clonotype2943_consensus_2
GTGTTAGTCGGATGTT-1,True,GTGTTAGTCGGATGTT-1_contig_2,True,713,TRB,TRBV5-6,None,TRBJ1-1,TRBC1,True,True,CASSLKGQMNTEAFF,TGTGCCAGCAGCTTGAAGGGACAGATGAACACTGAAGCTTTCTTT,2088,9,clonotype2943,clonotype2943_consensus_1
GTGTTAGTCGGATGTT-1,True,GTGTTAGTCGGATGTT-1_contig_3,True,504,TRB,TRBV14,None,TRBJ2-1,TRBC2,True,False,None,None,62,1,clonotype2943,None
GTGTTAGTCTGGCGAC-1,True,GTGTTAGTCTGGCGAC-1_contig_1,True,505,TRA,TRAV1-2,None,TRAJ33,TRAC,True,True,CAATDSNYQLIW,TGTGCTGCGACTGATAGCAACTATCAGTTAATCTGG,445,2,clonotype1,clonotype1_consensus_2
GTGTTAGTCTGGCGAC-1,True,GTGTTAGTCTGGCGAC-1_contig_2,True,498,TRB,TRBV20-1,None,TRBJ2-1,TRBC2,True,True,CSARVGSEVNEQFF,TGCAGTGCTAGAGTGGGGTCGGAAGTCAATGAGCAGTTCTTC,2773,6,clonotype1,clonotype1_consensus_1
GTTAAGCAGACGCTTT-1,True,GTTAAGCAGACGCTTT-1_contig_1,True,518,TRB,TRBV20-1,None,TRBJ1-2,TRBC1,True,True,CSAQQGPNGGYTF,TGCAGTGCGCAACAGGGGCCGAATGGGGGCTACACCTTC,2837,11,clonotype2944,clonotype2944_consensus_1
GTTAAGCAGACGCTTT-1,True,GTTAAGCAGACGCTTT-1_contig_2,True,376,TRB,None,None,TRBJ2-2,TRBC2,False,False,None,None,1146,2,clonotype2944,None
GTTAAGCAGACGCTTT-1,True,GTTAAGCAGACGCTTT-1_contig_3,True,494,TRA,TRAV26-1,None,None,TRAC,False,False,None,None,1037,4,clonotype2944,None
GTTAAGCAGAGTAATC-1,True,GTTAAGCAGAGTAATC-1_contig_1,True,559,TRA,TRAV5,None,TRAJ8,TRAC,True,True,CAEQNTGFQKLVF,TGTGCAGAGCAGAACACAGGCTTTCAGAAACTTGTATTT,702,3,clonotype2945,clonotype2945_consensus_2
GTTAAGCAGAGTAATC-1,True,GTTAAGCAGAGTAATC-1_contig_2,True,513,TRB,TRBV5-5,None,TRBJ1-3,TRBC1,True,True,CASSLAGTGAGNTIYF,TGTGCCAGCAGCTTGGCCGGAACGGGGGCTGGAAACACCATATATTTT,1298,7,clonotype2945,clonotype2945_consensus_1
GTTAAGCAGAGTAATC-1,True,GTTAAGCAGAGTAATC-1_contig_3,True,304,TRB,None,None,TRBJ2-2,TRBC2,False,False,None,None,522,3,clonotype2945,None
GTTAAGCAGATGCGAC-1,True,GTTAAGCAGATGCGAC-1_contig_1,True,524,TRB,TRBV20-1,None,TRBJ1-2,TRBC1,True,True,CSAKPGQGLDYGYTF,TGCAGTGCTAAGCCGGGACAGGGGCTCGACTATGGCTACACCTTC,2523,7,clonotype171,clonotype171_consensus_1
GTTAAGCAGATGCGAC-1,True,GTTAAGCAGATGCGAC-1_contig_2,True,571,TRA,TRAV8-1,None,TRAJ4,TRAC,True,True,CAVKSGGYNKLIF,TGTGCCGTGAAATCTGGTGGCTACAATAAGCTGATTTTT,882,6,clonotype171,clonotype171_consensus_2
GTTAAGCAGATGCGAC-1,True,GTTAAGCAGATGCGAC-1_contig_3,True,650,TRB,TRBV19,None,TRBJ2-3,TRBC2,True,False,None,None,258,1,clonotype171,None
GTTAAGCAGCAACGGT-1,True,GTTAAGCAGCAACGGT-1_contig_1,True,505,TRA,TRAV1-2,None,TRAJ33,TRAC,True,True,CAATDSNYQLIW,TGTGCTGCGACTGATAGCAACTATCAGTTAATCTGG,720,5,clonotype1,clonotype1_consensus_2
GTTAAGCAGCAACGGT-1,True,GTTAAGCAGCAACGGT-1_contig_2,True,521,TRB,TRBV20-1,None,TRBJ2-1,TRBC2,True,True,CSARVGSEVNEQFF,TGCAGTGCTAGAGTGGGGTCGGAAGTCAATGAGCAGTTCTTC,827,7,clonotype1,clonotype1_consensus_1
GTTAAGCAGCAACGGT-1,True,GTTAAGCAGCAACGGT-1_contig_3,True,482,TRA,TRAV10,None,TRAJ24,TRAC,True,False,None,None,874,4,clonotype1,None
GTTAAGCAGCTGATAA-1,True,GTTAAGCAGCTGATAA-1_contig_1,True,530,TRA,TRAV27,None,TRAJ52,TRAC,True,True,CAGEGGTSYGKLTF,TGTGCAGGAGAAGGTGGTACTAGCTATGGAAAGCTGACATTT,585,5,clonotype2946,clonotype2946_consensus_1
GTTAAGCAGCTGATAA-1,True,GTTAAGCAGCTGATAA-1_contig_2,True,563,TRA,TRAV22,None,TRAJ17,TRAC,True,True,CAVWKAAGNKLTF,TGTGCTGTGTGGAAAGCTGCAGGCAACAAGCTAACTTTT,588,3,clonotype2946,clonotype2946_consensus_3
GTTAAGCAGCTGATAA-1,True,GTTAAGCAGCTGATAA-1_contig_3,True,675,TRB,TRBV5-6,None,TRBJ2-6,TRBC2,True,True,CASSLGSGANVLTF,TGTGCCAGCAGCTTGGGGTCCGGGGCCAACGTCCTGACTTTC,1623,9,clonotype2946,clonotype2946_consensus_2
GTTAAGCAGCTGATAA-1,True,GTTAAGCAGCTGATAA-1_contig_4,True,335,TRB,TRBV18,None,TRBJ2-7,TRBC2,True,False,None,None,241,1,clonotype2946,None
GTTAAGCAGCTGATAA-1,True,GTTAAGCAGCTGATAA-1_contig_5,True,461,TRB,TRBV20-1,None,None,TRBC1,False,False,None,None,1014,5,clonotype2946,None
GTTAAGCCACGCGAAA-1,True,GTTAAGCCACGCGAAA-1_contig_1,True,527,TRB,TRBV20-1,None,TRBJ2-7,TRBC2,True,True,CSARDHLEGPTYEQYF,TGCAGTGCTAGAGATCACCTCGAGGGTCCCACTTACGAGCAGTACTTC,1367,6,clonotype2947,clonotype2947_consensus_1
GTTAAGCCACGCGAAA-1,True,GTTAAGCCACGCGAAA-1_contig_2,True,555,TRA,TRAV16,None,TRAJ15,TRAC,True,True,CAPLGQAGTALIF,TGTGCTCCCCTCGGCCAGGCAGGAACTGCTCTGATCTTT,1253,5,clonotype2947,clonotype2947_consensus_2
GTTAAGCCACGCGAAA-1,True,GTTAAGCCACGCGAAA-1_contig_3,True,509,TRA,TRAV30,None,TRAJ9,TRAC,True,True,CGTDSTGGFKTIF,TGCGGCACAGACTCTACTGGAGGCTTCAAAACTATCTTT,1716,6,clonotype2947,clonotype2947_consensus_3
GTTAAGCCAGACTCGC-1,True,GTTAAGCCAGACTCGC-1_contig_1,True,492,TRB,TRBV20-1,None,TRBJ2-7,TRBC2,True,True,CSALGNSYEQYF,TGCAGTGCTTTGGGGAACTCCTACGAGCAGTACTTC,849,4,clonotype161,clonotype161_consensus_1
GTTAAGCCAGACTCGC-1,True,GTTAAGCCAGACTCGC-1_contig_2,True,553,TRA,TRAV12-1,None,TRAJ41,TRAC,True,True,CVVNSNSGYALNF,TGTGTGGTGAACTCAAATTCCGGGTATGCACTCAACTTC,837,6,clonotype161,clonotype161_consensus_2
GTTAAGCCATCTGGTA-1,True,GTTAAGCCATCTGGTA-1_contig_1,True,514,TRA,TRAV1-2,None,TRAJ17,TRAC,True,True,CAPGMIKAAGNKLTF,TGTGCTCCCGGGATGATCAAAGCTGCAGGCAACAAGCTAACTTTT,208,1,clonotype2948,clonotype2948_consensus_2
GTTAAGCCATCTGGTA-1,True,GTTAAGCCATCTGGTA-1_contig_2,True,659,TRB,TRBV5-6,None,TRBJ2-7,TRBC2,True,True,CASGIAGASYEQYF,TGTGCCAGCGGAATAGCGGGGGCCTCCTACGAGCAGTACTTC,1476,10,clonotype2948,clonotype2948_consensus_1
GTTAAGCCATCTGGTA-1,True,GTTAAGCCATCTGGTA-1_contig_3,True,438,TRA,TRAV26-2,None,TRAJ3,TRAC,True,False,None,None,1232,4,clonotype2948,None
GTTAAGCCATTCTCAT-1,True,GTTAAGCCATTCTCAT-1_contig_1,True,498,TRB,TRBV20-1,None,TRBJ2-1,TRBC2,True,True,CSARVGSEVNEQFF,TGCAGTGCTAGAGTGGGGTCGGAAGTCAATGAGCAGTTCTTC,1704,7,clonotype2,clonotype2_consensus_1
GTTAAGCGTCTAAACC-1,True,GTTAAGCGTCTAAACC-1_contig_1,True,505,TRA,TRAV1-2,None,TRAJ33,TRAC,True,True,CAATDSNYQLIW,TGTGCTGCGACTGATAGCAACTATCAGTTAATCTGG,155,3,clonotype1,clonotype1_consensus_2
GTTAAGCGTCTAAACC-1,True,GTTAAGCGTCTAAACC-1_contig_2,True,521,TRB,TRBV20-1,None,TRBJ2-1,TRBC2,True,True,CSARVGSEVNEQFF,TGCAGTGCTAGAGTGGGGTCGGAAGTCAATGAGCAGTTCTTC,2587,10,clonotype1,clonotype1_consensus_1
GTTAAGCGTGACAAAT-1,True,GTTAAGCGTGACAAAT-1_contig_1,True,505,TRA,TRAV1-2,None,TRAJ33,TRAC,True,True,CAATDSNYQLIW,TGTGCTGCGACTGATAGCAACTATCAGTTAATCTGG,696,5,clonotype8,clonotype8_consensus_1
GTTAAGCGTGCTTCTC-1,True,GTTAAGCGTGCTTCTC-1_contig_1,True,505,TRA,TRAV1-2,None,TRAJ33,TRAC,True,True,CAATDSNYQLIW,TGTGCTGCGACTGATAGCAACTATCAGTTAATCTGG,479,3,clonotype1,clonotype1_consensus_2
GTTAAGCGTGCTTCTC-1,True,GTTAAGCGTGCTTCTC-1_contig_2,True,498,TRB,TRBV20-1,None,TRBJ2-1,TRBC2,True,True,CSARVGSEVNEQFF,TGCAGTGCTAGAGTGGGGTCGGAAGTCAATGAGCAGTTCTTC,1672,10,clonotype1,clonotype1_consensus_1
GTTAAGCTCATGTCCC-1,True,GTTAAGCTCATGTCCC-1_contig_1,True,489,TRB,TRBV20-1,None,TRBJ1-6,TRBC1,True,True,CSARRSENSPLHF,TGCAGTGCGCGAAGGTCCGAGAATTCACCCCTCCACTTT,1384,4,clonotype2949,clonotype2949_consensus_1
GTTAAGCTCCGTTGCT-1,True,GTTAAGCTCCGTTGCT-1_contig_1,True,521,TRB,TRBV20-1,None,TRBJ2-1,TRBC2,True,True,CSARVGSEVNEQFF,TGCAGTGCTAGAGTGGGGTCGGAAGTCAATGAGCAGTTCTTC,2374,9,clonotype2,clonotype2_consensus_1
GTTAAGCTCCGTTGCT-1,True,GTTAAGCTCCGTTGCT-1_contig_2,True,457,TRA,TRAV10,None,TRAJ24,TRAC,True,False,None,None,461,2,clonotype2,None
GTTAAGCTCTCCAACC-1,True,GTTAAGCTCTCCAACC-1_contig_1,True,502,TRA,TRAV1-2,None,TRAJ30,TRAC,True,True,CAVRDLREIIF,TGTGCTGTGAGAGATCTTCGGGAGATCATCTTT,402,3,clonotype3,clonotype3_consensus_2
GTTAAGCTCTCCAACC-1,True,GTTAAGCTCTCCAACC-1_contig_2,True,522,TRB,TRBV5-5,None,TRBJ1-4,TRBC1,True,True,CASSHPGPNYATNEKLFF,TGTGCCAGCAGCCATCCCGGACCGAACTACGCAACTAATGAAAAACTGTTTTTT,1947,6,clonotype3,clonotype3_consensus_1
GTTAAGCTCTCGCTTG-1,True,GTTAAGCTCTCGCTTG-1_contig_1,True,509,TRA,TRAV27,None,TRAJ41,TRAC,True,True,CAGGTGYALNF,TGTGCAGGAGGTACCGGGTATGCACTCAACTTC,2026,10,clonotype2950,clonotype2950_consensus_1
GTTAAGCTCTCGCTTG-1,True,GTTAAGCTCTCGCTTG-1_contig_2,True,498,TRB,TRBV20-1,None,TRBJ2-3,TRBC2,True,True,CSASITSGGARDTQYF,TGCAGTGCTAGCATCACTAGCGGGGGGGCCAGGGATACGCAGTATTTT,2375,10,clonotype2950,clonotype2950_consensus_2
GTTAAGCTCTCGCTTG-1,True,GTTAAGCTCTCGCTTG-1_contig_3,True,424,TRA,TRAV13-1,None,TRAJ37,None,True,False,None,None,76,1,clonotype2950,None
GTTACAGAGAGGTTAT-1,True,GTTACAGAGAGGTTAT-1_contig_1,True,521,TRB,TRBV20-1,None,TRBJ2-5,TRBC2,True,True,CSARVPAMQETQYF,TGCAGTGCTAGAGTCCCCGCCATGCAAGAGACCCAGTACTTC,696,5,clonotype2951,clonotype2951_consensus_2
GTTACAGAGAGGTTAT-1,True,GTTACAGAGAGGTTAT-1_contig_2,True,520,TRA,TRAV29/DV5,None,TRAJ38,TRAC,True,True,CAASAKNAGNNRKLIW,TGTGCAGCAAGCGCAAAGAATGCTGGCAACAACCGTAAGCTGATTTGG,711,4,clonotype2951,clonotype2951_consensus_1
GTTACAGAGAGGTTAT-1,True,GTTACAGAGAGGTTAT-1_contig_3,True,446,TRA,TRAV9-2,None,TRAJ37,TRAC,True,True,CALKNGNTGKLIF,TGTGCTCTGAAGAACGGCAACACAGGCAAACTAATCTTT,822,5,clonotype2951,clonotype2951_consensus_3
GTTACAGAGAGGTTAT-1,True,GTTACAGAGAGGTTAT-1_contig_4,True,360,TRB,None,None,TRBJ2-1,TRBC2,False,False,None,None,182,4,clonotype2951,None
GTTACAGAGAGTGAGA-1,True,GTTACAGAGAGTGAGA-1_contig_1,True,518,TRB,TRBV20-1,None,TRBJ2-2,TRBC2,True,True,CTATAGGTGELFF,TGCACAGCCACTGCAGGGGGCACCGGGGAGCTGTTTTTT,1129,7,clonotype66,clonotype66_consensus_1
GTTACAGAGAGTGAGA-1,True,GTTACAGAGAGTGAGA-1_contig_2,True,502,TRA,TRAV23/DV6,None,TRAJ49,TRAC,True,True,CAAPSGNQFYF,TGTGCAGCGCCTAGCGGTAACCAGTTCTATTTT,1132,6,clonotype66,clonotype66_consensus_2
GTTACAGAGCCAGTAG-1,True,GTTACAGAGCCAGTAG-1_contig_1,True,453,TRA,TRAV2,None,TRAJ37,TRAC,True,True,CAVDISSNTGKLIF,TGTGCTGTGGATATCTCTAGCAACACAGGCAAACTAATCTTT,601,4,clonotype2952,clonotype2952_consensus_2
GTTACAGAGCCAGTAG-1,True,GTTACAGAGCCAGTAG-1_contig_2,True,510,TRB,TRBV5-5,None,TRBJ2-3,TRBC2,True,True,CASSLSGVTDTQYF,TGTGCCAGCAGCTTAAGCGGGGTCACAGATACGCAGTATTTT,2660,10,clonotype2952,clonotype2952_consensus_1
GTTACAGAGTGTACGG-1,True,GTTACAGAGTGTACGG-1_contig_1,True,505,TRA,TRAV1-2,None,TRAJ33,TRAC,True,True,CAATDSNYQLIW,TGTGCTGCGACTGATAGCAACTATCAGTTAATCTGG,6860,3,clonotype1,clonotype1_consensus_2
GTTACAGAGTGTACGG-1,True,GTTACAGAGTGTACGG-1_contig_2,True,498,TRB,TRBV20-1,None,TRBJ2-1,TRBC2,True,True,CSARVGSEVNEQFF,TGCAGTGCTAGAGTGGGGTCGGAAGTCAATGAGCAGTTCTTC,964,8,clonotype1,clonotype1_consensus_1
GTTACAGCAAATCCGT-1,True,GTTACAGCAAATCCGT-1_contig_1,True,489,TRA,TRAV9-2,None,TRAJ3,TRAC,True,True,CALGSSASKIIF,TGTGCCCTGGGGAGCAGTGCTTCCAAGATAATCTTT,218,1,clonotype2953,clonotype2953_consensus_2
GTTACAGCAAATCCGT-1,True,GTTACAGCAAATCCGT-1_contig_2,True,712,TRB,TRBV5-6,None,TRBJ2-7,TRBC2,True,True,CASSPGLAGNYEQYF,TGTGCCAGCAGCCCGGGACTAGCGGGTAACTACGAGCAGTACTTC,2505,10,clonotype2953,clonotype2953_consensus_1
GTTACAGCAAGACGTG-1,True,GTTACAGCAAGACGTG-1_contig_1,True,505,TRA,TRAV1-2,None,TRAJ33,TRAC,True,True,CAATDSNYQLIW,TGTGCTGCGACTGATAGCAACTATCAGTTAATCTGG,263,3,clonotype1,clonotype1_consensus_2
GTTACAGCAAGACGTG-1,True,GTTACAGCAAGACGTG-1_contig_2,True,498,TRB,TRBV20-1,None,TRBJ2-1,TRBC2,True,True,CSARVGSEVNEQFF,TGCAGTGCTAGAGTGGGGTCGGAAGTCAATGAGCAGTTCTTC,2148,9,clonotype1,clonotype1_consensus_1
GTTACAGCACATAACC-1,True,GTTACAGCACATAACC-1_contig_1,True,505,TRA,TRAV1-2,None,TRAJ33,TRAC,True,True,CAATDSNYQLIW,TGTGCTGCGACTGATAGCAACTATCAGTTAATCTGG,498,4,clonotype1,clonotype1_consensus_2
GTTACAGCACATAACC-1,True,GTTACAGCACATAACC-1_contig_2,True,521,TRB,TRBV20-1,None,TRBJ2-1,TRBC2,True,True,CSARVGSEVNEQFF,TGCAGTGCTAGAGTGGGGTCGGAAGTCAATGAGCAGTTCTTC,4165,11,clonotype1,clonotype1_consensus_1
GTTACAGCACATAACC-1,True,GTTACAGCACATAACC-1_contig_3,True,459,TRA,TRAV10,None,TRAJ24,TRAC,True,False,None,None,443,1,clonotype1,None
GTTACAGCACATTCGA-1,True,GTTACAGCACATTCGA-1_contig_1,True,502,TRA,TRAV1-2,None,TRAJ23,TRAC,True,True,CARNQGGKLIF,TGTGCCCGAAACCAGGGAGGAAAGCTTATCTTC,440,3,clonotype2954,clonotype2954_consensus_1
GTTACAGCACATTCGA-1,True,GTTACAGCACATTCGA-1_contig_2,True,501,TRB,TRBV20-1,None,TRBJ2-3,TRBC2,True,True,CSAPPAGSSTDTQYF,TGCAGTGCTCCCCCAGCCGGCTCTTCCACAGATACGCAGTATTTT,1597,5,clonotype2954,clonotype2954_consensus_2
GTTACAGCACCCAGTG-1,True,GTTACAGCACCCAGTG-1_contig_1,True,524,TRB,TRBV20-1,None,TRBJ2-2,TRBC2,True,True,CSAPSLRGVAGELFF,TGCAGTGCTCCGTCCTTGCGGGGGGTTGCCGGGGAGCTGTTTTTT,3347,14,clonotype2955,clonotype2955_consensus_1
GTTACAGCACCCAGTG-1,True,GTTACAGCACCCAGTG-1_contig_2,True,669,TRB,None,None,TRBJ1-6,TRBC1,False,False,None,None,502,1,clonotype2955,None
GTTACAGCATTATCTC-1,True,GTTACAGCATTATCTC-1_contig_1,True,554,TRA,TRAV26-1,None,TRAJ18,TRAC,True,True,CIVRAPDRGSTLGRLYF,TGCATCGTCAGAGCTCCCGACAGAGGCTCAACCCTGGGGAGGCTATACTTT,471,5,clonotype2956,clonotype2956_consensus_2
GTTACAGCATTATCTC-1,True,GTTACAGCATTATCTC-1_contig_2,True,483,TRB,TRBV5-5,None,TRBJ1-5,TRBC1,True,True,CASSLSGYQGQPQHF,TGTGCCAGCAGCTTGTCAGGGTATCAGGGACAGCCCCAGCATTTT,839,4,clonotype2956,clonotype2956_consensus_1
GTTACAGCATTCCTGC-1,True,GTTACAGCATTCCTGC-1_contig_1,True,514,TRA,TRAV1-2,None,TRAJ5,TRAC,True,True,CAVSGPDTGRRALTF,TGTGCTGTGAGCGGCCCGGACACGGGCAGGAGAGCACTTACTTTT,1546,3,clonotype2957,clonotype2957_consensus_2
GTTACAGCATTCCTGC-1,True,GTTACAGCATTCCTGC-1_contig_2,True,511,TRB,TRBV12-4,None,TRBJ1-2,TRBC1,True,True,CASSLEVGQFGYTF,TGTGCCAGCAGTTTAGAGGTTGGGCAGTTTGGCTACACCTTC,844,4,clonotype2957,clonotype2957_consensus_1
GTTACAGGTAAACACA-1,True,GTTACAGGTAAACACA-1_contig_1,True,521,TRB,TRBV20-1,None,TRBJ2-1,TRBC2,True,True,CSARVGSEVNEQFF,TGCAGTGCTAGAGTGGGGTCGGAAGTCAATGAGCAGTTCTTC,3361,16,clonotype2,clonotype2_consensus_1
GTTACAGGTAATAGCA-1,True,GTTACAGGTAATAGCA-1_contig_1,True,505,TRA,TRAV1-2,None,TRAJ33,TRAC,True,True,CAATDSNYQLIW,TGTGCTGCGACTGATAGCAACTATCAGTTAATCTGG,1275,1,clonotype1,clonotype1_consensus_2
GTTACAGGTAATAGCA-1,True,GTTACAGGTAATAGCA-1_contig_2,True,521,TRB,TRBV20-1,None,TRBJ2-1,TRBC2,True,True,CSARVGSEVNEQFF,TGCAGTGCTAGAGTGGGGTCGGAAGTCAATGAGCAGTTCTTC,1844,10,clonotype1,clonotype1_consensus_1
GTTACAGGTAATAGCA-1,True,GTTACAGGTAATAGCA-1_contig_3,True,500,TRA,TRAV10,None,TRAJ24,TRAC,True,False,None,None,3334,3,clonotype1,None
GTTACAGGTACTCAAC-1,True,GTTACAGGTACTCAAC-1_contig_1,True,505,TRA,TRAV1-2,None,TRAJ33,TRAC,True,True,CAATDSNYQLIW,TGTGCTGCGACTGATAGCAACTATCAGTTAATCTGG,302,1,clonotype1,clonotype1_consensus_2
GTTACAGGTACTCAAC-1,True,GTTACAGGTACTCAAC-1_contig_2,True,521,TRB,TRBV20-1,None,TRBJ2-1,TRBC2,True,True,CSARVGSEVNEQFF,TGCAGTGCTAGAGTGGGGTCGGAAGTCAATGAGCAGTTCTTC,864,10,clonotype1,clonotype1_consensus_1
GTTACAGGTAGCTTGT-1,True,GTTACAGGTAGCTTGT-1_contig_1,True,567,TRA,TRAV8-4,None,TRAJ16,TRAC,True,True,CAVSDRDGQKLLF,TGTGCTGTGAGTGACCGAGATGGCCAGAAGCTGCTCTTT,335,3,clonotype2958,clonotype2958_consensus_2
GTTACAGGTAGCTTGT-1,True,GTTACAGGTAGCTTGT-1_contig_2,True,521,TRB,TRBV20-1,None,TRBJ1-2,TRBC1,True,True,CSASGGKESYGYTF,TGCAGTGCTAGTGGAGGGAAGGAAAGCTATGGCTACACCTTC,998,7,clonotype2958,clonotype2958_consensus_1
GTTACAGGTAGCTTGT-1,True,GTTACAGGTAGCTTGT-1_contig_3,True,447,TRA,TRAV5,None,TRAJ34,TRAC,True,False,CAIPDKLIF,TGTGCTATCCCCGACAAGCTCATCTTT,143,5,clonotype2958,None
GTTACAGGTAGCTTGT-1,True,GTTACAGGTAGCTTGT-1_contig_4,True,357,TRB,None,None,TRBJ1-6,TRBC1,False,False,None,None,520,3,clonotype2958,None
GTTACAGGTATAAACG-1,True,GTTACAGGTATAAACG-1_contig_1,True,491,TRA,TRAV38-1,None,TRAJ24,TRAC,True,True,CAFLRSTDSWGKLQF,TGTGCTTTCCTTCGTTCAACTGACAGCTGGGGGAAATTGCAGTTT,1681,5,clonotype2959,clonotype2959_consensus_1
GTTACAGGTATAAACG-1,True,GTTACAGGTATAAACG-1_contig_2,True,703,TRB,TRBV5-6,None,TRBJ2-7,TRBC2,True,True,CASSLGTTYEQYF,TGTGCCAGCAGCTTGGGGACTACCTACGAGCAGTACTTC,1694,9,clonotype2959,clonotype2959_consensus_2
GTTACAGGTCGGATCC-1,True,GTTACAGGTCGGATCC-1_contig_1,True,511,TRA,TRAV23/DV6,None,TRAJ17,TRAC,True,True,CAARAGAAGNKLTF,TGTGCAGCAAGGGCCGGGGCTGCAGGCAACAAGCTAACTTTT,340,4,clonotype360,clonotype360_consensus_2
GTTACAGGTCGGATCC-1,True,GTTACAGGTCGGATCC-1_contig_2,True,486,TRB,TRBV20-1,None,TRBJ2-1,TRBC2,True,True,CSANILAEQFF,TGCAGTGCTAATATACTAGCGGAGCAGTTCTTC,1030,4,clonotype360,clonotype360_consensus_1
GTTACAGGTGAGGGTT-1,True,GTTACAGGTGAGGGTT-1_contig_1,True,508,TRA,TRAV20,None,TRAJ24,TRAC,True,True,CAVMTTDSWGKFQF,TGTGCTGTTATGACAACTGACAGCTGGGGGAAATTCCAGTTT,3943,5,clonotype7,clonotype7_consensus_2
GTTACAGGTGAGGGTT-1,True,GTTACAGGTGAGGGTT-1_contig_2,True,499,TRB,TRBV5-5,None,TRBJ2-7,TRBC2,True,True,CASSSLVEQGAYEQYF,TGTGCCAGCAGCTCGCTCGTAGAGCAGGGGGCCTACGAGCAGTACTTC,1164,8,clonotype7,clonotype7_consensus_1
GTTACAGTCAAACCAC-1,True,GTTACAGTCAAACCAC-1_contig_1,True,505,TRA,TRAV1-2,None,TRAJ33,TRAC,True,True,CAATDSNYQLIW,TGTGCTGCGACTGATAGCAACTATCAGTTAATCTGG,631,2,clonotype1,clonotype1_consensus_2
GTTACAGTCAAACCAC-1,True,GTTACAGTCAAACCAC-1_contig_2,True,521,TRB,TRBV20-1,None,TRBJ2-1,TRBC2,True,True,CSARVGSEVNEQFF,TGCAGTGCTAGAGTGGGGTCGGAAGTCAATGAGCAGTTCTTC,3397,4,clonotype1,clonotype1_consensus_1
GTTACAGTCAAACCAC-1,True,GTTACAGTCAAACCAC-1_contig_3,True,465,TRA,TRAV10,None,TRAJ24,TRAC,True,False,None,None,177,2,clonotype1,None
GTTACAGTCAGGCGAA-1,True,GTTACAGTCAGGCGAA-1_contig_1,True,565,TRA,TRAV19,None,TRAJ17,TRAC,True,True,CALSEATAGNKLTF,TGTGCTCTGAGTGAGGCTACTGCAGGCAACAAGCTAACTTTT,825,8,clonotype2960,clonotype2960_consensus_1
GTTACAGTCATCTGTT-1,True,GTTACAGTCATCTGTT-1_contig_1,True,505,TRA,TRAV1-2,None,TRAJ33,TRAC,True,True,CAATDSNYQLIW,TGTGCTGCGACTGATAGCAACTATCAGTTAATCTGG,483,4,clonotype1,clonotype1_consensus_2
GTTACAGTCATCTGTT-1,True,GTTACAGTCATCTGTT-1_contig_2,True,511,TRB,TRBV20-1,None,TRBJ2-1,TRBC2,True,True,CSARVGSEVNEQFF,TGCAGTGCTAGAGTGGGGTCGGAAGTCAATGAGCAGTTCTTC,1047,5,clonotype1,clonotype1_consensus_1
GTTACAGTCATCTGTT-1,True,GTTACAGTCATCTGTT-1_contig_3,True,465,TRA,TRAV10,None,TRAJ24,TRAC,True,False,None,None,730,1,clonotype1,None
GTTACAGTCGGCGCTA-1,True,GTTACAGTCGGCGCTA-1_contig_1,True,505,TRA,TRAV1-2,None,TRAJ33,TRAC,True,True,CAATDSNYQLIW,TGTGCTGCGACTGATAGCAACTATCAGTTAATCTGG,1253,5,clonotype1,clonotype1_consensus_2
GTTACAGTCGGCGCTA-1,True,GTTACAGTCGGCGCTA-1_contig_2,True,521,TRB,TRBV20-1,None,TRBJ2-1,TRBC2,True,True,CSARVGSEVNEQFF,TGCAGTGCTAGAGTGGGGTCGGAAGTCAATGAGCAGTTCTTC,1881,7,clonotype1,clonotype1_consensus_1
GTTCATTAGAAACGCC-1,True,GTTCATTAGAAACGCC-1_contig_1,True,487,TRA,TRAV1-2,None,TRAJ33,TRAC,True,True,CAATDSNYQLIW,TGTGCTGCGACTGATAGCAACTATCAGTTAATCTGG,976,2,clonotype1,clonotype1_consensus_2
GTTCATTAGAAACGCC-1,True,GTTCATTAGAAACGCC-1_contig_2,True,498,TRB,TRBV20-1,None,TRBJ2-1,TRBC2,True,True,CSARVGSEVNEQFF,TGCAGTGCTAGAGTGGGGTCGGAAGTCAATGAGCAGTTCTTC,1434,8,clonotype1,clonotype1_consensus_1
GTTCATTAGAATTCCC-1,True,GTTCATTAGAATTCCC-1_contig_1,True,473,TRB,TRBV20-1,None,TRBJ2-1,TRBC2,True,True,CSARVGSEVNEQFF,TGCAGTGCTAGAGTGGGGTCGGAAGTCAATGAGCAGTTCTTC,437,6,clonotype2,clonotype2_consensus_1
GTTCATTAGAATTCCC-1,True,GTTCATTAGAATTCCC-1_contig_2,True,442,TRA,TRAV10,None,TRAJ24,TRAC,True,False,None,None,2133,1,clonotype2,None
GTTCATTAGGAATGGA-1,True,GTTCATTAGGAATGGA-1_contig_1,True,500,TRB,TRBV20-1,None,TRBJ2-5,TRBC2,True,True,CSARAVQETQYF,TGCAGTGCTAGAGCTGTCCAAGAGACCCAGTACTTC,2942,10,clonotype2961,clonotype2961_consensus_1
GTTCATTAGGAATGGA-1,True,GTTCATTAGGAATGGA-1_contig_2,True,898,TRA,TRAV1-1,None,TRAJ9,TRAC,True,False,None,None,1124,4,clonotype2961,None
GTTCATTAGGACATTA-1,True,GTTCATTAGGACATTA-1_contig_1,True,491,TRA,TRAV36/DV7,None,TRAJ44,TRAC,True,True,CAVRNTGTASKLTF,TGTGCTGTGAGAAATACCGGCACTGCCAGTAAACTCACCTTT,2267,2,clonotype2962,clonotype2962_consensus_1
GTTCATTAGGACATTA-1,True,GTTCATTAGGACATTA-1_contig_2,True,521,TRB,TRBV20-1,None,TRBJ2-5,TRBC2,True,True,CSATGPGSQETQYF,TGCAGTGCTACGGGACCGGGTTCACAAGAGACCCAGTACTTC,6675,11,clonotype2962,clonotype2962_consensus_2
GTTCATTAGGACATTA-1,True,GTTCATTAGGACATTA-1_contig_3,True,311,TRB,None,None,TRBJ2-7,TRBC2,False,False,None,None,652,4,clonotype2962,None
GTTCATTAGGACATTA-1,True,GTTCATTAGGACATTA-1_contig_4,True,462,TRA,TRAV13-1,None,TRAJ36,TRAC,True,False,None,None,306,1,clonotype2962,None
GTTCATTAGTAATCCC-1,True,GTTCATTAGTAATCCC-1_contig_1,True,505,TRA,TRAV1-2,None,TRAJ33,TRAC,True,True,CAATDSNYQLIW,TGTGCTGCGACTGATAGCAACTATCAGTTAATCTGG,984,3,clonotype1,clonotype1_consensus_2
GTTCATTAGTAATCCC-1,True,GTTCATTAGTAATCCC-1_contig_2,True,521,TRB,TRBV20-1,None,TRBJ2-1,TRBC2,True,True,CSARVGSEVNEQFF,TGCAGTGCTAGAGTGGGGTCGGAAGTCAATGAGCAGTTCTTC,3229,9,clonotype1,clonotype1_consensus_1
GTTCATTAGTATCGAA-1,True,GTTCATTAGTATCGAA-1_contig_1,True,495,TRB,TRBV20-1,None,TRBJ1-3,TRBC1,True,True,CSASTGVADTIYF,TGCAGTGCTTCGACAGGGGTGGCGGACACCATATATTTT,1345,10,clonotype2963,clonotype2963_consensus_1
GTTCATTAGTATCGAA-1,True,GTTCATTAGTATCGAA-1_contig_2,True,483,TRA,TRAV4,None,TRAJ28,TRAC,True,True,CLLIEGAGSYQLTF,TGCCTCCTAATCGAAGGGGCTGGGAGTTACCAACTCACTTTC,2263,3,clonotype2963,clonotype2963_consensus_2
GTTCATTAGTGCCAGA-1,True,GTTCATTAGTGCCAGA-1_contig_1,True,521,TRB,TRBV20-1,None,TRBJ2-1,TRBC2,True,True,CSARVGSEVNEQFF,TGCAGTGCTAGAGTGGGGTCGGAAGTCAATGAGCAGTTCTTC,1182,6,clonotype2,clonotype2_consensus_1
GTTCATTAGTGCCAGA-1,True,GTTCATTAGTGCCAGA-1_contig_2,True,517,TRA,TRAV10,None,TRAJ24,TRAC,True,False,None,None,1964,3,clonotype2,None
GTTCATTCAGGTCCAC-1,True,GTTCATTCAGGTCCAC-1_contig_1,True,576,TRA,TRAV8-4,None,TRAJ40,TRAC,True,True,CAVSDKTTSGTYKYIF,TGTGCTGTGAGTGACAAAACTACCTCAGGAACCTACAAATACATCTTT,722,4,clonotype2964,clonotype2964_consensus_2
GTTCATTCAGGTCCAC-1,True,GTTCATTCAGGTCCAC-1_contig_2,True,518,TRB,TRBV20-1,None,TRBJ2-1,TRBC2,True,True,CSANGGGDNEQFF,TGCAGTGCTAACGGCGGGGGGGACAATGAGCAGTTCTTC,1901,10,clonotype2964,clonotype2964_consensus_3
GTTCATTCAGGTCCAC-1,True,GTTCATTCAGGTCCAC-1_contig_3,True,518,TRB,TRBV20-1,None,TRBJ1-1,TRBC1,True,True,CSARRQPNTEAFF,TGCAGTGCTAGAAGGCAGCCGAACACTGAAGCTTTCTTT,1516,9,clonotype2964,clonotype2964_consensus_1
GTTCATTCAGGTCCAC-1,True,GTTCATTCAGGTCCAC-1_contig_4,True,573,TRA,TRAV8-4,None,TRAJ15,TRAC,True,True,CAVSDLNQAGTALIF,TGTGCTGTGAGTGACCTAAACCAGGCAGGAACTGCTCTGATCTTT,3647,10,clonotype2964,clonotype2964_consensus_4
GTTCATTCAGGTCCAC-1,True,GTTCATTCAGGTCCAC-1_contig_5,True,443,TRA,TRAV6,None,TRAJ37,TRAC,True,False,CSRQSGSSNTGKLIF,TGCTCTAGACAGAGTGGCTCTAGCAACACAGGCAAACTAATCTTT,242,2,clonotype2964,None
GTTCATTCAGGTCCAC-1,True,GTTCATTCAGGTCCAC-1_contig_6,True,634,TRA,TRAV24,None,TRAJ29,TRAC,True,False,None,None,104,2,clonotype2964,None
GTTCATTCAGGTCGTC-1,True,GTTCATTCAGGTCGTC-1_contig_1,True,496,TRA,TRAV1-2,None,TRAJ43,TRAC,True,True,CAVLNDMRF,TGTGCTGTGCTTAATGACATGCGCTTT,2761,5,clonotype2965,clonotype2965_consensus_2
GTTCATTCAGGTCGTC-1,True,GTTCATTCAGGTCGTC-1_contig_2,True,521,TRB,TRBV20-1,None,TRBJ2-7,TRBC2,True,True,CSASLPGAGYEQYF,TGCAGTGCTAGTCTCCCGGGGGCCGGGTACGAGCAGTACTTC,1549,6,clonotype2965,clonotype2965_consensus_1
GTTCATTCAGTAAGCG-1,True,GTTCATTCAGTAAGCG-1_contig_1,True,547,TRA,TRAV12-2,None,TRAJ22,TRAC,True,True,CAVIRSGSARQLTF,TGTGCCGTTATTCGTTCTGGTTCTGCAAGGCAACTGACCTTT,453,3,clonotype2966,clonotype2966_consensus_1
GTTCATTCAGTAAGCG-1,True,GTTCATTCAGTAAGCG-1_contig_2,True,504,TRB,TRBV20-1,None,TRBJ2-1,TRBC2,True,True,CSARVFPGQTYNEQFF,TGCAGTGCTAGAGTATTCCCCGGACAGACCTACAATGAGCAGTTCTTC,683,4,clonotype2966,clonotype2966_consensus_2
GTTCATTCATTCGACA-1,True,GTTCATTCATTCGACA-1_contig_1,True,505,TRA,TRAV1-2,None,TRAJ33,TRAC,True,True,CAATDSNYQLIW,TGTGCTGCGACTGATAGCAACTATCAGTTAATCTGG,1384,4,clonotype1,clonotype1_consensus_2
GTTCATTCATTCGACA-1,True,GTTCATTCATTCGACA-1_contig_2,True,492,TRB,TRBV20-1,None,TRBJ2-1,TRBC2,True,True,CSARVGSEVNEQFF,TGCAGTGCTAGAGTGGGGTCGGAAGTCAATGAGCAGTTCTTC,795,3,clonotype1,clonotype1_consensus_1
GTTCATTCATTCGACA-1,True,GTTCATTCATTCGACA-1_contig_3,True,301,TRB,None,None,TRBJ2-2P,TRBC2,False,False,None,None,303,4,clonotype1,None
GTTCATTGTTATGTGC-1,True,GTTCATTGTTATGTGC-1_contig_1,True,505,TRA,TRAV1-2,None,TRAJ33,TRAC,True,True,CAATDSNYQLIW,TGTGCTGCGACTGATAGCAACTATCAGTTAATCTGG,975,2,clonotype1,clonotype1_consensus_2
GTTCATTGTTATGTGC-1,True,GTTCATTGTTATGTGC-1_contig_2,True,521,TRB,TRBV20-1,None,TRBJ2-1,TRBC2,True,True,CSARVGSEVNEQFF,TGCAGTGCTAGAGTGGGGTCGGAAGTCAATGAGCAGTTCTTC,652,5,clonotype1,clonotype1_consensus_1
GTTCATTGTTCAGCGC-1,True,GTTCATTGTTCAGCGC-1_contig_1,True,518,TRB,TRBV20-1,None,TRBJ1-1,TRBC1,True,True,CSASTGRVPEAFF,TGCAGTGCCTCTACAGGGCGGGTCCCTGAAGCTTTCTTT,1833,9,clonotype2967,clonotype2967_consensus_2
GTTCATTGTTCAGCGC-1,True,GTTCATTGTTCAGCGC-1_contig_2,True,576,TRA,TRAV16,None,TRAJ31,TRAC,True,True,CALSGLDNARLMF,TGTGCTCTAAGTGGCCTGGACAATGCCAGACTCATGTTT,673,4,clonotype2967,clonotype2967_consensus_1
GTTCATTGTTCAGCGC-1,True,GTTCATTGTTCAGCGC-1_contig_3,True,359,TRB,None,None,TRBJ1-6,TRBC1,False,False,None,None,97,1,clonotype2967,None
GTTCATTGTTCGGGCT-1,True,GTTCATTGTTCGGGCT-1_contig_1,True,492,TRB,TRBV20-1,None,TRBJ2-2,TRBC2,True,True,CSALQGGTGELFF,TGCAGTGCCCTCCAGGGGGGCACCGGGGAGCTGTTTTTT,1954,8,clonotype2968,clonotype2968_consensus_1
GTTCATTGTTCGGGCT-1,True,GTTCATTGTTCGGGCT-1_contig_2,True,303,TRB,None,None,TRBJ1-1,None,False,False,None,None,37,1,clonotype2968,None
GTTCATTGTTCGGGCT-1,True,GTTCATTGTTCGGGCT-1_contig_3,True,306,TRA,None,None,TRAJ5,TRAC,False,False,None,None,143,1,clonotype2968,None
GTTCATTTCACTGGGC-1,True,GTTCATTTCACTGGGC-1_contig_1,True,505,TRA,TRAV1-2,None,TRAJ33,TRAC,True,True,CAATDSNYQLIW,TGTGCTGCGACTGATAGCAACTATCAGTTAATCTGG,155,3,clonotype1,clonotype1_consensus_2
GTTCATTTCACTGGGC-1,True,GTTCATTTCACTGGGC-1_contig_2,True,521,TRB,TRBV20-1,None,TRBJ2-1,TRBC2,True,True,CSARVGSEVNEQFF,TGCAGTGCTAGAGTGGGGTCGGAAGTCAATGAGCAGTTCTTC,201,6,clonotype1,clonotype1_consensus_1
GTTCATTTCCCAGGTG-1,True,GTTCATTTCCCAGGTG-1_contig_1,True,659,TRB,TRBV5-6,None,TRBJ1-2,TRBC1,True,True,CASSSGRLNYGYTF,TGTGCCAGCAGCTCGGGACGGCTTAACTATGGCTACACCTTC,1345,9,clonotype92,clonotype92_consensus_1
GTTCATTTCCGGCACA-1,True,GTTCATTTCCGGCACA-1_contig_1,True,505,TRA,TRAV1-2,None,TRAJ33,TRAC,True,True,CAATDSNYQLIW,TGTGCTGCGACTGATAGCAACTATCAGTTAATCTGG,1160,3,clonotype1,clonotype1_consensus_2
GTTCATTTCCGGCACA-1,True,GTTCATTTCCGGCACA-1_contig_2,True,521,TRB,TRBV20-1,None,TRBJ2-1,TRBC2,True,True,CSARVGSEVNEQFF,TGCAGTGCTAGAGTGGGGTCGGAAGTCAATGAGCAGTTCTTC,2334,10,clonotype1,clonotype1_consensus_1
GTTCATTTCCGGCACA-1,True,GTTCATTTCCGGCACA-1_contig_3,True,482,TRA,TRAV10,None,TRAJ24,TRAC,True,False,None,None,375,2,clonotype1,None
GTTCGGGAGAACTCGG-1,True,GTTCGGGAGAACTCGG-1_contig_1,True,510,TRB,TRBV5-5,None,TRBJ1-2,None,True,True,CASSFSPDRGSYGYTF,TGTGCCAGCAGCTTTAGTCCGGACAGGGGATCCTATGGCTACACCTTC,1483,9,clonotype2969,clonotype2969_consensus_2
GTTCGGGAGAACTCGG-1,True,GTTCGGGAGAACTCGG-1_contig_2,True,497,TRA,TRAV38-2/DV8,None,TRAJ58,TRAC,True,True,CAYRSDETSGSRLTF,TGTGCTTATAGGAGCGATGAAACCAGTGGCTCTAGGTTGACCTTT,2177,6,clonotype2969,clonotype2969_consensus_1
GTTCGGGAGCCTTGAT-1,True,GTTCGGGAGCCTTGAT-1_contig_1,True,659,TRB,TRBV5-6,None,TRBJ1-2,TRBC1,True,True,CASSSGRLNYGYTF,TGTGCCAGCAGCTCGGGACGGCTTAACTATGGCTACACCTTC,588,5,clonotype92,clonotype92_consensus_1
GTTCGGGCAACCGCCA-1,True,GTTCGGGCAACCGCCA-1_contig_1,True,505,TRA,TRAV1-2,None,TRAJ33,TRAC,True,True,CAATDSNYQLIW,TGTGCTGCGACTGATAGCAACTATCAGTTAATCTGG,572,5,clonotype1,clonotype1_consensus_2
GTTCGGGCAACCGCCA-1,True,GTTCGGGCAACCGCCA-1_contig_2,True,521,TRB,TRBV20-1,None,TRBJ2-1,TRBC2,True,True,CSARVGSEVNEQFF,TGCAGTGCTAGAGTGGGGTCGGAAGTCAATGAGCAGTTCTTC,2092,6,clonotype1,clonotype1_consensus_1
GTTCGGGCAGTATAAG-1,True,GTTCGGGCAGTATAAG-1_contig_1,True,662,TRA,TRAV8-6,None,TRAJ39,TRAC,True,True,CAVSDRSAGNMLTF,TGTGCTGTGAGTGATCGGAGTGCAGGCAACATGCTCACCTTT,6073,6,clonotype2970,clonotype2970_consensus_2
GTTCGGGCAGTATAAG-1,True,GTTCGGGCAGTATAAG-1_contig_2,True,565,TRA,TRAV8-1,None,TRAJ27,TRAC,True,True,CAVKDAGKSTF,TGTGCCGTGAAGGATGCAGGCAAATCAACCTTT,2354,9,clonotype2970,clonotype2970_consensus_1
GTTCGGGCAGTATAAG-1,True,GTTCGGGCAGTATAAG-1_contig_3,True,521,TRB,TRBV20-1,None,TRBJ2-1,TRBC2,True,True,CSATLAGGSNEQFF,TGCAGTGCTACCCTAGCGGGGGGGTCCAATGAGCAGTTCTTC,2498,14,clonotype2970,clonotype2970_consensus_3
GTTCGGGCATAGAAAC-1,True,GTTCGGGCATAGAAAC-1_contig_1,True,527,TRB,TRBV20-1,None,TRBJ2-7,TRBC2,True,True,CSARASRLVLSYEQYF,TGCAGTGCTAGAGCCTCACGGCTAGTACTTTCCTACGAGCAGTACTTC,1355,5,clonotype59,clonotype59_consensus_1
GTTCGGGCATGCATGT-1,True,GTTCGGGCATGCATGT-1_contig_1,True,555,TRA,TRAV5,None,TRAJ49,TRAC,True,True,CAEKPQISGNQFYF,TGTGCAGAGAAACCACAAATCTCCGGTAACCAGTTCTATTTT,1810,2,clonotype2971,clonotype2971_consensus_2
GTTCGGGCATGCATGT-1,True,GTTCGGGCATGCATGT-1_contig_2,True,582,TRA,TRAV5,None,TRAJ23,TRAC,True,True,CAESKNNQGGKLIF,TGTGCAGAGAGTAAAAATAACCAGGGAGGAAAGCTTATCTTC,467,4,clonotype2971,clonotype2971_consensus_1
GTTCGGGCATGCATGT-1,True,GTTCGGGCATGCATGT-1_contig_3,True,482,TRB,TRBV20-1,None,TRBJ1-1,TRBC1,True,True,CSARDRANRALFPPEAFF,TGCAGTGCTAGAGATAGGGCAAATAGGGCCCTATTTCCCCCTGAAGCTTTCTTT,121,1,clonotype2971,clonotype2971_consensus_3
GTTCGGGCATGCATGT-1,True,GTTCGGGCATGCATGT-1_contig_4,True,519,TRB,None,None,TRBJ2-5,TRBC2,False,False,None,None,193,2,clonotype2971,None
GTTCGGGCATGTCGAT-1,True,GTTCGGGCATGTCGAT-1_contig_1,True,489,TRB,TRBV20-1,None,TRBJ1-1,TRBC1,True,True,CSAPSYTTEAFF,TGCAGTGCACCTTCCTATACCACTGAAGCTTTCTTT,696,6,clonotype2972,clonotype2972_consensus_1
GTTCGGGCATGTCGAT-1,True,GTTCGGGCATGTCGAT-1_contig_2,True,662,TRA,TRAV8-6,None,TRAJ54,TRAC,True,True,CAVSGPQGAQKLVF,TGTGCTGTGAGTGGTCCACAGGGAGCCCAGAAGCTGGTATTT,592,4,clonotype2972,clonotype2972_consensus_2
GTTCGGGCATGTCGAT-1,True,GTTCGGGCATGTCGAT-1_contig_3,True,482,TRA,TRAV21,None,TRAJ44,TRAC,True,False,None,None,238,3,clonotype2972,None
GTTCGGGCATTAGGCT-1,True,GTTCGGGCATTAGGCT-1_contig_1,True,502,TRB,TRBV20-1,None,TRBJ2-5,TRBC2,True,True,CSARGGEGRETQYF,TGCAGTGCTAGAGGGGGTGAGGGCCGAGAGACCCAGTACTTC,1493,7,clonotype2973,clonotype2973_consensus_1
GTTCGGGCATTAGGCT-1,True,GTTCGGGCATTAGGCT-1_contig_2,True,457,TRA,TRAV2,None,TRAJ47,TRAC,True,False,None,None,429,1,clonotype2973,None
GTTCGGGGTAAGTGGC-1,True,GTTCGGGGTAAGTGGC-1_contig_1,True,492,TRB,TRBV20-1,None,TRBJ2-3,TRBC2,True,True,CSARAPPDLDTQYF,TGCAGTGCTAGGGCACCCCCGGATCTAGATACGCAGTATTTT,498,4,clonotype78,clonotype78_consensus_1
GTTCGGGGTAAGTGGC-1,True,GTTCGGGGTAAGTGGC-1_contig_2,True,548,TRA,TRAV16,None,TRAJ29,TRAC,True,True,CALSGRGNTPLVF,TGTGCTCTAAGTGGCAGAGGAAACACACCTCTTGTCTTT,396,3,clonotype78,clonotype78_consensus_2
GTTCGGGGTACGCTGC-1,True,GTTCGGGGTACGCTGC-1_contig_1,True,505,TRA,TRAV1-2,None,TRAJ33,TRAC,True,True,CAATDSNYQLIW,TGTGCTGCGACTGATAGCAACTATCAGTTAATCTGG,464,4,clonotype1,clonotype1_consensus_2
GTTCGGGGTACGCTGC-1,True,GTTCGGGGTACGCTGC-1_contig_2,True,521,TRB,TRBV20-1,None,TRBJ2-1,TRBC2,True,True,CSARVGSEVNEQFF,TGCAGTGCTAGAGTGGGGTCGGAAGTCAATGAGCAGTTCTTC,2499,8,clonotype1,clonotype1_consensus_1
GTTCGGGGTGACTCAT-1,True,GTTCGGGGTGACTCAT-1_contig_1,True,570,TRA,TRAV8-4,None,TRAJ3,TRAC,True,True,CAVTLYSSASKIIF,TGTGCTGTGACCCTTTACAGCAGTGCTTCCAAGATAATCTTT,4605,8,clonotype25,clonotype25_consensus_2
GTTCGGGGTGACTCAT-1,True,GTTCGGGGTGACTCAT-1_contig_2,True,499,TRB,TRBV5-6,None,TRBJ2-2,TRBC2,True,True,CASSQIGTGGNTGELFF,TGTGCCAGCAGCCAGATCGGGACAGGGGGAAACACCGGGGAGCTGTTTTTT,2631,11,clonotype25,clonotype25_consensus_1
GTTCGGGGTGACTCAT-1,True,GTTCGGGGTGACTCAT-1_contig_3,True,341,TRB,None,None,TRBJ2-7,TRBC2,False,False,None,None,953,5,clonotype25,None
GTTCGGGGTTATCCGA-1,True,GTTCGGGGTTATCCGA-1_contig_1,True,521,TRB,TRBV20-1,None,TRBJ2-1,TRBC2,True,True,CSARVGSEVNEQFF,TGCAGTGCTAGAGTGGGGTCGGAAGTCAATGAGCAGTTCTTC,2086,7,clonotype2,clonotype2_consensus_1
GTTCGGGGTTCGGCAC-1,True,GTTCGGGGTTCGGCAC-1_contig_1,True,521,TRB,TRBV20-1,None,TRBJ2-1,TRBC2,True,True,CSARVGSEVNEQFF,TGCAGTGCTAGAGTGGGGTCGGAAGTCAATGAGCAGTTCTTC,2702,7,clonotype2,clonotype2_consensus_1
GTTCGGGGTTGTCTTT-1,True,GTTCGGGGTTGTCTTT-1_contig_1,True,505,TRA,TRAV1-2,None,TRAJ33,TRAC,True,True,CAATDSNYQLIW,TGTGCTGCGACTGATAGCAACTATCAGTTAATCTGG,702,5,clonotype1,clonotype1_consensus_2
GTTCGGGGTTGTCTTT-1,True,GTTCGGGGTTGTCTTT-1_contig_2,True,508,TRB,TRBV20-1,None,TRBJ2-1,TRBC2,True,True,CSARVGSEVNEQFF,TGCAGTGCTAGAGTGGGGTCGGAAGTCAATGAGCAGTTCTTC,1396,7,clonotype1,clonotype1_consensus_1
GTTCGGGTCACATACG-1,True,GTTCGGGTCACATACG-1_contig_1,True,518,TRB,TRBV20-1,None,TRBJ2-1,TRBC2,True,True,CSASSGGAGEQFF,TGCAGTGCTAGTAGTGGGGGGGCCGGGGAGCAGTTCTTC,3000,18,clonotype41,clonotype41_consensus_1
GTTCGGGTCACATACG-1,True,GTTCGGGTCACATACG-1_contig_2,True,522,TRA,TRAV5,None,TRAJ40,TRAC,True,True,CAEFTTSGTYKYIF,TGTGCAGAGTTTACTACCTCAGGAACCTACAAATACATCTTT,1013,2,clonotype41,clonotype41_consensus_2
GTTCGGGTCACTTCAT-1,True,GTTCGGGTCACTTCAT-1_contig_1,True,518,TRB,TRBV20-1,None,TRBJ1-5,TRBC1,True,True,CSARPGANQPQHF,TGCAGTGCTAGACCGGGGGCTAATCAGCCCCAGCATTTT,2830,16,clonotype2974,clonotype2974_consensus_1
GTTCGGGTCACTTCAT-1,True,GTTCGGGTCACTTCAT-1_contig_2,True,681,TRA,TRAV8-3,None,TRAJ4,TRAC,True,True,CAVGPSGGYNKLIF,TGTGCTGTGGGTCCTTCTGGTGGCTACAATAAGCTGATTTTT,4401,7,clonotype2974,clonotype2974_consensus_2
GTTCGGGTCCGCTGTT-1,True,GTTCGGGTCCGCTGTT-1_contig_1,True,499,TRA,TRAV1-2,None,TRAJ30,TRAC,True,True,CAVRDLREIIF,TGTGCTGTGAGAGATCTTCGGGAGATCATCTTT,1031,6,clonotype17,clonotype17_consensus_1
GTTCGGGTCGACAGCC-1,True,GTTCGGGTCGACAGCC-1_contig_1,True,557,TRA,TRAV26-1,None,TRAJ48,TRAC,True,True,CIVRVATGNEKLTF,TGCATCGTCAGAGTCGCGACGGGAAATGAGAAATTAACCTTT,724,7,clonotype2975,clonotype2975_consensus_2
GTTCGGGTCGACAGCC-1,True,GTTCGGGTCGACAGCC-1_contig_2,True,518,TRB,TRBV20-1,None,TRBJ1-1,TRBC1,True,True,CSARIRTGGRAFF,TGCAGTGCTAGGATAAGGACAGGGGGTCGAGCTTTCTTT,3468,11,clonotype2975,clonotype2975_consensus_1
GTTCGGGTCGTACCGG-1,True,GTTCGGGTCGTACCGG-1_contig_1,True,505,TRA,TRAV1-2,None,TRAJ33,TRAC,True,True,CAATDSNYQLIW,TGTGCTGCGACTGATAGCAACTATCAGTTAATCTGG,198,2,clonotype1,clonotype1_consensus_2
GTTCGGGTCGTACCGG-1,True,GTTCGGGTCGTACCGG-1_contig_2,True,486,TRB,TRBV20-1,None,TRBJ2-1,TRBC2,True,True,CSARVGSEVNEQFF,TGCAGTGCTAGAGTGGGGTCGGAAGTCAATGAGCAGTTCTTC,2383,7,clonotype1,clonotype1_consensus_1
GTTCGGGTCTAACTGG-1,True,GTTCGGGTCTAACTGG-1_contig_1,True,527,TRB,TRBV20-1,None,TRBJ1-5,TRBC1,True,True,CSAIGQGAPSNQPQHF,TGCAGTGCTATCGGACAGGGGGCGCCGAGCAATCAGCCCCAGCATTTT,1921,6,clonotype12,clonotype12_consensus_1
GTTCGGGTCTCTAAGG-1,True,GTTCGGGTCTCTAAGG-1_contig_1,True,459,TRA,TRAV13-1,None,TRAJ40,TRAC,True,True,CAAIPSGTYKYIF,TGTGCAGCAATCCCCTCAGGAACCTACAAATACATCTTT,500,4,clonotype307,clonotype307_consensus_1
GTTCGGGTCTCTAAGG-1,True,GTTCGGGTCTCTAAGG-1_contig_2,True,527,TRB,TRBV20-1,None,TRBJ2-1,TRBC2,True,True,CSASPLTSGGHNEQFF,TGCAGTGCTAGCCCCCTTACTAGCGGGGGCCACAATGAGCAGTTCTTC,721,6,clonotype307,clonotype307_consensus_2
GTTCGGGTCTGGCGAC-1,True,GTTCGGGTCTGGCGAC-1_contig_1,True,502,TRA,TRAV1-2,None,TRAJ30,TRAC,True,True,CAVRDLREIIF,TGTGCTGTGAGAGATCTTCGGGAGATCATCTTT,1024,4,clonotype3,clonotype3_consensus_2
GTTCGGGTCTGGCGAC-1,True,GTTCGGGTCTGGCGAC-1_contig_2,True,514,TRB,TRBV5-5,None,TRBJ1-4,TRBC1,True,True,CASSHPGPNYATNEKLFF,TGTGCCAGCAGCCATCCCGGACCGAACTACGCAACTAATGAAAAACTGTTTTTT,916,3,clonotype3,clonotype3_consensus_1
GTTCGGGTCTGGCGAC-1,True,GTTCGGGTCTGGCGAC-1_contig_3,True,510,TRB,TRBV7-3,None,TRBJ2-1,TRBC2,True,False,CQQRSLKAGGPYNEQFF,TGCCAGCAGCGGTCACTTAAAGCGGGGGGACCCTACAATGAGCAGTTCTTC,104,2,clonotype3,None
GTTCTCGAGAGATGAG-1,True,GTTCTCGAGAGATGAG-1_contig_1,True,505,TRA,TRAV1-2,None,TRAJ33,TRAC,True,True,CAATDSNYQLIW,TGTGCTGCGACTGATAGCAACTATCAGTTAATCTGG,643,6,clonotype1,clonotype1_consensus_2
GTTCTCGAGAGATGAG-1,True,GTTCTCGAGAGATGAG-1_contig_2,True,473,TRB,TRBV20-1,None,TRBJ2-1,TRBC2,True,True,CSARVGSEVNEQFF,TGCAGTGCTAGAGTGGGGTCGGAAGTCAATGAGCAGTTCTTC,1847,6,clonotype1,clonotype1_consensus_1
GTTCTCGAGCGTCTAT-1,True,GTTCTCGAGCGTCTAT-1_contig_1,True,505,TRA,TRAV1-2,None,TRAJ33,TRAC,True,True,CAATDSNYQLIW,TGTGCTGCGACTGATAGCAACTATCAGTTAATCTGG,5777,4,clonotype1,clonotype1_consensus_2
GTTCTCGAGCGTCTAT-1,True,GTTCTCGAGCGTCTAT-1_contig_2,True,521,TRB,TRBV20-1,None,TRBJ2-1,TRBC2,True,True,CSARVGSEVNEQFF,TGCAGTGCTAGAGTGGGGTCGGAAGTCAATGAGCAGTTCTTC,1363,8,clonotype1,clonotype1_consensus_1
GTTCTCGAGTAGGTGC-1,True,GTTCTCGAGTAGGTGC-1_contig_1,True,469,TRA,TRAV30,None,TRAJ37,TRAC,True,True,CGTEYGTGKLIF,TGTGGCACAGAGTACGGCACAGGCAAACTAATCTTT,919,4,clonotype2976,clonotype2976_consensus_2
GTTCTCGAGTAGGTGC-1,True,GTTCTCGAGTAGGTGC-1_contig_2,True,489,TRB,TRBV20-1,None,TRBJ1-2,TRBC1,True,True,CSAQAAGGYTF,TGCAGTGCACAGGCGGCGGGTGGCTACACCTTC,1433,10,clonotype2976,clonotype2976_consensus_1
GTTCTCGAGTAGGTGC-1,True,GTTCTCGAGTAGGTGC-1_contig_3,True,532,TRA,TRAV27,None,TRAJ32,TRAC,True,False,None,None,3681,1,clonotype2976,None
GTTCTCGAGTCCCACG-1,True,GTTCTCGAGTCCCACG-1_contig_1,True,492,TRA,TRAV9-2,None,TRAJ13,TRAC,True,True,CALNLEGYQKVTF,TGTGCTCTGAACTTAGAGGGTTACCAGAAAGTTACCTTT,1267,7,clonotype6,clonotype6_consensus_1
GTTCTCGAGTCCCACG-1,True,GTTCTCGAGTCCCACG-1_contig_2,True,659,TRB,TRBV5-6,None,TRBJ1-5,TRBC1,True,True,CASSFRGGANQPQHF,TGTGCCAGCAGCTTTCGAGGGGGCGCGAATCAGCCCCAGCATTTT,1284,9,clonotype6,clonotype6_consensus_2
GTTCTCGAGTGCCATT-1,True,GTTCTCGAGTGCCATT-1_contig_1,True,505,TRA,TRAV1-2,None,TRAJ33,TRAC,True,True,CAATDSNYQLIW,TGTGCTGCGACTGATAGCAACTATCAGTTAATCTGG,693,3,clonotype1,clonotype1_consensus_2
GTTCTCGAGTGCCATT-1,True,GTTCTCGAGTGCCATT-1_contig_2,True,521,TRB,TRBV20-1,None,TRBJ2-1,TRBC2,True,True,CSARVGSEVNEQFF,TGCAGTGCTAGAGTGGGGTCGGAAGTCAATGAGCAGTTCTTC,1155,11,clonotype1,clonotype1_consensus_1
GTTCTCGAGTGCCATT-1,True,GTTCTCGAGTGCCATT-1_contig_3,True,463,TRA,TRAV10,None,TRAJ24,TRAC,True,False,None,None,113,2,clonotype1,None
GTTCTCGAGTTCCACA-1,True,GTTCTCGAGTTCCACA-1_contig_1,True,558,TRA,TRAV16,None,TRAJ29,TRAC,True,True,CALRAWGGNTPLVF,TGTGCTCTGAGAGCTTGGGGAGGAAACACACCTCTTGTCTTT,745,5,clonotype2977,clonotype2977_consensus_1
GTTCTCGAGTTCCACA-1,True,GTTCTCGAGTTCCACA-1_contig_2,True,524,TRB,TRBV20-1,None,TRBJ2-1,TRBC2,True,True,CSASPSDRGEVEQFF,TGCAGCGCTAGCCCGAGCGACAGGGGAGAGGTTGAGCAGTTCTTC,5249,17,clonotype2977,clonotype2977_consensus_2
GTTCTCGCAAGGACAC-1,True,GTTCTCGCAAGGACAC-1_contig_1,True,462,TRA,TRAV13-1,None,TRAJ33,TRAC,True,True,CAARGLSSNYQLIW,TGTGCAGCAAGGGGCCTGAGTAGCAACTATCAGTTAATCTGG,340,5,clonotype31,clonotype31_consensus_2
GTTCTCGCAAGGACAC-1,True,GTTCTCGCAAGGACAC-1_contig_2,True,527,TRB,TRBV20-1,None,TRBJ2-7,TRBC2,True,True,CSARETRTSGGYEQYF,TGCAGTGCTAGAGAAACAAGGACTAGCGGGGGGTACGAGCAGTACTTC,2761,9,clonotype31,clonotype31_consensus_1
GTTCTCGCAAGGTTCT-1,True,GTTCTCGCAAGGTTCT-1_contig_1,True,521,TRB,TRBV20-1,None,TRBJ2-1,TRBC2,True,True,CSARVGSEVNEQFF,TGCAGTGCTAGAGTGGGGTCGGAAGTCAATGAGCAGTTCTTC,1213,10,clonotype2,clonotype2_consensus_1
GTTCTCGCACCCATTC-1,True,GTTCTCGCACCCATTC-1_contig_1,True,445,TRA,TRAV9-2,None,TRAJ13,TRAC,True,True,CALNLEGYQKVTF,TGTGCTCTGAACTTAGAGGGTTACCAGAAAGTTACCTTT,363,1,clonotype6,clonotype6_consensus_1
GTTCTCGCACCCATTC-1,True,GTTCTCGCACCCATTC-1_contig_2,True,674,TRB,TRBV5-6,None,TRBJ1-5,TRBC1,True,True,CASSFRGGANQPQHF,TGTGCCAGCAGCTTTCGAGGGGGCGCGAATCAGCCCCAGCATTTT,577,4,clonotype6,clonotype6_consensus_2
GTTCTCGCACCCATTC-1,True,GTTCTCGCACCCATTC-1_contig_3,True,428,TRB,None,None,TRBJ2-6,TRBC2,False,False,None,None,333,1,clonotype6,None
GTTCTCGCACGGTGTC-1,True,GTTCTCGCACGGTGTC-1_contig_1,True,485,TRB,TRBV20-1,None,TRBJ2-1,TRBC2,True,True,CSARVGSEVNEQFF,TGCAGTGCTAGAGTGGGGTCGGAAGTCAATGAGCAGTTCTTC,712,5,clonotype2,clonotype2_consensus_1
GTTCTCGCACTTGGAT-1,True,GTTCTCGCACTTGGAT-1_contig_1,True,498,TRB,TRBV20-1,None,TRBJ2-1,TRBC2,True,True,CSARVGSEVNEQFF,TGCAGTGCTAGAGTGGGGTCGGAAGTCAATGAGCAGTTCTTC,2534,13,clonotype2,clonotype2_consensus_1
GTTCTCGCAGTAACGG-1,True,GTTCTCGCAGTAACGG-1_contig_1,True,557,TRA,TRAV12-1,None,TRAJ9,TRAC,True,True,CVVTRNTGGFKTIF,TGTGTGGTGACACGAAATACTGGAGGCTTCAAAACTATCTTT,8763,4,clonotype5,clonotype5_consensus_2
GTTCTCGCAGTAACGG-1,True,GTTCTCGCAGTAACGG-1_contig_2,True,510,TRB,TRBV20-1,None,TRBJ1-5,TRBC1,True,True,CSARDDNRAKSFNQPQHF,TGCAGTGCTAGAGACGACAACCGGGCCAAATCCTTCAATCAGCCCCAGCATTTT,1824,5,clonotype5,clonotype5_consensus_1
GTTCTCGCAGTACACT-1,True,GTTCTCGCAGTACACT-1_contig_1,True,505,TRA,TRAV1-2,None,TRAJ33,TRAC,True,True,CAAMDSNYQLIW,TGTGCTGCCATGGATAGCAACTATCAGTTAATCTGG,847,3,clonotype21,clonotype21_consensus_2
GTTCTCGCAGTACACT-1,True,GTTCTCGCAGTACACT-1_contig_2,True,521,TRB,TRBV20-1,None,TRBJ1-1,TRBC1,True,True,CSAREGGKDTEAFF,TGCAGTGCTAGGGAGGGGGGTAAGGACACTGAAGCTTTCTTT,1165,7,clonotype21,clonotype21_consensus_1
GTTCTCGCAGTACACT-1,True,GTTCTCGCAGTACACT-1_contig_3,True,532,TRA,TRAV12-2,None,TRAJ49,TRAC,True,False,None,None,506,4,clonotype21,None
GTTCTCGCATATGGTC-1,True,GTTCTCGCATATGGTC-1_contig_1,True,502,TRA,TRAV1-2,None,TRAJ30,TRAC,True,True,CAVRDLREIIF,TGTGCTGTGAGAGATCTTCGGGAGATCATCTTT,689,4,clonotype3,clonotype3_consensus_2
GTTCTCGCATATGGTC-1,True,GTTCTCGCATATGGTC-1_contig_2,True,746,TRB,TRBV5-5,None,TRBJ1-4,TRBC1,True,True,CASSHPGPNYATNEKLFF,TGTGCCAGCAGCCATCCCGGACCGAACTACGCAACTAATGAAAAACTGTTTTTT,1567,4,clonotype3,clonotype3_consensus_1
GTTCTCGCATATGGTC-1,True,GTTCTCGCATATGGTC-1_contig_3,True,516,TRB,None,None,TRBJ2-5,TRBC2,False,False,None,None,119,1,clonotype3,None
GTTCTCGGTACAGCAG-1,True,GTTCTCGGTACAGCAG-1_contig_1,True,502,TRA,TRAV17,None,TRAJ31,TRAC,True,True,CATVNNARLMF,TGTGCTACGGTTAACAATGCCAGACTCATGTTT,228,3,clonotype2978,clonotype2978_consensus_1
GTTCTCGGTACAGCAG-1,True,GTTCTCGGTACAGCAG-1_contig_2,True,468,TRA,None,None,TRAJ6,TRAC,False,False,None,None,722,4,clonotype2978,None
GTTCTCGGTGATGTCT-1,True,GTTCTCGGTGATGTCT-1_contig_1,True,483,TRB,TRBV20-1,None,TRBJ2-5,TRBC2,True,True,CSATKQETQYF,TGCAGTGCTACTAAGCAAGAGACCCAGTACTTC,941,8,clonotype2979,clonotype2979_consensus_1
GTTCTCGGTGTGAAAT-1,True,GTTCTCGGTGTGAAAT-1_contig_1,True,505,TRA,TRAV1-2,None,TRAJ33,TRAC,True,True,CAATDSNYQLIW,TGTGCTGCGACTGATAGCAACTATCAGTTAATCTGG,6145,3,clonotype1,clonotype1_consensus_2
GTTCTCGGTGTGAAAT-1,True,GTTCTCGGTGTGAAAT-1_contig_2,True,502,TRB,TRBV20-1,None,TRBJ2-1,TRBC2,True,True,CSARVGSEVNEQFF,TGCAGTGCTAGAGTGGGGTCGGAAGTCAATGAGCAGTTCTTC,1798,9,clonotype1,clonotype1_consensus_1
GTTCTCGGTGTGAAAT-1,True,GTTCTCGGTGTGAAAT-1_contig_3,True,478,TRA,TRAV10,None,TRAJ24,TRAC,True,False,None,None,439,2,clonotype1,None
GTTCTCGGTTTAGGAA-1,True,GTTCTCGGTTTAGGAA-1_contig_1,True,457,TRA,TRAV1-2,None,TRAJ33,TRAC,True,True,CAATDSNYQLIW,TGTGCTGCGACTGATAGCAACTATCAGTTAATCTGG,81,1,clonotype1,clonotype1_consensus_2
GTTCTCGGTTTAGGAA-1,True,GTTCTCGGTTTAGGAA-1_contig_2,True,521,TRB,TRBV20-1,None,TRBJ2-1,TRBC2,True,True,CSARVGSEVNEQFF,TGCAGTGCTAGAGTGGGGTCGGAAGTCAATGAGCAGTTCTTC,613,4,clonotype1,clonotype1_consensus_1
GTTCTCGGTTTAGGAA-1,True,GTTCTCGGTTTAGGAA-1_contig_3,True,465,TRA,TRAV10,None,TRAJ24,TRAC,True,False,None,None,248,1,clonotype1,None
GTTCTCGTCGGAAACG-1,True,GTTCTCGTCGGAAACG-1_contig_1,True,505,TRA,TRAV1-2,None,TRAJ33,TRAC,True,True,CAATDSNYQLIW,TGTGCTGCGACTGATAGCAACTATCAGTTAATCTGG,893,4,clonotype1,clonotype1_consensus_2
GTTCTCGTCGGAAACG-1,True,GTTCTCGTCGGAAACG-1_contig_2,True,521,TRB,TRBV20-1,None,TRBJ2-1,TRBC2,True,True,CSARVGSEVNEQFF,TGCAGTGCTAGAGTGGGGTCGGAAGTCAATGAGCAGTTCTTC,1645,8,clonotype1,clonotype1_consensus_1
GTTTCTAAGAGACTTA-1,True,GTTTCTAAGAGACTTA-1_contig_1,True,533,TRB,TRBV20-1,None,TRBJ2-3,TRBC2,True,True,CSALRALAAGGSTDTQYF,TGCAGTGCCCTTCGTGCCCTCGCGGCAGGCGGGAGCACAGATACGCAGTATTTT,1727,4,clonotype345,clonotype345_consensus_1
GTTTCTAAGAGACTTA-1,True,GTTTCTAAGAGACTTA-1_contig_2,True,489,TRA,TRAV9-2,None,TRAJ9,TRAC,True,True,CALRPGGFKTIF,TGTGCTCTGAGACCCGGAGGCTTCAAAACTATCTTT,903,6,clonotype345,clonotype345_consensus_2
GTTTCTAAGCCACTAT-1,True,GTTTCTAAGCCACTAT-1_contig_1,True,494,TRB,TRBV20-1,None,TRBJ2-1,TRBC2,True,True,CSARVGSEVNEQFF,TGCAGTGCTAGAGTGGGGTCGGAAGTCAATGAGCAGTTCTTC,514,5,clonotype2,clonotype2_consensus_1
GTTTCTAAGCCACTAT-1,True,GTTTCTAAGCCACTAT-1_contig_2,True,467,TRA,TRAV10,None,TRAJ24,TRAC,True,False,None,None,179,3,clonotype2,None
GTTTCTAAGGCATGGT-1,True,GTTTCTAAGGCATGGT-1_contig_1,True,518,TRB,TRBV20-1,None,TRBJ1-1,TRBC1,True,True,CSATRDINTEAFF,TGCAGTGCTACCCGGGACATCAACACTGAAGCTTTCTTT,1143,10,clonotype2980,clonotype2980_consensus_1
GTTTCTAAGGCATGGT-1,True,GTTTCTAAGGCATGGT-1_contig_2,True,488,TRB,TRBV20-1,None,TRBJ1-2,TRBC1,True,True,CSARARDRVFYGYTF,TGCAGTGCTAGAGCCCGGGACAGGGTTTTCTATGGCTACACCTTC,1273,6,clonotype2980,clonotype2980_consensus_3
GTTTCTAAGGCATGGT-1,True,GTTTCTAAGGCATGGT-1_contig_3,True,526,TRA,TRAV14/DV4,None,TRAJ6,TRAC,True,True,CAMRVLSGGSYIPTF,TGTGCAATGAGAGTCTTATCAGGAGGAAGCTACATACCTACATTT,4441,7,clonotype2980,clonotype2980_consensus_2
GTTTCTAAGGCATGGT-1,True,GTTTCTAAGGCATGGT-1_contig_4,True,477,TRA,TRAV21,None,TRAJ11,TRAC,True,False,None,None,449,1,clonotype2980,None
GTTTCTAAGGCATGGT-1,True,GTTTCTAAGGCATGGT-1_contig_5,True,454,TRB,None,None,TRBJ2-6,TRBC2,False,False,None,None,680,4,clonotype2980,None
GTTTCTACAAAGGTGC-1,True,GTTTCTACAAAGGTGC-1_contig_1,True,605,TRA,TRAV12-1,None,TRAJ22,TRAC,True,True,CVVTSSGSARQLTF,TGTGTGGTGACCTCTTCTGGTTCTGCAAGGCAACTGACCTTT,2607,2,clonotype124,clonotype124_consensus_1
GTTTCTACAAAGGTGC-1,True,GTTTCTACAAAGGTGC-1_contig_2,True,488,TRB,TRBV20-1,None,TRBJ2-2,TRBC2,True,True,CSASLLYSGGLSNTGELFF,TGCAGTGCTAGCCTCCTTTATAGCGGGGGGCTGTCGAACACCGGGGAGCTGTTTTTT,1425,6,clonotype124,clonotype124_consensus_2
GTTTCTACAGCTGTTA-1,True,GTTTCTACAGCTGTTA-1_contig_1,True,498,TRA,TRAV1-2,None,TRAJ30,TRAC,True,True,CAVRDLREIIF,TGTGCTGTGAGAGATCTTCGGGAGATCATCTTT,189,1,clonotype3,clonotype3_consensus_2
GTTTCTACAGCTGTTA-1,True,GTTTCTACAGCTGTTA-1_contig_2,True,668,TRB,TRBV5-5,None,TRBJ1-4,TRBC1,True,True,CASSHPGPNYATNEKLFF,TGTGCCAGCAGCCATCCCGGACCGAACTACGCAACTAATGAAAAACTGTTTTTT,1030,4,clonotype3,clonotype3_consensus_1
GTTTCTACAGTCGATT-1,True,GTTTCTACAGTCGATT-1_contig_1,True,713,TRB,TRBV5-6,None,TRBJ1-6,TRBC1,True,True,CASSLQGFTYNSPLHF,TGTGCCAGCAGCCTACAGGGGTTCACCTATAATTCACCCCTCCACTTT,1309,13,clonotype2981,clonotype2981_consensus_1
GTTTCTACAGTCGATT-1,True,GTTTCTACAGTCGATT-1_contig_2,True,505,TRA,TRAV1-2,None,TRAJ9,TRAC,True,True,CAVEGGGFKTIF,TGTGCTGTGGAGGGTGGAGGCTTCAAAACTATCTTT,1528,8,clonotype2981,clonotype2981_consensus_2
GTTTCTACAGTCGATT-1,True,GTTTCTACAGTCGATT-1_contig_3,True,315,TRB,None,None,TRBJ2-1,TRBC2,False,False,None,None,1432,5,clonotype2981,None
GTTTCTACAGTCGATT-1,True,GTTTCTACAGTCGATT-1_contig_4,True,489,TRA,TRAV17,None,TRAJ4,TRAC,True,False,None,None,183,3,clonotype2981,None
GTTTCTACATCACGTA-1,True,GTTTCTACATCACGTA-1_contig_1,True,555,TRA,TRAV5,None,TRAJ3,TRAC,True,True,CAERWSSASKIIF,TGTGCAGAGAGATGGAGCAGTGCTTCCAAGATAATCTTT,1734,9,clonotype2982,clonotype2982_consensus_2
GTTTCTACATCACGTA-1,True,GTTTCTACATCACGTA-1_contig_2,True,521,TRB,TRBV20-1,None,TRBJ2-1,TRBC2,True,True,CSARDRSSYNEQFF,TGCAGTGCTAGAGACAGGAGCTCCTACAATGAGCAGTTCTTC,6903,16,clonotype2982,clonotype2982_consensus_1
GTTTCTACATCACGTA-1,True,GTTTCTACATCACGTA-1_contig_3,True,644,TRB,None,None,TRBJ1-3,TRBC1,False,False,None,None,445,2,clonotype2982,None
GTTTCTACATGAACCT-1,True,GTTTCTACATGAACCT-1_contig_1,True,492,TRA,TRAV12-3,None,TRAJ23,TRAC,True,True,CAMREGGKLIF,TGTGCAATGCGGGAAGGAGGAAAGCTTATCTTC,571,3,clonotype2983,clonotype2983_consensus_2
GTTTCTACATGAACCT-1,True,GTTTCTACATGAACCT-1_contig_2,True,475,TRB,TRBV5-5,None,TRBJ2-7,TRBC2,True,True,CASSGTNNYEQYF,TGTGCCAGCAGCGGGACTAACAACTACGAGCAGTACTTC,280,3,clonotype2983,clonotype2983_consensus_1
GTTTCTAGTAAGGGCT-1,True,GTTTCTAGTAAGGGCT-1_contig_1,True,505,TRA,TRAV1-2,None,TRAJ33,TRAC,True,True,CAATDSNYQLIW,TGTGCTGCGACTGATAGCAACTATCAGTTAATCTGG,241,2,clonotype1,clonotype1_consensus_2
GTTTCTAGTAAGGGCT-1,True,GTTTCTAGTAAGGGCT-1_contig_2,True,498,TRB,TRBV20-1,None,TRBJ2-1,TRBC2,True,True,CSARVGSEVNEQFF,TGCAGTGCTAGAGTGGGGTCGGAAGTCAATGAGCAGTTCTTC,439,7,clonotype1,clonotype1_consensus_1
GTTTCTAGTAAGGGCT-1,True,GTTTCTAGTAAGGGCT-1_contig_3,True,471,TRA,TRAV10,None,TRAJ24,TRAC,True,False,None,None,557,1,clonotype1,None
GTTTCTAGTGAACCTT-1,True,GTTTCTAGTGAACCTT-1_contig_1,True,505,TRA,TRAV1-2,None,TRAJ33,TRAC,True,True,CAATDSNYQLIW,TGTGCTGCGACTGATAGCAACTATCAGTTAATCTGG,892,5,clonotype1,clonotype1_consensus_2
GTTTCTAGTGAACCTT-1,True,GTTTCTAGTGAACCTT-1_contig_2,True,492,TRB,TRBV20-1,None,TRBJ2-1,TRBC2,True,True,CSARVGSEVNEQFF,TGCAGTGCTAGAGTGGGGTCGGAAGTCAATGAGCAGTTCTTC,1201,6,clonotype1,clonotype1_consensus_1
GTTTCTAGTGACCAAG-1,True,GTTTCTAGTGACCAAG-1_contig_1,True,512,TRA,TRAV13-2,None,TRAJ4,TRAC,True,True,CAENGPGGYNKLIF,TGTGCAGAGAATGGCCCTGGTGGCTACAATAAGCTGATTTTT,139,2,clonotype2984,clonotype2984_consensus_2
GTTTCTAGTGACCAAG-1,True,GTTTCTAGTGACCAAG-1_contig_2,True,492,TRB,TRBV20-1,None,TRBJ1-1,TRBC1,True,True,CSARGGTSNTEAFF,TGCAGTGCTAGAGGGGGCACCTCGAACACTGAAGCTTTCTTT,1515,7,clonotype2984,clonotype2984_consensus_1
GTTTCTATCACGGTTA-1,True,GTTTCTATCACGGTTA-1_contig_1,True,515,TRB,TRBV20-1,None,TRBJ2-7,TRBC2,True,True,CSANTGSYEQYF,TGCAGTGCTAACACAGGGTCCTACGAGCAGTACTTC,1427,13,clonotype2985,clonotype2985_consensus_1
GTTTCTATCACGGTTA-1,True,GTTTCTATCACGGTTA-1_contig_2,True,459,TRA,TRAV13-1,None,TRAJ6,TRAC,True,True,CAARQGGSYIPTF,TGTGCAGCAAGACAAGGAGGAAGCTACATACCTACATTT,1173,7,clonotype2985,clonotype2985_consensus_2
GTTTCTATCACGGTTA-1,True,GTTTCTATCACGGTTA-1_contig_3,True,515,TRA,TRAV12-2,None,TRAJ21,None,True,False,None,None,230,1,clonotype2985,None
GTTTCTATCAGAAATG-1,True,GTTTCTATCAGAAATG-1_contig_1,True,505,TRA,TRAV1-2,None,TRAJ33,TRAC,True,True,CAATDSNYQLIW,TGTGCTGCGACTGATAGCAACTATCAGTTAATCTGG,498,2,clonotype1,clonotype1_consensus_2
GTTTCTATCAGAAATG-1,True,GTTTCTATCAGAAATG-1_contig_2,True,508,TRB,TRBV20-1,None,TRBJ2-1,TRBC2,True,True,CSARVGSEVNEQFF,TGCAGTGCTAGAGTGGGGTCGGAAGTCAATGAGCAGTTCTTC,871,6,clonotype1,clonotype1_consensus_1
GTTTCTATCTCAACTT-1,True,GTTTCTATCTCAACTT-1_contig_1,True,497,TRA,TRAV4,None,TRAJ9,TRAC,True,True,CLVGDPNTGGFKTIF,TGCCTCGTGGGTGATCCTAATACTGGAGGCTTCAAAACTATCTTT,305,3,clonotype23,clonotype23_consensus_2
GTTTCTATCTCAACTT-1,True,GTTTCTATCTCAACTT-1_contig_2,True,498,TRB,TRBV20-1,None,TRBJ1-1,TRBC1,True,True,CSAGGRGSRTEAFF,TGCAGTGCTGGGGGGAGAGGGTCAAGGACTGAAGCTTTCTTT,1840,11,clonotype23,clonotype23_consensus_1
GTTTCTATCTCACATT-1,True,GTTTCTATCTCACATT-1_contig_1,True,505,TRA,TRAV1-2,None,TRAJ33,TRAC,True,True,CAATDSNYQLIW,TGTGCTGCGACTGATAGCAACTATCAGTTAATCTGG,423,6,clonotype1,clonotype1_consensus_2
GTTTCTATCTCACATT-1,True,GTTTCTATCTCACATT-1_contig_2,True,495,TRB,TRBV20-1,None,TRBJ2-1,TRBC2,True,True,CSARVGSEVNEQFF,TGCAGTGCTAGAGTGGGGTCGGAAGTCAATGAGCAGTTCTTC,1986,7,clonotype1,clonotype1_consensus_1
TAAACCGAGAGCTATA-1,True,TAAACCGAGAGCTATA-1_contig_1,True,505,TRA,TRAV1-2,None,TRAJ33,TRAC,True,True,CAATDSNYQLIW,TGTGCTGCGACTGATAGCAACTATCAGTTAATCTGG,133,2,clonotype1,clonotype1_consensus_2
TAAACCGAGAGCTATA-1,True,TAAACCGAGAGCTATA-1_contig_2,True,521,TRB,TRBV20-1,None,TRBJ2-1,TRBC2,True,True,CSARVGSEVNEQFF,TGCAGTGCTAGAGTGGGGTCGGAAGTCAATGAGCAGTTCTTC,679,5,clonotype1,clonotype1_consensus_1
TAAACCGAGAGCTGGT-1,True,TAAACCGAGAGCTGGT-1_contig_1,True,453,TRA,TRAV13-1,None,TRAJ49,TRAC,True,True,CAARTGNQFYF,TGTGCAGCAAGGACCGGTAACCAGTTCTATTTT,551,3,clonotype2986,clonotype2986_consensus_1
TAAACCGAGAGCTGGT-1,True,TAAACCGAGAGCTGGT-1_contig_2,True,518,TRB,TRBV20-1,None,TRBJ1-2,TRBC1,True,True,CSARADRGWGYTF,TGCAGTGCTAGAGCCGACAGAGGGTGGGGCTACACCTTC,1710,6,clonotype2986,clonotype2986_consensus_2
TAAACCGAGAGCTGGT-1,True,TAAACCGAGAGCTGGT-1_contig_3,True,326,TRB,TRBV6-2,None,None,TRBC2,False,False,None,None,679,3,clonotype2986,None
TAAACCGAGCCCAACC-1,True,TAAACCGAGCCCAACC-1_contig_1,True,616,TRA,TRAV36/DV7,None,TRAJ52,TRAC,True,True,CVFNAGGTSYGKLTF,TGTGTCTTTAATGCTGGTGGTACTAGCTATGGAAAGCTGACATTT,3100,4,clonotype2987,clonotype2987_consensus_2
TAAACCGAGCCCAACC-1,True,TAAACCGAGCCCAACC-1_contig_2,True,527,TRB,TRBV20-1,None,TRBJ2-3,TRBC2,True,True,CSAHPTDSADTDTQYF,TGCAGTGCTCATCCAACGGACAGCGCAGACACAGATACGCAGTATTTT,941,10,clonotype2987,clonotype2987_consensus_1
TAAACCGAGCCCAACC-1,True,TAAACCGAGCCCAACC-1_contig_3,True,412,TRA,TRAV8-6,None,TRAJ22,TRAC,True,False,None,None,1044,2,clonotype2987,None
TAAACCGAGCTAGTTC-1,True,TAAACCGAGCTAGTTC-1_contig_1,True,505,TRA,TRAV1-2,None,TRAJ33,TRAC,True,True,CAATDSNYQLIW,TGTGCTGCGACTGATAGCAACTATCAGTTAATCTGG,664,8,clonotype1,clonotype1_consensus_2
TAAACCGAGCTAGTTC-1,True,TAAACCGAGCTAGTTC-1_contig_2,True,521,TRB,TRBV20-1,None,TRBJ2-1,TRBC2,True,True,CSARVGSEVNEQFF,TGCAGTGCTAGAGTGGGGTCGGAAGTCAATGAGCAGTTCTTC,4156,11,clonotype1,clonotype1_consensus_1
TAAACCGAGCTAGTTC-1,True,TAAACCGAGCTAGTTC-1_contig_3,True,482,TRA,TRAV10,None,TRAJ24,TRAC,True,False,None,None,485,2,clonotype1,None
TAAACCGAGCTCCTTC-1,True,TAAACCGAGCTCCTTC-1_contig_1,True,498,TRA,TRAV1-2,None,TRAJ33,TRAC,True,True,CAATDSNYQLIW,TGTGCTGCGACTGATAGCAACTATCAGTTAATCTGG,71,1,clonotype1,clonotype1_consensus_2
TAAACCGAGCTCCTTC-1,True,TAAACCGAGCTCCTTC-1_contig_2,True,521,TRB,TRBV20-1,None,TRBJ2-1,TRBC2,True,True,CSARVGSEVNEQFF,TGCAGTGCTAGAGTGGGGTCGGAAGTCAATGAGCAGTTCTTC,2288,9,clonotype1,clonotype1_consensus_1
TAAACCGAGCTCCTTC-1,True,TAAACCGAGCTCCTTC-1_contig_3,True,440,TRA,TRAV10,None,TRAJ24,TRAC,True,False,None,None,2888,1,clonotype1,None
TAAACCGAGGCTCATT-1,True,TAAACCGAGGCTCATT-1_contig_1,True,521,TRB,TRBV20-1,None,TRBJ1-1,TRBC1,True,True,CSARLGIMNTEAFF,TGCAGTGCTAGACTAGGGATTATGAACACTGAAGCTTTCTTT,883,5,clonotype158,clonotype158_consensus_1
TAAACCGAGGCTCATT-1,True,TAAACCGAGGCTCATT-1_contig_2,True,421,TRA,TRAV6,None,TRAJ42,TRAC,True,False,None,None,227,1,clonotype158,None
TAAACCGCAAGAGTCG-1,True,TAAACCGCAAGAGTCG-1_contig_1,True,505,TRA,TRAV1-2,None,TRAJ33,TRAC,True,True,CAATDSNYQLIW,TGTGCTGCGACTGATAGCAACTATCAGTTAATCTGG,885,14,clonotype1,clonotype1_consensus_2
TAAACCGCAAGAGTCG-1,True,TAAACCGCAAGAGTCG-1_contig_2,True,521,TRB,TRBV20-1,None,TRBJ2-1,TRBC2,True,True,CSARVGSEVNEQFF,TGCAGTGCTAGAGTGGGGTCGGAAGTCAATGAGCAGTTCTTC,1302,10,clonotype1,clonotype1_consensus_1
TAAACCGCAATTGCTG-1,True,TAAACCGCAATTGCTG-1_contig_1,True,521,TRB,TRBV20-1,None,TRBJ2-1,TRBC2,True,True,CSARVGSEVNEQFF,TGCAGTGCTAGAGTGGGGTCGGAAGTCAATGAGCAGTTCTTC,1211,5,clonotype2,clonotype2_consensus_1
TAAACCGCAATTGCTG-1,True,TAAACCGCAATTGCTG-1_contig_2,True,482,TRA,TRAV10,None,TRAJ24,TRAC,True,False,None,None,494,3,clonotype2,None
TAAACCGCAGCATACT-1,True,TAAACCGCAGCATACT-1_contig_1,True,601,TRA,TRAV12-1,None,TRAJ27,TRAC,True,True,CVVPNTNAGKSTF,TGTGTGGTGCCCAACACCAATGCAGGCAAATCAACCTTT,913,5,clonotype2988,clonotype2988_consensus_1
TAAACCGCAGCATACT-1,True,TAAACCGCAGCATACT-1_contig_2,True,309,TRB,TRBV5-5,None,TRBJ1-5,TRBC1,True,False,CASSLEFLGRQPQHF,TGTGCCAGCAGCTTGGAGTTTCTTGGCCGTCAGCCCCAGCATTTT,550,2,clonotype2988,None
TAAACCGCAGCCAATT-1,True,TAAACCGCAGCCAATT-1_contig_1,True,505,TRA,TRAV1-2,None,TRAJ33,TRAC,True,True,CAATDSNYQLIW,TGTGCTGCGACTGATAGCAACTATCAGTTAATCTGG,178,4,clonotype1,clonotype1_consensus_2
TAAACCGCAGCCAATT-1,True,TAAACCGCAGCCAATT-1_contig_2,True,498,TRB,TRBV20-1,None,TRBJ2-1,TRBC2,True,True,CSARVGSEVNEQFF,TGCAGTGCTAGAGTGGGGTCGGAAGTCAATGAGCAGTTCTTC,2201,5,clonotype1,clonotype1_consensus_1
TAAACCGCAGGCTGAA-1,True,TAAACCGCAGGCTGAA-1_contig_1,True,505,TRA,TRAV1-2,None,TRAJ33,TRAC,True,True,CAATDSNYQLIW,TGTGCTGCGACTGATAGCAACTATCAGTTAATCTGG,289,3,clonotype1,clonotype1_consensus_2
TAAACCGCAGGCTGAA-1,True,TAAACCGCAGGCTGAA-1_contig_2,True,521,TRB,TRBV20-1,None,TRBJ2-1,TRBC2,True,True,CSARVGSEVNEQFF,TGCAGTGCTAGAGTGGGGTCGGAAGTCAATGAGCAGTTCTTC,629,4,clonotype1,clonotype1_consensus_1
TAAACCGCATCCAACA-1,True,TAAACCGCATCCAACA-1_contig_1,True,518,TRB,TRBV20-1,None,TRBJ2-7,TRBC2,True,True,CSARAGSSYEQYF,TGCAGTGCTCGGGCAGGGAGCTCCTACGAGCAGTACTTC,1336,7,clonotype2989,clonotype2989_consensus_2
TAAACCGCATCCAACA-1,True,TAAACCGCATCCAACA-1_contig_2,True,558,TRA,TRAV29/DV5,None,TRAJ49,TRAC,True,True,CAARFGNQFYF,TGTGCAGCAAGGTTCGGTAACCAGTTCTATTTT,148,1,clonotype2989,clonotype2989_consensus_1
TAAACCGCATCCAACA-1,True,TAAACCGCATCCAACA-1_contig_3,True,335,TRA,TRAV8-1,None,None,TRAC,False,False,None,None,606,1,clonotype2989,None
TAAACCGCATCTCCCA-1,True,TAAACCGCATCTCCCA-1_contig_1,True,505,TRA,TRAV1-2,None,TRAJ33,TRAC,True,True,CAATDSNYQLIW,TGTGCTGCGACTGATAGCAACTATCAGTTAATCTGG,477,1,clonotype1,clonotype1_consensus_2
TAAACCGCATCTCCCA-1,True,TAAACCGCATCTCCCA-1_contig_2,True,473,TRB,TRBV20-1,None,TRBJ2-1,TRBC2,True,True,CSARVGSEVNEQFF,TGCAGTGCTAGAGTGGGGTCGGAAGTCAATGAGCAGTTCTTC,703,3,clonotype1,clonotype1_consensus_1
TAAACCGCATGTCTCC-1,True,TAAACCGCATGTCTCC-1_contig_1,True,469,TRB,TRBV5-6,None,TRBJ2-7,TRBC2,True,True,CASSLAKEQYF,TGTGCCAGCAGCTTGGCAAAGGAGCAGTACTTC,796,5,clonotype16,clonotype16_consensus_1
TAAACCGCATTCACTT-1,True,TAAACCGCATTCACTT-1_contig_1,True,505,TRA,TRAV1-2,None,TRAJ33,TRAC,True,True,CAATDSNYQLIW,TGTGCTGCGACTGATAGCAACTATCAGTTAATCTGG,532,3,clonotype1,clonotype1_consensus_2
TAAACCGCATTCACTT-1,True,TAAACCGCATTCACTT-1_contig_2,True,473,TRB,TRBV20-1,None,TRBJ2-1,TRBC2,True,True,CSARVGSEVNEQFF,TGCAGTGCTAGAGTGGGGTCGGAAGTCAATGAGCAGTTCTTC,1373,6,clonotype1,clonotype1_consensus_1
TAAACCGGTAGCGTAG-1,True,TAAACCGGTAGCGTAG-1_contig_1,True,521,TRB,TRBV20-1,None,TRBJ2-1,TRBC2,True,True,CSARVGSEVNEQFF,TGCAGTGCTAGAGTGGGGTCGGAAGTCAATGAGCAGTTCTTC,2259,7,clonotype2,clonotype2_consensus_1
TAAACCGGTAGCGTAG-1,True,TAAACCGGTAGCGTAG-1_contig_2,True,444,TRA,TRAV10,None,TRAJ24,TRAC,True,False,None,None,191,2,clonotype2,None
TAAACCGGTAGCTGCC-1,True,TAAACCGGTAGCTGCC-1_contig_1,True,518,TRB,TRBV20-1,None,TRBJ2-1,TRBC2,True,True,CSARGGGYNEQFF,TGCAGTGCTAGGGGCGGGGGATACAATGAGCAGTTCTTC,2331,9,clonotype157,clonotype157_consensus_1
TAAACCGGTAGCTGCC-1,True,TAAACCGGTAGCTGCC-1_contig_2,True,335,TRA,TRAV8-1,None,None,TRAC,False,False,None,None,1014,3,clonotype157,None
TAAACCGGTAGCTGCC-1,True,TAAACCGGTAGCTGCC-1_contig_3,True,509,Multi,TRDV1,None,TRAJ22,TRAC,True,False,CSGPNSSGSARQLTF,TGCTCTGGTCCTAATTCTTCTGGTTCTGCAAGGCAACTGACCTTT,323,2,clonotype157,None
TAAACCGGTAGGCTGA-1,True,TAAACCGGTAGGCTGA-1_contig_1,True,492,TRB,TRBV20-1,None,TRBJ2-1,TRBC2,True,True,CSARVGSEVNEQFF,TGCAGTGCTAGAGTGGGGTCGGAAGTCAATGAGCAGTTCTTC,2534,9,clonotype2,clonotype2_consensus_1
TAAACCGGTAGGCTGA-1,True,TAAACCGGTAGGCTGA-1_contig_2,True,455,TRA,TRAV10,None,TRAJ24,TRAC,True,False,None,None,391,2,clonotype2,None
TAAACCGGTATAATGG-1,True,TAAACCGGTATAATGG-1_contig_1,True,505,TRA,TRAV1-2,None,TRAJ33,TRAC,True,True,CAATDSNYQLIW,TGTGCTGCGACTGATAGCAACTATCAGTTAATCTGG,3494,2,clonotype1,clonotype1_consensus_2
TAAACCGGTATAATGG-1,True,TAAACCGGTATAATGG-1_contig_2,True,521,TRB,TRBV20-1,None,TRBJ2-1,TRBC2,True,True,CSARVGSEVNEQFF,TGCAGTGCTAGAGTGGGGTCGGAAGTCAATGAGCAGTTCTTC,3263,11,clonotype1,clonotype1_consensus_1
TAAACCGGTATAATGG-1,True,TAAACCGGTATAATGG-1_contig_3,True,459,TRA,TRAV10,None,TRAJ24,TRAC,True,False,None,None,103,2,clonotype1,None
TAAACCGGTATATCCG-1,True,TAAACCGGTATATCCG-1_contig_1,True,521,TRB,TRBV20-1,None,TRBJ2-1,TRBC2,True,True,CSARVGSEVNEQFF,TGCAGTGCTAGAGTGGGGTCGGAAGTCAATGAGCAGTTCTTC,903,6,clonotype2,clonotype2_consensus_1
TAAACCGGTATATCCG-1,True,TAAACCGGTATATCCG-1_contig_2,True,460,TRA,TRAV10,None,TRAJ24,TRAC,True,False,None,None,161,3,clonotype2,None
TAAACCGGTCGCATCG-1,True,TAAACCGGTCGCATCG-1_contig_1,True,505,TRA,TRAV1-2,None,TRAJ33,TRAC,True,True,CAATDSNYQLIW,TGTGCTGCGACTGATAGCAACTATCAGTTAATCTGG,377,3,clonotype1,clonotype1_consensus_2
TAAACCGGTCGCATCG-1,True,TAAACCGGTCGCATCG-1_contig_2,True,521,TRB,TRBV20-1,None,TRBJ2-1,TRBC2,True,True,CSARVGSEVNEQFF,TGCAGTGCTAGAGTGGGGTCGGAAGTCAATGAGCAGTTCTTC,742,7,clonotype1,clonotype1_consensus_1
TAAACCGGTGCTCTTC-1,True,TAAACCGGTGCTCTTC-1_contig_1,True,497,TRA,TRAV1-2,None,TRAJ33,TRAC,True,True,CAATDSNYQLIW,TGTGCTGCGACTGATAGCAACTATCAGTTAATCTGG,162,2,clonotype1,clonotype1_consensus_2
TAAACCGGTGCTCTTC-1,True,TAAACCGGTGCTCTTC-1_contig_2,True,521,TRB,TRBV20-1,None,TRBJ2-1,TRBC2,True,True,CSARVGSEVNEQFF,TGCAGTGCTAGAGTGGGGTCGGAAGTCAATGAGCAGTTCTTC,3093,9,clonotype1,clonotype1_consensus_1
TAAACCGGTGTTGAGG-1,True,TAAACCGGTGTTGAGG-1_contig_1,True,505,TRA,TRAV1-2,None,TRAJ33,TRAC,True,True,CAATDSNYQLIW,TGTGCTGCGACTGATAGCAACTATCAGTTAATCTGG,346,3,clonotype1,clonotype1_consensus_2
TAAACCGGTGTTGAGG-1,True,TAAACCGGTGTTGAGG-1_contig_2,True,498,TRB,TRBV20-1,None,TRBJ2-1,TRBC2,True,True,CSARVGSEVNEQFF,TGCAGTGCTAGAGTGGGGTCGGAAGTCAATGAGCAGTTCTTC,1088,6,clonotype1,clonotype1_consensus_1
TAAACCGTCCGCATAA-1,True,TAAACCGTCCGCATAA-1_contig_1,True,648,TRA,TRAV8-6,None,TRAJ54,TRAC,True,True,CAVRLIIQGAQKLVF,TGTGCTGTGAGGCTTATAATTCAGGGAGCCCAGAAGCTGGTATTT,142,2,clonotype2990,clonotype2990_consensus_2
TAAACCGTCCGCATAA-1,True,TAAACCGTCCGCATAA-1_contig_2,True,495,TRB,TRBV20-1,None,TRBJ2-3,TRBC2,True,True,CSARVPSGVSDTQYF,TGCAGTGCTAGAGTTCCTAGCGGGGTCTCAGATACGCAGTATTTT,1111,8,clonotype2990,clonotype2990_consensus_1
TAAACCGTCGAATCCA-1,True,TAAACCGTCGAATCCA-1_contig_1,True,487,TRA,TRAV21,None,TRAJ39,TRAC,True,True,CAVIIFGNAGNMLTF,TGTGCTGTGATCATCTTCGGTAATGCAGGCAACATGCTCACCTTT,1155,7,clonotype2991,clonotype2991_consensus_2
TAAACCGTCGAATCCA-1,True,TAAACCGTCGAATCCA-1_contig_2,True,663,TRB,TRBV5-6,None,TRBJ1-2,TRBC1,True,True,CASSWGQDYYGYTF,TGTGCCAGCAGCTGGGGGCAGGACTACTATGGCTACACCTTC,1765,10,clonotype2991,clonotype2991_consensus_1
TAAACCGTCTATCCCG-1,True,TAAACCGTCTATCCCG-1_contig_1,True,505,TRA,TRAV1-2,None,TRAJ33,TRAC,True,True,CAATDSNYQLIW,TGTGCTGCGACTGATAGCAACTATCAGTTAATCTGG,159,1,clonotype1,clonotype1_consensus_2
TAAACCGTCTATCCCG-1,True,TAAACCGTCTATCCCG-1_contig_2,True,521,TRB,TRBV20-1,None,TRBJ2-1,TRBC2,True,True,CSARVGSEVNEQFF,TGCAGTGCTAGAGTGGGGTCGGAAGTCAATGAGCAGTTCTTC,977,9,clonotype1,clonotype1_consensus_1
TAAACCGTCTATCCCG-1,True,TAAACCGTCTATCCCG-1_contig_3,True,444,TRA,TRAV10,None,TRAJ24,TRAC,True,False,None,None,76,1,clonotype1,None
TAAGAGAAGAGTACCG-1,True,TAAGAGAAGAGTACCG-1_contig_1,True,505,TRA,TRAV1-2,None,TRAJ33,TRAC,True,True,CAATDSNYQLIW,TGTGCTGCGACTGATAGCAACTATCAGTTAATCTGG,598,4,clonotype8,clonotype8_consensus_1
TAAGAGAAGAGTACCG-1,True,TAAGAGAAGAGTACCG-1_contig_2,True,305,TRB,TRBV5-5,None,TRBJ1-4,TRBC1,True,False,CASSHPGPNYATNEKLFF,TGTGCCAGCAGCCATCCCGGACCGAACTACGCAACTAATGAAAAACTGTTTTTT,832,4,clonotype8,None
TAAGAGAAGCTCTCGG-1,True,TAAGAGAAGCTCTCGG-1_contig_1,True,521,TRB,TRBV20-1,None,TRBJ2-1,TRBC2,True,True,CSARVGSEVNEQFF,TGCAGTGCTAGAGTGGGGTCGGAAGTCAATGAGCAGTTCTTC,1155,7,clonotype2,clonotype2_consensus_1
TAAGAGAAGTGGCACA-1,True,TAAGAGAAGTGGCACA-1_contig_1,True,492,TRA,TRAV9-2,None,TRAJ13,TRAC,True,True,CALNLEGYQKVTF,TGTGCTCTGAACTTAGAGGGTTACCAGAAAGTTACCTTT,284,1,clonotype6,clonotype6_consensus_1
TAAGAGAAGTGGCACA-1,True,TAAGAGAAGTGGCACA-1_contig_2,True,658,TRB,TRBV5-6,None,TRBJ1-5,TRBC1,True,True,CASSFRGGANQPQHF,TGTGCCAGCAGCTTTCGAGGGGGCGCGAATCAGCCCCAGCATTTT,898,4,clonotype6,clonotype6_consensus_2
TAAGAGACACTAGTAC-1,True,TAAGAGACACTAGTAC-1_contig_1,True,532,TRA,TRAV21,None,TRAJ45,TRAC,True,True,CAVSQGGGADGLTF,TGTGCTGTGAGTCAAGGAGGAGGTGCTGACGGACTCACCTTT,232,2,clonotype2992,clonotype2992_consensus_2
TAAGAGACACTAGTAC-1,True,TAAGAGACACTAGTAC-1_contig_2,True,521,TRB,TRBV20-1,None,TRBJ2-7,TRBC2,True,True,CSARVPGRRYEQYF,TGCAGTGCTAGAGTGCCTGGACGGCGCTACGAGCAGTACTTC,3472,6,clonotype2992,clonotype2992_consensus_1
TAAGAGAGTATCGCAT-1,True,TAAGAGAGTATCGCAT-1_contig_1,True,505,TRA,TRAV1-2,None,TRAJ33,TRAC,True,True,CAATDSNYQLIW,TGTGCTGCGACTGATAGCAACTATCAGTTAATCTGG,199,1,clonotype1,clonotype1_consensus_2
TAAGAGAGTATCGCAT-1,True,TAAGAGAGTATCGCAT-1_contig_2,True,498,TRB,TRBV20-1,None,TRBJ2-1,TRBC2,True,True,CSARVGSEVNEQFF,TGCAGTGCTAGAGTGGGGTCGGAAGTCAATGAGCAGTTCTTC,851,5,clonotype1,clonotype1_consensus_1
TAAGAGAGTATCGCAT-1,True,TAAGAGAGTATCGCAT-1_contig_3,True,459,TRA,TRAV10,None,TRAJ24,TRAC,True,False,None,None,73,2,clonotype1,None
TAAGAGATCACCAGGC-1,True,TAAGAGATCACCAGGC-1_contig_1,True,505,TRA,TRAV1-2,None,TRAJ33,TRAC,True,True,CAATDSNYQLIW,TGTGCTGCGACTGATAGCAACTATCAGTTAATCTGG,121,4,clonotype1,clonotype1_consensus_2
TAAGAGATCACCAGGC-1,True,TAAGAGATCACCAGGC-1_contig_2,True,521,TRB,TRBV20-1,None,TRBJ2-1,TRBC2,True,True,CSARVGSEVNEQFF,TGCAGTGCTAGAGTGGGGTCGGAAGTCAATGAGCAGTTCTTC,1544,9,clonotype1,clonotype1_consensus_1
TAAGAGATCAGCGATT-1,True,TAAGAGATCAGCGATT-1_contig_1,True,505,TRA,TRAV1-2,None,TRAJ33,TRAC,True,True,CAATDSNYQLIW,TGTGCTGCGACTGATAGCAACTATCAGTTAATCTGG,373,1,clonotype1,clonotype1_consensus_2
TAAGAGATCAGCGATT-1,True,TAAGAGATCAGCGATT-1_contig_2,True,498,TRB,TRBV20-1,None,TRBJ2-1,TRBC2,True,True,CSARVGSEVNEQFF,TGCAGTGCTAGAGTGGGGTCGGAAGTCAATGAGCAGTTCTTC,1082,4,clonotype1,clonotype1_consensus_1
TAAGAGATCAGTGCAT-1,True,TAAGAGATCAGTGCAT-1_contig_1,True,580,TRA,TRAV12-1,None,TRAJ39,TRAC,True,True,CVVALPNNAGNMLTF,TGTGTGGTCGCCCTCCCGAATAATGCAGGCAACATGCTCACCTTT,562,5,clonotype2993,clonotype2993_consensus_1
TAAGAGATCAGTGCAT-1,True,TAAGAGATCAGTGCAT-1_contig_2,True,521,TRB,TRBV20-1,None,TRBJ2-2,TRBC2,True,True,CSARGRGNTGELFF,TGCAGTGCTAGGGGCAGGGGAAACACCGGGGAGCTGTTTTTT,1566,9,clonotype2993,clonotype2993_consensus_2
TAAGAGATCCAATGGT-1,True,TAAGAGATCCAATGGT-1_contig_1,True,488,TRB,TRBV20-1,None,TRBJ2-3,TRBC2,True,True,CSARDLAGGGDTQYF,TGCAGTGCTAGAGATCTTGCGGGGGGGGGAGATACGCAGTATTTT,1343,5,clonotype2994,clonotype2994_consensus_2
TAAGAGATCCAATGGT-1,True,TAAGAGATCCAATGGT-1_contig_2,True,470,TRA,TRAV38-1,None,TRAJ31,TRAC,True,True,CAFMKSGARLMF,TGTGCTTTCATGAAGTCTGGGGCCAGACTCATGTTT,1198,7,clonotype2994,clonotype2994_consensus_1
TAAGAGATCCTCGCAT-1,True,TAAGAGATCCTCGCAT-1_contig_1,True,527,TRB,TRBV20-1,None,TRBJ1-2,TRBC1,True,True,CSAPPGGATANYGYTF,TGCAGTGCTCCTCCAGGGGGAGCGACTGCTAACTATGGCTACACCTTC,1063,9,clonotype2995,clonotype2995_consensus_2
TAAGAGATCCTCGCAT-1,True,TAAGAGATCCTCGCAT-1_contig_2,True,524,TRA,TRAV27,None,TRAJ40,TRAC,True,True,CAGTAGTYKYIF,TGTGCAGGGACTGCAGGAACCTACAAATACATCTTT,899,8,clonotype2995,clonotype2995_consensus_1
TAAGAGATCGCGGATC-1,True,TAAGAGATCGCGGATC-1_contig_1,True,521,TRB,TRBV20-1,None,TRBJ2-1,TRBC2,True,True,CSARVGSEVNEQFF,TGCAGTGCTAGAGTGGGGTCGGAAGTCAATGAGCAGTTCTTC,677,6,clonotype2,clonotype2_consensus_1
TAAGAGATCTTTACAC-1,True,TAAGAGATCTTTACAC-1_contig_1,True,505,TRA,TRAV1-2,None,TRAJ33,TRAC,True,True,CAATDSNYQLIW,TGTGCTGCGACTGATAGCAACTATCAGTTAATCTGG,254,3,clonotype1,clonotype1_consensus_2
TAAGAGATCTTTACAC-1,True,TAAGAGATCTTTACAC-1_contig_2,True,521,TRB,TRBV20-1,None,TRBJ2-1,TRBC2,True,True,CSARVGSEVNEQFF,TGCAGTGCTAGAGTGGGGTCGGAAGTCAATGAGCAGTTCTTC,515,4,clonotype1,clonotype1_consensus_1
TAAGAGATCTTTACAC-1,True,TAAGAGATCTTTACAC-1_contig_3,True,421,TRB,None,None,TRBJ2-2P,TRBC2,False,False,None,None,192,3,clonotype1,None
TAAGCGTAGACAGGCT-1,True,TAAGCGTAGACAGGCT-1_contig_1,True,473,TRB,TRBV20-1,None,TRBJ2-1,TRBC2,True,True,CSARVGSEVNEQFF,TGCAGTGCTAGAGTGGGGTCGGAAGTCAATGAGCAGTTCTTC,1912,7,clonotype2,clonotype2_consensus_1
TAAGCGTAGCAATCTC-1,True,TAAGCGTAGCAATCTC-1_contig_1,True,574,TRA,TRAV8-1,None,TRAJ28,TRAC,True,True,CAVNSGAGSYQLTF,TGTGCCGTTAACTCTGGGGCTGGGAGTTACCAACTCACTTTC,904,7,clonotype33,clonotype33_consensus_2
TAAGCGTAGCAATCTC-1,True,TAAGCGTAGCAATCTC-1_contig_2,True,498,TRB,TRBV20-1,None,TRBJ1-2,TRBC1,True,True,CSASVPSVLIGYTF,TGCAGTGCTAGTGTTCCTAGTGTCTTAATTGGCTACACCTTC,1898,9,clonotype33,clonotype33_consensus_1
TAAGCGTAGCAATCTC-1,True,TAAGCGTAGCAATCTC-1_contig_3,True,478,TRA,TRAV20,None,TRAJ45,TRAC,True,False,None,None,318,2,clonotype33,None
TAAGCGTAGCTTATCG-1,True,TAAGCGTAGCTTATCG-1_contig_1,True,534,TRB,TRBV5-5,None,TRBJ1-4,TRBC1,True,True,CASSHPGPNYATNEKLFF,TGTGCCAGCAGCCATCCCGGACCGAACTACGCAACTAATGAAAAACTGTTTTTT,1075,5,clonotype4,clonotype4_consensus_1
TAAGCGTAGGCTCATT-1,True,TAAGCGTAGGCTCATT-1_contig_1,True,505,TRA,TRAV1-2,None,TRAJ33,TRAC,True,True,CAATDSNYQLIW,TGTGCTGCGACTGATAGCAACTATCAGTTAATCTGG,365,1,clonotype1,clonotype1_consensus_2
TAAGCGTAGGCTCATT-1,True,TAAGCGTAGGCTCATT-1_contig_2,True,498,TRB,TRBV20-1,None,TRBJ2-1,TRBC2,True,True,CSARVGSEVNEQFF,TGCAGTGCTAGAGTGGGGTCGGAAGTCAATGAGCAGTTCTTC,488,2,clonotype1,clonotype1_consensus_1
TAAGCGTCAAGGTTCT-1,True,TAAGCGTCAAGGTTCT-1_contig_1,True,501,TRB,TRBV20-1,None,TRBJ2-3,TRBC2,True,True,CSAHPTDSADTDTQYF,TGCAGTGCTCATCCAACGGACAGCGCAGACACAGATACGCAGTATTTT,412,3,clonotype159,clonotype159_consensus_1
TAAGCGTCAATCGAAA-1,True,TAAGCGTCAATCGAAA-1_contig_1,True,515,TRB,TRBV20-1,None,TRBJ1-2,TRBC1,True,True,CSARTGLEGYTF,TGCAGTGCAAGGACAGGGTTGGAAGGCTACACCTTC,2766,12,clonotype2996,clonotype2996_consensus_1
TAAGCGTCAATCGAAA-1,True,TAAGCGTCAATCGAAA-1_contig_2,True,365,TRB,None,None,TRBJ1-1,TRBC1,False,False,None,None,194,3,clonotype2996,None
TAAGCGTCACAACGCC-1,True,TAAGCGTCACAACGCC-1_contig_1,True,518,TRB,TRBV20-1,None,TRBJ2-7,TRBC2,True,True,CSARDRGSYEQYF,TGCAGTGCTAGGGACAGGGGCTCCTACGAGCAGTACTTC,1062,6,clonotype2997,clonotype2997_consensus_1
TAAGCGTCACAAGACG-1,True,TAAGCGTCACAAGACG-1_contig_1,True,769,TRB,TRBV5-5,None,TRBJ1-4,TRBC1,True,True,CASSHPGPNYATNEKLFF,TGTGCCAGCAGCCATCCCGGACCGAACTACGCAACTAATGAAAAACTGTTTTTT,2630,11,clonotype4,clonotype4_consensus_1
TAAGCGTCAGTTCCCT-1,True,TAAGCGTCAGTTCCCT-1_contig_1,True,505,TRA,TRAV1-2,None,TRAJ33,TRAC,True,True,CAATDSNYQLIW,TGTGCTGCGACTGATAGCAACTATCAGTTAATCTGG,124,2,clonotype1,clonotype1_consensus_2
TAAGCGTCAGTTCCCT-1,True,TAAGCGTCAGTTCCCT-1_contig_2,True,498,TRB,TRBV20-1,None,TRBJ2-1,TRBC2,True,True,CSARVGSEVNEQFF,TGCAGTGCTAGAGTGGGGTCGGAAGTCAATGAGCAGTTCTTC,998,7,clonotype1,clonotype1_consensus_1
TAAGCGTCAGTTCCCT-1,True,TAAGCGTCAGTTCCCT-1_contig_3,True,482,TRA,TRAV10,None,TRAJ24,TRAC,True,False,None,None,371,1,clonotype1,None
TAAGCGTCATTTCAGG-1,True,TAAGCGTCATTTCAGG-1_contig_1,True,521,TRB,TRBV20-1,None,TRBJ2-1,TRBC2,True,True,CSARVGSEVNEQFF,TGCAGTGCTAGAGTGGGGTCGGAAGTCAATGAGCAGTTCTTC,811,5,clonotype2,clonotype2_consensus_1
TAAGCGTCATTTCAGG-1,True,TAAGCGTCATTTCAGG-1_contig_2,True,459,TRA,TRAV10,None,TRAJ24,TRAC,True,False,None,None,205,1,clonotype2,None
TAAGCGTGTCACTTCC-1,True,TAAGCGTGTCACTTCC-1_contig_1,True,505,TRA,TRAV1-2,None,TRAJ33,TRAC,True,True,CAATDSNYQLIW,TGTGCTGCGACTGATAGCAACTATCAGTTAATCTGG,208,2,clonotype1,clonotype1_consensus_2
TAAGCGTGTCACTTCC-1,True,TAAGCGTGTCACTTCC-1_contig_2,True,521,TRB,TRBV20-1,None,TRBJ2-1,TRBC2,True,True,CSARVGSEVNEQFF,TGCAGTGCTAGAGTGGGGTCGGAAGTCAATGAGCAGTTCTTC,1871,7,clonotype1,clonotype1_consensus_1
TAAGCGTGTCACTTCC-1,True,TAAGCGTGTCACTTCC-1_contig_3,True,467,TRA,TRAV10,None,TRAJ24,TRAC,True,False,None,None,207,3,clonotype1,None
TAAGCGTGTCTCTTTA-1,True,TAAGCGTGTCTCTTTA-1_contig_1,True,491,TRB,TRBV20-1,None,TRBJ1-5,TRBC1,True,True,CSARDFRQGGGQPQHF,TGCAGTGCTAGAGATTTTAGGCAGGGAGGGGGTCAGCCCCAGCATTTT,2800,8,clonotype2998,clonotype2998_consensus_1
TAAGCGTGTCTCTTTA-1,True,TAAGCGTGTCTCTTTA-1_contig_2,True,511,TRA,TRAV29/DV5,None,TRAJ45,TRAC,True,True,CAASRTGGGADGLTF,TGTGCAGCAAGCAGAACAGGAGGAGGTGCTGACGGACTCACCTTT,247,2,clonotype2998,clonotype2998_consensus_2
TAAGCGTGTGGTCTCG-1,True,TAAGCGTGTGGTCTCG-1_contig_1,True,507,TRB,TRBV20-1,None,TRBJ2-3,TRBC2,True,True,CSALRGGGSAVTDTQYF,TGCAGTGCTCTGAGGGGCGGGGGGAGTGCAGTCACAGATACGCAGTATTTT,2638,7,clonotype2999,clonotype2999_consensus_2
TAAGCGTGTGGTCTCG-1,True,TAAGCGTGTGGTCTCG-1_contig_2,True,503,TRA,TRAV25,None,TRAJ54,TRAC,True,True,CAGLVGAQKLVF,TGTGCAGGGCTTGTGGGAGCCCAGAAGCTGGTATTT,772,2,clonotype2999,clonotype2999_consensus_1
TAAGCGTGTGGTCTCG-1,True,TAAGCGTGTGGTCTCG-1_contig_3,True,480,TRA,TRAV21,None,TRAJ58,TRAC,True,False,CLSEETSGSRLTF,TGCCTCTCGGAAGAAACCAGTGGCTCTAGGTTGACCTTT,275,1,clonotype2999,None
TAAGCGTGTTATCCGA-1,True,TAAGCGTGTTATCCGA-1_contig_1,True,492,TRB,TRBV20-1,None,TRBJ2-1,TRBC2,True,True,CSARVGSEVNEQFF,TGCAGTGCTAGAGTGGGGTCGGAAGTCAATGAGCAGTTCTTC,1071,7,clonotype2,clonotype2_consensus_1
TAAGCGTTCAATCTCT-1,True,TAAGCGTTCAATCTCT-1_contig_1,True,505,TRA,TRAV1-2,None,TRAJ33,TRAC,True,True,CAATDSNYQLIW,TGTGCTGCGACTGATAGCAACTATCAGTTAATCTGG,5115,7,clonotype1,clonotype1_consensus_2
TAAGCGTTCAATCTCT-1,True,TAAGCGTTCAATCTCT-1_contig_2,True,521,TRB,TRBV20-1,None,TRBJ2-1,TRBC2,True,True,CSARVGSEVNEQFF,TGCAGTGCTAGAGTGGGGTCGGAAGTCAATGAGCAGTTCTTC,1154,7,clonotype1,clonotype1_consensus_1
TAAGCGTTCGTGACAT-1,True,TAAGCGTTCGTGACAT-1_contig_1,True,545,TRA,TRAV26-1,None,TRAJ17,TRAC,True,True,CIVRVAAAGNKLTF,TGCATCGTCAGAGTCGCCGCTGCAGGCAACAAGCTAACTTTT,96,1,clonotype3000,clonotype3000_consensus_2
TAAGCGTTCGTGACAT-1,True,TAAGCGTTCGTGACAT-1_contig_2,True,518,TRB,TRBV20-1,None,TRBJ2-2,TRBC2,True,True,CSARDSYTGELFF,TGCAGTGCTAGAGACAGCTACACCGGGGAGCTGTTTTTT,909,6,clonotype3000,clonotype3000_consensus_1
TAAGTGCAGCTCCTCT-1,True,TAAGTGCAGCTCCTCT-1_contig_1,True,505,TRA,TRAV1-2,None,TRAJ33,TRAC,True,True,CAATDSNYQLIW,TGTGCTGCGACTGATAGCAACTATCAGTTAATCTGG,120,1,clonotype1,clonotype1_consensus_2
TAAGTGCAGCTCCTCT-1,True,TAAGTGCAGCTCCTCT-1_contig_2,True,521,TRB,TRBV20-1,None,TRBJ2-1,TRBC2,True,True,CSARVGSEVNEQFF,TGCAGTGCTAGAGTGGGGTCGGAAGTCAATGAGCAGTTCTTC,1413,10,clonotype1,clonotype1_consensus_1
TAAGTGCAGCTCCTCT-1,True,TAAGTGCAGCTCCTCT-1_contig_3,True,467,TRA,TRAV10,None,TRAJ24,TRAC,True,False,None,None,611,4,clonotype1,None
TAAGTGCAGTGGAGAA-1,True,TAAGTGCAGTGGAGAA-1_contig_1,True,527,TRB,TRBV20-1,None,TRBJ2-2,TRBC2,True,True,CSARDSQRGDTGELFF,TGCAGTGCTAGAGATTCGCAGAGGGGCGACACCGGGGAGCTGTTTTTT,779,4,clonotype374,clonotype374_consensus_1
TAAGTGCAGTGGGATC-1,True,TAAGTGCAGTGGGATC-1_contig_1,True,502,TRA,TRAV1-2,None,TRAJ30,TRAC,True,True,CAVRDLREIIF,TGTGCTGTGAGAGATCTTCGGGAGATCATCTTT,588,4,clonotype3,clonotype3_consensus_2
TAAGTGCAGTGGGATC-1,True,TAAGTGCAGTGGGATC-1_contig_2,True,512,TRB,TRBV5-5,None,TRBJ1-4,TRBC1,True,True,CASSHPGPNYATNEKLFF,TGTGCCAGCAGCCATCCCGGACCGAACTACGCAACTAATGAAAAACTGTTTTTT,1316,5,clonotype3,clonotype3_consensus_1
TAAGTGCCACCAGATT-1,True,TAAGTGCCACCAGATT-1_contig_1,True,498,TRB,TRBV20-1,None,TRBJ2-1,TRBC2,True,True,CSARVGSEVNEQFF,TGCAGTGCTAGAGTGGGGTCGGAAGTCAATGAGCAGTTCTTC,1574,7,clonotype2,clonotype2_consensus_1
TAAGTGCCAGCTCGCA-1,True,TAAGTGCCAGCTCGCA-1_contig_1,True,652,TRB,TRBV5-6,None,TRBJ2-7,TRBC2,True,True,CASSLRAYEQYF,TGTGCCAGCAGCTTGAGAGCGTACGAGCAGTACTTC,2583,13,clonotype3001,clonotype3001_consensus_1
TAAGTGCCATACAGCT-1,True,TAAGTGCCATACAGCT-1_contig_1,True,501,TRA,TRAV12-3,None,TRAJ36,TRAC,True,True,CAMSAGDGANNLFF,TGTGCAATGAGCGCGGGAGATGGGGCAAACAACCTCTTCTTT,361,3,clonotype366,clonotype366_consensus_1
TAAGTGCCATACAGCT-1,True,TAAGTGCCATACAGCT-1_contig_2,True,382,TRB,TRBV20-1,None,TRBJ1-1,TRBC1,True,False,CSARDRYRIAEAFF,TGCAGTGCTAGAGATCGCTACAGGATCGCTGAAGCTTTCTTT,118,3,clonotype366,None
TAAGTGCCATACAGCT-1,True,TAAGTGCCATACAGCT-1_contig_3,True,353,TRB,None,None,TRBJ1-1,TRBC1,False,False,None,None,2020,4,clonotype366,None
TAAGTGCCATGTCGAT-1,True,TAAGTGCCATGTCGAT-1_contig_1,True,521,TRB,TRBV20-1,None,TRBJ2-1,TRBC2,True,True,CSARVGSEVNEQFF,TGCAGTGCTAGAGTGGGGTCGGAAGTCAATGAGCAGTTCTTC,763,5,clonotype2,clonotype2_consensus_1
TAAGTGCCATGTCGAT-1,True,TAAGTGCCATGTCGAT-1_contig_2,True,482,TRA,TRAV10,None,TRAJ24,TRAC,True,False,None,None,316,2,clonotype2,None
TAAGTGCGTAAAGTCA-1,True,TAAGTGCGTAAAGTCA-1_contig_1,True,498,TRB,TRBV20-1,None,TRBJ2-1,TRBC2,True,True,CSARVGSEVNEQFF,TGCAGTGCTAGAGTGGGGTCGGAAGTCAATGAGCAGTTCTTC,1144,6,clonotype2,clonotype2_consensus_1
TAAGTGCGTCAAACTC-1,True,TAAGTGCGTCAAACTC-1_contig_1,True,530,TRB,TRBV20-1,None,TRBJ1-6,TRBC1,True,True,CSARKPHWTGEASPLHF,TGCAGTGCTAGAAAACCTCACTGGACAGGGGAAGCTTCACCCCTCCACTTT,559,3,clonotype30,clonotype30_consensus_2
TAAGTGCGTCAAACTC-1,True,TAAGTGCGTCAAACTC-1_contig_2,True,550,TRA,TRAV12-1,None,TRAJ35,TRAC,True,True,CVVIGFGNVLHC,TGTGTGGTGATAGGCTTTGGGAATGTGCTGCATTGC,198,2,clonotype30,clonotype30_consensus_1
TAAGTGCGTCACAAGG-1,True,TAAGTGCGTCACAAGG-1_contig_1,True,459,TRA,TRAV13-1,None,TRAJ30,TRAC,True,True,CAGIMNRDDKIIF,TGTGCGGGTATCATGAACAGAGATGACAAGATCATCTTT,389,1,clonotype45,clonotype45_consensus_2
TAAGTGCGTCACAAGG-1,True,TAAGTGCGTCACAAGG-1_contig_2,True,663,TRB,TRBV5-6,None,TRBJ1-1,TRBC1,True,True,CASSFGTGNTEAFF,TGTGCCAGCAGCTTTGGGACAGGGAACACTGAAGCTTTCTTT,1197,6,clonotype45,clonotype45_consensus_1
TAAGTGCGTCTCAACA-1,True,TAAGTGCGTCTCAACA-1_contig_1,True,514,TRB,TRBV20-1,None,TRBJ2-1,TRBC2,True,True,CSARVGSEVNEQFF,TGCAGTGCTAGAGTGGGGTCGGAAGTCAATGAGCAGTTCTTC,1153,6,clonotype2,clonotype2_consensus_1
TAAGTGCGTCTCAACA-1,True,TAAGTGCGTCTCAACA-1_contig_2,True,465,TRA,TRAV10,None,TRAJ24,TRAC,True,False,None,None,604,1,clonotype2,None
TAAGTGCGTGTTCGAT-1,True,TAAGTGCGTGTTCGAT-1_contig_1,True,505,TRA,TRAV1-2,None,TRAJ33,TRAC,True,True,CAATDSNYQLIW,TGTGCTGCGACTGATAGCAACTATCAGTTAATCTGG,277,1,clonotype1,clonotype1_consensus_2
TAAGTGCGTGTTCGAT-1,True,TAAGTGCGTGTTCGAT-1_contig_2,True,521,TRB,TRBV20-1,None,TRBJ2-1,TRBC2,True,True,CSARVGSEVNEQFF,TGCAGTGCTAGAGTGGGGTCGGAAGTCAATGAGCAGTTCTTC,499,3,clonotype1,clonotype1_consensus_1
TAAGTGCTCCACGAAT-1,True,TAAGTGCTCCACGAAT-1_contig_1,True,521,TRB,TRBV20-1,None,TRBJ2-1,TRBC2,True,True,CSARVGSEVNEQFF,TGCAGTGCTAGAGTGGGGTCGGAAGTCAATGAGCAGTTCTTC,1322,7,clonotype2,clonotype2_consensus_1
TAAGTGCTCGGCTTGG-1,True,TAAGTGCTCGGCTTGG-1_contig_1,True,506,TRA,TRAV25,None,TRAJ15,TRAC,True,True,CAGPRQAGTALIF,TGTGCAGGGCCCCGCCAGGCAGGAACTGCTCTGATCTTT,136,1,clonotype3002,clonotype3002_consensus_2
TAAGTGCTCGGCTTGG-1,True,TAAGTGCTCGGCTTGG-1_contig_2,True,515,TRB,TRBV20-1,None,TRBJ2-5,TRBC2,True,True,CSARVAGEKTQYF,TGCAGTGCTAGAGTAGCGGGGGAAAAGACCCAGTACTTC,2825,11,clonotype3002,clonotype3002_consensus_3
TAAGTGCTCGGCTTGG-1,True,TAAGTGCTCGGCTTGG-1_contig_3,True,460,TRA,TRAV5,None,TRAJ48,TRAC,True,True,CAESIVGEKLTF,TGTGCAGAGAGTATAGTCGGAGAGAAATTAACCTTT,166,2,clonotype3002,clonotype3002_consensus_1
TAAGTGCTCTATCCCG-1,True,TAAGTGCTCTATCCCG-1_contig_1,True,505,TRA,TRAV1-2,None,TRAJ33,TRAC,True,True,CAATDSNYQLIW,TGTGCTGCGACTGATAGCAACTATCAGTTAATCTGG,155,1,clonotype1,clonotype1_consensus_2
TAAGTGCTCTATCCCG-1,True,TAAGTGCTCTATCCCG-1_contig_2,True,520,TRB,TRBV20-1,None,TRBJ2-1,TRBC2,True,True,CSARVGSEVNEQFF,TGCAGTGCTAGAGTGGGGTCGGAAGTCAATGAGCAGTTCTTC,787,5,clonotype1,clonotype1_consensus_1
TAAGTGCTCTGGGCCA-1,True,TAAGTGCTCTGGGCCA-1_contig_1,True,502,TRA,TRAV22,None,TRAJ27,TRAC,True,True,CAVRLISAGKSTF,TGTGCTGTCCGTTTAATTTCCGCAGGCAAATCAACCTTT,302,4,clonotype3003,clonotype3003_consensus_1
TAAGTGCTCTGGGCCA-1,True,TAAGTGCTCTGGGCCA-1_contig_2,True,663,TRB,TRBV5-6,None,TRBJ2-5,TRBC2,True,True,CASSLEPEGETQYF,TGTGCCAGCAGCTTGGAACCCGAGGGAGAGACCCAGTACTTC,998,7,clonotype3003,clonotype3003_consensus_2
TAAGTGCTCTTTAGTC-1,True,TAAGTGCTCTTTAGTC-1_contig_1,True,502,TRA,TRAV1-2,None,TRAJ33,TRAC,True,True,CAATDSNYQLIW,TGTGCTGCGACTGATAGCAACTATCAGTTAATCTGG,1763,4,clonotype1,clonotype1_consensus_2
TAAGTGCTCTTTAGTC-1,True,TAAGTGCTCTTTAGTC-1_contig_2,True,498,TRB,TRBV20-1,None,TRBJ2-1,TRBC2,True,True,CSARVGSEVNEQFF,TGCAGTGCTAGAGTGGGGTCGGAAGTCAATGAGCAGTTCTTC,1230,8,clonotype1,clonotype1_consensus_1
TACACGAAGACACTAA-1,True,TACACGAAGACACTAA-1_contig_1,True,571,TRA,TRAV29/DV5,None,TRAJ22,TRAC,True,True,CAATRSGSARQLTF,TGTGCAGCAACCCGATCTGGTTCTGCAAGGCAACTGACCTTT,1521,6,clonotype3004,clonotype3004_consensus_1
TACACGAAGACACTAA-1,True,TACACGAAGACACTAA-1_contig_2,True,501,TRB,TRBV20-1,None,TRBJ2-7,TRBC2,True,True,CSARDQGQGGYEQYF,TGCAGTGCTAGAGATCAAGGACAGGGCGGGTACGAGCAGTACTTC,737,7,clonotype3004,clonotype3004_consensus_2
TACACGAAGACACTAA-1,True,TACACGAAGACACTAA-1_contig_3,True,377,TRB,None,None,TRBJ1-3,TRBC1,False,False,None,None,508,2,clonotype3004,None
TACACGAAGACTTTCG-1,True,TACACGAAGACTTTCG-1_contig_1,True,502,TRA,TRAV1-2,None,TRAJ30,TRAC,True,True,CAVRDLREIIF,TGTGCTGTGAGAGATCTTCGGGAGATCATCTTT,1891,8,clonotype3,clonotype3_consensus_2
TACACGAAGACTTTCG-1,True,TACACGAAGACTTTCG-1_contig_2,True,519,TRB,TRBV5-5,None,TRBJ1-4,TRBC1,True,True,CASSHPGPNYATNEKLFF,TGTGCCAGCAGCCATCCCGGACCGAACTACGCAACTAATGAAAAACTGTTTTTT,863,3,clonotype3,clonotype3_consensus_1
TACACGAAGACTTTCG-1,True,TACACGAAGACTTTCG-1_contig_3,True,387,TRB,TRBV7-3,None,TRBJ2-1,TRBC2,True,False,CQQRSLKAGGPYNEQFF,TGCCAGCAGCGGTCACTTAAAGCGGGGGGACCCTACAATGAGCAGTTCTTC,143,2,clonotype3,None
TACACGAAGCGATAGC-1,True,TACACGAAGCGATAGC-1_contig_1,True,505,TRA,TRAV1-2,None,TRAJ33,TRAC,True,True,CAATDSNYQLIW,TGTGCTGCGACTGATAGCAACTATCAGTTAATCTGG,381,2,clonotype1,clonotype1_consensus_2
TACACGAAGCGATAGC-1,True,TACACGAAGCGATAGC-1_contig_2,True,498,TRB,TRBV20-1,None,TRBJ2-1,TRBC2,True,True,CSARVGSEVNEQFF,TGCAGTGCTAGAGTGGGGTCGGAAGTCAATGAGCAGTTCTTC,2670,10,clonotype1,clonotype1_consensus_1
TACACGAAGCGCTTAT-1,True,TACACGAAGCGCTTAT-1_contig_1,True,486,TRB,TRBV20-1,None,TRBJ1-4,TRBC1,True,True,CSARPGLEKLFF,TGCAGTGCTAGACCAGGGTTGGAAAAACTGTTTTTT,918,5,clonotype3005,clonotype3005_consensus_4
TACACGAAGCGCTTAT-1,True,TACACGAAGCGCTTAT-1_contig_2,True,573,TRA,TRAV8-4,None,TRAJ40,TRAC,True,True,CAVSASLSGTYKYIF,TGTGCTGTGAGTGCTTCCCTCTCAGGAACCTACAAATACATCTTT,753,4,clonotype3005,clonotype3005_consensus_2
TACACGAAGCGCTTAT-1,True,TACACGAAGCGCTTAT-1_contig_3,True,667,TRA,TRAV8-2,None,TRAJ4,TRAC,True,True,CVVSSSGGYNKLIF,TGTGTTGTGAGCTCTTCTGGTGGCTACAATAAGCTGATTTTT,715,8,clonotype3005,clonotype3005_consensus_1
TACACGAAGCGCTTAT-1,True,TACACGAAGCGCTTAT-1_contig_4,True,527,TRB,TRBV20-1,None,TRBJ2-1,TRBC2,True,True,CSARDFQVRSGNEQFF,TGCAGTGCTAGAGATTTCCAAGTTCGAAGCGGGAATGAGCAGTTCTTC,1875,9,clonotype3005,clonotype3005_consensus_3
TACACGAAGCGGATCA-1,True,TACACGAAGCGGATCA-1_contig_1,True,490,TRB,TRBV5-6,None,TRBJ2-3,TRBC2,True,True,CASSLDRTSGDSTDTQYF,TGTGCCAGCAGCTTGGACCGAACTAGCGGGGATAGCACAGATACGCAGTATTTT,876,5,clonotype3006,clonotype3006_consensus_2
TACACGAAGCGGATCA-1,True,TACACGAAGCGGATCA-1_contig_2,True,615,TRA,TRAV3,None,TRAJ4,TRAC,True,True,CAVRPWGYNKLIF,TGTGCTGTGAGGCCCTGGGGCTACAATAAGCTGATTTTT,421,3,clonotype3006,clonotype3006_consensus_1
TACACGAAGCTAGTGG-1,True,TACACGAAGCTAGTGG-1_contig_1,True,507,TRB,TRBV20-1,None,TRBJ2-1,TRBC2,True,True,CSAKLMTRGVVYNEQFF,TGCAGTGCTAAACTTATGACGCGGGGAGTGGTATACAATGAGCAGTTCTTC,2155,7,clonotype3007,clonotype3007_consensus_1
TACACGAAGTCTTGCA-1,True,TACACGAAGTCTTGCA-1_contig_1,True,521,TRB,TRBV20-1,None,TRBJ2-3,TRBC2,True,True,CSALDFSSTDTQYF,TGCAGTGCTTTGGACTTTTCTAGCACAGATACGCAGTATTTT,1216,2,clonotype3008,clonotype3008_consensus_1
TACACGACAAGAAAGG-1,True,TACACGACAAGAAAGG-1_contig_1,True,505,TRA,TRAV1-2,None,TRAJ33,TRAC,True,True,CAATDSNYQLIW,TGTGCTGCGACTGATAGCAACTATCAGTTAATCTGG,416,5,clonotype1,clonotype1_consensus_2
TACACGACAAGAAAGG-1,True,TACACGACAAGAAAGG-1_contig_2,True,521,TRB,TRBV20-1,None,TRBJ2-1,TRBC2,True,True,CSARVGSEVNEQFF,TGCAGTGCTAGAGTGGGGTCGGAAGTCAATGAGCAGTTCTTC,2130,8,clonotype1,clonotype1_consensus_1
TACACGACAAGAAAGG-1,True,TACACGACAAGAAAGG-1_contig_3,True,465,TRA,TRAV10,None,TRAJ24,TRAC,True,False,None,None,443,1,clonotype1,None
TACACGACAATCGGTT-1,True,TACACGACAATCGGTT-1_contig_1,True,521,TRB,TRBV20-1,None,TRBJ2-1,TRBC2,True,True,CSARVGSEVNEQFF,TGCAGTGCTAGAGTGGGGTCGGAAGTCAATGAGCAGTTCTTC,2293,10,clonotype2,clonotype2_consensus_1
TACACGACAGTAACGG-1,True,TACACGACAGTAACGG-1_contig_1,True,505,TRA,TRAV1-2,None,TRAJ33,TRAC,True,True,CAATDSNYQLIW,TGTGCTGCGACTGATAGCAACTATCAGTTAATCTGG,326,2,clonotype1,clonotype1_consensus_2
TACACGACAGTAACGG-1,True,TACACGACAGTAACGG-1_contig_2,True,521,TRB,TRBV20-1,None,TRBJ2-1,TRBC2,True,True,CSARVGSEVNEQFF,TGCAGTGCTAGAGTGGGGTCGGAAGTCAATGAGCAGTTCTTC,1541,8,clonotype1,clonotype1_consensus_1
TACACGACAGTAACGG-1,True,TACACGACAGTAACGG-1_contig_3,True,471,TRA,TRAV10,None,TRAJ24,TRAC,True,False,None,None,8164,1,clonotype1,None
TACACGAGTATCAGTC-1,True,TACACGAGTATCAGTC-1_contig_1,True,508,TRA,TRAV20,None,TRAJ57,TRAC,True,True,CAVSTQGGSEKLVF,TGTGCTGTGTCAACTCAGGGCGGATCTGAAAAGCTGGTCTTT,287,3,clonotype368,clonotype368_consensus_2
TACACGAGTATCAGTC-1,True,TACACGAGTATCAGTC-1_contig_2,True,513,TRB,TRBV5-5,None,TRBJ2-7,TRBC2,True,True,CASSTGTGGVYEQYF,TGTGCCAGCAGCACCGGGACAGGGGGGGTCTACGAGCAGTACTTC,2677,9,clonotype368,clonotype368_consensus_1
TACACGAGTCATACTG-1,True,TACACGAGTCATACTG-1_contig_1,True,505,TRA,TRAV1-2,None,TRAJ33,TRAC,True,True,CAATDSNYQLIW,TGTGCTGCGACTGATAGCAACTATCAGTTAATCTGG,558,2,clonotype1,clonotype1_consensus_2
TACACGAGTCATACTG-1,True,TACACGAGTCATACTG-1_contig_2,True,498,TRB,TRBV20-1,None,TRBJ2-1,TRBC2,True,True,CSARVGSEVNEQFF,TGCAGTGCTAGAGTGGGGTCGGAAGTCAATGAGCAGTTCTTC,1696,8,clonotype1,clonotype1_consensus_1
TACACGAGTCATACTG-1,True,TACACGAGTCATACTG-1_contig_3,True,482,TRA,TRAV10,None,TRAJ24,TRAC,True,False,None,None,464,2,clonotype1,None
TACACGAGTGACGGTA-1,True,TACACGAGTGACGGTA-1_contig_1,True,498,TRB,TRBV20-1,None,TRBJ2-1,TRBC2,True,True,CSARVGSEVNEQFF,TGCAGTGCTAGAGTGGGGTCGGAAGTCAATGAGCAGTTCTTC,1345,7,clonotype2,clonotype2_consensus_1
TACACGATCACCACCT-1,True,TACACGATCACCACCT-1_contig_1,True,666,TRB,TRBV5-6,None,TRBJ1-2,TRBC1,True,True,CASSLYKQDLNYGYTF,TGTGCCAGCAGCTTGTATAAGCAGGACCTAAACTATGGCTACACCTTC,1165,7,clonotype3009,clonotype3009_consensus_1
TACACGATCACCACCT-1,True,TACACGATCACCACCT-1_contig_2,True,546,TRA,TRAV12-1,None,TRAJ35,TRAC,True,True,CVVLIGFGNVLHC,TGTGTGGTTTTGATAGGCTTTGGGAATGTGCTGCATTGC,328,5,clonotype3009,clonotype3009_consensus_2
TACACGATCACCACCT-1,True,TACACGATCACCACCT-1_contig_3,True,379,TRA,TRAV3,None,None,TRAC,False,False,None,None,330,1,clonotype3009,None
TACACGATCATAAAGG-1,True,TACACGATCATAAAGG-1_contig_1,True,518,TRB,TRBV20-1,None,TRBJ1-1,TRBC1,True,True,CSASSRLNTEAFF,TGCAGTGCTAGTAGTAGACTGAACACTGAAGCTTTCTTT,1537,12,clonotype3010,clonotype3010_consensus_1
TACACGATCATAAAGG-1,True,TACACGATCATAAAGG-1_contig_2,True,574,TRA,TRAV8-1,None,TRAJ7,TRAC,True,True,CAVNARGGNNRLAF,TGTGCCGTGAATGCAAGGGGCGGGAACAACAGACTCGCTTTT,507,4,clonotype3010,clonotype3010_consensus_2
TACACGATCATCGGAT-1,True,TACACGATCATCGGAT-1_contig_1,True,519,TRB,TRBV20-1,None,TRBJ2-1,TRBC2,True,True,CSARVGSEVNEQFF,TGCAGTGCTAGAGTGGGGTCGGAAGTCAATGAGCAGTTCTTC,536,4,clonotype2,clonotype2_consensus_1
TACACGATCCTAGTGA-1,True,TACACGATCCTAGTGA-1_contig_1,True,553,TRB,TRBV5-6,None,TRBJ1-5,TRBC1,True,True,CASSLGTENQPQHF,TGTGCCAGCAGCTTGGGGACAGAGAATCAGCCCCAGCATTTT,2065,5,clonotype3011,clonotype3011_consensus_1
TACACGATCGCTTAGA-1,True,TACACGATCGCTTAGA-1_contig_1,True,462,TRA,TRAV13-1,None,TRAJ9,TRAC,True,True,CAASRNTGGFKTIF,TGTGCAGCAAGTAGGAATACTGGAGGCTTCAAAACTATCTTT,1001,5,clonotype3012,clonotype3012_consensus_2
TACACGATCGCTTAGA-1,True,TACACGATCGCTTAGA-1_contig_2,True,492,TRB,TRBV20-1,None,TRBJ1-2,TRBC1,True,True,CSARDPGGRNGYTF,TGCAGTGCTAGAGATCCGGGGGGAAGAAATGGCTACACCTTC,245,1,clonotype3012,clonotype3012_consensus_1
TACACGATCGGTCCGA-1,True,TACACGATCGGTCCGA-1_contig_1,True,492,TRB,TRBV20-1,None,TRBJ2-7,TRBC2,True,True,CSAATYTYEQYF,TGCAGTGCCGCGACTTATACCTACGAGCAGTACTTC,1140,8,clonotype88,clonotype88_consensus_2
TACACGATCGGTCCGA-1,True,TACACGATCGGTCCGA-1_contig_2,True,495,TRA,TRAV12-3,None,TRAJ40,TRAC,True,True,CAMSSGTYKYIF,TGTGCAATGAGTTCAGGAACCTACAAATACATCTTT,3063,2,clonotype88,clonotype88_consensus_1
TACACGATCTAAGCCA-1,True,TACACGATCTAAGCCA-1_contig_1,True,514,TRA,TRAV39,None,TRAJ52,TRAC,True,True,CAVDEGGTSYGKLTF,TGTGCCGTGGACGAGGGTGGTACTAGCTATGGAAAGCTGACATTT,878,4,clonotype3013,clonotype3013_consensus_1
TACACGATCTAAGCCA-1,True,TACACGATCTAAGCCA-1_contig_2,True,676,TRB,TRBV5-6,None,TRBJ2-2,TRBC2,True,True,CASSSPYWRGRPTTSGELFF,TGTGCCAGCAGCTCGCCCTATTGGCGCGGGCGGCCAACCACGTCCGGGGAGCTGTTTTTT,1095,8,clonotype3013,clonotype3013_consensus_2
TACACGATCTAAGCCA-1,True,TACACGATCTAAGCCA-1_contig_3,True,317,TRB,None,None,TRBJ1-4,TRBC1,False,False,None,None,48,2,clonotype3013,None
TACACGATCTAAGCCA-1,True,TACACGATCTAAGCCA-1_contig_4,True,516,TRB,None,None,TRBJ2-5,TRBC2,False,False,None,None,58,1,clonotype3013,None
TACAGTGAGAGTACCG-1,True,TACAGTGAGAGTACCG-1_contig_1,True,505,TRA,TRAV1-2,None,TRAJ33,TRAC,True,True,CAATDSNYQLIW,TGTGCTGCGACTGATAGCAACTATCAGTTAATCTGG,28,3,clonotype1,clonotype1_consensus_2
TACAGTGAGAGTACCG-1,True,TACAGTGAGAGTACCG-1_contig_2,True,521,TRB,TRBV20-1,None,TRBJ2-1,TRBC2,True,True,CSARVGSEVNEQFF,TGCAGTGCTAGAGTGGGGTCGGAAGTCAATGAGCAGTTCTTC,2375,8,clonotype1,clonotype1_consensus_1
TACAGTGAGAGTACCG-1,True,TACAGTGAGAGTACCG-1_contig_3,True,482,TRA,TRAV10,None,TRAJ24,TRAC,True,False,None,None,464,5,clonotype1,None
TACAGTGAGCAGGTCA-1,True,TACAGTGAGCAGGTCA-1_contig_1,True,521,TRB,TRBV20-1,None,TRBJ2-1,TRBC2,True,True,CSARVGSEVNEQFF,TGCAGTGCTAGAGTGGGGTCGGAAGTCAATGAGCAGTTCTTC,1394,6,clonotype2,clonotype2_consensus_1
TACAGTGAGCAGGTCA-1,True,TACAGTGAGCAGGTCA-1_contig_2,True,482,TRA,TRAV10,None,TRAJ24,TRAC,True,False,None,None,744,2,clonotype2,None
TACAGTGAGCGTAGTG-1,True,TACAGTGAGCGTAGTG-1_contig_1,True,521,TRB,TRBV20-1,None,TRBJ2-1,TRBC2,True,True,CSARVGSEVNEQFF,TGCAGTGCTAGAGTGGGGTCGGAAGTCAATGAGCAGTTCTTC,1177,6,clonotype2,clonotype2_consensus_1
TACAGTGAGCTGATAA-1,True,TACAGTGAGCTGATAA-1_contig_1,True,524,TRB,TRBV20-1,None,TRBJ2-1,TRBC2,True,True,CSAREASGGGNEQFF,TGCAGTGCTAGAGAAGCTAGCGGGGGGGGCAATGAGCAGTTCTTC,2569,12,clonotype285,clonotype285_consensus_2
TACAGTGAGCTGATAA-1,True,TACAGTGAGCTGATAA-1_contig_2,True,490,TRA,TRAV1-1,None,TRAJ8,TRAC,True,True,CAVRPTGFQKLVF,TGCGCTGTGAGACCGACAGGCTTTCAGAAACTTGTATTT,829,6,clonotype285,clonotype285_consensus_1
TACAGTGAGGCAGTCA-1,True,TACAGTGAGGCAGTCA-1_contig_1,True,505,TRA,TRAV1-2,None,TRAJ33,TRAC,True,True,CAATDSNYQLIW,TGTGCTGCGACTGATAGCAACTATCAGTTAATCTGG,644,3,clonotype1,clonotype1_consensus_2
TACAGTGAGGCAGTCA-1,True,TACAGTGAGGCAGTCA-1_contig_2,True,521,TRB,TRBV20-1,None,TRBJ2-1,TRBC2,True,True,CSARVGSEVNEQFF,TGCAGTGCTAGAGTGGGGTCGGAAGTCAATGAGCAGTTCTTC,800,5,clonotype1,clonotype1_consensus_1
TACAGTGAGGCAGTCA-1,True,TACAGTGAGGCAGTCA-1_contig_3,True,465,TRA,TRAV10,None,TRAJ24,TRAC,True,False,None,None,667,3,clonotype1,None
TACAGTGAGGCTACGA-1,True,TACAGTGAGGCTACGA-1_contig_1,True,505,TRA,TRAV1-2,None,TRAJ33,TRAC,True,True,CAATDSNYQLIW,TGTGCTGCGACTGATAGCAACTATCAGTTAATCTGG,346,2,clonotype1,clonotype1_consensus_2
TACAGTGAGGCTACGA-1,True,TACAGTGAGGCTACGA-1_contig_2,True,521,TRB,TRBV20-1,None,TRBJ2-1,TRBC2,True,True,CSARVGSEVNEQFF,TGCAGTGCTAGAGTGGGGTCGGAAGTCAATGAGCAGTTCTTC,1955,7,clonotype1,clonotype1_consensus_1
TACAGTGAGGCTACGA-1,True,TACAGTGAGGCTACGA-1_contig_3,True,467,TRA,TRAV10,None,TRAJ24,TRAC,True,False,None,None,134,1,clonotype1,None
TACAGTGAGGGCTTGA-1,True,TACAGTGAGGGCTTGA-1_contig_1,True,476,TRB,TRBV20-1,None,TRBJ1-6,TRBC1,True,True,CSARATGNLNSPLHF,TGCAGTGCTAGAGCGACAGGAAACCTTAATTCACCCCTCCACTTT,1198,8,clonotype3014,clonotype3014_consensus_1
TACAGTGAGGGCTTGA-1,True,TACAGTGAGGGCTTGA-1_contig_2,True,580,TRA,TRAV29/DV5,None,TRAJ42,TRAC,True,True,CAATPRRYGGSQGNLIF,TGTGCAGCAACTCCCCGCCGGTATGGAGGAAGCCAAGGAAATCTCATCTTT,1857,10,clonotype3014,clonotype3014_consensus_2
TACAGTGAGTAGGCCA-1,True,TACAGTGAGTAGGCCA-1_contig_1,True,521,TRB,TRBV20-1,None,TRBJ2-1,TRBC2,True,True,CSARVGSEVNEQFF,TGCAGTGCTAGAGTGGGGTCGGAAGTCAATGAGCAGTTCTTC,1515,9,clonotype2,clonotype2_consensus_1
TACAGTGAGTAGGCCA-1,True,TACAGTGAGTAGGCCA-1_contig_2,True,482,TRA,TRAV10,None,TRAJ24,TRAC,True,False,None,None,362,2,clonotype2,None
TACAGTGAGTCAAGCG-1,True,TACAGTGAGTCAAGCG-1_contig_1,True,560,TRA,TRAV26-1,None,TRAJ37,TRAC,True,True,CIVRFGSSNTGKLIF,TGCATCGTCAGATTTGGCTCTAGCAACACAGGCAAACTAATCTTT,3959,3,clonotype3015,clonotype3015_consensus_2
TACAGTGAGTCAAGCG-1,True,TACAGTGAGTCAAGCG-1_contig_2,True,504,TRB,TRBV20-1,None,TRBJ1-5,TRBC1,True,True,CSARAPGQGAGSNQPQHF,TGCAGTGCTAGAGCCCCGGGACAGGGGGCTGGTAGCAATCAGCCCCAGCATTTT,2848,13,clonotype3015,clonotype3015_consensus_1
TACAGTGCACAACGTT-1,True,TACAGTGCACAACGTT-1_contig_1,True,505,TRA,TRAV1-2,None,TRAJ33,TRAC,True,True,CAATDSNYQLIW,TGTGCTGCGACTGATAGCAACTATCAGTTAATCTGG,181,2,clonotype1,clonotype1_consensus_2
TACAGTGCACAACGTT-1,True,TACAGTGCACAACGTT-1_contig_2,True,498,TRB,TRBV20-1,None,TRBJ2-1,TRBC2,True,True,CSARVGSEVNEQFF,TGCAGTGCTAGAGTGGGGTCGGAAGTCAATGAGCAGTTCTTC,2474,12,clonotype1,clonotype1_consensus_1
TACAGTGCACAACGTT-1,True,TACAGTGCACAACGTT-1_contig_3,True,440,TRA,TRAV10,None,TRAJ24,TRAC,True,False,None,None,530,1,clonotype1,None
TACAGTGCACATTCGA-1,True,TACAGTGCACATTCGA-1_contig_1,True,520,TRA,TRAV17,None,TRAJ28,TRAC,True,True,CATVAYSGAGSYQLTF,TGTGCTACGGTCGCATACTCTGGGGCTGGGAGTTACCAACTCACTTTC,73,5,clonotype3016,clonotype3016_consensus_1
TACAGTGCACATTCGA-1,True,TACAGTGCACATTCGA-1_contig_2,True,660,TRB,TRBV5-6,None,TRBJ1-4,TRBC1,True,True,CASSRTGTTNEKLFF,TGTGCCAGCAGTCGAACGGGGACAACTAATGAAAAACTGTTTTTT,757,3,clonotype3016,clonotype3016_consensus_2
TACAGTGCACATTCGA-1,True,TACAGTGCACATTCGA-1_contig_3,True,391,TRA,TRAV13-1,None,TRAJ29,None,True,False,CSIWNSGNTPLVF,TGCAGCATCTGGAATTCAGGAAACACACCTCTTGTCTTT,19,1,clonotype3016,None
TACAGTGCAGACGCCT-1,True,TACAGTGCAGACGCCT-1_contig_1,True,521,TRB,TRBV20-1,None,TRBJ2-1,TRBC2,True,True,CSARVGSEVNEQFF,TGCAGTGCTAGAGTGGGGTCGGAAGTCAATGAGCAGTTCTTC,3062,8,clonotype2,clonotype2_consensus_1
TACAGTGCATCGGGTC-1,True,TACAGTGCATCGGGTC-1_contig_1,True,518,TRB,TRBV20-1,None,TRBJ1-2,TRBC1,True,True,CSARPALGVGYTF,TGCAGTGCTAGACCTGCCCTGGGGGTTGGCTACACCTTC,2867,12,clonotype3017,clonotype3017_consensus_1
TACAGTGCATCGGGTC-1,True,TACAGTGCATCGGGTC-1_contig_2,True,478,TRA,TRAV21,None,TRAJ57,TRAC,True,True,CAVVGGSEKLVF,TGTGCTGTGGTGGGCGGATCTGAAAAGCTGGTCTTT,588,2,clonotype3017,clonotype3017_consensus_2
TACAGTGGTAACGTTC-1,True,TACAGTGGTAACGTTC-1_contig_1,True,459,TRA,TRAV13-1,None,TRAJ22,TRAC,True,True,CAASIGTARQLTF,TGTGCAGCAAGTATAGGGACTGCAAGGCAACTGACCTTT,131,4,clonotype19,clonotype19_consensus_1
TACAGTGGTAACGTTC-1,True,TACAGTGGTAACGTTC-1_contig_2,True,492,TRB,TRBV20-1,None,TRBJ2-5,TRBC2,True,True,CSAQTTVVATQYF,TGCAGTGCCCAGACGACGGTAGTAGCGACCCAGTACTTC,657,4,clonotype19,clonotype19_consensus_2
TACAGTGGTAACGTTC-1,True,TACAGTGGTAACGTTC-1_contig_3,True,502,TRB,TRBV6-5,None,TRBJ2-7,TRBC2,True,False,None,None,84,1,clonotype19,None
TACAGTGGTCACCTAA-1,True,TACAGTGGTCACCTAA-1_contig_1,True,518,TRB,TRBV20-1,None,TRBJ2-5,TRBC2,True,True,CSASQGTQETQYF,TGCAGTGCTAGTCAGGGGACCCAAGAGACCCAGTACTTC,1054,8,clonotype3018,clonotype3018_consensus_1
TACAGTGGTCAGAAGC-1,True,TACAGTGGTCAGAAGC-1_contig_1,True,505,TRA,TRAV1-2,None,TRAJ33,TRAC,True,True,CAATDSNYQLIW,TGTGCTGCGACTGATAGCAACTATCAGTTAATCTGG,855,3,clonotype8,clonotype8_consensus_1
TACAGTGGTCGGCATC-1,True,TACAGTGGTCGGCATC-1_contig_1,True,492,TRB,TRBV20-1,None,TRBJ1-1,TRBC1,True,True,CSATLSDTEAFF,TGCAGTGCCACACTGAGCGACACTGAAGCTTTCTTT,1010,6,clonotype3019,clonotype3019_consensus_2
TACAGTGGTCGGCATC-1,True,TACAGTGGTCGGCATC-1_contig_2,True,514,TRA,TRAV20,None,TRAJ6,TRAC,True,True,CAVQHWGGGGSYIPTF,TGTGCTGTGCAGCATTGGGGTGGAGGAGGAAGCTACATACCTACATTT,6318,9,clonotype3019,clonotype3019_consensus_1
TACAGTGGTCGGCATC-1,True,TACAGTGGTCGGCATC-1_contig_3,True,310,TRB,None,None,TRBJ2-3,TRBC2,False,False,None,None,958,2,clonotype3019,None
TACAGTGGTGCGGTAA-1,True,TACAGTGGTGCGGTAA-1_contig_1,True,498,TRB,TRBV20-1,None,TRBJ2-1,TRBC2,True,True,CSARVGSEVNEQFF,TGCAGTGCTAGAGTGGGGTCGGAAGTCAATGAGCAGTTCTTC,940,4,clonotype2,clonotype2_consensus_1
TACAGTGGTGCGGTAA-1,True,TACAGTGGTGCGGTAA-1_contig_2,True,465,TRA,TRAV10,None,TRAJ24,TRAC,True,False,None,None,577,2,clonotype2,None
TACAGTGGTGTAATGA-1,True,TACAGTGGTGTAATGA-1_contig_1,True,421,TRA,TRAV1-2,None,TRAJ33,TRAC,True,True,CAATDSNYQLIW,TGTGCTGCGACTGATAGCAACTATCAGTTAATCTGG,88,2,clonotype1,clonotype1_consensus_2
TACAGTGGTGTAATGA-1,True,TACAGTGGTGTAATGA-1_contig_2,True,518,TRB,TRBV20-1,None,TRBJ2-1,TRBC2,True,True,CSARVGSEVNEQFF,TGCAGTGCTAGAGTGGGGTCGGAAGTCAATGAGCAGTTCTTC,3191,9,clonotype1,clonotype1_consensus_1
TACAGTGTCCGAAGAG-1,True,TACAGTGTCCGAAGAG-1_contig_1,True,521,TRB,TRBV20-1,None,TRBJ2-1,TRBC2,True,True,CSARVGSEVNEQFF,TGCAGTGCTAGAGTGGGGTCGGAAGTCAATGAGCAGTTCTTC,903,6,clonotype2,clonotype2_consensus_1
TACAGTGTCGACGGAA-1,True,TACAGTGTCGACGGAA-1_contig_1,True,518,TRB,TRBV20-1,None,TRBJ1-5,TRBC1,True,True,CSAGTGGGQPQHF,TGCAGTGCGGGGACAGGGGGTGGTCAGCCCCAGCATTTT,1435,7,clonotype3020,clonotype3020_consensus_1
TACAGTGTCGACGGAA-1,True,TACAGTGTCGACGGAA-1_contig_2,True,535,TRA,TRAV14/DV4,None,TRAJ52,TRAC,True,True,CAMTKEKAGGTSYGKLTF,TGTGCAATGACCAAAGAGAAGGCTGGTGGTACTAGCTATGGAAAGCTGACATTT,726,7,clonotype3020,clonotype3020_consensus_2
TACCTATAGACCTAGG-1,True,TACCTATAGACCTAGG-1_contig_1,True,511,TRA,TRAV1-2,None,TRAJ17,TRAC,True,True,CAVRDRAAGNKLTF,TGTGCTGTGAGAGATAGAGCTGCAGGCAACAAGCTAACTTTT,244,2,clonotype3021,clonotype3021_consensus_2
TACCTATAGACCTAGG-1,True,TACCTATAGACCTAGG-1_contig_2,True,527,TRB,TRBV20-1,None,TRBJ2-7,TRBC2,True,True,CSALPPRTGLVGEQYF,TGCAGTGCCCTCCCCCCTCGGACAGGGTTAGTGGGCGAGCAGTACTTC,1539,12,clonotype3021,clonotype3021_consensus_1
TACCTATAGAGCAATT-1,True,TACCTATAGAGCAATT-1_contig_1,True,509,TRA,TRAV13-2,None,TRAJ21,TRAC,True,True,CAETSGDFNKFYF,TGTGCAGAGACTTCTGGGGACTTCAACAAATTTTACTTT,2796,9,clonotype3022,clonotype3022_consensus_2
TACCTATAGAGCAATT-1,True,TACCTATAGAGCAATT-1_contig_2,True,512,TRB,TRBV20-1,None,TRBJ2-7,TRBC2,True,True,CSVSPGDKQYF,TGCAGTGTTAGCCCCGGGGACAAGCAGTACTTC,2681,16,clonotype3022,clonotype3022_consensus_1
TACCTATAGAGCTATA-1,True,TACCTATAGAGCTATA-1_contig_1,True,613,TRA,TRAV8-6,None,TRAJ33,TRAC,True,True,CAVSDGRSGNYQLIW,TGTGCTGTGAGTGACGGGCGGAGCGGCAACTATCAGTTAATCTGG,158,1,clonotype3023,clonotype3023_consensus_1
TACCTATAGAGCTATA-1,True,TACCTATAGAGCTATA-1_contig_2,True,667,TRB,TRBV5-6,None,TRBJ2-1,TRBC2,True,True,CASSSPGTHLSGDEQFF,TGTGCCAGCAGCTCGCCAGGGACTCACCTAAGCGGCGATGAGCAGTTCTTC,1603,9,clonotype3023,clonotype3023_consensus_2
TACCTATAGAGCTATA-1,True,TACCTATAGAGCTATA-1_contig_3,True,512,TRB,TRBV20-1,None,TRBJ2-7,TRBC2,True,True,CSADRAYEQYF,TGCAGTGCGGACAGGGCGTACGAGCAGTACTTC,3765,11,clonotype3023,clonotype3023_consensus_3
TACCTATAGAGCTATA-1,True,TACCTATAGAGCTATA-1_contig_4,True,488,TRA,TRAV20,None,TRAJ49,TRAC,True,False,None,None,89,6,clonotype3023,None
TACCTATAGATCCCAT-1,True,TACCTATAGATCCCAT-1_contig_1,True,518,TRB,TRBV20-1,None,TRBJ2-7,TRBC2,True,True,CSAKLRGLYEQYF,TGCAGTGCTAAGCTCCGGGGGCTCTACGAGCAGTACTTC,1170,8,clonotype362,clonotype362_consensus_1
TACCTATAGATCCCAT-1,True,TACCTATAGATCCCAT-1_contig_2,True,571,TRA,TRAV19,None,TRAJ34,TRAC,True,True,CALSAVSSYNTDKLIF,TGTGCTCTGAGTGCGGTGTCATCTTATAACACCGACAAGCTCATCTTT,105,2,clonotype362,clonotype362_consensus_2
TACCTATAGCAAATCA-1,True,TACCTATAGCAAATCA-1_contig_1,True,574,TRA,TRAV8-1,None,TRAJ9,TRAC,True,True,CAVNSNTGGFKTIF,TGTGCCGTCAATTCAAATACTGGAGGCTTCAAAACTATCTTT,4733,7,clonotype3024,clonotype3024_consensus_3
TACCTATAGCAAATCA-1,True,TACCTATAGCAAATCA-1_contig_2,True,495,TRB,TRBV20-1,None,TRBJ2-2,TRBC2,True,True,CSARGWDRGTGELFF,TGCAGTGCTAGAGGGTGGGACAGGGGGACCGGGGAGCTGTTTTTT,2932,11,clonotype3024,clonotype3024_consensus_2
TACCTATAGCAAATCA-1,True,TACCTATAGCAAATCA-1_contig_3,True,580,TRA,TRAV12-1,None,TRAJ16,TRAC,True,True,CVVSPGGQKLLF,TGTGTGGTGAGTCCGGGGGGCCAGAAGCTGCTCTTT,10727,9,clonotype3024,clonotype3024_consensus_1
TACCTATAGCCAGAAC-1,True,TACCTATAGCCAGAAC-1_contig_1,True,685,TRA,TRAV8-3,None,TRAJ4,TRAC,True,True,CAVLLSGGYNKLIF,TGTGCTGTCTTGCTTTCTGGTGGCTACAATAAGCTGATTTTT,1878,6,clonotype3025,clonotype3025_consensus_3
TACCTATAGCCAGAAC-1,True,TACCTATAGCCAGAAC-1_contig_2,True,663,TRB,TRBV5-6,None,TRBJ2-7,TRBC2,True,True,CASSLAAFGGHYEQYF,TGTGCCAGCAGCTTGGCGGCCTTCGGGGGGCACTACGAGCAGTACTTC,544,3,clonotype3025,clonotype3025_consensus_2
TACCTATAGCCAGAAC-1,True,TACCTATAGCCAGAAC-1_contig_3,True,561,TRA,TRAV19,None,TRAJ20,TRAC,True,True,CATERTNDYKLSF,TGTGCCACCGAGAGGACTAACGACTACAAGCTCAGCTTT,798,3,clonotype3025,clonotype3025_consensus_1
TACCTATAGGAATCGC-1,True,TACCTATAGGAATCGC-1_contig_1,True,521,TRB,TRBV20-1,None,TRBJ2-1,TRBC2,True,True,CSAQRGGSYNEQFF,TGCAGTGCCCAACGGGGGGGCTCCTACAATGAGCAGTTCTTC,1045,7,clonotype3026,clonotype3026_consensus_2
TACCTATAGGAATCGC-1,True,TACCTATAGGAATCGC-1_contig_2,True,502,TRA,TRAV6,None,TRAJ27,TRAC,True,True,CALTMDAGKSTF,TGTGCTCTCACGATGGACGCAGGCAAATCAACCTTT,3032,2,clonotype3026,clonotype3026_consensus_1
TACCTATAGTGAATTG-1,True,TACCTATAGTGAATTG-1_contig_1,True,505,TRA,TRAV1-2,None,TRAJ33,TRAC,True,True,CAATDSNYQLIW,TGTGCTGCGACTGATAGCAACTATCAGTTAATCTGG,2907,5,clonotype1,clonotype1_consensus_2
TACCTATAGTGAATTG-1,True,TACCTATAGTGAATTG-1_contig_2,True,521,TRB,TRBV20-1,None,TRBJ2-1,TRBC2,True,True,CSARVGSEVNEQFF,TGCAGTGCTAGAGTGGGGTCGGAAGTCAATGAGCAGTTCTTC,937,9,clonotype1,clonotype1_consensus_1
TACCTATAGTTACGGG-1,True,TACCTATAGTTACGGG-1_contig_1,True,505,TRA,TRAV1-2,None,TRAJ33,TRAC,True,True,CAATDSNYQLIW,TGTGCTGCGACTGATAGCAACTATCAGTTAATCTGG,568,5,clonotype1,clonotype1_consensus_2
TACCTATAGTTACGGG-1,True,TACCTATAGTTACGGG-1_contig_2,True,518,TRB,TRBV20-1,None,TRBJ2-1,TRBC2,True,True,CSARVGSEVNEQFF,TGCAGTGCTAGAGTGGGGTCGGAAGTCAATGAGCAGTTCTTC,1117,12,clonotype1,clonotype1_consensus_1
TACCTATAGTTACGGG-1,True,TACCTATAGTTACGGG-1_contig_3,True,465,TRA,TRAV10,None,TRAJ24,TRAC,True,False,None,None,995,3,clonotype1,None
TACCTATCAGTTCATG-1,True,TACCTATCAGTTCATG-1_contig_1,True,505,TRA,TRAV1-2,None,TRAJ33,TRAC,True,True,CAATDSNYQLIW,TGTGCTGCGACTGATAGCAACTATCAGTTAATCTGG,296,2,clonotype1,clonotype1_consensus_2
TACCTATCAGTTCATG-1,True,TACCTATCAGTTCATG-1_contig_2,True,521,TRB,TRBV20-1,None,TRBJ2-1,TRBC2,True,True,CSARVGSEVNEQFF,TGCAGTGCTAGAGTGGGGTCGGAAGTCAATGAGCAGTTCTTC,3146,12,clonotype1,clonotype1_consensus_1
TACCTATCAGTTCATG-1,True,TACCTATCAGTTCATG-1_contig_3,True,459,TRA,TRAV10,None,TRAJ24,TRAC,True,False,None,None,102,2,clonotype1,None
TACCTATCATTATCTC-1,True,TACCTATCATTATCTC-1_contig_1,True,505,TRA,TRAV1-2,None,TRAJ33,TRAC,True,True,CAATDSNYQLIW,TGTGCTGCGACTGATAGCAACTATCAGTTAATCTGG,993,4,clonotype1,clonotype1_consensus_2
TACCTATCATTATCTC-1,True,TACCTATCATTATCTC-1_contig_2,True,521,TRB,TRBV20-1,None,TRBJ2-1,TRBC2,True,True,CSARVGSEVNEQFF,TGCAGTGCTAGAGTGGGGTCGGAAGTCAATGAGCAGTTCTTC,692,12,clonotype1,clonotype1_consensus_1
TACCTATCATTATCTC-1,True,TACCTATCATTATCTC-1_contig_3,True,451,TRA,TRAV10,None,TRAJ24,TRAC,True,False,None,None,1015,4,clonotype1,None
TACCTATGTAAGTGTA-1,True,TACCTATGTAAGTGTA-1_contig_1,True,505,TRA,TRAV1-2,None,TRAJ33,TRAC,True,True,CAATDSNYQLIW,TGTGCTGCGACTGATAGCAACTATCAGTTAATCTGG,1717,3,clonotype1,clonotype1_consensus_2
TACCTATGTAAGTGTA-1,True,TACCTATGTAAGTGTA-1_contig_2,True,521,TRB,TRBV20-1,None,TRBJ2-1,TRBC2,True,True,CSARVGSEVNEQFF,TGCAGTGCTAGAGTGGGGTCGGAAGTCAATGAGCAGTTCTTC,1750,10,clonotype1,clonotype1_consensus_1
TACCTATGTCGCGAAA-1,True,TACCTATGTCGCGAAA-1_contig_1,True,521,TRB,TRBV20-1,None,TRBJ1-5,TRBC1,True,True,CSARTGAPNQPQHF,TGCAGTGCAAGGACAGGAGCTCCCAATCAGCCCCAGCATTTT,2089,9,clonotype3027,clonotype3027_consensus_2
TACCTATGTCGCGAAA-1,True,TACCTATGTCGCGAAA-1_contig_2,True,483,TRA,TRAV21,None,TRAJ45,TRAC,True,True,CAVVRGGADGLTF,TGTGCTGTGGTGAGAGGAGGTGCTGACGGACTCACCTTT,472,4,clonotype3027,clonotype3027_consensus_1
TACCTATGTCGCGAAA-1,True,TACCTATGTCGCGAAA-1_contig_3,True,301,TRB,None,None,TRBJ2-3,TRBC2,False,False,None,None,411,5,clonotype3027,None
TACCTATGTCTAGTGT-1,True,TACCTATGTCTAGTGT-1_contig_1,True,505,TRA,TRAV1-2,None,TRAJ33,TRAC,True,True,CAATDSNYQLIW,TGTGCTGCGACTGATAGCAACTATCAGTTAATCTGG,484,3,clonotype1,clonotype1_consensus_2
TACCTATGTCTAGTGT-1,True,TACCTATGTCTAGTGT-1_contig_2,True,521,TRB,TRBV20-1,None,TRBJ2-1,TRBC2,True,True,CSARVGSEVNEQFF,TGCAGTGCTAGAGTGGGGTCGGAAGTCAATGAGCAGTTCTTC,2505,10,clonotype1,clonotype1_consensus_1
TACCTATGTTCGGCAC-1,True,TACCTATGTTCGGCAC-1_contig_1,True,521,TRB,TRBV20-1,None,TRBJ2-1,TRBC2,True,True,CSARVGSEVNEQFF,TGCAGTGCTAGAGTGGGGTCGGAAGTCAATGAGCAGTTCTTC,1233,6,clonotype2,clonotype2_consensus_1
TACCTATGTTCGGCAC-1,True,TACCTATGTTCGGCAC-1_contig_2,True,459,TRA,TRAV10,None,TRAJ24,TRAC,True,False,None,None,33,1,clonotype2,None
TACCTATTCCTCATTA-1,True,TACCTATTCCTCATTA-1_contig_1,True,521,TRB,TRBV20-1,None,TRBJ2-1,TRBC2,True,True,CSARVGSEVNEQFF,TGCAGTGCTAGAGTGGGGTCGGAAGTCAATGAGCAGTTCTTC,943,10,clonotype2,clonotype2_consensus_1
TACCTATTCTGTCTCG-1,True,TACCTATTCTGTCTCG-1_contig_1,True,489,TRB,TRBV20-1,None,TRBJ1-1,TRBC1,True,True,CSARVPGSMEAFF,TGCAGTGCTAGAGTACCAGGGAGCATGGAAGCTTTCTTT,3000,13,clonotype3028,clonotype3028_consensus_1
TACCTTAAGCCCAACC-1,True,TACCTTAAGCCCAACC-1_contig_1,True,493,TRA,TRAV1-1,None,TRAJ22,TRAC,True,True,CAVRSIGSARQLTF,TGCGCTGTGAGATCCATCGGTTCTGCAAGGCAACTGACCTTT,864,5,clonotype3029,clonotype3029_consensus_1
TACCTTAAGCCCAACC-1,True,TACCTTAAGCCCAACC-1_contig_2,True,680,TRB,TRBV5-6,None,TRBJ1-5,TRBC1,True,True,CASSRGEGVAVLSNQPQHF,TGTGCCAGCAGCCGGGGAGAAGGGGTAGCAGTGCTTAGCAATCAGCCCCAGCATTTT,82,2,clonotype3029,clonotype3029_consensus_2
TACCTTAAGTATGACA-1,True,TACCTTAAGTATGACA-1_contig_1,True,527,TRB,TRBV20-1,None,TRBJ1-6,TRBC1,True,True,CSAKGGVSSYNSPLHF,TGCAGTGCCAAAGGTGGGGTGAGCTCCTATAATTCACCCCTCCACTTT,7041,12,clonotype3030,clonotype3030_consensus_2
TACCTTAAGTATGACA-1,True,TACCTTAAGTATGACA-1_contig_2,True,659,TRA,TRAV8-6,None,TRAJ49,TRAC,True,True,CAVSAPTGNQFYF,TGTGCTGTGAGTGCCCCCACCGGTAACCAGTTCTATTTT,1128,5,clonotype3030,clonotype3030_consensus_1
TACCTTAAGTGCCAGA-1,True,TACCTTAAGTGCCAGA-1_contig_1,True,517,TRA,TRAV17,None,TRAJ23,TRAC,True,True,CVPNQGGKLIF,TGTGTCCCTAACCAGGGAGGAAAGCTTATCTTC,3055,3,clonotype3031,clonotype3031_consensus_1
TACCTTAAGTGCCAGA-1,True,TACCTTAAGTGCCAGA-1_contig_2,True,451,TRB,TRBV20-1,None,TRBJ1-3,TRBC1,True,False,CSAPGTGSFPLSGNTIYF,TGCAGTGCCCCCGGGACAGGTTCATTTCCTCTCTCTGGAAACACCATATATTTT,454,4,clonotype3031,None
TACCTTAAGTGCGATG-1,True,TACCTTAAGTGCGATG-1_contig_1,True,728,TRB,TRBV5-6,None,TRBJ2-5,TRBC2,True,True,CASSLERLAGGRGAQYF,TGTGCCAGCAGCTTGGAGCGGCTAGCGGGGGGAAGAGGGGCCCAGTACTTC,604,5,clonotype3032,clonotype3032_consensus_1
TACCTTAAGTGCGATG-1,True,TACCTTAAGTGCGATG-1_contig_2,True,541,TRA,TRAV8-1,None,TRAJ4,TRAC,True,False,CHPSSGGYNKLIF,TGCCATCCGTCGTCTGGTGGCTACAATAAGCTGATTTTT,64,3,clonotype3032,None
TACCTTACAGACTCGC-1,True,TACCTTACAGACTCGC-1_contig_1,True,524,TRB,TRBV20-1,None,TRBJ2-7,TRBC2,True,True,CSAKTLAGGPYEQYF,TGCAGTGCTAAGACTTTAGCGGGGGGACCCTACGAGCAGTACTTC,1343,8,clonotype3033,clonotype3033_consensus_2
TACCTTACAGACTCGC-1,True,TACCTTACAGACTCGC-1_contig_2,True,481,TRA,TRAV21,None,TRAJ12,TRAC,True,True,CAPRGDSSYKLIF,TGTGCTCCGAGAGGGGATAGCAGCTATAAATTGATCTTC,303,1,clonotype3033,clonotype3033_consensus_1
TACCTTACAGGGCATA-1,True,TACCTTACAGGGCATA-1_contig_1,True,536,TRB,TRBV20-1,None,TRBJ2-1,TRBC2,True,True,CSARGIKGASGGARNEQFF,TGCAGTGCCCGAGGGATAAAAGGAGCTAGCGGGGGGGCTAGAAATGAGCAGTTCTTC,1290,5,clonotype3034,clonotype3034_consensus_2
TACCTTACAGGGCATA-1,True,TACCTTACAGGGCATA-1_contig_2,True,514,TRA,TRAV20,None,TRAJ28,TRAC,True,True,CAVQARSGAGSYQLTF,TGTGCTGTGCAGGCCCGCTCTGGGGCTGGGAGTTACCAACTCACTTTC,238,3,clonotype3034,clonotype3034_consensus_1
TACCTTACAGGGTACA-1,True,TACCTTACAGGGTACA-1_contig_1,True,505,TRA,TRAV1-2,None,TRAJ33,TRAC,True,True,CAATDSNYQLIW,TGTGCTGCGACTGATAGCAACTATCAGTTAATCTGG,105,3,clonotype1,clonotype1_consensus_2
TACCTTACAGGGTACA-1,True,TACCTTACAGGGTACA-1_contig_2,True,521,TRB,TRBV20-1,None,TRBJ2-1,TRBC2,True,True,CSARVGSEVNEQFF,TGCAGTGCTAGAGTGGGGTCGGAAGTCAATGAGCAGTTCTTC,2065,10,clonotype1,clonotype1_consensus_1
TACCTTAGTCGACTGC-1,True,TACCTTAGTCGACTGC-1_contig_1,True,502,TRA,TRAV1-2,None,TRAJ33,TRAC,True,True,CAATDSNYQLIW,TGTGCTGCGACTGATAGCAACTATCAGTTAATCTGG,637,2,clonotype1,clonotype1_consensus_2
TACCTTAGTCGACTGC-1,True,TACCTTAGTCGACTGC-1_contig_2,True,521,TRB,TRBV20-1,None,TRBJ2-1,TRBC2,True,True,CSARVGSEVNEQFF,TGCAGTGCTAGAGTGGGGTCGGAAGTCAATGAGCAGTTCTTC,947,6,clonotype1,clonotype1_consensus_1
TACCTTAGTCGACTGC-1,True,TACCTTAGTCGACTGC-1_contig_3,True,467,TRA,TRAV10,None,TRAJ24,TRAC,True,False,None,None,3524,1,clonotype1,None
TACCTTAGTGCCTTGG-1,True,TACCTTAGTGCCTTGG-1_contig_1,True,505,TRA,TRAV1-2,None,TRAJ33,TRAC,True,True,CAATDSNYQLIW,TGTGCTGCGACTGATAGCAACTATCAGTTAATCTGG,325,3,clonotype1,clonotype1_consensus_2
TACCTTAGTGCCTTGG-1,True,TACCTTAGTGCCTTGG-1_contig_2,True,498,TRB,TRBV20-1,None,TRBJ2-1,TRBC2,True,True,CSARVGSEVNEQFF,TGCAGTGCTAGAGTGGGGTCGGAAGTCAATGAGCAGTTCTTC,1546,5,clonotype1,clonotype1_consensus_1
TACCTTAGTGCGATAG-1,True,TACCTTAGTGCGATAG-1_contig_1,True,493,TRA,TRAV1-2,None,TRAJ33,TRAC,True,True,CAATDSNYQLIW,TGTGCTGCGACTGATAGCAACTATCAGTTAATCTGG,165,4,clonotype1,clonotype1_consensus_2
TACCTTAGTGCGATAG-1,True,TACCTTAGTGCGATAG-1_contig_2,True,521,TRB,TRBV20-1,None,TRBJ2-1,TRBC2,True,True,CSARVGSEVNEQFF,TGCAGTGCTAGAGTGGGGTCGGAAGTCAATGAGCAGTTCTTC,1585,9,clonotype1,clonotype1_consensus_1
TACCTTAGTTCACCTC-1,True,TACCTTAGTTCACCTC-1_contig_1,True,498,TRB,TRBV20-1,None,TRBJ2-1,TRBC2,True,True,CSARVGSEVNEQFF,TGCAGTGCTAGAGTGGGGTCGGAAGTCAATGAGCAGTTCTTC,1682,5,clonotype2,clonotype2_consensus_1
TACCTTATCAAACGGG-1,True,TACCTTATCAAACGGG-1_contig_1,True,505,TRA,TRAV1-2,None,TRAJ33,TRAC,True,True,CAATDSNYQLIW,TGTGCTGCGACTGATAGCAACTATCAGTTAATCTGG,620,3,clonotype1,clonotype1_consensus_2
TACCTTATCAAACGGG-1,True,TACCTTATCAAACGGG-1_contig_2,True,473,TRB,TRBV20-1,None,TRBJ2-1,TRBC2,True,True,CSARVGSEVNEQFF,TGCAGTGCTAGAGTGGGGTCGGAAGTCAATGAGCAGTTCTTC,1780,10,clonotype1,clonotype1_consensus_1
TACCTTATCAAACGGG-1,True,TACCTTATCAAACGGG-1_contig_3,True,457,TRA,TRAV10,None,TRAJ24,TRAC,True,False,None,None,680,4,clonotype1,None
TACCTTATCAAACGGG-1,True,TACCTTATCAAACGGG-1_contig_4,True,314,TRB,None,None,TRBJ1-4,TRBC1,False,False,None,None,776,1,clonotype1,None
TACCTTATCATAAAGG-1,True,TACCTTATCATAAAGG-1_contig_1,True,505,TRA,TRAV1-2,None,TRAJ33,TRAC,True,True,CAATDSNYQLIW,TGTGCTGCGACTGATAGCAACTATCAGTTAATCTGG,495,2,clonotype1,clonotype1_consensus_2
TACCTTATCATAAAGG-1,True,TACCTTATCATAAAGG-1_contig_2,True,520,TRB,TRBV20-1,None,TRBJ2-1,TRBC2,True,True,CSARVGSEVNEQFF,TGCAGTGCTAGAGTGGGGTCGGAAGTCAATGAGCAGTTCTTC,1548,9,clonotype1,clonotype1_consensus_1
TACCTTATCATAAAGG-1,True,TACCTTATCATAAAGG-1_contig_3,True,459,TRA,TRAV10,None,TRAJ24,TRAC,True,False,None,None,237,1,clonotype1,None
TACCTTATCTCCGGTT-1,True,TACCTTATCTCCGGTT-1_contig_1,True,503,TRA,TRAV1-2,None,TRAJ33,TRAC,True,True,CAATDSNYQLIW,TGTGCTGCGACTGATAGCAACTATCAGTTAATCTGG,475,2,clonotype1,clonotype1_consensus_2
TACCTTATCTCCGGTT-1,True,TACCTTATCTCCGGTT-1_contig_2,True,521,TRB,TRBV20-1,None,TRBJ2-1,TRBC2,True,True,CSARVGSEVNEQFF,TGCAGTGCTAGAGTGGGGTCGGAAGTCAATGAGCAGTTCTTC,921,5,clonotype1,clonotype1_consensus_1
TACCTTATCTCCGGTT-1,True,TACCTTATCTCCGGTT-1_contig_3,True,482,TRA,TRAV10,None,TRAJ24,TRAC,True,False,None,None,1080,1,clonotype1,None
TACGGATAGACGCACA-1,True,TACGGATAGACGCACA-1_contig_1,True,505,TRA,TRAV1-2,None,TRAJ33,TRAC,True,True,CAATDSNYQLIW,TGTGCTGCGACTGATAGCAACTATCAGTTAATCTGG,456,4,clonotype1,clonotype1_consensus_2
TACGGATAGACGCACA-1,True,TACGGATAGACGCACA-1_contig_2,True,521,TRB,TRBV20-1,None,TRBJ2-1,TRBC2,True,True,CSARVGSEVNEQFF,TGCAGTGCTAGAGTGGGGTCGGAAGTCAATGAGCAGTTCTTC,2584,11,clonotype1,clonotype1_consensus_1
TACGGATAGAGACGAA-1,True,TACGGATAGAGACGAA-1_contig_1,True,521,TRB,TRBV20-1,None,TRBJ2-1,TRBC2,True,True,CSARVGSEVNEQFF,TGCAGTGCTAGAGTGGGGTCGGAAGTCAATGAGCAGTTCTTC,1557,6,clonotype2,clonotype2_consensus_1
TACGGATAGAGACGAA-1,True,TACGGATAGAGACGAA-1_contig_2,True,482,TRA,TRAV10,None,TRAJ24,TRAC,True,False,None,None,251,4,clonotype2,None
TACGGATAGATTACCC-1,True,TACGGATAGATTACCC-1_contig_1,True,479,TRB,TRBV20-1,None,TRBJ2-1,TRBC2,True,True,CSARVGSEVNEQFF,TGCAGTGCTAGAGTGGGGTCGGAAGTCAATGAGCAGTTCTTC,159,4,clonotype2,clonotype2_consensus_1
TACGGATAGCGTAATA-1,True,TACGGATAGCGTAATA-1_contig_1,True,503,TRA,TRAV1-2,None,TRAJ33,TRAC,True,True,CAATDSNYQLIW,TGTGCTGCGACTGATAGCAACTATCAGTTAATCTGG,359,2,clonotype1,clonotype1_consensus_2
TACGGATAGCGTAATA-1,True,TACGGATAGCGTAATA-1_contig_2,True,498,TRB,TRBV20-1,None,TRBJ2-1,TRBC2,True,True,CSARVGSEVNEQFF,TGCAGTGCTAGAGTGGGGTCGGAAGTCAATGAGCAGTTCTTC,2049,10,clonotype1,clonotype1_consensus_1
TACGGATAGCTAAGAT-1,True,TACGGATAGCTAAGAT-1_contig_1,True,487,TRA,TRAV1-2,None,TRAJ33,TRAC,True,True,CAATDSNYQLIW,TGTGCTGCGACTGATAGCAACTATCAGTTAATCTGG,447,3,clonotype1,clonotype1_consensus_2
TACGGATAGCTAAGAT-1,True,TACGGATAGCTAAGAT-1_contig_2,True,521,TRB,TRBV20-1,None,TRBJ2-1,TRBC2,True,True,CSARVGSEVNEQFF,TGCAGTGCTAGAGTGGGGTCGGAAGTCAATGAGCAGTTCTTC,129,5,clonotype1,clonotype1_consensus_1
TACGGATAGCTAAGAT-1,True,TACGGATAGCTAAGAT-1_contig_3,True,465,TRA,TRAV10,None,TRAJ24,TRAC,True,False,None,None,291,2,clonotype1,None
TACGGATAGTTAGCGG-1,True,TACGGATAGTTAGCGG-1_contig_1,True,498,TRB,TRBV20-1,None,TRBJ2-1,TRBC2,True,True,CSARVGSEVNEQFF,TGCAGTGCTAGAGTGGGGTCGGAAGTCAATGAGCAGTTCTTC,2129,11,clonotype2,clonotype2_consensus_1
TACGGATCAAGTACCT-1,True,TACGGATCAAGTACCT-1_contig_1,True,521,TRB,TRBV20-1,None,TRBJ2-1,TRBC2,True,True,CSARVGSEVNEQFF,TGCAGTGCTAGAGTGGGGTCGGAAGTCAATGAGCAGTTCTTC,2829,13,clonotype2,clonotype2_consensus_1
TACGGATCAAGTACCT-1,True,TACGGATCAAGTACCT-1_contig_2,True,465,TRA,TRAV10,None,TRAJ24,TRAC,True,False,None,None,1126,6,clonotype2,None
TACGGATCAGATGAGC-1,True,TACGGATCAGATGAGC-1_contig_1,True,657,TRB,TRBV5-6,None,TRBJ1-1,TRBC1,True,True,CASRRGNTEAFF,TGTGCCAGCAGGCGGGGCAACACTGAAGCTTTCTTT,1026,6,clonotype3035,clonotype3035_consensus_1
TACGGATCAGATGAGC-1,True,TACGGATCAGATGAGC-1_contig_2,True,566,TRA,TRAV26-1,None,TRAJ48,TRAC,True,True,CIVRPRISNFGNEKLTF,TGCATCGTCAGACCACGTATATCTAACTTTGGAAATGAGAAATTAACCTTT,518,4,clonotype3035,clonotype3035_consensus_2
TACGGATCAGATGAGC-1,True,TACGGATCAGATGAGC-1_contig_3,True,305,TRB,None,None,TRBJ2-2,TRBC2,False,False,None,None,358,3,clonotype3035,None
TACGGATCATGTCCTC-1,True,TACGGATCATGTCCTC-1_contig_1,True,505,TRA,TRAV1-2,None,TRAJ33,TRAC,True,True,CAATDSNYQLIW,TGTGCTGCGACTGATAGCAACTATCAGTTAATCTGG,1318,3,clonotype1,clonotype1_consensus_2
TACGGATCATGTCCTC-1,True,TACGGATCATGTCCTC-1_contig_2,True,498,TRB,TRBV20-1,None,TRBJ2-1,TRBC2,True,True,CSARVGSEVNEQFF,TGCAGTGCTAGAGTGGGGTCGGAAGTCAATGAGCAGTTCTTC,2960,12,clonotype1,clonotype1_consensus_1
TACGGATCATTCCTGC-1,True,TACGGATCATTCCTGC-1_contig_1,True,668,TRB,TRBV5-5,None,TRBJ1-4,TRBC1,True,True,CASSHPGPNYATNEKLFF,TGTGCCAGCAGCCATCCCGGACCGAACTACGCAACTAATGAAAAACTGTTTTTT,2654,8,clonotype39,clonotype39_consensus_1
TACGGATCATTCCTGC-1,True,TACGGATCATTCCTGC-1_contig_2,True,505,TRA,TRAV1-2,None,TRAJ33,TRAC,True,True,CAATDSNYQLIW,TGTGCTGCGACTGATAGCAACTATCAGTTAATCTGG,914,6,clonotype39,clonotype39_consensus_3
TACGGATCATTCCTGC-1,True,TACGGATCATTCCTGC-1_contig_3,True,521,TRB,TRBV20-1,None,TRBJ2-1,TRBC2,True,True,CSARVGSEVNEQFF,TGCAGTGCTAGAGTGGGGTCGGAAGTCAATGAGCAGTTCTTC,921,5,clonotype39,clonotype39_consensus_2
TACGGATCATTCCTGC-1,True,TACGGATCATTCCTGC-1_contig_4,True,424,TRB,TRBV7-3,None,TRBJ2-1,TRBC2,True,False,CQQRSLKAGGPYNEQFF,TGCCAGCAGCGGTCACTTAAAGCGGGGGGACCCTACAATGAGCAGTTCTTC,269,3,clonotype39,None
TACGGATGTAAGAGGA-1,True,TACGGATGTAAGAGGA-1_contig_1,True,670,TRA,TRAV8-2,None,TRAJ31,TRAC,True,True,CVVSDRGNNNARLMF,TGTGTTGTGAGTGATCGGGGGAATAACAATGCCAGACTCATGTTT,474,4,clonotype3036,clonotype3036_consensus_2
TACGGATGTAAGAGGA-1,True,TACGGATGTAAGAGGA-1_contig_2,True,501,TRB,TRBV20-1,None,TRBJ2-7,TRBC2,True,True,CSARDRRTSAYEQYF,TGCAGTGCTAGAGATCGAAGGACATCAGCCTACGAGCAGTACTTC,2794,10,clonotype3036,clonotype3036_consensus_1
TACGGATGTACCCAAT-1,True,TACGGATGTACCCAAT-1_contig_1,True,505,TRA,TRAV1-2,None,TRAJ33,TRAC,True,True,CAATDSNYQLIW,TGTGCTGCGACTGATAGCAACTATCAGTTAATCTGG,126,1,clonotype1,clonotype1_consensus_2
TACGGATGTACCCAAT-1,True,TACGGATGTACCCAAT-1_contig_2,True,521,TRB,TRBV20-1,None,TRBJ2-1,TRBC2,True,True,CSARVGSEVNEQFF,TGCAGTGCTAGAGTGGGGTCGGAAGTCAATGAGCAGTTCTTC,1597,8,clonotype1,clonotype1_consensus_1
TACGGATGTACCCAAT-1,True,TACGGATGTACCCAAT-1_contig_3,True,469,TRA,TRAV10,None,TRAJ24,TRAC,True,False,None,None,301,1,clonotype1,None
TACGGATGTACTCGCG-1,True,TACGGATGTACTCGCG-1_contig_1,True,505,TRA,TRAV1-2,None,TRAJ33,TRAC,True,True,CAATDSNYQLIW,TGTGCTGCGACTGATAGCAACTATCAGTTAATCTGG,470,3,clonotype1,clonotype1_consensus_2
TACGGATGTACTCGCG-1,True,TACGGATGTACTCGCG-1_contig_2,True,521,TRB,TRBV20-1,None,TRBJ2-1,TRBC2,True,True,CSARVGSEVNEQFF,TGCAGTGCTAGAGTGGGGTCGGAAGTCAATGAGCAGTTCTTC,2851,14,clonotype1,clonotype1_consensus_1
TACGGATGTGAAAGAG-1,True,TACGGATGTGAAAGAG-1_contig_1,True,498,TRB,TRBV20-1,None,TRBJ2-1,TRBC2,True,True,CSARVGSEVNEQFF,TGCAGTGCTAGAGTGGGGTCGGAAGTCAATGAGCAGTTCTTC,1671,14,clonotype2,clonotype2_consensus_1
TACGGATGTGTTCGAT-1,True,TACGGATGTGTTCGAT-1_contig_1,True,467,TRB,TRBV20-1,None,TRBJ1-1,TRBC1,True,True,CSAREANTEAFF,TGCAGTGCTAGAGAGGCTAACACTGAAGCTTTCTTT,2304,11,clonotype152,clonotype152_consensus_2
TACGGATGTGTTCGAT-1,True,TACGGATGTGTTCGAT-1_contig_2,True,517,TRA,TRAV17,None,TRAJ58,TRAC,True,True,CASSRLTF,TGTGCTAGCTCTAGGTTGACCTTT,170,4,clonotype152,clonotype152_consensus_1
TACGGATGTGTTTGGT-1,True,TACGGATGTGTTTGGT-1_contig_1,True,515,TRB,TRBV5-5,None,TRBJ1-4,TRBC1,True,True,CASSHPGPNYATNEKLFF,TGTGCCAGCAGCCATCCCGGACCGAACTACGCAACTAATGAAAAACTGTTTTTT,559,2,clonotype4,clonotype4_consensus_1
TACGGATGTGTTTGGT-1,True,TACGGATGTGTTTGGT-1_contig_2,True,513,TRB,TRBV7-3,None,TRBJ2-1,TRBC2,True,False,CQQRSLKAGGPYNEQFF,TGCCAGCAGCGGTCACTTAAAGCGGGGGGACCCTACAATGAGCAGTTCTTC,60,1,clonotype4,None
TACGGATGTGTTTGGT-1,True,TACGGATGTGTTTGGT-1_contig_3,True,516,TRB,None,None,TRBJ2-5,TRBC2,False,False,None,None,725,1,clonotype4,None
TACGGATGTTACGACT-1,True,TACGGATGTTACGACT-1_contig_1,True,539,TRA,TRAV26-1,None,TRAJ27,TRAC,True,True,CIVRTNAGKSTF,TGCATCGTCAGGACCAATGCAGGCAAATCAACCTTT,493,4,clonotype254,clonotype254_consensus_2
TACGGATGTTACGACT-1,True,TACGGATGTTACGACT-1_contig_2,True,527,TRB,TRBV20-1,None,TRBJ1-4,TRBC1,True,True,CSARNREVSTNEKLFF,TGCAGTGCTAGAAACAGGGAGGTTTCAACTAATGAAAAACTGTTTTTT,2971,13,clonotype254,clonotype254_consensus_1
TACGGATGTTGACGTT-1,True,TACGGATGTTGACGTT-1_contig_1,True,665,TRA,TRAV8-6,None,TRAJ9,TRAC,True,True,CAVTRRDTGGFKTIF,TGTGCTGTGACCAGGAGGGATACTGGAGGCTTCAAAACTATCTTT,989,6,clonotype3037,clonotype3037_consensus_2
TACGGATGTTGACGTT-1,True,TACGGATGTTGACGTT-1_contig_2,True,524,TRB,TRBV20-1,None,TRBJ2-5,TRBC2,True,True,CSARDPGGAGETQYF,TGCAGTGCTAGAGATCCCGGGGGGGCTGGGGAGACCCAGTACTTC,1330,12,clonotype3037,clonotype3037_consensus_1
TACGGATTCATCATTC-1,True,TACGGATTCATCATTC-1_contig_1,True,510,TRB,TRBV20-1,None,TRBJ1-1,TRBC1,True,True,CSASKYQEGSYMNTEAFF,TGCAGTGCTAGTAAGTATCAAGAGGGGTCCTACATGAACACTGAAGCTTTCTTT,657,9,clonotype40,clonotype40_consensus_2
TACGGATTCATCATTC-1,True,TACGGATTCATCATTC-1_contig_2,True,563,TRA,TRAV22,None,TRAJ17,TRAC,True,True,CAVWKAAGNKLTF,TGTGCTGTGTGGAAAGCTGCAGGCAACAAGCTAACTTTT,1287,3,clonotype40,clonotype40_consensus_1
TACGGATTCCGGCACA-1,True,TACGGATTCCGGCACA-1_contig_1,True,515,TRB,TRBV20-1,None,TRBJ1-5,TRBC1,True,True,CSARTVNQPQHF,TGCAGTGCTAGAACTGTTAATCAGCCCCAGCATTTT,2220,10,clonotype3038,clonotype3038_consensus_2
TACGGATTCCGGCACA-1,True,TACGGATTCCGGCACA-1_contig_2,True,538,TRA,TRAV12-1,None,TRAJ49,TRAC,True,True,CVVNSNGNQFYF,TGTGTGGTGAACTCAAACGGTAACCAGTTCTATTTT,990,2,clonotype3038,clonotype3038_consensus_1
TACGGATTCCGGCACA-1,True,TACGGATTCCGGCACA-1_contig_3,True,375,TRB,None,None,TRBJ2-1,TRBC2,False,False,None,None,779,2,clonotype3038,None
TACGGATTCTCAACTT-1,True,TACGGATTCTCAACTT-1_contig_1,True,504,TRA,TRAV1-2,None,TRAJ33,TRAC,True,True,CAATDSNYQLIW,TGTGCTGCGACTGATAGCAACTATCAGTTAATCTGG,397,3,clonotype1,clonotype1_consensus_2
TACGGATTCTCAACTT-1,True,TACGGATTCTCAACTT-1_contig_2,True,521,TRB,TRBV20-1,None,TRBJ2-1,TRBC2,True,True,CSARVGSEVNEQFF,TGCAGTGCTAGAGTGGGGTCGGAAGTCAATGAGCAGTTCTTC,1890,12,clonotype1,clonotype1_consensus_1
TACGGGCAGGCCCGTT-1,True,TACGGGCAGGCCCGTT-1_contig_1,True,521,TRB,TRBV20-1,None,TRBJ2-1,TRBC2,True,True,CSARVGSEVNEQFF,TGCAGTGCTAGAGTGGGGTCGGAAGTCAATGAGCAGTTCTTC,2012,7,clonotype2,clonotype2_consensus_1
TACGGGCAGGCCCGTT-1,True,TACGGGCAGGCCCGTT-1_contig_2,True,440,TRA,TRAV10,None,TRAJ24,TRAC,True,False,None,None,564,1,clonotype2,None
TACGGGCAGGGAGTAA-1,True,TACGGGCAGGGAGTAA-1_contig_1,True,493,TRA,TRAV1-2,None,TRAJ33,TRAC,True,True,CAATDSNYQLIW,TGTGCTGCGACTGATAGCAACTATCAGTTAATCTGG,421,3,clonotype1,clonotype1_consensus_2
TACGGGCAGGGAGTAA-1,True,TACGGGCAGGGAGTAA-1_contig_2,True,521,TRB,TRBV20-1,None,TRBJ2-1,TRBC2,True,True,CSARVGSEVNEQFF,TGCAGTGCTAGAGTGGGGTCGGAAGTCAATGAGCAGTTCTTC,2070,16,clonotype1,clonotype1_consensus_1
TACGGGCAGGTTACCT-1,True,TACGGGCAGGTTACCT-1_contig_1,True,663,TRB,TRBV5-6,None,TRBJ2-7,TRBC2,True,True,CASSLVGTSGSYEQYF,TGTGCCAGCAGCTTGGTGGGGACTAGCGGGTCCTACGAGCAGTACTTC,3661,8,clonotype3039,clonotype3039_consensus_1
TACGGGCAGGTTACCT-1,True,TACGGGCAGGTTACCT-1_contig_2,True,639,TRB,TRBV23-1,None,TRBJ1-4,TRBC1,True,False,CASSQSYRAKQTPYILER,TGCGCCAGCAGTCAATCGTACAGGGCAAAGCAAACACCATATATTTTGGAGAGG,163,4,clonotype3039,None
TACGGGCAGTCGTACT-1,True,TACGGGCAGTCGTACT-1_contig_1,True,476,TRB,TRBV10-3,None,TRBJ1-6,TRBC1,True,True,CAISATSSYNSPLHF,TGTGCCATCAGTGCTACGAGCTCCTATAATTCACCCCTCCACTTT,3002,12,clonotype3040,clonotype3040_consensus_2
TACGGGCAGTCGTACT-1,True,TACGGGCAGTCGTACT-1_contig_2,True,533,TRA,TRAV27,None,TRAJ52,TRAC,True,True,CAGVPGGTSYGKLTF,TGTGCAGGAGTACCTGGTGGTACTAGCTATGGAAAGCTGACATTT,868,9,clonotype3040,clonotype3040_consensus_1
TACGGGCAGTTGCAGG-1,True,TACGGGCAGTTGCAGG-1_contig_1,True,505,TRA,TRAV1-2,None,TRAJ33,TRAC,True,True,CAATDSNYQLIW,TGTGCTGCGACTGATAGCAACTATCAGTTAATCTGG,66,2,clonotype1,clonotype1_consensus_2
TACGGGCAGTTGCAGG-1,True,TACGGGCAGTTGCAGG-1_contig_2,True,498,TRB,TRBV20-1,None,TRBJ2-1,TRBC2,True,True,CSARVGSEVNEQFF,TGCAGTGCTAGAGTGGGGTCGGAAGTCAATGAGCAGTTCTTC,606,10,clonotype1,clonotype1_consensus_1
TACGGGCAGTTGCAGG-1,True,TACGGGCAGTTGCAGG-1_contig_3,True,465,TRA,TRAV10,None,TRAJ24,TRAC,True,False,None,None,908,3,clonotype1,None
TACGGGCCAAGCCGTC-1,True,TACGGGCCAAGCCGTC-1_contig_1,True,505,TRA,TRAV1-2,None,TRAJ33,TRAC,True,True,CAATDSNYQLIW,TGTGCTGCGACTGATAGCAACTATCAGTTAATCTGG,691,3,clonotype1,clonotype1_consensus_2
TACGGGCCAAGCCGTC-1,True,TACGGGCCAAGCCGTC-1_contig_2,True,521,TRB,TRBV20-1,None,TRBJ2-1,TRBC2,True,True,CSARVGSEVNEQFF,TGCAGTGCTAGAGTGGGGTCGGAAGTCAATGAGCAGTTCTTC,1078,10,clonotype1,clonotype1_consensus_1
TACGGGCCAGACAGGT-1,True,TACGGGCCAGACAGGT-1_contig_1,True,505,TRA,TRAV1-2,None,TRAJ33,TRAC,True,True,CAATDSNYQLIW,TGTGCTGCGACTGATAGCAACTATCAGTTAATCTGG,1145,8,clonotype1,clonotype1_consensus_2
TACGGGCCAGACAGGT-1,True,TACGGGCCAGACAGGT-1_contig_2,True,521,TRB,TRBV20-1,None,TRBJ2-1,TRBC2,True,True,CSARVGSEVNEQFF,TGCAGTGCTAGAGTGGGGTCGGAAGTCAATGAGCAGTTCTTC,1590,7,clonotype1,clonotype1_consensus_1
TACGGGCCATGGGAAC-1,True,TACGGGCCATGGGAAC-1_contig_1,True,505,TRA,TRAV1-2,None,TRAJ33,TRAC,True,True,CAATDSNYQLIW,TGTGCTGCGACTGATAGCAACTATCAGTTAATCTGG,689,6,clonotype1,clonotype1_consensus_2
TACGGGCCATGGGAAC-1,True,TACGGGCCATGGGAAC-1_contig_2,True,514,TRB,TRBV20-1,None,TRBJ2-1,TRBC2,True,True,CSARVGSEVNEQFF,TGCAGTGCTAGAGTGGGGTCGGAAGTCAATGAGCAGTTCTTC,1307,7,clonotype1,clonotype1_consensus_1
TACGGGCGTAGAGCTG-1,True,TACGGGCGTAGAGCTG-1_contig_1,True,473,TRB,TRBV20-1,None,TRBJ1-5,TRBC1,True,True,CSARPRESNQPQHF,TGCAGTGCTAGACCCCGGGAAAGCAATCAGCCCCAGCATTTT,2668,11,clonotype3041,clonotype3041_consensus_2
TACGGGCGTAGAGCTG-1,True,TACGGGCGTAGAGCTG-1_contig_2,True,568,TRA,TRAV19,None,TRAJ9,TRAC,True,True,CALRGPGTGGFKTIF,TGTGCTCTGAGGGGACCAGGTACTGGAGGCTTCAAAACTATCTTT,1216,6,clonotype3041,clonotype3041_consensus_1
TACGGGCGTAGAGCTG-1,True,TACGGGCGTAGAGCTG-1_contig_3,True,378,TRB,None,None,TRBJ2-3,TRBC2,False,False,None,None,312,1,clonotype3041,None
TACGGGCGTAGGAGTC-1,True,TACGGGCGTAGGAGTC-1_contig_1,True,492,TRB,TRBV20-1,None,TRBJ2-1,TRBC2,True,True,CSARVGSEVNEQFF,TGCAGTGCTAGAGTGGGGTCGGAAGTCAATGAGCAGTTCTTC,1608,10,clonotype2,clonotype2_consensus_1
TACGGGCGTAGGAGTC-1,True,TACGGGCGTAGGAGTC-1_contig_2,True,456,TRA,TRAV10,None,TRAJ24,TRAC,True,False,None,None,159,2,clonotype2,None
TACGGGCGTCACTTCC-1,True,TACGGGCGTCACTTCC-1_contig_1,True,527,TRB,TRBV20-1,None,TRBJ1-1,TRBC1,True,True,CSAIPGQGRMNTEAFF,TGCAGTGCTATTCCGGGACAGGGGAGAATGAACACTGAAGCTTTCTTT,1276,6,clonotype125,clonotype125_consensus_2
TACGGGCGTCACTTCC-1,True,TACGGGCGTCACTTCC-1_contig_2,True,574,TRA,TRAV19,None,TRAJ28,TRAC,True,True,CALRREYSGAGSYQLTF,TGTGCTCTGAGGAGGGAGTACTCTGGGGCTGGGAGTTACCAACTCACTTTC,691,5,clonotype125,clonotype125_consensus_1
TACGGGCGTCGGATCC-1,True,TACGGGCGTCGGATCC-1_contig_1,True,518,TRB,TRBV20-1,None,TRBJ2-5,TRBC2,True,True,CSATGPSQETQYF,TGCAGTGCTACCGGACCTAGCCAAGAGACCCAGTACTTC,253,3,clonotype3042,clonotype3042_consensus_1
TACGGGCGTCGGGTCT-1,True,TACGGGCGTCGGGTCT-1_contig_1,True,485,TRB,TRBV20-1,None,TRBJ2-1,TRBC2,True,True,CSARVGSEVNEQFF,TGCAGTGCTAGAGTGGGGTCGGAAGTCAATGAGCAGTTCTTC,1033,3,clonotype2,clonotype2_consensus_1
TACGGGCGTCGGGTCT-1,True,TACGGGCGTCGGGTCT-1_contig_2,True,459,TRA,TRAV10,None,TRAJ24,TRAC,True,False,None,None,90,3,clonotype2,None
TACGGGCGTCGTGGCT-1,True,TACGGGCGTCGTGGCT-1_contig_1,True,505,TRA,TRAV1-2,None,TRAJ33,TRAC,True,True,CAATDSNYQLIW,TGTGCTGCGACTGATAGCAACTATCAGTTAATCTGG,68,2,clonotype1,clonotype1_consensus_2
TACGGGCGTCGTGGCT-1,True,TACGGGCGTCGTGGCT-1_contig_2,True,498,TRB,TRBV20-1,None,TRBJ2-1,TRBC2,True,True,CSARVGSEVNEQFF,TGCAGTGCTAGAGTGGGGTCGGAAGTCAATGAGCAGTTCTTC,334,3,clonotype1,clonotype1_consensus_1
TACGGGCGTGCCTGGT-1,True,TACGGGCGTGCCTGGT-1_contig_1,True,521,TRB,TRBV20-1,None,TRBJ2-1,TRBC2,True,True,CSARVGSEVNEQFF,TGCAGTGCTAGAGTGGGGTCGGAAGTCAATGAGCAGTTCTTC,619,3,clonotype2,clonotype2_consensus_1
TACGGGCGTGTGACCC-1,True,TACGGGCGTGTGACCC-1_contig_1,True,505,TRA,TRAV1-2,None,TRAJ33,TRAC,True,True,CAATDSNYQLIW,TGTGCTGCGACTGATAGCAACTATCAGTTAATCTGG,100,1,clonotype1,clonotype1_consensus_2
TACGGGCGTGTGACCC-1,True,TACGGGCGTGTGACCC-1_contig_2,True,521,TRB,TRBV20-1,None,TRBJ2-1,TRBC2,True,True,CSARVGSEVNEQFF,TGCAGTGCTAGAGTGGGGTCGGAAGTCAATGAGCAGTTCTTC,1777,7,clonotype1,clonotype1_consensus_1
TACGGGCGTGTGACCC-1,True,TACGGGCGTGTGACCC-1_contig_3,True,465,TRA,TRAV10,None,TRAJ24,TRAC,True,False,None,None,1410,3,clonotype1,None
TACGGGCGTTCTGAAC-1,True,TACGGGCGTTCTGAAC-1_contig_1,True,518,TRB,TRBV20-1,None,TRBJ2-1,TRBC2,True,True,CSARAPGNNEQFF,TGCAGTGCTAGAGCTCCGGGTAACAATGAGCAGTTCTTC,2044,12,clonotype3043,clonotype3043_consensus_2
TACGGGCGTTCTGAAC-1,True,TACGGGCGTTCTGAAC-1_contig_2,True,508,TRA,TRAV2,None,TRAJ30,TRAC,True,True,CAVDRNDKIIF,TGTGCTGTGGATCGTAATGACAAGATCATCTTT,6514,4,clonotype3043,clonotype3043_consensus_1
TACGGGCGTTCTGAAC-1,True,TACGGGCGTTCTGAAC-1_contig_3,True,324,TRB,None,None,TRBJ1-3,TRBC1,False,False,None,None,664,1,clonotype3043,None
TACGGGCGTTTACTCT-1,True,TACGGGCGTTTACTCT-1_contig_1,True,521,TRB,TRBV20-1,None,TRBJ2-1,TRBC2,True,True,CSARVGSEVNEQFF,TGCAGTGCTAGAGTGGGGTCGGAAGTCAATGAGCAGTTCTTC,1003,8,clonotype2,clonotype2_consensus_1
TACGGGCGTTTACTCT-1,True,TACGGGCGTTTACTCT-1_contig_2,True,465,TRA,TRAV10,None,TRAJ24,TRAC,True,False,None,None,349,2,clonotype2,None
TACGGGCTCAGCACAT-1,True,TACGGGCTCAGCACAT-1_contig_1,True,512,TRB,TRBV5-5,None,TRBJ1-4,TRBC1,True,True,CASSHPGPNYATNEKLFF,TGTGCCAGCAGCCATCCCGGACCGAACTACGCAACTAATGAAAAACTGTTTTTT,387,3,clonotype4,clonotype4_consensus_1
TACGGGCTCAGCACAT-1,True,TACGGGCTCAGCACAT-1_contig_2,True,300,TRB,TRBV20-1,None,TRBJ1-2,TRBC1,True,False,CSARDQTGVNYGYTF,TGCAGTGCTAGAGACCAGACAGGGGTTAACTATGGCTACACCTTC,1346,13,clonotype4,None
TACGGGCTCGCGGATC-1,True,TACGGGCTCGCGGATC-1_contig_1,True,505,TRA,TRAV1-2,None,TRAJ33,TRAC,True,True,CAATDSNYQLIW,TGTGCTGCGACTGATAGCAACTATCAGTTAATCTGG,365,2,clonotype1,clonotype1_consensus_2
TACGGGCTCGCGGATC-1,True,TACGGGCTCGCGGATC-1_contig_2,True,498,TRB,TRBV20-1,None,TRBJ2-1,TRBC2,True,True,CSARVGSEVNEQFF,TGCAGTGCTAGAGTGGGGTCGGAAGTCAATGAGCAGTTCTTC,518,5,clonotype1,clonotype1_consensus_1
TACGGGCTCGCGGATC-1,True,TACGGGCTCGCGGATC-1_contig_3,True,482,TRA,TRAV10,None,TRAJ24,TRAC,True,False,None,None,1589,8,clonotype1,None
TACGGGCTCTCCGGTT-1,True,TACGGGCTCTCCGGTT-1_contig_1,True,545,TRA,TRAV26-1,None,TRAJ13,TRAC,True,True,CIVRSRPYSGGYQKVTF,TGCATCGTCAGATCCCGACCTTATTCTGGGGGTTACCAGAAAGTTACCTTT,570,4,clonotype3044,clonotype3044_consensus_2
TACGGGCTCTCCGGTT-1,True,TACGGGCTCTCCGGTT-1_contig_2,True,572,TRA,TRAV12-1,None,TRAJ29,TRAC,True,True,CVGVSGNTPLVF,TGTGTGGGGGTTTCAGGAAACACACCTCTTGTCTTT,990,7,clonotype3044,clonotype3044_consensus_1
TACGGGCTCTCCGGTT-1,True,TACGGGCTCTCCGGTT-1_contig_3,True,379,TRB,None,None,TRBJ1-1,TRBC1,False,False,None,None,1388,5,clonotype3044,None
TACGGGCTCTGCTGCT-1,True,TACGGGCTCTGCTGCT-1_contig_1,True,502,TRA,TRAV1-2,None,TRAJ30,TRAC,True,True,CAVRDLREIIF,TGTGCTGTGAGAGATCTTCGGGAGATCATCTTT,369,3,clonotype3,clonotype3_consensus_2
TACGGGCTCTGCTGCT-1,True,TACGGGCTCTGCTGCT-1_contig_2,True,523,TRB,TRBV5-5,None,TRBJ1-4,TRBC1,True,True,CASSHPGPNYATNEKLFF,TGTGCCAGCAGCCATCCCGGACCGAACTACGCAACTAATGAAAAACTGTTTTTT,542,2,clonotype3,clonotype3_consensus_1
TACGGGCTCTGCTGCT-1,True,TACGGGCTCTGCTGCT-1_contig_3,True,435,TRB,None,None,TRBJ1-5,TRBC1,False,False,None,None,464,1,clonotype3,None
TACGGGCTCTGCTGCT-1,True,TACGGGCTCTGCTGCT-1_contig_4,True,448,TRB,TRBV7-3,None,TRBJ2-1,None,True,False,CQQRSLKAGGPYNEQFF,TGCCAGCAGCGGTCACTTAAAGCGGGGGGACCCTACAATGAGCAGTTCTTC,498,1,clonotype3,None
TACGGGCTCTTGACGA-1,True,TACGGGCTCTTGACGA-1_contig_1,True,502,TRA,TRAV1-2,None,TRAJ30,TRAC,True,True,CAVRDLREIIF,TGTGCTGTGAGAGATCTTCGGGAGATCATCTTT,292,22,clonotype3,clonotype3_consensus_2
TACGGGCTCTTGACGA-1,True,TACGGGCTCTTGACGA-1_contig_2,True,520,TRB,TRBV5-5,None,TRBJ1-4,TRBC1,True,True,CASSHPGPNYATNEKLFF,TGTGCCAGCAGCCATCCCGGACCGAACTACGCAACTAATGAAAAACTGTTTTTT,2452,32,clonotype3,clonotype3_consensus_1
TACGGTAAGAAGGTGA-1,True,TACGGTAAGAAGGTGA-1_contig_1,True,500,TRA,TRAV25,None,TRAJ49,TRAC,True,True,CAGPRGNQFYF,TGTGCAGGGCCGAGGGGTAACCAGTTCTATTTT,311,2,clonotype3045,clonotype3045_consensus_2
TACGGTAAGAAGGTGA-1,True,TACGGTAAGAAGGTGA-1_contig_2,True,498,TRB,TRBV20-1,None,TRBJ1-1,TRBC1,True,True,CSAQVRRLNTEAFF,TGCAGTGCTCAGGTCAGGAGATTAAACACTGAAGCTTTCTTT,1830,7,clonotype3045,clonotype3045_consensus_1
TACGGTAAGATATACG-1,True,TACGGTAAGATATACG-1_contig_1,True,487,TRA,TRAV1-2,None,TRAJ33,TRAC,True,True,CAATDSNYQLIW,TGTGCTGCGACTGATAGCAACTATCAGTTAATCTGG,365,3,clonotype1,clonotype1_consensus_2
TACGGTAAGATATACG-1,True,TACGGTAAGATATACG-1_contig_2,True,521,TRB,TRBV20-1,None,TRBJ2-1,TRBC2,True,True,CSARVGSEVNEQFF,TGCAGTGCTAGAGTGGGGTCGGAAGTCAATGAGCAGTTCTTC,1325,7,clonotype1,clonotype1_consensus_1
TACGGTAAGATCACGG-1,True,TACGGTAAGATCACGG-1_contig_1,True,518,TRB,TRBV20-1,None,TRBJ1-5,TRBC1,True,True,CSARVGPGQPQHF,TGCAGTGCTAGGGTTGGACCGGGACAGCCCCAGCATTTT,4179,14,clonotype3046,clonotype3046_consensus_2
TACGGTAAGATCACGG-1,True,TACGGTAAGATCACGG-1_contig_2,True,515,TRA,TRAV17,None,TRAJ56,TRAC,True,True,CATDPGANSKLTF,TGTGCTACGGACCCTGGAGCCAATAGTAAGCTGACATTT,866,5,clonotype3046,clonotype3046_consensus_1
TACGGTAAGATCACGG-1,True,TACGGTAAGATCACGG-1_contig_3,True,315,TRB,None,None,TRBJ2-5,TRBC2,False,False,None,None,941,1,clonotype3046,None
TACGGTAAGGAATTAC-1,True,TACGGTAAGGAATTAC-1_contig_1,True,485,TRB,TRBV20-1,None,TRBJ2-1,TRBC2,True,True,CSARVGSEVNEQFF,TGCAGTGCTAGAGTGGGGTCGGAAGTCAATGAGCAGTTCTTC,1311,6,clonotype2,clonotype2_consensus_1
TACGGTAAGGAGCGTT-1,True,TACGGTAAGGAGCGTT-1_contig_1,True,505,TRA,TRAV1-2,None,TRAJ33,TRAC,True,True,CAATDSNYQLIW,TGTGCTGCGACTGATAGCAACTATCAGTTAATCTGG,129,4,clonotype1,clonotype1_consensus_2
TACGGTAAGGAGCGTT-1,True,TACGGTAAGGAGCGTT-1_contig_2,True,521,TRB,TRBV20-1,None,TRBJ2-1,TRBC2,True,True,CSARVGSEVNEQFF,TGCAGTGCTAGAGTGGGGTCGGAAGTCAATGAGCAGTTCTTC,1529,6,clonotype1,clonotype1_consensus_1
TACGGTAAGGGAAACA-1,True,TACGGTAAGGGAAACA-1_contig_1,True,501,TRA,TRAV12-3,None,TRAJ10,TRAC,True,True,CAMSLTGGGNKLTF,TGTGCAATGAGCTTAACGGGAGGAGGAAACAAACTCACCTTT,453,3,clonotype3047,clonotype3047_consensus_2
TACGGTAAGGGAAACA-1,True,TACGGTAAGGGAAACA-1_contig_2,True,524,TRB,TRBV20-1,None,TRBJ1-3,TRBC1,True,True,CSATSGPNSGNTIYF,TGCAGTGCTACCTCGGGACCGAACTCTGGAAACACCATATATTTT,1795,11,clonotype3047,clonotype3047_consensus_1
TACGGTAAGGGAAACA-1,True,TACGGTAAGGGAAACA-1_contig_3,True,375,TRB,None,None,TRBJ1-4,None,False,False,None,None,24,1,clonotype3047,None
TACGGTAAGGTGATAT-1,True,TACGGTAAGGTGATAT-1_contig_1,True,505,TRA,TRAV1-2,None,TRAJ33,TRAC,True,True,CAATDSNYQLIW,TGTGCTGCGACTGATAGCAACTATCAGTTAATCTGG,390,5,clonotype1,clonotype1_consensus_2
TACGGTAAGGTGATAT-1,True,TACGGTAAGGTGATAT-1_contig_2,True,498,TRB,TRBV20-1,None,TRBJ2-1,TRBC2,True,True,CSARVGSEVNEQFF,TGCAGTGCTAGAGTGGGGTCGGAAGTCAATGAGCAGTTCTTC,2053,13,clonotype1,clonotype1_consensus_1
TACGGTAAGGTGATAT-1,True,TACGGTAAGGTGATAT-1_contig_3,True,461,TRA,TRAV10,None,TRAJ24,TRAC,True,False,None,None,188,1,clonotype1,None
TACGGTAAGTACGTTC-1,True,TACGGTAAGTACGTTC-1_contig_1,True,471,TRA,TRAV38-1,None,TRAJ11,TRAC,True,True,CALNSGYSTLTF,TGTGCTCTGAATTCAGGATACAGCACCCTCACCTTT,4167,5,clonotype3048,clonotype3048_consensus_2
TACGGTAAGTACGTTC-1,True,TACGGTAAGTACGTTC-1_contig_2,True,470,TRB,TRBV10-3,None,TRBJ1-6,TRBC1,True,True,CAISASYNSPLHF,TGTGCCATCAGTGCCTCCTATAATTCACCCCTCCACTTT,959,4,clonotype3048,clonotype3048_consensus_1
TACGGTACAATGGATA-1,True,TACGGTACAATGGATA-1_contig_1,True,505,TRA,TRAV1-2,None,TRAJ33,TRAC,True,True,CAAMDSNYQLIW,TGTGCTGCCATGGATAGCAACTATCAGTTAATCTGG,452,2,clonotype21,clonotype21_consensus_2
TACGGTACAATGGATA-1,True,TACGGTACAATGGATA-1_contig_2,True,498,TRB,TRBV20-1,None,TRBJ1-1,TRBC1,True,True,CSAREGGKDTEAFF,TGCAGTGCTAGGGAGGGGGGTAAGGACACTGAAGCTTTCTTT,1872,7,clonotype21,clonotype21_consensus_1
TACGGTACAATGGATA-1,True,TACGGTACAATGGATA-1_contig_3,True,532,TRA,TRAV12-2,None,TRAJ49,TRAC,True,False,None,None,858,4,clonotype21,None
TACGGTAGTCACTGGC-1,True,TACGGTAGTCACTGGC-1_contig_1,True,505,TRA,TRAV1-2,None,TRAJ33,TRAC,True,True,CAATDSNYQLIW,TGTGCTGCGACTGATAGCAACTATCAGTTAATCTGG,522,4,clonotype1,clonotype1_consensus_2
TACGGTAGTCACTGGC-1,True,TACGGTAGTCACTGGC-1_contig_2,True,498,TRB,TRBV20-1,None,TRBJ2-1,TRBC2,True,True,CSARVGSEVNEQFF,TGCAGTGCTAGAGTGGGGTCGGAAGTCAATGAGCAGTTCTTC,2141,10,clonotype1,clonotype1_consensus_1
TACGGTAGTCACTGGC-1,True,TACGGTAGTCACTGGC-1_contig_3,True,482,TRA,TRAV10,None,TRAJ24,TRAC,True,False,None,None,341,3,clonotype1,None
TACGGTAGTCACTTCC-1,True,TACGGTAGTCACTTCC-1_contig_1,True,505,TRA,TRAV1-2,None,TRAJ33,TRAC,True,True,CAATDSNYQLIW,TGTGCTGCGACTGATAGCAACTATCAGTTAATCTGG,688,2,clonotype1,clonotype1_consensus_2
TACGGTAGTCACTTCC-1,True,TACGGTAGTCACTTCC-1_contig_2,True,498,TRB,TRBV20-1,None,TRBJ2-1,TRBC2,True,True,CSARVGSEVNEQFF,TGCAGTGCTAGAGTGGGGTCGGAAGTCAATGAGCAGTTCTTC,3454,11,clonotype1,clonotype1_consensus_1
TACGGTAGTCACTTCC-1,True,TACGGTAGTCACTTCC-1_contig_3,True,482,TRA,TRAV10,None,TRAJ24,TRAC,True,False,None,None,619,3,clonotype1,None
TACGGTATCACAGGCC-1,True,TACGGTATCACAGGCC-1_contig_1,True,498,TRB,TRBV20-1,None,TRBJ2-1,TRBC2,True,True,CSARVGSEVNEQFF,TGCAGTGCTAGAGTGGGGTCGGAAGTCAATGAGCAGTTCTTC,1644,12,clonotype2,clonotype2_consensus_1
TACGGTATCATTGCGA-1,True,TACGGTATCATTGCGA-1_contig_1,True,505,TRA,TRAV1-2,None,TRAJ33,TRAC,True,True,CAATDSNYQLIW,TGTGCTGCGACTGATAGCAACTATCAGTTAATCTGG,244,1,clonotype1,clonotype1_consensus_2
TACGGTATCATTGCGA-1,True,TACGGTATCATTGCGA-1_contig_2,True,498,TRB,TRBV20-1,None,TRBJ2-1,TRBC2,True,True,CSARVGSEVNEQFF,TGCAGTGCTAGAGTGGGGTCGGAAGTCAATGAGCAGTTCTTC,1098,7,clonotype1,clonotype1_consensus_1
TACGGTATCATTGCGA-1,True,TACGGTATCATTGCGA-1_contig_3,True,467,TRA,TRAV10,None,TRAJ24,TRAC,True,False,None,None,1121,2,clonotype1,None
TACGGTATCCCTGACT-1,True,TACGGTATCCCTGACT-1_contig_1,True,585,TRB,TRBV5-5,None,TRBJ2-2,TRBC2,True,True,CASSLGDTGELFF,TGTGCCAGCAGCCTCGGGGACACCGGGGAGCTGTTTTTT,1257,7,clonotype27,clonotype27_consensus_2
TACGGTATCCCTGACT-1,True,TACGGTATCCCTGACT-1_contig_2,True,544,TRA,TRAV12-2,None,TRAJ49,TRAC,True,True,CAVNGNTGNQFYF,TGTGCCGTGAATGGGAACACCGGTAACCAGTTCTATTTT,139,3,clonotype27,clonotype27_consensus_1
TACGGTATCCCTGACT-1,True,TACGGTATCCCTGACT-1_contig_3,True,304,TRB,None,None,TRBJ1-2,TRBC1,False,False,None,None,248,1,clonotype27,None
TACGGTATCCTTGACC-1,True,TACGGTATCCTTGACC-1_contig_1,True,509,TRA,TRAV21,None,TRAJ24,TRAC,True,True,CARGNSWGKLQF,TGTGCTCGAGGCAACAGCTGGGGGAAATTGCAGTTT,80,4,clonotype3049,clonotype3049_consensus_1
TACGGTATCCTTGACC-1,True,TACGGTATCCTTGACC-1_contig_2,True,493,TRB,TRBV5-6,None,TRBJ1-5,TRBC1,True,True,CASSLAQPPNQPQHF,TGTGCCAGCAGCTTGGCGCAGCCGCCTAATCAGCCCCAGCATTTT,2471,12,clonotype3049,clonotype3049_consensus_2
TACGGTATCGTGGTCG-1,True,TACGGTATCGTGGTCG-1_contig_1,True,505,TRA,TRAV1-2,None,TRAJ33,TRAC,True,True,CAATDSNYQLIW,TGTGCTGCGACTGATAGCAACTATCAGTTAATCTGG,1564,7,clonotype1,clonotype1_consensus_2
TACGGTATCGTGGTCG-1,True,TACGGTATCGTGGTCG-1_contig_2,True,498,TRB,TRBV20-1,None,TRBJ2-1,TRBC2,True,True,CSARVGSEVNEQFF,TGCAGTGCTAGAGTGGGGTCGGAAGTCAATGAGCAGTTCTTC,1255,7,clonotype1,clonotype1_consensus_1
TACTCATAGAAGAAGC-1,True,TACTCATAGAAGAAGC-1_contig_1,True,505,TRA,TRAV20,None,TRAJ56,TRAC,True,True,CAVLTGANSKLTF,TGTGCTGTGTTGACTGGAGCCAATAGTAAGCTGACATTT,4970,6,clonotype3050,clonotype3050_consensus_2
TACTCATAGAAGAAGC-1,True,TACTCATAGAAGAAGC-1_contig_2,True,521,TRB,TRBV20-1,None,TRBJ2-5,TRBC2,True,True,CSARDGREQETQYF,TGCAGTGCTAGAGATGGGCGGGAGCAAGAGACCCAGTACTTC,821,9,clonotype3050,clonotype3050_consensus_1
TACTCATAGACAAAGG-1,True,TACTCATAGACAAAGG-1_contig_1,True,452,TRA,TRAV2,None,TRAJ44,TRAC,True,True,CAVDSTGTASKLTF,TGTGCTGTGGATTCTACCGGCACTGCCAGTAAACTCACCTTT,401,4,clonotype3051,clonotype3051_consensus_2
TACTCATAGACAAAGG-1,True,TACTCATAGACAAAGG-1_contig_2,True,521,TRB,TRBV20-1,None,TRBJ2-7,TRBC2,True,True,CSARATGGSYEQYF,TGCAGTGCTAGAGCCACAGGGGGCAGCTACGAGCAGTACTTC,881,3,clonotype3051,clonotype3051_consensus_1
TACTCATAGACAAAGG-1,True,TACTCATAGACAAAGG-1_contig_3,True,581,TRB,TRBV23-1,None,TRBJ2-5,TRBC2,True,False,None,None,60,2,clonotype3051,None
TACTCATAGCTGCAAG-1,True,TACTCATAGCTGCAAG-1_contig_1,True,501,TRB,TRBV20-1,None,TRBJ1-2,TRBC1,True,True,CSAKPGQGLDYGYTF,TGCAGTGCTAAGCCGGGACAGGGGCTCGACTATGGCTACACCTTC,3715,17,clonotype94,clonotype94_consensus_1
TACTCATAGCTGCAAG-1,True,TACTCATAGCTGCAAG-1_contig_2,True,505,TRA,TRAV1-2,None,TRAJ13,TRAC,True,True,CALSGGYQKVTF,TGTGCCTTAAGTGGGGGTTACCAGAAAGTTACCTTT,4731,11,clonotype94,clonotype94_consensus_3
TACTCATAGCTGCAAG-1,True,TACTCATAGCTGCAAG-1_contig_3,True,571,TRA,TRAV8-1,None,TRAJ4,TRAC,True,True,CAVKSGGYNKLIF,TGTGCCGTGAAATCTGGTGGCTACAATAAGCTGATTTTT,3668,2,clonotype94,clonotype94_consensus_2
TACTCATCAAAGGTGC-1,True,TACTCATCAAAGGTGC-1_contig_1,True,509,TRB,TRBV20-1,None,TRBJ1-1,TRBC1,True,True,CSARRAEAFF,TGCAGTGCTAGGAGGGCTGAAGCTTTCTTT,1290,5,clonotype244,clonotype244_consensus_1
TACTCATCAAAGGTGC-1,True,TACTCATCAAAGGTGC-1_contig_2,True,500,TRA,TRAV38-2/DV8,None,TRAJ56,TRAC,True,True,CAYRGMFTGANSKLTF,TGTGCTTATAGGGGCATGTTTACTGGAGCCAATAGTAAGCTGACATTT,4095,5,clonotype244,clonotype244_consensus_2
TACTCATCAAGCCGTC-1,True,TACTCATCAAGCCGTC-1_contig_1,True,504,TRB,TRBV20-1,None,TRBJ1-1,TRBC1,True,True,CSARVGSVGTNTEAFF,TGCAGTGCTAGAGTTGGGAGCGTGGGGACAAACACTGAAGCTTTCTTT,2903,14,clonotype139,clonotype139_consensus_2
TACTCATCAAGCCGTC-1,True,TACTCATCAAGCCGTC-1_contig_2,True,568,TRA,TRAV29/DV5,None,TRAJ40,TRAC,True,True,CAASMTGTYKYIF,TGTGCAGCAAGCATGACAGGAACCTACAAATACATCTTT,496,5,clonotype139,clonotype139_consensus_1
TACTCATCACAGGCCT-1,True,TACTCATCACAGGCCT-1_contig_1,True,519,TRB,TRBV20-1,None,TRBJ2-3,TRBC2,True,True,CSARAPPDLDTQYF,TGCAGTGCTAGGGCACCCCCGGATCTAGATACGCAGTATTTT,1195,7,clonotype236,clonotype236_consensus_1
TACTCATCAGCCTTGG-1,True,TACTCATCAGCCTTGG-1_contig_1,True,505,TRA,TRAV1-2,None,TRAJ33,TRAC,True,True,CAATDSNYQLIW,TGTGCTGCGACTGATAGCAACTATCAGTTAATCTGG,366,1,clonotype1,clonotype1_consensus_2
TACTCATCAGCCTTGG-1,True,TACTCATCAGCCTTGG-1_contig_2,True,473,TRB,TRBV20-1,None,TRBJ2-1,TRBC2,True,True,CSARVGSEVNEQFF,TGCAGTGCTAGAGTGGGGTCGGAAGTCAATGAGCAGTTCTTC,143,2,clonotype1,clonotype1_consensus_1
TACTCATCAGCCTTGG-1,True,TACTCATCAGCCTTGG-1_contig_3,True,449,TRA,TRAV10,None,TRAJ24,TRAC,True,False,None,None,49,2,clonotype1,None
TACTCATCAGTGAGTG-1,True,TACTCATCAGTGAGTG-1_contig_1,True,498,TRB,TRBV20-1,None,TRBJ2-1,TRBC2,True,True,CSARVGSEVNEQFF,TGCAGTGCTAGAGTGGGGTCGGAAGTCAATGAGCAGTTCTTC,1183,10,clonotype2,clonotype2_consensus_1
TACTCATCAGTTCATG-1,True,TACTCATCAGTTCATG-1_contig_1,True,505,TRA,TRAV1-2,None,TRAJ33,TRAC,True,True,CAATDSNYQLIW,TGTGCTGCGACTGATAGCAACTATCAGTTAATCTGG,3844,5,clonotype1,clonotype1_consensus_2
TACTCATCAGTTCATG-1,True,TACTCATCAGTTCATG-1_contig_2,True,521,TRB,TRBV20-1,None,TRBJ2-1,TRBC2,True,True,CSARVGSEVNEQFF,TGCAGTGCTAGAGTGGGGTCGGAAGTCAATGAGCAGTTCTTC,1905,11,clonotype1,clonotype1_consensus_1
TACTCATCATAACCTG-1,True,TACTCATCATAACCTG-1_contig_1,True,505,TRA,TRAV1-2,None,TRAJ33,TRAC,True,True,CAATDSNYQLIW,TGTGCTGCGACTGATAGCAACTATCAGTTAATCTGG,522,5,clonotype1,clonotype1_consensus_2
TACTCATCATAACCTG-1,True,TACTCATCATAACCTG-1_contig_2,True,521,TRB,TRBV20-1,None,TRBJ2-1,TRBC2,True,True,CSARVGSEVNEQFF,TGCAGTGCTAGAGTGGGGTCGGAAGTCAATGAGCAGTTCTTC,2685,12,clonotype1,clonotype1_consensus_1
TACTCATCATGAACCT-1,True,TACTCATCATGAACCT-1_contig_1,True,505,TRA,TRAV1-2,None,TRAJ33,TRAC,True,True,CAATDSNYQLIW,TGTGCTGCGACTGATAGCAACTATCAGTTAATCTGG,2297,3,clonotype1,clonotype1_consensus_2
TACTCATCATGAACCT-1,True,TACTCATCATGAACCT-1_contig_2,True,521,TRB,TRBV20-1,None,TRBJ2-1,TRBC2,True,True,CSARVGSEVNEQFF,TGCAGTGCTAGAGTGGGGTCGGAAGTCAATGAGCAGTTCTTC,1156,13,clonotype1,clonotype1_consensus_1
TACTCATCATGTTCCC-1,True,TACTCATCATGTTCCC-1_contig_1,True,505,TRA,TRAV1-2,None,TRAJ33,TRAC,True,True,CAATDSNYQLIW,TGTGCTGCGACTGATAGCAACTATCAGTTAATCTGG,1756,2,clonotype8,clonotype8_consensus_1
TACTCATCATGTTCCC-1,True,TACTCATCATGTTCCC-1_contig_2,True,404,TRB,TRBV20-1,None,TRBJ2-1,TRBC2,True,False,CSARVGSEVNEQFF,TGCAGTGCTAGAGTGGGGTCGGAAGTCAATGAGCAGTTCTTC,1485,9,clonotype8,None
TACTCATCATGTTCCC-1,True,TACTCATCATGTTCCC-1_contig_3,True,454,TRA,TRAV10,None,TRAJ24,TRAC,True,False,None,None,83,1,clonotype8,None
TACTCATGTACCGGCT-1,True,TACTCATGTACCGGCT-1_contig_1,True,554,TRA,TRAV22,None,TRAJ31,TRAC,True,True,CAGPGARLMF,TGTGCTGGGCCGGGTGCCAGACTCATGTTT,615,5,clonotype3052,clonotype3052_consensus_1
TACTCATGTACCGGCT-1,True,TACTCATGTACCGGCT-1_contig_2,True,521,TRB,TRBV5-6,None,TRBJ1-2,TRBC1,True,True,CASSPAGASYGYTF,TGTGCCAGCAGCCCCGCGGGGGCGTCCTATGGCTACACCTTC,1098,4,clonotype3052,clonotype3052_consensus_2
TACTCATGTAGCCTAT-1,True,TACTCATGTAGCCTAT-1_contig_1,True,524,TRB,TRBV20-1,None,TRBJ1-1,TRBC1,True,True,CSAGSRGRGNTEAFF,TGCAGTGCTGGTTCCAGGGGGCGGGGGAACACTGAAGCTTTCTTT,2513,14,clonotype3053,clonotype3053_consensus_1
TACTCATGTAGCCTAT-1,True,TACTCATGTAGCCTAT-1_contig_2,True,609,TRA,TRAV3,None,TRAJ31,TRAC,True,True,CAVRPYARLMF,TGTGCTGTGAGACCCTATGCCAGACTCATGTTT,2919,4,clonotype3053,clonotype3053_consensus_2
TACTCATGTCAAAGAT-1,True,TACTCATGTCAAAGAT-1_contig_1,True,518,TRB,TRBV20-1,None,TRBJ2-3,TRBC2,True,True,CSARDLGVDTQYF,TGCAGTGCTAGAGATTTAGGGGTAGATACGCAGTATTTT,2625,9,clonotype3054,clonotype3054_consensus_2
TACTCATGTCAAAGAT-1,True,TACTCATGTCAAAGAT-1_contig_2,True,527,TRB,TRBV20-1,None,TRBJ2-1,TRBC2,True,True,CSARDRLAGVNNEQFF,TGCAGTGCTAGAGATCGACTAGCGGGGGTTAACAATGAGCAGTTCTTC,729,11,clonotype3054,clonotype3054_consensus_1
TACTCATGTCAAAGAT-1,True,TACTCATGTCAAAGAT-1_contig_3,True,497,TRA,TRAV38-2/DV8,None,TRAJ44,TRAC,True,True,CAYRSAVITASKLTF,TGTGCTTATAGGTCCGCTGTAATAACTGCCAGTAAACTCACCTTT,325,11,clonotype3054,clonotype3054_consensus_3
TACTCATGTCCAGTTA-1,True,TACTCATGTCCAGTTA-1_contig_1,True,505,TRA,TRAV1-2,None,TRAJ33,TRAC,True,True,CAATDSNYQLIW,TGTGCTGCGACTGATAGCAACTATCAGTTAATCTGG,382,2,clonotype1,clonotype1_consensus_2
TACTCATGTCCAGTTA-1,True,TACTCATGTCCAGTTA-1_contig_2,True,498,TRB,TRBV20-1,None,TRBJ2-1,TRBC2,True,True,CSARVGSEVNEQFF,TGCAGTGCTAGAGTGGGGTCGGAAGTCAATGAGCAGTTCTTC,1905,6,clonotype1,clonotype1_consensus_1
TACTCATGTCCAGTTA-1,True,TACTCATGTCCAGTTA-1_contig_3,True,494,TRA,TRAV10,None,TRAJ24,TRAC,True,False,None,None,115,2,clonotype1,None
TACTCATGTCCTGCTT-1,True,TACTCATGTCCTGCTT-1_contig_1,True,498,TRB,TRBV20-1,None,TRBJ2-1,TRBC2,True,True,CSARVGSEVNEQFF,TGCAGTGCTAGAGTGGGGTCGGAAGTCAATGAGCAGTTCTTC,754,5,clonotype2,clonotype2_consensus_1
TACTCATGTCTAGTCA-1,True,TACTCATGTCTAGTCA-1_contig_1,True,505,TRA,TRAV1-2,None,TRAJ33,TRAC,True,True,CAATDSNYQLIW,TGTGCTGCGACTGATAGCAACTATCAGTTAATCTGG,3923,5,clonotype1,clonotype1_consensus_2
TACTCATGTCTAGTCA-1,True,TACTCATGTCTAGTCA-1_contig_2,True,521,TRB,TRBV20-1,None,TRBJ2-1,TRBC2,True,True,CSARVGSEVNEQFF,TGCAGTGCTAGAGTGGGGTCGGAAGTCAATGAGCAGTTCTTC,1305,11,clonotype1,clonotype1_consensus_1
TACTCATGTTGGTTTG-1,True,TACTCATGTTGGTTTG-1_contig_1,True,518,TRB,TRBV20-1,None,TRBJ2-7,TRBC2,True,True,CSARTAGGYEQYF,TGCAGTGCTAGAACGGCAGGGGGATACGAGCAGTACTTC,2136,9,clonotype3055,clonotype3055_consensus_1
TACTCATGTTGGTTTG-1,True,TACTCATGTTGGTTTG-1_contig_2,True,527,TRB,TRBV21-1,None,TRBJ1-2,TRBC1,True,False,CASSKRHYGYTF,TGTGCCAGCAGCAAACGTCACTATGGCTACACCTTC,2175,3,clonotype3055,None
TACTCATGTTTAAGCC-1,True,TACTCATGTTTAAGCC-1_contig_1,True,519,TRB,TRBV5-5,None,TRBJ1-4,TRBC1,True,True,CASSHPGPNYATNEKLFF,TGTGCCAGCAGCCATCCCGGACCGAACTACGCAACTAATGAAAAACTGTTTTTT,1096,6,clonotype4,clonotype4_consensus_1
TACTCATGTTTAAGCC-1,True,TACTCATGTTTAAGCC-1_contig_2,True,512,TRB,TRBV7-3,None,TRBJ2-1,TRBC2,True,False,CQQRSLKAGGPYNEQFF,TGCCAGCAGCGGTCACTTAAAGCGGGGGGACCCTACAATGAGCAGTTCTTC,913,4,clonotype4,None
TACTCATTCACAATGC-1,True,TACTCATTCACAATGC-1_contig_1,True,498,TRA,TRAV12-3,None,TRAJ34,TRAC,True,True,CAMSAVNTDKLIF,TGTGCAATGAGCGCCGTAAACACCGACAAGCTCATCTTT,454,2,clonotype3056,clonotype3056_consensus_1
TACTCATTCCGCATAA-1,True,TACTCATTCCGCATAA-1_contig_1,True,518,TRB,TRBV20-1,None,TRBJ2-1,TRBC2,True,True,CSASSGGAGEQFF,TGCAGTGCTAGTAGTGGGGGGGCCGGGGAGCAGTTCTTC,2576,13,clonotype140,clonotype140_consensus_1
TACTCATTCCTTGGTC-1,True,TACTCATTCCTTGGTC-1_contig_1,True,498,TRB,TRBV20-1,None,TRBJ2-1,TRBC2,True,True,CSARVGSEVNEQFF,TGCAGTGCTAGAGTGGGGTCGGAAGTCAATGAGCAGTTCTTC,1397,6,clonotype2,clonotype2_consensus_1
TACTCATTCCTTGGTC-1,True,TACTCATTCCTTGGTC-1_contig_2,True,457,TRA,TRAV10,None,TRAJ24,TRAC,True,False,None,None,321,3,clonotype2,None
TACTCATTCGTCCAGG-1,True,TACTCATTCGTCCAGG-1_contig_1,True,495,TRB,TRBV20-1,None,TRBJ2-1,TRBC2,True,True,CSARVGSEVNEQFF,TGCAGTGCTAGAGTGGGGTCGGAAGTCAATGAGCAGTTCTTC,1069,7,clonotype2,clonotype2_consensus_1
TACTCATTCGTCCAGG-1,True,TACTCATTCGTCCAGG-1_contig_2,True,482,TRA,TRAV10,None,TRAJ24,TRAC,True,False,None,None,273,7,clonotype2,None
TACTCATTCTGCAAGT-1,True,TACTCATTCTGCAAGT-1_contig_1,True,505,TRA,TRAV1-2,None,TRAJ33,TRAC,True,True,CAATDSNYQLIW,TGTGCTGCGACTGATAGCAACTATCAGTTAATCTGG,559,2,clonotype1,clonotype1_consensus_2
TACTCATTCTGCAAGT-1,True,TACTCATTCTGCAAGT-1_contig_2,True,498,TRB,TRBV20-1,None,TRBJ2-1,TRBC2,True,True,CSARVGSEVNEQFF,TGCAGTGCTAGAGTGGGGTCGGAAGTCAATGAGCAGTTCTTC,1249,3,clonotype1,clonotype1_consensus_1
TACTCATTCTGCAAGT-1,True,TACTCATTCTGCAAGT-1_contig_3,True,435,TRB,None,None,TRBJ1-5,TRBC1,False,False,None,None,128,1,clonotype1,None
TACTCATTCTTGTCAT-1,True,TACTCATTCTTGTCAT-1_contig_1,True,505,TRA,TRAV1-2,None,TRAJ33,TRAC,True,True,CAATDSNYQLIW,TGTGCTGCGACTGATAGCAACTATCAGTTAATCTGG,3585,3,clonotype1,clonotype1_consensus_2
TACTCATTCTTGTCAT-1,True,TACTCATTCTTGTCAT-1_contig_2,True,521,TRB,TRBV20-1,None,TRBJ2-1,TRBC2,True,True,CSARVGSEVNEQFF,TGCAGTGCTAGAGTGGGGTCGGAAGTCAATGAGCAGTTCTTC,2345,6,clonotype1,clonotype1_consensus_1
TACTCGCAGAGAACAG-1,True,TACTCGCAGAGAACAG-1_contig_1,True,518,TRB,TRBV20-1,None,TRBJ2-1,TRBC2,True,True,CSARVGSEVNEQFF,TGCAGTGCTAGAGTGGGGTCGGAAGTCAATGAGCAGTTCTTC,1562,9,clonotype2,clonotype2_consensus_1
TACTCGCCAACAACCT-1,True,TACTCGCCAACAACCT-1_contig_1,True,498,TRB,TRBV20-1,None,TRBJ2-1,TRBC2,True,True,CSARVGSEVNEQFF,TGCAGTGCTAGAGTGGGGTCGGAAGTCAATGAGCAGTTCTTC,2705,12,clonotype2,clonotype2_consensus_1
TACTCGCCAACAACCT-1,True,TACTCGCCAACAACCT-1_contig_2,True,482,TRA,TRAV10,None,TRAJ24,TRAC,True,False,None,None,194,5,clonotype2,None
TACTCGCCAACTGCTA-1,True,TACTCGCCAACTGCTA-1_contig_1,True,462,TRA,TRAV13-1,None,TRAJ3,TRAC,True,True,CAASTYSSASKIIF,TGTGCAGCAAGTACCTACAGCAGTGCTTCCAAGATAATCTTT,400,5,clonotype3057,clonotype3057_consensus_1
TACTCGCCAACTGCTA-1,True,TACTCGCCAACTGCTA-1_contig_2,True,574,TRB,TRBV5-5,None,TRBJ2-4,TRBC2,True,True,CASSLGSYLAKNIQYF,TGTGCCAGCAGCTTGGGCAGTTACCTAGCCAAAAACATTCAGTACTTC,1388,8,clonotype3057,clonotype3057_consensus_3
TACTCGCCAACTGCTA-1,True,TACTCGCCAACTGCTA-1_contig_3,True,498,TRB,TRBV20-1,None,TRBJ1-2,TRBC1,True,True,CSAVGDRGRDGYTF,TGCAGTGCGGTGGGGGACAGGGGTCGGGATGGCTACACCTTC,1576,8,clonotype3057,clonotype3057_consensus_2
TACTCGCCAAGTACCT-1,True,TACTCGCCAAGTACCT-1_contig_1,True,498,TRB,TRBV20-1,None,TRBJ2-1,TRBC2,True,True,CSARVGSEVNEQFF,TGCAGTGCTAGAGTGGGGTCGGAAGTCAATGAGCAGTTCTTC,7559,8,clonotype2,clonotype2_consensus_1
TACTCGCCATGCTAGT-1,True,TACTCGCCATGCTAGT-1_contig_1,True,505,TRA,TRAV1-2,None,TRAJ33,TRAC,True,True,CAATDSNYQLIW,TGTGCTGCGACTGATAGCAACTATCAGTTAATCTGG,597,3,clonotype1,clonotype1_consensus_2
TACTCGCCATGCTAGT-1,True,TACTCGCCATGCTAGT-1_contig_2,True,521,TRB,TRBV20-1,None,TRBJ2-1,TRBC2,True,True,CSARVGSEVNEQFF,TGCAGTGCTAGAGTGGGGTCGGAAGTCAATGAGCAGTTCTTC,1885,5,clonotype1,clonotype1_consensus_1
TACTCGCGTGGTAACG-1,True,TACTCGCGTGGTAACG-1_contig_1,True,713,TRB,TRBV5-6,None,TRBJ1-3,TRBC1,True,True,CASSARGLGGRNTIYF,TGTGCCAGCAGCGCCAGGGGGCTCGGCGGAAGAAACACCATATATTTT,1323,7,clonotype3058,clonotype3058_consensus_1
TACTCGCGTGGTAACG-1,True,TACTCGCGTGGTAACG-1_contig_2,True,527,TRA,TRAV27,None,TRAJ53,TRAC,True,True,CADSGGSNYKLTF,TGTGCGGATAGTGGAGGTAGCAACTATAAACTGACATTT,815,4,clonotype3058,clonotype3058_consensus_2
TACTCGCGTTACTGAC-1,True,TACTCGCGTTACTGAC-1_contig_1,True,505,TRB,TRBV20-1,None,TRBJ2-1,TRBC2,True,True,CSARVGSEVNEQFF,TGCAGTGCTAGAGTGGGGTCGGAAGTCAATGAGCAGTTCTTC,559,3,clonotype2,clonotype2_consensus_1
TACTCGCGTTACTGAC-1,True,TACTCGCGTTACTGAC-1_contig_2,True,465,TRA,TRAV10,None,TRAJ24,TRAC,True,False,None,None,199,2,clonotype2,None
TACTCGCGTTCCCTTG-1,True,TACTCGCGTTCCCTTG-1_contig_1,True,518,TRB,TRBV20-1,None,TRBJ1-5,TRBC1,True,True,CSAGRQGNQPQHF,TGCAGTGCAGGTAGACAGGGCAATCAGCCCCAGCATTTT,1919,8,clonotype3059,clonotype3059_consensus_1
TACTCGCGTTCCCTTG-1,True,TACTCGCGTTCCCTTG-1_contig_2,True,494,TRA,TRAV13-2,None,TRAJ50,TRAC,True,True,CANDKVIF,TGTGCAAACGACAAGGTGATATTT,1183,6,clonotype3059,clonotype3059_consensus_2
TACTCGCGTTCGGCAC-1,True,TACTCGCGTTCGGCAC-1_contig_1,True,437,TRA,TRAV9-2,None,TRAJ8,TRAC,True,True,CALGFQKLVF,TGTGCTCTGGGCTTTCAGAAACTTGTATTT,1431,6,clonotype96,clonotype96_consensus_1
TACTCGCGTTCGGCAC-1,True,TACTCGCGTTCGGCAC-1_contig_2,True,501,TRB,TRBV20-1,None,TRBJ1-5,TRBC1,True,True,CSARDLAGERQPQHF,TGCAGTGCTAGAGATTTGGCAGGGGAACGCCAGCCCCAGCATTTT,968,5,clonotype96,clonotype96_consensus_2
TACTCGCTCATCATTC-1,True,TACTCGCTCATCATTC-1_contig_1,True,521,TRB,TRBV20-1,None,TRBJ2-1,TRBC2,True,True,CSARVGSEVNEQFF,TGCAGTGCTAGAGTGGGGTCGGAAGTCAATGAGCAGTTCTTC,1527,11,clonotype2,clonotype2_consensus_1
TACTCGCTCATCATTC-1,True,TACTCGCTCATCATTC-1_contig_2,True,461,TRA,TRAV10,None,TRAJ24,TRAC,True,False,None,None,329,2,clonotype2,None
TACTCGCTCATGCAAC-1,True,TACTCGCTCATGCAAC-1_contig_1,True,505,TRA,TRAV1-2,None,TRAJ33,TRAC,True,True,CAATDSNYQLIW,TGTGCTGCGACTGATAGCAACTATCAGTTAATCTGG,535,2,clonotype1,clonotype1_consensus_2
TACTCGCTCATGCAAC-1,True,TACTCGCTCATGCAAC-1_contig_2,True,485,TRB,TRBV20-1,None,TRBJ2-1,TRBC2,True,True,CSARVGSEVNEQFF,TGCAGTGCTAGAGTGGGGTCGGAAGTCAATGAGCAGTTCTTC,309,4,clonotype1,clonotype1_consensus_1
TACTCGCTCATGCAAC-1,True,TACTCGCTCATGCAAC-1_contig_3,True,455,TRA,TRAV10,None,TRAJ24,TRAC,True,False,None,None,461,2,clonotype1,None
TACTCGCTCGCACTCT-1,True,TACTCGCTCGCACTCT-1_contig_1,True,527,TRA,TRAV27,None,TRAJ13,TRAC,True,True,CAGDSGGYQKVTF,TGTGCAGGGGATTCTGGGGGTTACCAGAAAGTTACCTTT,2095,8,clonotype3060,clonotype3060_consensus_1
TACTCGCTCGCACTCT-1,True,TACTCGCTCGCACTCT-1_contig_2,True,504,TRB,TRBV5-5,None,TRBJ1-6,TRBC1,True,True,CASSHYRTDSPLHF,TGTGCCAGCAGCCACTACCGGACAGACTCACCCCTCCACTTT,2201,8,clonotype3060,clonotype3060_consensus_2
TACTCGCTCGCACTCT-1,True,TACTCGCTCGCACTCT-1_contig_3,True,409,TRA,TRAV1-1,None,TRAJ20,TRAC,True,False,None,None,970,3,clonotype3060,None
TACTCGCTCGCTTGTC-1,True,TACTCGCTCGCTTGTC-1_contig_1,True,521,TRB,TRBV20-1,None,TRBJ2-1,TRBC2,True,True,CSARVGSEVNEQFF,TGCAGTGCTAGAGTGGGGTCGGAAGTCAATGAGCAGTTCTTC,597,4,clonotype2,clonotype2_consensus_1
TACTCGCTCTCCAACC-1,True,TACTCGCTCTCCAACC-1_contig_1,True,518,TRB,TRBV20-1,None,TRBJ1-5,TRBC1,True,True,CSVSRQGNQPQHF,TGCAGTGTCTCCAGACAGGGCAATCAGCCCCAGCATTTT,2655,8,clonotype3061,clonotype3061_consensus_1
TACTCGCTCTGTCTCG-1,True,TACTCGCTCTGTCTCG-1_contig_1,True,615,TRA,TRAV3,None,TRAJ42,TRAC,True,True,CAINGGSQGNLIF,TGTGCTATAAACGGAGGAAGCCAAGGAAATCTCATCTTT,115,3,clonotype3062,clonotype3062_consensus_2
TACTCGCTCTGTCTCG-1,True,TACTCGCTCTGTCTCG-1_contig_2,True,493,TRB,TRBV5-6,None,TRBJ2-3,TRBC2,True,True,CASSPGQGYTDTQYF,TGTGCCAGCAGCCCGGGACAGGGCTACACAGATACGCAGTATTTT,627,4,clonotype3062,clonotype3062_consensus_1
TACTTACAGAGCCCAA-1,True,TACTTACAGAGCCCAA-1_contig_1,True,505,TRA,TRAV1-2,None,TRAJ33,TRAC,True,True,CAATDSNYQLIW,TGTGCTGCGACTGATAGCAACTATCAGTTAATCTGG,273,1,clonotype1,clonotype1_consensus_2
TACTTACAGAGCCCAA-1,True,TACTTACAGAGCCCAA-1_contig_2,True,498,TRB,TRBV20-1,None,TRBJ2-1,TRBC2,True,True,CSARVGSEVNEQFF,TGCAGTGCTAGAGTGGGGTCGGAAGTCAATGAGCAGTTCTTC,1840,9,clonotype1,clonotype1_consensus_1
TACTTACAGAGCCCAA-1,True,TACTTACAGAGCCCAA-1_contig_3,True,465,TRA,TRAV10,None,TRAJ24,TRAC,True,False,None,None,6737,2,clonotype1,None
TACTTACAGCACACAG-1,True,TACTTACAGCACACAG-1_contig_1,True,505,TRA,TRAV1-2,None,TRAJ33,TRAC,True,True,CAATDSNYQLIW,TGTGCTGCGACTGATAGCAACTATCAGTTAATCTGG,331,4,clonotype1,clonotype1_consensus_2
TACTTACAGCACACAG-1,True,TACTTACAGCACACAG-1_contig_2,True,496,TRB,TRBV20-1,None,TRBJ2-1,TRBC2,True,True,CSARVGSEVNEQFF,TGCAGTGCTAGAGTGGGGTCGGAAGTCAATGAGCAGTTCTTC,423,4,clonotype1,clonotype1_consensus_1
TACTTACAGGAATGGA-1,True,TACTTACAGGAATGGA-1_contig_1,True,505,TRA,TRAV1-2,None,TRAJ33,TRAC,True,True,CAATDSNYQLIW,TGTGCTGCGACTGATAGCAACTATCAGTTAATCTGG,518,8,clonotype1,clonotype1_consensus_2
TACTTACAGGAATGGA-1,True,TACTTACAGGAATGGA-1_contig_2,True,473,TRB,TRBV20-1,None,TRBJ2-1,TRBC2,True,True,CSARVGSEVNEQFF,TGCAGTGCTAGAGTGGGGTCGGAAGTCAATGAGCAGTTCTTC,1718,10,clonotype1,clonotype1_consensus_1
TACTTACAGTCGTACT-1,True,TACTTACAGTCGTACT-1_contig_1,True,505,TRA,TRAV1-2,None,TRAJ33,TRAC,True,True,CAATDSNYQLIW,TGTGCTGCGACTGATAGCAACTATCAGTTAATCTGG,1100,5,clonotype1,clonotype1_consensus_2
TACTTACAGTCGTACT-1,True,TACTTACAGTCGTACT-1_contig_2,True,498,TRB,TRBV20-1,None,TRBJ2-1,TRBC2,True,True,CSARVGSEVNEQFF,TGCAGTGCTAGAGTGGGGTCGGAAGTCAATGAGCAGTTCTTC,921,6,clonotype1,clonotype1_consensus_1
TACTTACAGTCGTACT-1,True,TACTTACAGTCGTACT-1_contig_3,True,482,TRA,TRAV10,None,TRAJ24,TRAC,True,False,None,None,877,2,clonotype1,None
TACTTACAGTGAATTG-1,True,TACTTACAGTGAATTG-1_contig_1,True,482,TRB,TRBV20-1,None,TRBJ1-3,TRBC1,True,True,CSALSSWGNTIYF,TGCAGTGCCCTTAGCAGCTGGGGAAACACCATATATTTT,1172,8,clonotype3063,clonotype3063_consensus_1
TACTTACAGTGAATTG-1,True,TACTTACAGTGAATTG-1_contig_2,True,624,TRA,TRAV8-6,None,TRAJ40,TRAC,True,True,CAVSEGSGTYKYIF,TGTGCTGTGAGTGAAGGCTCAGGAACCTACAAATACATCTTT,2898,6,clonotype3063,clonotype3063_consensus_2
TACTTACCAAGTCTGT-1,True,TACTTACCAAGTCTGT-1_contig_1,True,503,TRB,TRBV20-1,None,TRBJ2-3,TRBC2,True,True,CSALQALAGDFLSSKGTQYF,TGCAGTGCCCTGCAGGCACTAGCGGGGGACTTCCTCTCTAGCAAGGGAACGCAGTATTTT,2452,11,clonotype3064,clonotype3064_consensus_1
TACTTACCAAGTCTGT-1,True,TACTTACCAAGTCTGT-1_contig_2,True,495,TRA,TRAV21,None,TRAJ42,TRAC,True,True,CAVIRSQGNLIF,TGTGCTGTGATAAGAAGCCAAGGAAATCTCATCTTT,186,7,clonotype3064,clonotype3064_consensus_2
TACTTACCAATACGCT-1,True,TACTTACCAATACGCT-1_contig_1,True,505,TRA,TRAV1-2,None,TRAJ33,TRAC,True,True,CAATDSNYQLIW,TGTGCTGCGACTGATAGCAACTATCAGTTAATCTGG,1082,6,clonotype1,clonotype1_consensus_2
TACTTACCAATACGCT-1,True,TACTTACCAATACGCT-1_contig_2,True,498,TRB,TRBV20-1,None,TRBJ2-1,TRBC2,True,True,CSARVGSEVNEQFF,TGCAGTGCTAGAGTGGGGTCGGAAGTCAATGAGCAGTTCTTC,1351,6,clonotype1,clonotype1_consensus_1
TACTTACCAATAGCAA-1,True,TACTTACCAATAGCAA-1_contig_1,True,701,TRB,TRBV5-6,None,TRBJ1-2,TRBC1,True,True,CASRLGERGYTF,TGTGCCAGCAGGCTAGGGGAAAGGGGCTACACCTTC,1117,6,clonotype3065,clonotype3065_consensus_1
TACTTACCAATAGCAA-1,True,TACTTACCAATAGCAA-1_contig_2,True,564,TRA,TRAV8-4,None,TRAJ24,TRAC,True,True,CAVSASWGKLQF,TGTGCTGTGAGTGCTAGCTGGGGGAAATTGCAGTTT,581,5,clonotype3065,clonotype3065_consensus_2
TACTTACCAATGGAAT-1,True,TACTTACCAATGGAAT-1_contig_1,True,505,TRA,TRAV1-2,None,TRAJ33,TRAC,True,True,CAATDSNYQLIW,TGTGCTGCGACTGATAGCAACTATCAGTTAATCTGG,186,1,clonotype1,clonotype1_consensus_2
TACTTACCAATGGAAT-1,True,TACTTACCAATGGAAT-1_contig_2,True,521,TRB,TRBV20-1,None,TRBJ2-1,TRBC2,True,True,CSARVGSEVNEQFF,TGCAGTGCTAGAGTGGGGTCGGAAGTCAATGAGCAGTTCTTC,1409,11,clonotype1,clonotype1_consensus_1
TACTTACCAATGGAAT-1,True,TACTTACCAATGGAAT-1_contig_3,True,457,TRA,TRAV10,None,TRAJ24,TRAC,True,False,None,None,3072,2,clonotype1,None
TACTTACCAGATGGGT-1,True,TACTTACCAGATGGGT-1_contig_1,True,502,TRA,TRAV1-2,None,TRAJ33,TRAC,True,True,CAATDSNYQLIW,TGTGCTGCGACTGATAGCAACTATCAGTTAATCTGG,198,1,clonotype1,clonotype1_consensus_2
TACTTACCAGATGGGT-1,True,TACTTACCAGATGGGT-1_contig_2,True,521,TRB,TRBV20-1,None,TRBJ2-1,TRBC2,True,True,CSARVGSEVNEQFF,TGCAGTGCTAGAGTGGGGTCGGAAGTCAATGAGCAGTTCTTC,1349,5,clonotype1,clonotype1_consensus_1
TACTTACCATCCGCGA-1,True,TACTTACCATCCGCGA-1_contig_1,True,505,TRA,TRAV1-2,None,TRAJ33,TRAC,True,True,CAATDSNYQLIW,TGTGCTGCGACTGATAGCAACTATCAGTTAATCTGG,534,2,clonotype1,clonotype1_consensus_2
TACTTACCATCCGCGA-1,True,TACTTACCATCCGCGA-1_contig_2,True,521,TRB,TRBV20-1,None,TRBJ2-1,TRBC2,True,True,CSARVGSEVNEQFF,TGCAGTGCTAGAGTGGGGTCGGAAGTCAATGAGCAGTTCTTC,761,6,clonotype1,clonotype1_consensus_1
TACTTACCATCCGCGA-1,True,TACTTACCATCCGCGA-1_contig_3,True,482,TRA,TRAV10,None,TRAJ24,TRAC,True,False,None,None,31,1,clonotype1,None
TACTTACGTATGAATG-1,True,TACTTACGTATGAATG-1_contig_1,True,524,TRB,TRBV20-1,None,TRBJ1-5,TRBC1,True,True,CSARRPGQGDQPQHF,TGCAGTGCTAGACGCCCGGGACAGGGGGATCAGCCCCAGCATTTT,1490,14,clonotype3066,clonotype3066_consensus_2
TACTTACGTATGAATG-1,True,TACTTACGTATGAATG-1_contig_2,True,513,TRA,TRAV30,None,TRAJ50,TRAC,True,True,CGTERSSYDKVIF,TGCGGCACAGAGAGGAGCTCCTACGACAAGGTGATATTT,1744,6,clonotype3066,clonotype3066_consensus_1
TACTTACGTCACTGGC-1,True,TACTTACGTCACTGGC-1_contig_1,True,505,TRA,TRAV1-2,None,TRAJ33,TRAC,True,True,CAATDSNYQLIW,TGTGCTGCGACTGATAGCAACTATCAGTTAATCTGG,594,4,clonotype1,clonotype1_consensus_2
TACTTACGTCACTGGC-1,True,TACTTACGTCACTGGC-1_contig_2,True,498,TRB,TRBV20-1,None,TRBJ2-1,TRBC2,True,True,CSARVGSEVNEQFF,TGCAGTGCTAGAGTGGGGTCGGAAGTCAATGAGCAGTTCTTC,1946,8,clonotype1,clonotype1_consensus_1
TACTTACGTTCGGGCT-1,True,TACTTACGTTCGGGCT-1_contig_1,True,508,TRA,TRAV20,None,TRAJ36,TRAC,True,True,CAVLDQTGANNLFF,TGTGCTGTGCTTGATCAAACTGGGGCAAACAACCTCTTCTTT,1349,5,clonotype137,clonotype137_consensus_1
TACTTACGTTCGGGCT-1,True,TACTTACGTTCGGGCT-1_contig_2,True,657,TRB,TRBV5-6,None,TRBJ1-1,TRBC1,True,True,CASSWWRGNTEAFF,TGTGCCAGCAGCTGGTGGAGGGGGAACACTGAAGCTTTCTTT,714,7,clonotype137,clonotype137_consensus_2
TACTTACTCAGTCAGT-1,True,TACTTACTCAGTCAGT-1_contig_1,True,574,TRA,TRAV8-1,None,TRAJ40,TRAC,True,True,CAVMTTSGTYKYIF,TGTGCCGTGATGACTACCTCAGGAACCTACAAATACATCTTT,3579,9,clonotype3067,clonotype3067_consensus_3
TACTTACTCAGTCAGT-1,True,TACTTACTCAGTCAGT-1_contig_2,True,504,TRB,TRBV20-1,None,TRBJ2-1,TRBC2,True,True,CSANSLQGILYNEQFF,TGCAGTGCTAATTCGCTACAGGGGATTCTGTACAATGAGCAGTTCTTC,1723,8,clonotype3067,clonotype3067_consensus_1
TACTTACTCAGTCAGT-1,True,TACTTACTCAGTCAGT-1_contig_3,True,527,TRB,TRBV20-1,None,TRBJ2-7,TRBC2,True,True,CSVLGLAGGPPYEQYF,TGCAGTGTTTTGGGACTAGCGGGGGGGCCCCCCTACGAGCAGTACTTC,1583,10,clonotype3067,clonotype3067_consensus_2
TACTTACTCAGTCAGT-1,True,TACTTACTCAGTCAGT-1_contig_4,True,506,TRB,TRBV9,None,TRBJ1-5,TRBC1,True,False,None,None,755,4,clonotype3067,None
TACTTACTCCAAAGTC-1,True,TACTTACTCCAAAGTC-1_contig_1,True,507,TRB,TRBV20-1,None,TRBJ2-3,TRBC2,True,True,CSARVSAGRGLTDTQYF,TGCAGTGCTAGAGTCTCGGCGGGGCGGGGCCTCACAGATACGCAGTATTTT,2746,5,clonotype82,clonotype82_consensus_1
TACTTACTCCAAAGTC-1,True,TACTTACTCCAAAGTC-1_contig_2,True,527,TRA,TRAV16,None,TRAJ52,TRAC,True,False,None,None,315,1,clonotype82,None
TACTTACTCCAAAGTC-1,True,TACTTACTCCAAAGTC-1_contig_3,True,309,TRA,None,None,TRAJ18,TRAC,False,False,None,None,111,1,clonotype82,None
TACTTACTCCAGTAGT-1,True,TACTTACTCCAGTAGT-1_contig_1,True,505,TRA,TRAV1-2,None,TRAJ33,TRAC,True,True,CAATDSNYQLIW,TGTGCTGCGACTGATAGCAACTATCAGTTAATCTGG,657,6,clonotype1,clonotype1_consensus_2
TACTTACTCCAGTAGT-1,True,TACTTACTCCAGTAGT-1_contig_2,True,498,TRB,TRBV20-1,None,TRBJ2-1,TRBC2,True,True,CSARVGSEVNEQFF,TGCAGTGCTAGAGTGGGGTCGGAAGTCAATGAGCAGTTCTTC,1917,10,clonotype1,clonotype1_consensus_1
TACTTACTCCAGTAGT-1,True,TACTTACTCCAGTAGT-1_contig_3,True,482,TRA,TRAV10,None,TRAJ24,TRAC,True,False,None,None,2098,2,clonotype1,None
TACTTACTCCTTGCCA-1,True,TACTTACTCCTTGCCA-1_contig_1,True,494,TRA,TRAV38-2/DV8,None,TRAJ39,TRAC,True,True,CAYRWPPAGNMLTF,TGTGCTTATAGGTGGCCCCCAGCAGGCAACATGCTCACCTTT,271,2,clonotype3068,clonotype3068_consensus_1
TACTTACTCCTTGCCA-1,True,TACTTACTCCTTGCCA-1_contig_2,True,530,TRB,TRBV20-1,None,TRBJ2-1,TRBC2,True,True,CSARGFLGTSGYNEQFF,TGCAGTGCTAGAGGGTTCCTCGGGACTAGCGGTTACAATGAGCAGTTCTTC,938,7,clonotype3068,clonotype3068_consensus_2
TACTTACTCGGTCTAA-1,True,TACTTACTCGGTCTAA-1_contig_1,True,521,TRB,TRBV20-1,None,TRBJ2-1,TRBC2,True,True,CSARVGSEVNEQFF,TGCAGTGCTAGAGTGGGGTCGGAAGTCAATGAGCAGTTCTTC,596,6,clonotype2,clonotype2_consensus_1
TACTTACTCGGTCTAA-1,True,TACTTACTCGGTCTAA-1_contig_2,True,482,TRA,TRAV10,None,TRAJ24,TRAC,True,False,None,None,274,3,clonotype2,None
TACTTACTCGTAGGAG-1,True,TACTTACTCGTAGGAG-1_contig_1,True,505,TRA,TRAV1-2,None,TRAJ33,TRAC,True,True,CAATDSNYQLIW,TGTGCTGCGACTGATAGCAACTATCAGTTAATCTGG,578,3,clonotype1,clonotype1_consensus_2
TACTTACTCGTAGGAG-1,True,TACTTACTCGTAGGAG-1_contig_2,True,521,TRB,TRBV20-1,None,TRBJ2-1,TRBC2,True,True,CSARVGSEVNEQFF,TGCAGTGCTAGAGTGGGGTCGGAAGTCAATGAGCAGTTCTTC,3786,22,clonotype1,clonotype1_consensus_1
TACTTACTCGTAGGAG-1,True,TACTTACTCGTAGGAG-1_contig_3,True,465,TRA,TRAV10,None,TRAJ24,TRAC,True,False,None,None,249,3,clonotype1,None
TACTTGTAGGCTACGA-1,True,TACTTGTAGGCTACGA-1_contig_1,True,505,TRA,TRAV1-2,None,TRAJ33,TRAC,True,True,CAATDSNYQLIW,TGTGCTGCGACTGATAGCAACTATCAGTTAATCTGG,282,5,clonotype1,clonotype1_consensus_2
TACTTGTAGGCTACGA-1,True,TACTTGTAGGCTACGA-1_contig_2,True,491,TRB,TRBV20-1,None,TRBJ2-1,TRBC2,True,True,CSARVGSEVNEQFF,TGCAGTGCTAGAGTGGGGTCGGAAGTCAATGAGCAGTTCTTC,1083,7,clonotype1,clonotype1_consensus_1
TACTTGTAGTCAAGCG-1,True,TACTTGTAGTCAAGCG-1_contig_1,True,521,TRB,TRBV20-1,None,TRBJ2-1,TRBC2,True,True,CSARVGSEVNEQFF,TGCAGTGCTAGAGTGGGGTCGGAAGTCAATGAGCAGTTCTTC,1553,9,clonotype2,clonotype2_consensus_1
TACTTGTCAATCAGAA-1,True,TACTTGTCAATCAGAA-1_contig_1,True,514,TRA,TRAV30,None,TRAJ57,TRAC,True,True,CGTEIVQGGSEKLVF,TGTGGCACAGAGATAGTACAGGGCGGATCTGAAAAGCTGGTCTTT,237,1,clonotype3069,clonotype3069_consensus_1
TACTTGTCAATCAGAA-1,True,TACTTGTCAATCAGAA-1_contig_2,True,521,TRB,TRBV20-1,None,TRBJ2-1,TRBC2,True,True,CSARAGTIYNEQFF,TGCAGTGCTAGAGCCGGGACCATCTACAATGAGCAGTTCTTC,2651,15,clonotype3069,clonotype3069_consensus_2
TACTTGTCACATGTGT-1,True,TACTTGTCACATGTGT-1_contig_1,True,505,TRA,TRAV1-2,None,TRAJ33,TRAC,True,True,CAATDSNYQLIW,TGTGCTGCGACTGATAGCAACTATCAGTTAATCTGG,587,3,clonotype1,clonotype1_consensus_2
TACTTGTCACATGTGT-1,True,TACTTGTCACATGTGT-1_contig_2,True,498,TRB,TRBV20-1,None,TRBJ2-1,TRBC2,True,True,CSARVGSEVNEQFF,TGCAGTGCTAGAGTGGGGTCGGAAGTCAATGAGCAGTTCTTC,480,8,clonotype1,clonotype1_consensus_1
TACTTGTCACCACCAG-1,True,TACTTGTCACCACCAG-1_contig_1,True,545,TRA,TRAV17,None,TRAJ37,TRAC,True,True,CATAPPDSSNTGKLIF,TGTGCTACGGCCCCTCCTGACTCTAGCAACACAGGCAAACTAATCTTT,582,2,clonotype3070,clonotype3070_consensus_1
TACTTGTCACCACCAG-1,True,TACTTGTCACCACCAG-1_contig_2,True,521,TRB,TRBV20-1,None,TRBJ1-1,TRBC1,True,True,CSAAPGHLNTEAFF,TGCAGTGCTGCCCCGGGACATCTGAACACTGAAGCTTTCTTT,1249,4,clonotype3070,clonotype3070_consensus_2
TACTTGTCACCACCAG-1,True,TACTTGTCACCACCAG-1_contig_3,True,444,TRA,TRAV13-1,None,TRAJ45,TRAC,True,False,None,None,4163,2,clonotype3070,None
TACTTGTCAGGACGTA-1,True,TACTTGTCAGGACGTA-1_contig_1,True,469,TRA,TRAV38-1,None,TRAJ26,TRAC,True,True,CAFTSYGQNFVF,TGTGCTTTCACCTCATATGGTCAGAATTTTGTCTTT,937,6,clonotype14,clonotype14_consensus_1
TACTTGTCAGGACGTA-1,True,TACTTGTCAGGACGTA-1_contig_2,True,485,TRB,TRBV20-1,None,TRBJ2-3,TRBC2,True,True,CSARPDTSTDTQYF,TGCAGTGCCCGTCCTGATACTAGCACAGATACGCAGTATTTT,1677,8,clonotype14,clonotype14_consensus_2
TACTTGTCAGGACGTA-1,True,TACTTGTCAGGACGTA-1_contig_3,True,350,TRB,None,None,TRBJ1-1,TRBC1,False,False,None,None,33,2,clonotype14,None
TACTTGTCATTCTTAC-1,True,TACTTGTCATTCTTAC-1_contig_1,True,491,TRA,TRAV9-2,None,TRAJ49,TRAC,True,True,CALSLLNTGNQFYF,TGTGCTCTGAGTCTTTTGAACACCGGTAACCAGTTCTATTTT,172,2,clonotype3071,clonotype3071_consensus_2
TACTTGTCATTCTTAC-1,True,TACTTGTCATTCTTAC-1_contig_2,True,530,TRB,TRBV20-1,None,TRBJ1-1,TRBC1,True,True,CSATRDRGRHWETEAFF,TGCAGTGCCACCCGGGACAGGGGGCGCCATTGGGAAACTGAAGCTTTCTTT,1158,10,clonotype3071,clonotype3071_consensus_1
TACTTGTGTATTCTCT-1,True,TACTTGTGTATTCTCT-1_contig_1,True,505,TRA,TRAV1-2,None,TRAJ33,TRAC,True,True,CAATDSNYQLIW,TGTGCTGCGACTGATAGCAACTATCAGTTAATCTGG,512,4,clonotype1,clonotype1_consensus_2
TACTTGTGTATTCTCT-1,True,TACTTGTGTATTCTCT-1_contig_2,True,521,TRB,TRBV20-1,None,TRBJ2-1,TRBC2,True,True,CSARVGSEVNEQFF,TGCAGTGCTAGAGTGGGGTCGGAAGTCAATGAGCAGTTCTTC,949,5,clonotype1,clonotype1_consensus_1
TACTTGTGTATTCTCT-1,True,TACTTGTGTATTCTCT-1_contig_3,True,465,TRA,TRAV10,None,TRAJ24,TRAC,True,False,None,None,1073,4,clonotype1,None
TACTTGTGTCAAAGAT-1,True,TACTTGTGTCAAAGAT-1_contig_1,True,514,TRB,TRBV20-1,None,TRBJ2-1,TRBC2,True,True,CSARVGSEVNEQFF,TGCAGTGCTAGAGTGGGGTCGGAAGTCAATGAGCAGTTCTTC,1604,10,clonotype2,clonotype2_consensus_1
TACTTGTGTCACAAGG-1,True,TACTTGTGTCACAAGG-1_contig_1,True,512,TRB,TRBV20-1,None,TRBJ1-1,TRBC1,True,True,CSAPINTEAFF,TGCAGTGCTCCAATAAACACTGAAGCTTTCTTT,1275,11,clonotype84,clonotype84_consensus_2
TACTTGTGTCACAAGG-1,True,TACTTGTGTCACAAGG-1_contig_2,True,544,TRA,TRAV16,None,TRAJ31,TRAC,True,True,CAFQNNNARLMF,TGTGCTTTCCAGAATAACAATGCCAGACTCATGTTT,426,3,clonotype84,clonotype84_consensus_1
TACTTGTGTGCCTTGG-1,True,TACTTGTGTGCCTTGG-1_contig_1,True,614,TRA,TRAV8-2,None,TRAJ42,TRAC,True,True,CVVSSSYGGSQGNLIF,TGTGTTGTGAGTTCTTCTTATGGAGGAAGCCAAGGAAATCTCATCTTT,4730,4,clonotype214,clonotype214_consensus_2
TACTTGTGTGCCTTGG-1,True,TACTTGTGTGCCTTGG-1_contig_2,True,703,TRB,TRBV5-6,None,TRBJ1-2,TRBC1,True,True,CASSLTGTYGYTF,TGTGCCAGCAGCTTGACAGGGACCTATGGCTACACCTTC,438,4,clonotype214,clonotype214_consensus_1
TACTTGTGTGCCTTGG-1,True,TACTTGTGTGCCTTGG-1_contig_3,True,500,TRA,TRAV13-2,None,TRAJ28,None,True,False,CREDPPGAGSYQLTF,TGCAGAGAAGATCCCCCTGGGGCTGGGAGTTACCAACTCACTTTC,77,1,clonotype214,None
TACTTGTGTGCGCTTG-1,True,TACTTGTGTGCGCTTG-1_contig_1,True,502,TRA,TRAV17,None,TRAJ31,TRAC,True,True,CATVNNARLMF,TGTGCTACGGTTAACAATGCCAGACTCATGTTT,457,2,clonotype3072,clonotype3072_consensus_1
TACTTGTGTGCGCTTG-1,True,TACTTGTGTGCGCTTG-1_contig_2,True,653,TRB,TRBV5-6,None,TRBJ1-3,TRBC1,True,True,CASSLWPTSSGNTIYF,TGTGCCAGCAGCTTGTGGCCAACTAGCTCTGGAAACACCATATATTTT,128,3,clonotype3072,clonotype3072_consensus_2
TACTTGTGTGTAACGG-1,True,TACTTGTGTGTAACGG-1_contig_1,True,495,TRA,TRAV35,None,TRAJ40,TRAC,True,True,CAGRPDSGTYKYIF,TGTGCTGGTCGCCCGGACTCAGGAACCTACAAATACATCTTT,285,2,clonotype10,clonotype10_consensus_2
TACTTGTGTGTAACGG-1,True,TACTTGTGTGTAACGG-1_contig_2,True,524,TRB,TRBV20-1,None,TRBJ1-2,TRBC1,True,True,CSARDQTGVNYGYTF,TGCAGTGCTAGAGACCAGACAGGGGTTAACTATGGCTACACCTTC,1209,10,clonotype10,clonotype10_consensus_1
TACTTGTGTGTAACGG-1,True,TACTTGTGTGTAACGG-1_contig_3,True,521,TRA,TRAV16,None,TRAJ20,TRAC,True,False,None,None,483,3,clonotype10,None
TACTTGTGTTACCAGT-1,True,TACTTGTGTTACCAGT-1_contig_1,True,505,TRA,TRAV1-2,None,TRAJ33,TRAC,True,True,CAATDSNYQLIW,TGTGCTGCGACTGATAGCAACTATCAGTTAATCTGG,502,3,clonotype1,clonotype1_consensus_2
TACTTGTGTTACCAGT-1,True,TACTTGTGTTACCAGT-1_contig_2,True,521,TRB,TRBV20-1,None,TRBJ2-1,TRBC2,True,True,CSARVGSEVNEQFF,TGCAGTGCTAGAGTGGGGTCGGAAGTCAATGAGCAGTTCTTC,6400,19,clonotype1,clonotype1_consensus_1
TACTTGTTCAGAGACG-1,True,TACTTGTTCAGAGACG-1_contig_1,True,671,TRB,TRBV5-6,None,TRBJ1-4,TRBC1,True,True,CASSSFTATDGGNEKLFF,TGTGCCAGCAGCTCGTTTACGGCGACGGACGGTGGTAATGAAAAACTGTTTTTT,2029,9,clonotype3073,clonotype3073_consensus_2
TACTTGTTCAGAGACG-1,True,TACTTGTTCAGAGACG-1_contig_2,True,577,TRA,TRAV19,None,TRAJ52,TRAC,True,True,CALSEGRAGGTSYGKLTF,TGTGCTCTGAGTGAGGGACGTGCTGGTGGTACTAGCTATGGAAAGCTGACATTT,941,7,clonotype3073,clonotype3073_consensus_1
TACTTGTTCAGAGACG-1,True,TACTTGTTCAGAGACG-1_contig_3,True,328,TRB,None,None,TRBJ1-2,TRBC1,False,False,None,None,468,3,clonotype3073,None
TACTTGTTCAGATAAG-1,True,TACTTGTTCAGATAAG-1_contig_1,True,508,TRA,TRAV20,None,TRAJ24,TRAC,True,True,CAVMTTDSWGKFQF,TGTGCTGTTATGACAACTGACAGCTGGGGGAAATTCCAGTTT,241,1,clonotype3074,clonotype3074_consensus_3
TACTTGTTCAGATAAG-1,True,TACTTGTTCAGATAAG-1_contig_2,True,652,TRA,TRAV8-6,None,TRAJ28,TRAC,True,True,CAVTKVGAGSYQLTF,TGTGCTGTGACCAAAGTGGGGGCTGGGAGTTACCAACTCACTTTC,207,2,clonotype3074,clonotype3074_consensus_1
TACTTGTTCAGATAAG-1,True,TACTTGTTCAGATAAG-1_contig_3,True,508,TRB,TRBV5-5,None,TRBJ1-1,TRBC1,True,True,CASSLVGRDTEAFF,TGTGCCAGCAGCCTTGTGGGGAGGGACACTGAAGCTTTCTTT,2059,10,clonotype3074,clonotype3074_consensus_2
TACTTGTTCATGGTCA-1,True,TACTTGTTCATGGTCA-1_contig_1,True,471,TRA,TRAV1-2,None,TRAJ33,None,True,True,CAATDSNYQLIW,TGTGCTGCGACTGATAGCAACTATCAGTTAATCTGG,115,2,clonotype1,clonotype1_consensus_2
TACTTGTTCATGGTCA-1,True,TACTTGTTCATGGTCA-1_contig_2,True,521,TRB,TRBV20-1,None,TRBJ2-1,TRBC2,True,True,CSARVGSEVNEQFF,TGCAGTGCTAGAGTGGGGTCGGAAGTCAATGAGCAGTTCTTC,747,4,clonotype1,clonotype1_consensus_1
TACTTGTTCATGGTCA-1,True,TACTTGTTCATGGTCA-1_contig_3,True,499,TRA,TRAV10,None,TRAJ24,TRAC,True,False,None,None,193,5,clonotype1,None
TACTTGTTCCCAACGG-1,True,TACTTGTTCCCAACGG-1_contig_1,True,498,TRB,TRBV20-1,None,TRBJ2-1,TRBC2,True,True,CSARVGSEVNEQFF,TGCAGTGCTAGAGTGGGGTCGGAAGTCAATGAGCAGTTCTTC,879,4,clonotype2,clonotype2_consensus_1
TACTTGTTCCCAACGG-1,True,TACTTGTTCCCAACGG-1_contig_2,True,471,TRA,TRAV10,None,TRAJ24,TRAC,True,False,None,None,769,4,clonotype2,None
TACTTGTTCCGTCATC-1,True,TACTTGTTCCGTCATC-1_contig_1,True,570,TRA,TRAV8-4,None,TRAJ3,TRAC,True,True,CAVTLYSSASKIIF,TGTGCTGTGACCCTTTACAGCAGTGCTTCCAAGATAATCTTT,618,7,clonotype25,clonotype25_consensus_2
TACTTGTTCCGTCATC-1,True,TACTTGTTCCGTCATC-1_contig_2,True,765,TRB,TRBV5-6,None,TRBJ2-2,TRBC2,True,True,CASSQIGTGGNTGELFF,TGTGCCAGCAGCCAGATCGGGACAGGGGGAAACACCGGGGAGCTGTTTTTT,2094,10,clonotype25,clonotype25_consensus_1
TACTTGTTCCGTCATC-1,True,TACTTGTTCCGTCATC-1_contig_3,True,303,TRB,None,None,TRBJ2-7,TRBC2,False,False,None,None,641,3,clonotype25,None
TACTTGTTCGCGTAGC-1,True,TACTTGTTCGCGTAGC-1_contig_1,True,477,TRA,TRAV38-1,None,TRAJ40,TRAC,True,True,CAFMKLASGTYKYIF,TGTGCTTTCATGAAGCTGGCCTCAGGAACCTACAAATACATCTTT,94,1,clonotype3075,clonotype3075_consensus_2
TACTTGTTCGCGTAGC-1,True,TACTTGTTCGCGTAGC-1_contig_2,True,714,TRB,TRBV5-6,None,TRBJ1-5,TRBC1,True,True,CASSLWIGQGDQPQHF,TGTGCCAGCAGCTTGTGGATAGGACAGGGCGATCAGCCCCAGCATTTT,1932,11,clonotype3075,clonotype3075_consensus_1
TACTTGTTCGCGTAGC-1,True,TACTTGTTCGCGTAGC-1_contig_3,True,584,TRA,TRAV26-1,None,TRAJ44,TRAC,True,False,None,None,236,2,clonotype3075,None
TACTTGTTCTTGCCGT-1,True,TACTTGTTCTTGCCGT-1_contig_1,True,563,TRA,TRAV12-1,None,TRAJ5,TRAC,True,True,CVVDTGRRALTF,TGTGTGGTGGACACGGGCAGGAGAGCACTTACTTTT,439,3,clonotype60,clonotype60_consensus_2
TACTTGTTCTTGCCGT-1,True,TACTTGTTCTTGCCGT-1_contig_2,True,495,TRB,TRBV20-1,None,TRBJ1-1,TRBC1,True,True,CSAEFGTGAEGAFF,TGCAGTGCTGAGTTCGGGACAGGGGCCGAAGGAGCTTTCTTT,1780,9,clonotype60,clonotype60_consensus_1
TAGACCAAGACAGGCT-1,True,TAGACCAAGACAGGCT-1_contig_1,True,483,TRA,TRAV9-2,None,TRAJ8,TRAC,True,True,CALGFQKLVF,TGTGCTCTGGGCTTTCAGAAACTTGTATTT,751,6,clonotype96,clonotype96_consensus_1
TAGACCAAGACAGGCT-1,True,TAGACCAAGACAGGCT-1_contig_2,True,476,TRB,TRBV20-1,None,TRBJ1-5,TRBC1,True,True,CSARDLAGERQPQHF,TGCAGTGCTAGAGATTTGGCAGGGGAACGCCAGCCCCAGCATTTT,1636,5,clonotype96,clonotype96_consensus_2
TAGACCAAGATATACG-1,True,TAGACCAAGATATACG-1_contig_1,True,670,TRB,TRBV5-6,None,TRBJ2-2,TRBC2,True,True,CASSLSPEDPTNTGELFF,TGTGCCAGCAGCTTGAGTCCGGAAGACCCTACGAACACCGGGGAGCTGTTTTTT,1371,9,clonotype75,clonotype75_consensus_1
TAGACCAAGATATACG-1,True,TAGACCAAGATATACG-1_contig_2,True,554,TRA,TRAV29/DV5,None,TRAJ44,TRAC,True,False,None,None,129,4,clonotype75,None
TAGACCAAGCGAGAAA-1,True,TAGACCAAGCGAGAAA-1_contig_1,True,500,TRA,TRAV1-2,None,TRAJ33,TRAC,True,True,CAATDSNYQLIW,TGTGCTGCGACTGATAGCAACTATCAGTTAATCTGG,418,3,clonotype1,clonotype1_consensus_2
TAGACCAAGCGAGAAA-1,True,TAGACCAAGCGAGAAA-1_contig_2,True,518,TRB,TRBV20-1,None,TRBJ2-1,TRBC2,True,True,CSARVGSEVNEQFF,TGCAGTGCTAGAGTGGGGTCGGAAGTCAATGAGCAGTTCTTC,1139,5,clonotype1,clonotype1_consensus_1
TAGACCAAGCTAGGCA-1,True,TAGACCAAGCTAGGCA-1_contig_1,True,498,TRB,TRBV20-1,None,TRBJ2-1,TRBC2,True,True,CSARVGSEVNEQFF,TGCAGTGCTAGAGTGGGGTCGGAAGTCAATGAGCAGTTCTTC,914,8,clonotype2,clonotype2_consensus_1
TAGACCAAGCTAGGCA-1,True,TAGACCAAGCTAGGCA-1_contig_2,True,381,TRB,None,None,TRBJ1-4,TRBC1,False,False,None,None,739,2,clonotype2,None
TAGACCAAGGCATTGG-1,True,TAGACCAAGGCATTGG-1_contig_1,True,505,TRA,TRAV1-2,None,TRAJ33,TRAC,True,True,CAATDSNYQLIW,TGTGCTGCGACTGATAGCAACTATCAGTTAATCTGG,631,4,clonotype1,clonotype1_consensus_2
TAGACCAAGGCATTGG-1,True,TAGACCAAGGCATTGG-1_contig_2,True,521,TRB,TRBV20-1,None,TRBJ2-1,TRBC2,True,True,CSARVGSEVNEQFF,TGCAGTGCTAGAGTGGGGTCGGAAGTCAATGAGCAGTTCTTC,2625,7,clonotype1,clonotype1_consensus_1
TAGACCAAGGTGCACA-1,True,TAGACCAAGGTGCACA-1_contig_1,True,505,TRA,TRAV1-2,None,TRAJ33,TRAC,True,True,CAATDSNYQLIW,TGTGCTGCGACTGATAGCAACTATCAGTTAATCTGG,258,3,clonotype1,clonotype1_consensus_2
TAGACCAAGGTGCACA-1,True,TAGACCAAGGTGCACA-1_contig_2,True,498,TRB,TRBV20-1,None,TRBJ2-1,TRBC2,True,True,CSARVGSEVNEQFF,TGCAGTGCTAGAGTGGGGTCGGAAGTCAATGAGCAGTTCTTC,1309,9,clonotype1,clonotype1_consensus_1
TAGACCAAGTGTCTCA-1,True,TAGACCAAGTGTCTCA-1_contig_1,True,514,TRA,TRAV20,None,TRAJ45,TRAC,True,True,CAVGRSDRGGADGLTF,TGTGCTGTGGGACGATCCGACAGAGGAGGTGCTGACGGACTCACCTTT,1287,7,clonotype3076,clonotype3076_consensus_1
TAGACCAAGTTAGGTA-1,True,TAGACCAAGTTAGGTA-1_contig_1,True,502,TRA,TRAV1-2,None,TRAJ30,TRAC,True,True,CAVRDLREIIF,TGTGCTGTGAGAGATCTTCGGGAGATCATCTTT,1763,4,clonotype3,clonotype3_consensus_2
TAGACCAAGTTAGGTA-1,True,TAGACCAAGTTAGGTA-1_contig_2,True,516,TRB,TRBV5-5,None,TRBJ1-4,TRBC1,True,True,CASSHPGPNYATNEKLFF,TGTGCCAGCAGCCATCCCGGACCGAACTACGCAACTAATGAAAAACTGTTTTTT,761,3,clonotype3,clonotype3_consensus_1
TAGACCAAGTTAGGTA-1,True,TAGACCAAGTTAGGTA-1_contig_3,True,494,TRB,TRBV7-3,None,TRBJ2-1,TRBC2,True,False,CQQRSLKAGGPYNEQFF,TGCCAGCAGCGGTCACTTAAAGCGGGGGGACCCTACAATGAGCAGTTCTTC,2876,2,clonotype3,None
TAGACCACAAGCCATT-1,True,TAGACCACAAGCCATT-1_contig_1,True,475,TRB,TRBV5-5,None,TRBJ1-2,TRBC1,True,True,CASRGGQHYGYTF,TGTGCCAGCAGAGGTGGACAGCACTATGGCTACACCTTC,3447,10,clonotype3077,clonotype3077_consensus_1
TAGACCACAAGCCATT-1,True,TAGACCACAAGCCATT-1_contig_2,True,387,TRA,TRAV29/DV5,None,TRAJ37,TRAC,True,False,CTSVQQASGSSNTGKLIF,TGTACTTCTGTGCAGCAAGCGAGTGGCTCTAGCAACACAGGCAAACTAATCTTT,59,4,clonotype3077,None
TAGACCACAGTAAGCG-1,True,TAGACCACAGTAAGCG-1_contig_1,True,504,TRB,TRBV20-1,None,TRBJ1-6,TRBC1,True,True,CSARGTVSSYNSPLHF,TGCAGTGCTAGGGGGACGGTGAGCTCCTATAATTCACCCCTCCACTTT,422,2,clonotype3078,clonotype3078_consensus_1
TAGACCACAGTAAGCG-1,True,TAGACCACAGTAAGCG-1_contig_2,True,461,TRA,TRAV6,None,TRAJ11,TRAC,True,False,CALDGGYSTLTF,TGTGCTCTAGACGGGGGATACAGCACCCTCACCTTT,8836,3,clonotype3078,None
TAGACCACAGTAAGCG-1,True,TAGACCACAGTAAGCG-1_contig_3,True,695,TRB,TRBV21-1,None,TRBJ1-2,None,True,False,CQQQSRGSYGYTF,TGCCAGCAGCAAAGTCGAGGGTCCTATGGCTACACCTTC,576,2,clonotype3078,None
TAGACCAGTAGCTTGT-1,True,TAGACCAGTAGCTTGT-1_contig_1,True,505,TRA,TRAV1-2,None,TRAJ33,TRAC,True,True,CAATDSNYQLIW,TGTGCTGCGACTGATAGCAACTATCAGTTAATCTGG,404,5,clonotype1,clonotype1_consensus_2
TAGACCAGTAGCTTGT-1,True,TAGACCAGTAGCTTGT-1_contig_2,True,521,TRB,TRBV20-1,None,TRBJ2-1,TRBC2,True,True,CSARVGSEVNEQFF,TGCAGTGCTAGAGTGGGGTCGGAAGTCAATGAGCAGTTCTTC,1606,6,clonotype1,clonotype1_consensus_1
TAGACCAGTCGCATCG-1,True,TAGACCAGTCGCATCG-1_contig_1,True,521,TRB,TRBV20-1,None,TRBJ2-2,TRBC2,True,True,CSAIWGTNTGELFF,TGCAGTGCTATTTGGGGGACGAACACCGGGGAGCTGTTTTTT,1400,10,clonotype3079,clonotype3079_consensus_4
TAGACCAGTCGCATCG-1,True,TAGACCAGTCGCATCG-1_contig_2,True,506,TRA,TRAV13-2,None,TRAJ16,TRAC,True,True,CAENMNGQKLLF,TGTGCAGAGAATATGAATGGCCAGAAGCTGCTCTTT,199,2,clonotype3079,clonotype3079_consensus_2
TAGACCAGTCGCATCG-1,True,TAGACCAGTCGCATCG-1_contig_3,True,543,TRA,TRAV21,None,TRAJ49,TRAC,True,True,CAPAAAGNQFYF,TGTGCCCCCGCCGCGGCCGGTAACCAGTTCTATTTT,764,5,clonotype3079,clonotype3079_consensus_1
TAGACCAGTCGCATCG-1,True,TAGACCAGTCGCATCG-1_contig_4,True,509,TRB,TRBV5-5,None,TRBJ1-1,TRBC1,True,True,CASSVSTGNTEAFF,TGTGCCAGCAGCGTCTCGACAGGGAACACTGAAGCTTTCTTT,360,4,clonotype3079,clonotype3079_consensus_3
TAGACCAGTCTTCAAG-1,True,TAGACCAGTCTTCAAG-1_contig_1,True,473,TRB,TRBV20-1,None,TRBJ2-1,TRBC2,True,True,CSARVGSEVNEQFF,TGCAGTGCTAGAGTGGGGTCGGAAGTCAATGAGCAGTTCTTC,1119,5,clonotype2,clonotype2_consensus_1
TAGACCAGTGTGACCC-1,True,TAGACCAGTGTGACCC-1_contig_1,True,567,TRA,TRAV8-4,None,TRAJ29,TRAC,True,True,CAVSPRGNTPLVF,TGTGCTGTGAGCCCGAGGGGAAACACACCTCTTGTCTTT,1764,9,clonotype3080,clonotype3080_consensus_2
TAGACCAGTGTGACCC-1,True,TAGACCAGTGTGACCC-1_contig_2,True,515,TRB,TRBV20-1,None,TRBJ2-3,TRBC2,True,True,CSATAGGRTDTQYF,TGCAGTGCTACCGCGGGGGGACGTACAGATACGCAGTATTTT,2017,10,clonotype3080,clonotype3080_consensus_1
TAGACCAGTGTGACCC-1,True,TAGACCAGTGTGACCC-1_contig_3,True,503,TRB,TRBV5-5,None,TRBJ1-5,TRBC1,True,True,CASSPGLPKEPQHF,TGTGCCAGCAGCCCGGGACTCCCCAAGGAGCCCCAGCATTTT,2397,9,clonotype3080,clonotype3080_consensus_3
TAGACCAGTGTGACCC-1,True,TAGACCAGTGTGACCC-1_contig_4,True,616,TRB,TRBV7-6,None,TRBJ1-2,TRBC1,True,False,CQQLSAEGDTGYTF,TGCCAGCAGCTTAGCGCTGAGGGGGATACTGGCTACACCTTC,177,2,clonotype3080,None
TAGACCAGTGTGACCC-1,True,TAGACCAGTGTGACCC-1_contig_5,True,379,TRB,TRBV7-6,None,TRBJ1-4,TRBC1,True,False,CQQLSAEGDTGYTF,TGCCAGCAGCTTAGCGCTGAGGGGGATACTGGCTACACCTTC,819,1,clonotype3080,None
TAGACCAGTGTTGAGG-1,True,TAGACCAGTGTTGAGG-1_contig_1,True,518,TRB,TRBV20-1,None,TRBJ1-5,TRBC1,True,True,CSAKGDSNQPQHF,TGCAGTGCTAAGGGGGACAGCAATCAGCCCCAGCATTTT,1606,9,clonotype238,clonotype238_consensus_2
TAGACCAGTGTTGAGG-1,True,TAGACCAGTGTTGAGG-1_contig_2,True,490,TRA,TRAV38-1,None,TRAJ23,TRAC,True,True,CASPYYNQGGKLIF,TGTGCTTCGCCCTACTATAACCAGGGAGGAAAGCTTATCTTC,180,5,clonotype238,clonotype238_consensus_1
TAGACCAGTTTGTTTC-1,True,TAGACCAGTTTGTTTC-1_contig_1,True,505,TRA,TRAV1-2,None,TRAJ33,TRAC,True,True,CAATDSNYQLIW,TGTGCTGCGACTGATAGCAACTATCAGTTAATCTGG,459,1,clonotype1,clonotype1_consensus_2
TAGACCAGTTTGTTTC-1,True,TAGACCAGTTTGTTTC-1_contig_2,True,521,TRB,TRBV20-1,None,TRBJ2-1,TRBC2,True,True,CSARVGSEVNEQFF,TGCAGTGCTAGAGTGGGGTCGGAAGTCAATGAGCAGTTCTTC,1340,8,clonotype1,clonotype1_consensus_1
TAGACCATCAAAGTAG-1,True,TAGACCATCAAAGTAG-1_contig_1,True,505,TRA,TRAV1-2,None,TRAJ33,TRAC,True,True,CAATDSNYQLIW,TGTGCTGCGACTGATAGCAACTATCAGTTAATCTGG,818,4,clonotype1,clonotype1_consensus_2
TAGACCATCAAAGTAG-1,True,TAGACCATCAAAGTAG-1_contig_2,True,521,TRB,TRBV20-1,None,TRBJ2-1,TRBC2,True,True,CSARVGSEVNEQFF,TGCAGTGCTAGAGTGGGGTCGGAAGTCAATGAGCAGTTCTTC,1742,9,clonotype1,clonotype1_consensus_1
TAGACCATCAAAGTAG-1,True,TAGACCATCAAAGTAG-1_contig_3,True,482,TRA,TRAV10,None,TRAJ24,TRAC,True,False,None,None,1581,5,clonotype1,None
TAGAGCTAGACGACGT-1,True,TAGAGCTAGACGACGT-1_contig_1,True,521,TRB,TRBV20-1,None,TRBJ2-1,TRBC2,True,True,CSARVGSEVNEQFF,TGCAGTGCTAGAGTGGGGTCGGAAGTCAATGAGCAGTTCTTC,1214,7,clonotype2,clonotype2_consensus_1
TAGAGCTAGCACCGCT-1,True,TAGAGCTAGCACCGCT-1_contig_1,True,518,TRB,TRBV20-1,None,TRBJ1-1,TRBC1,True,True,CRAQSDGNTEAFF,TGCAGGGCTCAATCCGACGGGAACACTGAAGCTTTCTTT,1252,6,clonotype3081,clonotype3081_consensus_2
TAGAGCTAGCACCGCT-1,True,TAGAGCTAGCACCGCT-1_contig_2,True,535,TRA,TRAV12-2,None,TRAJ10,TRAC,True,True,CAVLVNKLTF,TGTGCCGTGCTAGTGAACAAACTCACCTTT,954,8,clonotype3081,clonotype3081_consensus_1
TAGAGCTAGCACCGCT-1,True,TAGAGCTAGCACCGCT-1_contig_3,True,342,TRB,None,None,TRBJ1-5,TRBC1,False,False,None,None,785,1,clonotype3081,None
TAGAGCTAGGAGTAGA-1,True,TAGAGCTAGGAGTAGA-1_contig_1,True,505,TRA,TRAV1-2,None,TRAJ33,TRAC,True,True,CAATDSNYQLIW,TGTGCTGCGACTGATAGCAACTATCAGTTAATCTGG,183,2,clonotype1,clonotype1_consensus_2
TAGAGCTAGGAGTAGA-1,True,TAGAGCTAGGAGTAGA-1_contig_2,True,521,TRB,TRBV20-1,None,TRBJ2-1,TRBC2,True,True,CSARVGSEVNEQFF,TGCAGTGCTAGAGTGGGGTCGGAAGTCAATGAGCAGTTCTTC,1691,10,clonotype1,clonotype1_consensus_1
TAGAGCTAGGAGTAGA-1,True,TAGAGCTAGGAGTAGA-1_contig_3,True,482,TRA,TRAV10,None,TRAJ24,TRAC,True,False,None,None,611,3,clonotype1,None
TAGAGCTAGTCGTACT-1,True,TAGAGCTAGTCGTACT-1_contig_1,True,512,TRA,TRAV13-2,None,TRAJ11,TRAC,True,True,CAENMNSGYSTLTF,TGTGCAGAGAATATGAATTCAGGATACAGCACCCTCACCTTT,347,4,clonotype3082,clonotype3082_consensus_2
TAGAGCTAGTCGTACT-1,True,TAGAGCTAGTCGTACT-1_contig_2,True,521,TRB,TRBV20-1,None,TRBJ2-7,TRBC2,True,True,CSAPRGTGAYEQYF,TGCAGTGCTCCCCGGGGGACAGGGGCCTACGAGCAGTACTTC,1332,6,clonotype3082,clonotype3082_consensus_1
TAGAGCTAGTGGAGTC-1,True,TAGAGCTAGTGGAGTC-1_contig_1,True,489,TRB,TRBV20-1,None,TRBJ2-7,TRBC2,True,True,CSAVSSYEQYF,TGCAGTGCCGTAAGTTCCTACGAGCAGTACTTC,1718,11,clonotype3083,clonotype3083_consensus_1
TAGAGCTAGTGGAGTC-1,True,TAGAGCTAGTGGAGTC-1_contig_2,True,583,TRA,TRAV17,None,TRAJ12,TRAC,True,True,CATEMDSSYKLIF,TGTGCTACCGAGATGGATAGCAGCTATAAATTGATCTTC,324,3,clonotype3083,clonotype3083_consensus_2
TAGAGCTCAAGTCTAC-1,True,TAGAGCTCAAGTCTAC-1_contig_1,True,521,TRB,TRBV20-1,None,TRBJ1-5,TRBC1,True,True,CSARPGQGFEPQHF,TGCAGTGCTAGGCCCGGACAGGGTTTTGAGCCCCAGCATTTT,750,5,clonotype3084,clonotype3084_consensus_1
TAGAGCTCAATGGAGC-1,True,TAGAGCTCAATGGAGC-1_contig_1,True,459,TRA,TRAV13-1,None,TRAJ22,TRAC,True,True,CAASIGTARQLTF,TGTGCAGCAAGTATAGGGACTGCAAGGCAACTGACCTTT,516,4,clonotype19,clonotype19_consensus_1
TAGAGCTCAATGGAGC-1,True,TAGAGCTCAATGGAGC-1_contig_2,True,495,TRB,TRBV20-1,None,TRBJ2-5,TRBC2,True,True,CSAQTTVVATQYF,TGCAGTGCCCAGACGACGGTAGTAGCGACCCAGTACTTC,1272,6,clonotype19,clonotype19_consensus_2
TAGAGCTCATTTGCTT-1,True,TAGAGCTCATTTGCTT-1_contig_1,True,512,TRA,TRAV25,None,TRAJ45,TRAC,True,True,CAGPYPGGGADGLTF,TGTGCAGGGCCGTATCCAGGAGGAGGTGCTGACGGACTCACCTTT,179,4,clonotype81,clonotype81_consensus_2
TAGAGCTCATTTGCTT-1,True,TAGAGCTCATTTGCTT-1_contig_2,True,513,TRB,TRBV5-5,None,TRBJ1-4,TRBC1,True,True,CASSWGIYVATNEKLFF,TGTGCCAGCAGCTGGGGAATTTATGTTGCAACTAATGAAAAACTGTTTTTT,2707,14,clonotype81,clonotype81_consensus_1
TAGAGCTGTCGAACAG-1,True,TAGAGCTGTCGAACAG-1_contig_1,True,645,TRA,TRAV8-3,None,TRAJ43,TRAC,True,True,CAVALNDMRF,TGTGCTGTGGCCCTCAATGACATGCGCTTT,362,1,clonotype299,clonotype299_consensus_2
TAGAGCTGTCGAACAG-1,True,TAGAGCTGTCGAACAG-1_contig_2,True,511,TRB,TRBV11-2,None,TRBJ2-1,TRBC2,True,True,CASSPGGDRGQFF,TGTGCCAGCAGCCCAGGGGGGGACAGGGGGCAGTTCTTC,3724,15,clonotype299,clonotype299_consensus_1
TAGAGCTGTCGAACAG-1,True,TAGAGCTGTCGAACAG-1_contig_3,True,577,TRA,TRAV8-4,None,TRAJ37,TRAC,True,False,None,None,167,2,clonotype299,None
TAGAGCTGTCTGCGGT-1,True,TAGAGCTGTCTGCGGT-1_contig_1,True,524,TRB,TRBV20-1,None,TRBJ2-7,TRBC2,True,True,CSARTPRQSSYEQYF,TGCAGTGCTAGAACCCCCCGCCAGTCTTCCTACGAGCAGTACTTC,606,4,clonotype3085,clonotype3085_consensus_1
TAGAGCTGTCTGCGGT-1,True,TAGAGCTGTCTGCGGT-1_contig_2,True,618,TRA,TRAV3,None,TRAJ33,TRAC,True,True,CAVRAVDSNYQLIW,TGTGCTGTGAGGGCTGTGGATAGCAACTATCAGTTAATCTGG,208,2,clonotype3085,clonotype3085_consensus_2
TAGAGCTGTGGCGAAT-1,True,TAGAGCTGTGGCGAAT-1_contig_1,True,498,TRB,TRBV20-1,None,TRBJ2-1,TRBC2,True,True,CSARVGSEVNEQFF,TGCAGTGCTAGAGTGGGGTCGGAAGTCAATGAGCAGTTCTTC,1164,6,clonotype2,clonotype2_consensus_1
TAGAGCTGTTATCGGT-1,True,TAGAGCTGTTATCGGT-1_contig_1,True,515,TRB,TRBV20-1,None,TRBJ2-2,TRBC2,True,True,CSARGNTGELFF,TGCAGTGCTAGAGGGAACACCGGGGAGCTGTTTTTT,1903,9,clonotype3086,clonotype3086_consensus_2
TAGAGCTGTTATCGGT-1,True,TAGAGCTGTTATCGGT-1_contig_2,True,491,TRA,TRAV38-2/DV8,None,TRAJ15,TRAC,True,True,CAYRSQAGTALIF,TGTGCTTATAGGAGCCAGGCAGGAACTGCTCTGATCTTT,651,7,clonotype3086,clonotype3086_consensus_1
TAGAGCTGTTATCGGT-1,True,TAGAGCTGTTATCGGT-1_contig_3,True,329,TRB,None,None,TRBJ1-5,TRBC1,False,False,None,None,500,2,clonotype3086,None
TAGAGCTGTTTCGCTC-1,True,TAGAGCTGTTTCGCTC-1_contig_1,True,505,TRA,TRAV1-2,None,TRAJ33,TRAC,True,True,CAATDSNYQLIW,TGTGCTGCGACTGATAGCAACTATCAGTTAATCTGG,977,2,clonotype1,clonotype1_consensus_2
TAGAGCTGTTTCGCTC-1,True,TAGAGCTGTTTCGCTC-1_contig_2,True,521,TRB,TRBV20-1,None,TRBJ2-1,TRBC2,True,True,CSARVGSEVNEQFF,TGCAGTGCTAGAGTGGGGTCGGAAGTCAATGAGCAGTTCTTC,1112,6,clonotype1,clonotype1_consensus_1
TAGAGCTGTTTCGCTC-1,True,TAGAGCTGTTTCGCTC-1_contig_3,True,465,TRA,TRAV10,None,TRAJ24,TRAC,True,False,None,None,519,2,clonotype1,None
TAGAGCTTCCTACAGA-1,True,TAGAGCTTCCTACAGA-1_contig_1,True,501,TRA,TRAV6,None,TRAJ43,TRAC,True,True,CAPSNENNDMRF,TGTGCTCCCTCGAATGAGAACAATGACATGCGCTTT,219,4,clonotype3087,clonotype3087_consensus_1
TAGAGCTTCCTACAGA-1,True,TAGAGCTTCCTACAGA-1_contig_2,True,418,TRB,TRBV20-1,None,TRBJ2-1,TRBC2,True,False,CSASYGTGQNEQFF,TGCAGTGCCTCGTATGGGACAGGGCAAAATGAGCAGTTCTTC,1700,7,clonotype3087,None
TAGAGCTTCCTGCTTG-1,True,TAGAGCTTCCTGCTTG-1_contig_1,True,498,TRB,TRBV20-1,None,TRBJ1-6,TRBC1,True,True,CSARDTARNSPLHF,TGCAGTGCTAGAGATACGGCCAGGAATTCACCCCTCCACTTT,1425,10,clonotype3088,clonotype3088_consensus_1
TAGCCGGAGACCTTTG-1,True,TAGCCGGAGACCTTTG-1_contig_1,True,505,TRA,TRAV1-2,None,TRAJ33,TRAC,True,True,CAATDSNYQLIW,TGTGCTGCGACTGATAGCAACTATCAGTTAATCTGG,127,4,clonotype1,clonotype1_consensus_2
TAGCCGGAGACCTTTG-1,True,TAGCCGGAGACCTTTG-1_contig_2,True,508,TRB,TRBV20-1,None,TRBJ2-1,TRBC2,True,True,CSARVGSEVNEQFF,TGCAGTGCTAGAGTGGGGTCGGAAGTCAATGAGCAGTTCTTC,636,4,clonotype1,clonotype1_consensus_1
TAGCCGGAGCTAAGAT-1,True,TAGCCGGAGCTAAGAT-1_contig_1,True,518,TRB,TRBV20-1,None,TRBJ1-4,TRBC1,True,True,CSAREQGHEKLFF,TGCAGTGCTAGAGAACAGGGGCATGAAAAACTGTTTTTT,335,4,clonotype3089,clonotype3089_consensus_1
TAGCCGGAGCTAAGAT-1,True,TAGCCGGAGCTAAGAT-1_contig_2,True,465,TRA,TRAV13-1,None,TRAJ4,TRAC,True,True,CAARFGPGGYNKLIF,TGTGCAGCTCGGTTTGGACCTGGTGGCTACAATAAGCTGATTTTT,137,4,clonotype3089,clonotype3089_consensus_2
TAGCCGGAGCTAAGAT-1,True,TAGCCGGAGCTAAGAT-1_contig_3,True,304,TRB,TRBV5-5,None,TRBJ1-4,TRBC1,True,False,CASSHPGPNYATNEKLFF,TGTGCCAGCAGCCATCCCGGACCGAACTACGCAACTAATGAAAAACTGTTTTTT,279,3,clonotype3089,None
TAGCCGGAGTCCCACG-1,True,TAGCCGGAGTCCCACG-1_contig_1,True,521,TRB,TRBV20-1,None,TRBJ2-5,TRBC2,True,True,CSATGQGGLETQYF,TGCAGTGCAACGGGACAGGGAGGTTTGGAGACCCAGTACTTC,3860,19,clonotype65,clonotype65_consensus_2
TAGCCGGAGTCCCACG-1,True,TAGCCGGAGTCCCACG-1_contig_2,True,499,TRA,TRAV17,None,TRAJ58,TRAC,True,True,CATDRASGSRLTF,TGTGCTACGGATAGGGCCAGTGGCTCTAGGTTGACCTTT,264,2,clonotype65,clonotype65_consensus_1
TAGCCGGAGTCCCACG-1,True,TAGCCGGAGTCCCACG-1_contig_3,True,351,TRA,None,None,TRAJ32,TRAC,False,False,None,None,168,1,clonotype65,None
TAGCCGGCAGTTCATG-1,True,TAGCCGGCAGTTCATG-1_contig_1,True,515,TRB,TRBV20-1,None,TRBJ1-2,TRBC1,True,True,CSASQGDRGYTF,TGCAGTGCTAGCCAGGGAGATAGAGGCTACACCTTC,783,3,clonotype3090,clonotype3090_consensus_1
TAGCCGGCAGTTCATG-1,True,TAGCCGGCAGTTCATG-1_contig_2,True,310,TRB,None,None,TRBJ2-2P,TRBC2,False,False,None,None,1039,2,clonotype3090,None
TAGCCGGCAGTTTACG-1,True,TAGCCGGCAGTTTACG-1_contig_1,True,492,TRB,TRBV20-1,None,TRBJ2-1,TRBC2,True,True,CSARVGSEVNEQFF,TGCAGTGCTAGAGTGGGGTCGGAAGTCAATGAGCAGTTCTTC,899,3,clonotype2,clonotype2_consensus_1
TAGCCGGCAGTTTACG-1,True,TAGCCGGCAGTTTACG-1_contig_2,True,343,TRB,None,None,TRBJ1-6,TRBC1,False,False,None,None,286,1,clonotype2,None
TAGCCGGCATAGTAAG-1,True,TAGCCGGCATAGTAAG-1_contig_1,True,518,TRB,TRBV20-1,None,TRBJ2-2,TRBC2,True,True,CSASGPRTGELFF,TGCAGTGCTAGCGGCCCTCGCACCGGGGAGCTGTTTTTT,1488,8,clonotype3091,clonotype3091_consensus_1
TAGCCGGCATAGTAAG-1,True,TAGCCGGCATAGTAAG-1_contig_2,True,454,TRA,TRAV2,None,TRAJ4,TRAC,True,True,CAVGVFSGGYNKLIF,TGTGCTGTGGGGGTGTTTTCTGGTGGCTACAATAAGCTGATTTTT,7149,3,clonotype3091,clonotype3091_consensus_2
TAGCCGGCATTCTCAT-1,True,TAGCCGGCATTCTCAT-1_contig_1,True,521,TRB,TRBV20-1,None,TRBJ2-3,TRBC2,True,True,CSARPDTSTDTQYF,TGCAGTGCCCGTCCTGATACTAGCACAGATACGCAGTATTTT,1478,8,clonotype3092,clonotype3092_consensus_1
TAGCCGGGTAGCTCCG-1,True,TAGCCGGGTAGCTCCG-1_contig_1,True,505,TRA,TRAV1-2,None,TRAJ33,TRAC,True,True,CAATDSNYQLIW,TGTGCTGCGACTGATAGCAACTATCAGTTAATCTGG,258,3,clonotype1,clonotype1_consensus_2
TAGCCGGGTAGCTCCG-1,True,TAGCCGGGTAGCTCCG-1_contig_2,True,521,TRB,TRBV20-1,None,TRBJ2-1,TRBC2,True,True,CSARVGSEVNEQFF,TGCAGTGCTAGAGTGGGGTCGGAAGTCAATGAGCAGTTCTTC,2520,11,clonotype1,clonotype1_consensus_1
TAGCCGGGTCTCCATC-1,True,TAGCCGGGTCTCCATC-1_contig_1,True,505,TRA,TRAV1-2,None,TRAJ33,TRAC,True,True,CAATDSNYQLIW,TGTGCTGCGACTGATAGCAACTATCAGTTAATCTGG,4134,4,clonotype1,clonotype1_consensus_2
TAGCCGGGTCTCCATC-1,True,TAGCCGGGTCTCCATC-1_contig_2,True,521,TRB,TRBV20-1,None,TRBJ2-1,TRBC2,True,True,CSARVGSEVNEQFF,TGCAGTGCTAGAGTGGGGTCGGAAGTCAATGAGCAGTTCTTC,1226,9,clonotype1,clonotype1_consensus_1
TAGCCGGGTGACCAAG-1,True,TAGCCGGGTGACCAAG-1_contig_1,True,511,TRB,TRBV20-1,None,TRBJ2-1,TRBC2,True,True,CSARVGSEVNEQFF,TGCAGTGCTAGAGTGGGGTCGGAAGTCAATGAGCAGTTCTTC,4898,9,clonotype2,clonotype2_consensus_1
TAGCCGGGTGACCAAG-1,True,TAGCCGGGTGACCAAG-1_contig_2,True,482,TRA,TRAV10,None,TRAJ24,TRAC,True,False,None,None,79,4,clonotype2,None
TAGCCGGTCATCTGCC-1,True,TAGCCGGTCATCTGCC-1_contig_1,True,505,TRA,TRAV1-2,None,TRAJ33,TRAC,True,True,CAATDSNYQLIW,TGTGCTGCGACTGATAGCAACTATCAGTTAATCTGG,286,3,clonotype1,clonotype1_consensus_2
TAGCCGGTCATCTGCC-1,True,TAGCCGGTCATCTGCC-1_contig_2,True,485,TRB,TRBV20-1,None,TRBJ2-1,TRBC2,True,True,CSARVGSEVNEQFF,TGCAGTGCTAGAGTGGGGTCGGAAGTCAATGAGCAGTTCTTC,1646,7,clonotype1,clonotype1_consensus_1
TAGCCGGTCCCTCAGT-1,True,TAGCCGGTCCCTCAGT-1_contig_1,True,508,TRA,TRAV20,None,TRAJ24,TRAC,True,True,CAVMTTDSWGKFQF,TGTGCTGTTATGACAACTGACAGCTGGGGGAAATTCCAGTTT,1123,6,clonotype3093,clonotype3093_consensus_3
TAGCCGGTCCCTCAGT-1,True,TAGCCGGTCCCTCAGT-1_contig_2,True,512,TRB,TRBV5-5,None,TRBJ2-7,TRBC2,True,True,CASSSLVEQGAYEQYF,TGTGCCAGCAGCTCGCTCGTAGAGCAGGGGGCCTACGAGCAGTACTTC,1102,4,clonotype3093,clonotype3093_consensus_2
TAGCCGGTCCCTCAGT-1,True,TAGCCGGTCCCTCAGT-1_contig_3,True,653,TRB,TRBV5-5,None,TRBJ2-7,TRBC2,True,True,CASYQDTSYEQYF,TGTGCCAGCTACCAGGACACCTCCTACGAGCAGTACTTC,3560,12,clonotype3093,clonotype3093_consensus_1
TAGCCGGTCCCTCAGT-1,True,TAGCCGGTCCCTCAGT-1_contig_4,True,580,TRA,TRAV2,None,TRAJ30,TRAC,True,False,CCLLLCCSRDDKIIF,TGCTGTTTACTACTGTGCTGTTCCAGAGATGACAAGATCATCTTT,255,3,clonotype3093,None
TAGCCGGTCCGCATCT-1,True,TAGCCGGTCCGCATCT-1_contig_1,True,462,TRA,TRAV13-1,None,TRAJ33,TRAC,True,True,CAARGLSSNYQLIW,TGTGCAGCAAGGGGCCTGAGTAGCAACTATCAGTTAATCTGG,711,4,clonotype3094,clonotype3094_consensus_1
TAGGCATAGCTGCAAG-1,True,TAGGCATAGCTGCAAG-1_contig_1,True,505,TRA,TRAV1-2,None,TRAJ33,TRAC,True,True,CAATDSNYQLIW,TGTGCTGCGACTGATAGCAACTATCAGTTAATCTGG,1079,5,clonotype1,clonotype1_consensus_2
TAGGCATAGCTGCAAG-1,True,TAGGCATAGCTGCAAG-1_contig_2,True,521,TRB,TRBV20-1,None,TRBJ2-1,TRBC2,True,True,CSARVGSEVNEQFF,TGCAGTGCTAGAGTGGGGTCGGAAGTCAATGAGCAGTTCTTC,1925,10,clonotype1,clonotype1_consensus_1
TAGGCATAGGACAGCT-1,True,TAGGCATAGGACAGCT-1_contig_1,True,502,TRA,TRAV1-2,None,TRAJ30,TRAC,True,True,CAVRDLREIIF,TGTGCTGTGAGAGATCTTCGGGAGATCATCTTT,838,3,clonotype3,clonotype3_consensus_2
TAGGCATAGGACAGCT-1,True,TAGGCATAGGACAGCT-1_contig_2,True,495,TRB,TRBV5-5,None,TRBJ1-4,TRBC1,True,True,CASSHPGPNYATNEKLFF,TGTGCCAGCAGCCATCCCGGACCGAACTACGCAACTAATGAAAAACTGTTTTTT,1271,5,clonotype3,clonotype3_consensus_1
TAGGCATAGGCACATG-1,True,TAGGCATAGGCACATG-1_contig_1,True,487,TRA,TRAV1-2,None,TRAJ33,TRAC,True,True,CAATDSNYQLIW,TGTGCTGCGACTGATAGCAACTATCAGTTAATCTGG,97,2,clonotype1,clonotype1_consensus_2
TAGGCATAGGCACATG-1,True,TAGGCATAGGCACATG-1_contig_2,True,498,TRB,TRBV20-1,None,TRBJ2-1,TRBC2,True,True,CSARVGSEVNEQFF,TGCAGTGCTAGAGTGGGGTCGGAAGTCAATGAGCAGTTCTTC,1037,8,clonotype1,clonotype1_consensus_1
TAGGCATAGGCACATG-1,True,TAGGCATAGGCACATG-1_contig_3,True,441,TRA,TRAV10,None,TRAJ24,TRAC,True,False,None,None,86,1,clonotype1,None
TAGGCATAGTAGATGT-1,True,TAGGCATAGTAGATGT-1_contig_1,True,505,TRA,TRAV1-2,None,TRAJ33,TRAC,True,True,CAATDSNYQLIW,TGTGCTGCGACTGATAGCAACTATCAGTTAATCTGG,4654,2,clonotype1,clonotype1_consensus_2
TAGGCATAGTAGATGT-1,True,TAGGCATAGTAGATGT-1_contig_2,True,521,TRB,TRBV20-1,None,TRBJ2-1,TRBC2,True,True,CSARVGSEVNEQFF,TGCAGTGCTAGAGTGGGGTCGGAAGTCAATGAGCAGTTCTTC,5148,9,clonotype1,clonotype1_consensus_1
TAGGCATAGTAGATGT-1,True,TAGGCATAGTAGATGT-1_contig_3,True,469,TRA,TRAV10,None,TRAJ24,TRAC,True,False,None,None,568,3,clonotype1,None
TAGGCATAGTATCTCG-1,True,TAGGCATAGTATCTCG-1_contig_1,True,570,TRA,TRAV8-4,None,TRAJ29,TRAC,True,True,CAVSAASGNTPLVF,TGTGCTGTGAGTGCTGCTTCAGGAAACACACCTCTTGTCTTT,5589,6,clonotype63,clonotype63_consensus_2
TAGGCATAGTATCTCG-1,True,TAGGCATAGTATCTCG-1_contig_2,True,514,TRB,TRBV20-1,None,TRBJ1-1,TRBC1,True,True,CSAGDRGRYTEAFF,TGCAGTGCTGGGGACAGGGGAAGGTACACTGAAGCTTTCTTT,7532,8,clonotype63,clonotype63_consensus_1
TAGGCATAGTATCTCG-1,True,TAGGCATAGTATCTCG-1_contig_3,True,580,TRB,None,None,TRBJ1-3,TRBC1,False,False,None,None,544,2,clonotype63,None
TAGGCATAGTATCTCG-1,True,TAGGCATAGTATCTCG-1_contig_4,True,308,TRB,None,None,TRBJ2-7,TRBC2,False,False,None,None,506,2,clonotype63,None
TAGGCATAGTATCTCG-1,True,TAGGCATAGTATCTCG-1_contig_5,True,448,TRA,TRAV13-1,None,TRAJ33,TRAC,True,False,None,None,5265,3,clonotype63,None
TAGGCATAGTCCGTAT-1,True,TAGGCATAGTCCGTAT-1_contig_1,True,459,TRA,TRAV13-1,None,TRAJ23,TRAC,True,True,CAASKDQGGKLIF,TGTGCAGCAAGTAAAGACCAGGGAGGAAAGCTTATCTTC,63,2,clonotype3095,clonotype3095_consensus_2
TAGGCATAGTCCGTAT-1,True,TAGGCATAGTCCGTAT-1_contig_2,True,521,TRB,TRBV20-1,None,TRBJ1-3,TRBC1,True,True,CSARDSFSGNTIYF,TGCAGTGCTAGGGACAGTTTCTCTGGAAACACCATATATTTT,2504,8,clonotype3095,clonotype3095_consensus_1
TAGGCATAGTCCGTAT-1,True,TAGGCATAGTCCGTAT-1_contig_3,True,574,TRA,TRAV8-4,None,TRAJ45,TRAC,True,False,None,None,99,2,clonotype3095,None
TAGGCATAGTGCGTGA-1,True,TAGGCATAGTGCGTGA-1_contig_1,True,521,TRB,TRBV20-1,None,TRBJ2-1,TRBC2,True,True,CSARVGSEVNEQFF,TGCAGTGCTAGAGTGGGGTCGGAAGTCAATGAGCAGTTCTTC,2572,10,clonotype2,clonotype2_consensus_1
TAGGCATAGTGCGTGA-1,True,TAGGCATAGTGCGTGA-1_contig_2,True,459,TRA,TRAV10,None,TRAJ24,TRAC,True,False,None,None,452,2,clonotype2,None
TAGGCATAGTGCGTGA-1,True,TAGGCATAGTGCGTGA-1_contig_3,True,364,TRB,None,None,TRBJ1-4,None,False,False,None,None,14,1,clonotype2,None
TAGGCATCAAGTACCT-1,True,TAGGCATCAAGTACCT-1_contig_1,True,505,TRA,TRAV1-2,None,TRAJ33,TRAC,True,True,CAATDSNYQLIW,TGTGCTGCGACTGATAGCAACTATCAGTTAATCTGG,13010,3,clonotype1,clonotype1_consensus_2
TAGGCATCAAGTACCT-1,True,TAGGCATCAAGTACCT-1_contig_2,True,521,TRB,TRBV20-1,None,TRBJ2-1,TRBC2,True,True,CSARVGSEVNEQFF,TGCAGTGCTAGAGTGGGGTCGGAAGTCAATGAGCAGTTCTTC,3465,13,clonotype1,clonotype1_consensus_1
TAGGCATCAAGTACCT-1,True,TAGGCATCAAGTACCT-1_contig_3,True,482,TRA,TRAV10,None,TRAJ24,TRAC,True,False,None,None,466,7,clonotype1,None
TAGGCATCAATCCAAC-1,True,TAGGCATCAATCCAAC-1_contig_1,True,473,TRA,TRAV21,None,TRAJ22,TRAC,True,True,CAGRGPTGSARQLTF,TGTGCTGGACGCGGACCTACGGGTTCTGCAAGGCAACTGACCTTT,1060,3,clonotype3096,clonotype3096_consensus_1
TAGGCATCAATCCAAC-1,True,TAGGCATCAATCCAAC-1_contig_2,True,505,TRA,TRAV23/DV6,None,TRAJ48,TRAC,True,True,CAANFGNEKLTF,TGTGCAGCAAACTTTGGAAATGAGAAATTAACCTTT,869,2,clonotype3096,clonotype3096_consensus_3
TAGGCATCAATCCAAC-1,True,TAGGCATCAATCCAAC-1_contig_3,True,498,TRB,TRBV20-1,None,TRBJ1-5,TRBC1,True,True,CSARDNLLTIAQHF,TGCAGTGCTAGAGACAACCTTCTCACAATAGCCCAGCATTTT,1324,5,clonotype3096,clonotype3096_consensus_2
TAGGCATCACACAGAG-1,True,TAGGCATCACACAGAG-1_contig_1,True,505,TRA,TRAV1-2,None,TRAJ33,TRAC,True,True,CAATDSNYQLIW,TGTGCTGCGACTGATAGCAACTATCAGTTAATCTGG,869,3,clonotype1,clonotype1_consensus_2
TAGGCATCACACAGAG-1,True,TAGGCATCACACAGAG-1_contig_2,True,498,TRB,TRBV20-1,None,TRBJ2-1,TRBC2,True,True,CSARVGSEVNEQFF,TGCAGTGCTAGAGTGGGGTCGGAAGTCAATGAGCAGTTCTTC,832,5,clonotype1,clonotype1_consensus_1
TAGGCATCACACAGAG-1,True,TAGGCATCACACAGAG-1_contig_3,True,465,TRA,TRAV10,None,TRAJ24,TRAC,True,False,None,None,259,5,clonotype1,None
TAGGCATCACATGTGT-1,True,TAGGCATCACATGTGT-1_contig_1,True,505,TRA,TRAV1-2,None,TRAJ33,TRAC,True,True,CAATDSNYQLIW,TGTGCTGCGACTGATAGCAACTATCAGTTAATCTGG,177,2,clonotype1,clonotype1_consensus_2
TAGGCATCACATGTGT-1,True,TAGGCATCACATGTGT-1_contig_2,True,521,TRB,TRBV20-1,None,TRBJ2-1,TRBC2,True,True,CSARVGSEVNEQFF,TGCAGTGCTAGAGTGGGGTCGGAAGTCAATGAGCAGTTCTTC,958,5,clonotype1,clonotype1_consensus_1
TAGGCATCACCCATTC-1,True,TAGGCATCACCCATTC-1_contig_1,True,662,TRB,TRBV5-6,None,TRBJ2-3,TRBC2,True,True,CASSPVGGAEDTQYF,TGTGCCAGCAGCCCGGTGGGGGGGGCGGAGGATACGCAGTATTTT,1466,8,clonotype3097,clonotype3097_consensus_1
TAGGCATCACCCATTC-1,True,TAGGCATCACCCATTC-1_contig_2,True,498,TRA,TRAV10,None,TRAJ24,TRAC,True,False,None,None,463,1,clonotype3097,None
TAGGCATCACCCATTC-1,True,TAGGCATCACCCATTC-1_contig_3,True,678,TRA,TRAV8-3,None,TRAJ13,TRAC,True,False,None,None,385,3,clonotype3097,None
TAGGCATCACGCGAAA-1,True,TAGGCATCACGCGAAA-1_contig_1,True,509,TRB,TRBV20-1,None,TRBJ1-5,TRBC1,True,True,CSARDRYRGPDSNQPQHF,TGCAGTGCTAGAGATCGATACAGGGGGCCCGATAGCAATCAGCCCCAGCATTTT,530,5,clonotype3098,clonotype3098_consensus_2
TAGGCATCACGCGAAA-1,True,TAGGCATCACGCGAAA-1_contig_2,True,490,TRA,TRAV21,None,TRAJ52,TRAC,True,True,CAVGDAGGTSYGKLTF,TGTGCTGTGGGTGATGCTGGTGGTACTAGCTATGGAAAGCTGACATTT,694,3,clonotype3098,clonotype3098_consensus_1
TAGGCATCAGGGATTG-1,True,TAGGCATCAGGGATTG-1_contig_1,True,515,TRB,TRBV20-1,None,TRBJ1-5,TRBC1,True,True,CSALTSNQPQHF,TGCAGTGCCCTTACTAGCAATCAGCCCCAGCATTTT,2450,16,clonotype3099,clonotype3099_consensus_1
TAGGCATCAGGGATTG-1,True,TAGGCATCAGGGATTG-1_contig_2,True,491,TRA,TRAV9-2,None,TRAJ3,TRAC,True,True,CALREYSSASKIIF,TGTGCTCTGAGGGAGTACAGCAGTGCTTCCAAGATAATCTTT,277,4,clonotype3099,clonotype3099_consensus_2
TAGGCATCAGGGATTG-1,True,TAGGCATCAGGGATTG-1_contig_3,True,317,TRA,TRAV1-1,None,None,TRAC,False,False,None,None,584,1,clonotype3099,None
TAGGCATCAGGTGCCT-1,True,TAGGCATCAGGTGCCT-1_contig_1,True,505,TRA,TRAV1-2,None,TRAJ33,TRAC,True,True,CAATDSNYQLIW,TGTGCTGCGACTGATAGCAACTATCAGTTAATCTGG,79,1,clonotype1,clonotype1_consensus_2
TAGGCATCAGGTGCCT-1,True,TAGGCATCAGGTGCCT-1_contig_2,True,518,TRB,TRBV20-1,None,TRBJ2-1,TRBC2,True,True,CSARVGSEVNEQFF,TGCAGTGCTAGAGTGGGGTCGGAAGTCAATGAGCAGTTCTTC,2473,9,clonotype1,clonotype1_consensus_1
TAGGCATCAGGTGCCT-1,True,TAGGCATCAGGTGCCT-1_contig_3,True,482,TRA,TRAV10,None,TRAJ24,TRAC,True,False,None,None,677,3,clonotype1,None
TAGGCATCATCCTTGC-1,True,TAGGCATCATCCTTGC-1_contig_1,True,505,TRA,TRAV1-2,None,TRAJ33,TRAC,True,True,CAATDSNYQLIW,TGTGCTGCGACTGATAGCAACTATCAGTTAATCTGG,198,2,clonotype1,clonotype1_consensus_2
TAGGCATCATCCTTGC-1,True,TAGGCATCATCCTTGC-1_contig_2,True,498,TRB,TRBV20-1,None,TRBJ2-1,TRBC2,True,True,CSARVGSEVNEQFF,TGCAGTGCTAGAGTGGGGTCGGAAGTCAATGAGCAGTTCTTC,1823,9,clonotype1,clonotype1_consensus_1
TAGGCATCATCCTTGC-1,True,TAGGCATCATCCTTGC-1_contig_3,True,312,TRA,TRAV10,None,TRAJ24,TRAC,True,False,None,None,354,1,clonotype1,None
TAGGCATCATTGGTAC-1,True,TAGGCATCATTGGTAC-1_contig_1,True,658,TRB,TRBV5-6,None,TRBJ2-7,TRBC2,True,True,CASSFRTVSSYEQYF,TGTGCCAGCAGCTTTAGGACTGTGAGCTCCTACGAGCAGTACTTC,970,6,clonotype3100,clonotype3100_consensus_1
TAGGCATGTACCGGCT-1,True,TAGGCATGTACCGGCT-1_contig_1,True,498,TRB,TRBV20-1,None,TRBJ2-1,TRBC2,True,True,CSARVGSEVNEQFF,TGCAGTGCTAGAGTGGGGTCGGAAGTCAATGAGCAGTTCTTC,436,4,clonotype2,clonotype2_consensus_1
TAGGCATGTACCGGCT-1,True,TAGGCATGTACCGGCT-1_contig_2,True,465,TRA,TRAV10,None,TRAJ24,TRAC,True,False,None,None,345,2,clonotype2,None
TAGGCATGTATGGTTC-1,True,TAGGCATGTATGGTTC-1_contig_1,True,505,TRA,TRAV1-2,None,TRAJ33,TRAC,True,True,CAATDSNYQLIW,TGTGCTGCGACTGATAGCAACTATCAGTTAATCTGG,1425,3,clonotype1,clonotype1_consensus_2
TAGGCATGTATGGTTC-1,True,TAGGCATGTATGGTTC-1_contig_2,True,473,TRB,TRBV20-1,None,TRBJ2-1,TRBC2,True,True,CSARVGSEVNEQFF,TGCAGTGCTAGAGTGGGGTCGGAAGTCAATGAGCAGTTCTTC,266,3,clonotype1,clonotype1_consensus_1
TAGGCATGTATGGTTC-1,True,TAGGCATGTATGGTTC-1_contig_3,True,466,TRA,TRAV10,None,TRAJ24,TRAC,True,False,None,None,329,2,clonotype1,None
TAGGCATGTCAACATC-1,True,TAGGCATGTCAACATC-1_contig_1,True,677,TRA,TRAV8-3,None,TRAJ15,TRAC,True,True,CAVKGQAGTALIF,TGTGCTGTGAAGGGCCAGGCAGGAACTGCTCTGATCTTT,405,4,clonotype3101,clonotype3101_consensus_2
TAGGCATGTCAACATC-1,True,TAGGCATGTCAACATC-1_contig_2,True,661,TRB,TRBV5-6,None,TRBJ1-1,TRBC1,True,True,CASSPATGGFTEAFF,TGTGCCAGCAGCCCGGCCACAGGGGGTTTCACTGAAGCTTTCTTT,1668,6,clonotype3101,clonotype3101_consensus_1
TAGGCATGTCAACATC-1,True,TAGGCATGTCAACATC-1_contig_3,True,307,TRB,None,None,TRBJ2-1,TRBC2,False,False,None,None,679,3,clonotype3101,None
TAGGCATGTGCCTTGG-1,True,TAGGCATGTGCCTTGG-1_contig_1,True,521,TRB,TRBV20-1,None,TRBJ2-1,TRBC2,True,True,CSARVGSEVNEQFF,TGCAGTGCTAGAGTGGGGTCGGAAGTCAATGAGCAGTTCTTC,1037,10,clonotype2,clonotype2_consensus_1
TAGGCATGTGTAAGTA-1,True,TAGGCATGTGTAAGTA-1_contig_1,True,498,TRB,TRBV20-1,None,TRBJ2-1,TRBC2,True,True,CSARVGSEVNEQFF,TGCAGTGCTAGAGTGGGGTCGGAAGTCAATGAGCAGTTCTTC,1844,11,clonotype2,clonotype2_consensus_1
TAGGCATGTGTAAGTA-1,True,TAGGCATGTGTAAGTA-1_contig_2,True,459,TRA,TRAV10,None,TRAJ24,TRAC,True,False,None,None,91,6,clonotype2,None
TAGGCATTCACGACTA-1,True,TAGGCATTCACGACTA-1_contig_1,True,521,TRB,TRBV20-1,None,TRBJ2-1,TRBC2,True,True,CSARVGSEVNEQFF,TGCAGTGCTAGAGTGGGGTCGGAAGTCAATGAGCAGTTCTTC,803,6,clonotype2,clonotype2_consensus_1
TAGGCATTCAGAGGTG-1,True,TAGGCATTCAGAGGTG-1_contig_1,True,505,TRA,TRAV1-2,None,TRAJ33,TRAC,True,True,CAATDSNYQLIW,TGTGCTGCGACTGATAGCAACTATCAGTTAATCTGG,264,3,clonotype1,clonotype1_consensus_2
TAGGCATTCAGAGGTG-1,True,TAGGCATTCAGAGGTG-1_contig_2,True,521,TRB,TRBV20-1,None,TRBJ2-1,TRBC2,True,True,CSARVGSEVNEQFF,TGCAGTGCTAGAGTGGGGTCGGAAGTCAATGAGCAGTTCTTC,2880,15,clonotype1,clonotype1_consensus_1
TAGGCATTCATGCATG-1,True,TAGGCATTCATGCATG-1_contig_1,True,518,TRB,TRBV20-1,None,TRBJ1-6,TRBC1,True,True,CSATGTDLVALHF,TGCAGTGCTACCGGGACAGACCTCGTAGCCCTCCACTTT,1387,8,clonotype3102,clonotype3102_consensus_2
TAGGCATTCATGCATG-1,True,TAGGCATTCATGCATG-1_contig_2,True,488,TRA,TRAV4,None,TRAJ36,TRAC,True,True,CLLLTGANNLFF,TGCCTCCTACTTACTGGGGCAAACAACCTCTTCTTT,5828,3,clonotype3102,clonotype3102_consensus_1
TAGGCATTCATTGCCC-1,True,TAGGCATTCATTGCCC-1_contig_1,True,614,TRA,TRAV8-2,None,TRAJ3,TRAC,True,True,CVVSDQGYSSASKIIF,TGTGTTGTGAGTGATCAGGGGTACAGCAGTGCTTCCAAGATAATCTTT,4266,5,clonotype315,clonotype315_consensus_1
TAGGCATTCATTGCCC-1,True,TAGGCATTCATTGCCC-1_contig_2,True,512,TRB,TRBV5-5,None,TRBJ1-2,TRBC1,True,True,CASRRTLNEGYTF,TGTGCCAGCAGACGGACTCTTAACGAGGGCTACACCTTC,547,3,clonotype315,clonotype315_consensus_2
TAGGCATTCCCAGGTG-1,True,TAGGCATTCCCAGGTG-1_contig_1,True,502,TRA,TRAV1-2,None,TRAJ30,TRAC,True,True,CAVRDLREIIF,TGTGCTGTGAGAGATCTTCGGGAGATCATCTTT,291,2,clonotype35,clonotype35_consensus_2
TAGGCATTCCCAGGTG-1,True,TAGGCATTCCCAGGTG-1_contig_2,True,521,TRB,TRBV20-1,None,TRBJ2-1,TRBC2,True,True,CSARVGSEVNEQFF,TGCAGTGCTAGAGTGGGGTCGGAAGTCAATGAGCAGTTCTTC,1557,6,clonotype35,clonotype35_consensus_1
TAGGCATTCCCAGGTG-1,True,TAGGCATTCCCAGGTG-1_contig_3,True,483,TRB,TRBV7-3,None,TRBJ2-1,TRBC2,True,False,CQQRSLKAGGPYNEQFF,TGCCAGCAGCGGTCACTTAAAGCGGGGGGACCCTACAATGAGCAGTTCTTC,1070,7,clonotype35,None
TAGGCATTCTTGACGA-1,True,TAGGCATTCTTGACGA-1_contig_1,True,501,TRB,TRBV20-1,None,TRBJ1-1,TRBC1,True,True,CSASRKRTANTEAFF,TGCAGTGCTAGTAGAAAGAGAACAGCGAACACTGAAGCTTTCTTT,7582,11,clonotype3103,clonotype3103_consensus_1
TAGGCATTCTTGACGA-1,True,TAGGCATTCTTGACGA-1_contig_2,True,577,TRA,TRAV26-1,None,TRAJ48,TRAC,True,True,CIVRSPNFGNEKLTF,TGCATCGTCAGATCCCCTAACTTTGGAAATGAGAAATTAACCTTT,4584,4,clonotype3103,clonotype3103_consensus_2
TAGTGGTAGAACAACT-1,True,TAGTGGTAGAACAACT-1_contig_1,True,569,TRA,TRAV22,None,TRAJ15,TRAC,True,True,CAVEQSEQAGTALIF,TGTGCTGTGGAGCAATCCGAACAGGCAGGAACTGCTCTGATCTTT,1265,8,clonotype3104,clonotype3104_consensus_2
TAGTGGTAGAACAACT-1,True,TAGTGGTAGAACAACT-1_contig_2,True,490,TRB,TRBV5-6,None,TRBJ2-7,TRBC2,True,True,CASSLYQGSYEQYF,TGTGCCAGCAGCTTGTACCAGGGGTCCTACGAGCAGTACTTC,124,9,clonotype3104,clonotype3104_consensus_1
TAGTGGTAGAAGGTTT-1,True,TAGTGGTAGAAGGTTT-1_contig_1,True,521,TRB,TRBV20-1,None,TRBJ2-1,TRBC2,True,True,CSARVGSEVNEQFF,TGCAGTGCTAGAGTGGGGTCGGAAGTCAATGAGCAGTTCTTC,457,10,clonotype2,clonotype2_consensus_1
TAGTGGTAGAAGGTTT-1,True,TAGTGGTAGAAGGTTT-1_contig_2,True,457,TRA,TRAV10,None,TRAJ24,TRAC,True,False,None,None,238,2,clonotype2,None
TAGTGGTAGTACCGGA-1,True,TAGTGGTAGTACCGGA-1_contig_1,True,530,TRB,TRBV20-1,None,TRBJ2-7,TRBC2,True,True,CSASNRRQGLSVYEQYF,TGCAGTGCTAGCAATAGACGACAGGGTTTGTCGGTCTACGAGCAGTACTTC,944,10,clonotype246,clonotype246_consensus_1
TAGTGGTAGTACCGGA-1,True,TAGTGGTAGTACCGGA-1_contig_2,True,532,TRA,TRAV14/DV4,None,TRAJ45,TRAC,True,True,CAMREIYSGGGADGLTF,TGTGCAATGAGAGAGATCTATTCAGGAGGAGGTGCTGACGGACTCACCTTT,825,4,clonotype246,clonotype246_consensus_2
TAGTGGTCAATTCCTT-1,True,TAGTGGTCAATTCCTT-1_contig_1,True,487,TRB,TRBV5-6,None,TRBJ1-6,TRBC1,True,True,CASSLGGRRTYNSPLHF,TGTGCCAGCAGCTTGGGGGGACGGCGAACCTATAATTCACCCCTCCACTTT,1244,9,clonotype3105,clonotype3105_consensus_1
TAGTGGTCACTGTCGG-1,True,TAGTGGTCACTGTCGG-1_contig_1,True,518,TRB,TRBV20-1,None,TRBJ1-1,TRBC1,True,True,CSARAFMNTEAFF,TGCAGTGCTCGGGCCTTTATGAACACTGAAGCTTTCTTT,1208,12,clonotype3106,clonotype3106_consensus_1
TAGTGGTCACTGTCGG-1,True,TAGTGGTCACTGTCGG-1_contig_2,True,509,TRA,TRAV6,None,TRAJ29,TRAC,True,True,CALDIMSSGNTPLVF,TGTGCTCTAGACATAATGAGCTCAGGAAACACACCTCTTGTCTTT,380,3,clonotype3106,clonotype3106_consensus_2
TAGTGGTCAGTAGAGC-1,True,TAGTGGTCAGTAGAGC-1_contig_1,True,521,TRB,TRBV20-1,None,TRBJ2-1,TRBC2,True,True,CSARVGSEVNEQFF,TGCAGTGCTAGAGTGGGGTCGGAAGTCAATGAGCAGTTCTTC,2521,10,clonotype2,clonotype2_consensus_1
TAGTGGTCAGTAGAGC-1,True,TAGTGGTCAGTAGAGC-1_contig_2,True,461,TRA,TRAV10,None,TRAJ24,TRAC,True,False,None,None,45,5,clonotype2,None
TAGTGGTGTAAGAGAG-1,True,TAGTGGTGTAAGAGAG-1_contig_1,True,505,TRA,TRAV1-2,None,TRAJ33,TRAC,True,True,CAATDSNYQLIW,TGTGCTGCGACTGATAGCAACTATCAGTTAATCTGG,193,6,clonotype1,clonotype1_consensus_2
TAGTGGTGTAAGAGAG-1,True,TAGTGGTGTAAGAGAG-1_contig_2,True,521,TRB,TRBV20-1,None,TRBJ2-1,TRBC2,True,True,CSARVGSEVNEQFF,TGCAGTGCTAGAGTGGGGTCGGAAGTCAATGAGCAGTTCTTC,8070,8,clonotype1,clonotype1_consensus_1
TAGTGGTGTAGCGTGA-1,True,TAGTGGTGTAGCGTGA-1_contig_1,True,505,TRA,TRAV1-2,None,TRAJ33,TRAC,True,True,CAATDSNYQLIW,TGTGCTGCGACTGATAGCAACTATCAGTTAATCTGG,238,1,clonotype1,clonotype1_consensus_2
TAGTGGTGTAGCGTGA-1,True,TAGTGGTGTAGCGTGA-1_contig_2,True,521,TRB,TRBV20-1,None,TRBJ2-1,TRBC2,True,True,CSARVGSEVNEQFF,TGCAGTGCTAGAGTGGGGTCGGAAGTCAATGAGCAGTTCTTC,675,2,clonotype1,clonotype1_consensus_1
TAGTGGTGTAGCGTGA-1,True,TAGTGGTGTAGCGTGA-1_contig_3,True,465,TRA,TRAV10,None,TRAJ24,TRAC,True,False,None,None,671,3,clonotype1,None
TAGTGGTGTCAGAAGC-1,True,TAGTGGTGTCAGAAGC-1_contig_1,True,521,TRB,TRBV20-1,None,TRBJ2-1,TRBC2,True,True,CSARVGSEVNEQFF,TGCAGTGCTAGAGTGGGGTCGGAAGTCAATGAGCAGTTCTTC,1934,9,clonotype2,clonotype2_consensus_1
TAGTGGTGTCAGAAGC-1,True,TAGTGGTGTCAGAAGC-1_contig_2,True,463,TRA,TRAV10,None,TRAJ24,TRAC,True,False,None,None,282,5,clonotype2,None
TAGTGGTGTGCACGAA-1,True,TAGTGGTGTGCACGAA-1_contig_1,True,505,TRA,TRAV1-2,None,TRAJ33,TRAC,True,True,CAATDSNYQLIW,TGTGCTGCGACTGATAGCAACTATCAGTTAATCTGG,259,3,clonotype1,clonotype1_consensus_2
TAGTGGTGTGCACGAA-1,True,TAGTGGTGTGCACGAA-1_contig_2,True,512,TRB,TRBV20-1,None,TRBJ2-1,TRBC2,True,True,CSARVGSEVNEQFF,TGCAGTGCTAGAGTGGGGTCGGAAGTCAATGAGCAGTTCTTC,1586,8,clonotype1,clonotype1_consensus_1
TAGTGGTGTGTGAAAT-1,True,TAGTGGTGTGTGAAAT-1_contig_1,True,513,TRA,TRAV21,None,TRAJ15,TRAC,True,True,CAVSPTKAGTALIF,TGTGCTGTGAGCCCTACTAAGGCAGGAACTGCTCTGATCTTT,175,1,clonotype3107,clonotype3107_consensus_1
TAGTGGTGTGTGAAAT-1,True,TAGTGGTGTGTGAAAT-1_contig_2,True,512,TRB,TRBV20-1,None,TRBJ1-1,TRBC1,True,True,CSARPSTYTFF,TGCAGTGCTAGACCCTCAACTTATACTTTCTTT,1836,11,clonotype3107,clonotype3107_consensus_2
TAGTGGTGTGTGAAAT-1,True,TAGTGGTGTGTGAAAT-1_contig_3,True,379,TRB,None,None,TRBJ2-2,TRBC2,False,False,None,None,297,3,clonotype3107,None
TAGTGGTTCCAAGTAC-1,True,TAGTGGTTCCAAGTAC-1_contig_1,True,527,TRB,TRBV20-1,None,TRBJ2-5,TRBC2,True,True,CSASPGGAGYQETQYF,TGCAGTGCTAGCCCAGGGGGAGCGGGGTACCAAGAGACCCAGTACTTC,1567,10,clonotype3108,clonotype3108_consensus_2
TAGTGGTTCCAAGTAC-1,True,TAGTGGTTCCAAGTAC-1_contig_2,True,520,TRA,TRAV38-1,None,TRAJ32,TRAC,True,True,CAFIPNYGGATNKLIF,TGTGCTTTCATCCCGAATTATGGTGGTGCTACAAACAAGCTCATCTTT,520,5,clonotype3108,clonotype3108_consensus_1
TAGTGGTTCGAATGGG-1,True,TAGTGGTTCGAATGGG-1_contig_1,True,664,TRB,TRBV5-6,None,TRBJ1-1,TRBC1,True,True,CASSLGTGSMNTEAFF,TGTGCCAGCAGCTTGGGGACAGGGAGCATGAACACTGAAGCTTTCTTT,486,3,clonotype3109,clonotype3109_consensus_1
TAGTGGTTCGGCATCG-1,True,TAGTGGTTCGGCATCG-1_contig_1,True,505,TRA,TRAV1-2,None,TRAJ33,TRAC,True,True,CAATDSNYQLIW,TGTGCTGCGACTGATAGCAACTATCAGTTAATCTGG,525,5,clonotype1,clonotype1_consensus_2
TAGTGGTTCGGCATCG-1,True,TAGTGGTTCGGCATCG-1_contig_2,True,521,TRB,TRBV20-1,None,TRBJ2-1,TRBC2,True,True,CSARVGSEVNEQFF,TGCAGTGCTAGAGTGGGGTCGGAAGTCAATGAGCAGTTCTTC,893,8,clonotype1,clonotype1_consensus_1
TAGTGGTTCGTGACAT-1,True,TAGTGGTTCGTGACAT-1_contig_1,True,518,TRB,TRBV20-1,None,TRBJ1-1,TRBC1,True,True,CSAERGRNTEAFF,TGCAGTGCTGAGCGGGGGCGGAACACTGAAGCTTTCTTT,590,3,clonotype3110,clonotype3110_consensus_2
TAGTGGTTCGTGACAT-1,True,TAGTGGTTCGTGACAT-1_contig_2,True,507,TRA,TRAV2,None,TRAJ30,TRAC,True,True,CALNRDDKIIF,TGTGCTTTGAACAGAGATGACAAGATCATCTTT,268,1,clonotype3110,clonotype3110_consensus_1
TAGTGGTTCTCAAGTG-1,True,TAGTGGTTCTCAAGTG-1_contig_1,True,669,TRB,TRBV5-6,None,TRBJ2-2,TRBC2,True,True,CASSYLQGGRYTGELFF,TGTGCCAGCAGCTACCTACAGGGCGGGAGATACACCGGGGAGCTGTTTTTT,1561,6,clonotype3111,clonotype3111_consensus_1
TAGTGGTTCTCAAGTG-1,True,TAGTGGTTCTCAAGTG-1_contig_2,True,571,TRA,TRAV8-1,None,TRAJ4,TRAC,True,True,CAVLSSGYNKLIF,TGTGCCGTCCTGTCCAGTGGCTACAATAAGCTGATTTTT,1506,6,clonotype3111,clonotype3111_consensus_2
TAGTGGTTCTCAAGTG-1,True,TAGTGGTTCTCAAGTG-1_contig_3,True,323,TRB,None,None,TRBJ1-1,TRBC1,False,False,None,None,8472,7,clonotype3111,None
TAGTGGTTCTCTAAGG-1,True,TAGTGGTTCTCTAAGG-1_contig_1,True,465,TRA,TRAV13-1,None,TRAJ28,TRAC,True,True,CAAAKEWAGSYQLTF,TGTGCAGCTGCCAAGGAATGGGCTGGGAGTTACCAACTCACTTTC,2642,9,clonotype3112,clonotype3112_consensus_2
TAGTGGTTCTCTAAGG-1,True,TAGTGGTTCTCTAAGG-1_contig_2,True,460,TRA,TRAV2,None,TRAJ38,TRAC,True,True,CAVEGSDAGNNRKLIW,TGTGCTGTGGAGGGGAGTGATGCTGGCAACAACCGTAAGCTGATTTGG,777,4,clonotype3112,clonotype3112_consensus_1
TAGTGGTTCTCTAAGG-1,True,TAGTGGTTCTCTAAGG-1_contig_3,True,705,TRB,TRBV5-6,None,TRBJ1-1,TRBC1,True,True,CASSLGVFTEAFF,TGTGCCAGCAGCCTGGGAGTTTTCACTGAAGCTTTCTTT,1786,9,clonotype3112,clonotype3112_consensus_3
TAGTGGTTCTCTGAGA-1,True,TAGTGGTTCTCTGAGA-1_contig_1,True,505,TRA,TRAV1-2,None,TRAJ33,TRAC,True,True,CAATDSNYQLIW,TGTGCTGCGACTGATAGCAACTATCAGTTAATCTGG,118,4,clonotype1,clonotype1_consensus_2
TAGTGGTTCTCTGAGA-1,True,TAGTGGTTCTCTGAGA-1_contig_2,True,516,TRB,TRBV20-1,None,TRBJ2-1,TRBC2,True,True,CSARVGSEVNEQFF,TGCAGTGCTAGAGTGGGGTCGGAAGTCAATGAGCAGTTCTTC,271,2,clonotype1,clonotype1_consensus_1
TAGTGGTTCTGTCCGT-1,True,TAGTGGTTCTGTCCGT-1_contig_1,True,521,TRB,TRBV20-1,None,TRBJ1-2,TRBC1,True,True,CSASRTGQYYGYTF,TGCAGTGCTTCGAGGACAGGGCAATACTATGGCTACACCTTC,703,8,clonotype3113,clonotype3113_consensus_2
TAGTGGTTCTGTCCGT-1,True,TAGTGGTTCTGTCCGT-1_contig_2,True,621,TRA,TRAV3,None,TRAJ23,TRAC,True,True,CAVRDRNNQGGKLIF,TGTGCTGTGAGAGACAGGAATAACCAGGGAGGAAAGCTTATCTTC,520,5,clonotype3113,clonotype3113_consensus_1
TAGTGGTTCTGTCCGT-1,True,TAGTGGTTCTGTCCGT-1_contig_3,True,336,TRB,None,None,TRBJ1-4,TRBC1,False,False,None,None,512,2,clonotype3113,None
TAGTGGTTCTGTCCGT-1,True,TAGTGGTTCTGTCCGT-1_contig_4,True,558,TRA,TRAV12-1,None,TRAJ18,TRAC,True,False,None,None,74,2,clonotype3113,None
TAGTGGTTCTTAGCCC-1,True,TAGTGGTTCTTAGCCC-1_contig_1,True,505,TRA,TRAV1-2,None,TRAJ33,TRAC,True,True,CAATDSNYQLIW,TGTGCTGCGACTGATAGCAACTATCAGTTAATCTGG,169,2,clonotype1,clonotype1_consensus_2
TAGTGGTTCTTAGCCC-1,True,TAGTGGTTCTTAGCCC-1_contig_2,True,509,TRB,TRBV20-1,None,TRBJ2-1,TRBC2,True,True,CSARVGSEVNEQFF,TGCAGTGCTAGAGTGGGGTCGGAAGTCAATGAGCAGTTCTTC,560,3,clonotype1,clonotype1_consensus_1
TAGTTGGAGAGACGAA-1,True,TAGTTGGAGAGACGAA-1_contig_1,True,521,TRB,TRBV20-1,None,TRBJ1-1,TRBC1,True,True,CSARLGIMNTEAFF,TGCAGTGCTAGACTAGGGATTATGAACACTGAAGCTTTCTTT,1951,7,clonotype68,clonotype68_consensus_2
TAGTTGGAGAGACGAA-1,True,TAGTTGGAGAGACGAA-1_contig_2,True,498,TRA,TRAV9-2,None,TRAJ42,TRAC,True,True,CALTELGGSQGNLIF,TGTGCTCTGACCGAACTTGGAGGAAGCCAAGGAAATCTCATCTTT,658,8,clonotype68,clonotype68_consensus_1
TAGTTGGAGAGGTACC-1,True,TAGTTGGAGAGGTACC-1_contig_1,True,505,TRA,TRAV1-2,None,TRAJ33,TRAC,True,True,CAATDSNYQLIW,TGTGCTGCGACTGATAGCAACTATCAGTTAATCTGG,447,3,clonotype1,clonotype1_consensus_2
TAGTTGGAGAGGTACC-1,True,TAGTTGGAGAGGTACC-1_contig_2,True,515,TRB,TRBV20-1,None,TRBJ2-1,TRBC2,True,True,CSARVGSEVNEQFF,TGCAGTGCTAGAGTGGGGTCGGAAGTCAATGAGCAGTTCTTC,717,9,clonotype1,clonotype1_consensus_1
TAGTTGGAGCAGCCTC-1,True,TAGTTGGAGCAGCCTC-1_contig_1,True,487,TRA,TRAV1-2,None,TRAJ33,TRAC,True,True,CAATDSNYQLIW,TGTGCTGCGACTGATAGCAACTATCAGTTAATCTGG,459,3,clonotype8,clonotype8_consensus_1
TAGTTGGAGCGTCTAT-1,True,TAGTTGGAGCGTCTAT-1_contig_1,True,505,TRA,TRAV1-2,None,TRAJ33,TRAC,True,True,CAATDSNYQLIW,TGTGCTGCGACTGATAGCAACTATCAGTTAATCTGG,158,1,clonotype1,clonotype1_consensus_2
TAGTTGGAGCGTCTAT-1,True,TAGTTGGAGCGTCTAT-1_contig_2,True,492,TRB,TRBV20-1,None,TRBJ2-1,TRBC2,True,True,CSARVGSEVNEQFF,TGCAGTGCTAGAGTGGGGTCGGAAGTCAATGAGCAGTTCTTC,763,4,clonotype1,clonotype1_consensus_1
TAGTTGGAGCGTCTAT-1,True,TAGTTGGAGCGTCTAT-1_contig_3,True,470,TRA,TRAV10,None,TRAJ24,TRAC,True,False,None,None,145,2,clonotype1,None
TAGTTGGAGGGCTCTC-1,True,TAGTTGGAGGGCTCTC-1_contig_1,True,569,TRA,TRAV22,None,TRAJ35,TRAC,True,True,CAVAASIGFGNVLHC,TGTGCTGTGGCCGCTTCGATAGGCTTTGGGAATGTGCTGCATTGC,552,3,clonotype47,clonotype47_consensus_2
TAGTTGGAGGGCTCTC-1,True,TAGTTGGAGGGCTCTC-1_contig_2,True,742,TRB,TRBV5-6,None,TRBJ2-1,TRBC2,True,True,CASSLANEQFF,TGTGCCAGCAGCTTGGCCAATGAGCAGTTCTTC,1647,8,clonotype47,clonotype47_consensus_1
TAGTTGGAGTCCATAC-1,True,TAGTTGGAGTCCATAC-1_contig_1,True,505,TRA,TRAV1-2,None,TRAJ33,TRAC,True,True,CAATDSNYQLIW,TGTGCTGCGACTGATAGCAACTATCAGTTAATCTGG,483,3,clonotype1,clonotype1_consensus_2
TAGTTGGAGTCCATAC-1,True,TAGTTGGAGTCCATAC-1_contig_2,True,521,TRB,TRBV20-1,None,TRBJ2-1,TRBC2,True,True,CSARVGSEVNEQFF,TGCAGTGCTAGAGTGGGGTCGGAAGTCAATGAGCAGTTCTTC,2289,11,clonotype1,clonotype1_consensus_1
TAGTTGGCAAAGGCGT-1,True,TAGTTGGCAAAGGCGT-1_contig_1,True,492,TRB,TRBV20-1,None,TRBJ2-1,TRBC2,True,True,CSARVGSEVNEQFF,TGCAGTGCTAGAGTGGGGTCGGAAGTCAATGAGCAGTTCTTC,808,6,clonotype2,clonotype2_consensus_1
TAGTTGGCAAGTCTGT-1,True,TAGTTGGCAAGTCTGT-1_contig_1,True,505,TRB,TRBV12-4,None,TRBJ1-2,TRBC1,True,True,CASSLEVGQFGYTF,TGTGCCAGCAGTTTAGAGGTTGGGCAGTTTGGCTACACCTTC,841,6,clonotype375,clonotype375_consensus_1
TAGTTGGCAATAGCGG-1,True,TAGTTGGCAATAGCGG-1_contig_1,True,515,TRB,TRBV20-1,None,TRBJ2-3,TRBC2,True,True,CSARGSDTDTQYF,TGCAGTGCTAGGGGCTCGGACACAGATACGCAGTATTTT,1738,12,clonotype105,clonotype105_consensus_1
TAGTTGGCAATAGCGG-1,True,TAGTTGGCAATAGCGG-1_contig_2,True,489,TRA,TRAV21,None,TRAJ28,TRAC,True,True,CAVPPSGAGSYQLTF,TGTGCTGTCCCCCCCTCTGGGGCTGGGAGTTACCAACTCACTTTC,616,5,clonotype105,clonotype105_consensus_2
TAGTTGGCAATAGCGG-1,True,TAGTTGGCAATAGCGG-1_contig_3,True,442,TRA,TRAV9-2,None,TRAJ44,TRAC,True,False,None,None,3082,2,clonotype105,None
TAGTTGGCAATCTGCA-1,True,TAGTTGGCAATCTGCA-1_contig_1,True,650,TRB,TRBV5-6,None,TRBJ1-2,TRBC1,True,True,CASSLGQSYRTMYGYTF,TGTGCCAGCAGCTTGGGTCAGAGTTACAGGACGATGTATGGCTACACCTTC,1259,5,clonotype3114,clonotype3114_consensus_2
TAGTTGGCAATCTGCA-1,True,TAGTTGGCAATCTGCA-1_contig_2,True,550,TRA,TRAV17,None,TRAJ10,TRAC,True,True,CATLRGGGNKLTF,TGTGCTACCCTCAGGGGAGGAGGAAACAAACTCACCTTT,226,2,clonotype3114,clonotype3114_consensus_1
TAGTTGGCACGAAGCA-1,True,TAGTTGGCACGAAGCA-1_contig_1,True,498,TRB,TRBV20-1,None,TRBJ2-1,TRBC2,True,True,CSARVGSEVNEQFF,TGCAGTGCTAGAGTGGGGTCGGAAGTCAATGAGCAGTTCTTC,1074,7,clonotype2,clonotype2_consensus_1
TAGTTGGCAGCTTAAC-1,True,TAGTTGGCAGCTTAAC-1_contig_1,True,518,TRB,TRBV20-1,None,TRBJ2-1,TRBC2,True,True,CSARVGSEVNEQFF,TGCAGTGCTAGAGTGGGGTCGGAAGTCAATGAGCAGTTCTTC,1024,10,clonotype2,clonotype2_consensus_1
TAGTTGGCAGTATCTG-1,True,TAGTTGGCAGTATCTG-1_contig_1,True,487,TRA,TRAV38-1,None,TRAJ26,TRAC,True,True,CAFTSYGQNFVF,TGTGCTTTCACCTCATATGGTCAGAATTTTGTCTTT,242,4,clonotype14,clonotype14_consensus_1
TAGTTGGCAGTATCTG-1,True,TAGTTGGCAGTATCTG-1_contig_2,True,521,TRB,TRBV20-1,None,TRBJ2-3,TRBC2,True,True,CSARPDTSTDTQYF,TGCAGTGCCCGTCCTGATACTAGCACAGATACGCAGTATTTT,1477,8,clonotype14,clonotype14_consensus_2
TAGTTGGCATCCGCGA-1,True,TAGTTGGCATCCGCGA-1_contig_1,True,484,TRB,TRBV9,None,TRBJ1-4,TRBC1,True,True,CASSAPQKIF,TGTGCCAGCAGCGCCCCGCAAAAGATTTTT,7501,11,clonotype341,clonotype341_consensus_1
TAGTTGGCATCCGCGA-1,True,TAGTTGGCATCCGCGA-1_contig_2,True,492,TRA,TRAV12-3,None,TRAJ43,TRAC,True,True,CAMSLNNDMRF,TGTGCAATGAGCCTTAACAATGACATGCGCTTT,132,3,clonotype341,clonotype341_consensus_3
TAGTTGGCATCCGCGA-1,True,TAGTTGGCATCCGCGA-1_contig_3,True,510,TRB,TRBV5-5,None,TRBJ1-6,TRBC1,True,True,CASSTAVGGYSPLHF,TGTGCCAGCAGCACCGCGGTGGGCGGTTATTCACCCCTCCACTTT,1370,7,clonotype341,clonotype341_consensus_2
TAGTTGGGTAATCACC-1,True,TAGTTGGGTAATCACC-1_contig_1,True,502,TRA,TRAV1-2,None,TRAJ30,TRAC,True,True,CAVRDLREIIF,TGTGCTGTGAGAGATCTTCGGGAGATCATCTTT,1317,1,clonotype3,clonotype3_consensus_2
TAGTTGGGTAATCACC-1,True,TAGTTGGGTAATCACC-1_contig_2,True,512,TRB,TRBV5-5,None,TRBJ1-4,TRBC1,True,True,CASSHPGPNYATNEKLFF,TGTGCCAGCAGCCATCCCGGACCGAACTACGCAACTAATGAAAAACTGTTTTTT,567,4,clonotype3,clonotype3_consensus_1
TAGTTGGGTAGCGATG-1,True,TAGTTGGGTAGCGATG-1_contig_1,True,515,TRB,TRBV20-1,None,TRBJ2-1,TRBC2,True,True,CSARDPGNEQFF,TGCAGTGCTAGAGATCCCGGCAATGAGCAGTTCTTC,467,5,clonotype3115,clonotype3115_consensus_1
TAGTTGGGTATATGGA-1,True,TAGTTGGGTATATGGA-1_contig_1,True,524,TRB,TRBV20-1,None,TRBJ2-7,TRBC2,True,True,CSARDSGLPFDEQYF,TGCAGTGCTAGAGATTCGGGGTTACCTTTCGACGAGCAGTACTTC,199,4,clonotype3116,clonotype3116_consensus_2
TAGTTGGGTATATGGA-1,True,TAGTTGGGTATATGGA-1_contig_2,True,683,TRA,TRAV8-3,None,TRAJ10,TRAC,True,True,CAVGASTGGGNKLTF,TGTGCTGTGGGTGCGTCGACGGGAGGAGGAAACAAACTCACCTTT,787,5,clonotype3116,clonotype3116_consensus_1
TAGTTGGGTATATGGA-1,True,TAGTTGGGTATATGGA-1_contig_3,True,562,TRA,TRAV8-4,None,TRAJ20,TRAC,True,False,None,None,1959,2,clonotype3116,None
TAGTTGGGTCACAAGG-1,True,TAGTTGGGTCACAAGG-1_contig_1,True,505,TRA,TRAV1-2,None,TRAJ33,TRAC,True,True,CAATDSNYQLIW,TGTGCTGCGACTGATAGCAACTATCAGTTAATCTGG,377,1,clonotype1,clonotype1_consensus_2
TAGTTGGGTCACAAGG-1,True,TAGTTGGGTCACAAGG-1_contig_2,True,521,TRB,TRBV20-1,None,TRBJ2-1,TRBC2,True,True,CSARVGSEVNEQFF,TGCAGTGCTAGAGTGGGGTCGGAAGTCAATGAGCAGTTCTTC,335,5,clonotype1,clonotype1_consensus_1
TAGTTGGGTCACAAGG-1,True,TAGTTGGGTCACAAGG-1_contig_3,True,547,TRA,TRAV10,None,TRAJ24,TRAC,True,False,None,None,124,2,clonotype1,None
TAGTTGGGTCTCTTAT-1,True,TAGTTGGGTCTCTTAT-1_contig_1,True,502,TRA,TRAV1-2,None,TRAJ33,TRAC,True,True,CAATDSNYQLIW,TGTGCTGCGACTGATAGCAACTATCAGTTAATCTGG,240,3,clonotype1,clonotype1_consensus_2
TAGTTGGGTCTCTTAT-1,True,TAGTTGGGTCTCTTAT-1_contig_2,True,521,TRB,TRBV20-1,None,TRBJ2-1,TRBC2,True,True,CSARVGSEVNEQFF,TGCAGTGCTAGAGTGGGGTCGGAAGTCAATGAGCAGTTCTTC,1303,10,clonotype1,clonotype1_consensus_1
TAGTTGGGTGATAAGT-1,True,TAGTTGGGTGATAAGT-1_contig_1,True,505,TRA,TRAV1-2,None,TRAJ33,TRAC,True,True,CAATDSNYQLIW,TGTGCTGCGACTGATAGCAACTATCAGTTAATCTGG,388,3,clonotype1,clonotype1_consensus_2
TAGTTGGGTGATAAGT-1,True,TAGTTGGGTGATAAGT-1_contig_2,True,521,TRB,TRBV20-1,None,TRBJ2-1,TRBC2,True,True,CSARVGSEVNEQFF,TGCAGTGCTAGAGTGGGGTCGGAAGTCAATGAGCAGTTCTTC,1643,6,clonotype1,clonotype1_consensus_1
TAGTTGGGTGATAAGT-1,True,TAGTTGGGTGATAAGT-1_contig_3,True,468,TRA,TRAV10,None,TRAJ24,TRAC,True,False,None,None,4438,1,clonotype1,None
TAGTTGGGTGGCTCCA-1,True,TAGTTGGGTGGCTCCA-1_contig_1,True,521,TRB,TRBV20-1,None,TRBJ2-1,TRBC2,True,True,CSARVGSEVNEQFF,TGCAGTGCTAGAGTGGGGTCGGAAGTCAATGAGCAGTTCTTC,832,8,clonotype2,clonotype2_consensus_1
TAGTTGGGTGTGCGTC-1,True,TAGTTGGGTGTGCGTC-1_contig_1,True,508,TRB,TRBV20-1,None,TRBJ2-1,TRBC2,True,True,CSARVGSEVNEQFF,TGCAGTGCTAGAGTGGGGTCGGAAGTCAATGAGCAGTTCTTC,779,4,clonotype2,clonotype2_consensus_1
TAGTTGGGTGTGCGTC-1,True,TAGTTGGGTGTGCGTC-1_contig_2,True,482,TRA,TRAV10,None,TRAJ24,TRAC,True,False,None,None,119,1,clonotype2,None
TAGTTGGGTTAGAACA-1,True,TAGTTGGGTTAGAACA-1_contig_1,True,505,TRA,TRAV1-2,None,TRAJ33,TRAC,True,True,CAATDSNYQLIW,TGTGCTGCGACTGATAGCAACTATCAGTTAATCTGG,1563,3,clonotype1,clonotype1_consensus_2
TAGTTGGGTTAGAACA-1,True,TAGTTGGGTTAGAACA-1_contig_2,True,521,TRB,TRBV20-1,None,TRBJ2-1,TRBC2,True,True,CSARVGSEVNEQFF,TGCAGTGCTAGAGTGGGGTCGGAAGTCAATGAGCAGTTCTTC,1217,7,clonotype1,clonotype1_consensus_1
TAGTTGGGTTGGAGGT-1,True,TAGTTGGGTTGGAGGT-1_contig_1,True,521,TRB,TRBV20-1,None,TRBJ2-1,TRBC2,True,True,CSARVGSEVNEQFF,TGCAGTGCTAGAGTGGGGTCGGAAGTCAATGAGCAGTTCTTC,1982,10,clonotype2,clonotype2_consensus_1
TAGTTGGTCACGAAGG-1,True,TAGTTGGTCACGAAGG-1_contig_1,True,531,TRA,TRAV12-1,None,TRAJ9,TRAC,True,True,CVVTRNTGGFKTIF,TGTGTGGTGACACGAAATACTGGAGGCTTCAAAACTATCTTT,3767,1,clonotype5,clonotype5_consensus_2
TAGTTGGTCACGAAGG-1,True,TAGTTGGTCACGAAGG-1_contig_2,True,533,TRB,TRBV20-1,None,TRBJ1-5,TRBC1,True,True,CSARDDNRAKSFNQPQHF,TGCAGTGCTAGAGACGACAACCGGGCCAAATCCTTCAATCAGCCCCAGCATTTT,1207,6,clonotype5,clonotype5_consensus_1
TAGTTGGTCAGAGGTG-1,True,TAGTTGGTCAGAGGTG-1_contig_1,True,505,TRA,TRAV1-2,None,TRAJ33,TRAC,True,True,CAATDSNYQLIW,TGTGCTGCGACTGATAGCAACTATCAGTTAATCTGG,2966,8,clonotype1,clonotype1_consensus_2
TAGTTGGTCAGAGGTG-1,True,TAGTTGGTCAGAGGTG-1_contig_2,True,518,TRB,TRBV20-1,None,TRBJ2-1,TRBC2,True,True,CSARVGSEVNEQFF,TGCAGTGCTAGAGTGGGGTCGGAAGTCAATGAGCAGTTCTTC,1207,7,clonotype1,clonotype1_consensus_1
TAGTTGGTCCGATATG-1,True,TAGTTGGTCCGATATG-1_contig_1,True,505,TRA,TRAV1-2,None,TRAJ33,TRAC,True,True,CAATDSNYQLIW,TGTGCTGCGACTGATAGCAACTATCAGTTAATCTGG,757,5,clonotype1,clonotype1_consensus_2
TAGTTGGTCCGATATG-1,True,TAGTTGGTCCGATATG-1_contig_2,True,521,TRB,TRBV20-1,None,TRBJ2-1,TRBC2,True,True,CSARVGSEVNEQFF,TGCAGTGCTAGAGTGGGGTCGGAAGTCAATGAGCAGTTCTTC,2816,11,clonotype1,clonotype1_consensus_1
TAGTTGGTCCGATATG-1,True,TAGTTGGTCCGATATG-1_contig_3,True,440,TRA,TRAV10,None,TRAJ24,TRAC,True,False,None,None,274,1,clonotype1,None
TAGTTGGTCGAATGCT-1,True,TAGTTGGTCGAATGCT-1_contig_1,True,505,TRA,TRAV1-2,None,TRAJ33,TRAC,True,True,CAATDSNYQLIW,TGTGCTGCGACTGATAGCAACTATCAGTTAATCTGG,419,6,clonotype1,clonotype1_consensus_2
TAGTTGGTCGAATGCT-1,True,TAGTTGGTCGAATGCT-1_contig_2,True,521,TRB,TRBV20-1,None,TRBJ2-1,TRBC2,True,True,CSARVGSEVNEQFF,TGCAGTGCTAGAGTGGGGTCGGAAGTCAATGAGCAGTTCTTC,871,4,clonotype1,clonotype1_consensus_1
TAGTTGGTCGCGTAGC-1,True,TAGTTGGTCGCGTAGC-1_contig_1,True,521,TRB,TRBV20-1,None,TRBJ2-1,TRBC2,True,True,CSARVGSEVNEQFF,TGCAGTGCTAGAGTGGGGTCGGAAGTCAATGAGCAGTTCTTC,335,6,clonotype2,clonotype2_consensus_1
TAGTTGGTCGGAGGTA-1,True,TAGTTGGTCGGAGGTA-1_contig_1,True,570,TRA,TRAV8-4,None,TRAJ40,TRAC,True,True,CAVSDTSGTYKYIF,TGTGCTGTGAGTGATACCTCAGGAACCTACAAATACATCTTT,3711,8,clonotype3117,clonotype3117_consensus_2
TAGTTGGTCGGAGGTA-1,True,TAGTTGGTCGGAGGTA-1_contig_2,True,524,TRB,TRBV20-1,None,TRBJ1-1,TRBC1,True,True,CSATSPGQGNTEAFF,TGCAGTGCAACTAGTCCGGGACAGGGGAACACTGAAGCTTTCTTT,2422,9,clonotype3117,clonotype3117_consensus_1
TAGTTGGTCGGCTACG-1,True,TAGTTGGTCGGCTACG-1_contig_1,True,502,TRA,TRAV1-2,None,TRAJ27,TRAC,True,True,CAVRQAGKSTF,TGTGCTGTGAGGCAGGCAGGCAAATCAACCTTT,74,2,clonotype3118,clonotype3118_consensus_1
TAGTTGGTCGGCTACG-1,True,TAGTTGGTCGGCTACG-1_contig_2,True,524,TRB,TRBV20-1,None,TRBJ1-6,TRBC1,True,True,CSAQGVMEEGSPLHF,TGCAGTGCCCAGGGCGTCATGGAAGAAGGGTCACCCCTCCACTTT,896,5,clonotype3118,clonotype3118_consensus_2
TAGTTGGTCTCGCTTG-1,True,TAGTTGGTCTCGCTTG-1_contig_1,True,505,TRA,TRAV1-2,None,TRAJ33,TRAC,True,True,CAATDSNYQLIW,TGTGCTGCGACTGATAGCAACTATCAGTTAATCTGG,72,2,clonotype1,clonotype1_consensus_2
TAGTTGGTCTCGCTTG-1,True,TAGTTGGTCTCGCTTG-1_contig_2,True,521,TRB,TRBV20-1,None,TRBJ2-1,TRBC2,True,True,CSARVGSEVNEQFF,TGCAGTGCTAGAGTGGGGTCGGAAGTCAATGAGCAGTTCTTC,2673,7,clonotype1,clonotype1_consensus_1
TAGTTGGTCTCGCTTG-1,True,TAGTTGGTCTCGCTTG-1_contig_3,True,482,TRA,TRAV10,None,TRAJ24,TRAC,True,False,None,None,255,2,clonotype1,None
TAGTTGGTCTCGTTTA-1,True,TAGTTGGTCTCGTTTA-1_contig_1,True,510,TRB,TRBV5-5,None,TRBJ2-2,TRBC2,True,True,CASSLLGFNTGELFF,TGTGCCAGCAGCTTGTTGGGCTTTAACACCGGGGAGCTGTTTTTT,1023,3,clonotype3119,clonotype3119_consensus_1
TAGTTGGTCTGGTGTA-1,True,TAGTTGGTCTGGTGTA-1_contig_1,True,654,TRB,TRBV5-6,None,TRBJ1-4,TRBC1,True,True,CASSLWPGNEKLFF,TGTGCCAGCAGCTTGTGGCCGGGTAATGAAAAACTGTTTTTT,905,8,clonotype3120,clonotype3120_consensus_1
TAGTTGGTCTTTAGGG-1,True,TAGTTGGTCTTTAGGG-1_contig_1,True,505,TRA,TRAV1-2,None,TRAJ33,TRAC,True,True,CAATDSNYQLIW,TGTGCTGCGACTGATAGCAACTATCAGTTAATCTGG,423,2,clonotype1,clonotype1_consensus_2
TAGTTGGTCTTTAGGG-1,True,TAGTTGGTCTTTAGGG-1_contig_2,True,521,TRB,TRBV20-1,None,TRBJ2-1,TRBC2,True,True,CSARVGSEVNEQFF,TGCAGTGCTAGAGTGGGGTCGGAAGTCAATGAGCAGTTCTTC,698,6,clonotype1,clonotype1_consensus_1
TAGTTGGTCTTTAGGG-1,True,TAGTTGGTCTTTAGGG-1_contig_3,True,467,TRA,TRAV10,None,TRAJ24,TRAC,True,False,None,None,345,3,clonotype1,None
TATCAGGAGATCCCAT-1,True,TATCAGGAGATCCCAT-1_contig_1,True,498,TRB,TRBV20-1,None,TRBJ2-1,TRBC2,True,True,CSARVGSEVNEQFF,TGCAGTGCTAGAGTGGGGTCGGAAGTCAATGAGCAGTTCTTC,1621,4,clonotype2,clonotype2_consensus_1
TATCAGGAGCATGGCA-1,True,TATCAGGAGCATGGCA-1_contig_1,True,492,TRB,TRBV5-5,None,TRBJ1-4,TRBC1,True,True,CASSHPGPNYATNEKLFF,TGTGCCAGCAGCCATCCCGGACCGAACTACGCAACTAATGAAAAACTGTTTTTT,278,3,clonotype4,clonotype4_consensus_1
TATCAGGAGCTGAACG-1,True,TATCAGGAGCTGAACG-1_contig_1,True,479,TRB,TRBV20-1,None,TRBJ2-2,TRBC2,True,True,CSASNSPGELFF,TGCAGTGCTAGTAATAGTCCAGGGGAGCTGTTTTTT,722,3,clonotype3121,clonotype3121_consensus_1
TATCAGGAGCTGCAAG-1,True,TATCAGGAGCTGCAAG-1_contig_1,True,484,TRA,TRAV21,None,TRAJ15,TRAC,True,True,CAAGGGQAGTALIF,TGTGCTGCGGGGGGGGGACAGGCAGGAACTGCTCTGATCTTT,3023,6,clonotype3122,clonotype3122_consensus_1
TATCAGGAGCTGCAAG-1,True,TATCAGGAGCTGCAAG-1_contig_2,True,521,TRB,TRBV20-1,None,TRBJ2-7,TRBC2,True,True,CSARRQGEAYEQYF,TGCAGTGCTAGACGGCAGGGGGAGGCCTACGAGCAGTACTTC,422,3,clonotype3122,clonotype3122_consensus_2
TATCAGGAGTTGAGAT-1,True,TATCAGGAGTTGAGAT-1_contig_1,True,570,TRA,TRAV8-4,None,TRAJ39,TRAC,True,True,CAVTGGDAGNMLTF,TGTGCTGTGACCGGAGGGGATGCAGGCAACATGCTCACCTTT,132,1,clonotype3123,clonotype3123_consensus_1
TATCAGGAGTTGAGAT-1,True,TATCAGGAGTTGAGAT-1_contig_2,True,521,TRB,TRBV20-1,None,TRBJ1-2,TRBC1,True,True,CSARVGGTGRGYTF,TGCAGTGCTAGAGTAGGGGGCACGGGAAGGGGCTACACCTTC,293,7,clonotype3123,clonotype3123_consensus_2
TATCAGGAGTTGAGAT-1,True,TATCAGGAGTTGAGAT-1_contig_3,True,463,TRA,TRAV13-1,None,TRAJ5,TRAC,True,False,None,None,270,2,clonotype3123,None
TATCAGGCAAATACAG-1,True,TATCAGGCAAATACAG-1_contig_1,True,505,TRA,TRAV1-2,None,TRAJ33,TRAC,True,True,CAATDSNYQLIW,TGTGCTGCGACTGATAGCAACTATCAGTTAATCTGG,382,3,clonotype1,clonotype1_consensus_2
TATCAGGCAAATACAG-1,True,TATCAGGCAAATACAG-1_contig_2,True,473,TRB,TRBV20-1,None,TRBJ2-1,TRBC2,True,True,CSARVGSEVNEQFF,TGCAGTGCTAGAGTGGGGTCGGAAGTCAATGAGCAGTTCTTC,665,4,clonotype1,clonotype1_consensus_1
TATCAGGCACAACGTT-1,True,TATCAGGCACAACGTT-1_contig_1,True,501,TRB,TRBV20-1,None,TRBJ1-1,TRBC1,True,True,CSARDFRGGDTEAFF,TGCAGTGCTAGAGATTTCCGCGGGGGGGACACTGAAGCTTTCTTT,2122,6,clonotype3124,clonotype3124_consensus_1
TATCAGGCACAACGTT-1,True,TATCAGGCACAACGTT-1_contig_2,True,552,TRA,TRAV12-1,None,TRAJ5,TRAC,True,True,CVVNRRDTGRRALTF,TGTGTGGTGAACAGGAGGGACACGGGCAGGAGAGCACTTACTTTT,401,4,clonotype3124,clonotype3124_consensus_2
TATCAGGCACAAGTAA-1,True,TATCAGGCACAAGTAA-1_contig_1,True,515,TRB,TRBV20-1,None,TRBJ1-5,TRBC1,True,True,CSAGRLDQPQHF,TGCAGTGCCGGGAGACTCGATCAGCCCCAGCATTTT,1480,7,clonotype3125,clonotype3125_consensus_4
TATCAGGCACAAGTAA-1,True,TATCAGGCACAAGTAA-1_contig_2,True,501,TRB,TRBV20-1,None,TRBJ2-2,TRBC2,True,True,CSARPQLTNTGELFF,TGCAGTGCTAGACCCCAACTAACCAACACCGGGGAGCTGTTTTTT,2975,17,clonotype3125,clonotype3125_consensus_3
TATCAGGCACAAGTAA-1,True,TATCAGGCACAAGTAA-1_contig_3,True,568,TRA,TRAV19,None,TRAJ39,TRAC,True,True,CALSERRNAGNMLTF,TGTGCTCTGAGTGAGAGGAGGAATGCAGGCAACATGCTCACCTTT,376,2,clonotype3125,clonotype3125_consensus_2
TATCAGGCACAAGTAA-1,True,TATCAGGCACAAGTAA-1_contig_4,True,485,TRA,TRAV21,None,TRAJ11,TRAC,True,True,CAASASGYSTLTF,TGTGCTGCCTCAGCATCAGGATACAGCACCCTCACCTTT,1881,7,clonotype3125,clonotype3125_consensus_1
TATCAGGCACCGAATT-1,True,TATCAGGCACCGAATT-1_contig_1,True,514,TRB,TRBV20-1,None,TRBJ2-1,TRBC2,True,True,CSARVGSEVNEQFF,TGCAGTGCTAGAGTGGGGTCGGAAGTCAATGAGCAGTTCTTC,1665,6,clonotype2,clonotype2_consensus_1
TATCAGGCAGCTGTGC-1,True,TATCAGGCAGCTGTGC-1_contig_1,True,521,TRB,TRBV20-1,None,TRBJ2-1,TRBC2,True,True,CSARVGSEVNEQFF,TGCAGTGCTAGAGTGGGGTCGGAAGTCAATGAGCAGTTCTTC,1870,5,clonotype2,clonotype2_consensus_1
TATCAGGCATTCTCAT-1,True,TATCAGGCATTCTCAT-1_contig_1,True,521,TRB,TRBV20-1,None,TRBJ2-1,TRBC2,True,True,CSARVGSEVNEQFF,TGCAGTGCTAGAGTGGGGTCGGAAGTCAATGAGCAGTTCTTC,760,7,clonotype2,clonotype2_consensus_1
TATCAGGGTACAAGTA-1,True,TATCAGGGTACAAGTA-1_contig_1,True,505,TRA,TRAV1-2,None,TRAJ33,TRAC,True,True,CAATDSNYQLIW,TGTGCTGCGACTGATAGCAACTATCAGTTAATCTGG,395,3,clonotype1,clonotype1_consensus_2
TATCAGGGTACAAGTA-1,True,TATCAGGGTACAAGTA-1_contig_2,True,521,TRB,TRBV20-1,None,TRBJ2-1,TRBC2,True,True,CSARVGSEVNEQFF,TGCAGTGCTAGAGTGGGGTCGGAAGTCAATGAGCAGTTCTTC,1684,6,clonotype1,clonotype1_consensus_1
TATCAGGGTAGGAGTC-1,True,TATCAGGGTAGGAGTC-1_contig_1,True,488,TRA,TRAV22,None,TRAJ17,TRAC,True,True,CAVWKAAGNKLTF,TGTGCTGTGTGGAAAGCTGCAGGCAACAAGCTAACTTTT,464,2,clonotype91,clonotype91_consensus_1
TATCAGGGTAGGAGTC-1,True,TATCAGGGTAGGAGTC-1_contig_2,True,305,TRB,TRBV18,None,TRBJ2-7,TRBC2,True,False,None,None,422,4,clonotype91,None
TATCAGGGTAGGAGTC-1,True,TATCAGGGTAGGAGTC-1_contig_3,True,339,TRB,None,None,TRBJ1-6,TRBC1,False,False,None,None,388,1,clonotype91,None
TATCAGGGTAGGAGTC-1,True,TATCAGGGTAGGAGTC-1_contig_4,True,438,TRB,TRBV20-1,None,None,TRBC1,False,False,None,None,648,3,clonotype91,None
TATCAGGGTAGTAGTA-1,True,TATCAGGGTAGTAGTA-1_contig_1,True,508,TRB,TRBV20-1,None,TRBJ1-5,TRBC1,True,True,CSAPLGNQPQHF,TGCAGTGCCCCCCTAGGCAATCAGCCCCAGCATTTT,982,5,clonotype3126,clonotype3126_consensus_2
TATCAGGGTAGTAGTA-1,True,TATCAGGGTAGTAGTA-1_contig_2,True,489,TRA,TRAV17,None,TRAJ9,TRAC,True,True,CATLTGGFKTIF,TGTGCTACCTTAACAGGAGGCTTCAAAACTATCTTT,108,5,clonotype3126,clonotype3126_consensus_1
TATCAGGGTAGTAGTA-1,True,TATCAGGGTAGTAGTA-1_contig_3,True,316,TRB,None,None,TRBJ1-6,TRBC1,False,False,None,None,578,2,clonotype3126,None
TATCAGGGTATAATGG-1,True,TATCAGGGTATAATGG-1_contig_1,True,528,TRB,TRBV5-5,None,TRBJ1-4,TRBC1,True,True,CASSHPGPNYATNEKLFF,TGTGCCAGCAGCCATCCCGGACCGAACTACGCAACTAATGAAAAACTGTTTTTT,1550,9,clonotype4,clonotype4_consensus_1
TATCAGGGTATCACCA-1,True,TATCAGGGTATCACCA-1_contig_1,True,521,TRB,TRBV20-1,None,TRBJ2-3,TRBC2,True,True,CSASPGGITDTQYF,TGCAGTGCTAGCCCCGGGGGGATCACAGATACGCAGTATTTT,759,6,clonotype3127,clonotype3127_consensus_2
TATCAGGGTATCACCA-1,True,TATCAGGGTATCACCA-1_contig_2,True,583,TRA,TRAV17,None,TRAJ54,TRAC,True,True,CATDLQGAQKLVF,TGTGCTACGGACCTCCAGGGAGCCCAGAAGCTGGTATTT,832,3,clonotype3127,clonotype3127_consensus_1
TATCAGGGTCATTAGC-1,True,TATCAGGGTCATTAGC-1_contig_1,True,515,TRB,TRBV20-1,None,TRBJ2-7,TRBC2,True,True,CSAGRGAYEQYF,TGCAGTGCAGGGCGGGGGGCCTACGAGCAGTACTTC,1823,10,clonotype3128,clonotype3128_consensus_2
TATCAGGGTCATTAGC-1,True,TATCAGGGTCATTAGC-1_contig_2,True,497,TRA,TRAV38-2/DV8,None,TRAJ42,TRAC,True,True,CAYRSVRGSQGNLIF,TGTGCTTATAGGAGCGTAAGAGGAAGCCAAGGAAATCTCATCTTT,1198,7,clonotype3128,clonotype3128_consensus_1
TATCAGGGTCCAGTAT-1,True,TATCAGGGTCCAGTAT-1_contig_1,True,505,TRA,TRAV1-2,None,TRAJ33,TRAC,True,True,CAATDSNYQLIW,TGTGCTGCGACTGATAGCAACTATCAGTTAATCTGG,58,1,clonotype1,clonotype1_consensus_2
TATCAGGGTCCAGTAT-1,True,TATCAGGGTCCAGTAT-1_contig_2,True,521,TRB,TRBV20-1,None,TRBJ2-1,TRBC2,True,True,CSARVGSEVNEQFF,TGCAGTGCTAGAGTGGGGTCGGAAGTCAATGAGCAGTTCTTC,329,4,clonotype1,clonotype1_consensus_1
TATCAGGGTCCAGTAT-1,True,TATCAGGGTCCAGTAT-1_contig_3,True,482,TRA,TRAV10,None,TRAJ24,TRAC,True,False,None,None,428,1,clonotype1,None
TATCAGGGTTACGTCA-1,True,TATCAGGGTTACGTCA-1_contig_1,True,515,TRB,TRBV20-1,None,TRBJ2-1,TRBC2,True,True,CSVGDSYNEQFF,TGCAGTGTCGGGGACAGCTACAATGAGCAGTTCTTC,2098,12,clonotype3129,clonotype3129_consensus_2
TATCAGGGTTACGTCA-1,True,TATCAGGGTTACGTCA-1_contig_2,True,554,TRA,TRAV16,None,TRAJ31,TRAC,True,True,CALEGRNNNARLMF,TGTGCTCTAGAAGGCCGGAATAACAATGCCAGACTCATGTTT,527,3,clonotype3129,clonotype3129_consensus_3
TATCAGGGTTACGTCA-1,True,TATCAGGGTTACGTCA-1_contig_3,True,478,TRA,TRAV10,None,TRAJ33,TRAC,True,True,CVVSPDSNYQLIW,TGTGTGGTGAGCCCGGATAGCAACTATCAGTTAATCTGG,444,3,clonotype3129,clonotype3129_consensus_1
TATCAGGTCAGCCTAA-1,True,TATCAGGTCAGCCTAA-1_contig_1,True,505,TRA,TRAV1-2,None,TRAJ33,TRAC,True,True,CAAMDSNYQLIW,TGTGCTGCCATGGATAGCAACTATCAGTTAATCTGG,2518,3,clonotype21,clonotype21_consensus_2
TATCAGGTCAGCCTAA-1,True,TATCAGGTCAGCCTAA-1_contig_2,True,521,TRB,TRBV20-1,None,TRBJ1-1,TRBC1,True,True,CSAREGGKDTEAFF,TGCAGTGCTAGGGAGGGGGGTAAGGACACTGAAGCTTTCTTT,1463,6,clonotype21,clonotype21_consensus_1
TATCAGGTCAGCCTAA-1,True,TATCAGGTCAGCCTAA-1_contig_3,True,532,TRA,TRAV12-2,None,TRAJ49,TRAC,True,False,None,None,465,4,clonotype21,None
TATCAGGTCAGCCTAA-1,True,TATCAGGTCAGCCTAA-1_contig_4,True,316,TRB,None,None,TRBJ1-2,TRBC1,False,False,None,None,726,2,clonotype21,None
TATCAGGTCAGTGTTG-1,True,TATCAGGTCAGTGTTG-1_contig_1,True,524,TRB,TRBV20-1,None,TRBJ2-1,TRBC2,True,True,CSARERLAHYNEQFF,TGCAGTGCTAGAGAAAGACTAGCGCACTACAATGAGCAGTTCTTC,3196,13,clonotype3130,clonotype3130_consensus_1
TATCAGGTCAGTGTTG-1,True,TATCAGGTCAGTGTTG-1_contig_2,True,621,TRA,TRAV3,None,TRAJ26,TRAC,True,True,CAVRPRDNYGQNFVF,TGTGCTGTGAGACCCCGGGATAACTATGGTCAGAATTTTGTCTTT,1049,4,clonotype3130,clonotype3130_consensus_2
TATCAGGTCAGTGTTG-1,True,TATCAGGTCAGTGTTG-1_contig_3,True,488,TRB,TRBV23-1,None,TRBJ2-6,TRBC2,True,False,CASSQPNPGCL,TGCGCCAGCAGTCAACCAAATCCAGGGTGCCTG,337,4,clonotype3130,None
TATCAGGTCCTCGCAT-1,True,TATCAGGTCCTCGCAT-1_contig_1,True,509,TRB,TRBV20-1,None,TRBJ1-2,TRBC1,True,True,CSARGNAATTGGTPGYTF,TGCAGTGCTAGAGGAAACGCAGCTACAACAGGGGGGACTCCTGGCTACACCTTC,1254,5,clonotype376,clonotype376_consensus_1
TATCAGGTCCTTGGTC-1,True,TATCAGGTCCTTGGTC-1_contig_1,True,538,TRA,TRAV12-2,None,TRAJ40,TRAC,True,True,CAVISSTSGTYKYIF,TGTGCCGTGATTAGTTCTACCTCAGGAACCTACAAATACATCTTT,754,3,clonotype3131,clonotype3131_consensus_2
TATCAGGTCCTTGGTC-1,True,TATCAGGTCCTTGGTC-1_contig_2,True,521,TRB,TRBV20-1,None,TRBJ2-7,TRBC2,True,True,CSARDPSGVREQYF,TGCAGTGCTAGAGATCCTAGCGGGGTTCGTGAGCAGTACTTC,572,6,clonotype3131,clonotype3131_consensus_1
TATCAGGTCGAACGGA-1,True,TATCAGGTCGAACGGA-1_contig_1,True,662,TRA,TRAV8-6,None,TRAJ24,TRAC,True,True,CAVTGTDSWGKFQF,TGTGCTGTGACCGGAACTGACAGCTGGGGGAAATTCCAGTTT,644,6,clonotype3132,clonotype3132_consensus_2
TATCAGGTCGAACGGA-1,True,TATCAGGTCGAACGGA-1_contig_2,True,498,TRB,TRBV20-1,None,TRBJ2-7,TRBC2,True,True,CSASPSGVSYEQYF,TGCAGTGCTTCCCCCAGCGGGGTTTCCTACGAGCAGTACTTC,1106,8,clonotype3132,clonotype3132_consensus_1
TATCAGGTCGTAGGTT-1,True,TATCAGGTCGTAGGTT-1_contig_1,True,502,TRA,TRAV1-2,None,TRAJ30,TRAC,True,True,CAVRDLREIIF,TGTGCTGTGAGAGATCTTCGGGAGATCATCTTT,490,7,clonotype28,clonotype28_consensus_3
TATCAGGTCGTAGGTT-1,True,TATCAGGTCGTAGGTT-1_contig_2,True,696,TRB,TRBV5-5,None,TRBJ1-4,TRBC1,True,True,CASSHPGPNYATNEKLFF,TGTGCCAGCAGCCATCCCGGACCGAACTACGCAACTAATGAAAAACTGTTTTTT,1411,6,clonotype28,clonotype28_consensus_1
TATCAGGTCGTAGGTT-1,True,TATCAGGTCGTAGGTT-1_contig_3,True,521,TRB,TRBV20-1,None,TRBJ2-1,TRBC2,True,True,CSARVGSEVNEQFF,TGCAGTGCTAGAGTGGGGTCGGAAGTCAATGAGCAGTTCTTC,963,6,clonotype28,clonotype28_consensus_2
TATCTCAAGAGACTAT-1,True,TATCTCAAGAGACTAT-1_contig_1,True,459,TRA,TRAV13-1,None,TRAJ4,TRAC,True,True,CAACPGGYNKLIF,TGTGCAGCATGCCCTGGTGGCTACAATAAGCTGATTTTT,1473,5,clonotype3133,clonotype3133_consensus_4
TATCTCAAGAGACTAT-1,True,TATCTCAAGAGACTAT-1_contig_2,True,482,TRB,TRBV20-1,None,TRBJ1-5,TRBC1,True,True,CSAGAGRNQPQHF,TGCAGTGCGGGGGCAGGGCGCAATCAGCCCCAGCATTTT,342,3,clonotype3133,clonotype3133_consensus_3
TATCTCAAGAGACTAT-1,True,TATCTCAAGAGACTAT-1_contig_3,True,509,TRA,TRAV6,None,TRAJ13,TRAC,True,True,CALGNSGGYQKVTF,TGTGCTCTGGGGAATTCTGGGGGTTACCAGAAAGTTACCTTT,2058,6,clonotype3133,clonotype3133_consensus_1
TATCTCAAGAGACTAT-1,True,TATCTCAAGAGACTAT-1_contig_4,True,515,TRB,TRBV6-5,None,TRBJ2-3,TRBC2,True,True,CASSYSGSRDTQYF,TGTGCCAGCAGTTATTCGGGCTCTCGAGATACGCAGTATTTT,2578,7,clonotype3133,clonotype3133_consensus_2
TATCTCAAGCTTTGGT-1,True,TATCTCAAGCTTTGGT-1_contig_1,True,518,TRB,TRBV20-1,None,TRBJ1-6,TRBC1,True,True,CSARGQNNSPLHF,TGCAGTGCTAGAGGACAAAATAATTCACCCCTCCACTTT,1823,10,clonotype3134,clonotype3134_consensus_1
TATCTCAAGCTTTGGT-1,True,TATCTCAAGCTTTGGT-1_contig_2,True,456,TRA,TRAV13-1,None,TRAJ9,TRAC,True,True,CAASTGGFKTIF,TGTGCAGCAAGTACTGGAGGCTTCAAAACTATCTTT,939,6,clonotype3134,clonotype3134_consensus_2
TATCTCAAGCTTTGGT-1,True,TATCTCAAGCTTTGGT-1_contig_3,True,474,TRB,TRBV7-2,None,TRBJ2-3,TRBC2,True,False,None,None,149,4,clonotype3134,None
TATCTCAAGTCCCACG-1,True,TATCTCAAGTCCCACG-1_contig_1,True,505,TRA,TRAV1-2,None,TRAJ33,TRAC,True,True,CAATDSNYQLIW,TGTGCTGCGACTGATAGCAACTATCAGTTAATCTGG,361,3,clonotype1,clonotype1_consensus_2
TATCTCAAGTCCCACG-1,True,TATCTCAAGTCCCACG-1_contig_2,True,521,TRB,TRBV20-1,None,TRBJ2-1,TRBC2,True,True,CSARVGSEVNEQFF,TGCAGTGCTAGAGTGGGGTCGGAAGTCAATGAGCAGTTCTTC,815,6,clonotype1,clonotype1_consensus_1
TATCTCACAAGTCTAC-1,True,TATCTCACAAGTCTAC-1_contig_1,True,541,TRA,TRAV5,None,TRAJ29,TRAC,True,True,CAEISYSGNTPLVF,TGTGCAGAGATTTCATATTCAGGAAACACACCTCTTGTCTTT,276,3,clonotype3135,clonotype3135_consensus_2
TATCTCACAAGTCTAC-1,True,TATCTCACAAGTCTAC-1_contig_2,True,498,TRB,TRBV20-1,None,TRBJ1-1,TRBC1,True,True,CSARDYGLDTRRAFF,TGCAGTGCTAGAGATTACGGTTTGGACACCCGGCGAGCTTTCTTT,1726,5,clonotype3135,clonotype3135_consensus_1
TATCTCACAATGTTGC-1,True,TATCTCACAATGTTGC-1_contig_1,True,530,TRB,TRBV20-1,None,TRBJ1-5,TRBC1,True,True,CSARGQSSTRSNQPQHF,TGCAGTGCTAGAGGTCAGAGCTCCACCCGCAGCAATCAGCCCCAGCATTTT,530,3,clonotype3136,clonotype3136_consensus_1
TATCTCACAATGTTGC-1,True,TATCTCACAATGTTGC-1_contig_2,True,681,TRA,TRAV8-3,None,TRAJ10,TRAC,True,True,CAVGEITGGGNKLTF,TGTGCTGTGGGCGAAATCACGGGAGGAGGAAACAAACTCACCTTT,924,8,clonotype3136,clonotype3136_consensus_2
TATCTCACACCGAATT-1,True,TATCTCACACCGAATT-1_contig_1,True,521,TRB,TRBV20-1,None,TRBJ2-1,TRBC2,True,True,CSARVGSEVNEQFF,TGCAGTGCTAGAGTGGGGTCGGAAGTCAATGAGCAGTTCTTC,700,5,clonotype2,clonotype2_consensus_1
TATCTCACAGTCAGAG-1,True,TATCTCACAGTCAGAG-1_contig_1,True,505,TRA,TRAV1-2,None,TRAJ33,TRAC,True,True,CAATDSNYQLIW,TGTGCTGCGACTGATAGCAACTATCAGTTAATCTGG,2067,7,clonotype1,clonotype1_consensus_2
TATCTCACAGTCAGAG-1,True,TATCTCACAGTCAGAG-1_contig_2,True,485,TRB,TRBV20-1,None,TRBJ2-1,TRBC2,True,True,CSARVGSEVNEQFF,TGCAGTGCTAGAGTGGGGTCGGAAGTCAATGAGCAGTTCTTC,665,8,clonotype1,clonotype1_consensus_1
TATCTCACATAGAAAC-1,True,TATCTCACATAGAAAC-1_contig_1,True,571,TRA,TRAV29/DV5,None,TRAJ50,TRAC,True,True,CAASEGTSYDKVIF,TGTGCAGCAAGCGAGGGAACCTCCTACGACAAGGTGATATTT,294,3,clonotype3137,clonotype3137_consensus_1
TATCTCACATAGAAAC-1,True,TATCTCACATAGAAAC-1_contig_2,True,676,TRB,TRBV5-6,None,TRBJ2-7,TRBC2,True,True,CASSLAQWSSYEQYF,TGTGCCAGCAGCTTGGCACAGTGGAGCTCCTACGAGCAGTACTTC,574,6,clonotype3137,clonotype3137_consensus_2
TATCTCACATGACGGA-1,True,TATCTCACATGACGGA-1_contig_1,True,521,TRB,TRBV20-1,None,TRBJ2-1,TRBC2,True,True,CSARVGSEVNEQFF,TGCAGTGCTAGAGTGGGGTCGGAAGTCAATGAGCAGTTCTTC,1346,11,clonotype2,clonotype2_consensus_1
TATCTCATCACCCGAG-1,True,TATCTCATCACCCGAG-1_contig_1,True,501,TRB,TRBV20-1,None,TRBJ1-2,TRBC1,True,True,CSATETGASGEGYTF,TGCAGTGCTACGGAGACAGGGGCTTCGGGAGAGGGCTACACCTTC,3063,13,clonotype48,clonotype48_consensus_1
TATCTCATCACCCGAG-1,True,TATCTCATCACCCGAG-1_contig_2,True,511,TRA,TRAV17,None,TRAJ22,TRAC,True,True,CATLSGSARQLTF,TGTGCTACGCTTTCTGGTTCTGCAAGGCAACTGACCTTT,1074,4,clonotype48,clonotype48_consensus_2
TATCTCATCAGGCGAA-1,True,TATCTCATCAGGCGAA-1_contig_1,True,653,TRB,TRBV5-6,None,TRBJ2-1,TRBC2,True,True,CASSRGTNEQFF,TGTGCCAGCAGCCGGGGGACTAATGAGCAGTTCTTC,1294,10,clonotype3138,clonotype3138_consensus_2
TATCTCATCAGGCGAA-1,True,TATCTCATCAGGCGAA-1_contig_2,True,462,TRA,TRAV13-1,None,TRAJ32,TRAC,True,True,CAASWGGATNKLIF,TGTGCAGCAAGTTGGGGTGGTGCTACAAACAAGCTCATCTTT,502,2,clonotype3138,clonotype3138_consensus_1
TATCTCATCCCTTGCA-1,True,TATCTCATCCCTTGCA-1_contig_1,True,518,TRB,TRBV20-1,None,TRBJ2-7,TRBC2,True,True,CSAIGQNQYEQYF,TGCAGTGCGATCGGACAGAACCAATACGAGCAGTACTTC,1367,8,clonotype3139,clonotype3139_consensus_2
TATCTCATCCCTTGCA-1,True,TATCTCATCCCTTGCA-1_contig_2,True,498,TRA,TRAV12-3,None,TRAJ54,TRAC,True,True,CAMSAGGAQKLVF,TGTGCAATGAGCGCAGGGGGAGCCCAGAAGCTGGTATTT,771,3,clonotype3139,clonotype3139_consensus_1
TATCTCATCCCTTGCA-1,True,TATCTCATCCCTTGCA-1_contig_3,True,393,TRB,None,None,TRBJ1-3,TRBC1,False,False,None,None,456,4,clonotype3139,None
TATCTCATCGCATGGC-1,True,TATCTCATCGCATGGC-1_contig_1,True,521,TRB,TRBV20-1,None,TRBJ2-1,TRBC2,True,True,CSARVGSEVNEQFF,TGCAGTGCTAGAGTGGGGTCGGAAGTCAATGAGCAGTTCTTC,561,8,clonotype2,clonotype2_consensus_1
TATCTCATCTGAGGGA-1,True,TATCTCATCTGAGGGA-1_contig_1,True,573,TRA,TRAV8-4,None,TRAJ15,TRAC,True,True,CAVRAWGQAGTALIF,TGTGCTGTGAGGGCCTGGGGCCAGGCAGGAACTGCTCTGATCTTT,2050,6,clonotype377,clonotype377_consensus_2
TATCTCATCTGAGGGA-1,True,TATCTCATCTGAGGGA-1_contig_2,True,717,TRB,TRBV5-6,None,TRBJ2-2,TRBC2,True,True,CASSFSGGTGELFF,TGTGCCAGCAGCTTTTCAGGGGGGACCGGGGAGCTGTTTTTT,2057,13,clonotype377,clonotype377_consensus_1
TATGCCCAGACAAGCC-1,True,TATGCCCAGACAAGCC-1_contig_1,True,518,TRB,TRBV20-1,None,TRBJ2-3,TRBC2,True,True,CSASGDLPDTQYF,TGCAGTGCTAGTGGGGACCTCCCAGATACGCAGTATTTT,729,10,clonotype3140,clonotype3140_consensus_1
TATGCCCAGACAAGCC-1,True,TATGCCCAGACAAGCC-1_contig_2,True,527,TRA,TRAV27,None,TRAJ41,TRAC,True,True,CAGYSNSGYALNF,TGTGCGGGTTACTCAAATTCCGGGTATGCACTCAACTTC,1262,7,clonotype3140,clonotype3140_consensus_2
TATGCCCAGACAAGCC-1,True,TATGCCCAGACAAGCC-1_contig_3,True,375,TRB,None,None,TRBJ1-2,TRBC1,False,False,None,None,234,2,clonotype3140,None
TATGCCCAGACAAGCC-1,True,TATGCCCAGACAAGCC-1_contig_4,True,377,TRB,None,None,TRBJ2-1,TRBC2,False,False,None,None,97,1,clonotype3140,None
TATGCCCAGAGAGCTC-1,True,TATGCCCAGAGAGCTC-1_contig_1,True,505,TRA,TRAV1-2,None,TRAJ33,TRAC,True,True,CAATDSNYQLIW,TGTGCTGCGACTGATAGCAACTATCAGTTAATCTGG,165,2,clonotype1,clonotype1_consensus_2
TATGCCCAGAGAGCTC-1,True,TATGCCCAGAGAGCTC-1_contig_2,True,521,TRB,TRBV20-1,None,TRBJ2-1,TRBC2,True,True,CSARVGSEVNEQFF,TGCAGTGCTAGAGTGGGGTCGGAAGTCAATGAGCAGTTCTTC,1058,7,clonotype1,clonotype1_consensus_1
TATGCCCAGATCCGAG-1,True,TATGCCCAGATCCGAG-1_contig_1,True,511,TRA,TRAV20,None,TRAJ57,TRAC,True,True,CAVQLTQGGSEKLVF,TGTGCTGTGCAGTTAACTCAGGGCGGATCTGAAAAGCTGGTCTTT,1117,6,clonotype42,clonotype42_consensus_1
TATGCCCAGATCCGAG-1,True,TATGCCCAGATCCGAG-1_contig_2,True,508,TRB,TRBV5-5,None,TRBJ1-2,TRBC1,True,True,CASSPLMYGGGTGYTF,TGTGCCAGCAGCCCTTTAATGTACGGGGGTGGAACTGGCTACACCTTC,2050,7,clonotype42,clonotype42_consensus_2
TATGCCCAGTGAACGC-1,True,TATGCCCAGTGAACGC-1_contig_1,True,505,TRA,TRAV1-2,None,TRAJ33,TRAC,True,True,CAATDSNYQLIW,TGTGCTGCGACTGATAGCAACTATCAGTTAATCTGG,433,2,clonotype1,clonotype1_consensus_2
TATGCCCAGTGAACGC-1,True,TATGCCCAGTGAACGC-1_contig_2,True,514,TRB,TRBV20-1,None,TRBJ2-1,TRBC2,True,True,CSARVGSEVNEQFF,TGCAGTGCTAGAGTGGGGTCGGAAGTCAATGAGCAGTTCTTC,439,6,clonotype1,clonotype1_consensus_1
TATGCCCAGTGAACGC-1,True,TATGCCCAGTGAACGC-1_contig_3,True,468,TRA,TRAV10,None,TRAJ24,TRAC,True,False,None,None,209,3,clonotype1,None
TATGCCCCAGGGTACA-1,True,TATGCCCCAGGGTACA-1_contig_1,True,508,TRA,TRAV20,None,TRAJ24,TRAC,True,True,CAVMTTDSWGKFQF,TGTGCTGTTATGACAACTGACAGCTGGGGGAAATTCCAGTTT,942,4,clonotype3141,clonotype3141_consensus_4
TATGCCCCAGGGTACA-1,True,TATGCCCCAGGGTACA-1_contig_2,True,518,TRB,TRBV20-1,None,TRBJ2-7,TRBC2,True,True,CSARAGTLNEQYF,TGCAGTGCTAGAGCTGGGACATTGAACGAGCAGTACTTC,2401,8,clonotype3141,clonotype3141_consensus_1
TATGCCCCAGGGTACA-1,True,TATGCCCCAGGGTACA-1_contig_3,True,513,TRB,TRBV5-5,None,TRBJ2-7,TRBC2,True,True,CASSSLVEQGAYEQYF,TGTGCCAGCAGCTCGCTCGTAGAGCAGGGGGCCTACGAGCAGTACTTC,1099,5,clonotype3141,clonotype3141_consensus_2
TATGCCCCAGGGTACA-1,True,TATGCCCCAGGGTACA-1_contig_4,True,574,TRA,TRAV19,None,TRAJ45,TRAC,True,True,CALSEPYSGGGADGLTF,TGTGCTCTGAGTGAGCCGTATTCAGGAGGAGGTGCTGACGGACTCACCTTT,681,4,clonotype3141,clonotype3141_consensus_3
TATGCCCCAGTAAGAT-1,True,TATGCCCCAGTAAGAT-1_contig_1,True,505,TRA,TRAV1-2,None,TRAJ33,TRAC,True,True,CAATDSNYQLIW,TGTGCTGCGACTGATAGCAACTATCAGTTAATCTGG,228,1,clonotype1,clonotype1_consensus_2
TATGCCCCAGTAAGAT-1,True,TATGCCCCAGTAAGAT-1_contig_2,True,521,TRB,TRBV20-1,None,TRBJ2-1,TRBC2,True,True,CSARVGSEVNEQFF,TGCAGTGCTAGAGTGGGGTCGGAAGTCAATGAGCAGTTCTTC,1077,5,clonotype1,clonotype1_consensus_1
TATGCCCCATAGAAAC-1,True,TATGCCCCATAGAAAC-1_contig_1,True,552,TRB,TRBV7-9,None,TRBJ2-3,TRBC2,True,True,CASSSRLADTQYF,TGTGCCAGCAGCTCCCGACTAGCAGATACGCAGTATTTT,664,3,clonotype3142,clonotype3142_consensus_1
TATGCCCCATTGGGCC-1,True,TATGCCCCATTGGGCC-1_contig_1,True,505,TRA,TRAV1-2,None,TRAJ33,TRAC,True,True,CAATDSNYQLIW,TGTGCTGCGACTGATAGCAACTATCAGTTAATCTGG,406,4,clonotype1,clonotype1_consensus_2
TATGCCCCATTGGGCC-1,True,TATGCCCCATTGGGCC-1_contig_2,True,492,TRB,TRBV20-1,None,TRBJ2-1,TRBC2,True,True,CSARVGSEVNEQFF,TGCAGTGCTAGAGTGGGGTCGGAAGTCAATGAGCAGTTCTTC,895,4,clonotype1,clonotype1_consensus_1
TATGCCCGTAAAGGAG-1,True,TATGCCCGTAAAGGAG-1_contig_1,True,521,TRB,TRBV20-1,None,TRBJ2-1,TRBC2,True,True,CSARVGSEVNEQFF,TGCAGTGCTAGAGTGGGGTCGGAAGTCAATGAGCAGTTCTTC,1114,4,clonotype2,clonotype2_consensus_1
TATGCCCGTGCGGTAA-1,True,TATGCCCGTGCGGTAA-1_contig_1,True,505,TRA,TRAV1-2,None,TRAJ33,TRAC,True,True,CAATDSNYQLIW,TGTGCTGCGACTGATAGCAACTATCAGTTAATCTGG,63,2,clonotype1,clonotype1_consensus_2
TATGCCCGTGCGGTAA-1,True,TATGCCCGTGCGGTAA-1_contig_2,True,498,TRB,TRBV20-1,None,TRBJ2-1,TRBC2,True,True,CSARVGSEVNEQFF,TGCAGTGCTAGAGTGGGGTCGGAAGTCAATGAGCAGTTCTTC,1097,5,clonotype1,clonotype1_consensus_1
TATGCCCGTGCGGTAA-1,True,TATGCCCGTGCGGTAA-1_contig_3,True,500,TRA,TRAV10,None,TRAJ24,TRAC,True,False,None,None,633,3,clonotype1,None
TATGCCCGTTTACTCT-1,True,TATGCCCGTTTACTCT-1_contig_1,True,505,TRA,TRAV1-2,None,TRAJ33,TRAC,True,True,CAATDSNYQLIW,TGTGCTGCGACTGATAGCAACTATCAGTTAATCTGG,518,4,clonotype1,clonotype1_consensus_2
TATGCCCGTTTACTCT-1,True,TATGCCCGTTTACTCT-1_contig_2,True,505,TRB,TRBV20-1,None,TRBJ2-1,TRBC2,True,True,CSARVGSEVNEQFF,TGCAGTGCTAGAGTGGGGTCGGAAGTCAATGAGCAGTTCTTC,1397,7,clonotype1,clonotype1_consensus_1
TATGCCCGTTTACTCT-1,True,TATGCCCGTTTACTCT-1_contig_3,True,465,TRA,TRAV10,None,TRAJ24,TRAC,True,False,None,None,303,1,clonotype1,None
TATGCCCTCAGGCAAG-1,True,TATGCCCTCAGGCAAG-1_contig_1,True,498,TRB,TRBV20-1,None,TRBJ2-5,TRBC2,True,True,CSARGTSGGALETQYF,TGCAGTGCCCGAGGGACTAGCGGGGGGGCCCTGGAGACCCAGTACTTC,631,7,clonotype3143,clonotype3143_consensus_2
TATGCCCTCAGGCAAG-1,True,TATGCCCTCAGGCAAG-1_contig_2,True,505,TRA,TRAV1-2,None,TRAJ33,TRAC,True,True,CVVMDSNYQLIW,TGCGTTGTCATGGATAGCAACTATCAGTTAATCTGG,280,4,clonotype3143,clonotype3143_consensus_1
TATTACCAGAGCTATA-1,True,TATTACCAGAGCTATA-1_contig_1,True,484,TRB,TRBV5-5,None,TRBJ1-1,TRBC1,True,True,CASSLGDITEAFF,TGTGCCAGCAGCTTGGGGGACATCACTGAAGCTTTCTTT,2544,6,clonotype343,clonotype343_consensus_1
TATTACCAGATCGATA-1,True,TATTACCAGATCGATA-1_contig_1,True,507,TRA,TRAV6,None,TRAJ42,TRAC,True,True,CALRKGGSQGNLIF,TGTGCTCTTCGTAAGGGAGGAAGCCAAGGAAATCTCATCTTT,866,5,clonotype3144,clonotype3144_consensus_1
TATTACCAGATCGATA-1,True,TATTACCAGATCGATA-1_contig_2,True,493,TRB,TRBV5-6,None,TRBJ2-7,TRBC2,True,True,CASSRRQGGDHEQYF,TGTGCCAGCAGCCGACGACAGGGGGGGGATCACGAGCAGTACTTC,1385,9,clonotype3144,clonotype3144_consensus_2
TATTACCAGATCTGAA-1,True,TATTACCAGATCTGAA-1_contig_1,True,498,TRB,TRBV20-1,None,TRBJ2-1,TRBC2,True,True,CSARVGSEVNEQFF,TGCAGTGCTAGAGTGGGGTCGGAAGTCAATGAGCAGTTCTTC,1979,14,clonotype2,clonotype2_consensus_1
TATTACCAGATCTGAA-1,True,TATTACCAGATCTGAA-1_contig_2,True,463,TRA,TRAV10,None,TRAJ24,TRAC,True,False,None,None,210,4,clonotype2,None
TATTACCAGCAAATCA-1,True,TATTACCAGCAAATCA-1_contig_1,True,480,TRA,TRAV1-2,None,TRAJ33,TRAC,True,True,CAATDSNYQLIW,TGTGCTGCGACTGATAGCAACTATCAGTTAATCTGG,201,2,clonotype1,clonotype1_consensus_2
TATTACCAGCAAATCA-1,True,TATTACCAGCAAATCA-1_contig_2,True,498,TRB,TRBV20-1,None,TRBJ2-1,TRBC2,True,True,CSARVGSEVNEQFF,TGCAGTGCTAGAGTGGGGTCGGAAGTCAATGAGCAGTTCTTC,1737,14,clonotype1,clonotype1_consensus_1
TATTACCAGCCGTCGT-1,True,TATTACCAGCCGTCGT-1_contig_1,True,527,TRB,TRBV20-1,None,TRBJ2-5,TRBC2,True,True,CSARDRTSGGTETQYF,TGCAGTGCTAGAGATAGGACTAGCGGGGGGACGGAGACCCAGTACTTC,596,3,clonotype3145,clonotype3145_consensus_2
TATTACCAGCCGTCGT-1,True,TATTACCAGCCGTCGT-1_contig_2,True,542,TRA,TRAV35,None,TRAJ26,TRAC,True,True,CAGLLHYGQNFVF,TGTGCTGGGCTGCTTCATTATGGTCAGAATTTTGTCTTT,588,6,clonotype3145,clonotype3145_consensus_1
TATTACCAGCTGATAA-1,True,TATTACCAGCTGATAA-1_contig_1,True,491,TRB,TRBV20-1,None,TRBJ1-4,TRBC1,True,True,CSARETGGETNEKLFF,TGCAGTGCTAGGGAGACAGGGGGAGAGACTAATGAAAAACTGTTTTTT,2035,10,clonotype3146,clonotype3146_consensus_1
TATTACCAGCTGATAA-1,True,TATTACCAGCTGATAA-1_contig_2,True,404,TRA,TRAV13-2,None,TRAJ4,TRAC,True,False,None,None,800,4,clonotype3146,None
TATTACCAGCTGATAA-1,True,TATTACCAGCTGATAA-1_contig_3,True,681,TRA,TRAV8-3,None,TRAJ18,TRAC,True,False,None,None,432,5,clonotype3146,None
TATTACCAGGAGTAGA-1,True,TATTACCAGGAGTAGA-1_contig_1,True,502,TRA,TRAV1-2,None,TRAJ30,TRAC,True,True,CAVRDLREIIF,TGTGCTGTGAGAGATCTTCGGGAGATCATCTTT,1490,4,clonotype3,clonotype3_consensus_2
TATTACCAGGAGTAGA-1,True,TATTACCAGGAGTAGA-1_contig_2,True,717,TRB,TRBV5-5,None,TRBJ1-4,TRBC1,True,True,CASSHPGPNYATNEKLFF,TGTGCCAGCAGCCATCCCGGACCGAACTACGCAACTAATGAAAAACTGTTTTTT,1907,8,clonotype3,clonotype3_consensus_1
TATTACCAGGAGTAGA-1,True,TATTACCAGGAGTAGA-1_contig_3,True,513,TRB,TRBV7-3,None,TRBJ2-1,TRBC2,True,False,CQQRSLKAGGPYNEQFF,TGCCAGCAGCGGTCACTTAAAGCGGGGGGACCCTACAATGAGCAGTTCTTC,82,2,clonotype3,None
TATTACCAGGCGCTCT-1,True,TATTACCAGGCGCTCT-1_contig_1,True,521,TRB,TRBV20-1,None,TRBJ2-3,TRBC2,True,True,CSAETSGGSDTQYF,TGCAGTGCAGAGACTAGCGGGGGTTCAGATACGCAGTATTTT,1233,5,clonotype3147,clonotype3147_consensus_1
TATTACCAGTACACCT-1,True,TATTACCAGTACACCT-1_contig_1,True,505,TRA,TRAV1-2,None,TRAJ33,TRAC,True,True,CAATDSNYQLIW,TGTGCTGCGACTGATAGCAACTATCAGTTAATCTGG,1012,3,clonotype1,clonotype1_consensus_2
TATTACCAGTACACCT-1,True,TATTACCAGTACACCT-1_contig_2,True,498,TRB,TRBV20-1,None,TRBJ2-1,TRBC2,True,True,CSARVGSEVNEQFF,TGCAGTGCTAGAGTGGGGTCGGAAGTCAATGAGCAGTTCTTC,1523,7,clonotype1,clonotype1_consensus_1
TATTACCAGTACACCT-1,True,TATTACCAGTACACCT-1_contig_3,True,482,TRA,TRAV10,None,TRAJ24,TRAC,True,False,None,None,446,3,clonotype1,None
TATTACCAGTACGACG-1,True,TATTACCAGTACGACG-1_contig_1,True,521,TRB,TRBV20-1,None,TRBJ2-1,TRBC2,True,True,CSARVGSEVNEQFF,TGCAGTGCTAGAGTGGGGTCGGAAGTCAATGAGCAGTTCTTC,2187,15,clonotype2,clonotype2_consensus_1
TATTACCCAAACCCAT-1,True,TATTACCCAAACCCAT-1_contig_1,True,515,TRB,TRBV20-1,None,TRBJ2-7,TRBC2,True,True,CSALRLEIEQYF,TGCAGTGCCCTCCGACTAGAGATCGAGCAGTACTTC,3228,14,clonotype3148,clonotype3148_consensus_2
TATTACCCAAACCCAT-1,True,TATTACCCAAACCCAT-1_contig_2,True,589,TRA,TRAV41,None,TRAJ49,TRAC,True,True,CAVGFPNTGNQFYF,TGTGCTGTCGGCTTCCCGAACACCGGTAACCAGTTCTATTTT,655,6,clonotype3148,clonotype3148_consensus_1
TATTACCCAATAAGCA-1,True,TATTACCCAATAAGCA-1_contig_1,True,454,TRA,TRAV4,None,TRAJ6,TRAC,True,True,CLVLPPGAGGSYIPTF,TGCCTCGTTCTCCCCCCGGGGGCAGGAGGAAGCTACATACCTACATTT,300,2,clonotype3149,clonotype3149_consensus_1
TATTACCCAATAAGCA-1,True,TATTACCCAATAAGCA-1_contig_2,True,650,TRB,TRBV5-5,None,TRBJ2-4,TRBC2,True,True,CASSLGADQYF,TGTGCCAGCAGCTTGGGGGCGGATCAGTACTTC,1274,9,clonotype3149,clonotype3149_consensus_2
TATTACCCAATGCCAT-1,True,TATTACCCAATGCCAT-1_contig_1,True,505,TRA,TRAV1-2,None,TRAJ33,TRAC,True,True,CAATDSNYQLIW,TGTGCTGCGACTGATAGCAACTATCAGTTAATCTGG,337,4,clonotype1,clonotype1_consensus_2
TATTACCCAATGCCAT-1,True,TATTACCCAATGCCAT-1_contig_2,True,521,TRB,TRBV20-1,None,TRBJ2-1,TRBC2,True,True,CSARVGSEVNEQFF,TGCAGTGCTAGAGTGGGGTCGGAAGTCAATGAGCAGTTCTTC,1349,10,clonotype1,clonotype1_consensus_1
TATTACCCAATGCCAT-1,True,TATTACCCAATGCCAT-1_contig_3,True,463,TRA,TRAV10,None,TRAJ24,TRAC,True,False,None,None,291,4,clonotype1,None
TATTACCCACATCTTT-1,True,TATTACCCACATCTTT-1_contig_1,True,492,TRA,TRAV9-2,None,TRAJ13,TRAC,True,True,CALNLEGYQKVTF,TGTGCTCTGAACTTAGAGGGTTACCAGAAAGTTACCTTT,594,7,clonotype6,clonotype6_consensus_1
TATTACCCACATCTTT-1,True,TATTACCCACATCTTT-1_contig_2,True,659,TRB,TRBV5-6,None,TRBJ1-5,TRBC1,True,True,CASSFRGGANQPQHF,TGTGCCAGCAGCTTTCGAGGGGGCGCGAATCAGCCCCAGCATTTT,2450,7,clonotype6,clonotype6_consensus_2
TATTACCCACATTAGC-1,True,TATTACCCACATTAGC-1_contig_1,True,505,TRA,TRAV1-2,None,TRAJ33,TRAC,True,True,CAATDSNYQLIW,TGTGCTGCGACTGATAGCAACTATCAGTTAATCTGG,513,4,clonotype1,clonotype1_consensus_2
TATTACCCACATTAGC-1,True,TATTACCCACATTAGC-1_contig_2,True,518,TRB,TRBV20-1,None,TRBJ2-1,TRBC2,True,True,CSARVGSEVNEQFF,TGCAGTGCTAGAGTGGGGTCGGAAGTCAATGAGCAGTTCTTC,1329,4,clonotype1,clonotype1_consensus_1
TATTACCCACCAGCAC-1,True,TATTACCCACCAGCAC-1_contig_1,True,530,TRB,TRBV20-1,None,TRBJ2-4,TRBC2,True,True,CSARDSLQGRITNIQYF,TGCAGTGCTAGAGATTCGCTACAGGGCCGAATTACGAACATTCAGTACTTC,1307,8,clonotype3150,clonotype3150_consensus_2
TATTACCCACCAGCAC-1,True,TATTACCCACCAGCAC-1_contig_2,True,583,TRA,TRAV29/DV5,None,TRAJ52,TRAC,True,True,CAASARGAGGTSYGKLTF,TGTGCAGCAAGCGCGCGGGGGGCTGGTGGTACTAGCTATGGAAAGCTGACATTT,711,5,clonotype3150,clonotype3150_consensus_1
TATTACCCATATACCG-1,True,TATTACCCATATACCG-1_contig_1,True,505,TRA,TRAV1-2,None,TRAJ33,TRAC,True,True,CAATDSNYQLIW,TGTGCTGCGACTGATAGCAACTATCAGTTAATCTGG,442,3,clonotype1,clonotype1_consensus_2
TATTACCCATATACCG-1,True,TATTACCCATATACCG-1_contig_2,True,521,TRB,TRBV20-1,None,TRBJ2-1,TRBC2,True,True,CSARVGSEVNEQFF,TGCAGTGCTAGAGTGGGGTCGGAAGTCAATGAGCAGTTCTTC,666,4,clonotype1,clonotype1_consensus_1
TATTACCCATGTAGTC-1,True,TATTACCCATGTAGTC-1_contig_1,True,505,TRA,TRAV1-2,None,TRAJ33,TRAC,True,True,CAATDSNYQLIW,TGTGCTGCGACTGATAGCAACTATCAGTTAATCTGG,275,5,clonotype1,clonotype1_consensus_2
TATTACCCATGTAGTC-1,True,TATTACCCATGTAGTC-1_contig_2,True,521,TRB,TRBV20-1,None,TRBJ2-1,TRBC2,True,True,CSARVGSEVNEQFF,TGCAGTGCTAGAGTGGGGTCGGAAGTCAATGAGCAGTTCTTC,2219,14,clonotype1,clonotype1_consensus_1
TATTACCCATGTAGTC-1,True,TATTACCCATGTAGTC-1_contig_3,True,482,TRA,TRAV10,None,TRAJ24,TRAC,True,False,None,None,513,4,clonotype1,None
TATTACCGTCTCAACA-1,True,TATTACCGTCTCAACA-1_contig_1,True,498,TRB,TRBV20-1,None,TRBJ1-2,TRBC1,True,True,CSASVPSVLIGYTF,TGCAGTGCTAGTGTTCCTAGTGTCTTAATTGGCTACACCTTC,1080,5,clonotype134,clonotype134_consensus_1
TATTACCGTCTCAACA-1,True,TATTACCGTCTCAACA-1_contig_2,True,478,TRA,TRAV20,None,TRAJ45,TRAC,True,False,None,None,1699,3,clonotype134,None
TATTACCGTCTCAACA-1,True,TATTACCGTCTCAACA-1_contig_3,True,335,TRA,TRAV8-1,None,None,TRAC,False,False,None,None,133,2,clonotype134,None
TATTACCGTGTGGCTC-1,True,TATTACCGTGTGGCTC-1_contig_1,True,561,TRA,TRAV16,None,TRAJ47,TRAC,True,True,CALSGGLEYGNKLVF,TGTGCTCTAAGTGGGGGGCTGGAATATGGAAACAAACTGGTCTTT,500,4,clonotype3151,clonotype3151_consensus_2
TATTACCGTGTGGCTC-1,True,TATTACCGTGTGGCTC-1_contig_2,True,521,TRB,TRBV20-1,None,TRBJ2-1,TRBC2,True,True,CSASGAVSYNEQFF,TGCAGTGCTAGTGGAGCGGTGTCCTACAATGAGCAGTTCTTC,1452,11,clonotype3151,clonotype3151_consensus_1
TATTACCTCCACGACG-1,True,TATTACCTCCACGACG-1_contig_1,True,505,TRA,TRAV1-2,None,TRAJ33,TRAC,True,True,CAATDSNYQLIW,TGTGCTGCGACTGATAGCAACTATCAGTTAATCTGG,508,2,clonotype1,clonotype1_consensus_2
TATTACCTCCACGACG-1,True,TATTACCTCCACGACG-1_contig_2,True,521,TRB,TRBV20-1,None,TRBJ2-1,TRBC2,True,True,CSARVGSEVNEQFF,TGCAGTGCTAGAGTGGGGTCGGAAGTCAATGAGCAGTTCTTC,2013,7,clonotype1,clonotype1_consensus_1
TATTACCTCCAGTAGT-1,True,TATTACCTCCAGTAGT-1_contig_1,True,521,TRB,TRBV20-1,None,TRBJ2-1,TRBC2,True,True,CSARVGSEVNEQFF,TGCAGTGCTAGAGTGGGGTCGGAAGTCAATGAGCAGTTCTTC,647,4,clonotype2,clonotype2_consensus_1
TATTACCTCCAGTAGT-1,True,TATTACCTCCAGTAGT-1_contig_2,True,457,TRA,TRAV10,None,TRAJ24,TRAC,True,False,None,None,155,2,clonotype2,None
TATTACCTCTCAAGTG-1,True,TATTACCTCTCAAGTG-1_contig_1,True,462,TRA,TRAV13-1,None,TRAJ45,TRAC,True,True,CAANPGGGADGLTF,TGTGCAGCAAACCCAGGAGGAGGTGCTGACGGACTCACCTTT,1133,4,clonotype3152,clonotype3152_consensus_2
TATTACCTCTCAAGTG-1,True,TATTACCTCTCAAGTG-1_contig_2,True,512,TRB,TRBV5-5,None,TRBJ2-2,TRBC2,True,True,CASSLGRAWAGELFF,TGTGCCAGCAGCTTAGGGCGTGCCTGGGCCGGGGAGCTGTTTTTT,3395,12,clonotype3152,clonotype3152_consensus_1
TATTACCTCTGGGCCA-1,True,TATTACCTCTGGGCCA-1_contig_1,True,517,TRA,TRAV39,None,TRAJ48,TRAC,True,True,CAADPNFGNEKLTF,TGTGCCGCGGACCCTAACTTTGGAAATGAGAAATTAACCTTT,715,6,clonotype26,clonotype26_consensus_2
TATTACCTCTGGGCCA-1,True,TATTACCTCTGGGCCA-1_contig_2,True,619,TRB,TRBV5-6,None,TRBJ1-2,TRBC1,True,True,CASSSGRLNYGYTF,TGTGCCAGCAGCTCGGGACGGCTTAACTATGGCTACACCTTC,1017,8,clonotype26,clonotype26_consensus_1
TATTACCTCTTAGAGC-1,True,TATTACCTCTTAGAGC-1_contig_1,True,505,TRA,TRAV1-2,None,TRAJ33,TRAC,True,True,CAATDSNYQLIW,TGTGCTGCGACTGATAGCAACTATCAGTTAATCTGG,78,1,clonotype1,clonotype1_consensus_2
TATTACCTCTTAGAGC-1,True,TATTACCTCTTAGAGC-1_contig_2,True,495,TRB,TRBV20-1,None,TRBJ2-1,TRBC2,True,True,CSARVGSEVNEQFF,TGCAGTGCTAGAGTGGGGTCGGAAGTCAATGAGCAGTTCTTC,2048,7,clonotype1,clonotype1_consensus_1
TCAACGAAGACCGGAT-1,True,TCAACGAAGACCGGAT-1_contig_1,True,500,TRB,TRBV20-1,None,TRBJ1-1,TRBC1,True,True,CSAGSHRGTRTEAFF,TGCAGTGCTGGATCTCACCGAGGGACCAGAACTGAAGCTTTCTTT,1713,9,clonotype378,clonotype378_consensus_2
TCAACGAAGACCGGAT-1,True,TCAACGAAGACCGGAT-1_contig_2,True,495,TRA,TRAV4,None,TRAJ9,TRAC,True,True,CLVGDPNTGGFKTIF,TGCCTCGTGGGTGACCCGAATACTGGAGGCTTCAAAACTATCTTT,33,2,clonotype378,clonotype378_consensus_1
TCAACGAAGATCCTGT-1,True,TCAACGAAGATCCTGT-1_contig_1,True,499,TRB,TRBV20-1,None,TRBJ2-1,TRBC2,True,True,CSANILAEQFF,TGCAGTGCTAATATACTAGCGGAGCAGTTCTTC,1213,10,clonotype3153,clonotype3153_consensus_1
TCAACGAAGCTGTTCA-1,True,TCAACGAAGCTGTTCA-1_contig_1,True,505,TRA,TRAV1-2,None,TRAJ33,TRAC,True,True,CAATDSNYQLIW,TGTGCTGCGACTGATAGCAACTATCAGTTAATCTGG,1177,6,clonotype1,clonotype1_consensus_2
TCAACGAAGCTGTTCA-1,True,TCAACGAAGCTGTTCA-1_contig_2,True,521,TRB,TRBV20-1,None,TRBJ2-1,TRBC2,True,True,CSARVGSEVNEQFF,TGCAGTGCTAGAGTGGGGTCGGAAGTCAATGAGCAGTTCTTC,1579,6,clonotype1,clonotype1_consensus_1
TCAACGAAGTAGGCCA-1,True,TCAACGAAGTAGGCCA-1_contig_1,True,505,TRA,TRAV1-2,None,TRAJ33,TRAC,True,True,CAATDSNYQLIW,TGTGCTGCGACTGATAGCAACTATCAGTTAATCTGG,232,3,clonotype1,clonotype1_consensus_2
TCAACGAAGTAGGCCA-1,True,TCAACGAAGTAGGCCA-1_contig_2,True,521,TRB,TRBV20-1,None,TRBJ2-1,TRBC2,True,True,CSARVGSEVNEQFF,TGCAGTGCTAGAGTGGGGTCGGAAGTCAATGAGCAGTTCTTC,1817,10,clonotype1,clonotype1_consensus_1
TCAACGACACATCTTT-1,True,TCAACGACACATCTTT-1_contig_1,True,505,TRA,TRAV1-2,None,TRAJ33,TRAC,True,True,CAATDSNYQLIW,TGTGCTGCGACTGATAGCAACTATCAGTTAATCTGG,291,2,clonotype1,clonotype1_consensus_2
TCAACGACACATCTTT-1,True,TCAACGACACATCTTT-1_contig_2,True,521,TRB,TRBV20-1,None,TRBJ2-1,TRBC2,True,True,CSARVGSEVNEQFF,TGCAGTGCTAGAGTGGGGTCGGAAGTCAATGAGCAGTTCTTC,1411,7,clonotype1,clonotype1_consensus_1
TCAACGACACCACGTG-1,True,TCAACGACACCACGTG-1_contig_1,True,505,TRA,TRAV1-2,None,TRAJ33,TRAC,True,True,CAATDSNYQLIW,TGTGCTGCGACTGATAGCAACTATCAGTTAATCTGG,176,3,clonotype1,clonotype1_consensus_2
TCAACGACACCACGTG-1,True,TCAACGACACCACGTG-1_contig_2,True,521,TRB,TRBV20-1,None,TRBJ2-1,TRBC2,True,True,CSARVGSEVNEQFF,TGCAGTGCTAGAGTGGGGTCGGAAGTCAATGAGCAGTTCTTC,1481,7,clonotype1,clonotype1_consensus_1
TCAACGACACCACGTG-1,True,TCAACGACACCACGTG-1_contig_3,True,465,TRA,TRAV10,None,TRAJ24,TRAC,True,False,None,None,563,2,clonotype1,None
TCAACGACATGACGGA-1,True,TCAACGACATGACGGA-1_contig_1,True,505,TRA,TRAV1-2,None,TRAJ33,TRAC,True,True,CAATDSNYQLIW,TGTGCTGCGACTGATAGCAACTATCAGTTAATCTGG,470,1,clonotype1,clonotype1_consensus_2
TCAACGACATGACGGA-1,True,TCAACGACATGACGGA-1_contig_2,True,521,TRB,TRBV20-1,None,TRBJ2-1,TRBC2,True,True,CSARVGSEVNEQFF,TGCAGTGCTAGAGTGGGGTCGGAAGTCAATGAGCAGTTCTTC,1139,7,clonotype1,clonotype1_consensus_1
TCAACGACATGACGGA-1,True,TCAACGACATGACGGA-1_contig_3,True,319,TRB,None,None,TRBJ2-3,TRBC2,False,False,None,None,412,1,clonotype1,None
TCAACGAGTGAGCGAT-1,True,TCAACGAGTGAGCGAT-1_contig_1,True,505,TRA,TRAV1-2,None,TRAJ33,TRAC,True,True,CAATDSNYQLIW,TGTGCTGCGACTGATAGCAACTATCAGTTAATCTGG,1261,3,clonotype1,clonotype1_consensus_2
TCAACGAGTGAGCGAT-1,True,TCAACGAGTGAGCGAT-1_contig_2,True,492,TRB,TRBV20-1,None,TRBJ2-1,TRBC2,True,True,CSARVGSEVNEQFF,TGCAGTGCTAGAGTGGGGTCGGAAGTCAATGAGCAGTTCTTC,1868,8,clonotype1,clonotype1_consensus_1
TCAACGAGTTCGCGAC-1,True,TCAACGAGTTCGCGAC-1_contig_1,True,580,TRA,TRAV8-1,None,TRAJ8,TRAC,True,True,CAVNAGMNTGFQKLVF,TGTGCCGTGAATGCGGGGATGAACACAGGCTTTCAGAAACTTGTATTT,796,3,clonotype290,clonotype290_consensus_3
TCAACGAGTTCGCGAC-1,True,TCAACGAGTTCGCGAC-1_contig_2,True,506,TRA,TRAV13-2,None,TRAJ3,TRAC,True,True,CAENNGPSKIIF,TGTGCAGAGAATAACGGGCCTTCCAAGATAATCTTT,254,2,clonotype290,clonotype290_consensus_2
TCAACGAGTTCGCGAC-1,True,TCAACGAGTTCGCGAC-1_contig_3,True,493,TRB,TRBV5-6,None,TRBJ1-4,TRBC1,True,True,CASSQKGRSNEKLFF,TGTGCCAGCAGCCAGAAGGGGAGGAGTAATGAAAAACTGTTTTTT,745,1,clonotype290,clonotype290_consensus_1
TCAACGAGTTCGCGAC-1,True,TCAACGAGTTCGCGAC-1_contig_4,True,382,TRB,None,None,TRBJ1-6,TRBC1,False,False,None,None,651,2,clonotype290,None
TCAACGAGTTCTGTTT-1,True,TCAACGAGTTCTGTTT-1_contig_1,True,505,TRA,TRAV1-2,None,TRAJ33,TRAC,True,True,CAATDSNYQLIW,TGTGCTGCGACTGATAGCAACTATCAGTTAATCTGG,159,2,clonotype1,clonotype1_consensus_2
TCAACGAGTTCTGTTT-1,True,TCAACGAGTTCTGTTT-1_contig_2,True,492,TRB,TRBV20-1,None,TRBJ2-1,TRBC2,True,True,CSARVGSEVNEQFF,TGCAGTGCTAGAGTGGGGTCGGAAGTCAATGAGCAGTTCTTC,583,3,clonotype1,clonotype1_consensus_1
TCAACGAGTTCTGTTT-1,True,TCAACGAGTTCTGTTT-1_contig_3,True,482,TRA,TRAV10,None,TRAJ24,TRAC,True,False,None,None,469,2,clonotype1,None
TCAACGAGTTTGGGCC-1,True,TCAACGAGTTTGGGCC-1_contig_1,True,505,TRA,TRAV1-2,None,TRAJ33,TRAC,True,True,CAATDSNYQLIW,TGTGCTGCGACTGATAGCAACTATCAGTTAATCTGG,446,3,clonotype1,clonotype1_consensus_2
TCAACGAGTTTGGGCC-1,True,TCAACGAGTTTGGGCC-1_contig_2,True,521,TRB,TRBV20-1,None,TRBJ2-1,TRBC2,True,True,CSARVGSEVNEQFF,TGCAGTGCTAGAGTGGGGTCGGAAGTCAATGAGCAGTTCTTC,586,4,clonotype1,clonotype1_consensus_1
TCAACGATCAAACGGG-1,True,TCAACGATCAAACGGG-1_contig_1,True,486,TRB,TRBV20-1,None,TRBJ2-7,TRBC2,True,True,CSARDVSYEQYF,TGCAGTGCTAGAGACGTCTCCTACGAGCAGTACTTC,1167,5,clonotype3154,clonotype3154_consensus_1
TCAACGATCAGTCAGT-1,True,TCAACGATCAGTCAGT-1_contig_1,True,505,TRA,TRAV1-2,None,TRAJ33,TRAC,True,True,CAATDSNYQLIW,TGTGCTGCGACTGATAGCAACTATCAGTTAATCTGG,496,4,clonotype1,clonotype1_consensus_2
TCAACGATCAGTCAGT-1,True,TCAACGATCAGTCAGT-1_contig_2,True,492,TRB,TRBV20-1,None,TRBJ2-1,TRBC2,True,True,CSARVGSEVNEQFF,TGCAGTGCTAGAGTGGGGTCGGAAGTCAATGAGCAGTTCTTC,1436,5,clonotype1,clonotype1_consensus_1
TCAACGATCGTTGACA-1,True,TCAACGATCGTTGACA-1_contig_1,True,508,TRA,TRAV20,None,TRAJ37,TRAC,True,True,CAVRGSSNTGKLIF,TGTGCTGTGCGCGGCTCTAGCAACACAGGCAAACTAATCTTT,266,3,clonotype3155,clonotype3155_consensus_1
TCAACGATCGTTGACA-1,True,TCAACGATCGTTGACA-1_contig_2,True,656,TRB,TRBV5-6,None,TRBJ1-2,TRBC1,True,True,CASRYDREGGYTF,TGTGCCAGCAGATATGACAGGGAAGGCGGCTACACCTTC,1409,8,clonotype3155,clonotype3155_consensus_2
TCAACGATCGTTGACA-1,True,TCAACGATCGTTGACA-1_contig_3,True,379,TRB,None,None,TRBJ2-1,TRBC2,False,False,None,None,975,2,clonotype3155,None
TCAACGATCTAAGCCA-1,True,TCAACGATCTAAGCCA-1_contig_1,True,498,TRB,TRBV20-1,None,TRBJ2-1,TRBC2,True,True,CSARVGSEVNEQFF,TGCAGTGCTAGAGTGGGGTCGGAAGTCAATGAGCAGTTCTTC,1364,9,clonotype2,clonotype2_consensus_1
TCAACGATCTAAGCCA-1,True,TCAACGATCTAAGCCA-1_contig_2,True,494,TRA,TRAV10,None,TRAJ24,TRAC,True,False,None,None,226,2,clonotype2,None
TCAACGATCTAAGCCA-1,True,TCAACGATCTAAGCCA-1_contig_3,True,493,TRA,None,None,TRAJ32,TRAC,False,False,None,None,50,1,clonotype2,None
TCAATCTAGACTACAA-1,True,TCAATCTAGACTACAA-1_contig_1,True,459,TRA,TRAV13-1,None,TRAJ30,TRAC,True,True,CAGIMNRDDKIIF,TGTGCGGGTATCATGAACAGAGATGACAAGATCATCTTT,172,5,clonotype45,clonotype45_consensus_2
TCAATCTAGACTACAA-1,True,TCAATCTAGACTACAA-1_contig_2,True,659,TRB,TRBV5-6,None,TRBJ1-1,TRBC1,True,True,CASSFGTGNTEAFF,TGTGCCAGCAGCTTTGGGACAGGGAACACTGAAGCTTTCTTT,1219,6,clonotype45,clonotype45_consensus_1
TCAATCTAGATCCCAT-1,True,TCAATCTAGATCCCAT-1_contig_1,True,498,TRB,TRBV20-1,None,TRBJ2-1,TRBC2,True,True,CSARVGSEVNEQFF,TGCAGTGCTAGAGTGGGGTCGGAAGTCAATGAGCAGTTCTTC,4733,11,clonotype2,clonotype2_consensus_1
TCAATCTAGATCCCAT-1,True,TCAATCTAGATCCCAT-1_contig_2,True,469,TRA,TRAV10,None,TRAJ24,TRAC,True,False,None,None,2724,1,clonotype2,None
TCAATCTAGTGGAGAA-1,True,TCAATCTAGTGGAGAA-1_contig_1,True,492,TRB,TRBV20-1,None,TRBJ2-1,TRBC2,True,True,CSARVGSEVNEQFF,TGCAGTGCTAGAGTGGGGTCGGAAGTCAATGAGCAGTTCTTC,1087,5,clonotype2,clonotype2_consensus_1
TCAATCTAGTGGAGAA-1,True,TCAATCTAGTGGAGAA-1_contig_2,True,471,TRA,TRAV10,None,TRAJ24,TRAC,True,False,None,None,219,2,clonotype2,None
TCAATCTCACAAGCCC-1,True,TCAATCTCACAAGCCC-1_contig_1,True,612,TRA,TRAV3,None,TRAJ7,TRAC,True,True,CATRGGNNRLAF,TGTGCTACCAGGGGGGGGAACAACAGACTCGCTTTT,363,3,clonotype3156,clonotype3156_consensus_1
TCAATCTCACAAGCCC-1,True,TCAATCTCACAAGCCC-1_contig_2,True,490,TRB,TRBV5-6,None,TRBJ2-1,TRBC2,True,True,CASSLYGLINEQFF,TGTGCCAGCAGCTTGTACGGGTTGATTAATGAGCAGTTCTTC,2471,12,clonotype3156,clonotype3156_consensus_2
TCAATCTCAGCGTAAG-1,True,TCAATCTCAGCGTAAG-1_contig_1,True,505,TRA,TRAV1-2,None,TRAJ33,TRAC,True,True,CAATDSNYQLIW,TGTGCTGCGACTGATAGCAACTATCAGTTAATCTGG,407,3,clonotype1,clonotype1_consensus_2
TCAATCTCAGCGTAAG-1,True,TCAATCTCAGCGTAAG-1_contig_2,True,521,TRB,TRBV20-1,None,TRBJ2-1,TRBC2,True,True,CSARVGSEVNEQFF,TGCAGTGCTAGAGTGGGGTCGGAAGTCAATGAGCAGTTCTTC,1524,13,clonotype1,clonotype1_consensus_1
TCAATCTCATCGGAAG-1,True,TCAATCTCATCGGAAG-1_contig_1,True,489,TRB,TRBV20-1,None,TRBJ2-1,TRBC2,True,True,CSARVGSEVNEQFF,TGCAGTGCTAGAGTGGGGTCGGAAGTCAATGAGCAGTTCTTC,349,3,clonotype2,clonotype2_consensus_1
TCAATCTCATGCATGT-1,True,TCAATCTCATGCATGT-1_contig_1,True,518,TRB,TRBV20-1,None,TRBJ1-2,TRBC1,True,True,CSARDPLTDGYTF,TGCAGTGCTAGAGATCCTCTAACAGATGGCTACACCTTC,951,6,clonotype80,clonotype80_consensus_2
TCAATCTCATGCATGT-1,True,TCAATCTCATGCATGT-1_contig_2,True,505,TRA,TRAV23/DV6,None,TRAJ58,TRAC,True,True,CAAGPRGSRLTF,TGTGCAGCGGGGCCGAGGGGCTCTAGGTTGACCTTT,280,2,clonotype80,clonotype80_consensus_1
TCAATCTGTAAGTGGC-1,True,TCAATCTGTAAGTGGC-1_contig_1,True,522,TRA,TRAV39,None,TRAJ48,TRAC,True,True,CAADPNFGNEKLTF,TGTGCCGCGGACCCTAACTTTGGAAATGAGAAATTAACCTTT,4102,4,clonotype26,clonotype26_consensus_2
TCAATCTGTAAGTGGC-1,True,TCAATCTGTAAGTGGC-1_contig_2,True,706,TRB,TRBV5-6,None,TRBJ1-2,TRBC1,True,True,CASSSGRLNYGYTF,TGTGCCAGCAGCTCGGGACGGCTTAACTATGGCTACACCTTC,3675,14,clonotype26,clonotype26_consensus_1
TCAATCTGTATAGTAG-1,True,TCAATCTGTATAGTAG-1_contig_1,True,518,TRB,TRBV20-1,None,TRBJ2-7,TRBC2,True,True,CSAEGLASYEQYF,TGCAGTGCGGAGGGACTAGCCTCCTACGAGCAGTACTTC,3853,11,clonotype58,clonotype58_consensus_1
TCAATCTGTATAGTAG-1,True,TCAATCTGTATAGTAG-1_contig_2,True,519,TRA,TRAV8-2,None,TRAJ22,TRAC,True,True,CGSGSARQLTF,TGTGGCTCTGGTTCTGCAAGGCAACTGACCTTT,1164,4,clonotype58,clonotype58_consensus_2
TCAATCTGTCAGGACA-1,True,TCAATCTGTCAGGACA-1_contig_1,True,527,TRA,TRAV27,None,TRAJ23,TRAC,True,True,CAGGYNQGGKLIF,TGTGCAGGAGGGTATAACCAGGGAGGAAAGCTTATCTTC,1117,7,clonotype363,clonotype363_consensus_2
TCAATCTGTCAGGACA-1,True,TCAATCTGTCAGGACA-1_contig_2,True,520,TRB,TRBV5-5,None,TRBJ2-7,TRBC2,True,True,CASSPFAGSSYEQYF,TGTGCCAGCAGCCCCTTTGCAGGGAGCTCCTACGAGCAGTACTTC,615,3,clonotype363,clonotype363_consensus_1
TCAATCTGTCCCTTGT-1,True,TCAATCTGTCCCTTGT-1_contig_1,True,517,TRA,TRAV17,None,TRAJ53,TRAC,True,True,CATVGSGGSNYKLTF,TGTGCTACGGTTGGGAGTGGAGGTAGCAACTATAAACTGACATTT,2127,5,clonotype3157,clonotype3157_consensus_2
TCAATCTGTCCCTTGT-1,True,TCAATCTGTCCCTTGT-1_contig_2,True,659,TRB,TRBV5-6,None,TRBJ1-1,TRBC1,True,True,CASTLRGVNTEAFF,TGTGCCAGCACCTTGCGGGGGGTGAACACTGAAGCTTTCTTT,1549,7,clonotype3157,clonotype3157_consensus_1
TCAATCTGTCCCTTGT-1,True,TCAATCTGTCCCTTGT-1_contig_3,True,579,TRB,None,None,TRBJ1-2,TRBC1,False,False,None,None,142,3,clonotype3157,None
TCAATCTGTCTAGTGT-1,True,TCAATCTGTCTAGTGT-1_contig_1,True,561,TRA,TRAV16,None,TRAJ7,TRAC,True,True,CALSVTYYGNNRLAF,TGTGCTCTAAGTGTGACGTACTATGGGAACAACAGACTCGCTTTT,1273,7,clonotype3158,clonotype3158_consensus_2
TCAATCTGTCTAGTGT-1,True,TCAATCTGTCTAGTGT-1_contig_2,True,679,TRB,TRBV5-6,None,TRBJ2-7,TRBC2,True,True,CASSLDYEQYF,TGTGCCAGCAGCTTAGACTACGAGCAGTACTTC,426,2,clonotype3158,clonotype3158_consensus_1
TCAATCTGTGCATCTA-1,True,TCAATCTGTGCATCTA-1_contig_1,True,505,TRA,TRAV1-2,None,TRAJ33,TRAC,True,True,CAATDSNYQLIW,TGTGCTGCGACTGATAGCAACTATCAGTTAATCTGG,1363,4,clonotype1,clonotype1_consensus_2
TCAATCTGTGCATCTA-1,True,TCAATCTGTGCATCTA-1_contig_2,True,521,TRB,TRBV20-1,None,TRBJ2-1,TRBC2,True,True,CSARVGSEVNEQFF,TGCAGTGCTAGAGTGGGGTCGGAAGTCAATGAGCAGTTCTTC,2831,10,clonotype1,clonotype1_consensus_1
TCAATCTGTGCATCTA-1,True,TCAATCTGTGCATCTA-1_contig_3,True,459,TRA,TRAV10,None,TRAJ24,TRAC,True,False,None,None,568,1,clonotype1,None
TCAATCTTCAACACCA-1,True,TCAATCTTCAACACCA-1_contig_1,True,512,TRB,TRBV20-1,None,TRBJ1-5,TRBC1,True,True,CSARDSNQPQHF,TGCAGTGCTAGAGACAGTAATCAGCCCCAGCATTTT,1053,7,clonotype3159,clonotype3159_consensus_2
TCAATCTTCAACACCA-1,True,TCAATCTTCAACACCA-1_contig_2,True,545,TRA,TRAV17,None,TRAJ31,TRAC,True,True,CATDRNNNARLMF,TGTGCTACGGATCGGAATAACAATGCCAGACTCATGTTT,1101,3,clonotype3159,clonotype3159_consensus_1
TCAATCTTCAGCCTAA-1,True,TCAATCTTCAGCCTAA-1_contig_1,True,566,TRA,TRAV22,None,TRAJ48,TRAC,True,True,CAVRGTFGNEKLTF,TGTGCTGTGAGGGGGACCTTTGGAAATGAGAAATTAACCTTT,4721,2,clonotype3160,clonotype3160_consensus_2
TCAATCTTCAGCCTAA-1,True,TCAATCTTCAGCCTAA-1_contig_2,True,505,TRB,TRBV5-5,None,TRBJ1-6,TRBC1,True,True,CASSGTVNSPLHF,TGTGCCAGCAGCGGGACAGTCAATTCACCCCTCCACTTT,1392,4,clonotype3160,clonotype3160_consensus_1
TCAATCTTCAGCGATT-1,True,TCAATCTTCAGCGATT-1_contig_1,True,521,TRB,TRBV20-1,None,TRBJ2-1,TRBC2,True,True,CSARVGSEVNEQFF,TGCAGTGCTAGAGTGGGGTCGGAAGTCAATGAGCAGTTCTTC,1400,9,clonotype2,clonotype2_consensus_1
TCAATCTTCAGTTAGC-1,True,TCAATCTTCAGTTAGC-1_contig_1,True,505,TRA,TRAV1-2,None,TRAJ33,TRAC,True,True,CAATDSNYQLIW,TGTGCTGCGACTGATAGCAACTATCAGTTAATCTGG,477,3,clonotype1,clonotype1_consensus_2
TCAATCTTCAGTTAGC-1,True,TCAATCTTCAGTTAGC-1_contig_2,True,473,TRB,TRBV20-1,None,TRBJ2-1,TRBC2,True,True,CSARVGSEVNEQFF,TGCAGTGCTAGAGTGGGGTCGGAAGTCAATGAGCAGTTCTTC,284,4,clonotype1,clonotype1_consensus_1
TCAATCTTCAGTTAGC-1,True,TCAATCTTCAGTTAGC-1_contig_3,True,467,TRA,TRAV10,None,TRAJ24,TRAC,True,False,None,None,199,1,clonotype1,None
TCAATCTTCCCATTTA-1,True,TCAATCTTCCCATTTA-1_contig_1,True,521,TRB,TRBV20-1,None,TRBJ2-1,TRBC2,True,True,CSARVGSEVNEQFF,TGCAGTGCTAGAGTGGGGTCGGAAGTCAATGAGCAGTTCTTC,740,10,clonotype2,clonotype2_consensus_1
TCAATCTTCTACTCAT-1,True,TCAATCTTCTACTCAT-1_contig_1,True,505,TRA,TRAV1-2,None,TRAJ33,TRAC,True,True,CAATDSNYQLIW,TGTGCTGCGACTGATAGCAACTATCAGTTAATCTGG,545,4,clonotype1,clonotype1_consensus_2
TCAATCTTCTACTCAT-1,True,TCAATCTTCTACTCAT-1_contig_2,True,498,TRB,TRBV20-1,None,TRBJ2-1,TRBC2,True,True,CSARVGSEVNEQFF,TGCAGTGCTAGAGTGGGGTCGGAAGTCAATGAGCAGTTCTTC,1442,5,clonotype1,clonotype1_consensus_1
TCAATCTTCTACTCAT-1,True,TCAATCTTCTACTCAT-1_contig_3,True,501,TRA,TRAV10,None,TRAJ24,TRAC,True,False,None,None,208,1,clonotype1,None
TCACAAGAGAAGGACA-1,True,TCACAAGAGAAGGACA-1_contig_1,True,533,TRB,TRBV20-1,None,TRBJ2-3,TRBC2,True,True,CSARDRNRQGAGTDTQYF,TGCAGTGCTAGAGACCGTAACCGACAGGGGGCTGGGACAGATACGCAGTATTTT,1919,11,clonotype3161,clonotype3161_consensus_1
TCACAAGAGAAGGACA-1,True,TCACAAGAGAAGGACA-1_contig_2,True,514,TRA,TRAV21,None,TRAJ43,TRAC,True,True,CAVLFLNDMRF,TGTGCTGTGCTCTTCCTCAATGACATGCGCTTT,1733,11,clonotype3161,clonotype3161_consensus_2
TCACAAGAGACCTTTG-1,True,TCACAAGAGACCTTTG-1_contig_1,True,521,TRB,TRBV20-1,None,TRBJ2-1,TRBC2,True,True,CSARVGSEVNEQFF,TGCAGTGCTAGAGTGGGGTCGGAAGTCAATGAGCAGTTCTTC,972,9,clonotype2,clonotype2_consensus_1
TCACAAGAGCTACCGC-1,True,TCACAAGAGCTACCGC-1_contig_1,True,521,TRB,TRBV20-1,None,TRBJ2-1,TRBC2,True,True,CSARVGSEVNEQFF,TGCAGTGCTAGAGTGGGGTCGGAAGTCAATGAGCAGTTCTTC,1164,6,clonotype2,clonotype2_consensus_1
TCACAAGAGCTACCGC-1,True,TCACAAGAGCTACCGC-1_contig_2,True,482,TRA,TRAV10,None,TRAJ24,TRAC,True,False,None,None,843,5,clonotype2,None
TCACAAGAGGACAGAA-1,True,TCACAAGAGGACAGAA-1_contig_1,True,502,TRA,TRAV1-2,None,TRAJ30,TRAC,True,True,CAVRDLREIIF,TGTGCTGTGAGAGATCTTCGGGAGATCATCTTT,1328,4,clonotype3,clonotype3_consensus_2
TCACAAGAGGACAGAA-1,True,TCACAAGAGGACAGAA-1_contig_2,True,515,TRB,TRBV5-5,None,TRBJ1-4,TRBC1,True,True,CASSHPGPNYATNEKLFF,TGTGCCAGCAGCCATCCCGGACCGAACTACGCAACTAATGAAAAACTGTTTTTT,1914,7,clonotype3,clonotype3_consensus_1
TCACAAGAGGTGATAT-1,True,TCACAAGAGGTGATAT-1_contig_1,True,505,TRA,TRAV1-2,None,TRAJ33,TRAC,True,True,CAATDSNYQLIW,TGTGCTGCGACTGATAGCAACTATCAGTTAATCTGG,3051,4,clonotype1,clonotype1_consensus_2
TCACAAGAGGTGATAT-1,True,TCACAAGAGGTGATAT-1_contig_2,True,498,TRB,TRBV20-1,None,TRBJ2-1,TRBC2,True,True,CSARVGSEVNEQFF,TGCAGTGCTAGAGTGGGGTCGGAAGTCAATGAGCAGTTCTTC,1451,8,clonotype1,clonotype1_consensus_1
TCACAAGCAAAGCAAT-1,True,TCACAAGCAAAGCAAT-1_contig_1,True,628,TRA,TRAV12-1,None,TRAJ9,TRAC,True,True,CVVTRNTGGFKTIF,TGTGTGGTGACACGAAATACTGGAGGCTTCAAAACTATCTTT,1277,6,clonotype5,clonotype5_consensus_2
TCACAAGCAAAGCAAT-1,True,TCACAAGCAAAGCAAT-1_contig_2,True,503,TRB,TRBV20-1,None,TRBJ1-5,TRBC1,True,True,CSARDDNRAKSFNQPQHF,TGCAGTGCTAGAGACGACAACCGGGCCAAATCCTTCAATCAGCCCCAGCATTTT,2031,9,clonotype5,clonotype5_consensus_1
TCACAAGCAGATGAGC-1,True,TCACAAGCAGATGAGC-1_contig_1,True,498,TRB,TRBV20-1,None,TRBJ2-1,TRBC2,True,True,CSARVGSEVNEQFF,TGCAGTGCTAGAGTGGGGTCGGAAGTCAATGAGCAGTTCTTC,735,10,clonotype2,clonotype2_consensus_1
TCACAAGCAGATGAGC-1,True,TCACAAGCAGATGAGC-1_contig_2,True,337,TRA,TRAV1-2,None,TRAJ33,TRAC,True,False,CAATDSNYQLIW,TGTGCTGCGACTGATAGCAACTATCAGTTAATCTGG,611,1,clonotype2,None
TCACAAGCAGATGAGC-1,True,TCACAAGCAGATGAGC-1_contig_3,True,465,TRA,TRAV10,None,TRAJ24,TRAC,True,False,None,None,282,1,clonotype2,None
TCACAAGCAGCGTTCG-1,True,TCACAAGCAGCGTTCG-1_contig_1,True,518,TRB,TRBV20-1,None,TRBJ2-7,TRBC2,True,True,CSARDLRGYEQYF,TGCAGTGCTAGAGATCTACGCGGATACGAGCAGTACTTC,1496,6,clonotype3162,clonotype3162_consensus_2
TCACAAGCAGCGTTCG-1,True,TCACAAGCAGCGTTCG-1_contig_2,True,505,TRA,TRAV1-2,None,TRAJ33,TRAC,True,True,CAVKDSNYQLIW,TGTGCTGTGAAGGATAGCAACTATCAGTTAATCTGG,945,9,clonotype3162,clonotype3162_consensus_1
TCACAAGCATGAACCT-1,True,TCACAAGCATGAACCT-1_contig_1,True,521,TRB,TRBV20-1,None,TRBJ2-1,TRBC2,True,True,CSARVGSEVNEQFF,TGCAGTGCTAGAGTGGGGTCGGAAGTCAATGAGCAGTTCTTC,1536,9,clonotype2,clonotype2_consensus_1
TCACAAGGTAAGGGCT-1,True,TCACAAGGTAAGGGCT-1_contig_1,True,505,TRA,TRAV1-2,None,TRAJ33,TRAC,True,True,CAATDSNYQLIW,TGTGCTGCGACTGATAGCAACTATCAGTTAATCTGG,254,3,clonotype1,clonotype1_consensus_2
TCACAAGGTAAGGGCT-1,True,TCACAAGGTAAGGGCT-1_contig_2,True,521,TRB,TRBV20-1,None,TRBJ2-1,TRBC2,True,True,CSARVGSEVNEQFF,TGCAGTGCTAGAGTGGGGTCGGAAGTCAATGAGCAGTTCTTC,1737,7,clonotype1,clonotype1_consensus_1
TCACAAGGTACACCGC-1,True,TCACAAGGTACACCGC-1_contig_1,True,498,TRB,TRBV20-1,None,TRBJ2-1,TRBC2,True,True,CSARVGSEVNEQFF,TGCAGTGCTAGAGTGGGGTCGGAAGTCAATGAGCAGTTCTTC,1305,16,clonotype2,clonotype2_consensus_1
TCACAAGGTACCGTTA-1,True,TCACAAGGTACCGTTA-1_contig_1,True,498,TRB,TRBV20-1,None,TRBJ2-1,TRBC2,True,True,CSARVGSEVNEQFF,TGCAGTGCTAGAGTGGGGTCGGAAGTCAATGAGCAGTTCTTC,407,5,clonotype2,clonotype2_consensus_1
TCACAAGGTACTCAAC-1,True,TCACAAGGTACTCAAC-1_contig_1,True,521,TRB,TRBV20-1,None,TRBJ2-1,TRBC2,True,True,CSARVGSEVNEQFF,TGCAGTGCTAGAGTGGGGTCGGAAGTCAATGAGCAGTTCTTC,1435,5,clonotype2,clonotype2_consensus_1
TCACAAGGTTCCGGCA-1,True,TCACAAGGTTCCGGCA-1_contig_1,True,524,TRB,TRBV20-1,None,TRBJ1-2,TRBC1,True,True,CSADRQGITNYGYTF,TGCAGTGCGGATCGACAGGGTATCACTAACTATGGCTACACCTTC,2192,8,clonotype3163,clonotype3163_consensus_2
TCACAAGGTTCCGGCA-1,True,TCACAAGGTTCCGGCA-1_contig_2,True,583,TRA,TRAV17,None,TRAJ15,TRAC,True,True,CAVLNQAGTALIF,TGTGCTGTGCTCAACCAGGCAGGAACTGCTCTGATCTTT,683,3,clonotype3163,clonotype3163_consensus_1
TCACAAGGTTCGCTAA-1,True,TCACAAGGTTCGCTAA-1_contig_1,True,566,TRA,TRAV22,None,TRAJ22,TRAC,True,True,CAVGSRGSARQLTF,TGTGCTGTGGGGAGTCGTGGTTCTGCAAGGCAACTGACCTTT,245,3,clonotype3164,clonotype3164_consensus_1
TCACAAGGTTCGCTAA-1,True,TCACAAGGTTCGCTAA-1_contig_2,True,663,TRB,TRBV5-6,None,TRBJ1-5,TRBC1,True,True,CASSYGRRSNQPQHF,TGTGCCAGCAGTTACGGGCGCCGTAGCAATCAGCCCCAGCATTTT,2075,11,clonotype3164,clonotype3164_consensus_2
TCACAAGGTTGATTCG-1,True,TCACAAGGTTGATTCG-1_contig_1,True,505,TRA,TRAV1-2,None,TRAJ33,TRAC,True,True,CAATDSNYQLIW,TGTGCTGCGACTGATAGCAACTATCAGTTAATCTGG,1386,3,clonotype1,clonotype1_consensus_2
TCACAAGGTTGATTCG-1,True,TCACAAGGTTGATTCG-1_contig_2,True,521,TRB,TRBV20-1,None,TRBJ2-1,TRBC2,True,True,CSARVGSEVNEQFF,TGCAGTGCTAGAGTGGGGTCGGAAGTCAATGAGCAGTTCTTC,1538,10,clonotype1,clonotype1_consensus_1
TCACAAGTCAGGTTCA-1,True,TCACAAGTCAGGTTCA-1_contig_1,True,521,TRB,TRBV20-1,None,TRBJ2-1,TRBC2,True,True,CSARVGSEVNEQFF,TGCAGTGCTAGAGTGGGGTCGGAAGTCAATGAGCAGTTCTTC,723,4,clonotype2,clonotype2_consensus_1
TCACAAGTCAGTTTGG-1,True,TCACAAGTCAGTTTGG-1_contig_1,True,487,TRA,TRAV22,None,TRAJ35,TRAC,True,True,CAVDPTLGFGNVLHC,TGTGCTGTGGACCCGACTTTAGGCTTTGGGAATGTGCTGCATTGC,71,3,clonotype37,clonotype37_consensus_1
TCACAAGTCAGTTTGG-1,True,TCACAAGTCAGTTTGG-1_contig_2,True,506,TRB,TRBV5-6,None,TRBJ2-7,TRBC2,True,True,CASSLAKEQYF,TGTGCCAGCAGCTTGGCAAAGGAGCAGTACTTC,223,2,clonotype37,clonotype37_consensus_2
TCACAAGTCCTATTCA-1,True,TCACAAGTCCTATTCA-1_contig_1,True,505,TRA,TRAV1-2,None,TRAJ33,TRAC,True,True,CAATDSNYQLIW,TGTGCTGCGACTGATAGCAACTATCAGTTAATCTGG,1363,3,clonotype1,clonotype1_consensus_2
TCACAAGTCCTATTCA-1,True,TCACAAGTCCTATTCA-1_contig_2,True,521,TRB,TRBV20-1,None,TRBJ2-1,TRBC2,True,True,CSARVGSEVNEQFF,TGCAGTGCTAGAGTGGGGTCGGAAGTCAATGAGCAGTTCTTC,1124,10,clonotype1,clonotype1_consensus_1
TCACAAGTCGGCATCG-1,True,TCACAAGTCGGCATCG-1_contig_1,True,512,TRA,TRAV26-2,None,TRAJ52,TRAC,True,True,CILLNAGGTSYGKLTF,TGCATCCTGTTGAATGCTGGTGGTACTAGCTATGGAAAGCTGACATTT,581,3,clonotype3165,clonotype3165_consensus_1
TCACAAGTCGGCATCG-1,True,TCACAAGTCGGCATCG-1_contig_2,True,524,TRB,TRBV20-1,None,TRBJ2-5,TRBC2,True,True,CSATRWGQSRETQYF,TGCAGTGCTACGAGGTGGGGACAGTCGAGAGAGACCCAGTACTTC,1742,12,clonotype3165,clonotype3165_consensus_2
TCACAAGTCGTTTATC-1,True,TCACAAGTCGTTTATC-1_contig_1,True,507,TRB,TRBV20-1,None,TRBJ1-3,TRBC1,True,True,CSARGLAGRPHGSGNTIYF,TGCAGTGCTAGGGGACTCGCAGGGAGGCCCCACGGGTCTGGAAACACCATATATTTT,1633,6,clonotype3166,clonotype3166_consensus_1
TCACAAGTCTGCGGCA-1,True,TCACAAGTCTGCGGCA-1_contig_1,True,574,TRA,TRAV8-1,None,TRAJ29,TRAC,True,True,CAVTKSSGNTPLVF,TGTGCCGTGACCAAGAGTTCAGGAAACACACCTCTTGTCTTT,157,4,clonotype29,clonotype29_consensus_1
TCACAAGTCTGCGGCA-1,True,TCACAAGTCTGCGGCA-1_contig_2,True,504,TRB,TRBV20-1,None,TRBJ1-1,TRBC1,True,True,CSARDNHGTGEREAFF,TGCAGTGCTAGAGATAATCATGGGACAGGGGAAAGGGAAGCTTTCTTT,434,3,clonotype29,clonotype29_consensus_2
TCACGAAAGAAGGTTT-1,True,TCACGAAAGAAGGTTT-1_contig_1,True,524,TRB,TRBV20-1,None,TRBJ2-1,TRBC2,True,True,CSARVGSEVNEQFF,TGCAGTGCTAGAGTGGGGTCGGAAGTCAATGAGCAGTTCTTC,248,3,clonotype2,clonotype2_consensus_1
TCACGAAAGCTAGTCT-1,True,TCACGAAAGCTAGTCT-1_contig_1,True,505,TRA,TRAV1-2,None,TRAJ33,TRAC,True,True,CAATDSNYQLIW,TGTGCTGCGACTGATAGCAACTATCAGTTAATCTGG,621,3,clonotype1,clonotype1_consensus_2
TCACGAAAGCTAGTCT-1,True,TCACGAAAGCTAGTCT-1_contig_2,True,473,TRB,TRBV20-1,None,TRBJ2-1,TRBC2,True,True,CSARVGSEVNEQFF,TGCAGTGCTAGAGTGGGGTCGGAAGTCAATGAGCAGTTCTTC,1341,7,clonotype1,clonotype1_consensus_1
TCACGAAAGGAGCGAG-1,True,TCACGAAAGGAGCGAG-1_contig_1,True,498,TRB,TRBV20-1,None,TRBJ2-4,TRBC2,True,True,CSAVAGGGKNIQYF,TGCAGTGCTGTTGCAGGGGGTGGCAAAAACATTCAGTACTTC,3406,12,clonotype3167,clonotype3167_consensus_1
TCACGAAAGGAGCGAG-1,True,TCACGAAAGGAGCGAG-1_contig_2,True,530,Multi,TRDV1,None,TRAJ48,TRAC,True,False,None,None,862,3,clonotype3167,None
TCACGAAAGGGTCGAT-1,True,TCACGAAAGGGTCGAT-1_contig_1,True,505,TRA,TRAV1-2,None,TRAJ33,TRAC,True,True,CAATDSNYQLIW,TGTGCTGCGACTGATAGCAACTATCAGTTAATCTGG,394,4,clonotype1,clonotype1_consensus_2
TCACGAAAGGGTCGAT-1,True,TCACGAAAGGGTCGAT-1_contig_2,True,492,TRB,TRBV20-1,None,TRBJ2-1,TRBC2,True,True,CSARVGSEVNEQFF,TGCAGTGCTAGAGTGGGGTCGGAAGTCAATGAGCAGTTCTTC,1128,10,clonotype1,clonotype1_consensus_1
TCACGAAAGGTGTGGT-1,True,TCACGAAAGGTGTGGT-1_contig_1,True,641,TRA,TRAV8-2,None,TRAJ4,TRAC,True,True,CVVSLFLSGGYNKLIF,TGTGTTGTGAGCCTCTTCCTTTCTGGTGGCTACAATAAGCTGATTTTT,829,4,clonotype3168,clonotype3168_consensus_2
TCACGAAAGGTGTGGT-1,True,TCACGAAAGGTGTGGT-1_contig_2,True,649,TRB,TRBV5-6,None,TRBJ1-1,TRBC1,True,True,CASSFNTEAFF,TGTGCCAGCAGCTTCAACACTGAAGCTTTCTTT,2264,8,clonotype3168,clonotype3168_consensus_1
TCACGAAAGGTGTGGT-1,True,TCACGAAAGGTGTGGT-1_contig_3,True,466,TRA,TRAV13-1,None,TRAJ4,TRAC,True,False,None,None,7813,3,clonotype3168,None
TCACGAAAGGTGTGGT-1,True,TCACGAAAGGTGTGGT-1_contig_4,True,317,TRB,None,None,TRBJ1-6,TRBC1,False,False,None,None,404,2,clonotype3168,None
TCACGAAAGGTGTGGT-1,True,TCACGAAAGGTGTGGT-1_contig_5,True,411,TRB,TRBV20-1,None,TRBJ2-1,TRBC2,True,False,CSARVSGTRSYNEQFF,TGCAGTGCTAGAGTCTCCGGGACTCGGTCCTACAATGAGCAGTTCTTC,221,4,clonotype3168,None
TCACGAAAGTGAAGAG-1,True,TCACGAAAGTGAAGAG-1_contig_1,True,502,TRA,TRAV1-2,None,TRAJ30,TRAC,True,True,CAVRDLREIIF,TGTGCTGTGAGAGATCTTCGGGAGATCATCTTT,811,2,clonotype3,clonotype3_consensus_2
TCACGAAAGTGAAGAG-1,True,TCACGAAAGTGAAGAG-1_contig_2,True,666,TRB,TRBV5-5,None,TRBJ1-4,TRBC1,True,True,CASSHPGPNYATNEKLFF,TGTGCCAGCAGCCATCCCGGACCGAACTACGCAACTAATGAAAAACTGTTTTTT,1341,5,clonotype3,clonotype3_consensus_1
TCACGAAAGTGAAGAG-1,True,TCACGAAAGTGAAGAG-1_contig_3,True,470,TRB,TRBV7-3,None,TRBJ2-1,TRBC2,True,False,CQQRSLKAGGPYNEQFF,TGCCAGCAGCGGTCACTTAAAGCGGGGGGACCCTACAATGAGCAGTTCTTC,311,1,clonotype3,None
TCACGAACAAGCGATG-1,True,TCACGAACAAGCGATG-1_contig_1,True,505,TRA,TRAV1-2,None,TRAJ33,TRAC,True,True,CAATDSNYQLIW,TGTGCTGCGACTGATAGCAACTATCAGTTAATCTGG,624,4,clonotype1,clonotype1_consensus_2
TCACGAACAAGCGATG-1,True,TCACGAACAAGCGATG-1_contig_2,True,521,TRB,TRBV20-1,None,TRBJ2-1,TRBC2,True,True,CSARVGSEVNEQFF,TGCAGTGCTAGAGTGGGGTCGGAAGTCAATGAGCAGTTCTTC,1321,7,clonotype1,clonotype1_consensus_1
TCACGAACACCGAAAG-1,True,TCACGAACACCGAAAG-1_contig_1,True,505,TRA,TRAV1-2,None,TRAJ33,TRAC,True,True,CAATDSNYQLIW,TGTGCTGCGACTGATAGCAACTATCAGTTAATCTGG,1708,7,clonotype1,clonotype1_consensus_2
TCACGAACACCGAAAG-1,True,TCACGAACACCGAAAG-1_contig_2,True,495,TRB,TRBV20-1,None,TRBJ2-1,TRBC2,True,True,CSARVGSEVNEQFF,TGCAGTGCTAGAGTGGGGTCGGAAGTCAATGAGCAGTTCTTC,1314,9,clonotype1,clonotype1_consensus_1
TCACGAACATCCCACT-1,True,TCACGAACATCCCACT-1_contig_1,True,518,TRA,TRAV27,None,TRAJ43,TRAC,True,True,CAGDNNDMRF,TGTGCAGGAGATAACAATGACATGCGCTTT,1931,6,clonotype268,clonotype268_consensus_3
TCACGAACATCCCACT-1,True,TCACGAACATCCCACT-1_contig_2,True,554,TRA,TRAV26-1,None,TRAJ40,TRAC,True,True,CIVIGGTYKYIF,TGCATCGTCATAGGGGGAACCTACAAATACATCTTT,625,2,clonotype268,clonotype268_consensus_1
TCACGAACATCCCACT-1,True,TCACGAACATCCCACT-1_contig_3,True,667,TRB,TRBV5-6,None,TRBJ2-3,TRBC2,True,True,CASSLVSLAGRADTQYF,TGTGCCAGCAGCTTGGTCTCCCTAGCGGGGAGGGCAGATACGCAGTATTTT,2160,9,clonotype268,clonotype268_consensus_2
TCACGAAGTAAATGAC-1,True,TCACGAAGTAAATGAC-1_contig_1,True,465,TRA,TRAV13-1,None,TRAJ17,TRAC,True,True,CAASYSQAAGNKLTF,TGTGCAGCAAGTTACAGTCAAGCTGCAGGCAACAAGCTAACTTTT,5799,4,clonotype3169,clonotype3169_consensus_2
TCACGAAGTAAATGAC-1,True,TCACGAAGTAAATGAC-1_contig_2,True,656,TRB,TRBV5-6,None,TRBJ2-2,TRBC2,True,True,CASRTGQSTGELFF,TGTGCCAGCAGAACGGGGCAAAGCACCGGGGAGCTGTTTTTT,6761,15,clonotype3169,clonotype3169_consensus_1
TCACGAAGTAAGTGGC-1,True,TCACGAAGTAAGTGGC-1_contig_1,True,558,TRA,TRAV16,None,TRAJ35,TRAC,True,True,CAFFGNVLHC,TGTGCCTTCTTTGGGAATGTGCTGCATTGC,1075,4,clonotype3170,clonotype3170_consensus_1
TCACGAAGTAAGTGGC-1,True,TCACGAAGTAAGTGGC-1_contig_2,True,490,TRB,TRBV5-6,None,TRBJ1-6,TRBC1,True,True,CASSLERGDSPLHF,TGTGCCAGCAGCTTGGAACGAGGGGATTCACCCCTCCACTTT,1712,4,clonotype3170,clonotype3170_consensus_2
TCACGAAGTACTCGCG-1,True,TCACGAAGTACTCGCG-1_contig_1,True,509,TRA,TRAV13-2,None,TRAJ23,TRAC,True,True,CAENVNQGGKLIF,TGTGCAGAGAATGTTAACCAGGGAGGAAAGCTTATCTTC,239,2,clonotype3171,clonotype3171_consensus_2
TCACGAAGTACTCGCG-1,True,TCACGAAGTACTCGCG-1_contig_2,True,494,TRB,TRBV20-1,None,TRBJ2-7,TRBC2,True,True,CSAGLAGGPWQYF,TGCAGTGCGGGACTAGCGGGGGGCCCTTGGCAGTACTTC,1289,8,clonotype3171,clonotype3171_consensus_1
TCACGAAGTATGAAAC-1,True,TCACGAAGTATGAAAC-1_contig_1,True,521,TRB,TRBV20-1,None,TRBJ2-1,TRBC2,True,True,CSARVGSEVNEQFF,TGCAGTGCTAGAGTGGGGTCGGAAGTCAATGAGCAGTTCTTC,966,8,clonotype2,clonotype2_consensus_1
TCACGAAGTATGAAAC-1,True,TCACGAAGTATGAAAC-1_contig_2,True,442,TRA,TRAV10,None,TRAJ24,TRAC,True,False,None,None,331,2,clonotype2,None
TCACGAAGTCTAAACC-1,True,TCACGAAGTCTAAACC-1_contig_1,True,587,TRA,TRAV36/DV7,None,TRAJ49,TRAC,True,True,CAVSNTGNQFYF,TGTGCTGTTTCGAACACCGGTAACCAGTTCTATTTT,1365,3,clonotype3172,clonotype3172_consensus_1
TCACGAAGTGCAGACA-1,True,TCACGAAGTGCAGACA-1_contig_1,True,505,TRA,TRAV1-2,None,TRAJ33,TRAC,True,True,CAATDSNYQLIW,TGTGCTGCGACTGATAGCAACTATCAGTTAATCTGG,1542,6,clonotype1,clonotype1_consensus_2
TCACGAAGTGCAGACA-1,True,TCACGAAGTGCAGACA-1_contig_2,True,521,TRB,TRBV20-1,None,TRBJ2-1,TRBC2,True,True,CSARVGSEVNEQFF,TGCAGTGCTAGAGTGGGGTCGGAAGTCAATGAGCAGTTCTTC,1205,6,clonotype1,clonotype1_consensus_1
TCACGAAGTGCAGACA-1,True,TCACGAAGTGCAGACA-1_contig_3,True,482,TRA,TRAV10,None,TRAJ24,TRAC,True,False,None,None,315,2,clonotype1,None
TCACGAAGTTATCCGA-1,True,TCACGAAGTTATCCGA-1_contig_1,True,537,TRB,TRBV5-6,None,TRBJ2-5,TRBC2,True,True,CASSGTGTGAETQYF,TGTGCCAGCAGCGGTACCGGGACAGGGGCAGAGACCCAGTACTTC,186,4,clonotype3173,clonotype3173_consensus_1
TCACGAAGTTATCCGA-1,True,TCACGAAGTTATCCGA-1_contig_2,True,552,TRA,TRAV16,None,TRAJ13,TRAC,True,True,CALSGGYQKVTF,TGTGCTCTAAGTGGGGGTTACCAGAAAGTTACCTTT,471,6,clonotype3173,clonotype3173_consensus_2
TCACGAAGTTCAGCGC-1,True,TCACGAAGTTCAGCGC-1_contig_1,True,521,TRB,TRBV20-1,None,TRBJ1-5,TRBC1,True,True,CSALPDRDNQPQHF,TGCAGTGCCCTTCCGGACAGGGATAATCAGCCCCAGCATTTT,2724,8,clonotype3174,clonotype3174_consensus_2
TCACGAAGTTCAGCGC-1,True,TCACGAAGTTCAGCGC-1_contig_2,True,621,TRA,TRAV3,None,TRAJ3,TRAC,True,True,CAVRDRYSSASKIIF,TGTGCTGTGAGAGACAGATACAGCAGTGCTTCCAAGATAATCTTT,388,6,clonotype3174,clonotype3174_consensus_1
TCACGAAGTTCAGCGC-1,True,TCACGAAGTTCAGCGC-1_contig_3,True,335,TRB,None,None,TRBJ1-1,TRBC1,False,False,None,None,1149,3,clonotype3174,None
TCACGAAGTTCGGGCT-1,True,TCACGAAGTTCGGGCT-1_contig_1,True,505,TRA,TRAV1-2,None,TRAJ33,TRAC,True,True,CAATDSNYQLIW,TGTGCTGCGACTGATAGCAACTATCAGTTAATCTGG,449,3,clonotype1,clonotype1_consensus_2
TCACGAAGTTCGGGCT-1,True,TCACGAAGTTCGGGCT-1_contig_2,True,521,TRB,TRBV20-1,None,TRBJ2-1,TRBC2,True,True,CSARVGSEVNEQFF,TGCAGTGCTAGAGTGGGGTCGGAAGTCAATGAGCAGTTCTTC,1572,13,clonotype1,clonotype1_consensus_1
TCACGAATCCACGTTC-1,True,TCACGAATCCACGTTC-1_contig_1,True,700,TRB,TRBV5-6,None,TRBJ1-2,TRBC1,True,True,CASSPDNYAGYTF,TGTGCCAGCAGCCCGGACAACTATGCTGGCTACACCTTC,3383,12,clonotype3175,clonotype3175_consensus_1
TCACGAATCCACGTTC-1,True,TCACGAATCCACGTTC-1_contig_2,True,531,TRA,TRAV27,None,TRAJ38,TRAC,True,False,None,None,421,4,clonotype3175,None
TCACGAATCTGAGGGA-1,True,TCACGAATCTGAGGGA-1_contig_1,True,515,TRB,TRBV20-1,None,TRBJ1-2,TRBC1,True,True,CSARKTGDYGYTF,TGCAGTGCTAGGAAGACGGGGGACTATGGCTACACCTTC,1646,7,clonotype3176,clonotype3176_consensus_1
TCACGAATCTGAGGGA-1,True,TCACGAATCTGAGGGA-1_contig_2,True,632,TRA,TRAV8-6,None,TRAJ53,TRAC,True,True,CAASNSGGSNYKLTF,TGTGCTGCTTCGAATAGTGGAGGTAGCAACTATAAACTGACATTT,184,3,clonotype3176,clonotype3176_consensus_2
TCACGAATCTGTGCAA-1,True,TCACGAATCTGTGCAA-1_contig_1,True,505,TRA,TRAV1-2,None,TRAJ33,TRAC,True,True,CAATDSNYQLIW,TGTGCTGCGACTGATAGCAACTATCAGTTAATCTGG,54,1,clonotype1,clonotype1_consensus_2
TCACGAATCTGTGCAA-1,True,TCACGAATCTGTGCAA-1_contig_2,True,498,TRB,TRBV20-1,None,TRBJ2-1,TRBC2,True,True,CSARVGSEVNEQFF,TGCAGTGCTAGAGTGGGGTCGGAAGTCAATGAGCAGTTCTTC,183,2,clonotype1,clonotype1_consensus_1
TCACGAATCTGTGCAA-1,True,TCACGAATCTGTGCAA-1_contig_3,True,314,TRB,None,None,TRBJ1-4,TRBC1,False,False,None,None,123,1,clonotype1,None
TCACGAATCTTGCAAG-1,True,TCACGAATCTTGCAAG-1_contig_1,True,471,TRA,TRAV12-3,None,TRAJ54,None,True,True,CAMVSQGAQKLVF,TGTGCAATGGTTTCTCAGGGAGCCCAGAAGCTGGTATTT,207,1,clonotype3177,clonotype3177_consensus_2
TCACGAATCTTGCAAG-1,True,TCACGAATCTTGCAAG-1_contig_2,True,493,TRB,TRBV5-6,None,TRBJ1-2,TRBC1,True,True,CASSLEGRGGYGYTF,TGTGCCAGCAGCTTGGAGGGCAGGGGCGGCTATGGCTACACCTTC,1446,9,clonotype3177,clonotype3177_consensus_1
TCACGAATCTTGCAAG-1,True,TCACGAATCTTGCAAG-1_contig_3,True,524,TRA,TRAV27,None,TRAJ26,TRAC,True,False,None,None,2906,13,clonotype3177,None
TCAGATGAGAGGTAGA-1,True,TCAGATGAGAGGTAGA-1_contig_1,True,465,TRA,TRAV13-1,None,TRAJ36,TRAC,True,True,CAARTVRNGANNLFF,TGTGCAGCAAGGACGGTCAGGAATGGGGCAAACAACCTCTTCTTT,6292,6,clonotype309,clonotype309_consensus_1
TCAGATGAGAGGTAGA-1,True,TCAGATGAGAGGTAGA-1_contig_2,True,526,TRB,TRBV5-5,None,TRBJ2-1,TRBC2,True,True,CASSVAATGYNEQFF,TGTGCCAGCAGCGTGGCGGCAACAGGCTACAATGAGCAGTTCTTC,1477,7,clonotype309,clonotype309_consensus_2
TCAGATGAGCCACGTC-1,True,TCAGATGAGCCACGTC-1_contig_1,True,492,TRB,TRBV20-1,None,TRBJ2-1,TRBC2,True,True,CSARVGSEVNEQFF,TGCAGTGCTAGAGTGGGGTCGGAAGTCAATGAGCAGTTCTTC,1400,5,clonotype2,clonotype2_consensus_1
TCAGATGAGCCGATTT-1,True,TCAGATGAGCCGATTT-1_contig_1,True,515,TRB,TRBV20-1,None,TRBJ1-1,TRBC1,True,True,CSAREANTEAFF,TGCAGTGCTAGAGAGGCTAACACTGAAGCTTTCTTT,1617,14,clonotype152,clonotype152_consensus_2
TCAGATGAGCCGATTT-1,True,TCAGATGAGCCGATTT-1_contig_2,True,507,TRA,TRAV17,None,TRAJ58,TRAC,True,True,CASSRLTF,TGTGCTAGCTCTAGGTTGACCTTT,285,4,clonotype152,clonotype152_consensus_1
TCAGATGAGCGATATA-1,True,TCAGATGAGCGATATA-1_contig_1,True,493,TRA,TRAV20,None,TRAJ24,TRAC,True,True,CAVMTTDSWGKFQF,TGTGCTGTTATGACAACTGACAGCTGGGGGAAATTCCAGTTT,379,3,clonotype7,clonotype7_consensus_2
TCAGATGAGCGATATA-1,True,TCAGATGAGCGATATA-1_contig_2,True,667,TRB,TRBV5-5,None,TRBJ2-7,TRBC2,True,True,CASSSLVEQGAYEQYF,TGTGCCAGCAGCTCGCTCGTAGAGCAGGGGGCCTACGAGCAGTACTTC,1183,4,clonotype7,clonotype7_consensus_1
TCAGATGAGCTCCTTC-1,True,TCAGATGAGCTCCTTC-1_contig_1,True,498,TRB,TRBV20-1,None,TRBJ2-1,TRBC2,True,True,CSARVGSEVNEQFF,TGCAGTGCTAGAGTGGGGTCGGAAGTCAATGAGCAGTTCTTC,343,4,clonotype2,clonotype2_consensus_1
TCAGATGAGCTTCGCG-1,True,TCAGATGAGCTTCGCG-1_contig_1,True,521,TRB,TRBV20-1,None,TRBJ2-1,TRBC2,True,True,CSARVGSEVNEQFF,TGCAGTGCTAGAGTGGGGTCGGAAGTCAATGAGCAGTTCTTC,1167,6,clonotype2,clonotype2_consensus_1
TCAGATGAGCTTCGCG-1,True,TCAGATGAGCTTCGCG-1_contig_2,True,482,TRA,TRAV10,None,TRAJ24,TRAC,True,False,None,None,653,2,clonotype2,None
TCAGATGAGGAGCGAG-1,True,TCAGATGAGGAGCGAG-1_contig_1,True,505,TRA,TRAV1-2,None,TRAJ33,TRAC,True,True,CAATDSNYQLIW,TGTGCTGCGACTGATAGCAACTATCAGTTAATCTGG,1327,10,clonotype1,clonotype1_consensus_2
TCAGATGAGGAGCGAG-1,True,TCAGATGAGGAGCGAG-1_contig_2,True,521,TRB,TRBV20-1,None,TRBJ2-1,TRBC2,True,True,CSARVGSEVNEQFF,TGCAGTGCTAGAGTGGGGTCGGAAGTCAATGAGCAGTTCTTC,1352,12,clonotype1,clonotype1_consensus_1
TCAGATGAGGAGCGAG-1,True,TCAGATGAGGAGCGAG-1_contig_3,True,482,TRA,TRAV10,None,TRAJ24,TRAC,True,False,None,None,286,2,clonotype1,None
TCAGATGAGGAGTACC-1,True,TCAGATGAGGAGTACC-1_contig_1,True,479,TRB,TRBV20-1,None,TRBJ2-1,TRBC2,True,True,CSARYRDNEQFF,TGCAGTGCTAGGTACAGGGACAATGAGCAGTTCTTC,715,6,clonotype49,clonotype49_consensus_1
TCAGATGAGGAGTACC-1,True,TCAGATGAGGAGTACC-1_contig_2,True,505,TRA,TRAV1-2,None,TRAJ33,TRAC,True,True,CAVLDSNYQLIW,TGTGCTGTGTTGGATAGCAACTATCAGTTAATCTGG,2366,5,clonotype49,clonotype49_consensus_2
TCAGATGAGGATCGCA-1,True,TCAGATGAGGATCGCA-1_contig_1,True,514,TRA,TRAV29/DV5,None,TRAJ42,TRAC,True,True,CAASGTGSQGNLIF,TGTGCAGCAAGCGGTACCGGAAGCCAAGGAAATCTCATCTTT,364,3,clonotype3178,clonotype3178_consensus_1
TCAGATGAGGATCGCA-1,True,TCAGATGAGGATCGCA-1_contig_2,True,510,TRB,TRBV5-5,None,TRBJ1-2,TRBC1,True,True,CASSATGARNLYGYTF,TGTGCCAGCAGCGCGACAGGGGCCCGTAACCTCTATGGCTACACCTTC,2591,8,clonotype3178,clonotype3178_consensus_2
TCAGATGAGGCAATTA-1,True,TCAGATGAGGCAATTA-1_contig_1,True,505,TRA,TRAV1-2,None,TRAJ33,TRAC,True,True,CAATDSNYQLIW,TGTGCTGCGACTGATAGCAACTATCAGTTAATCTGG,348,3,clonotype1,clonotype1_consensus_2
TCAGATGAGGCAATTA-1,True,TCAGATGAGGCAATTA-1_contig_2,True,521,TRB,TRBV20-1,None,TRBJ2-1,TRBC2,True,True,CSARVGSEVNEQFF,TGCAGTGCTAGAGTGGGGTCGGAAGTCAATGAGCAGTTCTTC,3381,5,clonotype1,clonotype1_consensus_1
TCAGATGAGTGAATTG-1,True,TCAGATGAGTGAATTG-1_contig_1,True,505,TRA,TRAV1-2,None,TRAJ33,TRAC,True,True,CAATDSNYQLIW,TGTGCTGCGACTGATAGCAACTATCAGTTAATCTGG,264,3,clonotype1,clonotype1_consensus_2
TCAGATGAGTGAATTG-1,True,TCAGATGAGTGAATTG-1_contig_2,True,521,TRB,TRBV20-1,None,TRBJ2-1,TRBC2,True,True,CSARVGSEVNEQFF,TGCAGTGCTAGAGTGGGGTCGGAAGTCAATGAGCAGTTCTTC,4543,10,clonotype1,clonotype1_consensus_1
TCAGATGAGTGAATTG-1,True,TCAGATGAGTGAATTG-1_contig_3,True,469,TRA,TRAV10,None,TRAJ24,TRAC,True,False,None,None,91,2,clonotype1,None
TCAGATGAGTGCTGCC-1,True,TCAGATGAGTGCTGCC-1_contig_1,True,527,TRB,TRBV20-1,None,TRBJ1-1,TRBC1,True,True,CSARDLGDRANTEAFF,TGCAGTGCTAGAGATCTTGGGGACAGGGCGAACACTGAAGCTTTCTTT,1424,6,clonotype3179,clonotype3179_consensus_2
TCAGATGAGTGCTGCC-1,True,TCAGATGAGTGCTGCC-1_contig_2,True,506,TRA,TRAV13-2,None,TRAJ20,TRAC,True,True,CAENRGDYKLSF,TGTGCAGAGAATAGGGGAGACTACAAGCTCAGCTTT,374,4,clonotype3179,clonotype3179_consensus_1
TCAGATGCAACGCACC-1,True,TCAGATGCAACGCACC-1_contig_1,True,488,TRA,TRAV1-2,None,TRAJ33,TRAC,True,True,CAATDSNYQLIW,TGTGCTGCGACTGATAGCAACTATCAGTTAATCTGG,49,2,clonotype1,clonotype1_consensus_2
TCAGATGCAACGCACC-1,True,TCAGATGCAACGCACC-1_contig_2,True,492,TRB,TRBV20-1,None,TRBJ2-1,TRBC2,True,True,CSARVGSEVNEQFF,TGCAGTGCTAGAGTGGGGTCGGAAGTCAATGAGCAGTTCTTC,2763,11,clonotype1,clonotype1_consensus_1
TCAGATGCAACGCACC-1,True,TCAGATGCAACGCACC-1_contig_3,True,459,TRA,TRAV10,None,TRAJ24,TRAC,True,False,None,None,116,2,clonotype1,None
TCAGATGCAATCCAAC-1,True,TCAGATGCAATCCAAC-1_contig_1,True,521,TRB,TRBV20-1,None,TRBJ2-1,TRBC2,True,True,CSARVGSEVNEQFF,TGCAGTGCTAGAGTGGGGTCGGAAGTCAATGAGCAGTTCTTC,642,7,clonotype2,clonotype2_consensus_1
TCAGATGCACACGCTG-1,True,TCAGATGCACACGCTG-1_contig_1,True,473,TRB,TRBV20-1,None,TRBJ2-1,TRBC2,True,True,CSARVGSEVNEQFF,TGCAGTGCTAGAGTGGGGTCGGAAGTCAATGAGCAGTTCTTC,1036,9,clonotype2,clonotype2_consensus_1
TCAGATGCACACGCTG-1,True,TCAGATGCACACGCTG-1_contig_2,True,482,TRA,TRAV10,None,TRAJ24,TRAC,True,False,None,None,329,3,clonotype2,None
TCAGATGCAGTTAACC-1,True,TCAGATGCAGTTAACC-1_contig_1,True,662,TRB,TRBV5-6,None,TRBJ2-7,TRBC2,True,True,CASSPRRIPPYEQYF,TGTGCCAGCAGCCCAAGGAGAATACCCCCTTACGAGCAGTACTTC,781,10,clonotype3180,clonotype3180_consensus_1
TCAGATGCAGTTAACC-1,True,TCAGATGCAGTTAACC-1_contig_2,True,404,TRA,TRAV1-1,None,TRAJ43,TRAC,True,False,None,None,236,4,clonotype3180,None
TCAGATGCATATGGTC-1,True,TCAGATGCATATGGTC-1_contig_1,True,518,TRB,TRBV20-1,None,TRBJ2-7,TRBC2,True,True,CSARVGGIHEQYF,TGCAGTGCTAGAGTGGGAGGGATCCACGAGCAGTACTTC,600,6,clonotype3181,clonotype3181_consensus_1
TCAGATGCATATGGTC-1,True,TCAGATGCATATGGTC-1_contig_2,True,350,TRB,None,None,TRBJ1-1,TRBC1,False,False,None,None,1613,6,clonotype3181,None
TCAGATGCATGCAACT-1,True,TCAGATGCATGCAACT-1_contig_1,True,501,TRB,TRBV5-1,None,TRBJ2-7,TRBC2,True,True,CASSTQEYEQYF,TGCGCCAGCAGCACCCAGGAGTACGAGCAGTACTTC,1375,7,clonotype3182,clonotype3182_consensus_1
TCAGATGCATGCAACT-1,True,TCAGATGCATGCAACT-1_contig_2,True,536,TRB,TRBV20-1,None,TRBJ1-2,TRBC1,True,True,CSARGAAGTDPREDYGYTF,TGCAGTGCTAGAGGTGCAGCAGGAACGGACCCAAGGGAGGACTATGGCTACACCTTC,1454,4,clonotype3182,clonotype3182_consensus_2
TCAGATGCATTGGGCC-1,True,TCAGATGCATTGGGCC-1_contig_1,True,644,TRA,TRAV8-2,None,TRAJ32,TRAC,True,True,CVVNGYGGATNKLIF,TGTGTTGTGAACGGCTATGGTGGTGCTACAAACAAGCTCATCTTT,329,3,clonotype3183,clonotype3183_consensus_1
TCAGATGCATTGGGCC-1,True,TCAGATGCATTGGGCC-1_contig_2,True,476,TRB,TRBV20-1,None,TRBJ2-1,TRBC2,True,True,CSARPYNEQFF,TGCAGTGCAAGACCATACAATGAGCAGTTCTTC,1020,3,clonotype3183,clonotype3183_consensus_2
TCAGATGCATTGGGCC-1,True,TCAGATGCATTGGGCC-1_contig_3,True,610,TRB,TRBV5-4,None,TRBJ1-1,None,True,False,CISVPAAWKDVVEAFF,TGTATCTCTGTGCCAGCAGCTTGGAAGGACGTCGTCGAAGCTTTCTTT,198,1,clonotype3183,None
TCAGATGGTAGCCTAT-1,True,TCAGATGGTAGCCTAT-1_contig_1,True,505,TRA,TRAV1-2,None,TRAJ33,TRAC,True,True,CAATDSNYQLIW,TGTGCTGCGACTGATAGCAACTATCAGTTAATCTGG,961,4,clonotype1,clonotype1_consensus_2
TCAGATGGTAGCCTAT-1,True,TCAGATGGTAGCCTAT-1_contig_2,True,498,TRB,TRBV20-1,None,TRBJ2-1,TRBC2,True,True,CSARVGSEVNEQFF,TGCAGTGCTAGAGTGGGGTCGGAAGTCAATGAGCAGTTCTTC,2498,10,clonotype1,clonotype1_consensus_1
TCAGATGGTAGCCTAT-1,True,TCAGATGGTAGCCTAT-1_contig_3,True,467,TRA,TRAV10,None,TRAJ24,TRAC,True,False,None,None,238,3,clonotype1,None
TCAGATGGTCTAGAGG-1,True,TCAGATGGTCTAGAGG-1_contig_1,True,523,TRA,TRAV14/DV4,None,TRAJ26,TRAC,True,True,CAMREGDYGQNFVF,TGTGCAATGAGAGAGGGCGACTATGGTCAGAATTTTGTCTTT,162,4,clonotype3184,clonotype3184_consensus_2
TCAGATGGTCTAGAGG-1,True,TCAGATGGTCTAGAGG-1_contig_2,True,718,TRB,TRBV5-6,None,TRBJ2-1,TRBC2,True,True,CASSLSPERGGAYNEQFF,TGTGCCAGCAGCTTATCCCCAGAGCGGGGGGGCGCCTACAATGAGCAGTTCTTC,4142,18,clonotype3184,clonotype3184_consensus_1
TCAGATGTCACTTATC-1,True,TCAGATGTCACTTATC-1_contig_1,True,505,TRA,TRAV1-2,None,TRAJ33,TRAC,True,True,CAATDSNYQLIW,TGTGCTGCGACTGATAGCAACTATCAGTTAATCTGG,1821,6,clonotype1,clonotype1_consensus_2
TCAGATGTCACTTATC-1,True,TCAGATGTCACTTATC-1_contig_2,True,521,TRB,TRBV20-1,None,TRBJ2-1,TRBC2,True,True,CSARVGSEVNEQFF,TGCAGTGCTAGAGTGGGGTCGGAAGTCAATGAGCAGTTCTTC,1973,17,clonotype1,clonotype1_consensus_1
TCAGATGTCACTTATC-1,True,TCAGATGTCACTTATC-1_contig_3,True,434,TRA,TRAV10,None,TRAJ24,TRAC,True,False,None,None,196,1,clonotype1,None
TCAGATGTCATCTGTT-1,True,TCAGATGTCATCTGTT-1_contig_1,True,610,TRA,TRAV8-6,None,TRAJ7,TRAC,True,True,CAVSDRLGNNRLAF,TGTGCTGTGAGTGATCGTCTTGGGAACAACAGACTCGCTTTT,3556,4,clonotype3185,clonotype3185_consensus_1
TCAGATGTCATCTGTT-1,True,TCAGATGTCATCTGTT-1_contig_2,True,743,TRB,TRBV5-6,None,TRBJ1-1,TRBC1,True,True,CASSLRGTIWNTEAFF,TGTGCCAGCAGCTTACGGGGAACGATTTGGAACACTGAAGCTTTCTTT,1783,10,clonotype3185,clonotype3185_consensus_2
TCAGATGTCATCTGTT-1,True,TCAGATGTCATCTGTT-1_contig_3,True,474,TRA,None,None,TRAJ6,TRAC,False,False,None,None,256,1,clonotype3185,None
TCAGATGTCCTGTACC-1,True,TCAGATGTCCTGTACC-1_contig_1,True,512,TRB,TRBV20-1,None,TRBJ2-7,TRBC2,True,True,CSASPLYEQYF,TGCAGTGCTAGTCCCTTGTACGAGCAGTACTTC,1276,6,clonotype3186,clonotype3186_consensus_1
TCAGATGTCCTGTACC-1,True,TCAGATGTCCTGTACC-1_contig_2,True,301,TRA,TRAV13-1,None,None,None,False,False,None,None,24,1,clonotype3186,None
TCAGATGTCTCGTATT-1,True,TCAGATGTCTCGTATT-1_contig_1,True,521,TRB,TRBV20-1,None,TRBJ2-1,TRBC2,True,True,CSARVGSEVNEQFF,TGCAGTGCTAGAGTGGGGTCGGAAGTCAATGAGCAGTTCTTC,413,6,clonotype2,clonotype2_consensus_1
TCAGATGTCTCGTATT-1,True,TCAGATGTCTCGTATT-1_contig_2,True,467,TRA,TRAV10,None,TRAJ24,TRAC,True,False,None,None,236,2,clonotype2,None
TCAGATGTCTGTCTCG-1,True,TCAGATGTCTGTCTCG-1_contig_1,True,495,TRB,TRBV20-1,None,TRBJ1-1,TRBC1,True,True,CSARDTPTSPGFF,TGCAGTGCTAGAGATACCCCCACAAGCCCCGGTTTCTTT,1176,5,clonotype3187,clonotype3187_consensus_2
TCAGATGTCTGTCTCG-1,True,TCAGATGTCTGTCTCG-1_contig_2,True,596,TRA,TRAV12-1,None,TRAJ9,TRAC,True,True,CVVYTGGFKTIF,TGTGTGGTTTATACTGGAGGCTTCAAAACTATCTTT,540,4,clonotype3187,clonotype3187_consensus_1
TCAGCAAAGACACTAA-1,True,TCAGCAAAGACACTAA-1_contig_1,True,515,TRA,TRAV29/DV5,None,TRAJ22,TRAC,True,True,CAASPGTDSGSARQLTF,TGTGCAGCAAGCCCCGGAACCGACTCTGGTTCTGCAAGGCAACTGACCTTT,347,1,clonotype3188,clonotype3188_consensus_2
TCAGCAAAGACACTAA-1,True,TCAGCAAAGACACTAA-1_contig_2,True,512,TRB,TRBV20-1,None,TRBJ1-2,TRBC1,True,True,CSAYLGHGYTF,TGCAGTGCGTACCTGGGCCATGGCTACACCTTC,1547,6,clonotype3188,clonotype3188_consensus_1
TCAGCAAAGCACGCCT-1,True,TCAGCAAAGCACGCCT-1_contig_1,True,505,TRA,TRAV1-2,None,TRAJ33,TRAC,True,True,CAATDSNYQLIW,TGTGCTGCGACTGATAGCAACTATCAGTTAATCTGG,638,3,clonotype1,clonotype1_consensus_2
TCAGCAAAGCACGCCT-1,True,TCAGCAAAGCACGCCT-1_contig_2,True,494,TRB,TRBV20-1,None,TRBJ2-1,TRBC2,True,True,CSARVGSEVNEQFF,TGCAGTGCTAGAGTGGGGTCGGAAGTCAATGAGCAGTTCTTC,890,3,clonotype1,clonotype1_consensus_1
TCAGCAAAGCGCCTCA-1,True,TCAGCAAAGCGCCTCA-1_contig_1,True,509,TRB,TRBV20-1,None,TRBJ1-2,TRBC1,True,True,CSADREGYTF,TGCAGTGCTGACAGGGAAGGCTACACCTTC,2650,10,clonotype3189,clonotype3189_consensus_2
TCAGCAAAGCGCCTCA-1,True,TCAGCAAAGCGCCTCA-1_contig_2,True,618,TRA,TRAV3,None,TRAJ37,TRAC,True,True,CAVRAESNTGKLIF,TGTGCTGTGAGAGCAGAAAGCAACACAGGCAAACTAATCTTT,6564,8,clonotype3189,clonotype3189_consensus_1
TCAGCAACAAGCTGTT-1,True,TCAGCAACAAGCTGTT-1_contig_1,True,521,TRB,TRBV20-1,None,TRBJ2-1,TRBC2,True,True,CSARVGSEVNEQFF,TGCAGTGCTAGAGTGGGGTCGGAAGTCAATGAGCAGTTCTTC,1767,6,clonotype2,clonotype2_consensus_1
TCAGCAACAAGCTGTT-1,True,TCAGCAACAAGCTGTT-1_contig_2,True,482,TRA,TRAV10,None,TRAJ24,TRAC,True,False,None,None,134,1,clonotype2,None
TCAGCAACACCGATAT-1,True,TCAGCAACACCGATAT-1_contig_1,True,498,TRB,TRBV20-1,None,TRBJ2-1,TRBC2,True,True,CSARVGSEVNEQFF,TGCAGTGCTAGAGTGGGGTCGGAAGTCAATGAGCAGTTCTTC,687,5,clonotype2,clonotype2_consensus_1
TCAGCAACACTGTCGG-1,True,TCAGCAACACTGTCGG-1_contig_1,True,494,TRA,TRAV38-2/DV8,None,TRAJ40,TRAC,True,True,CALFSTSGTYKYIF,TGTGCCCTCTTTTCTACCTCAGGAACCTACAAATACATCTTT,5737,3,clonotype3190,clonotype3190_consensus_2
TCAGCAACACTGTCGG-1,True,TCAGCAACACTGTCGG-1_contig_2,True,498,TRB,TRBV20-1,None,TRBJ2-7,TRBC2,True,True,CSARVPKSISYEQYF,TGCAGTGCTAGAGTGCCAAAATCAATCTCCTACGAGCAGTACTTC,1262,5,clonotype3190,clonotype3190_consensus_1
TCAGCAACACTGTCGG-1,True,TCAGCAACACTGTCGG-1_contig_3,True,310,TRB,None,None,TRBJ1-1,TRBC1,False,False,None,None,765,3,clonotype3190,None
TCAGCAACAGGGAGAG-1,True,TCAGCAACAGGGAGAG-1_contig_1,True,507,TRB,TRBV20-1,None,TRBJ1-1,TRBC1,True,True,CSASTGTGYFRYTEAFF,TGCAGTGCGAGCACCGGGACAGGGTATTTTCGGTACACTGAAGCTTTCTTT,1561,7,clonotype38,clonotype38_consensus_1
TCAGCAACAGGGAGAG-1,True,TCAGCAACAGGGAGAG-1_contig_2,True,479,TRA,TRAV35,None,TRAJ47,TRAC,True,True,CAGVEYGNKLVF,TGTGCTGGGGTGGAATATGGAAACAAACTGGTCTTT,1386,1,clonotype38,clonotype38_consensus_2
TCAGCAACATGCAACT-1,True,TCAGCAACATGCAACT-1_contig_1,True,498,TRB,TRBV20-1,None,TRBJ2-1,TRBC2,True,True,CSARVGSEVNEQFF,TGCAGTGCTAGAGTGGGGTCGGAAGTCAATGAGCAGTTCTTC,828,4,clonotype2,clonotype2_consensus_1
TCAGCAACATGGGAAC-1,True,TCAGCAACATGGGAAC-1_contig_1,True,508,TRA,TRAV20,None,TRAJ24,TRAC,True,True,CAVMTTDSWGKFQF,TGTGCTGTTATGACAACTGACAGCTGGGGGAAATTCCAGTTT,1404,5,clonotype7,clonotype7_consensus_2
TCAGCAACATGGGAAC-1,True,TCAGCAACATGGGAAC-1_contig_2,True,740,TRB,TRBV5-5,None,TRBJ2-7,TRBC2,True,True,CASSSLVEQGAYEQYF,TGTGCCAGCAGCTCGCTCGTAGAGCAGGGGGCCTACGAGCAGTACTTC,630,8,clonotype7,clonotype7_consensus_1
TCAGCAACATGTCGAT-1,True,TCAGCAACATGTCGAT-1_contig_1,True,527,TRB,TRBV20-1,None,TRBJ2-2,TRBC2,True,True,CSARPASGGFTGELFF,TGCAGTGCTAGACCGGCAAGCGGGGGGTTCACCGGGGAGCTGTTTTTT,3217,17,clonotype148,clonotype148_consensus_2
TCAGCAACATGTCGAT-1,True,TCAGCAACATGTCGAT-1_contig_2,True,674,TRA,TRAV8-3,None,TRAJ48,TRAC,True,True,CAVGGGNEKLTF,TGTGCTGTGGGTGGAGGAAATGAGAAATTAACCTTT,415,4,clonotype148,clonotype148_consensus_1
TCAGCAACATGTCGAT-1,True,TCAGCAACATGTCGAT-1_contig_3,True,686,TRB,TRBV5-3,None,None,None,False,False,None,None,120,1,clonotype148,None
TCAGCAACATTCTTAC-1,True,TCAGCAACATTCTTAC-1_contig_1,True,503,TRA,TRAV1-2,None,TRAJ33,TRAC,True,True,CAVLDSNYQLIW,TGTGCTGTCCTGGATAGCAACTATCAGTTAATCTGG,395,2,clonotype3191,clonotype3191_consensus_1
TCAGCAAGTAAACACA-1,True,TCAGCAAGTAAACACA-1_contig_1,True,518,TRB,TRBV20-1,None,TRBJ2-1,TRBC2,True,True,CSARVGSEVNEQFF,TGCAGTGCTAGAGTGGGGTCGGAAGTCAATGAGCAGTTCTTC,1660,8,clonotype2,clonotype2_consensus_1
TCAGCAAGTAAACACA-1,True,TCAGCAAGTAAACACA-1_contig_2,True,482,TRA,TRAV10,None,TRAJ24,TRAC,True,False,None,None,137,4,clonotype2,None
TCAGCAAGTCATATGC-1,True,TCAGCAAGTCATATGC-1_contig_1,True,563,TRA,TRAV12-1,None,TRAJ31,TRAC,True,True,CVVRSNARLMF,TGTGTGGTCCGATCCAATGCCAGACTCATGTTT,774,4,clonotype372,clonotype372_consensus_2
TCAGCAAGTCATATGC-1,True,TCAGCAAGTCATATGC-1_contig_2,True,495,TRB,TRBV20-1,None,TRBJ1-1,TRBC1,True,True,CSARGGANTEAFF,TGCAGTGCTAGAGGGGGAGCGAACACTGAAGCTTTCTTT,2677,10,clonotype372,clonotype372_consensus_1
TCAGCAAGTCGATTGT-1,True,TCAGCAAGTCGATTGT-1_contig_1,True,505,TRA,TRAV1-2,None,TRAJ33,TRAC,True,True,CAATDSNYQLIW,TGTGCTGCGACTGATAGCAACTATCAGTTAATCTGG,472,3,clonotype1,clonotype1_consensus_2
TCAGCAAGTCGATTGT-1,True,TCAGCAAGTCGATTGT-1_contig_2,True,521,TRB,TRBV20-1,None,TRBJ2-1,TRBC2,True,True,CSARVGSEVNEQFF,TGCAGTGCTAGAGTGGGGTCGGAAGTCAATGAGCAGTTCTTC,1893,5,clonotype1,clonotype1_consensus_1
TCAGCAAGTCGTGGCT-1,True,TCAGCAAGTCGTGGCT-1_contig_1,True,505,TRA,TRAV1-2,None,TRAJ36,TRAC,True,True,CAVMTGANNLFF,TGTGCTGTGATGACCGGGGCAAACAACCTCTTCTTT,1124,5,clonotype3192,clonotype3192_consensus_1
TCAGCAAGTCGTGGCT-1,True,TCAGCAAGTCGTGGCT-1_contig_2,True,521,TRB,TRBV20-1,None,TRBJ2-6,TRBC2,True,True,CSASPPSGANVLTF,TGCAGTGCTAGCCCGCCCTCTGGGGCCAACGTCCTGACTTTC,2125,9,clonotype3192,clonotype3192_consensus_2
TCAGCAAGTCGTGGCT-1,True,TCAGCAAGTCGTGGCT-1_contig_3,True,661,TRB,TRBV24-1,None,TRBJ1-1,None,True,False,CHPPSPGTEAFF,TGCCACCCCCCAAGCCCGGGGACTGAAGCTTTCTTT,131,2,clonotype3192,None
TCAGCAAGTCGTGGCT-1,True,TCAGCAAGTCGTGGCT-1_contig_4,True,466,TRA,TRAV10,None,TRAJ10,TRAC,True,False,CGDLLTGGGNKLTF,TGTGGTGACCTCCTTACGGGAGGAGGAAACAAACTCACCTTT,112,1,clonotype3192,None
TCAGCAATCTCAAGTG-1,True,TCAGCAATCTCAAGTG-1_contig_1,True,491,TRA,TRAV1-2,None,TRAJ33,TRAC,True,True,CAATDSNYQLIW,TGTGCTGCGACTGATAGCAACTATCAGTTAATCTGG,438,1,clonotype1,clonotype1_consensus_2
TCAGCAATCTCAAGTG-1,True,TCAGCAATCTCAAGTG-1_contig_2,True,521,TRB,TRBV20-1,None,TRBJ2-1,TRBC2,True,True,CSARVGSEVNEQFF,TGCAGTGCTAGAGTGGGGTCGGAAGTCAATGAGCAGTTCTTC,983,6,clonotype1,clonotype1_consensus_1
TCAGCAATCTCAAGTG-1,True,TCAGCAATCTCAAGTG-1_contig_3,True,482,TRA,TRAV10,None,TRAJ24,TRAC,True,False,None,None,687,4,clonotype1,None
TCAGCTCAGACCTTTG-1,True,TCAGCTCAGACCTTTG-1_contig_1,True,505,TRA,TRAV1-2,None,TRAJ33,TRAC,True,True,CAATDSNYQLIW,TGTGCTGCGACTGATAGCAACTATCAGTTAATCTGG,121,4,clonotype1,clonotype1_consensus_2
TCAGCTCAGACCTTTG-1,True,TCAGCTCAGACCTTTG-1_contig_2,True,521,TRB,TRBV20-1,None,TRBJ2-1,TRBC2,True,True,CSARVGSEVNEQFF,TGCAGTGCTAGAGTGGGGTCGGAAGTCAATGAGCAGTTCTTC,525,8,clonotype1,clonotype1_consensus_1
TCAGCTCAGAGATGAG-1,True,TCAGCTCAGAGATGAG-1_contig_1,True,569,TRA,TRAV22,None,TRAJ36,TRAC,True,True,CAVDPSITGANNLFF,TGTGCTGTGGACCCCTCGATAACTGGGGCAAACAACCTCTTCTTT,260,1,clonotype191,clonotype191_consensus_1
TCAGCTCAGAGATGAG-1,True,TCAGCTCAGAGATGAG-1_contig_2,True,524,TRB,TRBV20-1,None,TRBJ2-1,TRBC2,True,True,CSARDWAGVYNEQFF,TGCAGTGCCAGGGATTGGGCGGGGGTTTACAATGAGCAGTTCTTC,1944,9,clonotype191,clonotype191_consensus_2
TCAGCTCAGATACACA-1,True,TCAGCTCAGATACACA-1_contig_1,True,651,TRB,TRBV19,None,TRBJ2-7,TRBC2,True,True,CACFWRSDGPRF,TGTGCCTGCTTTTGGCGATCGGACGGTCCTAGGTTC,1009,4,clonotype3193,clonotype3193_consensus_2
TCAGCTCAGATACACA-1,True,TCAGCTCAGATACACA-1_contig_2,True,521,TRB,TRBV20-1,None,TRBJ2-5,TRBC2,True,True,CSARAPDGSGTQYF,TGCAGTGCTAGAGCCCCTGACGGCTCGGGGACCCAGTACTTC,1992,10,clonotype3193,clonotype3193_consensus_3
TCAGCTCAGATACACA-1,True,TCAGCTCAGATACACA-1_contig_3,True,492,TRA,TRAV9-2,None,TRAJ48,TRAC,True,True,CALLNFGNEKLTF,TGTGCTCTGTTAAACTTTGGAAATGAGAAATTAACCTTT,260,4,clonotype3193,clonotype3193_consensus_1
TCAGCTCAGCGAGAAA-1,True,TCAGCTCAGCGAGAAA-1_contig_1,True,521,TRB,TRBV20-1,None,TRBJ2-1,TRBC2,True,True,CSARVGSEVNEQFF,TGCAGTGCTAGAGTGGGGTCGGAAGTCAATGAGCAGTTCTTC,837,4,clonotype2,clonotype2_consensus_1
TCAGCTCAGCGAGAAA-1,True,TCAGCTCAGCGAGAAA-1_contig_2,True,325,TRA,TRAV1-2,None,TRAJ33,TRAC,True,False,CAATDSNYQLIW,TGTGCTGCGACTGATAGCAACTATCAGTTAATCTGG,870,2,clonotype2,None
TCAGCTCAGCGTAATA-1,True,TCAGCTCAGCGTAATA-1_contig_1,True,478,TRB,TRBV5-6,None,TRBJ1-1,TRBC1,True,True,CASSFGTGNTEAFF,TGTGCCAGCAGCTTTGGGACAGGGAACACTGAAGCTTTCTTT,1256,5,clonotype100,clonotype100_consensus_1
TCAGCTCAGCTGAAAT-1,True,TCAGCTCAGCTGAAAT-1_contig_1,True,505,TRA,TRAV1-2,None,TRAJ33,TRAC,True,True,CAATDSNYQLIW,TGTGCTGCGACTGATAGCAACTATCAGTTAATCTGG,5785,6,clonotype1,clonotype1_consensus_2
TCAGCTCAGCTGAAAT-1,True,TCAGCTCAGCTGAAAT-1_contig_2,True,498,TRB,TRBV20-1,None,TRBJ2-1,TRBC2,True,True,CSARVGSEVNEQFF,TGCAGTGCTAGAGTGGGGTCGGAAGTCAATGAGCAGTTCTTC,1829,11,clonotype1,clonotype1_consensus_1
TCAGCTCAGGCCCTCA-1,True,TCAGCTCAGGCCCTCA-1_contig_1,True,505,TRA,TRAV1-2,None,TRAJ33,TRAC,True,True,CAATDSNYQLIW,TGTGCTGCGACTGATAGCAACTATCAGTTAATCTGG,140,3,clonotype1,clonotype1_consensus_2
TCAGCTCAGGCCCTCA-1,True,TCAGCTCAGGCCCTCA-1_contig_2,True,521,TRB,TRBV20-1,None,TRBJ2-1,TRBC2,True,True,CSARVGSEVNEQFF,TGCAGTGCTAGAGTGGGGTCGGAAGTCAATGAGCAGTTCTTC,941,10,clonotype1,clonotype1_consensus_1
TCAGCTCAGTTCCACA-1,True,TCAGCTCAGTTCCACA-1_contig_1,True,505,TRA,TRAV1-2,None,TRAJ33,TRAC,True,True,CAATDSNYQLIW,TGTGCTGCGACTGATAGCAACTATCAGTTAATCTGG,287,2,clonotype1,clonotype1_consensus_2
TCAGCTCAGTTCCACA-1,True,TCAGCTCAGTTCCACA-1_contig_2,True,486,TRB,TRBV20-1,None,TRBJ2-1,TRBC2,True,True,CSARVGSEVNEQFF,TGCAGTGCTAGAGTGGGGTCGGAAGTCAATGAGCAGTTCTTC,885,5,clonotype1,clonotype1_consensus_1
TCAGCTCCAACTGCTA-1,True,TCAGCTCCAACTGCTA-1_contig_1,True,498,TRB,TRBV20-1,None,TRBJ2-7,TRBC2,True,True,CSARKGQGFAYEQYF,TGCAGTGCTAGGAAGGGACAGGGGTTCGCCTACGAGCAGTACTTC,1278,5,clonotype3194,clonotype3194_consensus_1
TCAGCTCCAACTGCTA-1,True,TCAGCTCCAACTGCTA-1_contig_2,True,640,TRA,TRAV12-1,None,TRAJ42,TRAC,True,True,CVVQGGSQGNLIF,TGTGTGGTGCAAGGAGGAAGCCAAGGAAATCTCATCTTT,270,1,clonotype3194,clonotype3194_consensus_2
TCAGCTCCACGAGAGT-1,True,TCAGCTCCACGAGAGT-1_contig_1,True,505,TRA,TRAV1-2,None,TRAJ33,TRAC,True,True,CAATDSNYQLIW,TGTGCTGCGACTGATAGCAACTATCAGTTAATCTGG,838,6,clonotype1,clonotype1_consensus_2
TCAGCTCCACGAGAGT-1,True,TCAGCTCCACGAGAGT-1_contig_2,True,498,TRB,TRBV20-1,None,TRBJ2-1,TRBC2,True,True,CSARVGSEVNEQFF,TGCAGTGCTAGAGTGGGGTCGGAAGTCAATGAGCAGTTCTTC,2772,10,clonotype1,clonotype1_consensus_1
TCAGCTCCAGCTGTAT-1,True,TCAGCTCCAGCTGTAT-1_contig_1,True,488,TRB,TRBV20-1,None,TRBJ1-5,TRBC1,True,True,CSASSIGYSNQPQHF,TGCAGTGCCTCGTCGATTGGGTATAGCAATCAGCCCCAGCATTTT,776,8,clonotype3195,clonotype3195_consensus_1
TCAGCTCCAGCTGTAT-1,True,TCAGCTCCAGCTGTAT-1_contig_2,True,527,TRA,TRAV27,None,TRAJ32,TRAC,True,True,CAGERGATNKLIF,TGTGCAGGAGAACGGGGTGCTACAAACAAGCTCATCTTT,1363,5,clonotype3195,clonotype3195_consensus_2
TCAGCTCCATACGCCG-1,True,TCAGCTCCATACGCCG-1_contig_1,True,498,TRB,TRBV20-1,None,TRBJ1-6,TRBC1,True,True,CSAREYGYNSPLHF,TGCAGTGCTAGAGAGTACGGATATAATTCACCCCTCCACTTT,2904,15,clonotype3196,clonotype3196_consensus_2
TCAGCTCCATACGCCG-1,True,TCAGCTCCATACGCCG-1_contig_2,True,474,TRA,TRAV38-1,None,TRAJ33,TRAC,True,True,CAFMKHSNYQLIW,TGTGCTTTCATGAAGCATAGCAACTATCAGTTAATCTGG,1100,5,clonotype3196,clonotype3196_consensus_1
TCAGCTCCATAGACTC-1,True,TCAGCTCCATAGACTC-1_contig_1,True,505,TRA,TRAV1-2,None,TRAJ33,TRAC,True,True,CAATDSNYQLIW,TGTGCTGCGACTGATAGCAACTATCAGTTAATCTGG,390,2,clonotype1,clonotype1_consensus_2
TCAGCTCCATAGACTC-1,True,TCAGCTCCATAGACTC-1_contig_2,True,521,TRB,TRBV20-1,None,TRBJ2-1,TRBC2,True,True,CSARVGSEVNEQFF,TGCAGTGCTAGAGTGGGGTCGGAAGTCAATGAGCAGTTCTTC,1454,5,clonotype1,clonotype1_consensus_1
TCAGCTCGTTACAGAA-1,True,TCAGCTCGTTACAGAA-1_contig_1,True,524,TRB,TRBV20-1,None,TRBJ2-3,TRBC2,True,True,CSAELAGGRTDTQYF,TGCAGTGCGGAACTAGCGGGGGGACGCACAGATACGCAGTATTTT,1580,6,clonotype3197,clonotype3197_consensus_1
TCAGCTCGTTACAGAA-1,True,TCAGCTCGTTACAGAA-1_contig_2,True,505,TRA,TRAV1-2,None,TRAJ23,TRAC,True,True,CAVGRQGGKLIF,TGTGCTGTGGGAAGGCAGGGAGGAAAGCTTATCTTC,6298,6,clonotype3197,clonotype3197_consensus_2
TCAGCTCGTTACTGAC-1,True,TCAGCTCGTTACTGAC-1_contig_1,True,515,TRB,TRBV20-1,None,TRBJ2-7,TRBC2,True,True,CSARNSHYEQYF,TGCAGTGCTAGAAACAGCCACTACGAGCAGTACTTC,1266,6,clonotype3198,clonotype3198_consensus_2
TCAGCTCGTTACTGAC-1,True,TCAGCTCGTTACTGAC-1_contig_2,True,497,TRA,TRAV17,None,TRAJ37,TRAC,True,True,CATDGRNTGKLIF,TGTGCTACGGACGGGAGAAACACAGGCAAACTAATCTTT,293,1,clonotype3198,clonotype3198_consensus_1
TCAGCTCGTTATGCGT-1,True,TCAGCTCGTTATGCGT-1_contig_1,True,475,TRA,TRAV17,None,TRAJ29,TRAC,True,True,CATDAAQGNTPLVF,TGTGCTACGGACGCGGCTCAAGGAAACACACCTCTTGTCTTT,211,2,clonotype113,clonotype113_consensus_1
TCAGCTCGTTATGCGT-1,True,TCAGCTCGTTATGCGT-1_contig_2,True,655,TRB,TRBV5-6,None,TRBJ1-2,TRBC1,True,True,CASSLAGVPYGYTF,TGTGCCAGCAGCTTGGCAGGGGTTCCCTATGGCTACACCTTC,1844,10,clonotype113,clonotype113_consensus_2
TCAGCTCGTTCAGACT-1,True,TCAGCTCGTTCAGACT-1_contig_1,True,498,TRB,TRBV20-1,None,TRBJ2-1,TRBC2,True,True,CSARVGSEVNEQFF,TGCAGTGCTAGAGTGGGGTCGGAAGTCAATGAGCAGTTCTTC,3581,15,clonotype2,clonotype2_consensus_1
TCAGCTCTCATCACCC-1,True,TCAGCTCTCATCACCC-1_contig_1,True,527,TRB,TRBV20-1,None,TRBJ1-6,TRBC1,True,True,CSAPWGGAVYNSPLHF,TGCAGTGCTCCCTGGGGAGGGGCGGTTTATAATTCACCCCTCCACTTT,260,6,clonotype3199,clonotype3199_consensus_2
TCAGCTCTCATCACCC-1,True,TCAGCTCTCATCACCC-1_contig_2,True,451,TRA,TRAV13-1,None,TRAJ30,TRAC,True,True,CAARGGDDKIIF,TGTGCAGCAAGGGGGGGAGATGACAAGATCATCTTT,762,7,clonotype3199,clonotype3199_consensus_1
TCAGCTCTCATCACCC-1,True,TCAGCTCTCATCACCC-1_contig_3,True,305,TRB,None,None,TRBJ2-2P,TRBC2,False,False,None,None,302,11,clonotype3199,None
TCAGCTCTCCGTTGCT-1,True,TCAGCTCTCCGTTGCT-1_contig_1,True,505,TRA,TRAV1-2,None,TRAJ33,TRAC,True,True,CAATDSNYQLIW,TGTGCTGCGACTGATAGCAACTATCAGTTAATCTGG,165,4,clonotype1,clonotype1_consensus_2
TCAGCTCTCCGTTGCT-1,True,TCAGCTCTCCGTTGCT-1_contig_2,True,498,TRB,TRBV20-1,None,TRBJ2-1,TRBC2,True,True,CSARVGSEVNEQFF,TGCAGTGCTAGAGTGGGGTCGGAAGTCAATGAGCAGTTCTTC,2928,11,clonotype1,clonotype1_consensus_1
TCAGCTCTCCTAGGGC-1,True,TCAGCTCTCCTAGGGC-1_contig_1,True,505,TRA,TRAV38-1,None,TRAJ45,TRAC,True,True,CAFMKTGGGADGLTF,TGTGCTTTCATGAAGACGGGCGGAGGTGCTGACGGACTCACCTTT,797,4,clonotype3200,clonotype3200_consensus_2
TCAGCTCTCCTAGGGC-1,True,TCAGCTCTCCTAGGGC-1_contig_2,True,505,TRB,TRBV20-1,None,TRBJ2-3,TRBC2,True,True,CSARLRTLGREQYF,TGCAGTGCCAGACTCCGAACACTAGGGAGAGAGCAGTATTTT,625,4,clonotype3200,clonotype3200_consensus_1
TCAGCTCTCGCTAGCG-1,True,TCAGCTCTCGCTAGCG-1_contig_1,True,505,TRA,TRAV1-2,None,TRAJ33,TRAC,True,True,CAATDSNYQLIW,TGTGCTGCGACTGATAGCAACTATCAGTTAATCTGG,160,2,clonotype1,clonotype1_consensus_2
TCAGCTCTCGCTAGCG-1,True,TCAGCTCTCGCTAGCG-1_contig_2,True,498,TRB,TRBV20-1,None,TRBJ2-1,TRBC2,True,True,CSARVGSEVNEQFF,TGCAGTGCTAGAGTGGGGTCGGAAGTCAATGAGCAGTTCTTC,1153,10,clonotype1,clonotype1_consensus_1
TCAGCTCTCGTACGGC-1,True,TCAGCTCTCGTACGGC-1_contig_1,True,462,TRA,TRAV13-1,None,TRAJ12,TRAC,True,True,CAASRPDSSYKLIF,TGTGCAGCAAGTAGGCCGGATAGCAGCTATAAATTGATCTTC,351,3,clonotype3201,clonotype3201_consensus_2
TCAGCTCTCGTACGGC-1,True,TCAGCTCTCGTACGGC-1_contig_2,True,521,TRB,TRBV20-1,None,TRBJ1-1,TRBC1,True,True,CSARVAGFGTEAFF,TGCAGTGCTAGAGTAGCCGGGTTTGGAACTGAAGCTTTCTTT,1277,6,clonotype3201,clonotype3201_consensus_1
TCAGCTCTCGTGGACC-1,True,TCAGCTCTCGTGGACC-1_contig_1,True,666,TRB,TRBV5-6,None,TRBJ1-6,TRBC1,True,True,CASGNVGGRIDNSPLHF,TGTGCCAGCGGCAATGTTGGGGGGCGTATCGATAATTCACCCCTCCACTTT,902,7,clonotype3202,clonotype3202_consensus_1
TCAGCTCTCTACGAGT-1,True,TCAGCTCTCTACGAGT-1_contig_1,True,574,TRA,TRAV26-1,None,TRAJ48,TRAC,True,True,CIAFINFGNEKLTF,TGCATCGCCTTCATTAACTTTGGAAATGAGAAATTAACCTTT,1272,7,clonotype3203,clonotype3203_consensus_1
TCAGCTCTCTACGAGT-1,True,TCAGCTCTCTACGAGT-1_contig_2,True,524,TRB,TRBV20-1,None,TRBJ2-7,TRBC2,True,True,CSATNPRDRAYEQYF,TGCAGTGCCACAAACCCCCGGGACAGGGCCTACGAGCAGTACTTC,6094,23,clonotype3203,clonotype3203_consensus_2
TCAGCTCTCTACGAGT-1,True,TCAGCTCTCTACGAGT-1_contig_3,True,509,TRA,TRAV20,None,TRAJ29,TRAC,True,False,None,None,353,5,clonotype3203,None
TCAGCTCTCTCAAGTG-1,True,TCAGCTCTCTCAAGTG-1_contig_1,True,502,TRA,TRAV23/DV6,None,TRAJ20,TRAC,True,True,CAASIGNKLSF,TGTGCAGCAAGCATAGGCAACAAGCTCAGCTTT,238,2,clonotype3204,clonotype3204_consensus_1
TCAGCTCTCTCAAGTG-1,True,TCAGCTCTCTCAAGTG-1_contig_2,True,519,TRA,TRAV21,None,TRAJ15,TRAC,True,True,CAVRPAQAGTALIF,TGTGCTGTGAGGCCCGCCCAGGCAGGAACTGCTCTGATCTTT,673,4,clonotype3204,clonotype3204_consensus_3
TCAGCTCTCTCAAGTG-1,True,TCAGCTCTCTCAAGTG-1_contig_3,True,473,TRB,TRBV20-1,None,TRBJ2-1,TRBC2,True,True,CSARDGSGGAAQFF,TGCAGTGCTAGAGATGGTAGCGGGGGGGCCGCGCAGTTCTTC,1466,7,clonotype3204,clonotype3204_consensus_2
TCAGCTCTCTCTTGAT-1,True,TCAGCTCTCTCTTGAT-1_contig_1,True,505,TRA,TRAV1-2,None,TRAJ33,TRAC,True,True,CAATDSNYQLIW,TGTGCTGCGACTGATAGCAACTATCAGTTAATCTGG,201,4,clonotype1,clonotype1_consensus_2
TCAGCTCTCTCTTGAT-1,True,TCAGCTCTCTCTTGAT-1_contig_2,True,521,TRB,TRBV20-1,None,TRBJ2-1,TRBC2,True,True,CSARVGSEVNEQFF,TGCAGTGCTAGAGTGGGGTCGGAAGTCAATGAGCAGTTCTTC,1013,5,clonotype1,clonotype1_consensus_1
TCAGCTCTCTCTTGAT-1,True,TCAGCTCTCTCTTGAT-1_contig_3,True,517,TRA,TRAV10,None,TRAJ24,TRAC,True,False,None,None,83,1,clonotype1,None
TCAGCTCTCTTGTATC-1,True,TCAGCTCTCTTGTATC-1_contig_1,True,505,TRA,TRAV1-2,None,TRAJ33,TRAC,True,True,CAATDSNYQLIW,TGTGCTGCGACTGATAGCAACTATCAGTTAATCTGG,729,3,clonotype1,clonotype1_consensus_2
TCAGCTCTCTTGTATC-1,True,TCAGCTCTCTTGTATC-1_contig_2,True,498,TRB,TRBV20-1,None,TRBJ2-1,TRBC2,True,True,CSARVGSEVNEQFF,TGCAGTGCTAGAGTGGGGTCGGAAGTCAATGAGCAGTTCTTC,2269,6,clonotype1,clonotype1_consensus_1
TCAGCTCTCTTGTATC-1,True,TCAGCTCTCTTGTATC-1_contig_3,True,465,TRA,TRAV10,None,TRAJ24,TRAC,True,False,None,None,158,2,clonotype1,None
TCAGGATAGCACGCCT-1,True,TCAGGATAGCACGCCT-1_contig_1,True,492,TRB,TRBV20-1,None,TRBJ2-1,TRBC2,True,True,CSARVGSEVNEQFF,TGCAGTGCTAGAGTGGGGTCGGAAGTCAATGAGCAGTTCTTC,1351,8,clonotype2,clonotype2_consensus_1
TCAGGATAGCACGCCT-1,True,TCAGGATAGCACGCCT-1_contig_2,True,465,TRA,TRAV10,None,TRAJ24,TRAC,True,False,None,None,493,2,clonotype2,None
TCAGGATAGCTCAACT-1,True,TCAGGATAGCTCAACT-1_contig_1,True,505,TRA,TRAV1-2,None,TRAJ33,TRAC,True,True,CAATDSNYQLIW,TGTGCTGCGACTGATAGCAACTATCAGTTAATCTGG,289,2,clonotype1,clonotype1_consensus_2
TCAGGATAGCTCAACT-1,True,TCAGGATAGCTCAACT-1_contig_2,True,514,TRB,TRBV20-1,None,TRBJ2-1,TRBC2,True,True,CSARVGSEVNEQFF,TGCAGTGCTAGAGTGGGGTCGGAAGTCAATGAGCAGTTCTTC,507,4,clonotype1,clonotype1_consensus_1
TCAGGATAGGACATTA-1,True,TCAGGATAGGACATTA-1_contig_1,True,498,TRB,TRBV20-1,None,TRBJ1-6,TRBC1,True,True,CSAPPGSANSPLHF,TGCAGTGCTCCTCCGGGAAGTGCTAATTCACCCCTCCACTTT,366,3,clonotype3205,clonotype3205_consensus_1
TCAGGATAGGACATTA-1,True,TCAGGATAGGACATTA-1_contig_2,True,314,TRB,None,None,TRBJ1-5,TRBC1,False,False,None,None,1361,5,clonotype3205,None
TCAGGATAGGCCCTTG-1,True,TCAGGATAGGCCCTTG-1_contig_1,True,567,TRA,TRAV8-4,None,TRAJ9,TRAC,True,True,CAVRNTGGFKTIF,TGTGCTGTGAGGAATACTGGAGGCTTCAAAACTATCTTT,468,4,clonotype46,clonotype46_consensus_2
TCAGGATAGGCCCTTG-1,True,TCAGGATAGGCCCTTG-1_contig_2,True,487,TRB,TRBV5-6,None,TRBJ2-2,TRBC2,True,True,CASSHQVQRGDTGELFF,TGTGCCAGCAGCCATCAGGTCCAGCGGGGGGACACCGGGGAGCTGTTTTTT,268,4,clonotype46,clonotype46_consensus_1
TCAGGATAGTTACCCA-1,True,TCAGGATAGTTACCCA-1_contig_1,True,505,TRA,TRAV1-2,None,TRAJ33,TRAC,True,True,CAATDSNYQLIW,TGTGCTGCGACTGATAGCAACTATCAGTTAATCTGG,896,4,clonotype1,clonotype1_consensus_2
TCAGGATAGTTACCCA-1,True,TCAGGATAGTTACCCA-1_contig_2,True,521,TRB,TRBV20-1,None,TRBJ2-1,TRBC2,True,True,CSARVGSEVNEQFF,TGCAGTGCTAGAGTGGGGTCGGAAGTCAATGAGCAGTTCTTC,847,9,clonotype1,clonotype1_consensus_1
TCAGGATCAAACTGTC-1,True,TCAGGATCAAACTGTC-1_contig_1,True,484,TRB,TRBV5-6,None,TRBJ1-6,TRBC1,True,True,CASSWGPGQYNSPLHF,TGTGCCAGCAGCTGGGGCCCGGGACAGTATAATTCACCCCTCCACTTT,617,6,clonotype3206,clonotype3206_consensus_1
TCAGGATCAAACTGTC-1,True,TCAGGATCAAACTGTC-1_contig_2,True,580,TRA,TRAV17,None,TRAJ32,TRAC,True,True,CAEGGATNKLIF,TGTGCTGAGGGAGGTGCTACAAACAAGCTCATCTTT,101,1,clonotype3206,clonotype3206_consensus_2
TCAGGATCAGCTCGAC-1,True,TCAGGATCAGCTCGAC-1_contig_1,True,505,TRA,TRAV1-2,None,TRAJ33,TRAC,True,True,CAATDSNYQLIW,TGTGCTGCGACTGATAGCAACTATCAGTTAATCTGG,105,2,clonotype1,clonotype1_consensus_2
TCAGGATCAGCTCGAC-1,True,TCAGGATCAGCTCGAC-1_contig_2,True,521,TRB,TRBV20-1,None,TRBJ2-1,TRBC2,True,True,CSARVGSEVNEQFF,TGCAGTGCTAGAGTGGGGTCGGAAGTCAATGAGCAGTTCTTC,1079,5,clonotype1,clonotype1_consensus_1
TCAGGATCATCAGTCA-1,True,TCAGGATCATCAGTCA-1_contig_1,True,442,TRA,TRAV13-1,None,TRAJ33,TRAC,True,True,CAVRESNYQLIW,TGTGCTGTAAGGGAGAGCAACTATCAGTTAATCTGG,151,1,clonotype3207,clonotype3207_consensus_2
TCAGGATCATCAGTCA-1,True,TCAGGATCATCAGTCA-1_contig_2,True,509,TRB,TRBV5-5,None,TRBJ2-1,TRBC2,True,True,CASSLAPKVGGYNEQFF,TGTGCCAGCAGCTTGGCCCCGAAGGTAGGAGGGTACAATGAGCAGTTCTTC,6244,8,clonotype3207,clonotype3207_consensus_1
TCAGGATCATCGATGT-1,True,TCAGGATCATCGATGT-1_contig_1,True,505,TRA,TRAV1-2,None,TRAJ33,TRAC,True,True,CAATDSNYQLIW,TGTGCTGCGACTGATAGCAACTATCAGTTAATCTGG,4235,3,clonotype1,clonotype1_consensus_2
TCAGGATCATCGATGT-1,True,TCAGGATCATCGATGT-1_contig_2,True,521,TRB,TRBV20-1,None,TRBJ2-1,TRBC2,True,True,CSARVGSEVNEQFF,TGCAGTGCTAGAGTGGGGTCGGAAGTCAATGAGCAGTTCTTC,1408,7,clonotype1,clonotype1_consensus_1
TCAGGATCATCGATGT-1,True,TCAGGATCATCGATGT-1_contig_3,True,482,TRA,TRAV10,None,TRAJ24,TRAC,True,False,None,None,425,2,clonotype1,None
TCAGGATGTCACACGC-1,True,TCAGGATGTCACACGC-1_contig_1,True,524,TRB,TRBV20-1,None,TRBJ1-6,TRBC1,True,True,CSARGVGDRASPLHF,TGCAGTGCTAGAGGGGTCGGGGACAGGGCATCACCCCTCCACTTT,1433,11,clonotype3208,clonotype3208_consensus_1
TCAGGATGTCACACGC-1,True,TCAGGATGTCACACGC-1_contig_2,True,465,TRA,TRAV13-1,None,TRAJ13,TRAC,True,True,CAASMWSGGYQKVTF,TGTGCAGCAAGTATGTGGTCTGGGGGTTACCAGAAAGTTACCTTT,1093,4,clonotype3208,clonotype3208_consensus_2
TCAGGATGTCACACGC-1,True,TCAGGATGTCACACGC-1_contig_3,True,621,TRA,TRAV3,None,TRAJ9,TRAC,True,True,CAVRDGDTGGFKTIF,TGTGCTGTGAGAGACGGCGATACTGGAGGCTTCAAAACTATCTTT,1178,7,clonotype3208,clonotype3208_consensus_3
TCAGGATGTCATACTG-1,True,TCAGGATGTCATACTG-1_contig_1,True,521,TRB,TRBV20-1,None,TRBJ2-1,TRBC2,True,True,CSARVGSEVNEQFF,TGCAGTGCTAGAGTGGGGTCGGAAGTCAATGAGCAGTTCTTC,947,5,clonotype2,clonotype2_consensus_1
TCAGGATGTCATACTG-1,True,TCAGGATGTCATACTG-1_contig_2,True,465,TRA,TRAV10,None,TRAJ24,TRAC,True,False,None,None,421,3,clonotype2,None
TCAGGATGTGCTCTTC-1,True,TCAGGATGTGCTCTTC-1_contig_1,True,505,TRA,TRAV1-2,None,TRAJ33,TRAC,True,True,CAATDSNYQLIW,TGTGCTGCGACTGATAGCAACTATCAGTTAATCTGG,538,3,clonotype1,clonotype1_consensus_2
TCAGGATGTGCTCTTC-1,True,TCAGGATGTGCTCTTC-1_contig_2,True,521,TRB,TRBV20-1,None,TRBJ2-1,TRBC2,True,True,CSARVGSEVNEQFF,TGCAGTGCTAGAGTGGGGTCGGAAGTCAATGAGCAGTTCTTC,2977,13,clonotype1,clonotype1_consensus_1
TCAGGATGTGCTCTTC-1,True,TCAGGATGTGCTCTTC-1_contig_3,True,482,TRA,TRAV10,None,TRAJ24,TRAC,True,False,None,None,166,3,clonotype1,None
TCAGGATGTTTAGGAA-1,True,TCAGGATGTTTAGGAA-1_contig_1,True,505,TRA,TRAV1-2,None,TRAJ33,TRAC,True,True,CAATDSNYQLIW,TGTGCTGCGACTGATAGCAACTATCAGTTAATCTGG,842,6,clonotype1,clonotype1_consensus_2
TCAGGATGTTTAGGAA-1,True,TCAGGATGTTTAGGAA-1_contig_2,True,508,TRB,TRBV20-1,None,TRBJ2-1,TRBC2,True,True,CSARVGSEVNEQFF,TGCAGTGCTAGAGTGGGGTCGGAAGTCAATGAGCAGTTCTTC,2027,6,clonotype1,clonotype1_consensus_1
TCAGGATTCACTATTC-1,True,TCAGGATTCACTATTC-1_contig_1,True,482,TRB,TRBV20-1,None,TRBJ1-2,TRBC1,True,True,CSARDRTNYGYTF,TGCAGTGCTAGAGATCGTACTAACTATGGCTACACCTTC,566,3,clonotype3209,clonotype3209_consensus_2
TCAGGATTCACTATTC-1,True,TCAGGATTCACTATTC-1_contig_2,True,499,TRB,TRBV5-6,None,TRBJ2-5,TRBC2,True,True,CASSSLTSGATEENQYF,TGTGCCAGCAGCTCCTTGACTAGCGGGGCGACTGAAGAGAACCAGTACTTC,1042,3,clonotype3209,clonotype3209_consensus_1
TCAGGATTCAGATAAG-1,True,TCAGGATTCAGATAAG-1_contig_1,True,747,TRB,TRBV5-6,None,TRBJ2-1,TRBC2,True,True,CASSRRRLAGISSYNEQFF,TGTGCCAGCAGCCGGCGGCGACTAGCGGGGATCAGCTCCTACAATGAGCAGTTCTTC,1035,8,clonotype3210,clonotype3210_consensus_1
TCAGGATTCAGATAAG-1,True,TCAGGATTCAGATAAG-1_contig_2,True,313,TRB,None,None,TRBJ2-3,TRBC2,False,False,None,None,447,4,clonotype3210,None
TCAGGATTCCAGGGCT-1,True,TCAGGATTCCAGGGCT-1_contig_1,True,505,TRA,TRAV1-2,None,TRAJ33,TRAC,True,True,CAATDSNYQLIW,TGTGCTGCGACTGATAGCAACTATCAGTTAATCTGG,283,2,clonotype1,clonotype1_consensus_2
TCAGGATTCCAGGGCT-1,True,TCAGGATTCCAGGGCT-1_contig_2,True,521,TRB,TRBV20-1,None,TRBJ2-1,TRBC2,True,True,CSARVGSEVNEQFF,TGCAGTGCTAGAGTGGGGTCGGAAGTCAATGAGCAGTTCTTC,891,7,clonotype1,clonotype1_consensus_1
TCAGGATTCCAGGGCT-1,True,TCAGGATTCCAGGGCT-1_contig_3,True,461,TRA,TRAV10,None,TRAJ24,TRAC,True,False,None,None,97,1,clonotype1,None
TCAGGATTCGATGAGG-1,True,TCAGGATTCGATGAGG-1_contig_1,True,515,TRB,TRBV20-1,None,TRBJ2-3,TRBC2,True,True,CSAMTGTDTQYF,TGCAGTGCGATGACTGGGACGGATACGCAGTATTTT,3082,12,clonotype3211,clonotype3211_consensus_1
TCAGGATTCGATGAGG-1,True,TCAGGATTCGATGAGG-1_contig_2,True,786,TRA,TRAV29/DV5,None,TRAJ35,TRAC,True,False,None,None,321,4,clonotype3211,None
TCAGGATTCGGTTAAC-1,True,TCAGGATTCGGTTAAC-1_contig_1,True,712,TRB,TRBV5-6,None,TRBJ1-1,TRBC1,True,True,CASSLGARSLNTEAFF,TGTGCCAGCAGTTTGGGGGCGCGTTCTCTGAACACTGAAGCTTTCTTT,344,4,clonotype3212,clonotype3212_consensus_1
TCAGGATTCGGTTAAC-1,True,TCAGGATTCGGTTAAC-1_contig_2,True,550,TRA,TRAV17,None,TRAJ23,TRAC,True,True,CATDSEGIYNQGGKLIF,TGTGCTACGGATTCTGAGGGGATTTATAACCAGGGAGGAAAGCTTATCTTC,504,4,clonotype3212,clonotype3212_consensus_2
TCAGGATTCGGTTAAC-1,True,TCAGGATTCGGTTAAC-1_contig_3,True,304,TRB,None,None,TRBJ2-5,TRBC2,False,False,None,None,527,1,clonotype3212,None
TCAGGATTCGTGGTCG-1,True,TCAGGATTCGTGGTCG-1_contig_1,True,502,TRA,TRAV1-2,None,TRAJ30,TRAC,True,True,CAVRDLREIIF,TGTGCTGTGAGAGATCTTCGGGAGATCATCTTT,253,2,clonotype50,clonotype50_consensus_2
TCAGGATTCGTGGTCG-1,True,TCAGGATTCGTGGTCG-1_contig_2,True,505,TRA,TRAV1-2,None,TRAJ33,TRAC,True,True,CAATDSNYQLIW,TGTGCTGCGACTGATAGCAACTATCAGTTAATCTGG,549,5,clonotype50,clonotype50_consensus_3
TCAGGATTCGTGGTCG-1,True,TCAGGATTCGTGGTCG-1_contig_3,True,473,TRB,TRBV20-1,None,TRBJ2-1,TRBC2,True,True,CSARVGSEVNEQFF,TGCAGTGCTAGAGTGGGGTCGGAAGTCAATGAGCAGTTCTTC,1751,7,clonotype50,clonotype50_consensus_1
TCAGGATTCGTGGTCG-1,True,TCAGGATTCGTGGTCG-1_contig_4,True,538,TRB,TRBV5-5,None,TRBJ1-4,TRBC1,True,False,CASSHPGPNYATNEKLFF,TGTGCCAGCAGCCATCCCGGACCGAACTACGCAACTAATGAAAAACTGTTTTTT,279,2,clonotype50,None
TCAGGATTCTGCGACG-1,True,TCAGGATTCTGCGACG-1_contig_1,True,492,TRB,TRBV20-1,None,TRBJ2-7,TRBC2,True,True,CSALGNSYEQYF,TGCAGTGCTTTGGGGAACTCCTACGAGCAGTACTTC,400,4,clonotype132,clonotype132_consensus_1
TCAGGATTCTTACCTA-1,True,TCAGGATTCTTACCTA-1_contig_1,True,486,TRB,TRBV20-1,None,TRBJ2-1,TRBC2,True,True,CSARVGSEVNEQFF,TGCAGTGCTAGAGTGGGGTCGGAAGTCAATGAGCAGTTCTTC,526,5,clonotype2,clonotype2_consensus_1
TCAGGATTCTTACCTA-1,True,TCAGGATTCTTACCTA-1_contig_2,True,482,TRA,TRAV10,None,TRAJ24,TRAC,True,False,None,None,181,4,clonotype2,None
TCAGGTAAGAGTACAT-1,True,TCAGGTAAGAGTACAT-1_contig_1,True,509,TRA,TRAV13-2,None,TRAJ39,TRAC,True,True,CAEVPGAGNMLTF,TGTGCAGAGGTCCCCGGGGCAGGCAACATGCTCACCTTT,327,4,clonotype3213,clonotype3213_consensus_1
TCAGGTAAGATACACA-1,True,TCAGGTAAGATACACA-1_contig_1,True,573,TRA,TRAV8-4,None,TRAJ29,TRAC,True,True,CAVSEKGSGNTPLVF,TGTGCTGTGAGTGAAAAAGGATCGGGAAACACACCTCTTGTCTTT,155,4,clonotype3214,clonotype3214_consensus_1
TCAGGTAAGATACACA-1,True,TCAGGTAAGATACACA-1_contig_2,True,512,TRB,TRBV20-1,None,TRBJ2-5,TRBC2,True,True,CSAKGFETQYF,TGCAGTGCTAAGGGGTTCGAGACCCAGTACTTC,8853,6,clonotype3214,clonotype3214_consensus_2
TCAGGTAAGATACACA-1,True,TCAGGTAAGATACACA-1_contig_3,True,305,TRB,None,None,TRBJ2-3,TRBC2,False,False,None,None,3453,1,clonotype3214,None
TCAGGTAAGCCATCGC-1,True,TCAGGTAAGCCATCGC-1_contig_1,True,515,TRA,TRAV21,None,TRAJ31,TRAC,True,True,CASEGNNARLMF,TGTGCCAGTGAGGGAAACAATGCCAGACTCATGTTT,1060,5,clonotype3215,clonotype3215_consensus_1
TCAGGTAAGCCATCGC-1,True,TCAGGTAAGCCATCGC-1_contig_2,True,515,TRB,TRBV5-5,None,TRBJ2-1,TRBC2,True,True,CASSLTGSYNEQFF,TGTGCCAGCAGCTTGACAGGCTCCTACAATGAGCAGTTCTTC,3964,16,clonotype3215,clonotype3215_consensus_2
TCAGGTAAGCCATCGC-1,True,TCAGGTAAGCCATCGC-1_contig_3,True,306,TRB,None,None,TRBJ2-7,TRBC2,False,False,None,None,925,4,clonotype3215,None
TCAGGTAAGCCGATTT-1,True,TCAGGTAAGCCGATTT-1_contig_1,True,498,TRB,TRBV20-1,None,TRBJ2-1,TRBC2,True,True,CSARVGSEVNEQFF,TGCAGTGCTAGAGTGGGGTCGGAAGTCAATGAGCAGTTCTTC,9717,5,clonotype2,clonotype2_consensus_1
TCAGGTAAGCCGATTT-1,True,TCAGGTAAGCCGATTT-1_contig_2,True,453,TRA,TRAV10,None,TRAJ24,TRAC,True,False,None,None,201,3,clonotype2,None
TCAGGTAAGTACTTGC-1,True,TCAGGTAAGTACTTGC-1_contig_1,True,502,TRA,TRAV1-2,None,TRAJ33,TRAC,True,True,CAATDSNYQLIW,TGTGCTGCGACTGATAGCAACTATCAGTTAATCTGG,420,4,clonotype1,clonotype1_consensus_2
TCAGGTAAGTACTTGC-1,True,TCAGGTAAGTACTTGC-1_contig_2,True,496,TRB,TRBV20-1,None,TRBJ2-1,TRBC2,True,True,CSARVGSEVNEQFF,TGCAGTGCTAGAGTGGGGTCGGAAGTCAATGAGCAGTTCTTC,1450,7,clonotype1,clonotype1_consensus_1
TCAGGTAAGTCACGCC-1,True,TCAGGTAAGTCACGCC-1_contig_1,True,503,TRB,TRBV5-5,None,TRBJ2-3,TRBC2,True,True,CASSLGRVPDTQYF,TGTGCCAGCAGCTTAGGCAGGGTCCCAGATACGCAGTATTTT,2136,11,clonotype3216,clonotype3216_consensus_1
TCAGGTAAGTGTACTC-1,True,TCAGGTAAGTGTACTC-1_contig_1,True,505,TRA,TRAV1-2,None,TRAJ33,TRAC,True,True,CAATDSNYQLIW,TGTGCTGCGACTGATAGCAACTATCAGTTAATCTGG,238,4,clonotype1,clonotype1_consensus_2
TCAGGTAAGTGTACTC-1,True,TCAGGTAAGTGTACTC-1_contig_2,True,521,TRB,TRBV20-1,None,TRBJ2-1,TRBC2,True,True,CSARVGSEVNEQFF,TGCAGTGCTAGAGTGGGGTCGGAAGTCAATGAGCAGTTCTTC,889,5,clonotype1,clonotype1_consensus_1
TCAGGTACAGTATGCT-1,True,TCAGGTACAGTATGCT-1_contig_1,True,505,TRA,TRAV1-2,None,TRAJ33,TRAC,True,True,CAATDSNYQLIW,TGTGCTGCGACTGATAGCAACTATCAGTTAATCTGG,433,1,clonotype1,clonotype1_consensus_2
TCAGGTACAGTATGCT-1,True,TCAGGTACAGTATGCT-1_contig_2,True,492,TRB,TRBV20-1,None,TRBJ2-1,TRBC2,True,True,CSARVGSEVNEQFF,TGCAGTGCTAGAGTGGGGTCGGAAGTCAATGAGCAGTTCTTC,2246,6,clonotype1,clonotype1_consensus_1
TCAGGTACAGTATGCT-1,True,TCAGGTACAGTATGCT-1_contig_3,True,468,TRA,TRAV10,None,TRAJ24,TRAC,True,False,None,None,314,4,clonotype1,None
TCAGGTACATACTCTT-1,True,TCAGGTACATACTCTT-1_contig_1,True,505,TRA,TRAV1-2,None,TRAJ33,TRAC,True,True,CAATDSNYQLIW,TGTGCTGCGACTGATAGCAACTATCAGTTAATCTGG,95,2,clonotype1,clonotype1_consensus_2
TCAGGTACATACTCTT-1,True,TCAGGTACATACTCTT-1_contig_2,True,521,TRB,TRBV20-1,None,TRBJ2-1,TRBC2,True,True,CSARVGSEVNEQFF,TGCAGTGCTAGAGTGGGGTCGGAAGTCAATGAGCAGTTCTTC,5452,8,clonotype1,clonotype1_consensus_1
TCAGGTACATACTCTT-1,True,TCAGGTACATACTCTT-1_contig_3,True,459,TRA,TRAV10,None,TRAJ24,TRAC,True,False,None,None,116,1,clonotype1,None
TCAGGTACATCGATTG-1,True,TCAGGTACATCGATTG-1_contig_1,True,608,TRA,TRAV21,None,TRAJ18,TRAC,True,True,CAVKRGSTLGRLYF,TGTGCTGTGAAGAGAGGCTCAACCCTGGGGAGGCTATACTTT,2047,13,clonotype3217,clonotype3217_consensus_1
TCAGGTACATCGATTG-1,True,TCAGGTACATCGATTG-1_contig_2,True,656,TRB,TRBV5-6,None,TRBJ2-2,TRBC2,True,True,CASSLGTTGELFF,TGTGCCAGCAGCTTGGGTACAACCGGGGAGCTGTTTTTT,1522,8,clonotype3217,clonotype3217_consensus_2
TCAGGTAGTCCTCTTG-1,True,TCAGGTAGTCCTCTTG-1_contig_1,True,505,TRA,TRAV1-2,None,TRAJ33,TRAC,True,True,CAATDSNYQLIW,TGTGCTGCGACTGATAGCAACTATCAGTTAATCTGG,175,3,clonotype1,clonotype1_consensus_2
TCAGGTAGTCCTCTTG-1,True,TCAGGTAGTCCTCTTG-1_contig_2,True,521,TRB,TRBV20-1,None,TRBJ2-1,TRBC2,True,True,CSARVGSEVNEQFF,TGCAGTGCTAGAGTGGGGTCGGAAGTCAATGAGCAGTTCTTC,910,7,clonotype1,clonotype1_consensus_1
TCAGGTAGTCCTCTTG-1,True,TCAGGTAGTCCTCTTG-1_contig_3,True,460,TRA,TRAV10,None,TRAJ24,TRAC,True,False,None,None,1263,4,clonotype1,None
TCAGGTAGTCTTCGTC-1,True,TCAGGTAGTCTTCGTC-1_contig_1,True,518,TRB,TRBV20-1,None,TRBJ2-7,TRBC2,True,True,CSAGTGSDYEQYF,TGCAGTGCAGGGACAGGGAGTGACTACGAGCAGTACTTC,4773,5,clonotype3218,clonotype3218_consensus_2
TCAGGTAGTCTTCGTC-1,True,TCAGGTAGTCTTCGTC-1_contig_2,True,453,TRA,TRAV9-2,None,TRAJ53,TRAC,True,True,CALRGSNYKLTF,TGTGCTCTTAGAGGTAGCAACTATAAACTGACATTT,981,5,clonotype3218,clonotype3218_consensus_1
TCAGGTAGTCTTCGTC-1,True,TCAGGTAGTCTTCGTC-1_contig_3,True,397,TRB,TRBV11-3,None,TRBJ1-6,TRBC1,True,False,CASQVGEIHPSTLGT,TGTGCCAGCCAGGTAGGAGAGATTCACCCCTCCACTTTGGGAACG,25,1,clonotype3218,None
TCAGGTAGTTCAGCGC-1,True,TCAGGTAGTTCAGCGC-1_contig_1,True,502,TRA,TRAV1-2,None,TRAJ33,TRAC,True,True,CAATDSNYQLIW,TGTGCTGCGACTGATAGCAACTATCAGTTAATCTGG,349,3,clonotype1,clonotype1_consensus_2
TCAGGTAGTTCAGCGC-1,True,TCAGGTAGTTCAGCGC-1_contig_2,True,509,TRB,TRBV20-1,None,TRBJ2-1,TRBC2,True,True,CSARVGSEVNEQFF,TGCAGTGCTAGAGTGGGGTCGGAAGTCAATGAGCAGTTCTTC,1778,11,clonotype1,clonotype1_consensus_1
TCAGGTAGTTGGAGGT-1,True,TCAGGTAGTTGGAGGT-1_contig_1,True,505,TRA,TRAV1-2,None,TRAJ33,TRAC,True,True,CAATDSNYQLIW,TGTGCTGCGACTGATAGCAACTATCAGTTAATCTGG,1291,5,clonotype1,clonotype1_consensus_2
TCAGGTAGTTGGAGGT-1,True,TCAGGTAGTTGGAGGT-1_contig_2,True,521,TRB,TRBV20-1,None,TRBJ2-1,TRBC2,True,True,CSARVGSEVNEQFF,TGCAGTGCTAGAGTGGGGTCGGAAGTCAATGAGCAGTTCTTC,5706,8,clonotype1,clonotype1_consensus_1
TCAGGTAGTTGGAGGT-1,True,TCAGGTAGTTGGAGGT-1_contig_3,True,482,TRA,TRAV10,None,TRAJ24,TRAC,True,False,None,None,150,2,clonotype1,None
TCAGGTATCACGGTTA-1,True,TCAGGTATCACGGTTA-1_contig_1,True,505,TRA,TRAV1-2,None,TRAJ33,TRAC,True,True,CAATDSNYQLIW,TGTGCTGCGACTGATAGCAACTATCAGTTAATCTGG,314,3,clonotype1,clonotype1_consensus_2
TCAGGTATCACGGTTA-1,True,TCAGGTATCACGGTTA-1_contig_2,True,498,TRB,TRBV20-1,None,TRBJ2-1,TRBC2,True,True,CSARVGSEVNEQFF,TGCAGTGCTAGAGTGGGGTCGGAAGTCAATGAGCAGTTCTTC,829,8,clonotype1,clonotype1_consensus_1
TCAGGTATCCAACCAA-1,True,TCAGGTATCCAACCAA-1_contig_1,True,524,TRB,TRBV20-1,None,TRBJ1-1,TRBC1,True,True,CSASAPGGRNTEAFF,TGCAGTGCTAGTGCCCCTGGGGGGCGGAACACTGAAGCTTTCTTT,2800,16,clonotype3219,clonotype3219_consensus_2
TCAGGTATCCAACCAA-1,True,TCAGGTATCCAACCAA-1_contig_2,True,484,TRA,TRAV21,None,TRAJ33,TRAC,True,True,CAANMDSNYQLIW,TGTGCTGCCAACATGGATAGCAACTATCAGTTAATCTGG,752,7,clonotype3219,clonotype3219_consensus_1
TCAGGTATCCAAGTAC-1,True,TCAGGTATCCAAGTAC-1_contig_1,True,518,TRB,TRBV20-1,None,TRBJ2-7,TRBC2,True,True,CSASLAGGLHEQYF,TGCAGTGCTAGCCTAGCGGGGGGGCTCCACGAGCAGTACTTC,529,7,clonotype286,clonotype286_consensus_1
TCAGGTATCCAAGTAC-1,True,TCAGGTATCCAAGTAC-1_contig_2,True,300,TRA,None,None,TRAJ49,TRAC,False,False,None,None,80,1,clonotype286,None
TCAGGTATCCAAGTAC-1,True,TCAGGTATCCAAGTAC-1_contig_3,True,448,TRA,None,None,TRAJ39,TRAC,False,False,None,None,553,2,clonotype286,None
TCAGGTATCCCACTTG-1,True,TCAGGTATCCCACTTG-1_contig_1,True,632,TRA,TRAV12-1,None,TRAJ9,TRAC,True,True,CVVTRNTGGFKTIF,TGTGTGGTGACACGAAATACTGGAGGCTTCAAAACTATCTTT,1479,8,clonotype5,clonotype5_consensus_2
TCAGGTATCCCACTTG-1,True,TCAGGTATCCCACTTG-1_contig_2,True,533,TRB,TRBV20-1,None,TRBJ1-5,TRBC1,True,True,CSARDDNRAKSFNQPQHF,TGCAGTGCTAGAGACGACAACCGGGCCAAATCCTTCAATCAGCCCCAGCATTTT,2523,8,clonotype5,clonotype5_consensus_1
TCAGGTATCCCGGATG-1,True,TCAGGTATCCCGGATG-1_contig_1,True,505,TRA,TRAV1-2,None,TRAJ33,TRAC,True,True,CAATDSNYQLIW,TGTGCTGCGACTGATAGCAACTATCAGTTAATCTGG,237,2,clonotype1,clonotype1_consensus_2
TCAGGTATCCCGGATG-1,True,TCAGGTATCCCGGATG-1_contig_2,True,521,TRB,TRBV20-1,None,TRBJ2-1,TRBC2,True,True,CSARVGSEVNEQFF,TGCAGTGCTAGAGTGGGGTCGGAAGTCAATGAGCAGTTCTTC,918,5,clonotype1,clonotype1_consensus_1
TCAGGTATCCTCAATT-1,True,TCAGGTATCCTCAATT-1_contig_1,True,459,TRA,TRAV13-1,None,TRAJ26,TRAC,True,True,CAANDNYGQNFVF,TGTGCAGCAAACGATAACTATGGTCAGAATTTTGTCTTT,863,2,clonotype3220,clonotype3220_consensus_2
TCAGGTATCCTCAATT-1,True,TCAGGTATCCTCAATT-1_contig_2,True,505,TRB,TRBV5-5,None,TRBJ1-6,TRBC1,True,True,CASSFRGGDNSPLHF,TGTGCCAGCAGCTTCAGGGGGGGTGATAATTCACCCCTCCACTTT,620,8,clonotype3220,clonotype3220_consensus_1
TCAGGTATCCTCAATT-1,True,TCAGGTATCCTCAATT-1_contig_3,True,750,TRA,TRAV22,None,TRAJ27,TRAC,True,False,CAVDGPMQANQPLGM,TGTGCTGTGGACGGACCAATGCAGGCAAATCAACCTTTGGGGATG,113,1,clonotype3220,None
TCATTACAGAAACCTA-1,True,TCATTACAGAAACCTA-1_contig_1,True,502,TRA,TRAV1-2,None,TRAJ30,TRAC,True,True,CAVRDLREIIF,TGTGCTGTGAGAGATCTTCGGGAGATCATCTTT,505,5,clonotype3,clonotype3_consensus_2
TCATTACAGAAACCTA-1,True,TCATTACAGAAACCTA-1_contig_2,True,528,TRB,TRBV5-5,None,TRBJ1-4,TRBC1,True,True,CASSHPGPNYATNEKLFF,TGTGCCAGCAGCCATCCCGGACCGAACTACGCAACTAATGAAAAACTGTTTTTT,1859,7,clonotype3,clonotype3_consensus_1
TCATTACAGAAACCTA-1,True,TCATTACAGAAACCTA-1_contig_3,True,430,TRB,TRBV7-3,None,TRBJ2-1,TRBC2,True,False,CQQRSLKAGGPYNEQFF,TGCCAGCAGCGGTCACTTAAAGCGGGGGGACCCTACAATGAGCAGTTCTTC,270,1,clonotype3,None
TCATTACAGAAGGACA-1,True,TCATTACAGAAGGACA-1_contig_1,True,673,TRB,TRBV5-6,None,TRBJ2-7,TRBC2,True,True,CASSLARRPANSRAYEQYF,TGTGCCAGCAGCTTGGCCAGGCGTCCTGCGAACAGTCGTGCCTACGAGCAGTACTTC,3281,16,clonotype298,clonotype298_consensus_2
TCATTACAGAAGGACA-1,True,TCATTACAGAAGGACA-1_contig_2,True,577,TRA,TRAV8-1,None,TRAJ37,TRAC,True,True,CAVPPGASNTGKLIF,TGTGCCGTCCCTCCGGGGGCTAGCAACACAGGCAAACTAATCTTT,1190,5,clonotype298,clonotype298_consensus_1
TCATTACAGAGACGAA-1,True,TCATTACAGAGACGAA-1_contig_1,True,521,TRB,TRBV20-1,None,TRBJ2-1,TRBC2,True,True,CSARVGSEVNEQFF,TGCAGTGCTAGAGTGGGGTCGGAAGTCAATGAGCAGTTCTTC,2185,12,clonotype2,clonotype2_consensus_1
TCATTACAGAGACGAA-1,True,TCATTACAGAGACGAA-1_contig_2,True,337,TRA,TRAV1-2,None,TRAJ33,TRAC,True,False,CAATDSNYQLIW,TGTGCTGCGACTGATAGCAACTATCAGTTAATCTGG,305,3,clonotype2,None
TCATTACAGCAGCGTA-1,True,TCATTACAGCAGCGTA-1_contig_1,True,505,TRA,TRAV1-2,None,TRAJ33,TRAC,True,True,CAATDSNYQLIW,TGTGCTGCGACTGATAGCAACTATCAGTTAATCTGG,210,2,clonotype1,clonotype1_consensus_2
TCATTACAGCAGCGTA-1,True,TCATTACAGCAGCGTA-1_contig_2,True,495,TRB,TRBV20-1,None,TRBJ2-1,TRBC2,True,True,CSARVGSEVNEQFF,TGCAGTGCTAGAGTGGGGTCGGAAGTCAATGAGCAGTTCTTC,1162,5,clonotype1,clonotype1_consensus_1
TCATTACAGCAGCGTA-1,True,TCATTACAGCAGCGTA-1_contig_3,True,470,TRA,TRAV10,None,TRAJ24,TRAC,True,False,None,None,1023,3,clonotype1,None
TCATTACAGCAGGTCA-1,True,TCATTACAGCAGGTCA-1_contig_1,True,495,TRB,TRBV20-1,None,TRBJ2-7,TRBC2,True,True,CSARDPQLADEQYF,TGCAGTGCTAGAGACCCCCAACTAGCGGACGAGCAGTACTTC,2444,9,clonotype3221,clonotype3221_consensus_2
TCATTACAGCAGGTCA-1,True,TCATTACAGCAGGTCA-1_contig_2,True,498,TRA,TRAV12-3,None,TRAJ40,TRAC,True,True,CAMSEVGTYKYIF,TGTGCAATGAGCGAGGTGGGAACCTACAAATACATCTTT,296,2,clonotype3221,clonotype3221_consensus_1
TCATTACAGCCACTAT-1,True,TCATTACAGCCACTAT-1_contig_1,True,509,TRA,TRAV25,None,TRAJ37,TRAC,True,True,CAGLSSSNTGKLIF,TGTGCAGGGCTGAGCTCTAGCAACACAGGCAAACTAATCTTT,150,4,clonotype3222,clonotype3222_consensus_2
TCATTACAGCCACTAT-1,True,TCATTACAGCCACTAT-1_contig_2,True,521,TRB,TRBV20-1,None,TRBJ1-5,TRBC1,True,True,CSASTGKWNQPQHF,TGCAGTGCTAGTACAGGGAAGTGGAATCAGCCCCAGCATTTT,4896,8,clonotype3222,clonotype3222_consensus_1
TCATTACAGCCGTCGT-1,True,TCATTACAGCCGTCGT-1_contig_1,True,498,TRB,TRBV20-1,None,TRBJ2-1,TRBC2,True,True,CSARVGSEVNEQFF,TGCAGTGCTAGAGTGGGGTCGGAAGTCAATGAGCAGTTCTTC,1076,5,clonotype2,clonotype2_consensus_1
TCATTACAGCCGTCGT-1,True,TCATTACAGCCGTCGT-1_contig_2,True,482,TRA,TRAV10,None,TRAJ24,TRAC,True,False,None,None,335,2,clonotype2,None
TCATTACAGTGTGAAT-1,True,TCATTACAGTGTGAAT-1_contig_1,True,500,TRA,TRAV4,None,TRAJ42,TRAC,True,True,CLVGLVYGGSQGNLIF,TGCCTCGTGGGTCTCGTTTATGGAGGAAGCCAAGGAAATCTCATCTTT,396,4,clonotype3223,clonotype3223_consensus_2
TCATTACAGTGTGAAT-1,True,TCATTACAGTGTGAAT-1_contig_2,True,524,TRB,TRBV20-1,None,TRBJ2-3,TRBC2,True,True,CSARDPQGATDTQYF,TGCAGTGCTAGAGATCCCCAGGGGGCGACAGATACGCAGTATTTT,1709,12,clonotype3223,clonotype3223_consensus_1
TCATTACAGTGTGAAT-1,True,TCATTACAGTGTGAAT-1_contig_3,True,527,TRB,TRBV20-1,None,TRBJ1-6,TRBC1,True,True,CSARAGDRVGNSPLHF,TGCAGTGCTAGAGCAGGGGACAGGGTAGGAAATTCACCCCTCCACTTT,2423,9,clonotype3223,clonotype3223_consensus_3
TCATTACAGTGTGAAT-1,True,TCATTACAGTGTGAAT-1_contig_4,True,507,TRB,TRBV7-9,None,TRBJ1-5,TRBC1,True,False,CISVPAARDRDRALPPQHF,TGTATCTCTGTGCCAGCAGCTCGGGACCGGGACAGGGCCCTTCCGCCCCAGCATTTT,106,1,clonotype3223,None
TCATTACAGTGTGAAT-1,True,TCATTACAGTGTGAAT-1_contig_5,True,478,TRB,TRBV11-3,None,TRBJ1-2,TRBC1,True,False,None,None,373,3,clonotype3223,None
TCATTACAGTGTGAAT-1,True,TCATTACAGTGTGAAT-1_contig_6,True,501,TRA,TRAV12-3,None,TRAJ49,TRAC,True,False,CAMSAWNTGNQFYF,TGTGCAATGAGCGCGTGGAACACCGGTAACCAGTTCTATTTT,274,4,clonotype3223,None
TCATTACCAGTGACAG-1,True,TCATTACCAGTGACAG-1_contig_1,True,458,TRA,TRAV10,None,TRAJ54,TRAC,True,True,CVVSASQGAQKLVF,TGTGTGGTGAGCGCGAGCCAGGGAGCCCAGAAGCTGGTATTT,5333,4,clonotype3224,clonotype3224_consensus_2
TCATTACCAGTGACAG-1,True,TCATTACCAGTGACAG-1_contig_2,True,485,TRB,TRBV20-1,None,TRBJ2-1,TRBC2,True,True,CSARKGWTYNEQFF,TGCAGTGCTAGGAAGGGCTGGACCTACAATGAGCAGTTCTTC,1576,3,clonotype3224,clonotype3224_consensus_1
TCATTACCATGCTAGT-1,True,TCATTACCATGCTAGT-1_contig_1,True,515,TRB,TRBV20-1,None,TRBJ2-7,TRBC2,True,True,CSAQPGANEQYF,TGCAGTGCACAGCCAGGGGCAAACGAGCAGTACTTC,787,12,clonotype3225,clonotype3225_consensus_1
TCATTACCATGCTAGT-1,True,TCATTACCATGCTAGT-1_contig_2,True,459,TRA,TRAV13-1,None,TRAJ4,TRAC,True,True,CAATPGGYNKLIF,TGTGCAGCAACCCCGGGTGGCTACAATAAGCTGATTTTT,719,5,clonotype3225,clonotype3225_consensus_2
TCATTACCATGCTAGT-1,True,TCATTACCATGCTAGT-1_contig_3,True,549,TRA,TRAV12-1,None,TRAJ5,TRAC,True,False,CGDTGRRALTF,TGTGGAGACACGGGCAGGAGAGCACTTACTTTT,345,2,clonotype3225,None
TCATTACGTAATCGTC-1,True,TCATTACGTAATCGTC-1_contig_1,True,505,TRA,TRAV1-2,None,TRAJ33,TRAC,True,True,CAATDSNYQLIW,TGTGCTGCGACTGATAGCAACTATCAGTTAATCTGG,417,3,clonotype1,clonotype1_consensus_2
TCATTACGTAATCGTC-1,True,TCATTACGTAATCGTC-1_contig_2,True,518,TRB,TRBV20-1,None,TRBJ2-1,TRBC2,True,True,CSARVGSEVNEQFF,TGCAGTGCTAGAGTGGGGTCGGAAGTCAATGAGCAGTTCTTC,708,9,clonotype1,clonotype1_consensus_1
TCATTACGTCACCCAG-1,True,TCATTACGTCACCCAG-1_contig_1,True,561,TRA,TRAV8-4,None,TRAJ43,TRAC,True,True,CAVTFNNDMRF,TGTGCTGTGACTTTTAACAATGACATGCGCTTT,2685,4,clonotype153,clonotype153_consensus_1
TCATTACGTCACCCAG-1,True,TCATTACGTCACCCAG-1_contig_2,True,504,TRB,TRBV20-1,None,TRBJ2-7,TRBC2,True,True,CSVLGLAGGPPYEQYF,TGCAGTGTTTTGGGACTAGCGGGGGGGCCCCCCTACGAGCAGTACTTC,1443,9,clonotype153,clonotype153_consensus_2
TCATTACGTCAGATAA-1,True,TCATTACGTCAGATAA-1_contig_1,True,515,TRB,TRBV20-1,None,TRBJ1-1,TRBC1,True,True,CSAREANTEAFF,TGCAGTGCTAGAGAGGCTAACACTGAAGCTTTCTTT,6778,21,clonotype3226,clonotype3226_consensus_3
TCATTACGTCAGATAA-1,True,TCATTACGTCAGATAA-1_contig_2,True,521,TRA,TRAV27,None,TRAJ37,TRAC,True,True,CAGGDTGKLIF,TGTGCAGGAGGCGACACAGGCAAACTAATCTTT,5265,14,clonotype3226,clonotype3226_consensus_1
TCATTACGTCAGATAA-1,True,TCATTACGTCAGATAA-1_contig_3,True,524,TRB,TRBV20-1,None,TRBJ2-7,TRBC2,True,True,CSADLPSGASYEQYF,TGCAGTGCTGACCTTCCTAGCGGGGCATCCTACGAGCAGTACTTC,2115,14,clonotype3226,clonotype3226_consensus_2
TCATTACGTCAGATAA-1,True,TCATTACGTCAGATAA-1_contig_4,True,452,TRA,None,None,TRAJ54,TRAC,False,False,None,None,399,3,clonotype3226,None
TCATTACGTCCGTCAG-1,True,TCATTACGTCCGTCAG-1_contig_1,True,546,TRA,TRAV19,None,TRAJ15,TRAC,True,True,CALKTGTALIF,TGTGCTCTGAAGACAGGAACTGCTCTGATCTTT,448,2,clonotype3227,clonotype3227_consensus_2
TCATTACGTCCGTCAG-1,True,TCATTACGTCCGTCAG-1_contig_2,True,504,TRA,TRAV12-3,None,TRAJ18,TRAC,True,True,CAMSDRGSTLGRLYF,TGTGCAATGAGCGACAGAGGCTCAACCCTGGGGAGGCTATACTTT,337,3,clonotype3227,clonotype3227_consensus_3
TCATTACGTCCGTCAG-1,True,TCATTACGTCCGTCAG-1_contig_3,True,659,TRB,TRBV5-6,None,TRBJ1-6,TRBC1,True,True,CASSFRSYNSPLHF,TGTGCCAGCAGCTTCCGCAGCTATAATTCACCCCTCCACTTT,1991,8,clonotype3227,clonotype3227_consensus_1
TCATTACGTCGATTGT-1,True,TCATTACGTCGATTGT-1_contig_1,True,519,TRB,TRBV5-5,None,TRBJ1-4,TRBC1,True,True,CASSHPGPNYATNEKLFF,TGTGCCAGCAGCCATCCCGGACCGAACTACGCAACTAATGAAAAACTGTTTTTT,731,4,clonotype39,clonotype39_consensus_1
TCATTACGTCGATTGT-1,True,TCATTACGTCGATTGT-1_contig_2,True,505,TRA,TRAV1-2,None,TRAJ33,TRAC,True,True,CAATDSNYQLIW,TGTGCTGCGACTGATAGCAACTATCAGTTAATCTGG,479,6,clonotype39,clonotype39_consensus_3
TCATTACGTCGATTGT-1,True,TCATTACGTCGATTGT-1_contig_3,True,518,TRB,TRBV20-1,None,TRBJ2-1,TRBC2,True,True,CSARVGSEVNEQFF,TGCAGTGCTAGAGTGGGGTCGGAAGTCAATGAGCAGTTCTTC,962,6,clonotype39,clonotype39_consensus_2
TCATTACGTCGATTGT-1,True,TCATTACGTCGATTGT-1_contig_4,True,513,TRB,TRBV7-3,None,TRBJ2-1,TRBC2,True,False,CQQRSLKAGGPYNEQFF,TGCCAGCAGCGGTCACTTAAAGCGGGGGGACCCTACAATGAGCAGTTCTTC,774,4,clonotype39,None
TCATTACGTGCCTGTG-1,True,TCATTACGTGCCTGTG-1_contig_1,True,505,TRA,TRAV1-2,None,TRAJ33,TRAC,True,True,CAATDSNYQLIW,TGTGCTGCGACTGATAGCAACTATCAGTTAATCTGG,367,1,clonotype1,clonotype1_consensus_2
TCATTACGTGCCTGTG-1,True,TCATTACGTGCCTGTG-1_contig_2,True,521,TRB,TRBV20-1,None,TRBJ2-1,TRBC2,True,True,CSARVGSEVNEQFF,TGCAGTGCTAGAGTGGGGTCGGAAGTCAATGAGCAGTTCTTC,1085,7,clonotype1,clonotype1_consensus_1
TCATTACGTGCCTGTG-1,True,TCATTACGTGCCTGTG-1_contig_3,True,469,TRA,TRAV10,None,TRAJ24,TRAC,True,False,None,None,128,2,clonotype1,None
TCATTACTCAACCAAC-1,True,TCATTACTCAACCAAC-1_contig_1,True,521,TRA,TRAV27,None,TRAJ22,TRAC,True,True,CAGAPKGQLTF,TGTGCAGGGGCCCCTAAGGGGCAACTGACCTTT,139,2,clonotype3228,clonotype3228_consensus_2
TCATTACTCAACCAAC-1,True,TCATTACTCAACCAAC-1_contig_2,True,513,TRB,TRBV5-5,None,TRBJ1-6,TRBC1,True,True,CASSLEGAPFNSPLHF,TGTGCCAGCAGCTTGGAAGGAGCCCCCTTTAATTCACCCCTCCACTTT,3086,6,clonotype3228,clonotype3228_consensus_1
TCATTACTCAACCAAC-1,True,TCATTACTCAACCAAC-1_contig_3,True,686,TRA,TRAV8-3,None,TRAJ9,TRAC,True,False,CGCRNTGGFKTIF,TGTGGGTGCCGGAATACTGGAGGCTTCAAAACTATCTTT,379,3,clonotype3228,None
TCATTACTCCATTCTA-1,True,TCATTACTCCATTCTA-1_contig_1,True,505,TRA,TRAV1-2,None,TRAJ33,TRAC,True,True,CAATDSNYQLIW,TGTGCTGCGACTGATAGCAACTATCAGTTAATCTGG,458,5,clonotype1,clonotype1_consensus_2
TCATTACTCCATTCTA-1,True,TCATTACTCCATTCTA-1_contig_2,True,485,TRB,TRBV20-1,None,TRBJ2-1,TRBC2,True,True,CSARVGSEVNEQFF,TGCAGTGCTAGAGTGGGGTCGGAAGTCAATGAGCAGTTCTTC,643,6,clonotype1,clonotype1_consensus_1
TCATTACTCCGAGCCA-1,True,TCATTACTCCGAGCCA-1_contig_1,True,521,TRB,TRBV20-1,None,TRBJ2-1,TRBC2,True,True,CSARVGSEVNEQFF,TGCAGTGCTAGAGTGGGGTCGGAAGTCAATGAGCAGTTCTTC,1406,7,clonotype2,clonotype2_consensus_1
TCATTACTCGTCTGAA-1,True,TCATTACTCGTCTGAA-1_contig_1,True,505,TRA,TRAV1-2,None,TRAJ33,TRAC,True,True,CAATDSNYQLIW,TGTGCTGCGACTGATAGCAACTATCAGTTAATCTGG,122,2,clonotype1,clonotype1_consensus_2
TCATTACTCGTCTGAA-1,True,TCATTACTCGTCTGAA-1_contig_2,True,521,TRB,TRBV20-1,None,TRBJ2-1,TRBC2,True,True,CSARVGSEVNEQFF,TGCAGTGCTAGAGTGGGGTCGGAAGTCAATGAGCAGTTCTTC,3022,10,clonotype1,clonotype1_consensus_1
TCATTTGAGACTACAA-1,True,TCATTTGAGACTACAA-1_contig_1,True,554,TRA,TRAV12-1,None,TRAJ9,TRAC,True,True,CVVTRNTGGFKTIF,TGTGTGGTGACACGAAATACTGGAGGCTTCAAAACTATCTTT,679,3,clonotype5,clonotype5_consensus_2
TCATTTGAGACTACAA-1,True,TCATTTGAGACTACAA-1_contig_2,True,533,TRB,TRBV20-1,None,TRBJ1-5,TRBC1,True,True,CSARDDNRAKSFNQPQHF,TGCAGTGCTAGAGACGACAACCGGGCCAAATCCTTCAATCAGCCCCAGCATTTT,876,3,clonotype5,clonotype5_consensus_1
TCATTTGAGATCTGCT-1,True,TCATTTGAGATCTGCT-1_contig_1,True,505,TRA,TRAV1-2,None,TRAJ33,TRAC,True,True,CAATDSNYQLIW,TGTGCTGCGACTGATAGCAACTATCAGTTAATCTGG,2734,3,clonotype1,clonotype1_consensus_2
TCATTTGAGATCTGCT-1,True,TCATTTGAGATCTGCT-1_contig_2,True,521,TRB,TRBV20-1,None,TRBJ2-1,TRBC2,True,True,CSARVGSEVNEQFF,TGCAGTGCTAGAGTGGGGTCGGAAGTCAATGAGCAGTTCTTC,2120,14,clonotype1,clonotype1_consensus_1
TCATTTGAGATCTGCT-1,True,TCATTTGAGATCTGCT-1_contig_3,True,482,TRA,TRAV10,None,TRAJ24,TRAC,True,False,None,None,238,1,clonotype1,None
TCATTTGAGCACCGTC-1,True,TCATTTGAGCACCGTC-1_contig_1,True,452,TRA,TRAV9-2,None,TRAJ4,TRAC,True,True,CASRFSGGYNKLIF,TGTGCCTCACGATTTTCTGGTGGCTACAATAAGCTGATTTTT,905,2,clonotype3229,clonotype3229_consensus_1
TCATTTGAGCACCGTC-1,True,TCATTTGAGCACCGTC-1_contig_2,True,524,TRB,TRBV20-1,None,TRBJ2-5,TRBC2,True,True,CSARLRTSGDGAQYF,TGCAGTGCTAGACTCAGGACTAGCGGGGACGGGGCCCAGTACTTC,2255,13,clonotype3229,clonotype3229_consensus_2
TCATTTGAGCGCCTCA-1,True,TCATTTGAGCGCCTCA-1_contig_1,True,553,TRA,TRAV12-1,None,TRAJ5,TRAC,True,True,CVVNAGRRALTF,TGTGTGGTGAACGCGGGCAGGAGAGCACTTACTTTT,178,1,clonotype145,clonotype145_consensus_2
TCATTTGAGCGCCTCA-1,True,TCATTTGAGCGCCTCA-1_contig_2,True,521,TRB,TRBV20-1,None,TRBJ2-7,TRBC2,True,True,CSYRDPRAGYEQYF,TGCAGTTACCGGGACCCCCGGGCCGGCTACGAGCAGTACTTC,1112,7,clonotype145,clonotype145_consensus_1
TCATTTGAGCTTATCG-1,True,TCATTTGAGCTTATCG-1_contig_1,True,502,TRA,TRAV1-2,None,TRAJ30,TRAC,True,True,CAVRDLREIIF,TGTGCTGTGAGAGATCTTCGGGAGATCATCTTT,265,2,clonotype3,clonotype3_consensus_2
TCATTTGAGCTTATCG-1,True,TCATTTGAGCTTATCG-1_contig_2,True,522,TRB,TRBV5-5,None,TRBJ1-4,TRBC1,True,True,CASSHPGPNYATNEKLFF,TGTGCCAGCAGCCATCCCGGACCGAACTACGCAACTAATGAAAAACTGTTTTTT,5848,12,clonotype3,clonotype3_consensus_1
TCATTTGAGGTGATAT-1,True,TCATTTGAGGTGATAT-1_contig_1,True,536,TRB,TRBV20-1,None,TRBJ2-1,TRBC2,True,True,CSARDGLAGGPVLENEQFF,TGCAGTGCTAGAGATGGGCTAGCGGGGGGGCCGGTGTTAGAAAATGAGCAGTTCTTC,1780,15,clonotype3230,clonotype3230_consensus_1
TCATTTGAGGTGATAT-1,True,TCATTTGAGGTGATAT-1_contig_2,True,516,TRA,TRAV21,None,TRAJ23,TRAC,True,True,CAVYNQGGKLIF,TGTGCTGTCTATAACCAGGGAGGAAAGCTTATCTTC,1079,4,clonotype3230,clonotype3230_consensus_2
TCATTTGAGTTGAGTA-1,True,TCATTTGAGTTGAGTA-1_contig_1,True,480,TRA,TRAV1-2,None,TRAJ33,None,True,True,CAATDSNYQLIW,TGTGCTGCGACTGATAGCAACTATCAGTTAATCTGG,62,2,clonotype1,clonotype1_consensus_2
TCATTTGAGTTGAGTA-1,True,TCATTTGAGTTGAGTA-1_contig_2,True,498,TRB,TRBV20-1,None,TRBJ2-1,TRBC2,True,True,CSARVGSEVNEQFF,TGCAGTGCTAGAGTGGGGTCGGAAGTCAATGAGCAGTTCTTC,316,4,clonotype1,clonotype1_consensus_1
TCATTTGAGTTGAGTA-1,True,TCATTTGAGTTGAGTA-1_contig_3,True,328,TRA,TRAV10,None,TRAJ24,TRAC,True,False,None,None,805,1,clonotype1,None
TCATTTGCAAGGTTCT-1,True,TCATTTGCAAGGTTCT-1_contig_1,True,515,TRB,TRBV20-1,None,TRBJ1-5,TRBC1,True,True,CSARDSNQPQHF,TGCAGTGCTAGAGACAGTAATCAGCCCCAGCATTTT,1104,4,clonotype3231,clonotype3231_consensus_1
TCATTTGCAAGGTTCT-1,True,TCATTTGCAAGGTTCT-1_contig_2,True,460,TRA,TRAV10,None,TRAJ32,TRAC,True,False,None,None,219,2,clonotype3231,None
TCATTTGCACGAAATA-1,True,TCATTTGCACGAAATA-1_contig_1,True,521,TRB,TRBV20-1,None,TRBJ2-1,TRBC2,True,True,CSARVGSEVNEQFF,TGCAGTGCTAGAGTGGGGTCGGAAGTCAATGAGCAGTTCTTC,2438,9,clonotype2,clonotype2_consensus_1
TCATTTGCACGAAATA-1,True,TCATTTGCACGAAATA-1_contig_2,True,465,TRA,TRAV10,None,TRAJ24,TRAC,True,False,None,None,534,2,clonotype2,None
TCATTTGCATCCTAGA-1,True,TCATTTGCATCCTAGA-1_contig_1,True,505,TRA,TRAV1-2,None,TRAJ33,TRAC,True,True,CAATDSNYQLIW,TGTGCTGCGACTGATAGCAACTATCAGTTAATCTGG,2210,1,clonotype1,clonotype1_consensus_2
TCATTTGCATCCTAGA-1,True,TCATTTGCATCCTAGA-1_contig_2,True,485,TRB,TRBV20-1,None,TRBJ2-1,TRBC2,True,True,CSARVGSEVNEQFF,TGCAGTGCTAGAGTGGGGTCGGAAGTCAATGAGCAGTTCTTC,634,15,clonotype1,clonotype1_consensus_1
TCATTTGCATCCTAGA-1,True,TCATTTGCATCCTAGA-1_contig_3,True,482,TRA,TRAV10,None,TRAJ24,TRAC,True,False,None,None,129,4,clonotype1,None
TCATTTGCATCTATGG-1,True,TCATTTGCATCTATGG-1_contig_1,True,486,TRB,TRBV20-1,None,TRBJ1-5,TRBC1,True,True,CSVPREGGQPQHF,TGCAGTGTTCCCCGGGAGGGGGGTCAGCCCCAGCATTTT,440,7,clonotype3232,clonotype3232_consensus_1
TCATTTGCATCTATGG-1,True,TCATTTGCATCTATGG-1_contig_2,True,511,TRA,TRAV1-2,None,TRAJ27,TRAC,True,True,CAVSQNTNAGKSTF,TGTGCTGTGAGTCAAAACACCAATGCAGGCAAATCAACCTTT,253,3,clonotype3232,clonotype3232_consensus_2
TCATTTGCATTCGACA-1,True,TCATTTGCATTCGACA-1_contig_1,True,524,TRB,TRBV20-1,None,TRBJ2-3,TRBC2,True,True,CSARDWGGAADTQYF,TGCAGTGCTAGAGATTGGGGGGGGGCTGCAGATACGCAGTATTTT,840,5,clonotype3233,clonotype3233_consensus_2
TCATTTGCATTCGACA-1,True,TCATTTGCATTCGACA-1_contig_2,True,600,TRA,TRAV41,None,TRAJ22,TRAC,True,True,CAVRPPSGSARQLTF,TGTGCTGTCAGGCCTCCTTCTGGTTCTGCAAGGCAACTGACCTTT,114,5,clonotype3233,clonotype3233_consensus_1
TCATTTGCATTTCACT-1,True,TCATTTGCATTTCACT-1_contig_1,True,552,TRA,TRAV12-1,None,TRAJ22,TRAC,True,True,CVVTSSGSARQLTF,TGTGTGGTGACCTCTTCTGGTTCTGCAAGGCAACTGACCTTT,263,2,clonotype3234,clonotype3234_consensus_1
TCATTTGCATTTCACT-1,True,TCATTTGCATTTCACT-1_contig_2,True,480,TRB,TRBV5-5,None,TRBJ1-2,TRBC1,True,True,CASRRDSLSGYTF,TGTGCCAGCAGACGGGACAGTCTCAGTGGCTACACCTTC,1178,3,clonotype3234,clonotype3234_consensus_2
TCATTTGCATTTCACT-1,True,TCATTTGCATTTCACT-1_contig_3,True,463,TRB,TRBV29-1,None,TRBJ1-2,TRBC1,True,False,None,None,108,3,clonotype3234,None
TCATTTGGTCAAAGAT-1,True,TCATTTGGTCAAAGAT-1_contig_1,True,498,TRB,TRBV20-1,None,TRBJ2-3,TRBC2,True,True,CSAGDRGRTSTDTQYF,TGCAGTGCTGGAGACAGGGGCAGGACTAGCACAGATACGCAGTATTTT,2799,11,clonotype379,clonotype379_consensus_1
TCATTTGGTCACCCAG-1,True,TCATTTGGTCACCCAG-1_contig_1,True,514,TRB,TRBV20-1,None,TRBJ2-1,TRBC2,True,True,CSARVGSEVNEQFF,TGCAGTGCTAGAGTGGGGTCGGAAGTCAATGAGCAGTTCTTC,1405,9,clonotype2,clonotype2_consensus_1
TCATTTGGTCTCAACA-1,True,TCATTTGGTCTCAACA-1_contig_1,True,521,TRB,TRBV20-1,None,TRBJ2-1,TRBC2,True,True,CSARVGSEVNEQFF,TGCAGTGCTAGAGTGGGGTCGGAAGTCAATGAGCAGTTCTTC,1484,14,clonotype2,clonotype2_consensus_1
TCATTTGGTTCAGTAC-1,True,TCATTTGGTTCAGTAC-1_contig_1,True,568,TRA,TRAV19,None,TRAJ48,TRAC,True,True,CALSASNFGNEKLTF,TGTGCTCTGAGTGCCTCTAACTTTGGAAATGAGAAATTAACCTTT,771,4,clonotype3235,clonotype3235_consensus_1
TCATTTGGTTCAGTAC-1,True,TCATTTGGTTCAGTAC-1_contig_2,True,714,TRB,TRBV5-6,None,TRBJ1-5,TRBC1,True,True,CASRRSDRETQPQHF,TGTGCCAGCAGACGAAGTGACAGGGAGACTCAGCCCCAGCATTTT,1673,10,clonotype3235,clonotype3235_consensus_2
TCATTTGGTTCAGTAC-1,True,TCATTTGGTTCAGTAC-1_contig_3,True,514,TRA,TRAV13-2,None,TRAJ48,TRAC,True,False,CREPGNFGNEKLTF,TGCAGAGAACCCGGTAACTTTGGAAATGAGAAATTAACCTTT,365,3,clonotype3235,None
TCATTTGGTTCCAACA-1,True,TCATTTGGTTCCAACA-1_contig_1,True,492,TRA,TRAV9-2,None,TRAJ13,TRAC,True,True,CALNLEGYQKVTF,TGTGCTCTGAACTTAGAGGGTTACCAGAAAGTTACCTTT,588,4,clonotype6,clonotype6_consensus_1
TCATTTGGTTCCAACA-1,True,TCATTTGGTTCCAACA-1_contig_2,True,679,TRB,TRBV5-6,None,TRBJ1-5,TRBC1,True,True,CASSFRGGANQPQHF,TGTGCCAGCAGCTTTCGAGGGGGCGCGAATCAGCCCCAGCATTTT,994,6,clonotype6,clonotype6_consensus_2
TCATTTGGTTGATTCG-1,True,TCATTTGGTTGATTCG-1_contig_1,True,481,TRA,TRAV1-2,None,TRAJ33,TRAC,True,True,CAATDSNYQLIW,TGTGCTGCGACTGATAGCAACTATCAGTTAATCTGG,42,1,clonotype1,clonotype1_consensus_2
TCATTTGGTTGATTCG-1,True,TCATTTGGTTGATTCG-1_contig_2,True,521,TRB,TRBV20-1,None,TRBJ2-1,TRBC2,True,True,CSARVGSEVNEQFF,TGCAGTGCTAGAGTGGGGTCGGAAGTCAATGAGCAGTTCTTC,1429,8,clonotype1,clonotype1_consensus_1
TCATTTGTCACAATGC-1,True,TCATTTGTCACAATGC-1_contig_1,True,518,TRB,TRBV20-1,None,TRBJ2-4,TRBC2,True,True,CSTGNEAKNIQYF,TGCAGCACAGGGAATGAGGCCAAAAACATTCAGTACTTC,412,2,clonotype3236,clonotype3236_consensus_1
TCATTTGTCACAATGC-1,True,TCATTTGTCACAATGC-1_contig_2,True,482,TRA,TRAV12-1,None,TRAJ36,TRAC,True,True,CVVNPGGANNLFF,TGTGTGGTGAACCCGGGTGGGGCAAACAACCTCTTCTTT,114,2,clonotype3236,clonotype3236_consensus_2
TCATTTGTCCAAAGTC-1,True,TCATTTGTCCAAAGTC-1_contig_1,True,505,TRA,TRAV1-2,None,TRAJ33,TRAC,True,True,CAATDSNYQLIW,TGTGCTGCGACTGATAGCAACTATCAGTTAATCTGG,708,4,clonotype1,clonotype1_consensus_2
TCATTTGTCCAAAGTC-1,True,TCATTTGTCCAAAGTC-1_contig_2,True,498,TRB,TRBV20-1,None,TRBJ2-1,TRBC2,True,True,CSARVGSEVNEQFF,TGCAGTGCTAGAGTGGGGTCGGAAGTCAATGAGCAGTTCTTC,823,4,clonotype1,clonotype1_consensus_1
TCATTTGTCCAAAGTC-1,True,TCATTTGTCCAAAGTC-1_contig_3,True,482,TRA,TRAV10,None,TRAJ24,TRAC,True,False,None,None,2197,1,clonotype1,None
TCATTTGTCCCTTGTG-1,True,TCATTTGTCCCTTGTG-1_contig_1,True,527,TRB,TRBV20-1,None,TRBJ2-6,TRBC2,True,True,CSARDLGGTGANVLTF,TGCAGTGCTAGAGATCTCGGAGGCACTGGGGCCAACGTCCTGACTTTC,2074,16,clonotype3237,clonotype3237_consensus_1
TCATTTGTCCGCAAGC-1,True,TCATTTGTCCGCAAGC-1_contig_1,True,502,TRA,TRAV1-2,None,TRAJ33,TRAC,True,True,CAATDSNYQLIW,TGTGCTGCGACTGATAGCAACTATCAGTTAATCTGG,665,6,clonotype1,clonotype1_consensus_2
TCATTTGTCCGCAAGC-1,True,TCATTTGTCCGCAAGC-1_contig_2,True,521,TRB,TRBV20-1,None,TRBJ2-1,TRBC2,True,True,CSARVGSEVNEQFF,TGCAGTGCTAGAGTGGGGTCGGAAGTCAATGAGCAGTTCTTC,2502,9,clonotype1,clonotype1_consensus_1
TCATTTGTCGGAGCAA-1,True,TCATTTGTCGGAGCAA-1_contig_1,True,521,TRB,TRBV20-1,None,TRBJ2-3,TRBC2,True,True,CSARDEEGLHTQYF,TGCAGTGCTAGAGATGAGGAGGGACTTCATACGCAGTATTTT,2637,13,clonotype3238,clonotype3238_consensus_1
TCATTTGTCGGAGCAA-1,True,TCATTTGTCGGAGCAA-1_contig_2,True,542,TRA,TRAV14/DV4,None,TRAJ53,TRAC,True,False,None,None,385,1,clonotype3238,None
TCCACACAGCGACGTA-1,True,TCCACACAGCGACGTA-1_contig_1,True,498,TRB,TRBV20-1,None,TRBJ2-1,TRBC2,True,True,CSARVGSEVNEQFF,TGCAGTGCTAGAGTGGGGTCGGAAGTCAATGAGCAGTTCTTC,3071,8,clonotype2,clonotype2_consensus_1
TCCACACAGCGACGTA-1,True,TCCACACAGCGACGTA-1_contig_2,True,457,TRA,TRAV10,None,TRAJ24,TRAC,True,False,None,None,323,1,clonotype2,None
TCCACACAGGGTGTGT-1,True,TCCACACAGGGTGTGT-1_contig_1,True,524,TRB,TRBV20-1,None,TRBJ2-2,TRBC2,True,True,CSALRGQGAGGELFF,TGCAGTGCTCTTAGGGGACAGGGGGCCGGCGGGGAGCTGTTTTTT,1800,12,clonotype3239,clonotype3239_consensus_1
TCCACACAGTACGTTC-1,True,TCCACACAGTACGTTC-1_contig_1,True,505,TRA,TRAV1-2,None,TRAJ33,TRAC,True,True,CAATDSNYQLIW,TGTGCTGCGACTGATAGCAACTATCAGTTAATCTGG,588,5,clonotype1,clonotype1_consensus_2
TCCACACAGTACGTTC-1,True,TCCACACAGTACGTTC-1_contig_2,True,521,TRB,TRBV20-1,None,TRBJ2-1,TRBC2,True,True,CSARVGSEVNEQFF,TGCAGTGCTAGAGTGGGGTCGGAAGTCAATGAGCAGTTCTTC,1289,6,clonotype1,clonotype1_consensus_1
TCCACACAGTACTTGC-1,True,TCCACACAGTACTTGC-1_contig_1,True,496,TRB,TRBV5-6,None,TRBJ2-7,TRBC2,True,True,CASSLVGTSGSYEQYF,TGTGCCAGCAGCTTGGTGGGGACTAGCGGGTCCTACGAGCAGTACTTC,1075,6,clonotype3240,clonotype3240_consensus_1
TCCACACAGTACTTGC-1,True,TCCACACAGTACTTGC-1_contig_2,True,450,TRA,TRAV2,None,TRAJ36,TRAC,True,True,CAVAQTGANNLFF,TGTGCTGTGGCGCAAACTGGGGCAAACAACCTCTTCTTT,552,2,clonotype3240,clonotype3240_consensus_2
TCCACACAGTACTTGC-1,True,TCCACACAGTACTTGC-1_contig_3,True,775,TRB,TRBV23-1,None,TRBJ1-3,TRBC1,True,False,CASSQSYRAKQTPYILER,TGCGCCAGCAGTCAATCGTACAGGGCAAAGCAAACACCATATATTTTGGAGAGG,220,3,clonotype3240,None
TCCACACAGTGCAAGC-1,True,TCCACACAGTGCAAGC-1_contig_1,True,566,TRA,TRAV8-6,None,TRAJ29,TRAC,True,True,CAVSLNSGNTPLVF,TGTGCTGTGAGTTTGAATTCAGGAAACACACCTCTTGTCTTT,514,3,clonotype3241,clonotype3241_consensus_3
TCCACACAGTGCAAGC-1,True,TCCACACAGTGCAAGC-1_contig_2,True,504,TRB,TRBV20-1,None,TRBJ1-4,TRBC1,True,True,CSARGTGPTRSEKLFF,TGCAGTGCCAGAGGGACAGGGCCGACCCGGAGTGAAAAACTGTTTTTT,2409,10,clonotype3241,clonotype3241_consensus_2
TCCACACAGTGCAAGC-1,True,TCCACACAGTGCAAGC-1_contig_3,True,548,TRA,TRAV12-1,None,TRAJ9,TRAC,True,True,CVVRTGGFKTIF,TGTGTGGTGAGAACTGGAGGCTTCAAAACTATCTTT,579,4,clonotype3241,clonotype3241_consensus_1
TCCACACAGTGCGTGA-1,True,TCCACACAGTGCGTGA-1_contig_1,True,527,TRB,TRBV20-1,None,TRBJ2-7,TRBC2,True,True,CSASSASGGAGYEQYF,TGCAGTGCTAGTTCGGCTAGCGGGGGGGCCGGATACGAGCAGTACTTC,2917,12,clonotype3242,clonotype3242_consensus_1
TCCACACAGTGCGTGA-1,True,TCCACACAGTGCGTGA-1_contig_2,True,496,TRA,TRAV12-1,None,TRAJ38,TRAC,True,True,CVVNLNAGNNRKLIW,TGTGTGGTGAACCTTAATGCTGGCAACAACCGTAAGCTGATTTGG,736,5,clonotype3242,clonotype3242_consensus_2
TCCACACCAATCGAAA-1,True,TCCACACCAATCGAAA-1_contig_1,True,521,TRB,TRBV20-1,None,TRBJ1-1,TRBC1,True,True,CSARDGTGGGEAFF,TGCAGTGCTAGAGATGGAACAGGGGGGGGTGAAGCTTTCTTT,1638,6,clonotype3243,clonotype3243_consensus_1
TCCACACCAATCGAAA-1,True,TCCACACCAATCGAAA-1_contig_2,True,477,TRA,TRAV9-2,None,TRAJ6,TRAC,True,True,CALRTGGSYIPTF,TGTGCTCTGAGAACAGGAGGAAGCTACATACCTACATTT,1051,4,clonotype3243,clonotype3243_consensus_2
TCCACACCAATCGAAA-1,True,TCCACACCAATCGAAA-1_contig_3,True,506,TRB,TRBV7-9,None,TRBJ2-7,TRBC2,True,False,CISVPAAPGQANSYEQYF,TGTATCTCTGTGCCAGCAGCGCCCGGACAGGCAAACTCCTACGAGCAGTACTTC,321,2,clonotype3243,None
TCCACACCAATGACCT-1,True,TCCACACCAATGACCT-1_contig_1,True,501,TRB,TRBV6-6,None,TRBJ1-3,TRBC1,True,True,CASSQEPGHSGNTIYF,TGTGCCAGCAGCCAAGAACCGGGACATTCTGGAAACACCATATATTTT,1514,11,clonotype3244,clonotype3244_consensus_1
TCCACACCAATGACCT-1,True,TCCACACCAATGACCT-1_contig_2,True,483,TRA,TRAV4,None,TRAJ43,TRAC,True,True,CLVGLYNNNDMRF,TGCCTCGTGGGTTTGTACAATAACAATGACATGCGCTTT,1063,2,clonotype3244,clonotype3244_consensus_3
TCCACACCAATGACCT-1,True,TCCACACCAATGACCT-1_contig_3,True,471,TRA,TRAV22,None,TRAJ36,None,True,True,CAVLQTGANNLFF,TGTGCTGTGCTTCAAACTGGGGCAAACAACCTCTTCTTT,612,1,clonotype3244,clonotype3244_consensus_2
TCCACACCACCACGTG-1,True,TCCACACCACCACGTG-1_contig_1,True,521,TRB,TRBV20-1,None,TRBJ2-1,TRBC2,True,True,CSARVGSEVNEQFF,TGCAGTGCTAGAGTGGGGTCGGAAGTCAATGAGCAGTTCTTC,1011,5,clonotype2,clonotype2_consensus_1
TCCACACCACCACGTG-1,True,TCCACACCACCACGTG-1_contig_2,True,459,TRA,TRAV10,None,TRAJ24,TRAC,True,False,None,None,3552,2,clonotype2,None
TCCACACCACCAGTTA-1,True,TCCACACCACCAGTTA-1_contig_1,True,505,TRA,TRAV1-2,None,TRAJ33,TRAC,True,True,CAATDSNYQLIW,TGTGCTGCGACTGATAGCAACTATCAGTTAATCTGG,266,1,clonotype1,clonotype1_consensus_2
TCCACACCACCAGTTA-1,True,TCCACACCACCAGTTA-1_contig_2,True,521,TRB,TRBV20-1,None,TRBJ2-1,TRBC2,True,True,CSARVGSEVNEQFF,TGCAGTGCTAGAGTGGGGTCGGAAGTCAATGAGCAGTTCTTC,1102,7,clonotype1,clonotype1_consensus_1
TCCACACCACCAGTTA-1,True,TCCACACCACCAGTTA-1_contig_3,True,465,TRA,TRAV10,None,TRAJ24,TRAC,True,False,None,None,419,3,clonotype1,None
TCCACACCACCGGAAA-1,True,TCCACACCACCGGAAA-1_contig_1,True,505,TRA,TRAV13-2,None,TRAJ9,TRAC,True,True,CAENPGTGGFKTIF,TGTGCAGAGAATCCAGGCACTGGAGGCTTCAAAACTATCTTT,650,2,clonotype3245,clonotype3245_consensus_2
TCCACACCACCGGAAA-1,True,TCCACACCACCGGAAA-1_contig_2,True,483,TRB,TRBV5-5,None,TRBJ1-2,TRBC1,True,True,CASSPGTGEVRGYTF,TGTGCCAGCAGCCCAGGGACAGGGGAAGTTAGAGGCTACACCTTC,1381,4,clonotype3245,clonotype3245_consensus_1
TCCACACCACCGGAAA-1,True,TCCACACCACCGGAAA-1_contig_3,True,561,TRA,TRAV29/DV5,None,TRAJ15,TRAC,True,False,CRQAGTALIF,TGTAGGCAGGCAGGAACTGCTCTGATCTTT,422,2,clonotype3245,None
TCCACACCAGTCGTGC-1,True,TCCACACCAGTCGTGC-1_contig_1,True,764,TRB,TRBV5-5,None,TRBJ1-2,TRBC1,True,True,CASSPLMYGGGTGYTF,TGTGCCAGCAGCCCTTTAATGTACGGGGGTGGAACTGGCTACACCTTC,430,4,clonotype3246,clonotype3246_consensus_1
TCCACACCATTACGAC-1,True,TCCACACCATTACGAC-1_contig_1,True,508,TRA,TRAV1-2,None,TRAJ43,TRAC,True,True,CAVREINNNDMRF,TGTGCTGTGAGAGAGATTAATAACAATGACATGCGCTTT,1160,6,clonotype3247,clonotype3247_consensus_2
TCCACACCATTACGAC-1,True,TCCACACCATTACGAC-1_contig_2,True,615,TRA,TRAV12-1,None,TRAJ49,TRAC,True,True,CVVNMISNQFYF,TGTGTGGTGAACATGATTAGTAACCAGTTCTATTTT,2399,5,clonotype3247,clonotype3247_consensus_1
TCCACACGTAAACGCG-1,True,TCCACACGTAAACGCG-1_contig_1,True,472,TRB,TRBV28,None,TRBJ2-7,TRBC2,True,True,CASSTPSPGGSPYEQYF,TGTGCCAGCAGCACACCCTCCCCAGGGGGCAGCCCCTACGAGCAGTACTTC,497,6,clonotype3248,clonotype3248_consensus_3
TCCACACGTAAACGCG-1,True,TCCACACGTAAACGCG-1_contig_2,True,580,TRA,TRAV8-1,None,TRAJ45,TRAC,True,True,CAVNPPRGGGADGLTF,TGTGCCGTGAACCCCCCTAGAGGAGGAGGTGCTGACGGACTCACCTTT,6624,2,clonotype3248,clonotype3248_consensus_2
TCCACACGTAAACGCG-1,True,TCCACACGTAAACGCG-1_contig_3,True,518,TRA,TRAV27,None,TRAJ42,TRAC,True,True,CAGAEGGSQGNLIF,TGTGCAGGCGCCGAAGGAGGAAGCCAAGGAAATCTCATCTTT,831,5,clonotype3248,clonotype3248_consensus_1
TCCACACGTAAACGCG-1,True,TCCACACGTAAACGCG-1_contig_4,True,474,TRA,TRAV1-1,None,TRAJ13,TRAC,True,False,None,None,625,4,clonotype3248,None
TCCACACGTGAGTATA-1,True,TCCACACGTGAGTATA-1_contig_1,True,521,TRB,TRBV20-1,None,TRBJ2-1,TRBC2,True,True,CSARVGSEVNEQFF,TGCAGTGCTAGAGTGGGGTCGGAAGTCAATGAGCAGTTCTTC,795,5,clonotype2,clonotype2_consensus_1
TCCACACGTGTGAATA-1,True,TCCACACGTGTGAATA-1_contig_1,True,505,TRA,TRAV1-2,None,TRAJ33,TRAC,True,True,CAATDSNYQLIW,TGTGCTGCGACTGATAGCAACTATCAGTTAATCTGG,1620,7,clonotype1,clonotype1_consensus_2
TCCACACGTGTGAATA-1,True,TCCACACGTGTGAATA-1_contig_2,True,498,TRB,TRBV20-1,None,TRBJ2-1,TRBC2,True,True,CSARVGSEVNEQFF,TGCAGTGCTAGAGTGGGGTCGGAAGTCAATGAGCAGTTCTTC,2602,12,clonotype1,clonotype1_consensus_1
TCCACACGTGTGAATA-1,True,TCCACACGTGTGAATA-1_contig_3,True,456,TRA,TRAV10,None,TRAJ24,TRAC,True,False,None,None,396,4,clonotype1,None
TCCACACGTGTGAATA-1,True,TCCACACGTGTGAATA-1_contig_4,True,436,TRB,None,None,TRBJ1-4,TRBC1,False,False,None,None,133,2,clonotype1,None
TCCACACGTTAGTGGG-1,True,TCCACACGTTAGTGGG-1_contig_1,True,489,TRA,TRAV1-2,None,TRAJ33,TRAC,True,True,CAATDSNYQLIW,TGTGCTGCGACTGATAGCAACTATCAGTTAATCTGG,51,2,clonotype1,clonotype1_consensus_2
TCCACACGTTAGTGGG-1,True,TCCACACGTTAGTGGG-1_contig_2,True,485,TRB,TRBV20-1,None,TRBJ2-1,TRBC2,True,True,CSARVGSEVNEQFF,TGCAGTGCTAGAGTGGGGTCGGAAGTCAATGAGCAGTTCTTC,199,5,clonotype1,clonotype1_consensus_1
TCCACACGTTAGTGGG-1,True,TCCACACGTTAGTGGG-1_contig_3,True,469,TRA,TRAV10,None,TRAJ24,TRAC,True,False,None,None,120,4,clonotype1,None
TCCACACGTTCACGGC-1,True,TCCACACGTTCACGGC-1_contig_1,True,505,TRA,TRAV1-2,None,TRAJ33,TRAC,True,True,CAATDSNYQLIW,TGTGCTGCGACTGATAGCAACTATCAGTTAATCTGG,1370,9,clonotype1,clonotype1_consensus_2
TCCACACGTTCACGGC-1,True,TCCACACGTTCACGGC-1_contig_2,True,498,TRB,TRBV20-1,None,TRBJ2-1,TRBC2,True,True,CSARVGSEVNEQFF,TGCAGTGCTAGAGTGGGGTCGGAAGTCAATGAGCAGTTCTTC,3170,10,clonotype1,clonotype1_consensus_1
TCCACACTCAGCTCTC-1,True,TCCACACTCAGCTCTC-1_contig_1,True,505,TRA,TRAV1-2,None,TRAJ33,TRAC,True,True,CAATDSNYQLIW,TGTGCTGCGACTGATAGCAACTATCAGTTAATCTGG,718,4,clonotype1,clonotype1_consensus_2
TCCACACTCAGCTCTC-1,True,TCCACACTCAGCTCTC-1_contig_2,True,498,TRB,TRBV20-1,None,TRBJ2-1,TRBC2,True,True,CSARVGSEVNEQFF,TGCAGTGCTAGAGTGGGGTCGGAAGTCAATGAGCAGTTCTTC,3411,12,clonotype1,clonotype1_consensus_1
TCCACACTCCGCGGTA-1,True,TCCACACTCCGCGGTA-1_contig_1,True,515,TRB,TRBV20-1,None,TRBJ1-4,TRBC1,True,True,CSATGQAEKLFF,TGCAGTGCTACTGGACAAGCGGAAAAACTGTTTTTT,1792,7,clonotype3249,clonotype3249_consensus_2
TCCACACTCCGCGGTA-1,True,TCCACACTCCGCGGTA-1_contig_2,True,502,TRA,TRAV23/DV6,None,TRAJ34,TRAC,True,True,CAASKADKLIF,TGTGCAGCAAGCAAAGCCGACAAGCTCATCTTT,384,2,clonotype3249,clonotype3249_consensus_1
TCCCGATAGAACAACT-1,True,TCCCGATAGAACAACT-1_contig_1,True,508,TRA,TRAV20,None,TRAJ12,TRAC,True,True,CAVQAMDSSYKLIF,TGTGCTGTGCAGGCGATGGATAGCAGCTATAAATTGATCTTC,511,5,clonotype3250,clonotype3250_consensus_1
TCCCGATAGAACAACT-1,True,TCCCGATAGAACAACT-1_contig_2,True,512,TRB,TRBV20-1,None,TRBJ2-5,TRBC2,True,True,CSAIKGQTQYF,TGCAGTGCCATAAAGGGACAGACCCAGTACTTC,2208,13,clonotype3250,clonotype3250_consensus_2
TCCCGATAGGTGTGGT-1,True,TCCCGATAGGTGTGGT-1_contig_1,True,498,TRB,TRBV20-1,None,TRBJ2-1,TRBC2,True,True,CSARVGSEVNEQFF,TGCAGTGCTAGAGTGGGGTCGGAAGTCAATGAGCAGTTCTTC,811,9,clonotype2,clonotype2_consensus_1
TCCCGATCAAAGGTGC-1,True,TCCCGATCAAAGGTGC-1_contig_1,True,505,TRA,TRAV1-2,None,TRAJ33,TRAC,True,True,CAATDSNYQLIW,TGTGCTGCGACTGATAGCAACTATCAGTTAATCTGG,875,4,clonotype1,clonotype1_consensus_2
TCCCGATCAAAGGTGC-1,True,TCCCGATCAAAGGTGC-1_contig_2,True,521,TRB,TRBV20-1,None,TRBJ2-1,TRBC2,True,True,CSARVGSEVNEQFF,TGCAGTGCTAGAGTGGGGTCGGAAGTCAATGAGCAGTTCTTC,3463,16,clonotype1,clonotype1_consensus_1
TCCCGATCAACGATGG-1,True,TCCCGATCAACGATGG-1_contig_1,True,501,TRB,TRBV20-1,None,TRBJ2-5,TRBC2,True,True,CSARLVAGGPETQYF,TGCAGTGCCCGACTTGTGGCGGGGGGGCCTGAGACCCAGTACTTC,3225,16,clonotype154,clonotype154_consensus_1
TCCCGATCAACGATGG-1,True,TCCCGATCAACGATGG-1_contig_2,True,468,TRA,TRAV13-1,None,TRAJ45,TRAC,True,True,CAASKYSGGGADGLTF,TGTGCAGCAAGCAAATATTCAGGAGGAGGTGCTGACGGACTCACCTTT,666,3,clonotype154,clonotype154_consensus_2
TCCCGATCACAGCGTC-1,True,TCCCGATCACAGCGTC-1_contig_1,True,505,TRA,TRAV1-2,None,TRAJ33,TRAC,True,True,CAATDSNYQLIW,TGTGCTGCGACTGATAGCAACTATCAGTTAATCTGG,459,5,clonotype1,clonotype1_consensus_2
TCCCGATCACAGCGTC-1,True,TCCCGATCACAGCGTC-1_contig_2,True,521,TRB,TRBV20-1,None,TRBJ2-1,TRBC2,True,True,CSARVGSEVNEQFF,TGCAGTGCTAGAGTGGGGTCGGAAGTCAATGAGCAGTTCTTC,1819,13,clonotype1,clonotype1_consensus_1
TCCCGATCACTCTGTC-1,True,TCCCGATCACTCTGTC-1_contig_1,True,514,TRA,TRAV1-2,None,TRAJ17,TRAC,True,True,CASKGIKAAGNKLTF,TGTGCTTCCAAGGGGATCAAAGCTGCAGGCAACAAGCTAACTTTT,765,3,clonotype3251,clonotype3251_consensus_1
TCCCGATCACTCTGTC-1,True,TCCCGATCACTCTGTC-1_contig_2,True,540,TRA,TRAV12-1,None,TRAJ21,TRAC,True,True,CVVTVNFNKFYF,TGTGTGGTGACGGTCAACTTCAACAAATTTTACTTT,2770,4,clonotype3251,clonotype3251_consensus_3
TCCCGATCACTCTGTC-1,True,TCCCGATCACTCTGTC-1_contig_3,True,485,TRB,TRBV20-1,None,TRBJ2-5,TRBC2,True,True,CSARDEDRGETQYF,TGCAGTGCTAGAGATGAAGACAGGGGAGAGACCCAGTACTTC,1451,5,clonotype3251,clonotype3251_consensus_2
TCCCGATCAGGTCCAC-1,True,TCCCGATCAGGTCCAC-1_contig_1,True,505,TRA,TRAV1-2,None,TRAJ33,TRAC,True,True,CAATDSNYQLIW,TGTGCTGCGACTGATAGCAACTATCAGTTAATCTGG,624,4,clonotype1,clonotype1_consensus_2
TCCCGATCAGGTCCAC-1,True,TCCCGATCAGGTCCAC-1_contig_2,True,521,TRB,TRBV20-1,None,TRBJ2-1,TRBC2,True,True,CSARVGSEVNEQFF,TGCAGTGCTAGAGTGGGGTCGGAAGTCAATGAGCAGTTCTTC,1302,6,clonotype1,clonotype1_consensus_1
TCCCGATCATCAGTAC-1,True,TCCCGATCATCAGTAC-1_contig_1,True,505,TRA,TRAV1-2,None,TRAJ33,TRAC,True,True,CAATDSNYQLIW,TGTGCTGCGACTGATAGCAACTATCAGTTAATCTGG,707,3,clonotype1,clonotype1_consensus_2
TCCCGATCATCAGTAC-1,True,TCCCGATCATCAGTAC-1_contig_2,True,521,TRB,TRBV20-1,None,TRBJ2-1,TRBC2,True,True,CSARVGSEVNEQFF,TGCAGTGCTAGAGTGGGGTCGGAAGTCAATGAGCAGTTCTTC,1918,11,clonotype1,clonotype1_consensus_1
TCCCGATCATCAGTAC-1,True,TCCCGATCATCAGTAC-1_contig_3,True,494,TRA,TRAV10,None,TRAJ24,TRAC,True,False,None,None,455,2,clonotype1,None
TCCCGATGTCGAAAGC-1,True,TCCCGATGTCGAAAGC-1_contig_1,True,482,TRB,TRBV20-1,None,TRBJ1-5,TRBC1,True,True,CSVIGQYNQPQHF,TGCAGTGTTATTGGGCAGTATAATCAGCCCCAGCATTTT,1349,6,clonotype3252,clonotype3252_consensus_1
TCCCGATGTCGAAAGC-1,True,TCCCGATGTCGAAAGC-1_contig_2,True,508,TRA,TRAV23/DV6,None,TRAJ26,TRAC,True,True,CAASIGGGQNFVF,TGTGCAGCAAGCATCGGGGGAGGTCAGAATTTTGTCTTT,519,2,clonotype3252,clonotype3252_consensus_2
TCCCGATGTTAAGTAG-1,True,TCCCGATGTTAAGTAG-1_contig_1,True,498,TRB,TRBV20-1,None,TRBJ1-3,TRBC1,True,True,CSARVGESGNTIYF,TGCAGTGCTAGAGTCGGGGAGTCTGGAAACACCATATATTTT,442,3,clonotype3253,clonotype3253_consensus_1
TCCCGATTCGAATGCT-1,True,TCCCGATTCGAATGCT-1_contig_1,True,505,TRA,TRAV1-2,None,TRAJ33,TRAC,True,True,CAATDSNYQLIW,TGTGCTGCGACTGATAGCAACTATCAGTTAATCTGG,83,1,clonotype1,clonotype1_consensus_2
TCCCGATTCGAATGCT-1,True,TCCCGATTCGAATGCT-1_contig_2,True,521,TRB,TRBV20-1,None,TRBJ2-1,TRBC2,True,True,CSARVGSEVNEQFF,TGCAGTGCTAGAGTGGGGTCGGAAGTCAATGAGCAGTTCTTC,826,6,clonotype1,clonotype1_consensus_1
TCCCGATTCGTCTGCT-1,True,TCCCGATTCGTCTGCT-1_contig_1,True,485,TRA,TRAV1-2,None,TRAJ33,TRAC,True,True,CAATDSNYQLIW,TGTGCTGCGACTGATAGCAACTATCAGTTAATCTGG,174,4,clonotype1,clonotype1_consensus_2
TCCCGATTCGTCTGCT-1,True,TCCCGATTCGTCTGCT-1_contig_2,True,521,TRB,TRBV20-1,None,TRBJ2-1,TRBC2,True,True,CSARVGSEVNEQFF,TGCAGTGCTAGAGTGGGGTCGGAAGTCAATGAGCAGTTCTTC,834,7,clonotype1,clonotype1_consensus_1
TCGAGGCAGATGTCGG-1,True,TCGAGGCAGATGTCGG-1_contig_1,True,508,TRA,TRAV20,None,TRAJ53,TRAC,True,True,CAVRGGGSNYKLTF,TGTGCTGTGAGGGGTGGAGGTAGCAACTATAAACTGACATTT,208,3,clonotype3254,clonotype3254_consensus_3
TCGAGGCAGATGTCGG-1,True,TCGAGGCAGATGTCGG-1_contig_2,True,495,TRB,TRBV20-1,None,TRBJ1-3,TRBC1,True,True,CSASVGSGNTIYF,TGCAGTGCTAGCGTGGGCTCTGGAAACACCATATATTTT,526,3,clonotype3254,clonotype3254_consensus_1
TCGAGGCAGATGTCGG-1,True,TCGAGGCAGATGTCGG-1_contig_3,True,501,TRB,TRBV20-1,None,TRBJ2-3,TRBC2,True,True,CSARAGGGGTDTQYF,TGCAGTGCTAGAGCGGGCGGGGGCGGCACAGATACGCAGTATTTT,4631,17,clonotype3254,clonotype3254_consensus_2
TCGAGGCAGATGTCGG-1,True,TCGAGGCAGATGTCGG-1_contig_4,True,357,TRB,None,None,TRBJ1-5,TRBC1,False,False,None,None,3220,10,clonotype3254,None
TCGAGGCAGCCCTAAT-1,True,TCGAGGCAGCCCTAAT-1_contig_1,True,510,TRB,TRBV5-5,None,TRBJ2-7,TRBC2,True,True,CASSLDVAVEQYF,TGTGCCAGCAGCTTGGACGTGGCTGTGGAGCAGTACTTC,2244,8,clonotype3255,clonotype3255_consensus_2
TCGAGGCAGCCCTAAT-1,True,TCGAGGCAGCCCTAAT-1_contig_2,True,544,TRA,TRAV12-2,None,TRAJ42,TRAC,True,True,CAVKRGSQGNLIF,TGTGCCGTGAAAAGAGGAAGCCAAGGAAATCTCATCTTT,1691,8,clonotype3255,clonotype3255_consensus_1
TCGAGGCAGCGCTTAT-1,True,TCGAGGCAGCGCTTAT-1_contig_1,True,505,TRA,TRAV1-2,None,TRAJ33,TRAC,True,True,CAATDSNYQLIW,TGTGCTGCGACTGATAGCAACTATCAGTTAATCTGG,1197,4,clonotype1,clonotype1_consensus_2
TCGAGGCAGCGCTTAT-1,True,TCGAGGCAGCGCTTAT-1_contig_2,True,521,TRB,TRBV20-1,None,TRBJ2-1,TRBC2,True,True,CSARVGSEVNEQFF,TGCAGTGCTAGAGTGGGGTCGGAAGTCAATGAGCAGTTCTTC,2975,8,clonotype1,clonotype1_consensus_1
TCGAGGCAGCTAGTTC-1,True,TCGAGGCAGCTAGTTC-1_contig_1,True,498,TRB,TRBV20-1,None,TRBJ2-1,TRBC2,True,True,CSARVGSEVNEQFF,TGCAGTGCTAGAGTGGGGTCGGAAGTCAATGAGCAGTTCTTC,710,5,clonotype2,clonotype2_consensus_1
TCGAGGCAGCTAGTTC-1,True,TCGAGGCAGCTAGTTC-1_contig_2,True,482,TRA,TRAV10,None,TRAJ24,TRAC,True,False,None,None,169,2,clonotype2,None
TCGAGGCAGCTAGTTC-1,True,TCGAGGCAGCTAGTTC-1_contig_3,True,505,TRA,TRAV1-2,None,TRAJ33,TRAC,True,False,CAATDSNYQLIW,TGTGCTGCGACTGATAGCAACTATCAGTTAATCTGG,78,1,clonotype2,None
TCGAGGCAGGAATGGA-1,True,TCGAGGCAGGAATGGA-1_contig_1,True,487,TRA,TRAV21,None,TRAJ58,TRAC,True,True,CAVKEETSGSRLTF,TGTGCTGTGAAGGAAGAAACCAGTGGCTCTAGGTTGACCTTT,1217,8,clonotype3256,clonotype3256_consensus_2
TCGAGGCAGGAATGGA-1,True,TCGAGGCAGGAATGGA-1_contig_2,True,494,TRA,TRAV38-2/DV8,None,TRAJ13,TRAC,True,True,CACTNSGGYQKVTF,TGTGCTTGCACGAATTCTGGGGGTTACCAGAAAGTTACCTTT,3071,13,clonotype3256,clonotype3256_consensus_3
TCGAGGCAGGAATGGA-1,True,TCGAGGCAGGAATGGA-1_contig_3,True,527,TRB,TRBV20-1,None,TRBJ1-2,TRBC1,True,True,CSAPTAGTALNYGYTF,TGCAGTGCTCCTACAGCCGGGACGGCACTTAACTATGGCTACACCTTC,990,8,clonotype3256,clonotype3256_consensus_1
TCGAGGCAGTGATCGG-1,True,TCGAGGCAGTGATCGG-1_contig_1,True,495,TRA,TRAV1-2,None,TRAJ33,TRAC,True,True,CAATDSNYQLIW,TGTGCTGCGACTGATAGCAACTATCAGTTAATCTGG,423,2,clonotype1,clonotype1_consensus_2
TCGAGGCAGTGATCGG-1,True,TCGAGGCAGTGATCGG-1_contig_2,True,505,TRB,TRBV20-1,None,TRBJ2-1,TRBC2,True,True,CSARVGSEVNEQFF,TGCAGTGCTAGAGTGGGGTCGGAAGTCAATGAGCAGTTCTTC,1309,4,clonotype1,clonotype1_consensus_1
TCGAGGCCAAGGTTCT-1,True,TCGAGGCCAAGGTTCT-1_contig_1,True,524,TRB,TRBV20-1,None,TRBJ2-1,TRBC2,True,True,CSASGGGVAYNEQFF,TGCAGTGCTAGCGGGGGCGGGGTGGCCTACAATGAGCAGTTCTTC,1242,7,clonotype3257,clonotype3257_consensus_1
TCGAGGCCAAGGTTCT-1,True,TCGAGGCCAAGGTTCT-1_contig_2,True,577,TRA,TRAV8-1,None,TRAJ32,TRAC,True,True,CAVKNYGGATNKLIF,TGTGCCGTGAAGAACTATGGTGGTGCTACAAACAAGCTCATCTTT,2885,4,clonotype3257,clonotype3257_consensus_2
TCGAGGCCACCACCAG-1,True,TCGAGGCCACCACCAG-1_contig_1,True,512,TRA,TRAV25,None,TRAJ45,TRAC,True,True,CAGPYPGGGADGLTF,TGTGCAGGGCCGTATCCAGGAGGAGGTGCTGACGGACTCACCTTT,625,2,clonotype3258,clonotype3258_consensus_1
TCGAGGCCAGATCCAT-1,True,TCGAGGCCAGATCCAT-1_contig_1,True,495,TRB,TRBV20-1,None,TRBJ2-5,TRBC2,True,True,CSARVLAGAGETQYF,TGCAGTGCTAGGGTCCTAGCGGGGGCGGGGGAGACCCAGTACTTC,1898,9,clonotype3259,clonotype3259_consensus_1
TCGAGGCCAGATCCAT-1,True,TCGAGGCCAGATCCAT-1_contig_2,True,548,TRA,TRAV26-1,None,TRAJ23,TRAC,True,True,CIVRGFGNQGGKLIF,TGCATCGTCAGGGGTTTTGGGAACCAGGGAGGAAAGCTTATCTTC,1463,4,clonotype3259,clonotype3259_consensus_2
TCGAGGCCAGTAGAGC-1,True,TCGAGGCCAGTAGAGC-1_contig_1,True,505,TRA,TRAV1-2,None,TRAJ33,TRAC,True,True,CAATDSNYQLIW,TGTGCTGCGACTGATAGCAACTATCAGTTAATCTGG,268,2,clonotype1,clonotype1_consensus_2
TCGAGGCCAGTAGAGC-1,True,TCGAGGCCAGTAGAGC-1_contig_2,True,521,TRB,TRBV20-1,None,TRBJ2-1,TRBC2,True,True,CSARVGSEVNEQFF,TGCAGTGCTAGAGTGGGGTCGGAAGTCAATGAGCAGTTCTTC,2218,10,clonotype1,clonotype1_consensus_1
TCGAGGCCATATGCTG-1,True,TCGAGGCCATATGCTG-1_contig_1,True,547,TRA,TRAV12-2,None,TRAJ35,TRAC,True,True,CAVRPQGFGNVLHC,TGTGCCGTGCGCCCCCAAGGCTTTGGGAATGTGCTGCATTGC,763,6,clonotype3260,clonotype3260_consensus_1
TCGAGGCCATATGCTG-1,True,TCGAGGCCATATGCTG-1_contig_2,True,524,TRB,TRBV20-1,None,TRBJ2-3,TRBC2,True,True,CSAELGAARTDTQYF,TGCAGTGCTGAGTTGGGAGCGGCCCGGACAGATACGCAGTATTTT,2040,9,clonotype3260,clonotype3260_consensus_2
TCGAGGCCATATGCTG-1,True,TCGAGGCCATATGCTG-1_contig_3,True,494,TRB,TRBV21-1,None,TRBJ2-7,TRBC2,True,False,CASSTPSRGERETYEQYF,TGTGCCAGCAGCACCCCGTCTCGGGGTGAGCGGGAGACCTACGAGCAGTACTTC,942,6,clonotype3260,None
TCGAGGCCATGGTCTA-1,True,TCGAGGCCATGGTCTA-1_contig_1,True,567,TRA,TRAV8-4,None,TRAJ40,TRAC,True,True,CAVIPSGTYKYIF,TGTGCTGTGATTCCGTCGGGAACCTACAAATACATCTTT,1100,4,clonotype3261,clonotype3261_consensus_1
TCGAGGCCATGGTCTA-1,True,TCGAGGCCATGGTCTA-1_contig_2,True,521,TRB,TRBV20-1,None,TRBJ2-7,TRBC2,True,True,CSAREPGEYYEQYF,TGCAGTGCTAGAGAACCAGGGGAATACTACGAGCAGTACTTC,938,4,clonotype3261,clonotype3261_consensus_2
TCGAGGCGTAAGTGGC-1,True,TCGAGGCGTAAGTGGC-1_contig_1,True,505,TRA,TRAV1-2,None,TRAJ33,TRAC,True,True,CAATDSNYQLIW,TGTGCTGCGACTGATAGCAACTATCAGTTAATCTGG,612,5,clonotype1,clonotype1_consensus_2
TCGAGGCGTAAGTGGC-1,True,TCGAGGCGTAAGTGGC-1_contig_2,True,521,TRB,TRBV20-1,None,TRBJ2-1,TRBC2,True,True,CSARVGSEVNEQFF,TGCAGTGCTAGAGTGGGGTCGGAAGTCAATGAGCAGTTCTTC,2526,10,clonotype1,clonotype1_consensus_1
TCGAGGCGTATCAGTC-1,True,TCGAGGCGTATCAGTC-1_contig_1,True,674,TRB,TRBV5-5,None,TRBJ2-4,TRBC2,True,True,CASSFRGGFDKNIQYF,TGTGCCAGCAGCTTTCGAGGGGGCTTCGACAAAAACATTCAGTACTTC,1773,7,clonotype3262,clonotype3262_consensus_2
TCGAGGCGTATCAGTC-1,True,TCGAGGCGTATCAGTC-1_contig_2,True,521,TRA,TRAV13-2,None,TRAJ26,TRAC,True,True,CAENTRGIDNYGQNFVF,TGTGCAGAGAATACCAGGGGGATCGATAACTATGGTCAGAATTTTGTCTTT,727,2,clonotype3262,clonotype3262_consensus_1
TCGAGGCGTCCTGCTT-1,True,TCGAGGCGTCCTGCTT-1_contig_1,True,521,TRB,TRBV20-1,None,TRBJ2-1,TRBC2,True,True,CSARVGSEVNEQFF,TGCAGTGCTAGAGTGGGGTCGGAAGTCAATGAGCAGTTCTTC,1466,10,clonotype2,clonotype2_consensus_1
TCGAGGCGTCTAGAGG-1,True,TCGAGGCGTCTAGAGG-1_contig_1,True,498,TRB,TRBV20-1,None,TRBJ2-5,TRBC2,True,True,CSAKSGGAEETQYF,TGCAGTGCTAAGAGCGGGGGGGCGGAGGAGACCCAGTACTTC,621,8,clonotype3263,clonotype3263_consensus_1
TCGAGGCGTCTAGTCA-1,True,TCGAGGCGTCTAGTCA-1_contig_1,True,521,TRB,TRBV20-1,None,TRBJ1-1,TRBC1,True,True,CSALLYRGRPEAFF,TGCAGTGCTCTTCTTTACAGGGGGCGTCCTGAAGCTTTCTTT,580,3,clonotype3264,clonotype3264_consensus_1
TCGAGGCGTCTTGTCC-1,True,TCGAGGCGTCTTGTCC-1_contig_1,True,502,TRA,TRAV1-2,None,TRAJ30,TRAC,True,True,CAVRDLREIIF,TGTGCTGTGAGAGATCTTCGGGAGATCATCTTT,385,3,clonotype3,clonotype3_consensus_2
TCGAGGCGTCTTGTCC-1,True,TCGAGGCGTCTTGTCC-1_contig_2,True,666,TRB,TRBV5-5,None,TRBJ1-4,TRBC1,True,True,CASSHPGPNYATNEKLFF,TGTGCCAGCAGCCATCCCGGACCGAACTACGCAACTAATGAAAAACTGTTTTTT,466,2,clonotype3,clonotype3_consensus_1
TCGAGGCGTCTTGTCC-1,True,TCGAGGCGTCTTGTCC-1_contig_3,True,374,TRB,TRBV7-3,None,TRBJ2-1,TRBC2,True,False,CQQRSLKAGGPYNEQFF,TGCCAGCAGCGGTCACTTAAAGCGGGGGGACCCTACAATGAGCAGTTCTTC,609,1,clonotype3,None
TCGAGGCGTGAAAGAG-1,True,TCGAGGCGTGAAAGAG-1_contig_1,True,592,TRA,TRAV17,None,TRAJ53,TRAC,True,True,CATAPNSGGSNYKLTF,TGTGCTACGGCTCCGAATAGTGGAGGTAGCAACTATAAACTGACATTT,535,4,clonotype150,clonotype150_consensus_2
TCGAGGCGTGAAAGAG-1,True,TCGAGGCGTGAAAGAG-1_contig_2,True,478,TRB,TRBV5-6,None,TRBJ1-6,TRBC1,True,True,CASSFTGSRSPLHF,TGTGCCAGCAGCTTTACAGGGTCGCGGTCACCCCTCCACTTT,1460,5,clonotype150,clonotype150_consensus_1
TCGAGGCGTGAAAGAG-1,True,TCGAGGCGTGAAAGAG-1_contig_3,True,347,TRB,None,None,TRBJ2-1,TRBC2,False,False,None,None,622,5,clonotype150,None
TCGAGGCGTTAGTGGG-1,True,TCGAGGCGTTAGTGGG-1_contig_1,True,505,TRA,TRAV1-2,None,TRAJ33,TRAC,True,True,CAATDSNYQLIW,TGTGCTGCGACTGATAGCAACTATCAGTTAATCTGG,537,2,clonotype1,clonotype1_consensus_2
TCGAGGCGTTAGTGGG-1,True,TCGAGGCGTTAGTGGG-1_contig_2,True,521,TRB,TRBV20-1,None,TRBJ2-1,TRBC2,True,True,CSARVGSEVNEQFF,TGCAGTGCTAGAGTGGGGTCGGAAGTCAATGAGCAGTTCTTC,1476,8,clonotype1,clonotype1_consensus_1
TCGAGGCGTTCGTTGA-1,True,TCGAGGCGTTCGTTGA-1_contig_1,True,518,TRB,TRBV20-1,None,TRBJ1-2,TRBC1,True,True,CSSDRGLSNGYTF,TGCAGTTCCGACAGGGGCCTTTCCAATGGCTACACCTTC,247,4,clonotype3265,clonotype3265_consensus_2
TCGAGGCGTTCGTTGA-1,True,TCGAGGCGTTCGTTGA-1_contig_2,True,527,TRB,TRBV20-1,None,TRBJ2-7,TRBC2,True,True,CSARASRLVLSYEQYF,TGCAGTGCTAGAGCCTCACGGCTAGTACTTTCCTACGAGCAGTACTTC,1573,4,clonotype3265,clonotype3265_consensus_1
TCGAGGCGTTCGTTGA-1,True,TCGAGGCGTTCGTTGA-1_contig_3,True,678,TRA,TRAV5,None,TRAJ10,TRAC,True,False,CRSRRGGGNKLTF,TGCAGGTCCAGAAGGGGAGGAGGAAACAAACTCACCTTT,159,1,clonotype3265,None
TCGAGGCGTTCGTTGA-1,True,TCGAGGCGTTCGTTGA-1_contig_4,True,474,TRB,TRBV10-3,None,TRBJ2-1,TRBC2,True,False,CTSVPSVISVSYNEQFF,TGTACTTCTGTGCCATCAGTGATTTCAGTCTCCTACAATGAGCAGTTCTTC,118,1,clonotype3265,None
TCGAGGCTCAGCGATT-1,True,TCGAGGCTCAGCGATT-1_contig_1,True,520,TRA,TRAV1-2,None,TRAJ39,TRAC,True,True,CAVKGWGSPDAGNMLTF,TGTGCTGTGAAGGGTTGGGGGTCACCGGATGCAGGCAACATGCTCACCTTT,751,5,clonotype3266,clonotype3266_consensus_1
TCGAGGCTCAGCGATT-1,True,TCGAGGCTCAGCGATT-1_contig_2,True,521,TRB,TRBV20-1,None,TRBJ2-5,TRBC2,True,True,CSARDRGGRETQYF,TGCAGTGCTAGAGACCGGGGGGGCCGTGAGACCCAGTACTTC,2099,11,clonotype3266,clonotype3266_consensus_2
TCGAGGCTCAGTTCGA-1,True,TCGAGGCTCAGTTCGA-1_contig_1,True,521,TRB,TRBV20-1,None,TRBJ2-1,TRBC2,True,True,CSARVGSEVNEQFF,TGCAGTGCTAGAGTGGGGTCGGAAGTCAATGAGCAGTTCTTC,2629,12,clonotype2,clonotype2_consensus_1
TCGAGGCTCCGGGTGT-1,True,TCGAGGCTCCGGGTGT-1_contig_1,True,515,TRB,TRBV20-1,None,TRBJ2-1,TRBC2,True,True,CSARYRDNEQFF,TGCAGTGCTAGGTACAGGGACAATGAGCAGTTCTTC,1668,9,clonotype49,clonotype49_consensus_1
TCGAGGCTCCGGGTGT-1,True,TCGAGGCTCCGGGTGT-1_contig_2,True,505,TRA,TRAV1-2,None,TRAJ33,TRAC,True,True,CAVLDSNYQLIW,TGTGCTGTGTTGGATAGCAACTATCAGTTAATCTGG,483,3,clonotype49,clonotype49_consensus_2
TCGAGGCTCCTCTAGC-1,True,TCGAGGCTCCTCTAGC-1_contig_1,True,505,TRA,TRAV1-2,None,TRAJ33,TRAC,True,True,CAATDSNYQLIW,TGTGCTGCGACTGATAGCAACTATCAGTTAATCTGG,594,3,clonotype1,clonotype1_consensus_2
TCGAGGCTCCTCTAGC-1,True,TCGAGGCTCCTCTAGC-1_contig_2,True,498,TRB,TRBV20-1,None,TRBJ2-1,TRBC2,True,True,CSARVGSEVNEQFF,TGCAGTGCTAGAGTGGGGTCGGAAGTCAATGAGCAGTTCTTC,3492,15,clonotype1,clonotype1_consensus_1
TCGAGGCTCGGAAATA-1,True,TCGAGGCTCGGAAATA-1_contig_1,True,683,TRB,TRBV5-6,None,TRBJ2-1,TRBC2,True,True,CASSLYGLINEQFF,TGTGCCAGCAGCTTGTACGGGTTGATTAATGAGCAGTTCTTC,1235,10,clonotype3267,clonotype3267_consensus_1
TCGAGGCTCGGAAATA-1,True,TCGAGGCTCGGAAATA-1_contig_2,True,379,TRA,TRAV3,None,None,TRAC,False,False,None,None,1632,5,clonotype3267,None
TCGAGGCTCTGCCCTA-1,True,TCGAGGCTCTGCCCTA-1_contig_1,True,514,TRA,TRAV23/DV6,None,TRAJ28,TRAC,True,True,CAALYSGAGSYQLTF,TGTGCAGCCCTATACTCTGGGGCTGGGAGTTACCAACTCACTTTC,140,1,clonotype3268,clonotype3268_consensus_1
TCGAGGCTCTGCCCTA-1,True,TCGAGGCTCTGCCCTA-1_contig_2,True,483,TRB,TRBV5-5,None,TRBJ1-1,TRBC1,True,True,CASSLAGQVTEAFF,TGTGCCAGCAGCTTGGCCGGGCAGGTCACTGAAGCTTTCTTT,3133,10,clonotype3268,clonotype3268_consensus_2
TCGAGGCTCTGCCCTA-1,True,TCGAGGCTCTGCCCTA-1_contig_3,True,516,TRA,TRAV20,None,TRAJ18,TRAC,True,False,CCAGRDRGSTLGRLYF,TGCTGTGCAGGCCGAGACAGAGGCTCAACCCTGGGGAGGCTATACTTT,576,2,clonotype3268,None
TCGCGAGAGATATACG-1,True,TCGCGAGAGATATACG-1_contig_1,True,505,TRA,TRAV1-2,None,TRAJ33,TRAC,True,True,CAATDSNYQLIW,TGTGCTGCGACTGATAGCAACTATCAGTTAATCTGG,1978,5,clonotype1,clonotype1_consensus_2
TCGCGAGAGATATACG-1,True,TCGCGAGAGATATACG-1_contig_2,True,498,TRB,TRBV20-1,None,TRBJ2-1,TRBC2,True,True,CSARVGSEVNEQFF,TGCAGTGCTAGAGTGGGGTCGGAAGTCAATGAGCAGTTCTTC,1728,12,clonotype1,clonotype1_consensus_1
TCGCGAGAGATTACCC-1,True,TCGCGAGAGATTACCC-1_contig_1,True,502,TRA,TRAV1-2,None,TRAJ30,TRAC,True,True,CAVRDLREIIF,TGTGCTGTGAGAGATCTTCGGGAGATCATCTTT,272,4,clonotype3,clonotype3_consensus_2
TCGCGAGAGATTACCC-1,True,TCGCGAGAGATTACCC-1_contig_2,True,664,TRB,TRBV5-5,None,TRBJ1-4,TRBC1,True,True,CASSHPGPNYATNEKLFF,TGTGCCAGCAGCCATCCCGGACCGAACTACGCAACTAATGAAAAACTGTTTTTT,743,3,clonotype3,clonotype3_consensus_1
TCGCGAGAGATTACCC-1,True,TCGCGAGAGATTACCC-1_contig_3,True,482,TRB,TRBV7-3,None,TRBJ2-1,TRBC2,True,False,CQQRSLKAGGPYNEQFF,TGCCAGCAGCGGTCACTTAAAGCGGGGGGACCCTACAATGAGCAGTTCTTC,5725,3,clonotype3,None
TCGCGAGAGCACCGTC-1,True,TCGCGAGAGCACCGTC-1_contig_1,True,521,TRB,TRBV20-1,None,TRBJ2-1,TRBC2,True,True,CSARVGSEVNEQFF,TGCAGTGCTAGAGTGGGGTCGGAAGTCAATGAGCAGTTCTTC,621,4,clonotype2,clonotype2_consensus_1
TCGCGAGAGCACCGTC-1,True,TCGCGAGAGCACCGTC-1_contig_2,True,482,TRA,TRAV10,None,TRAJ24,TRAC,True,False,None,None,417,3,clonotype2,None
TCGCGAGAGCTCCTCT-1,True,TCGCGAGAGCTCCTCT-1_contig_1,True,652,TRB,TRBV5-6,None,TRBJ2-5,TRBC2,True,True,CASSMGGRETQYF,TGTGCCAGCTCAATGGGGGGTCGAGAGACCCAGTACTTC,461,2,clonotype52,clonotype52_consensus_2
TCGCGAGAGCTCCTCT-1,True,TCGCGAGAGCTCCTCT-1_contig_2,True,498,TRA,TRAV9-2,None,TRAJ57,TRAC,True,True,CALSGTQGGSEKLVF,TGTGCTCTGAGCGGAACTCAGGGCGGATCTGAAAAGCTGGTCTTT,792,4,clonotype52,clonotype52_consensus_1
TCGCGAGAGGGATCTG-1,True,TCGCGAGAGGGATCTG-1_contig_1,True,527,TRB,TRBV20-1,None,TRBJ2-5,TRBC2,True,True,CSAFPFGVLSQETQYF,TGCAGTGCTTTTCCGTTTGGGGTGCTATCCCAAGAGACCCAGTACTTC,3583,12,clonotype3269,clonotype3269_consensus_1
TCGCGAGAGGGATCTG-1,True,TCGCGAGAGGGATCTG-1_contig_2,True,526,TRA,TRAV14/DV4,None,TRAJ40,TRAC,True,True,CAMREGPSGTYKYIF,TGTGCAATGAGAGAGGGCCCCTCAGGAACCTACAAATACATCTTT,362,3,clonotype3269,clonotype3269_consensus_2
TCGCGAGAGGGATCTG-1,True,TCGCGAGAGGGATCTG-1_contig_3,True,459,TRA,None,None,TRAJ20,TRAC,False,False,None,None,602,5,clonotype3269,None
TCGCGAGAGTCGTTTG-1,True,TCGCGAGAGTCGTTTG-1_contig_1,True,495,TRA,TRAV1-2,None,TRAJ33,TRAC,True,True,CAATDSNYQLIW,TGTGCTGCGACTGATAGCAACTATCAGTTAATCTGG,67,10,clonotype1,clonotype1_consensus_2
TCGCGAGAGTCGTTTG-1,True,TCGCGAGAGTCGTTTG-1_contig_2,True,521,TRB,TRBV20-1,None,TRBJ2-1,TRBC2,True,True,CSARVGSEVNEQFF,TGCAGTGCTAGAGTGGGGTCGGAAGTCAATGAGCAGTTCTTC,632,18,clonotype1,clonotype1_consensus_1
TCGCGAGAGTCGTTTG-1,True,TCGCGAGAGTCGTTTG-1_contig_3,True,454,TRA,TRAV10,None,TRAJ24,TRAC,True,False,None,None,75,10,clonotype1,None
TCGCGAGAGTCTTGCA-1,True,TCGCGAGAGTCTTGCA-1_contig_1,True,618,TRA,TRAV3,None,TRAJ26,TRAC,True,True,CAVRGPNYGQNFVF,TGTGCTGTGAGAGGGCCCAACTATGGTCAGAATTTTGTCTTT,2137,10,clonotype3270,clonotype3270_consensus_1
TCGCGAGCAAGCTGAG-1,True,TCGCGAGCAAGCTGAG-1_contig_1,True,505,TRA,TRAV1-2,None,TRAJ33,TRAC,True,True,CAATDSNYQLIW,TGTGCTGCGACTGATAGCAACTATCAGTTAATCTGG,216,3,clonotype1,clonotype1_consensus_2
TCGCGAGCAAGCTGAG-1,True,TCGCGAGCAAGCTGAG-1_contig_2,True,476,TRB,TRBV20-1,None,TRBJ2-1,TRBC2,True,True,CSARVGSEVNEQFF,TGCAGTGCTAGAGTGGGGTCGGAAGTCAATGAGCAGTTCTTC,1093,2,clonotype1,clonotype1_consensus_1
TCGCGAGCAAGCTGAG-1,True,TCGCGAGCAAGCTGAG-1_contig_3,True,482,TRA,TRAV10,None,TRAJ24,TRAC,True,False,None,None,373,3,clonotype1,None
TCGCGAGCAGAAGCAC-1,True,TCGCGAGCAGAAGCAC-1_contig_1,True,492,TRB,TRBV20-1,None,TRBJ2-1,TRBC2,True,True,CSARVGSEVNEQFF,TGCAGTGCTAGAGTGGGGTCGGAAGTCAATGAGCAGTTCTTC,3044,12,clonotype2,clonotype2_consensus_1
TCGCGAGCAGAAGCAC-1,True,TCGCGAGCAGAAGCAC-1_contig_2,True,465,TRA,TRAV10,None,TRAJ24,TRAC,True,False,None,None,451,3,clonotype2,None
TCGCGAGCAGGATTGG-1,True,TCGCGAGCAGGATTGG-1_contig_1,True,505,TRA,TRAV1-2,None,TRAJ33,TRAC,True,True,CAATDSNYQLIW,TGTGCTGCGACTGATAGCAACTATCAGTTAATCTGG,552,4,clonotype1,clonotype1_consensus_2
TCGCGAGCAGGATTGG-1,True,TCGCGAGCAGGATTGG-1_contig_2,True,521,TRB,TRBV20-1,None,TRBJ2-1,TRBC2,True,True,CSARVGSEVNEQFF,TGCAGTGCTAGAGTGGGGTCGGAAGTCAATGAGCAGTTCTTC,1426,12,clonotype1,clonotype1_consensus_1
TCGCGAGGTAGTGAAT-1,True,TCGCGAGGTAGTGAAT-1_contig_1,True,505,TRA,TRAV1-2,None,TRAJ33,TRAC,True,True,CAATDSNYQLIW,TGTGCTGCGACTGATAGCAACTATCAGTTAATCTGG,246,2,clonotype1,clonotype1_consensus_2
TCGCGAGGTAGTGAAT-1,True,TCGCGAGGTAGTGAAT-1_contig_2,True,521,TRB,TRBV20-1,None,TRBJ2-1,TRBC2,True,True,CSARVGSEVNEQFF,TGCAGTGCTAGAGTGGGGTCGGAAGTCAATGAGCAGTTCTTC,2294,7,clonotype1,clonotype1_consensus_1
TCGCGAGGTAGTGAAT-1,True,TCGCGAGGTAGTGAAT-1_contig_3,True,465,TRA,TRAV10,None,TRAJ24,TRAC,True,False,None,None,228,1,clonotype1,None
TCGCGAGGTCGCATCG-1,True,TCGCGAGGTCGCATCG-1_contig_1,True,510,TRB,TRBV5-5,None,TRBJ2-1,TRBC2,True,True,CASSSFSGEIYNEQFF,TGTGCCAGCAGCTCGTTTAGCGGGGAAATCTACAATGAGCAGTTCTTC,2379,10,clonotype3271,clonotype3271_consensus_1
TCGCGAGGTGCTAGCC-1,True,TCGCGAGGTGCTAGCC-1_contig_1,True,521,TRB,TRBV20-1,None,TRBJ2-1,TRBC2,True,True,CSAGTGTGHNEQFF,TGCAGTGCTGGAACCGGGACTGGTCACAATGAGCAGTTCTTC,539,5,clonotype3272,clonotype3272_consensus_1
TCGCGAGTCACGCGGT-1,True,TCGCGAGTCACGCGGT-1_contig_1,True,618,TRA,TRAV41,None,TRAJ48,TRAC,True,True,CAALGRDNFGNEKLTF,TGTGCTGCCCTTGGGAGGGATAACTTTGGAAATGAGAAATTAACCTTT,244,2,clonotype87,clonotype87_consensus_1
TCGCGAGTCACGCGGT-1,True,TCGCGAGTCACGCGGT-1_contig_2,True,662,TRB,TRBV5-5,None,TRBJ2-4,TRBC2,True,True,CASSLGSYLAKNIQYF,TGTGCCAGCAGCTTGGGCAGTTACCTAGCCAAAAACATTCAGTACTTC,5005,15,clonotype87,clonotype87_consensus_2
TCGCGAGTCACTCCTG-1,True,TCGCGAGTCACTCCTG-1_contig_1,True,495,TRB,TRBV20-1,None,TRBJ2-1,TRBC2,True,True,CSARVGSEVNEQFF,TGCAGTGCTAGAGTGGGGTCGGAAGTCAATGAGCAGTTCTTC,1032,6,clonotype2,clonotype2_consensus_1
TCGCGAGTCACTCCTG-1,True,TCGCGAGTCACTCCTG-1_contig_2,True,459,TRA,TRAV10,None,TRAJ24,TRAC,True,False,None,None,341,1,clonotype2,None
TCGCGAGTCAGTCCCT-1,True,TCGCGAGTCAGTCCCT-1_contig_1,True,498,TRB,TRBV20-1,None,TRBJ2-1,TRBC2,True,True,CSARVGSEVNEQFF,TGCAGTGCTAGAGTGGGGTCGGAAGTCAATGAGCAGTTCTTC,834,7,clonotype2,clonotype2_consensus_1
TCGCGAGTCATAAAGG-1,True,TCGCGAGTCATAAAGG-1_contig_1,True,574,TRA,TRAV8-1,None,TRAJ4,TRAC,True,True,CAVIGSGGYNKLIF,TGTGCCGTGATTGGCTCTGGTGGCTACAATAAGCTGATTTTT,134,2,clonotype3273,clonotype3273_consensus_1
TCGCGAGTCATAAAGG-1,True,TCGCGAGTCATAAAGG-1_contig_2,True,717,TRB,TRBV5-6,None,TRBJ1-4,TRBC1,True,True,CASSLGRRGLNEKLFF,TGTGCCAGCAGCTTGGGTCGGAGAGGACTTAATGAAAAACTGTTTTTT,1231,5,clonotype3273,clonotype3273_consensus_2
TCGCGAGTCATAAAGG-1,True,TCGCGAGTCATAAAGG-1_contig_3,True,309,TRB,None,None,TRBJ1-2,TRBC1,False,False,None,None,590,3,clonotype3273,None
TCGCGAGTCCGAAGAG-1,True,TCGCGAGTCCGAAGAG-1_contig_1,True,505,TRA,TRAV1-2,None,TRAJ33,TRAC,True,True,CAATDSNYQLIW,TGTGCTGCGACTGATAGCAACTATCAGTTAATCTGG,385,4,clonotype1,clonotype1_consensus_2
TCGCGAGTCCGAAGAG-1,True,TCGCGAGTCCGAAGAG-1_contig_2,True,473,TRB,TRBV20-1,None,TRBJ2-1,TRBC2,True,True,CSARVGSEVNEQFF,TGCAGTGCTAGAGTGGGGTCGGAAGTCAATGAGCAGTTCTTC,751,4,clonotype1,clonotype1_consensus_1
TCGCGAGTCCTTGCCA-1,True,TCGCGAGTCCTTGCCA-1_contig_1,True,477,TRB,TRBV5-6,None,TRBJ1-2,TRBC1,True,True,CASSLGQQHYGYTF,TGTGCCAGCAGCTTGGGCCAACAGCATTATGGCTACACCTTC,1764,6,clonotype3274,clonotype3274_consensus_1
TCGCGAGTCGTTGACA-1,True,TCGCGAGTCGTTGACA-1_contig_1,True,541,TRA,TRAV12-2,None,TRAJ15,TRAC,True,True,CAVKQAGTALIF,TGTGCCGTGAAACAGGCAGGAACTGCTCTGATCTTT,393,11,clonotype3275,clonotype3275_consensus_1
TCGCGAGTCGTTGACA-1,True,TCGCGAGTCGTTGACA-1_contig_2,True,498,TRB,TRBV20-1,None,TRBJ2-1,TRBC2,True,True,CSADSRVEYNEQFF,TGCAGTGCTGATTCTAGGGTGGAGTACAATGAGCAGTTCTTC,3678,19,clonotype3275,clonotype3275_consensus_2
TCGCGAGTCTAACTTC-1,True,TCGCGAGTCTAACTTC-1_contig_1,True,505,TRA,TRAV1-2,None,TRAJ33,TRAC,True,True,CAATDSNYQLIW,TGTGCTGCGACTGATAGCAACTATCAGTTAATCTGG,7744,6,clonotype1,clonotype1_consensus_2
TCGCGAGTCTAACTTC-1,True,TCGCGAGTCTAACTTC-1_contig_2,True,495,TRB,TRBV20-1,None,TRBJ2-1,TRBC2,True,True,CSARVGSEVNEQFF,TGCAGTGCTAGAGTGGGGTCGGAAGTCAATGAGCAGTTCTTC,1218,8,clonotype1,clonotype1_consensus_1
TCGCGAGTCTTTACAC-1,True,TCGCGAGTCTTTACAC-1_contig_1,True,484,TRB,TRBV5-6,None,TRBJ2-1,TRBC2,True,True,CASSLPGAKQFF,TGTGCCAGCAGCTTACCGGGTGCTAAGCAGTTCTTC,3221,12,clonotype3276,clonotype3276_consensus_4
TCGCGAGTCTTTACAC-1,True,TCGCGAGTCTTTACAC-1_contig_2,True,490,TRB,TRBV3-1,None,TRBJ2-3,TRBC2,True,True,CASSLEGRPRWF,TGTGCCAGCAGCCTTGAAGGACGCCCTCGGTGGTTT,2064,7,clonotype3276,clonotype3276_consensus_3
TCGCGAGTCTTTACAC-1,True,TCGCGAGTCTTTACAC-1_contig_3,True,504,TRA,TRAV12-3,None,TRAJ10,TRAC,True,True,CAMSASGGGGNKLTF,TGTGCAATGAGCGCCTCGGGGGGAGGAGGAAACAAACTCACCTTT,862,6,clonotype3276,clonotype3276_consensus_1
TCGCGAGTCTTTACAC-1,True,TCGCGAGTCTTTACAC-1_contig_4,True,504,TRA,TRAV39,None,TRAJ58,TRAC,True,True,CAVDMSTSGSRLTF,TGTGCCGTGGACATGTCAACCAGTGGCTCTAGGTTGACCTTT,298,4,clonotype3276,clonotype3276_consensus_2
TCGCGTTAGAAACCTA-1,True,TCGCGTTAGAAACCTA-1_contig_1,True,487,TRA,TRAV1-2,None,TRAJ33,TRAC,True,True,CAATDSNYQLIW,TGTGCTGCGACTGATAGCAACTATCAGTTAATCTGG,104,1,clonotype1,clonotype1_consensus_2
TCGCGTTAGAAACCTA-1,True,TCGCGTTAGAAACCTA-1_contig_2,True,521,TRB,TRBV20-1,None,TRBJ2-1,TRBC2,True,True,CSARVGSEVNEQFF,TGCAGTGCTAGAGTGGGGTCGGAAGTCAATGAGCAGTTCTTC,1722,10,clonotype1,clonotype1_consensus_1
TCGCGTTAGAAACCTA-1,True,TCGCGTTAGAAACCTA-1_contig_3,True,482,TRA,TRAV10,None,TRAJ24,TRAC,True,False,None,None,359,1,clonotype1,None
TCGCGTTAGAGCTATA-1,True,TCGCGTTAGAGCTATA-1_contig_1,True,524,TRB,TRBV20-1,None,TRBJ2-1,TRBC2,True,True,CSASPHGAAYNEQFF,TGCAGTGCTAGCCCCCACGGGGCGGCCTACAATGAGCAGTTCTTC,1506,6,clonotype3277,clonotype3277_consensus_1
TCGCGTTAGAGCTATA-1,True,TCGCGTTAGAGCTATA-1_contig_2,True,504,TRB,TRBV20-1,None,TRBJ2-7,TRBC2,True,True,CSARASRLVLSYEQYF,TGCAGTGCTAGAGCCTCACGGCTAGTACTTTCCTACGAGCAGTACTTC,2825,9,clonotype3277,clonotype3277_consensus_3
TCGCGTTAGAGCTATA-1,True,TCGCGTTAGAGCTATA-1_contig_3,True,542,TRA,TRAV26-1,None,TRAJ34,TRAC,True,True,CIASSYNTDKLIF,TGCATCGCTTCATCTTATAACACCGACAAGCTCATCTTT,553,3,clonotype3277,clonotype3277_consensus_2
TCGCGTTAGAGCTATA-1,True,TCGCGTTAGAGCTATA-1_contig_4,True,484,TRA,TRAV13-2,None,TRAJ26,TRAC,True,False,CRAASGGQNFVF,TGCAGGGCCGCCTCGGGGGGTCAGAATTTTGTCTTT,183,4,clonotype3277,None
TCGCGTTAGCAATATG-1,True,TCGCGTTAGCAATATG-1_contig_1,True,505,TRA,TRAV1-2,None,TRAJ33,TRAC,True,True,CAATDSNYQLIW,TGTGCTGCGACTGATAGCAACTATCAGTTAATCTGG,62,2,clonotype1,clonotype1_consensus_2
TCGCGTTAGCAATATG-1,True,TCGCGTTAGCAATATG-1_contig_2,True,495,TRB,TRBV20-1,None,TRBJ2-1,TRBC2,True,True,CSARVGSEVNEQFF,TGCAGTGCTAGAGTGGGGTCGGAAGTCAATGAGCAGTTCTTC,1288,9,clonotype1,clonotype1_consensus_1
TCGCGTTAGCAATATG-1,True,TCGCGTTAGCAATATG-1_contig_3,True,442,TRB,None,None,TRBJ1-5,TRBC1,False,False,None,None,479,1,clonotype1,None
TCGCGTTAGGGAACGG-1,True,TCGCGTTAGGGAACGG-1_contig_1,True,512,TRB,TRBV20-1,None,TRBJ1-2,TRBC1,True,True,CSAPQGYYGYTF,TGCAGTGCCCCACAGGGTTACTATGGCTACACCTTC,4152,19,clonotype24,clonotype24_consensus_1
TCGCGTTAGGGAACGG-1,True,TCGCGTTAGGGAACGG-1_contig_2,True,462,TRA,TRAV34,None,TRAJ30,TRAC,True,True,CGADGGDDKIIF,TGTGGAGCAGACGGCGGGGATGACAAGATCATCTTT,1468,10,clonotype24,clonotype24_consensus_2
TCGCGTTAGGGAACGG-1,True,TCGCGTTAGGGAACGG-1_contig_3,True,426,TRB,None,None,TRBJ1-4,None,False,False,None,None,1597,3,clonotype24,None
TCGCGTTCACACCGAC-1,True,TCGCGTTCACACCGAC-1_contig_1,True,502,TRA,TRAV1-2,None,TRAJ33,TRAC,True,True,CAATDSNYQLIW,TGTGCTGCGACTGATAGCAACTATCAGTTAATCTGG,469,4,clonotype1,clonotype1_consensus_2
TCGCGTTCACACCGAC-1,True,TCGCGTTCACACCGAC-1_contig_2,True,521,TRB,TRBV20-1,None,TRBJ2-1,TRBC2,True,True,CSARVGSEVNEQFF,TGCAGTGCTAGAGTGGGGTCGGAAGTCAATGAGCAGTTCTTC,271,3,clonotype1,clonotype1_consensus_1
TCGCGTTCACAGACTT-1,True,TCGCGTTCACAGACTT-1_contig_1,True,505,TRA,TRAV1-2,None,TRAJ33,TRAC,True,True,CAATDSNYQLIW,TGTGCTGCGACTGATAGCAACTATCAGTTAATCTGG,646,2,clonotype1,clonotype1_consensus_2
TCGCGTTCACAGACTT-1,True,TCGCGTTCACAGACTT-1_contig_2,True,521,TRB,TRBV20-1,None,TRBJ2-1,TRBC2,True,True,CSARVGSEVNEQFF,TGCAGTGCTAGAGTGGGGTCGGAAGTCAATGAGCAGTTCTTC,2113,11,clonotype1,clonotype1_consensus_1
TCGCGTTCACAGACTT-1,True,TCGCGTTCACAGACTT-1_contig_3,True,472,TRA,TRAV10,None,TRAJ24,TRAC,True,False,None,None,722,2,clonotype1,None
TCGCGTTCAGACAAAT-1,True,TCGCGTTCAGACAAAT-1_contig_1,True,508,TRA,TRAV20,None,TRAJ24,TRAC,True,True,CAVMTTDSWGKFQF,TGTGCTGTTATGACAACTGACAGCTGGGGGAAATTCCAGTTT,745,4,clonotype86,clonotype86_consensus_1
TCGCGTTCAGCTTAAC-1,True,TCGCGTTCAGCTTAAC-1_contig_1,True,489,TRA,TRAV1-2,None,TRAJ33,TRAC,True,True,CAATDSNYQLIW,TGTGCTGCGACTGATAGCAACTATCAGTTAATCTGG,752,3,clonotype1,clonotype1_consensus_2
TCGCGTTCAGCTTAAC-1,True,TCGCGTTCAGCTTAAC-1_contig_2,True,521,TRB,TRBV20-1,None,TRBJ2-1,TRBC2,True,True,CSARVGSEVNEQFF,TGCAGTGCTAGAGTGGGGTCGGAAGTCAATGAGCAGTTCTTC,2902,13,clonotype1,clonotype1_consensus_1
TCGCGTTCAGCTTAAC-1,True,TCGCGTTCAGCTTAAC-1_contig_3,True,467,TRA,TRAV10,None,TRAJ24,TRAC,True,False,None,None,401,1,clonotype1,None
TCGCGTTCATCCAACA-1,True,TCGCGTTCATCCAACA-1_contig_1,True,507,TRA,TRAV12-3,None,TRAJ32,TRAC,True,True,CAMSSNYGGATNKLIF,TGTGCAATGAGCTCTAATTATGGTGGTGCTACAAACAAGCTCATCTTT,1324,7,clonotype3278,clonotype3278_consensus_2
TCGCGTTCATCCAACA-1,True,TCGCGTTCATCCAACA-1_contig_2,True,521,TRB,TRBV20-1,None,TRBJ2-7,TRBC2,True,True,CSARPRPFSYEQYF,TGCAGTGCTAGACCTAGACCCTTCTCCTACGAGCAGTACTTC,3915,12,clonotype3278,clonotype3278_consensus_1
TCGCGTTCATTGCGGC-1,True,TCGCGTTCATTGCGGC-1_contig_1,True,514,TRB,TRBV20-1,None,TRBJ1-2,TRBC1,True,True,CSARGNAATTGGTPGYTF,TGCAGTGCTAGAGGAAACGCAGCTACAACAGGGGGGACTCCTGGCTACACCTTC,11853,4,clonotype376,clonotype376_consensus_1
TCGCGTTGTAGCCTCG-1,True,TCGCGTTGTAGCCTCG-1_contig_1,True,473,TRB,TRBV5-5,None,TRBJ1-2,TRBC1,True,True,CASSLEGYGYTF,TGTGCCAGCAGCTTGGAGGGCTATGGCTACACCTTC,704,4,clonotype3279,clonotype3279_consensus_2
TCGCGTTGTAGCCTCG-1,True,TCGCGTTGTAGCCTCG-1_contig_2,True,576,TRA,TRAV8-4,None,TRAJ52,TRAC,True,True,CAVSGAGGTSYGKLTF,TGTGCTGTGAGTGGAGCTGGTGGTACTAGCTATGGAAAGCTGACATTT,410,4,clonotype3279,clonotype3279_consensus_1
TCGCGTTGTAGCCTCG-1,True,TCGCGTTGTAGCCTCG-1_contig_3,True,433,Multi,TRDV1,None,TRAJ48,TRAC,True,False,None,None,522,2,clonotype3279,None
TCGCGTTGTAGCGCAA-1,True,TCGCGTTGTAGCGCAA-1_contig_1,True,505,TRA,TRAV1-2,None,TRAJ33,TRAC,True,True,CAATDSNYQLIW,TGTGCTGCGACTGATAGCAACTATCAGTTAATCTGG,495,5,clonotype1,clonotype1_consensus_2
TCGCGTTGTAGCGCAA-1,True,TCGCGTTGTAGCGCAA-1_contig_2,True,521,TRB,TRBV20-1,None,TRBJ2-1,TRBC2,True,True,CSARVGSEVNEQFF,TGCAGTGCTAGAGTGGGGTCGGAAGTCAATGAGCAGTTCTTC,2845,10,clonotype1,clonotype1_consensus_1
TCGCGTTGTCCGAACC-1,True,TCGCGTTGTCCGAACC-1_contig_1,True,512,TRA,TRAV13-2,None,TRAJ10,TRAC,True,True,CAENIGGGGNKLTF,TGTGCAGAGAATATAGGGGGAGGAGGAAACAAACTCACCTTT,2071,8,clonotype3280,clonotype3280_consensus_1
TCGCGTTGTCCGAACC-1,True,TCGCGTTGTCCGAACC-1_contig_2,True,521,TRB,TRBV20-1,None,TRBJ2-2,TRBC2,True,True,CSARGRAATGELFF,TGCAGTGCTAGAGGCAGGGCGGCCACCGGGGAGCTGTTTTTT,1954,13,clonotype3280,clonotype3280_consensus_2
TCGCGTTGTCTGGTCG-1,True,TCGCGTTGTCTGGTCG-1_contig_1,True,521,TRB,TRBV20-1,None,TRBJ2-1,TRBC2,True,True,CSARTGGAYNEQFF,TGCAGTGCTAGAACAGGGGGCGCGTACAATGAGCAGTTCTTC,1009,6,clonotype3281,clonotype3281_consensus_1
TCGCGTTGTGAGGCTA-1,True,TCGCGTTGTGAGGCTA-1_contig_1,True,505,TRA,TRAV1-2,None,TRAJ33,TRAC,True,True,CAATDSNYQLIW,TGTGCTGCGACTGATAGCAACTATCAGTTAATCTGG,247,1,clonotype1,clonotype1_consensus_2
TCGCGTTGTGAGGCTA-1,True,TCGCGTTGTGAGGCTA-1_contig_2,True,521,TRB,TRBV20-1,None,TRBJ2-1,TRBC2,True,True,CSARVGSEVNEQFF,TGCAGTGCTAGAGTGGGGTCGGAAGTCAATGAGCAGTTCTTC,1882,8,clonotype1,clonotype1_consensus_1
TCGCGTTGTGAGGCTA-1,True,TCGCGTTGTGAGGCTA-1_contig_3,True,470,TRA,TRAV10,None,TRAJ24,TRAC,True,False,None,None,112,1,clonotype1,None
TCGCGTTGTGCGATAG-1,True,TCGCGTTGTGCGATAG-1_contig_1,True,515,TRB,TRBV20-1,None,TRBJ2-7,TRBC2,True,True,CSARDKGWEQYF,TGCAGTGCTAGAGATAAGGGTTGGGAGCAGTACTTC,1601,10,clonotype3282,clonotype3282_consensus_2
TCGCGTTGTGCGATAG-1,True,TCGCGTTGTGCGATAG-1_contig_2,True,500,TRA,TRAV4,None,TRAJ6,TRAC,True,True,CLAPVPSRGGSYIPTF,TGCCTCGCCCCGGTCCCGTCCCGGGGAGGAAGCTACATACCTACATTT,1311,9,clonotype3282,clonotype3282_consensus_1
TCGCGTTGTTAAGTAG-1,True,TCGCGTTGTTAAGTAG-1_contig_1,True,505,TRA,TRAV1-2,None,TRAJ33,TRAC,True,True,CAATDSNYQLIW,TGTGCTGCGACTGATAGCAACTATCAGTTAATCTGG,958,4,clonotype1,clonotype1_consensus_2
TCGCGTTGTTAAGTAG-1,True,TCGCGTTGTTAAGTAG-1_contig_2,True,521,TRB,TRBV20-1,None,TRBJ2-1,TRBC2,True,True,CSARVGSEVNEQFF,TGCAGTGCTAGAGTGGGGTCGGAAGTCAATGAGCAGTTCTTC,1302,9,clonotype1,clonotype1_consensus_1
TCGCGTTGTTATGTGC-1,True,TCGCGTTGTTATGTGC-1_contig_1,True,524,TRB,TRBV20-1,None,TRBJ2-2,TRBC2,True,True,CSARDWDQNTGELFF,TGCAGTGCTAGAGACTGGGACCAGAACACCGGGGAGCTGTTTTTT,1605,8,clonotype3283,clonotype3283_consensus_1
TCGCGTTGTTCCCGAG-1,True,TCGCGTTGTTCCCGAG-1_contig_1,True,505,TRA,TRAV1-2,None,TRAJ33,TRAC,True,True,CAATDSNYQLIW,TGTGCTGCGACTGATAGCAACTATCAGTTAATCTGG,468,2,clonotype1,clonotype1_consensus_2
TCGCGTTGTTCCCGAG-1,True,TCGCGTTGTTCCCGAG-1_contig_2,True,521,TRB,TRBV20-1,None,TRBJ2-1,TRBC2,True,True,CSARVGSEVNEQFF,TGCAGTGCTAGAGTGGGGTCGGAAGTCAATGAGCAGTTCTTC,711,4,clonotype1,clonotype1_consensus_1
TCGCGTTGTTGGTGGA-1,True,TCGCGTTGTTGGTGGA-1_contig_1,True,505,TRA,TRAV1-2,None,TRAJ33,TRAC,True,True,CAATDSNYQLIW,TGTGCTGCGACTGATAGCAACTATCAGTTAATCTGG,591,4,clonotype1,clonotype1_consensus_2
TCGCGTTGTTGGTGGA-1,True,TCGCGTTGTTGGTGGA-1_contig_2,True,498,TRB,TRBV20-1,None,TRBJ2-1,TRBC2,True,True,CSARVGSEVNEQFF,TGCAGTGCTAGAGTGGGGTCGGAAGTCAATGAGCAGTTCTTC,1124,6,clonotype1,clonotype1_consensus_1
TCGCGTTTCACCTTAT-1,True,TCGCGTTTCACCTTAT-1_contig_1,True,514,TRA,TRAV20,None,TRAJ45,TRAC,True,True,CAVGRSDRGGADGLTF,TGTGCTGTGGGACGATCCGACAGAGGAGGTGCTGACGGACTCACCTTT,1212,6,clonotype3284,clonotype3284_consensus_1
TCGCGTTTCACCTTAT-1,True,TCGCGTTTCACCTTAT-1_contig_2,True,509,TRB,TRBV5-5,None,TRBJ1-5,TRBC1,True,True,CASSPGTAYQPQHF,TGTGCCAGCAGCCCCGGGACAGCCTATCAGCCCCAGCATTTT,1417,7,clonotype3284,clonotype3284_consensus_2
TCGCGTTTCACCTTAT-1,True,TCGCGTTTCACCTTAT-1_contig_3,True,525,TRA,TRAV16,None,TRAJ39,None,True,False,CHNAGNMLTF,TGTCATAATGCAGGCAACATGCTCACCTTT,59,1,clonotype3284,None
TCGCGTTTCACCTTAT-1,True,TCGCGTTTCACCTTAT-1_contig_4,True,378,TRB,None,None,TRBJ2-3,TRBC2,False,False,None,None,413,2,clonotype3284,None
TCGCGTTTCCAAAGTC-1,True,TCGCGTTTCCAAAGTC-1_contig_1,True,505,TRA,TRAV1-2,None,TRAJ33,TRAC,True,True,CAATDSNYQLIW,TGTGCTGCGACTGATAGCAACTATCAGTTAATCTGG,3566,3,clonotype1,clonotype1_consensus_2
TCGCGTTTCCAAAGTC-1,True,TCGCGTTTCCAAAGTC-1_contig_2,True,492,TRB,TRBV20-1,None,TRBJ2-1,TRBC2,True,True,CSARVGSEVNEQFF,TGCAGTGCTAGAGTGGGGTCGGAAGTCAATGAGCAGTTCTTC,1805,7,clonotype1,clonotype1_consensus_1
TCGCGTTTCCAAAGTC-1,True,TCGCGTTTCCAAAGTC-1_contig_3,True,482,TRA,TRAV10,None,TRAJ24,TRAC,True,False,None,None,139,1,clonotype1,None
TCGCGTTTCCGGCACA-1,True,TCGCGTTTCCGGCACA-1_contig_1,True,505,TRA,TRAV1-2,None,TRAJ33,TRAC,True,True,CAATDSNYQLIW,TGTGCTGCGACTGATAGCAACTATCAGTTAATCTGG,313,3,clonotype1,clonotype1_consensus_2
TCGCGTTTCCGGCACA-1,True,TCGCGTTTCCGGCACA-1_contig_2,True,456,TRB,TRBV20-1,None,TRBJ2-1,TRBC2,True,True,CSARVGSEVNEQFF,TGCAGTGCTAGAGTGGGGTCGGAAGTCAATGAGCAGTTCTTC,502,4,clonotype1,clonotype1_consensus_1
TCGCGTTTCGCATGAT-1,True,TCGCGTTTCGCATGAT-1_contig_1,True,565,TRA,TRAV19,None,TRAJ9,TRAC,True,True,CALSDNTGGFKTIF,TGTGCTCTGAGTGACAATACTGGAGGCTTCAAAACTATCTTT,543,3,clonotype3285,clonotype3285_consensus_2
TCGCGTTTCGCATGAT-1,True,TCGCGTTTCGCATGAT-1_contig_2,True,499,TRB,TRBV7-3,None,TRBJ2-7,TRBC2,True,True,CASSREGRGEQYF,TGTGCCAGCAGCCGGGAGGGCAGGGGCGAGCAGTACTTC,2183,9,clonotype3285,clonotype3285_consensus_4
TCGCGTTTCGCATGAT-1,True,TCGCGTTTCGCATGAT-1_contig_3,True,574,TRA,TRAV19,None,TRAJ52,TRAC,True,True,CALKGISGGTSYGKLTF,TGTGCTCTGAAGGGAATTTCTGGTGGTACTAGCTATGGAAAGCTGACATTT,556,6,clonotype3285,clonotype3285_consensus_1
TCGCGTTTCGCATGAT-1,True,TCGCGTTTCGCATGAT-1_contig_4,True,521,TRB,TRBV20-1,None,TRBJ2-3,TRBC2,True,True,CSARGGGARDTQYF,TGCAGTGCTAGAGGAGGGGGGGCCAGGGATACGCAGTATTTT,4470,20,clonotype3285,clonotype3285_consensus_3
TCGCGTTTCGCATGAT-1,True,TCGCGTTTCGCATGAT-1_contig_5,True,628,TRB,TRBV5-6,None,TRBJ2-2,None,True,False,CASSLLRDRAFGELFF,TGTGCCAGCAGCTTGCTCCGGGACAGGGCTTTCGGGGAGCTGTTTTTT,129,1,clonotype3285,None
TCGCGTTTCTTGTTTG-1,True,TCGCGTTTCTTGTTTG-1_contig_1,True,505,TRA,TRAV1-2,None,TRAJ33,TRAC,True,True,CAATDSNYQLIW,TGTGCTGCGACTGATAGCAACTATCAGTTAATCTGG,91,3,clonotype1,clonotype1_consensus_2
TCGCGTTTCTTGTTTG-1,True,TCGCGTTTCTTGTTTG-1_contig_2,True,498,TRB,TRBV20-1,None,TRBJ2-1,TRBC2,True,True,CSARVGSEVNEQFF,TGCAGTGCTAGAGTGGGGTCGGAAGTCAATGAGCAGTTCTTC,1992,8,clonotype1,clonotype1_consensus_1
TCGCGTTTCTTGTTTG-1,True,TCGCGTTTCTTGTTTG-1_contig_3,True,476,TRA,TRAV10,None,TRAJ24,TRAC,True,False,None,None,57,2,clonotype1,None
TCGGGACAGATGTAAC-1,True,TCGGGACAGATGTAAC-1_contig_1,True,512,TRA,TRAV5,None,TRAJ43,TRAC,True,True,CAERGPDMRF,TGTGCAGAGAGGGGTCCTGACATGCGCTTT,130,3,clonotype3286,clonotype3286_consensus_2
TCGGGACAGATGTAAC-1,True,TCGGGACAGATGTAAC-1_contig_2,True,502,TRB,TRBV4-1,None,TRBJ2-3,TRBC2,True,True,CASSRPHPYTSGSTDTQYF,TGCGCCAGCAGCCGCCCACACCCTTATACTAGCGGGAGCACAGATACGCAGTATTTT,928,4,clonotype3286,clonotype3286_consensus_1
TCGGGACAGGGCTCTC-1,True,TCGGGACAGGGCTCTC-1_contig_1,True,518,TRB,TRBV20-1,None,TRBJ2-7,TRBC2,True,True,CSARAGTLNEQYF,TGCAGTGCTAGAGCTGGGACATTGAACGAGCAGTACTTC,951,7,clonotype3287,clonotype3287_consensus_1
TCGGGACAGGGCTCTC-1,True,TCGGGACAGGGCTCTC-1_contig_2,True,501,TRB,TRBV20-1,None,TRBJ1-2,TRBC1,True,True,CSARGTGPQQYGYTF,TGCAGTGCTAGGGGGACCGGGCCTCAGCAATATGGCTACACCTTC,1703,6,clonotype3287,clonotype3287_consensus_2
TCGGGACAGGGCTCTC-1,True,TCGGGACAGGGCTCTC-1_contig_3,True,494,TRA,TRAV12-1,None,TRAJ15,TRAC,True,True,CVVNQAGTALIF,TGTGTGGTGAACCAGGCAGGAACTGCTCTGATCTTT,1433,8,clonotype3287,clonotype3287_consensus_3
TCGGGACAGGGCTCTC-1,True,TCGGGACAGGGCTCTC-1_contig_4,True,314,TRB,None,None,TRBJ1-1,TRBC1,False,False,None,None,232,2,clonotype3287,None
TCGGGACAGTAGATGT-1,True,TCGGGACAGTAGATGT-1_contig_1,True,665,TRB,TRBV5-6,None,TRBJ2-2,TRBC2,True,True,CASSLFNRRNTGELFF,TGTGCCAGCAGCTTGTTCAACAGGAGGAACACCGGGGAGCTGTTTTTT,7631,8,clonotype3288,clonotype3288_consensus_1
TCGGGACAGTAGATGT-1,True,TCGGGACAGTAGATGT-1_contig_2,True,562,TRA,TRAV5,None,TRAJ26,TRAC,True,True,CAESRDPRDNYGQNFVF,TGTGCAGAGAGTCGAGATCCCCGGGATAACTATGGTCAGAATTTTGTCTTT,868,3,clonotype3288,clonotype3288_consensus_2
TCGGGACAGTAGATGT-1,True,TCGGGACAGTAGATGT-1_contig_3,True,503,TRA,TRAV13-2,None,TRAJ31,TRAC,True,True,CAEILHARLMF,TGTGCAGAGATCCTACATGCCAGACTCATGTTT,701,3,clonotype3288,clonotype3288_consensus_3
TCGGGACAGTCGCCGT-1,True,TCGGGACAGTCGCCGT-1_contig_1,True,481,TRA,TRAV1-2,None,TRAJ33,None,True,True,CAATDSNYQLIW,TGTGCTGCGACTGATAGCAACTATCAGTTAATCTGG,996,14,clonotype1,clonotype1_consensus_2
TCGGGACAGTCGCCGT-1,True,TCGGGACAGTCGCCGT-1_contig_2,True,521,TRB,TRBV20-1,None,TRBJ2-1,TRBC2,True,True,CSARVGSEVNEQFF,TGCAGTGCTAGAGTGGGGTCGGAAGTCAATGAGCAGTTCTTC,2488,11,clonotype1,clonotype1_consensus_1
TCGGGACAGTTTGCGT-1,True,TCGGGACAGTTTGCGT-1_contig_1,True,560,TRA,TRAV17,None,TRAJ36,TRAC,True,True,CATVTGANNLFF,TGTGCTACCGTAACTGGGGCAAACAACCTCTTCTTT,494,3,clonotype3289,clonotype3289_consensus_1
TCGGGACAGTTTGCGT-1,True,TCGGGACAGTTTGCGT-1_contig_2,True,512,TRB,TRBV20-1,None,TRBJ1-2,TRBC1,True,True,CSVGENYGYTF,TGCAGTGTGGGGGAGAACTATGGCTACACCTTC,1108,4,clonotype3289,clonotype3289_consensus_2
TCGGGACCAAGGTTCT-1,True,TCGGGACCAAGGTTCT-1_contig_1,True,505,TRA,TRAV1-2,None,TRAJ33,TRAC,True,True,CAATDSNYQLIW,TGTGCTGCGACTGATAGCAACTATCAGTTAATCTGG,707,4,clonotype1,clonotype1_consensus_2
TCGGGACCAAGGTTCT-1,True,TCGGGACCAAGGTTCT-1_contig_2,True,521,TRB,TRBV20-1,None,TRBJ2-1,TRBC2,True,True,CSARVGSEVNEQFF,TGCAGTGCTAGAGTGGGGTCGGAAGTCAATGAGCAGTTCTTC,2925,10,clonotype1,clonotype1_consensus_1
TCGGGACCACACGCTG-1,True,TCGGGACCACACGCTG-1_contig_1,True,521,TRB,TRBV20-1,None,TRBJ2-3,TRBC2,True,True,CSASDGESGDTQYF,TGCAGTGCTAGCGACGGGGAATCTGGGGATACGCAGTATTTT,6782,19,clonotype3290,clonotype3290_consensus_1
TCGGGACCACACGCTG-1,True,TCGGGACCACACGCTG-1_contig_2,True,498,TRA,TRAV12-3,None,TRAJ28,TRAC,True,True,CAMIEAGSYQLTF,TGTGCAATGATAGAGGCTGGGAGTTACCAACTCACTTTC,303,2,clonotype3290,clonotype3290_consensus_2
TCGGGACCACACGCTG-1,True,TCGGGACCACACGCTG-1_contig_3,True,460,TRA,TRAV13-1,None,TRAJ26,TRAC,True,False,CAASIRLWSEF,TGTGCAGCAAGTATACGGCTATGGTCAGAATTT,255,2,clonotype3290,None
TCGGGACCACCCATGG-1,True,TCGGGACCACCCATGG-1_contig_1,True,505,TRA,TRAV1-2,None,TRAJ33,TRAC,True,True,CAVSDSNYQLIW,TGTGCTGTGTCGGATAGCAACTATCAGTTAATCTGG,435,2,clonotype380,clonotype380_consensus_2
TCGGGACCACCCATGG-1,True,TCGGGACCACCCATGG-1_contig_2,True,485,TRB,TRBV20-1,None,TRBJ2-1,TRBC2,True,True,CSAGSGQDYNEQFF,TGCAGTGCGGGTAGCGGACAGGACTACAATGAGCAGTTCTTC,214,2,clonotype380,clonotype380_consensus_1
TCGGGACCACCCATGG-1,True,TCGGGACCACCCATGG-1_contig_3,True,476,TRB,TRBV21-1,None,TRBJ1-2,TRBC1,True,False,CASSNEDRRYGYTF,TGTGCCAGCAGCAATGAAGACAGGAGGTATGGCTACACCTTC,184,2,clonotype380,None
TCGGGACCACGAAAGC-1,True,TCGGGACCACGAAAGC-1_contig_1,True,491,TRB,TRBV20-1,None,TRBJ1-4,TRBC1,True,True,CSAIWGGRGLNEKLFF,TGCAGTGCTATATGGGGGGGTCGGGGGCTCAATGAAAAACTGTTTTTT,608,2,clonotype3291,clonotype3291_consensus_1
TCGGGACCACGAAAGC-1,True,TCGGGACCACGAAAGC-1_contig_2,True,526,TRA,TRAV21,None,TRAJ27,TRAC,True,True,CAVLTNAGKSTF,TGTGCTGTCCTAACCAATGCAGGCAAATCAACCTTT,285,2,clonotype3291,clonotype3291_consensus_2
TCGGGACCACGAAAGC-1,True,TCGGGACCACGAAAGC-1_contig_3,True,415,TRA,TRAV26-2,None,TRAJ28,TRAC,True,False,CCCVLLHPFSGAGSYQLTF,TGCTGCTGTGTACTACTGCATCCCTTCTCTGGGGCTGGGAGTTACCAACTCACTTTC,528,2,clonotype3291,None
TCGGGACCACGAAAGC-1,True,TCGGGACCACGAAAGC-1_contig_4,True,334,TRB,None,None,TRBJ2-7,TRBC2,False,False,None,None,1008,3,clonotype3291,None
TCGGGACCAGATGGGT-1,True,TCGGGACCAGATGGGT-1_contig_1,True,495,TRB,TRBV20-1,None,TRBJ1-2,TRBC1,True,True,CSARSTANYGYTF,TGCAGTGCCAGATCTACAGCTAACTATGGCTACACCTTC,2298,10,clonotype3292,clonotype3292_consensus_2
TCGGGACCAGATGGGT-1,True,TCGGGACCAGATGGGT-1_contig_2,True,500,TRA,TRAV35,None,TRAJ53,TRAC,True,True,CAGQRRGGSNYKLTF,TGTGCTGGGCAGCGCCGAGGAGGTAGCAACTATAAACTGACATTT,620,5,clonotype3292,clonotype3292_consensus_1
TCGGGACCAGCCTGTG-1,True,TCGGGACCAGCCTGTG-1_contig_1,True,505,TRA,TRAV1-2,None,TRAJ33,TRAC,True,True,CAATDSNYQLIW,TGTGCTGCGACTGATAGCAACTATCAGTTAATCTGG,984,4,clonotype1,clonotype1_consensus_2
TCGGGACCAGCCTGTG-1,True,TCGGGACCAGCCTGTG-1_contig_2,True,498,TRB,TRBV20-1,None,TRBJ2-1,TRBC2,True,True,CSARVGSEVNEQFF,TGCAGTGCTAGAGTGGGGTCGGAAGTCAATGAGCAGTTCTTC,1019,3,clonotype1,clonotype1_consensus_1
TCGGGACCAGCGAACA-1,True,TCGGGACCAGCGAACA-1_contig_1,True,496,TRA,TRAV30,None,TRAJ36,TRAC,True,True,CGTETSPGANNLFF,TGCGGCACAGAAACAAGTCCTGGGGCAAACAACCTCTTCTTT,102,1,clonotype3293,clonotype3293_consensus_2
TCGGGACCAGCGAACA-1,True,TCGGGACCAGCGAACA-1_contig_2,True,658,TRB,TRBV5-6,None,TRBJ1-5,TRBC1,True,True,CASSPWGGGGQPQHF,TGTGCCAGCAGCCCCTGGGGGGGCGGGGGACAGCCCCAGCATTTT,337,6,clonotype3293,clonotype3293_consensus_1
TCGGGACCAGCGAACA-1,True,TCGGGACCAGCGAACA-1_contig_3,True,518,TRA,TRAV27,None,TRAJ39,TRAC,True,False,None,None,2137,10,clonotype3293,None
TCGGGACCATAAGACA-1,True,TCGGGACCATAAGACA-1_contig_1,True,483,TRB,TRBV20-1,None,TRBJ2-7,TRBC2,True,True,CSARDSYEQYF,TGCAGTGCTAGAGATTCGTACGAGCAGTACTTC,622,4,clonotype3294,clonotype3294_consensus_1
TCGGGACCATAGTAAG-1,True,TCGGGACCATAGTAAG-1_contig_1,True,445,TRA,TRAV39,None,TRAJ53,TRAC,True,True,CAVALSGGSNYKLTF,TGTGCCGTGGCCTTAAGTGGAGGTAGCAACTATAAACTGACATTT,7077,5,clonotype3295,clonotype3295_consensus_1
TCGGGACCATAGTAAG-1,True,TCGGGACCATAGTAAG-1_contig_2,True,494,TRB,TRBV2,None,TRBJ1-1,TRBC1,True,True,CASSEMRGTEAFF,TGTGCCAGCAGTGAAATGAGGGGGACTGAAGCTTTCTTT,1248,7,clonotype3295,clonotype3295_consensus_2
TCGGGACCATAGTAAG-1,True,TCGGGACCATAGTAAG-1_contig_3,True,343,TRA,TRAV26-2,None,TRAJ37,None,True,False,CCCVLLHPESHGSSNTGKLIF,TGCTGCTGTGTACTACTGCATCCTGAGAGCCATGGCTCTAGCAACACAGGCAAACTAATCTTT,406,1,clonotype3295,None
TCGGGACCATCGACGC-1,True,TCGGGACCATCGACGC-1_contig_1,True,527,TRB,TRBV20-1,None,TRBJ1-5,TRBC1,True,True,CSARPMGIGGNQPQHF,TGCAGTGCCCGCCCTATGGGGATTGGGGGCAATCAGCCCCAGCATTTT,2160,9,clonotype56,clonotype56_consensus_1
TCGGGACCATCGACGC-1,True,TCGGGACCATCGACGC-1_contig_2,True,541,TRA,TRAV12-2,None,TRAJ16,TRAC,True,True,CAVTALGQKLLF,TGTGCCGTGACAGCCCTAGGCCAGAAGCTGCTCTTT,783,4,clonotype56,clonotype56_consensus_2
TCGGGACCATCGACGC-1,True,TCGGGACCATCGACGC-1_contig_3,True,416,TRA,TRAV4,None,TRAJ6,None,True,False,CLVGAWEEATYLHLEEEPALLF,TGCCTCGTGGGGGCCTGGGAGGAAGCTACATACCTACATTTGGAAGAGGAACCAGCCTTATTGTTC,321,1,clonotype56,None
TCGGGACCATCGACGC-1,True,TCGGGACCATCGACGC-1_contig_4,True,313,TRB,None,None,TRBJ2-7,TRBC2,False,False,None,None,1259,4,clonotype56,None
TCGGGACGTAAGGGAA-1,True,TCGGGACGTAAGGGAA-1_contig_1,True,509,TRA,TRAV13-2,None,TRAJ22,TRAC,True,True,CAETWGSARQLTF,TGTGCAGAGACTTGGGGTTCTGCAAGGCAACTGACCTTT,1396,6,clonotype3296,clonotype3296_consensus_2
TCGGGACGTAAGGGAA-1,True,TCGGGACGTAAGGGAA-1_contig_2,True,498,TRB,TRBV20-1,None,TRBJ2-5,TRBC2,True,True,CSALSGGSSETQYF,TGCAGTGCCTTAAGCGGGGGGAGTTCGGAGACCCAGTACTTC,2417,9,clonotype3296,clonotype3296_consensus_1
TCGGGACGTACCGCTG-1,True,TCGGGACGTACCGCTG-1_contig_1,True,664,TRB,TRBV5-6,None,TRBJ1-5,TRBC1,True,True,CASSFRGGANQPQHF,TGTGCCAGCAGCTTTCGAGGGGGCGCGAATCAGCCCCAGCATTTT,1789,7,clonotype36,clonotype36_consensus_1
TCGGGACGTCCATGAT-1,True,TCGGGACGTCCATGAT-1_contig_1,True,505,TRA,TRAV1-2,None,TRAJ33,TRAC,True,True,CAATDSNYQLIW,TGTGCTGCGACTGATAGCAACTATCAGTTAATCTGG,86,1,clonotype1,clonotype1_consensus_2
TCGGGACGTCCATGAT-1,True,TCGGGACGTCCATGAT-1_contig_2,True,521,TRB,TRBV20-1,None,TRBJ2-1,TRBC2,True,True,CSARVGSEVNEQFF,TGCAGTGCTAGAGTGGGGTCGGAAGTCAATGAGCAGTTCTTC,388,5,clonotype1,clonotype1_consensus_1
TCGGGACGTCCATGAT-1,True,TCGGGACGTCCATGAT-1_contig_3,True,465,TRA,TRAV10,None,TRAJ24,TRAC,True,False,None,None,260,2,clonotype1,None
TCGGGACGTCTTCAAG-1,True,TCGGGACGTCTTCAAG-1_contig_1,True,502,TRA,TRAV1-2,None,TRAJ30,TRAC,True,True,CAVRDLREIIF,TGTGCTGTGAGAGATCTTCGGGAGATCATCTTT,472,1,clonotype3,clonotype3_consensus_2
TCGGGACGTCTTCAAG-1,True,TCGGGACGTCTTCAAG-1_contig_2,True,514,TRB,TRBV5-5,None,TRBJ1-4,TRBC1,True,True,CASSHPGPNYATNEKLFF,TGTGCCAGCAGCCATCCCGGACCGAACTACGCAACTAATGAAAAACTGTTTTTT,1208,5,clonotype3,clonotype3_consensus_1
TCGGGACGTCTTCAAG-1,True,TCGGGACGTCTTCAAG-1_contig_3,True,482,TRB,TRBV7-3,None,TRBJ2-1,TRBC2,True,False,CQQRSLKAGGPYNEQFF,TGCCAGCAGCGGTCACTTAAAGCGGGGGGACCCTACAATGAGCAGTTCTTC,437,2,clonotype3,None
TCGGGACTCACCCTCA-1,True,TCGGGACTCACCCTCA-1_contig_1,True,505,TRA,TRAV1-2,None,TRAJ33,TRAC,True,True,CAATDSNYQLIW,TGTGCTGCGACTGATAGCAACTATCAGTTAATCTGG,1400,7,clonotype1,clonotype1_consensus_2
TCGGGACTCACCCTCA-1,True,TCGGGACTCACCCTCA-1_contig_2,True,498,TRB,TRBV20-1,None,TRBJ2-1,TRBC2,True,True,CSARVGSEVNEQFF,TGCAGTGCTAGAGTGGGGTCGGAAGTCAATGAGCAGTTCTTC,281,2,clonotype1,clonotype1_consensus_1
TCGGGACTCAGTCAGT-1,True,TCGGGACTCAGTCAGT-1_contig_1,True,563,TRA,TRAV22,None,TRAJ17,TRAC,True,True,CAVWKAAGNKLTF,TGTGCTGTGTGGAAAGCTGCAGGCAACAAGCTAACTTTT,108,3,clonotype91,clonotype91_consensus_1
TCGGGACTCAGTCAGT-1,True,TCGGGACTCAGTCAGT-1_contig_2,True,438,TRB,TRBV20-1,None,None,TRBC1,False,False,None,None,1023,6,clonotype91,None
TCGGGACTCCCTGACT-1,True,TCGGGACTCCCTGACT-1_contig_1,True,505,TRA,TRAV1-2,None,TRAJ33,TRAC,True,True,CAATDSNYQLIW,TGTGCTGCGACTGATAGCAACTATCAGTTAATCTGG,144,2,clonotype1,clonotype1_consensus_2
TCGGGACTCCCTGACT-1,True,TCGGGACTCCCTGACT-1_contig_2,True,473,TRB,TRBV20-1,None,TRBJ2-1,TRBC2,True,True,CSARVGSEVNEQFF,TGCAGTGCTAGAGTGGGGTCGGAAGTCAATGAGCAGTTCTTC,1150,3,clonotype1,clonotype1_consensus_1
TCGGGACTCTGTGCAA-1,True,TCGGGACTCTGTGCAA-1_contig_1,True,550,TRA,TRAV12-2,None,TRAJ42,TRAC,True,True,CAVMGYGGSQGNLIF,TGTGCCGTGATGGGATATGGAGGAAGCCAAGGAAATCTCATCTTT,1032,6,clonotype131,clonotype131_consensus_2
TCGGGACTCTGTGCAA-1,True,TCGGGACTCTGTGCAA-1_contig_2,True,527,TRB,TRBV5-5,None,TRBJ2-5,TRBC2,True,True,CASSLVATNQETQYF,TGTGCCAGCAGCTTGGTAGCGACTAACCAAGAGACCCAGTACTTC,4993,15,clonotype131,clonotype131_consensus_1
TCGGTAAAGAAGGACA-1,True,TCGGTAAAGAAGGACA-1_contig_1,True,491,TRB,TRBV20-1,None,TRBJ2-7,TRBC2,True,True,CSARPLLAGGKYEQYF,TGCAGTGCTAGACCTCTACTAGCGGGGGGAAAGTACGAGCAGTACTTC,7405,15,clonotype3297,clonotype3297_consensus_2
TCGGTAAAGAAGGACA-1,True,TCGGTAAAGAAGGACA-1_contig_2,True,505,TRA,TRAV6,None,TRAJ20,TRAC,True,True,CALLSNDYKLSF,TGTGCTCTCCTTTCTAACGACTACAAGCTCAGCTTT,1120,5,clonotype3297,clonotype3297_consensus_1
TCGGTAAAGAAGGACA-1,True,TCGGTAAAGAAGGACA-1_contig_3,True,322,TRB,None,None,TRBJ1-5,TRBC1,False,False,None,None,3649,5,clonotype3297,None
TCGGTAAAGAGGTTAT-1,True,TCGGTAAAGAGGTTAT-1_contig_1,True,544,TRA,TRAV12-1,None,TRAJ9,TRAC,True,True,CVVIRNTGGFKTIF,TGTGTGGTGATCCGAAATACTGGAGGCTTCAAAACTATCTTT,3445,3,clonotype328,clonotype328_consensus_2
TCGGTAAAGAGGTTAT-1,True,TCGGTAAAGAGGTTAT-1_contig_2,True,491,TRB,TRBV20-1,None,TRBJ2-3,TRBC2,True,True,CSARGDRTSGPFYFTDTQYF,TGCAGTGCTAGGGGGGATCGGACTAGCGGGCCCTTTTATTTCACAGATACGCAGTATTTT,2346,1,clonotype328,clonotype328_consensus_1
TCGGTAAAGAGGTTAT-1,True,TCGGTAAAGAGGTTAT-1_contig_3,True,345,TRB,None,None,TRBJ2-7,TRBC2,False,False,None,None,967,6,clonotype328,None
TCGGTAAAGATCACGG-1,True,TCGGTAAAGATCACGG-1_contig_1,True,505,TRA,TRAV1-2,None,TRAJ33,TRAC,True,True,CAATDSNYQLIW,TGTGCTGCGACTGATAGCAACTATCAGTTAATCTGG,231,1,clonotype1,clonotype1_consensus_2
TCGGTAAAGATCACGG-1,True,TCGGTAAAGATCACGG-1_contig_2,True,521,TRB,TRBV20-1,None,TRBJ2-1,TRBC2,True,True,CSARVGSEVNEQFF,TGCAGTGCTAGAGTGGGGTCGGAAGTCAATGAGCAGTTCTTC,520,4,clonotype1,clonotype1_consensus_1
TCGGTAAAGATGTAAC-1,True,TCGGTAAAGATGTAAC-1_contig_1,True,631,TRA,TRAV26-1,None,TRAJ5,TRAC,True,True,CIVRVADTGRRALTF,TGCATCGTCAGAGTCGCGGACACGGGCAGGAGAGCACTTACTTTT,1552,7,clonotype3298,clonotype3298_consensus_2
TCGGTAAAGATGTAAC-1,True,TCGGTAAAGATGTAAC-1_contig_2,True,533,TRB,TRBV20-1,None,TRBJ1-3,TRBC1,True,True,CSARDAFSTAFAGNTIYF,TGCAGTGCTAGAGATGCCTTTTCGACTGCCTTTGCTGGAAACACCATATATTTT,910,9,clonotype3298,clonotype3298_consensus_1
TCGGTAAAGTGTACCT-1,True,TCGGTAAAGTGTACCT-1_contig_1,True,512,TRA,TRAV30,None,TRAJ58,TRAC,True,True,CGTPQETSGSRLTF,TGTGGCACACCTCAAGAAACCAGTGGCTCTAGGTTGACCTTT,358,2,clonotype156,clonotype156_consensus_2
TCGGTAAAGTGTACCT-1,True,TCGGTAAAGTGTACCT-1_contig_2,True,521,TRB,TRBV20-1,None,TRBJ1-5,TRBC1,True,True,CSALKNQGNQPQHF,TGCAGTGCTTTGAAAAATCAGGGCAATCAGCCCCAGCATTTT,2259,5,clonotype156,clonotype156_consensus_1
TCGGTAAAGTGTACCT-1,True,TCGGTAAAGTGTACCT-1_contig_3,True,469,TRA,TRAV9-2,None,TRAJ43,TRAC,True,False,None,None,358,2,clonotype156,None
TCGGTAAAGTGTGGCA-1,True,TCGGTAAAGTGTGGCA-1_contig_1,True,521,TRB,TRBV20-1,None,TRBJ2-1,TRBC2,True,True,CSARVGSEVNEQFF,TGCAGTGCTAGAGTGGGGTCGGAAGTCAATGAGCAGTTCTTC,2306,10,clonotype2,clonotype2_consensus_1
TCGGTAAAGTGTGGCA-1,True,TCGGTAAAGTGTGGCA-1_contig_2,True,482,TRA,TRAV10,None,TRAJ24,TRAC,True,False,None,None,1039,5,clonotype2,None
TCGGTAACAAGCGCTC-1,True,TCGGTAACAAGCGCTC-1_contig_1,True,505,TRA,TRAV1-2,None,TRAJ33,TRAC,True,True,CAATDSNYQLIW,TGTGCTGCGACTGATAGCAACTATCAGTTAATCTGG,1057,3,clonotype1,clonotype1_consensus_2
TCGGTAACAAGCGCTC-1,True,TCGGTAACAAGCGCTC-1_contig_2,True,498,TRB,TRBV20-1,None,TRBJ2-1,TRBC2,True,True,CSARVGSEVNEQFF,TGCAGTGCTAGAGTGGGGTCGGAAGTCAATGAGCAGTTCTTC,1248,7,clonotype1,clonotype1_consensus_1
TCGGTAACAAGCGCTC-1,True,TCGGTAACAAGCGCTC-1_contig_3,True,467,TRA,TRAV10,None,TRAJ24,TRAC,True,False,None,None,359,3,clonotype1,None
TCGGTAACAATCACAC-1,True,TCGGTAACAATCACAC-1_contig_1,True,498,TRB,TRBV20-1,None,TRBJ2-1,TRBC2,True,True,CSAEDRVVDNEQFF,TGCAGTGCAGAAGACAGGGTGGTTGACAATGAGCAGTTCTTC,886,4,clonotype3299,clonotype3299_consensus_1
TCGGTAACAATCACAC-1,True,TCGGTAACAATCACAC-1_contig_2,True,489,TRA,TRAV9-2,None,TRAJ37,TRAC,True,True,CALTSNTGKLIF,TGTGCTCTTACTAGCAACACAGGCAAACTAATCTTT,616,3,clonotype3299,clonotype3299_consensus_2
TCGGTAACAATCACAC-1,True,TCGGTAACAATCACAC-1_contig_3,True,504,TRA,TRAV25,None,TRAJ23,TRAC,True,False,None,None,384,2,clonotype3299,None
TCGGTAACACCAACCG-1,True,TCGGTAACACCAACCG-1_contig_1,True,640,TRA,TRAV12-1,None,TRAJ52,TRAC,True,True,CVVNIGAGGTSYGKLTF,TGTGTGGTGAACATAGGCGCTGGTGGTACTAGCTATGGAAAGCTGACATTT,1223,5,clonotype3300,clonotype3300_consensus_2
TCGGTAACACCAACCG-1,True,TCGGTAACACCAACCG-1_contig_2,True,521,TRB,TRBV20-1,None,TRBJ1-5,TRBC1,True,True,CSVARGQVDQPQHF,TGCAGTGTCGCCAGGGGTCAGGTAGATCAGCCCCAGCATTTT,3344,12,clonotype3300,clonotype3300_consensus_1
TCGGTAACACCAACCG-1,True,TCGGTAACACCAACCG-1_contig_3,True,520,TRA,TRAV10,None,TRAJ42,TRAC,True,False,None,None,276,3,clonotype3300,None
TCGGTAACACCACGTG-1,True,TCGGTAACACCACGTG-1_contig_1,True,505,TRA,TRAV1-2,None,TRAJ33,TRAC,True,True,CAATDSNYQLIW,TGTGCTGCGACTGATAGCAACTATCAGTTAATCTGG,231,1,clonotype1,clonotype1_consensus_2
TCGGTAACACCACGTG-1,True,TCGGTAACACCACGTG-1_contig_2,True,485,TRB,TRBV20-1,None,TRBJ2-1,TRBC2,True,True,CSARVGSEVNEQFF,TGCAGTGCTAGAGTGGGGTCGGAAGTCAATGAGCAGTTCTTC,1938,8,clonotype1,clonotype1_consensus_1
TCGGTAACACCACGTG-1,True,TCGGTAACACCACGTG-1_contig_3,True,465,TRA,TRAV10,None,TRAJ24,TRAC,True,False,None,None,301,1,clonotype1,None
TCGGTAACAGATCGGA-1,True,TCGGTAACAGATCGGA-1_contig_1,True,534,TRB,TRBV5-5,None,TRBJ1-4,TRBC1,True,True,CASSHPGPNYATNEKLFF,TGTGCCAGCAGCCATCCCGGACCGAACTACGCAACTAATGAAAAACTGTTTTTT,535,4,clonotype4,clonotype4_consensus_1
TCGGTAACAGCCAGAA-1,True,TCGGTAACAGCCAGAA-1_contig_1,True,521,TRB,TRBV20-1,None,TRBJ2-1,TRBC2,True,True,CSARVGSEVNEQFF,TGCAGTGCTAGAGTGGGGTCGGAAGTCAATGAGCAGTTCTTC,3631,12,clonotype2,clonotype2_consensus_1
TCGGTAACAGCCAGAA-1,True,TCGGTAACAGCCAGAA-1_contig_2,True,482,TRA,TRAV10,None,TRAJ24,TRAC,True,False,None,None,391,3,clonotype2,None
TCGGTAACATCACGAT-1,True,TCGGTAACATCACGAT-1_contig_1,True,505,TRA,TRAV1-2,None,TRAJ33,TRAC,True,True,CAATDSNYQLIW,TGTGCTGCGACTGATAGCAACTATCAGTTAATCTGG,803,4,clonotype1,clonotype1_consensus_2
TCGGTAACATCACGAT-1,True,TCGGTAACATCACGAT-1_contig_2,True,521,TRB,TRBV20-1,None,TRBJ2-1,TRBC2,True,True,CSARVGSEVNEQFF,TGCAGTGCTAGAGTGGGGTCGGAAGTCAATGAGCAGTTCTTC,895,7,clonotype1,clonotype1_consensus_1
TCGGTAACATCGGACC-1,True,TCGGTAACATCGGACC-1_contig_1,True,505,TRA,TRAV1-2,None,TRAJ33,TRAC,True,True,CAATDSNYQLIW,TGTGCTGCGACTGATAGCAACTATCAGTTAATCTGG,739,6,clonotype1,clonotype1_consensus_2
TCGGTAACATCGGACC-1,True,TCGGTAACATCGGACC-1_contig_2,True,521,TRB,TRBV20-1,None,TRBJ2-1,TRBC2,True,True,CSARVGSEVNEQFF,TGCAGTGCTAGAGTGGGGTCGGAAGTCAATGAGCAGTTCTTC,1662,9,clonotype1,clonotype1_consensus_1
TCGGTAACATCGGACC-1,True,TCGGTAACATCGGACC-1_contig_3,True,482,TRA,TRAV10,None,TRAJ24,TRAC,True,False,None,None,253,4,clonotype1,None
TCGGTAACATGGGAAC-1,True,TCGGTAACATGGGAAC-1_contig_1,True,521,TRB,TRBV20-1,None,TRBJ2-7,TRBC2,True,True,CSARNRASSYEQYF,TGCAGTGCTAGGAACAGGGCAAGCTCCTACGAGCAGTACTTC,1419,7,clonotype3301,clonotype3301_consensus_2
TCGGTAACATGGGAAC-1,True,TCGGTAACATGGGAAC-1_contig_2,True,564,TRA,TRAV8-4,None,TRAJ43,TRAC,True,True,CAVTARGGDMRF,TGTGCTGTGACCGCCCGCGGGGGTGACATGCGCTTT,1314,7,clonotype3301,clonotype3301_consensus_1
TCGGTAAGTCTAGCGC-1,True,TCGGTAAGTCTAGCGC-1_contig_1,True,518,TRB,TRBV20-1,None,TRBJ2-7,TRBC2,True,True,CSARDITSYEQYF,TGCAGTGCTAGAGATATAACCTCCTACGAGCAGTACTTC,1162,6,clonotype3302,clonotype3302_consensus_1
TCGGTAAGTCTAGCGC-1,True,TCGGTAAGTCTAGCGC-1_contig_2,True,484,TRA,TRAV9-1,None,TRAJ40,TRAC,True,False,None,None,275,1,clonotype3302,None
TCGGTAAGTCTGCAAT-1,True,TCGGTAAGTCTGCAAT-1_contig_1,True,509,TRB,TRBV20-1,None,TRBJ1-5,TRBC1,True,True,CSAGPQPQHF,TGCAGTGCCGGTCCACAGCCCCAGCATTTT,1293,9,clonotype3303,clonotype3303_consensus_1
TCGGTAAGTCTGCAAT-1,True,TCGGTAAGTCTGCAAT-1_contig_2,True,507,TRA,TRAV12-3,None,TRAJ28,TRAC,True,True,CAMSALSGAGSYQLTF,TGTGCAATGAGCGCCCTCTCTGGGGCTGGGAGTTACCAACTCACTTTC,272,4,clonotype3303,clonotype3303_consensus_2
TCGGTAAGTGATGTGG-1,True,TCGGTAAGTGATGTGG-1_contig_1,True,498,TRB,TRBV20-1,None,TRBJ2-1,TRBC2,True,True,CSARVGSEVNEQFF,TGCAGTGCTAGAGTGGGGTCGGAAGTCAATGAGCAGTTCTTC,996,3,clonotype2,clonotype2_consensus_1
TCGGTAAGTGATGTGG-1,True,TCGGTAAGTGATGTGG-1_contig_2,True,482,TRA,TRAV10,None,TRAJ24,TRAC,True,False,None,None,465,3,clonotype2,None
TCGGTAATCAGTGTTG-1,True,TCGGTAATCAGTGTTG-1_contig_1,True,505,TRA,TRAV1-2,None,TRAJ33,TRAC,True,True,CAATDSNYQLIW,TGTGCTGCGACTGATAGCAACTATCAGTTAATCTGG,862,4,clonotype1,clonotype1_consensus_2
TCGGTAATCAGTGTTG-1,True,TCGGTAATCAGTGTTG-1_contig_2,True,502,TRB,TRBV20-1,None,TRBJ2-1,TRBC2,True,True,CSARVGSEVNEQFF,TGCAGTGCTAGAGTGGGGTCGGAAGTCAATGAGCAGTTCTTC,1513,10,clonotype1,clonotype1_consensus_1
TCGGTAATCATCTGCC-1,True,TCGGTAATCATCTGCC-1_contig_1,True,505,TRA,TRAV1-2,None,TRAJ33,TRAC,True,True,CAATDSNYQLIW,TGTGCTGCGACTGATAGCAACTATCAGTTAATCTGG,159,3,clonotype1,clonotype1_consensus_2
TCGGTAATCATCTGCC-1,True,TCGGTAATCATCTGCC-1_contig_2,True,521,TRB,TRBV20-1,None,TRBJ2-1,TRBC2,True,True,CSARVGSEVNEQFF,TGCAGTGCTAGAGTGGGGTCGGAAGTCAATGAGCAGTTCTTC,906,8,clonotype1,clonotype1_consensus_1
TCGGTAATCATCTGCC-1,True,TCGGTAATCATCTGCC-1_contig_3,True,429,TRB,None,None,TRBJ1-5,None,False,False,None,None,17,1,clonotype1,None
TCGGTAATCATCTGTT-1,True,TCGGTAATCATCTGTT-1_contig_1,True,521,TRB,TRBV20-1,None,TRBJ2-1,TRBC2,True,True,CSARVGSEVNEQFF,TGCAGTGCTAGAGTGGGGTCGGAAGTCAATGAGCAGTTCTTC,466,5,clonotype2,clonotype2_consensus_1
TCGGTAATCCGCTGTT-1,True,TCGGTAATCCGCTGTT-1_contig_1,True,515,TRB,TRBV20-1,None,TRBJ2-2,TRBC2,True,True,CSAKFSNTGELFF,TGCAGTGCTAAGTTCTCGAACACCGGGGAGCTGTTTTTT,3664,19,clonotype349,clonotype349_consensus_1
TCGGTAATCCGCTGTT-1,True,TCGGTAATCCGCTGTT-1_contig_2,True,482,TRA,TRAV21,None,TRAJ27,TRAC,True,True,CAVDFTNAGKSTF,TGTGCTGTGGATTTCACCAATGCAGGCAAATCAACCTTT,1641,9,clonotype349,clonotype349_consensus_2
TCGTACCAGAAACCGC-1,True,TCGTACCAGAAACCGC-1_contig_1,True,505,TRA,TRAV1-2,None,TRAJ33,TRAC,True,True,CAATDSNYQLIW,TGTGCTGCGACTGATAGCAACTATCAGTTAATCTGG,188,5,clonotype1,clonotype1_consensus_2
TCGTACCAGAAACCGC-1,True,TCGTACCAGAAACCGC-1_contig_2,True,496,TRB,TRBV20-1,None,TRBJ2-1,TRBC2,True,True,CSARVGSEVNEQFF,TGCAGTGCTAGAGTGGGGTCGGAAGTCAATGAGCAGTTCTTC,1163,5,clonotype1,clonotype1_consensus_1
TCGTACCAGCTAAACA-1,True,TCGTACCAGCTAAACA-1_contig_1,True,501,TRB,TRBV20-1,None,TRBJ2-5,TRBC2,True,True,CSARLVAGGPETQYF,TGCAGTGCCCGACTTGTGGCGGGGGGGCCTGAGACCCAGTACTTC,2131,9,clonotype154,clonotype154_consensus_1
TCGTACCAGCTAAACA-1,True,TCGTACCAGCTAAACA-1_contig_2,True,468,TRA,TRAV13-1,None,TRAJ45,TRAC,True,True,CAASKYSGGGADGLTF,TGTGCAGCAAGCAAATATTCAGGAGGAGGTGCTGACGGACTCACCTTT,559,1,clonotype154,clonotype154_consensus_2
TCGTACCAGCTAAACA-1,True,TCGTACCAGCTAAACA-1_contig_3,True,563,TRA,TRAV12-2,None,TRAJ42,TRAC,True,False,None,None,419,2,clonotype154,None
TCGTACCCACATGTGT-1,True,TCGTACCCACATGTGT-1_contig_1,True,473,TRB,TRBV20-1,None,TRBJ2-1,TRBC2,True,True,CSARVGSEVNEQFF,TGCAGTGCTAGAGTGGGGTCGGAAGTCAATGAGCAGTTCTTC,857,9,clonotype2,clonotype2_consensus_1
TCGTACCCAGTATCTG-1,True,TCGTACCCAGTATCTG-1_contig_1,True,485,TRA,TRAV4,None,TRAJ49,TRAC,True,True,CLVGDPGNQFYF,TGCCTCGTGGGTGACCCCGGTAACCAGTTCTATTTT,92,6,clonotype3304,clonotype3304_consensus_2
TCGTACCCAGTATCTG-1,True,TCGTACCCAGTATCTG-1_contig_2,True,503,TRB,TRBV5-5,None,TRBJ1-1,TRBC1,True,True,CASSFLRGLGTEAFF,TGTGCCAGCAGCTTTCTCAGGGGTCTGGGCACTGAAGCTTTCTTT,937,5,clonotype3304,clonotype3304_consensus_1
TCGTACCCATCACCCT-1,True,TCGTACCCATCACCCT-1_contig_1,True,492,TRA,TRAV12-3,None,TRAJ20,TRAC,True,True,CAPGDDYKLSF,TGTGCCCCAGGGGACGACTACAAGCTCAGCTTT,610,3,clonotype3305,clonotype3305_consensus_1
TCGTACCCATCACCCT-1,True,TCGTACCCATCACCCT-1_contig_2,True,483,TRB,TRBV20-1,None,TRBJ2-3,TRBC2,True,True,CSARLLDTQYF,TGCAGTGCTAGACTTTTGGATACGCAGTATTTT,1950,9,clonotype3305,clonotype3305_consensus_2
TCGTACCCATGAGCGA-1,True,TCGTACCCATGAGCGA-1_contig_1,True,502,TRA,TRAV1-2,None,TRAJ33,TRAC,True,True,CAATDSNYQLIW,TGTGCTGCGACTGATAGCAACTATCAGTTAATCTGG,670,3,clonotype1,clonotype1_consensus_2
TCGTACCCATGAGCGA-1,True,TCGTACCCATGAGCGA-1_contig_2,True,518,TRB,TRBV20-1,None,TRBJ2-1,TRBC2,True,True,CSARVGSEVNEQFF,TGCAGTGCTAGAGTGGGGTCGGAAGTCAATGAGCAGTTCTTC,4309,15,clonotype1,clonotype1_consensus_1
TCGTACCCATGAGCGA-1,True,TCGTACCCATGAGCGA-1_contig_3,True,457,TRA,TRAV10,None,TRAJ24,TRAC,True,False,None,None,209,2,clonotype1,None
TCGTACCGTCAGAAGC-1,True,TCGTACCGTCAGAAGC-1_contig_1,True,527,TRB,TRBV20-1,None,TRBJ2-7,TRBC2,True,True,CSASSGTSGGAYEQYF,TGCAGTGCCTCAAGTGGGACTAGCGGGGGGGCCTACGAGCAGTACTTC,931,4,clonotype3306,clonotype3306_consensus_3
TCGTACCGTCAGAAGC-1,True,TCGTACCGTCAGAAGC-1_contig_2,True,521,TRB,TRBV20-1,None,TRBJ1-1,TRBC1,True,True,CSARMPGQNTEAFF,TGCAGTGCTAGAATGCCAGGACAGAACACTGAAGCTTTCTTT,1653,8,clonotype3306,clonotype3306_consensus_1
TCGTACCGTCAGAAGC-1,True,TCGTACCGTCAGAAGC-1_contig_3,True,506,TRA,TRAV13-2,None,TRAJ15,TRAC,True,True,CAESSAGTALIF,TGTGCAGAGAGTTCGGCAGGAACTGCTCTGATCTTT,708,5,clonotype3306,clonotype3306_consensus_4
TCGTACCGTCAGAAGC-1,True,TCGTACCGTCAGAAGC-1_contig_4,True,517,TRA,TRAV14/DV4,None,TRAJ48,TRAC,True,True,CAMREGLEKLTF,TGTGCAATGAGAGAGGGCCTTGAGAAATTAACCTTT,605,3,clonotype3306,clonotype3306_consensus_2
TCGTACCGTGATGCCC-1,True,TCGTACCGTGATGCCC-1_contig_1,True,518,TRB,TRBV20-1,None,TRBJ1-1,TRBC1,True,True,CSATQGSNTEAFF,TGCAGTGCTACACAGGGCTCTAACACTGAAGCTTTCTTT,1099,3,clonotype3307,clonotype3307_consensus_2
TCGTACCGTGATGCCC-1,True,TCGTACCGTGATGCCC-1_contig_2,True,505,TRA,TRAV1-2,None,TRAJ33,TRAC,True,True,CAVKDSNYQLIW,TGTGCTGTAAAGGATAGCAACTATCAGTTAATCTGG,774,3,clonotype3307,clonotype3307_consensus_1
TCGTACCGTGTGCCTG-1,True,TCGTACCGTGTGCCTG-1_contig_1,True,505,TRA,TRAV1-2,None,TRAJ33,TRAC,True,True,CAATDSNYQLIW,TGTGCTGCGACTGATAGCAACTATCAGTTAATCTGG,408,5,clonotype1,clonotype1_consensus_2
TCGTACCGTGTGCCTG-1,True,TCGTACCGTGTGCCTG-1_contig_2,True,498,TRB,TRBV20-1,None,TRBJ2-1,TRBC2,True,True,CSARVGSEVNEQFF,TGCAGTGCTAGAGTGGGGTCGGAAGTCAATGAGCAGTTCTTC,2050,9,clonotype1,clonotype1_consensus_1
TCGTACCGTGTGCCTG-1,True,TCGTACCGTGTGCCTG-1_contig_3,True,482,TRA,TRAV10,None,TRAJ24,TRAC,True,False,None,None,210,2,clonotype1,None
TCGTACCGTTCCACTC-1,True,TCGTACCGTTCCACTC-1_contig_1,True,667,TRA,TRAV8-2,None,TRAJ6,TRAC,True,True,CVVTRSGGSYIPTF,TGTGTTGTGACCCGATCAGGAGGAAGCTACATACCTACATTT,1724,11,clonotype3308,clonotype3308_consensus_2
TCGTACCGTTCCACTC-1,True,TCGTACCGTTCCACTC-1_contig_2,True,662,TRB,TRBV5-6,None,TRBJ1-5,TRBC1,True,True,CASSKTGGSGQPQHF,TGTGCCAGCAGCAAGACAGGGGGCTCTGGTCAGCCCCAGCATTTT,5144,15,clonotype3308,clonotype3308_consensus_1
TCGTACCGTTCGTGAT-1,True,TCGTACCGTTCGTGAT-1_contig_1,True,505,TRA,TRAV1-2,None,TRAJ33,TRAC,True,True,CAATDSNYQLIW,TGTGCTGCGACTGATAGCAACTATCAGTTAATCTGG,984,4,clonotype1,clonotype1_consensus_2
TCGTACCGTTCGTGAT-1,True,TCGTACCGTTCGTGAT-1_contig_2,True,498,TRB,TRBV20-1,None,TRBJ2-1,TRBC2,True,True,CSARVGSEVNEQFF,TGCAGTGCTAGAGTGGGGTCGGAAGTCAATGAGCAGTTCTTC,821,6,clonotype1,clonotype1_consensus_1
TCGTACCTCCTTGACC-1,True,TCGTACCTCCTTGACC-1_contig_1,True,486,TRB,TRBV20-1,None,TRBJ1-2,TRBC1,True,True,CSAGADGYTF,TGCAGTGCAGGGGCCGATGGCTACACCTTC,2697,13,clonotype3309,clonotype3309_consensus_1
TCGTACCTCGTCTGAA-1,True,TCGTACCTCGTCTGAA-1_contig_1,True,505,TRA,TRAV1-2,None,TRAJ33,TRAC,True,True,CAATDSNYQLIW,TGTGCTGCGACTGATAGCAACTATCAGTTAATCTGG,458,2,clonotype1,clonotype1_consensus_2
TCGTACCTCGTCTGAA-1,True,TCGTACCTCGTCTGAA-1_contig_2,True,497,TRB,TRBV20-1,None,TRBJ2-1,TRBC2,True,True,CSARVGSEVNEQFF,TGCAGTGCTAGAGTGGGGTCGGAAGTCAATGAGCAGTTCTTC,669,5,clonotype1,clonotype1_consensus_1
TCGTACCTCGTCTGAA-1,True,TCGTACCTCGTCTGAA-1_contig_3,True,482,TRA,TRAV10,None,TRAJ24,TRAC,True,False,None,None,96,1,clonotype1,None
TCGTAGAAGAAACCAT-1,True,TCGTAGAAGAAACCAT-1_contig_1,True,498,TRB,TRBV20-1,None,TRBJ2-1,TRBC2,True,True,CSARVGSEVNEQFF,TGCAGTGCTAGAGTGGGGTCGGAAGTCAATGAGCAGTTCTTC,841,5,clonotype2,clonotype2_consensus_1
TCGTAGAAGAAACCAT-1,True,TCGTAGAAGAAACCAT-1_contig_2,True,482,TRA,TRAV10,None,TRAJ24,TRAC,True,False,None,None,777,3,clonotype2,None
TCGTAGAAGACCTAGG-1,True,TCGTAGAAGACCTAGG-1_contig_1,True,521,TRB,TRBV20-1,None,TRBJ2-1,TRBC2,True,True,CSARVGSEVNEQFF,TGCAGTGCTAGAGTGGGGTCGGAAGTCAATGAGCAGTTCTTC,1379,8,clonotype2,clonotype2_consensus_1
TCGTAGAAGACCTAGG-1,True,TCGTAGAAGACCTAGG-1_contig_2,True,482,TRA,TRAV10,None,TRAJ24,TRAC,True,False,None,None,569,4,clonotype2,None
TCGTAGAAGGCGATAC-1,True,TCGTAGAAGGCGATAC-1_contig_1,True,505,TRA,TRAV1-2,None,TRAJ33,TRAC,True,True,CAATDSNYQLIW,TGTGCTGCGACTGATAGCAACTATCAGTTAATCTGG,790,4,clonotype1,clonotype1_consensus_2
TCGTAGAAGGCGATAC-1,True,TCGTAGAAGGCGATAC-1_contig_2,True,498,TRB,TRBV20-1,None,TRBJ2-1,TRBC2,True,True,CSARVGSEVNEQFF,TGCAGTGCTAGAGTGGGGTCGGAAGTCAATGAGCAGTTCTTC,3946,15,clonotype1,clonotype1_consensus_1
TCGTAGAAGGCGATAC-1,True,TCGTAGAAGGCGATAC-1_contig_3,True,462,TRA,TRAV10,None,TRAJ24,TRAC,True,False,None,None,386,2,clonotype1,None
TCGTAGAAGGGCATGT-1,True,TCGTAGAAGGGCATGT-1_contig_1,True,521,TRB,TRBV20-1,None,TRBJ2-1,TRBC2,True,True,CSARVGSEVNEQFF,TGCAGTGCTAGAGTGGGGTCGGAAGTCAATGAGCAGTTCTTC,1087,10,clonotype2,clonotype2_consensus_1
TCGTAGACATCTCGCT-1,True,TCGTAGACATCTCGCT-1_contig_1,True,486,TRB,TRBV20-1,None,TRBJ1-1,TRBC1,True,True,CSARSFEAFF,TGCAGTGCCCGATCCTTCGAAGCTTTCTTT,840,5,clonotype3310,clonotype3310_consensus_1
TCGTAGACATGGTAGG-1,True,TCGTAGACATGGTAGG-1_contig_1,True,492,TRB,TRBV20-1,None,TRBJ1-4,TRBC1,True,True,CSAREGQVNEKLFF,TGCAGTGCTAGGGAGGGACAGGTTAATGAAAAACTGTTTTTT,1203,5,clonotype3311,clonotype3311_consensus_1
TCGTAGACATGGTAGG-1,True,TCGTAGACATGGTAGG-1_contig_2,True,459,TRA,TRAV9-2,None,TRAJ4,TRAC,True,False,None,None,3880,1,clonotype3311,None
TCGTAGAGTAAAGGAG-1,True,TCGTAGAGTAAAGGAG-1_contig_1,True,521,TRB,TRBV20-1,None,TRBJ2-1,TRBC2,True,True,CSARVGSEVNEQFF,TGCAGTGCTAGAGTGGGGTCGGAAGTCAATGAGCAGTTCTTC,1168,6,clonotype2,clonotype2_consensus_1
TCGTAGAGTAAAGGAG-1,True,TCGTAGAGTAAAGGAG-1_contig_2,True,467,TRA,TRAV10,None,TRAJ24,TRAC,True,False,None,None,406,2,clonotype2,None
TCGTAGAGTACCGTTA-1,True,TCGTAGAGTACCGTTA-1_contig_1,True,521,TRB,TRBV20-1,None,TRBJ2-1,TRBC2,True,True,CSARVGSEVNEQFF,TGCAGTGCTAGAGTGGGGTCGGAAGTCAATGAGCAGTTCTTC,1275,6,clonotype2,clonotype2_consensus_1
TCGTAGAGTCATGCAT-1,True,TCGTAGAGTCATGCAT-1_contig_1,True,498,TRB,TRBV20-1,None,TRBJ2-1,TRBC2,True,True,CSARVGSEVNEQFF,TGCAGTGCTAGAGTGGGGTCGGAAGTCAATGAGCAGTTCTTC,1302,3,clonotype2,clonotype2_consensus_1
TCGTAGAGTCCAGTAT-1,True,TCGTAGAGTCCAGTAT-1_contig_1,True,524,TRB,TRBV20-1,None,TRBJ2-1,TRBC2,True,True,CSARVGGGINNEQFF,TGCAGTGCTAGAGTGGGCGGGGGGATCAACAATGAGCAGTTCTTC,875,6,clonotype3312,clonotype3312_consensus_1
TCGTAGAGTCCAGTAT-1,True,TCGTAGAGTCCAGTAT-1_contig_2,True,448,TRA,TRAV2,None,TRAJ29,TRAC,True,True,CAVGGSGNTPLVF,TGTGCTGTCGGAGGTTCAGGAAACACACCTCTTGTCTTT,441,1,clonotype3312,clonotype3312_consensus_2
TCGTAGAGTCCAGTAT-1,True,TCGTAGAGTCCAGTAT-1_contig_3,True,663,TRA,TRAV8-3,None,TRAJ20,TRAC,True,False,None,None,696,5,clonotype3312,None
TCGTAGAGTCTCTTTA-1,True,TCGTAGAGTCTCTTTA-1_contig_1,True,521,TRB,TRBV20-1,None,TRBJ2-1,TRBC2,True,True,CSARVGSEVNEQFF,TGCAGTGCTAGAGTGGGGTCGGAAGTCAATGAGCAGTTCTTC,868,5,clonotype2,clonotype2_consensus_1
TCGTAGAGTGACGCCT-1,True,TCGTAGAGTGACGCCT-1_contig_1,True,505,TRA,TRAV1-2,None,TRAJ33,TRAC,True,True,CAATDSNYQLIW,TGTGCTGCGACTGATAGCAACTATCAGTTAATCTGG,39,2,clonotype1,clonotype1_consensus_2
TCGTAGAGTGACGCCT-1,True,TCGTAGAGTGACGCCT-1_contig_2,True,521,TRB,TRBV20-1,None,TRBJ2-1,TRBC2,True,True,CSARVGSEVNEQFF,TGCAGTGCTAGAGTGGGGTCGGAAGTCAATGAGCAGTTCTTC,3630,15,clonotype1,clonotype1_consensus_1
TCGTAGAGTGACGCCT-1,True,TCGTAGAGTGACGCCT-1_contig_3,True,465,TRA,TRAV10,None,TRAJ24,TRAC,True,False,None,None,1313,1,clonotype1,None
TCGTAGATCAGATAAG-1,True,TCGTAGATCAGATAAG-1_contig_1,True,521,TRB,TRBV20-1,None,TRBJ2-1,TRBC2,True,True,CSARVGSEVNEQFF,TGCAGTGCTAGAGTGGGGTCGGAAGTCAATGAGCAGTTCTTC,1284,6,clonotype2,clonotype2_consensus_1
TCGTAGATCCGGCACA-1,True,TCGTAGATCCGGCACA-1_contig_1,True,492,TRB,TRBV20-1,None,TRBJ2-1,TRBC2,True,True,CSARVGSEVNEQFF,TGCAGTGCTAGAGTGGGGTCGGAAGTCAATGAGCAGTTCTTC,2166,9,clonotype2,clonotype2_consensus_1
TCGTAGATCCGGCACA-1,True,TCGTAGATCCGGCACA-1_contig_2,True,506,TRA,TRAV1-2,None,TRAJ33,TRAC,True,False,CAATDSNYQLIW,TGTGCTGCGACTGATAGCAACTATCAGTTAATCTGG,564,2,clonotype2,None
TCGTAGATCGGTTAAC-1,True,TCGTAGATCGGTTAAC-1_contig_1,True,711,TRB,TRBV5-6,None,TRBJ2-7,TRBC2,True,True,CASSRRQGGDHEQYF,TGTGCCAGCAGCCGACGACAGGGGGGGGATCACGAGCAGTACTTC,1173,11,clonotype3313,clonotype3313_consensus_1
TCTATTGAGAGGTACC-1,True,TCTATTGAGAGGTACC-1_contig_1,True,518,TRB,TRBV20-1,None,TRBJ2-7,TRBC2,True,True,CSARDGGTLEQYF,TGCAGTGCTAGAGATGGAGGGACCCTGGAGCAGTACTTC,1218,9,clonotype3314,clonotype3314_consensus_1
TCTATTGAGAGGTACC-1,True,TCTATTGAGAGGTACC-1_contig_2,True,508,TRA,TRAV6,None,TRAJ10,TRAC,True,True,CALEVTGGGNKLTF,TGTGCTCTAGAGGTCACGGGAGGAGGAAACAAACTCACCTTT,922,4,clonotype3314,clonotype3314_consensus_3
TCTATTGAGAGGTACC-1,True,TCTATTGAGAGGTACC-1_contig_3,True,510,TRB,TRBV20-1,None,TRBJ1-2,TRBC1,True,True,CSARDLARTGGRNYGYTF,TGCAGTGCTAGAGATCTTGCAAGGACAGGGGGCCGTAACTATGGCTACACCTTC,1057,5,clonotype3314,clonotype3314_consensus_2
TCTATTGAGAGGTACC-1,True,TCTATTGAGAGGTACC-1_contig_4,True,487,TRA,TRAV9-2,None,TRAJ13,TRAC,True,False,None,None,382,2,clonotype3314,None
TCTATTGAGGACAGAA-1,True,TCTATTGAGGACAGAA-1_contig_1,True,505,TRA,TRAV1-2,None,TRAJ33,TRAC,True,True,CAATDSNYQLIW,TGTGCTGCGACTGATAGCAACTATCAGTTAATCTGG,1517,5,clonotype1,clonotype1_consensus_2
TCTATTGAGGACAGAA-1,True,TCTATTGAGGACAGAA-1_contig_2,True,521,TRB,TRBV20-1,None,TRBJ2-1,TRBC2,True,True,CSARVGSEVNEQFF,TGCAGTGCTAGAGTGGGGTCGGAAGTCAATGAGCAGTTCTTC,1022,8,clonotype1,clonotype1_consensus_1
TCTATTGAGGCTAGCA-1,True,TCTATTGAGGCTAGCA-1_contig_1,True,498,TRB,TRBV20-1,None,TRBJ1-1,TRBC1,True,True,CSAREIGGNTEAFF,TGCAGTGCTAGAGAAATCGGGGGGAACACTGAAGCTTTCTTT,3394,8,clonotype3315,clonotype3315_consensus_1
TCTATTGAGGCTAGCA-1,True,TCTATTGAGGCTAGCA-1_contig_2,True,492,TRA,TRAV9-2,None,TRAJ15,TRAC,True,True,CALSDQAGTALIF,TGTGCTCTGAGTGACCAGGCAGGAACTGCTCTGATCTTT,494,3,clonotype3315,clonotype3315_consensus_2
TCTATTGCAATGGATA-1,True,TCTATTGCAATGGATA-1_contig_1,True,500,TRA,TRAV26-1,None,TRAJ40,TRAC,True,True,CIVRLYSGTYKYIF,TGCATCGTCAGACTTTACTCAGGAACCTACAAATACATCTTT,1114,2,clonotype3316,clonotype3316_consensus_1
TCTATTGCAATGGATA-1,True,TCTATTGCAATGGATA-1_contig_2,True,662,TRB,TRBV5-6,None,TRBJ1-5,TRBC1,True,True,CASSLAPDYSNQPQHF,TGTGCCAGCAGCTTGGCCCCCGATTATAGCAATCAGCCCCAGCATTTT,776,8,clonotype3316,clonotype3316_consensus_2
TCTATTGCACTGTGTA-1,True,TCTATTGCACTGTGTA-1_contig_1,True,498,TRB,TRBV20-1,None,TRBJ2-1,TRBC2,True,True,CSARVGSEVNEQFF,TGCAGTGCTAGAGTGGGGTCGGAAGTCAATGAGCAGTTCTTC,667,5,clonotype2,clonotype2_consensus_1
TCTATTGCACTGTGTA-1,True,TCTATTGCACTGTGTA-1_contig_2,True,482,TRA,TRAV10,None,TRAJ24,TRAC,True,False,None,None,826,3,clonotype2,None
TCTATTGCAGGACGTA-1,True,TCTATTGCAGGACGTA-1_contig_1,True,505,TRA,TRAV1-2,None,TRAJ33,TRAC,True,True,CAATDSNYQLIW,TGTGCTGCGACTGATAGCAACTATCAGTTAATCTGG,446,2,clonotype1,clonotype1_consensus_2
TCTATTGCAGGACGTA-1,True,TCTATTGCAGGACGTA-1_contig_2,True,518,TRB,TRBV20-1,None,TRBJ2-1,TRBC2,True,True,CSARVGSEVNEQFF,TGCAGTGCTAGAGTGGGGTCGGAAGTCAATGAGCAGTTCTTC,1154,3,clonotype1,clonotype1_consensus_1
TCTATTGCATGCGCAC-1,True,TCTATTGCATGCGCAC-1_contig_1,True,677,TRB,TRBV5-6,None,TRBJ2-3,TRBC2,True,True,CASSLDVGTDTQYF,TGTGCCAGCAGCTTGGATGTGGGGACAGATACGCAGTATTTT,4053,17,clonotype3317,clonotype3317_consensus_1
TCTATTGCATGCGCAC-1,True,TCTATTGCATGCGCAC-1_contig_2,True,463,TRA,TRAV13-1,None,TRAJ44,TRAC,True,False,None,None,124,2,clonotype3317,None
TCTATTGCATGCGCAC-1,True,TCTATTGCATGCGCAC-1_contig_3,True,300,TRA,TRAV9-2,None,TRAJ49,TRAC,True,False,CALSMGTGNQFYF,TGTGCTCTGAGTATGGGGACCGGTAACCAGTTCTATTTT,544,1,clonotype3317,None
TCTATTGGTAAACACA-1,True,TCTATTGGTAAACACA-1_contig_1,True,518,TRB,TRBV20-1,None,TRBJ2-5,TRBC2,True,True,CSARAGNQETQYF,TGCAGTGCTCGGGCGGGGAACCAAGAGACCCAGTACTTC,3045,16,clonotype3318,clonotype3318_consensus_1
TCTATTGGTCGTTGTA-1,True,TCTATTGGTCGTTGTA-1_contig_1,True,521,TRB,TRBV20-1,None,TRBJ2-1,TRBC2,True,True,CSARVGSEVNEQFF,TGCAGTGCTAGAGTGGGGTCGGAAGTCAATGAGCAGTTCTTC,1639,7,clonotype2,clonotype2_consensus_1
TCTATTGGTCTCTCTG-1,True,TCTATTGGTCTCTCTG-1_contig_1,True,549,TRA,TRAV5,None,TRAJ37,TRAC,True,True,CAESFGNTGKLIF,TGTGCAGAGAGTTTCGGCAACACAGGCAAACTAATCTTT,44,2,clonotype373,clonotype373_consensus_1
TCTATTGGTCTCTCTG-1,True,TCTATTGGTCTCTCTG-1_contig_2,True,521,TRB,TRBV20-1,None,TRBJ2-1,TRBC2,True,True,CSARRGGGALEQFF,TGCAGTGCTAGACGGGGCGGGGGGGCCCTTGAGCAGTTCTTC,1876,12,clonotype373,clonotype373_consensus_2
TCTATTGGTTCCACTC-1,True,TCTATTGGTTCCACTC-1_contig_1,True,521,TRB,TRBV20-1,None,TRBJ2-1,TRBC2,True,True,CSARVGSEVNEQFF,TGCAGTGCTAGAGTGGGGTCGGAAGTCAATGAGCAGTTCTTC,556,4,clonotype2,clonotype2_consensus_1
TCTATTGGTTCCACTC-1,True,TCTATTGGTTCCACTC-1_contig_2,True,517,TRA,TRAV10,None,TRAJ24,TRAC,True,False,None,None,124,2,clonotype2,None
TCTATTGGTTCGCTAA-1,True,TCTATTGGTTCGCTAA-1_contig_1,True,459,TRA,TRAV13-1,None,TRAJ29,TRAC,True,True,CAASVSGNTPLVF,TGTGCAGCAAGTGTATCAGGAAACACACCTCTTGTCTTT,460,3,clonotype3319,clonotype3319_consensus_1
TCTATTGGTTCGCTAA-1,True,TCTATTGGTTCGCTAA-1_contig_2,True,518,TRB,TRBV20-1,None,TRBJ2-2,TRBC2,True,True,CSASRRGTGELFF,TGCAGTGCTAGTCGCAGGGGCACCGGGGAGCTGTTTTTT,825,8,clonotype3319,clonotype3319_consensus_2
TCTATTGTCAGGTTCA-1,True,TCTATTGTCAGGTTCA-1_contig_1,True,508,TRA,TRAV20,None,TRAJ24,TRAC,True,True,CAVMTTDSWGKFQF,TGTGCTGTTATGACAACTGACAGCTGGGGGAAATTCCAGTTT,685,4,clonotype7,clonotype7_consensus_2
TCTATTGTCAGGTTCA-1,True,TCTATTGTCAGGTTCA-1_contig_2,True,488,TRB,TRBV5-5,None,TRBJ2-7,TRBC2,True,True,CASSSLVEQGAYEQYF,TGTGCCAGCAGCTCGCTCGTAGAGCAGGGGGCCTACGAGCAGTACTTC,227,2,clonotype7,clonotype7_consensus_1
TCTATTGTCATAACCG-1,True,TCTATTGTCATAACCG-1_contig_1,True,486,TRA,TRAV1-2,None,TRAJ30,TRAC,True,True,CAVRDLREIIF,TGTGCTGTGAGAGATCTTCGGGAGATCATCTTT,416,2,clonotype3,clonotype3_consensus_2
TCTATTGTCATAACCG-1,True,TCTATTGTCATAACCG-1_contig_2,True,663,TRB,TRBV5-5,None,TRBJ1-4,TRBC1,True,True,CASSHPGPNYATNEKLFF,TGTGCCAGCAGCCATCCCGGACCGAACTACGCAACTAATGAAAAACTGTTTTTT,466,3,clonotype3,clonotype3_consensus_1
TCTATTGTCATAACCG-1,True,TCTATTGTCATAACCG-1_contig_3,True,427,TRB,TRBV7-3,None,TRBJ2-1,TRBC2,True,False,CQQRSLKAGGPYNEQFF,TGCCAGCAGCGGTCACTTAAAGCGGGGGGACCCTACAATGAGCAGTTCTTC,450,4,clonotype3,None
TCTATTGTCCGAGCCA-1,True,TCTATTGTCCGAGCCA-1_contig_1,True,509,TRA,TRAV13-2,None,TRAJ49,TRAC,True,True,CAEWALTGNQFYF,TGTGCAGAGTGGGCCCTTACCGGTAACCAGTTCTATTTT,208,3,clonotype3320,clonotype3320_consensus_2
TCTATTGTCCGAGCCA-1,True,TCTATTGTCCGAGCCA-1_contig_2,True,486,TRB,TRBV5-6,None,TRBJ1-4,TRBC1,True,True,CASSRGQRTNEKLFF,TGTGCCAGCAGCAGGGGCCAGCGAACTAATGAAAAACTGTTTTTT,1348,10,clonotype3320,clonotype3320_consensus_1
TCTATTGTCCGTAGGC-1,True,TCTATTGTCCGTAGGC-1_contig_1,True,505,TRA,TRAV1-2,None,TRAJ33,TRAC,True,True,CAATDSNYQLIW,TGTGCTGCGACTGATAGCAACTATCAGTTAATCTGG,262,2,clonotype1,clonotype1_consensus_2
TCTATTGTCCGTAGGC-1,True,TCTATTGTCCGTAGGC-1_contig_2,True,498,TRB,TRBV20-1,None,TRBJ2-1,TRBC2,True,True,CSARVGSEVNEQFF,TGCAGTGCTAGAGTGGGGTCGGAAGTCAATGAGCAGTTCTTC,330,5,clonotype1,clonotype1_consensus_1
TCTATTGTCGAATGCT-1,True,TCTATTGTCGAATGCT-1_contig_1,True,521,TRB,TRBV20-1,None,TRBJ2-1,TRBC2,True,True,CSARVGSEVNEQFF,TGCAGTGCTAGAGTGGGGTCGGAAGTCAATGAGCAGTTCTTC,1817,6,clonotype2,clonotype2_consensus_1
TCTATTGTCTATCCTA-1,True,TCTATTGTCTATCCTA-1_contig_1,True,502,TRA,TRAV1-2,None,TRAJ30,TRAC,True,True,CAVRDLREIIF,TGTGCTGTGAGAGATCTTCGGGAGATCATCTTT,1064,2,clonotype50,clonotype50_consensus_2
TCTATTGTCTATCCTA-1,True,TCTATTGTCTATCCTA-1_contig_2,True,505,TRA,TRAV1-2,None,TRAJ33,TRAC,True,True,CAATDSNYQLIW,TGTGCTGCGACTGATAGCAACTATCAGTTAATCTGG,1730,3,clonotype50,clonotype50_consensus_3
TCTATTGTCTATCCTA-1,True,TCTATTGTCTATCCTA-1_contig_3,True,473,TRB,TRBV20-1,None,TRBJ2-1,TRBC2,True,True,CSARVGSEVNEQFF,TGCAGTGCTAGAGTGGGGTCGGAAGTCAATGAGCAGTTCTTC,1743,17,clonotype50,clonotype50_consensus_1
TCTATTGTCTATCCTA-1,True,TCTATTGTCTATCCTA-1_contig_4,True,311,TRA,None,None,TRAJ32,TRAC,False,False,None,None,302,2,clonotype50,None
TCTATTGTCTATCCTA-1,True,TCTATTGTCTATCCTA-1_contig_5,True,471,TRA,TRAV10,None,TRAJ24,TRAC,True,False,None,None,137,1,clonotype50,None
TCTCATAAGAAACCAT-1,True,TCTCATAAGAAACCAT-1_contig_1,True,518,TRB,TRBV20-1,None,TRBJ1-2,TRBC1,True,True,CSAPGQGGYGYTF,TGCAGTGCGCCCGGACAGGGAGGCTATGGCTACACCTTC,1080,5,clonotype3321,clonotype3321_consensus_1
TCTCATAAGAAACCAT-1,True,TCTCATAAGAAACCAT-1_contig_2,True,492,TRB,TRBV20-1,None,TRBJ2-1,TRBC2,True,True,CSVPSGGAGNEQFF,TGCAGTGTTCCGAGCGGGGGGGCAGGAAATGAGCAGTTCTTC,1114,7,clonotype3321,clonotype3321_consensus_2
TCTCATAAGAAACCAT-1,True,TCTCATAAGAAACCAT-1_contig_3,True,535,TRA,TRAV8-1,None,TRAJ23,TRAC,True,True,CAVKLGYNQGGKLIF,TGTGCCGTGAAGCTGGGCTATAACCAGGGAGGAAAGCTTATCTTC,362,3,clonotype3321,clonotype3321_consensus_3
TCTCATACAACACCCG-1,True,TCTCATACAACACCCG-1_contig_1,True,519,TRB,TRBV5-5,None,TRBJ1-4,TRBC1,True,True,CASSHPGPNYATNEKLFF,TGTGCCAGCAGCCATCCCGGACCGAACTACGCAACTAATGAAAAACTGTTTTTT,8035,9,clonotype4,clonotype4_consensus_1
TCTCATACAAGGGTCA-1,True,TCTCATACAAGGGTCA-1_contig_1,True,505,TRA,TRAV1-2,None,TRAJ33,TRAC,True,True,CAATDSNYQLIW,TGTGCTGCGACTGATAGCAACTATCAGTTAATCTGG,295,1,clonotype1,clonotype1_consensus_2
TCTCATACAAGGGTCA-1,True,TCTCATACAAGGGTCA-1_contig_2,True,498,TRB,TRBV20-1,None,TRBJ2-1,TRBC2,True,True,CSARVGSEVNEQFF,TGCAGTGCTAGAGTGGGGTCGGAAGTCAATGAGCAGTTCTTC,623,4,clonotype1,clonotype1_consensus_1
TCTCATACACGCATCG-1,True,TCTCATACACGCATCG-1_contig_1,True,505,TRA,TRAV1-2,None,TRAJ33,TRAC,True,True,CAATDSNYQLIW,TGTGCTGCGACTGATAGCAACTATCAGTTAATCTGG,210,1,clonotype1,clonotype1_consensus_2
TCTCATACACGCATCG-1,True,TCTCATACACGCATCG-1_contig_2,True,467,TRB,TRBV20-1,None,TRBJ2-1,TRBC2,True,True,CSARVGSEVNEQFF,TGCAGTGCTAGAGTGGGGTCGGAAGTCAATGAGCAGTTCTTC,450,5,clonotype1,clonotype1_consensus_1
TCTCATACACGCATCG-1,True,TCTCATACACGCATCG-1_contig_3,True,465,TRA,TRAV10,None,TRAJ24,TRAC,True,False,None,None,532,3,clonotype1,None
TCTCATACAGACAGGT-1,True,TCTCATACAGACAGGT-1_contig_1,True,488,TRB,TRBV20-1,None,TRBJ2-1,TRBC2,True,True,CSARVGSEVNEQFF,TGCAGTGCTAGAGTGGGGTCGGAAGTCAATGAGCAGTTCTTC,1158,6,clonotype2,clonotype2_consensus_1
TCTCATACAGGTCGTC-1,True,TCTCATACAGGTCGTC-1_contig_1,True,505,TRA,TRAV1-2,None,TRAJ33,TRAC,True,True,CAATDSNYQLIW,TGTGCTGCGACTGATAGCAACTATCAGTTAATCTGG,2360,2,clonotype1,clonotype1_consensus_2
TCTCATACAGGTCGTC-1,True,TCTCATACAGGTCGTC-1_contig_2,True,521,TRB,TRBV20-1,None,TRBJ2-1,TRBC2,True,True,CSARVGSEVNEQFF,TGCAGTGCTAGAGTGGGGTCGGAAGTCAATGAGCAGTTCTTC,427,7,clonotype1,clonotype1_consensus_1
TCTCATACAGTGAGTG-1,True,TCTCATACAGTGAGTG-1_contig_1,True,502,TRA,TRAV1-2,None,TRAJ30,TRAC,True,True,CAVRDLREIIF,TGTGCTGTGAGAGATCTTCGGGAGATCATCTTT,401,2,clonotype3,clonotype3_consensus_2
TCTCATACAGTGAGTG-1,True,TCTCATACAGTGAGTG-1_contig_2,True,538,TRB,TRBV5-5,None,TRBJ1-4,TRBC1,True,True,CASSHPGPNYATNEKLFF,TGTGCCAGCAGCCATCCCGGACCGAACTACGCAACTAATGAAAAACTGTTTTTT,791,2,clonotype3,clonotype3_consensus_1
TCTCATACATCGTCGG-1,True,TCTCATACATCGTCGG-1_contig_1,True,505,TRA,TRAV1-2,None,TRAJ33,TRAC,True,True,CAAMDSNYQLIW,TGTGCTGCCATGGATAGCAACTATCAGTTAATCTGG,2515,4,clonotype21,clonotype21_consensus_2
TCTCATACATCGTCGG-1,True,TCTCATACATCGTCGG-1_contig_2,True,521,TRB,TRBV20-1,None,TRBJ1-1,TRBC1,True,True,CSAREGGKDTEAFF,TGCAGTGCTAGGGAGGGGGGTAAGGACACTGAAGCTTTCTTT,3352,13,clonotype21,clonotype21_consensus_1
TCTCATAGTTCGCGAC-1,True,TCTCATAGTTCGCGAC-1_contig_1,True,467,TRB,TRBV20-1,None,TRBJ2-7,TRBC2,True,True,CSALRLEIEQYF,TGCAGTGCCCTCCGACTAGAGATCGAGCAGTACTTC,1709,10,clonotype146,clonotype146_consensus_2
TCTCATAGTTCGCGAC-1,True,TCTCATAGTTCGCGAC-1_contig_2,True,565,TRA,TRAV19,None,TRAJ50,TRAC,True,True,CALRKKTSYDKVIF,TGTGCTCTGAGGAAGAAAACCTCCTACGACAAGGTGATATTT,527,4,clonotype146,clonotype146_consensus_3
TCTCATAGTTCGCGAC-1,True,TCTCATAGTTCGCGAC-1_contig_3,True,496,TRA,TRAV41,None,TRAJ49,TRAC,True,True,CAVGFPNTGNQFYF,TGTGCTGTCGGCTTCCCGAACACCGGTAACCAGTTCTATTTT,2509,3,clonotype146,clonotype146_consensus_1
TCTCATAGTTGACGTT-1,True,TCTCATAGTTGACGTT-1_contig_1,True,480,TRB,TRBV20-1,None,TRBJ2-1,TRBC2,True,True,CSARVGSEVNEQFF,TGCAGTGCTAGAGTGGGGTCGGAAGTCAATGAGCAGTTCTTC,160,3,clonotype2,clonotype2_consensus_1
TCTCATATCAAGCCTA-1,True,TCTCATATCAAGCCTA-1_contig_1,True,521,TRB,TRBV20-1,None,TRBJ2-1,TRBC2,True,True,CSARVGSEVNEQFF,TGCAGTGCTAGAGTGGGGTCGGAAGTCAATGAGCAGTTCTTC,1520,7,clonotype2,clonotype2_consensus_1
TCTCATATCAAGCCTA-1,True,TCTCATATCAAGCCTA-1_contig_2,True,459,TRA,TRAV10,None,TRAJ24,TRAC,True,False,None,None,54,1,clonotype2,None
TCTCATATCAGTTTGG-1,True,TCTCATATCAGTTTGG-1_contig_1,True,545,TRA,TRAV12-1,None,TRAJ23,TRAC,True,True,CVVNDEGKLIF,TGTGTGGTGAACGACGAAGGAAAGCTTATCTTC,309,4,clonotype3322,clonotype3322_consensus_1
TCTCATATCGCAAGCC-1,True,TCTCATATCGCAAGCC-1_contig_1,True,498,TRB,TRBV20-1,None,TRBJ2-1,TRBC2,True,True,CSARVGSEVNEQFF,TGCAGTGCTAGAGTGGGGTCGGAAGTCAATGAGCAGTTCTTC,712,4,clonotype2,clonotype2_consensus_1
TCTCATATCGCAAGCC-1,True,TCTCATATCGCAAGCC-1_contig_2,True,456,TRA,TRAV10,None,TRAJ24,TRAC,True,False,None,None,84,2,clonotype2,None
TCTCATATCGTCGTTC-1,True,TCTCATATCGTCGTTC-1_contig_1,True,527,TRB,TRBV20-1,None,TRBJ2-1,TRBC2,True,True,CSARDPSGGRDNEQFF,TGCAGTGCTAGAGATCCTAGCGGGGGGAGAGACAATGAGCAGTTCTTC,859,8,clonotype3323,clonotype3323_consensus_1
TCTCATATCGTCGTTC-1,True,TCTCATATCGTCGTTC-1_contig_2,True,472,TRA,TRAV12-3,None,TRAJ31,TRAC,True,True,CAMSAGNARLMF,TGTGCAATGAGCGCGGGCAATGCCAGACTCATGTTT,449,2,clonotype3323,clonotype3323_consensus_2
TCTCATATCGTCGTTC-1,True,TCTCATATCGTCGTTC-1_contig_3,True,475,TRA,TRAV24,None,TRAJ52,TRAC,True,False,None,None,175,1,clonotype3323,None
TCTCTAAAGATGTGGC-1,True,TCTCTAAAGATGTGGC-1_contig_1,True,501,TRB,TRBV20-1,None,TRBJ2-2,TRBC2,True,True,CSARPQLTNTGELFF,TGCAGTGCTAGACCCCAACTAACCAACACCGGGGAGCTGTTTTTT,216,5,clonotype13,clonotype13_consensus_2
TCTCTAAAGATGTGGC-1,True,TCTCTAAAGATGTGGC-1_contig_2,True,529,TRA,TRAV21,None,TRAJ11,TRAC,True,True,CAASASGYSTLTF,TGTGCTGCCTCAGCATCAGGATACAGCACCCTCACCTTT,1201,5,clonotype13,clonotype13_consensus_1
TCTCTAAAGCCCAATT-1,True,TCTCTAAAGCCCAATT-1_contig_1,True,501,TRB,TRBV20-1,None,TRBJ1-1,TRBC1,True,True,CSARSGQGEGTEAFF,TGCAGTGCCAGGTCGGGACAGGGGGAAGGGACTGAAGCTTTCTTT,1789,10,clonotype3324,clonotype3324_consensus_2
TCTCTAAAGCCCAATT-1,True,TCTCTAAAGCCCAATT-1_contig_2,True,621,TRA,TRAV3,None,TRAJ29,TRAC,True,True,CAVRARNSGNTPLVF,TGTGCTGTGAGGGCCCGGAATTCAGGAAACACACCTCTTGTCTTT,247,4,clonotype3324,clonotype3324_consensus_1
TCTCTAAAGCCCAATT-1,True,TCTCTAAAGCCCAATT-1_contig_3,True,511,TRA,TRAV13-2,None,TRAJ48,TRAC,True,False,None,None,243,1,clonotype3324,None
TCTCTAAAGCCGTCGT-1,True,TCTCTAAAGCCGTCGT-1_contig_1,True,505,TRA,TRAV1-2,None,TRAJ33,TRAC,True,True,CAATDSNYQLIW,TGTGCTGCGACTGATAGCAACTATCAGTTAATCTGG,91,2,clonotype1,clonotype1_consensus_2
TCTCTAAAGCCGTCGT-1,True,TCTCTAAAGCCGTCGT-1_contig_2,True,498,TRB,TRBV20-1,None,TRBJ2-1,TRBC2,True,True,CSARVGSEVNEQFF,TGCAGTGCTAGAGTGGGGTCGGAAGTCAATGAGCAGTTCTTC,555,5,clonotype1,clonotype1_consensus_1
TCTCTAAAGCTGCAAG-1,True,TCTCTAAAGCTGCAAG-1_contig_1,True,524,TRB,TRBV20-1,None,TRBJ1-2,TRBC1,True,True,CSAQKSGTQTYGYTF,TGCAGTGCCCAAAAATCAGGGACCCAGACCTATGGCTACACCTTC,838,9,clonotype3325,clonotype3325_consensus_2
TCTCTAAAGCTGCAAG-1,True,TCTCTAAAGCTGCAAG-1_contig_2,True,448,TRA,TRAV2,None,TRAJ11,TRAC,True,True,CAVEDRGYSTLTF,TGTGCTGTGGAGGATCGAGGATACAGCACCCTCACCTTT,649,4,clonotype3325,clonotype3325_consensus_1
TCTCTAAAGTAGGCCA-1,True,TCTCTAAAGTAGGCCA-1_contig_1,True,521,TRB,TRBV20-1,None,TRBJ1-5,TRBC1,True,True,CSARTGPRNQPQHF,TGCAGTGCTAGAACGGGACCGCGCAATCAGCCCCAGCATTTT,1690,16,clonotype323,clonotype323_consensus_1
TCTCTAAAGTAGGCCA-1,True,TCTCTAAAGTAGGCCA-1_contig_2,True,472,TRA,TRAV38-1,None,TRAJ49,TRAC,True,True,CAFTENTGNQFYF,TGTGCTTTCACCGAGAACACCGGTAACCAGTTCTATTTT,426,7,clonotype323,clonotype323_consensus_2
TCTCTAAAGTTTAGGA-1,True,TCTCTAAAGTTTAGGA-1_contig_1,True,505,TRA,TRAV1-2,None,TRAJ33,TRAC,True,True,CAATDSNYQLIW,TGTGCTGCGACTGATAGCAACTATCAGTTAATCTGG,522,1,clonotype1,clonotype1_consensus_2
TCTCTAAAGTTTAGGA-1,True,TCTCTAAAGTTTAGGA-1_contig_2,True,521,TRB,TRBV20-1,None,TRBJ2-1,TRBC2,True,True,CSARVGSEVNEQFF,TGCAGTGCTAGAGTGGGGTCGGAAGTCAATGAGCAGTTCTTC,991,6,clonotype1,clonotype1_consensus_1
TCTCTAAAGTTTAGGA-1,True,TCTCTAAAGTTTAGGA-1_contig_3,True,575,TRA,TRAV10,None,TRAJ24,TRAC,True,False,None,None,154,2,clonotype1,None
TCTCTAACAACTTGAC-1,True,TCTCTAACAACTTGAC-1_contig_1,True,505,TRA,TRAV1-2,None,TRAJ33,TRAC,True,True,CAATDSNYQLIW,TGTGCTGCGACTGATAGCAACTATCAGTTAATCTGG,600,9,clonotype1,clonotype1_consensus_2
TCTCTAACAACTTGAC-1,True,TCTCTAACAACTTGAC-1_contig_2,True,492,TRB,TRBV20-1,None,TRBJ2-1,TRBC2,True,True,CSARVGSEVNEQFF,TGCAGTGCTAGAGTGGGGTCGGAAGTCAATGAGCAGTTCTTC,602,3,clonotype1,clonotype1_consensus_1
TCTCTAACAAGCTGTT-1,True,TCTCTAACAAGCTGTT-1_contig_1,True,668,TRB,TRBV5-5,None,TRBJ1-1,TRBC1,True,True,CASSLEGGPFSNTEAFF,TGTGCCAGCAGCCTAGAGGGGGGCCCGTTCTCGAACACTGAAGCTTTCTTT,840,10,clonotype3326,clonotype3326_consensus_1
TCTCTAACACGGCGTT-1,True,TCTCTAACACGGCGTT-1_contig_1,True,515,TRB,TRBV20-1,None,TRBJ1-2,TRBC1,True,True,CSATQDNYGYTF,TGCAGTGCAACACAGGATAACTATGGCTACACCTTC,9304,7,clonotype3327,clonotype3327_consensus_1
TCTCTAACACGGCGTT-1,True,TCTCTAACACGGCGTT-1_contig_2,True,497,TRA,TRAV38-2/DV8,None,TRAJ16,TRAC,True,True,CAYRSFSSDGQKLLF,TGTGCTTATAGGAGTTTTAGTTCAGATGGCCAGAAGCTGCTCTTT,2789,6,clonotype3327,clonotype3327_consensus_2
TCTCTAACACGGCGTT-1,True,TCTCTAACACGGCGTT-1_contig_3,True,308,TRB,None,None,TRBJ2-4,TRBC2,False,False,None,None,1165,3,clonotype3327,None
TCTCTAACACGGTGTC-1,True,TCTCTAACACGGTGTC-1_contig_1,True,482,TRB,TRBV20-1,None,TRBJ2-2,TRBC2,True,True,CSALKTGLGELFF,TGCAGTGCTCTAAAGACAGGCCTCGGGGAGCTGTTTTTT,911,6,clonotype3328,clonotype3328_consensus_1
TCTCTAACACGGTGTC-1,True,TCTCTAACACGGTGTC-1_contig_2,True,560,TRA,TRAV22,None,TRAJ49,TRAC,True,True,CAVELGGNQFYF,TGTGCTGTGGAGTTGGGCGGTAACCAGTTCTATTTT,191,3,clonotype3328,clonotype3328_consensus_2
TCTCTAACACTGTGTA-1,True,TCTCTAACACTGTGTA-1_contig_1,True,502,TRA,TRAV1-2,None,TRAJ30,TRAC,True,True,CAVRDLREIIF,TGTGCTGTGAGAGATCTTCGGGAGATCATCTTT,266,3,clonotype3,clonotype3_consensus_2
TCTCTAACACTGTGTA-1,True,TCTCTAACACTGTGTA-1_contig_2,True,632,TRB,TRBV5-5,None,TRBJ1-4,TRBC1,True,True,CASSHPGPNYATNEKLFF,TGTGCCAGCAGCCATCCCGGACCGAACTACGCAACTAATGAAAAACTGTTTTTT,2224,5,clonotype3,clonotype3_consensus_1
TCTCTAACAGGTCTCG-1,True,TCTCTAACAGGTCTCG-1_contig_1,True,502,TRA,TRAV1-2,None,TRAJ30,TRAC,True,True,CAVRDLREIIF,TGTGCTGTGAGAGATCTTCGGGAGATCATCTTT,236,2,clonotype3,clonotype3_consensus_2
TCTCTAACAGGTCTCG-1,True,TCTCTAACAGGTCTCG-1_contig_2,True,512,TRB,TRBV5-5,None,TRBJ1-4,TRBC1,True,True,CASSHPGPNYATNEKLFF,TGTGCCAGCAGCCATCCCGGACCGAACTACGCAACTAATGAAAAACTGTTTTTT,1149,6,clonotype3,clonotype3_consensus_1
TCTCTAACATCCCATC-1,True,TCTCTAACATCCCATC-1_contig_1,True,556,TRA,TRAV12-2,None,TRAJ28,TRAC,True,True,CAVNFAYSGAGSYQLTF,TGTGCCGTGAACTTCGCATACTCTGGGGCTGGGAGTTACCAACTCACTTTC,2883,3,clonotype3329,clonotype3329_consensus_1
TCTCTAACATCCCATC-1,True,TCTCTAACATCCCATC-1_contig_2,True,521,TRB,TRBV20-1,None,TRBJ1-1,TRBC1,True,True,CSARSFGQGSEAFF,TGCAGTGCTAGAAGTTTCGGACAGGGCTCTGAAGCTTTCTTT,1885,9,clonotype3329,clonotype3329_consensus_2
TCTCTAACATCCCATC-1,True,TCTCTAACATCCCATC-1_contig_3,True,435,TRA,TRAV4,None,TRAJ21,TRAC,True,False,CTTASWVKDNFNKFYF,TGTACTACTGCCTCGTGGGTGAAAGACAACTTCAACAAATTTTACTTT,543,1,clonotype3329,None
TCTCTAACATCCTAGA-1,True,TCTCTAACATCCTAGA-1_contig_1,True,494,TRA,TRAV38-2/DV8,None,TRAJ43,TRAC,True,True,CAYCQSAGNNDMRF,TGTGCTTATTGCCAATCCGCGGGTAACAATGACATGCGCTTT,2077,11,clonotype3330,clonotype3330_consensus_2
TCTCTAACATCCTAGA-1,True,TCTCTAACATCCTAGA-1_contig_2,True,521,TRB,TRBV20-1,None,TRBJ1-6,TRBC1,True,True,CSARRRVNNSPLHF,TGCAGTGCTAGGAGGAGGGTAAATAATTCACCCCTCCACTTT,1406,11,clonotype3330,clonotype3330_consensus_1
TCTCTAACATCCTAGA-1,True,TCTCTAACATCCTAGA-1_contig_3,True,565,TRA,TRAV17,None,TRAJ49,TRAC,True,True,CAPPGQV,TGTGCCCCACCCGGCCAGGTT,614,8,clonotype3330,clonotype3330_consensus_3
TCTCTAACATCCTAGA-1,True,TCTCTAACATCCTAGA-1_contig_4,True,315,TRB,None,None,TRBJ2-1,TRBC2,False,False,None,None,279,3,clonotype3330,None
TCTCTAACATGTTGAC-1,True,TCTCTAACATGTTGAC-1_contig_1,True,505,TRA,TRAV1-2,None,TRAJ33,TRAC,True,True,CAATDSNYQLIW,TGTGCTGCGACTGATAGCAACTATCAGTTAATCTGG,523,2,clonotype1,clonotype1_consensus_2
TCTCTAACATGTTGAC-1,True,TCTCTAACATGTTGAC-1_contig_2,True,521,TRB,TRBV20-1,None,TRBJ2-1,TRBC2,True,True,CSARVGSEVNEQFF,TGCAGTGCTAGAGTGGGGTCGGAAGTCAATGAGCAGTTCTTC,777,6,clonotype1,clonotype1_consensus_1
TCTCTAACATGTTGAC-1,True,TCTCTAACATGTTGAC-1_contig_3,True,457,TRA,TRAV10,None,TRAJ24,TRAC,True,False,None,None,129,1,clonotype1,None
TCTCTAACATTATCTC-1,True,TCTCTAACATTATCTC-1_contig_1,True,565,TRA,TRAV19,None,TRAJ40,TRAC,True,True,CALAFTSGTYKYIF,TGTGCTCTCGCTTTTACCTCAGGAACCTACAAATACATCTTT,723,2,clonotype3331,clonotype3331_consensus_2
TCTCTAACATTATCTC-1,True,TCTCTAACATTATCTC-1_contig_2,True,510,TRB,TRBV5-5,None,TRBJ1-5,TRBC1,True,True,CASSLGPERNQPQHF,TGTGCCAGCAGCTTGGGTCCCGAGAGGAATCAGCCCCAGCATTTT,1531,7,clonotype3331,clonotype3331_consensus_1
TCTCTAACATTCACTT-1,True,TCTCTAACATTCACTT-1_contig_1,True,505,TRA,TRAV1-2,None,TRAJ33,TRAC,True,True,CAATDSNYQLIW,TGTGCTGCGACTGATAGCAACTATCAGTTAATCTGG,487,3,clonotype1,clonotype1_consensus_2
TCTCTAACATTCACTT-1,True,TCTCTAACATTCACTT-1_contig_2,True,498,TRB,TRBV20-1,None,TRBJ2-1,TRBC2,True,True,CSARVGSEVNEQFF,TGCAGTGCTAGAGTGGGGTCGGAAGTCAATGAGCAGTTCTTC,1126,4,clonotype1,clonotype1_consensus_1
TCTCTAAGTAGTGAAT-1,True,TCTCTAAGTAGTGAAT-1_contig_1,True,499,TRA,TRAV1-1,None,TRAJ23,TRAC,True,True,CAVRGPPYNQGGKLIF,TGCGCTGTGAGAGGTCCCCCTTATAACCAGGGAGGAAAGCTTATCTTC,2091,4,clonotype3332,clonotype3332_consensus_2
TCTCTAAGTAGTGAAT-1,True,TCTCTAAGTAGTGAAT-1_contig_2,True,512,TRB,TRBV20-1,None,TRBJ1-1,TRBC1,True,True,CSAQWGTEAFF,TGCAGTGCCCAATGGGGCACTGAAGCTTTCTTT,586,2,clonotype3332,clonotype3332_consensus_1
TCTCTAAGTAGTGAAT-1,True,TCTCTAAGTAGTGAAT-1_contig_3,True,327,TRB,None,None,TRBJ1-5,TRBC1,False,False,None,None,228,2,clonotype3332,None
TCTCTAAGTATCAGTC-1,True,TCTCTAAGTATCAGTC-1_contig_1,True,454,TRA,TRAV13-1,None,TRAJ22,TRAC,True,True,CAASIGTARQLTF,TGTGCAGCAAGTATAGGGACTGCAAGGCAACTGACCTTT,443,5,clonotype19,clonotype19_consensus_1
TCTCTAAGTATCAGTC-1,True,TCTCTAAGTATCAGTC-1_contig_2,True,495,TRB,TRBV20-1,None,TRBJ2-5,TRBC2,True,True,CSAQTTVVATQYF,TGCAGTGCCCAGACGACGGTAGTAGCGACCCAGTACTTC,700,4,clonotype19,clonotype19_consensus_2
TCTCTAAGTCAACATC-1,True,TCTCTAAGTCAACATC-1_contig_1,True,505,TRA,TRAV1-2,None,TRAJ33,TRAC,True,True,CAATDSNYQLIW,TGTGCTGCGACTGATAGCAACTATCAGTTAATCTGG,2178,4,clonotype1,clonotype1_consensus_2
TCTCTAAGTCAACATC-1,True,TCTCTAAGTCAACATC-1_contig_2,True,521,TRB,TRBV20-1,None,TRBJ2-1,TRBC2,True,True,CSARVGSEVNEQFF,TGCAGTGCTAGAGTGGGGTCGGAAGTCAATGAGCAGTTCTTC,1219,6,clonotype1,clonotype1_consensus_1
TCTCTAAGTCAACATC-1,True,TCTCTAAGTCAACATC-1_contig_3,True,459,TRA,TRAV10,None,TRAJ24,TRAC,True,False,None,None,199,2,clonotype1,None
TCTCTAAGTCGAATCT-1,True,TCTCTAAGTCGAATCT-1_contig_1,True,505,TRA,TRAV1-2,None,TRAJ33,TRAC,True,True,CAATDSNYQLIW,TGTGCTGCGACTGATAGCAACTATCAGTTAATCTGG,253,1,clonotype1,clonotype1_consensus_2
TCTCTAAGTCGAATCT-1,True,TCTCTAAGTCGAATCT-1_contig_2,True,521,TRB,TRBV20-1,None,TRBJ2-1,TRBC2,True,True,CSARVGSEVNEQFF,TGCAGTGCTAGAGTGGGGTCGGAAGTCAATGAGCAGTTCTTC,1956,9,clonotype1,clonotype1_consensus_1
TCTCTAAGTCGAATCT-1,True,TCTCTAAGTCGAATCT-1_contig_3,True,457,TRA,TRAV10,None,TRAJ24,TRAC,True,False,None,None,213,1,clonotype1,None
TCTCTAAGTCTAAAGA-1,True,TCTCTAAGTCTAAAGA-1_contig_1,True,485,TRB,TRBV20-1,None,TRBJ2-1,TRBC2,True,True,CSARVGSEVNEQFF,TGCAGTGCTAGAGTGGGGTCGGAAGTCAATGAGCAGTTCTTC,1397,3,clonotype2,clonotype2_consensus_1
TCTCTAAGTCTAGTGT-1,True,TCTCTAAGTCTAGTGT-1_contig_1,True,540,TRA,TRAV12-1,None,TRAJ24,TRAC,True,True,CVGDSWGKFQF,TGTGTGGGGGACAGCTGGGGGAAATTCCAGTTT,903,4,clonotype178,clonotype178_consensus_1
TCTCTAAGTCTAGTGT-1,True,TCTCTAAGTCTAGTGT-1_contig_2,True,490,TRA,TRAV1-1,None,TRAJ9,TRAC,True,True,CAVPNTGGFKTIF,TGCGCTGTCCCAAATACTGGAGGCTTCAAAACTATCTTT,2119,7,clonotype178,clonotype178_consensus_3
TCTCTAAGTCTAGTGT-1,True,TCTCTAAGTCTAGTGT-1_contig_3,True,521,TRB,TRBV20-1,None,TRBJ2-3,TRBC2,True,True,CSARDGQGGDTQYF,TGCAGTGCTAGAGATGGGCAGGGAGGCGATACGCAGTATTTT,1529,10,clonotype178,clonotype178_consensus_2
TCTCTAAGTCTAGTGT-1,True,TCTCTAAGTCTAGTGT-1_contig_4,True,301,TRB,None,None,TRBJ2-7,TRBC2,False,False,None,None,288,1,clonotype178,None
TCTCTAAGTCTTCTCG-1,True,TCTCTAAGTCTTCTCG-1_contig_1,True,505,TRA,TRAV1-2,None,TRAJ33,TRAC,True,True,CAATDSNYQLIW,TGTGCTGCGACTGATAGCAACTATCAGTTAATCTGG,850,6,clonotype1,clonotype1_consensus_2
TCTCTAAGTCTTCTCG-1,True,TCTCTAAGTCTTCTCG-1_contig_2,True,495,TRB,TRBV20-1,None,TRBJ2-1,TRBC2,True,True,CSARVGSEVNEQFF,TGCAGTGCTAGAGTGGGGTCGGAAGTCAATGAGCAGTTCTTC,251,6,clonotype1,clonotype1_consensus_1
TCTCTAAGTCTTCTCG-1,True,TCTCTAAGTCTTCTCG-1_contig_3,True,468,TRA,TRAV10,None,TRAJ24,TRAC,True,False,None,None,144,3,clonotype1,None
TCTCTAAGTTAAAGAC-1,True,TCTCTAAGTTAAAGAC-1_contig_1,True,518,TRB,TRBV20-1,None,TRBJ2-7,TRBC2,True,True,CSARFRGAGEQYF,TGCAGTGCTAGGTTCCGGGGGGCGGGTGAGCAGTACTTC,528,10,clonotype3333,clonotype3333_consensus_2
TCTCTAAGTTAAAGAC-1,True,TCTCTAAGTTAAAGAC-1_contig_2,True,482,TRA,TRAV24,None,TRAJ24,TRAC,True,True,CAFSTDSWGKLQF,TGTGCCTTTTCAACTGACAGCTGGGGGAAATTGCAGTTT,2527,1,clonotype3333,clonotype3333_consensus_1
TCTCTAATCCCAAGAT-1,True,TCTCTAATCCCAAGAT-1_contig_1,True,502,TRA,TRAV1-2,None,TRAJ30,TRAC,True,True,CAVRDLREIIF,TGTGCTGTGAGAGATCTTCGGGAGATCATCTTT,130,2,clonotype3,clonotype3_consensus_2
TCTCTAATCCCAAGAT-1,True,TCTCTAATCCCAAGAT-1_contig_2,True,691,TRB,TRBV5-5,None,TRBJ1-4,TRBC1,True,True,CASSHPGPNYATNEKLFF,TGTGCCAGCAGCCATCCCGGACCGAACTACGCAACTAATGAAAAACTGTTTTTT,399,3,clonotype3,clonotype3_consensus_1
TCTCTAATCCCAAGAT-1,True,TCTCTAATCCCAAGAT-1_contig_3,True,463,TRB,TRBV7-3,None,TRBJ2-1,TRBC2,True,False,CQQRSLKAGGPYNEQFF,TGCCAGCAGCGGTCACTTAAAGCGGGGGGACCCTACAATGAGCAGTTCTTC,1614,5,clonotype3,None
TCTCTAATCCGGGTGT-1,True,TCTCTAATCCGGGTGT-1_contig_1,True,521,TRB,TRBV20-1,None,TRBJ2-1,TRBC2,True,True,CSARVGSEVNEQFF,TGCAGTGCTAGAGTGGGGTCGGAAGTCAATGAGCAGTTCTTC,940,4,clonotype2,clonotype2_consensus_1
TCTCTAATCCGTACAA-1,True,TCTCTAATCCGTACAA-1_contig_1,True,505,TRA,TRAV1-2,None,TRAJ33,TRAC,True,True,CAATDSNYQLIW,TGTGCTGCGACTGATAGCAACTATCAGTTAATCTGG,197,7,clonotype1,clonotype1_consensus_2
TCTCTAATCCGTACAA-1,True,TCTCTAATCCGTACAA-1_contig_2,True,498,TRB,TRBV20-1,None,TRBJ2-1,TRBC2,True,True,CSARVGSEVNEQFF,TGCAGTGCTAGAGTGGGGTCGGAAGTCAATGAGCAGTTCTTC,1462,7,clonotype1,clonotype1_consensus_1
TCTCTAATCGTTTAGG-1,True,TCTCTAATCGTTTAGG-1_contig_1,True,501,TRB,TRBV20-1,None,TRBJ1-1,TRBC1,True,True,CSARDSQGRNTEAFF,TGCAGTGCTAGAGATAGTCAGGGGCGGAACACTGAAGCTTTCTTT,2567,11,clonotype3334,clonotype3334_consensus_3
TCTCTAATCGTTTAGG-1,True,TCTCTAATCGTTTAGG-1_contig_2,True,524,TRB,TRBV20-1,None,TRBJ2-7,TRBC2,True,True,CSARITSGGAYEQYF,TGCAGTGCTAGGATTACTAGCGGGGGTGCCTACGAGCAGTACTTC,657,6,clonotype3334,clonotype3334_consensus_1
TCTCTAATCGTTTAGG-1,True,TCTCTAATCGTTTAGG-1_contig_3,True,607,TRA,TRAV8-6,None,TRAJ21,TRAC,True,True,CAVSPVNFNKFYF,TGTGCTGTGAGTCCCGTCAACTTCAACAAATTTTACTTT,4766,4,clonotype3334,clonotype3334_consensus_2
TCTCTAATCGTTTAGG-1,True,TCTCTAATCGTTTAGG-1_contig_4,True,616,TRA,TRAV3,None,TRAJ43,TRAC,True,False,None,None,659,3,clonotype3334,None
TCTGAGAAGCTCCCAG-1,True,TCTGAGAAGCTCCCAG-1_contig_1,True,518,TRB,TRBV20-1,None,TRBJ2-7,TRBC2,True,True,CSARDITTYEQYF,TGCAGTGCTAGAGATATAACTACTTACGAGCAGTACTTC,1268,4,clonotype160,clonotype160_consensus_1
TCTGAGAAGCTCCCAG-1,True,TCTGAGAAGCTCCCAG-1_contig_2,True,488,TRA,TRAV21,None,TRAJ57,TRAC,True,True,CAVHPLGGSEKLVF,TGTGCTGTCCATCCCTTAGGCGGATCTGAAAAGCTGGTCTTT,4498,2,clonotype160,clonotype160_consensus_2
TCTGAGAAGGAACTGC-1,True,TCTGAGAAGGAACTGC-1_contig_1,True,521,TRB,TRBV20-1,None,TRBJ2-1,TRBC2,True,True,CSARVGSEVNEQFF,TGCAGTGCTAGAGTGGGGTCGGAAGTCAATGAGCAGTTCTTC,1960,11,clonotype2,clonotype2_consensus_1
TCTGAGAAGGTGATTA-1,True,TCTGAGAAGGTGATTA-1_contig_1,True,559,TRA,TRAV19,None,TRAJ21,TRAC,True,True,CALSNNFNKFYF,TGTGCTCTGAGTAACAACTTCAACAAATTTTACTTT,408,3,clonotype3335,clonotype3335_consensus_1
TCTGAGAAGGTGATTA-1,True,TCTGAGAAGGTGATTA-1_contig_2,True,568,TRA,TRAV19,None,TRAJ30,TRAC,True,True,CALSEGVNRDDKIIF,TGTGCTCTGAGTGAGGGTGTGAACAGAGATGACAAGATCATCTTT,163,2,clonotype3335,clonotype3335_consensus_3
TCTGAGAAGGTGATTA-1,True,TCTGAGAAGGTGATTA-1_contig_3,True,481,TRB,TRBV5-6,None,TRBJ2-5,TRBC2,True,True,CASSLAASGPGAQYF,TGTGCCAGCAGCTTGGCGGCTAGCGGGCCGGGGGCCCAGTACTTC,1023,5,clonotype3335,clonotype3335_consensus_2
TCTGAGAAGTCGCCGT-1,True,TCTGAGAAGTCGCCGT-1_contig_1,True,505,TRA,TRAV1-2,None,TRAJ33,TRAC,True,True,CAATDSNYQLIW,TGTGCTGCGACTGATAGCAACTATCAGTTAATCTGG,170,1,clonotype1,clonotype1_consensus_2
TCTGAGAAGTCGCCGT-1,True,TCTGAGAAGTCGCCGT-1_contig_2,True,521,TRB,TRBV20-1,None,TRBJ2-1,TRBC2,True,True,CSARVGSEVNEQFF,TGCAGTGCTAGAGTGGGGTCGGAAGTCAATGAGCAGTTCTTC,585,4,clonotype1,clonotype1_consensus_1
TCTGAGACAACACCCG-1,True,TCTGAGACAACACCCG-1_contig_1,True,500,TRA,TRAV1-2,None,TRAJ33,TRAC,True,True,CAATDSNYQLIW,TGTGCTGCGACTGATAGCAACTATCAGTTAATCTGG,237,2,clonotype1,clonotype1_consensus_2
TCTGAGACAACACCCG-1,True,TCTGAGACAACACCCG-1_contig_2,True,521,TRB,TRBV20-1,None,TRBJ2-1,TRBC2,True,True,CSARVGSEVNEQFF,TGCAGTGCTAGAGTGGGGTCGGAAGTCAATGAGCAGTTCTTC,1011,7,clonotype1,clonotype1_consensus_1
TCTGAGAGTACAGCAG-1,True,TCTGAGAGTACAGCAG-1_contig_1,True,521,TRB,TRBV20-1,None,TRBJ2-1,TRBC2,True,True,CSARVGSEVNEQFF,TGCAGTGCTAGAGTGGGGTCGGAAGTCAATGAGCAGTTCTTC,817,6,clonotype2,clonotype2_consensus_1
TCTGAGAGTACAGCAG-1,True,TCTGAGAGTACAGCAG-1_contig_2,True,482,TRA,TRAV10,None,TRAJ24,TRAC,True,False,None,None,73,3,clonotype2,None
TCTGAGAGTGATGATA-1,True,TCTGAGAGTGATGATA-1_contig_1,True,521,TRB,TRBV20-1,None,TRBJ2-7,TRBC2,True,True,CSANSGQGPYEQYF,TGCAGTGCCAATTCCGGACAGGGGCCATACGAGCAGTACTTC,2272,10,clonotype3336,clonotype3336_consensus_2
TCTGAGAGTGATGATA-1,True,TCTGAGAGTGATGATA-1_contig_2,True,562,TRA,TRAV19,None,TRAJ21,TRAC,True,True,CALSPYNFNKFYF,TGTGCTCTGAGCCCCTACAACTTCAACAAATTTTACTTT,3083,1,clonotype3336,clonotype3336_consensus_1
TCTGAGAGTTCACCTC-1,True,TCTGAGAGTTCACCTC-1_contig_1,True,495,TRA,TRAV12-3,None,TRAJ30,TRAC,True,True,CAMSDRDDKIIF,TGTGCAATGAGCGACAGAGATGACAAGATCATCTTT,461,3,clonotype3337,clonotype3337_consensus_2
TCTGAGAGTTCACCTC-1,True,TCTGAGAGTTCACCTC-1_contig_2,True,454,TRA,TRAV2,None,TRAJ42,TRAC,True,True,CAVKDVGGSQGNLIF,TGTGCTGTGAAAGACGTAGGAGGAAGCCAAGGAAATCTCATCTTT,207,3,clonotype3337,clonotype3337_consensus_3
TCTGAGAGTTCACCTC-1,True,TCTGAGAGTTCACCTC-1_contig_3,True,498,TRB,TRBV20-1,None,TRBJ2-7,TRBC2,True,True,CSARDLQGVHEQYF,TGCAGTGCTAGAGATCTACAGGGGGTACACGAGCAGTACTTC,894,5,clonotype3337,clonotype3337_consensus_1
TCTGAGAGTTCACCTC-1,True,TCTGAGAGTTCACCTC-1_contig_4,True,744,TRB,TRBV5-6,None,TRBJ2-1,TRBC2,True,True,CASSLQGVAYNEQFF,TGTGCCAGCAGCTTACAGGGGGTCGCCTACAATGAGCAGTTCTTC,1198,7,clonotype3337,clonotype3337_consensus_4
TCTGAGATCCCGACTT-1,True,TCTGAGATCCCGACTT-1_contig_1,True,521,TRB,TRBV20-1,None,TRBJ2-1,TRBC2,True,True,CSARVGSEVNEQFF,TGCAGTGCTAGAGTGGGGTCGGAAGTCAATGAGCAGTTCTTC,1535,8,clonotype2,clonotype2_consensus_1
TCTGAGATCTACTTAC-1,True,TCTGAGATCTACTTAC-1_contig_1,True,469,TRB,TRBV5-6,None,TRBJ2-7,TRBC2,True,True,CASSLAKEQYF,TGTGCCAGCAGCTTGGCAAAGGAGCAGTACTTC,197,6,clonotype16,clonotype16_consensus_1
TCTGAGATCTCTGAGA-1,True,TCTGAGATCTCTGAGA-1_contig_1,True,505,TRA,TRAV1-2,None,TRAJ33,TRAC,True,True,CAATDSNYQLIW,TGTGCTGCGACTGATAGCAACTATCAGTTAATCTGG,1102,4,clonotype1,clonotype1_consensus_2
TCTGAGATCTCTGAGA-1,True,TCTGAGATCTCTGAGA-1_contig_2,True,521,TRB,TRBV20-1,None,TRBJ2-1,TRBC2,True,True,CSARVGSEVNEQFF,TGCAGTGCTAGAGTGGGGTCGGAAGTCAATGAGCAGTTCTTC,1864,10,clonotype1,clonotype1_consensus_1
TCTGAGATCTCTGAGA-1,True,TCTGAGATCTCTGAGA-1_contig_3,True,482,TRA,TRAV10,None,TRAJ24,TRAC,True,False,None,None,489,2,clonotype1,None
TCTGGAAAGAGCTGCA-1,True,TCTGGAAAGAGCTGCA-1_contig_1,True,521,TRB,TRBV20-1,None,TRBJ2-1,TRBC2,True,True,CSARVGSEVNEQFF,TGCAGTGCTAGAGTGGGGTCGGAAGTCAATGAGCAGTTCTTC,816,4,clonotype2,clonotype2_consensus_1
TCTGGAAAGATGAGAG-1,True,TCTGGAAAGATGAGAG-1_contig_1,True,741,TRB,TRBV5-6,None,TRBJ2-5,TRBC2,True,True,CASSMGGRETQYF,TGTGCCAGCTCAATGGGGGGTCGAGAGACCCAGTACTTC,2454,11,clonotype52,clonotype52_consensus_2
TCTGGAAAGATGAGAG-1,True,TCTGGAAAGATGAGAG-1_contig_2,True,498,TRA,TRAV9-2,None,TRAJ57,TRAC,True,True,CALSGTQGGSEKLVF,TGTGCTCTGAGCGGAACTCAGGGCGGATCTGAAAAGCTGGTCTTT,8106,5,clonotype52,clonotype52_consensus_1
TCTGGAAAGGTGCACA-1,True,TCTGGAAAGGTGCACA-1_contig_1,True,527,TRB,TRBV20-1,None,TRBJ2-5,TRBC2,True,True,CSARDSGVGVQETQYF,TGCAGTGCTAGAGATTCGGGCGTGGGGGTCCAAGAGACCCAGTACTTC,1435,6,clonotype3338,clonotype3338_consensus_1
TCTGGAAAGGTGCACA-1,True,TCTGGAAAGGTGCACA-1_contig_2,True,545,TRA,TRAV12-1,None,TRAJ43,TRAC,True,True,CVVKRNNNDMRF,TGTGTGGTGAAACGGAATAACAATGACATGCGCTTT,325,4,clonotype3338,clonotype3338_consensus_2
TCTGGAACAAGGTGTG-1,True,TCTGGAACAAGGTGTG-1_contig_1,True,524,TRB,TRBV20-1,None,TRBJ1-4,TRBC1,True,True,CSARRGRSVNEKLFF,TGCAGTGCCAGGCGGGGGCGTTCCGTTAATGAAAAACTGTTTTTT,1200,7,clonotype101,clonotype101_consensus_2
TCTGGAACAAGGTGTG-1,True,TCTGGAACAAGGTGTG-1_contig_2,True,456,TRA,TRAV13-1,None,TRAJ31,TRAC,True,True,CAASISNARLMF,TGTGCAGCAAGTATAAGCAATGCCAGACTCATGTTT,3700,3,clonotype101,clonotype101_consensus_1
TCTGGAACAAGGTGTG-1,True,TCTGGAACAAGGTGTG-1_contig_3,True,491,TRB,TRBV21-1,None,TRBJ2-2,TRBC2,True,False,CQRTSSPFGQENTGELFF,TGCCAGCGGACCAGCAGCCCCTTCGGGCAGGAGAACACCGGGGAGCTGTTTTTT,4915,4,clonotype101,None
TCTGGAACAGACGTAG-1,True,TCTGGAACAGACGTAG-1_contig_1,True,505,TRA,TRAV1-2,None,TRAJ33,TRAC,True,True,CAATDSNYQLIW,TGTGCTGCGACTGATAGCAACTATCAGTTAATCTGG,202,2,clonotype1,clonotype1_consensus_2
TCTGGAACAGACGTAG-1,True,TCTGGAACAGACGTAG-1_contig_2,True,521,TRB,TRBV20-1,None,TRBJ2-1,TRBC2,True,True,CSARVGSEVNEQFF,TGCAGTGCTAGAGTGGGGTCGGAAGTCAATGAGCAGTTCTTC,1685,7,clonotype1,clonotype1_consensus_1
TCTGGAACAGCCTGTG-1,True,TCTGGAACAGCCTGTG-1_contig_1,True,518,TRB,TRBV20-1,None,TRBJ2-1,TRBC2,True,True,CSARVGSEVNEQFF,TGCAGTGCTAGAGTGGGGTCGGAAGTCAATGAGCAGTTCTTC,224,3,clonotype2,clonotype2_consensus_1
TCTGGAACAGCCTGTG-1,True,TCTGGAACAGCCTGTG-1_contig_2,True,465,TRA,TRAV10,None,TRAJ24,TRAC,True,False,None,None,1816,1,clonotype2,None
TCTGGAACAGGTCCAC-1,True,TCTGGAACAGGTCCAC-1_contig_1,True,505,TRA,TRAV1-2,None,TRAJ33,TRAC,True,True,CAATDSNYQLIW,TGTGCTGCGACTGATAGCAACTATCAGTTAATCTGG,149,2,clonotype1,clonotype1_consensus_2
TCTGGAACAGGTCCAC-1,True,TCTGGAACAGGTCCAC-1_contig_2,True,498,TRB,TRBV20-1,None,TRBJ2-1,TRBC2,True,True,CSARVGSEVNEQFF,TGCAGTGCTAGAGTGGGGTCGGAAGTCAATGAGCAGTTCTTC,3342,11,clonotype1,clonotype1_consensus_1
TCTGGAACAGGTGCCT-1,True,TCTGGAACAGGTGCCT-1_contig_1,True,505,TRA,TRAV1-2,None,TRAJ33,TRAC,True,True,CAATDSNYQLIW,TGTGCTGCGACTGATAGCAACTATCAGTTAATCTGG,8390,4,clonotype1,clonotype1_consensus_2
TCTGGAACAGGTGCCT-1,True,TCTGGAACAGGTGCCT-1_contig_2,True,518,TRB,TRBV20-1,None,TRBJ2-1,TRBC2,True,True,CSARVGSEVNEQFF,TGCAGTGCTAGAGTGGGGTCGGAAGTCAATGAGCAGTTCTTC,663,3,clonotype1,clonotype1_consensus_1
TCTGGAACATCACCCT-1,True,TCTGGAACATCACCCT-1_contig_1,True,521,TRB,TRBV20-1,None,TRBJ2-1,TRBC2,True,True,CSARVGSEVNEQFF,TGCAGTGCTAGAGTGGGGTCGGAAGTCAATGAGCAGTTCTTC,1612,10,clonotype2,clonotype2_consensus_1
TCTGGAACATCACCCT-1,True,TCTGGAACATCACCCT-1_contig_2,True,459,TRA,TRAV10,None,TRAJ24,TRAC,True,False,None,None,263,2,clonotype2,None
TCTGGAACATGCTAGT-1,True,TCTGGAACATGCTAGT-1_contig_1,True,521,TRB,TRBV20-1,None,TRBJ2-1,TRBC2,True,True,CSARVGSEVNEQFF,TGCAGTGCTAGAGTGGGGTCGGAAGTCAATGAGCAGTTCTTC,1051,5,clonotype2,clonotype2_consensus_1
TCTGGAACATTCGACA-1,True,TCTGGAACATTCGACA-1_contig_1,True,505,TRA,TRAV1-2,None,TRAJ33,TRAC,True,True,CAATDSNYQLIW,TGTGCTGCGACTGATAGCAACTATCAGTTAATCTGG,97,1,clonotype1,clonotype1_consensus_2
TCTGGAACATTCGACA-1,True,TCTGGAACATTCGACA-1_contig_2,True,521,TRB,TRBV20-1,None,TRBJ2-1,TRBC2,True,True,CSARVGSEVNEQFF,TGCAGTGCTAGAGTGGGGTCGGAAGTCAATGAGCAGTTCTTC,1361,5,clonotype1,clonotype1_consensus_1
TCTGGAACATTCGACA-1,True,TCTGGAACATTCGACA-1_contig_3,True,482,TRA,TRAV10,None,TRAJ24,TRAC,True,False,None,None,3330,1,clonotype1,None
TCTGGAACATTTGCCC-1,True,TCTGGAACATTTGCCC-1_contig_1,True,511,TRB,TRBV20-1,None,TRBJ2-5,TRBC2,True,True,CTPGRRTWETQYF,TGCACGCCGGGACGTCGGACCTGGGAGACCCAGTACTTC,632,7,clonotype3339,clonotype3339_consensus_1
TCTGGAAGTACATGTC-1,True,TCTGGAAGTACATGTC-1_contig_1,True,501,TRB,TRBV20-1,None,TRBJ2-7,TRBC2,True,True,CSARDPTSGDYEQYF,TGCAGTGCTAGAGATCCGACTAGCGGCGACTACGAGCAGTACTTC,1124,4,clonotype155,clonotype155_consensus_2
TCTGGAAGTACATGTC-1,True,TCTGGAAGTACATGTC-1_contig_2,True,505,TRA,TRAV1-2,None,TRAJ33,TRAC,True,True,CAVVDSNYQLIW,TGTGCTGTTGTGGATAGCAACTATCAGTTAATCTGG,460,4,clonotype155,clonotype155_consensus_1
TCTGGAAGTCAAAGAT-1,True,TCTGGAAGTCAAAGAT-1_contig_1,True,672,TRA,TRAV8-3,None,TRAJ23,TRAC,True,True,CAGNQGGKLIF,TGTGCCGGTAACCAGGGAGGAAAGCTTATCTTC,1393,5,clonotype3340,clonotype3340_consensus_1
TCTGGAAGTCAAAGAT-1,True,TCTGGAAGTCAAAGAT-1_contig_2,True,504,TRB,TRBV20-1,None,TRBJ2-3,TRBC2,True,True,CSARGGGGLATDTQYF,TGCAGTGCCAGAGGCGGCGGGGGGCTGGCTACAGATACGCAGTATTTT,1031,9,clonotype3340,clonotype3340_consensus_2
TCTGGAAGTCAAAGAT-1,True,TCTGGAAGTCAAAGAT-1_contig_3,True,317,TRB,None,None,TRBJ1-2,TRBC1,False,False,None,None,72,1,clonotype3340,None
TCTGGAAGTCAAAGAT-1,True,TCTGGAAGTCAAAGAT-1_contig_4,True,620,TRA,TRAV3,None,TRAJ18,TRAC,True,False,None,None,2341,2,clonotype3340,None
TCTGGAAGTCCGCTGA-1,True,TCTGGAAGTCCGCTGA-1_contig_1,True,501,TRB,TRBV20-1,None,TRBJ2-3,TRBC2,True,True,CSATSIGTVRSTQYF,TGCAGTGCTACATCGATTGGGACCGTACGTAGTACGCAGTATTTT,1121,9,clonotype3341,clonotype3341_consensus_2
TCTGGAAGTCCGCTGA-1,True,TCTGGAAGTCCGCTGA-1_contig_2,True,456,TRA,TRAV13-1,None,TRAJ49,TRAC,True,True,CAASVGGNQFYF,TGTGCAGCAAGTGTAGGCGGTAACCAGTTCTATTTT,620,2,clonotype3341,clonotype3341_consensus_1
TCTGGAAGTGCCTGCA-1,True,TCTGGAAGTGCCTGCA-1_contig_1,True,505,TRA,TRAV1-2,None,TRAJ33,TRAC,True,True,CAATDSNYQLIW,TGTGCTGCGACTGATAGCAACTATCAGTTAATCTGG,612,3,clonotype1,clonotype1_consensus_2
TCTGGAAGTGCCTGCA-1,True,TCTGGAAGTGCCTGCA-1_contig_2,True,521,TRB,TRBV20-1,None,TRBJ2-1,TRBC2,True,True,CSARVGSEVNEQFF,TGCAGTGCTAGAGTGGGGTCGGAAGTCAATGAGCAGTTCTTC,2164,9,clonotype1,clonotype1_consensus_1
TCTGGAAGTTGGTAAA-1,True,TCTGGAAGTTGGTAAA-1_contig_1,True,500,TRB,TRBV20-1,None,TRBJ2-1,TRBC2,True,True,CSARVGSEVNEQFF,TGCAGTGCTAGAGTGGGGTCGGAAGTCAATGAGCAGTTCTTC,426,4,clonotype2,clonotype2_consensus_1
TCTGGAAGTTGGTAAA-1,True,TCTGGAAGTTGGTAAA-1_contig_2,True,473,TRA,TRAV10,None,TRAJ24,TRAC,True,False,None,None,58,1,clonotype2,None
TCTGGAAGTTGGTAAA-1,True,TCTGGAAGTTGGTAAA-1_contig_3,True,350,TRA,TRAV10,None,TRAJ24,TRAC,True,False,None,None,3772,2,clonotype2,None
TCTGGAATCCTTTCGG-1,True,TCTGGAATCCTTTCGG-1_contig_1,True,508,TRA,TRAV20,None,TRAJ3,TRAC,True,True,CAVQARSSASKIIF,TGTGCTGTGCAGGCGAGGAGCAGTGCTTCCAAGATAATCTTT,3226,15,clonotype3342,clonotype3342_consensus_2
TCTGGAATCCTTTCGG-1,True,TCTGGAATCCTTTCGG-1_contig_2,True,674,TRB,TRBV5-6,None,TRBJ1-5,TRBC1,True,True,CASSSKGGRASNQPQHF,TGTGCCAGCAGTTCTAAGGGGGGCAGGGCTAGCAATCAGCCCCAGCATTTT,1717,7,clonotype3342,clonotype3342_consensus_1
TCTGGAATCCTTTCTC-1,True,TCTGGAATCCTTTCTC-1_contig_1,True,521,TRB,TRBV20-1,None,TRBJ2-1,TRBC2,True,True,CSARVGSEVNEQFF,TGCAGTGCTAGAGTGGGGTCGGAAGTCAATGAGCAGTTCTTC,1390,6,clonotype2,clonotype2_consensus_1
TCTTCGGAGAAGAAGC-1,True,TCTTCGGAGAAGAAGC-1_contig_1,True,524,TRB,TRBV20-1,None,TRBJ1-2,TRBC1,True,True,CSARDQTGVNYGYTF,TGCAGTGCTAGAGACCAGACAGGGGTTAACTATGGCTACACCTTC,1228,4,clonotype3343,clonotype3343_consensus_2
TCTTCGGAGAAGAAGC-1,True,TCTTCGGAGAAGAAGC-1_contig_2,True,524,TRB,TRBV20-1,None,TRBJ2-3,TRBC2,True,True,CSAGDLRSGTDTQYF,TGCAGTGCTGGGGATTTGAGGTCAGGGACAGATACGCAGTATTTT,1575,6,clonotype3343,clonotype3343_consensus_1
TCTTCGGAGAAGAAGC-1,True,TCTTCGGAGAAGAAGC-1_contig_3,True,505,TRA,TRAV20,None,TRAJ38,TRAC,True,True,CAVGPGNNRKLIW,TGTGCTGTGGGCCCTGGCAACAACCGTAAGCTGATTTGG,645,3,clonotype3343,clonotype3343_consensus_3
TCTTCGGAGAAGAAGC-1,True,TCTTCGGAGAAGAAGC-1_contig_4,True,543,TRA,TRAV16,None,TRAJ20,TRAC,True,False,None,None,1800,3,clonotype3343,None
TCTTCGGAGATTACCC-1,True,TCTTCGGAGATTACCC-1_contig_1,True,505,TRA,TRAV1-2,None,TRAJ33,TRAC,True,True,CAATDSNYQLIW,TGTGCTGCGACTGATAGCAACTATCAGTTAATCTGG,156,1,clonotype1,clonotype1_consensus_2
TCTTCGGAGATTACCC-1,True,TCTTCGGAGATTACCC-1_contig_2,True,521,TRB,TRBV20-1,None,TRBJ2-1,TRBC2,True,True,CSARVGSEVNEQFF,TGCAGTGCTAGAGTGGGGTCGGAAGTCAATGAGCAGTTCTTC,741,6,clonotype1,clonotype1_consensus_1
TCTTCGGAGATTACCC-1,True,TCTTCGGAGATTACCC-1_contig_3,True,467,TRA,TRAV10,None,TRAJ24,TRAC,True,False,None,None,401,1,clonotype1,None
TCTTCGGAGGCACATG-1,True,TCTTCGGAGGCACATG-1_contig_1,True,653,TRB,TRBV5-6,None,TRBJ1-1,TRBC1,True,True,CASSLSYTEAFF,TGTGCCAGCAGCTTGTCGTACACTGAAGCTTTCTTT,1297,9,clonotype3344,clonotype3344_consensus_1
TCTTCGGAGGCACATG-1,True,TCTTCGGAGGCACATG-1_contig_2,True,462,TRA,TRAV13-1,None,TRAJ52,TRAC,True,True,CAPRGRTSYGKLTF,TGTGCCCCTAGGGGGAGGACTAGCTATGGAAAGCTGACATTT,181,1,clonotype3344,clonotype3344_consensus_2
TCTTCGGAGGCACATG-1,True,TCTTCGGAGGCACATG-1_contig_3,True,464,TRA,TRAV12-3,None,TRAJ49,TRAC,True,True,CAMRPNTGNQFYF,TGTGCAATGAGGCCGAACACCGGTAACCAGTTCTATTTT,104,2,clonotype3344,clonotype3344_consensus_3
TCTTCGGAGTAGCCGA-1,True,TCTTCGGAGTAGCCGA-1_contig_1,True,505,TRA,TRAV1-2,None,TRAJ33,TRAC,True,True,CAATDSNYQLIW,TGTGCTGCGACTGATAGCAACTATCAGTTAATCTGG,475,3,clonotype1,clonotype1_consensus_2
TCTTCGGAGTAGCCGA-1,True,TCTTCGGAGTAGCCGA-1_contig_2,True,521,TRB,TRBV20-1,None,TRBJ2-1,TRBC2,True,True,CSARVGSEVNEQFF,TGCAGTGCTAGAGTGGGGTCGGAAGTCAATGAGCAGTTCTTC,749,8,clonotype1,clonotype1_consensus_1
TCTTCGGCAACAACCT-1,True,TCTTCGGCAACAACCT-1_contig_1,True,505,TRA,TRAV1-2,None,TRAJ33,TRAC,True,True,CAATDSNYQLIW,TGTGCTGCGACTGATAGCAACTATCAGTTAATCTGG,563,4,clonotype1,clonotype1_consensus_2
TCTTCGGCAACAACCT-1,True,TCTTCGGCAACAACCT-1_contig_2,True,521,TRB,TRBV20-1,None,TRBJ2-1,TRBC2,True,True,CSARVGSEVNEQFF,TGCAGTGCTAGAGTGGGGTCGGAAGTCAATGAGCAGTTCTTC,1472,10,clonotype1,clonotype1_consensus_1
TCTTCGGCAACGATGG-1,True,TCTTCGGCAACGATGG-1_contig_1,True,483,TRA,TRAV38-2/DV8,None,TRAJ40,TRAC,True,True,CAYRTSTSGTYKYIF,TGTGCTTATAGGACCTCTACCTCAGGAACCTACAAATACATCTTT,193,2,clonotype64,clonotype64_consensus_1
TCTTCGGCAACGATGG-1,True,TCTTCGGCAACGATGG-1_contig_2,True,477,TRB,TRBV20-1,None,TRBJ2-4,TRBC2,True,True,CSARSGSIQYF,TGCAGTGCCAGGTCAGGGAGCATTCAGTACTTC,1416,6,clonotype64,clonotype64_consensus_2
TCTTCGGCACATTAGC-1,True,TCTTCGGCACATTAGC-1_contig_1,True,505,TRA,TRAV1-2,None,TRAJ33,TRAC,True,True,CAATDSNYQLIW,TGTGCTGCGACTGATAGCAACTATCAGTTAATCTGG,281,2,clonotype1,clonotype1_consensus_2
TCTTCGGCACATTAGC-1,True,TCTTCGGCACATTAGC-1_contig_2,True,492,TRB,TRBV20-1,None,TRBJ2-1,TRBC2,True,True,CSARVGSEVNEQFF,TGCAGTGCTAGAGTGGGGTCGGAAGTCAATGAGCAGTTCTTC,344,3,clonotype1,clonotype1_consensus_1
TCTTCGGCAGCTGTGC-1,True,TCTTCGGCAGCTGTGC-1_contig_1,True,505,TRA,TRAV1-2,None,TRAJ33,TRAC,True,True,CAATDSNYQLIW,TGTGCTGCGACTGATAGCAACTATCAGTTAATCTGG,421,5,clonotype1,clonotype1_consensus_2
TCTTCGGCAGCTGTGC-1,True,TCTTCGGCAGCTGTGC-1_contig_2,True,521,TRB,TRBV20-1,None,TRBJ2-1,TRBC2,True,True,CSARVGSEVNEQFF,TGCAGTGCTAGAGTGGGGTCGGAAGTCAATGAGCAGTTCTTC,1677,9,clonotype1,clonotype1_consensus_1
TCTTCGGCAGCTGTGC-1,True,TCTTCGGCAGCTGTGC-1_contig_3,True,517,TRA,TRAV10,None,TRAJ24,TRAC,True,False,None,None,357,4,clonotype1,None
TCTTCGGCATGCAATC-1,True,TCTTCGGCATGCAATC-1_contig_1,True,668,TRA,TRAV8-6,None,TRAJ18,TRAC,True,True,CAVREDRGSTLGRLYF,TGTGCTGTGAGAGAAGACAGAGGCTCAACCCTGGGGAGGCTATACTTT,609,5,clonotype104,clonotype104_consensus_1
TCTTCGGCATGCAATC-1,True,TCTTCGGCATGCAATC-1_contig_2,True,675,TRB,TRBV5-6,None,TRBJ2-2,TRBC2,True,True,CASSSWTGGTGELFF,TGTGCCAGCAGCTCGTGGACAGGGGGCACCGGGGAGCTGTTTTTT,904,7,clonotype104,clonotype104_consensus_2
TCTTCGGGTACCATCA-1,True,TCTTCGGGTACCATCA-1_contig_1,True,498,TRB,TRBV20-1,None,TRBJ2-1,TRBC2,True,True,CSARVGSEVNEQFF,TGCAGTGCTAGAGTGGGGTCGGAAGTCAATGAGCAGTTCTTC,673,4,clonotype2,clonotype2_consensus_1
TCTTCGGGTACCATCA-1,True,TCTTCGGGTACCATCA-1_contig_2,True,640,TRB,None,None,TRBJ1-6,TRBC1,False,False,None,None,216,2,clonotype2,None
TCTTCGGGTACCATCA-1,True,TCTTCGGGTACCATCA-1_contig_3,True,465,TRA,TRAV10,None,TRAJ24,TRAC,True,False,None,None,3270,3,clonotype2,None
TCTTCGGGTATAGGTA-1,True,TCTTCGGGTATAGGTA-1_contig_1,True,487,TRA,TRAV39,None,TRAJ48,TRAC,True,True,CAADPNFGNEKLTF,TGTGCCGCGGACCCTAACTTTGGAAATGAGAAATTAACCTTT,102,5,clonotype26,clonotype26_consensus_2
TCTTCGGGTATAGGTA-1,True,TCTTCGGGTATAGGTA-1_contig_2,True,706,TRB,TRBV5-6,None,TRBJ1-2,TRBC1,True,True,CASSSGRLNYGYTF,TGTGCCAGCAGCTCGGGACGGCTTAACTATGGCTACACCTTC,237,4,clonotype26,clonotype26_consensus_1
TCTTCGGGTATAGGTA-1,True,TCTTCGGGTATAGGTA-1_contig_3,True,330,TRB,None,None,TRBJ2-1,TRBC2,False,False,None,None,198,3,clonotype26,None
TCTTCGGGTCCAAGTT-1,True,TCTTCGGGTCCAAGTT-1_contig_1,True,719,TRB,TRBV5-6,None,TRBJ2-2,TRBC2,True,True,CASSLSPEDPTNTGELFF,TGTGCCAGCAGCTTGAGTCCGGAAGACCCTACGAACACCGGGGAGCTGTTTTTT,1650,12,clonotype75,clonotype75_consensus_1
TCTTCGGGTCCAAGTT-1,True,TCTTCGGGTCCAAGTT-1_contig_2,True,400,TRA,TRAV29/DV5,None,TRAJ44,TRAC,True,False,None,None,163,2,clonotype75,None
TCTTCGGGTCCAAGTT-1,True,TCTTCGGGTCCAAGTT-1_contig_3,True,309,TRB,None,None,TRBJ2-7,TRBC2,False,False,None,None,531,2,clonotype75,None
TCTTCGGGTGCAGGTA-1,True,TCTTCGGGTGCAGGTA-1_contig_1,True,472,TRA,TRAV9-2,None,TRAJ13,TRAC,True,True,CALNLEGYQKVTF,TGTGCTCTGAACTTAGAGGGTTACCAGAAAGTTACCTTT,429,2,clonotype6,clonotype6_consensus_1
TCTTCGGGTGCAGGTA-1,True,TCTTCGGGTGCAGGTA-1_contig_2,True,666,TRB,TRBV5-6,None,TRBJ1-5,TRBC1,True,True,CASSFRGGANQPQHF,TGTGCCAGCAGCTTTCGAGGGGGCGCGAATCAGCCCCAGCATTTT,651,3,clonotype6,clonotype6_consensus_2
TCTTCGGGTTAGAACA-1,True,TCTTCGGGTTAGAACA-1_contig_1,True,498,TRB,TRBV20-1,None,TRBJ2-1,TRBC2,True,True,CSARVGSEVNEQFF,TGCAGTGCTAGAGTGGGGTCGGAAGTCAATGAGCAGTTCTTC,654,4,clonotype2,clonotype2_consensus_1
TCTTCGGGTTAGAACA-1,True,TCTTCGGGTTAGAACA-1_contig_2,True,482,TRA,TRAV10,None,TRAJ24,TRAC,True,False,None,None,118,2,clonotype2,None
TCTTCGGGTTCTGTTT-1,True,TCTTCGGGTTCTGTTT-1_contig_1,True,582,TRA,TRAV12-1,None,TRAJ9,TRAC,True,True,CVVTRNTGGFKTIF,TGTGTGGTGACACGAAATACTGGAGGCTTCAAAACTATCTTT,566,4,clonotype5,clonotype5_consensus_2
TCTTCGGGTTCTGTTT-1,True,TCTTCGGGTTCTGTTT-1_contig_2,True,510,TRB,TRBV20-1,None,TRBJ1-5,TRBC1,True,True,CSARDDNRAKSFNQPQHF,TGCAGTGCTAGAGACGACAACCGGGCCAAATCCTTCAATCAGCCCCAGCATTTT,385,8,clonotype5,clonotype5_consensus_1
TCTTCGGGTTGAGGTG-1,True,TCTTCGGGTTGAGGTG-1_contig_1,True,505,TRA,TRAV1-2,None,TRAJ33,TRAC,True,True,CAATDSNYQLIW,TGTGCTGCGACTGATAGCAACTATCAGTTAATCTGG,73,3,clonotype1,clonotype1_consensus_2
TCTTCGGGTTGAGGTG-1,True,TCTTCGGGTTGAGGTG-1_contig_2,True,495,TRB,TRBV20-1,None,TRBJ2-1,TRBC2,True,True,CSARVGSEVNEQFF,TGCAGTGCTAGAGTGGGGTCGGAAGTCAATGAGCAGTTCTTC,1233,7,clonotype1,clonotype1_consensus_1
TCTTCGGTCAAACCAC-1,True,TCTTCGGTCAAACCAC-1_contig_1,True,505,TRA,TRAV1-2,None,TRAJ33,TRAC,True,True,CAATDSNYQLIW,TGTGCTGCGACTGATAGCAACTATCAGTTAATCTGG,1130,5,clonotype1,clonotype1_consensus_2
TCTTCGGTCAAACCAC-1,True,TCTTCGGTCAAACCAC-1_contig_2,True,516,TRB,TRBV20-1,None,TRBJ2-1,TRBC2,True,True,CSARVGSEVNEQFF,TGCAGTGCTAGAGTGGGGTCGGAAGTCAATGAGCAGTTCTTC,1065,5,clonotype1,clonotype1_consensus_1
TCTTCGGTCAAACCAC-1,True,TCTTCGGTCAAACCAC-1_contig_3,True,345,TRB,None,None,TRBJ2-3,TRBC2,False,False,None,None,658,3,clonotype1,None
TCTTCGGTCCCATTAT-1,True,TCTTCGGTCCCATTAT-1_contig_1,True,501,TRA,TRAV12-3,None,TRAJ32,TRAC,True,True,CARRYGGATNKLIF,TGTGCACGGAGATATGGTGGTGCTACAAACAAGCTCATCTTT,575,4,clonotype22,clonotype22_consensus_1
TCTTCGGTCCCATTAT-1,True,TCTTCGGTCCCATTAT-1_contig_2,True,490,TRB,TRBV5-6,None,TRBJ2-2,TRBC2,True,True,CASSLSPEDPTNTGELFF,TGTGCCAGCAGCTTGAGTCCGGAAGACCCTACGAACACCGGGGAGCTGTTTTTT,860,6,clonotype22,clonotype22_consensus_2
TCTTCGGTCCGAGCCA-1,True,TCTTCGGTCCGAGCCA-1_contig_1,True,503,TRA,TRAV17,None,TRAJ52,TRAC,True,True,CATQFTSYGKLTF,TGTGCCACCCAATTTACTAGCTATGGAAAGCTGACATTT,628,2,clonotype3345,clonotype3345_consensus_1
TCTTCGGTCCGAGCCA-1,True,TCTTCGGTCCGAGCCA-1_contig_2,True,515,TRB,TRBV5-1,None,TRBJ2-5,TRBC2,True,True,CASSLAGQWGGDTQETQYF,TGCGCCAGCAGCTTGGCGGGACAGTGGGGTGGGGACACCCAAGAGACCCAGTACTTC,2153,13,clonotype3345,clonotype3345_consensus_2
TCTTCGGTCCGAGCCA-1,True,TCTTCGGTCCGAGCCA-1_contig_3,True,465,TRA,TRAV10,None,TRAJ44,TRAC,True,False,None,None,304,2,clonotype3345,None
TCTTCGGTCCTCCTAG-1,True,TCTTCGGTCCTCCTAG-1_contig_1,True,643,TRA,TRAV8-6,None,TRAJ37,TRAC,True,True,CAVSGGVSSNTGKLIF,TGTGCTGTGAGCGGGGGAGTCTCTAGCAACACAGGCAAACTAATCTTT,603,4,clonotype3346,clonotype3346_consensus_1
TCTTTCCAGATCCGAG-1,True,TCTTTCCAGATCCGAG-1_contig_1,True,505,TRA,TRAV1-2,None,TRAJ33,TRAC,True,True,CAATDSNYQLIW,TGTGCTGCGACTGATAGCAACTATCAGTTAATCTGG,369,3,clonotype1,clonotype1_consensus_2
TCTTTCCAGATCCGAG-1,True,TCTTTCCAGATCCGAG-1_contig_2,True,498,TRB,TRBV20-1,None,TRBJ2-1,TRBC2,True,True,CSARVGSEVNEQFF,TGCAGTGCTAGAGTGGGGTCGGAAGTCAATGAGCAGTTCTTC,792,6,clonotype1,clonotype1_consensus_1
TCTTTCCAGCCACGCT-1,True,TCTTTCCAGCCACGCT-1_contig_1,True,521,TRB,TRBV20-1,None,TRBJ2-1,TRBC2,True,True,CSARVGSEVNEQFF,TGCAGTGCTAGAGTGGGGTCGGAAGTCAATGAGCAGTTCTTC,1046,8,clonotype2,clonotype2_consensus_1
TCTTTCCAGGAACTGC-1,True,TCTTTCCAGGAACTGC-1_contig_1,True,515,TRB,TRBV20-1,None,TRBJ2-1,TRBC2,True,True,CSARVGSEVNEQFF,TGCAGTGCTAGAGTGGGGTCGGAAGTCAATGAGCAGTTCTTC,912,7,clonotype2,clonotype2_consensus_1
TCTTTCCAGGAACTGC-1,True,TCTTTCCAGGAACTGC-1_contig_2,True,506,TRA,TRAV1-2,None,TRAJ33,TRAC,True,False,CAATDSNYQLIW,TGTGCTGCGACTGATAGCAACTATCAGTTAATCTGG,145,6,clonotype2,None
TCTTTCCAGGAATGGA-1,True,TCTTTCCAGGAATGGA-1_contig_1,True,550,TRA,TRAV5,None,TRAJ4,TRAC,True,True,CAESLRGYNKLIF,TGTGCAGAGAGCCTCCGGGGCTACAATAAGCTGATTTTT,1567,10,clonotype381,clonotype381_consensus_2
TCTTTCCAGGAATGGA-1,True,TCTTTCCAGGAATGGA-1_contig_2,True,486,TRB,TRBV25-1,None,TRBJ2-2,TRBC2,True,True,CASSGAGGTGELFF,TGTGCCAGCAGCGGTGCGGGAGGTACCGGGGAGCTGTTTTTT,3909,13,clonotype381,clonotype381_consensus_1
TCTTTCCAGGCCCGTT-1,True,TCTTTCCAGGCCCGTT-1_contig_1,True,521,TRB,TRBV20-1,None,TRBJ2-1,TRBC2,True,True,CSAMGLAGVGEQFF,TGCAGTGCTATGGGACTAGCGGGGGTGGGTGAGCAGTTCTTC,2938,13,clonotype3347,clonotype3347_consensus_1
TCTTTCCAGTCAATAG-1,True,TCTTTCCAGTCAATAG-1_contig_1,True,505,TRA,TRAV1-2,None,TRAJ33,TRAC,True,True,CAATDSNYQLIW,TGTGCTGCGACTGATAGCAACTATCAGTTAATCTGG,890,3,clonotype1,clonotype1_consensus_2
TCTTTCCAGTCAATAG-1,True,TCTTTCCAGTCAATAG-1_contig_2,True,498,TRB,TRBV20-1,None,TRBJ2-1,TRBC2,True,True,CSARVGSEVNEQFF,TGCAGTGCTAGAGTGGGGTCGGAAGTCAATGAGCAGTTCTTC,1047,9,clonotype1,clonotype1_consensus_1
TCTTTCCAGTCAATAG-1,True,TCTTTCCAGTCAATAG-1_contig_3,True,463,TRA,TRAV10,None,TRAJ24,TRAC,True,False,None,None,149,1,clonotype1,None
TCTTTCCAGTCACGCC-1,True,TCTTTCCAGTCACGCC-1_contig_1,True,517,TRB,TRBV20-1,None,TRBJ2-1,TRBC2,True,True,CSASYGTGQNEQFF,TGCAGTGCCTCGTATGGGACAGGGCAAAATGAGCAGTTCTTC,825,7,clonotype3348,clonotype3348_consensus_3
TCTTTCCAGTCACGCC-1,True,TCTTTCCAGTCACGCC-1_contig_2,True,577,TRA,TRAV29/DV5,None,TRAJ45,TRAC,True,True,CAASRAPGGGADGLTF,TGTGCAGCAAGCAGGGCCCCAGGAGGAGGTGCTGACGGACTCACCTTT,534,7,clonotype3348,clonotype3348_consensus_1
TCTTTCCAGTCACGCC-1,True,TCTTTCCAGTCACGCC-1_contig_3,True,684,TRB,TRBV5-6,None,TRBJ2-2,TRBC2,True,True,CASSPGTGAAGELFF,TGTGCCAGCAGCCCAGGGACAGGGGCGGCCGGGGAGCTGTTTTTT,886,10,clonotype3348,clonotype3348_consensus_2
TCTTTCCAGTTTAGGA-1,True,TCTTTCCAGTTTAGGA-1_contig_1,True,505,TRA,TRAV1-2,None,TRAJ33,TRAC,True,True,CAATDSNYQLIW,TGTGCTGCGACTGATAGCAACTATCAGTTAATCTGG,167,1,clonotype1,clonotype1_consensus_2
TCTTTCCAGTTTAGGA-1,True,TCTTTCCAGTTTAGGA-1_contig_2,True,521,TRB,TRBV20-1,None,TRBJ2-1,TRBC2,True,True,CSARVGSEVNEQFF,TGCAGTGCTAGAGTGGGGTCGGAAGTCAATGAGCAGTTCTTC,1662,11,clonotype1,clonotype1_consensus_1
TCTTTCCAGTTTAGGA-1,True,TCTTTCCAGTTTAGGA-1_contig_3,True,465,TRA,TRAV10,None,TRAJ24,TRAC,True,False,None,None,261,2,clonotype1,None
TCTTTCCCAATAACGA-1,True,TCTTTCCCAATAACGA-1_contig_1,True,505,TRA,TRAV1-2,None,TRAJ33,TRAC,True,True,CAATDSNYQLIW,TGTGCTGCGACTGATAGCAACTATCAGTTAATCTGG,189,5,clonotype1,clonotype1_consensus_2
TCTTTCCCAATAACGA-1,True,TCTTTCCCAATAACGA-1_contig_2,True,521,TRB,TRBV20-1,None,TRBJ2-1,TRBC2,True,True,CSARVGSEVNEQFF,TGCAGTGCTAGAGTGGGGTCGGAAGTCAATGAGCAGTTCTTC,1774,10,clonotype1,clonotype1_consensus_1
TCTTTCCCAGCTCGAC-1,True,TCTTTCCCAGCTCGAC-1_contig_1,True,536,TRB,TRBV20-1,None,TRBJ1-5,TRBC1,True,True,CSARDQFGTGGMSNQPQHF,TGCAGTGCTAGAGATCAATTCGGGACAGGGGGCATGAGCAATCAGCCCCAGCATTTT,858,7,clonotype371,clonotype371_consensus_2
TCTTTCCCAGCTCGAC-1,True,TCTTTCCCAGCTCGAC-1_contig_2,True,627,TRA,TRAV3,None,TRAJ28,TRAC,True,True,CAVREWGSGAGSYQLTF,TGTGCTGTGAGAGAATGGGGCTCTGGGGCTGGGAGTTACCAACTCACTTTC,290,5,clonotype371,clonotype371_consensus_1
TCTTTCCCAGTTTACG-1,True,TCTTTCCCAGTTTACG-1_contig_1,True,504,TRA,TRAV1-2,None,TRAJ33,TRAC,True,True,CAATDSNYQLIW,TGTGCTGCGACTGATAGCAACTATCAGTTAATCTGG,350,2,clonotype1,clonotype1_consensus_2
TCTTTCCCAGTTTACG-1,True,TCTTTCCCAGTTTACG-1_contig_2,True,473,TRB,TRBV20-1,None,TRBJ2-1,TRBC2,True,True,CSARVGSEVNEQFF,TGCAGTGCTAGAGTGGGGTCGGAAGTCAATGAGCAGTTCTTC,1474,8,clonotype1,clonotype1_consensus_1
TCTTTCCCATCGGAAG-1,True,TCTTTCCCATCGGAAG-1_contig_1,True,465,TRA,TRAV13-1,None,TRAJ48,TRAC,True,True,CAASNTHFGNEKLTF,TGTGCAGCAAGTAATACCCACTTTGGAAATGAGAAATTAACCTTT,349,5,clonotype3349,clonotype3349_consensus_3
TCTTTCCCATCGGAAG-1,True,TCTTTCCCATCGGAAG-1_contig_2,True,512,TRB,TRBV20-1,None,TRBJ2-1,TRBC2,True,True,CSARDLRLLFF,TGCAGTGCTAGAGATCTCAGATTGCTGTTCTTC,1985,9,clonotype3349,clonotype3349_consensus_1
TCTTTCCCATCGGAAG-1,True,TCTTTCCCATCGGAAG-1_contig_3,True,659,TRB,TRBV5-6,None,TRBJ2-7,TRBC2,True,True,CASSLPGQAYEQYF,TGTGCCAGCAGCTTGCCGGGACAGGCTTACGAGCAGTACTTC,664,5,clonotype3349,clonotype3349_consensus_2
TCTTTCCCATCGGAAG-1,True,TCTTTCCCATCGGAAG-1_contig_4,True,424,TRB,None,None,TRBJ1-4,TRBC1,False,False,None,None,583,2,clonotype3349,None
TCTTTCCCATGGGACA-1,True,TCTTTCCCATGGGACA-1_contig_1,True,497,TRB,TRBV7-6,None,TRBJ2-3,TRBC2,True,True,CASSLADSTDTQYF,TGTGCCAGCAGCTTAGCAGACAGCACAGATACGCAGTATTTT,3832,21,clonotype3350,clonotype3350_consensus_2
TCTTTCCCATGGGACA-1,True,TCTTTCCCATGGGACA-1_contig_2,True,571,TRA,TRAV29/DV5,None,TRAJ37,TRAC,True,True,CAAKIRSNTGKLIF,TGTGCAGCTAAAATAAGGAGCAACACAGGCAAACTAATCTTT,695,6,clonotype3350,clonotype3350_consensus_1
TCTTTCCCATGTAAGA-1,True,TCTTTCCCATGTAAGA-1_contig_1,True,495,TRB,TRBV20-1,None,TRBJ1-2,TRBC1,True,True,CSAKPGQGLDYGYTF,TGCAGTGCTAAGCCGGGACAGGGGCTCGACTATGGCTACACCTTC,519,7,clonotype3351,clonotype3351_consensus_1
TCTTTCCCATGTAAGA-1,True,TCTTTCCCATGTAAGA-1_contig_2,True,505,TRA,TRAV1-2,None,TRAJ13,TRAC,True,True,CALSGGYQKVTF,TGTGCCTTAAGTGGGGGTTACCAGAAAGTTACCTTT,206,2,clonotype3351,clonotype3351_consensus_4
TCTTTCCCATGTAAGA-1,True,TCTTTCCCATGTAAGA-1_contig_3,True,512,TRB,TRBV20-1,None,TRBJ1-2,TRBC1,True,True,CSAGHREGYTF,TGCAGTGCTGGGCACAGGGAAGGCTACACCTTC,560,5,clonotype3351,clonotype3351_consensus_2
TCTTTCCCATGTAAGA-1,True,TCTTTCCCATGTAAGA-1_contig_4,True,547,TRA,TRAV8-1,None,TRAJ44,None,True,True,CAVATGTASKLTF,TGTGCCGTGGCTACCGGCACTGCCAGTAAACTCACCTTT,262,3,clonotype3351,clonotype3351_consensus_3
TCTTTCCTCCAAAGTC-1,True,TCTTTCCTCCAAAGTC-1_contig_1,True,505,TRA,TRAV1-2,None,TRAJ33,TRAC,True,True,CAATDSNYQLIW,TGTGCTGCGACTGATAGCAACTATCAGTTAATCTGG,114,1,clonotype1,clonotype1_consensus_2
TCTTTCCTCCAAAGTC-1,True,TCTTTCCTCCAAAGTC-1_contig_2,True,521,TRB,TRBV20-1,None,TRBJ2-1,TRBC2,True,True,CSARVGSEVNEQFF,TGCAGTGCTAGAGTGGGGTCGGAAGTCAATGAGCAGTTCTTC,714,6,clonotype1,clonotype1_consensus_1
TCTTTCCTCCGCAAGC-1,True,TCTTTCCTCCGCAAGC-1_contig_1,True,504,TRB,TRBV20-1,None,TRBJ2-2,TRBC2,True,True,CSARDLEGVNTGELFF,TGCAGTGCTAGAGATCTGGAGGGGGTGAACACCGGGGAGCTGTTTTTT,1499,13,clonotype3352,clonotype3352_consensus_2
TCTTTCCTCCGCAAGC-1,True,TCTTTCCTCCGCAAGC-1_contig_2,True,624,TRA,TRAV12-1,None,TRAJ42,TRAC,True,True,CVVNSWGMNYGGSQGNLIF,TGTGTGGTGAACAGTTGGGGCATGAATTATGGAGGAAGCCAAGGAAATCTCATCTTT,896,5,clonotype3352,clonotype3352_consensus_1
TCTTTCCTCCGCAAGC-1,True,TCTTTCCTCCGCAAGC-1_contig_3,True,557,TRA,TRAV4,None,TRAJ13,TRAC,True,False,CLVGDPFSGGYQKVTF,TGCCTCGTGGGTGACCCCTTCTCTGGGGGTTACCAGAAAGTTACCTTT,84,3,clonotype3352,None
TCTTTCCTCGCCAGCA-1,True,TCTTTCCTCGCCAGCA-1_contig_1,True,547,TRA,TRAV12-2,None,TRAJ5,TRAC,True,True,CAVRRDTGRRALTF,TGTGCCGTGAGAAGGGACACGGGCAGGAGAGCACTTACTTTT,88,3,clonotype350,clonotype350_consensus_2
TCTTTCCTCGCCAGCA-1,True,TCTTTCCTCGCCAGCA-1_contig_2,True,521,TRB,TRBV20-1,None,TRBJ2-3,TRBC2,True,True,CSASTGAGTDTQYF,TGCAGTGCTAGTACCGGGGCCGGTACAGATACGCAGTATTTT,3177,12,clonotype350,clonotype350_consensus_1
TCTTTCCTCGCCAGCA-1,True,TCTTTCCTCGCCAGCA-1_contig_3,True,379,TRA,TRAV3,None,None,TRAC,False,False,None,None,380,2,clonotype350,None
TCTTTCCTCGTTACGA-1,True,TCTTTCCTCGTTACGA-1_contig_1,True,505,TRA,TRAV1-2,None,TRAJ33,TRAC,True,True,CAATDSNYQLIW,TGTGCTGCGACTGATAGCAACTATCAGTTAATCTGG,925,5,clonotype1,clonotype1_consensus_2
TCTTTCCTCGTTACGA-1,True,TCTTTCCTCGTTACGA-1_contig_2,True,492,TRB,TRBV20-1,None,TRBJ2-1,TRBC2,True,True,CSARVGSEVNEQFF,TGCAGTGCTAGAGTGGGGTCGGAAGTCAATGAGCAGTTCTTC,678,5,clonotype1,clonotype1_consensus_1
TGAAAGAAGACCGGAT-1,True,TGAAAGAAGACCGGAT-1_contig_1,True,501,TRA,TRAV12-3,None,TRAJ45,TRAC,True,True,CAMSAGGGADGLTF,TGTGCAATGAGCGCAGGAGGAGGTGCTGACGGACTCACCTTT,626,4,clonotype3353,clonotype3353_consensus_1
TGAAAGAAGACCGGAT-1,True,TGAAAGAAGACCGGAT-1_contig_2,True,498,TRB,TRBV20-1,None,TRBJ2-2,TRBC2,True,True,CSANLKGAAGELFF,TGCAGTGCGAACCTCAAGGGGGCCGCCGGGGAGCTGTTTTTT,925,5,clonotype3353,clonotype3353_consensus_2
TGAAAGAAGACGCACA-1,True,TGAAAGAAGACGCACA-1_contig_1,True,544,TRA,TRAV12-2,None,TRAJ16,TRAC,True,True,CAVDSSDGQKLLF,TGTGCCGTGGACTCTTCAGATGGCCAGAAGCTGCTCTTT,1595,3,clonotype3354,clonotype3354_consensus_1
TGAAAGAAGAGACTTA-1,True,TGAAAGAAGAGACTTA-1_contig_1,True,518,TRB,TRBV20-1,None,TRBJ1-1,TRBC1,True,True,CSAPQGRSSEAFF,TGCAGTGCCCCCCAAGGGAGGTCCTCGGAGGCTTTCTTT,604,8,clonotype3355,clonotype3355_consensus_1
TGAAAGAAGAGACTTA-1,True,TGAAAGAAGAGACTTA-1_contig_2,True,485,TRA,TRAV22,None,TRAJ3,TRAC,True,True,CAVEGYSSASKIIF,TGTGCTGTGGAAGGGTACAGCAGTGCTTCCAAGATAATCTTT,63,2,clonotype3355,clonotype3355_consensus_2
TGAAAGAAGCAGGCTA-1,True,TGAAAGAAGCAGGCTA-1_contig_1,True,527,TRB,TRBV20-1,None,TRBJ2-1,TRBC2,True,True,CSARPLEQGAGNEQFF,TGCAGTGCTAGACCCCTAGAGCAGGGGGCTGGTAATGAGCAGTTCTTC,5287,4,clonotype354,clonotype354_consensus_1
TGAAAGAAGCAGGCTA-1,True,TGAAAGAAGCAGGCTA-1_contig_2,True,493,TRA,TRAV1-1,None,TRAJ16,TRAC,True,False,None,None,339,4,clonotype354,None
TGAAAGAAGCGCCTTG-1,True,TGAAAGAAGCGCCTTG-1_contig_1,True,535,TRA,TRAV17,None,TRAJ58,TRAC,True,True,CATDGWSSETSGSRLTF,TGTGCTACGGACGGATGGTCGTCAGAAACCAGTGGCTCTAGGTTGACCTTT,692,2,clonotype3356,clonotype3356_consensus_1
TGAAAGAAGCGCCTTG-1,True,TGAAAGAAGCGCCTTG-1_contig_2,True,498,TRB,TRBV20-1,None,TRBJ2-1,TRBC2,True,True,CSARTGGAYNEQFF,TGCAGTGCTAGAACAGGGGGCGCGTACAATGAGCAGTTCTTC,2555,8,clonotype3356,clonotype3356_consensus_2
TGAAAGAAGCGTCAAG-1,True,TGAAAGAAGCGTCAAG-1_contig_1,True,671,TRB,TRBV5-6,None,TRBJ2-3,TRBC2,True,True,CASSHRDRRSTDTQYF,TGTGCCAGCAGCCACCGGGACAGGAGAAGCACAGATACGCAGTATTTT,1063,8,clonotype3357,clonotype3357_consensus_2
TGAAAGAAGCGTCAAG-1,True,TGAAAGAAGCGTCAAG-1_contig_2,True,567,TRA,TRAV8-4,None,TRAJ31,TRAC,True,True,CAVTRNNNARLMF,TGTGCTGTGACTCGGAATAACAATGCCAGACTCATGTTT,343,5,clonotype3357,clonotype3357_consensus_1
TGAAAGAAGCTTCGCG-1,True,TGAAAGAAGCTTCGCG-1_contig_1,True,570,TRA,TRAV8-4,None,TRAJ29,TRAC,True,True,CAVSAASGNTPLVF,TGTGCTGTGAGTGCTGCTTCAGGAAACACACCTCTTGTCTTT,543,5,clonotype63,clonotype63_consensus_2
TGAAAGAAGCTTCGCG-1,True,TGAAAGAAGCTTCGCG-1_contig_2,True,521,TRB,TRBV20-1,None,TRBJ1-1,TRBC1,True,True,CSAGDRGRYTEAFF,TGCAGTGCTGGGGACAGGGGAAGGTACACTGAAGCTTTCTTT,2081,10,clonotype63,clonotype63_consensus_1
TGAAAGACAAACGCGA-1,True,TGAAAGACAAACGCGA-1_contig_1,True,521,TRB,TRBV20-1,None,TRBJ2-1,TRBC2,True,True,CSARVGSEVNEQFF,TGCAGTGCTAGAGTGGGGTCGGAAGTCAATGAGCAGTTCTTC,2485,8,clonotype2,clonotype2_consensus_1
TGAAAGACAAACGCGA-1,True,TGAAAGACAAACGCGA-1_contig_2,True,482,TRA,TRAV10,None,TRAJ24,TRAC,True,False,None,None,364,1,clonotype2,None
TGAAAGACAACGCACC-1,True,TGAAAGACAACGCACC-1_contig_1,True,488,TRA,TRAV21,None,TRAJ48,TRAC,True,True,CAVGPFSGGNEKLTF,TGTGCTGTGGGGCCCTTTTCAGGTGGAAATGAGAAATTAACCTTT,117,1,clonotype3358,clonotype3358_consensus_2
TGAAAGACAACGCACC-1,True,TGAAAGACAACGCACC-1_contig_2,True,489,TRB,TRBV20-1,None,TRBJ2-5,TRBC2,True,True,CSASRLETQYF,TGCAGTGCCAGTCGTCTGGAGACCCAGTACTTC,1287,6,clonotype3358,clonotype3358_consensus_1
TGAAAGACAACGCACC-1,True,TGAAAGACAACGCACC-1_contig_3,True,424,TRA,TRAV10,None,None,TRAC,False,False,None,None,312,4,clonotype3358,None
TGAAAGACACGGTTTA-1,True,TGAAAGACACGGTTTA-1_contig_1,True,653,TRB,TRBV5-6,None,TRBJ2-7,TRBC2,True,True,CASSLGDTSYEQYF,TGTGCCAGCAGCTTGGGGGACACCTCCTACGAGCAGTACTTC,3319,8,clonotype3359,clonotype3359_consensus_1
TGAAAGACACTGTTAG-1,True,TGAAAGACACTGTTAG-1_contig_1,True,514,TRB,TRBV20-1,None,TRBJ2-1,TRBC2,True,True,CSARVGSEVNEQFF,TGCAGTGCTAGAGTGGGGTCGGAAGTCAATGAGCAGTTCTTC,1439,13,clonotype2,clonotype2_consensus_1
TGAAAGACACTGTTAG-1,True,TGAAAGACACTGTTAG-1_contig_2,True,482,TRA,TRAV10,None,TRAJ24,TRAC,True,False,None,None,433,4,clonotype2,None
TGAAAGACAGACACTT-1,True,TGAAAGACAGACACTT-1_contig_1,True,615,TRA,TRAV3,None,TRAJ17,TRAC,True,True,CAVTWAAGNKLTF,TGTGCTGTGACCTGGGCTGCAGGCAACAAGCTAACTTTT,1269,2,clonotype3360,clonotype3360_consensus_2
TGAAAGACAGACACTT-1,True,TGAAAGACAGACACTT-1_contig_2,True,680,TRB,TRBV5-6,None,TRBJ2-5,TRBC2,True,True,CASSYSRRAETQYF,TGTGCCAGCAGCTACTCGAGAAGAGCGGAGACCCAGTACTTC,2557,12,clonotype3360,clonotype3360_consensus_1
TGAAAGACAGACACTT-1,True,TGAAAGACAGACACTT-1_contig_3,True,463,TRA,TRAV13-1,None,TRAJ37,TRAC,True,False,None,None,143,1,clonotype3360,None
TGAAAGACAGCAGTTT-1,True,TGAAAGACAGCAGTTT-1_contig_1,True,463,TRA,TRAV36/DV7,None,TRAJ26,TRAC,True,True,CAVEVYGQNFVF,TGTGCTGTGGAGGTTTATGGTCAGAATTTTGTCTTT,795,3,clonotype3361,clonotype3361_consensus_1
TGAAAGACAGCAGTTT-1,True,TGAAAGACAGCAGTTT-1_contig_2,True,507,TRB,TRBV5-5,None,TRBJ1-1,TRBC1,True,True,CASSLGATTEAFF,TGTGCCAGCAGCTTGGGGGCGACCACTGAAGCTTTCTTT,3097,9,clonotype3361,clonotype3361_consensus_2
TGAAAGACAGCAGTTT-1,True,TGAAAGACAGCAGTTT-1_contig_3,True,365,TRB,None,None,TRBJ2-1,TRBC2,False,False,None,None,188,2,clonotype3361,None
TGAAAGACATTCCTGC-1,True,TGAAAGACATTCCTGC-1_contig_1,True,521,TRB,TRBV20-1,None,TRBJ2-1,TRBC2,True,True,CSARVGSEVNEQFF,TGCAGTGCTAGAGTGGGGTCGGAAGTCAATGAGCAGTTCTTC,835,5,clonotype2,clonotype2_consensus_1
TGAAAGACATTCCTGC-1,True,TGAAAGACATTCCTGC-1_contig_2,True,467,TRA,TRAV10,None,TRAJ24,TRAC,True,False,None,None,194,2,clonotype2,None
TGAAAGAGTTATCGGT-1,True,TGAAAGAGTTATCGGT-1_contig_1,True,505,TRA,TRAV1-2,None,TRAJ33,TRAC,True,True,CAATDSNYQLIW,TGTGCTGCGACTGATAGCAACTATCAGTTAATCTGG,115,1,clonotype1,clonotype1_consensus_2
TGAAAGAGTTATCGGT-1,True,TGAAAGAGTTATCGGT-1_contig_2,True,511,TRB,TRBV20-1,None,TRBJ2-1,TRBC2,True,True,CSARVGSEVNEQFF,TGCAGTGCTAGAGTGGGGTCGGAAGTCAATGAGCAGTTCTTC,452,5,clonotype1,clonotype1_consensus_1
TGAAAGAGTTCTGTTT-1,True,TGAAAGAGTTCTGTTT-1_contig_1,True,574,TRA,TRAV8-1,None,TRAJ40,TRAC,True,True,CAVILTSGTYKYIF,TGTGCCGTGATCCTTACCTCAGGAACCTACAAATACATCTTT,208,2,clonotype382,clonotype382_consensus_1
TGAAAGAGTTCTGTTT-1,True,TGAAAGAGTTCTGTTT-1_contig_2,True,719,TRB,TRBV5-6,None,TRBJ2-3,TRBC2,True,True,CASSLIGGTPDLTDTQYF,TGTGCCAGCAGCTTGATAGGCGGGACCCCCGACCTCACAGATACGCAGTATTTT,1802,6,clonotype382,clonotype382_consensus_2
TGAAAGAGTTCTGTTT-1,True,TGAAAGAGTTCTGTTT-1_contig_3,True,307,TRB,None,None,TRBJ1-1,TRBC1,False,False,None,None,723,1,clonotype382,None
TGAAAGATCACATAGC-1,True,TGAAAGATCACATAGC-1_contig_1,True,505,TRA,TRAV1-2,None,TRAJ33,TRAC,True,True,CAATDSNYQLIW,TGTGCTGCGACTGATAGCAACTATCAGTTAATCTGG,301,4,clonotype1,clonotype1_consensus_2
TGAAAGATCACATAGC-1,True,TGAAAGATCACATAGC-1_contig_2,True,521,TRB,TRBV20-1,None,TRBJ2-1,TRBC2,True,True,CSARVGSEVNEQFF,TGCAGTGCTAGAGTGGGGTCGGAAGTCAATGAGCAGTTCTTC,3008,17,clonotype1,clonotype1_consensus_1
TGAAAGATCCCTTGTG-1,True,TGAAAGATCCCTTGTG-1_contig_1,True,473,TRB,TRBV20-1,None,TRBJ1-1,TRBC1,True,True,CSAREGGKDTEAFF,TGCAGTGCTAGGGAGGGGGGTAAGGACACTGAAGCTTTCTTT,1527,6,clonotype93,clonotype93_consensus_1
TGAAAGATCCCTTGTG-1,True,TGAAAGATCCCTTGTG-1_contig_2,True,532,TRA,TRAV12-2,None,TRAJ49,TRAC,True,False,None,None,395,2,clonotype93,None
TGAAAGATCGACGGAA-1,True,TGAAAGATCGACGGAA-1_contig_1,True,524,TRB,TRBV20-1,None,TRBJ1-6,TRBC1,True,True,CSARVEGASGSPLHF,TGCAGTGCTAGAGTGGAGGGGGCAAGTGGGTCACCCCTCCACTTT,1862,8,clonotype355,clonotype355_consensus_2
TGAAAGATCGACGGAA-1,True,TGAAAGATCGACGGAA-1_contig_2,True,571,TRA,TRAV12-1,None,TRAJ13,TRAC,True,True,CVVMRGGYQKVTF,TGTGTGGTGATGCGGGGGGGTTACCAGAAAGTTACCTTT,959,7,clonotype355,clonotype355_consensus_1
TGAAAGATCGACGGAA-1,True,TGAAAGATCGACGGAA-1_contig_3,True,422,TRB,TRBV7-3,None,TRBJ2-7,TRBC2,True,False,CQQLRGGHLQREQYF,TGCCAGCAGCTTAGGGGGGGGCACCTCCAACGGGAGCAGTACTTC,843,4,clonotype355,None
TGAAAGATCTCCGGTT-1,True,TGAAAGATCTCCGGTT-1_contig_1,True,505,TRA,TRAV1-2,None,TRAJ33,TRAC,True,True,CAATDSNYQLIW,TGTGCTGCGACTGATAGCAACTATCAGTTAATCTGG,103,2,clonotype1,clonotype1_consensus_2
TGAAAGATCTCCGGTT-1,True,TGAAAGATCTCCGGTT-1_contig_2,True,521,TRB,TRBV20-1,None,TRBJ2-1,TRBC2,True,True,CSARVGSEVNEQFF,TGCAGTGCTAGAGTGGGGTCGGAAGTCAATGAGCAGTTCTTC,2168,10,clonotype1,clonotype1_consensus_1
TGAAAGATCTCCGGTT-1,True,TGAAAGATCTCCGGTT-1_contig_3,True,459,TRA,TRAV10,None,TRAJ24,TRAC,True,False,None,None,196,2,clonotype1,None
TGACAACAGCTCTCGG-1,True,TGACAACAGCTCTCGG-1_contig_1,True,505,TRA,TRAV1-2,None,TRAJ33,TRAC,True,True,CAATDSNYQLIW,TGTGCTGCGACTGATAGCAACTATCAGTTAATCTGG,816,4,clonotype1,clonotype1_consensus_2
TGACAACAGCTCTCGG-1,True,TGACAACAGCTCTCGG-1_contig_2,True,521,TRB,TRBV20-1,None,TRBJ2-1,TRBC2,True,True,CSARVGSEVNEQFF,TGCAGTGCTAGAGTGGGGTCGGAAGTCAATGAGCAGTTCTTC,6927,12,clonotype1,clonotype1_consensus_1
TGACAACAGGCCGAAT-1,True,TGACAACAGGCCGAAT-1_contig_1,True,505,TRA,TRAV1-2,None,TRAJ33,TRAC,True,True,CAATDSNYQLIW,TGTGCTGCGACTGATAGCAACTATCAGTTAATCTGG,821,4,clonotype1,clonotype1_consensus_2
TGACAACAGGCCGAAT-1,True,TGACAACAGGCCGAAT-1_contig_2,True,499,TRB,TRBV20-1,None,TRBJ2-1,TRBC2,True,True,CSARVGSEVNEQFF,TGCAGTGCTAGAGTGGGGTCGGAAGTCAATGAGCAGTTCTTC,1936,7,clonotype1,clonotype1_consensus_1
TGACAACAGGCTCATT-1,True,TGACAACAGGCTCATT-1_contig_1,True,527,TRB,TRBV20-1,None,TRBJ1-1,TRBC1,True,True,CSAPPRLSYMNTEAFF,TGCAGTGCCCCCCCTCGACTTTCTTACATGAACACTGAAGCTTTCTTT,1676,5,clonotype3362,clonotype3362_consensus_1
TGACAACAGGCTCATT-1,True,TGACAACAGGCTCATT-1_contig_2,True,508,TRA,TRAV1-2,None,TRAJ12,TRAC,True,True,CAVRVDSSYKLIF,TGTGCTGTGAGGGTGGATAGCAGCTATAAATTGATCTTC,360,4,clonotype3362,clonotype3362_consensus_2
TGACAACAGGCTCATT-1,True,TGACAACAGGCTCATT-1_contig_3,True,310,TRB,None,None,TRBJ1-5,TRBC1,False,False,None,None,594,2,clonotype3362,None
TGACAACAGTTGTAGA-1,True,TGACAACAGTTGTAGA-1_contig_1,True,502,TRA,TRAV1-2,None,TRAJ33,TRAC,True,True,CAATDSNYQLIW,TGTGCTGCGACTGATAGCAACTATCAGTTAATCTGG,160,4,clonotype1,clonotype1_consensus_2
TGACAACAGTTGTAGA-1,True,TGACAACAGTTGTAGA-1_contig_2,True,521,TRB,TRBV20-1,None,TRBJ2-1,TRBC2,True,True,CSARVGSEVNEQFF,TGCAGTGCTAGAGTGGGGTCGGAAGTCAATGAGCAGTTCTTC,2358,10,clonotype1,clonotype1_consensus_1
TGACAACCAAACTGCT-1,True,TGACAACCAAACTGCT-1_contig_1,True,527,TRB,TRBV20-1,None,TRBJ1-2,TRBC1,True,True,CSARKPGEWGNYGYTF,TGCAGTGCTAGAAAACCAGGAGAATGGGGTAACTATGGCTACACCTTC,1704,9,clonotype3363,clonotype3363_consensus_1
TGACAACCAAACTGCT-1,True,TGACAACCAAACTGCT-1_contig_2,True,532,TRA,TRAV14/DV4,None,TRAJ11,TRAC,True,True,CAMREAKRNSGYSTLTF,TGTGCAATGAGAGAGGCTAAGAGGAATTCAGGATACAGCACCCTCACCTTT,687,4,clonotype3363,clonotype3363_consensus_2
TGACAACCACTCGACG-1,True,TGACAACCACTCGACG-1_contig_1,True,505,TRA,TRAV1-2,None,TRAJ33,TRAC,True,True,CAATDSNYQLIW,TGTGCTGCGACTGATAGCAACTATCAGTTAATCTGG,267,3,clonotype1,clonotype1_consensus_2
TGACAACCACTCGACG-1,True,TGACAACCACTCGACG-1_contig_2,True,485,TRB,TRBV20-1,None,TRBJ2-1,TRBC2,True,True,CSARVGSEVNEQFF,TGCAGTGCTAGAGTGGGGTCGGAAGTCAATGAGCAGTTCTTC,893,4,clonotype1,clonotype1_consensus_1
TGACAACCACTCGACG-1,True,TGACAACCACTCGACG-1_contig_3,True,463,TRA,TRAV10,None,TRAJ24,TRAC,True,False,None,None,253,1,clonotype1,None
TGACAACCAGAAGCAC-1,True,TGACAACCAGAAGCAC-1_contig_1,True,515,TRB,TRBV20-1,None,TRBJ1-5,TRBC1,True,True,CSVSPGNQPQHF,TGCAGTGTCTCCCCAGGGAACCAGCCCCAGCATTTT,3832,12,clonotype3364,clonotype3364_consensus_2
TGACAACCAGAAGCAC-1,True,TGACAACCAGAAGCAC-1_contig_2,True,565,TRA,TRAV29/DV5,None,TRAJ43,TRAC,True,True,CAARSNNNDMRF,TGTGCAGCAAGGTCGAATAACAATGACATGCGCTTT,545,4,clonotype3364,clonotype3364_consensus_1
TGACAACCAGTAGAGC-1,True,TGACAACCAGTAGAGC-1_contig_1,True,570,TRA,TRAV8-4,None,TRAJ29,TRAC,True,True,CAVTGLSGNTPLVF,TGTGCTGTGACCGGCCTTTCAGGAAACACACCTCTTGTCTTT,641,2,clonotype20,clonotype20_consensus_2
TGACAACCAGTAGAGC-1,True,TGACAACCAGTAGAGC-1_contig_2,True,521,TRB,TRBV20-1,None,TRBJ1-1,TRBC1,True,True,CSATDRARYTEAFF,TGCAGTGCCACGGACAGGGCGAGGTACACTGAAGCTTTCTTT,2367,6,clonotype20,clonotype20_consensus_1
TGACAACGTATAATGG-1,True,TGACAACGTATAATGG-1_contig_1,True,505,TRA,TRAV1-2,None,TRAJ33,TRAC,True,True,CAATDSNYQLIW,TGTGCTGCGACTGATAGCAACTATCAGTTAATCTGG,315,5,clonotype1,clonotype1_consensus_2
TGACAACGTATAATGG-1,True,TGACAACGTATAATGG-1_contig_2,True,521,TRB,TRBV20-1,None,TRBJ2-1,TRBC2,True,True,CSARVGSEVNEQFF,TGCAGTGCTAGAGTGGGGTCGGAAGTCAATGAGCAGTTCTTC,920,9,clonotype1,clonotype1_consensus_1
TGACAACGTCAACATC-1,True,TGACAACGTCAACATC-1_contig_1,True,502,TRB,TRBV20-1,None,TRBJ2-1,TRBC2,True,True,CSARVGSEVNEQFF,TGCAGTGCTAGAGTGGGGTCGGAAGTCAATGAGCAGTTCTTC,1609,3,clonotype2,clonotype2_consensus_1
TGACAACGTCAACATC-1,True,TGACAACGTCAACATC-1_contig_2,True,482,TRA,TRAV10,None,TRAJ24,TRAC,True,False,None,None,262,3,clonotype2,None
TGACAACGTCCGAAGA-1,True,TGACAACGTCCGAAGA-1_contig_1,True,515,TRB,TRBV20-1,None,TRBJ1-5,TRBC1,True,True,CSASLAANQPQHF,TGCAGTGCTAGCTTGGCAGCCAATCAGCCCCAGCATTTT,1546,14,clonotype3365,clonotype3365_consensus_1
TGACAACGTCCGAAGA-1,True,TGACAACGTCCGAAGA-1_contig_2,True,674,TRA,TRAV8-3,None,TRAJ49,TRAC,True,True,CAAYNTGNQFYF,TGTGCTGCCTATAACACCGGTAACCAGTTCTATTTT,738,5,clonotype3365,clonotype3365_consensus_2
TGACAACGTCTAGCCG-1,True,TGACAACGTCTAGCCG-1_contig_1,True,501,TRB,TRBV20-1,None,TRBJ2-7,TRBC2,True,True,CSASPWDKGLIEQYF,TGCAGTGCTAGTCCCTGGGACAAGGGTTTGATCGAGCAGTACTTC,2101,9,clonotype3366,clonotype3366_consensus_1
TGACAACGTCTAGCCG-1,True,TGACAACGTCTAGCCG-1_contig_2,True,580,TRA,TRAV17,None,TRAJ27,TRAC,True,True,CATDGGAGKSTF,TGTGCTACGGACGGGGGTGCAGGCAAATCAACCTTT,579,6,clonotype3366,clonotype3366_consensus_2
TGACAACGTGAGGGTT-1,True,TGACAACGTGAGGGTT-1_contig_1,True,495,TRB,TRBV20-1,None,TRBJ2-1,TRBC2,True,True,CSARVGSEVNEQFF,TGCAGTGCTAGAGTGGGGTCGGAAGTCAATGAGCAGTTCTTC,1182,9,clonotype2,clonotype2_consensus_1
TGACAACTCACTTCAT-1,True,TGACAACTCACTTCAT-1_contig_1,True,505,TRA,TRAV1-2,None,TRAJ33,TRAC,True,True,CAATDSNYQLIW,TGTGCTGCGACTGATAGCAACTATCAGTTAATCTGG,779,4,clonotype1,clonotype1_consensus_2
TGACAACTCACTTCAT-1,True,TGACAACTCACTTCAT-1_contig_2,True,498,TRB,TRBV20-1,None,TRBJ2-1,TRBC2,True,True,CSARVGSEVNEQFF,TGCAGTGCTAGAGTGGGGTCGGAAGTCAATGAGCAGTTCTTC,1582,9,clonotype1,clonotype1_consensus_1
TGACAACTCACTTCAT-1,True,TGACAACTCACTTCAT-1_contig_3,True,401,TRA,TRAV10,None,TRAJ24,TRAC,True,False,None,None,340,2,clonotype1,None
TGACAACTCGTACGGC-1,True,TGACAACTCGTACGGC-1_contig_1,True,521,TRB,TRBV20-1,None,TRBJ2-1,TRBC2,True,True,CSARVGSEVNEQFF,TGCAGTGCTAGAGTGGGGTCGGAAGTCAATGAGCAGTTCTTC,1380,5,clonotype2,clonotype2_consensus_1
TGACAACTCTACTATC-1,True,TGACAACTCTACTATC-1_contig_1,True,674,TRB,TRBV5-6,None,TRBJ1-6,TRBC1,True,True,CASSYVTTGWDSPLHF,TGTGCCAGCAGCTACGTAACGACAGGGTGGGATTCACCCCTCCACTTT,262,5,clonotype3367,clonotype3367_consensus_1
TGACAACTCTACTATC-1,True,TGACAACTCTACTATC-1_contig_2,True,674,TRA,TRAV8-3,None,TRAJ43,TRAC,True,True,CAVGARNNDMRF,TGTGCTGTGGGTGCGCGTAACAATGACATGCGCTTT,1515,3,clonotype3367,clonotype3367_consensus_2
TGACGGCAGATATGCA-1,True,TGACGGCAGATATGCA-1_contig_1,True,505,TRA,TRAV1-2,None,TRAJ33,TRAC,True,True,CAATDSNYQLIW,TGTGCTGCGACTGATAGCAACTATCAGTTAATCTGG,388,2,clonotype1,clonotype1_consensus_2
TGACGGCAGATATGCA-1,True,TGACGGCAGATATGCA-1_contig_2,True,521,TRB,TRBV20-1,None,TRBJ2-1,TRBC2,True,True,CSARVGSEVNEQFF,TGCAGTGCTAGAGTGGGGTCGGAAGTCAATGAGCAGTTCTTC,2041,10,clonotype1,clonotype1_consensus_1
TGACGGCAGATCGGGT-1,True,TGACGGCAGATCGGGT-1_contig_1,True,492,TRA,TRAV9-2,None,TRAJ13,TRAC,True,True,CALNLEGYQKVTF,TGTGCTCTGAACTTAGAGGGTTACCAGAAAGTTACCTTT,930,6,clonotype6,clonotype6_consensus_1
TGACGGCAGATCGGGT-1,True,TGACGGCAGATCGGGT-1_contig_2,True,709,TRB,TRBV5-6,None,TRBJ1-5,TRBC1,True,True,CASSFRGGANQPQHF,TGTGCCAGCAGCTTTCGAGGGGGCGCGAATCAGCCCCAGCATTTT,1436,5,clonotype6,clonotype6_consensus_2
TGACGGCAGCAACGGT-1,True,TGACGGCAGCAACGGT-1_contig_1,True,498,TRB,TRBV20-1,None,TRBJ2-2,TRBC2,True,True,CSARPQLTNTGELFF,TGCAGTGCTAGACCCCAACTAACCAACACCGGGGAGCTGTTTTTT,1599,9,clonotype13,clonotype13_consensus_2
TGACGGCAGCAACGGT-1,True,TGACGGCAGCAACGGT-1_contig_2,True,481,TRA,TRAV21,None,TRAJ11,TRAC,True,True,CAASASGYSTLTF,TGTGCTGCCTCAGCATCAGGATACAGCACCCTCACCTTT,8798,2,clonotype13,clonotype13_consensus_1
TGACGGCAGCGATAGC-1,True,TGACGGCAGCGATAGC-1_contig_1,True,505,TRA,TRAV1-2,None,TRAJ33,TRAC,True,True,CAATDSNYQLIW,TGTGCTGCGACTGATAGCAACTATCAGTTAATCTGG,144,2,clonotype1,clonotype1_consensus_2
TGACGGCAGCGATAGC-1,True,TGACGGCAGCGATAGC-1_contig_2,True,521,TRB,TRBV20-1,None,TRBJ2-1,TRBC2,True,True,CSARVGSEVNEQFF,TGCAGTGCTAGAGTGGGGTCGGAAGTCAATGAGCAGTTCTTC,1633,5,clonotype1,clonotype1_consensus_1
TGACGGCAGCGTAGTG-1,True,TGACGGCAGCGTAGTG-1_contig_1,True,505,TRA,TRAV1-2,None,TRAJ33,TRAC,True,True,CAATDSNYQLIW,TGTGCTGCGACTGATAGCAACTATCAGTTAATCTGG,630,3,clonotype1,clonotype1_consensus_2
TGACGGCAGCGTAGTG-1,True,TGACGGCAGCGTAGTG-1_contig_2,True,521,TRB,TRBV20-1,None,TRBJ2-1,TRBC2,True,True,CSARVGSEVNEQFF,TGCAGTGCTAGAGTGGGGTCGGAAGTCAATGAGCAGTTCTTC,2616,8,clonotype1,clonotype1_consensus_1
TGACGGCAGGACCACA-1,True,TGACGGCAGGACCACA-1_contig_1,True,495,TRB,TRBV20-1,None,TRBJ2-7,TRBC2,True,True,CSARRAGFDEQYF,TGCAGTGCTAGGCGGGCAGGGTTCGACGAGCAGTACTTC,1737,8,clonotype3368,clonotype3368_consensus_1
TGACGGCAGGACCACA-1,True,TGACGGCAGGACCACA-1_contig_2,True,558,TRA,TRAV16,None,TRAJ4,TRAC,True,True,CALLLGGYNKLIF,TGTGCCCTCTTACTCGGTGGCTACAATAAGCTGATTTTT,1318,5,clonotype3368,clonotype3368_consensus_2
TGACGGCAGGCTCTTA-1,True,TGACGGCAGGCTCTTA-1_contig_1,True,505,TRA,TRAV1-2,None,TRAJ33,TRAC,True,True,CAATDSNYQLIW,TGTGCTGCGACTGATAGCAACTATCAGTTAATCTGG,245,2,clonotype1,clonotype1_consensus_2
TGACGGCAGGCTCTTA-1,True,TGACGGCAGGCTCTTA-1_contig_2,True,521,TRB,TRBV20-1,None,TRBJ2-1,TRBC2,True,True,CSARVGSEVNEQFF,TGCAGTGCTAGAGTGGGGTCGGAAGTCAATGAGCAGTTCTTC,491,5,clonotype1,clonotype1_consensus_1
TGACGGCAGGCTCTTA-1,True,TGACGGCAGGCTCTTA-1_contig_3,True,482,TRA,TRAV10,None,TRAJ24,TRAC,True,False,None,None,901,5,clonotype1,None
TGACGGCCAAGAAAGG-1,True,TGACGGCCAAGAAAGG-1_contig_1,True,664,TRB,TRBV5-6,None,TRBJ2-2,TRBC2,True,True,CASSPGGAGGPGELFF,TGTGCCAGCAGCCCCGGCGGGGCGGGGGGGCCTGGGGAGCTGTTTTTT,744,6,clonotype3369,clonotype3369_consensus_2
TGACGGCCAAGAAAGG-1,True,TGACGGCCAAGAAAGG-1_contig_2,True,608,TRA,TRAV16,None,TRAJ52,TRAC,True,True,CALRKAGGTSYGKLTF,TGTGCTCTAAGAAAGGCTGGTGGTACTAGCTATGGAAAGCTGACATTT,599,3,clonotype3369,clonotype3369_consensus_1
TGACGGCCAAGAAAGG-1,True,TGACGGCCAAGAAAGG-1_contig_3,True,505,TRA,TRAV23/DV6,None,TRAJ29,TRAC,True,True,CAANRGNTPLVF,TGTGCAGCAAATCGGGGAAACACACCTCTTGTCTTT,1045,3,clonotype3369,clonotype3369_consensus_4
TGACGGCCAAGAAAGG-1,True,TGACGGCCAAGAAAGG-1_contig_4,True,663,TRB,TRBV5-6,None,TRBJ2-1,TRBC2,True,True,CASSPRLVHEQFF,TGTGCCAGCAGCCCAAGACTAGTCCATGAGCAGTTCTTC,2617,16,clonotype3369,clonotype3369_consensus_3
TGACGGCCAGTCAGCC-1,True,TGACGGCCAGTCAGCC-1_contig_1,True,468,TRB,TRBV5-6,None,TRBJ1-2,TRBC1,True,True,CASSARGDSYFRGGYTF,TGTGCCAGCAGCGCGCGAGGGGACAGTTATTTCCGGGGTGGCTACACCTTC,38,3,clonotype318,clonotype318_consensus_1
TGACGGCCAGTCAGCC-1,True,TGACGGCCAGTCAGCC-1_contig_2,True,677,TRA,TRAV8-3,None,TRAJ8,TRAC,True,True,CVPSPRGFQKLVF,TGTGTCCCTTCCCCGAGGGGCTTTCAGAAACTTGTATTT,207,3,clonotype318,clonotype318_consensus_2
TGACGGCCATCAGTAC-1,True,TGACGGCCATCAGTAC-1_contig_1,True,505,TRA,TRAV1-2,None,TRAJ33,TRAC,True,True,CAATDSNYQLIW,TGTGCTGCGACTGATAGCAACTATCAGTTAATCTGG,1328,4,clonotype1,clonotype1_consensus_2
TGACGGCCATCAGTAC-1,True,TGACGGCCATCAGTAC-1_contig_2,True,495,TRB,TRBV20-1,None,TRBJ2-1,TRBC2,True,True,CSARVGSEVNEQFF,TGCAGTGCTAGAGTGGGGTCGGAAGTCAATGAGCAGTTCTTC,3626,8,clonotype1,clonotype1_consensus_1
TGACGGCCATCGGGTC-1,True,TGACGGCCATCGGGTC-1_contig_1,True,498,TRB,TRBV20-1,None,TRBJ2-1,TRBC2,True,True,CSARVGSEVNEQFF,TGCAGTGCTAGAGTGGGGTCGGAAGTCAATGAGCAGTTCTTC,1888,7,clonotype2,clonotype2_consensus_1
TGACGGCCATCGGGTC-1,True,TGACGGCCATCGGGTC-1_contig_2,True,517,TRA,TRAV10,None,TRAJ24,TRAC,True,False,None,None,597,4,clonotype2,None
TGACGGCGTAGAAAGG-1,True,TGACGGCGTAGAAAGG-1_contig_1,True,556,TRA,TRAV19,None,TRAJ40,TRAC,True,True,CALSGTYKYIF,TGTGCTCTGTCAGGAACCTACAAATACATCTTT,110,3,clonotype327,clonotype327_consensus_1
TGACGGCGTAGAAAGG-1,True,TGACGGCGTAGAAAGG-1_contig_2,True,504,TRB,TRBV20-1,None,TRBJ2-5,TRBC2,True,True,CSAPPPGQGMEETQYF,TGCAGTGCTCCACCCCCGGGACAGGGGATGGAAGAGACCCAGTACTTC,1457,8,clonotype327,clonotype327_consensus_2
TGACGGCGTCCAGTTA-1,True,TGACGGCGTCCAGTTA-1_contig_1,True,505,TRA,TRAV1-2,None,TRAJ33,TRAC,True,True,CAATDSNYQLIW,TGTGCTGCGACTGATAGCAACTATCAGTTAATCTGG,244,2,clonotype1,clonotype1_consensus_2
TGACGGCGTCCAGTTA-1,True,TGACGGCGTCCAGTTA-1_contig_2,True,486,TRB,TRBV20-1,None,TRBJ2-1,TRBC2,True,True,CSARVGSEVNEQFF,TGCAGTGCTAGAGTGGGGTCGGAAGTCAATGAGCAGTTCTTC,1537,5,clonotype1,clonotype1_consensus_1
TGACGGCGTCGAAAGC-1,True,TGACGGCGTCGAAAGC-1_contig_1,True,498,TRB,TRBV20-1,None,TRBJ2-1,TRBC2,True,True,CSARVGSEVNEQFF,TGCAGTGCTAGAGTGGGGTCGGAAGTCAATGAGCAGTTCTTC,2168,7,clonotype2,clonotype2_consensus_1
TGACGGCGTCGAAAGC-1,True,TGACGGCGTCGAAAGC-1_contig_2,True,320,TRA,TRAV10,None,TRAJ24,TRAC,True,False,None,None,229,2,clonotype2,None
TGACGGCGTCTCCACT-1,True,TGACGGCGTCTCCACT-1_contig_1,True,505,TRA,TRAV1-2,None,TRAJ33,TRAC,True,True,CAATDSNYQLIW,TGTGCTGCGACTGATAGCAACTATCAGTTAATCTGG,258,2,clonotype1,clonotype1_consensus_2
TGACGGCGTCTCCACT-1,True,TGACGGCGTCTCCACT-1_contig_2,True,521,TRB,TRBV20-1,None,TRBJ2-1,TRBC2,True,True,CSARVGSEVNEQFF,TGCAGTGCTAGAGTGGGGTCGGAAGTCAATGAGCAGTTCTTC,674,5,clonotype1,clonotype1_consensus_1
TGACGGCGTCTCCACT-1,True,TGACGGCGTCTCCACT-1_contig_3,True,465,TRA,TRAV10,None,TRAJ24,TRAC,True,False,None,None,372,1,clonotype1,None
TGACGGCGTGACTCAT-1,True,TGACGGCGTGACTCAT-1_contig_1,True,485,TRB,TRBV20-1,None,TRBJ2-1,TRBC2,True,True,CSARVGSEVNEQFF,TGCAGTGCTAGAGTGGGGTCGGAAGTCAATGAGCAGTTCTTC,1102,5,clonotype2,clonotype2_consensus_1
TGACGGCGTGACTCAT-1,True,TGACGGCGTGACTCAT-1_contig_2,True,590,TRA,TRAV10,None,TRAJ10,TRAC,True,False,None,None,275,1,clonotype2,None
TGACGGCGTGCTTCTC-1,True,TGACGGCGTGCTTCTC-1_contig_1,True,502,TRA,TRAV1-2,None,TRAJ33,TRAC,True,True,CAATDSNYQLIW,TGTGCTGCGACTGATAGCAACTATCAGTTAATCTGG,259,2,clonotype1,clonotype1_consensus_2
TGACGGCGTGCTTCTC-1,True,TGACGGCGTGCTTCTC-1_contig_2,True,498,TRB,TRBV20-1,None,TRBJ2-1,TRBC2,True,True,CSARVGSEVNEQFF,TGCAGTGCTAGAGTGGGGTCGGAAGTCAATGAGCAGTTCTTC,2223,5,clonotype1,clonotype1_consensus_1
TGACGGCGTGCTTCTC-1,True,TGACGGCGTGCTTCTC-1_contig_3,True,465,TRA,TRAV10,None,TRAJ24,TRAC,True,False,None,None,427,1,clonotype1,None
TGACGGCGTTACGCGC-1,True,TGACGGCGTTACGCGC-1_contig_1,True,505,TRA,TRAV1-2,None,TRAJ33,TRAC,True,True,CAATDSNYQLIW,TGTGCTGCGACTGATAGCAACTATCAGTTAATCTGG,113,1,clonotype1,clonotype1_consensus_2
TGACGGCGTTACGCGC-1,True,TGACGGCGTTACGCGC-1_contig_2,True,498,TRB,TRBV20-1,None,TRBJ2-1,TRBC2,True,True,CSARVGSEVNEQFF,TGCAGTGCTAGAGTGGGGTCGGAAGTCAATGAGCAGTTCTTC,702,4,clonotype1,clonotype1_consensus_1
TGACGGCGTTTGTTTC-1,True,TGACGGCGTTTGTTTC-1_contig_1,True,501,TRB,TRBV20-1,None,TRBJ1-2,TRBC1,True,True,CSATETGASGEGYTF,TGCAGTGCTACGGAGACAGGGGCTTCGGGAGAGGGCTACACCTTC,3094,12,clonotype48,clonotype48_consensus_1
TGACGGCGTTTGTTTC-1,True,TGACGGCGTTTGTTTC-1_contig_2,True,545,TRA,TRAV17,None,TRAJ22,TRAC,True,True,CATLSGSARQLTF,TGTGCTACGCTTTCTGGTTCTGCAAGGCAACTGACCTTT,893,3,clonotype48,clonotype48_consensus_2
TGACGGCGTTTGTTTC-1,True,TGACGGCGTTTGTTTC-1_contig_3,True,534,TRA,TRAV27,None,TRAJ18,TRAC,True,False,None,None,648,3,clonotype48,None
TGACGGCTCCGCAGTG-1,True,TGACGGCTCCGCAGTG-1_contig_1,True,505,TRA,TRAV1-2,None,TRAJ33,TRAC,True,True,CAATDSNYQLIW,TGTGCTGCGACTGATAGCAACTATCAGTTAATCTGG,406,1,clonotype1,clonotype1_consensus_2
TGACGGCTCCGCAGTG-1,True,TGACGGCTCCGCAGTG-1_contig_2,True,521,TRB,TRBV20-1,None,TRBJ2-1,TRBC2,True,True,CSARVGSEVNEQFF,TGCAGTGCTAGAGTGGGGTCGGAAGTCAATGAGCAGTTCTTC,952,6,clonotype1,clonotype1_consensus_1
TGACGGCTCCGCAGTG-1,True,TGACGGCTCCGCAGTG-1_contig_3,True,458,TRA,TRAV10,None,TRAJ24,TRAC,True,False,None,None,576,2,clonotype1,None
TGACGGCTCCGTAGGC-1,True,TGACGGCTCCGTAGGC-1_contig_1,True,521,TRB,TRBV20-1,None,TRBJ2-1,TRBC2,True,True,CSARVGSEVNEQFF,TGCAGTGCTAGAGTGGGGTCGGAAGTCAATGAGCAGTTCTTC,904,4,clonotype2,clonotype2_consensus_1
TGACGGCTCCGTAGGC-1,True,TGACGGCTCCGTAGGC-1_contig_2,True,323,TRA,TRAV1-2,None,TRAJ33,TRAC,True,False,CAATDSNYQLIW,TGTGCTGCGACTGATAGCAACTATCAGTTAATCTGG,1477,5,clonotype2,None
TGACGGCTCGCTTGTC-1,True,TGACGGCTCGCTTGTC-1_contig_1,True,498,TRB,TRBV20-1,None,TRBJ2-1,TRBC2,True,True,CSARVGSEVNEQFF,TGCAGTGCTAGAGTGGGGTCGGAAGTCAATGAGCAGTTCTTC,1491,8,clonotype2,clonotype2_consensus_1
TGACGGCTCTTGAGAC-1,True,TGACGGCTCTTGAGAC-1_contig_1,True,521,TRB,TRBV20-1,None,TRBJ2-1,TRBC2,True,True,CSARVGSEVNEQFF,TGCAGTGCTAGAGTGGGGTCGGAAGTCAATGAGCAGTTCTTC,447,6,clonotype2,clonotype2_consensus_1
TGACGGCTCTTGAGAC-1,True,TGACGGCTCTTGAGAC-1_contig_2,True,465,TRA,TRAV10,None,TRAJ24,TRAC,True,False,None,None,588,2,clonotype2,None
TGACTAGAGACTAAGT-1,True,TGACTAGAGACTAAGT-1_contig_1,True,521,TRB,TRBV20-1,None,TRBJ2-1,TRBC2,True,True,CSARVGSEVNEQFF,TGCAGTGCTAGAGTGGGGTCGGAAGTCAATGAGCAGTTCTTC,3698,3,clonotype2,clonotype2_consensus_1
TGACTAGAGACTAAGT-1,True,TGACTAGAGACTAAGT-1_contig_2,True,467,TRA,TRAV10,None,TRAJ24,TRAC,True,False,None,None,63,2,clonotype2,None
TGACTAGAGACTAAGT-1,True,TGACTAGAGACTAAGT-1_contig_3,True,445,TRB,None,None,TRBJ2-2P,TRBC2,False,False,None,None,7692,2,clonotype2,None
TGACTAGAGACTGTAA-1,True,TGACTAGAGACTGTAA-1_contig_1,True,567,TRA,TRAV8-4,None,TRAJ36,TRAC,True,True,CAVTRAGANNLFF,TGTGCTGTGACCCGGGCCGGGGCAAACAACCTCTTCTTT,318,5,clonotype3370,clonotype3370_consensus_1
TGACTAGAGACTGTAA-1,True,TGACTAGAGACTGTAA-1_contig_2,True,490,TRB,TRBV5-6,None,TRBJ2-3,TRBC2,True,True,CASSLEFETDTQYF,TGTGCCAGCAGCTTGGAATTCGAGACAGATACGCAGTATTTT,890,4,clonotype3370,clonotype3370_consensus_2
TGACTAGAGCGTGTCC-1,True,TGACTAGAGCGTGTCC-1_contig_1,True,518,TRB,TRBV20-1,None,TRBJ1-5,TRBC1,True,True,CSARWHAGGPQHF,TGCAGTGCCCGGTGGCACGCCGGAGGGCCCCAGCATTTT,1423,6,clonotype43,clonotype43_consensus_2
TGACTAGAGCGTGTCC-1,True,TGACTAGAGCGTGTCC-1_contig_2,True,520,TRA,TRAV30,None,TRAJ48,TRAC,True,True,CGTLPWTGGNEKLTF,TGCGGCACACTCCCGTGGACAGGGGGAAATGAGAAATTAACCTTT,250,1,clonotype43,clonotype43_consensus_3
TGACTAGAGCGTGTCC-1,True,TGACTAGAGCGTGTCC-1_contig_3,True,486,TRA,TRAV12-3,None,TRAJ49,TRAC,True,True,CAIRGQFYF,TGTGCAATAAGAGGCCAGTTCTATTTT,265,1,clonotype43,clonotype43_consensus_1
TGACTAGCAGGTCCAC-1,True,TGACTAGCAGGTCCAC-1_contig_1,True,527,TRB,TRBV20-1,None,TRBJ2-3,TRBC2,True,True,CSASRDRSLSTDTQYF,TGCAGTGCTAGCCGGGACAGAAGTCTTAGCACAGATACGCAGTATTTT,2479,11,clonotype269,clonotype269_consensus_1
TGACTAGCAGGTCCAC-1,True,TGACTAGCAGGTCCAC-1_contig_2,True,459,TRA,TRAV4,None,TRAJ34,TRAC,True,False,CLVGDIPGTDKLIF,TGCCTCGTGGGTGACATCCCGGGCACCGACAAGCTCATCTTT,182,2,clonotype269,None
TGACTAGCAGGTCTCG-1,True,TGACTAGCAGGTCTCG-1_contig_1,True,524,TRB,TRBV20-1,None,TRBJ2-5,TRBC2,True,True,CSARSTSGGQETQYF,TGCAGTGCTAGAAGCACTAGCGGGGGACAAGAGACCCAGTACTTC,3178,8,clonotype3371,clonotype3371_consensus_1
TGACTAGCAGGTCTCG-1,True,TGACTAGCAGGTCTCG-1_contig_2,True,456,TRA,TRAV13-1,None,TRAJ49,TRAC,True,True,CAASAIVDQFYF,TGTGCAGCAAGTGCGATTGTAGACCAGTTCTATTTT,180,1,clonotype3371,clonotype3371_consensus_2
TGACTAGCAGGTCTCG-1,True,TGACTAGCAGGTCTCG-1_contig_3,True,371,TRA,TRAV8-6,None,None,TRAC,False,False,None,None,850,3,clonotype3371,None
TGACTAGCAGTTCATG-1,True,TGACTAGCAGTTCATG-1_contig_1,True,530,TRB,TRBV20-1,None,TRBJ1-1,TRBC1,True,True,CSASTGTGYFRYTEAFF,TGCAGTGCGAGCACCGGGACAGGGTATTTTCGGTACACTGAAGCTTTCTTT,3075,9,clonotype38,clonotype38_consensus_1
TGACTAGCAGTTCATG-1,True,TGACTAGCAGTTCATG-1_contig_2,True,479,TRA,TRAV35,None,TRAJ47,TRAC,True,True,CAGVEYGNKLVF,TGTGCTGGGGTGGAATATGGAAACAAACTGGTCTTT,1338,4,clonotype38,clonotype38_consensus_2
TGACTAGCATATACCG-1,True,TGACTAGCATATACCG-1_contig_1,True,505,TRA,TRAV1-2,None,TRAJ33,TRAC,True,True,CAATDSNYQLIW,TGTGCTGCGACTGATAGCAACTATCAGTTAATCTGG,2231,3,clonotype1,clonotype1_consensus_2
TGACTAGCATATACCG-1,True,TGACTAGCATATACCG-1_contig_2,True,508,TRB,TRBV20-1,None,TRBJ2-1,TRBC2,True,True,CSARVGSEVNEQFF,TGCAGTGCTAGAGTGGGGTCGGAAGTCAATGAGCAGTTCTTC,3733,7,clonotype1,clonotype1_consensus_1
TGACTAGCATATACCG-1,True,TGACTAGCATATACCG-1_contig_3,True,482,TRA,TRAV10,None,TRAJ24,TRAC,True,False,None,None,71,1,clonotype1,None
TGACTAGGTGTGAAAT-1,True,TGACTAGGTGTGAAAT-1_contig_1,True,505,TRA,TRAV1-2,None,TRAJ33,TRAC,True,True,CAATDSNYQLIW,TGTGCTGCGACTGATAGCAACTATCAGTTAATCTGG,3996,1,clonotype1,clonotype1_consensus_2
TGACTAGGTGTGAAAT-1,True,TGACTAGGTGTGAAAT-1_contig_2,True,518,TRB,TRBV20-1,None,TRBJ2-1,TRBC2,True,True,CSARVGSEVNEQFF,TGCAGTGCTAGAGTGGGGTCGGAAGTCAATGAGCAGTTCTTC,2463,11,clonotype1,clonotype1_consensus_1
TGACTAGGTGTGAAAT-1,True,TGACTAGGTGTGAAAT-1_contig_3,True,465,TRA,TRAV10,None,TRAJ24,TRAC,True,False,None,None,5500,2,clonotype1,None
TGACTAGGTGTTCGAT-1,True,TGACTAGGTGTTCGAT-1_contig_1,True,505,TRA,TRAV1-2,None,TRAJ33,TRAC,True,True,CAATDSNYQLIW,TGTGCTGCGACTGATAGCAACTATCAGTTAATCTGG,145,2,clonotype1,clonotype1_consensus_2
TGACTAGGTGTTCGAT-1,True,TGACTAGGTGTTCGAT-1_contig_2,True,524,TRB,TRBV20-1,None,TRBJ2-1,TRBC2,True,True,CSARVGSEVNEQFF,TGCAGTGCTAGAGTGGGGTCGGAAGTCAATGAGCAGTTCTTC,769,3,clonotype1,clonotype1_consensus_1
TGACTAGGTTACCGAT-1,True,TGACTAGGTTACCGAT-1_contig_1,True,505,TRA,TRAV1-2,None,TRAJ33,TRAC,True,True,CAATDSNYQLIW,TGTGCTGCGACTGATAGCAACTATCAGTTAATCTGG,282,2,clonotype1,clonotype1_consensus_2
TGACTAGGTTACCGAT-1,True,TGACTAGGTTACCGAT-1_contig_2,True,521,TRB,TRBV20-1,None,TRBJ2-1,TRBC2,True,True,CSARVGSEVNEQFF,TGCAGTGCTAGAGTGGGGTCGGAAGTCAATGAGCAGTTCTTC,659,4,clonotype1,clonotype1_consensus_1
TGACTAGGTTACCGAT-1,True,TGACTAGGTTACCGAT-1_contig_3,True,465,TRA,TRAV10,None,TRAJ24,TRAC,True,False,None,None,572,4,clonotype1,None
TGACTAGGTTACCGAT-1,True,TGACTAGGTTACCGAT-1_contig_4,True,404,TRB,None,None,TRBJ1-4,TRBC1,False,False,None,None,2358,1,clonotype1,None
TGACTAGGTTGCGTTA-1,True,TGACTAGGTTGCGTTA-1_contig_1,True,520,TRA,TRAV26-1,None,TRAJ30,TRAC,True,True,CIARVGRDDKIIF,TGCATCGCCCGAGTAGGGAGAGATGACAAGATCATCTTT,394,3,clonotype3372,clonotype3372_consensus_1
TGACTAGGTTGCGTTA-1,True,TGACTAGGTTGCGTTA-1_contig_2,True,659,TRB,TRBV5-6,None,TRBJ1-5,TRBC1,True,True,CASSFRDIDRPQHF,TGTGCCAGCAGCTTTAGGGACATTGATCGGCCCCAGCATTTT,4129,16,clonotype3372,clonotype3372_consensus_2
TGACTTTAGAGAACAG-1,True,TGACTTTAGAGAACAG-1_contig_1,True,507,TRB,TRBV20-1,None,TRBJ1-5,TRBC1,True,True,CSARKRGDWGEISNQPQHF,TGCAGTGCTAGAAAAAGAGGGGACTGGGGGGAAATAAGCAATCAGCCCCAGCATTTT,1247,9,clonotype3373,clonotype3373_consensus_1
TGACTTTAGAGAACAG-1,True,TGACTTTAGAGAACAG-1_contig_2,True,601,TRA,TRAV3,None,TRAJ45,TRAC,True,False,CAVRDGCIQEEVLTD,TGTGCTGTGAGAGACGGATGTATTCAGGAGGAGGTGCTGACGGAC,294,1,clonotype3373,None
TGACTTTAGAGAACAG-1,True,TGACTTTAGAGAACAG-1_contig_3,True,414,TRA,TRAV2,None,TRAJ13,TRAC,True,False,CAVEVSSGGYQKVTF,TGTGCTGTGGAGGTCTCCTCTGGGGGTTACCAGAAAGTTACCTTT,56,2,clonotype3373,None
TGACTTTAGGCTCATT-1,True,TGACTTTAGGCTCATT-1_contig_1,True,491,TRA,TRAV1-2,None,TRAJ33,TRAC,True,True,CAATDSNYQLIW,TGTGCTGCGACTGATAGCAACTATCAGTTAATCTGG,407,2,clonotype1,clonotype1_consensus_2
TGACTTTAGGCTCATT-1,True,TGACTTTAGGCTCATT-1_contig_2,True,515,TRB,TRBV20-1,None,TRBJ2-1,TRBC2,True,True,CSARVGSEVNEQFF,TGCAGTGCTAGAGTGGGGTCGGAAGTCAATGAGCAGTTCTTC,1015,9,clonotype1,clonotype1_consensus_1
TGACTTTAGGCTCATT-1,True,TGACTTTAGGCTCATT-1_contig_3,True,455,TRA,TRAV10,None,TRAJ24,TRAC,True,False,None,None,111,4,clonotype1,None
TGACTTTAGGTTACCT-1,True,TGACTTTAGGTTACCT-1_contig_1,True,459,TRA,TRAV9-2,None,TRAJ4,TRAC,True,True,CALRGSGGYNKLIF,TGTGCTCTGAGGGGCTCTGGTGGCTACAATAAGCTGATTTTT,981,2,clonotype3374,clonotype3374_consensus_1
TGACTTTAGGTTACCT-1,True,TGACTTTAGGTTACCT-1_contig_2,True,570,TRA,TRAV8-4,None,TRAJ3,TRAC,True,True,CAVTLYSSASKIIF,TGTGCTGTGACCCTTTACAGCAGTGCTTCCAAGATAATCTTT,655,8,clonotype3374,clonotype3374_consensus_4
TGACTTTAGGTTACCT-1,True,TGACTTTAGGTTACCT-1_contig_3,True,717,TRB,TRBV5-6,None,TRBJ2-2,TRBC2,True,True,CASSQIGTGGNTGELFF,TGTGCCAGCAGCCAGATCGGGACAGGGGGAAACACCGGGGAGCTGTTTTTT,3945,17,clonotype3374,clonotype3374_consensus_2
TGACTTTAGGTTACCT-1,True,TGACTTTAGGTTACCT-1_contig_4,True,599,TRB,TRBV5-5,None,TRBJ1-1,TRBC1,True,True,CASSLGPAEGTEAFF,TGTGCCAGCAGCTTGGGGCCGGCCGAGGGGACTGAAGCTTTCTTT,2160,11,clonotype3374,clonotype3374_consensus_3
TGACTTTAGGTTACCT-1,True,TGACTTTAGGTTACCT-1_contig_5,True,309,TRB,None,None,TRBJ2-7,TRBC2,False,False,None,None,2265,6,clonotype3374,None
TGACTTTAGGTTACCT-1,True,TGACTTTAGGTTACCT-1_contig_6,True,309,TRB,None,None,TRBJ1-2,TRBC1,False,False,None,None,839,6,clonotype3374,None
TGACTTTAGTCCGTAT-1,True,TGACTTTAGTCCGTAT-1_contig_1,True,547,TRA,TRAV12-2,None,TRAJ22,TRAC,True,True,CAVRGSGSARQLTF,TGTGCCGTGAGGGGGTCTGGTTCTGCAAGGCAACTGACCTTT,1350,7,clonotype3375,clonotype3375_consensus_1
TGACTTTAGTCCGTAT-1,True,TGACTTTAGTCCGTAT-1_contig_2,True,521,TRB,TRBV20-1,None,TRBJ2-7,TRBC2,True,True,CSARRTGDSYEQYF,TGCAGTGCTAGGAGGACAGGGGATTCCTACGAGCAGTACTTC,3521,14,clonotype3375,clonotype3375_consensus_2
TGACTTTCAAGTCTGT-1,True,TGACTTTCAAGTCTGT-1_contig_1,True,615,TRA,TRAV3,None,TRAJ11,TRAC,True,True,CAVRPRGYSTLTF,TGTGCTGTGAGGCCGAGGGGATACAGCACCCTCACCTTT,4482,5,clonotype3376,clonotype3376_consensus_2
TGACTTTCAAGTCTGT-1,True,TGACTTTCAAGTCTGT-1_contig_2,True,481,TRB,TRBV5-6,None,TRBJ1-1,TRBC1,True,True,CASSLDQGAHTEAFF,TGTGCCAGCAGCTTGGATCAGGGGGCCCACACTGAAGCTTTCTTT,1564,6,clonotype3376,clonotype3376_consensus_1
TGACTTTCACATTTCT-1,True,TGACTTTCACATTTCT-1_contig_1,True,550,TRA,TRAV12-2,None,TRAJ33,TRAC,True,True,CAVNMGTDSNYQLIW,TGTGCCGTGAACATGGGGACGGATAGCAACTATCAGTTAATCTGG,336,6,clonotype3377,clonotype3377_consensus_2
TGACTTTCACATTTCT-1,True,TGACTTTCACATTTCT-1_contig_2,True,749,TRB,TRBV5-5,None,TRBJ1-2,TRBC1,True,True,CASSLGPGVNYGYTF,TGTGCCAGCAGCTTGGGTCCAGGGGTAAACTATGGCTACACCTTC,3000,3,clonotype3377,clonotype3377_consensus_1
TGACTTTCACATTTCT-1,True,TGACTTTCACATTTCT-1_contig_3,True,313,TRB,None,None,TRBJ1-5,TRBC1,False,False,None,None,387,1,clonotype3377,None
TGACTTTCAGCATGAG-1,True,TGACTTTCAGCATGAG-1_contig_1,True,529,TRA,TRAV14/DV4,None,TRAJ26,TRAC,True,True,CAMREGRNNYGQNFVF,TGTGCAATGAGAGAGGGCCGGAATAACTATGGTCAGAATTTTGTCTTT,5734,10,clonotype3378,clonotype3378_consensus_2
TGACTTTCAGCATGAG-1,True,TGACTTTCAGCATGAG-1_contig_2,True,708,TRB,TRBV5-6,None,TRBJ2-1,TRBC2,True,True,CASSLVGQANNEQFF,TGTGCCAGCAGCTTGGTGGGACAGGCCAACAATGAGCAGTTCTTC,2837,14,clonotype3378,clonotype3378_consensus_1
TGACTTTCATATACCG-1,True,TGACTTTCATATACCG-1_contig_1,True,505,TRA,TRAV1-2,None,TRAJ33,TRAC,True,True,CAATDSNYQLIW,TGTGCTGCGACTGATAGCAACTATCAGTTAATCTGG,121,2,clonotype1,clonotype1_consensus_2
TGACTTTCATATACCG-1,True,TGACTTTCATATACCG-1_contig_2,True,496,TRB,TRBV20-1,None,TRBJ2-1,TRBC2,True,True,CSARVGSEVNEQFF,TGCAGTGCTAGAGTGGGGTCGGAAGTCAATGAGCAGTTCTTC,1714,9,clonotype1,clonotype1_consensus_1
TGACTTTCATATACCG-1,True,TGACTTTCATATACCG-1_contig_3,True,459,TRA,TRAV10,None,TRAJ24,TRAC,True,False,None,None,523,9,clonotype1,None
TGACTTTGTAAATGTG-1,True,TGACTTTGTAAATGTG-1_contig_1,True,502,TRA,TRAV1-2,None,TRAJ33,TRAC,True,True,CAATDSNYQLIW,TGTGCTGCGACTGATAGCAACTATCAGTTAATCTGG,641,8,clonotype1,clonotype1_consensus_2
TGACTTTGTAAATGTG-1,True,TGACTTTGTAAATGTG-1_contig_2,True,521,TRB,TRBV20-1,None,TRBJ2-1,TRBC2,True,True,CSARVGSEVNEQFF,TGCAGTGCTAGAGTGGGGTCGGAAGTCAATGAGCAGTTCTTC,733,11,clonotype1,clonotype1_consensus_1
TGACTTTGTCAACTGT-1,True,TGACTTTGTCAACTGT-1_contig_1,True,505,TRA,TRAV1-2,None,TRAJ33,TRAC,True,True,CAATDSNYQLIW,TGTGCTGCGACTGATAGCAACTATCAGTTAATCTGG,132,5,clonotype1,clonotype1_consensus_2
TGACTTTGTCAACTGT-1,True,TGACTTTGTCAACTGT-1_contig_2,True,492,TRB,TRBV20-1,None,TRBJ2-1,TRBC2,True,True,CSARVGSEVNEQFF,TGCAGTGCTAGAGTGGGGTCGGAAGTCAATGAGCAGTTCTTC,774,9,clonotype1,clonotype1_consensus_1
TGACTTTGTCACAAGG-1,True,TGACTTTGTCACAAGG-1_contig_1,True,524,TRB,TRBV20-1,None,TRBJ2-3,TRBC2,True,True,CSARDPKLRTDTQYF,TGCAGTGCTAGAGATCCAAAACTGCGCACAGATACGCAGTATTTT,3074,14,clonotype3379,clonotype3379_consensus_1
TGACTTTGTCACAAGG-1,True,TGACTTTGTCACAAGG-1_contig_2,True,443,TRA,TRAV9-2,None,TRAJ29,TRAC,True,True,CALSDPTPLVF,TGTGCTCTGAGTGATCCCACACCTCTTGTCTTT,4387,7,clonotype3379,clonotype3379_consensus_2
TGACTTTGTCTGGTCG-1,True,TGACTTTGTCTGGTCG-1_contig_1,True,505,TRA,TRAV1-2,None,TRAJ33,TRAC,True,True,CAATDSNYQLIW,TGTGCTGCGACTGATAGCAACTATCAGTTAATCTGG,179,2,clonotype1,clonotype1_consensus_2
TGACTTTGTCTGGTCG-1,True,TGACTTTGTCTGGTCG-1_contig_2,True,521,TRB,TRBV20-1,None,TRBJ2-1,TRBC2,True,True,CSARVGSEVNEQFF,TGCAGTGCTAGAGTGGGGTCGGAAGTCAATGAGCAGTTCTTC,1124,6,clonotype1,clonotype1_consensus_1
TGACTTTGTCTGGTCG-1,True,TGACTTTGTCTGGTCG-1_contig_3,True,465,TRA,TRAV10,None,TRAJ24,TRAC,True,False,None,None,521,3,clonotype1,None
TGACTTTGTGAGGCTA-1,True,TGACTTTGTGAGGCTA-1_contig_1,True,523,TRB,TRBV4-1,None,TRBJ1-2,TRBC1,True,True,CASSQVSGEVPNYGYTF,TGCGCCAGCAGCCAAGTGTCAGGGGAGGTACCCAACTATGGCTACACCTTC,323,7,clonotype3380,clonotype3380_consensus_1
TGACTTTGTGAGGCTA-1,True,TGACTTTGTGAGGCTA-1_contig_2,True,659,TRA,TRAV8-6,None,TRAJ39,TRAC,True,True,CAVSESAGNMLTF,TGTGCTGTGAGTGAGAGTGCAGGCAACATGCTCACCTTT,2260,17,clonotype3380,clonotype3380_consensus_2
TGACTTTGTGAGGCTA-1,True,TGACTTTGTGAGGCTA-1_contig_3,True,712,TRB,TRBV5-6,None,TRBJ2-1,TRBC2,True,True,CASSSGTGTYNEQFF,TGTGCCAGCAGCTCGGGGACAGGGACCTACAATGAGCAGTTCTTC,890,19,clonotype3380,clonotype3380_consensus_3
TGACTTTTCACTCTTA-1,True,TGACTTTTCACTCTTA-1_contig_1,True,654,TRB,TRBV5-6,None,TRBJ1-1,TRBC1,True,True,CASSRDLSSEAFF,TGTGCCAGCAGCCGGGATCTTTCCAGTGAAGCTTTCTTT,1867,10,clonotype3381,clonotype3381_consensus_1
TGACTTTTCCGCAGTG-1,True,TGACTTTTCCGCAGTG-1_contig_1,True,521,TRB,TRBV20-1,None,TRBJ2-1,TRBC2,True,True,CSARVGSEVNEQFF,TGCAGTGCTAGAGTGGGGTCGGAAGTCAATGAGCAGTTCTTC,1669,5,clonotype2,clonotype2_consensus_1
TGACTTTTCGCCATAA-1,True,TGACTTTTCGCCATAA-1_contig_1,True,488,TRB,TRBV24-1,None,TRBJ2-4,TRBC2,True,True,CATRDRDRVKNIQYF,TGTGCCACCAGGGACAGGGATCGGGTTAAAAACATTCAGTACTTC,494,5,clonotype3382,clonotype3382_consensus_3
TGACTTTTCGCCATAA-1,True,TGACTTTTCGCCATAA-1_contig_2,True,505,TRA,TRAV1-2,None,TRAJ33,TRAC,True,True,CAVMDSNYQLIW,TGTGCTGTCATGGATAGCAACTATCAGTTAATCTGG,629,4,clonotype3382,clonotype3382_consensus_1
TGACTTTTCGCCATAA-1,True,TGACTTTTCGCCATAA-1_contig_3,True,488,TRB,TRBV15,None,TRBJ1-1,TRBC1,True,True,CATSRDREGNTEAFF,TGTGCCACCAGCAGAGATCGGGAGGGGAACACTGAAGCTTTCTTT,1376,3,clonotype3382,clonotype3382_consensus_2
TGACTTTTCTTCCTTC-1,True,TGACTTTTCTTCCTTC-1_contig_1,True,486,TRB,TRBV20-1,None,TRBJ1-1,TRBC1,True,True,CSASSKRSEAFF,TGCAGTGCTAGCTCGAAAAGGAGTGAAGCTTTCTTT,1061,7,clonotype3383,clonotype3383_consensus_1
TGACTTTTCTTCCTTC-1,True,TGACTTTTCTTCCTTC-1_contig_2,True,497,TRA,TRAV26-1,None,TRAJ27,TRAC,True,True,CIAYNTNAGKSTF,TGCATCGCCTATAACACCAATGCAGGCAAATCAACCTTT,1008,1,clonotype3383,clonotype3383_consensus_2
TGACTTTTCTTCGGTC-1,True,TGACTTTTCTTCGGTC-1_contig_1,True,512,TRB,TRBV20-1,None,TRBJ2-5,TRBC2,True,True,CSASRRETQYF,TGCAGTGCTTCTAGGAGGGAGACCCAGTACTTC,1163,11,clonotype3384,clonotype3384_consensus_1
TGACTTTTCTTCGGTC-1,True,TGACTTTTCTTCGGTC-1_contig_2,True,315,TRB,None,None,TRBJ1-3,TRBC1,False,False,None,None,659,4,clonotype3384,None
TGAGAGGAGAGATGAG-1,True,TGAGAGGAGAGATGAG-1_contig_1,True,505,TRA,TRAV1-2,None,TRAJ33,TRAC,True,True,CAATDSNYQLIW,TGTGCTGCGACTGATAGCAACTATCAGTTAATCTGG,517,2,clonotype1,clonotype1_consensus_2
TGAGAGGAGAGATGAG-1,True,TGAGAGGAGAGATGAG-1_contig_2,True,492,TRB,TRBV20-1,None,TRBJ2-1,TRBC2,True,True,CSARVGSEVNEQFF,TGCAGTGCTAGAGTGGGGTCGGAAGTCAATGAGCAGTTCTTC,1114,7,clonotype1,clonotype1_consensus_1
TGAGAGGAGAGATGAG-1,True,TGAGAGGAGAGATGAG-1_contig_3,True,482,TRA,TRAV10,None,TRAJ24,TRAC,True,False,None,None,447,2,clonotype1,None
TGAGAGGAGATGTTAG-1,True,TGAGAGGAGATGTTAG-1_contig_1,True,514,TRA,TRAV29/DV5,None,TRAJ13,TRAC,True,True,CAARVRGGYQKVTF,TGTGCAGCAAGGGTGAGGGGGGGTTACCAGAAAGTTACCTTT,564,3,clonotype348,clonotype348_consensus_2
TGAGAGGAGATGTTAG-1,True,TGAGAGGAGATGTTAG-1_contig_2,True,521,TRB,TRBV20-1,None,TRBJ1-1,TRBC1,True,True,CSVPGGGIKTEAFF,TGCAGTGTCCCGGGGGGAGGGATTAAGACTGAAGCTTTCTTT,197,2,clonotype348,clonotype348_consensus_1
TGAGAGGAGATTACCC-1,True,TGAGAGGAGATTACCC-1_contig_1,True,523,TRA,TRAV14/DV4,None,TRAJ27,TRAC,True,True,CAMRELTNAGKSTF,TGTGCAATGAGAGAGCTCACCAATGCAGGCAAATCAACCTTT,568,4,clonotype142,clonotype142_consensus_1
TGAGAGGAGATTACCC-1,True,TGAGAGGAGATTACCC-1_contig_2,True,524,TRB,TRBV20-1,None,TRBJ2-7,TRBC2,True,True,CSALSGTQISYEQYF,TGCAGTGCTCTCTCCGGGACTCAAATATCCTACGAGCAGTACTTC,2504,20,clonotype142,clonotype142_consensus_2
TGAGAGGAGCTAAACA-1,True,TGAGAGGAGCTAAACA-1_contig_1,True,505,TRA,TRAV1-2,None,TRAJ33,TRAC,True,True,CAATDSNYQLIW,TGTGCTGCGACTGATAGCAACTATCAGTTAATCTGG,555,2,clonotype1,clonotype1_consensus_2
TGAGAGGAGCTAAACA-1,True,TGAGAGGAGCTAAACA-1_contig_2,True,498,TRB,TRBV20-1,None,TRBJ2-1,TRBC2,True,True,CSARVGSEVNEQFF,TGCAGTGCTAGAGTGGGGTCGGAAGTCAATGAGCAGTTCTTC,1246,9,clonotype1,clonotype1_consensus_1
TGAGAGGAGCTAAACA-1,True,TGAGAGGAGCTAAACA-1_contig_3,True,482,TRA,TRAV10,None,TRAJ24,TRAC,True,False,None,None,266,3,clonotype1,None
TGAGAGGAGCTTCGCG-1,True,TGAGAGGAGCTTCGCG-1_contig_1,True,521,TRB,TRBV20-1,None,TRBJ1-1,TRBC1,True,True,CSARARRLNTEAFF,TGCAGTGCTAGAGCAAGACGGCTGAACACTGAAGCTTTCTTT,375,4,clonotype3385,clonotype3385_consensus_1
TGAGAGGAGCTTTGGT-1,True,TGAGAGGAGCTTTGGT-1_contig_1,True,502,TRA,TRAV1-2,None,TRAJ30,TRAC,True,True,CAVRDLREIIF,TGTGCTGTGAGAGATCTTCGGGAGATCATCTTT,140,3,clonotype3,clonotype3_consensus_2
TGAGAGGAGCTTTGGT-1,True,TGAGAGGAGCTTTGGT-1_contig_2,True,522,TRB,TRBV5-5,None,TRBJ1-4,TRBC1,True,True,CASSHPGPNYATNEKLFF,TGTGCCAGCAGCCATCCCGGACCGAACTACGCAACTAATGAAAAACTGTTTTTT,282,1,clonotype3,clonotype3_consensus_1
TGAGAGGAGCTTTGGT-1,True,TGAGAGGAGCTTTGGT-1_contig_3,True,510,TRB,TRBV7-3,None,TRBJ2-1,TRBC2,True,False,CQQRSLKAGGPYNEQFF,TGCCAGCAGCGGTCACTTAAAGCGGGGGGACCCTACAATGAGCAGTTCTTC,539,3,clonotype3,None
TGAGAGGAGGGAAACA-1,True,TGAGAGGAGGGAAACA-1_contig_1,True,505,TRA,TRAV1-2,None,TRAJ33,TRAC,True,True,CAATDSNYQLIW,TGTGCTGCGACTGATAGCAACTATCAGTTAATCTGG,60,4,clonotype1,clonotype1_consensus_2
TGAGAGGAGGGAAACA-1,True,TGAGAGGAGGGAAACA-1_contig_2,True,521,TRB,TRBV20-1,None,TRBJ2-1,TRBC2,True,True,CSARVGSEVNEQFF,TGCAGTGCTAGAGTGGGGTCGGAAGTCAATGAGCAGTTCTTC,1160,7,clonotype1,clonotype1_consensus_1
TGAGAGGAGGGAAACA-1,True,TGAGAGGAGGGAAACA-1_contig_3,True,459,TRA,TRAV10,None,TRAJ24,TRAC,True,False,None,None,83,2,clonotype1,None
TGAGAGGCAAATACAG-1,True,TGAGAGGCAAATACAG-1_contig_1,True,526,TRA,TRAV14/DV4,None,TRAJ4,TRAC,True,True,CAMRPFSGGYNKLIF,TGTGCAATGAGACCTTTTTCTGGTGGCTACAATAAGCTGATTTTT,882,5,clonotype3386,clonotype3386_consensus_1
TGAGAGGCAAATACAG-1,True,TGAGAGGCAAATACAG-1_contig_2,True,521,TRB,TRBV20-1,None,TRBJ1-2,TRBC1,True,True,CSAGSGQGTYGYTF,TGCAGTGCAGGTTCCGGACAGGGGACATATGGCTACACCTTC,2186,10,clonotype3386,clonotype3386_consensus_2
TGAGAGGCAAATACAG-1,True,TGAGAGGCAAATACAG-1_contig_3,True,314,TRB,None,None,TRBJ2-1,TRBC2,False,False,None,None,872,4,clonotype3386,None
TGAGAGGCAAATACAG-1,True,TGAGAGGCAAATACAG-1_contig_4,True,349,TRA,TRAV1-2,None,None,TRAC,False,False,None,None,3411,2,clonotype3386,None
TGAGAGGCAACTTGAC-1,True,TGAGAGGCAACTTGAC-1_contig_1,True,502,TRA,TRAV1-2,None,TRAJ30,TRAC,True,True,CAVRDLREIIF,TGTGCTGTGAGAGATCTTCGGGAGATCATCTTT,618,3,clonotype3,clonotype3_consensus_2
TGAGAGGCAACTTGAC-1,True,TGAGAGGCAACTTGAC-1_contig_2,True,668,TRB,TRBV5-5,None,TRBJ1-4,TRBC1,True,True,CASSHPGPNYATNEKLFF,TGTGCCAGCAGCCATCCCGGACCGAACTACGCAACTAATGAAAAACTGTTTTTT,1549,6,clonotype3,clonotype3_consensus_1
TGAGAGGCAAGGTGTG-1,True,TGAGAGGCAAGGTGTG-1_contig_1,True,577,TRA,TRAV17,None,TRAJ31,TRAC,True,True,CATDVNARLMF,TGTGCTACGGACGTCAATGCCAGACTCATGTTT,601,5,clonotype3387,clonotype3387_consensus_1
TGAGAGGCAAGGTGTG-1,True,TGAGAGGCAAGGTGTG-1_contig_2,True,495,TRB,TRBV20-1,None,TRBJ1-1,TRBC1,True,True,CSARGQGFTEAFF,TGCAGTGCTAGAGGGCAGGGGTTTACTGAAGCTTTCTTT,1807,9,clonotype3387,clonotype3387_consensus_2
TGAGAGGCAATCACAC-1,True,TGAGAGGCAATCACAC-1_contig_1,True,473,TRB,TRBV20-1,None,TRBJ2-7,TRBC2,True,True,CSARDRGGLYEQYF,TGCAGTGCTAGAGATCGGGGCGGACTTTACGAGCAGTACTTC,2895,12,clonotype3388,clonotype3388_consensus_1
TGAGAGGCAATCACAC-1,True,TGAGAGGCAATCACAC-1_contig_2,True,501,Multi,TRDV1,None,TRAJ49,TRAC,True,False,CALGDQTGNQFYF,TGTGCTCTTGGGGACCAGACCGGTAACCAGTTCTATTTT,760,5,clonotype3388,None
TGAGAGGCAGTAAGCG-1,True,TGAGAGGCAGTAAGCG-1_contig_1,True,505,TRA,TRAV1-2,None,TRAJ33,TRAC,True,True,CAATDSNYQLIW,TGTGCTGCGACTGATAGCAACTATCAGTTAATCTGG,938,3,clonotype1,clonotype1_consensus_2
TGAGAGGCAGTAAGCG-1,True,TGAGAGGCAGTAAGCG-1_contig_2,True,485,TRB,TRBV20-1,None,TRBJ2-1,TRBC2,True,True,CSARVGSEVNEQFF,TGCAGTGCTAGAGTGGGGTCGGAAGTCAATGAGCAGTTCTTC,4335,6,clonotype1,clonotype1_consensus_1
TGAGAGGCAGTAAGCG-1,True,TGAGAGGCAGTAAGCG-1_contig_3,True,482,TRA,TRAV10,None,TRAJ24,TRAC,True,False,None,None,370,3,clonotype1,None
TGAGAGGCAGTCCTTC-1,True,TGAGAGGCAGTCCTTC-1_contig_1,True,505,TRA,TRAV1-2,None,TRAJ33,TRAC,True,True,CAATDSNYQLIW,TGTGCTGCGACTGATAGCAACTATCAGTTAATCTGG,261,1,clonotype1,clonotype1_consensus_2
TGAGAGGCAGTCCTTC-1,True,TGAGAGGCAGTCCTTC-1_contig_2,True,521,TRB,TRBV20-1,None,TRBJ2-1,TRBC2,True,True,CSARVGSEVNEQFF,TGCAGTGCTAGAGTGGGGTCGGAAGTCAATGAGCAGTTCTTC,287,5,clonotype1,clonotype1_consensus_1
TGAGAGGCAGTCCTTC-1,True,TGAGAGGCAGTCCTTC-1_contig_3,True,482,TRA,TRAV10,None,TRAJ24,TRAC,True,False,None,None,242,1,clonotype1,None
TGAGAGGGTACAGTGG-1,True,TGAGAGGGTACAGTGG-1_contig_1,True,511,TRA,TRAV20,None,TRAJ39,TRAC,True,True,CAVQGGRNAGNMLTF,TGTGCTGTGCAGGGGGGAAGAAATGCAGGCAACATGCTCACCTTT,869,2,clonotype3389,clonotype3389_consensus_1
TGAGAGGGTACAGTGG-1,True,TGAGAGGGTACAGTGG-1_contig_2,True,675,TRB,TRBV5-6,None,TRBJ2-5,TRBC2,True,True,CASSLGTGGAETQYF,TGTGCCAGCAGCCTAGGGACAGGGGGTGCGGAGACCCAGTACTTC,1796,10,clonotype3389,clonotype3389_consensus_2
TGAGAGGGTACAGTGG-1,True,TGAGAGGGTACAGTGG-1_contig_3,True,309,TRB,None,None,TRBJ1-3,TRBC1,False,False,None,None,460,9,clonotype3389,None
TGAGAGGGTACAGTGG-1,True,TGAGAGGGTACAGTGG-1_contig_4,True,516,TRA,TRAV14/DV4,None,TRAJ49,TRAC,True,False,CNEGKGNQFYF,TGCAATGAGGGGAAGGGTAACCAGTTCTATTTT,111,1,clonotype3389,None
TGAGAGGGTATATCCG-1,True,TGAGAGGGTATATCCG-1_contig_1,True,530,TRB,TRBV20-1,None,TRBJ1-2,TRBC1,True,True,CSAREGLLLPSNYGYTF,TGCAGTGCTAGGGAGGGACTCCTCCTACCCTCTAACTATGGCTACACCTTC,1002,5,clonotype3390,clonotype3390_consensus_1
TGAGAGGGTATATCCG-1,True,TGAGAGGGTATATCCG-1_contig_2,True,612,TRA,TRAV3,None,TRAJ31,TRAC,True,True,CAVNVNNARLMF,TGTGCTGTGAATGTAAACAATGCCAGACTCATGTTT,574,3,clonotype3390,clonotype3390_consensus_2
TGAGAGGGTCTCAACA-1,True,TGAGAGGGTCTCAACA-1_contig_1,True,502,TRA,TRAV1-2,None,TRAJ33,TRAC,True,True,CAATDSNYQLIW,TGTGCTGCGACTGATAGCAACTATCAGTTAATCTGG,69,2,clonotype1,clonotype1_consensus_2
TGAGAGGGTCTCAACA-1,True,TGAGAGGGTCTCAACA-1_contig_2,True,498,TRB,TRBV20-1,None,TRBJ2-1,TRBC2,True,True,CSARVGSEVNEQFF,TGCAGTGCTAGAGTGGGGTCGGAAGTCAATGAGCAGTTCTTC,1270,6,clonotype1,clonotype1_consensus_1
TGAGAGGGTCTCAACA-1,True,TGAGAGGGTCTCAACA-1_contig_3,True,482,TRA,TRAV10,None,TRAJ24,TRAC,True,False,None,None,547,2,clonotype1,None
TGAGAGGGTTGGGACA-1,True,TGAGAGGGTTGGGACA-1_contig_1,True,495,TRB,TRBV5-5,None,TRBJ1-3,TRBC1,True,True,CASSIPGAGNTIYF,TGTGCCAGCAGCATACCCGGGGCGGGAAACACCATATATTTT,479,2,clonotype3391,clonotype3391_consensus_2
TGAGAGGGTTGGGACA-1,True,TGAGAGGGTTGGGACA-1_contig_2,True,545,TRA,TRAV16,None,TRAJ54,TRAC,True,True,CALGQGAQKLVF,TGTGCCTTGGGGCAGGGAGCCCAGAAGCTGGTATTT,2983,15,clonotype3391,clonotype3391_consensus_1
TGAGAGGGTTGGGACA-1,True,TGAGAGGGTTGGGACA-1_contig_3,True,501,TRB,TRBV24-1,None,TRBJ1-1,TRBC1,True,False,None,None,881,2,clonotype3391,None
TGAGAGGGTTGGGACA-1,True,TGAGAGGGTTGGGACA-1_contig_4,True,601,TRB,None,None,TRBJ1-6,TRBC1,False,False,None,None,787,6,clonotype3391,None
TGAGAGGTCACCCGAG-1,True,TGAGAGGTCACCCGAG-1_contig_1,True,663,TRB,TRBV5-6,None,TRBJ2-7,TRBC2,True,True,CASSLAKEQYF,TGTGCCAGCAGCTTGGCAAAGGAGCAGTACTTC,705,5,clonotype16,clonotype16_consensus_1
TGAGAGGTCAGTTTGG-1,True,TGAGAGGTCAGTTTGG-1_contig_1,True,506,TRB,TRBV5-5,None,TRBJ1-1,TRBC1,True,True,CASSLESKSSTEAFF,TGTGCCAGCAGCTTGGAGAGTAAATCGAGCACTGAAGCTTTCTTT,1796,9,clonotype3392,clonotype3392_consensus_1
TGAGAGGTCGCCAGCA-1,True,TGAGAGGTCGCCAGCA-1_contig_1,True,505,TRA,TRAV1-2,None,TRAJ33,TRAC,True,True,CAATDSNYQLIW,TGTGCTGCGACTGATAGCAACTATCAGTTAATCTGG,279,1,clonotype1,clonotype1_consensus_2
TGAGAGGTCGCCAGCA-1,True,TGAGAGGTCGCCAGCA-1_contig_2,True,521,TRB,TRBV20-1,None,TRBJ2-1,TRBC2,True,True,CSARVGSEVNEQFF,TGCAGTGCTAGAGTGGGGTCGGAAGTCAATGAGCAGTTCTTC,1242,5,clonotype1,clonotype1_consensus_1
TGAGAGGTCGCCAGCA-1,True,TGAGAGGTCGCCAGCA-1_contig_3,True,478,TRA,TRAV10,None,TRAJ24,TRAC,True,False,None,None,261,3,clonotype1,None
TGAGCATAGACTAGAT-1,True,TGAGCATAGACTAGAT-1_contig_1,True,508,TRA,TRAV23/DV6,None,TRAJ35,TRAC,True,True,CAEREGFGNVLHC,TGTGCAGAAAGGGAGGGCTTTGGGAATGTGCTGCATTGC,529,5,clonotype3393,clonotype3393_consensus_1
TGAGCATAGACTAGAT-1,True,TGAGCATAGACTAGAT-1_contig_2,True,665,TRB,TRBV5-6,None,TRBJ1-3,TRBC1,True,True,CASSLTGTGNTIYF,TGTGCCAGCAGCTTGACTGGTACTGGAAACACCATATATTTT,227,2,clonotype3393,clonotype3393_consensus_2
TGAGCATAGACTAGAT-1,True,TGAGCATAGACTAGAT-1_contig_3,True,485,TRB,TRBV15,None,TRBJ2-1,TRBC2,True,False,CVPPAAPNGGSYNEQFF,TGTGTGCCACCAGCAGCTCCTAACGGGGGTTCCTACAATGAGCAGTTCTTC,721,2,clonotype3393,None
TGAGCATAGGTCATCT-1,True,TGAGCATAGGTCATCT-1_contig_1,True,662,TRB,TRBV5-6,None,TRBJ1-6,TRBC1,True,True,CASSIRRGMSSPLHF,TGTGCCAGCAGCATAAGACGAGGGATGAGTTCACCCCTCCACTTT,902,4,clonotype3394,clonotype3394_consensus_1
TGAGCATAGGTGTGGT-1,True,TGAGCATAGGTGTGGT-1_contig_1,True,521,TRB,TRBV20-1,None,TRBJ1-4,TRBC1,True,True,CSAPPETGNEKLFF,TGCAGTGCTCCCCCCGAGACCGGTAATGAAAAACTGTTTTTT,2410,10,clonotype3395,clonotype3395_consensus_1
TGAGCATAGGTGTGGT-1,True,TGAGCATAGGTGTGGT-1_contig_2,True,544,TRA,TRAV12-2,None,TRAJ41,TRAC,True,True,CAVNRNSGYALNF,TGTGCCGTGAACAGGAATTCCGGGTATGCACTCAACTTC,445,4,clonotype3395,clonotype3395_consensus_2
TGAGCATAGGTGTGGT-1,True,TGAGCATAGGTGTGGT-1_contig_3,True,452,TRA,TRAV2,None,TRAJ35,TRAC,True,False,CCLLLCCPIIGFGNVLHC,TGCTGTTTACTACTGTGCTGCCCCATCATAGGCTTTGGGAATGTGCTGCATTGC,650,3,clonotype3395,None
TGAGCATAGTGCGTGA-1,True,TGAGCATAGTGCGTGA-1_contig_1,True,521,TRB,TRBV20-1,None,TRBJ1-2,TRBC1,True,True,CSASPDLGNYGYTF,TGCAGTGCTTCTCCTGACCTGGGGAACTATGGCTACACCTTC,2568,12,clonotype3396,clonotype3396_consensus_2
TGAGCATAGTGCGTGA-1,True,TGAGCATAGTGCGTGA-1_contig_2,True,515,TRA,TRAV17,None,TRAJ9,TRAC,True,True,CARAPTGGFKTIF,TGTGCTCGGGCCCCTACTGGAGGCTTCAAAACTATCTTT,844,2,clonotype3396,clonotype3396_consensus_1
TGAGCATCAAGTTCTG-1,True,TGAGCATCAAGTTCTG-1_contig_1,True,521,TRB,TRBV20-1,None,TRBJ2-1,TRBC2,True,True,CSARWLAGVREQFF,TGCAGTGCTAGATGGCTAGCGGGGGTCCGTGAGCAGTTCTTC,4603,7,clonotype121,clonotype121_consensus_2
TGAGCATCAAGTTCTG-1,True,TGAGCATCAAGTTCTG-1_contig_2,True,519,TRA,TRAV22,None,TRAJ9,TRAC,True,True,CAVEGTGGFKTIF,TGTGCTGTGGAAGGTACTGGAGGCTTCAAAACTATCTTT,47,2,clonotype121,clonotype121_consensus_1
TGAGCATCAAGTTCTG-1,True,TGAGCATCAAGTTCTG-1_contig_3,True,410,TRA,TRAV8-6,None,None,TRAC,False,False,None,None,79,3,clonotype121,None
TGAGCATCAAGTTCTG-1,True,TGAGCATCAAGTTCTG-1_contig_4,True,375,TRB,None,None,TRBJ1-1,TRBC1,False,False,None,None,354,3,clonotype121,None
TGAGCATCACACCGAC-1,True,TGAGCATCACACCGAC-1_contig_1,True,656,TRB,TRBV5-6,None,TRBJ1-6,TRBC1,True,True,CASSFQEWNSPLHF,TGTGCCAGCAGCTTCCAGGAGTGGAATTCACCCCTCCACTTT,2441,14,clonotype263,clonotype263_consensus_1
TGAGCATCAGTTTACG-1,True,TGAGCATCAGTTTACG-1_contig_1,True,493,TRB,TRBV5-6,None,TRBJ2-1,TRBC2,True,True,CASSPGTGGYNEQFF,TGTGCCAGCAGCCCCGGGACAGGGGGCTACAATGAGCAGTTCTTC,2036,7,clonotype3397,clonotype3397_consensus_1
TGAGCATCATACCATG-1,True,TGAGCATCATACCATG-1_contig_1,True,527,TRB,TRBV20-1,None,TRBJ1-2,TRBC1,True,True,CSARDGGALANYGYTF,TGCAGTGCTAGAGATGGGGGGGCCCTAGCTAACTATGGCTACACCTTC,2852,11,clonotype3398,clonotype3398_consensus_1
TGAGCATCATACCATG-1,True,TGAGCATCATACCATG-1_contig_2,True,527,TRA,TRAV27,None,TRAJ27,TRAC,True,True,CAGAGTNAGKSTF,TGTGCAGGAGCGGGCACCAATGCAGGCAAATCAACCTTT,704,6,clonotype3398,clonotype3398_consensus_2
TGAGCATGTACGACCC-1,True,TGAGCATGTACGACCC-1_contig_1,True,521,TRB,TRBV20-1,None,TRBJ2-1,TRBC2,True,True,CSARVGSEVNEQFF,TGCAGTGCTAGAGTGGGGTCGGAAGTCAATGAGCAGTTCTTC,4076,14,clonotype2,clonotype2_consensus_1
TGAGCATGTAGTGAAT-1,True,TGAGCATGTAGTGAAT-1_contig_1,True,521,TRB,TRBV20-1,None,TRBJ2-1,TRBC2,True,True,CSARVGSEVNEQFF,TGCAGTGCTAGAGTGGGGTCGGAAGTCAATGAGCAGTTCTTC,1141,6,clonotype2,clonotype2_consensus_1
TGAGCATGTCCGACGT-1,True,TGAGCATGTCCGACGT-1_contig_1,True,505,TRA,TRAV1-2,None,TRAJ33,TRAC,True,True,CAATDSNYQLIW,TGTGCTGCGACTGATAGCAACTATCAGTTAATCTGG,617,3,clonotype1,clonotype1_consensus_2
TGAGCATGTCCGACGT-1,True,TGAGCATGTCCGACGT-1_contig_2,True,521,TRB,TRBV20-1,None,TRBJ2-1,TRBC2,True,True,CSARVGSEVNEQFF,TGCAGTGCTAGAGTGGGGTCGGAAGTCAATGAGCAGTTCTTC,952,5,clonotype1,clonotype1_consensus_1
TGAGCATGTCCGACGT-1,True,TGAGCATGTCCGACGT-1_contig_3,True,467,TRA,TRAV10,None,TRAJ24,TRAC,True,False,None,None,803,4,clonotype1,None
TGAGCATGTCTGCCAG-1,True,TGAGCATGTCTGCCAG-1_contig_1,True,505,TRA,TRAV1-2,None,TRAJ33,TRAC,True,True,CAATDSNYQLIW,TGTGCTGCGACTGATAGCAACTATCAGTTAATCTGG,277,3,clonotype1,clonotype1_consensus_2
TGAGCATGTCTGCCAG-1,True,TGAGCATGTCTGCCAG-1_contig_2,True,521,TRB,TRBV20-1,None,TRBJ2-1,TRBC2,True,True,CSARVGSEVNEQFF,TGCAGTGCTAGAGTGGGGTCGGAAGTCAATGAGCAGTTCTTC,1489,9,clonotype1,clonotype1_consensus_1
TGAGCATTCACAGGCC-1,True,TGAGCATTCACAGGCC-1_contig_1,True,467,TRB,TRBV20-1,None,TRBJ2-1,TRBC2,True,True,CSASGTTNEQFF,TGCAGTGCTAGTGGGACAACCAATGAGCAGTTCTTC,1365,5,clonotype243,clonotype243_consensus_1
TGAGCATTCACAGGCC-1,True,TGAGCATTCACAGGCC-1_contig_2,True,462,TRA,TRAV13-1,None,TRAJ33,TRAC,True,True,CAASRLDSNYQLIW,TGTGCAGCAAGTCGATTGGATAGCAACTATCAGTTAATCTGG,760,4,clonotype243,clonotype243_consensus_2
TGAGCATTCCCATTTA-1,True,TGAGCATTCCCATTTA-1_contig_1,True,574,TRA,TRAV29/DV5,None,TRAJ41,TRAC,True,True,CAASRDSNSGYALNF,TGTGCAGCAAGCAGGGACTCAAATTCCGGGTATGCACTCAACTTC,728,6,clonotype3399,clonotype3399_consensus_1
TGAGCATTCCCATTTA-1,True,TGAGCATTCCCATTTA-1_contig_2,True,533,TRB,TRBV20-1,None,TRBJ1-5,TRBC1,True,True,CSARGSPWGGGLNQPQHF,TGCAGTGCTAGAGGGAGCCCGTGGGGAGGTGGGCTTAATCAGCCCCAGCATTTT,1977,9,clonotype3399,clonotype3399_consensus_2
TGAGCATTCCTGCAGG-1,True,TGAGCATTCCTGCAGG-1_contig_1,True,547,TRA,TRAV12-2,None,TRAJ23,TRAC,True,True,CAGTFYNQGGKLIF,TGTGCCGGTACTTTTTATAACCAGGGAGGAAAGCTTATCTTC,463,3,clonotype3400,clonotype3400_consensus_2
TGAGCATTCCTGCAGG-1,True,TGAGCATTCCTGCAGG-1_contig_2,True,515,TRB,TRBV20-1,None,TRBJ1-5,TRBC1,True,True,CSAIGTEGSQPQHF,TGCAGTGCTATAGGGACCGAGGGGTCCCAGCCCCAGCATTTT,2384,13,clonotype3400,clonotype3400_consensus_1
TGAGCATTCGGAAATA-1,True,TGAGCATTCGGAAATA-1_contig_1,True,508,TRA,TRAV20,None,TRAJ56,TRAC,True,True,CAVQDLRANSKLTF,TGTGCTGTGCAGGACCTGCGAGCCAATAGTAAGCTGACATTT,2181,7,clonotype3401,clonotype3401_consensus_1
TGAGCATTCGGAAATA-1,True,TGAGCATTCGGAAATA-1_contig_2,True,659,TRB,TRBV5-6,None,TRBJ2-3,TRBC2,True,True,CASSFAVTDTQYF,TGTGCCAGCAGCTTCGCAGTTACAGATACGCAGTATTTT,3282,15,clonotype3401,clonotype3401_consensus_2
TGAGCATTCGGCATCG-1,True,TGAGCATTCGGCATCG-1_contig_1,True,505,TRA,TRAV1-2,None,TRAJ33,TRAC,True,True,CAATDSNYQLIW,TGTGCTGCGACTGATAGCAACTATCAGTTAATCTGG,96,2,clonotype1,clonotype1_consensus_2
TGAGCATTCGGCATCG-1,True,TGAGCATTCGGCATCG-1_contig_2,True,485,TRB,TRBV20-1,None,TRBJ2-1,TRBC2,True,True,CSARVGSEVNEQFF,TGCAGTGCTAGAGTGGGGTCGGAAGTCAATGAGCAGTTCTTC,2314,7,clonotype1,clonotype1_consensus_1
TGAGCATTCGGCATCG-1,True,TGAGCATTCGGCATCG-1_contig_3,True,465,TRA,TRAV10,None,TRAJ24,TRAC,True,False,None,None,1093,1,clonotype1,None
TGAGCATTCTGTCTAT-1,True,TGAGCATTCTGTCTAT-1_contig_1,True,503,TRB,TRBV20-1,None,TRBJ2-3,TRBC2,True,True,CSASPQMGLGTDTQYF,TGCAGTGCTAGTCCTCAAATGGGGTTGGGGACAGATACGCAGTATTTT,778,4,clonotype3402,clonotype3402_consensus_2
TGAGCATTCTGTCTAT-1,True,TGAGCATTCTGTCTAT-1_contig_2,True,621,TRA,TRAV3,None,TRAJ29,TRAC,True,True,CAVRDVNSGNTPLVF,TGTGCTGTGAGAGACGTGAATTCAGGAAACACACCTCTTGTCTTT,635,6,clonotype3402,clonotype3402_consensus_1
TGAGCCGAGAAGGGTA-1,True,TGAGCCGAGAAGGGTA-1_contig_1,True,521,TRB,TRBV20-1,None,TRBJ1-2,TRBC1,True,True,CSASTSSGGYGYTF,TGCAGTGCTAGCACCTCGTCGGGGGGCTATGGCTACACCTTC,1172,5,clonotype3403,clonotype3403_consensus_1
TGAGCCGAGACGCTTT-1,True,TGAGCCGAGACGCTTT-1_contig_1,True,504,TRB,TRBV20-1,None,TRBJ1-2,TRBC1,True,True,CSARDPFGGEDYGYTF,TGCAGTGCTAGAGATCCTTTTGGCGGGGAAGACTATGGCTACACCTTC,1817,10,clonotype3404,clonotype3404_consensus_2
TGAGCCGAGACGCTTT-1,True,TGAGCCGAGACGCTTT-1_contig_2,True,505,TRA,TRAV23/DV6,None,TRAJ58,TRAC,True,True,CAASWSGSRLTF,TGTGCAGCAAGCTGGAGTGGCTCTAGGTTGACCTTT,268,1,clonotype3404,clonotype3404_consensus_1
TGAGCCGAGATGCGAC-1,True,TGAGCCGAGATGCGAC-1_contig_1,True,505,TRA,TRAV1-2,None,TRAJ33,TRAC,True,True,CAATDSNYQLIW,TGTGCTGCGACTGATAGCAACTATCAGTTAATCTGG,82,3,clonotype1,clonotype1_consensus_2
TGAGCCGAGATGCGAC-1,True,TGAGCCGAGATGCGAC-1_contig_2,True,521,TRB,TRBV20-1,None,TRBJ2-1,TRBC2,True,True,CSARVGSEVNEQFF,TGCAGTGCTAGAGTGGGGTCGGAAGTCAATGAGCAGTTCTTC,1444,7,clonotype1,clonotype1_consensus_1
TGAGCCGAGCATGGCA-1,True,TGAGCCGAGCATGGCA-1_contig_1,True,518,TRB,TRBV20-1,None,TRBJ1-2,TRBC1,True,True,CSAKGQTNYGYTF,TGCAGTGCTAAAGGACAGACAAACTATGGCTACACCTTC,2341,9,clonotype3405,clonotype3405_consensus_2
TGAGCCGAGCATGGCA-1,True,TGAGCCGAGCATGGCA-1_contig_2,True,565,TRA,TRAV29/DV5,None,TRAJ37,TRAC,True,True,CVGESNTGKLIF,TGTGTGGGAGAAAGCAACACAGGCAAACTAATCTTT,621,3,clonotype3405,clonotype3405_consensus_1
TGAGCCGAGCATGGCA-1,True,TGAGCCGAGCATGGCA-1_contig_3,True,605,TRA,None,None,TRAJ38,None,False,False,None,None,38,1,clonotype3405,None
TGAGCCGAGGACGAAA-1,True,TGAGCCGAGGACGAAA-1_contig_1,True,505,TRA,TRAV1-2,None,TRAJ33,TRAC,True,True,CAATDSNYQLIW,TGTGCTGCGACTGATAGCAACTATCAGTTAATCTGG,544,3,clonotype1,clonotype1_consensus_2
TGAGCCGAGGACGAAA-1,True,TGAGCCGAGGACGAAA-1_contig_2,True,514,TRB,TRBV20-1,None,TRBJ2-1,TRBC2,True,True,CSARVGSEVNEQFF,TGCAGTGCTAGAGTGGGGTCGGAAGTCAATGAGCAGTTCTTC,484,4,clonotype1,clonotype1_consensus_1
TGAGCCGAGGATGGTC-1,True,TGAGCCGAGGATGGTC-1_contig_1,True,505,TRA,TRAV1-2,None,TRAJ33,TRAC,True,True,CAATDSNYQLIW,TGTGCTGCGACTGATAGCAACTATCAGTTAATCTGG,305,3,clonotype1,clonotype1_consensus_2
TGAGCCGAGGATGGTC-1,True,TGAGCCGAGGATGGTC-1_contig_2,True,521,TRB,TRBV20-1,None,TRBJ2-1,TRBC2,True,True,CSARVGSEVNEQFF,TGCAGTGCTAGAGTGGGGTCGGAAGTCAATGAGCAGTTCTTC,3071,11,clonotype1,clonotype1_consensus_1
TGAGCCGCAATAAGCA-1,True,TGAGCCGCAATAAGCA-1_contig_1,True,521,TRB,TRBV20-1,None,TRBJ2-1,TRBC2,True,True,CSARVGSEVNEQFF,TGCAGTGCTAGAGTGGGGTCGGAAGTCAATGAGCAGTTCTTC,2372,8,clonotype2,clonotype2_consensus_1
TGAGCCGCAATAAGCA-1,True,TGAGCCGCAATAAGCA-1_contig_2,True,471,TRA,TRAV10,None,TRAJ24,TRAC,True,False,None,None,8411,1,clonotype2,None
TGAGCCGCAATAGAGT-1,True,TGAGCCGCAATAGAGT-1_contig_1,True,527,TRB,TRBV20-1,None,TRBJ2-7,TRBC2,True,True,CSARMGRDSRSYEQYF,TGCAGTGCTAGAATGGGCCGGGACTCTCGCTCCTACGAGCAGTACTTC,1507,7,clonotype3406,clonotype3406_consensus_1
TGAGCCGCAATAGAGT-1,True,TGAGCCGCAATAGAGT-1_contig_2,True,659,TRA,TRAV8-6,None,TRAJ6,TRAC,True,True,CAVSFLGSYIPTF,TGTGCTGTGAGTTTTTTGGGAAGCTACATACCTACATTT,1354,9,clonotype3406,clonotype3406_consensus_2
TGAGCCGCATCGTCGG-1,True,TGAGCCGCATCGTCGG-1_contig_1,True,492,TRB,TRBV20-1,None,TRBJ1-5,TRBC1,True,True,CSAGDRDQPQHF,TGCAGTGCTGGGGACAGGGATCAGCCCCAGCATTTT,1838,7,clonotype3407,clonotype3407_consensus_2
TGAGCCGCATCGTCGG-1,True,TGAGCCGCATCGTCGG-1_contig_2,True,566,TRA,TRAV22,None,TRAJ13,TRAC,True,True,CAVRISGGYQKVTF,TGTGCTGTCCGAATCTCTGGGGGTTACCAGAAAGTTACCTTT,807,3,clonotype3407,clonotype3407_consensus_1
TGAGCCGCATCGTCGG-1,True,TGAGCCGCATCGTCGG-1_contig_3,True,327,TRB,None,None,TRBJ1-2,TRBC1,False,False,None,None,528,3,clonotype3407,None
TGAGCCGCATCGTCGG-1,True,TGAGCCGCATCGTCGG-1_contig_4,True,423,TRA,TRAV8-6,None,None,TRAC,False,False,None,None,9408,1,clonotype3407,None
TGAGCCGCATCGTCGG-1,True,TGAGCCGCATCGTCGG-1_contig_5,True,406,TRA,TRAV8-6,None,None,TRAC,False,False,None,None,116,1,clonotype3407,None
TGAGCCGGTCCGACGT-1,True,TGAGCCGGTCCGACGT-1_contig_1,True,506,TRA,TRAV13-2,None,TRAJ16,TRAC,True,True,CAENMNGQKLLF,TGTGCAGAGAATATGAATGGCCAGAAGCTGCTCTTT,1467,8,clonotype208,clonotype208_consensus_1
TGAGCCGGTCCGACGT-1,True,TGAGCCGGTCCGACGT-1_contig_2,True,635,TRB,TRBV5-5,None,TRBJ1-1,TRBC1,True,True,CASSVSTGNTEAFF,TGTGCCAGCAGCGTCTCGACAGGGAACACTGAAGCTTTCTTT,2755,7,clonotype208,clonotype208_consensus_2
TGAGCCGGTGGTCCGT-1,True,TGAGCCGGTGGTCCGT-1_contig_1,True,518,TRB,TRBV20-1,None,TRBJ2-6,TRBC2,True,True,CSATPSAGNVLTF,TGCAGTGCTACTCCTAGTGCCGGCAACGTCCTGACTTTC,3308,10,clonotype3408,clonotype3408_consensus_1
TGAGCCGGTGGTCCGT-1,True,TGAGCCGGTGGTCCGT-1_contig_2,True,547,TRA,TRAV12-2,None,TRAJ10,TRAC,True,True,CAVKLTGGGNKLTF,TGTGCCGTGAAACTCACGGGAGGAGGAAACAAACTCACCTTT,675,6,clonotype3408,clonotype3408_consensus_2
TGAGCCGGTTCCCTTG-1,True,TGAGCCGGTTCCCTTG-1_contig_1,True,505,TRA,TRAV1-2,None,TRAJ33,TRAC,True,True,CAATDSNYQLIW,TGTGCTGCGACTGATAGCAACTATCAGTTAATCTGG,1234,7,clonotype1,clonotype1_consensus_2
TGAGCCGGTTCCCTTG-1,True,TGAGCCGGTTCCCTTG-1_contig_2,True,518,TRB,TRBV20-1,None,TRBJ2-1,TRBC2,True,True,CSARVGSEVNEQFF,TGCAGTGCTAGAGTGGGGTCGGAAGTCAATGAGCAGTTCTTC,2195,10,clonotype1,clonotype1_consensus_1
TGAGCCGTCACTTCAT-1,True,TGAGCCGTCACTTCAT-1_contig_1,True,615,TRA,TRAV3,None,TRAJ33,TRAC,True,True,CAVRDVLGYQLIW,TGTGCTGTGAGAGACGTCCTAGGCTATCAGTTAATCTGG,378,4,clonotype3409,clonotype3409_consensus_1
TGAGCCGTCACTTCAT-1,True,TGAGCCGTCACTTCAT-1_contig_2,True,680,TRB,TRBV5-6,None,TRBJ1-1,TRBC1,True,True,CASSLGRGGTEAFF,TGTGCCAGCAGCCTTGGAAGGGGGGGCACTGAAGCTTTCTTT,5210,20,clonotype3409,clonotype3409_consensus_2
TGAGCCGTCACTTCAT-1,True,TGAGCCGTCACTTCAT-1_contig_3,True,728,TRA,TRAV8-3,None,TRAJ22,TRAC,True,False,None,None,1784,8,clonotype3409,None
TGAGCCGTCGCAAGCC-1,True,TGAGCCGTCGCAAGCC-1_contig_1,True,577,TRA,TRAV26-1,None,TRAJ39,TRAC,True,True,CIVRVGSSAGNMLTF,TGCATCGTCAGAGTCGGGTCGAGTGCAGGCAACATGCTCACCTTT,196,1,clonotype3410,clonotype3410_consensus_1
TGAGCCGTCGCAAGCC-1,True,TGAGCCGTCGCAAGCC-1_contig_2,True,521,TRB,TRBV20-1,None,TRBJ1-1,TRBC1,True,True,CSAREAKGGAEAFF,TGCAGTGCTAGAGAGGCAAAAGGGGGCGCTGAAGCTTTCTTT,6371,5,clonotype3410,clonotype3410_consensus_2
TGAGCCGTCGCAAGCC-1,True,TGAGCCGTCGCAAGCC-1_contig_3,True,625,TRA,TRAV8-6,None,TRAJ53,TRAC,True,False,None,None,172,2,clonotype3410,None
TGAGCCGTCGCAAGCC-1,True,TGAGCCGTCGCAAGCC-1_contig_4,True,502,TRB,TRBV7-3,None,TRBJ2-7,TRBC2,True,False,None,None,3412,13,clonotype3410,None
TGAGCCGTCTACTATC-1,True,TGAGCCGTCTACTATC-1_contig_1,True,520,TRA,TRAV14/DV4,None,TRAJ20,TRAC,True,True,CAMRGGRDYKLSF,TGTGCAATGAGAGGGGGGAGAGACTACAAGCTCAGCTTT,1531,8,clonotype3411,clonotype3411_consensus_1
TGAGCCGTCTACTATC-1,True,TGAGCCGTCTACTATC-1_contig_2,True,644,TRB,TRBV5-5,None,TRBJ2-5,TRBC2,True,True,CASSPQGPQETQYF,TGTGCCAGCAGCCCACAGGGACCCCAAGAGACCCAGTACTTC,943,8,clonotype3411,clonotype3411_consensus_2
TGAGGGAAGCCCAGCT-1,True,TGAGGGAAGCCCAGCT-1_contig_1,True,505,TRA,TRAV1-2,None,TRAJ33,TRAC,True,True,CAATDSNYQLIW,TGTGCTGCGACTGATAGCAACTATCAGTTAATCTGG,1301,3,clonotype1,clonotype1_consensus_2
TGAGGGAAGCCCAGCT-1,True,TGAGGGAAGCCCAGCT-1_contig_2,True,521,TRB,TRBV20-1,None,TRBJ2-1,TRBC2,True,True,CSARVGSEVNEQFF,TGCAGTGCTAGAGTGGGGTCGGAAGTCAATGAGCAGTTCTTC,2567,17,clonotype1,clonotype1_consensus_1
TGAGGGAAGGCACATG-1,True,TGAGGGAAGGCACATG-1_contig_1,True,665,TRB,TRBV5-6,None,TRBJ1-6,TRBC1,True,True,CASSLVSVGSYNSPLHF,TGTGCCAGCAGCTTGGTCAGCGTGGGCTCCTATAATTCACCCCTCCACTTT,1488,6,clonotype3412,clonotype3412_consensus_1
TGAGGGAAGGCACATG-1,True,TGAGGGAAGGCACATG-1_contig_2,True,425,TRB,None,None,TRBJ2-2P,TRBC2,False,False,None,None,1015,3,clonotype3412,None
TGAGGGAAGGCACATG-1,True,TGAGGGAAGGCACATG-1_contig_3,True,678,TRA,TRAV8-3,None,TRAJ29,TRAC,True,False,None,None,7008,2,clonotype3412,None
TGAGGGAAGGCTAGGT-1,True,TGAGGGAAGGCTAGGT-1_contig_1,True,573,TRA,TRAV8-4,None,TRAJ15,TRAC,True,True,CAVRAWGQAGTALIF,TGTGCTGTGAGGGCCTGGGGCCAGGCAGGAACTGCTCTGATCTTT,268,2,clonotype377,clonotype377_consensus_2
TGAGGGAAGGCTAGGT-1,True,TGAGGGAAGGCTAGGT-1_contig_2,True,490,TRB,TRBV5-6,None,TRBJ2-2,TRBC2,True,True,CASSFSGGTGELFF,TGTGCCAGCAGCTTTTCAGGGGGGACCGGGGAGCTGTTTTTT,1090,4,clonotype377,clonotype377_consensus_1
TGAGGGAAGGGTGTGT-1,True,TGAGGGAAGGGTGTGT-1_contig_1,True,517,TRA,TRAV23/DV6,None,TRAJ37,TRAC,True,True,CAATSGRSSNTGKLIF,TGTGCAGCAACCTCGGGACGCTCTAGCAACACAGGCAAACTAATCTTT,1211,4,clonotype3413,clonotype3413_consensus_1
TGAGGGAAGGGTGTGT-1,True,TGAGGGAAGGGTGTGT-1_contig_2,True,489,TRB,TRBV20-1,None,TRBJ1-1,TRBC1,True,True,CSAGQQREAFF,TGCAGTGCGGGACAGCAAAGGGAAGCTTTCTTT,1284,6,clonotype3413,clonotype3413_consensus_2
TGAGGGAAGTCTCCTC-1,True,TGAGGGAAGTCTCCTC-1_contig_1,True,505,TRA,TRAV1-2,None,TRAJ33,TRAC,True,True,CAATDSNYQLIW,TGTGCTGCGACTGATAGCAACTATCAGTTAATCTGG,1024,6,clonotype1,clonotype1_consensus_2
TGAGGGAAGTCTCCTC-1,True,TGAGGGAAGTCTCCTC-1_contig_2,True,521,TRB,TRBV20-1,None,TRBJ2-1,TRBC2,True,True,CSARVGSEVNEQFF,TGCAGTGCTAGAGTGGGGTCGGAAGTCAATGAGCAGTTCTTC,2511,11,clonotype1,clonotype1_consensus_1
TGAGGGAAGTCTCCTC-1,True,TGAGGGAAGTCTCCTC-1_contig_3,True,482,TRA,TRAV10,None,TRAJ24,TRAC,True,False,None,None,393,2,clonotype1,None
TGAGGGACAAAGAATC-1,True,TGAGGGACAAAGAATC-1_contig_1,True,524,TRB,TRBV20-1,None,TRBJ1-6,TRBC1,True,True,CSARRSGGYNSPLHF,TGCAGTGCAAGACGGAGCGGGGGTTATAATTCACCCCTCCACTTT,2857,9,clonotype336,clonotype336_consensus_1
TGAGGGACAAAGAATC-1,True,TGAGGGACAAAGAATC-1_contig_2,True,501,TRA,TRAV6,None,TRAJ39,TRAC,True,True,CALENAGNMLTF,TGTGCTCTAGAGAATGCAGGCAACATGCTCACCTTT,945,5,clonotype336,clonotype336_consensus_2
TGAGGGACAAGGTTTC-1,True,TGAGGGACAAGGTTTC-1_contig_1,True,518,TRB,TRBV20-1,None,TRBJ1-1,TRBC1,True,True,CSASSRGRREAFF,TGCAGTGCTAGCTCTAGGGGGAGGCGTGAAGCTTTCTTT,2496,8,clonotype3414,clonotype3414_consensus_2
TGAGGGACAAGGTTTC-1,True,TGAGGGACAAGGTTTC-1_contig_2,True,561,TRA,TRAV8-4,None,TRAJ43,TRAC,True,True,CAVSEDNDMRF,TGTGCTGTGAGTGAGGACAATGACATGCGCTTT,602,4,clonotype3414,clonotype3414_consensus_1
TGAGGGACAAGGTTTC-1,True,TGAGGGACAAGGTTTC-1_contig_3,True,315,TRB,None,None,TRBJ1-5,TRBC1,False,False,None,None,220,2,clonotype3414,None
TGAGGGACAGAAGCAC-1,True,TGAGGGACAGAAGCAC-1_contig_1,True,521,TRB,TRBV20-1,None,TRBJ2-5,TRBC2,True,True,CSPLKGGVGETQYF,TGCAGTCCCCTTAAGGGGGGGGTGGGGGAGACCCAGTACTTC,766,6,clonotype3415,clonotype3415_consensus_1
TGAGGGACAGAAGCAC-1,True,TGAGGGACAGAAGCAC-1_contig_2,True,498,TRA,TRAV12-3,None,TRAJ29,TRAC,True,True,CAMSAIGNTPLVF,TGTGCAATGAGCGCTATAGGAAACACACCTCTTGTCTTT,465,6,clonotype3415,clonotype3415_consensus_2
TGAGGGAGTTATGCGT-1,True,TGAGGGAGTTATGCGT-1_contig_1,True,505,TRA,TRAV1-2,None,TRAJ33,TRAC,True,True,CAATDSNYQLIW,TGTGCTGCGACTGATAGCAACTATCAGTTAATCTGG,736,1,clonotype1,clonotype1_consensus_2
TGAGGGAGTTATGCGT-1,True,TGAGGGAGTTATGCGT-1_contig_2,True,505,TRB,TRBV20-1,None,TRBJ2-1,TRBC2,True,True,CSARVGSEVNEQFF,TGCAGTGCTAGAGTGGGGTCGGAAGTCAATGAGCAGTTCTTC,1724,7,clonotype1,clonotype1_consensus_1
TGAGGGAGTTATGCGT-1,True,TGAGGGAGTTATGCGT-1_contig_3,True,467,TRA,TRAV10,None,TRAJ24,TRAC,True,False,None,None,684,1,clonotype1,None
TGAGGGATCACGCATA-1,True,TGAGGGATCACGCATA-1_contig_1,True,527,TRB,TRBV20-1,None,TRBJ2-1,TRBC2,True,True,CSASSTGAISYNEQFF,TGCAGTGCTAGTTCGACAGGGGCCATCTCCTACAATGAGCAGTTCTTC,2104,10,clonotype3416,clonotype3416_consensus_2
TGAGGGATCACGCATA-1,True,TGAGGGATCACGCATA-1_contig_2,True,531,TRA,TRAV17,None,TRAJ22,TRAC,True,True,CAGVSGSARQLTF,TGTGCTGGGGTTTCTGGTTCTGCAAGGCAACTGACCTTT,212,4,clonotype3416,clonotype3416_consensus_1
TGAGGGATCCTGCAGG-1,True,TGAGGGATCCTGCAGG-1_contig_1,True,495,TRA,TRAV12-3,None,TRAJ20,TRAC,True,True,CAMKGRDYKLSF,TGTGCAATGAAGGGGAGGGACTACAAGCTCAGCTTT,425,4,clonotype3417,clonotype3417_consensus_2
TGAGGGATCCTGCAGG-1,True,TGAGGGATCCTGCAGG-1_contig_2,True,676,TRB,TRBV5-5,None,TRBJ2-7,TRBC2,True,True,CASIAGYEQYF,TGTGCCAGTATCGCAGGTTACGAGCAGTACTTC,305,3,clonotype3417,clonotype3417_consensus_1
TGAGGGATCCTTTCGG-1,True,TGAGGGATCCTTTCGG-1_contig_1,True,505,TRA,TRAV1-2,None,TRAJ33,TRAC,True,True,CAATDSNYQLIW,TGTGCTGCGACTGATAGCAACTATCAGTTAATCTGG,136,2,clonotype1,clonotype1_consensus_2
TGAGGGATCCTTTCGG-1,True,TGAGGGATCCTTTCGG-1_contig_2,True,498,TRB,TRBV20-1,None,TRBJ2-1,TRBC2,True,True,CSARVGSEVNEQFF,TGCAGTGCTAGAGTGGGGTCGGAAGTCAATGAGCAGTTCTTC,2192,6,clonotype1,clonotype1_consensus_1
TGAGGGATCCTTTCGG-1,True,TGAGGGATCCTTTCGG-1_contig_3,True,482,TRA,TRAV10,None,TRAJ24,TRAC,True,False,None,None,209,2,clonotype1,None
TGAGGGATCGCACTCT-1,True,TGAGGGATCGCACTCT-1_contig_1,True,479,TRB,TRBV20-1,None,TRBJ2-7,TRBC2,True,True,CSARASRLVLSYEQYF,TGCAGTGCTAGAGCCTCACGGCTAGTACTTTCCTACGAGCAGTACTTC,7978,12,clonotype11,clonotype11_consensus_2
TGAGGGATCGCACTCT-1,True,TGAGGGATCGCACTCT-1_contig_2,True,593,TRA,TRAV26-1,None,TRAJ34,TRAC,True,True,CIASSYNTDKLIF,TGCATCGCTTCATCTTATAACACCGACAAGCTCATCTTT,890,6,clonotype11,clonotype11_consensus_1
TGAGGGATCGTCGTTC-1,True,TGAGGGATCGTCGTTC-1_contig_1,True,527,TRB,TRBV20-1,None,TRBJ1-6,TRBC1,True,True,CSARGTMTGRNSPLHF,TGCAGTGCTAGAGGGACCATGACAGGGAGGAATTCACCCCTCCACTTT,1573,7,clonotype3418,clonotype3418_consensus_2
TGAGGGATCGTCGTTC-1,True,TGAGGGATCGTCGTTC-1_contig_2,True,474,TRA,TRAV38-2/DV8,None,TRAJ50,TRAC,True,True,CAYRRPKTSYDKVIF,TGTGCTTATAGGAGACCGAAAACCTCCTACGACAAGGTGATATTT,1008,6,clonotype3418,clonotype3418_consensus_1
TGAGGGATCGTCGTTC-1,True,TGAGGGATCGTCGTTC-1_contig_3,True,303,TRB,None,None,TRBJ2-6,TRBC2,False,False,None,None,220,1,clonotype3418,None
TGAGGGATCTACTTAC-1,True,TGAGGGATCTACTTAC-1_contig_1,True,505,TRA,TRAV1-2,None,TRAJ33,TRAC,True,True,CAATDSNYQLIW,TGTGCTGCGACTGATAGCAACTATCAGTTAATCTGG,755,2,clonotype1,clonotype1_consensus_2
TGAGGGATCTACTTAC-1,True,TGAGGGATCTACTTAC-1_contig_2,True,521,TRB,TRBV20-1,None,TRBJ2-1,TRBC2,True,True,CSARVGSEVNEQFF,TGCAGTGCTAGAGTGGGGTCGGAAGTCAATGAGCAGTTCTTC,1319,10,clonotype1,clonotype1_consensus_1
TGAGGGATCTCGCATC-1,True,TGAGGGATCTCGCATC-1_contig_1,True,502,TRA,TRAV1-2,None,TRAJ33,TRAC,True,True,CAATDSNYQLIW,TGTGCTGCGACTGATAGCAACTATCAGTTAATCTGG,476,5,clonotype1,clonotype1_consensus_2
TGAGGGATCTCGCATC-1,True,TGAGGGATCTCGCATC-1_contig_2,True,521,TRB,TRBV20-1,None,TRBJ2-1,TRBC2,True,True,CSARVGSEVNEQFF,TGCAGTGCTAGAGTGGGGTCGGAAGTCAATGAGCAGTTCTTC,326,5,clonotype1,clonotype1_consensus_1
TGATTTCAGCCGATTT-1,True,TGATTTCAGCCGATTT-1_contig_1,True,505,TRA,TRAV1-2,None,TRAJ33,TRAC,True,True,CAATDSNYQLIW,TGTGCTGCGACTGATAGCAACTATCAGTTAATCTGG,182,2,clonotype1,clonotype1_consensus_2
TGATTTCAGCCGATTT-1,True,TGATTTCAGCCGATTT-1_contig_2,True,473,TRB,TRBV20-1,None,TRBJ2-1,TRBC2,True,True,CSARVGSEVNEQFF,TGCAGTGCTAGAGTGGGGTCGGAAGTCAATGAGCAGTTCTTC,712,5,clonotype1,clonotype1_consensus_1
TGATTTCAGCCGATTT-1,True,TGATTTCAGCCGATTT-1_contig_3,True,465,TRA,TRAV10,None,TRAJ24,TRAC,True,False,None,None,306,3,clonotype1,None
TGATTTCAGCGATAGC-1,True,TGATTTCAGCGATAGC-1_contig_1,True,495,TRB,TRBV20-1,None,TRBJ1-1,TRBC1,True,True,CSALDGSNTEAFF,TGCAGTGCACTGGACGGAAGCAACACTGAAGCTTTCTTT,3062,14,clonotype3419,clonotype3419_consensus_2
TGATTTCAGCGATAGC-1,True,TGATTTCAGCGATAGC-1_contig_2,True,456,TRA,TRAV13-1,None,TRAJ37,TRAC,True,True,CAASSNTGKLIF,TGTGCAGCAAGTAGCAACACAGGCAAACTAATCTTT,2647,2,clonotype3419,clonotype3419_consensus_1
TGATTTCAGTGCCAGA-1,True,TGATTTCAGTGCCAGA-1_contig_1,True,515,TRB,TRBV20-1,None,TRBJ2-7,TRBC2,True,True,CSARERQDRQYF,TGCAGTGCTAGAGAAAGGCAGGACCGGCAGTACTTC,922,4,clonotype3420,clonotype3420_consensus_1
TGATTTCCAAACCTAC-1,True,TGATTTCCAAACCTAC-1_contig_1,True,524,TRB,TRBV20-1,None,TRBJ2-3,TRBC2,True,True,CSATGTSGGTDTQYF,TGCAGTGCGACCGGGACTAGCGGGGGCACAGATACGCAGTATTTT,2357,12,clonotype3421,clonotype3421_consensus_1
TGATTTCCAAACCTAC-1,True,TGATTTCCAAACCTAC-1_contig_2,True,502,TRA,TRAV1-2,None,TRAJ8,TRAC,True,True,CAVNTGFQKLVF,TGTGCTGTGAACACAGGCTTTCAGAAACTTGTATTT,842,4,clonotype3421,clonotype3421_consensus_2
TGATTTCCAAGCGCTC-1,True,TGATTTCCAAGCGCTC-1_contig_1,True,496,TRB,TRBV20-1,None,TRBJ1-4,TRBC1,True,True,CSARDLRGNEKLFF,TGCAGTGCTAGAGATTTAAGGGGTAATGAAAAACTGTTTTTT,666,8,clonotype3422,clonotype3422_consensus_2
TGATTTCCAAGCGCTC-1,True,TGATTTCCAAGCGCTC-1_contig_2,True,681,TRA,TRAV8-3,None,TRAJ29,TRAC,True,True,CAVGAPGNTPLVF,TGTGCTGTGGGTGCCCCAGGAAACACACCTCTTGTCTTT,593,4,clonotype3422,clonotype3422_consensus_1
TGATTTCCAATTGCTG-1,True,TGATTTCCAATTGCTG-1_contig_1,True,505,TRA,TRAV1-2,None,TRAJ33,TRAC,True,True,CAATDSNYQLIW,TGTGCTGCGACTGATAGCAACTATCAGTTAATCTGG,611,6,clonotype1,clonotype1_consensus_2
TGATTTCCAATTGCTG-1,True,TGATTTCCAATTGCTG-1_contig_2,True,485,TRB,TRBV20-1,None,TRBJ2-1,TRBC2,True,True,CSARVGSEVNEQFF,TGCAGTGCTAGAGTGGGGTCGGAAGTCAATGAGCAGTTCTTC,840,5,clonotype1,clonotype1_consensus_1
TGATTTCCAGGCAGTA-1,True,TGATTTCCAGGCAGTA-1_contig_1,True,505,TRA,TRAV1-2,None,TRAJ33,TRAC,True,True,CASMDSNYQLIW,TGTGCTAGCATGGATAGCAACTATCAGTTAATCTGG,57,4,clonotype3423,clonotype3423_consensus_2
TGATTTCCAGGCAGTA-1,True,TGATTTCCAGGCAGTA-1_contig_2,True,473,TRB,TRBV20-1,None,TRBJ1-1,TRBC1,True,True,CSASGGQGHTEAFF,TGCAGTGCTAGTGGAGGACAGGGCCACACTGAAGCTTTCTTT,1094,8,clonotype3423,clonotype3423_consensus_1
TGATTTCCAGTCAGAG-1,True,TGATTTCCAGTCAGAG-1_contig_1,True,505,TRA,TRAV1-2,None,TRAJ33,TRAC,True,True,CAATDSNYQLIW,TGTGCTGCGACTGATAGCAACTATCAGTTAATCTGG,110,4,clonotype1,clonotype1_consensus_2
TGATTTCCAGTCAGAG-1,True,TGATTTCCAGTCAGAG-1_contig_2,True,521,TRB,TRBV20-1,None,TRBJ2-1,TRBC2,True,True,CSARVGSEVNEQFF,TGCAGTGCTAGAGTGGGGTCGGAAGTCAATGAGCAGTTCTTC,1408,7,clonotype1,clonotype1_consensus_1
TGATTTCCATCGTCGG-1,True,TGATTTCCATCGTCGG-1_contig_1,True,505,TRA,TRAV1-2,None,TRAJ33,TRAC,True,True,CAATDSNYQLIW,TGTGCTGCGACTGATAGCAACTATCAGTTAATCTGG,494,5,clonotype1,clonotype1_consensus_2
TGATTTCCATCGTCGG-1,True,TGATTTCCATCGTCGG-1_contig_2,True,521,TRB,TRBV20-1,None,TRBJ2-1,TRBC2,True,True,CSARVGSEVNEQFF,TGCAGTGCTAGAGTGGGGTCGGAAGTCAATGAGCAGTTCTTC,1231,12,clonotype1,clonotype1_consensus_1
TGATTTCCATCTATGG-1,True,TGATTTCCATCTATGG-1_contig_1,True,492,TRB,TRBV20-1,None,TRBJ2-1,TRBC2,True,True,CSARVGSEVNEQFF,TGCAGTGCTAGAGTGGGGTCGGAAGTCAATGAGCAGTTCTTC,482,4,clonotype2,clonotype2_consensus_1
TGATTTCCATCTATGG-1,True,TGATTTCCATCTATGG-1_contig_2,True,457,TRA,TRAV10,None,TRAJ24,TRAC,True,False,None,None,484,2,clonotype2,None
TGATTTCGTAACGACG-1,True,TGATTTCGTAACGACG-1_contig_1,True,505,TRA,TRAV1-2,None,TRAJ33,TRAC,True,True,CAATDSNYQLIW,TGTGCTGCGACTGATAGCAACTATCAGTTAATCTGG,173,2,clonotype1,clonotype1_consensus_2
TGATTTCGTAACGACG-1,True,TGATTTCGTAACGACG-1_contig_2,True,521,TRB,TRBV20-1,None,TRBJ2-1,TRBC2,True,True,CSARVGSEVNEQFF,TGCAGTGCTAGAGTGGGGTCGGAAGTCAATGAGCAGTTCTTC,474,2,clonotype1,clonotype1_consensus_1
TGATTTCGTAAGTGGC-1,True,TGATTTCGTAAGTGGC-1_contig_1,True,527,TRB,TRBV20-1,None,TRBJ2-5,TRBC2,True,True,CSARDPAQGVQETQYF,TGCAGTGCTAGAGATCCGGCACAGGGGGTTCAAGAGACCCAGTACTTC,2452,16,clonotype3424,clonotype3424_consensus_1
TGATTTCGTAAGTGGC-1,True,TGATTTCGTAAGTGGC-1_contig_2,True,513,TRA,TRAV6,None,TRAJ43,TRAC,True,True,CALDIGNNNDMRF,TGTGCTCTAGACATAGGCAATAACAATGACATGCGCTTT,353,2,clonotype3424,clonotype3424_consensus_2
TGATTTCGTAAGTGGC-1,True,TGATTTCGTAAGTGGC-1_contig_3,True,335,TRA,TRAV8-1,None,None,TRAC,False,False,None,None,172,2,clonotype3424,None
TGATTTCGTATATCCG-1,True,TGATTTCGTATATCCG-1_contig_1,True,496,TRB,TRBV5-6,None,TRBJ2-2,TRBC2,True,True,CASSSREGAFSGELFF,TGTGCCAGCAGCTCCCGGGAGGGGGCTTTTTCCGGGGAGCTGTTTTTT,5528,14,clonotype3425,clonotype3425_consensus_1
TGATTTCGTATATCCG-1,True,TGATTTCGTATATCCG-1_contig_2,True,498,TRA,TRAV12-3,None,TRAJ21,TRAC,True,True,CAMSAGYFNKFYF,TGTGCAATGAGCGCGGGGTACTTCAACAAATTTTACTTT,749,6,clonotype3425,clonotype3425_consensus_2
TGATTTCGTGATGTGG-1,True,TGATTTCGTGATGTGG-1_contig_1,True,492,TRB,TRBV20-1,None,TRBJ2-1,TRBC2,True,True,CSARVGSEVNEQFF,TGCAGTGCTAGAGTGGGGTCGGAAGTCAATGAGCAGTTCTTC,596,4,clonotype2,clonotype2_consensus_1
TGATTTCGTGTCCTCT-1,True,TGATTTCGTGTCCTCT-1_contig_1,True,505,TRA,TRAV1-2,None,TRAJ33,TRAC,True,True,CAATDSNYQLIW,TGTGCTGCGACTGATAGCAACTATCAGTTAATCTGG,207,4,clonotype1,clonotype1_consensus_2
TGATTTCGTGTCCTCT-1,True,TGATTTCGTGTCCTCT-1_contig_2,True,521,TRB,TRBV20-1,None,TRBJ2-1,TRBC2,True,True,CSARVGSEVNEQFF,TGCAGTGCTAGAGTGGGGTCGGAAGTCAATGAGCAGTTCTTC,2670,12,clonotype1,clonotype1_consensus_1
TGATTTCTCAGTGCAT-1,True,TGATTTCTCAGTGCAT-1_contig_1,True,505,TRA,TRAV1-2,None,TRAJ33,TRAC,True,True,CAATDSNYQLIW,TGTGCTGCGACTGATAGCAACTATCAGTTAATCTGG,1014,7,clonotype1,clonotype1_consensus_2
TGATTTCTCAGTGCAT-1,True,TGATTTCTCAGTGCAT-1_contig_2,True,518,TRB,TRBV20-1,None,TRBJ2-1,TRBC2,True,True,CSARVGSEVNEQFF,TGCAGTGCTAGAGTGGGGTCGGAAGTCAATGAGCAGTTCTTC,1103,5,clonotype1,clonotype1_consensus_1
TGATTTCTCCACTCCA-1,True,TGATTTCTCCACTCCA-1_contig_1,True,509,TRA,TRAV21,None,TRAJ49,TRAC,True,True,CAATGNQFYF,TGTGCTGCTACCGGTAACCAGTTCTATTTT,1153,6,clonotype3426,clonotype3426_consensus_1
TGATTTCTCCACTCCA-1,True,TGATTTCTCCACTCCA-1_contig_2,True,523,TRB,TRBV20-1,None,TRBJ2-7,TRBC2,True,True,CSADTGTSGTHEQYF,TGCAGTGCGGATACCGGGACTAGCGGTACCCACGAGCAGTACTTC,2137,14,clonotype3426,clonotype3426_consensus_2
TGATTTCTCGCGATCG-1,True,TGATTTCTCGCGATCG-1_contig_1,True,495,TRB,TRBV20-1,None,TRBJ2-5,TRBC2,True,True,CSAHEGPMETQYF,TGCAGTGCTCATGAGGGGCCGATGGAGACCCAGTACTTC,1174,10,clonotype3427,clonotype3427_consensus_1
TGATTTCTCGTAGATC-1,True,TGATTTCTCGTAGATC-1_contig_1,True,550,TRA,TRAV12-2,None,TRAJ28,TRAC,True,True,CAVKGSGAGSYQLTF,TGTGCCGTGAAGGGCTCTGGGGCTGGGAGTTACCAACTCACTTTC,594,4,clonotype358,clonotype358_consensus_1
TGATTTCTCGTAGATC-1,True,TGATTTCTCGTAGATC-1_contig_2,True,457,TRB,TRBV20-1,None,TRBJ1-3,TRBC1,True,True,CSARLPGGPLSGNTIYF,TGCAGTGCTAGACTTCCGGGAGGGCCCCTCTCTGGAAACACCATATATTTT,274,1,clonotype358,clonotype358_consensus_2
TGATTTCTCGTAGATC-1,True,TGATTTCTCGTAGATC-1_contig_3,True,511,TRB,TRBV7-3,None,TRBJ2-7,TRBC2,True,False,None,None,1764,6,clonotype358,None
TGCACCTAGAAGGTGA-1,True,TGCACCTAGAAGGTGA-1_contig_1,True,510,TRA,TRAV30,None,TRAJ22,TRAC,True,True,CGPRGSARQLTF,TGCGGCCCGAGGGGTTCTGCAAGGCAACTGACCTTT,9270,7,clonotype3428,clonotype3428_consensus_2
TGCACCTAGAAGGTGA-1,True,TGCACCTAGAAGGTGA-1_contig_2,True,509,TRB,TRBV20-1,None,TRBJ1-2,TRBC1,True,True,CSAREQYGYTF,TGCAGTGCTAGAGAACAGTATGGCTACACCTTC,2503,9,clonotype3428,clonotype3428_consensus_1
TGCACCTAGGGTATCG-1,True,TGCACCTAGGGTATCG-1_contig_1,True,505,TRA,TRAV1-2,None,TRAJ33,TRAC,True,True,CAATDSNYQLIW,TGTGCTGCGACTGATAGCAACTATCAGTTAATCTGG,378,2,clonotype1,clonotype1_consensus_2
TGCACCTAGGGTATCG-1,True,TGCACCTAGGGTATCG-1_contig_2,True,521,TRB,TRBV20-1,None,TRBJ2-1,TRBC2,True,True,CSARVGSEVNEQFF,TGCAGTGCTAGAGTGGGGTCGGAAGTCAATGAGCAGTTCTTC,1937,9,clonotype1,clonotype1_consensus_1
TGCACCTAGGGTATCG-1,True,TGCACCTAGGGTATCG-1_contig_3,True,500,TRA,TRAV10,None,TRAJ24,TRAC,True,False,None,None,621,3,clonotype1,None
TGCACCTAGTCTCCTC-1,True,TGCACCTAGTCTCCTC-1_contig_1,True,524,TRB,TRBV20-1,None,TRBJ1-6,TRBC1,True,True,CSARDTRGVGSPLHF,TGCAGTGCTAGAGATACCCGGGGGGTAGGGTCACCCCTCCACTTT,2426,14,clonotype3429,clonotype3429_consensus_2
TGCACCTAGTCTCCTC-1,True,TGCACCTAGTCTCCTC-1_contig_2,True,456,TRA,TRAV13-1,None,TRAJ49,TRAC,True,True,CAASYTGNQFYF,TGTGCAGCAAGTTACACCGGTAACCAGTTCTATTTT,2031,5,clonotype3429,clonotype3429_consensus_1
TGCACCTCAAGTCTAC-1,True,TGCACCTCAAGTCTAC-1_contig_1,True,504,TRB,TRBV20-1,None,TRBJ2-3,TRBC2,True,True,CSAGDRGRTSTDTQYF,TGCAGTGCTGGAGACAGGGGCAGGACTAGCACAGATACGCAGTATTTT,1895,7,clonotype379,clonotype379_consensus_1
TGCACCTCACTTGGAT-1,True,TGCACCTCACTTGGAT-1_contig_1,True,492,TRA,TRAV38-1,None,TRAJ52,TRAC,True,True,CALAGGTSYGKLTF,TGTGCGCTCGCTGGTGGTACTAGCTATGGAAAGCTGACATTT,1511,6,clonotype3430,clonotype3430_consensus_2
TGCACCTCACTTGGAT-1,True,TGCACCTCACTTGGAT-1_contig_2,True,494,TRA,TRAV35,None,TRAJ42,TRAC,True,True,CAGPNYGGSQGNLIF,TGTGCTGGACCGAATTATGGAGGAAGCCAAGGAAATCTCATCTTT,559,9,clonotype3430,clonotype3430_consensus_1
TGCACCTCACTTGGAT-1,True,TGCACCTCACTTGGAT-1_contig_3,True,636,TRB,TRBV5-6,None,TRBJ1-1,TRBC1,True,True,CASSLAGRGATEAFF,TGTGCCAGCAGCTTGGCGGGCAGGGGGGCCACTGAAGCTTTCTTT,2063,7,clonotype3430,clonotype3430_consensus_3
TGCACCTCAGCCTTTC-1,True,TGCACCTCAGCCTTTC-1_contig_1,True,505,TRA,TRAV1-2,None,TRAJ33,TRAC,True,True,CAATDSNYQLIW,TGTGCTGCGACTGATAGCAACTATCAGTTAATCTGG,149,4,clonotype1,clonotype1_consensus_2
TGCACCTCAGCCTTTC-1,True,TGCACCTCAGCCTTTC-1_contig_2,True,505,TRB,TRBV20-1,None,TRBJ2-1,TRBC2,True,True,CSARVGSEVNEQFF,TGCAGTGCTAGAGTGGGGTCGGAAGTCAATGAGCAGTTCTTC,2104,14,clonotype1,clonotype1_consensus_1
TGCACCTCATTCACTT-1,True,TGCACCTCATTCACTT-1_contig_1,True,462,TRA,TRAV13-1,None,TRAJ37,TRAC,True,True,CATHGSSNTGKLIF,TGTGCAACCCATGGCTCTAGCAACACAGGCAAACTAATCTTT,4348,22,clonotype3431,clonotype3431_consensus_2
TGCACCTCATTCACTT-1,True,TGCACCTCATTCACTT-1_contig_2,True,503,TRB,TRBV5-5,None,TRBJ2-7,TRBC2,True,True,CASSWGQGAYEQYF,TGTGCCAGCAGCTGGGGACAGGGGGCTTACGAGCAGTACTTC,3378,21,clonotype3431,clonotype3431_consensus_1
TGCACCTCATTGGCGC-1,True,TGCACCTCATTGGCGC-1_contig_1,True,524,TRB,TRBV20-1,None,TRBJ1-1,TRBC1,True,True,CSASSSRVHDTEAFF,TGCAGTGCTAGCTCCTCAAGAGTCCATGACACTGAAGCTTTCTTT,2173,8,clonotype3432,clonotype3432_consensus_1
TGCACCTGTCATCCCT-1,True,TGCACCTGTCATCCCT-1_contig_1,True,494,TRA,TRAV38-2/DV8,None,TRAJ52,TRAC,True,True,CALGGGTSYGKLTF,TGTGCCCTCGGGGGTGGTACTAGCTATGGAAAGCTGACATTT,10547,10,clonotype3433,clonotype3433_consensus_1
TGCACCTGTCATCCCT-1,True,TGCACCTGTCATCCCT-1_contig_2,True,508,TRB,TRBV7-3,None,TRBJ2-5,TRBC2,True,True,CASSRRLLGGEETQYF,TGTGCCAGCAGCAGACGCCTCCTCGGGGGGGAAGAGACCCAGTACTTC,4580,11,clonotype3433,clonotype3433_consensus_3
TGCACCTGTCATCCCT-1,True,TGCACCTGTCATCCCT-1_contig_3,True,680,TRB,TRBV5-6,None,TRBJ2-6,TRBC2,True,True,CASSFFQSGPTGLSGANVLTF,TGTGCCAGCAGCTTTTTTCAGTCGGGACCCACTGGGCTCTCTGGGGCCAACGTCCTGACTTTC,1663,5,clonotype3433,clonotype3433_consensus_2
TGCACCTGTCTAGCGC-1,True,TGCACCTGTCTAGCGC-1_contig_1,True,527,TRB,TRBV20-1,None,TRBJ1-6,TRBC1,True,True,CSARDLDRGTGSPLHF,TGCAGTGCTAGAGATTTGGACAGGGGCACGGGTTCACCCCTCCACTTT,8350,9,clonotype3434,clonotype3434_consensus_2
TGCACCTGTCTAGCGC-1,True,TGCACCTGTCTAGCGC-1_contig_2,True,586,TRA,TRAV17,None,TRAJ29,TRAC,True,True,CATDDAAGNTPLVF,TGTGCTACGGACGATGCAGCAGGAAACACACCTCTTGTCTTT,4419,4,clonotype3434,clonotype3434_consensus_1
TGCACCTGTCTAGCGC-1,True,TGCACCTGTCTAGCGC-1_contig_3,True,481,TRA,None,None,TRAJ16,TRAC,False,False,None,None,142,1,clonotype3434,None
TGCACCTGTCTAGCGC-1,True,TGCACCTGTCTAGCGC-1_contig_4,True,400,TRA,TRAV25,None,TRAJ30,TRAC,True,False,None,None,439,5,clonotype3434,None
TGCACCTTCATTATCC-1,True,TGCACCTTCATTATCC-1_contig_1,True,505,TRA,TRAV1-2,None,TRAJ33,TRAC,True,True,CAATDSNYQLIW,TGTGCTGCGACTGATAGCAACTATCAGTTAATCTGG,309,1,clonotype1,clonotype1_consensus_2
TGCACCTTCATTATCC-1,True,TGCACCTTCATTATCC-1_contig_2,True,521,TRB,TRBV20-1,None,TRBJ2-1,TRBC2,True,True,CSARVGSEVNEQFF,TGCAGTGCTAGAGTGGGGTCGGAAGTCAATGAGCAGTTCTTC,736,11,clonotype1,clonotype1_consensus_1
TGCACCTTCATTATCC-1,True,TGCACCTTCATTATCC-1_contig_3,True,457,TRA,TRAV10,None,TRAJ24,TRAC,True,False,None,None,137,10,clonotype1,None
TGCACCTTCGGATGTT-1,True,TGCACCTTCGGATGTT-1_contig_1,True,482,TRA,TRAV1-2,None,TRAJ33,TRAC,True,True,CAATDSNYQLIW,TGTGCTGCGACTGATAGCAACTATCAGTTAATCTGG,44,5,clonotype1,clonotype1_consensus_2
TGCACCTTCGGATGTT-1,True,TGCACCTTCGGATGTT-1_contig_2,True,521,TRB,TRBV20-1,None,TRBJ2-1,TRBC2,True,True,CSARVGSEVNEQFF,TGCAGTGCTAGAGTGGGGTCGGAAGTCAATGAGCAGTTCTTC,1757,8,clonotype1,clonotype1_consensus_1
TGCCAAAAGACAGGCT-1,True,TGCCAAAAGACAGGCT-1_contig_1,True,521,TRB,TRBV20-1,None,TRBJ2-7,TRBC2,True,True,CSATVGRAPYEQYF,TGCAGTGCTACCGTTGGCAGGGCCCCCTACGAGCAGTACTTC,1985,12,clonotype357,clonotype357_consensus_1
TGCCAAAAGACAGGCT-1,True,TGCCAAAAGACAGGCT-1_contig_2,True,517,TRA,TRAV23/DV6,None,TRAJ48,TRAC,True,True,CAASRGSNFGNEKLTF,TGTGCAGCAAGCAGGGGATCTAACTTTGGAAATGAGAAATTAACCTTT,872,5,clonotype357,clonotype357_consensus_2
TGCCAAAAGACTACAA-1,True,TGCCAAAAGACTACAA-1_contig_1,True,518,TRB,TRBV20-1,None,TRBJ2-7,TRBC2,True,True,CSARDWTYYEQYF,TGCAGTGCTAGAGACTGGACCTACTACGAGCAGTACTTC,2596,8,clonotype3435,clonotype3435_consensus_3
TGCCAAAAGACTACAA-1,True,TGCCAAAAGACTACAA-1_contig_2,True,544,TRA,TRAV12-2,None,TRAJ35,TRAC,True,True,CAVMGGFGNVLHC,TGTGCCGTGATGGGGGGCTTTGGGAATGTGCTGCATTGC,352,3,clonotype3435,clonotype3435_consensus_1
TGCCAAAAGACTACAA-1,True,TGCCAAAAGACTACAA-1_contig_3,True,508,TRA,TRAV23/DV6,None,TRAJ48,TRAC,True,True,CAAKRGGNEKLTF,TGTGCAGCCAAGCGAGGAGGAAATGAGAAATTAACCTTT,2048,9,clonotype3435,clonotype3435_consensus_2
TGCCAAAAGACTACAA-1,True,TGCCAAAAGACTACAA-1_contig_4,True,516,TRB,TRBV7-3,None,TRBJ2-4,TRBC2,True,False,CQQLTGTGTSLAKNIQYF,TGCCAGCAGCTTACCGGGACTGGGACTTCCCTAGCCAAAAACATTCAGTACTTC,318,3,clonotype3435,None
TGCCAAAAGAGGGATA-1,True,TGCCAAAAGAGGGATA-1_contig_1,True,518,TRB,TRBV20-1,None,TRBJ1-2,TRBC1,True,True,CSARVGQEDGYTF,TGCAGTGCTAGGGTCGGACAGGAGGATGGCTACACCTTC,1715,8,clonotype3436,clonotype3436_consensus_2
TGCCAAAAGAGGGATA-1,True,TGCCAAAAGAGGGATA-1_contig_2,True,613,TRA,TRAV8-6,None,TRAJ8,TRAC,True,True,CAVSDRSTGFQKLVF,TGTGCTGTGAGTGATCGTAGCACAGGCTTTCAGAAACTTGTATTT,3333,5,clonotype3436,clonotype3436_consensus_1
TGCCAAAAGAGGGATA-1,True,TGCCAAAAGAGGGATA-1_contig_3,True,557,TRA,TRAV21,None,TRAJ10,None,True,False,CCEKSGYSTLTF,TGCTGTGAGAAGTCAGGATACAGCACCCTCACCTTT,88,1,clonotype3436,None
TGCCAAAAGCCCAATT-1,True,TGCCAAAAGCCCAATT-1_contig_1,True,502,TRA,TRAV1-2,None,TRAJ33,TRAC,True,True,CAATDSNYQLIW,TGTGCTGCGACTGATAGCAACTATCAGTTAATCTGG,998,6,clonotype1,clonotype1_consensus_2
TGCCAAAAGCCCAATT-1,True,TGCCAAAAGCCCAATT-1_contig_2,True,521,TRB,TRBV20-1,None,TRBJ2-1,TRBC2,True,True,CSARVGSEVNEQFF,TGCAGTGCTAGAGTGGGGTCGGAAGTCAATGAGCAGTTCTTC,2020,7,clonotype1,clonotype1_consensus_1
TGCCAAAAGCGATATA-1,True,TGCCAAAAGCGATATA-1_contig_1,True,534,TRB,TRBV6-9,None,TRBJ2-6,TRBC2,True,True,CASNLNQTGINSGANVLTF,TGTGCCAGCAACTTGAATCAGACAGGTATCAACTCTGGGGCCAACGTCCTGACTTTC,3174,10,clonotype15,clonotype15_consensus_1
TGCCAAAAGCGATATA-1,True,TGCCAAAAGCGATATA-1_contig_2,True,465,TRA,TRAV13-1,None,TRAJ16,TRAC,True,True,CAASSGFSDGQKLLF,TGTGCAGCAAGTTCGGGTTTTTCAGATGGCCAGAAGCTGCTCTTT,206,1,clonotype15,clonotype15_consensus_3
TGCCAAAAGCGATATA-1,True,TGCCAAAAGCGATATA-1_contig_3,True,666,TRB,TRBV5-6,None,TRBJ2-6,TRBC2,True,True,CASSLQGTGANVLTF,TGTGCCAGCAGCTTGCAGGGGACTGGGGCCAACGTCCTGACTTTC,1648,7,clonotype15,clonotype15_consensus_2
TGCCAAAAGTCAATAG-1,True,TGCCAAAAGTCAATAG-1_contig_1,True,498,TRB,TRBV20-1,None,TRBJ1-1,TRBC1,True,True,CSAIPGQGRMNTEAFF,TGCAGTGCTATTCCGGGACAGGGGAGAATGAACACTGAAGCTTTCTTT,2054,9,clonotype125,clonotype125_consensus_2
TGCCAAAAGTCAATAG-1,True,TGCCAAAAGTCAATAG-1_contig_2,True,574,TRA,TRAV19,None,TRAJ28,TRAC,True,True,CALRREYSGAGSYQLTF,TGTGCTCTGAGGAGGGAGTACTCTGGGGCTGGGAGTTACCAACTCACTTTC,470,2,clonotype125,clonotype125_consensus_1
TGCCAAAAGTCAATAG-1,True,TGCCAAAAGTCAATAG-1_contig_3,True,410,TRA,TRAV26-2,None,TRAJ23,TRAC,True,False,CILRW,TGCATCCTGAGATGG,1610,3,clonotype125,None
TGCCAAACAAGAAAGG-1,True,TGCCAAACAAGAAAGG-1_contig_1,True,462,TRA,TRAV13-1,None,TRAJ6,TRAC,True,True,CAAHTSGGSYIPTF,TGTGCAGCTCATACATCAGGAGGAAGCTACATACCTACATTT,774,3,clonotype129,clonotype129_consensus_2
TGCCAAACAAGAAAGG-1,True,TGCCAAACAAGAAAGG-1_contig_2,True,521,TRB,TRBV20-1,None,TRBJ2-3,TRBC2,True,True,CSAKNRGPTDTQYF,TGCAGTGCAAAGAACAGGGGGCCTACAGATACGCAGTATTTT,1289,8,clonotype129,clonotype129_consensus_1
TGCCAAACACACATGT-1,True,TGCCAAACACACATGT-1_contig_1,True,508,TRA,TRAV20,None,TRAJ36,TRAC,True,True,CAVQAETGANNLFF,TGTGCTGTGCAGGCAGAGACTGGGGCAAACAACCTCTTCTTT,1869,6,clonotype90,clonotype90_consensus_2
TGCCAAACACACATGT-1,True,TGCCAAACACACATGT-1_contig_2,True,658,TRB,TRBV5-6,None,TRBJ2-1,TRBC2,True,True,CASSPPGTSREQFF,TGTGCCAGCAGCCCCCCGGGCACTTCCAGAGAGCAGTTCTTC,3204,13,clonotype90,clonotype90_consensus_1
TGCCAAACACCCTATC-1,True,TGCCAAACACCCTATC-1_contig_1,True,690,TRA,TRAV8-3,None,TRAJ8,TRAC,True,True,CAVGPEGGTGFQKLVF,TGTGCTGTGGGTCCGGAGGGGGGCACAGGCTTTCAGAAACTTGTATTT,241,4,clonotype3437,clonotype3437_consensus_1
TGCCAAACACCCTATC-1,True,TGCCAAACACCCTATC-1_contig_2,True,518,TRB,TRBV20-1,None,TRBJ1-6,TRBC1,True,True,CSASPGGNSPLHF,TGCAGTGCTAGTCCTGGTGGGAATTCACCCCTCCACTTT,2070,12,clonotype3437,clonotype3437_consensus_2
TGCCAAACATGCCACG-1,True,TGCCAAACATGCCACG-1_contig_1,True,502,TRA,TRAV1-2,None,TRAJ30,TRAC,True,True,CAVRDLREIIF,TGTGCTGTGAGAGATCTTCGGGAGATCATCTTT,536,2,clonotype32,clonotype32_consensus_3
TGCCAAACATGCCACG-1,True,TGCCAAACATGCCACG-1_contig_2,True,520,TRB,TRBV5-5,None,TRBJ1-4,TRBC1,True,True,CASSHPGPNYATNEKLFF,TGTGCCAGCAGCCATCCCGGACCGAACTACGCAACTAATGAAAAACTGTTTTTT,1482,3,clonotype32,clonotype32_consensus_1
TGCCAAACATGCCACG-1,True,TGCCAAACATGCCACG-1_contig_3,True,505,TRA,TRAV1-2,None,TRAJ33,TRAC,True,True,CAATDSNYQLIW,TGTGCTGCGACTGATAGCAACTATCAGTTAATCTGG,711,5,clonotype32,clonotype32_consensus_4
TGCCAAACATGCCACG-1,True,TGCCAAACATGCCACG-1_contig_4,True,521,TRB,TRBV20-1,None,TRBJ2-1,TRBC2,True,True,CSARVGSEVNEQFF,TGCAGTGCTAGAGTGGGGTCGGAAGTCAATGAGCAGTTCTTC,1606,6,clonotype32,clonotype32_consensus_2
TGCCAAAGTAAATACG-1,True,TGCCAAAGTAAATACG-1_contig_1,True,505,TRA,TRAV1-2,None,TRAJ33,TRAC,True,True,CAATDSNYQLIW,TGTGCTGCGACTGATAGCAACTATCAGTTAATCTGG,2938,2,clonotype1,clonotype1_consensus_2
TGCCAAAGTAAATACG-1,True,TGCCAAAGTAAATACG-1_contig_2,True,521,TRB,TRBV20-1,None,TRBJ2-1,TRBC2,True,True,CSARVGSEVNEQFF,TGCAGTGCTAGAGTGGGGTCGGAAGTCAATGAGCAGTTCTTC,467,6,clonotype1,clonotype1_consensus_1
TGCCAAAGTAAATACG-1,True,TGCCAAAGTAAATACG-1_contig_3,True,353,TRA,TRAV10,None,TRAJ24,TRAC,True,False,None,None,336,3,clonotype1,None
TGCCAAAGTCGACTAT-1,True,TGCCAAAGTCGACTAT-1_contig_1,True,505,TRA,TRAV1-2,None,TRAJ33,TRAC,True,True,CAATDSNYQLIW,TGTGCTGCGACTGATAGCAACTATCAGTTAATCTGG,963,5,clonotype1,clonotype1_consensus_2
TGCCAAAGTCGACTAT-1,True,TGCCAAAGTCGACTAT-1_contig_2,True,498,TRB,TRBV20-1,None,TRBJ2-1,TRBC2,True,True,CSARVGSEVNEQFF,TGCAGTGCTAGAGTGGGGTCGGAAGTCAATGAGCAGTTCTTC,5159,16,clonotype1,clonotype1_consensus_1
TGCCAAAGTCGACTAT-1,True,TGCCAAAGTCGACTAT-1_contig_3,True,465,TRA,TRAV10,None,TRAJ24,TRAC,True,False,None,None,367,3,clonotype1,None
TGCCAAAGTCTGGAGA-1,True,TGCCAAAGTCTGGAGA-1_contig_1,True,490,TRA,TRAV38-1,None,TRAJ53,TRAC,True,True,CAFSRGGSNYKLTF,TGTGCCTTCTCTCGGGGAGGTAGCAACTATAAACTGACATTT,5886,6,clonotype3438,clonotype3438_consensus_1
TGCCAAAGTCTGGAGA-1,True,TGCCAAAGTCTGGAGA-1_contig_2,True,490,TRB,TRBV5-6,None,TRBJ1-1,TRBC1,True,True,CASSRIDRPTEAFF,TGTGCCAGCAGCCGTATTGACCGACCCACTGAAGCTTTCTTT,1660,5,clonotype3438,clonotype3438_consensus_2
TGCCAAAGTGCATCTA-1,True,TGCCAAAGTGCATCTA-1_contig_1,True,556,TRA,TRAV12-1,None,TRAJ6,TRAC,True,True,CVVSSSGGSYIPTF,TGTGTGGTGTCTTCATCAGGAGGAAGCTACATACCTACATTT,2917,12,clonotype3439,clonotype3439_consensus_1
TGCCAAAGTGCATCTA-1,True,TGCCAAAGTGCATCTA-1_contig_2,True,751,TRB,TRBV5-5,None,TRBJ2-5,TRBC2,True,True,CASSLAPGGQETQYF,TGTGCCAGCAGCTTGGCTCCAGGAGGGCAAGAGACCCAGTACTTC,7554,30,clonotype3439,clonotype3439_consensus_2
TGCCAAAGTGTAACGG-1,True,TGCCAAAGTGTAACGG-1_contig_1,True,625,TRA,TRAV41,None,TRAJ48,TRAC,True,True,CAVSLSSNFGNEKLTF,TGTGCTGTCAGCCTTTCATCTAACTTTGGAAATGAGAAATTAACCTTT,5631,3,clonotype3440,clonotype3440_consensus_1
TGCCAAAGTTCAACCA-1,True,TGCCAAAGTTCAACCA-1_contig_1,True,505,TRA,TRAV1-2,None,TRAJ33,TRAC,True,True,CAATDSNYQLIW,TGTGCTGCGACTGATAGCAACTATCAGTTAATCTGG,1431,4,clonotype1,clonotype1_consensus_2
TGCCAAAGTTCAACCA-1,True,TGCCAAAGTTCAACCA-1_contig_2,True,521,TRB,TRBV20-1,None,TRBJ2-1,TRBC2,True,True,CSARVGSEVNEQFF,TGCAGTGCTAGAGTGGGGTCGGAAGTCAATGAGCAGTTCTTC,3386,11,clonotype1,clonotype1_consensus_1
TGCCAAAGTTCGAATC-1,True,TGCCAAAGTTCGAATC-1_contig_1,True,507,TRB,TRBV20-1,None,TRBJ2-6,TRBC2,True,True,CSAGTSGPLSGANVLTF,TGCAGTGCTGGGACTAGCGGGCCGCTCTCTGGGGCCAACGTCCTGACTTTC,2799,12,clonotype118,clonotype118_consensus_2
TGCCAAAGTTCGAATC-1,True,TGCCAAAGTTCGAATC-1_contig_2,True,615,TRA,TRAV3,None,TRAJ26,TRAC,True,True,CAVRVNYGQNFVF,TGTGCTGTGAGAGTTAACTATGGTCAGAATTTTGTCTTT,4026,12,clonotype118,clonotype118_consensus_1
TGCCAAAGTTCGAATC-1,True,TGCCAAAGTTCGAATC-1_contig_3,True,642,TRB,TRBV7-3,None,TRBJ1-2,None,True,False,CQQLSPQGPRDGYTF,TGCCAGCAGCTGAGCCCCCAGGGGCCCAGGGATGGCTACACCTTC,44,1,clonotype118,None
TGCCAAAGTTTAGCTG-1,True,TGCCAAAGTTTAGCTG-1_contig_1,True,521,TRB,TRBV20-1,None,TRBJ2-1,TRBC2,True,True,CSARVGSEVNEQFF,TGCAGTGCTAGAGTGGGGTCGGAAGTCAATGAGCAGTTCTTC,1499,8,clonotype2,clonotype2_consensus_1
TGCCAAAGTTTAGCTG-1,True,TGCCAAAGTTTAGCTG-1_contig_2,True,462,TRA,TRAV10,None,TRAJ24,TRAC,True,False,None,None,161,2,clonotype2,None
TGCCAAATCGTTGACA-1,True,TGCCAAATCGTTGACA-1_contig_1,True,505,TRA,TRAV1-2,None,TRAJ33,TRAC,True,True,CAATDSNYQLIW,TGTGCTGCGACTGATAGCAACTATCAGTTAATCTGG,602,1,clonotype1,clonotype1_consensus_2
TGCCAAATCGTTGACA-1,True,TGCCAAATCGTTGACA-1_contig_2,True,521,TRB,TRBV20-1,None,TRBJ2-1,TRBC2,True,True,CSARVGSEVNEQFF,TGCAGTGCTAGAGTGGGGTCGGAAGTCAATGAGCAGTTCTTC,1616,9,clonotype1,clonotype1_consensus_1
TGCCAAATCGTTGACA-1,True,TGCCAAATCGTTGACA-1_contig_3,True,459,TRA,TRAV10,None,TRAJ24,TRAC,True,False,None,None,371,1,clonotype1,None
TGCCAAATCTATCCTA-1,True,TGCCAAATCTATCCTA-1_contig_1,True,554,TRA,TRAV26-1,None,TRAJ34,TRAC,True,True,CIASSYNTDKLIF,TGCATCGCTTCATCTTATAACACCGACAAGCTCATCTTT,823,5,clonotype3441,clonotype3441_consensus_2
TGCCAAATCTATCCTA-1,True,TGCCAAATCTATCCTA-1_contig_2,True,484,TRB,TRBV20-1,None,TRBJ2-7,TRBC2,True,True,CSARGEREQYF,TGCAGTGCAAGGGGAGAACGGGAGCAGTACTTC,71,8,clonotype3441,clonotype3441_consensus_1
TGCCCATAGACGCTTT-1,True,TGCCCATAGACGCTTT-1_contig_1,True,505,TRA,TRAV1-2,None,TRAJ33,TRAC,True,True,CAATDSNYQLIW,TGTGCTGCGACTGATAGCAACTATCAGTTAATCTGG,93,3,clonotype1,clonotype1_consensus_2
TGCCCATAGACGCTTT-1,True,TGCCCATAGACGCTTT-1_contig_2,True,518,TRB,TRBV20-1,None,TRBJ2-1,TRBC2,True,True,CSARVGSEVNEQFF,TGCAGTGCTAGAGTGGGGTCGGAAGTCAATGAGCAGTTCTTC,1444,8,clonotype1,clonotype1_consensus_1
TGCCCATAGACGCTTT-1,True,TGCCCATAGACGCTTT-1_contig_3,True,482,TRA,TRAV10,None,TRAJ24,TRAC,True,False,None,None,643,2,clonotype1,None
TGCCCATAGAGCTGCA-1,True,TGCCCATAGAGCTGCA-1_contig_1,True,652,TRB,TRBV5-6,None,TRBJ1-2,TRBC1,True,True,CASSVGTVGYTF,TGTGCCAGCAGCGTGGGGACTGTTGGCTACACCTTC,2887,12,clonotype3442,clonotype3442_consensus_2
TGCCCATAGAGCTGCA-1,True,TGCCCATAGAGCTGCA-1_contig_2,True,435,TRA,TRAV13-1,None,TRAJ11,None,True,True,CAASMGEGYSTLTF,TGTGCAGCAAGTATGGGGGAAGGATACAGCACCCTCACCTTT,307,1,clonotype3442,clonotype3442_consensus_1
TGCCCATAGAGCTGCA-1,True,TGCCCATAGAGCTGCA-1_contig_3,True,449,TRA,TRAV2,None,TRAJ17,TRAC,True,True,CAVVAAGNKLTF,TGTGCTGTGGTGGCTGCAGGCAACAAGCTAACTTTT,5223,2,clonotype3442,clonotype3442_consensus_3
TGCCCATAGAGCTGCA-1,True,TGCCCATAGAGCTGCA-1_contig_4,True,318,TRB,None,None,TRBJ2-5,TRBC2,False,False,None,None,579,4,clonotype3442,None
TGCCCATAGAGGTAGA-1,True,TGCCCATAGAGGTAGA-1_contig_1,True,483,TRB,TRBV20-1,None,TRBJ1-2,TRBC1,True,True,CSAGQGLRYTF,TGCAGTGCGGGACAGGGGCTCCGCTACACCTTC,583,3,clonotype3443,clonotype3443_consensus_1
TGCCCATAGCTAGTCT-1,True,TGCCCATAGCTAGTCT-1_contig_1,True,495,TRB,TRBV20-1,None,TRBJ1-2,TRBC1,True,True,CSAPGQGNYGYTF,TGCAGTGCTCCCGGACAGGGAAACTATGGCTACACCTTC,174,2,clonotype3444,clonotype3444_consensus_1
TGCCCATAGCTAGTCT-1,True,TGCCCATAGCTAGTCT-1_contig_2,True,310,TRB,None,None,TRBJ1-1,TRBC1,False,False,None,None,433,5,clonotype3444,None
TGCCCATAGCTAGTCT-1,True,TGCCCATAGCTAGTCT-1_contig_3,True,459,TRA,None,None,TRAJ3,TRAC,False,False,None,None,826,2,clonotype3444,None
TGCCCATAGTACGATA-1,True,TGCCCATAGTACGATA-1_contig_1,True,498,TRB,TRBV20-1,None,TRBJ2-3,TRBC2,True,True,CSARSSAGTDTQYF,TGCAGTGCTAGATCCTCTGCCGGCACAGATACGCAGTATTTT,436,4,clonotype3445,clonotype3445_consensus_1
TGCCCATAGTACGATA-1,True,TGCCCATAGTACGATA-1_contig_2,True,558,TRA,TRAV16,None,TRAJ37,TRAC,True,True,CALRFNTGKLIF,TGTGCCCTCCGTTTCAACACAGGCAAACTAATCTTT,473,4,clonotype3445,clonotype3445_consensus_2
TGCCCATAGTGCCAGA-1,True,TGCCCATAGTGCCAGA-1_contig_1,True,487,TRA,TRAV1-2,None,TRAJ33,TRAC,True,True,CAATDSNYQLIW,TGTGCTGCGACTGATAGCAACTATCAGTTAATCTGG,4925,1,clonotype1,clonotype1_consensus_2
TGCCCATAGTGCCAGA-1,True,TGCCCATAGTGCCAGA-1_contig_2,True,498,TRB,TRBV20-1,None,TRBJ2-1,TRBC2,True,True,CSARVGSEVNEQFF,TGCAGTGCTAGAGTGGGGTCGGAAGTCAATGAGCAGTTCTTC,1162,6,clonotype1,clonotype1_consensus_1
TGCCCATAGTGCCAGA-1,True,TGCCCATAGTGCCAGA-1_contig_3,True,440,TRA,TRAV10,None,TRAJ24,TRAC,True,False,None,None,5914,1,clonotype1,None
TGCCCATAGTTAACGA-1,True,TGCCCATAGTTAACGA-1_contig_1,True,511,TRA,TRAV17,None,TRAJ58,TRAC,True,True,CATVHQTSGSRLTF,TGTGCTACGGTCCACCAAACCAGTGGCTCTAGGTTGACCTTT,405,3,clonotype3446,clonotype3446_consensus_1
TGCCCATAGTTAACGA-1,True,TGCCCATAGTTAACGA-1_contig_2,True,498,TRB,TRBV5-5,None,TRBJ1-2,TRBC1,True,True,CASSLGGGGRNGYTF,TGTGCCAGCAGCTTGGGAGGGGGCGGACGGAATGGCTACACCTTC,1131,3,clonotype3446,clonotype3446_consensus_2
TGCCCATAGTTAACGA-1,True,TGCCCATAGTTAACGA-1_contig_3,True,322,TRB,None,None,TRBJ1-1,TRBC1,False,False,None,None,2745,9,clonotype3446,None
TGCCCATCAAGGTGTG-1,True,TGCCCATCAAGGTGTG-1_contig_1,True,511,TRA,TRAV23/DV6,None,TRAJ40,TRAC,True,True,CAASRGSGTYKYIF,TGTGCAGCAAGCAGGGGCTCAGGAACCTACAAATACATCTTT,194,2,clonotype3447,clonotype3447_consensus_2
TGCCCATCAAGGTGTG-1,True,TGCCCATCAAGGTGTG-1_contig_2,True,498,TRB,TRBV20-1,None,TRBJ1-2,TRBC1,True,True,CSASQRTGGDGYTF,TGCAGTGCTTCCCAGAGGACAGGGGGCGATGGCTACACCTTC,2356,10,clonotype3447,clonotype3447_consensus_1
TGCCCATCACATCTTT-1,True,TGCCCATCACATCTTT-1_contig_1,True,505,TRA,TRAV1-2,None,TRAJ33,TRAC,True,True,CAATDSNYQLIW,TGTGCTGCGACTGATAGCAACTATCAGTTAATCTGG,565,3,clonotype1,clonotype1_consensus_2
TGCCCATCACATCTTT-1,True,TGCCCATCACATCTTT-1_contig_2,True,485,TRB,TRBV20-1,None,TRBJ2-1,TRBC2,True,True,CSARVGSEVNEQFF,TGCAGTGCTAGAGTGGGGTCGGAAGTCAATGAGCAGTTCTTC,1543,10,clonotype1,clonotype1_consensus_1
TGCCCATCAGACAAAT-1,True,TGCCCATCAGACAAAT-1_contig_1,True,538,TRA,TRAV12-2,None,TRAJ43,TRAC,True,True,CAVRNNNDMRF,TGTGCCGTGAGAAATAACAATGACATGCGCTTT,383,5,clonotype3448,clonotype3448_consensus_1
TGCCCATCAGACAAAT-1,True,TGCCCATCAGACAAAT-1_contig_2,True,500,TRB,TRBV5-5,None,TRBJ2-1,TRBC2,True,True,CASSRQANNEQFF,TGTGCCAGCAGCAGACAGGCTAACAATGAGCAGTTCTTC,1883,9,clonotype3448,clonotype3448_consensus_2
TGCCCATCAGCTGCTG-1,True,TGCCCATCAGCTGCTG-1_contig_1,True,514,TRB,TRBV20-1,None,TRBJ2-1,TRBC2,True,True,CSARVGSEVNEQFF,TGCAGTGCTAGAGTGGGGTCGGAAGTCAATGAGCAGTTCTTC,1099,3,clonotype2,clonotype2_consensus_1
TGCCCATCATTCTCAT-1,True,TGCCCATCATTCTCAT-1_contig_1,True,620,TRA,TRAV41,None,TRAJ48,TRAC,True,True,CAALGRDNFGNEKLTF,TGTGCTGCCCTTGGGAGGGATAACTTTGGAAATGAGAAATTAACCTTT,514,7,clonotype87,clonotype87_consensus_1
TGCCCATCATTCTCAT-1,True,TGCCCATCATTCTCAT-1_contig_2,True,508,TRB,TRBV5-5,None,TRBJ2-4,TRBC2,True,True,CASSLGSYLAKNIQYF,TGTGCCAGCAGCTTGGGCAGTTACCTAGCCAAAAACATTCAGTACTTC,1192,5,clonotype87,clonotype87_consensus_2
TGCCCATGTCACAAGG-1,True,TGCCCATGTCACAAGG-1_contig_1,True,483,TRB,TRBV20-1,None,TRBJ2-3,TRBC2,True,True,CSARVNRVQYF,TGCAGTGCTAGAGTTAACAGGGTACAGTATTTT,1670,9,clonotype239,clonotype239_consensus_1
TGCCCATGTCTAAACC-1,True,TGCCCATGTCTAAACC-1_contig_1,True,489,TRB,TRBV20-1,None,TRBJ1-1,TRBC1,True,True,CSASRTGGDRAFF,TGCAGTGCTAGCCGGACAGGGGGCGACAGAGCTTTCTTT,2023,10,clonotype3449,clonotype3449_consensus_2
TGCCCATGTCTAAACC-1,True,TGCCCATGTCTAAACC-1_contig_2,True,509,TRA,TRAV25,None,TRAJ37,TRAC,True,True,CADPGSSNTGKLIF,TGTGCAGACCCTGGCTCTAGCAACACAGGCAAACTAATCTTT,298,2,clonotype3449,clonotype3449_consensus_3
TGCCCATGTCTAAACC-1,True,TGCCCATGTCTAAACC-1_contig_3,True,557,TRA,TRAV16,None,TRAJ56,TRAC,True,True,CALTPPPTGANSKLTF,TGTGCTCTAACCCCACCTCCCACTGGAGCCAATAGTAAGCTGACATTT,285,3,clonotype3449,clonotype3449_consensus_1
TGCCCATTCAGCGACC-1,True,TGCCCATTCAGCGACC-1_contig_1,True,505,TRA,TRAV1-2,None,TRAJ33,TRAC,True,True,CAATDSNYQLIW,TGTGCTGCGACTGATAGCAACTATCAGTTAATCTGG,556,2,clonotype1,clonotype1_consensus_2
TGCCCATTCAGCGACC-1,True,TGCCCATTCAGCGACC-1_contig_2,True,492,TRB,TRBV20-1,None,TRBJ2-1,TRBC2,True,True,CSARVGSEVNEQFF,TGCAGTGCTAGAGTGGGGTCGGAAGTCAATGAGCAGTTCTTC,1274,5,clonotype1,clonotype1_consensus_1
TGCCCATTCCTCTAGC-1,True,TGCCCATTCCTCTAGC-1_contig_1,True,565,TRA,TRAV29/DV5,None,TRAJ40,TRAC,True,True,CAATGGTYKYIF,TGTGCAGCAACTGGGGGAACCTACAAATACATCTTT,7902,10,clonotype3450,clonotype3450_consensus_1
TGCCCATTCCTCTAGC-1,True,TGCCCATTCCTCTAGC-1_contig_2,True,484,TRB,TRBV5-6,None,TRBJ1-2,TRBC1,True,True,CASSLPPGQGYYGYTF,TGTGCCAGCAGCCTACCCCCCGGACAGGGCTACTATGGCTACACCTTC,1066,4,clonotype3450,clonotype3450_consensus_2
TGCCCATTCCTCTAGC-1,True,TGCCCATTCCTCTAGC-1_contig_3,True,507,TRB,TRBV20-1,None,TRBJ1-5,TRBC1,True,True,CSGTRGGVELGNQPQHF,TGCAGTGGGACTCGGGGAGGGGTCGAATTGGGCAATCAGCCCCAGCATTTT,8634,13,clonotype3450,clonotype3450_consensus_3
TGCCCATTCCTCTAGC-1,True,TGCCCATTCCTCTAGC-1_contig_4,True,569,TRA,TRAV19,None,TRAJ37,TRAC,True,False,None,None,329,1,clonotype3450,None
TGCCCATTCCTTAATC-1,True,TGCCCATTCCTTAATC-1_contig_1,True,500,TRA,TRAV1-2,None,TRAJ33,TRAC,True,True,CAATDSNYQLIW,TGTGCTGCGACTGATAGCAACTATCAGTTAATCTGG,147,1,clonotype1,clonotype1_consensus_2
TGCCCATTCCTTAATC-1,True,TGCCCATTCCTTAATC-1_contig_2,True,498,TRB,TRBV20-1,None,TRBJ2-1,TRBC2,True,True,CSARVGSEVNEQFF,TGCAGTGCTAGAGTGGGGTCGGAAGTCAATGAGCAGTTCTTC,3894,7,clonotype1,clonotype1_consensus_1
TGCCCTAAGCAGCGTA-1,True,TGCCCTAAGCAGCGTA-1_contig_1,True,512,TRB,TRBV20-1,None,TRBJ2-5,TRBC2,True,True,CSASLRETQYF,TGCAGTGCTAGTCTAAGGGAGACCCAGTACTTC,3131,10,clonotype3451,clonotype3451_consensus_2
TGCCCTAAGCAGCGTA-1,True,TGCCCTAAGCAGCGTA-1_contig_2,True,651,TRA,TRAV8-3,None,TRAJ20,TRAC,True,True,CAVGSNDYKLSF,TGTGCTGTGGGTTCTAACGACTACAAGCTCAGCTTT,1314,5,clonotype3451,clonotype3451_consensus_1
TGCCCTAAGCGTAATA-1,True,TGCCCTAAGCGTAATA-1_contig_1,True,515,TRB,TRBV20-1,None,TRBJ1-2,TRBC1,True,True,CSADPTGRGYTF,TGCAGTGCGGATCCGACAGGCCGCGGCTACACCTTC,7636,11,clonotype3452,clonotype3452_consensus_2
TGCCCTAAGCGTAATA-1,True,TGCCCTAAGCGTAATA-1_contig_2,True,523,TRA,TRAV21,None,TRAJ39,TRAC,True,True,CAVRPPRAGNMLTF,TGTGCTGTGAGGCCACCAAGGGCAGGCAACATGCTCACCTTT,19766,11,clonotype3452,clonotype3452_consensus_1
TGCCCTAAGCTAGTTC-1,True,TGCCCTAAGCTAGTTC-1_contig_1,True,528,TRA,TRAV5,None,TRAJ17,TRAC,True,True,CALVKAAGNKLTF,TGTGCACTCGTCAAAGCTGCAGGCAACAAGCTAACTTTT,7574,9,clonotype3453,clonotype3453_consensus_1
TGCCCTAAGCTAGTTC-1,True,TGCCCTAAGCTAGTTC-1_contig_2,True,527,TRB,TRBV20-1,None,TRBJ2-3,TRBC2,True,True,CSARGSATSATDTQYF,TGCAGTGCTAGAGGGTCGGCTACCTCGGCCACAGATACGCAGTATTTT,5280,15,clonotype3453,clonotype3453_consensus_2
TGCCCTAAGGATGTAT-1,True,TGCCCTAAGGATGTAT-1_contig_1,True,719,TRB,TRBV5-6,None,TRBJ1-5,TRBC1,True,True,CASSSAGWTDNNQPQHF,TGTGCCAGCAGCTCCGCAGGGTGGACGGATAACAATCAGCCCCAGCATTTT,526,5,clonotype3454,clonotype3454_consensus_1
TGCCCTAAGGATGTAT-1,True,TGCCCTAAGGATGTAT-1_contig_2,True,300,TRB,None,None,TRBJ2-5,TRBC2,False,False,None,None,600,6,clonotype3454,None
TGCCCTAAGGCCGAAT-1,True,TGCCCTAAGGCCGAAT-1_contig_1,True,521,TRB,TRBV20-1,None,TRBJ2-1,TRBC2,True,True,CSARVGSEVNEQFF,TGCAGTGCTAGAGTGGGGTCGGAAGTCAATGAGCAGTTCTTC,9185,6,clonotype2,clonotype2_consensus_1
TGCCCTAAGGCCGAAT-1,True,TGCCCTAAGGCCGAAT-1_contig_2,True,482,TRA,TRAV10,None,TRAJ24,TRAC,True,False,None,None,8597,3,clonotype2,None
TGCCCTAAGGCTAGAC-1,True,TGCCCTAAGGCTAGAC-1_contig_1,True,512,TRB,TRBV20-1,None,TRBJ1-1,TRBC1,True,True,CSAPINTEAFF,TGCAGTGCTCCAATAAACACTGAAGCTTTCTTT,4731,9,clonotype84,clonotype84_consensus_2
TGCCCTAAGGCTAGAC-1,True,TGCCCTAAGGCTAGAC-1_contig_2,True,551,TRA,TRAV16,None,TRAJ31,TRAC,True,True,CAFQNNNARLMF,TGTGCTTTCCAGAATAACAATGCCAGACTCATGTTT,1036,6,clonotype84,clonotype84_consensus_1
TGCCCTACAAGCCGCT-1,True,TGCCCTACAAGCCGCT-1_contig_1,True,505,TRA,TRAV1-2,None,TRAJ33,TRAC,True,True,CAATDSNYQLIW,TGTGCTGCGACTGATAGCAACTATCAGTTAATCTGG,297,4,clonotype1,clonotype1_consensus_2
TGCCCTACAAGCCGCT-1,True,TGCCCTACAAGCCGCT-1_contig_2,True,521,TRB,TRBV20-1,None,TRBJ2-1,TRBC2,True,True,CSARVGSEVNEQFF,TGCAGTGCTAGAGTGGGGTCGGAAGTCAATGAGCAGTTCTTC,940,7,clonotype1,clonotype1_consensus_1
TGCCCTACACCAACCG-1,True,TGCCCTACACCAACCG-1_contig_1,True,518,TRB,TRBV20-1,None,TRBJ2-2,TRBC2,True,True,CTATAGGTGELFF,TGCACAGCCACTGCAGGGGGCACCGGGGAGCTGTTTTTT,2125,11,clonotype365,clonotype365_consensus_1
TGCCCTACACCAACCG-1,True,TGCCCTACACCAACCG-1_contig_2,True,502,TRA,TRAV23/DV6,None,TRAJ49,TRAC,True,True,CAAPSGNQFYF,TGTGCAGCGCCTAGCGGTAACCAGTTCTATTTT,427,3,clonotype365,clonotype365_consensus_2
TGCCCTACACCAACCG-1,True,TGCCCTACACCAACCG-1_contig_3,True,568,TRA,TRAV26-1,None,TRAJ43,TRAC,True,True,CIVRVSINDMRF,TGCATCGTCAGAGTATCTATCAATGACATGCGCTTT,586,4,clonotype365,clonotype365_consensus_3
TGCCCTACAGCTCGAC-1,True,TGCCCTACAGCTCGAC-1_contig_1,True,475,TRB,TRBV5-6,None,TRBJ2-7,TRBC2,True,True,CASSFNRGYEQYF,TGTGCCAGCAGCTTCAACAGGGGGTACGAGCAGTACTTC,297,1,clonotype3455,clonotype3455_consensus_2
TGCCCTACAGCTCGAC-1,True,TGCCCTACAGCTCGAC-1_contig_2,True,599,TRA,TRAV12-1,None,TRAJ26,TRAC,True,True,CVVTPLWGQNFVF,TGTGTGGTGACGCCCCTATGGGGTCAGAATTTTGTCTTT,670,5,clonotype3455,clonotype3455_consensus_1
TGCCCTAGTATATGGA-1,True,TGCCCTAGTATATGGA-1_contig_1,True,505,TRA,TRAV1-2,None,TRAJ33,TRAC,True,True,CAATDSNYQLIW,TGTGCTGCGACTGATAGCAACTATCAGTTAATCTGG,188,7,clonotype1,clonotype1_consensus_2
TGCCCTAGTATATGGA-1,True,TGCCCTAGTATATGGA-1_contig_2,True,518,TRB,TRBV20-1,None,TRBJ2-1,TRBC2,True,True,CSARVGSEVNEQFF,TGCAGTGCTAGAGTGGGGTCGGAAGTCAATGAGCAGTTCTTC,839,6,clonotype1,clonotype1_consensus_1
TGCCCTAGTATATGGA-1,True,TGCCCTAGTATATGGA-1_contig_3,True,336,TRB,None,None,TRBJ1-6,TRBC1,False,False,None,None,194,3,clonotype1,None
TGCCCTAGTGCGGTAA-1,True,TGCCCTAGTGCGGTAA-1_contig_1,True,501,TRB,TRBV20-1,None,TRBJ2-5,TRBC2,True,True,CSATRSGGVQETQYF,TGCAGTGCTACCCGGAGCGGGGGGGTGCAAGAGACCCAGTACTTC,3418,16,clonotype3456,clonotype3456_consensus_1
TGCCCTAGTTAAAGAC-1,True,TGCCCTAGTTAAAGAC-1_contig_1,True,518,TRB,TRBV20-1,None,TRBJ2-3,TRBC2,True,True,CSARGTSTDTQYF,TGCAGTGCTAGGGGCACTAGCACAGATACGCAGTATTTT,8518,8,clonotype3457,clonotype3457_consensus_2
TGCCCTAGTTAAAGAC-1,True,TGCCCTAGTTAAAGAC-1_contig_2,True,453,TRA,TRAV34,None,TRAJ20,TRAC,True,True,CGADNKLSF,TGTGGAGCAGACAACAAGCTCAGCTTT,1614,7,clonotype3457,clonotype3457_consensus_1
TGCCCTAGTTGAGGTG-1,True,TGCCCTAGTTGAGGTG-1_contig_1,True,515,TRB,TRBV20-1,None,TRBJ1-2,TRBC1,True,True,CSAPQGYYGYTF,TGCAGTGCCCCACAGGGTTACTATGGCTACACCTTC,6472,28,clonotype24,clonotype24_consensus_1
TGCCCTAGTTGAGGTG-1,True,TGCCCTAGTTGAGGTG-1_contig_2,True,514,TRA,TRAV34,None,TRAJ30,TRAC,True,True,CGADGGDDKIIF,TGTGGAGCAGACGGCGGGGATGACAAGATCATCTTT,1116,6,clonotype24,clonotype24_consensus_2
TGCCCTATCAGCGACC-1,True,TGCCCTATCAGCGACC-1_contig_1,True,500,TRB,TRBV5-5,None,TRBJ1-2,TRBC1,True,True,CASSVGQEDGYTF,TGTGCCAGCAGCGTGGGACAGGAGGATGGCTACACCTTC,1216,7,clonotype3458,clonotype3458_consensus_1
TGCCCTATCAGCGACC-1,True,TGCCCTATCAGCGACC-1_contig_2,True,506,TRA,TRAV13-2,None,TRAJ58,TRAC,True,True,CAENIYGSRLTF,TGTGCAGAGAATATTTATGGCTCTAGGTTGACCTTT,1224,7,clonotype3458,clonotype3458_consensus_2
TGCCCTATCGAACTGT-1,True,TGCCCTATCGAACTGT-1_contig_1,True,505,TRA,TRAV1-2,None,TRAJ33,TRAC,True,True,CAATDSNYQLIW,TGTGCTGCGACTGATAGCAACTATCAGTTAATCTGG,325,6,clonotype1,clonotype1_consensus_2
TGCCCTATCGAACTGT-1,True,TGCCCTATCGAACTGT-1_contig_2,True,496,TRB,TRBV20-1,None,TRBJ2-1,TRBC2,True,True,CSARVGSEVNEQFF,TGCAGTGCTAGAGTGGGGTCGGAAGTCAATGAGCAGTTCTTC,910,6,clonotype1,clonotype1_consensus_1
TGCCCTATCGTAGATC-1,True,TGCCCTATCGTAGATC-1_contig_1,True,484,TRA,TRAV1-2,None,TRAJ33,TRAC,True,True,CAATDSNYQLIW,TGTGCTGCGACTGATAGCAACTATCAGTTAATCTGG,353,1,clonotype1,clonotype1_consensus_2
TGCCCTATCGTAGATC-1,True,TGCCCTATCGTAGATC-1_contig_2,True,472,TRB,TRBV20-1,None,TRBJ2-1,TRBC2,True,True,CSARVGSEVNEQFF,TGCAGTGCTAGAGTGGGGTCGGAAGTCAATGAGCAGTTCTTC,308,2,clonotype1,clonotype1_consensus_1
TGCCCTATCTCCAGGG-1,True,TGCCCTATCTCCAGGG-1_contig_1,True,527,TRB,TRBV20-1,None,TRBJ2-2,TRBC2,True,True,CSARDSQRGDTGELFF,TGCAGTGCTAGAGATTCGCAGAGGGGCGACACCGGGGAGCTGTTTTTT,1634,9,clonotype374,clonotype374_consensus_1
TGCCCTATCTCCAGGG-1,True,TGCCCTATCTCCAGGG-1_contig_2,True,560,TRA,TRAV8-1,None,TRAJ23,TRAC,True,False,None,None,128,3,clonotype374,None
TGCCCTATCTCCCTGA-1,True,TGCCCTATCTCCCTGA-1_contig_1,True,476,TRA,TRAV12-1,None,TRAJ6,TRAC,True,True,CVSGGSYIPTF,TGTGTATCAGGAGGAAGCTACATACCTACATTT,870,6,clonotype3459,clonotype3459_consensus_1
TGCCCTATCTCCCTGA-1,True,TGCCCTATCTCCCTGA-1_contig_2,True,502,TRB,TRBV7-2,None,TRBJ1-6,TRBC1,True,True,CASSYREGRESPLHF,TGTGCCAGCAGTTACAGGGAGGGTCGGGAGTCACCCCTCCACTTT,5333,20,clonotype3459,clonotype3459_consensus_2
TGCCCTATCTCCCTGA-1,True,TGCCCTATCTCCCTGA-1_contig_3,True,488,TRA,TRAV1-1,None,TRAJ33,TRAC,True,False,None,None,194,5,clonotype3459,None
TGCCCTATCTCTGCTG-1,True,TGCCCTATCTCTGCTG-1_contig_1,True,508,TRA,TRAV5,None,TRAJ26,TRAC,True,True,CAEKGENNYGQNFVF,TGCGCAGAGAAAGGGGAGAATAACTATGGTCAGAATTTTGTCTTT,268,1,clonotype3460,clonotype3460_consensus_2
TGCCCTATCTCTGCTG-1,True,TGCCCTATCTCTGCTG-1_contig_2,True,518,TRB,TRBV20-1,None,TRBJ2-7,TRBC2,True,True,CSARVPGGDEQYF,TGCAGTGCTAGGGTACCGGGGGGCGACGAGCAGTACTTC,3280,9,clonotype3460,clonotype3460_consensus_1
TGCCCTATCTCTGCTG-1,True,TGCCCTATCTCTGCTG-1_contig_3,True,511,TRA,TRAV23/DV6,None,TRAJ3,TRAC,True,True,CAASLLSSASKIIF,TGTGCAGCAAGCCTGTTAAGCAGTGCTTCCAAGATAATCTTT,117,5,clonotype3460,clonotype3460_consensus_3
TGCCCTATCTTAGAGC-1,True,TGCCCTATCTTAGAGC-1_contig_1,True,580,TRA,TRAV26-1,None,TRAJ37,TRAC,True,True,CIVRVGGSSNTGKLIF,TGCATCGTCAGAGTCGGGGGCTCTAGCAACACAGGCAAACTAATCTTT,353,5,clonotype3461,clonotype3461_consensus_1
TGCCCTATCTTAGAGC-1,True,TGCCCTATCTTAGAGC-1_contig_2,True,524,TRB,TRBV20-1,None,TRBJ2-7,TRBC2,True,True,CSARDIAGGRHEQYF,TGCAGTGCTAGGGATATAGCGGGGGGCCGCCACGAGCAGTACTTC,1929,10,clonotype3461,clonotype3461_consensus_2
TGCGCAGAGCACACAG-1,True,TGCGCAGAGCACACAG-1_contig_1,True,505,TRA,TRAV1-2,None,TRAJ33,TRAC,True,True,CAATDSNYQLIW,TGTGCTGCGACTGATAGCAACTATCAGTTAATCTGG,191,1,clonotype1,clonotype1_consensus_2
TGCGCAGAGCACACAG-1,True,TGCGCAGAGCACACAG-1_contig_2,True,521,TRB,TRBV20-1,None,TRBJ2-1,TRBC2,True,True,CSARVGSEVNEQFF,TGCAGTGCTAGAGTGGGGTCGGAAGTCAATGAGCAGTTCTTC,3444,13,clonotype1,clonotype1_consensus_1
TGCGCAGAGCACACAG-1,True,TGCGCAGAGCACACAG-1_contig_3,True,463,TRA,TRAV10,None,TRAJ24,TRAC,True,False,None,None,91,2,clonotype1,None
TGCGCAGAGCACAGGT-1,True,TGCGCAGAGCACAGGT-1_contig_1,True,505,TRA,TRAV1-2,None,TRAJ33,TRAC,True,True,CAATDSNYQLIW,TGTGCTGCGACTGATAGCAACTATCAGTTAATCTGG,892,3,clonotype1,clonotype1_consensus_2
TGCGCAGAGCACAGGT-1,True,TGCGCAGAGCACAGGT-1_contig_2,True,521,TRB,TRBV20-1,None,TRBJ2-1,TRBC2,True,True,CSARVGSEVNEQFF,TGCAGTGCTAGAGTGGGGTCGGAAGTCAATGAGCAGTTCTTC,2526,11,clonotype1,clonotype1_consensus_1
TGCGCAGAGCTGGAAC-1,True,TGCGCAGAGCTGGAAC-1_contig_1,True,521,TRB,TRBV20-1,None,TRBJ1-1,TRBC1,True,True,CSATDRARYTEAFF,TGCAGTGCCACGGACAGGGCGAGGTACACTGAAGCTTTCTTT,1459,5,clonotype264,clonotype264_consensus_1
TGCGCAGAGCTGGAAC-1,True,TGCGCAGAGCTGGAAC-1_contig_2,True,510,TRB,TRBV6-5,None,TRBJ2-3,TRBC2,True,False,None,None,1295,4,clonotype264,None
TGCGCAGAGTACACCT-1,True,TGCGCAGAGTACACCT-1_contig_1,True,518,TRB,TRBV20-1,None,TRBJ2-3,TRBC2,True,True,CSASTSGTDTQYF,TGCAGTGCTAGTACTAGCGGCACAGATACGCAGTATTTT,3088,12,clonotype3462,clonotype3462_consensus_2
TGCGCAGAGTACACCT-1,True,TGCGCAGAGTACACCT-1_contig_2,True,475,TRA,TRAV21,None,TRAJ8,TRAC,True,True,CAVAGFQKLVF,TGTGCTGTTGCAGGCTTTCAGAAACTTGTATTT,1555,5,clonotype3462,clonotype3462_consensus_1
TGCGCAGAGTCCGTAT-1,True,TGCGCAGAGTCCGTAT-1_contig_1,True,518,TRB,TRBV20-1,None,TRBJ2-1,TRBC2,True,True,CSARGGGYNEQFF,TGCAGTGCTAGGGGCGGGGGATACAATGAGCAGTTCTTC,5449,18,clonotype3463,clonotype3463_consensus_2
TGCGCAGAGTCCGTAT-1,True,TGCGCAGAGTCCGTAT-1_contig_2,True,574,TRA,TRAV8-1,None,TRAJ26,TRAC,True,True,CAVRGDNYGQNFVF,TGTGCCGTGAGAGGGGATAACTATGGTCAGAATTTTGTCTTT,284,2,clonotype3463,clonotype3463_consensus_1
TGCGCAGAGTCCGTAT-1,True,TGCGCAGAGTCCGTAT-1_contig_3,True,509,Multi,TRDV1,None,TRAJ22,TRAC,True,False,CSGPNSSGSARQLTF,TGCTCTGGTCCTAATTCTTCTGGTTCTGCAAGGCAACTGACCTTT,187,1,clonotype3463,None
TGCGCAGAGTGAACAT-1,True,TGCGCAGAGTGAACAT-1_contig_1,True,521,TRB,TRBV20-1,None,TRBJ2-1,TRBC2,True,True,CSARVGSEVNEQFF,TGCAGTGCTAGAGTGGGGTCGGAAGTCAATGAGCAGTTCTTC,879,5,clonotype2,clonotype2_consensus_1
TGCGCAGAGTGAACAT-1,True,TGCGCAGAGTGAACAT-1_contig_2,True,482,TRA,TRAV10,None,TRAJ24,TRAC,True,False,None,None,166,3,clonotype2,None
TGCGCAGCAGCTCCGA-1,True,TGCGCAGCAGCTCCGA-1_contig_1,True,505,TRA,TRAV1-2,None,TRAJ33,TRAC,True,True,CAATDSNYQLIW,TGTGCTGCGACTGATAGCAACTATCAGTTAATCTGG,515,3,clonotype8,clonotype8_consensus_1
TGCGCAGCAGCTCCGA-1,True,TGCGCAGCAGCTCCGA-1_contig_2,True,541,TRB,TRBV20-1,None,TRBJ2-1,TRBC2,True,False,CSARVGSEVNEQFF,TGCAGTGCTAGAGTGGGGTCGGAAGTCAATGAGCAGTTCTTC,532,3,clonotype8,None
TGCGCAGGTACTCGCG-1,True,TGCGCAGGTACTCGCG-1_contig_1,True,521,TRB,TRBV20-1,None,TRBJ2-1,TRBC2,True,True,CSARVGSEVNEQFF,TGCAGTGCTAGAGTGGGGTCGGAAGTCAATGAGCAGTTCTTC,1025,5,clonotype2,clonotype2_consensus_1
TGCGCAGGTACTCGCG-1,True,TGCGCAGGTACTCGCG-1_contig_2,True,440,TRA,TRAV10,None,TRAJ24,TRAC,True,False,None,None,161,1,clonotype2,None
TGCGCAGGTCTGCAAT-1,True,TGCGCAGGTCTGCAAT-1_contig_1,True,505,TRA,TRAV1-2,None,TRAJ33,TRAC,True,True,CAATDSNYQLIW,TGTGCTGCGACTGATAGCAACTATCAGTTAATCTGG,338,3,clonotype1,clonotype1_consensus_2
TGCGCAGGTCTGCAAT-1,True,TGCGCAGGTCTGCAAT-1_contig_2,True,502,TRB,TRBV20-1,None,TRBJ2-1,TRBC2,True,True,CSARVGSEVNEQFF,TGCAGTGCTAGAGTGGGGTCGGAAGTCAATGAGCAGTTCTTC,1097,6,clonotype1,clonotype1_consensus_1
TGCGCAGGTCTGCAAT-1,True,TGCGCAGGTCTGCAAT-1_contig_3,True,458,TRA,TRAV10,None,TRAJ24,TRAC,True,False,None,None,73,2,clonotype1,None
TGCGCAGGTTCGAATC-1,True,TGCGCAGGTTCGAATC-1_contig_1,True,502,TRA,TRAV1-2,None,TRAJ33,TRAC,True,True,CAATDSNYQLIW,TGTGCTGCGACTGATAGCAACTATCAGTTAATCTGG,977,3,clonotype1,clonotype1_consensus_2
TGCGCAGGTTCGAATC-1,True,TGCGCAGGTTCGAATC-1_contig_2,True,498,TRB,TRBV20-1,None,TRBJ2-1,TRBC2,True,True,CSARVGSEVNEQFF,TGCAGTGCTAGAGTGGGGTCGGAAGTCAATGAGCAGTTCTTC,3429,9,clonotype1,clonotype1_consensus_1
TGCGCAGGTTCGAATC-1,True,TGCGCAGGTTCGAATC-1_contig_3,True,482,TRA,TRAV10,None,TRAJ24,TRAC,True,False,None,None,1071,1,clonotype1,None
TGCGCAGTCAATAAGG-1,True,TGCGCAGTCAATAAGG-1_contig_1,True,505,TRA,TRAV1-2,None,TRAJ33,TRAC,True,True,CAATDSNYQLIW,TGTGCTGCGACTGATAGCAACTATCAGTTAATCTGG,530,1,clonotype1,clonotype1_consensus_2
TGCGCAGTCAATAAGG-1,True,TGCGCAGTCAATAAGG-1_contig_2,True,521,TRB,TRBV20-1,None,TRBJ2-1,TRBC2,True,True,CSARVGSEVNEQFF,TGCAGTGCTAGAGTGGGGTCGGAAGTCAATGAGCAGTTCTTC,3577,11,clonotype1,clonotype1_consensus_1
TGCGCAGTCAATAAGG-1,True,TGCGCAGTCAATAAGG-1_contig_3,True,467,TRA,TRAV10,None,TRAJ24,TRAC,True,False,None,None,191,4,clonotype1,None
TGCGCAGTCATGTCCC-1,True,TGCGCAGTCATGTCCC-1_contig_1,True,505,TRA,TRAV1-2,None,TRAJ33,TRAC,True,True,CAATDSNYQLIW,TGTGCTGCGACTGATAGCAACTATCAGTTAATCTGG,139,1,clonotype1,clonotype1_consensus_2
TGCGCAGTCATGTCCC-1,True,TGCGCAGTCATGTCCC-1_contig_2,True,492,TRB,TRBV20-1,None,TRBJ2-1,TRBC2,True,True,CSARVGSEVNEQFF,TGCAGTGCTAGAGTGGGGTCGGAAGTCAATGAGCAGTTCTTC,10131,6,clonotype1,clonotype1_consensus_1
TGCGCAGTCATGTCCC-1,True,TGCGCAGTCATGTCCC-1_contig_3,True,482,TRA,TRAV10,None,TRAJ24,TRAC,True,False,None,None,5375,1,clonotype1,None
TGCGCAGTCCGTACAA-1,True,TGCGCAGTCCGTACAA-1_contig_1,True,505,TRA,TRAV1-2,None,TRAJ33,TRAC,True,True,CAATDSNYQLIW,TGTGCTGCGACTGATAGCAACTATCAGTTAATCTGG,542,2,clonotype1,clonotype1_consensus_2
TGCGCAGTCCGTACAA-1,True,TGCGCAGTCCGTACAA-1_contig_2,True,498,TRB,TRBV20-1,None,TRBJ2-1,TRBC2,True,True,CSARVGSEVNEQFF,TGCAGTGCTAGAGTGGGGTCGGAAGTCAATGAGCAGTTCTTC,2239,5,clonotype1,clonotype1_consensus_1
TGCGCAGTCCTACAGA-1,True,TGCGCAGTCCTACAGA-1_contig_1,True,505,TRA,TRAV1-2,None,TRAJ33,TRAC,True,True,CAATDSNYQLIW,TGTGCTGCGACTGATAGCAACTATCAGTTAATCTGG,526,8,clonotype1,clonotype1_consensus_2
TGCGCAGTCCTACAGA-1,True,TGCGCAGTCCTACAGA-1_contig_2,True,492,TRB,TRBV20-1,None,TRBJ2-1,TRBC2,True,True,CSARVGSEVNEQFF,TGCAGTGCTAGAGTGGGGTCGGAAGTCAATGAGCAGTTCTTC,2891,7,clonotype1,clonotype1_consensus_1
TGCGCAGTCGCAAACT-1,True,TGCGCAGTCGCAAACT-1_contig_1,True,505,TRA,TRAV1-2,None,TRAJ33,TRAC,True,True,CAATDSNYQLIW,TGTGCTGCGACTGATAGCAACTATCAGTTAATCTGG,569,5,clonotype1,clonotype1_consensus_2
TGCGCAGTCGCAAACT-1,True,TGCGCAGTCGCAAACT-1_contig_2,True,521,TRB,TRBV20-1,None,TRBJ2-1,TRBC2,True,True,CSARVGSEVNEQFF,TGCAGTGCTAGAGTGGGGTCGGAAGTCAATGAGCAGTTCTTC,2878,15,clonotype1,clonotype1_consensus_1
TGCGCAGTCTCGCTTG-1,True,TGCGCAGTCTCGCTTG-1_contig_1,True,489,TRA,TRAV1-2,None,TRAJ33,TRAC,True,True,CAATDSNYQLIW,TGTGCTGCGACTGATAGCAACTATCAGTTAATCTGG,1202,3,clonotype1,clonotype1_consensus_2
TGCGCAGTCTCGCTTG-1,True,TGCGCAGTCTCGCTTG-1_contig_2,True,498,TRB,TRBV20-1,None,TRBJ2-1,TRBC2,True,True,CSARVGSEVNEQFF,TGCAGTGCTAGAGTGGGGTCGGAAGTCAATGAGCAGTTCTTC,1514,7,clonotype1,clonotype1_consensus_1
TGCGCAGTCTGCAAGT-1,True,TGCGCAGTCTGCAAGT-1_contig_1,True,505,TRA,TRAV1-2,None,TRAJ33,TRAC,True,True,CAATDSNYQLIW,TGTGCTGCGACTGATAGCAACTATCAGTTAATCTGG,222,3,clonotype1,clonotype1_consensus_2
TGCGCAGTCTGCAAGT-1,True,TGCGCAGTCTGCAAGT-1_contig_2,True,521,TRB,TRBV20-1,None,TRBJ2-1,TRBC2,True,True,CSARVGSEVNEQFF,TGCAGTGCTAGAGTGGGGTCGGAAGTCAATGAGCAGTTCTTC,2265,6,clonotype1,clonotype1_consensus_1
TGCGGGTAGAATCTCC-1,True,TGCGGGTAGAATCTCC-1_contig_1,True,505,TRA,TRAV1-2,None,TRAJ33,TRAC,True,True,CAATDSNYQLIW,TGTGCTGCGACTGATAGCAACTATCAGTTAATCTGG,114,1,clonotype1,clonotype1_consensus_2
TGCGGGTAGAATCTCC-1,True,TGCGGGTAGAATCTCC-1_contig_2,True,521,TRB,TRBV20-1,None,TRBJ2-1,TRBC2,True,True,CSARVGSEVNEQFF,TGCAGTGCTAGAGTGGGGTCGGAAGTCAATGAGCAGTTCTTC,12314,10,clonotype1,clonotype1_consensus_1
TGCGGGTAGAATCTCC-1,True,TGCGGGTAGAATCTCC-1_contig_3,True,500,TRA,TRAV10,None,TRAJ24,TRAC,True,False,None,None,1268,3,clonotype1,None
TGCGGGTAGGCCCTTG-1,True,TGCGGGTAGGCCCTTG-1_contig_1,True,524,TRB,TRBV20-1,None,TRBJ2-3,TRBC2,True,True,CSARFGGGLSGTQYF,TGCAGTGCTAGGTTTGGCGGGGGCCTCTCTGGTACGCAGTATTTT,14015,18,clonotype3464,clonotype3464_consensus_1
TGCGGGTAGGCCCTTG-1,True,TGCGGGTAGGCCCTTG-1_contig_2,True,580,TRA,TRAV26-1,None,TRAJ58,TRAC,True,True,CIVRAKETSGSRLTF,TGCATCGTCAGAGCAAAAGAAACCAGTGGCTCTAGGTTGACCTTT,1024,6,clonotype3464,clonotype3464_consensus_2
TGCGGGTAGGCTACGA-1,True,TGCGGGTAGGCTACGA-1_contig_1,True,502,TRA,TRAV1-2,None,TRAJ30,TRAC,True,True,CAVRDLREIIF,TGTGCTGTGAGAGATCTTCGGGAGATCATCTTT,200,3,clonotype17,clonotype17_consensus_1
TGCGGGTAGGGTCGAT-1,True,TGCGGGTAGGGTCGAT-1_contig_1,True,518,TRB,TRBV20-1,None,TRBJ2-1,TRBC2,True,True,CSARVGSEVNEQFF,TGCAGTGCTAGAGTGGGGTCGGAAGTCAATGAGCAGTTCTTC,1807,7,clonotype2,clonotype2_consensus_1
TGCGGGTAGGGTCGAT-1,True,TGCGGGTAGGGTCGAT-1_contig_2,True,482,TRA,TRAV10,None,TRAJ24,TRAC,True,False,None,None,196,3,clonotype2,None
TGCGGGTAGTCTCGGC-1,True,TGCGGGTAGTCTCGGC-1_contig_1,True,642,TRA,TRAV26-1,None,TRAJ13,TRAC,True,True,CIVRPRNSGGYQKVTF,TGCATCGTCAGACCTCGGAATTCTGGGGGTTACCAGAAAGTTACCTTT,1657,6,clonotype219,clonotype219_consensus_2
TGCGGGTAGTCTCGGC-1,True,TGCGGGTAGTCTCGGC-1_contig_2,True,658,TRB,TRBV5-6,None,TRBJ1-2,TRBC1,True,True,CASSLGQGGVGYTF,TGTGCCAGCAGCTTGGGACAGGGGGGAGTTGGCTACACCTTC,1972,5,clonotype219,clonotype219_consensus_1
TGCGGGTAGTCTCGGC-1,True,TGCGGGTAGTCTCGGC-1_contig_3,True,676,TRA,TRAV8-6,None,TRAJ12,TRAC,True,False,CAVTALDSSYKLIF,TGTGCTGTGACCGCGCTGGATAGCAGCTATAAATTGATCTTC,379,2,clonotype219,None
TGCGGGTCACCAGCAC-1,True,TGCGGGTCACCAGCAC-1_contig_1,True,504,TRB,TRBV5-5,None,TRBJ2-7,TRBC2,True,True,CASSPATYEQYF,TGTGCCAGCAGCCCGGCGACCTACGAGCAGTACTTC,2306,12,clonotype3465,clonotype3465_consensus_1
TGCGGGTCACGACTCG-1,True,TGCGGGTCACGACTCG-1_contig_1,True,518,TRB,TRBV20-1,None,TRBJ1-2,TRBC1,True,True,CSGTPRPGRGYTF,TGCAGTGGAACCCCAAGACCTGGGAGGGGCTACACCTTC,3446,9,clonotype3466,clonotype3466_consensus_2
TGCGGGTCACGACTCG-1,True,TGCGGGTCACGACTCG-1_contig_2,True,583,TRA,TRAV17,None,TRAJ56,TRAC,True,True,CATDTGANSKLTF,TGTGCTACGGATACTGGAGCCAATAGTAAGCTGACATTT,858,5,clonotype3466,clonotype3466_consensus_1
TGCGGGTCAGCTATTG-1,True,TGCGGGTCAGCTATTG-1_contig_1,True,524,TRB,TRBV20-1,None,TRBJ2-5,TRBC2,True,True,CSASPEGQRPETQYF,TGCAGTGCTAGTCCCGAGGGACAGAGACCAGAGACCCAGTACTTC,909,5,clonotype279,clonotype279_consensus_1
TGCGGGTCAGCTCGAC-1,True,TGCGGGTCAGCTCGAC-1_contig_1,True,505,TRA,TRAV1-2,None,TRAJ33,TRAC,True,True,CAATDSNYQLIW,TGTGCTGCGACTGATAGCAACTATCAGTTAATCTGG,1444,8,clonotype1,clonotype1_consensus_2
TGCGGGTCAGCTCGAC-1,True,TGCGGGTCAGCTCGAC-1_contig_2,True,521,TRB,TRBV20-1,None,TRBJ2-1,TRBC2,True,True,CSARVGSEVNEQFF,TGCAGTGCTAGAGTGGGGTCGGAAGTCAATGAGCAGTTCTTC,726,6,clonotype1,clonotype1_consensus_1
TGCGGGTCAGGCTGAA-1,True,TGCGGGTCAGGCTGAA-1_contig_1,True,501,TRA,TRAV12-3,None,TRAJ24,TRAC,True,True,CAMSAADSWGKFQF,TGTGCAATGAGCGCAGCTGACAGCTGGGGGAAATTCCAGTTT,694,4,clonotype3467,clonotype3467_consensus_1
TGCGGGTCAGGCTGAA-1,True,TGCGGGTCAGGCTGAA-1_contig_2,True,660,TRB,TRBV5-6,None,TRBJ2-6,TRBC2,True,True,CASRLGSGANVLTF,TGTGCCAGCAGGCTTGGGTCTGGGGCCAACGTCCTGACTTTC,4837,13,clonotype3467,clonotype3467_consensus_2
TGCGGGTCAGTCGTGC-1,True,TGCGGGTCAGTCGTGC-1_contig_1,True,515,TRB,TRBV20-1,None,TRBJ2-3,TRBC2,True,True,CSARGSVDTQYF,TGCAGTGCTAGAGGGTCTGTCGATACGCAGTATTTT,2680,13,clonotype168,clonotype168_consensus_2
TGCGGGTCAGTCGTGC-1,True,TGCGGGTCAGTCGTGC-1_contig_2,True,574,TRA,TRAV29/DV5,None,TRAJ4,TRAC,True,True,CAASPEAGGYNKLIF,TGTGCAGCAAGCCCCGAGGCTGGTGGCTACAATAAGCTGATTTTT,1890,7,clonotype168,clonotype168_consensus_1
TGCGGGTCATCAGTAC-1,True,TGCGGGTCATCAGTAC-1_contig_1,True,491,TRB,TRBV20-1,None,TRBJ1-5,TRBC1,True,True,CSAIQGFQPQHF,TGCAGTGCCATACAGGGCTTTCAGCCCCAGCATTTT,850,6,clonotype3468,clonotype3468_consensus_2
TGCGGGTCATCAGTAC-1,True,TGCGGGTCATCAGTAC-1_contig_2,True,473,TRA,TRAV17,None,TRAJ41,TRAC,True,True,CATDIPNSGYALNF,TGTGCTACGGATATTCCAAATTCCGGGTATGCACTCAACTTC,52,1,clonotype3468,clonotype3468_consensus_1
TGCGGGTCATCAGTAC-1,True,TGCGGGTCATCAGTAC-1_contig_3,True,507,TRB,TRBV12-4,None,TRBJ2-1,TRBC2,True,True,CASRLLAGGGSEQFF,TGTGCCAGCAGGCTACTAGCGGGGGGGGGTAGTGAGCAGTTCTTC,1378,8,clonotype3468,clonotype3468_consensus_3
TGCGGGTGTCAATGTC-1,True,TGCGGGTGTCAATGTC-1_contig_1,True,502,TRA,TRAV1-2,None,TRAJ30,TRAC,True,True,CAVRDLREIIF,TGTGCTGTGAGAGATCTTCGGGAGATCATCTTT,911,7,clonotype3,clonotype3_consensus_2
TGCGGGTGTCAATGTC-1,True,TGCGGGTGTCAATGTC-1_contig_2,True,517,TRB,TRBV5-5,None,TRBJ1-4,TRBC1,True,True,CASSHPGPNYATNEKLFF,TGTGCCAGCAGCCATCCCGGACCGAACTACGCAACTAATGAAAAACTGTTTTTT,705,3,clonotype3,clonotype3_consensus_1
TGCGGGTGTCATCGGC-1,True,TGCGGGTGTCATCGGC-1_contig_1,True,505,TRA,TRAV1-2,None,TRAJ33,TRAC,True,True,CAATDSNYQLIW,TGTGCTGCGACTGATAGCAACTATCAGTTAATCTGG,871,2,clonotype1,clonotype1_consensus_2
TGCGGGTGTCATCGGC-1,True,TGCGGGTGTCATCGGC-1_contig_2,True,514,TRB,TRBV20-1,None,TRBJ2-1,TRBC2,True,True,CSARVGSEVNEQFF,TGCAGTGCTAGAGTGGGGTCGGAAGTCAATGAGCAGTTCTTC,2067,7,clonotype1,clonotype1_consensus_1
TGCGGGTGTCATCGGC-1,True,TGCGGGTGTCATCGGC-1_contig_3,True,482,TRA,TRAV10,None,TRAJ24,TRAC,True,False,None,None,522,2,clonotype1,None
TGCGGGTGTCTAGCCG-1,True,TGCGGGTGTCTAGCCG-1_contig_1,True,518,TRB,TRBV20-1,None,TRBJ2-7,TRBC2,True,True,CSAKGGGRSEQYF,TGCAGTGCTAAGGGGGGGGGCCGGAGCGAGCAGTACTTC,3453,17,clonotype3469,clonotype3469_consensus_1
TGCGGGTGTCTAGCCG-1,True,TGCGGGTGTCTAGCCG-1_contig_2,True,490,TRA,TRAV1-1,None,TRAJ39,TRAC,True,True,CAVREGAGNMLTF,TGCGCTGTGAGAGAGGGTGCAGGCAACATGCTCACCTTT,778,3,clonotype3469,clonotype3469_consensus_2
TGCGGGTGTGACGGTA-1,True,TGCGGGTGTGACGGTA-1_contig_1,True,521,TRB,TRBV20-1,None,TRBJ2-1,TRBC2,True,True,CSVLTSGGNNEQFF,TGCAGTGTTTTAACTAGCGGGGGTAATAATGAGCAGTTCTTC,1274,6,clonotype3470,clonotype3470_consensus_1
TGCGGGTGTGACGGTA-1,True,TGCGGGTGTGACGGTA-1_contig_2,True,447,TRA,TRAV2,None,TRAJ6,TRAC,True,True,CAAQSGGSYIPTF,TGTGCTGCCCAATCAGGAGGAAGCTACATACCTACATTT,460,3,clonotype3470,clonotype3470_consensus_2
TGCGGGTGTGCGAAAC-1,True,TGCGGGTGTGCGAAAC-1_contig_1,True,536,TRB,TRBV20-1,None,TRBJ2-7,TRBC2,True,True,CSARGAEYSVAGLSYEQYF,TGCAGTGCTAGAGGCGCCGAATATAGCGTAGCGGGGCTATCCTACGAGCAGTACTTC,1440,5,clonotype44,clonotype44_consensus_3
TGCGGGTGTGCGAAAC-1,True,TGCGGGTGTGCGAAAC-1_contig_2,True,630,TRA,TRAV8-2,None,TRAJ8,TRAC,True,True,CVVSGFQKLVF,TGTGTTGTGAGTGGGTTTCAGAAACTTGTATTT,942,4,clonotype44,clonotype44_consensus_2
TGCGGGTGTGCGAAAC-1,True,TGCGGGTGTGCGAAAC-1_contig_3,True,499,TRA,TRAV1-2,None,TRAJ7,TRAC,True,True,CAVRPNRLAF,TGTGCTGTGAGACCCAACAGACTCGCTTTT,7460,5,clonotype44,clonotype44_consensus_1
TGCGGGTGTGTGAAAT-1,True,TGCGGGTGTGTGAAAT-1_contig_1,True,550,TRA,TRAV12-2,None,TRAJ42,TRAC,True,True,CAVMGYGGSQGNLIF,TGTGCCGTGATGGGATATGGAGGAAGCCAAGGAAATCTCATCTTT,227,3,clonotype131,clonotype131_consensus_2
TGCGGGTGTGTGAAAT-1,True,TGCGGGTGTGTGAAAT-1_contig_2,True,490,TRB,TRBV5-5,None,TRBJ2-5,TRBC2,True,True,CASSLVATNQETQYF,TGTGCCAGCAGCTTGGTAGCGACTAACCAAGAGACCCAGTACTTC,8659,5,clonotype131,clonotype131_consensus_1
TGCGGGTTCAACACCA-1,True,TGCGGGTTCAACACCA-1_contig_1,True,515,TRB,TRBV20-1,None,TRBJ1-1,TRBC1,True,True,CSAPGWGTEAFF,TGCAGTGCTCCCGGATGGGGCACTGAAGCTTTCTTT,2471,9,clonotype3471,clonotype3471_consensus_4
TGCGGGTTCAACACCA-1,True,TGCGGGTTCAACACCA-1_contig_2,True,614,TRA,TRAV8-2,None,TRAJ37,TRAC,True,True,CVVSVIRASNTGKLIF,TGTGTTGTGAGTGTAATTCGGGCCAGCAACACAGGCAAACTAATCTTT,6056,3,clonotype3471,clonotype3471_consensus_3
TGCGGGTTCAACACCA-1,True,TGCGGGTTCAACACCA-1_contig_3,True,518,TRB,TRBV20-1,None,TRBJ2-3,TRBC2,True,True,CSQADPSTDTQYF,TGCAGTCAAGCGGACCCTAGCACAGATACGCAGTATTTT,2949,16,clonotype3471,clonotype3471_consensus_1
TGCGGGTTCAACACCA-1,True,TGCGGGTTCAACACCA-1_contig_4,True,492,TRA,TRAV9-2,None,TRAJ10,TRAC,True,True,CALVTGGGNKLTF,TGTGCTCTGGTCACGGGAGGAGGAAACAAACTCACCTTT,8725,4,clonotype3471,clonotype3471_consensus_2
TGCGGGTTCAACACCA-1,True,TGCGGGTTCAACACCA-1_contig_5,True,444,TRA,None,None,TRAJ6,None,False,False,None,None,123,1,clonotype3471,None
TGCGGGTTCAGAGCTT-1,True,TGCGGGTTCAGAGCTT-1_contig_1,True,505,TRA,TRAV1-2,None,TRAJ33,TRAC,True,True,CAATDSNYQLIW,TGTGCTGCGACTGATAGCAACTATCAGTTAATCTGG,635,4,clonotype1,clonotype1_consensus_2
TGCGGGTTCAGAGCTT-1,True,TGCGGGTTCAGAGCTT-1_contig_2,True,521,TRB,TRBV20-1,None,TRBJ2-1,TRBC2,True,True,CSARVGSEVNEQFF,TGCAGTGCTAGAGTGGGGTCGGAAGTCAATGAGCAGTTCTTC,8244,7,clonotype1,clonotype1_consensus_1
TGCGGGTTCGAATCCA-1,True,TGCGGGTTCGAATCCA-1_contig_1,True,505,TRA,TRAV1-2,None,TRAJ33,TRAC,True,True,CAATDSNYQLIW,TGTGCTGCGACTGATAGCAACTATCAGTTAATCTGG,1907,7,clonotype1,clonotype1_consensus_2
TGCGGGTTCGAATCCA-1,True,TGCGGGTTCGAATCCA-1_contig_2,True,521,TRB,TRBV20-1,None,TRBJ2-1,TRBC2,True,True,CSARVGSEVNEQFF,TGCAGTGCTAGAGTGGGGTCGGAAGTCAATGAGCAGTTCTTC,3184,12,clonotype1,clonotype1_consensus_1
TGCGGGTTCGAATCCA-1,True,TGCGGGTTCGAATCCA-1_contig_3,True,482,TRA,TRAV10,None,TRAJ24,TRAC,True,False,None,None,249,5,clonotype1,None
TGCGGGTTCGCTTGTC-1,True,TGCGGGTTCGCTTGTC-1_contig_1,True,565,TRA,TRAV29/DV5,None,TRAJ49,TRAC,True,True,CAASAFGNQFYF,TGTGCAGCAAGCGCATTCGGTAACCAGTTCTATTTT,503,5,clonotype3472,clonotype3472_consensus_2
TGCGGGTTCGCTTGTC-1,True,TGCGGGTTCGCTTGTC-1_contig_2,True,489,TRB,TRBV20-1,None,TRBJ1-2,TRBC1,True,True,CSAAQGGGYTF,TGCAGTGCTGCACAGGGGGGCGGCTACACCTTC,3460,10,clonotype3472,clonotype3472_consensus_1
TGCGGGTTCTGCGTAA-1,True,TGCGGGTTCTGCGTAA-1_contig_1,True,656,TRB,TRBV5-6,None,TRBJ1-4,TRBC1,True,True,CASSAGTGAEKLFF,TGTGCCAGCAGCGCCGGGACAGGAGCTGAAAAACTGTTTTTT,548,3,clonotype3473,clonotype3473_consensus_1
TGCGGGTTCTGCGTAA-1,True,TGCGGGTTCTGCGTAA-1_contig_2,True,315,TRB,None,None,TRBJ1-5,TRBC1,False,False,None,None,1255,5,clonotype3473,None
TGCGGGTTCTGCGTAA-1,True,TGCGGGTTCTGCGTAA-1_contig_3,True,384,TRA,TRAV13-2,None,TRAJ5,TRAC,True,False,None,None,8951,3,clonotype3473,None
TGCGGGTTCTTGCATT-1,True,TGCGGGTTCTTGCATT-1_contig_1,True,505,TRA,TRAV1-2,None,TRAJ33,TRAC,True,True,CAATDSNYQLIW,TGTGCTGCGACTGATAGCAACTATCAGTTAATCTGG,1231,10,clonotype1,clonotype1_consensus_2
TGCGGGTTCTTGCATT-1,True,TGCGGGTTCTTGCATT-1_contig_2,True,521,TRB,TRBV20-1,None,TRBJ2-1,TRBC2,True,True,CSARVGSEVNEQFF,TGCAGTGCTAGAGTGGGGTCGGAAGTCAATGAGCAGTTCTTC,5537,3,clonotype1,clonotype1_consensus_1
TGCGGGTTCTTGCATT-1,True,TGCGGGTTCTTGCATT-1_contig_3,True,419,TRB,None,None,TRBJ2-2P,TRBC2,False,False,None,None,993,2,clonotype1,None
TGCGGGTTCTTTACAC-1,True,TGCGGGTTCTTTACAC-1_contig_1,True,523,TRA,TRAV16,None,TRAJ49,TRAC,True,True,CALGTGNQFYF,TGTGCTCTCGGGACCGGTAACCAGTTCTATTTT,225,6,clonotype3474,clonotype3474_consensus_1
TGCGGGTTCTTTACAC-1,True,TGCGGGTTCTTTACAC-1_contig_2,True,518,TRB,TRBV20-1,None,TRBJ2-7,TRBC2,True,True,CSARKAGGLYEQYF,TGCAGTGCTAGAAAAGCGGGGGGGTTATACGAGCAGTACTTC,2245,9,clonotype3474,clonotype3474_consensus_2
TGCGGGTTCTTTACAC-1,True,TGCGGGTTCTTTACAC-1_contig_3,True,482,TRB,TRBV23-1,None,TRBJ2-1,TRBC2,True,False,None,None,701,5,clonotype3474,None
TGCGTGGAGAGGTAGA-1,True,TGCGTGGAGAGGTAGA-1_contig_1,True,518,TRB,TRBV20-1,None,TRBJ1-1,TRBC1,True,True,CSAREAANTEAFF,TGCAGTGCTAGAGAGGCCGCGAACACTGAAGCTTTCTTT,4587,12,clonotype3475,clonotype3475_consensus_3
TGCGTGGAGAGGTAGA-1,True,TGCGTGGAGAGGTAGA-1_contig_2,True,505,TRA,TRAV20,None,TRAJ4,TRAC,True,True,CAGSSGGYNKLIF,TGTGCTGGTTCTTCTGGTGGCTACAATAAGCTGATTTTT,2522,14,clonotype3475,clonotype3475_consensus_1
TGCGTGGAGAGGTAGA-1,True,TGCGTGGAGAGGTAGA-1_contig_3,True,657,TRB,TRBV5-6,None,TRBJ2-2,TRBC2,True,True,CASSVTGELFF,TGTGCCAGCAGCGTAACCGGGGAGCTGTTTTTT,2318,9,clonotype3475,clonotype3475_consensus_2
TGCGTGGAGAGGTAGA-1,True,TGCGTGGAGAGGTAGA-1_contig_4,True,442,TRA,TRAV8-3,None,None,TRAC,False,False,None,None,393,2,clonotype3475,None
TGCGTGGAGATGTAAC-1,True,TGCGTGGAGATGTAAC-1_contig_1,True,521,TRB,TRBV20-1,None,TRBJ2-1,TRBC2,True,True,CSARVGSEVNEQFF,TGCAGTGCTAGAGTGGGGTCGGAAGTCAATGAGCAGTTCTTC,941,4,clonotype2,clonotype2_consensus_1
TGCGTGGAGCCAGGAT-1,True,TGCGTGGAGCCAGGAT-1_contig_1,True,500,TRB,TRBV5-5,None,TRBJ1-4,TRBC1,True,True,CASSHPGPNYATNEKLFF,TGTGCCAGCAGCCATCCCGGACCGAACTACGCAACTAATGAAAAACTGTTTTTT,926,5,clonotype4,clonotype4_consensus_1
TGCGTGGAGCCTTGAT-1,True,TGCGTGGAGCCTTGAT-1_contig_1,True,505,TRA,TRAV1-2,None,TRAJ33,TRAC,True,True,CAATDSNYQLIW,TGTGCTGCGACTGATAGCAACTATCAGTTAATCTGG,846,4,clonotype1,clonotype1_consensus_2
TGCGTGGAGCCTTGAT-1,True,TGCGTGGAGCCTTGAT-1_contig_2,True,521,TRB,TRBV20-1,None,TRBJ2-1,TRBC2,True,True,CSARVGSEVNEQFF,TGCAGTGCTAGAGTGGGGTCGGAAGTCAATGAGCAGTTCTTC,1520,7,clonotype1,clonotype1_consensus_1
TGCGTGGAGCCTTGAT-1,True,TGCGTGGAGCCTTGAT-1_contig_3,True,482,TRA,TRAV10,None,TRAJ24,TRAC,True,False,None,None,710,2,clonotype1,None
TGCGTGGAGCGTTGCC-1,True,TGCGTGGAGCGTTGCC-1_contig_1,True,510,TRB,TRBV20-1,None,TRBJ2-3,TRBC2,True,True,CSARERGWGVRGTDTQYF,TGCAGTGCTAGAGAAAGGGGATGGGGAGTGAGAGGGACAGATACGCAGTATTTT,1006,5,clonotype3476,clonotype3476_consensus_1
TGCGTGGAGCGTTGCC-1,True,TGCGTGGAGCGTTGCC-1_contig_2,True,536,TRA,TRAV29/DV5,None,TRAJ35,TRAC,True,False,None,None,615,3,clonotype3476,None
TGCGTGGAGGGCATGT-1,True,TGCGTGGAGGGCATGT-1_contig_1,True,494,TRB,TRBV5-5,None,TRBJ1-4,TRBC1,True,True,CASSHPGPNYATNEKLFF,TGTGCCAGCAGCCATCCCGGACCGAACTACGCAACTAATGAAAAACTGTTTTTT,651,4,clonotype4,clonotype4_consensus_1
TGCGTGGAGTTGAGAT-1,True,TGCGTGGAGTTGAGAT-1_contig_1,True,505,TRA,TRAV1-2,None,TRAJ33,TRAC,True,True,CAATDSNYQLIW,TGTGCTGCGACTGATAGCAACTATCAGTTAATCTGG,565,2,clonotype1,clonotype1_consensus_2
TGCGTGGAGTTGAGAT-1,True,TGCGTGGAGTTGAGAT-1_contig_2,True,511,TRB,TRBV20-1,None,TRBJ2-1,TRBC2,True,True,CSARVGSEVNEQFF,TGCAGTGCTAGAGTGGGGTCGGAAGTCAATGAGCAGTTCTTC,1896,7,clonotype1,clonotype1_consensus_1
TGCGTGGAGTTGAGAT-1,True,TGCGTGGAGTTGAGAT-1_contig_3,True,465,TRA,TRAV10,None,TRAJ24,TRAC,True,False,None,None,415,3,clonotype1,None
TGCGTGGCACCGAAAG-1,True,TGCGTGGCACCGAAAG-1_contig_1,True,505,TRA,TRAV1-2,None,TRAJ33,TRAC,True,True,CAATDSNYQLIW,TGTGCTGCGACTGATAGCAACTATCAGTTAATCTGG,199,4,clonotype1,clonotype1_consensus_2
TGCGTGGCACCGAAAG-1,True,TGCGTGGCACCGAAAG-1_contig_2,True,521,TRB,TRBV20-1,None,TRBJ2-1,TRBC2,True,True,CSARVGSEVNEQFF,TGCAGTGCTAGAGTGGGGTCGGAAGTCAATGAGCAGTTCTTC,825,5,clonotype1,clonotype1_consensus_1
TGCGTGGCACGTAAGG-1,True,TGCGTGGCACGTAAGG-1_contig_1,True,524,TRB,TRBV20-1,None,TRBJ2-1,TRBC2,True,True,CSAREGARTYNEQFF,TGCAGTGCTAGAGAGGGGGCGAGGACCTACAATGAGCAGTTCTTC,1968,8,clonotype3477,clonotype3477_consensus_1
TGCGTGGGTATAGGTA-1,True,TGCGTGGGTATAGGTA-1_contig_1,True,462,TRA,TRAV13-1,None,TRAJ26,TRAC,True,True,CAATPDNYGQNFVF,TGTGCAGCAACCCCAGATAACTATGGTCAGAATTTTGTCTTT,945,6,clonotype18,clonotype18_consensus_1
TGCGTGGGTATAGGTA-1,True,TGCGTGGGTATAGGTA-1_contig_2,True,524,TRB,TRBV20-1,None,TRBJ1-2,TRBC1,True,True,CSARGPNLRVGGYTF,TGCAGTGCTAGAGGTCCTAATCTCAGGGTCGGTGGCTACACCTTC,2091,12,clonotype18,clonotype18_consensus_2
TGCGTGGGTCACCCAG-1,True,TGCGTGGGTCACCCAG-1_contig_1,True,515,TRB,TRBV20-1,None,TRBJ1-1,TRBC1,True,True,CSARQGAVEAFF,TGCAGTGCGAGGCAGGGGGCGGTCGAAGCTTTCTTT,1527,8,clonotype3478,clonotype3478_consensus_2
TGCGTGGGTCACCCAG-1,True,TGCGTGGGTCACCCAG-1_contig_2,True,489,TRA,TRAV26-1,None,TRAJ23,TRAC,True,True,CIVRVASRNQGGKLIF,TGCATCGTCAGAGTCGCCTCCCGGAACCAGGGAGGAAAGCTTATCTTC,347,3,clonotype3478,clonotype3478_consensus_1
TGCGTGGGTCGAGTTT-1,True,TGCGTGGGTCGAGTTT-1_contig_1,True,501,TRA,TRAV12-3,None,TRAJ39,TRAC,True,True,CAMSQNNAGNMLTF,TGTGCAATGAGCCAGAATAATGCAGGCAACATGCTCACCTTT,1339,5,clonotype283,clonotype283_consensus_2
TGCGTGGGTCGAGTTT-1,True,TGCGTGGGTCGAGTTT-1_contig_2,True,512,TRB,TRBV5-5,None,TRBJ2-6,TRBC2,True,True,CASSLQGSSGANVLTF,TGTGCCAGCAGCTTGCAGGGAAGCTCTGGGGCCAACGTCCTGACTTTC,1163,3,clonotype283,clonotype283_consensus_1
TGCGTGGTCCAGGGCT-1,True,TGCGTGGTCCAGGGCT-1_contig_1,True,515,TRB,TRBV20-1,None,TRBJ1-5,TRBC1,True,True,CSAGRLDQPQHF,TGCAGTGCCGGGAGACTCGATCAGCCCCAGCATTTT,2813,11,clonotype34,clonotype34_consensus_2
TGCGTGGTCCAGGGCT-1,True,TGCGTGGTCCAGGGCT-1_contig_2,True,568,TRA,TRAV19,None,TRAJ39,TRAC,True,True,CALSERRNAGNMLTF,TGTGCTCTGAGTGAGAGGAGGAATGCAGGCAACATGCTCACCTTT,484,4,clonotype34,clonotype34_consensus_1
TGCGTGGTCCAGGGCT-1,True,TGCGTGGTCCAGGGCT-1_contig_3,True,319,TRB,None,None,TRBJ2-3,TRBC2,False,False,None,None,747,1,clonotype34,None
TGCGTGGTCCTCAATT-1,True,TGCGTGGTCCTCAATT-1_contig_1,True,502,TRA,TRAV1-2,None,TRAJ33,TRAC,True,True,CAATDSNYQLIW,TGTGCTGCGACTGATAGCAACTATCAGTTAATCTGG,586,6,clonotype1,clonotype1_consensus_2
TGCGTGGTCCTCAATT-1,True,TGCGTGGTCCTCAATT-1_contig_2,True,521,TRB,TRBV20-1,None,TRBJ2-1,TRBC2,True,True,CSARVGSEVNEQFF,TGCAGTGCTAGAGTGGGGTCGGAAGTCAATGAGCAGTTCTTC,6840,6,clonotype1,clonotype1_consensus_1
TGCGTGGTCCTTCAAT-1,True,TGCGTGGTCCTTCAAT-1_contig_1,True,498,TRB,TRBV20-1,None,TRBJ2-1,TRBC2,True,True,CSARRGGGYNEQFF,TGCAGTGCTAGGCGTGGCGGGGGGTACAATGAGCAGTTCTTC,2906,8,clonotype3479,clonotype3479_consensus_1
TGCGTGGTCCTTCAAT-1,True,TGCGTGGTCCTTCAAT-1_contig_2,True,359,TRA,TRAV6,None,TRAJ34,TRAC,True,False,CALDPDKLIF,TGTGCTCTAGACCCCGACAAGCTCATCTTT,429,6,clonotype3479,None
TGCTACCAGAAACCGC-1,True,TGCTACCAGAAACCGC-1_contig_1,True,511,TRA,TRAV23/DV6,None,TRAJ28,TRAC,True,True,CAASPGAGSYQLTF,TGTGCAGCAAGCCCGGGGGCTGGGAGTTACCAACTCACTTTC,1601,6,clonotype3480,clonotype3480_consensus_2
TGCTACCAGAAACCGC-1,True,TGCTACCAGAAACCGC-1_contig_2,True,492,TRB,TRBV20-1,None,TRBJ1-6,TRBC1,True,True,CSARESSRNSPLHF,TGCAGTGCTAGAGAGTCCAGCAGAAATTCACCCCTCCACTTT,1474,7,clonotype3480,clonotype3480_consensus_1
TGCTACCAGAAACCGC-1,True,TGCTACCAGAAACCGC-1_contig_3,True,489,TRA,TRAV9-2,None,TRAJ39,TRAC,True,True,CAINSAGNMLTF,TGTGCCATTAATAGTGCAGGCAACATGCTCACCTTT,1417,4,clonotype3480,clonotype3480_consensus_3
TGCTACCAGAGACGAA-1,True,TGCTACCAGAGACGAA-1_contig_1,True,472,TRA,TRAV10,None,TRAJ43,TRAC,True,True,CVVSVMDDMRF,TGTGTGGTGAGCGTTATGGATGACATGCGCTTT,1866,8,clonotype3481,clonotype3481_consensus_1
TGCTACCAGAGACGAA-1,True,TGCTACCAGAGACGAA-1_contig_2,True,501,TRB,TRBV20-1,None,TRBJ1-3,TRBC1,True,True,CSARSGQGAGSGNTIYF,TGCAGTGCTAGATCTGGCCAGGGGGCCGGCTCTGGAAACACCATATATTTT,743,2,clonotype3481,clonotype3481_consensus_2
TGCTACCAGAGTGACC-1,True,TGCTACCAGAGTGACC-1_contig_1,True,505,TRA,TRAV1-2,None,TRAJ33,TRAC,True,True,CAATDSNYQLIW,TGTGCTGCGACTGATAGCAACTATCAGTTAATCTGG,880,7,clonotype1,clonotype1_consensus_2
TGCTACCAGAGTGACC-1,True,TGCTACCAGAGTGACC-1_contig_2,True,521,TRB,TRBV20-1,None,TRBJ2-1,TRBC2,True,True,CSARVGSEVNEQFF,TGCAGTGCTAGAGTGGGGTCGGAAGTCAATGAGCAGTTCTTC,1938,9,clonotype1,clonotype1_consensus_1
TGCTACCAGCGCCTCA-1,True,TGCTACCAGCGCCTCA-1_contig_1,True,505,TRA,TRAV1-2,None,TRAJ33,TRAC,True,True,CAATDSNYQLIW,TGTGCTGCGACTGATAGCAACTATCAGTTAATCTGG,413,3,clonotype1,clonotype1_consensus_2
TGCTACCAGCGCCTCA-1,True,TGCTACCAGCGCCTCA-1_contig_2,True,498,TRB,TRBV20-1,None,TRBJ2-1,TRBC2,True,True,CSARVGSEVNEQFF,TGCAGTGCTAGAGTGGGGTCGGAAGTCAATGAGCAGTTCTTC,4507,9,clonotype1,clonotype1_consensus_1
TGCTACCAGCTCCTCT-1,True,TGCTACCAGCTCCTCT-1_contig_1,True,521,TRB,TRBV20-1,None,TRBJ2-1,TRBC2,True,True,CSARVGSEVNEQFF,TGCAGTGCTAGAGTGGGGTCGGAAGTCAATGAGCAGTTCTTC,1570,10,clonotype2,clonotype2_consensus_1
TGCTACCAGCTCCTCT-1,True,TGCTACCAGCTCCTCT-1_contig_2,True,467,TRA,TRAV10,None,TRAJ24,TRAC,True,False,None,None,732,2,clonotype2,None
TGCTACCAGTGAATTG-1,True,TGCTACCAGTGAATTG-1_contig_1,True,596,TRA,TRAV26-1,None,TRAJ52,TRAC,True,True,CIVRVKYAGGTSYGKLTF,TGCATCGTCAGAGTGAAATATGCTGGTGGTACTAGCTATGGAAAGCTGACATTT,678,10,clonotype3482,clonotype3482_consensus_1
TGCTACCAGTGAATTG-1,True,TGCTACCAGTGAATTG-1_contig_2,True,495,TRB,TRBV20-1,None,TRBJ1-6,TRBC1,True,True,CSPTESSYNSPLHF,TGCAGTCCCACAGAGAGCTCCTATAATTCACCCCTCCACTTT,1638,9,clonotype3482,clonotype3482_consensus_2
TGCTACCAGTGACATA-1,True,TGCTACCAGTGACATA-1_contig_1,True,547,TRA,TRAV16,None,TRAJ45,TRAC,True,True,CALEGGGADGLTF,TGTGCTCTCGAAGGAGGAGGTGCTGACGGACTCACCTTT,486,5,clonotype3483,clonotype3483_consensus_1
TGCTACCAGTTAAGTG-1,True,TGCTACCAGTTAAGTG-1_contig_1,True,658,TRB,TRBV5-6,None,TRBJ1-5,TRBC1,True,True,CASSLAGRTLNQPQHF,TGTGCCAGCAGCTTGGCAGGGAGGACACTCAATCAGCCCCAGCATTTT,1233,7,clonotype3484,clonotype3484_consensus_2
TGCTACCAGTTAAGTG-1,True,TGCTACCAGTTAAGTG-1_contig_2,True,532,TRA,TRAV14/DV4,None,TRAJ32,TRAC,True,True,CAMREALGSGATNKLIF,TGTGCAATGAGAGAGGCCCTAGGAAGTGGTGCTACAAACAAGCTCATCTTT,354,3,clonotype3484,clonotype3484_consensus_1
TGCTACCAGTTAAGTG-1,True,TGCTACCAGTTAAGTG-1_contig_3,True,344,TRB,None,None,TRBJ2-7,TRBC2,False,False,None,None,556,5,clonotype3484,None
TGCTACCAGTTAAGTG-1,True,TGCTACCAGTTAAGTG-1_contig_4,True,573,TRA,TRAV8-6,None,TRAJ4,TRAC,True,False,None,None,323,2,clonotype3484,None
TGCTACCAGTTTCCTT-1,True,TGCTACCAGTTTCCTT-1_contig_1,True,618,TRA,TRAV3,None,TRAJ15,TRAC,True,True,CAVRDNQAGTALIF,TGTGCTGTGAGAGACAACCAGGCAGGAACTGCTCTGATCTTT,1002,5,clonotype3485,clonotype3485_consensus_2
TGCTACCAGTTTCCTT-1,True,TGCTACCAGTTTCCTT-1_contig_2,True,501,TRB,TRBV20-1,None,TRBJ1-6,TRBC1,True,True,CSALWARPSSYNSPLHF,TGCAGTGCCCTATGGGCCCGACCGAGCTCCTATAATTCACCCCTCCACTTT,2198,12,clonotype3485,clonotype3485_consensus_1
TGCTACCCAAGCCTAT-1,True,TGCTACCCAAGCCTAT-1_contig_1,True,514,TRB,TRBV20-1,None,TRBJ2-1,TRBC2,True,True,CSARVGSEVNEQFF,TGCAGTGCTAGAGTGGGGTCGGAAGTCAATGAGCAGTTCTTC,1161,5,clonotype2,clonotype2_consensus_1
TGCTACCCAGCTGTGC-1,True,TGCTACCCAGCTGTGC-1_contig_1,True,655,TRA,TRAV8-6,None,TRAJ37,TRAC,True,True,CAVTYSSNTGKLIF,TGTGCTGTGACCTACTCTAGCAACACAGGCAAACTAATCTTT,654,5,clonotype3486,clonotype3486_consensus_1
TGCTACCCAGCTGTGC-1,True,TGCTACCCAGCTGTGC-1_contig_2,True,497,TRB,TRBV5-5,None,TRBJ1-5,TRBC1,True,True,CASSWTLNQPQHF,TGTGCCAGCAGTTGGACACTCAATCAGCCCCAGCATTTT,761,6,clonotype3486,clonotype3486_consensus_2
TGCTACCCAGTCTTCC-1,True,TGCTACCCAGTCTTCC-1_contig_1,True,482,TRB,TRBV20-1,None,TRBJ1-2,TRBC1,True,True,CSASGQANYGYTF,TGCAGTGCCAGCGGACAGGCTAACTATGGCTACACCTTC,2952,11,clonotype3487,clonotype3487_consensus_2
TGCTACCCAGTCTTCC-1,True,TGCTACCCAGTCTTCC-1_contig_2,True,570,TRA,TRAV8-4,None,TRAJ56,TRAC,True,True,CAVRTSGANSKLTF,TGTGCTGTGAGGACGAGTGGAGCCAATAGTAAGCTGACATTT,483,4,clonotype3487,clonotype3487_consensus_1
TGCTACCCATGGTCAT-1,True,TGCTACCCATGGTCAT-1_contig_1,True,496,TRB,TRBV12-4,None,TRBJ1-2,TRBC1,True,True,CASSLEVGQFGYTF,TGTGCCAGCAGTTTAGAGGTTGGGCAGTTTGGCTACACCTTC,2043,8,clonotype375,clonotype375_consensus_1
TGCTACCCATGGTCAT-1,True,TGCTACCCATGGTCAT-1_contig_2,True,497,TRA,TRAV1-1,None,TRAJ15,TRAC,True,False,None,None,410,1,clonotype375,None
TGCTACCCATGGTCAT-1,True,TGCTACCCATGGTCAT-1_contig_3,True,360,TRB,None,None,TRBJ2-1,TRBC2,False,False,None,None,597,4,clonotype375,None
TGCTACCGTAAACCTC-1,True,TGCTACCGTAAACCTC-1_contig_1,True,505,TRA,TRAV1-2,None,TRAJ33,TRAC,True,True,CAATDSNYQLIW,TGTGCTGCGACTGATAGCAACTATCAGTTAATCTGG,721,10,clonotype1,clonotype1_consensus_2
TGCTACCGTAAACCTC-1,True,TGCTACCGTAAACCTC-1_contig_2,True,473,TRB,TRBV20-1,None,TRBJ2-1,TRBC2,True,True,CSARVGSEVNEQFF,TGCAGTGCTAGAGTGGGGTCGGAAGTCAATGAGCAGTTCTTC,1923,7,clonotype1,clonotype1_consensus_1
TGCTACCGTAGGGTAC-1,True,TGCTACCGTAGGGTAC-1_contig_1,True,524,TRB,TRBV20-1,None,TRBJ1-1,TRBC1,True,True,CSARDPRTANTEAFF,TGCAGTGCTAGAGATCCAAGGACAGCCAACACTGAAGCTTTCTTT,2402,8,clonotype3488,clonotype3488_consensus_2
TGCTACCGTAGGGTAC-1,True,TGCTACCGTAGGGTAC-1_contig_2,True,478,TRA,TRAV4,None,TRAJ20,TRAC,True,True,CLVGDQNDYKLSF,TGCCTCGTGGGTGACCAAAACGACTACAAGCTCAGCTTT,196,2,clonotype3488,clonotype3488_consensus_1
TGCTACCGTAGGGTAC-1,True,TGCTACCGTAGGGTAC-1_contig_3,True,335,TRA,TRAV8-1,None,None,TRAC,False,False,None,None,918,4,clonotype3488,None
TGCTACCGTATGAATG-1,True,TGCTACCGTATGAATG-1_contig_1,True,505,TRA,TRAV1-2,None,TRAJ33,TRAC,True,True,CAATDSNYQLIW,TGTGCTGCGACTGATAGCAACTATCAGTTAATCTGG,777,12,clonotype1,clonotype1_consensus_2
TGCTACCGTATGAATG-1,True,TGCTACCGTATGAATG-1_contig_2,True,521,TRB,TRBV20-1,None,TRBJ2-1,TRBC2,True,True,CSARVGSEVNEQFF,TGCAGTGCTAGAGTGGGGTCGGAAGTCAATGAGCAGTTCTTC,1231,10,clonotype1,clonotype1_consensus_1
TGCTACCGTCAACTGT-1,True,TGCTACCGTCAACTGT-1_contig_1,True,505,TRA,TRAV1-2,None,TRAJ33,TRAC,True,True,CAATDSNYQLIW,TGTGCTGCGACTGATAGCAACTATCAGTTAATCTGG,293,1,clonotype1,clonotype1_consensus_2
TGCTACCGTCAACTGT-1,True,TGCTACCGTCAACTGT-1_contig_2,True,521,TRB,TRBV20-1,None,TRBJ2-1,TRBC2,True,True,CSARVGSEVNEQFF,TGCAGTGCTAGAGTGGGGTCGGAAGTCAATGAGCAGTTCTTC,1617,6,clonotype1,clonotype1_consensus_1
TGCTACCGTCGCGGTT-1,True,TGCTACCGTCGCGGTT-1_contig_1,True,505,TRA,TRAV1-2,None,TRAJ33,TRAC,True,True,CAATDSNYQLIW,TGTGCTGCGACTGATAGCAACTATCAGTTAATCTGG,736,5,clonotype1,clonotype1_consensus_2
TGCTACCGTCGCGGTT-1,True,TGCTACCGTCGCGGTT-1_contig_2,True,498,TRB,TRBV20-1,None,TRBJ2-1,TRBC2,True,True,CSARVGSEVNEQFF,TGCAGTGCTAGAGTGGGGTCGGAAGTCAATGAGCAGTTCTTC,1612,9,clonotype1,clonotype1_consensus_1
TGCTACCGTCGCTTTC-1,True,TGCTACCGTCGCTTTC-1_contig_1,True,524,TRB,TRBV20-1,None,TRBJ2-5,TRBC2,True,True,CSARDPRGGRETQYF,TGCAGTGCTAGAGATCCGCGGGGGGGCCGAGAGACCCAGTACTTC,985,7,clonotype3489,clonotype3489_consensus_1
TGCTACCGTCGCTTTC-1,True,TGCTACCGTCGCTTTC-1_contig_2,True,602,TRA,TRAV8-2,None,TRAJ43,TRAC,True,True,CVVTYNNNDMRF,TGTGTTGTTACGTACAATAACAATGACATGCGCTTT,324,6,clonotype3489,clonotype3489_consensus_2
TGCTACCGTGCGCTTG-1,True,TGCTACCGTGCGCTTG-1_contig_1,True,502,TRA,TRAV1-2,None,TRAJ30,TRAC,True,True,CAVRDLREIIF,TGTGCTGTGAGAGATCTTCGGGAGATCATCTTT,121,3,clonotype3,clonotype3_consensus_2
TGCTACCGTGCGCTTG-1,True,TGCTACCGTGCGCTTG-1_contig_2,True,491,TRB,TRBV5-5,None,TRBJ1-4,TRBC1,True,True,CASSHPGPNYATNEKLFF,TGTGCCAGCAGCCATCCCGGACCGAACTACGCAACTAATGAAAAACTGTTTTTT,509,2,clonotype3,clonotype3_consensus_1
TGCTACCGTGCGCTTG-1,True,TGCTACCGTGCGCTTG-1_contig_3,True,558,TRB,None,None,TRBJ2-4,TRBC2,False,False,None,None,576,5,clonotype3,None
TGCTACCGTGCTTCTC-1,True,TGCTACCGTGCTTCTC-1_contig_1,True,662,TRB,TRBV5-6,None,TRBJ1-1,TRBC1,True,True,CASSLERHSMNTEAFF,TGTGCCAGCAGCTTGGAAAGACATAGTATGAACACTGAAGCTTTCTTT,2409,12,clonotype3490,clonotype3490_consensus_1
TGCTACCGTGTGAAAT-1,True,TGCTACCGTGTGAAAT-1_contig_1,True,482,TRB,TRBV20-1,None,TRBJ2-1,TRBC2,True,True,CSAAAGTHWSSYNEQFF,TGCAGTGCTGCTGCCGGGACTCACTGGAGCTCCTACAATGAGCAGTTCTTC,3426,13,clonotype3491,clonotype3491_consensus_1
TGCTACCGTGTGAAAT-1,True,TGCTACCGTGTGAAAT-1_contig_2,True,449,TRA,TRAV9-2,None,TRAJ13,TRAC,True,False,CSPIGGYQKVTF,TGCTCCCCCATAGGGGGTTACCAGAAAGTTACCTTT,869,2,clonotype3491,None
TGCTACCGTTGGTTTG-1,True,TGCTACCGTTGGTTTG-1_contig_1,True,505,TRA,TRAV1-2,None,TRAJ33,TRAC,True,True,CAATDSNYQLIW,TGTGCTGCGACTGATAGCAACTATCAGTTAATCTGG,440,5,clonotype1,clonotype1_consensus_2
TGCTACCGTTGGTTTG-1,True,TGCTACCGTTGGTTTG-1_contig_2,True,498,TRB,TRBV20-1,None,TRBJ2-1,TRBC2,True,True,CSARVGSEVNEQFF,TGCAGTGCTAGAGTGGGGTCGGAAGTCAATGAGCAGTTCTTC,1812,4,clonotype1,clonotype1_consensus_1
TGCTACCGTTTCCACC-1,True,TGCTACCGTTTCCACC-1_contig_1,True,502,TRA,TRAV1-2,None,TRAJ30,TRAC,True,True,CAVRDLREIIF,TGTGCTGTGAGAGATCTTCGGGAGATCATCTTT,489,3,clonotype3,clonotype3_consensus_2
TGCTACCGTTTCCACC-1,True,TGCTACCGTTTCCACC-1_contig_2,True,516,TRB,TRBV5-5,None,TRBJ1-4,TRBC1,True,True,CASSHPGPNYATNEKLFF,TGTGCCAGCAGCCATCCCGGACCGAACTACGCAACTAATGAAAAACTGTTTTTT,220,1,clonotype3,clonotype3_consensus_1
TGCTACCGTTTCCACC-1,True,TGCTACCGTTTCCACC-1_contig_3,True,467,TRB,TRBV7-3,None,TRBJ2-1,TRBC2,True,False,CQQRSLKAGGPYNEQFF,TGCCAGCAGCGGTCACTTAAAGCGGGGGGACCCTACAATGAGCAGTTCTTC,92,1,clonotype3,None
TGCTACCTCCTATGTT-1,True,TGCTACCTCCTATGTT-1_contig_1,True,540,TRA,TRAV12-1,None,TRAJ10,TRAC,True,True,CVVRILTGGGNKLTF,TGTGTGGTACGCATACTCACGGGAGGAGGAAACAAACTCACCTTT,1871,7,clonotype3492,clonotype3492_consensus_2
TGCTACCTCCTATGTT-1,True,TGCTACCTCCTATGTT-1_contig_2,True,498,TRB,TRBV20-1,None,TRBJ1-1,TRBC1,True,True,CSASRGQLNTEAFF,TGCAGTGCTAGCCGGGGGCAGCTTAACACTGAAGCTTTCTTT,4086,8,clonotype3492,clonotype3492_consensus_1
TGCTACCTCCTATGTT-1,True,TGCTACCTCCTATGTT-1_contig_3,True,328,TRB,None,None,TRBJ1-4,TRBC1,False,False,None,None,275,2,clonotype3492,None
TGCTACCTCCTATGTT-1,True,TGCTACCTCCTATGTT-1_contig_4,True,431,TRA,TRAV2,None,TRAJ26,TRAC,True,False,None,None,500,2,clonotype3492,None
TGCTACCTCGGAGCAA-1,True,TGCTACCTCGGAGCAA-1_contig_1,True,512,TRB,TRBV20-1,None,TRBJ2-6,TRBC2,True,True,CSVGQSGANVLTF,TGCAGTGTCGGCCAATCTGGGGCCAACGTCCTGACTTTC,3771,15,clonotype3493,clonotype3493_consensus_1
TGCTACCTCGGAGCAA-1,True,TGCTACCTCGGAGCAA-1_contig_2,True,478,TRA,TRAV9-2,None,TRAJ44,TRAC,True,True,CALSAVAGTASKLTF,TGTGCTCTGAGTGCTGTCGCCGGCACTGCCAGTAAACTCACCTTT,2113,7,clonotype3493,clonotype3493_consensus_2
TGCTACCTCGGATGGA-1,True,TGCTACCTCGGATGGA-1_contig_1,True,505,TRA,TRAV1-2,None,TRAJ33,TRAC,True,True,CAATDSNYQLIW,TGTGCTGCGACTGATAGCAACTATCAGTTAATCTGG,175,1,clonotype1,clonotype1_consensus_2
TGCTACCTCGGATGGA-1,True,TGCTACCTCGGATGGA-1_contig_2,True,498,TRB,TRBV20-1,None,TRBJ2-1,TRBC2,True,True,CSARVGSEVNEQFF,TGCAGTGCTAGAGTGGGGTCGGAAGTCAATGAGCAGTTCTTC,1478,4,clonotype1,clonotype1_consensus_1
TGCTACCTCGGATGGA-1,True,TGCTACCTCGGATGGA-1_contig_3,True,420,TRB,None,None,TRBJ1-4,TRBC1,False,False,None,None,211,2,clonotype1,None
TGCTACCTCGGATGGA-1,True,TGCTACCTCGGATGGA-1_contig_4,True,465,TRA,TRAV10,None,TRAJ24,TRAC,True,False,None,None,425,2,clonotype1,None
TGCTACCTCGTCGTTC-1,True,TGCTACCTCGTCGTTC-1_contig_1,True,470,TRB,TRBV20-1,None,TRBJ2-5,TRBC2,True,True,CSAGPGGGETQYF,TGCAGTGCTGGTCCAGGGGGAGGGGAGACCCAGTACTTC,4740,19,clonotype3494,clonotype3494_consensus_1
TGCTACCTCGTCGTTC-1,True,TGCTACCTCGTCGTTC-1_contig_2,True,463,TRB,TRBV7-3,None,TRBJ1-6,TRBC1,True,False,CISVPAVTVDRFHF,TGTATCTCTGTGCCAGCAGTTACTGTAGACAGATTCCACTTT,270,6,clonotype3494,None
TGCTGCTAGACGCAAC-1,True,TGCTGCTAGACGCAAC-1_contig_1,True,523,TRA,TRAV14/DV4,None,TRAJ53,TRAC,True,True,CAISSGGSNYKLTF,TGTGCAATCTCGAGTGGAGGTAGCAACTATAAACTGACATTT,392,6,clonotype3495,clonotype3495_consensus_1
TGCTGCTAGACGCAAC-1,True,TGCTGCTAGACGCAAC-1_contig_2,True,645,TRB,TRBV5-6,None,TRBJ2-7,TRBC2,True,True,CASSFIHEQYF,TGTGCCAGCAGCTTCATCCACGAGCAGTACTTC,2345,13,clonotype3495,clonotype3495_consensus_2
TGCTGCTAGACGCACA-1,True,TGCTGCTAGACGCACA-1_contig_1,True,459,TRA,TRAV13-1,None,TRAJ21,TRAC,True,True,CAASMGNFNKFYF,TGTGCAGCAAGTATGGGTAACTTCAACAAATTTTACTTT,13551,6,clonotype3496,clonotype3496_consensus_2
TGCTGCTAGACGCACA-1,True,TGCTGCTAGACGCACA-1_contig_2,True,501,TRB,TRBV20-1,None,TRBJ2-3,TRBC2,True,True,CSVNPSGGSTDTQYF,TGCAGTGTAAACCCCAGCGGGGGGAGCACAGATACGCAGTATTTT,1996,12,clonotype3496,clonotype3496_consensus_1
TGCTGCTAGAGTGAGA-1,True,TGCTGCTAGAGTGAGA-1_contig_1,True,638,TRB,TRBV19,None,TRBJ2-1,TRBC2,True,True,CASKGSAGALMDEQFF,TGTGCCAGTAAGGGTTCGGCGGGGGCACTTATGGATGAGCAGTTCTTC,934,12,clonotype3497,clonotype3497_consensus_1
TGCTGCTAGAGTGAGA-1,True,TGCTGCTAGAGTGAGA-1_contig_2,True,556,TRA,TRAV12-1,None,TRAJ13,TRAC,True,False,CGEPYQNPEGYQKVTF,TGTGGTGAACCGTACCAAAATCCTGAGGGTTACCAGAAAGTTACCTTT,1060,4,clonotype3497,None
TGCTGCTAGCTTATCG-1,True,TGCTGCTAGCTTATCG-1_contig_1,True,505,TRA,TRAV1-2,None,TRAJ33,TRAC,True,True,CAATDSNYQLIW,TGTGCTGCGACTGATAGCAACTATCAGTTAATCTGG,185,4,clonotype1,clonotype1_consensus_2
TGCTGCTAGCTTATCG-1,True,TGCTGCTAGCTTATCG-1_contig_2,True,514,TRB,TRBV20-1,None,TRBJ2-1,TRBC2,True,True,CSARVGSEVNEQFF,TGCAGTGCTAGAGTGGGGTCGGAAGTCAATGAGCAGTTCTTC,1165,4,clonotype1,clonotype1_consensus_1
TGCTGCTAGCTTATCG-1,True,TGCTGCTAGCTTATCG-1_contig_3,True,724,TRB,None,None,TRBJ2-2P,TRBC2,False,False,None,None,745,5,clonotype1,None
TGCTGCTAGCTTTGGT-1,True,TGCTGCTAGCTTTGGT-1_contig_1,True,505,TRA,TRAV1-2,None,TRAJ33,TRAC,True,True,CAATDSNYQLIW,TGTGCTGCGACTGATAGCAACTATCAGTTAATCTGG,186,1,clonotype1,clonotype1_consensus_2
TGCTGCTAGCTTTGGT-1,True,TGCTGCTAGCTTTGGT-1_contig_2,True,521,TRB,TRBV20-1,None,TRBJ2-1,TRBC2,True,True,CSARVGSEVNEQFF,TGCAGTGCTAGAGTGGGGTCGGAAGTCAATGAGCAGTTCTTC,975,3,clonotype1,clonotype1_consensus_1
TGCTGCTAGTCCATAC-1,True,TGCTGCTAGTCCATAC-1_contig_1,True,499,TRA,TRAV1-2,None,TRAJ30,TRAC,True,True,CAVRDLREIIF,TGTGCTGTGAGAGATCTTCGGGAGATCATCTTT,714,5,clonotype3,clonotype3_consensus_2
TGCTGCTAGTCCATAC-1,True,TGCTGCTAGTCCATAC-1_contig_2,True,515,TRB,TRBV5-5,None,TRBJ1-4,TRBC1,True,True,CASSHPGPNYATNEKLFF,TGTGCCAGCAGCCATCCCGGACCGAACTACGCAACTAATGAAAAACTGTTTTTT,2556,12,clonotype3,clonotype3_consensus_1
TGCTGCTCAAATACAG-1,True,TGCTGCTCAAATACAG-1_contig_1,True,521,TRB,TRBV20-1,None,TRBJ2-1,TRBC2,True,True,CSARVGSEVNEQFF,TGCAGTGCTAGAGTGGGGTCGGAAGTCAATGAGCAGTTCTTC,1640,9,clonotype2,clonotype2_consensus_1
TGCTGCTCAAATACAG-1,True,TGCTGCTCAAATACAG-1_contig_2,True,307,TRB,None,None,TRBJ2-3,TRBC2,False,False,None,None,276,3,clonotype2,None
TGCTGCTCAAGCTGTT-1,True,TGCTGCTCAAGCTGTT-1_contig_1,True,505,TRA,TRAV1-2,None,TRAJ33,TRAC,True,True,CAATDSNYQLIW,TGTGCTGCGACTGATAGCAACTATCAGTTAATCTGG,205,2,clonotype1,clonotype1_consensus_2
TGCTGCTCAAGCTGTT-1,True,TGCTGCTCAAGCTGTT-1_contig_2,True,498,TRB,TRBV20-1,None,TRBJ2-1,TRBC2,True,True,CSARVGSEVNEQFF,TGCAGTGCTAGAGTGGGGTCGGAAGTCAATGAGCAGTTCTTC,751,5,clonotype1,clonotype1_consensus_1
TGCTGCTCAAGCTGTT-1,True,TGCTGCTCAAGCTGTT-1_contig_3,True,456,TRA,TRAV10,None,TRAJ24,TRAC,True,False,None,None,169,1,clonotype1,None
TGCTGCTCACGGTGTC-1,True,TGCTGCTCACGGTGTC-1_contig_1,True,562,TRA,TRAV17,None,TRAJ40,TRAC,True,True,CVNSGTYKYIF,TGTGTCAACTCAGGAACCTACAAATACATCTTT,314,3,clonotype3498,clonotype3498_consensus_2
TGCTGCTCACGGTGTC-1,True,TGCTGCTCACGGTGTC-1_contig_2,True,521,TRB,TRBV20-1,None,TRBJ1-6,TRBC1,True,True,CSAVEAQGGSPLHF,TGCAGTGCTGTCGAGGCCCAGGGGGGTTCACCCCTCCACTTT,2507,12,clonotype3498,clonotype3498_consensus_1
TGCTGCTCAGGAACGT-1,True,TGCTGCTCAGGAACGT-1_contig_1,True,502,TRA,TRAV1-2,None,TRAJ30,TRAC,True,True,CAVRDLREIIF,TGTGCTGTGAGAGATCTTCGGGAGATCATCTTT,566,6,clonotype17,clonotype17_consensus_1
TGCTGCTCAGGAACGT-1,True,TGCTGCTCAGGAACGT-1_contig_2,True,476,TRB,TRBV7-3,None,TRBJ2-1,TRBC2,True,False,CQQRSLKAGGPYNEQFF,TGCCAGCAGCGGTCACTTAAAGCGGGGGGACCCTACAATGAGCAGTTCTTC,90,3,clonotype17,None
TGCTGCTCATACGCCG-1,True,TGCTGCTCATACGCCG-1_contig_1,True,505,TRA,TRAV1-2,None,TRAJ33,TRAC,True,True,CAATDSNYQLIW,TGTGCTGCGACTGATAGCAACTATCAGTTAATCTGG,210,6,clonotype1,clonotype1_consensus_2
TGCTGCTCATACGCCG-1,True,TGCTGCTCATACGCCG-1_contig_2,True,492,TRB,TRBV20-1,None,TRBJ2-1,TRBC2,True,True,CSARVGSEVNEQFF,TGCAGTGCTAGAGTGGGGTCGGAAGTCAATGAGCAGTTCTTC,1538,5,clonotype1,clonotype1_consensus_1
TGCTGCTGTCGTTGTA-1,True,TGCTGCTGTCGTTGTA-1_contig_1,True,514,TRB,TRBV20-1,None,TRBJ2-1,TRBC2,True,True,CSARVGSEVNEQFF,TGCAGTGCTAGAGTGGGGTCGGAAGTCAATGAGCAGTTCTTC,330,4,clonotype2,clonotype2_consensus_1
TGCTGCTGTTATTCTC-1,True,TGCTGCTGTTATTCTC-1_contig_1,True,505,TRA,TRAV1-2,None,TRAJ33,TRAC,True,True,CAATDSNYQLIW,TGTGCTGCGACTGATAGCAACTATCAGTTAATCTGG,886,9,clonotype1,clonotype1_consensus_2
TGCTGCTGTTATTCTC-1,True,TGCTGCTGTTATTCTC-1_contig_2,True,521,TRB,TRBV20-1,None,TRBJ2-1,TRBC2,True,True,CSARVGSEVNEQFF,TGCAGTGCTAGAGTGGGGTCGGAAGTCAATGAGCAGTTCTTC,763,9,clonotype1,clonotype1_consensus_1
TGCTGCTTCCGTCAAA-1,True,TGCTGCTTCCGTCAAA-1_contig_1,True,514,TRB,TRBV20-1,None,TRBJ1-1,TRBC1,True,True,CSAKTGLGAGTEAFF,TGCAGTGCTAAAACGGGATTGGGGGCGGGGACTGAAGCTTTCTTT,2305,7,clonotype3499,clonotype3499_consensus_3
TGCTGCTTCCGTCAAA-1,True,TGCTGCTTCCGTCAAA-1_contig_2,True,488,TRA,TRAV4,None,TRAJ31,TRAC,True,True,CLVGAGNARLMF,TGCCTCGTGGGTGCGGGGAATGCCAGACTCATGTTT,8289,2,clonotype3499,clonotype3499_consensus_2
TGCTGCTTCCGTCAAA-1,True,TGCTGCTTCCGTCAAA-1_contig_3,True,494,TRA,TRAV35,None,TRAJ32,TRAC,True,True,CAALFLNYGGATNKLIF,TGTGCTGCCCTCTTCCTGAATTATGGTGGTGCTACAAACAAGCTCATCTTT,655,4,clonotype3499,clonotype3499_consensus_4
TGCTGCTTCCGTCAAA-1,True,TGCTGCTTCCGTCAAA-1_contig_4,True,521,TRB,TRBV20-1,None,TRBJ1-2,TRBC1,True,True,CSARAGHTNYGYTF,TGCAGTGCTAGGGCGGGACACACTAACTATGGCTACACCTTC,1720,15,clonotype3499,clonotype3499_consensus_1
TGCTGCTTCCGTCAAA-1,True,TGCTGCTTCCGTCAAA-1_contig_5,True,331,TRA,None,None,TRAJ49,TRAC,False,False,None,None,202,4,clonotype3499,None
TGCTGCTTCGCAAACT-1,True,TGCTGCTTCGCAAACT-1_contig_1,True,505,TRA,TRAV1-2,None,TRAJ33,TRAC,True,True,CAATDSNYQLIW,TGTGCTGCGACTGATAGCAACTATCAGTTAATCTGG,129,4,clonotype1,clonotype1_consensus_2
TGCTGCTTCGCAAACT-1,True,TGCTGCTTCGCAAACT-1_contig_2,True,498,TRB,TRBV20-1,None,TRBJ2-1,TRBC2,True,True,CSARVGSEVNEQFF,TGCAGTGCTAGAGTGGGGTCGGAAGTCAATGAGCAGTTCTTC,4963,12,clonotype1,clonotype1_consensus_1
TGGACGCAGAAGCCCA-1,True,TGGACGCAGAAGCCCA-1_contig_1,True,494,TRB,TRBV20-1,None,TRBJ1-1,TRBC1,True,True,CSASTGTGYFRYTEAFF,TGCAGTGCGAGCACCGGGACAGGGTATTTTCGGTACACTGAAGCTTTCTTT,2591,8,clonotype38,clonotype38_consensus_1
TGGACGCAGAAGCCCA-1,True,TGGACGCAGAAGCCCA-1_contig_2,True,489,TRA,TRAV35,None,TRAJ47,TRAC,True,True,CAGVEYGNKLVF,TGTGCTGGGGTGGAATATGGAAACAAACTGGTCTTT,439,3,clonotype38,clonotype38_consensus_2
TGGACGCAGTACCGGA-1,True,TGGACGCAGTACCGGA-1_contig_1,True,495,TRA,TRAV9-2,None,TRAJ20,TRAC,True,True,CALSSYSNDYKLSF,TGTGCTCTGAGCTCCTATTCTAACGACTACAAGCTCAGCTTT,1199,4,clonotype3500,clonotype3500_consensus_2
TGGACGCAGTACCGGA-1,True,TGGACGCAGTACCGGA-1_contig_2,True,527,TRB,TRBV20-1,None,TRBJ1-5,TRBC1,True,True,CSARDYTGTGNQPQHF,TGCAGTGCTAGAGATTACACAGGGACAGGCAATCAGCCCCAGCATTTT,2593,8,clonotype3500,clonotype3500_consensus_3
TGGACGCAGTACCGGA-1,True,TGGACGCAGTACCGGA-1_contig_3,True,514,TRB,TRBV5-5,None,TRBJ1-1,TRBC1,True,True,CASSPAPDTEAFF,TGTGCCAGCAGCCCCGCTCCGGACACTGAAGCTTTCTTT,3701,11,clonotype3500,clonotype3500_consensus_1
TGGACGCAGTAGTGCG-1,True,TGGACGCAGTAGTGCG-1_contig_1,True,505,TRA,TRAV1-2,None,TRAJ33,TRAC,True,True,CAATDSNYQLIW,TGTGCTGCGACTGATAGCAACTATCAGTTAATCTGG,451,6,clonotype1,clonotype1_consensus_2
TGGACGCAGTAGTGCG-1,True,TGGACGCAGTAGTGCG-1_contig_2,True,521,TRB,TRBV20-1,None,TRBJ2-1,TRBC2,True,True,CSARVGSEVNEQFF,TGCAGTGCTAGAGTGGGGTCGGAAGTCAATGAGCAGTTCTTC,982,9,clonotype1,clonotype1_consensus_1
TGGACGCAGTAGTGCG-1,True,TGGACGCAGTAGTGCG-1_contig_3,True,511,TRA,TRAV10,None,TRAJ24,TRAC,True,False,None,None,597,2,clonotype1,None
TGGACGCAGTTCGATC-1,True,TGGACGCAGTTCGATC-1_contig_1,True,468,TRA,TRAV9-2,None,TRAJ23,TRAC,True,True,CALKIYNQGGKLIF,TGTGCTCTGAAGATTTATAACCAGGGAGGAAAGCTTATCTTC,1897,6,clonotype3501,clonotype3501_consensus_2
TGGACGCAGTTCGATC-1,True,TGGACGCAGTTCGATC-1_contig_2,True,524,TRB,TRBV20-1,None,TRBJ1-3,TRBC1,True,True,CSASVKGSSGNTIYF,TGCAGTGCATCCGTGAAAGGATCCTCTGGAAACACCATATATTTT,1170,8,clonotype3501,clonotype3501_consensus_1
TGGACGCAGTTGAGTA-1,True,TGGACGCAGTTGAGTA-1_contig_1,True,505,TRA,TRAV1-2,None,TRAJ33,TRAC,True,True,CAATDSNYQLIW,TGTGCTGCGACTGATAGCAACTATCAGTTAATCTGG,485,6,clonotype1,clonotype1_consensus_2
TGGACGCAGTTGAGTA-1,True,TGGACGCAGTTGAGTA-1_contig_2,True,516,TRB,TRBV20-1,None,TRBJ2-1,TRBC2,True,True,CSARVGSEVNEQFF,TGCAGTGCTAGAGTGGGGTCGGAAGTCAATGAGCAGTTCTTC,1905,10,clonotype1,clonotype1_consensus_1
TGGACGCCAAACGTGG-1,True,TGGACGCCAAACGTGG-1_contig_1,True,502,TRA,TRAV1-2,None,TRAJ30,TRAC,True,True,CAVRDLREIIF,TGTGCTGTGAGAGATCTTCGGGAGATCATCTTT,112,3,clonotype3,clonotype3_consensus_2
TGGACGCCAAACGTGG-1,True,TGGACGCCAAACGTGG-1_contig_2,True,686,TRB,TRBV5-5,None,TRBJ1-4,TRBC1,True,True,CASSHPGPNYATNEKLFF,TGTGCCAGCAGCCATCCCGGACCGAACTACGCAACTAATGAAAAACTGTTTTTT,1386,7,clonotype3,clonotype3_consensus_1
TGGACGCCAAACGTGG-1,True,TGGACGCCAAACGTGG-1_contig_3,True,340,TRB,TRBV7-3,None,TRBJ2-1,TRBC2,True,False,CQQRSLKAGGPYNEQFF,TGCCAGCAGCGGTCACTTAAAGCGGGGGGACCCTACAATGAGCAGTTCTTC,558,2,clonotype3,None
TGGACGCCACCACGTG-1,True,TGGACGCCACCACGTG-1_contig_1,True,505,TRA,TRAV1-2,None,TRAJ33,TRAC,True,True,CAATDSNYQLIW,TGTGCTGCGACTGATAGCAACTATCAGTTAATCTGG,414,2,clonotype1,clonotype1_consensus_2
TGGACGCCACCACGTG-1,True,TGGACGCCACCACGTG-1_contig_2,True,498,TRB,TRBV20-1,None,TRBJ2-1,TRBC2,True,True,CSARVGSEVNEQFF,TGCAGTGCTAGAGTGGGGTCGGAAGTCAATGAGCAGTTCTTC,2678,12,clonotype1,clonotype1_consensus_1
TGGACGCCACCACGTG-1,True,TGGACGCCACCACGTG-1_contig_3,True,470,TRA,TRAV10,None,TRAJ24,TRAC,True,False,None,None,173,2,clonotype1,None
TGGACGCCACGGTGTC-1,True,TGGACGCCACGGTGTC-1_contig_1,True,505,TRA,TRAV1-2,None,TRAJ33,TRAC,True,True,CAATDSNYQLIW,TGTGCTGCGACTGATAGCAACTATCAGTTAATCTGG,339,1,clonotype1,clonotype1_consensus_2
TGGACGCCACGGTGTC-1,True,TGGACGCCACGGTGTC-1_contig_2,True,521,TRB,TRBV20-1,None,TRBJ2-1,TRBC2,True,True,CSARVGSEVNEQFF,TGCAGTGCTAGAGTGGGGTCGGAAGTCAATGAGCAGTTCTTC,1070,6,clonotype1,clonotype1_consensus_1
TGGACGCCACGGTGTC-1,True,TGGACGCCACGGTGTC-1_contig_3,True,482,TRA,TRAV10,None,TRAJ24,TRAC,True,False,None,None,142,1,clonotype1,None
TGGACGCCACTACAGT-1,True,TGGACGCCACTACAGT-1_contig_1,True,521,TRB,TRBV20-1,None,TRBJ2-1,TRBC2,True,True,CSARWLAGVREQFF,TGCAGTGCTAGATGGCTAGCGGGGGTCCGTGAGCAGTTCTTC,1605,14,clonotype3502,clonotype3502_consensus_1
TGGACGCCACTCTGTC-1,True,TGGACGCCACTCTGTC-1_contig_1,True,505,TRA,TRAV1-2,None,TRAJ33,TRAC,True,True,CAATDSNYQLIW,TGTGCTGCGACTGATAGCAACTATCAGTTAATCTGG,954,5,clonotype1,clonotype1_consensus_2
TGGACGCCACTCTGTC-1,True,TGGACGCCACTCTGTC-1_contig_2,True,521,TRB,TRBV20-1,None,TRBJ2-1,TRBC2,True,True,CSARVGSEVNEQFF,TGCAGTGCTAGAGTGGGGTCGGAAGTCAATGAGCAGTTCTTC,1746,8,clonotype1,clonotype1_consensus_1
TGGACGCCAGGCGATA-1,True,TGGACGCCAGGCGATA-1_contig_1,True,527,TRB,TRBV20-1,None,TRBJ2-5,TRBC2,True,True,CSARGLAGDPRGTQYF,TGCAGTGCCAGAGGACTAGCGGGGGACCCGCGGGGGACCCAGTACTTC,1104,3,clonotype3503,clonotype3503_consensus_1
TGGACGCCATGACATC-1,True,TGGACGCCATGACATC-1_contig_1,True,502,TRA,TRAV1-2,None,TRAJ30,TRAC,True,True,CAVRDLREIIF,TGTGCTGTGAGAGATCTTCGGGAGATCATCTTT,377,3,clonotype3,clonotype3_consensus_2
TGGACGCCATGACATC-1,True,TGGACGCCATGACATC-1_contig_2,True,523,TRB,TRBV5-5,None,TRBJ1-4,TRBC1,True,True,CASSHPGPNYATNEKLFF,TGTGCCAGCAGCCATCCCGGACCGAACTACGCAACTAATGAAAAACTGTTTTTT,5623,3,clonotype3,clonotype3_consensus_1
TGGACGCGTATTAGCC-1,True,TGGACGCGTATTAGCC-1_contig_1,True,521,TRB,TRBV20-1,None,TRBJ1-3,TRBC1,True,True,CSARDLGSGNTIYF,TGCAGTGCTAGAGATCTCGGCTCTGGAAACACCATATATTTT,2429,11,clonotype3504,clonotype3504_consensus_1
TGGACGCGTATTAGCC-1,True,TGGACGCGTATTAGCC-1_contig_2,True,477,TRA,TRAV13-1,None,TRAJ45,TRAC,True,True,CAATKYPMYSGGGADGLTF,TGTGCAGCAACTAAGTATCCCATGTATTCAGGAGGAGGTGCTGACGGACTCACCTTT,549,4,clonotype3504,clonotype3504_consensus_2
TGGACGCGTATTAGCC-1,True,TGGACGCGTATTAGCC-1_contig_3,True,497,TRB,TRBV21-1,None,TRBJ2-2,TRBC2,True,False,CASSKAVTS,TGTGCCAGCAGCAAAGCGGTCACTAGC,602,1,clonotype3504,None
TGGACGCGTCGACTAT-1,True,TGGACGCGTCGACTAT-1_contig_1,True,505,TRA,TRAV1-2,None,TRAJ33,TRAC,True,True,CAATDSNYQLIW,TGTGCTGCGACTGATAGCAACTATCAGTTAATCTGG,448,2,clonotype1,clonotype1_consensus_2
TGGACGCGTCGACTAT-1,True,TGGACGCGTCGACTAT-1_contig_2,True,498,TRB,TRBV20-1,None,TRBJ2-1,TRBC2,True,True,CSARVGSEVNEQFF,TGCAGTGCTAGAGTGGGGTCGGAAGTCAATGAGCAGTTCTTC,1392,3,clonotype1,clonotype1_consensus_1
TGGACGCGTCGACTAT-1,True,TGGACGCGTCGACTAT-1_contig_3,True,504,TRA,TRAV10,None,TRAJ24,TRAC,True,False,None,None,143,1,clonotype1,None
TGGACGCGTGCTCTTC-1,True,TGGACGCGTGCTCTTC-1_contig_1,True,505,TRA,TRAV1-2,None,TRAJ33,TRAC,True,True,CAATDSNYQLIW,TGTGCTGCGACTGATAGCAACTATCAGTTAATCTGG,1049,3,clonotype1,clonotype1_consensus_2
TGGACGCGTGCTCTTC-1,True,TGGACGCGTGCTCTTC-1_contig_2,True,521,TRB,TRBV20-1,None,TRBJ2-1,TRBC2,True,True,CSARVGSEVNEQFF,TGCAGTGCTAGAGTGGGGTCGGAAGTCAATGAGCAGTTCTTC,648,2,clonotype1,clonotype1_consensus_1
TGGACGCGTTCCACGG-1,True,TGGACGCGTTCCACGG-1_contig_1,True,574,TRA,TRAV8-1,None,TRAJ28,TRAC,True,True,CAVNSGAGSYQLTF,TGTGCCGTTAACTCTGGGGCTGGGAGTTACCAACTCACTTTC,585,4,clonotype33,clonotype33_consensus_2
TGGACGCGTTCCACGG-1,True,TGGACGCGTTCCACGG-1_contig_2,True,521,TRB,TRBV20-1,None,TRBJ1-2,TRBC1,True,True,CSASVPSVLIGYTF,TGCAGTGCTAGTGTTCCTAGTGTCTTAATTGGCTACACCTTC,5631,16,clonotype33,clonotype33_consensus_1
TGGACGCGTTCCACGG-1,True,TGGACGCGTTCCACGG-1_contig_3,True,478,TRA,TRAV20,None,TRAJ45,TRAC,True,False,None,None,1421,9,clonotype33,None
TGGACGCTCCTCATTA-1,True,TGGACGCTCCTCATTA-1_contig_1,True,524,TRB,TRBV20-1,None,TRBJ2-3,TRBC2,True,True,CSATIPQGSTDTQYF,TGCAGTGCTACTATCCCACAGGGTTCCACAGATACGCAGTATTTT,2203,10,clonotype138,clonotype138_consensus_1
TGGACGCTCCTCATTA-1,True,TGGACGCTCCTCATTA-1_contig_2,True,445,TRA,TRAV9-2,None,TRAJ4,TRAC,True,True,CALRVGGYNKLIF,TGTGCTCTGAGGGTTGGTGGCTACAATAAGCTGATTTTT,474,2,clonotype138,clonotype138_consensus_2
TGGACGCTCGGCATCG-1,True,TGGACGCTCGGCATCG-1_contig_1,True,505,TRA,TRAV1-2,None,TRAJ33,TRAC,True,True,CAATDSNYQLIW,TGTGCTGCGACTGATAGCAACTATCAGTTAATCTGG,1395,4,clonotype1,clonotype1_consensus_2
TGGACGCTCGGCATCG-1,True,TGGACGCTCGGCATCG-1_contig_2,True,521,TRB,TRBV20-1,None,TRBJ2-1,TRBC2,True,True,CSARVGSEVNEQFF,TGCAGTGCTAGAGTGGGGTCGGAAGTCAATGAGCAGTTCTTC,1101,5,clonotype1,clonotype1_consensus_1
TGGACGCTCGGCATCG-1,True,TGGACGCTCGGCATCG-1_contig_3,True,467,TRA,TRAV10,None,TRAJ24,TRAC,True,False,None,None,1109,3,clonotype1,None
TGGACGCTCGTAGGAG-1,True,TGGACGCTCGTAGGAG-1_contig_1,True,505,TRA,TRAV1-2,None,TRAJ33,TRAC,True,True,CAATDSNYQLIW,TGTGCTGCGACTGATAGCAACTATCAGTTAATCTGG,586,3,clonotype1,clonotype1_consensus_2
TGGACGCTCGTAGGAG-1,True,TGGACGCTCGTAGGAG-1_contig_2,True,521,TRB,TRBV20-1,None,TRBJ2-1,TRBC2,True,True,CSARVGSEVNEQFF,TGCAGTGCTAGAGTGGGGTCGGAAGTCAATGAGCAGTTCTTC,1166,9,clonotype1,clonotype1_consensus_1
TGGACGCTCGTAGGAG-1,True,TGGACGCTCGTAGGAG-1_contig_3,True,465,TRA,TRAV10,None,TRAJ24,TRAC,True,False,None,None,829,3,clonotype1,None
TGGACGCTCTATCGCC-1,True,TGGACGCTCTATCGCC-1_contig_1,True,501,TRA,TRAV12-3,None,TRAJ32,TRAC,True,True,CARRYGGATNKLIF,TGTGCACGGAGATATGGTGGTGCTACAAACAAGCTCATCTTT,196,2,clonotype22,clonotype22_consensus_1
TGGACGCTCTATCGCC-1,True,TGGACGCTCTATCGCC-1_contig_2,True,502,TRB,TRBV5-6,None,TRBJ2-2,TRBC2,True,True,CASSLSPEDPTNTGELFF,TGTGCCAGCAGCTTGAGTCCGGAAGACCCTACGAACACCGGGGAGCTGTTTTTT,1650,5,clonotype22,clonotype22_consensus_2
TGGACGCTCTATCGCC-1,True,TGGACGCTCTATCGCC-1_contig_3,True,344,TRB,None,None,TRBJ2-7,TRBC2,False,False,None,None,1720,5,clonotype22,None
TGGCCAGAGCACCGTC-1,True,TGGCCAGAGCACCGTC-1_contig_1,True,505,TRA,TRAV1-2,None,TRAJ33,TRAC,True,True,CAATDSNYQLIW,TGTGCTGCGACTGATAGCAACTATCAGTTAATCTGG,1339,7,clonotype1,clonotype1_consensus_2
TGGCCAGAGCACCGTC-1,True,TGGCCAGAGCACCGTC-1_contig_2,True,498,TRB,TRBV20-1,None,TRBJ2-1,TRBC2,True,True,CSARVGSEVNEQFF,TGCAGTGCTAGAGTGGGGTCGGAAGTCAATGAGCAGTTCTTC,167,11,clonotype1,clonotype1_consensus_1
TGGCCAGAGGCTACGA-1,True,TGGCCAGAGGCTACGA-1_contig_1,True,508,TRA,TRAV20,None,TRAJ24,TRAC,True,True,CAVMTTDSWGKFQF,TGTGCTGTTATGACAACTGACAGCTGGGGGAAATTCCAGTTT,8694,3,clonotype7,clonotype7_consensus_2
TGGCCAGAGGCTACGA-1,True,TGGCCAGAGGCTACGA-1_contig_2,True,513,TRB,TRBV5-5,None,TRBJ2-7,TRBC2,True,True,CASSSLVEQGAYEQYF,TGTGCCAGCAGCTCGCTCGTAGAGCAGGGGGCCTACGAGCAGTACTTC,79,2,clonotype7,clonotype7_consensus_1
TGGCCAGAGGCTACGA-1,True,TGGCCAGAGGCTACGA-1_contig_3,True,417,TRB,None,None,TRBJ1-3,TRBC1,False,False,None,None,150,3,clonotype7,None
TGGCCAGAGGGATGGG-1,True,TGGCCAGAGGGATGGG-1_contig_1,True,505,TRA,TRAV1-2,None,TRAJ33,TRAC,True,True,CAATDSNYQLIW,TGTGCTGCGACTGATAGCAACTATCAGTTAATCTGG,1222,5,clonotype1,clonotype1_consensus_2
TGGCCAGAGGGATGGG-1,True,TGGCCAGAGGGATGGG-1_contig_2,True,498,TRB,TRBV20-1,None,TRBJ2-1,TRBC2,True,True,CSARVGSEVNEQFF,TGCAGTGCTAGAGTGGGGTCGGAAGTCAATGAGCAGTTCTTC,2529,7,clonotype1,clonotype1_consensus_1
TGGCCAGAGTTAGCGG-1,True,TGGCCAGAGTTAGCGG-1_contig_1,True,518,TRB,TRBV20-1,None,TRBJ2-7,TRBC2,True,True,CSARDRATGEQYF,TGCAGTGCTAGAGATAGGGCCACGGGCGAGCAGTACTTC,845,6,clonotype3505,clonotype3505_consensus_2
TGGCCAGAGTTAGCGG-1,True,TGGCCAGAGTTAGCGG-1_contig_2,True,682,TRA,TRAV8-3,None,TRAJ10,TRAC,True,True,CAVASTGGGNKLTF,TGTGCTGTGGCCTCCACGGGAGGAGGAAACAAACTCACCTTT,1303,7,clonotype3505,clonotype3505_consensus_1
TGGCCAGAGTTAGCGG-1,True,TGGCCAGAGTTAGCGG-1_contig_3,True,507,TRB,TRBV14,None,TRBJ1-4,TRBC1,True,False,CASSQPAGDKLMKNCFLAVEPSSLSW,TGTGCCAGCAGCCAGCCCGCCGGGGACAAACTAATGAAAAACTGTTTTTTGGCAGTGGAACCCAGCTCTCTGTCTTGG,855,3,clonotype3505,None
TGGCCAGAGTTGTCGT-1,True,TGGCCAGAGTTGTCGT-1_contig_1,True,505,TRA,TRAV1-2,None,TRAJ33,TRAC,True,True,CAATDSNYQLIW,TGTGCTGCGACTGATAGCAACTATCAGTTAATCTGG,513,4,clonotype1,clonotype1_consensus_2
TGGCCAGAGTTGTCGT-1,True,TGGCCAGAGTTGTCGT-1_contig_2,True,521,TRB,TRBV20-1,None,TRBJ2-1,TRBC2,True,True,CSARVGSEVNEQFF,TGCAGTGCTAGAGTGGGGTCGGAAGTCAATGAGCAGTTCTTC,2679,11,clonotype1,clonotype1_consensus_1
TGGCCAGCAATAAGCA-1,True,TGGCCAGCAATAAGCA-1_contig_1,True,476,TRB,TRBV20-1,None,TRBJ1-1,TRBC1,True,True,CSAGSHRGTRTEAFF,TGCAGTGCTGGATCTCACCGAGGGACCAGAACTGAAGCTTTCTTT,1004,24,clonotype378,clonotype378_consensus_2
TGGCCAGCAATAAGCA-1,True,TGGCCAGCAATAAGCA-1_contig_2,True,497,TRA,TRAV4,None,TRAJ9,TRAC,True,True,CLVGDPNTGGFKTIF,TGCCTCGTGGGTGACCCGAATACTGGAGGCTTCAAAACTATCTTT,534,5,clonotype378,clonotype378_consensus_1
TGGCCAGCACCACGTG-1,True,TGGCCAGCACCACGTG-1_contig_1,True,505,TRA,TRAV1-2,None,TRAJ20,TRAC,True,True,CASQRYDYKLSF,TGTGCTTCTCAAAGATACGACTACAAGCTCAGCTTT,12072,6,clonotype3506,clonotype3506_consensus_1
TGGCCAGCACCACGTG-1,True,TGGCCAGCACCACGTG-1_contig_2,True,521,TRB,TRBV20-1,None,TRBJ2-7,TRBC2,True,True,CSADYSGGDYEQYF,TGCAGTGCTGATTACAGCGGGGGAGACTACGAGCAGTACTTC,2643,13,clonotype3506,clonotype3506_consensus_2
TGGCCAGCAGGATTGG-1,True,TGGCCAGCAGGATTGG-1_contig_1,True,505,TRA,TRAV1-2,None,TRAJ33,TRAC,True,True,CAAMDSNYQLIW,TGTGCTGCCATGGATAGCAACTATCAGTTAATCTGG,520,5,clonotype337,clonotype337_consensus_2
TGGCCAGCAGGATTGG-1,True,TGGCCAGCAGGATTGG-1_contig_2,True,511,TRB,TRBV20-1,None,TRBJ2-5,TRBC2,True,True,CSARGGEGRETQYF,TGCAGTGCTAGAGGGGGTGAGGGCCGAGAGACCCAGTACTTC,1225,7,clonotype337,clonotype337_consensus_1
TGGCCAGCAGTTAACC-1,True,TGGCCAGCAGTTAACC-1_contig_1,True,486,TRB,TRBV5-5,None,TRBJ1-4,TRBC1,True,True,CASSPNPTGVEKLFF,TGTGCCAGCAGTCCAAATCCGACAGGGGTCGAAAAACTGTTTTTT,2206,9,clonotype3507,clonotype3507_consensus_1
TGGCCAGCAGTTAACC-1,True,TGGCCAGCAGTTAACC-1_contig_2,True,390,TRB,TRBV20-1,None,TRBJ2-5,None,True,False,CSARDGGGRGGPETQYF,TGCAGTGCTAGAGATGGGGGGGGGCGGGGGGGCCCAGAGACCCAGTACTTC,3,3,clonotype3507,None
TGGCCAGGTCCCTTGT-1,True,TGGCCAGGTCCCTTGT-1_contig_1,True,505,TRA,TRAV1-2,None,TRAJ33,TRAC,True,True,CAATDSNYQLIW,TGTGCTGCGACTGATAGCAACTATCAGTTAATCTGG,1182,7,clonotype1,clonotype1_consensus_2
TGGCCAGGTCCCTTGT-1,True,TGGCCAGGTCCCTTGT-1_contig_2,True,521,TRB,TRBV20-1,None,TRBJ2-1,TRBC2,True,True,CSARVGSEVNEQFF,TGCAGTGCTAGAGTGGGGTCGGAAGTCAATGAGCAGTTCTTC,4678,16,clonotype1,clonotype1_consensus_1
TGGCCAGGTCGCTTTC-1,True,TGGCCAGGTCGCTTTC-1_contig_1,True,515,TRB,TRBV20-1,None,TRBJ1-2,TRBC1,True,True,CSVYSTGTENTF,TGCAGCGTTTATTCGACCGGGACAGAGAACACCTTC,2579,6,clonotype3508,clonotype3508_consensus_1
TGGCCAGGTCGCTTTC-1,True,TGGCCAGGTCGCTTTC-1_contig_2,True,509,TRB,TRBV6-5,None,TRBJ2-2,TRBC2,True,True,CARGANTGELFF,TGTGCCAGGGGCGCGAACACCGGGGAGCTGTTTTTT,2592,8,clonotype3508,clonotype3508_consensus_2
TGGCCAGGTCTCGTTC-1,True,TGGCCAGGTCTCGTTC-1_contig_1,True,515,TRB,TRBV20-1,None,TRBJ2-7,TRBC2,True,True,CSARGSYYEQYF,TGCAGTGCTCGGGGATCCTACTACGAGCAGTACTTC,659,3,clonotype3509,clonotype3509_consensus_1
TGGCCAGGTCTTGTCC-1,True,TGGCCAGGTCTTGTCC-1_contig_1,True,505,TRA,TRAV1-2,None,TRAJ33,TRAC,True,True,CAATDSNYQLIW,TGTGCTGCGACTGATAGCAACTATCAGTTAATCTGG,1044,6,clonotype1,clonotype1_consensus_2
TGGCCAGGTCTTGTCC-1,True,TGGCCAGGTCTTGTCC-1_contig_2,True,498,TRB,TRBV20-1,None,TRBJ2-1,TRBC2,True,True,CSARVGSEVNEQFF,TGCAGTGCTAGAGTGGGGTCGGAAGTCAATGAGCAGTTCTTC,3206,10,clonotype1,clonotype1_consensus_1
TGGCCAGGTGAGGGAG-1,True,TGGCCAGGTGAGGGAG-1_contig_1,True,504,TRB,TRBV20-1,None,TRBJ2-3,TRBC2,True,True,CSAISTSGGLVDTQYF,TGCAGTGCTATCTCGACTAGCGGGGGATTGGTAGATACGCAGTATTTT,2556,6,clonotype3510,clonotype3510_consensus_1
TGGCCAGGTGAGGGAG-1,True,TGGCCAGGTGAGGGAG-1_contig_2,True,562,TRA,TRAV19,None,TRAJ33,TRAC,True,True,CALSEDSNYQLIW,TGTGCTCTGAGTGAGGATAGCAACTATCAGTTAATCTGG,1243,5,clonotype3510,clonotype3510_consensus_2
TGGCCAGGTGCTGTAT-1,True,TGGCCAGGTGCTGTAT-1_contig_1,True,459,TRA,TRAV13-1,None,TRAJ13,TRAC,True,True,CAARTGGYQKVTF,TGTGCAGCTCGTACTGGGGGTTACCAGAAAGTTACCTTT,621,5,clonotype3511,clonotype3511_consensus_2
TGGCCAGGTGCTGTAT-1,True,TGGCCAGGTGCTGTAT-1_contig_2,True,495,TRB,TRBV20-1,None,TRBJ1-1,TRBC1,True,True,CSEGRAQSTEAFF,TGCAGTGAAGGGAGGGCCCAAAGCACTGAAGCTTTCTTT,2087,8,clonotype3511,clonotype3511_consensus_1
TGGCCAGGTTATGTGC-1,True,TGGCCAGGTTATGTGC-1_contig_1,True,505,TRA,TRAV1-2,None,TRAJ33,TRAC,True,True,CAATDSNYQLIW,TGTGCTGCGACTGATAGCAACTATCAGTTAATCTGG,647,3,clonotype1,clonotype1_consensus_2
TGGCCAGGTTATGTGC-1,True,TGGCCAGGTTATGTGC-1_contig_2,True,498,TRB,TRBV20-1,None,TRBJ2-1,TRBC2,True,True,CSARVGSEVNEQFF,TGCAGTGCTAGAGTGGGGTCGGAAGTCAATGAGCAGTTCTTC,2053,9,clonotype1,clonotype1_consensus_1
TGGCCAGGTTCCCTTG-1,True,TGGCCAGGTTCCCTTG-1_contig_1,True,505,TRA,TRAV1-2,None,TRAJ33,TRAC,True,True,CAATDSNYQLIW,TGTGCTGCGACTGATAGCAACTATCAGTTAATCTGG,525,3,clonotype1,clonotype1_consensus_2
TGGCCAGGTTCCCTTG-1,True,TGGCCAGGTTCCCTTG-1_contig_2,True,496,TRB,TRBV20-1,None,TRBJ2-1,TRBC2,True,True,CSARVGSEVNEQFF,TGCAGTGCTAGAGTGGGGTCGGAAGTCAATGAGCAGTTCTTC,630,5,clonotype1,clonotype1_consensus_1
TGGCCAGTCAGGCGAA-1,True,TGGCCAGTCAGGCGAA-1_contig_1,True,521,TRB,TRBV20-1,None,TRBJ2-1,TRBC2,True,True,CSARVGSEVNEQFF,TGCAGTGCTAGAGTGGGGTCGGAAGTCAATGAGCAGTTCTTC,1542,7,clonotype2,clonotype2_consensus_1
TGGCCAGTCCGCGTTT-1,True,TGGCCAGTCCGCGTTT-1_contig_1,True,502,TRA,TRAV1-2,None,TRAJ30,TRAC,True,True,CAVRDLREIIF,TGTGCTGTGAGAGATCTTCGGGAGATCATCTTT,291,1,clonotype3,clonotype3_consensus_2
TGGCCAGTCCGCGTTT-1,True,TGGCCAGTCCGCGTTT-1_contig_2,True,495,TRB,TRBV5-5,None,TRBJ1-4,TRBC1,True,True,CASSHPGPNYATNEKLFF,TGTGCCAGCAGCCATCCCGGACCGAACTACGCAACTAATGAAAAACTGTTTTTT,4534,7,clonotype3,clonotype3_consensus_1
TGGCCAGTCCGCGTTT-1,True,TGGCCAGTCCGCGTTT-1_contig_3,True,313,TRB,TRBV7-3,None,TRBJ2-1,TRBC2,True,False,None,None,7309,2,clonotype3,None
TGGCCAGTCGCATGGC-1,True,TGGCCAGTCGCATGGC-1_contig_1,True,518,TRB,TRBV20-1,None,TRBJ1-3,TRBC1,True,True,CSARRGSGNTIYF,TGCAGTGCGAGGAGGGGCTCTGGAAACACCATATATTTT,1902,4,clonotype3512,clonotype3512_consensus_1
TGGCCAGTCTGGTATG-1,True,TGGCCAGTCTGGTATG-1_contig_1,True,505,TRA,TRAV1-2,None,TRAJ33,TRAC,True,True,CAATDSNYQLIW,TGTGCTGCGACTGATAGCAACTATCAGTTAATCTGG,534,5,clonotype1,clonotype1_consensus_2
TGGCCAGTCTGGTATG-1,True,TGGCCAGTCTGGTATG-1_contig_2,True,521,TRB,TRBV20-1,None,TRBJ2-1,TRBC2,True,True,CSARVGSEVNEQFF,TGCAGTGCTAGAGTGGGGTCGGAAGTCAATGAGCAGTTCTTC,1510,8,clonotype1,clonotype1_consensus_1
TGGCCAGTCTGGTATG-1,True,TGGCCAGTCTGGTATG-1_contig_3,True,348,TRB,None,None,TRBJ2-3,TRBC2,False,False,None,None,934,3,clonotype1,None
TGGCGCAAGAGCTATA-1,True,TGGCGCAAGAGCTATA-1_contig_1,True,505,TRA,TRAV1-2,None,TRAJ33,TRAC,True,True,CAATDSNYQLIW,TGTGCTGCGACTGATAGCAACTATCAGTTAATCTGG,4462,4,clonotype1,clonotype1_consensus_2
TGGCGCAAGAGCTATA-1,True,TGGCGCAAGAGCTATA-1_contig_2,True,521,TRB,TRBV20-1,None,TRBJ2-1,TRBC2,True,True,CSARVGSEVNEQFF,TGCAGTGCTAGAGTGGGGTCGGAAGTCAATGAGCAGTTCTTC,5007,12,clonotype1,clonotype1_consensus_1
TGGCGCAAGATATGGT-1,True,TGGCGCAAGATATGGT-1_contig_1,True,505,TRA,TRAV1-2,None,TRAJ33,TRAC,True,True,CAATDSNYQLIW,TGTGCTGCGACTGATAGCAACTATCAGTTAATCTGG,595,3,clonotype1,clonotype1_consensus_2
TGGCGCAAGATATGGT-1,True,TGGCGCAAGATATGGT-1_contig_2,True,498,TRB,TRBV20-1,None,TRBJ2-1,TRBC2,True,True,CSARVGSEVNEQFF,TGCAGTGCTAGAGTGGGGTCGGAAGTCAATGAGCAGTTCTTC,2933,9,clonotype1,clonotype1_consensus_1
TGGCGCAAGATGCCTT-1,True,TGGCGCAAGATGCCTT-1_contig_1,True,634,TRA,TRAV8-6,None,TRAJ34,TRAC,True,True,CAVSEDNTDKLIF,TGTGCTGTGAGTGAAGATAACACCGACAAGCTCATCTTT,1609,6,clonotype3513,clonotype3513_consensus_1
TGGCGCAAGATGCCTT-1,True,TGGCGCAAGATGCCTT-1_contig_2,True,631,TRB,TRBV5-6,None,TRBJ1-4,TRBC1,True,True,CASSPGGHNEKLFF,TGTGCCAGCAGCCCGGGGGGCCATAATGAAAAACTGTTTTTT,2180,5,clonotype3513,clonotype3513_consensus_2
TGGCGCAAGATGCCTT-1,True,TGGCGCAAGATGCCTT-1_contig_3,True,313,TRB,None,None,TRBJ1-5,TRBC1,False,False,None,None,2142,6,clonotype3513,None
TGGCGCAAGCAATCTC-1,True,TGGCGCAAGCAATCTC-1_contig_1,True,469,TRB,TRBV20-1,None,TRBJ2-1,TRBC2,True,True,CSASPSGRGQFF,TGCAGTGCTAGCCCTAGCGGCAGGGGGCAGTTCTTC,779,3,clonotype3514,clonotype3514_consensus_1
TGGCGCAAGCAATCTC-1,True,TGGCGCAAGCAATCTC-1_contig_2,True,462,TRA,TRAV13-1,None,TRAJ12,TRAC,True,True,CAASKGDSSYKLIF,TGTGCAGCAAGTAAGGGGGATAGCAGCTATAAATTGATCTTC,727,3,clonotype3514,clonotype3514_consensus_2
TGGCGCAAGCCACGCT-1,True,TGGCGCAAGCCACGCT-1_contig_1,True,441,TRA,TRAV2,None,TRAJ20,TRAC,True,True,CAVWGDYKLSF,TGTGCTGTGTGGGGCGACTACAAGCTCAGCTTT,527,3,clonotype3515,clonotype3515_consensus_2
TGGCGCAAGCCACGCT-1,True,TGGCGCAAGCCACGCT-1_contig_2,True,478,TRB,TRBV5-6,None,TRBJ1-1,TRBC1,True,True,CASSLGGANTEAFF,TGTGCCAGCAGCTTGGGGGGGGCGAACACTGAAGCTTTCTTT,5090,18,clonotype3515,clonotype3515_consensus_1
TGGCGCAAGCGATTCT-1,True,TGGCGCAAGCGATTCT-1_contig_1,True,495,TRB,TRBV20-1,None,TRBJ2-1,TRBC2,True,True,CSARVGSEVNEQFF,TGCAGTGCTAGAGTGGGGTCGGAAGTCAATGAGCAGTTCTTC,911,5,clonotype2,clonotype2_consensus_1
TGGCGCAAGTGACTCT-1,True,TGGCGCAAGTGACTCT-1_contig_1,True,500,TRA,TRAV1-2,None,TRAJ30,TRAC,True,True,CAVRDLREIIF,TGTGCTGTGAGAGATCTTCGGGAGATCATCTTT,212,2,clonotype3,clonotype3_consensus_2
TGGCGCAAGTGACTCT-1,True,TGGCGCAAGTGACTCT-1_contig_2,True,515,TRB,TRBV5-5,None,TRBJ1-4,TRBC1,True,True,CASSHPGPNYATNEKLFF,TGTGCCAGCAGCCATCCCGGACCGAACTACGCAACTAATGAAAAACTGTTTTTT,720,2,clonotype3,clonotype3_consensus_1
TGGCGCACAAGCCGCT-1,True,TGGCGCACAAGCCGCT-1_contig_1,True,521,TRB,TRBV20-1,None,TRBJ2-5,TRBC2,True,True,CSARDEIGGETQYF,TGCAGTGCTAGAGATGAGATAGGGGGAGAGACCCAGTACTTC,2609,14,clonotype3516,clonotype3516_consensus_2
TGGCGCACAAGCCGCT-1,True,TGGCGCACAAGCCGCT-1_contig_2,True,492,TRA,TRAV9-2,None,TRAJ58,TRAC,True,True,CALRGTSGSRLTF,TGTGCTCTGAGAGGGACCAGTGGCTCTAGGTTGACCTTT,452,3,clonotype3516,clonotype3516_consensus_1
TGGCGCACAAGCCGCT-1,True,TGGCGCACAAGCCGCT-1_contig_3,True,317,TRA,TRAV13-1,None,TRAJ52,TRAC,True,False,None,None,56,2,clonotype3516,None
TGGCGCACAATAAGCA-1,True,TGGCGCACAATAAGCA-1_contig_1,True,518,TRB,TRBV5-6,None,TRBJ2-5,TRBC2,True,True,CASSMGGRETQYF,TGTGCCAGCTCAATGGGGGGTCGAGAGACCCAGTACTTC,2149,7,clonotype52,clonotype52_consensus_2
TGGCGCACAATAAGCA-1,True,TGGCGCACAATAAGCA-1_contig_2,True,494,TRA,TRAV9-2,None,TRAJ57,TRAC,True,True,CALSGTQGGSEKLVF,TGTGCTCTGAGCGGAACTCAGGGCGGATCTGAAAAGCTGGTCTTT,663,3,clonotype52,clonotype52_consensus_1
TGGCGCACAGCCTTGG-1,True,TGGCGCACAGCCTTGG-1_contig_1,True,556,TRA,TRAV12-1,None,TRAJ48,TRAC,True,True,CVVNSHFGNEKLTF,TGTGTGGTGAACTCCCACTTTGGAAATGAGAAATTAACCTTT,132,3,clonotype251,clonotype251_consensus_2
TGGCGCACAGCCTTGG-1,True,TGGCGCACAGCCTTGG-1_contig_2,True,661,TRB,TRBV5-6,None,TRBJ1-2,TRBC1,True,True,CASSSRTGSVMDGYTF,TGTGCCAGCAGCTCGCGGACAGGGTCGGTCATGGATGGCTACACCTTC,5793,15,clonotype251,clonotype251_consensus_1
TGGCGCACAGCCTTGG-1,True,TGGCGCACAGCCTTGG-1_contig_3,True,300,TRB,TRBV10-1,None,TRBJ2-1,TRBC2,True,False,None,None,3448,7,clonotype251,None
TGGCGCACATACGCTA-1,True,TGGCGCACATACGCTA-1_contig_1,True,505,TRA,TRAV1-2,None,TRAJ33,TRAC,True,True,CAATDSNYQLIW,TGTGCTGCGACTGATAGCAACTATCAGTTAATCTGG,85,3,clonotype1,clonotype1_consensus_2
TGGCGCACATACGCTA-1,True,TGGCGCACATACGCTA-1_contig_2,True,485,TRB,TRBV20-1,None,TRBJ2-1,TRBC2,True,True,CSARVGSEVNEQFF,TGCAGTGCTAGAGTGGGGTCGGAAGTCAATGAGCAGTTCTTC,1254,9,clonotype1,clonotype1_consensus_1
TGGCGCACATACGCTA-1,True,TGGCGCACATACGCTA-1_contig_3,True,482,TRA,TRAV10,None,TRAJ24,TRAC,True,False,None,None,92,1,clonotype1,None
TGGCGCACATCAGTAC-1,True,TGGCGCACATCAGTAC-1_contig_1,True,505,TRA,TRAV1-2,None,TRAJ33,TRAC,True,True,CAATDSNYQLIW,TGTGCTGCGACTGATAGCAACTATCAGTTAATCTGG,984,4,clonotype1,clonotype1_consensus_2
TGGCGCACATCAGTAC-1,True,TGGCGCACATCAGTAC-1_contig_2,True,521,TRB,TRBV20-1,None,TRBJ2-1,TRBC2,True,True,CSARVGSEVNEQFF,TGCAGTGCTAGAGTGGGGTCGGAAGTCAATGAGCAGTTCTTC,1313,7,clonotype1,clonotype1_consensus_1
TGGCGCACATTAGCCA-1,True,TGGCGCACATTAGCCA-1_contig_1,True,469,TRB,TRBV11-1,None,TRBJ1-6,TRBC1,True,True,CASSFPGSSLHF,TGTGCCAGCAGCTTCCCAGGTTCTTCACTCCACTTT,5042,10,clonotype3517,clonotype3517_consensus_1
TGGCGCACATTAGCCA-1,True,TGGCGCACATTAGCCA-1_contig_2,True,456,TRA,TRAV13-1,None,TRAJ43,TRAC,True,False,CAASVNNNDMRF,TGTGCAGCAAGTGTGAATAACAATGACATGCGCTTT,72,2,clonotype3517,None
TGGCGCAGTACCGGCT-1,True,TGGCGCAGTACCGGCT-1_contig_1,True,509,TRA,TRAV26-2,None,TRAJ57,TRAC,True,True,CILIQGPEKLVF,TGCATCCTGATCCAGGGTCCTGAAAAGCTGGTCTTT,242,2,clonotype308,clonotype308_consensus_2
TGGCGCAGTACCGGCT-1,True,TGGCGCAGTACCGGCT-1_contig_2,True,485,TRB,TRBV20-1,None,TRBJ1-1,TRBC1,True,True,CSARDLMVGTEAFF,TGCAGTGCTAGAGATCTTATGGTAGGGACTGAAGCTTTCTTT,313,4,clonotype308,clonotype308_consensus_1
TGGCGCAGTAGGAGTC-1,True,TGGCGCAGTAGGAGTC-1_contig_1,True,492,TRB,TRBV20-1,None,TRBJ2-1,TRBC2,True,True,CSARVGSEVNEQFF,TGCAGTGCTAGAGTGGGGTCGGAAGTCAATGAGCAGTTCTTC,1644,4,clonotype2,clonotype2_consensus_1
TGGCGCAGTAGGAGTC-1,True,TGGCGCAGTAGGAGTC-1_contig_2,True,483,TRA,TRAV10,None,TRAJ24,TRAC,True,False,None,None,359,1,clonotype2,None
TGGCGCAGTCCTCCAT-1,True,TGGCGCAGTCCTCCAT-1_contig_1,True,514,TRA,TRAV23/DV6,None,TRAJ10,TRAC,True,True,CAATFVTGGGNKLTF,TGTGCAGCAACGTTCGTTACGGGAGGAGGAAACAAACTCACCTTT,3733,10,clonotype370,clonotype370_consensus_2
TGGCGCAGTCCTCCAT-1,True,TGGCGCAGTCCTCCAT-1_contig_2,True,499,TRB,TRBV5-6,None,TRBJ2-1,TRBC2,True,True,CASSPLWAGGPINEQFF,TGTGCCAGCAGCCCTTTGTGGGCGGGGGGGCCCATAAATGAGCAGTTCTTC,631,4,clonotype370,clonotype370_consensus_3
TGGCGCAGTCCTCCAT-1,True,TGGCGCAGTCCTCCAT-1_contig_3,True,510,TRB,TRBV5-5,None,TRBJ2-2,TRBC2,True,True,CASSLGYRGFGELFF,TGTGCCAGCAGCTTGGGCTACAGGGGGTTCGGGGAGCTGTTTTTT,1375,7,clonotype370,clonotype370_consensus_1
TGGCGCAGTCCTCCAT-1,True,TGGCGCAGTCCTCCAT-1_contig_4,True,315,TRB,None,None,TRBJ2-5,TRBC2,False,False,None,None,867,4,clonotype370,None
TGGCGCAGTCTAGCGC-1,True,TGGCGCAGTCTAGCGC-1_contig_1,True,492,TRA,TRAV9-2,None,TRAJ13,TRAC,True,True,CALNLEGYQKVTF,TGTGCTCTGAACTTAGAGGGTTACCAGAAAGTTACCTTT,254,3,clonotype6,clonotype6_consensus_1
TGGCGCAGTCTAGCGC-1,True,TGGCGCAGTCTAGCGC-1_contig_2,True,659,TRB,TRBV5-6,None,TRBJ1-5,TRBC1,True,True,CASSFRGGANQPQHF,TGTGCCAGCAGCTTTCGAGGGGGCGCGAATCAGCCCCAGCATTTT,859,7,clonotype6,clonotype6_consensus_2
TGGCGCAGTGCACCAC-1,True,TGGCGCAGTGCACCAC-1_contig_1,True,505,TRA,TRAV1-2,None,TRAJ33,TRAC,True,True,CAATDSNYQLIW,TGTGCTGCGACTGATAGCAACTATCAGTTAATCTGG,304,4,clonotype1,clonotype1_consensus_2
TGGCGCAGTGCACCAC-1,True,TGGCGCAGTGCACCAC-1_contig_2,True,521,TRB,TRBV20-1,None,TRBJ2-1,TRBC2,True,True,CSARVGSEVNEQFF,TGCAGTGCTAGAGTGGGGTCGGAAGTCAATGAGCAGTTCTTC,1537,4,clonotype1,clonotype1_consensus_1
TGGCGCAGTTAGAACA-1,True,TGGCGCAGTTAGAACA-1_contig_1,True,505,TRA,TRAV1-2,None,TRAJ33,TRAC,True,True,CAATDSNYQLIW,TGTGCTGCGACTGATAGCAACTATCAGTTAATCTGG,1635,7,clonotype1,clonotype1_consensus_2
TGGCGCAGTTAGAACA-1,True,TGGCGCAGTTAGAACA-1_contig_2,True,521,TRB,TRBV20-1,None,TRBJ2-1,TRBC2,True,True,CSARVGSEVNEQFF,TGCAGTGCTAGAGTGGGGTCGGAAGTCAATGAGCAGTTCTTC,2833,9,clonotype1,clonotype1_consensus_1
TGGCGCATCAGAGGTG-1,True,TGGCGCATCAGAGGTG-1_contig_1,True,524,TRB,TRBV20-1,None,TRBJ1-2,TRBC1,True,True,CSAKPGQGLDYGYTF,TGCAGTGCTAAGCCGGGACAGGGGCTCGACTATGGCTACACCTTC,339,3,clonotype89,clonotype89_consensus_1
TGGCGCATCAGAGGTG-1,True,TGGCGCATCAGAGGTG-1_contig_2,True,505,TRA,TRAV1-2,None,TRAJ13,TRAC,True,True,CALSGGYQKVTF,TGTGCCTTAAGTGGGGGTTACCAGAAAGTTACCTTT,313,2,clonotype89,clonotype89_consensus_2
TGGCGCATCGTATCAG-1,True,TGGCGCATCGTATCAG-1_contig_1,True,554,TRA,TRAV12-1,None,TRAJ9,TRAC,True,True,CVVTRNTGGFKTIF,TGTGTGGTGACACGAAATACTGGAGGCTTCAAAACTATCTTT,488,4,clonotype3518,clonotype3518_consensus_2
TGGCGCATCGTATCAG-1,True,TGGCGCATCGTATCAG-1_contig_2,True,527,TRB,TRBV20-1,None,TRBJ1-4,TRBC1,True,True,CSARDRQGPTNEKLFF,TGCAGTGCTAGAGACCGACAGGGACCAACTAATGAAAAACTGTTTTTT,2368,8,clonotype3518,clonotype3518_consensus_3
TGGCGCATCGTATCAG-1,True,TGGCGCATCGTATCAG-1_contig_3,True,465,TRA,TRAV13-1,None,TRAJ11,TRAC,True,True,CAASMENSGYSTLTF,TGTGCAGCAAGTATGGAGAATTCAGGATACAGCACCCTCACCTTT,1970,14,clonotype3518,clonotype3518_consensus_4
TGGCGCATCGTATCAG-1,True,TGGCGCATCGTATCAG-1_contig_4,True,533,TRB,TRBV20-1,None,TRBJ1-5,TRBC1,True,True,CSARDDNRAKSFNQPQHF,TGCAGTGCTAGAGACGACAACCGGGCCAAATCCTTCAATCAGCCCCAGCATTTT,1119,5,clonotype3518,clonotype3518_consensus_1
TGGCGCATCGTATCAG-1,True,TGGCGCATCGTATCAG-1_contig_5,True,306,TRB,None,None,TRBJ2-1,TRBC2,False,False,None,None,575,1,clonotype3518,None
TGGCGCATCGTATCAG-1,True,TGGCGCATCGTATCAG-1_contig_6,True,513,TRB,TRBV5-6,None,TRBJ2-6,TRBC2,True,False,None,None,730,3,clonotype3518,None
TGGCGCATCTGCGGCA-1,True,TGGCGCATCTGCGGCA-1_contig_1,True,505,TRA,TRAV1-2,None,TRAJ33,TRAC,True,True,CAATDSNYQLIW,TGTGCTGCGACTGATAGCAACTATCAGTTAATCTGG,921,4,clonotype1,clonotype1_consensus_2
TGGCGCATCTGCGGCA-1,True,TGGCGCATCTGCGGCA-1_contig_2,True,521,TRB,TRBV20-1,None,TRBJ2-1,TRBC2,True,True,CSARVGSEVNEQFF,TGCAGTGCTAGAGTGGGGTCGGAAGTCAATGAGCAGTTCTTC,2936,8,clonotype1,clonotype1_consensus_1
TGGCTGGAGAATGTGT-1,True,TGGCTGGAGAATGTGT-1_contig_1,True,507,TRB,TRBV20-1,None,TRBJ1-6,TRBC1,True,True,CSARDLFETGSTSPLHF,TGCAGTGCTAGAGATCTTTTTGAGACAGGGTCGACTTCACCCCTCCACTTT,4464,13,clonotype3519,clonotype3519_consensus_1
TGGCTGGAGAATGTGT-1,True,TGGCTGGAGAATGTGT-1_contig_2,True,452,TRA,TRAV12-3,None,TRAJ29,TRAC,True,False,None,None,262,5,clonotype3519,None
TGGCTGGAGAGCTGGT-1,True,TGGCTGGAGAGCTGGT-1_contig_1,True,505,TRA,TRAV1-2,None,TRAJ33,TRAC,True,True,CAATDSNYQLIW,TGTGCTGCGACTGATAGCAACTATCAGTTAATCTGG,8741,3,clonotype1,clonotype1_consensus_2
TGGCTGGAGAGCTGGT-1,True,TGGCTGGAGAGCTGGT-1_contig_2,True,495,TRB,TRBV20-1,None,TRBJ2-1,TRBC2,True,True,CSARVGSEVNEQFF,TGCAGTGCTAGAGTGGGGTCGGAAGTCAATGAGCAGTTCTTC,1136,3,clonotype1,clonotype1_consensus_1
TGGCTGGAGAGTTGGC-1,True,TGGCTGGAGAGTTGGC-1_contig_1,True,512,TRB,TRBV20-1,None,TRBJ2-3,TRBC2,True,True,CSAPLGGSQYF,TGCAGTGCCCCGTTGGGGGGGTCGCAGTATTTT,385,7,clonotype3520,clonotype3520_consensus_1
TGGCTGGAGCACACAG-1,True,TGGCTGGAGCACACAG-1_contig_1,True,508,TRA,TRAV20,None,TRAJ36,TRAC,True,True,CAVLDQTGANNLFF,TGTGCTGTGCTTGATCAAACTGGGGCAAACAACCTCTTCTTT,7593,8,clonotype137,clonotype137_consensus_1
TGGCTGGAGCACACAG-1,True,TGGCTGGAGCACACAG-1_contig_2,True,661,TRB,TRBV5-6,None,TRBJ1-1,TRBC1,True,True,CASSWWRGNTEAFF,TGTGCCAGCAGCTGGTGGAGGGGGAACACTGAAGCTTTCTTT,3127,8,clonotype137,clonotype137_consensus_2
TGGCTGGAGGCCCTTG-1,True,TGGCTGGAGGCCCTTG-1_contig_1,True,495,TRA,TRAV9-2,None,TRAJ54,TRAC,True,True,CALDMVQGAQKLVF,TGTGCTCTGGATATGGTTCAGGGAGCCCAGAAGCTGGTATTT,493,5,clonotype3521,clonotype3521_consensus_2
TGGCTGGAGGCCCTTG-1,True,TGGCTGGAGGCCCTTG-1_contig_2,True,521,TRB,TRBV20-1,None,TRBJ2-7,TRBC2,True,True,CSALNEGPYYEQYF,TGCAGTGCTCTAAACGAGGGCCCGTACTACGAGCAGTACTTC,1276,9,clonotype3521,clonotype3521_consensus_1
TGGCTGGAGGCTCATT-1,True,TGGCTGGAGGCTCATT-1_contig_1,True,521,TRB,TRBV20-1,None,TRBJ2-1,TRBC2,True,True,CSARVGSEVNEQFF,TGCAGTGCTAGAGTGGGGTCGGAAGTCAATGAGCAGTTCTTC,3172,13,clonotype2,clonotype2_consensus_1
TGGCTGGAGTGCCAGA-1,True,TGGCTGGAGTGCCAGA-1_contig_1,True,518,TRB,TRBV20-1,None,TRBJ1-1,TRBC1,True,True,CSARDPGKGEAFF,TGCAGTGCTAGAGATCCCGGTAAGGGGGAAGCTTTCTTT,9536,6,clonotype3522,clonotype3522_consensus_1
TGGCTGGAGTTAGCGG-1,True,TGGCTGGAGTTAGCGG-1_contig_1,True,498,TRB,TRBV20-1,None,TRBJ2-1,TRBC2,True,True,CSARVGSEVNEQFF,TGCAGTGCTAGAGTGGGGTCGGAAGTCAATGAGCAGTTCTTC,10110,10,clonotype2,clonotype2_consensus_1
TGGCTGGAGTTAGCGG-1,True,TGGCTGGAGTTAGCGG-1_contig_2,True,482,TRA,TRAV10,None,TRAJ24,TRAC,True,False,None,None,6936,4,clonotype2,None
TGGCTGGCAACCGCCA-1,True,TGGCTGGCAACCGCCA-1_contig_1,True,501,TRB,TRBV20-1,None,TRBJ1-3,TRBC1,True,True,CSARPRRGSGNTIYF,TGCAGTGCTAGACCAAGGCGAGGTTCTGGAAACACCATATATTTT,622,3,clonotype122,clonotype122_consensus_1
TGGCTGGCAACCGCCA-1,True,TGGCTGGCAACCGCCA-1_contig_2,True,774,TRA,TRAV8-3,None,TRAJ4,TRAC,True,True,CAVGRRSGGYNKLIF,TGTGCTGTGGGGCGGCGATCTGGTGGCTACAATAAGCTGATTTTT,3125,5,clonotype122,clonotype122_consensus_2
TGGCTGGCACACGCTG-1,True,TGGCTGGCACACGCTG-1_contig_1,True,521,TRB,TRBV20-1,None,TRBJ2-1,TRBC2,True,True,CSARVGSEVNEQFF,TGCAGTGCTAGAGTGGGGTCGGAAGTCAATGAGCAGTTCTTC,938,8,clonotype2,clonotype2_consensus_1
TGGCTGGCACACGCTG-1,True,TGGCTGGCACACGCTG-1_contig_2,True,461,TRA,TRAV10,None,TRAJ24,TRAC,True,False,None,None,421,1,clonotype2,None
TGGCTGGCACCATGTA-1,True,TGGCTGGCACCATGTA-1_contig_1,True,511,TRA,TRAV23/DV6,None,TRAJ5,TRAC,True,True,CAASKDTGRRALTF,TGTGCAGCAAGCAAGGACACGGGCAGGAGAGCACTTACTTTT,1060,5,clonotype3523,clonotype3523_consensus_1
TGGCTGGCACCATGTA-1,True,TGGCTGGCACCATGTA-1_contig_2,True,468,TRA,TRAV13-1,None,TRAJ35,TRAC,True,True,CAATIWTIGFGNVLHC,TGTGCAGCAACCATTTGGACGATAGGCTTTGGGAATGTGCTGCATTGC,1213,5,clonotype3523,clonotype3523_consensus_2
TGGCTGGCACCATGTA-1,True,TGGCTGGCACCATGTA-1_contig_3,True,493,TRB,TRBV9,None,TRBJ2-2,TRBC2,True,True,CASSVQGAGELFF,TGTGCCAGCAGCGTACAGGGGGCCGGGGAGCTGTTTTTT,1800,8,clonotype3523,clonotype3523_consensus_3
TGGCTGGGTACCTACA-1,True,TGGCTGGGTACCTACA-1_contig_1,True,505,TRA,TRAV1-2,None,TRAJ33,TRAC,True,True,CAATDSNYQLIW,TGTGCTGCGACTGATAGCAACTATCAGTTAATCTGG,458,2,clonotype1,clonotype1_consensus_2
TGGCTGGGTACCTACA-1,True,TGGCTGGGTACCTACA-1_contig_2,True,521,TRB,TRBV20-1,None,TRBJ2-1,TRBC2,True,True,CSARVGSEVNEQFF,TGCAGTGCTAGAGTGGGGTCGGAAGTCAATGAGCAGTTCTTC,2478,7,clonotype1,clonotype1_consensus_1
TGGCTGGGTACCTACA-1,True,TGGCTGGGTACCTACA-1_contig_3,True,482,TRA,TRAV10,None,TRAJ24,TRAC,True,False,None,None,3593,3,clonotype1,None
TGGCTGGGTCTAGCCG-1,True,TGGCTGGGTCTAGCCG-1_contig_1,True,505,TRA,TRAV1-2,None,TRAJ33,TRAC,True,True,CAATDSNYQLIW,TGTGCTGCGACTGATAGCAACTATCAGTTAATCTGG,771,3,clonotype1,clonotype1_consensus_2
TGGCTGGGTCTAGCCG-1,True,TGGCTGGGTCTAGCCG-1_contig_2,True,495,TRB,TRBV20-1,None,TRBJ2-1,TRBC2,True,True,CSARVGSEVNEQFF,TGCAGTGCTAGAGTGGGGTCGGAAGTCAATGAGCAGTTCTTC,412,6,clonotype1,clonotype1_consensus_1
TGGCTGGGTGTGTGCC-1,True,TGGCTGGGTGTGTGCC-1_contig_1,True,538,TRA,TRAV12-1,None,TRAJ5,TRAC,True,True,CVVNAGRRALTF,TGTGTGGTGAACGCGGGCAGGAGAGCACTTACTTTT,1827,4,clonotype145,clonotype145_consensus_2
TGGCTGGGTGTGTGCC-1,True,TGGCTGGGTGTGTGCC-1_contig_2,True,521,TRB,TRBV20-1,None,TRBJ2-7,TRBC2,True,True,CSYRDPRAGYEQYF,TGCAGTTACCGGGACCCCCGGGCCGGCTACGAGCAGTACTTC,21151,27,clonotype145,clonotype145_consensus_1
TGGCTGGGTGTGTGCC-1,True,TGGCTGGGTGTGTGCC-1_contig_3,True,442,TRA,TRAV2,None,TRAJ5,TRAC,True,False,None,None,9920,8,clonotype145,None
TGGCTGGTCGCGTAGC-1,True,TGGCTGGTCGCGTAGC-1_contig_1,True,505,TRA,TRAV1-2,None,TRAJ33,TRAC,True,True,CAATDSNYQLIW,TGTGCTGCGACTGATAGCAACTATCAGTTAATCTGG,194,2,clonotype1,clonotype1_consensus_2
TGGCTGGTCGCGTAGC-1,True,TGGCTGGTCGCGTAGC-1_contig_2,True,521,TRB,TRBV20-1,None,TRBJ2-1,TRBC2,True,True,CSARVGSEVNEQFF,TGCAGTGCTAGAGTGGGGTCGGAAGTCAATGAGCAGTTCTTC,1247,9,clonotype1,clonotype1_consensus_1
TGGCTGGTCTATGTGG-1,True,TGGCTGGTCTATGTGG-1_contig_1,True,505,TRA,TRAV1-2,None,TRAJ33,TRAC,True,True,CAATDSNYQLIW,TGTGCTGCGACTGATAGCAACTATCAGTTAATCTGG,570,3,clonotype1,clonotype1_consensus_2
TGGCTGGTCTATGTGG-1,True,TGGCTGGTCTATGTGG-1_contig_2,True,521,TRB,TRBV20-1,None,TRBJ2-1,TRBC2,True,True,CSARVGSEVNEQFF,TGCAGTGCTAGAGTGGGGTCGGAAGTCAATGAGCAGTTCTTC,4201,17,clonotype1,clonotype1_consensus_1
TGGCTGGTCTATGTGG-1,True,TGGCTGGTCTATGTGG-1_contig_3,True,458,TRA,TRAV10,None,TRAJ24,TRAC,True,False,None,None,142,6,clonotype1,None
TGGCTGGTCTTGCAAG-1,True,TGGCTGGTCTTGCAAG-1_contig_1,True,505,TRA,TRAV1-2,None,TRAJ33,TRAC,True,True,CAATDSNYQLIW,TGTGCTGCGACTGATAGCAACTATCAGTTAATCTGG,325,3,clonotype1,clonotype1_consensus_2
TGGCTGGTCTTGCAAG-1,True,TGGCTGGTCTTGCAAG-1_contig_2,True,521,TRB,TRBV20-1,None,TRBJ2-1,TRBC2,True,True,CSARVGSEVNEQFF,TGCAGTGCTAGAGTGGGGTCGGAAGTCAATGAGCAGTTCTTC,7020,6,clonotype1,clonotype1_consensus_1
TGGGAAGAGAGCCCAA-1,True,TGGGAAGAGAGCCCAA-1_contig_1,True,505,TRA,TRAV1-2,None,TRAJ33,TRAC,True,True,CAATDSNYQLIW,TGTGCTGCGACTGATAGCAACTATCAGTTAATCTGG,194,2,clonotype1,clonotype1_consensus_2
TGGGAAGAGAGCCCAA-1,True,TGGGAAGAGAGCCCAA-1_contig_2,True,521,TRB,TRBV20-1,None,TRBJ2-1,TRBC2,True,True,CSARVGSEVNEQFF,TGCAGTGCTAGAGTGGGGTCGGAAGTCAATGAGCAGTTCTTC,561,2,clonotype1,clonotype1_consensus_1
TGGGAAGAGAGCCCAA-1,True,TGGGAAGAGAGCCCAA-1_contig_3,True,482,TRA,TRAV10,None,TRAJ24,TRAC,True,False,None,None,1368,4,clonotype1,None
TGGGAAGAGGAGCGAG-1,True,TGGGAAGAGGAGCGAG-1_contig_1,True,502,TRA,TRAV1-2,None,TRAJ30,TRAC,True,True,CAVRDLREIIF,TGTGCTGTGAGAGATCTTCGGGAGATCATCTTT,540,2,clonotype3,clonotype3_consensus_2
TGGGAAGAGGAGCGAG-1,True,TGGGAAGAGGAGCGAG-1_contig_2,True,494,TRB,TRBV5-5,None,TRBJ1-4,TRBC1,True,True,CASSHPGPNYATNEKLFF,TGTGCCAGCAGCCATCCCGGACCGAACTACGCAACTAATGAAAAACTGTTTTTT,3548,10,clonotype3,clonotype3_consensus_1
TGGGAAGAGGAGCGAG-1,True,TGGGAAGAGGAGCGAG-1_contig_3,True,448,TRB,TRBV7-3,None,TRBJ2-1,None,True,False,CQQRSLKAGGPYNEQFF,TGCCAGCAGCGGTCACTTAAAGCGGGGGGACCCTACAATGAGCAGTTCTTC,337,1,clonotype3,None
TGGGAAGCAACACCTA-1,True,TGGGAAGCAACACCTA-1_contig_1,True,505,TRA,TRAV1-2,None,TRAJ33,TRAC,True,True,CAATDSNYQLIW,TGTGCTGCGACTGATAGCAACTATCAGTTAATCTGG,1222,4,clonotype1,clonotype1_consensus_2
TGGGAAGCAACACCTA-1,True,TGGGAAGCAACACCTA-1_contig_2,True,498,TRB,TRBV20-1,None,TRBJ2-1,TRBC2,True,True,CSARVGSEVNEQFF,TGCAGTGCTAGAGTGGGGTCGGAAGTCAATGAGCAGTTCTTC,3475,6,clonotype1,clonotype1_consensus_1
TGGGAAGCAATAAGCA-1,True,TGGGAAGCAATAAGCA-1_contig_1,True,624,TRA,TRAV3,None,TRAJ3,TRAC,True,True,CAVRDKRDSSASKIIF,TGTGCTGTGAGAGACAAAAGGGACAGCAGTGCTTCCAAGATAATCTTT,1781,8,clonotype3524,clonotype3524_consensus_2
TGGGAAGCAATAAGCA-1,True,TGGGAAGCAATAAGCA-1_contig_2,True,533,TRB,TRBV20-1,None,TRBJ2-4,TRBC2,True,True,CSARTRWAATLAKNIQYF,TGCAGTGCTAGAACACGATGGGCAGCCACCCTAGCCAAAAACATTCAGTACTTC,4312,12,clonotype3524,clonotype3524_consensus_1
TGGGAAGCACGACGAA-1,True,TGGGAAGCACGACGAA-1_contig_1,True,521,TRA,TRAV27,None,TRAJ37,TRAC,True,True,CAGGDTGKLIF,TGTGCAGGAGGCGACACAGGCAAACTAATCTTT,2012,6,clonotype3525,clonotype3525_consensus_3
TGGGAAGCACGACGAA-1,True,TGGGAAGCACGACGAA-1_contig_2,True,496,TRA,TRAV1-1,None,TRAJ32,TRAC,True,True,CAVRDGGGATNKLIF,TGCGCTGTGAGAGATGGAGGTGGTGCTACAAACAAGCTCATCTTT,691,4,clonotype3525,clonotype3525_consensus_1
TGGGAAGCACGACGAA-1,True,TGGGAAGCACGACGAA-1_contig_3,True,500,TRB,TRBV20-1,None,TRBJ2-7,TRBC2,True,True,CSADLPSGASYEQYF,TGCAGTGCTGACCTTCCTAGCGGGGCATCCTACGAGCAGTACTTC,1045,9,clonotype3525,clonotype3525_consensus_4
TGGGAAGCACGACGAA-1,True,TGGGAAGCACGACGAA-1_contig_4,True,529,TRB,TRBV20-1,None,TRBJ1-3,TRBC1,True,True,CSAPTPGDPFSGNTIYF,TGCAGTGCCCCCACCCCAGGGGACCCGTTCTCTGGAAACACCATATATTTT,1428,5,clonotype3525,clonotype3525_consensus_2
TGGGAAGCACTGTGTA-1,True,TGGGAAGCACTGTGTA-1_contig_1,True,505,TRA,TRAV1-2,None,TRAJ33,TRAC,True,True,CAATDSNYQLIW,TGTGCTGCGACTGATAGCAACTATCAGTTAATCTGG,132,2,clonotype1,clonotype1_consensus_2
TGGGAAGCACTGTGTA-1,True,TGGGAAGCACTGTGTA-1_contig_2,True,521,TRB,TRBV20-1,None,TRBJ2-1,TRBC2,True,True,CSARVGSEVNEQFF,TGCAGTGCTAGAGTGGGGTCGGAAGTCAATGAGCAGTTCTTC,9760,4,clonotype1,clonotype1_consensus_1
TGGGAAGGTATCGCAT-1,True,TGGGAAGGTATCGCAT-1_contig_1,True,518,TRB,TRBV20-1,None,TRBJ2-7,TRBC2,True,True,CSARDTRGYEQYF,TGCAGTGCTAGAGATACACGTGGCTACGAGCAGTACTTC,2504,12,clonotype3526,clonotype3526_consensus_1
TGGGAAGGTCTCTTAT-1,True,TGGGAAGGTCTCTTAT-1_contig_1,True,505,TRA,TRAV1-2,None,TRAJ33,TRAC,True,True,CAATDSNYQLIW,TGTGCTGCGACTGATAGCAACTATCAGTTAATCTGG,374,2,clonotype1,clonotype1_consensus_2
TGGGAAGGTCTCTTAT-1,True,TGGGAAGGTCTCTTAT-1_contig_2,True,521,TRB,TRBV20-1,None,TRBJ2-1,TRBC2,True,True,CSARVGSEVNEQFF,TGCAGTGCTAGAGTGGGGTCGGAAGTCAATGAGCAGTTCTTC,4166,8,clonotype1,clonotype1_consensus_1
TGGGAAGGTCTCTTAT-1,True,TGGGAAGGTCTCTTAT-1_contig_3,True,460,TRA,TRAV10,None,TRAJ24,TRAC,True,False,None,None,49,1,clonotype1,None
TGGGAAGGTGGTAACG-1,True,TGGGAAGGTGGTAACG-1_contig_1,True,518,TRB,TRBV20-1,None,TRBJ2-1,TRBC2,True,True,CSARVGSEVNEQFF,TGCAGTGCTAGAGTGGGGTCGGAAGTCAATGAGCAGTTCTTC,2292,6,clonotype2,clonotype2_consensus_1
TGGGAAGGTTGGAGGT-1,True,TGGGAAGGTTGGAGGT-1_contig_1,True,574,TRA,TRAV29/DV5,None,TRAJ27,TRAC,True,True,CAASLLNTNAGKSTF,TGTGCAGCAAGCCTCTTGAACACCAATGCAGGCAAATCAACCTTT,1450,6,clonotype237,clonotype237_consensus_1
TGGGAAGGTTGGAGGT-1,True,TGGGAAGGTTGGAGGT-1_contig_2,True,659,TRB,TRBV5-6,None,TRBJ2-3,TRBC2,True,True,CASSFLGETDTQYF,TGTGCCAGCAGCTTCCTGGGGGAAACAGATACGCAGTATTTT,2416,9,clonotype237,clonotype237_consensus_2
TGGGAAGTCACATAGC-1,True,TGGGAAGTCACATAGC-1_contig_1,True,502,TRA,TRAV1-2,None,TRAJ33,TRAC,True,True,CAATDSNYQLIW,TGTGCTGCGACTGATAGCAACTATCAGTTAATCTGG,593,2,clonotype1,clonotype1_consensus_2
TGGGAAGTCACATAGC-1,True,TGGGAAGTCACATAGC-1_contig_2,True,498,TRB,TRBV20-1,None,TRBJ2-1,TRBC2,True,True,CSARVGSEVNEQFF,TGCAGTGCTAGAGTGGGGTCGGAAGTCAATGAGCAGTTCTTC,894,5,clonotype1,clonotype1_consensus_1
TGGGAAGTCCACTCCA-1,True,TGGGAAGTCCACTCCA-1_contig_1,True,521,TRB,TRBV20-1,None,TRBJ2-1,TRBC2,True,True,CSARVGSEVNEQFF,TGCAGTGCTAGAGTGGGGTCGGAAGTCAATGAGCAGTTCTTC,2278,11,clonotype2,clonotype2_consensus_1
TGGGAAGTCCCATTTA-1,True,TGGGAAGTCCCATTTA-1_contig_1,True,502,TRA,TRAV1-2,None,TRAJ30,TRAC,True,True,CAVRDLREIIF,TGTGCTGTGAGAGATCTTCGGGAGATCATCTTT,522,2,clonotype3,clonotype3_consensus_2
TGGGAAGTCCCATTTA-1,True,TGGGAAGTCCCATTTA-1_contig_2,True,685,TRB,TRBV5-5,None,TRBJ1-4,TRBC1,True,True,CASSHPGPNYATNEKLFF,TGTGCCAGCAGCCATCCCGGACCGAACTACGCAACTAATGAAAAACTGTTTTTT,420,5,clonotype3,clonotype3_consensus_1
TGGGAAGTCCCGACTT-1,True,TGGGAAGTCCCGACTT-1_contig_1,True,484,TRB,TRBV5-6,None,TRBJ1-1,TRBC1,True,True,CASSSLNTEAFF,TGTGCCAGCAGCTCTTTGAACACTGAAGCTTTCTTT,3551,14,clonotype3527,clonotype3527_consensus_3
TGGGAAGTCCCGACTT-1,True,TGGGAAGTCCCGACTT-1_contig_2,True,573,TRA,TRAV8-4,None,TRAJ17,TRAC,True,True,CAVSDTRAAGNKLTF,TGTGCTGTGAGTGATACTCGGGCTGCAGGCAACAAGCTAACTTTT,361,4,clonotype3527,clonotype3527_consensus_2
TGGGAAGTCCCGACTT-1,True,TGGGAAGTCCCGACTT-1_contig_3,True,554,TRA,TRAV26-1,None,TRAJ41,TRAC,True,True,CIVTPLSNSNSGYALNF,TGCATCGTCACCCCCCTCTCGAACTCAAATTCCGGGTATGCACTCAACTTC,859,2,clonotype3527,clonotype3527_consensus_1
TGGGAAGTCCTCGCAT-1,True,TGGGAAGTCCTCGCAT-1_contig_1,True,505,TRA,TRAV1-2,None,TRAJ33,TRAC,True,True,CAATDSNYQLIW,TGTGCTGCGACTGATAGCAACTATCAGTTAATCTGG,1205,5,clonotype1,clonotype1_consensus_2
TGGGAAGTCCTCGCAT-1,True,TGGGAAGTCCTCGCAT-1_contig_2,True,521,TRB,TRBV20-1,None,TRBJ2-1,TRBC2,True,True,CSARVGSEVNEQFF,TGCAGTGCTAGAGTGGGGTCGGAAGTCAATGAGCAGTTCTTC,2308,9,clonotype1,clonotype1_consensus_1
TGGGAAGTCCTCGCAT-1,True,TGGGAAGTCCTCGCAT-1_contig_3,True,459,TRA,TRAV10,None,TRAJ24,TRAC,True,False,None,None,287,2,clonotype1,None
TGGGCGTAGCATGGCA-1,True,TGGGCGTAGCATGGCA-1_contig_1,True,505,TRA,TRAV1-2,None,TRAJ33,TRAC,True,True,CAATDSNYQLIW,TGTGCTGCGACTGATAGCAACTATCAGTTAATCTGG,946,6,clonotype1,clonotype1_consensus_2
TGGGCGTAGCATGGCA-1,True,TGGGCGTAGCATGGCA-1_contig_2,True,498,TRB,TRBV20-1,None,TRBJ2-1,TRBC2,True,True,CSARVGSEVNEQFF,TGCAGTGCTAGAGTGGGGTCGGAAGTCAATGAGCAGTTCTTC,2614,7,clonotype1,clonotype1_consensus_1
TGGGCGTAGGATTCGG-1,True,TGGGCGTAGGATTCGG-1_contig_1,True,505,TRA,TRAV1-2,None,TRAJ33,TRAC,True,True,CAATDSNYQLIW,TGTGCTGCGACTGATAGCAACTATCAGTTAATCTGG,956,9,clonotype1,clonotype1_consensus_2
TGGGCGTAGGATTCGG-1,True,TGGGCGTAGGATTCGG-1_contig_2,True,521,TRB,TRBV20-1,None,TRBJ2-1,TRBC2,True,True,CSARVGSEVNEQFF,TGCAGTGCTAGAGTGGGGTCGGAAGTCAATGAGCAGTTCTTC,4552,13,clonotype1,clonotype1_consensus_1
TGGGCGTAGGCATGGT-1,True,TGGGCGTAGGCATGGT-1_contig_1,True,524,TRB,TRBV20-1,None,TRBJ1-5,TRBC1,True,True,CSARGQGAAYGPQHF,TGCAGTGCTAGGGGTCAGGGGGCCGCTTATGGGCCCCAGCATTTT,662,3,clonotype3528,clonotype3528_consensus_1
TGGGCGTAGGCATGGT-1,True,TGGGCGTAGGCATGGT-1_contig_2,True,578,TRA,TRAV21,None,TRAJ10,TRAC,True,False,None,None,83,3,clonotype3528,None
TGGGCGTAGGGTCTCC-1,True,TGGGCGTAGGGTCTCC-1_contig_1,True,524,TRB,TRBV20-1,None,TRBJ2-7,TRBC2,True,True,CSADPGERGYEQYF,TGCAGTGCCGATCCCGGGGAAAGAGGATACGAGCAGTACTTC,400,2,clonotype369,clonotype369_consensus_1
TGGGCGTAGGGTCTCC-1,True,TGGGCGTAGGGTCTCC-1_contig_2,True,502,TRA,TRAV20,None,TRAJ17,TRAC,True,True,CAGQAAGNKLTF,TGTGCTGGCCAGGCTGCAGGCAACAAGCTAACTTTT,914,2,clonotype369,clonotype369_consensus_2
TGGGCGTCACAAGTAA-1,True,TGGGCGTCACAAGTAA-1_contig_1,True,570,TRA,TRAV8-4,None,TRAJ29,TRAC,True,True,CAVTGLSGNTPLVF,TGTGCTGTGACCGGCCTTTCAGGAAACACACCTCTTGTCTTT,201,3,clonotype20,clonotype20_consensus_2
TGGGCGTCACAAGTAA-1,True,TGGGCGTCACAAGTAA-1_contig_2,True,521,TRB,TRBV20-1,None,TRBJ1-1,TRBC1,True,True,CSATDRARYTEAFF,TGCAGTGCCACGGACAGGGCGAGGTACACTGAAGCTTTCTTT,3405,9,clonotype20,clonotype20_consensus_1
TGGGCGTCACAAGTAA-1,True,TGGGCGTCACAAGTAA-1_contig_3,True,484,TRB,TRBV6-5,None,TRBJ2-3,TRBC2,True,False,None,None,196,2,clonotype20,None
TGGGCGTCATTTGCTT-1,True,TGGGCGTCATTTGCTT-1_contig_1,True,521,TRB,TRBV20-1,None,TRBJ1-6,TRBC1,True,True,CSARQRGWNDPLHF,TGCAGTGCTAGACAAAGAGGGTGGAATGACCCCCTCCACTTT,1482,3,clonotype352,clonotype352_consensus_1
TGGGCGTCATTTGCTT-1,True,TGGGCGTCATTTGCTT-1_contig_2,True,470,TRA,TRAV8-1,None,TRAJ42,TRAC,True,True,CAAHGGSQGNLIF,TGTGCCGCACATGGAGGAAGCCAAGGAAATCTCATCTTT,340,1,clonotype352,clonotype352_consensus_2
TGGGCGTGTATGCTTG-1,True,TGGGCGTGTATGCTTG-1_contig_1,True,498,TRB,TRBV20-1,None,TRBJ2-1,TRBC2,True,True,CSARVGSEVNEQFF,TGCAGTGCTAGAGTGGGGTCGGAAGTCAATGAGCAGTTCTTC,278,3,clonotype2,clonotype2_consensus_1
TGGGCGTTCAGAAATG-1,True,TGGGCGTTCAGAAATG-1_contig_1,True,488,TRB,TRBV20-1,None,TRBJ2-3,TRBC2,True,True,CSALPTSGITDTQYF,TGCAGTGCTCTGCCGACTAGCGGGATTACAGATACGCAGTATTTT,1902,6,clonotype3529,clonotype3529_consensus_2
TGGGCGTTCAGAAATG-1,True,TGGGCGTTCAGAAATG-1_contig_2,True,445,TRA,TRAV9-2,None,TRAJ3,TRAC,True,True,CALRGSSASKIIF,TGTGCTCTGAGGGGCAGCAGTGCTTCCAAGATAATCTTT,483,1,clonotype3529,clonotype3529_consensus_1
TGGGCGTTCAGAAATG-1,True,TGGGCGTTCAGAAATG-1_contig_3,True,376,TRB,None,None,TRBJ1-6,TRBC1,False,False,None,None,147,2,clonotype3529,None
TGGGCGTTCAGAAATG-1,True,TGGGCGTTCAGAAATG-1_contig_4,True,482,TRA,TRAV10,None,TRAJ17,TRAC,True,False,None,None,590,3,clonotype3529,None
TGGGCGTTCAGATAAG-1,True,TGGGCGTTCAGATAAG-1_contig_1,True,501,TRB,TRBV6-6,None,TRBJ2-2,TRBC2,True,True,CASSYYRVKDTGELFF,TGTGCCAGCAGTTATTACAGGGTAAAAGACACCGGGGAGCTGTTTTTT,2781,13,clonotype364,clonotype364_consensus_1
TGGGCGTTCAGATAAG-1,True,TGGGCGTTCAGATAAG-1_contig_2,True,456,TRA,TRAV13-1,None,TRAJ43,TRAC,True,True,CAASISNNDMRF,TGTGCAGCAAGTATTAGTAACAATGACATGCGCTTT,206,3,clonotype364,clonotype364_consensus_2
TGGGCGTTCGAATGGG-1,True,TGGGCGTTCGAATGGG-1_contig_1,True,530,TRB,TRBV20-1,None,TRBJ2-3,TRBC2,True,True,CNPGRNPLQTSTDTQYF,TGCAACCCGGGGCGCAATCCTTTACAGACTAGCACAGATACGCAGTATTTT,976,8,clonotype3530,clonotype3530_consensus_1
TGGTTAGAGAGATGAG-1,True,TGGTTAGAGAGATGAG-1_contig_1,True,519,TRB,TRBV5-6,None,TRBJ1-2,TRBC1,True,True,CASSRRQAYGYTF,TGTGCCAGCAGCAGACGACAGGCCTATGGCTACACCTTC,1721,8,clonotype3531,clonotype3531_consensus_2
TGGTTAGAGAGATGAG-1,True,TGGTTAGAGAGATGAG-1_contig_2,True,482,TRA,TRAV35,None,TRAJ39,TRAC,True,True,CAGQYNAGNMLTF,TGTGCTGGGCAGTATAATGCAGGCAACATGCTCACCTTT,295,2,clonotype3531,clonotype3531_consensus_1
TGGTTAGAGAGCCCAA-1,True,TGGTTAGAGAGCCCAA-1_contig_1,True,501,TRA,TRAV12-3,None,TRAJ17,TRAC,True,True,CAMSGRAAGNKLTF,TGTGCAATGAGCGGGCGGGCTGCAGGCAACAAGCTAACTTTT,2213,9,clonotype190,clonotype190_consensus_1
TGGTTAGAGAGCCCAA-1,True,TGGTTAGAGAGCCCAA-1_contig_2,True,488,TRB,TRBV20-1,None,TRBJ1-5,TRBC1,True,True,CSAADPMGTNQPQHF,TGCAGTGCGGCGGACCCCATGGGGACGAATCAGCCCCAGCATTTT,2563,13,clonotype190,clonotype190_consensus_2
TGGTTAGAGATCCGAG-1,True,TGGTTAGAGATCCGAG-1_contig_1,True,495,TRB,TRBV5-5,None,TRBJ1-4,TRBC1,True,True,CASSHPGPNYATNEKLFF,TGTGCCAGCAGCCATCCCGGACCGAACTACGCAACTAATGAAAAACTGTTTTTT,1622,7,clonotype4,clonotype4_consensus_1
TGGTTAGAGATCCGAG-1,True,TGGTTAGAGATCCGAG-1_contig_2,True,506,TRB,TRBV7-3,None,TRBJ2-1,TRBC2,True,False,CQQRSLKAGGPYNEQFF,TGCCAGCAGCGGTCACTTAAAGCGGGGGGACCCTACAATGAGCAGTTCTTC,612,3,clonotype4,None
TGGTTAGAGATCGATA-1,True,TGGTTAGAGATCGATA-1_contig_1,True,527,TRB,TRBV20-1,None,TRBJ2-2,TRBC2,True,True,CSARDSQRGDTGELFF,TGCAGTGCTAGAGATTCGCAGAGGGGCGACACCGGGGAGCTGTTTTTT,3789,5,clonotype383,clonotype383_consensus_2
TGGTTAGAGATCGATA-1,True,TGGTTAGAGATCGATA-1_contig_2,True,502,TRA,TRAV1-2,None,TRAJ33,TRAC,True,True,CAALDSNYQLIW,TGTGCTGCCCTTGATAGCAACTATCAGTTAATCTGG,735,2,clonotype383,clonotype383_consensus_1
TGGTTAGAGCTAACAA-1,True,TGGTTAGAGCTAACAA-1_contig_1,True,495,TRB,TRBV20-1,None,TRBJ1-1,TRBC1,True,True,CSAYIVMNTEAFF,TGCAGTGCTTATATAGTTATGAACACTGAAGCTTTCTTT,1780,11,clonotype3532,clonotype3532_consensus_2
TGGTTAGAGCTAACAA-1,True,TGGTTAGAGCTAACAA-1_contig_2,True,466,TRA,TRAV34,None,TRAJ45,TRAC,True,True,CGADARGGADGLTF,TGTGGAGCAGACGCCCGAGGAGGTGCTGACGGACTCACCTTT,9396,11,clonotype3532,clonotype3532_consensus_1
TGGTTAGAGGTACTCT-1,True,TGGTTAGAGGTACTCT-1_contig_1,True,521,TRB,TRBV20-1,None,TRBJ2-1,TRBC2,True,True,CSARVGSEVNEQFF,TGCAGTGCTAGAGTGGGGTCGGAAGTCAATGAGCAGTTCTTC,1747,8,clonotype2,clonotype2_consensus_1
TGGTTAGAGGTACTCT-1,True,TGGTTAGAGGTACTCT-1_contig_2,True,432,TRA,TRAV10,None,TRAJ24,TRAC,True,False,None,None,257,1,clonotype2,None
TGGTTAGAGTATCTCG-1,True,TGGTTAGAGTATCTCG-1_contig_1,True,505,TRA,TRAV1-2,None,TRAJ33,TRAC,True,True,CAATDSNYQLIW,TGTGCTGCGACTGATAGCAACTATCAGTTAATCTGG,225,2,clonotype1,clonotype1_consensus_2
TGGTTAGAGTATCTCG-1,True,TGGTTAGAGTATCTCG-1_contig_2,True,521,TRB,TRBV20-1,None,TRBJ2-1,TRBC2,True,True,CSARVGSEVNEQFF,TGCAGTGCTAGAGTGGGGTCGGAAGTCAATGAGCAGTTCTTC,2092,7,clonotype1,clonotype1_consensus_1
TGGTTAGAGTATCTCG-1,True,TGGTTAGAGTATCTCG-1_contig_3,True,459,TRA,TRAV10,None,TRAJ24,TRAC,True,False,None,None,134,1,clonotype1,None
TGGTTAGAGTGAAGTT-1,True,TGGTTAGAGTGAAGTT-1_contig_1,True,476,TRA,TRAV30,None,TRAJ43,TRAC,True,True,CGTETVNDMRF,TGCGGCACAGAGACAGTAAATGACATGCGCTTT,1194,5,clonotype3533,clonotype3533_consensus_2
TGGTTAGAGTGAAGTT-1,True,TGGTTAGAGTGAAGTT-1_contig_2,True,658,TRB,TRBV5-6,None,TRBJ1-5,TRBC1,True,True,CASSLGGSEQPQHF,TGTGCCAGCAGCTTGGGGGGATCAGAACAGCCCCAGCATTTT,1544,7,clonotype3533,clonotype3533_consensus_1
TGGTTAGAGTTCGCGC-1,True,TGGTTAGAGTTCGCGC-1_contig_1,True,485,TRB,TRBV20-1,None,TRBJ2-1,TRBC2,True,True,CSARVGSEVNEQFF,TGCAGTGCTAGAGTGGGGTCGGAAGTCAATGAGCAGTTCTTC,554,5,clonotype2,clonotype2_consensus_1
TGGTTAGAGTTCGCGC-1,True,TGGTTAGAGTTCGCGC-1_contig_2,True,513,TRA,TRAV10,None,TRAJ24,TRAC,True,False,None,None,112,2,clonotype2,None
TGGTTAGCAAGGTGTG-1,True,TGGTTAGCAAGGTGTG-1_contig_1,True,505,TRA,TRAV1-2,None,TRAJ33,TRAC,True,True,CAATDSNYQLIW,TGTGCTGCGACTGATAGCAACTATCAGTTAATCTGG,250,5,clonotype1,clonotype1_consensus_2
TGGTTAGCAAGGTGTG-1,True,TGGTTAGCAAGGTGTG-1_contig_2,True,514,TRB,TRBV20-1,None,TRBJ2-1,TRBC2,True,True,CSARVGSEVNEQFF,TGCAGTGCTAGAGTGGGGTCGGAAGTCAATGAGCAGTTCTTC,1163,8,clonotype1,clonotype1_consensus_1
TGGTTAGCAAGTAATG-1,True,TGGTTAGCAAGTAATG-1_contig_1,True,653,TRB,TRBV5-6,None,TRBJ1-1,TRBC1,True,True,CASSLGGDEAFF,TGTGCCAGCAGCTTGGGGGGCGATGAAGCTTTCTTT,486,3,clonotype3534,clonotype3534_consensus_1
TGGTTAGCAAGTAATG-1,True,TGGTTAGCAAGTAATG-1_contig_2,True,305,TRB,None,None,TRBJ2-1,TRBC2,False,False,None,None,1630,2,clonotype3534,None
TGGTTAGCACAGGCCT-1,True,TGGTTAGCACAGGCCT-1_contig_1,True,505,TRA,TRAV1-2,None,TRAJ33,TRAC,True,True,CAATDSNYQLIW,TGTGCTGCGACTGATAGCAACTATCAGTTAATCTGG,782,3,clonotype1,clonotype1_consensus_2
TGGTTAGCACAGGCCT-1,True,TGGTTAGCACAGGCCT-1_contig_2,True,473,TRB,TRBV20-1,None,TRBJ2-1,TRBC2,True,True,CSARVGSEVNEQFF,TGCAGTGCTAGAGTGGGGTCGGAAGTCAATGAGCAGTTCTTC,2090,6,clonotype1,clonotype1_consensus_1
TGGTTAGCACAGGCCT-1,True,TGGTTAGCACAGGCCT-1_contig_3,True,465,TRA,TRAV10,None,TRAJ24,TRAC,True,False,None,None,7758,2,clonotype1,None
TGGTTAGCACCAGGCT-1,True,TGGTTAGCACCAGGCT-1_contig_1,True,507,TRB,TRBV20-1,None,TRBJ1-6,TRBC1,True,True,CSARDNLGTGGNSPLHF,TGCAGTGCTAGAGATAACCTAGGGACAGGGGGTAATTCACCCCTCCACTTT,1178,4,clonotype3535,clonotype3535_consensus_2
TGGTTAGCACCAGGCT-1,True,TGGTTAGCACCAGGCT-1_contig_2,True,458,TRA,TRAV10,None,TRAJ15,TRAC,True,True,CVVSLGGTALIF,TGTGTGGTGTCCCTGGGGGGAACTGCTCTGATCTTT,300,5,clonotype3535,clonotype3535_consensus_1
TGGTTAGCACCAGGCT-1,True,TGGTTAGCACCAGGCT-1_contig_3,True,384,TRB,None,None,TRBJ2-7,TRBC2,False,False,None,None,944,5,clonotype3535,None
TGGTTAGGTAAATGTG-1,True,TGGTTAGGTAAATGTG-1_contig_1,True,505,TRA,TRAV1-2,None,TRAJ33,TRAC,True,True,CAATDSNYQLIW,TGTGCTGCGACTGATAGCAACTATCAGTTAATCTGG,3931,2,clonotype1,clonotype1_consensus_2
TGGTTAGGTAAATGTG-1,True,TGGTTAGGTAAATGTG-1_contig_2,True,521,TRB,TRBV20-1,None,TRBJ2-1,TRBC2,True,True,CSARVGSEVNEQFF,TGCAGTGCTAGAGTGGGGTCGGAAGTCAATGAGCAGTTCTTC,1636,15,clonotype1,clonotype1_consensus_1
TGGTTAGGTACTCGCG-1,True,TGGTTAGGTACTCGCG-1_contig_1,True,524,TRB,TRBV20-1,None,TRBJ2-6,TRBC2,True,True,CSARDQISGANVLTF,TGCAGTGCTAGAGATCAGATCTCTGGGGCCAACGTCCTGACTTTC,2099,10,clonotype3536,clonotype3536_consensus_1
TGGTTAGGTAGCTCCG-1,True,TGGTTAGGTAGCTCCG-1_contig_1,True,518,TRB,TRBV20-1,None,TRBJ2-7,TRBC2,True,True,CSAPGDRNYEQYF,TGCAGTGCCCCGGGGGATAGGAACTACGAGCAGTACTTC,1940,12,clonotype346,clonotype346_consensus_1
TGGTTAGGTCCAACTA-1,True,TGGTTAGGTCCAACTA-1_contig_1,True,501,TRB,TRBV20-1,None,TRBJ1-5,TRBC1,True,True,CSARGDERGNQPQHF,TGCAGTGCTAGAGGGGACGAGAGGGGCAATCAGCCCCAGCATTTT,1139,6,clonotype3537,clonotype3537_consensus_1
TGGTTAGGTCCAACTA-1,True,TGGTTAGGTCCAACTA-1_contig_2,True,336,TRA,TRAV1-1,None,TRAJ21,TRAC,True,False,CAVGNFNKFYF,TGCGCTGTCGGGAACTTCAACAAATTTTACTTT,472,1,clonotype3537,None
TGGTTAGGTCCAACTA-1,True,TGGTTAGGTCCAACTA-1_contig_3,True,335,TRA,TRAV8-1,None,None,TRAC,False,False,None,None,571,2,clonotype3537,None
TGGTTAGTCAAGATCC-1,True,TGGTTAGTCAAGATCC-1_contig_1,True,505,TRA,TRAV1-2,None,TRAJ33,TRAC,True,True,CAATDSNYQLIW,TGTGCTGCGACTGATAGCAACTATCAGTTAATCTGG,114,3,clonotype1,clonotype1_consensus_2
TGGTTAGTCAAGATCC-1,True,TGGTTAGTCAAGATCC-1_contig_2,True,521,TRB,TRBV20-1,None,TRBJ2-1,TRBC2,True,True,CSARVGSEVNEQFF,TGCAGTGCTAGAGTGGGGTCGGAAGTCAATGAGCAGTTCTTC,2832,8,clonotype1,clonotype1_consensus_1
TGGTTAGTCAAGATCC-1,True,TGGTTAGTCAAGATCC-1_contig_3,True,482,TRA,TRAV10,None,TRAJ24,TRAC,True,False,None,None,261,2,clonotype1,None
TGGTTAGTCAGTTGAC-1,True,TGGTTAGTCAGTTGAC-1_contig_1,True,518,TRB,TRBV20-1,None,TRBJ1-1,TRBC1,True,True,CSARDLGDTEAFF,TGCAGTGCCAGGGACTTAGGTGACACTGAAGCTTTCTTT,1529,5,clonotype3538,clonotype3538_consensus_2
TGGTTAGTCAGTTGAC-1,True,TGGTTAGTCAGTTGAC-1_contig_2,True,526,TRA,TRAV14/DV4,None,TRAJ56,TRAC,True,True,CAMPLYAKANSKLTF,TGTGCAATGCCCCTGTATGCGAAGGCCAATAGTAAGCTGACATTT,135,3,clonotype3538,clonotype3538_consensus_1
TGGTTAGTCAGTTGAC-1,True,TGGTTAGTCAGTTGAC-1_contig_3,True,339,TRB,None,None,TRBJ1-6,TRBC1,False,False,None,None,534,3,clonotype3538,None
TGGTTAGTCAGTTGAC-1,True,TGGTTAGTCAGTTGAC-1_contig_4,True,508,TRA,TRAV26-1,None,TRAJ50,TRAC,True,False,CIVRVGRTSYDKVIF,TGCATCGTCAGAGTCGGGAGAACCTCCTACGACAAGGTGATATTT,141,1,clonotype3538,None
TGGTTAGTCCACGTTC-1,True,TGGTTAGTCCACGTTC-1_contig_1,True,550,TRA,TRAV5,None,TRAJ4,TRAC,True,True,CAESLRGYNKLIF,TGTGCAGAGAGCCTCCGGGGCTACAATAAGCTGATTTTT,366,4,clonotype381,clonotype381_consensus_2
TGGTTAGTCCACGTTC-1,True,TGGTTAGTCCACGTTC-1_contig_2,True,486,TRB,TRBV25-1,None,TRBJ2-2,TRBC2,True,True,CASSGAGGTGELFF,TGTGCCAGCAGCGGTGCGGGAGGTACCGGGGAGCTGTTTTTT,2128,6,clonotype381,clonotype381_consensus_1
TGGTTAGTCCCAACGG-1,True,TGGTTAGTCCCAACGG-1_contig_1,True,505,TRA,TRAV1-2,None,TRAJ33,TRAC,True,True,CAATDSNYQLIW,TGTGCTGCGACTGATAGCAACTATCAGTTAATCTGG,276,3,clonotype1,clonotype1_consensus_2
TGGTTAGTCCCAACGG-1,True,TGGTTAGTCCCAACGG-1_contig_2,True,485,TRB,TRBV20-1,None,TRBJ2-1,TRBC2,True,True,CSARVGSEVNEQFF,TGCAGTGCTAGAGTGGGGTCGGAAGTCAATGAGCAGTTCTTC,1025,5,clonotype1,clonotype1_consensus_1
TGGTTAGTCCCAACGG-1,True,TGGTTAGTCCCAACGG-1_contig_3,True,469,TRA,TRAV10,None,TRAJ24,TRAC,True,False,None,None,592,3,clonotype1,None
TGGTTAGTCCCAACGG-1,True,TGGTTAGTCCCAACGG-1_contig_4,True,567,TRA,None,None,TRAJ32,None,False,False,None,None,533,1,clonotype1,None
TGGTTAGTCCGGGTGT-1,True,TGGTTAGTCCGGGTGT-1_contig_1,True,505,TRA,TRAV1-2,None,TRAJ33,TRAC,True,True,CAATDSNYQLIW,TGTGCTGCGACTGATAGCAACTATCAGTTAATCTGG,231,1,clonotype1,clonotype1_consensus_2
TGGTTAGTCCGGGTGT-1,True,TGGTTAGTCCGGGTGT-1_contig_2,True,492,TRB,TRBV20-1,None,TRBJ2-1,TRBC2,True,True,CSARVGSEVNEQFF,TGCAGTGCTAGAGTGGGGTCGGAAGTCAATGAGCAGTTCTTC,1936,8,clonotype1,clonotype1_consensus_1
TGGTTAGTCCGGGTGT-1,True,TGGTTAGTCCGGGTGT-1_contig_3,True,465,TRA,TRAV10,None,TRAJ24,TRAC,True,False,None,None,524,1,clonotype1,None
TGGTTAGTCCGTCAAA-1,True,TGGTTAGTCCGTCAAA-1_contig_1,True,505,TRA,TRAV1-2,None,TRAJ33,TRAC,True,True,CAATDSNYQLIW,TGTGCTGCGACTGATAGCAACTATCAGTTAATCTGG,395,3,clonotype1,clonotype1_consensus_2
TGGTTAGTCCGTCAAA-1,True,TGGTTAGTCCGTCAAA-1_contig_2,True,521,TRB,TRBV20-1,None,TRBJ2-1,TRBC2,True,True,CSARVGSEVNEQFF,TGCAGTGCTAGAGTGGGGTCGGAAGTCAATGAGCAGTTCTTC,1914,9,clonotype1,clonotype1_consensus_1
TGGTTAGTCCTTTCGG-1,True,TGGTTAGTCCTTTCGG-1_contig_1,True,505,TRB,TRBV20-1,None,TRBJ1-4,TRBC1,True,True,CSARDGTVGEKLFF,TGCAGTGCTAGAGATGGAACAGTTGGGGAAAAACTGTTTTTT,2083,11,clonotype3539,clonotype3539_consensus_2
TGGTTAGTCCTTTCGG-1,True,TGGTTAGTCCTTTCGG-1_contig_2,True,568,TRA,TRAV8-1,None,TRAJ43,TRAC,True,True,CAVNRPNNDMRF,TGTGCCGTGAACCGCCCCAACAATGACATGCGCTTT,1267,4,clonotype3539,clonotype3539_consensus_1
TGGTTAGTCGTTGCCT-1,True,TGGTTAGTCGTTGCCT-1_contig_1,True,515,TRB,TRBV20-1,None,TRBJ2-7,TRBC2,True,True,CSAAASGREQYF,TGCAGTGCTGCCGCGAGCGGTCGGGAGCAGTACTTC,2133,7,clonotype3540,clonotype3540_consensus_1
TGGTTAGTCGTTGCCT-1,True,TGGTTAGTCGTTGCCT-1_contig_2,True,519,TRA,TRAV21,None,TRAJ57,TRAC,True,True,CAVLKGGSEKLVF,TGTGCTGTGCTGAAGGGCGGATCTGAAAAGCTGGTCTTT,1627,9,clonotype3540,clonotype3540_consensus_2
TGGTTAGTCTGAGTGT-1,True,TGGTTAGTCTGAGTGT-1_contig_1,True,495,TRB,TRBV20-1,None,TRBJ1-4,TRBC1,True,True,CSAVRAANEKLFF,TGCAGTGCTGTCCGGGCCGCTAATGAAAAACTGTTTTTT,3211,11,clonotype3541,clonotype3541_consensus_1
TGGTTAGTCTGAGTGT-1,True,TGGTTAGTCTGAGTGT-1_contig_2,True,486,TRA,TRAV9-2,None,TRAJ43,TRAC,True,True,CAFYNNNDMRF,TGTGCGTTTTACAATAACAATGACATGCGCTTT,305,1,clonotype3541,clonotype3541_consensus_2
TGGTTAGTCTGAGTGT-1,True,TGGTTAGTCTGAGTGT-1_contig_3,True,502,TRA,TRAV21,None,TRAJ39,TRAC,True,False,None,None,32,1,clonotype3541,None
TGGTTAGTCTGAGTGT-1,True,TGGTTAGTCTGAGTGT-1_contig_4,True,349,TRB,None,None,TRBJ1-5,TRBC1,False,False,None,None,1937,8,clonotype3541,None
TGGTTCCAGAAGATTC-1,True,TGGTTCCAGAAGATTC-1_contig_1,True,491,TRB,TRBV20-1,None,TRBJ1-2,TRBC1,True,True,CSARVGSGGYTF,TGCAGTGCTAGGGTCGGGTCAGGTGGCTACACCTTC,2375,9,clonotype3542,clonotype3542_consensus_1
TGGTTCCAGAAGATTC-1,True,TGGTTCCAGAAGATTC-1_contig_2,True,495,TRA,TRAV9-2,None,TRAJ37,TRAC,True,True,CALSDPSNTGKLIF,TGTGCTCTGAGTGATCCTAGCAACACAGGCAAACTAATCTTT,815,7,clonotype3542,clonotype3542_consensus_2
TGGTTCCAGAAGGGTA-1,True,TGGTTCCAGAAGGGTA-1_contig_1,True,505,TRA,TRAV1-2,None,TRAJ33,TRAC,True,True,CAATDSNYQLIW,TGTGCTGCGACTGATAGCAACTATCAGTTAATCTGG,673,3,clonotype1,clonotype1_consensus_2
TGGTTCCAGAAGGGTA-1,True,TGGTTCCAGAAGGGTA-1_contig_2,True,521,TRB,TRBV20-1,None,TRBJ2-1,TRBC2,True,True,CSARVGSEVNEQFF,TGCAGTGCTAGAGTGGGGTCGGAAGTCAATGAGCAGTTCTTC,1809,12,clonotype1,clonotype1_consensus_1
TGGTTCCAGAAGGGTA-1,True,TGGTTCCAGAAGGGTA-1_contig_3,True,467,TRA,TRAV10,None,TRAJ24,TRAC,True,False,None,None,842,2,clonotype1,None
TGGTTCCAGAGCAATT-1,True,TGGTTCCAGAGCAATT-1_contig_1,True,452,TRA,TRAV9-2,None,TRAJ6,TRAC,True,True,CALSASGGSYIPTF,TGTGCTCTGAGTGCATCAGGAGGAAGCTACATACCTACATTT,792,5,clonotype3543,clonotype3543_consensus_1
TGGTTCCAGAGCAATT-1,True,TGGTTCCAGAGCAATT-1_contig_2,True,660,TRB,TRBV5-6,None,TRBJ1-1,TRBC1,True,True,CASSLPAGHGTEAFF,TGTGCCAGCAGCTTGCCGGCAGGGCATGGCACTGAAGCTTTCTTT,2338,8,clonotype3543,clonotype3543_consensus_2
TGGTTCCAGAGGTTAT-1,True,TGGTTCCAGAGGTTAT-1_contig_1,True,505,TRA,TRAV1-2,None,TRAJ33,TRAC,True,True,CAATDSNYQLIW,TGTGCTGCGACTGATAGCAACTATCAGTTAATCTGG,270,6,clonotype1,clonotype1_consensus_2
TGGTTCCAGAGGTTAT-1,True,TGGTTCCAGAGGTTAT-1_contig_2,True,521,TRB,TRBV20-1,None,TRBJ2-1,TRBC2,True,True,CSARVGSEVNEQFF,TGCAGTGCTAGAGTGGGGTCGGAAGTCAATGAGCAGTTCTTC,1587,9,clonotype1,clonotype1_consensus_1
TGGTTCCAGGGCATGT-1,True,TGGTTCCAGGGCATGT-1_contig_1,True,505,TRA,TRAV1-2,None,TRAJ33,TRAC,True,True,CAATDSNYQLIW,TGTGCTGCGACTGATAGCAACTATCAGTTAATCTGG,2530,1,clonotype1,clonotype1_consensus_2
TGGTTCCAGGGCATGT-1,True,TGGTTCCAGGGCATGT-1_contig_2,True,521,TRB,TRBV20-1,None,TRBJ2-1,TRBC2,True,True,CSARVGSEVNEQFF,TGCAGTGCTAGAGTGGGGTCGGAAGTCAATGAGCAGTTCTTC,676,5,clonotype1,clonotype1_consensus_1
TGGTTCCAGGGCATGT-1,True,TGGTTCCAGGGCATGT-1_contig_3,True,482,TRA,TRAV10,None,TRAJ24,TRAC,True,False,None,None,488,3,clonotype1,None
TGGTTCCAGTAGGCCA-1,True,TGGTTCCAGTAGGCCA-1_contig_1,True,505,TRA,TRAV1-2,None,TRAJ33,TRAC,True,True,CAATDSNYQLIW,TGTGCTGCGACTGATAGCAACTATCAGTTAATCTGG,229,1,clonotype1,clonotype1_consensus_2
TGGTTCCAGTAGGCCA-1,True,TGGTTCCAGTAGGCCA-1_contig_2,True,498,TRB,TRBV20-1,None,TRBJ2-1,TRBC2,True,True,CSARVGSEVNEQFF,TGCAGTGCTAGAGTGGGGTCGGAAGTCAATGAGCAGTTCTTC,1227,8,clonotype1,clonotype1_consensus_1
TGGTTCCAGTAGGCCA-1,True,TGGTTCCAGTAGGCCA-1_contig_3,True,434,TRA,TRAV10,None,TRAJ24,TRAC,True,False,None,None,258,1,clonotype1,None
TGGTTCCCAACGCACC-1,True,TGGTTCCCAACGCACC-1_contig_1,True,509,TRA,TRAV25,None,TRAJ53,TRAC,True,True,CAGRSGGSNYKLTF,TGTGCAGGGAGAAGTGGAGGTAGCAACTATAAACTGACATTT,322,4,clonotype9,clonotype9_consensus_2
TGGTTCCCAACGCACC-1,True,TGGTTCCCAACGCACC-1_contig_2,True,527,TRB,TRBV20-1,None,TRBJ1-5,TRBC1,True,True,CSAIGQGAPSNQPQHF,TGCAGTGCTATCGGACAGGGGGCGCCGAGCAATCAGCCCCAGCATTTT,3302,10,clonotype9,clonotype9_consensus_1
TGGTTCCCAAGCCGCT-1,True,TGGTTCCCAAGCCGCT-1_contig_1,True,517,TRA,TRAV17,None,TRAJ53,TRAC,True,True,CATAPNSGGSNYKLTF,TGTGCTACGGCTCCGAATAGTGGAGGTAGCAACTATAAACTGACATTT,334,2,clonotype150,clonotype150_consensus_2
TGGTTCCCAAGCCGCT-1,True,TGGTTCCCAAGCCGCT-1_contig_2,True,683,TRB,TRBV5-6,None,TRBJ1-6,TRBC1,True,True,CASSFTGSRSPLHF,TGTGCCAGCAGCTTTACAGGGTCGCGGTCACCCCTCCACTTT,1246,6,clonotype150,clonotype150_consensus_1
TGGTTCCCAAGCCGCT-1,True,TGGTTCCCAAGCCGCT-1_contig_3,True,346,TRB,None,None,TRBJ2-1,TRBC2,False,False,None,None,640,6,clonotype150,None
TGGTTCCCACAACGCC-1,True,TGGTTCCCACAACGCC-1_contig_1,True,505,TRA,TRAV1-2,None,TRAJ33,TRAC,True,True,CAATDSNYQLIW,TGTGCTGCGACTGATAGCAACTATCAGTTAATCTGG,1052,4,clonotype1,clonotype1_consensus_2
TGGTTCCCACAACGCC-1,True,TGGTTCCCACAACGCC-1_contig_2,True,521,TRB,TRBV20-1,None,TRBJ2-1,TRBC2,True,True,CSARVGSEVNEQFF,TGCAGTGCTAGAGTGGGGTCGGAAGTCAATGAGCAGTTCTTC,2354,10,clonotype1,clonotype1_consensus_1
TGGTTCCCAGGCTGAA-1,True,TGGTTCCCAGGCTGAA-1_contig_1,True,556,TRA,TRAV19,None,TRAJ21,TRAC,True,True,CALYVFNKFYF,TGTGCTCTGTACGTCTTCAACAAATTTTACTTT,217,2,clonotype3544,clonotype3544_consensus_1
TGGTTCCCAGGCTGAA-1,True,TGGTTCCCAGGCTGAA-1_contig_2,True,514,TRB,TRBV5-5,None,TRBJ2-1,TRBC2,True,True,CASSREAGVNNEQFF,TGTGCCAGCAGCCGAGAAGCGGGGGTGAACAATGAGCAGTTCTTC,2333,7,clonotype3544,clonotype3544_consensus_2
TGGTTCCCAGTAAGAT-1,True,TGGTTCCCAGTAAGAT-1_contig_1,True,495,TRA,TRAV1-2,None,TRAJ33,TRAC,True,True,CAATDSNYQLIW,TGTGCTGCGACTGATAGCAACTATCAGTTAATCTGG,242,4,clonotype1,clonotype1_consensus_2
TGGTTCCCAGTAAGAT-1,True,TGGTTCCCAGTAAGAT-1_contig_2,True,521,TRB,TRBV20-1,None,TRBJ2-1,TRBC2,True,True,CSARVGSEVNEQFF,TGCAGTGCTAGAGTGGGGTCGGAAGTCAATGAGCAGTTCTTC,1712,7,clonotype1,clonotype1_consensus_1
TGGTTCCCAGTTCATG-1,True,TGGTTCCCAGTTCATG-1_contig_1,True,521,TRB,TRBV20-1,None,TRBJ2-3,TRBC2,True,True,CSAINPQGGDTQYF,TGCAGTGCTATAAACCCACAGGGAGGAGATACGCAGTATTTT,2615,11,clonotype3545,clonotype3545_consensus_1
TGGTTCCCAGTTCATG-1,True,TGGTTCCCAGTTCATG-1_contig_2,True,545,TRA,TRAV17,None,TRAJ28,TRAC,True,True,CASSGAGSYQLTF,TGTGCTTCATCTGGGGCTGGGAGTTACCAACTCACTTTC,399,2,clonotype3545,clonotype3545_consensus_2
TGGTTCCGTAACGTTC-1,True,TGGTTCCGTAACGTTC-1_contig_1,True,505,TRA,TRAV1-2,None,TRAJ33,TRAC,True,True,CAATDSNYQLIW,TGTGCTGCGACTGATAGCAACTATCAGTTAATCTGG,2402,2,clonotype1,clonotype1_consensus_2
TGGTTCCGTAACGTTC-1,True,TGGTTCCGTAACGTTC-1_contig_2,True,492,TRB,TRBV20-1,None,TRBJ2-1,TRBC2,True,True,CSARVGSEVNEQFF,TGCAGTGCTAGAGTGGGGTCGGAAGTCAATGAGCAGTTCTTC,1341,7,clonotype1,clonotype1_consensus_1
TGGTTCCGTAACGTTC-1,True,TGGTTCCGTAACGTTC-1_contig_3,True,458,TRA,TRAV10,None,TRAJ24,TRAC,True,False,None,None,201,2,clonotype1,None
TGGTTCCGTAGCACGA-1,True,TGGTTCCGTAGCACGA-1_contig_1,True,518,TRB,TRBV5-5,None,TRBJ2-3,TRBC2,True,True,CASNPSTDTQYF,TGTGCCAGCAACCCTAGCACAGATACGCAGTATTTT,2129,11,clonotype3546,clonotype3546_consensus_2
TGGTTCCGTAGCACGA-1,True,TGGTTCCGTAGCACGA-1_contig_2,True,568,TRA,TRAV8-1,None,TRAJ21,TRAC,True,True,CAVRNNFNKFYF,TGTGCCGTGAGGAACAACTTCAACAAATTTTACTTT,433,2,clonotype3546,clonotype3546_consensus_1
TGGTTCCGTAGCACGA-1,True,TGGTTCCGTAGCACGA-1_contig_3,True,577,TRA,TRAV8-1,None,TRAJ33,TRAC,True,True,CAVIEPPDSNYQLIW,TGTGCCGTGATTGAACCCCCGGATAGCAACTATCAGTTAATCTGG,448,4,clonotype3546,clonotype3546_consensus_3
TGGTTCCGTCACTTCC-1,True,TGGTTCCGTCACTTCC-1_contig_1,True,505,TRA,TRAV1-2,None,TRAJ33,TRAC,True,True,CAATDSNYQLIW,TGTGCTGCGACTGATAGCAACTATCAGTTAATCTGG,358,2,clonotype1,clonotype1_consensus_2
TGGTTCCGTCACTTCC-1,True,TGGTTCCGTCACTTCC-1_contig_2,True,521,TRB,TRBV20-1,None,TRBJ2-1,TRBC2,True,True,CSARVGSEVNEQFF,TGCAGTGCTAGAGTGGGGTCGGAAGTCAATGAGCAGTTCTTC,1184,4,clonotype1,clonotype1_consensus_1
TGGTTCCGTTCGTTGA-1,True,TGGTTCCGTTCGTTGA-1_contig_1,True,577,TRA,TRAV26-1,None,TRAJ39,TRAC,True,True,CIVRGRNNAGNMLTF,TGCATCGTCAGAGGACGTAATAATGCAGGCAACATGCTCACCTTT,452,4,clonotype3547,clonotype3547_consensus_2
TGGTTCCGTTCGTTGA-1,True,TGGTTCCGTTCGTTGA-1_contig_2,True,674,TRB,TRBV5-6,None,TRBJ2-6,TRBC2,True,True,CASSSYMGGNSGANVLTF,TGTGCCAGCAGCTCTTACATGGGGGGGAACTCTGGGGCCAACGTCCTGACTTTC,2137,10,clonotype3547,clonotype3547_consensus_1
TGGTTCCGTTGTTTGG-1,True,TGGTTCCGTTGTTTGG-1_contig_1,True,508,TRA,TRAV20,None,TRAJ24,TRAC,True,True,CAVMTTDSWGKFQF,TGTGCTGTTATGACAACTGACAGCTGGGGGAAATTCCAGTTT,1096,5,clonotype7,clonotype7_consensus_2
TGGTTCCGTTGTTTGG-1,True,TGGTTCCGTTGTTTGG-1_contig_2,True,514,TRB,TRBV5-5,None,TRBJ2-7,TRBC2,True,True,CASSSLVEQGAYEQYF,TGTGCCAGCAGCTCGCTCGTAGAGCAGGGGGCCTACGAGCAGTACTTC,136,6,clonotype7,clonotype7_consensus_1
TGGTTCCGTTGTTTGG-1,True,TGGTTCCGTTGTTTGG-1_contig_3,True,388,TRB,None,None,TRBJ1-4,TRBC1,False,False,None,None,78,1,clonotype7,None
TGGTTCCTCAGATAAG-1,True,TGGTTCCTCAGATAAG-1_contig_1,True,514,TRB,TRBV20-1,None,TRBJ2-1,TRBC2,True,True,CSARVGSEVNEQFF,TGCAGTGCTAGAGTGGGGTCGGAAGTCAATGAGCAGTTCTTC,453,3,clonotype2,clonotype2_consensus_1
TGGTTCCTCCGAGCCA-1,True,TGGTTCCTCCGAGCCA-1_contig_1,True,574,TRA,TRAV8-1,None,TRAJ29,TRAC,True,True,CAVTKSSGNTPLVF,TGTGCCGTGACCAAGAGTTCAGGAAACACACCTCTTGTCTTT,260,3,clonotype29,clonotype29_consensus_1
TGGTTCCTCCGAGCCA-1,True,TGGTTCCTCCGAGCCA-1_contig_2,True,527,TRB,TRBV20-1,None,TRBJ1-1,TRBC1,True,True,CSARDNHGTGEREAFF,TGCAGTGCTAGAGATAATCATGGGACAGGGGAAAGGGAAGCTTTCTTT,3389,11,clonotype29,clonotype29_consensus_2
TGGTTCCTCTAGCACA-1,True,TGGTTCCTCTAGCACA-1_contig_1,True,565,TRA,TRAV5,None,TRAJ30,TRAC,True,True,CAESLMNRDDKIIF,TGTGCAGAGAGTTTGATGAACAGAGATGACAAGATCATCTTT,919,5,clonotype3548,clonotype3548_consensus_2
TGGTTCCTCTAGCACA-1,True,TGGTTCCTCTAGCACA-1_contig_2,True,490,TRB,TRBV5-6,None,TRBJ2-7,TRBC2,True,True,CASSLQTSGGAQRYEQYF,TGTGCCAGCAGCTTGCAGACTAGCGGGGGGGCCCAACGCTACGAGCAGTACTTC,1212,7,clonotype3548,clonotype3548_consensus_3
TGGTTCCTCTAGCACA-1,True,TGGTTCCTCTAGCACA-1_contig_3,True,509,TRA,TRAV38-2/DV8,None,TRAJ52,TRAC,True,True,CAYRSALGAGGTSYGKLTF,TGTGCTTATAGGAGCGCATTAGGTGCTGGTGGTACTAGCTATGGAAAGCTGACATTT,937,5,clonotype3548,clonotype3548_consensus_1
TGGTTCCTCTCCTATA-1,True,TGGTTCCTCTCCTATA-1_contig_1,True,505,TRA,TRAV1-2,None,TRAJ33,TRAC,True,True,CAATDSNYQLIW,TGTGCTGCGACTGATAGCAACTATCAGTTAATCTGG,1688,7,clonotype1,clonotype1_consensus_2
TGGTTCCTCTCCTATA-1,True,TGGTTCCTCTCCTATA-1_contig_2,True,497,TRB,TRBV20-1,None,TRBJ2-1,TRBC2,True,True,CSARVGSEVNEQFF,TGCAGTGCTAGAGTGGGGTCGGAAGTCAATGAGCAGTTCTTC,1598,9,clonotype1,clonotype1_consensus_1
TGGTTCCTCTCGAGTA-1,True,TGGTTCCTCTCGAGTA-1_contig_1,True,498,TRB,TRBV20-1,None,TRBJ2-1,TRBC2,True,True,CSARVGSEVNEQFF,TGCAGTGCTAGAGTGGGGTCGGAAGTCAATGAGCAGTTCTTC,259,6,clonotype2,clonotype2_consensus_1
TGGTTCCTCTCGAGTA-1,True,TGGTTCCTCTCGAGTA-1_contig_2,True,482,TRA,TRAV10,None,TRAJ24,TRAC,True,False,None,None,607,3,clonotype2,None
TGTATTCAGAGTAAGG-1,True,TGTATTCAGAGTAAGG-1_contig_1,True,505,TRA,TRAV1-2,None,TRAJ33,TRAC,True,True,CAATDSNYQLIW,TGTGCTGCGACTGATAGCAACTATCAGTTAATCTGG,362,1,clonotype1,clonotype1_consensus_2
TGTATTCAGAGTAAGG-1,True,TGTATTCAGAGTAAGG-1_contig_2,True,498,TRB,TRBV20-1,None,TRBJ2-1,TRBC2,True,True,CSARVGSEVNEQFF,TGCAGTGCTAGAGTGGGGTCGGAAGTCAATGAGCAGTTCTTC,1488,6,clonotype1,clonotype1_consensus_1
TGTATTCAGAGTAAGG-1,True,TGTATTCAGAGTAAGG-1_contig_3,True,482,TRA,TRAV10,None,TRAJ24,TRAC,True,False,None,None,3330,3,clonotype1,None
TGTATTCAGGACAGAA-1,True,TGTATTCAGGACAGAA-1_contig_1,True,545,TRA,TRAV26-1,None,TRAJ49,TRAC,True,True,CIVRDVNTGNQFYF,TGCATCGTCAGAGACGTCAACACCGGTAACCAGTTCTATTTT,203,2,clonotype3549,clonotype3549_consensus_1
TGTATTCAGGACAGAA-1,True,TGTATTCAGGACAGAA-1_contig_2,True,493,TRB,TRBV20-1,None,TRBJ1-1,TRBC1,True,True,CSARRQMNTEAFF,TGCAGTGCTAGGAGACAGATGAACACTGAAGCTTTCTTT,739,4,clonotype3549,clonotype3549_consensus_2
TGTATTCAGGACAGAA-1,True,TGTATTCAGGACAGAA-1_contig_3,True,310,TRA,TRAV8-4,None,TRAJ53,TRAC,True,False,None,None,136,1,clonotype3549,None
TGTATTCAGGACAGAA-1,True,TGTATTCAGGACAGAA-1_contig_4,True,315,TRB,None,None,TRBJ1-4,TRBC1,False,False,None,None,576,2,clonotype3549,None
TGTATTCAGGGCATGT-1,True,TGTATTCAGGGCATGT-1_contig_1,True,498,TRB,TRBV20-1,None,TRBJ2-1,TRBC2,True,True,CSARVGSEVNEQFF,TGCAGTGCTAGAGTGGGGTCGGAAGTCAATGAGCAGTTCTTC,776,5,clonotype2,clonotype2_consensus_1
TGTATTCCACCCTATC-1,True,TGTATTCCACCCTATC-1_contig_1,True,505,TRA,TRAV1-2,None,TRAJ33,TRAC,True,True,CAATDSNYQLIW,TGTGCTGCGACTGATAGCAACTATCAGTTAATCTGG,89,1,clonotype1,clonotype1_consensus_2
TGTATTCCACCCTATC-1,True,TGTATTCCACCCTATC-1_contig_2,True,521,TRB,TRBV20-1,None,TRBJ2-1,TRBC2,True,True,CSARVGSEVNEQFF,TGCAGTGCTAGAGTGGGGTCGGAAGTCAATGAGCAGTTCTTC,2145,9,clonotype1,clonotype1_consensus_1
TGTATTCCACCCTATC-1,True,TGTATTCCACCCTATC-1_contig_3,True,629,TRB,None,None,TRBJ1-6,TRBC1,False,False,None,None,114,2,clonotype1,None
TGTATTCCACCCTATC-1,True,TGTATTCCACCCTATC-1_contig_4,True,500,TRA,TRAV10,None,TRAJ24,TRAC,True,False,None,None,366,2,clonotype1,None
TGTATTCCACCTATCC-1,True,TGTATTCCACCTATCC-1_contig_1,True,496,TRA,TRAV1-2,None,TRAJ33,TRAC,True,True,CAATDSNYQLIW,TGTGCTGCGACTGATAGCAACTATCAGTTAATCTGG,353,2,clonotype1,clonotype1_consensus_2
TGTATTCCACCTATCC-1,True,TGTATTCCACCTATCC-1_contig_2,True,521,TRB,TRBV20-1,None,TRBJ2-1,TRBC2,True,True,CSARVGSEVNEQFF,TGCAGTGCTAGAGTGGGGTCGGAAGTCAATGAGCAGTTCTTC,2243,12,clonotype1,clonotype1_consensus_1
TGTATTCCACCTATCC-1,True,TGTATTCCACCTATCC-1_contig_3,True,493,TRA,TRAV10,None,TRAJ24,TRAC,True,False,None,None,444,1,clonotype1,None
TGTATTCCACCTCGGA-1,True,TGTATTCCACCTCGGA-1_contig_1,True,524,TRB,TRBV20-1,None,TRBJ2-1,TRBC2,True,True,CSAFTSGGDRYNEQFF,TGCAGTGCTTTTACTAGCGGGGGGGATAGATACAATGAGCAGTTCTTC,1696,10,clonotype3550,clonotype3550_consensus_1
TGTATTCCACCTCGGA-1,True,TGTATTCCACCTCGGA-1_contig_2,True,507,Multi,TRDV1,None,TRAJ17,TRAC,True,False,CALGERTAGNKLTF,TGTGCTCTTGGGGAAAGGACTGCAGGCAACAAGCTAACTTTT,406,2,clonotype3550,None
TGTATTCCACCTGGTG-1,True,TGTATTCCACCTGGTG-1_contig_1,True,624,TRA,TRAV3,None,TRAJ28,TRAC,True,True,CAVTEGSGAGSYQLTF,TGTGCTGTGACGGAGGGGTCTGGGGCTGGGAGTTACCAACTCACTTTC,581,2,clonotype384,clonotype384_consensus_1
TGTATTCCACCTGGTG-1,True,TGTATTCCACCTGGTG-1_contig_2,True,529,TRA,TRAV14/DV4,None,TRAJ42,TRAC,True,True,CAMREASGGSQGNLIF,TGTGCAATGAGAGAGGCCTCCGGCGGAAGCCAAGGAAATCTCATCTTT,696,5,clonotype384,clonotype384_consensus_3
TGTATTCCACCTGGTG-1,True,TGTATTCCACCTGGTG-1_contig_3,True,543,TRB,TRBV5-6,None,TRBJ2-3,TRBC2,True,True,CASSSPGLAGGPDTQYF,TGTGCCAGCAGCTCACCGGGACTAGCGGGGGGTCCAGATACGCAGTATTTT,822,4,clonotype384,clonotype384_consensus_2
TGTATTCCACCTGGTG-1,True,TGTATTCCACCTGGTG-1_contig_4,True,489,TRB,TRBV21-1,None,TRBJ1-5,TRBC1,True,False,CASSKGPLSNQPQHF,TGTGCCAGCAGCAAAGGACCGCTTAGCAATCAGCCCCAGCATTTT,437,3,clonotype384,None
TGTATTCCACGACGAA-1,True,TGTATTCCACGACGAA-1_contig_1,True,518,TRB,TRBV20-1,None,TRBJ1-2,TRBC1,True,True,CSAIYRRNYGYTF,TGCAGTGCTATTTACAGGCGAAACTATGGCTACACCTTC,2425,12,clonotype3551,clonotype3551_consensus_2
TGTATTCCACGACGAA-1,True,TGTATTCCACGACGAA-1_contig_2,True,556,TRA,TRAV12-2,None,TRAJ16,TRAC,True,True,CAVNMEVGFSDGQKLLF,TGTGCCGTGAACATGGAGGTCGGGTTTTCAGATGGCCAGAAGCTGCTCTTT,1265,7,clonotype3551,clonotype3551_consensus_1
TGTATTCCACGACGAA-1,True,TGTATTCCACGACGAA-1_contig_3,True,401,TRA,TRAV13-1,None,TRAJ6,TRAC,True,False,None,None,202,1,clonotype3551,None
TGTATTCCAGTCGATT-1,True,TGTATTCCAGTCGATT-1_contig_1,True,498,TRB,TRBV20-1,None,TRBJ2-1,TRBC2,True,True,CSARVGSEVNEQFF,TGCAGTGCTAGAGTGGGGTCGGAAGTCAATGAGCAGTTCTTC,869,6,clonotype2,clonotype2_consensus_1
TGTATTCCAGTCGATT-1,True,TGTATTCCAGTCGATT-1_contig_2,True,457,TRA,TRAV10,None,TRAJ24,TRAC,True,False,None,None,50,1,clonotype2,None
TGTATTCGTAAACACA-1,True,TGTATTCGTAAACACA-1_contig_1,True,508,TRA,TRAV20,None,TRAJ36,TRAC,True,True,CAVQAETGANNLFF,TGTGCTGTGCAGGCAGAGACTGGGGCAAACAACCTCTTCTTT,691,4,clonotype90,clonotype90_consensus_2
TGTATTCGTAAACACA-1,True,TGTATTCGTAAACACA-1_contig_2,True,490,TRB,TRBV5-6,None,TRBJ2-1,TRBC2,True,True,CASSPPGTSREQFF,TGTGCCAGCAGCCCCCCGGGCACTTCCAGAGAGCAGTTCTTC,4245,17,clonotype90,clonotype90_consensus_1
TGTATTCGTCCAACTA-1,True,TGTATTCGTCCAACTA-1_contig_1,True,512,TRB,TRBV20-1,None,TRBJ2-1,TRBC2,True,True,CSASSGGAGEQFF,TGCAGTGCTAGTAGTGGGGGGGCCGGGGAGCAGTTCTTC,1104,9,clonotype140,clonotype140_consensus_1
TGTATTCGTTCCCGAG-1,True,TGTATTCGTTCCCGAG-1_contig_1,True,521,TRB,TRBV20-1,None,TRBJ1-4,TRBC1,True,True,CSAEGTGDNEKLFF,TGCAGTGCCGAAGGGACAGGGGATAATGAAAAACTGTTTTTT,1946,9,clonotype3552,clonotype3552_consensus_2
TGTATTCGTTCCCGAG-1,True,TGTATTCGTTCCCGAG-1_contig_2,True,489,TRA,TRAV9-2,None,TRAJ49,TRAC,True,True,CALRNTGNQFYF,TGTGCTCTGAGGAACACCGGTAACCAGTTCTATTTT,1062,5,clonotype3552,clonotype3552_consensus_1
TGTATTCTCACTATTC-1,True,TGTATTCTCACTATTC-1_contig_1,True,505,TRA,TRAV1-2,None,TRAJ33,TRAC,True,True,CAATDSNYQLIW,TGTGCTGCGACTGATAGCAACTATCAGTTAATCTGG,723,5,clonotype1,clonotype1_consensus_2
TGTATTCTCACTATTC-1,True,TGTATTCTCACTATTC-1_contig_2,True,521,TRB,TRBV20-1,None,TRBJ2-1,TRBC2,True,True,CSARVGSEVNEQFF,TGCAGTGCTAGAGTGGGGTCGGAAGTCAATGAGCAGTTCTTC,1028,8,clonotype1,clonotype1_consensus_1
TGTATTCTCCGCGGTA-1,True,TGTATTCTCCGCGGTA-1_contig_1,True,483,TRB,TRBV20-1,None,TRBJ2-1,TRBC2,True,True,CSARVGSEVNEQFF,TGCAGTGCTAGAGTGGGGTCGGAAGTCAATGAGCAGTTCTTC,543,6,clonotype2,clonotype2_consensus_1
TGTATTCTCCTAGAAC-1,True,TGTATTCTCCTAGAAC-1_contig_1,True,683,TRA,TRAV8-3,None,TRAJ4,TRAC,True,True,CAAGGRFSGGYNKLIF,TGTGCTGCCGGAGGTCGGTTTTCTGGTGGCTACAATAAGCTGATTTTT,363,5,clonotype3553,clonotype3553_consensus_1
TGTATTCTCCTAGAAC-1,True,TGTATTCTCCTAGAAC-1_contig_2,True,498,TRB,TRBV20-1,None,TRBJ1-6,TRBC1,True,True,CSAKDPSGNSPLHF,TGCAGTGCAAAAGATCCCTCGGGTAATTCACCCCTCCACTTT,325,2,clonotype3553,clonotype3553_consensus_2
TGTATTCTCCTAGTGA-1,True,TGTATTCTCCTAGTGA-1_contig_1,True,444,TRA,TRAV9-2,None,TRAJ54,TRAC,True,True,CALPIQGAQKLVF,TGTGCTCTCCCAATTCAGGGAGCCCAGAAGCTGGTATTT,2098,5,clonotype3554,clonotype3554_consensus_1
TGTATTCTCGCCAGCA-1,True,TGTATTCTCGCCAGCA-1_contig_1,True,497,TRA,TRAV38-1,None,TRAJ58,TRAC,True,True,CAFMTPEETSGSRLTF,TGTGCTTTCATGACTCCCGAAGAAACCAGTGGCTCTAGGTTGACCTTT,743,6,clonotype3555,clonotype3555_consensus_1
TGTATTCTCGCCAGCA-1,True,TGTATTCTCGCCAGCA-1_contig_2,True,658,TRB,TRBV5-6,None,TRBJ2-7,TRBC2,True,True,CASSVRGITYEQYF,TGTGCCAGCAGCGTCAGGGGAATTACCTACGAGCAGTACTTC,1749,7,clonotype3555,clonotype3555_consensus_2
TGTATTCTCGGCTTGG-1,True,TGTATTCTCGGCTTGG-1_contig_1,True,502,TRA,TRAV1-2,None,TRAJ30,TRAC,True,True,CAVRDLREIIF,TGTGCTGTGAGAGATCTTCGGGAGATCATCTTT,199,1,clonotype3,clonotype3_consensus_2
TGTATTCTCGGCTTGG-1,True,TGTATTCTCGGCTTGG-1_contig_2,True,527,TRB,TRBV5-5,None,TRBJ1-4,TRBC1,True,True,CASSHPGPNYATNEKLFF,TGTGCCAGCAGCCATCCCGGACCGAACTACGCAACTAATGAAAAACTGTTTTTT,1078,6,clonotype3,clonotype3_consensus_1
TGTATTCTCGGCTTGG-1,True,TGTATTCTCGGCTTGG-1_contig_3,True,399,TRB,TRBV7-3,None,TRBJ2-1,TRBC2,True,False,CQQRSLKAGGPYNEQFF,TGCCAGCAGCGGTCACTTAAAGCGGGGGGACCCTACAATGAGCAGTTCTTC,56,1,clonotype3,None
TGTATTCTCTAACGGT-1,True,TGTATTCTCTAACGGT-1_contig_1,True,498,TRB,TRBV20-1,None,TRBJ2-1,TRBC2,True,True,CSARVGSEVNEQFF,TGCAGTGCTAGAGTGGGGTCGGAAGTCAATGAGCAGTTCTTC,493,6,clonotype2,clonotype2_consensus_1
TGTATTCTCTAACGGT-1,True,TGTATTCTCTAACGGT-1_contig_2,True,419,TRA,TRAV10,None,TRAJ24,TRAC,True,False,None,None,67,2,clonotype2,None
TGTATTCTCTAGAGTC-1,True,TGTATTCTCTAGAGTC-1_contig_1,True,521,TRB,TRBV20-1,None,TRBJ2-1,TRBC2,True,True,CSARDGGLVGNEQFF,TGCAGTGCTAGAGATGGGGGGCTGGTTGGGAATGAGCAGTTCTTC,370,7,clonotype3556,clonotype3556_consensus_2
TGTATTCTCTAGAGTC-1,True,TGTATTCTCTAGAGTC-1_contig_2,True,567,TRA,TRAV8-4,None,TRAJ54,TRAC,True,True,CAVSDWGAQKLVF,TGTGCTGTGAGTGATTGGGGAGCCCAGAAGCTGGTATTT,54,5,clonotype3556,clonotype3556_consensus_1
TGTATTCTCTCGATGA-1,True,TGTATTCTCTCGATGA-1_contig_1,True,505,TRA,TRAV1-2,None,TRAJ33,TRAC,True,True,CAATDSNYQLIW,TGTGCTGCGACTGATAGCAACTATCAGTTAATCTGG,418,2,clonotype1,clonotype1_consensus_2
TGTATTCTCTCGATGA-1,True,TGTATTCTCTCGATGA-1_contig_2,True,498,TRB,TRBV20-1,None,TRBJ2-1,TRBC2,True,True,CSARVGSEVNEQFF,TGCAGTGCTAGAGTGGGGTCGGAAGTCAATGAGCAGTTCTTC,2276,10,clonotype1,clonotype1_consensus_1
TGTATTCTCTCGATGA-1,True,TGTATTCTCTCGATGA-1_contig_3,True,447,TRA,TRAV10,None,TRAJ24,TRAC,True,False,None,None,66,2,clonotype1,None
TGTCCCACAATCGGTT-1,True,TGTCCCACAATCGGTT-1_contig_1,True,490,TRA,TRAV1-2,None,TRAJ30,TRAC,True,True,CAVRDLREIIF,TGTGCTGTGAGAGATCTTCGGGAGATCATCTTT,386,3,clonotype3,clonotype3_consensus_2
TGTCCCACAATCGGTT-1,True,TGTCCCACAATCGGTT-1_contig_2,True,665,TRB,TRBV5-5,None,TRBJ1-4,TRBC1,True,True,CASSHPGPNYATNEKLFF,TGTGCCAGCAGCCATCCCGGACCGAACTACGCAACTAATGAAAAACTGTTTTTT,1269,6,clonotype3,clonotype3_consensus_1
TGTCCCACACCACCAG-1,True,TGTCCCACACCACCAG-1_contig_1,True,515,TRA,TRAV13-2,None,TRAJ29,TRAC,True,True,CAENRGNSGNTPLVF,TGTGCAGAGAATAGGGGGAATTCAGGAAACACACCTCTTGTCTTT,1857,12,clonotype356,clonotype356_consensus_1
TGTCCCACACCACCAG-1,True,TGTCCCACACCACCAG-1_contig_2,True,521,TRB,TRBV20-1,None,TRBJ2-1,TRBC2,True,True,CSAPRQGVSNEQFF,TGCAGTGCCCCCCGACAGGGGGTAAGCAATGAGCAGTTCTTC,4291,24,clonotype356,clonotype356_consensus_2
TGTCCCACACCACCAG-1,True,TGTCCCACACCACCAG-1_contig_3,True,345,TRB,None,None,TRBJ2-7,TRBC2,False,False,None,None,2611,13,clonotype356,None
TGTCCCACACTCGACG-1,True,TGTCCCACACTCGACG-1_contig_1,True,508,TRA,TRAV1-2,None,TRAJ33,TRAC,True,True,CAVFMDSNYQLIW,TGTGCTGTGTTCATGGATAGCAACTATCAGTTAATCTGG,1129,2,clonotype3557,clonotype3557_consensus_2
TGTCCCACACTCGACG-1,True,TGTCCCACACTCGACG-1_contig_2,True,533,TRB,TRBV20-1,None,TRBJ2-5,TRBC2,True,True,CSARDPGLAGGRGETQYF,TGCAGTGCTAGAGACCCCGGACTAGCGGGGGGACGTGGAGAGACCCAGTACTTC,1814,9,clonotype3557,clonotype3557_consensus_1
TGTCCCACATTTGCCC-1,True,TGTCCCACATTTGCCC-1_contig_1,True,495,TRA,TRAV1-2,None,TRAJ33,TRAC,True,True,CAATDSNYQLIW,TGTGCTGCGACTGATAGCAACTATCAGTTAATCTGG,262,2,clonotype1,clonotype1_consensus_2
TGTCCCACATTTGCCC-1,True,TGTCCCACATTTGCCC-1_contig_2,True,521,TRB,TRBV20-1,None,TRBJ2-1,TRBC2,True,True,CSARVGSEVNEQFF,TGCAGTGCTAGAGTGGGGTCGGAAGTCAATGAGCAGTTCTTC,1881,8,clonotype1,clonotype1_consensus_1
TGTCCCACATTTGCCC-1,True,TGTCCCACATTTGCCC-1_contig_3,True,434,TRA,TRAV10,None,TRAJ24,TRAC,True,False,None,None,56,2,clonotype1,None
TGTCCCAGTCACAAGG-1,True,TGTCCCAGTCACAAGG-1_contig_1,True,505,TRA,TRAV1-2,None,TRAJ33,TRAC,True,True,CAATDSNYQLIW,TGTGCTGCGACTGATAGCAACTATCAGTTAATCTGG,1153,6,clonotype1,clonotype1_consensus_2
TGTCCCAGTCACAAGG-1,True,TGTCCCAGTCACAAGG-1_contig_2,True,521,TRB,TRBV20-1,None,TRBJ2-1,TRBC2,True,True,CSARVGSEVNEQFF,TGCAGTGCTAGAGTGGGGTCGGAAGTCAATGAGCAGTTCTTC,541,3,clonotype1,clonotype1_consensus_1
TGTCCCAGTGAACCTT-1,True,TGTCCCAGTGAACCTT-1_contig_1,True,505,TRA,TRAV1-2,None,TRAJ33,TRAC,True,True,CAATDSNYQLIW,TGTGCTGCGACTGATAGCAACTATCAGTTAATCTGG,178,9,clonotype1,clonotype1_consensus_2
TGTCCCAGTGAACCTT-1,True,TGTCCCAGTGAACCTT-1_contig_2,True,498,TRB,TRBV20-1,None,TRBJ2-1,TRBC2,True,True,CSARVGSEVNEQFF,TGCAGTGCTAGAGTGGGGTCGGAAGTCAATGAGCAGTTCTTC,1292,8,clonotype1,clonotype1_consensus_1
TGTCCCAGTTGTGGAG-1,True,TGTCCCAGTTGTGGAG-1_contig_1,True,645,TRB,TRBV5-6,None,TRBJ2-7,TRBC2,True,True,CASSLAKEQYF,TGTGCCAGCAGCTTGGCAAAGGAGCAGTACTTC,800,5,clonotype16,clonotype16_consensus_1
TGTGGTAAGAGCAATT-1,True,TGTGGTAAGAGCAATT-1_contig_1,True,502,TRA,TRAV1-2,None,TRAJ30,TRAC,True,True,CAVRDLREIIF,TGTGCTGTGAGAGATCTTCGGGAGATCATCTTT,748,4,clonotype3,clonotype3_consensus_2
TGTGGTAAGAGCAATT-1,True,TGTGGTAAGAGCAATT-1_contig_2,True,492,TRB,TRBV5-5,None,TRBJ1-4,TRBC1,True,True,CASSHPGPNYATNEKLFF,TGTGCCAGCAGCCATCCCGGACCGAACTACGCAACTAATGAAAAACTGTTTTTT,354,7,clonotype3,clonotype3_consensus_1
TGTGGTAAGCAAATCA-1,True,TGTGGTAAGCAAATCA-1_contig_1,True,479,TRB,TRBV20-1,None,TRBJ1-3,TRBC1,True,True,CSALQGEDTIYF,TGCAGTGCTTTACAGGGGGAGGACACCATATATTTT,4514,6,clonotype3558,clonotype3558_consensus_1
TGTGGTAAGCAAATCA-1,True,TGTGGTAAGCAAATCA-1_contig_2,True,515,TRB,TRBV20-1,None,TRBJ2-7,TRBC2,True,True,CSALGNSYEQYF,TGCAGTGCTTTGGGGAACTCCTACGAGCAGTACTTC,1008,7,clonotype3558,clonotype3558_consensus_3
TGTGGTAAGCAAATCA-1,True,TGTGGTAAGCAAATCA-1_contig_3,True,465,TRA,TRAV13-1,None,TRAJ23,TRAC,True,True,CAASIGYNQGGKLIF,TGTGCAGCAAGTATAGGGTATAACCAGGGAGGAAAGCTTATCTTC,140,3,clonotype3558,clonotype3558_consensus_2
TGTGGTAAGCAAATCA-1,True,TGTGGTAAGCAAATCA-1_contig_4,True,550,TRA,TRAV12-1,None,TRAJ41,TRAC,True,True,CVVNSNSGYALNF,TGTGTGGTGAACTCAAATTCCGGGTATGCACTCAACTTC,377,2,clonotype3558,clonotype3558_consensus_4
TGTGGTAAGCCGTCGT-1,True,TGTGGTAAGCCGTCGT-1_contig_1,True,472,TRB,TRBV20-1,None,TRBJ2-1,TRBC2,True,True,CSARVGSEVNEQFF,TGCAGTGCTAGAGTGGGGTCGGAAGTCAATGAGCAGTTCTTC,1044,4,clonotype2,clonotype2_consensus_1
TGTGGTAAGCCGTCGT-1,True,TGTGGTAAGCCGTCGT-1_contig_2,True,415,TRA,TRAV1-2,None,TRAJ33,TRAC,True,False,CAATDSNYQLIW,TGTGCTGCGACTGATAGCAACTATCAGTTAATCTGG,536,1,clonotype2,None
TGTGGTAAGCTGATAA-1,True,TGTGGTAAGCTGATAA-1_contig_1,True,518,TRB,TRBV20-1,None,TRBJ2-3,TRBC2,True,True,CSARFPGADTQYF,TGCAGTGCTAGGTTCCCCGGGGCAGATACGCAGTATTTT,1404,6,clonotype330,clonotype330_consensus_1
TGTGGTAAGCTGATAA-1,True,TGTGGTAAGCTGATAA-1_contig_2,True,571,TRA,TRAV29/DV5,None,TRAJ24,TRAC,True,True,CAASVLMGWGKLQF,TGTGCAGCAAGCGTTTTAATGGGCTGGGGGAAATTGCAGTTT,241,2,clonotype330,clonotype330_consensus_2
TGTGGTAAGCTGATAA-1,True,TGTGGTAAGCTGATAA-1_contig_3,True,507,TRA,TRAV20,None,TRAJ22,TRAC,True,False,CPQLSGSARQLTF,TGCCCCCAGTTGAGTGGTTCTGCAAGGCAACTGACCTTT,317,2,clonotype330,None
TGTGGTAAGGGCACTA-1,True,TGTGGTAAGGGCACTA-1_contig_1,True,521,TRB,TRBV20-1,None,TRBJ1-1,TRBC1,True,True,CSARRPGQNTEAFF,TGCAGTGCTAGACGACCGGGACAGAACACTGAAGCTTTCTTT,3047,13,clonotype230,clonotype230_consensus_2
TGTGGTAAGGGCACTA-1,True,TGTGGTAAGGGCACTA-1_contig_2,True,506,TRA,TRAV13-2,None,TRAJ15,TRAC,True,True,CAECQAGTALIF,TGTGCAGAGTGTCAGGCAGGAACTGCTCTGATCTTT,5197,3,clonotype230,clonotype230_consensus_1
TGTGGTAAGGGCACTA-1,True,TGTGGTAAGGGCACTA-1_contig_3,True,461,TRA,None,None,TRAJ6,None,False,False,None,None,60,1,clonotype230,None
TGTGGTACAACCGCCA-1,True,TGTGGTACAACCGCCA-1_contig_1,True,508,TRA,TRAV24,None,TRAJ44,TRAC,True,True,CALSGTASKLTF,TGTGCCCTCTCAGGCACTGCCAGTAAACTCACCTTT,524,3,clonotype3559,clonotype3559_consensus_2
TGTGGTACAACCGCCA-1,True,TGTGGTACAACCGCCA-1_contig_2,True,513,TRB,TRBV5-5,None,TRBJ1-5,TRBC1,True,True,CASRRTGGSDQPQHF,TGTGCCAGCAGGCGAACAGGGGGTAGTGATCAGCCCCAGCATTTT,3155,9,clonotype3559,clonotype3559_consensus_1
TGTGGTACAACCGCCA-1,True,TGTGGTACAACCGCCA-1_contig_3,True,560,TRA,TRAV22,None,TRAJ45,TRAC,True,False,None,None,986,3,clonotype3559,None
TGTGGTACAATCGAAA-1,True,TGTGGTACAATCGAAA-1_contig_1,True,521,TRB,TRBV20-1,None,TRBJ2-1,TRBC2,True,True,CSARVGSEVNEQFF,TGCAGTGCTAGAGTGGGGTCGGAAGTCAATGAGCAGTTCTTC,4971,11,clonotype2,clonotype2_consensus_1
TGTGGTACAATGGAGC-1,True,TGTGGTACAATGGAGC-1_contig_1,True,505,TRA,TRAV1-2,None,TRAJ33,TRAC,True,True,CAATDSNYQLIW,TGTGCTGCGACTGATAGCAACTATCAGTTAATCTGG,269,2,clonotype1,clonotype1_consensus_2
TGTGGTACAATGGAGC-1,True,TGTGGTACAATGGAGC-1_contig_2,True,521,TRB,TRBV20-1,None,TRBJ2-1,TRBC2,True,True,CSARVGSEVNEQFF,TGCAGTGCTAGAGTGGGGTCGGAAGTCAATGAGCAGTTCTTC,1017,3,clonotype1,clonotype1_consensus_1
TGTGGTACACCTATCC-1,True,TGTGGTACACCTATCC-1_contig_1,True,515,TRA,TRAV27,None,TRAJ23,TRAC,True,True,CAGPYNQGGKLIF,TGTGCAGGACCATATAACCAGGGAGGAAAGCTTATCTTC,394,2,clonotype3560,clonotype3560_consensus_1
TGTGGTACACCTATCC-1,True,TGTGGTACACCTATCC-1_contig_2,True,499,TRB,TRBV5-5,None,TRBJ1-6,TRBC1,True,True,CASSRVLDSPLHF,TGTGCCAGCAGCCGCGTACTGGATTCACCCCTCCACTTT,1092,4,clonotype3560,clonotype3560_consensus_2
TGTGGTACACCTATCC-1,True,TGTGGTACACCTATCC-1_contig_3,True,425,TRA,TRAV26-2,None,TRAJ43,TRAC,True,False,CCCVLLHPERPNNNDMRF,TGCTGCTGTGTACTACTGCATCCTGAGAGACCCAATAACAATGACATGCGCTTT,364,2,clonotype3560,None
TGTGGTACACCTATCC-1,True,TGTGGTACACCTATCC-1_contig_4,True,372,TRB,None,None,TRBJ2-1,TRBC2,False,False,None,None,218,4,clonotype3560,None
TGTGGTACACGTCTCT-1,True,TGTGGTACACGTCTCT-1_contig_1,True,505,TRA,TRAV1-2,None,TRAJ33,TRAC,True,True,CAATDSNYQLIW,TGTGCTGCGACTGATAGCAACTATCAGTTAATCTGG,484,2,clonotype1,clonotype1_consensus_2
TGTGGTACACGTCTCT-1,True,TGTGGTACACGTCTCT-1_contig_2,True,521,TRB,TRBV20-1,None,TRBJ2-1,TRBC2,True,True,CSARVGSEVNEQFF,TGCAGTGCTAGAGTGGGGTCGGAAGTCAATGAGCAGTTCTTC,1062,6,clonotype1,clonotype1_consensus_1
TGTGGTACAGATGAGC-1,True,TGTGGTACAGATGAGC-1_contig_1,True,515,TRB,TRBV20-1,None,TRBJ2-1,TRBC2,True,True,CSARGFRDEQFF,TGCAGTGCCAGAGGCTTTCGGGATGAGCAGTTCTTC,1662,7,clonotype3561,clonotype3561_consensus_3
TGTGGTACAGATGAGC-1,True,TGTGGTACAGATGAGC-1_contig_2,True,504,TRA,TRAV12-3,None,TRAJ57,TRAC,True,True,CAMINPQGGSEKLVF,TGTGCAATGATAAATCCCCAGGGCGGATCTGAAAAGCTGGTCTTT,890,3,clonotype3561,clonotype3561_consensus_2
TGTGGTACAGATGAGC-1,True,TGTGGTACAGATGAGC-1_contig_3,True,527,TRB,TRBV20-1,None,TRBJ1-5,TRBC1,True,True,CSARDYTGTGNQPQHF,TGCAGTGCTAGAGATTACACAGGGACAGGCAATCAGCCCCAGCATTTT,1836,9,clonotype3561,clonotype3561_consensus_4
TGTGGTACAGATGAGC-1,True,TGTGGTACAGATGAGC-1_contig_4,True,505,TRA,TRAV1-2,None,TRAJ33,TRAC,True,True,CAVKDSNYQLIW,TGTGCTGTGAAGGATAGCAACTATCAGTTAATCTGG,288,3,clonotype3561,clonotype3561_consensus_1
TGTGGTACAGCCACCA-1,True,TGTGGTACAGCCACCA-1_contig_1,True,492,TRB,TRBV20-1,None,TRBJ2-1,TRBC2,True,True,CSARVGSEVNEQFF,TGCAGTGCTAGAGTGGGGTCGGAAGTCAATGAGCAGTTCTTC,1188,5,clonotype2,clonotype2_consensus_1
TGTGGTACAGCCACCA-1,True,TGTGGTACAGCCACCA-1_contig_2,True,482,TRA,TRAV10,None,TRAJ24,TRAC,True,False,None,None,1198,4,clonotype2,None
TGTGGTACAGGTCGTC-1,True,TGTGGTACAGGTCGTC-1_contig_1,True,615,TRA,TRAV3,None,TRAJ34,TRAC,True,True,CAVRAYNTDKLIF,TGTGCTGTGAGAGCCTATAACACCGACAAGCTCATCTTT,746,3,clonotype3562,clonotype3562_consensus_2
TGTGGTACAGGTCGTC-1,True,TGTGGTACAGGTCGTC-1_contig_2,True,667,TRB,TRBV5-6,None,TRBJ1-5,TRBC1,True,True,CASSLSRDRGPNQPQHF,TGTGCCAGCAGCTTGTCACGGGACAGGGGGCCCAATCAGCCCCAGCATTTT,843,5,clonotype3562,clonotype3562_consensus_1
TGTGGTACAGTATGCT-1,True,TGTGGTACAGTATGCT-1_contig_1,True,527,TRB,TRBV20-1,None,TRBJ1-5,TRBC1,True,True,CSAETGAYVSNQPQHF,TGCAGTGCCGAGACAGGGGCCTACGTATCAAATCAGCCCCAGCATTTT,4666,14,clonotype3563,clonotype3563_consensus_1
TGTGGTACAGTATGCT-1,True,TGTGGTACAGTATGCT-1_contig_2,True,506,TRA,TRAV13-2,None,TRAJ23,TRAC,True,True,CAENIQGGKLIF,TGTGCAGAGAATATCCAGGGAGGAAAGCTTATCTTC,250,2,clonotype3563,clonotype3563_consensus_2
TGTGGTACAGTATGCT-1,True,TGTGGTACAGTATGCT-1_contig_3,True,404,TRA,TRAV8-6,None,None,TRAC,False,False,None,None,976,5,clonotype3563,None
TGTGGTACATACGCTA-1,True,TGTGGTACATACGCTA-1_contig_1,True,692,TRB,TRBV5-5,None,TRBJ1-1,TRBC1,True,True,CASSLVGRDTEAFF,TGTGCCAGCAGCCTTGTGGGGAGGGACACTGAAGCTTTCTTT,4403,9,clonotype127,clonotype127_consensus_1
TGTGGTACATCACCCT-1,True,TGTGGTACATCACCCT-1_contig_1,True,631,TRA,TRAV12-1,None,TRAJ8,TRAC,True,True,CGKNTGFQKLVF,TGTGGCAAGAACACAGGCTTTCAGAAACTTGTATTT,688,3,clonotype108,clonotype108_consensus_2
TGTGGTACATCACCCT-1,True,TGTGGTACATCACCCT-1_contig_2,True,706,TRB,TRBV5-6,None,TRBJ1-2,TRBC1,True,True,CASSLTGDTNYGYTF,TGTGCCAGCAGCTTGACGGGGGACACTAACTATGGCTACACCTTC,541,7,clonotype108,clonotype108_consensus_1
TGTGGTACATCTGGTA-1,True,TGTGGTACATCTGGTA-1_contig_1,True,512,TRA,TRAV13-2,None,TRAJ5,TRAC,True,True,CAEKKDTGRRALTF,TGTGCAGAGAAAAAGGACACGGGCAGGAGAGCACTTACTTTT,1586,9,clonotype3564,clonotype3564_consensus_2
TGTGGTACATCTGGTA-1,True,TGTGGTACATCTGGTA-1_contig_2,True,527,TRB,TRBV20-1,None,TRBJ2-5,TRBC2,True,True,CSAISSRLGHEETQYF,TGCAGTGCTATCAGCTCCAGACTAGGGCATGAAGAGACCCAGTACTTC,510,5,clonotype3564,clonotype3564_consensus_1
TGTGGTAGTAACGACG-1,True,TGTGGTAGTAACGACG-1_contig_1,True,505,TRA,TRAV1-2,None,TRAJ33,TRAC,True,True,CAATDSNYQLIW,TGTGCTGCGACTGATAGCAACTATCAGTTAATCTGG,591,3,clonotype1,clonotype1_consensus_2
TGTGGTAGTAACGACG-1,True,TGTGGTAGTAACGACG-1_contig_2,True,521,TRB,TRBV20-1,None,TRBJ2-1,TRBC2,True,True,CSARVGSEVNEQFF,TGCAGTGCTAGAGTGGGGTCGGAAGTCAATGAGCAGTTCTTC,1230,7,clonotype1,clonotype1_consensus_1
TGTGGTAGTAACGACG-1,True,TGTGGTAGTAACGACG-1_contig_3,True,470,TRA,TRAV10,None,TRAJ24,TRAC,True,False,None,None,99,1,clonotype1,None
TGTGGTAGTAGAAGGA-1,True,TGTGGTAGTAGAAGGA-1_contig_1,True,505,TRA,TRAV1-2,None,TRAJ33,TRAC,True,True,CAATDSNYQLIW,TGTGCTGCGACTGATAGCAACTATCAGTTAATCTGG,202,2,clonotype1,clonotype1_consensus_2
TGTGGTAGTAGAAGGA-1,True,TGTGGTAGTAGAAGGA-1_contig_2,True,521,TRB,TRBV20-1,None,TRBJ2-1,TRBC2,True,True,CSARVGSEVNEQFF,TGCAGTGCTAGAGTGGGGTCGGAAGTCAATGAGCAGTTCTTC,8025,8,clonotype1,clonotype1_consensus_1
TGTGGTAGTAGAAGGA-1,True,TGTGGTAGTAGAAGGA-1_contig_3,True,465,TRA,TRAV10,None,TRAJ24,TRAC,True,False,None,None,2103,4,clonotype1,None
TGTGGTAGTAGCCTCG-1,True,TGTGGTAGTAGCCTCG-1_contig_1,True,459,TRA,TRAV13-1,None,TRAJ40,TRAC,True,True,CAAGRSGTYKYIF,TGTGCAGCAGGACGCTCAGGAACCTACAAATACATCTTT,247,3,clonotype3565,clonotype3565_consensus_1
TGTGGTAGTAGCCTCG-1,True,TGTGGTAGTAGCCTCG-1_contig_2,True,527,TRB,TRBV20-1,None,TRBJ2-3,TRBC2,True,True,CSARGGRQGSSDTQYF,TGCAGTGCTAGAGGCGGTAGGCAGGGAAGTTCAGATACGCAGTATTTT,1538,6,clonotype3565,clonotype3565_consensus_2
TGTGGTAGTCTCTCGT-1,True,TGTGGTAGTCTCTCGT-1_contig_1,True,495,TRA,TRAV9-2,None,TRAJ9,TRAC,True,True,CALSPDTGGFKTIF,TGTGCTCTGAGTCCCGATACTGGAGGCTTCAAAACTATCTTT,99,1,clonotype3566,clonotype3566_consensus_2
TGTGGTAGTCTCTCGT-1,True,TGTGGTAGTCTCTCGT-1_contig_2,True,629,TRB,TRBV5-6,None,TRBJ2-7,TRBC2,True,True,CASSLRSGGYRGEQYF,TGTGCCAGCAGCTTGAGGTCGGGGGGGTATCGGGGCGAGCAGTACTTC,461,3,clonotype3566,clonotype3566_consensus_1
TGTGGTAGTGAGCGAT-1,True,TGTGGTAGTGAGCGAT-1_contig_1,True,562,TRA,TRAV19,None,TRAJ40,TRAC,True,True,CALRKAGTYKYIF,TGTGCTCTGAGGAAGGCAGGAACCTACAAATACATCTTT,474,2,clonotype3567,clonotype3567_consensus_2
TGTGGTAGTGAGCGAT-1,True,TGTGGTAGTGAGCGAT-1_contig_2,True,524,TRB,TRBV5-6,None,TRBJ2-2,TRBC2,True,True,CASSWGQGNTGELFF,TGTGCCAGCAGCTGGGGACAGGGAAACACCGGGGAGCTGTTTTTT,6678,19,clonotype3567,clonotype3567_consensus_1
TGTGGTAGTGAGGCTA-1,True,TGTGGTAGTGAGGCTA-1_contig_1,True,524,TRB,TRBV20-1,None,TRBJ1-3,TRBC1,True,True,CSARDVDPGGNTIYF,TGCAGTGCTAGAGACGTCGACCCGGGCGGGAACACCATATATTTT,1239,8,clonotype3568,clonotype3568_consensus_1
TGTGGTAGTGCACTTA-1,True,TGTGGTAGTGCACTTA-1_contig_1,True,524,TRB,TRBV20-1,None,TRBJ2-5,TRBC2,True,True,CSARDPYLRGETQYF,TGCAGTGCTAGAGATCCCTACCTAAGGGGGGAGACCCAGTACTTC,1105,3,clonotype3569,clonotype3569_consensus_1
TGTGGTAGTGCACTTA-1,True,TGTGGTAGTGCACTTA-1_contig_2,True,526,TRA,TRAV14/DV4,None,TRAJ49,TRAC,True,True,CAMREGRNTGNQFYF,TGTGCAATGAGAGAGGGCCGGAACACCGGTAACCAGTTCTATTTT,1083,5,clonotype3569,clonotype3569_consensus_2
TGTGGTAGTGCACTTA-1,True,TGTGGTAGTGCACTTA-1_contig_3,True,616,TRB,TRBV5-5,None,TRBJ2-7,TRBC2,True,False,None,None,719,2,clonotype3569,None
TGTGGTAGTTACCGAT-1,True,TGTGGTAGTTACCGAT-1_contig_1,True,483,TRA,TRAV2,None,TRAJ15,TRAC,True,True,CAVEERQAGTALIF,TGTGCTGTGGAGGAAAGGCAGGCAGGAACTGCTCTGATCTTT,862,2,clonotype3570,clonotype3570_consensus_1
TGTGGTAGTTACCGAT-1,True,TGTGGTAGTTACCGAT-1_contig_2,True,526,TRA,TRAV14/DV4,None,TRAJ49,TRAC,True,True,CAMREGLNTGNQFYF,TGTGCAATGAGAGAGGGGCTGAACACCGGTAACCAGTTCTATTTT,497,4,clonotype3570,clonotype3570_consensus_2
TGTGGTAGTTACCGAT-1,True,TGTGGTAGTTACCGAT-1_contig_3,True,524,TRB,TRBV20-1,None,TRBJ2-7,TRBC2,True,True,CSAQGTGATYEQYF,TGCAGTGCACAAGGGACAGGGGCCACCTACGAGCAGTACTTC,2432,8,clonotype3570,clonotype3570_consensus_3
TGTGGTAGTTACCGAT-1,True,TGTGGTAGTTACCGAT-1_contig_4,True,498,TRB,TRBV20-1,None,TRBJ2-7,TRBC2,True,True,CSAIASRGAYEQYF,TGCAGTGCTATCGCGAGCAGGGGGGCTTACGAGCAGTACTTC,1643,6,clonotype3570,clonotype3570_consensus_4
TGTGGTAGTTACCGAT-1,True,TGTGGTAGTTACCGAT-1_contig_5,True,320,TRB,None,None,TRBJ1-1,TRBC1,False,False,None,None,2080,7,clonotype3570,None
TGTGGTAGTTCTGGTA-1,True,TGTGGTAGTTCTGGTA-1_contig_1,True,516,TRA,TRAV30,None,TRAJ58,TRAC,True,True,CGTPQETSGSRLTF,TGTGGCACACCTCAAGAAACCAGTGGCTCTAGGTTGACCTTT,2433,5,clonotype156,clonotype156_consensus_2
TGTGGTAGTTCTGGTA-1,True,TGTGGTAGTTCTGGTA-1_contig_2,True,521,TRB,TRBV20-1,None,TRBJ1-5,TRBC1,True,True,CSALKNQGNQPQHF,TGCAGTGCTTTGAAAAATCAGGGCAATCAGCCCCAGCATTTT,1829,10,clonotype156,clonotype156_consensus_1
TGTGGTAGTTGAACTC-1,True,TGTGGTAGTTGAACTC-1_contig_1,True,505,TRA,TRAV1-2,None,TRAJ33,TRAC,True,True,CAATDSNYQLIW,TGTGCTGCGACTGATAGCAACTATCAGTTAATCTGG,283,2,clonotype1,clonotype1_consensus_2
TGTGGTAGTTGAACTC-1,True,TGTGGTAGTTGAACTC-1_contig_2,True,521,TRB,TRBV20-1,None,TRBJ2-1,TRBC2,True,True,CSARVGSEVNEQFF,TGCAGTGCTAGAGTGGGGTCGGAAGTCAATGAGCAGTTCTTC,1103,5,clonotype1,clonotype1_consensus_1
TGTGGTATCACTTCAT-1,True,TGTGGTATCACTTCAT-1_contig_1,True,505,TRA,TRAV1-2,None,TRAJ33,TRAC,True,True,CAATDSNYQLIW,TGTGCTGCGACTGATAGCAACTATCAGTTAATCTGG,263,2,clonotype1,clonotype1_consensus_2
TGTGGTATCACTTCAT-1,True,TGTGGTATCACTTCAT-1_contig_2,True,516,TRB,TRBV20-1,None,TRBJ2-1,TRBC2,True,True,CSARVGSEVNEQFF,TGCAGTGCTAGAGTGGGGTCGGAAGTCAATGAGCAGTTCTTC,850,4,clonotype1,clonotype1_consensus_1
TGTGGTATCACTTCAT-1,True,TGTGGTATCACTTCAT-1_contig_3,True,457,TRA,TRAV10,None,TRAJ24,TRAC,True,False,None,None,284,2,clonotype1,None
TGTGGTATCCGAGCCA-1,True,TGTGGTATCCGAGCCA-1_contig_1,True,547,TRA,TRAV12-2,None,TRAJ26,TRAC,True,True,CAVLRGNYGQNFVF,TGTGCCGTCTTAAGGGGGAACTATGGTCAGAATTTTGTCTTT,199,5,clonotype3571,clonotype3571_consensus_1
TGTGGTATCCGAGCCA-1,True,TGTGGTATCCGAGCCA-1_contig_2,True,524,TRB,TRBV20-1,None,TRBJ1-2,TRBC1,True,True,CSVLVGTPPNYGYTF,TGCAGTGTTTTGGTCGGGACACCACCGAACTATGGCTACACCTTC,1870,14,clonotype3571,clonotype3571_consensus_2
TGTGGTATCGAATGGG-1,True,TGTGGTATCGAATGGG-1_contig_1,True,570,TRA,TRAV8-4,None,TRAJ15,TRAC,True,True,CAVTQNQAGTALIF,TGTGCTGTGACCCAGAACCAGGCAGGAACTGCTCTGATCTTT,712,7,clonotype130,clonotype130_consensus_1
TGTGGTATCGAATGGG-1,True,TGTGGTATCGAATGGG-1_contig_2,True,514,TRB,TRBV20-1,None,TRBJ2-3,TRBC2,True,True,CSARGDSRPDTQYF,TGCAGTGCTAGGGGGGACAGTCGGCCAGATACGCAGTATTTT,397,7,clonotype130,clonotype130_consensus_2
TGTGGTATCGGTCTAA-1,True,TGTGGTATCGGTCTAA-1_contig_1,True,509,TRB,TRBV20-1,None,TRBJ1-4,TRBC1,True,True,CSAISEEKLFF,TGCAGTGCTATTTCGGAAGAAAAACTGTTTTTT,2748,12,clonotype3572,clonotype3572_consensus_1
TGTGGTATCGGTCTAA-1,True,TGTGGTATCGGTCTAA-1_contig_2,True,482,TRB,TRBV7-3,None,TRBJ2-1,TRBC2,True,False,CQQRSLKAGGPYNEQFF,TGCCAGCAGCGGTCACTTAAAGCGGGGGGACCCTACAATGAGCAGTTCTTC,8867,2,clonotype3572,None
TGTGTTTAGAATGTGT-1,True,TGTGTTTAGAATGTGT-1_contig_1,True,495,TRB,TRBV20-1,None,TRBJ2-7,TRBC2,True,True,CSARGADSREQYF,TGCAGTGCTAGAGGAGCGGACAGTAGGGAGCAGTACTTC,1433,11,clonotype3573,clonotype3573_consensus_1
TGTGTTTAGAATGTGT-1,True,TGTGTTTAGAATGTGT-1_contig_2,True,568,TRA,TRAV29/DV5,None,TRAJ40,TRAC,True,True,CAASSSGTYKYIF,TGTGCAGCTTCGAGTTCAGGAACCTACAAATACATCTTT,265,4,clonotype3573,clonotype3573_consensus_2
TGTGTTTAGAATGTGT-1,True,TGTGTTTAGAATGTGT-1_contig_3,True,631,TRB,TRBV5-6,None,TRBJ1-2,TRBC1,True,True,CASTKRRGQGGVYF,TGTGCCAGCACCAAACGACGTGGACAGGGGGGAGTCTACTTC,540,3,clonotype3573,clonotype3573_consensus_3
TGTGTTTAGACAGGCT-1,True,TGTGTTTAGACAGGCT-1_contig_1,True,501,TRA,TRAV17,None,TRAJ54,TRAC,True,True,CARFQGAQKLVF,TGTGCTCGGTTTCAGGGAGCCCAGAAGCTGGTATTT,361,3,clonotype3574,clonotype3574_consensus_1
TGTGTTTAGACAGGCT-1,True,TGTGTTTAGACAGGCT-1_contig_2,True,662,TRB,TRBV5-6,None,TRBJ1-2,TRBC1,True,True,CASSPGLQGGYGYTF,TGTGCCAGCAGCCCGGGCTTACAGGGTGGCTATGGCTACACCTTC,2230,10,clonotype3574,clonotype3574_consensus_2
TGTGTTTAGACTTGAA-1,True,TGTGTTTAGACTTGAA-1_contig_1,True,505,TRA,TRAV1-2,None,TRAJ33,TRAC,True,True,CAATDSNYQLIW,TGTGCTGCGACTGATAGCAACTATCAGTTAATCTGG,169,6,clonotype1,clonotype1_consensus_2
TGTGTTTAGACTTGAA-1,True,TGTGTTTAGACTTGAA-1_contig_2,True,505,TRB,TRBV20-1,None,TRBJ2-1,TRBC2,True,True,CSARVGSEVNEQFF,TGCAGTGCTAGAGTGGGGTCGGAAGTCAATGAGCAGTTCTTC,1500,8,clonotype1,clonotype1_consensus_1
TGTGTTTAGCTAGCCC-1,True,TGTGTTTAGCTAGCCC-1_contig_1,True,505,TRA,TRAV1-2,None,TRAJ33,TRAC,True,True,CAATDSNYQLIW,TGTGCTGCGACTGATAGCAACTATCAGTTAATCTGG,176,1,clonotype1,clonotype1_consensus_2
TGTGTTTAGCTAGCCC-1,True,TGTGTTTAGCTAGCCC-1_contig_2,True,498,TRB,TRBV20-1,None,TRBJ2-1,TRBC2,True,True,CSARVGSEVNEQFF,TGCAGTGCTAGAGTGGGGTCGGAAGTCAATGAGCAGTTCTTC,1435,7,clonotype1,clonotype1_consensus_1
TGTGTTTAGGCCGAAT-1,True,TGTGTTTAGGCCGAAT-1_contig_1,True,570,TRA,TRAV8-4,None,TRAJ3,TRAC,True,True,CAVTLYSSASKIIF,TGTGCTGTGACCCTTTACAGCAGTGCTTCCAAGATAATCTTT,640,2,clonotype25,clonotype25_consensus_2
TGTGTTTAGGCCGAAT-1,True,TGTGTTTAGGCCGAAT-1_contig_2,True,669,TRB,TRBV5-6,None,TRBJ2-2,TRBC2,True,True,CASSQIGTGGNTGELFF,TGTGCCAGCAGCCAGATCGGGACAGGGGGAAACACCGGGGAGCTGTTTTTT,463,3,clonotype25,clonotype25_consensus_1
TGTGTTTAGGCCGAAT-1,True,TGTGTTTAGGCCGAAT-1_contig_3,True,384,TRB,None,None,TRBJ2-7,TRBC2,False,False,None,None,2351,5,clonotype25,None
TGTGTTTAGGCTCTTA-1,True,TGTGTTTAGGCTCTTA-1_contig_1,True,518,TRB,TRBV20-1,None,TRBJ2-1,TRBC2,True,True,CSARVGSEVNEQFF,TGCAGTGCTAGAGTGGGGTCGGAAGTCAATGAGCAGTTCTTC,1534,6,clonotype2,clonotype2_consensus_1
TGTGTTTAGGCTCTTA-1,True,TGTGTTTAGGCTCTTA-1_contig_2,True,459,TRA,TRAV10,None,TRAJ24,TRAC,True,False,None,None,219,2,clonotype2,None
TGTGTTTAGGGTGTGT-1,True,TGTGTTTAGGGTGTGT-1_contig_1,True,518,TRB,TRBV20-1,None,TRBJ1-4,TRBC1,True,True,CSARGRLNEKLFF,TGCAGTGCTAGGGGCAGGCTTAATGAAAAACTGTTTTTT,908,4,clonotype289,clonotype289_consensus_1
TGTGTTTAGGGTGTGT-1,True,TGTGTTTAGGGTGTGT-1_contig_2,True,436,TRB,None,None,TRBJ1-3,TRBC1,False,False,None,None,1443,5,clonotype289,None
TGTGTTTAGTAGATGT-1,True,TGTGTTTAGTAGATGT-1_contig_1,True,505,TRA,TRAV1-2,None,TRAJ33,TRAC,True,True,CAATDSNYQLIW,TGTGCTGCGACTGATAGCAACTATCAGTTAATCTGG,1050,3,clonotype1,clonotype1_consensus_2
TGTGTTTAGTAGATGT-1,True,TGTGTTTAGTAGATGT-1_contig_2,True,521,TRB,TRBV20-1,None,TRBJ2-1,TRBC2,True,True,CSARVGSEVNEQFF,TGCAGTGCTAGAGTGGGGTCGGAAGTCAATGAGCAGTTCTTC,2959,9,clonotype1,clonotype1_consensus_1
TGTGTTTAGTAGATGT-1,True,TGTGTTTAGTAGATGT-1_contig_3,True,465,TRA,TRAV10,None,TRAJ24,TRAC,True,False,None,None,135,2,clonotype1,None
TGTGTTTCAAATACAG-1,True,TGTGTTTCAAATACAG-1_contig_1,True,505,TRA,TRAV1-2,None,TRAJ33,TRAC,True,True,CAATDSNYQLIW,TGTGCTGCGACTGATAGCAACTATCAGTTAATCTGG,1714,7,clonotype8,clonotype8_consensus_1
TGTGTTTCAAATACAG-1,True,TGTGTTTCAAATACAG-1_contig_2,True,548,TRA,TRAV10,None,TRAJ11,None,True,False,None,None,82,1,clonotype8,None
TGTGTTTCAACACCTA-1,True,TGTGTTTCAACACCTA-1_contig_1,True,505,TRA,TRAV1-2,None,TRAJ33,TRAC,True,True,CAATDSNYQLIW,TGTGCTGCGACTGATAGCAACTATCAGTTAATCTGG,162,3,clonotype1,clonotype1_consensus_2
TGTGTTTCAACACCTA-1,True,TGTGTTTCAACACCTA-1_contig_2,True,521,TRB,TRBV20-1,None,TRBJ2-1,TRBC2,True,True,CSARVGSEVNEQFF,TGCAGTGCTAGAGTGGGGTCGGAAGTCAATGAGCAGTTCTTC,570,7,clonotype1,clonotype1_consensus_1
TGTGTTTCAACACCTA-1,True,TGTGTTTCAACACCTA-1_contig_3,True,465,TRA,TRAV10,None,TRAJ24,TRAC,True,False,None,None,402,3,clonotype1,None
TGTGTTTCAGTACACT-1,True,TGTGTTTCAGTACACT-1_contig_1,True,527,TRB,TRBV20-1,None,TRBJ2-2,TRBC2,True,True,CSARDSQRGDTGELFF,TGCAGTGCTAGAGATTCGCAGAGGGGCGACACCGGGGAGCTGTTTTTT,208,2,clonotype383,clonotype383_consensus_2
TGTGTTTCAGTACACT-1,True,TGTGTTTCAGTACACT-1_contig_2,True,505,TRA,TRAV1-2,None,TRAJ33,TRAC,True,True,CAALDSNYQLIW,TGTGCTGCCCTTGATAGCAACTATCAGTTAATCTGG,220,1,clonotype383,clonotype383_consensus_1
TGTGTTTCAGTACACT-1,True,TGTGTTTCAGTACACT-1_contig_3,True,487,TRB,TRBV25-1,None,TRBJ2-7,TRBC2,True,False,None,None,960,2,clonotype383,None
TGTGTTTGTACGAAAT-1,True,TGTGTTTGTACGAAAT-1_contig_1,True,445,TRA,TRAV2,None,TRAJ5,TRAC,True,True,CAVDTGRRALTF,TGTGCTGTCGACACGGGCAGGAGAGCACTTACTTTT,345,4,clonotype314,clonotype314_consensus_1
TGTGTTTGTACGAAAT-1,True,TGTGTTTGTACGAAAT-1_contig_2,True,504,TRB,TRBV20-1,None,TRBJ1-5,TRBC1,True,True,CSARISPGQGEQPQHF,TGCAGTGCCCGGATCTCTCCGGGACAGGGGGAGCAGCCCCAGCATTTT,2693,17,clonotype314,clonotype314_consensus_2
TGTGTTTGTACGAAAT-1,True,TGTGTTTGTACGAAAT-1_contig_3,True,462,TRA,TRAV10,None,TRAJ4,TRAC,True,False,None,None,704,4,clonotype314,None
TGTGTTTGTATAATGG-1,True,TGTGTTTGTATAATGG-1_contig_1,True,505,TRA,TRAV1-2,None,TRAJ33,TRAC,True,True,CAVLDSNYQLIW,TGTGCTGTCCTGGATAGCAACTATCAGTTAATCTGG,672,8,clonotype67,clonotype67_consensus_1
TGTGTTTGTATAATGG-1,True,TGTGTTTGTATAATGG-1_contig_2,True,521,TRB,TRBV20-1,None,TRBJ1-1,TRBC1,True,True,CSARGQRGHTEAFF,TGCAGTGCTAGAGGCCAGCGAGGCCACACTGAAGCTTTCTTT,4120,6,clonotype67,clonotype67_consensus_2
TGTGTTTGTCTCTTTA-1,True,TGTGTTTGTCTCTTTA-1_contig_1,True,561,TRA,TRAV8-4,None,TRAJ43,TRAC,True,True,CAVTFNNDMRF,TGTGCTGTGACTTTTAACAATGACATGCGCTTT,279,2,clonotype153,clonotype153_consensus_1
TGTGTTTGTCTCTTTA-1,True,TGTGTTTGTCTCTTTA-1_contig_2,True,527,TRB,TRBV20-1,None,TRBJ2-7,TRBC2,True,True,CSVLGLAGGPPYEQYF,TGCAGTGTTTTGGGACTAGCGGGGGGGCCCCCCTACGAGCAGTACTTC,949,9,clonotype153,clonotype153_consensus_2
TGTGTTTGTCTCTTTA-1,True,TGTGTTTGTCTCTTTA-1_contig_3,True,943,TRA,None,None,TRAJ44,TRAC,False,False,None,None,710,1,clonotype153,None
TGTGTTTGTTGCCTCT-1,True,TGTGTTTGTTGCCTCT-1_contig_1,True,498,TRB,TRBV20-1,None,TRBJ2-1,TRBC2,True,True,CSARVGSEVNEQFF,TGCAGTGCTAGAGTGGGGTCGGAAGTCAATGAGCAGTTCTTC,1552,9,clonotype2,clonotype2_consensus_1
TGTGTTTGTTGCCTCT-1,True,TGTGTTTGTTGCCTCT-1_contig_2,True,457,TRA,TRAV10,None,TRAJ24,TRAC,True,False,None,None,244,1,clonotype2,None
TGTGTTTTCCCATTTA-1,True,TGTGTTTTCCCATTTA-1_contig_1,True,505,TRA,TRAV1-2,None,TRAJ33,TRAC,True,True,CAATDSNYQLIW,TGTGCTGCGACTGATAGCAACTATCAGTTAATCTGG,276,3,clonotype1,clonotype1_consensus_2
TGTGTTTTCCCATTTA-1,True,TGTGTTTTCCCATTTA-1_contig_2,True,492,TRB,TRBV20-1,None,TRBJ2-1,TRBC2,True,True,CSARVGSEVNEQFF,TGCAGTGCTAGAGTGGGGTCGGAAGTCAATGAGCAGTTCTTC,902,4,clonotype1,clonotype1_consensus_1
TGTGTTTTCTGCGTAA-1,True,TGTGTTTTCTGCGTAA-1_contig_1,True,505,TRA,TRAV1-2,None,TRAJ33,TRAC,True,True,CAATDSNYQLIW,TGTGCTGCGACTGATAGCAACTATCAGTTAATCTGG,404,4,clonotype1,clonotype1_consensus_2
TGTGTTTTCTGCGTAA-1,True,TGTGTTTTCTGCGTAA-1_contig_2,True,521,TRB,TRBV20-1,None,TRBJ2-1,TRBC2,True,True,CSARVGSEVNEQFF,TGCAGTGCTAGAGTGGGGTCGGAAGTCAATGAGCAGTTCTTC,2730,11,clonotype1,clonotype1_consensus_1
TGTTCCGAGATATGGT-1,True,TGTTCCGAGATATGGT-1_contig_1,True,502,TRA,TRAV1-2,None,TRAJ30,TRAC,True,True,CAVRDLREIIF,TGTGCTGTGAGAGATCTTCGGGAGATCATCTTT,1785,11,clonotype3,clonotype3_consensus_2
TGTTCCGAGATATGGT-1,True,TGTTCCGAGATATGGT-1_contig_2,True,771,TRB,TRBV5-5,None,TRBJ1-4,TRBC1,True,True,CASSHPGPNYATNEKLFF,TGTGCCAGCAGCCATCCCGGACCGAACTACGCAACTAATGAAAAACTGTTTTTT,3948,9,clonotype3,clonotype3_consensus_1
TGTTCCGAGCCCAATT-1,True,TGTTCCGAGCCCAATT-1_contig_1,True,521,TRB,TRBV20-1,None,TRBJ2-1,TRBC2,True,True,CSARVGSEVNEQFF,TGCAGTGCTAGAGTGGGGTCGGAAGTCAATGAGCAGTTCTTC,793,6,clonotype2,clonotype2_consensus_1
TGTTCCGAGCCTATGT-1,True,TGTTCCGAGCCTATGT-1_contig_1,True,505,TRA,TRAV1-2,None,TRAJ33,TRAC,True,True,CAATDSNYQLIW,TGTGCTGCGACTGATAGCAACTATCAGTTAATCTGG,332,4,clonotype1,clonotype1_consensus_2
TGTTCCGAGCCTATGT-1,True,TGTTCCGAGCCTATGT-1_contig_2,True,498,TRB,TRBV20-1,None,TRBJ2-1,TRBC2,True,True,CSARVGSEVNEQFF,TGCAGTGCTAGAGTGGGGTCGGAAGTCAATGAGCAGTTCTTC,2549,16,clonotype1,clonotype1_consensus_1
TGTTCCGAGCCTATGT-1,True,TGTTCCGAGCCTATGT-1_contig_3,True,482,TRA,TRAV10,None,TRAJ24,TRAC,True,False,None,None,984,4,clonotype1,None
TGTTCCGAGCCTCGTG-1,True,TGTTCCGAGCCTCGTG-1_contig_1,True,505,TRA,TRAV1-2,None,TRAJ33,TRAC,True,True,CAATDSNYQLIW,TGTGCTGCGACTGATAGCAACTATCAGTTAATCTGG,397,3,clonotype1,clonotype1_consensus_2
TGTTCCGAGCCTCGTG-1,True,TGTTCCGAGCCTCGTG-1_contig_2,True,492,TRB,TRBV20-1,None,TRBJ2-1,TRBC2,True,True,CSARVGSEVNEQFF,TGCAGTGCTAGAGTGGGGTCGGAAGTCAATGAGCAGTTCTTC,864,8,clonotype1,clonotype1_consensus_1
TGTTCCGAGTGGGATC-1,True,TGTTCCGAGTGGGATC-1_contig_1,True,498,TRB,TRBV20-1,None,TRBJ2-1,TRBC2,True,True,CSARVGSEVNEQFF,TGCAGTGCTAGAGTGGGGTCGGAAGTCAATGAGCAGTTCTTC,978,7,clonotype2,clonotype2_consensus_1
TGTTCCGAGTTACGGG-1,True,TGTTCCGAGTTACGGG-1_contig_1,True,521,TRB,TRBV20-1,None,TRBJ1-6,TRBC1,True,True,CSVRTGRMNSPLHF,TGCAGTGTTCGGACAGGGCGGATGAATTCACCCCTCCACTTT,3942,16,clonotype151,clonotype151_consensus_1
TGTTCCGAGTTACGGG-1,True,TGTTCCGAGTTACGGG-1_contig_2,True,500,TRA,TRAV38-2/DV8,None,TRAJ48,TRAC,True,True,CAYRRVSNFGNEKLTF,TGTGCTTATAGGAGGGTATCTAACTTTGGAAATGAGAAATTAACCTTT,4457,10,clonotype151,clonotype151_consensus_2
TGTTCCGAGTTACGGG-1,True,TGTTCCGAGTTACGGG-1_contig_3,True,339,TRB,None,None,TRBJ2-1,TRBC2,False,False,None,None,584,5,clonotype151,None
TGTTCCGCAAACGTGG-1,True,TGTTCCGCAAACGTGG-1_contig_1,True,505,TRA,TRAV1-2,None,TRAJ33,TRAC,True,True,CAATDSNYQLIW,TGTGCTGCGACTGATAGCAACTATCAGTTAATCTGG,411,7,clonotype1,clonotype1_consensus_2
TGTTCCGCAAACGTGG-1,True,TGTTCCGCAAACGTGG-1_contig_2,True,498,TRB,TRBV20-1,None,TRBJ2-1,TRBC2,True,True,CSARVGSEVNEQFF,TGCAGTGCTAGAGTGGGGTCGGAAGTCAATGAGCAGTTCTTC,1781,27,clonotype1,clonotype1_consensus_1
TGTTCCGCAAACGTGG-1,True,TGTTCCGCAAACGTGG-1_contig_3,True,459,TRA,TRAV10,None,TRAJ24,TRAC,True,False,None,None,283,9,clonotype1,None
TGTTCCGCAAGTCTGT-1,True,TGTTCCGCAAGTCTGT-1_contig_1,True,505,TRA,TRAV1-2,None,TRAJ33,TRAC,True,True,CAATDSNYQLIW,TGTGCTGCGACTGATAGCAACTATCAGTTAATCTGG,257,2,clonotype1,clonotype1_consensus_2
TGTTCCGCAAGTCTGT-1,True,TGTTCCGCAAGTCTGT-1_contig_2,True,492,TRB,TRBV20-1,None,TRBJ2-1,TRBC2,True,True,CSARVGSEVNEQFF,TGCAGTGCTAGAGTGGGGTCGGAAGTCAATGAGCAGTTCTTC,1253,10,clonotype1,clonotype1_consensus_1
TGTTCCGCAAGTCTGT-1,True,TGTTCCGCAAGTCTGT-1_contig_3,True,465,TRA,TRAV10,None,TRAJ24,TRAC,True,False,None,None,736,4,clonotype1,None
TGTTCCGCAATCGAAA-1,True,TGTTCCGCAATCGAAA-1_contig_1,True,505,TRA,TRAV1-2,None,TRAJ33,TRAC,True,True,CAATDSNYQLIW,TGTGCTGCGACTGATAGCAACTATCAGTTAATCTGG,185,8,clonotype1,clonotype1_consensus_2
TGTTCCGCAATCGAAA-1,True,TGTTCCGCAATCGAAA-1_contig_2,True,521,TRB,TRBV20-1,None,TRBJ2-1,TRBC2,True,True,CSARVGSEVNEQFF,TGCAGTGCTAGAGTGGGGTCGGAAGTCAATGAGCAGTTCTTC,3667,15,clonotype1,clonotype1_consensus_1
TGTTCCGCACCAACCG-1,True,TGTTCCGCACCAACCG-1_contig_1,True,515,TRB,TRBV20-1,None,TRBJ1-1,TRBC1,True,True,CSARALILEAFF,TGCAGTGCTAGGGCCCTGATCCTTGAAGCTTTCTTT,2886,10,clonotype3575,clonotype3575_consensus_2
TGTTCCGCACCAACCG-1,True,TGTTCCGCACCAACCG-1_contig_2,True,523,TRA,TRAV5,None,TRAJ43,TRAC,True,True,CAEINNNNDMRF,TGTGCAGAGATCAATAATAACAATGACATGCGCTTT,478,5,clonotype3575,clonotype3575_consensus_1
TGTTCCGCACGTGAGA-1,True,TGTTCCGCACGTGAGA-1_contig_1,True,505,TRA,TRAV1-2,None,TRAJ33,TRAC,True,True,CAATDSNYQLIW,TGTGCTGCGACTGATAGCAACTATCAGTTAATCTGG,666,4,clonotype1,clonotype1_consensus_2
TGTTCCGCACGTGAGA-1,True,TGTTCCGCACGTGAGA-1_contig_2,True,521,TRB,TRBV20-1,None,TRBJ2-1,TRBC2,True,True,CSARVGSEVNEQFF,TGCAGTGCTAGAGTGGGGTCGGAAGTCAATGAGCAGTTCTTC,1712,7,clonotype1,clonotype1_consensus_1
TGTTCCGCACGTGAGA-1,True,TGTTCCGCACGTGAGA-1_contig_3,True,465,TRA,TRAV10,None,TRAJ24,TRAC,True,False,None,None,90,6,clonotype1,None
TGTTCCGCAGCTGTAT-1,True,TGTTCCGCAGCTGTAT-1_contig_1,True,502,TRA,TRAV1-2,None,TRAJ30,TRAC,True,True,CAVRDLREIIF,TGTGCTGTGAGAGATCTTCGGGAGATCATCTTT,412,7,clonotype3,clonotype3_consensus_2
TGTTCCGCAGCTGTAT-1,True,TGTTCCGCAGCTGTAT-1_contig_2,True,520,TRB,TRBV5-5,None,TRBJ1-4,TRBC1,True,True,CASSHPGPNYATNEKLFF,TGTGCCAGCAGCCATCCCGGACCGAACTACGCAACTAATGAAAAACTGTTTTTT,2447,7,clonotype3,clonotype3_consensus_1
TGTTCCGCAGGTGCCT-1,True,TGTTCCGCAGGTGCCT-1_contig_1,True,487,TRA,TRAV5,None,TRAJ30,TRAC,True,True,CAESDRNDKIIF,TGTGCAGAGAGCGACAGAAATGACAAGATCATCTTT,284,15,clonotype3576,clonotype3576_consensus_2
TGTTCCGCAGGTGCCT-1,True,TGTTCCGCAGGTGCCT-1_contig_2,True,521,TRB,TRBV20-1,None,TRBJ1-2,TRBC1,True,True,CSARSMAGSHGYTF,TGCAGTGCTAGATCTATGGCAGGGAGCCATGGCTACACCTTC,2186,22,clonotype3576,clonotype3576_consensus_1
TGTTCCGGTACGCTGC-1,True,TGTTCCGGTACGCTGC-1_contig_1,True,505,TRA,TRAV1-2,None,TRAJ33,TRAC,True,True,CAATDSNYQLIW,TGTGCTGCGACTGATAGCAACTATCAGTTAATCTGG,1078,5,clonotype1,clonotype1_consensus_2
TGTTCCGGTACGCTGC-1,True,TGTTCCGGTACGCTGC-1_contig_2,True,492,TRB,TRBV20-1,None,TRBJ2-1,TRBC2,True,True,CSARVGSEVNEQFF,TGCAGTGCTAGAGTGGGGTCGGAAGTCAATGAGCAGTTCTTC,469,5,clonotype1,clonotype1_consensus_1
TGTTCCGGTAGAGGAA-1,True,TGTTCCGGTAGAGGAA-1_contig_1,True,810,TRB,TRBV5-6,None,TRBJ1-6,TRBC1,True,True,CASSSAPGSPLHF,TGTGCCAGCAGCTCAGCCCCGGGGTCACCCCTCCACTTT,1290,8,clonotype3577,clonotype3577_consensus_1
TGTTCCGGTAGAGGAA-1,True,TGTTCCGGTAGAGGAA-1_contig_2,True,413,TRA,TRAV1-1,None,TRAJ4,TRAC,True,False,None,None,468,2,clonotype3577,None
TGTTCCGGTAGAGGAA-1,True,TGTTCCGGTAGAGGAA-1_contig_3,True,452,TRA,TRAV9-2,None,TRAJ29,TRAC,True,False,None,None,527,1,clonotype3577,None
TGTTCCGGTCGCCATG-1,True,TGTTCCGGTCGCCATG-1_contig_1,True,552,TRA,TRAV5,None,TRAJ44,TRAC,True,True,CAEKETGTASKLTF,TGTGCAGAGAAAGAAACCGGCACTGCCAGTAAACTCACCTTT,62,5,clonotype3578,clonotype3578_consensus_2
TGTTCCGGTCGCCATG-1,True,TGTTCCGGTCGCCATG-1_contig_2,True,668,TRB,TRBV5-6,None,TRBJ1-5,TRBC1,True,True,CASSRTGGLSNQPQHF,TGTGCCAGCAGCCGGACAGGGGGGCTTAGCAATCAGCCCCAGCATTTT,1002,8,clonotype3578,clonotype3578_consensus_1
TGTTCCGGTCTGCCAG-1,True,TGTTCCGGTCTGCCAG-1_contig_1,True,662,TRA,TRAV8-6,None,TRAJ30,TRAC,True,True,CAVSEGNRDDKIIF,TGTGCTGTGAGTGAAGGAAACAGAGATGACAAGATCATCTTT,1353,6,clonotype3579,clonotype3579_consensus_3
TGTTCCGGTCTGCCAG-1,True,TGTTCCGGTCTGCCAG-1_contig_2,True,662,TRA,TRAV8-6,None,TRAJ44,TRAC,True,True,CAVSDGGTASKLTF,TGTGCTGTGAGTGACGGGGGCACTGCCAGTAAACTCACCTTT,1078,8,clonotype3579,clonotype3579_consensus_1
TGTTCCGGTCTGCCAG-1,True,TGTTCCGGTCTGCCAG-1_contig_3,True,498,TRB,TRBV20-1,None,TRBJ1-1,TRBC1,True,True,CLASPPRLGTEAFF,TGCTTAGCGTCCCCCCCGAGATTGGGCACTGAAGCTTTCTTT,961,6,clonotype3579,clonotype3579_consensus_2
TGTTCCGTCACTATTC-1,True,TGTTCCGTCACTATTC-1_contig_1,True,503,TRB,TRBV20-1,None,TRBJ1-4,TRBC1,True,True,CSARVEGPRDNEKLFF,TGCAGTGCTAGAGTGGAAGGCCCTAGAGATAATGAAAAACTGTTTTTT,378,4,clonotype3580,clonotype3580_consensus_1
TGTTCCGTCACTATTC-1,True,TGTTCCGTCACTATTC-1_contig_2,True,481,TRA,TRAV4,None,TRAJ20,TRAC,True,True,CLVGDNDYKLSF,TGCCTCGTGGGTGACAACGACTACAAGCTCAGCTTT,234,11,clonotype3580,clonotype3580_consensus_2
TGTTCCGTCACTATTC-1,True,TGTTCCGTCACTATTC-1_contig_3,True,311,TRB,None,None,TRBJ1-2,TRBC1,False,False,None,None,284,7,clonotype3580,None
TGTTCCGTCAGTTCGA-1,True,TGTTCCGTCAGTTCGA-1_contig_1,True,556,TRA,TRAV12-1,None,TRAJ9,TRAC,True,True,CVVTRNTGGFKTIF,TGTGTGGTGACACGAAATACTGGAGGCTTCAAAACTATCTTT,78,2,clonotype5,clonotype5_consensus_2
TGTTCCGTCAGTTCGA-1,True,TGTTCCGTCAGTTCGA-1_contig_2,True,533,TRB,TRBV20-1,None,TRBJ1-5,TRBC1,True,True,CSARDDNRAKSFNQPQHF,TGCAGTGCTAGAGACGACAACCGGGCCAAATCCTTCAATCAGCCCCAGCATTTT,1548,10,clonotype5,clonotype5_consensus_1
TGTTCCGTCAGTTCGA-1,True,TGTTCCGTCAGTTCGA-1_contig_3,True,448,TRB,TRBV5-6,None,TRBJ2-6,TRBC2,True,False,None,None,62,8,clonotype5,None
TGTTCCGTCAGTTCGA-1,True,TGTTCCGTCAGTTCGA-1_contig_4,True,567,TRA,TRAV29/DV5,None,TRAJ11,TRAC,True,False,CSSNSGYSTLTF,TGCAGCTCCAATTCAGGATACAGCACCCTCACCTTT,248,4,clonotype5,None
TGTTCCGTCTAACTTC-1,True,TGTTCCGTCTAACTTC-1_contig_1,True,505,TRA,TRAV1-2,None,TRAJ33,TRAC,True,True,CAATDSNYQLIW,TGTGCTGCGACTGATAGCAACTATCAGTTAATCTGG,167,3,clonotype1,clonotype1_consensus_2
TGTTCCGTCTAACTTC-1,True,TGTTCCGTCTAACTTC-1_contig_2,True,521,TRB,TRBV20-1,None,TRBJ2-1,TRBC2,True,True,CSARVGSEVNEQFF,TGCAGTGCTAGAGTGGGGTCGGAAGTCAATGAGCAGTTCTTC,1368,6,clonotype1,clonotype1_consensus_1
TGTTCCGTCTAACTTC-1,True,TGTTCCGTCTAACTTC-1_contig_3,True,482,TRA,TRAV10,None,TRAJ24,TRAC,True,False,None,None,726,4,clonotype1,None
TTAACTCAGGGAACGG-1,True,TTAACTCAGGGAACGG-1_contig_1,True,485,TRB,TRBV20-1,None,TRBJ2-1,TRBC2,True,True,CSARVGSEVNEQFF,TGCAGTGCTAGAGTGGGGTCGGAAGTCAATGAGCAGTTCTTC,349,6,clonotype2,clonotype2_consensus_1
TTAACTCAGGGAACGG-1,True,TTAACTCAGGGAACGG-1_contig_2,True,482,TRA,TRAV10,None,TRAJ24,TRAC,True,False,None,None,771,4,clonotype2,None
TTAACTCAGTGGACGT-1,True,TTAACTCAGTGGACGT-1_contig_1,True,505,TRA,TRAV1-2,None,TRAJ33,TRAC,True,True,CAATDSNYQLIW,TGTGCTGCGACTGATAGCAACTATCAGTTAATCTGG,557,2,clonotype1,clonotype1_consensus_2
TTAACTCAGTGGACGT-1,True,TTAACTCAGTGGACGT-1_contig_2,True,498,TRB,TRBV20-1,None,TRBJ2-1,TRBC2,True,True,CSARVGSEVNEQFF,TGCAGTGCTAGAGTGGGGTCGGAAGTCAATGAGCAGTTCTTC,999,7,clonotype1,clonotype1_consensus_1
TTAACTCAGTGGACGT-1,True,TTAACTCAGTGGACGT-1_contig_3,True,447,TRA,TRAV10,None,TRAJ24,TRAC,True,False,None,None,86,3,clonotype1,None
TTAACTCCAAAGGAAG-1,True,TTAACTCCAAAGGAAG-1_contig_1,True,516,TRA,TRAV30,None,TRAJ57,TRAC,True,True,CGTDYQGGSEKLVF,TGTGGCACAGATTATCAGGGCGGATCTGAAAAGCTGGTCTTT,771,4,clonotype3581,clonotype3581_consensus_2
TTAACTCCAAAGGAAG-1,True,TTAACTCCAAAGGAAG-1_contig_2,True,666,TRB,TRBV5-6,None,TRBJ1-1,TRBC1,True,True,CASSLGAGTEAFF,TGTGCCAGCAGCTTGGGAGCGGGCACTGAAGCTTTCTTT,974,5,clonotype3581,clonotype3581_consensus_1
TTAACTCCACGAAGCA-1,True,TTAACTCCACGAAGCA-1_contig_1,True,504,TRA,TRAV12-3,None,TRAJ5,TRAC,True,True,CAMGRGDTGRRALTF,TGTGCAATGGGTCGAGGAGACACGGGCAGGAGAGCACTTACTTTT,414,4,clonotype3582,clonotype3582_consensus_1
TTAACTCCACGAAGCA-1,True,TTAACTCCACGAAGCA-1_contig_2,True,473,TRB,TRBV20-1,None,TRBJ2-3,TRBC2,True,True,CSAPTSPSTDTQYF,TGCAGTGCTCCGACTAGCCCTAGCACAGATACGCAGTATTTT,919,5,clonotype3582,clonotype3582_consensus_2
TTAACTCCACGGCCAT-1,True,TTAACTCCACGGCCAT-1_contig_1,True,473,TRB,TRBV20-1,None,TRBJ2-1,TRBC2,True,True,CSAFDDGSYNEQFF,TGCAGTGCTTTCGATGACGGCTCCTACAATGAGCAGTTCTTC,2010,10,clonotype3583,clonotype3583_consensus_1
TTAACTCCACGTGAGA-1,True,TTAACTCCACGTGAGA-1_contig_1,True,505,TRA,TRAV1-2,None,TRAJ33,TRAC,True,True,CAATDSNYQLIW,TGTGCTGCGACTGATAGCAACTATCAGTTAATCTGG,294,4,clonotype1,clonotype1_consensus_2
TTAACTCCACGTGAGA-1,True,TTAACTCCACGTGAGA-1_contig_2,True,485,TRB,TRBV20-1,None,TRBJ2-1,TRBC2,True,True,CSARVGSEVNEQFF,TGCAGTGCTAGAGTGGGGTCGGAAGTCAATGAGCAGTTCTTC,1227,9,clonotype1,clonotype1_consensus_1
TTAACTCCACGTGAGA-1,True,TTAACTCCACGTGAGA-1_contig_3,True,482,TRA,TRAV10,None,TRAJ24,TRAC,True,False,None,None,775,3,clonotype1,None
TTAACTCCACTCAGGC-1,True,TTAACTCCACTCAGGC-1_contig_1,True,502,TRA,TRAV1-2,None,TRAJ33,TRAC,True,True,CAATDSNYQLIW,TGTGCTGCGACTGATAGCAACTATCAGTTAATCTGG,175,1,clonotype1,clonotype1_consensus_2
TTAACTCCACTCAGGC-1,True,TTAACTCCACTCAGGC-1_contig_2,True,521,TRB,TRBV20-1,None,TRBJ2-1,TRBC2,True,True,CSARVGSEVNEQFF,TGCAGTGCTAGAGTGGGGTCGGAAGTCAATGAGCAGTTCTTC,705,6,clonotype1,clonotype1_consensus_1
TTAACTCCACTTCGAA-1,True,TTAACTCCACTTCGAA-1_contig_1,True,521,TRB,TRBV20-1,None,TRBJ2-1,TRBC2,True,True,CSARVGSEVNEQFF,TGCAGTGCTAGAGTGGGGTCGGAAGTCAATGAGCAGTTCTTC,1279,8,clonotype2,clonotype2_consensus_1
TTAACTCCACTTCGAA-1,True,TTAACTCCACTTCGAA-1_contig_2,True,459,TRA,TRAV10,None,TRAJ24,TRAC,True,False,None,None,63,1,clonotype2,None
TTAACTCCAGCGAACA-1,True,TTAACTCCAGCGAACA-1_contig_1,True,505,TRA,TRAV1-2,None,TRAJ33,TRAC,True,True,CAATDSNYQLIW,TGTGCTGCGACTGATAGCAACTATCAGTTAATCTGG,193,2,clonotype1,clonotype1_consensus_2
TTAACTCCAGCGAACA-1,True,TTAACTCCAGCGAACA-1_contig_2,True,521,TRB,TRBV20-1,None,TRBJ2-1,TRBC2,True,True,CSARVGSEVNEQFF,TGCAGTGCTAGAGTGGGGTCGGAAGTCAATGAGCAGTTCTTC,921,6,clonotype1,clonotype1_consensus_1
TTAACTCCAGCGAACA-1,True,TTAACTCCAGCGAACA-1_contig_3,True,482,TRA,TRAV10,None,TRAJ24,TRAC,True,False,None,None,216,1,clonotype1,None
TTAACTCCATCACGAT-1,True,TTAACTCCATCACGAT-1_contig_1,True,562,TRA,TRAV8-1,None,TRAJ8,TRAC,True,True,CAGRFQKLVF,TGTGCCGGGCGCTTTCAGAAACTTGTATTT,441,3,clonotype3584,clonotype3584_consensus_1
TTAACTCCATCACGAT-1,True,TTAACTCCATCACGAT-1_contig_2,True,510,TRB,TRBV7-9,None,TRBJ2-2,TRBC2,True,True,CASSPPAGEKAGELFF,TGTGCCAGCAGCCCACCAGCGGGGGAAAAGGCCGGGGAGCTGTTTTTT,1505,9,clonotype3584,clonotype3584_consensus_2
TTAACTCCATCCTTGC-1,True,TTAACTCCATCCTTGC-1_contig_1,True,521,TRB,TRBV20-1,None,TRBJ2-1,TRBC2,True,True,CSARVGSEVNEQFF,TGCAGTGCTAGAGTGGGGTCGGAAGTCAATGAGCAGTTCTTC,1186,6,clonotype2,clonotype2_consensus_1
TTAACTCCATCCTTGC-1,True,TTAACTCCATCCTTGC-1_contig_2,True,465,TRA,TRAV10,None,TRAJ24,TRAC,True,False,None,None,427,3,clonotype2,None
TTAACTCGTGTGACGA-1,True,TTAACTCGTGTGACGA-1_contig_1,True,667,TRB,TRBV5-6,None,TRBJ1-4,TRBC1,True,True,CASSSKDMINEKLFF,TGTGCCAGCAGCTCCAAGGACATGATTAATGAAAAACTGTTTTTT,907,10,clonotype3585,clonotype3585_consensus_1
TTAACTCGTGTGACGA-1,True,TTAACTCGTGTGACGA-1_contig_2,True,300,TRA,TRAV13-2,None,TRAJ29,TRAC,True,False,CAETVSGNTPLVF,TGTGCAGAGACCGTTTCAGGAAACACACCTCTTGTCTTT,610,2,clonotype3585,None
TTAACTCGTTACTGAC-1,True,TTAACTCGTTACTGAC-1_contig_1,True,518,TRB,TRBV20-1,None,TRBJ1-4,TRBC1,True,True,CSVLTGSNEKLFF,TGCAGTGTATTGACAGGGTCTAATGAAAAACTGTTTTTT,1775,14,clonotype3586,clonotype3586_consensus_3
TTAACTCGTTACTGAC-1,True,TTAACTCGTTACTGAC-1_contig_2,True,505,TRB,TRBV20-1,None,TRBJ1-1,TRBC1,True,True,CSALRSAEAFF,TGCAGTGCCCTCAGGTCCGCTGAAGCTTTCTTT,221,3,clonotype3586,clonotype3586_consensus_1
TTAACTCGTTACTGAC-1,True,TTAACTCGTTACTGAC-1_contig_3,True,505,TRA,TRAV29/DV5,None,TRAJ9,TRAC,True,True,CAATELGGFKTIF,TGTGCAGCCACTGAATTGGGAGGCTTCAAAACTATCTTT,3691,5,clonotype3586,clonotype3586_consensus_2
TTAACTCGTTACTGAC-1,True,TTAACTCGTTACTGAC-1_contig_4,True,563,TRB,None,None,TRBJ2-6,TRBC2,False,False,None,None,134,3,clonotype3586,None
TTAACTCGTTCGGGCT-1,True,TTAACTCGTTCGGGCT-1_contig_1,True,668,TRB,TRBV5-6,None,TRBJ2-2,TRBC2,True,True,CASSSGLKDRRLGELFF,TGTGCCAGCAGCTCGGGACTAAAGGACCGACGACTCGGGGAGCTGTTTTTT,2192,18,clonotype3587,clonotype3587_consensus_1
TTAACTCGTTCGGGCT-1,True,TTAACTCGTTCGGGCT-1_contig_2,True,564,TRA,TRAV8-4,None,TRAJ11,TRAC,True,True,CAVSKEYSTLTF,TGTGCTGTGAGTAAAGAATACAGCACCCTCACCTTT,462,6,clonotype3587,clonotype3587_consensus_2
TTAACTCGTTGCTCCT-1,True,TTAACTCGTTGCTCCT-1_contig_1,True,498,TRB,TRBV20-1,None,TRBJ2-1,TRBC2,True,True,CSARVGSEVNEQFF,TGCAGTGCTAGAGTGGGGTCGGAAGTCAATGAGCAGTTCTTC,355,3,clonotype2,clonotype2_consensus_1
TTAACTCTCACCTCGT-1,True,TTAACTCTCACCTCGT-1_contig_1,True,505,TRA,TRAV1-2,None,TRAJ33,TRAC,True,True,CAATDSNYQLIW,TGTGCTGCGACTGATAGCAACTATCAGTTAATCTGG,786,5,clonotype1,clonotype1_consensus_2
TTAACTCTCACCTCGT-1,True,TTAACTCTCACCTCGT-1_contig_2,True,521,TRB,TRBV20-1,None,TRBJ2-1,TRBC2,True,True,CSARVGSEVNEQFF,TGCAGTGCTAGAGTGGGGTCGGAAGTCAATGAGCAGTTCTTC,1640,10,clonotype1,clonotype1_consensus_1
TTAACTCTCACCTCGT-1,True,TTAACTCTCACCTCGT-1_contig_3,True,458,TRA,TRAV10,None,TRAJ24,TRAC,True,False,None,None,81,3,clonotype1,None
TTAACTCTCATGCTCC-1,True,TTAACTCTCATGCTCC-1_contig_1,True,505,TRA,TRAV1-2,None,TRAJ33,TRAC,True,True,CAATDSNYQLIW,TGTGCTGCGACTGATAGCAACTATCAGTTAATCTGG,853,2,clonotype1,clonotype1_consensus_2
TTAACTCTCATGCTCC-1,True,TTAACTCTCATGCTCC-1_contig_2,True,485,TRB,TRBV20-1,None,TRBJ2-1,TRBC2,True,True,CSARVGSEVNEQFF,TGCAGTGCTAGAGTGGGGTCGGAAGTCAATGAGCAGTTCTTC,1205,6,clonotype1,clonotype1_consensus_1
TTAACTCTCCAAGCCG-1,True,TTAACTCTCCAAGCCG-1_contig_1,True,520,TRA,TRAV26-1,None,TRAJ34,TRAC,True,True,CIVRARTDKLIF,TGCATCGTCAGAGCCCGGACCGACAAGCTCATCTTT,799,5,clonotype3588,clonotype3588_consensus_2
TTAACTCTCCAAGCCG-1,True,TTAACTCTCCAAGCCG-1_contig_2,True,460,TRB,TRBV28,None,TRBJ1-1,TRBC1,True,True,CASHQNTEAFF,TGTGCCAGCCATCAGAACACTGAAGCTTTCTTT,1466,11,clonotype3588,clonotype3588_consensus_1
TTAACTCTCGATGAGG-1,True,TTAACTCTCGATGAGG-1_contig_1,True,521,TRB,TRBV20-1,None,TRBJ2-1,TRBC2,True,True,CSARVGSEVNEQFF,TGCAGTGCTAGAGTGGGGTCGGAAGTCAATGAGCAGTTCTTC,438,6,clonotype2,clonotype2_consensus_1
TTAACTCTCGCAGGCT-1,True,TTAACTCTCGCAGGCT-1_contig_1,True,505,TRA,TRAV1-2,None,TRAJ33,TRAC,True,True,CAATDSNYQLIW,TGTGCTGCGACTGATAGCAACTATCAGTTAATCTGG,655,3,clonotype1,clonotype1_consensus_2
TTAACTCTCGCAGGCT-1,True,TTAACTCTCGCAGGCT-1_contig_2,True,485,TRB,TRBV20-1,None,TRBJ2-1,TRBC2,True,True,CSARVGSEVNEQFF,TGCAGTGCTAGAGTGGGGTCGGAAGTCAATGAGCAGTTCTTC,977,5,clonotype1,clonotype1_consensus_1
TTAACTCTCGCAGGCT-1,True,TTAACTCTCGCAGGCT-1_contig_3,True,482,TRA,TRAV10,None,TRAJ24,TRAC,True,False,None,None,474,3,clonotype1,None
TTAACTCTCGCGCCAA-1,True,TTAACTCTCGCGCCAA-1_contig_1,True,559,TRA,TRAV26-2,None,TRAJ34,TRAC,True,True,CILIRSGNTDKLIF,TGCATCCTGATAAGGAGCGGTAACACCGACAAGCTCATCTTT,954,7,clonotype334,clonotype334_consensus_2
TTAACTCTCGCGCCAA-1,True,TTAACTCTCGCGCCAA-1_contig_2,True,521,TRB,TRBV20-1,None,TRBJ1-2,TRBC1,True,True,CSAGGTGGSYGYTF,TGCAGTGCTGGCGGGACAGGGGGAAGCTATGGCTACACCTTC,1533,11,clonotype334,clonotype334_consensus_1
TTAACTCTCGTACCGG-1,True,TTAACTCTCGTACCGG-1_contig_1,True,589,TRA,TRAV26-1,None,TRAJ52,TRAC,True,True,CIVRVRSNAGGTSYGKLTF,TGCATCGTCAGGGTCCGATCTAATGCTGGTGGTACTAGCTATGGAAAGCTGACATTT,1433,3,clonotype3589,clonotype3589_consensus_2
TTAACTCTCGTACCGG-1,True,TTAACTCTCGTACCGG-1_contig_2,True,490,TRB,TRBV5-6,None,TRBJ1-2,TRBC1,True,True,CASSLWARNYGYTF,TGTGCCAGCAGCCTGTGGGCGAGAAACTATGGCTACACCTTC,1457,9,clonotype3589,clonotype3589_consensus_1
TTAGGACAGAGCAATT-1,True,TTAGGACAGAGCAATT-1_contig_1,True,515,TRB,TRBV20-1,None,TRBJ2-3,TRBC2,True,True,CSAPRATDTQYF,TGCAGTGCGCCCCGGGCCACAGATACGCAGTATTTT,1885,6,clonotype3590,clonotype3590_consensus_1
TTAGGACAGAGCAATT-1,True,TTAGGACAGAGCAATT-1_contig_2,True,497,TRA,TRAV25,None,TRAJ49,TRAC,True,True,CAGSGNQFYF,TGTGCAGGGTCAGGTAACCAGTTCTATTTT,333,2,clonotype3590,clonotype3590_consensus_2
TTAGGACAGAGCAATT-1,True,TTAGGACAGAGCAATT-1_contig_3,True,569,TRB,TRBV19,None,None,TRBC2,False,False,None,None,460,3,clonotype3590,None
TTAGGACAGCCCAACC-1,True,TTAGGACAGCCCAACC-1_contig_1,True,487,TRA,TRAV1-2,None,TRAJ33,TRAC,True,True,CAATDSNYQLIW,TGTGCTGCGACTGATAGCAACTATCAGTTAATCTGG,821,2,clonotype1,clonotype1_consensus_2
TTAGGACAGCCCAACC-1,True,TTAGGACAGCCCAACC-1_contig_2,True,521,TRB,TRBV20-1,None,TRBJ2-1,TRBC2,True,True,CSARVGSEVNEQFF,TGCAGTGCTAGAGTGGGGTCGGAAGTCAATGAGCAGTTCTTC,934,4,clonotype1,clonotype1_consensus_1
TTAGGACAGCCCAACC-1,True,TTAGGACAGCCCAACC-1_contig_3,True,465,TRA,TRAV10,None,TRAJ24,TRAC,True,False,None,None,2640,2,clonotype1,None
TTAGGACAGGATTCGG-1,True,TTAGGACAGGATTCGG-1_contig_1,True,580,TRA,TRAV8-1,None,TRAJ48,TRAC,True,True,CAVNARSNFGNEKLTF,TGTGCCGTGAATGCGCGATCTAACTTTGGAAATGAGAAATTAACCTTT,621,4,clonotype3591,clonotype3591_consensus_2
TTAGGACAGGATTCGG-1,True,TTAGGACAGGATTCGG-1_contig_2,True,495,TRB,TRBV20-1,None,TRBJ2-7,TRBC2,True,True,CSATFSGGPVDEQYF,TGCAGTGCAACATTTAGCGGGGGCCCTGTTGACGAGCAGTACTTC,386,4,clonotype3591,clonotype3591_consensus_1
TTAGGACAGGATTCGG-1,True,TTAGGACAGGATTCGG-1_contig_3,True,318,TRB,None,None,TRBJ1-1,TRBC1,False,False,None,None,2619,6,clonotype3591,None
TTAGGACAGTGGTAGC-1,True,TTAGGACAGTGGTAGC-1_contig_1,True,473,TRB,TRBV20-1,None,TRBJ2-1,TRBC2,True,True,CSARVGSEVNEQFF,TGCAGTGCTAGAGTGGGGTCGGAAGTCAATGAGCAGTTCTTC,432,5,clonotype2,clonotype2_consensus_1
TTAGGACAGTGGTAGC-1,True,TTAGGACAGTGGTAGC-1_contig_2,True,482,TRA,TRAV10,None,TRAJ24,TRAC,True,False,None,None,265,1,clonotype2,None
TTAGGACAGTTACGGG-1,True,TTAGGACAGTTACGGG-1_contig_1,True,495,TRA,TRAV9-2,None,TRAJ7,TRAC,True,True,CALSDPRRNNRLAF,TGTGCTCTGAGTGATCCCCGAAGGAACAACAGACTCGCTTTT,912,4,clonotype351,clonotype351_consensus_1
TTAGGACAGTTACGGG-1,True,TTAGGACAGTTACGGG-1_contig_2,True,524,TRB,TRBV20-1,None,TRBJ2-7,TRBC2,True,True,CSADHQRGGPNEQYF,TGCAGTGCTGACCACCAGCGGGGGGGCCCCAACGAGCAGTACTTC,1817,8,clonotype351,clonotype351_consensus_2
TTAGGACCAAAGGTGC-1,True,TTAGGACCAAAGGTGC-1_contig_1,True,502,TRA,TRAV1-2,None,TRAJ33,TRAC,True,True,CAATDSNYQLIW,TGTGCTGCGACTGATAGCAACTATCAGTTAATCTGG,121,1,clonotype1,clonotype1_consensus_2
TTAGGACCAAAGGTGC-1,True,TTAGGACCAAAGGTGC-1_contig_2,True,516,TRB,TRBV20-1,None,TRBJ2-1,TRBC2,True,True,CSARVGSEVNEQFF,TGCAGTGCTAGAGTGGGGTCGGAAGTCAATGAGCAGTTCTTC,1791,9,clonotype1,clonotype1_consensus_1
TTAGGACCAAAGGTGC-1,True,TTAGGACCAAAGGTGC-1_contig_3,True,457,TRA,TRAV10,None,TRAJ24,TRAC,True,False,None,None,165,2,clonotype1,None
TTAGGACCAAGCGTAG-1,True,TTAGGACCAAGCGTAG-1_contig_1,True,505,TRA,TRAV1-2,None,TRAJ33,TRAC,True,True,CAATDSNYQLIW,TGTGCTGCGACTGATAGCAACTATCAGTTAATCTGG,168,2,clonotype1,clonotype1_consensus_2
TTAGGACCAAGCGTAG-1,True,TTAGGACCAAGCGTAG-1_contig_2,True,521,TRB,TRBV20-1,None,TRBJ2-1,TRBC2,True,True,CSARVGSEVNEQFF,TGCAGTGCTAGAGTGGGGTCGGAAGTCAATGAGCAGTTCTTC,1921,12,clonotype1,clonotype1_consensus_1
TTAGGACCAAGCGTAG-1,True,TTAGGACCAAGCGTAG-1_contig_3,True,465,TRA,TRAV10,None,TRAJ24,TRAC,True,False,None,None,218,1,clonotype1,None
TTAGGACCACATAACC-1,True,TTAGGACCACATAACC-1_contig_1,True,505,TRA,TRAV1-2,None,TRAJ33,TRAC,True,True,CAATDSNYQLIW,TGTGCTGCGACTGATAGCAACTATCAGTTAATCTGG,295,2,clonotype1,clonotype1_consensus_2
TTAGGACCACATAACC-1,True,TTAGGACCACATAACC-1_contig_2,True,521,TRB,TRBV20-1,None,TRBJ2-1,TRBC2,True,True,CSARVGSEVNEQFF,TGCAGTGCTAGAGTGGGGTCGGAAGTCAATGAGCAGTTCTTC,864,5,clonotype1,clonotype1_consensus_1
TTAGGACCACCAACCG-1,True,TTAGGACCACCAACCG-1_contig_1,True,505,TRA,TRAV1-2,None,TRAJ33,TRAC,True,True,CAATDSNYQLIW,TGTGCTGCGACTGATAGCAACTATCAGTTAATCTGG,446,2,clonotype1,clonotype1_consensus_2
TTAGGACCACCAACCG-1,True,TTAGGACCACCAACCG-1_contig_2,True,498,TRB,TRBV20-1,None,TRBJ2-1,TRBC2,True,True,CSARVGSEVNEQFF,TGCAGTGCTAGAGTGGGGTCGGAAGTCAATGAGCAGTTCTTC,2802,10,clonotype1,clonotype1_consensus_1
TTAGGACCACCAACCG-1,True,TTAGGACCACCAACCG-1_contig_3,True,453,TRA,TRAV10,None,TRAJ24,TRAC,True,False,None,None,179,2,clonotype1,None
TTAGGACCAGCCAATT-1,True,TTAGGACCAGCCAATT-1_contig_1,True,600,TRA,TRAV26-1,None,TRAJ4,TRAC,True,True,CIVSFSGGYNKLIF,TGCATCGTCTCGTTTTCTGGTGGCTACAATAAGCTGATTTTT,518,3,clonotype3592,clonotype3592_consensus_1
TTAGGACCAGCCAATT-1,True,TTAGGACCAGCCAATT-1_contig_2,True,671,TRB,TRBV5-6,None,TRBJ2-3,TRBC2,True,True,CASSSLSGQGIGTDTQYF,TGTGCCAGCAGCTCTTTGTCCGGACAGGGGATCGGCACAGATACGCAGTATTTT,1226,7,clonotype3592,clonotype3592_consensus_2
TTAGGACCAGGAACGT-1,True,TTAGGACCAGGAACGT-1_contig_1,True,567,TRA,TRAV8-4,None,TRAJ29,TRAC,True,True,CAVRGTGNTPLVF,TGTGCTGTGAGGGGTACAGGAAACACACCTCTTGTCTTT,599,6,clonotype3593,clonotype3593_consensus_2
TTAGGACCAGGAACGT-1,True,TTAGGACCAGGAACGT-1_contig_2,True,521,TRB,TRBV20-1,None,TRBJ2-1,TRBC2,True,True,CSGLLAGERNEQFF,TGCAGTGGCCTTCTAGCGGGGGAACGCAATGAGCAGTTCTTC,535,5,clonotype3593,clonotype3593_consensus_1
TTAGGACCATCAGTAC-1,True,TTAGGACCATCAGTAC-1_contig_1,True,548,TRA,TRAV26-1,None,TRAJ56,TRAC,True,True,CIVRVGGGANSKLTF,TGCATCGTCAGAGTCGGGGGTGGAGCCAATAGTAAGCTGACATTT,220,1,clonotype3594,clonotype3594_consensus_2
TTAGGACCATCAGTAC-1,True,TTAGGACCATCAGTAC-1_contig_2,True,521,TRB,TRBV20-1,None,TRBJ2-3,TRBC2,True,True,CSSGAGGLTDTQYF,TGCAGTTCTGGAGCGGGGGGCCTCACAGATACGCAGTATTTT,2694,11,clonotype3594,clonotype3594_consensus_1
TTAGGACCATGGTAGG-1,True,TTAGGACCATGGTAGG-1_contig_1,True,666,TRB,TRBV5-6,None,TRBJ2-1,TRBC2,True,True,CASSLRNEQFF,TGTGCCAGCAGCTTGAGAAATGAGCAGTTCTTC,2284,12,clonotype3595,clonotype3595_consensus_1
TTAGGACCATGGTAGG-1,True,TTAGGACCATGGTAGG-1_contig_2,True,570,TRA,TRAV29/DV5,None,TRAJ49,TRAC,True,False,CSKRANTGNQFYF,TGCAGCAAGCGCGCGAACACCGGTAACCAGTTCTATTTT,651,2,clonotype3595,None
TTAGGACGTACCTACA-1,True,TTAGGACGTACCTACA-1_contig_1,True,708,TRB,TRBV5-6,None,TRBJ1-2,TRBC1,True,True,CASSSGRLNYGYTF,TGTGCCAGCAGCTCGGGACGGCTTAACTATGGCTACACCTTC,2410,10,clonotype92,clonotype92_consensus_1
TTAGGACGTACCTACA-1,True,TTAGGACGTACCTACA-1_contig_2,True,481,TRA,None,None,TRAJ39,TRAC,False,False,None,None,152,2,clonotype92,None
TTAGGACGTATTCGTG-1,True,TTAGGACGTATTCGTG-1_contig_1,True,498,TRB,TRBV20-1,None,TRBJ2-1,TRBC2,True,True,CSARVGSEVNEQFF,TGCAGTGCTAGAGTGGGGTCGGAAGTCAATGAGCAGTTCTTC,2393,10,clonotype2,clonotype2_consensus_1
TTAGGACGTCGACTAT-1,True,TTAGGACGTCGACTAT-1_contig_1,True,498,TRB,TRBV6-6,None,TRBJ1-1,TRBC1,True,True,CASSYGGALNTEAFF,TGTGCCAGCAGTTACGGGGGGGCACTTAACACTGAAGCTTTCTTT,691,6,clonotype3596,clonotype3596_consensus_1
TTAGGACGTCGACTAT-1,True,TTAGGACGTCGACTAT-1_contig_2,True,529,TRA,TRAV14/DV4,None,TRAJ45,TRAC,True,True,CAMREGPGGGADGLTF,TGTGCAATGAGAGAGGGGCCAGGAGGAGGTGCTGACGGACTCACCTTT,198,4,clonotype3596,clonotype3596_consensus_2
TTAGGACGTCTGGTCG-1,True,TTAGGACGTCTGGTCG-1_contig_1,True,505,TRA,TRAV1-2,None,TRAJ33,TRAC,True,True,CAATDSNYQLIW,TGTGCTGCGACTGATAGCAACTATCAGTTAATCTGG,187,1,clonotype1,clonotype1_consensus_2
TTAGGACGTCTGGTCG-1,True,TTAGGACGTCTGGTCG-1_contig_2,True,521,TRB,TRBV20-1,None,TRBJ2-1,TRBC2,True,True,CSARVGSEVNEQFF,TGCAGTGCTAGAGTGGGGTCGGAAGTCAATGAGCAGTTCTTC,909,6,clonotype1,clonotype1_consensus_1
TTAGGACGTTCCCGAG-1,True,TTAGGACGTTCCCGAG-1_contig_1,True,662,TRB,TRBV5-6,None,TRBJ1-6,TRBC1,True,True,CASSWRDGNSPLHF,TGTGCCAGCAGCTGGAGGGACGGCAATTCACCCCTCCACTTT,1384,6,clonotype3597,clonotype3597_consensus_1
TTAGGACGTTGTACAC-1,True,TTAGGACGTTGTACAC-1_contig_1,True,534,TRA,TRAV16,None,TRAJ34,TRAC,True,True,CALGTDKLIF,TGTGCTCTGGGCACCGACAAGCTCATCTTT,270,1,clonotype3598,clonotype3598_consensus_2
TTAGGACGTTGTACAC-1,True,TTAGGACGTTGTACAC-1_contig_2,True,489,TRB,TRBV20-1,None,TRBJ2-3,TRBC2,True,True,CSARGGDTQYF,TGCAGTGCTAGAGGGGGGGATACGCAGTATTTT,471,2,clonotype3598,clonotype3598_consensus_1
TTAGGACGTTGTACAC-1,True,TTAGGACGTTGTACAC-1_contig_3,True,466,TRB,TRBV23-1,None,TRBJ2-7,TRBC2,True,False,None,None,340,4,clonotype3598,None
TTAGGACTCAAACAAG-1,True,TTAGGACTCAAACAAG-1_contig_1,True,505,TRA,TRAV1-2,None,TRAJ33,TRAC,True,True,CAATDSNYQLIW,TGTGCTGCGACTGATAGCAACTATCAGTTAATCTGG,399,4,clonotype1,clonotype1_consensus_2
TTAGGACTCAAACAAG-1,True,TTAGGACTCAAACAAG-1_contig_2,True,521,TRB,TRBV20-1,None,TRBJ2-1,TRBC2,True,True,CSARVGSEVNEQFF,TGCAGTGCTAGAGTGGGGTCGGAAGTCAATGAGCAGTTCTTC,1700,10,clonotype1,clonotype1_consensus_1
TTAGGACTCAAACAAG-1,True,TTAGGACTCAAACAAG-1_contig_3,True,306,TRB,None,None,TRBJ2-2P,TRBC2,False,False,None,None,328,4,clonotype1,None
TTAGGACTCAAACAAG-1,True,TTAGGACTCAAACAAG-1_contig_4,True,482,TRA,TRAV10,None,TRAJ24,TRAC,True,False,None,None,572,3,clonotype1,None
TTAGGACTCTGATTCT-1,True,TTAGGACTCTGATTCT-1_contig_1,True,462,TRA,TRAV13-1,None,TRAJ12,TRAC,True,True,CAAPWMDSSYKLIF,TGTGCAGCACCCTGGATGGATAGCAGCTATAAATTGATCTTC,1105,5,clonotype3599,clonotype3599_consensus_1
TTAGGACTCTGATTCT-1,True,TTAGGACTCTGATTCT-1_contig_2,True,485,TRB,TRBV20-1,None,TRBJ1-5,TRBC1,True,True,CSASGAARDQPQHF,TGCAGTGCTAGTGGGGCAGCCAGGGATCAGCCCCAGCATTTT,270,3,clonotype3599,clonotype3599_consensus_2
TTAGGACTCTGATTCT-1,True,TTAGGACTCTGATTCT-1_contig_3,True,369,TRB,None,None,TRBJ1-1,TRBC1,False,False,None,None,423,2,clonotype3599,None
TTAGGCAAGAGCCTAG-1,True,TTAGGCAAGAGCCTAG-1_contig_1,True,521,TRB,TRBV20-1,None,TRBJ2-1,TRBC2,True,True,CSARVGSEVNEQFF,TGCAGTGCTAGAGTGGGGTCGGAAGTCAATGAGCAGTTCTTC,1933,9,clonotype2,clonotype2_consensus_1
TTAGGCAAGCACCGTC-1,True,TTAGGCAAGCACCGTC-1_contig_1,True,505,TRA,TRAV1-2,None,TRAJ33,TRAC,True,True,CAATDSNYQLIW,TGTGCTGCGACTGATAGCAACTATCAGTTAATCTGG,667,3,clonotype1,clonotype1_consensus_2
TTAGGCAAGCACCGTC-1,True,TTAGGCAAGCACCGTC-1_contig_2,True,495,TRB,TRBV20-1,None,TRBJ2-1,TRBC2,True,True,CSARVGSEVNEQFF,TGCAGTGCTAGAGTGGGGTCGGAAGTCAATGAGCAGTTCTTC,1664,8,clonotype1,clonotype1_consensus_1
TTAGGCAAGCATCATC-1,True,TTAGGCAAGCATCATC-1_contig_1,True,452,TRA,TRAV9-2,None,TRAJ45,TRAC,True,True,CALRTGGGADGLTF,TGTGCTCTGAGGACAGGAGGAGGTGCTGACGGACTCACCTTT,1120,5,clonotype3600,clonotype3600_consensus_1
TTAGGCAAGCATCATC-1,True,TTAGGCAAGCATCATC-1_contig_2,True,521,TRB,TRBV20-1,None,TRBJ1-6,TRBC1,True,True,CSAVDRVKNSPLHF,TGCAGTGCTGTCGACAGGGTAAAAAATTCACCCCTCCACTTT,773,4,clonotype3600,clonotype3600_consensus_2
TTAGGCAAGCGATATA-1,True,TTAGGCAAGCGATATA-1_contig_1,True,480,TRA,TRAV38-1,None,TRAJ45,TRAC,True,True,CAFMYSGGGADGLTF,TGTGCTTTCATGTATTCAGGAGGAGGTGCTGACGGACTCACCTTT,188,2,clonotype3601,clonotype3601_consensus_1
TTAGGCAAGCGATATA-1,True,TTAGGCAAGCGATATA-1_contig_2,True,430,TRA,TRAV26-2,None,TRAJ39,TRAC,True,False,CCCVLLHPERPQAGNMLTF,TGCTGCTGTGTACTACTGCATCCTGAGAGACCCCAAGCAGGCAACATGCTCACCTTT,315,2,clonotype3601,None
TTAGGCAAGCGATATA-1,True,TTAGGCAAGCGATATA-1_contig_3,True,342,TRB,None,None,TRBJ2-5,TRBC2,False,False,None,None,205,6,clonotype3601,None
TTAGGCAAGTATCGAA-1,True,TTAGGCAAGTATCGAA-1_contig_1,True,570,TRA,TRAV16,None,TRAJ52,TRAC,True,True,CALRKAGGTSYGKLTF,TGTGCTCTAAGAAAGGCTGGTGGTACTAGCTATGGAAAGCTGACATTT,701,5,clonotype3602,clonotype3602_consensus_1
TTAGGCACAAGACACG-1,True,TTAGGCACAAGACACG-1_contig_1,True,521,TRB,TRBV20-1,None,TRBJ2-1,TRBC2,True,True,CSARVGSEVNEQFF,TGCAGTGCTAGAGTGGGGTCGGAAGTCAATGAGCAGTTCTTC,953,4,clonotype2,clonotype2_consensus_1
TTAGGCACAAGACACG-1,True,TTAGGCACAAGACACG-1_contig_2,True,467,TRA,TRAV10,None,TRAJ24,TRAC,True,False,None,None,329,2,clonotype2,None
TTAGGCACAAGCGCTC-1,True,TTAGGCACAAGCGCTC-1_contig_1,True,506,TRA,TRAV25,None,TRAJ42,TRAC,True,True,CAVNYGGSQGNLIF,TGTGCAGTTAATTATGGAGGAAGCCAAGGAAATCTCATCTTT,578,2,clonotype3603,clonotype3603_consensus_2
TTAGGCACAAGCGCTC-1,True,TTAGGCACAAGCGCTC-1_contig_2,True,465,TRA,TRAV13-1,None,TRAJ33,TRAC,True,True,CAASRGSSSNYQLIW,TGTGCAGCAAGTAGGGGTTCAAGTAGCAACTATCAGTTAATCTGG,799,3,clonotype3603,clonotype3603_consensus_1
TTAGGCACAAGCGCTC-1,True,TTAGGCACAAGCGCTC-1_contig_3,True,502,TRB,TRBV20-1,None,TRBJ1-2,TRBC1,True,True,CSARPARGYTF,TGCAGTGCTAGACCTGCGCGGGGCTACACCTTC,1499,5,clonotype3603,clonotype3603_consensus_3
TTAGGCACAATGAAAC-1,True,TTAGGCACAATGAAAC-1_contig_1,True,505,TRA,TRAV1-2,None,TRAJ33,TRAC,True,True,CAATDSNYQLIW,TGTGCTGCGACTGATAGCAACTATCAGTTAATCTGG,1677,5,clonotype1,clonotype1_consensus_2
TTAGGCACAATGAAAC-1,True,TTAGGCACAATGAAAC-1_contig_2,True,498,TRB,TRBV20-1,None,TRBJ2-1,TRBC2,True,True,CSARVGSEVNEQFF,TGCAGTGCTAGAGTGGGGTCGGAAGTCAATGAGCAGTTCTTC,801,4,clonotype1,clonotype1_consensus_1
TTAGGCACAATGAAAC-1,True,TTAGGCACAATGAAAC-1_contig_3,True,465,TRA,TRAV10,None,TRAJ24,TRAC,True,False,None,None,371,7,clonotype1,None
TTAGGCACACGAGGTA-1,True,TTAGGCACACGAGGTA-1_contig_1,True,513,TRB,TRBV20-1,None,TRBJ2-1,TRBC2,True,True,CSARDLAGYNEQFF,TGCAGTGCTAGAGACCTCGCGGGATACAATGAGCAGTTCTTC,399,7,clonotype340,clonotype340_consensus_1
TTAGGCACAGCTTAAC-1,True,TTAGGCACAGCTTAAC-1_contig_1,True,505,TRA,TRAV1-2,None,TRAJ33,TRAC,True,True,CAATDSNYQLIW,TGTGCTGCGACTGATAGCAACTATCAGTTAATCTGG,167,2,clonotype1,clonotype1_consensus_2
TTAGGCACAGCTTAAC-1,True,TTAGGCACAGCTTAAC-1_contig_2,True,473,TRB,TRBV20-1,None,TRBJ2-1,TRBC2,True,True,CSARVGSEVNEQFF,TGCAGTGCTAGAGTGGGGTCGGAAGTCAATGAGCAGTTCTTC,2010,8,clonotype1,clonotype1_consensus_1
TTAGGCACAGGTCGTC-1,True,TTAGGCACAGGTCGTC-1_contig_1,True,505,TRA,TRAV1-2,None,TRAJ33,TRAC,True,True,CAATDSNYQLIW,TGTGCTGCGACTGATAGCAACTATCAGTTAATCTGG,300,2,clonotype1,clonotype1_consensus_2
TTAGGCACAGGTCGTC-1,True,TTAGGCACAGGTCGTC-1_contig_2,True,521,TRB,TRBV20-1,None,TRBJ2-1,TRBC2,True,True,CSARVGSEVNEQFF,TGCAGTGCTAGAGTGGGGTCGGAAGTCAATGAGCAGTTCTTC,1932,9,clonotype1,clonotype1_consensus_1
TTAGGCACAGTAAGCG-1,True,TTAGGCACAGTAAGCG-1_contig_1,True,518,TRB,TRBV20-1,None,TRBJ1-1,TRBC1,True,True,CSARDQENTEAFF,TGCAGTGCTAGAGATCAGGAGAACACTGAAGCTTTCTTT,2368,16,clonotype3604,clonotype3604_consensus_1
TTAGGCACAGTAAGCG-1,True,TTAGGCACAGTAAGCG-1_contig_2,True,479,TRA,TRAV4,None,TRAJ23,TRAC,True,True,CLVGGLYNQGGKLIF,TGCCTCGTGGGTGGCCTTTATAACCAGGGAGGAAAGCTTATCTTC,186,1,clonotype3604,clonotype3604_consensus_2
TTAGGCACAGTAAGCG-1,True,TTAGGCACAGTAAGCG-1_contig_3,True,567,TRA,TRAV22,None,TRAJ8,TRAC,True,False,None,None,7064,3,clonotype3604,None
TTAGGCAGTAATCGTC-1,True,TTAGGCAGTAATCGTC-1_contig_1,True,524,TRB,TRBV20-1,None,TRBJ2-7,TRBC2,True,True,CSARETRGFSYEQYF,TGCAGTGCTAGAGAAACTCGGGGGTTCTCCTACGAGCAGTACTTC,217,9,clonotype3605,clonotype3605_consensus_2
TTAGGCAGTAATCGTC-1,True,TTAGGCAGTAATCGTC-1_contig_2,True,527,TRA,TRAV27,None,TRAJ37,TRAC,True,True,CAGTRGNTGKLIF,TGTGCAGGTACCCGGGGCAACACAGGCAAACTAATCTTT,626,4,clonotype3605,clonotype3605_consensus_1
TTAGGCAGTGCACTTA-1,True,TTAGGCAGTGCACTTA-1_contig_1,True,521,TRB,TRBV20-1,None,TRBJ2-1,TRBC2,True,True,CSARVGSEVNEQFF,TGCAGTGCTAGAGTGGGGTCGGAAGTCAATGAGCAGTTCTTC,440,3,clonotype2,clonotype2_consensus_1
TTAGGCAGTGTTTGTG-1,True,TTAGGCAGTGTTTGTG-1_contig_1,True,502,TRA,TRAV1-2,None,TRAJ33,TRAC,True,True,CAATDSNYQLIW,TGTGCTGCGACTGATAGCAACTATCAGTTAATCTGG,92,1,clonotype1,clonotype1_consensus_2
TTAGGCAGTGTTTGTG-1,True,TTAGGCAGTGTTTGTG-1_contig_2,True,521,TRB,TRBV20-1,None,TRBJ2-1,TRBC2,True,True,CSARVGSEVNEQFF,TGCAGTGCTAGAGTGGGGTCGGAAGTCAATGAGCAGTTCTTC,1985,9,clonotype1,clonotype1_consensus_1
TTAGGCAGTGTTTGTG-1,True,TTAGGCAGTGTTTGTG-1_contig_3,True,482,TRA,TRAV10,None,TRAJ24,TRAC,True,False,None,None,124,1,clonotype1,None
TTAGGCATCAACCAAC-1,True,TTAGGCATCAACCAAC-1_contig_1,True,505,TRA,TRAV1-2,None,TRAJ33,TRAC,True,True,CAATDSNYQLIW,TGTGCTGCGACTGATAGCAACTATCAGTTAATCTGG,364,2,clonotype1,clonotype1_consensus_2
TTAGGCATCAACCAAC-1,True,TTAGGCATCAACCAAC-1_contig_2,True,498,TRB,TRBV20-1,None,TRBJ2-1,TRBC2,True,True,CSARVGSEVNEQFF,TGCAGTGCTAGAGTGGGGTCGGAAGTCAATGAGCAGTTCTTC,1019,6,clonotype1,clonotype1_consensus_1
TTAGGCATCCTAGTGA-1,True,TTAGGCATCCTAGTGA-1_contig_1,True,509,TRA,TRAV25,None,TRAJ53,TRAC,True,True,CAGRSGGSNYKLTF,TGTGCAGGGAGAAGTGGAGGTAGCAACTATAAACTGACATTT,507,4,clonotype9,clonotype9_consensus_2
TTAGGCATCCTAGTGA-1,True,TTAGGCATCCTAGTGA-1_contig_2,True,491,TRB,TRBV20-1,None,TRBJ1-5,TRBC1,True,True,CSAIGQGAPSNQPQHF,TGCAGTGCTATCGGACAGGGGGCGCCGAGCAATCAGCCCCAGCATTTT,473,5,clonotype9,clonotype9_consensus_1
TTAGGCATCCTGCCAT-1,True,TTAGGCATCCTGCCAT-1_contig_1,True,518,TRB,TRBV20-1,None,TRBJ2-7,TRBC2,True,True,CSSSDRLHYEQYF,TGCAGTTCATCCGACAGGCTCCACTACGAGCAGTACTTC,5976,6,clonotype3606,clonotype3606_consensus_1
TTAGGCATCCTGCCAT-1,True,TTAGGCATCCTGCCAT-1_contig_2,True,440,TRA,TRAV39,None,None,TRAC,False,False,None,None,343,2,clonotype3606,None
TTAGGCATCGACCAGC-1,True,TTAGGCATCGACCAGC-1_contig_1,True,485,TRB,TRBV20-1,None,TRBJ2-1,TRBC2,True,True,CSARVGSEVNEQFF,TGCAGTGCTAGAGTGGGGTCGGAAGTCAATGAGCAGTTCTTC,783,7,clonotype2,clonotype2_consensus_1
TTAGGCATCGTGGTCG-1,True,TTAGGCATCGTGGTCG-1_contig_1,True,505,TRA,TRAV1-2,None,TRAJ33,TRAC,True,True,CAATDSNYQLIW,TGTGCTGCGACTGATAGCAACTATCAGTTAATCTGG,280,3,clonotype1,clonotype1_consensus_2
TTAGGCATCGTGGTCG-1,True,TTAGGCATCGTGGTCG-1_contig_2,True,518,TRB,TRBV20-1,None,TRBJ2-1,TRBC2,True,True,CSARVGSEVNEQFF,TGCAGTGCTAGAGTGGGGTCGGAAGTCAATGAGCAGTTCTTC,1425,11,clonotype1,clonotype1_consensus_1
TTAGGCATCTGATTCT-1,True,TTAGGCATCTGATTCT-1_contig_1,True,505,TRA,TRAV1-2,None,TRAJ33,TRAC,True,True,CAATDSNYQLIW,TGTGCTGCGACTGATAGCAACTATCAGTTAATCTGG,314,5,clonotype1,clonotype1_consensus_2
TTAGGCATCTGATTCT-1,True,TTAGGCATCTGATTCT-1_contig_2,True,495,TRB,TRBV20-1,None,TRBJ2-1,TRBC2,True,True,CSARVGSEVNEQFF,TGCAGTGCTAGAGTGGGGTCGGAAGTCAATGAGCAGTTCTTC,1391,9,clonotype1,clonotype1_consensus_1
TTAGGCATCTGTCTAT-1,True,TTAGGCATCTGTCTAT-1_contig_1,True,521,TRB,TRBV20-1,None,TRBJ2-1,TRBC2,True,True,CSARVGSEVNEQFF,TGCAGTGCTAGAGTGGGGTCGGAAGTCAATGAGCAGTTCTTC,2268,8,clonotype2,clonotype2_consensus_1
TTAGGCATCTGTCTAT-1,True,TTAGGCATCTGTCTAT-1_contig_2,True,502,TRA,TRAV10,None,TRAJ24,TRAC,True,False,None,None,838,5,clonotype2,None
TTAGGCATCTTTAGTC-1,True,TTAGGCATCTTTAGTC-1_contig_1,True,521,TRB,TRBV20-1,None,TRBJ2-1,TRBC2,True,True,CSARVGSEVNEQFF,TGCAGTGCTAGAGTGGGGTCGGAAGTCAATGAGCAGTTCTTC,1954,12,clonotype2,clonotype2_consensus_1
TTAGTTCAGCAGGTCA-1,True,TTAGTTCAGCAGGTCA-1_contig_1,True,518,TRB,TRBV20-1,None,TRBJ2-1,TRBC2,True,True,CSARVGSEVNEQFF,TGCAGTGCTAGAGTGGGGTCGGAAGTCAATGAGCAGTTCTTC,1773,9,clonotype2,clonotype2_consensus_1
TTAGTTCAGCGGATCA-1,True,TTAGTTCAGCGGATCA-1_contig_1,True,521,TRB,TRBV20-1,None,TRBJ2-2,TRBC2,True,True,CSARDMTGTGELFF,TGCAGTGCTAGAGATATGACAGGGACCGGGGAGCTGTTTTTT,838,5,clonotype326,clonotype326_consensus_1
TTAGTTCAGCGGATCA-1,True,TTAGTTCAGCGGATCA-1_contig_2,True,577,TRA,TRAV8-1,None,TRAJ8,TRAC,True,True,CAVTSSNTGFQKLVF,TGTGCCGTGACCTCATCGAACACAGGCTTTCAGAAACTTGTATTT,287,2,clonotype326,clonotype326_consensus_2
TTAGTTCAGGAGTACC-1,True,TTAGTTCAGGAGTACC-1_contig_1,True,491,TRB,TRBV20-1,None,TRBJ2-1,TRBC2,True,True,CSATRAYNEQFF,TGCAGTGCTACCAGGGCCTACAATGAGCAGTTCTTC,1184,7,clonotype3607,clonotype3607_consensus_1
TTAGTTCAGGAGTACC-1,True,TTAGTTCAGGAGTACC-1_contig_2,True,374,TRA,TRAV38-2/DV8,None,TRAJ52,TRAC,True,False,None,None,124,1,clonotype3607,None
TTAGTTCCACACTGCG-1,True,TTAGTTCCACACTGCG-1_contig_1,True,505,TRA,TRAV1-2,None,TRAJ33,TRAC,True,True,CAATDSNYQLIW,TGTGCTGCGACTGATAGCAACTATCAGTTAATCTGG,383,4,clonotype1,clonotype1_consensus_2
TTAGTTCCACACTGCG-1,True,TTAGTTCCACACTGCG-1_contig_2,True,521,TRB,TRBV20-1,None,TRBJ2-1,TRBC2,True,True,CSARVGSEVNEQFF,TGCAGTGCTAGAGTGGGGTCGGAAGTCAATGAGCAGTTCTTC,2326,8,clonotype1,clonotype1_consensus_1
TTAGTTCCACACTGCG-1,True,TTAGTTCCACACTGCG-1_contig_3,True,457,TRA,TRAV10,None,TRAJ24,TRAC,True,False,None,None,196,1,clonotype1,None
TTAGTTCCACTTAAGC-1,True,TTAGTTCCACTTAAGC-1_contig_1,True,488,TRA,TRAV36/DV7,None,TRAJ49,TRAC,True,True,CAVRGRNTGNQFYF,TGTGCTGTCCGAGGGAGGAACACCGGTAACCAGTTCTATTTT,346,3,clonotype3608,clonotype3608_consensus_2
TTAGTTCCACTTAAGC-1,True,TTAGTTCCACTTAAGC-1_contig_2,True,493,TRB,TRBV5-6,None,TRBJ1-2,TRBC1,True,True,CASSLWPGGDYGYTF,TGTGCCAGCAGCTTGTGGCCCGGGGGTGACTATGGCTACACCTTC,1432,7,clonotype3608,clonotype3608_consensus_1
TTAGTTCGTAAACACA-1,True,TTAGTTCGTAAACACA-1_contig_1,True,492,TRB,TRBV20-1,None,TRBJ1-2,TRBC1,True,True,CSVAQGSSYGYTF,TGCAGTGTCGCCCAGGGGTCGAGCTATGGCTACACCTTC,2154,9,clonotype3609,clonotype3609_consensus_1
TTAGTTCGTAAACACA-1,True,TTAGTTCGTAAACACA-1_contig_2,True,481,TRB,TRBV5-6,None,TRBJ2-7,TRBC2,True,True,CASSLAKEQYF,TGTGCCAGCAGCTTGGCAAAGGAGCAGTACTTC,335,3,clonotype3609,clonotype3609_consensus_3
TTAGTTCGTAAACACA-1,True,TTAGTTCGTAAACACA-1_contig_3,True,577,TRA,TRAV8-1,None,TRAJ42,TRAC,True,True,CAVTQGRGSQGNLIF,TGTGCCGTGACCCAGGGGCGAGGAAGCCAAGGAAATCTCATCTTT,229,3,clonotype3609,clonotype3609_consensus_2
TTAGTTCGTAAACACA-1,True,TTAGTTCGTAAACACA-1_contig_4,True,472,TRA,TRAV13-1,None,TRAJ27,TRAC,True,False,None,None,936,1,clonotype3609,None
TTAGTTCGTACTTAGC-1,True,TTAGTTCGTACTTAGC-1_contig_1,True,505,TRA,TRAV1-2,None,TRAJ33,TRAC,True,True,CAATDSNYQLIW,TGTGCTGCGACTGATAGCAACTATCAGTTAATCTGG,228,6,clonotype1,clonotype1_consensus_2
TTAGTTCGTACTTAGC-1,True,TTAGTTCGTACTTAGC-1_contig_2,True,498,TRB,TRBV20-1,None,TRBJ2-1,TRBC2,True,True,CSARVGSEVNEQFF,TGCAGTGCTAGAGTGGGGTCGGAAGTCAATGAGCAGTTCTTC,732,6,clonotype1,clonotype1_consensus_1
TTAGTTCGTCAAACTC-1,True,TTAGTTCGTCAAACTC-1_contig_1,True,505,TRA,TRAV1-2,None,TRAJ33,TRAC,True,True,CAATDSNYQLIW,TGTGCTGCGACTGATAGCAACTATCAGTTAATCTGG,1543,5,clonotype1,clonotype1_consensus_2
TTAGTTCGTCAAACTC-1,True,TTAGTTCGTCAAACTC-1_contig_2,True,521,TRB,TRBV20-1,None,TRBJ2-1,TRBC2,True,True,CSARVGSEVNEQFF,TGCAGTGCTAGAGTGGGGTCGGAAGTCAATGAGCAGTTCTTC,1377,11,clonotype1,clonotype1_consensus_1
TTAGTTCGTCCAACTA-1,True,TTAGTTCGTCCAACTA-1_contig_1,True,502,TRA,TRAV1-2,None,TRAJ30,TRAC,True,True,CAVRDLREIIF,TGTGCTGTGAGAGATCTTCGGGAGATCATCTTT,70,2,clonotype3,clonotype3_consensus_2
TTAGTTCGTCCAACTA-1,True,TTAGTTCGTCCAACTA-1_contig_2,True,703,TRB,TRBV5-5,None,TRBJ1-4,TRBC1,True,True,CASSHPGPNYATNEKLFF,TGTGCCAGCAGCCATCCCGGACCGAACTACGCAACTAATGAAAAACTGTTTTTT,462,4,clonotype3,clonotype3_consensus_1
TTAGTTCGTCGAATCT-1,True,TTAGTTCGTCGAATCT-1_contig_1,True,505,TRA,TRAV1-2,None,TRAJ33,TRAC,True,True,CAATDSNYQLIW,TGTGCTGCGACTGATAGCAACTATCAGTTAATCTGG,438,2,clonotype1,clonotype1_consensus_2
TTAGTTCGTCGAATCT-1,True,TTAGTTCGTCGAATCT-1_contig_2,True,473,TRB,TRBV20-1,None,TRBJ2-1,TRBC2,True,True,CSARVGSEVNEQFF,TGCAGTGCTAGAGTGGGGTCGGAAGTCAATGAGCAGTTCTTC,786,8,clonotype1,clonotype1_consensus_1
TTAGTTCGTCGAATCT-1,True,TTAGTTCGTCGAATCT-1_contig_3,True,465,TRA,TRAV10,None,TRAJ24,TRAC,True,False,None,None,277,2,clonotype1,None
TTAGTTCGTCGCATCG-1,True,TTAGTTCGTCGCATCG-1_contig_1,True,518,TRB,TRBV20-1,None,TRBJ2-4,TRBC2,True,True,CSARVGGKNIQYF,TGCAGTGCTAGGGTGGGGGGCAAAAACATTCAGTACTTC,2503,13,clonotype3610,clonotype3610_consensus_1
TTAGTTCGTCGCATCG-1,True,TTAGTTCGTCGCATCG-1_contig_2,True,504,TRA,TRAV12-3,None,TRAJ57,TRAC,True,True,CAMKVSQGGSEKLVF,TGTGCAATGAAAGTTTCTCAGGGCGGATCTGAAAAGCTGGTCTTT,370,4,clonotype3610,clonotype3610_consensus_2
TTAGTTCGTTGGTGGA-1,True,TTAGTTCGTTGGTGGA-1_contig_1,True,495,TRB,TRBV20-1,None,TRBJ2-1,TRBC2,True,True,CSARVGSEVNEQFF,TGCAGTGCTAGAGTGGGGTCGGAAGTCAATGAGCAGTTCTTC,547,8,clonotype2,clonotype2_consensus_1
TTAGTTCGTTTGGCGC-1,True,TTAGTTCGTTTGGCGC-1_contig_1,True,498,TRB,TRBV20-1,None,TRBJ2-1,TRBC2,True,True,CSARGYETYNEQFF,TGCAGTGCTAGGGGTTACGAAACCTACAATGAGCAGTTCTTC,1425,8,clonotype288,clonotype288_consensus_1
TTAGTTCTCACAATGC-1,True,TTAGTTCTCACAATGC-1_contig_1,True,505,TRA,TRAV1-2,None,TRAJ33,TRAC,True,True,CAATDSNYQLIW,TGTGCTGCGACTGATAGCAACTATCAGTTAATCTGG,1082,5,clonotype1,clonotype1_consensus_2
TTAGTTCTCACAATGC-1,True,TTAGTTCTCACAATGC-1_contig_2,True,521,TRB,TRBV20-1,None,TRBJ2-1,TRBC2,True,True,CSARVGSEVNEQFF,TGCAGTGCTAGAGTGGGGTCGGAAGTCAATGAGCAGTTCTTC,1600,11,clonotype1,clonotype1_consensus_1
TTAGTTCTCACAGGCC-1,True,TTAGTTCTCACAGGCC-1_contig_1,True,505,TRA,TRAV1-2,None,TRAJ33,TRAC,True,True,CAATDSNYQLIW,TGTGCTGCGACTGATAGCAACTATCAGTTAATCTGG,3273,11,clonotype1,clonotype1_consensus_2
TTAGTTCTCACAGGCC-1,True,TTAGTTCTCACAGGCC-1_contig_2,True,498,TRB,TRBV20-1,None,TRBJ2-1,TRBC2,True,True,CSARVGSEVNEQFF,TGCAGTGCTAGAGTGGGGTCGGAAGTCAATGAGCAGTTCTTC,1392,9,clonotype1,clonotype1_consensus_1
TTAGTTCTCGCTTAGA-1,True,TTAGTTCTCGCTTAGA-1_contig_1,True,462,TRA,TRAV13-1,None,TRAJ20,TRAC,True,True,CAATVRSNDYKLSF,TGTGCAGCAACCGTACGTTCTAACGACTACAAGCTCAGCTTT,894,4,clonotype3611,clonotype3611_consensus_1
TTAGTTCTCGCTTAGA-1,True,TTAGTTCTCGCTTAGA-1_contig_2,True,521,TRB,TRBV20-1,None,TRBJ2-3,TRBC2,True,True,CSASQVIRTDTQYF,TGCAGTGCTAGTCAGGTGATTCGAACAGATACGCAGTATTTT,2231,16,clonotype3611,clonotype3611_consensus_2
TTAGTTCTCGGAAACG-1,True,TTAGTTCTCGGAAACG-1_contig_1,True,505,TRA,TRAV1-2,None,TRAJ33,TRAC,True,True,CAATDSNYQLIW,TGTGCTGCGACTGATAGCAACTATCAGTTAATCTGG,152,2,clonotype1,clonotype1_consensus_2
TTAGTTCTCGGAAACG-1,True,TTAGTTCTCGGAAACG-1_contig_2,True,498,TRB,TRBV20-1,None,TRBJ2-1,TRBC2,True,True,CSARVGSEVNEQFF,TGCAGTGCTAGAGTGGGGTCGGAAGTCAATGAGCAGTTCTTC,900,9,clonotype1,clonotype1_consensus_1
TTAGTTCTCGGAAACG-1,True,TTAGTTCTCGGAAACG-1_contig_3,True,482,TRA,TRAV10,None,TRAJ24,TRAC,True,False,None,None,183,1,clonotype1,None
TTAGTTCTCTATCCTA-1,True,TTAGTTCTCTATCCTA-1_contig_1,True,524,TRB,TRBV20-1,None,TRBJ2-7,TRBC2,True,True,CSARDTQGGPYEQYF,TGCAGTGCTAGAGATACGCAGGGTGGCCCCTACGAGCAGTACTTC,685,7,clonotype3612,clonotype3612_consensus_1
TTAGTTCTCTATCCTA-1,True,TTAGTTCTCTATCCTA-1_contig_2,True,349,TRB,None,None,TRBJ1-5,TRBC1,False,False,None,None,595,4,clonotype3612,None
TTAGTTCTCTGGCGTG-1,True,TTAGTTCTCTGGCGTG-1_contig_1,True,466,TRA,TRAV10,None,TRAJ49,TRAC,True,True,CVVYGKYTGNQFYF,TGTGTGGTCTACGGAAAATACACCGGTAACCAGTTCTATTTT,547,3,clonotype3613,clonotype3613_consensus_2
TTAGTTCTCTGGCGTG-1,True,TTAGTTCTCTGGCGTG-1_contig_2,True,512,TRB,TRBV20-1,None,TRBJ2-1,TRBC2,True,True,CSATRRDEQFF,TGCAGTGCCACGAGGAGAGATGAGCAGTTCTTC,2201,14,clonotype3613,clonotype3613_consensus_1
TTAGTTCTCTTTAGGG-1,True,TTAGTTCTCTTTAGGG-1_contig_1,True,530,TRB,TRBV20-1,None,TRBJ2-6,TRBC2,True,True,CSAGTSGPLSGANVLTF,TGCAGTGCTGGGACTAGCGGGCCGCTCTCTGGGGCCAACGTCCTGACTTTC,1204,7,clonotype3614,clonotype3614_consensus_1
TTAGTTCTCTTTAGGG-1,True,TTAGTTCTCTTTAGGG-1_contig_2,True,504,TRB,TRBV7-3,None,TRBJ1-2,TRBC1,True,False,CQQLSPQGPRDGYTF,TGCCAGCAGCTGAGCCCCCAGGGGCCCAGGGATGGCTACACCTTC,379,5,clonotype3614,None
TTAGTTCTCTTTAGGG-1,True,TTAGTTCTCTTTAGGG-1_contig_3,True,379,TRA,TRAV3,None,None,TRAC,False,False,None,None,445,3,clonotype3614,None
TTAGTTCTCTTTCCTC-1,True,TTAGTTCTCTTTCCTC-1_contig_1,True,505,TRA,TRAV1-2,None,TRAJ33,TRAC,True,True,CAATDSNYQLIW,TGTGCTGCGACTGATAGCAACTATCAGTTAATCTGG,350,2,clonotype1,clonotype1_consensus_2
TTAGTTCTCTTTCCTC-1,True,TTAGTTCTCTTTCCTC-1_contig_2,True,521,TRB,TRBV20-1,None,TRBJ2-1,TRBC2,True,True,CSARVGSEVNEQFF,TGCAGTGCTAGAGTGGGGTCGGAAGTCAATGAGCAGTTCTTC,441,4,clonotype1,clonotype1_consensus_1
TTAGTTCTCTTTCCTC-1,True,TTAGTTCTCTTTCCTC-1_contig_3,True,482,TRA,TRAV10,None,TRAJ24,TRAC,True,False,None,None,395,3,clonotype1,None
TTATGCTAGAAGGGTA-1,True,TTATGCTAGAAGGGTA-1_contig_1,True,455,TRA,TRAV2,None,TRAJ10,TRAC,True,True,CAVGVTGGGNKLTF,TGTGCTGTGGGGGTCACGGGAGGAGGAAACAAACTCACCTTT,1860,2,clonotype3615,clonotype3615_consensus_1
TTATGCTAGAAGGGTA-1,True,TTATGCTAGAAGGGTA-1_contig_2,True,530,TRB,TRBV20-1,None,TRBJ2-1,TRBC2,True,True,CSARVVGGRSSYNEQFF,TGCAGTGCTAGAGTAGTCGGGGGGCGAAGCTCCTACAATGAGCAGTTCTTC,1557,10,clonotype3615,clonotype3615_consensus_2
TTATGCTAGACAAGCC-1,True,TTATGCTAGACAAGCC-1_contig_1,True,527,TRB,TRBV20-1,None,TRBJ2-3,TRBC2,True,True,CSARVLAGGPGDTQYF,TGCAGTGCTAGAGTACTAGCGGGGGGGCCGGGAGATACGCAGTATTTT,1560,10,clonotype3616,clonotype3616_consensus_1
TTATGCTAGACAAGCC-1,True,TTATGCTAGACAAGCC-1_contig_2,True,564,TRA,TRAV8-4,None,TRAJ49,TRAC,True,True,CAVSGTGNQFYF,TGTGCTGTGAGTGGCACCGGTAACCAGTTCTATTTT,581,6,clonotype3616,clonotype3616_consensus_2
TTATGCTAGGAATTAC-1,True,TTATGCTAGGAATTAC-1_contig_1,True,503,TRA,TRAV38-2/DV8,None,TRAJ58,TRAC,True,True,CAYRSAPGETSGSRLTF,TGTGCTTATAGGAGCGCGCCAGGGGAAACCAGTGGCTCTAGGTTGACCTTT,585,4,clonotype3617,clonotype3617_consensus_2
TTATGCTAGGAATTAC-1,True,TTATGCTAGGAATTAC-1_contig_2,True,483,TRB,TRBV5-6,None,TRBJ2-7,TRBC2,True,True,CASSLRTVSYEQYF,TGTGCCAGCAGCCTGCGGACTGTCTCCTACGAGCAGTACTTC,1259,7,clonotype3617,clonotype3617_consensus_1
TTATGCTAGTCGAGTG-1,True,TTATGCTAGTCGAGTG-1_contig_1,True,515,TRB,TRBV20-1,None,TRBJ2-5,TRBC2,True,True,CSASSGAEETQYF,TGCAGTGCGAGCTCGGGGGCCGAAGAGACCCAGTACTTC,1468,9,clonotype3618,clonotype3618_consensus_1
TTATGCTAGTCGAGTG-1,True,TTATGCTAGTCGAGTG-1_contig_2,True,515,TRA,TRAV21,None,TRAJ18,TRAC,True,True,CAVRGSTLGRLYF,TGTGCTGTGAGGGGCTCAACCCTGGGGAGGCTATACTTT,657,4,clonotype3618,clonotype3618_consensus_2
TTATGCTCAAAGGAAG-1,True,TTATGCTCAAAGGAAG-1_contig_1,True,573,TRA,TRAV8-4,None,TRAJ52,TRAC,True,True,CAVRTGGTSYGKLTF,TGTGCTGTGAGGACTGGTGGTACTAGCTATGGAAAGCTGACATTT,753,2,clonotype3619,clonotype3619_consensus_1
TTATGCTCAAAGGAAG-1,True,TTATGCTCAAAGGAAG-1_contig_2,True,527,TRB,TRBV20-1,None,TRBJ2-7,TRBC2,True,True,CSARDGTSGGGREQYF,TGCAGTGCTAGAGATGGAACTAGCGGGGGAGGTAGGGAGCAGTACTTC,1132,9,clonotype3619,clonotype3619_consensus_2
TTATGCTCAAGCGCTC-1,True,TTATGCTCAAGCGCTC-1_contig_1,True,573,TRA,TRAV8-4,None,TRAJ28,TRAC,True,True,CAVSEAGAGSYQLTF,TGTGCTGTGAGTGAAGCTGGGGCTGGGAGTTACCAACTCACTTTC,484,2,clonotype3620,clonotype3620_consensus_1
TTATGCTCAAGCGCTC-1,True,TTATGCTCAAGCGCTC-1_contig_2,True,512,TRA,TRAV13-2,None,TRAJ27,TRAC,True,True,CAEPLESNAGKSTF,TGTGCAGAGCCCCTAGAGAGCAATGCAGGCAAATCAACCTTT,398,1,clonotype3620,clonotype3620_consensus_2
TTATGCTCAAGCGCTC-1,True,TTATGCTCAAGCGCTC-1_contig_3,True,524,TRB,TRBV20-1,None,TRBJ2-3,TRBC2,True,True,CSAPRLAGGTDTQYF,TGCAGTGCTCCCCGACTAGCGGGGGGCACAGATACGCAGTATTTT,1270,11,clonotype3620,clonotype3620_consensus_3
TTATGCTCACAGCGTC-1,True,TTATGCTCACAGCGTC-1_contig_1,True,521,TRB,TRBV20-1,None,TRBJ2-1,TRBC2,True,True,CSARVGSEVNEQFF,TGCAGTGCTAGAGTGGGGTCGGAAGTCAATGAGCAGTTCTTC,549,5,clonotype2,clonotype2_consensus_1
TTATGCTCAGACACTT-1,True,TTATGCTCAGACACTT-1_contig_1,True,718,TRB,TRBV5-6,None,TRBJ2-6,TRBC2,True,True,CASSLSPGSSGANVLTF,TGTGCCAGCAGCTTGTCCCCAGGCAGCTCTGGGGCCAACGTCCTGACTTTC,1525,9,clonotype3621,clonotype3621_consensus_1
TTATGCTCAGCGTAAG-1,True,TTATGCTCAGCGTAAG-1_contig_1,True,505,TRA,TRAV1-2,None,TRAJ33,TRAC,True,True,CAATDSNYQLIW,TGTGCTGCGACTGATAGCAACTATCAGTTAATCTGG,361,2,clonotype1,clonotype1_consensus_2
TTATGCTCAGCGTAAG-1,True,TTATGCTCAGCGTAAG-1_contig_2,True,497,TRB,TRBV20-1,None,TRBJ2-1,TRBC2,True,True,CSARVGSEVNEQFF,TGCAGTGCTAGAGTGGGGTCGGAAGTCAATGAGCAGTTCTTC,571,7,clonotype1,clonotype1_consensus_1
TTATGCTCAGCGTAAG-1,True,TTATGCTCAGCGTAAG-1_contig_3,True,457,TRA,TRAV10,None,TRAJ24,TRAC,True,False,None,None,247,1,clonotype1,None
TTATGCTCATATGCTG-1,True,TTATGCTCATATGCTG-1_contig_1,True,505,TRA,TRAV1-2,None,TRAJ33,TRAC,True,True,CAATDSNYQLIW,TGTGCTGCGACTGATAGCAACTATCAGTTAATCTGG,762,3,clonotype1,clonotype1_consensus_2
TTATGCTCATATGCTG-1,True,TTATGCTCATATGCTG-1_contig_2,True,498,TRB,TRBV20-1,None,TRBJ2-1,TRBC2,True,True,CSARVGSEVNEQFF,TGCAGTGCTAGAGTGGGGTCGGAAGTCAATGAGCAGTTCTTC,643,5,clonotype1,clonotype1_consensus_1
TTATGCTCATGAACCT-1,True,TTATGCTCATGAACCT-1_contig_1,True,505,TRA,TRAV1-2,None,TRAJ33,TRAC,True,True,CAATDSNYQLIW,TGTGCTGCGACTGATAGCAACTATCAGTTAATCTGG,3822,7,clonotype1,clonotype1_consensus_2
TTATGCTCATGAACCT-1,True,TTATGCTCATGAACCT-1_contig_2,True,497,TRB,TRBV20-1,None,TRBJ2-1,TRBC2,True,True,CSARVGSEVNEQFF,TGCAGTGCTAGAGTGGGGTCGGAAGTCAATGAGCAGTTCTTC,1493,4,clonotype1,clonotype1_consensus_1
TTATGCTCATGGAATA-1,True,TTATGCTCATGGAATA-1_contig_1,True,714,TRB,TRBV5-5,None,TRBJ2-3,TRBC2,True,True,CASSLGRGTSTDTQYF,TGTGCCAGCAGCTTGGGCCGGGGGACGAGCACAGATACGCAGTATTTT,1192,7,clonotype3622,clonotype3622_consensus_1
TTATGCTCATGGAATA-1,True,TTATGCTCATGGAATA-1_contig_2,True,506,TRA,TRAV13-2,None,TRAJ50,TRAC,True,True,CAESTSYDKVIF,TGTGCAGAGAGCACCTCCTACGACAAGGTGATATTT,2436,4,clonotype3622,clonotype3622_consensus_2
TTATGCTGTAACGTTC-1,True,TTATGCTGTAACGTTC-1_contig_1,True,521,TRB,TRBV20-1,None,TRBJ2-1,TRBC2,True,True,CSARVGSEVNEQFF,TGCAGTGCTAGAGTGGGGTCGGAAGTCAATGAGCAGTTCTTC,1478,12,clonotype2,clonotype2_consensus_1
TTATGCTGTAACGTTC-1,True,TTATGCTGTAACGTTC-1_contig_2,True,355,TRA,TRAV1-2,None,TRAJ33,TRAC,True,False,CAATDSNYQLIW,TGTGCTGCGACTGATAGCAACTATCAGTTAATCTGG,101,2,clonotype2,None
TTATGCTGTAACGTTC-1,True,TTATGCTGTAACGTTC-1_contig_3,True,467,TRA,TRAV10,None,TRAJ24,TRAC,True,False,None,None,230,2,clonotype2,None
TTATGCTGTAAGGATT-1,True,TTATGCTGTAAGGATT-1_contig_1,True,657,TRB,TRBV5-6,None,TRBJ2-7,TRBC2,True,True,CASSSGTGAEQYF,TGTGCCAGCAGCTCCGGGACAGGGGCCGAGCAGTACTTC,2940,5,clonotype3623,clonotype3623_consensus_1
TTATGCTGTAAGGATT-1,True,TTATGCTGTAAGGATT-1_contig_2,True,621,TRA,TRAV3,None,TRAJ11,TRAC,True,True,CAVRDPNSGYSTLTF,TGTGCTGTGAGAGACCCGAATTCAGGATACAGCACCCTCACCTTT,438,3,clonotype3623,clonotype3623_consensus_2
TTATGCTGTAAGGATT-1,True,TTATGCTGTAAGGATT-1_contig_3,True,544,TRA,TRAV2,None,TRAJ4,TRAC,True,False,None,None,330,3,clonotype3623,None
TTATGCTGTAATCGTC-1,True,TTATGCTGTAATCGTC-1_contig_1,True,505,TRA,TRAV1-2,None,TRAJ33,TRAC,True,True,CAATDSNYQLIW,TGTGCTGCGACTGATAGCAACTATCAGTTAATCTGG,1156,3,clonotype1,clonotype1_consensus_2
TTATGCTGTAATCGTC-1,True,TTATGCTGTAATCGTC-1_contig_2,True,498,TRB,TRBV20-1,None,TRBJ2-1,TRBC2,True,True,CSARVGSEVNEQFF,TGCAGTGCTAGAGTGGGGTCGGAAGTCAATGAGCAGTTCTTC,548,6,clonotype1,clonotype1_consensus_1
TTATGCTGTAGAAGGA-1,True,TTATGCTGTAGAAGGA-1_contig_1,True,505,TRA,TRAV1-2,None,TRAJ33,TRAC,True,True,CAATDSNYQLIW,TGTGCTGCGACTGATAGCAACTATCAGTTAATCTGG,222,2,clonotype1,clonotype1_consensus_2
TTATGCTGTAGAAGGA-1,True,TTATGCTGTAGAAGGA-1_contig_2,True,521,TRB,TRBV20-1,None,TRBJ2-1,TRBC2,True,True,CSARVGSEVNEQFF,TGCAGTGCTAGAGTGGGGTCGGAAGTCAATGAGCAGTTCTTC,1216,10,clonotype1,clonotype1_consensus_1
TTATGCTGTAGAAGGA-1,True,TTATGCTGTAGAAGGA-1_contig_3,True,457,TRA,TRAV10,None,TRAJ24,TRAC,True,False,None,None,1117,4,clonotype1,None
TTATGCTGTCAAAGCG-1,True,TTATGCTGTCAAAGCG-1_contig_1,True,524,TRB,TRBV20-1,None,TRBJ1-1,TRBC1,True,True,CSVTKRAQLNTEAFF,TGCAGTGTCACCAAACGGGCCCAACTGAACACTGAAGCTTTCTTT,1258,7,clonotype3624,clonotype3624_consensus_1
TTATGCTGTCAAAGCG-1,True,TTATGCTGTCAAAGCG-1_contig_2,True,487,TRB,None,None,TRBJ2-2P,TRBC2,False,False,None,None,509,3,clonotype3624,None
TTATGCTGTCATCGGC-1,True,TTATGCTGTCATCGGC-1_contig_1,True,662,TRB,TRBV5-6,None,TRBJ1-5,TRBC1,True,True,CASRRWDRVNQPQHF,TGTGCCAGCAGGAGATGGGACAGGGTGAATCAGCCCCAGCATTTT,2243,11,clonotype3625,clonotype3625_consensus_1
TTATGCTGTCATCGGC-1,True,TTATGCTGTCATCGGC-1_contig_2,True,305,TRB,None,None,TRBJ2-1,TRBC2,False,False,None,None,316,3,clonotype3625,None
TTATGCTGTCATCGGC-1,True,TTATGCTGTCATCGGC-1_contig_3,True,386,TRB,None,None,TRBJ1-3,TRBC1,False,False,None,None,305,2,clonotype3625,None
TTATGCTGTCTTGATG-1,True,TTATGCTGTCTTGATG-1_contig_1,True,508,TRA,TRAV20,None,TRAJ24,TRAC,True,True,CAVMTTDSWGKFQF,TGTGCTGTTATGACAACTGACAGCTGGGGGAAATTCCAGTTT,1697,13,clonotype3626,clonotype3626_consensus_4
TTATGCTGTCTTGATG-1,True,TTATGCTGTCTTGATG-1_contig_2,True,459,TRA,TRAV13-1,None,TRAJ30,TRAC,True,True,CAGIMNRDDKIIF,TGTGCGGGTATCATGAACAGAGATGACAAGATCATCTTT,316,3,clonotype3626,clonotype3626_consensus_3
TTATGCTGTCTTGATG-1,True,TTATGCTGTCTTGATG-1_contig_3,True,490,TRB,TRBV5-5,None,TRBJ2-7,TRBC2,True,True,CASSSLVEQGAYEQYF,TGTGCCAGCAGCTCGCTCGTAGAGCAGGGGGCCTACGAGCAGTACTTC,1778,12,clonotype3626,clonotype3626_consensus_2
TTATGCTGTCTTGATG-1,True,TTATGCTGTCTTGATG-1_contig_4,True,759,TRB,TRBV5-6,None,TRBJ1-1,TRBC1,True,True,CASSFGTGNTEAFF,TGTGCCAGCAGCTTTGGGACAGGGAACACTGAAGCTTTCTTT,1605,8,clonotype3626,clonotype3626_consensus_1
TTATGCTGTTTGGCGC-1,True,TTATGCTGTTTGGCGC-1_contig_1,True,604,TRA,TRAV12-1,None,TRAJ9,TRAC,True,True,CVVTRNTGGFKTIF,TGTGTGGTGACACGAAATACTGGAGGCTTCAAAACTATCTTT,1918,11,clonotype5,clonotype5_consensus_2
TTATGCTGTTTGGCGC-1,True,TTATGCTGTTTGGCGC-1_contig_2,True,533,TRB,TRBV20-1,None,TRBJ1-5,TRBC1,True,True,CSARDDNRAKSFNQPQHF,TGCAGTGCTAGAGACGACAACCGGGCCAAATCCTTCAATCAGCCCCAGCATTTT,1823,10,clonotype5,clonotype5_consensus_1
TTATGCTGTTTGGCGC-1,True,TTATGCTGTTTGGCGC-1_contig_3,True,435,TRA,TRAV29/DV5,None,TRAJ11,None,True,False,CSSNSGYSTLTF,TGCAGCTCCAATTCAGGATACAGCACCCTCACCTTT,21,1,clonotype5,None
TTATGCTTCAATCTCT-1,True,TTATGCTTCAATCTCT-1_contig_1,True,456,TRA,TRAV13-1,None,TRAJ52,TRAC,True,True,CAASTSYGKLTF,TGTGCAGCAAGTACTAGCTATGGAAAGCTGACATTT,724,11,clonotype3627,clonotype3627_consensus_2
TTATGCTTCAATCTCT-1,True,TTATGCTTCAATCTCT-1_contig_2,True,521,TRB,TRBV20-1,None,TRBJ2-7,TRBC2,True,True,CSARDLDRGNEQYF,TGCAGTGCTAGGGATCTGGACAGGGGAAACGAGCAGTACTTC,1295,12,clonotype3627,clonotype3627_consensus_1
TTATGCTTCGAATGGG-1,True,TTATGCTTCGAATGGG-1_contig_1,True,505,TRA,TRAV1-2,None,TRAJ33,TRAC,True,True,CAATDSNYQLIW,TGTGCTGCGACTGATAGCAACTATCAGTTAATCTGG,542,5,clonotype1,clonotype1_consensus_2
TTATGCTTCGAATGGG-1,True,TTATGCTTCGAATGGG-1_contig_2,True,514,TRB,TRBV20-1,None,TRBJ2-1,TRBC2,True,True,CSARVGSEVNEQFF,TGCAGTGCTAGAGTGGGGTCGGAAGTCAATGAGCAGTTCTTC,882,4,clonotype1,clonotype1_consensus_1
TTATGCTTCGAGCCCA-1,True,TTATGCTTCGAGCCCA-1_contig_1,True,515,TRB,TRBV20-1,None,TRBJ2-2,TRBC2,True,True,CSATRGIGELFF,TGCAGTGCTACTAGAGGAATCGGGGAGCTGTTTTTT,1848,11,clonotype3628,clonotype3628_consensus_1
TTATGCTTCGTGGTCG-1,True,TTATGCTTCGTGGTCG-1_contig_1,True,524,TRB,TRBV20-1,None,TRBJ1-6,TRBC1,True,True,CSASTGFRVGSPLHF,TGCAGTGCTAGTACCGGGTTCAGGGTTGGTTCACCCCTCCACTTT,1143,7,clonotype3629,clonotype3629_consensus_2
TTATGCTTCGTGGTCG-1,True,TTATGCTTCGTGGTCG-1_contig_2,True,511,TRA,TRAV29/DV5,None,TRAJ17,TRAC,True,True,CAASEAAGNKLTF,TGTGCAGCAAGCGAAGCTGCAGGCAACAAGCTAACTTTT,1341,7,clonotype3629,clonotype3629_consensus_1
TTATGCTTCTAACCGA-1,True,TTATGCTTCTAACCGA-1_contig_1,True,577,TRA,TRAV26-1,None,TRAJ34,TRAC,True,True,CIVRVAWNTDKLIF,TGCATCGTCAGAGTCGCATGGAACACCGACAAGCTCATCTTT,1107,4,clonotype3630,clonotype3630_consensus_1
TTATGCTTCTAACCGA-1,True,TTATGCTTCTAACCGA-1_contig_2,True,503,TRB,TRBV20-1,None,TRBJ2-2,TRBC2,True,True,CSAPWDERGYTGELFF,TGCAGTGCCCCATGGGATGAGCGGGGGTACACCGGGGAGCTGTTTTTT,1588,7,clonotype3630,clonotype3630_consensus_2
TTATGCTTCTAACCGA-1,True,TTATGCTTCTAACCGA-1_contig_3,True,356,TRB,None,None,TRBJ2-1,TRBC2,False,False,None,None,75,2,clonotype3630,None
TTATGCTTCTTCCTTC-1,True,TTATGCTTCTTCCTTC-1_contig_1,True,521,TRB,TRBV20-1,None,TRBJ2-1,TRBC2,True,True,CSARVGSEVNEQFF,TGCAGTGCTAGAGTGGGGTCGGAAGTCAATGAGCAGTTCTTC,453,4,clonotype2,clonotype2_consensus_1
TTATGCTTCTTCCTTC-1,True,TTATGCTTCTTCCTTC-1_contig_2,True,373,TRB,None,None,TRBJ1-4,TRBC1,False,False,None,None,60,3,clonotype2,None
TTCCCAGAGACTAGGC-1,True,TTCCCAGAGACTAGGC-1_contig_1,True,505,TRA,TRAV1-2,None,TRAJ33,TRAC,True,True,CAATDSNYQLIW,TGTGCTGCGACTGATAGCAACTATCAGTTAATCTGG,776,2,clonotype1,clonotype1_consensus_2
TTCCCAGAGACTAGGC-1,True,TTCCCAGAGACTAGGC-1_contig_2,True,498,TRB,TRBV20-1,None,TRBJ2-1,TRBC2,True,True,CSARVGSEVNEQFF,TGCAGTGCTAGAGTGGGGTCGGAAGTCAATGAGCAGTTCTTC,366,7,clonotype1,clonotype1_consensus_1
TTCCCAGAGACTAGGC-1,True,TTCCCAGAGACTAGGC-1_contig_3,True,557,TRA,TRAV10,None,TRAJ24,TRAC,True,False,None,None,103,1,clonotype1,None
TTCCCAGAGAGCCCAA-1,True,TTCCCAGAGAGCCCAA-1_contig_1,True,498,TRB,TRBV20-1,None,TRBJ2-3,TRBC2,True,True,CSAPLRGLQVTQYF,TGCAGTGCCCCTCTGAGGGGCCTCCAAGTCACGCAGTATTTT,924,10,clonotype3631,clonotype3631_consensus_1
TTCCCAGAGCCGCCTA-1,True,TTCCCAGAGCCGCCTA-1_contig_1,True,524,TRB,TRBV20-1,None,TRBJ1-2,TRBC1,True,True,CSARGPNLRVGGYTF,TGCAGTGCTAGAGGTCCTAATCTCAGGGTCGGTGGCTACACCTTC,736,6,clonotype149,clonotype149_consensus_1
TTCCCAGAGCCGCCTA-1,True,TTCCCAGAGCCGCCTA-1_contig_2,True,493,TRA,TRAV13-2,None,TRAJ23,TRAC,True,False,None,None,799,3,clonotype149,None
TTCCCAGAGCTCAACT-1,True,TTCCCAGAGCTCAACT-1_contig_1,True,524,TRB,TRBV20-1,None,TRBJ1-4,TRBC1,True,True,CSAPDRATTNEKLFF,TGCAGTGCTCCGGACAGGGCGACAACTAATGAAAAACTGTTTTTT,3146,14,clonotype3632,clonotype3632_consensus_2
TTCCCAGAGCTCAACT-1,True,TTCCCAGAGCTCAACT-1_contig_2,True,567,TRA,TRAV8-4,None,TRAJ40,TRAC,True,True,CAVSAPGTYKYIF,TGTGCTGTGAGTGCCCCAGGAACCTACAAATACATCTTT,518,3,clonotype3632,clonotype3632_consensus_1
TTCCCAGAGCTCAACT-1,True,TTCCCAGAGCTCAACT-1_contig_3,True,554,TRA,TRAV22,None,TRAJ26,TRAC,True,False,None,None,378,3,clonotype3632,None
TTCCCAGAGCTCCTCT-1,True,TTCCCAGAGCTCCTCT-1_contig_1,True,505,TRA,TRAV1-2,None,TRAJ33,TRAC,True,True,CAATDSNYQLIW,TGTGCTGCGACTGATAGCAACTATCAGTTAATCTGG,46,1,clonotype1,clonotype1_consensus_2
TTCCCAGAGCTCCTCT-1,True,TTCCCAGAGCTCCTCT-1_contig_2,True,521,TRB,TRBV20-1,None,TRBJ2-1,TRBC2,True,True,CSARVGSEVNEQFF,TGCAGTGCTAGAGTGGGGTCGGAAGTCAATGAGCAGTTCTTC,1637,6,clonotype1,clonotype1_consensus_1
TTCCCAGAGCTCCTCT-1,True,TTCCCAGAGCTCCTCT-1_contig_3,True,482,TRA,TRAV10,None,TRAJ24,TRAC,True,False,None,None,659,2,clonotype1,None
TTCCCAGAGCTCCTCT-1,True,TTCCCAGAGCTCCTCT-1_contig_4,True,519,TRB,None,None,TRBJ2-5,TRBC2,False,False,None,None,354,2,clonotype1,None
TTCCCAGAGGCAAAGA-1,True,TTCCCAGAGGCAAAGA-1_contig_1,True,508,TRA,TRAV20,None,TRAJ24,TRAC,True,True,CAVMTTDSWGKFQF,TGTGCTGTTATGACAACTGACAGCTGGGGGAAATTCCAGTTT,359,5,clonotype86,clonotype86_consensus_1
TTCCCAGAGGCAAAGA-1,True,TTCCCAGAGGCAAAGA-1_contig_2,True,334,TRB,None,None,TRBJ1-6,TRBC1,False,False,None,None,391,4,clonotype86,None
TTCCCAGAGGCGTACA-1,True,TTCCCAGAGGCGTACA-1_contig_1,True,527,TRB,TRBV20-1,None,TRBJ1-4,TRBC1,True,True,CSAPNRARGANEKLFF,TGCAGTGCTCCCAACAGGGCCCGGGGGGCTAATGAAAAACTGTTTTTT,1927,8,clonotype3633,clonotype3633_consensus_1
TTCCCAGAGGCGTACA-1,True,TTCCCAGAGGCGTACA-1_contig_2,True,478,TRA,TRAV10,None,TRAJ40,TRAC,True,True,CVVITSGTYKYIF,TGTGTGGTGATAACCTCAGGAACCTACAAATACATCTTT,1038,5,clonotype3633,clonotype3633_consensus_2
TTCCCAGAGGGTATCG-1,True,TTCCCAGAGGGTATCG-1_contig_1,True,482,TRB,TRBV5-5,None,TRBJ2-7,TRBC2,True,True,CASSLMDRAYEQYF,TGTGCCAGCAGCTTGATGGACAGAGCTTACGAGCAGTACTTC,1660,7,clonotype3634,clonotype3634_consensus_1
TTCCCAGAGGGTATCG-1,True,TTCCCAGAGGGTATCG-1_contig_2,True,489,TRB,TRBV21-1,None,TRBJ2-7,TRBC2,True,False,CQQQECRVHEQYF,TGCCAGCAGCAAGAGTGCAGGGTCCACGAGCAGTACTTC,346,2,clonotype3634,None
TTCCCAGCAAAGGTGC-1,True,TTCCCAGCAAAGGTGC-1_contig_1,True,521,TRB,TRBV20-1,None,TRBJ2-1,TRBC2,True,True,CSARVGSEVNEQFF,TGCAGTGCTAGAGTGGGGTCGGAAGTCAATGAGCAGTTCTTC,1291,9,clonotype2,clonotype2_consensus_1
TTCCCAGCAAAGGTGC-1,True,TTCCCAGCAAAGGTGC-1_contig_2,True,462,TRA,TRAV10,None,TRAJ24,TRAC,True,False,None,None,208,2,clonotype2,None
TTCCCAGCAATCCAAC-1,True,TTCCCAGCAATCCAAC-1_contig_1,True,573,TRA,TRAV19,None,TRAJ53,TRAC,True,True,CALSEARNGGSNYKLTF,TGTGCTCTGAGTGAGGCGAGAAATGGAGGTAGCAACTATAAACTGACATTT,236,3,clonotype3635,clonotype3635_consensus_1
TTCCCAGCAATCCAAC-1,True,TTCCCAGCAATCCAAC-1_contig_2,True,663,TRB,TRBV5-6,None,TRBJ2-7,TRBC2,True,True,CASSLLGGPSYEQYF,TGTGCCAGCAGCTTGTTGGGGGGACCCAGCTACGAGCAGTACTTC,390,4,clonotype3635,clonotype3635_consensus_2
TTCCCAGCACACATGT-1,True,TTCCCAGCACACATGT-1_contig_1,True,521,TRB,TRBV20-1,None,TRBJ2-5,TRBC2,True,True,CSAPTSGGLETQYF,TGCAGTGCTCCGACTAGCGGGGGCTTGGAGACCCAGTACTTC,1101,8,clonotype3636,clonotype3636_consensus_2
TTCCCAGCACACATGT-1,True,TTCCCAGCACACATGT-1_contig_2,True,498,TRA,TRAV12-3,None,TRAJ21,TRAC,True,True,CAMSEGNFNKFYF,TGTGCAATGAGCGAGGGAAACTTCAACAAATTTTACTTT,496,4,clonotype3636,clonotype3636_consensus_1
TTCCCAGCACAGCGTC-1,True,TTCCCAGCACAGCGTC-1_contig_1,True,505,TRA,TRAV1-2,None,TRAJ33,TRAC,True,True,CAATDSNYQLIW,TGTGCTGCGACTGATAGCAACTATCAGTTAATCTGG,489,3,clonotype1,clonotype1_consensus_2
TTCCCAGCACAGCGTC-1,True,TTCCCAGCACAGCGTC-1_contig_2,True,492,TRB,TRBV20-1,None,TRBJ2-1,TRBC2,True,True,CSARVGSEVNEQFF,TGCAGTGCTAGAGTGGGGTCGGAAGTCAATGAGCAGTTCTTC,362,4,clonotype1,clonotype1_consensus_1
TTCCCAGCACCCATTC-1,True,TTCCCAGCACCCATTC-1_contig_1,True,515,TRB,TRBV20-1,None,TRBJ2-7,TRBC2,True,True,CSANSGGYEQYF,TGCAGTGCTAATAGCGGGGGCTACGAGCAGTACTTC,2417,12,clonotype3637,clonotype3637_consensus_1
TTCCCAGCACCCATTC-1,True,TTCCCAGCACCCATTC-1_contig_2,True,564,TRA,TRAV26-1,None,TRAJ44,TRAC,True,True,CIARPTGTASKLTF,TGCATCGCCCGACCTACCGGCACTGCCAGTAAACTCACCTTT,889,5,clonotype3637,clonotype3637_consensus_2
TTCCCAGCACTGCCAG-1,True,TTCCCAGCACTGCCAG-1_contig_1,True,518,TRB,TRBV20-1,None,TRBJ1-1,TRBC1,True,True,CSARVGQNTEAFF,TGCAGTGCTAGAGTAGGACAGAACACTGAAGCTTTCTTT,1940,8,clonotype3638,clonotype3638_consensus_1
TTCCCAGCACTGCCAG-1,True,TTCCCAGCACTGCCAG-1_contig_2,True,505,TRA,TRAV17,None,TRAJ54,TRAC,True,True,CAPKQGAQKLVF,TGTGCTCCCAAGCAGGGAGCCCAGAAGCTGGTATTT,271,2,clonotype3638,clonotype3638_consensus_2
TTCCCAGCACTGCCAG-1,True,TTCCCAGCACTGCCAG-1_contig_3,True,408,TRA,None,None,TRAJ52,TRAC,False,False,None,None,179,1,clonotype3638,None
TTCCCAGCAGATGAGC-1,True,TTCCCAGCAGATGAGC-1_contig_1,True,492,TRB,TRBV20-1,None,TRBJ2-1,TRBC2,True,True,CSARVGSEVNEQFF,TGCAGTGCTAGAGTGGGGTCGGAAGTCAATGAGCAGTTCTTC,3515,5,clonotype2,clonotype2_consensus_1
TTCCCAGCAGCATGAG-1,True,TTCCCAGCAGCATGAG-1_contig_1,True,505,TRA,TRAV1-2,None,TRAJ33,TRAC,True,True,CAATDSNYQLIW,TGTGCTGCGACTGATAGCAACTATCAGTTAATCTGG,179,1,clonotype1,clonotype1_consensus_2
TTCCCAGCAGCATGAG-1,True,TTCCCAGCAGCATGAG-1_contig_2,True,479,TRB,TRBV20-1,None,TRBJ2-1,TRBC2,True,True,CSARVGSEVNEQFF,TGCAGTGCTAGAGTGGGGTCGGAAGTCAATGAGCAGTTCTTC,1110,6,clonotype1,clonotype1_consensus_1
TTCCCAGCAGCATGAG-1,True,TTCCCAGCAGCATGAG-1_contig_3,True,465,TRA,TRAV10,None,TRAJ24,TRAC,True,False,None,None,6655,3,clonotype1,None
TTCCCAGCAGTAAGAT-1,True,TTCCCAGCAGTAAGAT-1_contig_1,True,662,TRB,TRBV5-6,None,TRBJ1-2,TRBC1,True,True,CASRPRGTGSRGYTF,TGTGCCAGCAGACCAAGGGGGACAGGGTCTCGTGGCTACACCTTC,362,7,clonotype3639,clonotype3639_consensus_1
TTCCCAGCAGTAAGAT-1,True,TTCCCAGCAGTAAGAT-1_contig_2,True,555,TRA,TRAV26-1,None,TRAJ52,TRAC,True,False,None,None,132,6,clonotype3639,None
TTCCCAGCATCGGAAG-1,True,TTCCCAGCATCGGAAG-1_contig_1,True,505,TRA,TRAV1-2,None,TRAJ33,TRAC,True,True,CAATDSNYQLIW,TGTGCTGCGACTGATAGCAACTATCAGTTAATCTGG,1669,3,clonotype1,clonotype1_consensus_2
TTCCCAGCATCGGAAG-1,True,TTCCCAGCATCGGAAG-1_contig_2,True,521,TRB,TRBV20-1,None,TRBJ2-1,TRBC2,True,True,CSARVGSEVNEQFF,TGCAGTGCTAGAGTGGGGTCGGAAGTCAATGAGCAGTTCTTC,915,4,clonotype1,clonotype1_consensus_1
TTCCCAGCATCGGAAG-1,True,TTCCCAGCATCGGAAG-1_contig_3,True,456,TRA,TRAV10,None,TRAJ24,TRAC,True,False,None,None,326,2,clonotype1,None
TTCCCAGCATCGTCGG-1,True,TTCCCAGCATCGTCGG-1_contig_1,True,569,TRB,TRBV4-2,None,TRBJ2-3,TRBC2,True,True,CARAEAGGSTSTDTQYF,TGTGCCAGGGCGGAGGCGGGGGGGAGTACTAGCACAGATACGCAGTATTTT,394,4,clonotype385,clonotype385_consensus_2
TTCCCAGCATCGTCGG-1,True,TTCCCAGCATCGTCGG-1_contig_2,True,638,TRA,TRAV8-6,None,TRAJ30,TRAC,True,True,CAVSGLSNDKIIF,TGTGCTGTGAGTGGATTGTCGAATGACAAGATCATCTTT,498,3,clonotype385,clonotype385_consensus_1
TTCCCAGCATCGTCGG-1,True,TTCCCAGCATCGTCGG-1_contig_3,True,654,TRB,TRBV5-5,None,TRBJ1-1,TRBC1,True,True,CASSQVGRDTEAFF,TGTGCCAGCAGCCAGGTGGGAAGGGACACTGAAGCTTTCTTT,1204,7,clonotype385,clonotype385_consensus_3
TTCCCAGCATCGTCGG-1,True,TTCCCAGCATCGTCGG-1_contig_4,True,558,TRA,TRAV12-1,None,TRAJ42,TRAC,True,False,None,None,260,3,clonotype385,None
TTCCCAGGTAGCTAAA-1,True,TTCCCAGGTAGCTAAA-1_contig_1,True,485,TRB,TRBV20-1,None,TRBJ2-1,TRBC2,True,True,CSARVGSEVNEQFF,TGCAGTGCTAGAGTGGGGTCGGAAGTCAATGAGCAGTTCTTC,808,5,clonotype2,clonotype2_consensus_1
TTCCCAGGTAGCTTGT-1,True,TTCCCAGGTAGCTTGT-1_contig_1,True,521,TRB,TRBV20-1,None,TRBJ2-1,TRBC2,True,True,CSARVGSEVNEQFF,TGCAGTGCTAGAGTGGGGTCGGAAGTCAATGAGCAGTTCTTC,1419,9,clonotype2,clonotype2_consensus_1
TTCCCAGGTGAGGCTA-1,True,TTCCCAGGTGAGGCTA-1_contig_1,True,505,TRA,TRAV1-2,None,TRAJ33,TRAC,True,True,CAATDSNYQLIW,TGTGCTGCGACTGATAGCAACTATCAGTTAATCTGG,359,2,clonotype1,clonotype1_consensus_2
TTCCCAGGTGAGGCTA-1,True,TTCCCAGGTGAGGCTA-1_contig_2,True,467,TRB,TRBV20-1,None,TRBJ2-1,TRBC2,True,True,CSARVGSEVNEQFF,TGCAGTGCTAGAGTGGGGTCGGAAGTCAATGAGCAGTTCTTC,323,2,clonotype1,clonotype1_consensus_1
TTCCCAGGTGAGGCTA-1,True,TTCCCAGGTGAGGCTA-1_contig_3,True,482,TRA,TRAV10,None,TRAJ24,TRAC,True,False,None,None,469,3,clonotype1,None
TTCCCAGGTGGCTCCA-1,True,TTCCCAGGTGGCTCCA-1_contig_1,True,662,TRB,TRBV5-6,None,TRBJ2-3,TRBC2,True,True,CASSTAWVGTDTQYF,TGTGCCAGCAGCACCGCATGGGTGGGCACAGATACGCAGTATTTT,1896,10,clonotype3640,clonotype3640_consensus_1
TTCCCAGGTTCCGGCA-1,True,TTCCCAGGTTCCGGCA-1_contig_1,True,505,TRA,TRAV1-2,None,TRAJ33,TRAC,True,True,CAATDSNYQLIW,TGTGCTGCGACTGATAGCAACTATCAGTTAATCTGG,723,3,clonotype1,clonotype1_consensus_2
TTCCCAGGTTCCGGCA-1,True,TTCCCAGGTTCCGGCA-1_contig_2,True,521,TRB,TRBV20-1,None,TRBJ2-1,TRBC2,True,True,CSARVGSEVNEQFF,TGCAGTGCTAGAGTGGGGTCGGAAGTCAATGAGCAGTTCTTC,2743,15,clonotype1,clonotype1_consensus_1
TTCCCAGGTTCCGGCA-1,True,TTCCCAGGTTCCGGCA-1_contig_3,True,459,TRA,TRAV10,None,TRAJ24,TRAC,True,False,None,None,433,3,clonotype1,None
TTCCCAGTCATACGGT-1,True,TTCCCAGTCATACGGT-1_contig_1,True,610,TRA,TRAV8-6,None,TRAJ32,TRAC,True,True,CAVTQGGATNKLIF,TGTGCTGTGACCCAGGGGGGTGCTACAAACAAGCTCATCTTT,297,4,clonotype3641,clonotype3641_consensus_1
TTCCCAGTCATACGGT-1,True,TTCCCAGTCATACGGT-1_contig_2,True,521,TRB,TRBV20-1,None,TRBJ2-1,TRBC2,True,True,CSATTGVGLNEQFF,TGCAGTGCCACCACAGGGGTCGGGCTTAATGAGCAGTTCTTC,5041,28,clonotype3641,clonotype3641_consensus_2
TTCGAAGAGATCCTGT-1,True,TTCGAAGAGATCCTGT-1_contig_1,True,532,TRA,TRAV14/DV4,None,TRAJ8,TRAC,True,True,CAMREGQMNTGFQKLVF,TGTGCAATGAGAGAGGGCCAGATGAACACAGGCTTTCAGAAACTTGTATTT,3790,7,clonotype3642,clonotype3642_consensus_2
TTCGAAGAGATCCTGT-1,True,TTCGAAGAGATCCTGT-1_contig_2,True,493,TRB,TRBV5-6,None,TRBJ1-1,TRBC1,True,True,CASSLSRIMNTEAFF,TGTGCCAGCAGCTTGTCGCGGATTATGAACACTGAAGCTTTCTTT,3386,13,clonotype3642,clonotype3642_consensus_1
TTCGAAGAGATCCTGT-1,True,TTCGAAGAGATCCTGT-1_contig_3,True,463,TRA,TRAV13-1,None,TRAJ3,TRAC,True,False,None,None,651,4,clonotype3642,None
TTCGAAGAGATGTGTA-1,True,TTCGAAGAGATGTGTA-1_contig_1,True,523,TRA,TRAV14/DV4,None,TRAJ28,TRAC,True,True,CAMREGTGSYQLTF,TGTGCAATGAGAGAGGGGACTGGGAGTTACCAACTCACTTTC,526,5,clonotype115,clonotype115_consensus_1
TTCGAAGAGATGTGTA-1,True,TTCGAAGAGATGTGTA-1_contig_2,True,524,TRB,TRBV20-1,None,TRBJ2-4,TRBC2,True,True,CSARTPGALSGIQYF,TGCAGTGCTAGAACCCCGGGGGCGCTCAGTGGCATTCAGTACTTC,5886,14,clonotype115,clonotype115_consensus_2
TTCGAAGAGCGCTTAT-1,True,TTCGAAGAGCGCTTAT-1_contig_1,True,502,TRA,TRAV1-2,None,TRAJ30,TRAC,True,True,CAVRDLREIIF,TGTGCTGTGAGAGATCTTCGGGAGATCATCTTT,1072,5,clonotype35,clonotype35_consensus_2
TTCGAAGAGCGCTTAT-1,True,TTCGAAGAGCGCTTAT-1_contig_2,True,521,TRB,TRBV20-1,None,TRBJ2-1,TRBC2,True,True,CSARVGSEVNEQFF,TGCAGTGCTAGAGTGGGGTCGGAAGTCAATGAGCAGTTCTTC,338,3,clonotype35,clonotype35_consensus_1
TTCGAAGAGCGCTTAT-1,True,TTCGAAGAGCGCTTAT-1_contig_3,True,387,TRA,None,None,TRAJ27,TRAC,False,False,None,None,145,2,clonotype35,None
TTCGAAGAGGGTTCCC-1,True,TTCGAAGAGGGTTCCC-1_contig_1,True,501,TRA,TRAV12-3,None,TRAJ49,TRAC,True,True,CAMSGPNTGNQFYF,TGTGCAATGAGCGGACCGAACACCGGTAACCAGTTCTATTTT,647,4,clonotype3643,clonotype3643_consensus_1
TTCGAAGAGGGTTCCC-1,True,TTCGAAGAGGGTTCCC-1_contig_2,True,512,TRB,TRBV5-5,None,TRBJ2-5,TRBC2,True,True,CASSLAASGGQETQYF,TGTGCCAGCAGCTTGGCGGCTAGCGGGGGGCAAGAGACCCAGTACTTC,1185,4,clonotype3643,clonotype3643_consensus_2
TTCGAAGAGTAGATGT-1,True,TTCGAAGAGTAGATGT-1_contig_1,True,515,TRB,TRBV20-1,None,TRBJ1-2,TRBC1,True,True,CSAPQGYYGYTF,TGCAGTGCCCCACAGGGTTACTATGGCTACACCTTC,7851,28,clonotype24,clonotype24_consensus_1
TTCGAAGAGTAGATGT-1,True,TTCGAAGAGTAGATGT-1_contig_2,True,467,TRA,TRAV34,None,TRAJ30,TRAC,True,True,CGADGGDDKIIF,TGTGGAGCAGACGGCGGGGATGACAAGATCATCTTT,1171,4,clonotype24,clonotype24_consensus_2
TTCGAAGAGTCAATAG-1,True,TTCGAAGAGTCAATAG-1_contig_1,True,521,TRB,TRBV20-1,None,TRBJ2-4,TRBC2,True,True,CSASRHQAKNIQYF,TGCAGTGCTAGTCGACATCAAGCCAAAAACATTCAGTACTTC,1287,6,clonotype3644,clonotype3644_consensus_1
TTCGAAGAGTCAATAG-1,True,TTCGAAGAGTCAATAG-1_contig_2,True,455,TRA,TRAV9-2,None,TRAJ32,TRAC,True,True,CALSDPGGATNKLIF,TGTGCTCTGAGTGATCCTGGTGGTGCTACAAACAAGCTCATCTTT,189,3,clonotype3644,clonotype3644_consensus_2
TTCGAAGAGTCAATAG-1,True,TTCGAAGAGTCAATAG-1_contig_3,True,473,TRB,TRBV21-1,None,TRBJ2-5,TRBC2,True,False,CQQQRMETQYF,TGCCAGCAGCAAAGGATGGAGACCCAGTACTTC,351,4,clonotype3644,None
TTCGAAGAGTTAGCGG-1,True,TTCGAAGAGTTAGCGG-1_contig_1,True,505,TRA,TRAV1-2,None,TRAJ33,TRAC,True,True,CAATDSNYQLIW,TGTGCTGCGACTGATAGCAACTATCAGTTAATCTGG,185,2,clonotype1,clonotype1_consensus_2
TTCGAAGAGTTAGCGG-1,True,TTCGAAGAGTTAGCGG-1_contig_2,True,521,TRB,TRBV20-1,None,TRBJ2-1,TRBC2,True,True,CSARVGSEVNEQFF,TGCAGTGCTAGAGTGGGGTCGGAAGTCAATGAGCAGTTCTTC,1587,8,clonotype1,clonotype1_consensus_1
TTCGAAGAGTTAGCGG-1,True,TTCGAAGAGTTAGCGG-1_contig_3,True,482,TRA,TRAV10,None,TRAJ24,TRAC,True,False,None,None,984,4,clonotype1,None
TTCGAAGCACCAGTTA-1,True,TTCGAAGCACCAGTTA-1_contig_1,True,476,TRA,TRAV38-1,None,TRAJ43,TRAC,True,True,CAFMRPYNNNDMHF,TGTGCTTTCATGAGACCTTACAATAACAATGACATGCACTTT,439,1,clonotype3645,clonotype3645_consensus_1
TTCGAAGCACCAGTTA-1,True,TTCGAAGCACCAGTTA-1_contig_2,True,491,TRB,TRBV20-1,None,TRBJ2-3,TRBC2,True,True,CSARPTGTGVTDTQYF,TGCAGTGCTAGACCAACCGGGACAGGGGTAACAGATACGCAGTATTTT,966,5,clonotype3645,clonotype3645_consensus_2
TTCGAAGCACCAGTTA-1,True,TTCGAAGCACCAGTTA-1_contig_3,True,311,TRB,None,None,TRBJ1-5,TRBC1,False,False,None,None,329,3,clonotype3645,None
TTCGAAGCACGGACAA-1,True,TTCGAAGCACGGACAA-1_contig_1,True,505,TRA,TRAV1-2,None,TRAJ33,TRAC,True,True,CAATDSNYQLIW,TGTGCTGCGACTGATAGCAACTATCAGTTAATCTGG,500,1,clonotype1,clonotype1_consensus_2
TTCGAAGCACGGACAA-1,True,TTCGAAGCACGGACAA-1_contig_2,True,521,TRB,TRBV20-1,None,TRBJ2-1,TRBC2,True,True,CSARVGSEVNEQFF,TGCAGTGCTAGAGTGGGGTCGGAAGTCAATGAGCAGTTCTTC,1128,5,clonotype1,clonotype1_consensus_1
TTCGAAGCACGGACAA-1,True,TTCGAAGCACGGACAA-1_contig_3,True,388,TRA,TRAV10,None,TRAJ24,TRAC,True,False,None,None,18,2,clonotype1,None
TTCGAAGCAGCAGTTT-1,True,TTCGAAGCAGCAGTTT-1_contig_1,True,505,TRA,TRAV1-2,None,TRAJ33,TRAC,True,True,CAATDSNYQLIW,TGTGCTGCGACTGATAGCAACTATCAGTTAATCTGG,801,4,clonotype1,clonotype1_consensus_2
TTCGAAGCAGCAGTTT-1,True,TTCGAAGCAGCAGTTT-1_contig_2,True,473,TRB,TRBV20-1,None,TRBJ2-1,TRBC2,True,True,CSARVGSEVNEQFF,TGCAGTGCTAGAGTGGGGTCGGAAGTCAATGAGCAGTTCTTC,1336,5,clonotype1,clonotype1_consensus_1
TTCGAAGCAGCAGTTT-1,True,TTCGAAGCAGCAGTTT-1_contig_3,True,471,TRA,TRAV10,None,TRAJ24,TRAC,True,False,None,None,83,2,clonotype1,None
TTCGAAGGTAAATGTG-1,True,TTCGAAGGTAAATGTG-1_contig_1,True,533,TRB,TRBV20-1,None,TRBJ2-1,TRBC2,True,True,CSARDPTSLAGGLNEQFF,TGCAGTGCTAGAGATCCAACCAGTCTAGCGGGGGGGTTGAATGAGCAGTTCTTC,4391,8,clonotype3646,clonotype3646_consensus_2
TTCGAAGGTAAATGTG-1,True,TTCGAAGGTAAATGTG-1_contig_2,True,506,TRA,TRAV13-2,None,TRAJ13,TRAC,True,True,CAEAGGYQKVTF,TGTGCAGAGGCTGGGGGTTACCAGAAAGTTACCTTT,434,2,clonotype3646,clonotype3646_consensus_1
TTCGAAGGTAAATGTG-1,True,TTCGAAGGTAAATGTG-1_contig_3,True,479,TRA,TRAV21,None,TRAJ39,TRAC,True,False,None,None,176,3,clonotype3646,None
TTCGAAGGTACGCTGC-1,True,TTCGAAGGTACGCTGC-1_contig_1,True,521,TRB,TRBV20-1,None,TRBJ2-1,TRBC2,True,True,CSARVGSEVNEQFF,TGCAGTGCTAGAGTGGGGTCGGAAGTCAATGAGCAGTTCTTC,1918,6,clonotype2,clonotype2_consensus_1
TTCGAAGGTAGCTCCG-1,True,TTCGAAGGTAGCTCCG-1_contig_1,True,498,TRB,TRBV20-1,None,TRBJ2-1,TRBC2,True,True,CSARVGSEVNEQFF,TGCAGTGCTAGAGTGGGGTCGGAAGTCAATGAGCAGTTCTTC,1296,11,clonotype2,clonotype2_consensus_1
TTCGAAGGTAGCTCCG-1,True,TTCGAAGGTAGCTCCG-1_contig_2,True,457,TRA,TRAV10,None,TRAJ24,TRAC,True,False,None,None,87,3,clonotype2,None
TTCGAAGGTCAAAGAT-1,True,TTCGAAGGTCAAAGAT-1_contig_1,True,554,TRA,TRAV12-1,None,TRAJ9,TRAC,True,True,CVVTRNTGGFKTIF,TGTGTGGTGACACGAAATACTGGAGGCTTCAAAACTATCTTT,513,3,clonotype5,clonotype5_consensus_2
TTCGAAGGTCAAAGAT-1,True,TTCGAAGGTCAAAGAT-1_contig_2,True,533,TRB,TRBV20-1,None,TRBJ1-5,TRBC1,True,True,CSARDDNRAKSFNQPQHF,TGCAGTGCTAGAGACGACAACCGGGCCAAATCCTTCAATCAGCCCCAGCATTTT,3029,7,clonotype5,clonotype5_consensus_1
TTCGAAGGTCAAAGAT-1,True,TTCGAAGGTCAAAGAT-1_contig_3,True,567,TRA,TRAV29/DV5,None,TRAJ11,TRAC,True,False,CSSNSGYSTLTF,TGCAGCTCCAATTCAGGATACAGCACCCTCACCTTT,6314,2,clonotype5,None
TTCGAAGGTGCCTGCA-1,True,TTCGAAGGTGCCTGCA-1_contig_1,True,505,TRA,TRAV1-2,None,TRAJ33,TRAC,True,True,CAATDSNYQLIW,TGTGCTGCGACTGATAGCAACTATCAGTTAATCTGG,108,2,clonotype1,clonotype1_consensus_2
TTCGAAGGTGCCTGCA-1,True,TTCGAAGGTGCCTGCA-1_contig_2,True,498,TRB,TRBV20-1,None,TRBJ2-1,TRBC2,True,True,CSARVGSEVNEQFF,TGCAGTGCTAGAGTGGGGTCGGAAGTCAATGAGCAGTTCTTC,313,5,clonotype1,clonotype1_consensus_1
TTCGAAGGTGCCTGCA-1,True,TTCGAAGGTGCCTGCA-1_contig_3,True,494,TRA,TRAV10,None,TRAJ24,TRAC,True,False,None,None,202,2,clonotype1,None
TTCGAAGTCACTTCAT-1,True,TTCGAAGTCACTTCAT-1_contig_1,True,524,TRB,TRBV20-1,None,TRBJ1-6,TRBC1,True,True,CSARVPGFYNSPLHF,TGCAGTGCTAGAGTCCCAGGGTTCTATAATTCACCCCTCCACTTT,2863,8,clonotype3647,clonotype3647_consensus_1
TTCGAAGTCACTTCAT-1,True,TTCGAAGTCACTTCAT-1_contig_2,True,578,TRA,TRAV22,None,TRAJ52,TRAC,True,True,CAVEPVDAGGTSYGKLTF,TGTGCTGTGGAGCCAGTGGACGCTGGTGGTACTAGCTATGGAAAGCTGACATTT,326,3,clonotype3647,clonotype3647_consensus_2
TTCGAAGTCACTTCAT-1,True,TTCGAAGTCACTTCAT-1_contig_3,True,538,TRA,TRAV12-2,None,TRAJ13,TRAC,True,False,None,None,1009,7,clonotype3647,None
TTCGAAGTCACTTCAT-1,True,TTCGAAGTCACTTCAT-1_contig_4,True,463,TRB,TRBV9,None,TRBJ2-5,TRBC2,True,False,None,None,1765,3,clonotype3647,None
TTCGGTCAGCTCTCGG-1,True,TTCGGTCAGCTCTCGG-1_contig_1,True,502,TRA,TRAV1-2,None,TRAJ30,TRAC,True,True,CAVRDLREIIF,TGTGCTGTGAGAGATCTTCGGGAGATCATCTTT,603,2,clonotype3,clonotype3_consensus_2
TTCGGTCAGCTCTCGG-1,True,TTCGGTCAGCTCTCGG-1_contig_2,True,534,TRB,TRBV5-5,None,TRBJ1-4,TRBC1,True,True,CASSHPGPNYATNEKLFF,TGTGCCAGCAGCCATCCCGGACCGAACTACGCAACTAATGAAAAACTGTTTTTT,363,3,clonotype3,clonotype3_consensus_1
TTCGGTCAGCTCTCGG-1,True,TTCGGTCAGCTCTCGG-1_contig_3,True,482,TRB,TRBV7-3,None,TRBJ2-1,TRBC2,True,False,CQQRSLKAGGPYNEQFF,TGCCAGCAGCGGTCACTTAAAGCGGGGGGACCCTACAATGAGCAGTTCTTC,127,1,clonotype3,None
TTCGGTCAGTGGACGT-1,True,TTCGGTCAGTGGACGT-1_contig_1,True,526,TRA,TRAV14/DV4,None,TRAJ44,TRAC,True,True,CAMRENTGTASKLTF,TGTGCAATGAGAGAGAATACCGGCACTGCCAGTAAACTCACCTTT,1313,7,clonotype3648,clonotype3648_consensus_1
TTCGGTCAGTGGACGT-1,True,TTCGGTCAGTGGACGT-1_contig_2,True,521,TRB,TRBV20-1,None,TRBJ1-5,TRBC1,True,True,CSAMGGYSNQPQHF,TGCAGTGCCATGGGGGGGTATAGCAATCAGCCCCAGCATTTT,2867,12,clonotype3648,clonotype3648_consensus_2
TTCGGTCAGTGGACGT-1,True,TTCGGTCAGTGGACGT-1_contig_3,True,343,TRB,None,None,TRBJ1-1,TRBC1,False,False,None,None,578,3,clonotype3648,None
TTCGGTCCAATGGACG-1,True,TTCGGTCCAATGGACG-1_contig_1,True,505,TRA,TRAV1-2,None,TRAJ33,TRAC,True,True,CAATDSNYQLIW,TGTGCTGCGACTGATAGCAACTATCAGTTAATCTGG,601,4,clonotype1,clonotype1_consensus_2
TTCGGTCCAATGGACG-1,True,TTCGGTCCAATGGACG-1_contig_2,True,521,TRB,TRBV20-1,None,TRBJ2-1,TRBC2,True,True,CSARVGSEVNEQFF,TGCAGTGCTAGAGTGGGGTCGGAAGTCAATGAGCAGTTCTTC,2677,13,clonotype1,clonotype1_consensus_1
TTCGGTCCAATGGACG-1,True,TTCGGTCCAATGGACG-1_contig_3,True,482,TRA,TRAV10,None,TRAJ24,TRAC,True,False,None,None,228,2,clonotype1,None
TTCGGTCCAGCAGTTT-1,True,TTCGGTCCAGCAGTTT-1_contig_1,True,524,TRB,TRBV20-1,None,TRBJ2-7,TRBC2,True,True,CSAIKAGLSSYEQYF,TGCAGTGCTATTAAAGCGGGGTTAAGCTCCTACGAGCAGTACTTC,1548,4,clonotype310,clonotype310_consensus_2
TTCGGTCCAGCAGTTT-1,True,TTCGGTCCAGCAGTTT-1_contig_2,True,555,TRA,TRAV16,None,TRAJ56,TRAC,True,True,CALSEGTGANSKLTF,TGTGCTCTAAGTGAGGGTACTGGAGCCAATAGTAAGCTGACATTT,298,4,clonotype310,clonotype310_consensus_1
TTCGGTCCAGCAGTTT-1,True,TTCGGTCCAGCAGTTT-1_contig_3,True,345,TRB,None,None,TRBJ2-3,TRBC2,False,False,None,None,121,2,clonotype310,None
TTCGGTCCAGTGAGTG-1,True,TTCGGTCCAGTGAGTG-1_contig_1,True,505,TRA,TRAV1-2,None,TRAJ33,TRAC,True,True,CAATDSNYQLIW,TGTGCTGCGACTGATAGCAACTATCAGTTAATCTGG,1022,6,clonotype1,clonotype1_consensus_2
TTCGGTCCAGTGAGTG-1,True,TTCGGTCCAGTGAGTG-1_contig_2,True,498,TRB,TRBV20-1,None,TRBJ2-1,TRBC2,True,True,CSARVGSEVNEQFF,TGCAGTGCTAGAGTGGGGTCGGAAGTCAATGAGCAGTTCTTC,365,3,clonotype1,clonotype1_consensus_1
TTCGGTCCAGTGAGTG-1,True,TTCGGTCCAGTGAGTG-1_contig_3,True,482,TRA,TRAV10,None,TRAJ24,TRAC,True,False,None,None,324,3,clonotype1,None
TTCGGTCCATGATCCA-1,True,TTCGGTCCATGATCCA-1_contig_1,True,527,TRB,TRBV20-1,None,TRBJ1-5,TRBC1,True,True,CSARPMGIGGNQPQHF,TGCAGTGCCCGCCCTATGGGGATTGGGGGCAATCAGCCCCAGCATTTT,1738,7,clonotype56,clonotype56_consensus_1
TTCGGTCCATGATCCA-1,True,TTCGGTCCATGATCCA-1_contig_2,True,541,TRA,TRAV12-2,None,TRAJ16,TRAC,True,True,CAVTALGQKLLF,TGTGCCGTGACAGCCCTAGGCCAGAAGCTGCTCTTT,891,5,clonotype56,clonotype56_consensus_2
TTCGGTCCATGATCCA-1,True,TTCGGTCCATGATCCA-1_contig_3,True,341,TRB,None,None,TRBJ2-7,TRBC2,False,False,None,None,2463,11,clonotype56,None
TTCGGTCGTACGACCC-1,True,TTCGGTCGTACGACCC-1_contig_1,True,512,TRB,TRBV20-1,None,TRBJ2-1,TRBC2,True,True,CSAPGDYYEQFF,TGCAGTGCCCCAGGGGACTACTATGAGCAGTTCTTC,623,4,clonotype3649,clonotype3649_consensus_2
TTCGGTCGTACGACCC-1,True,TTCGGTCGTACGACCC-1_contig_2,True,481,TRA,TRAV10,None,TRAJ6,TRAC,True,True,CVVSAPGGSYIPTF,TGTGTGGTGAGCGCACCAGGAGGAAGCTACATACCTACATTT,1490,4,clonotype3649,clonotype3649_consensus_4
TTCGGTCGTACGACCC-1,True,TTCGGTCGTACGACCC-1_contig_3,True,527,TRB,TRBV20-1,None,TRBJ2-3,TRBC2,True,True,CSARAPPGQGRGDTQYF,TGCAGTGCTAGAGCCCCCCCGGGACAGGGGCGCGGTGATACGCAGTATTTT,2862,9,clonotype3649,clonotype3649_consensus_3
TTCGGTCGTACGACCC-1,True,TTCGGTCGTACGACCC-1_contig_4,True,687,TRA,TRAV8-3,None,TRAJ13,TRAC,True,True,CAVGAGSGGYQKVTF,TGTGCTGTGGGTGCAGGATCTGGGGGTTACCAGAAAGTTACCTTT,2697,9,clonotype3649,clonotype3649_consensus_1
TTCGGTCGTACGACCC-1,True,TTCGGTCGTACGACCC-1_contig_5,True,499,TRB,TRBV6-5,None,TRBJ2-1,TRBC2,True,False,None,None,75,1,clonotype3649,None
TTCGGTCGTATAAACG-1,True,TTCGGTCGTATAAACG-1_contig_1,True,491,TRB,TRBV20-1,None,TRBJ2-2,TRBC2,True,True,CSARVFRGGDTGELFF,TGCAGTGCTAGAGTTTTTAGGGGGGGGGACACCGGGGAGCTGTTTTTT,2602,11,clonotype3650,clonotype3650_consensus_1
TTCGGTCGTATAAACG-1,True,TTCGGTCGTATAAACG-1_contig_2,True,474,TRB,TRBV23-1,None,TRBJ1-5,TRBC1,True,False,CASSQSELQPQHF,TGCGCCAGCAGTCAATCGGAACTACAGCCCCAGCATTTT,985,6,clonotype3650,None
TTCGGTCGTCAAACTC-1,True,TTCGGTCGTCAAACTC-1_contig_1,True,501,TRB,TRBV4-2,None,TRBJ2-3,TRBC2,True,True,CARAEAGGSTSTDTQYF,TGTGCCAGGGCGGAGGCGGGGGGGAGTACTAGCACAGATACGCAGTATTTT,425,3,clonotype385,clonotype385_consensus_2
TTCGGTCGTCAAACTC-1,True,TTCGGTCGTCAAACTC-1_contig_2,True,632,TRA,TRAV8-6,None,TRAJ30,TRAC,True,True,CAVSGLSNDKIIF,TGTGCTGTGAGTGGATTGTCGAATGACAAGATCATCTTT,143,1,clonotype385,clonotype385_consensus_1
TTCGGTCGTCAAACTC-1,True,TTCGGTCGTCAAACTC-1_contig_3,True,509,TRB,TRBV5-5,None,TRBJ1-1,TRBC1,True,True,CASSQVGRDTEAFF,TGTGCCAGCAGCCAGGTGGGAAGGGACACTGAAGCTTTCTTT,1449,7,clonotype385,clonotype385_consensus_3
TTCGGTCGTCAAACTC-1,True,TTCGGTCGTCAAACTC-1_contig_4,True,635,TRA,TRAV12-1,None,TRAJ42,TRAC,True,False,None,None,486,4,clonotype385,None
TTCGGTCGTCTACCTC-1,True,TTCGGTCGTCTACCTC-1_contig_1,True,505,TRA,TRAV1-2,None,TRAJ33,TRAC,True,True,CAATDSNYQLIW,TGTGCTGCGACTGATAGCAACTATCAGTTAATCTGG,368,5,clonotype1,clonotype1_consensus_2
TTCGGTCGTCTACCTC-1,True,TTCGGTCGTCTACCTC-1_contig_2,True,521,TRB,TRBV20-1,None,TRBJ2-1,TRBC2,True,True,CSARVGSEVNEQFF,TGCAGTGCTAGAGTGGGGTCGGAAGTCAATGAGCAGTTCTTC,2765,10,clonotype1,clonotype1_consensus_1
TTCGGTCGTCTTTCAT-1,True,TTCGGTCGTCTTTCAT-1_contig_1,True,524,TRB,TRBV20-1,None,TRBJ2-7,TRBC2,True,True,CSARDPTSGDYEQYF,TGCAGTGCTAGAGATCCGACTAGCGGCGACTACGAGCAGTACTTC,534,5,clonotype155,clonotype155_consensus_2
TTCGGTCGTCTTTCAT-1,True,TTCGGTCGTCTTTCAT-1_contig_2,True,505,TRA,TRAV1-2,None,TRAJ33,TRAC,True,True,CAVVDSNYQLIW,TGTGCTGTTGTGGATAGCAACTATCAGTTAATCTGG,238,5,clonotype155,clonotype155_consensus_1
TTCGGTCGTGCGGTAA-1,True,TTCGGTCGTGCGGTAA-1_contig_1,True,468,TRA,TRAV13-1,None,TRAJ39,TRAC,True,True,CAATPLGGNAGNMLTF,TGTGCAGCAACCCCCCTAGGAGGGAATGCAGGCAACATGCTCACCTTT,1372,4,clonotype3651,clonotype3651_consensus_1
TTCGGTCGTGCGGTAA-1,True,TTCGGTCGTGCGGTAA-1_contig_2,True,500,TRB,TRBV5-5,None,TRBJ1-2,TRBC1,True,True,CASSSSGTGAVNF,TGTGCCAGCAGCTCTTCCGGGACAGGGGCCGTAAACTTC,1046,6,clonotype3651,clonotype3651_consensus_2
TTCGGTCGTGCGGTAA-1,True,TTCGGTCGTGCGGTAA-1_contig_3,True,500,TRA,TRAV25,None,TRAJ47,TRAC,True,False,None,None,253,5,clonotype3651,None
TTCGGTCGTTAGAACA-1,True,TTCGGTCGTTAGAACA-1_contig_1,True,473,TRB,TRBV20-1,None,TRBJ2-1,TRBC2,True,True,CSARVGSEVNEQFF,TGCAGTGCTAGAGTGGGGTCGGAAGTCAATGAGCAGTTCTTC,2021,7,clonotype2,clonotype2_consensus_1
TTCGGTCTCAGTGTTG-1,True,TTCGGTCTCAGTGTTG-1_contig_1,True,453,TRA,TRAV13-1,None,TRAJ6,TRAC,True,True,CAASGGYIPTF,TGTGCAGCAAGTGGGGGCTACATACCTACATTT,1202,7,clonotype3652,clonotype3652_consensus_2
TTCGGTCTCAGTGTTG-1,True,TTCGGTCTCAGTGTTG-1_contig_2,True,490,TRB,TRBV5-6,None,TRBJ2-7,TRBC2,True,True,CASSSAGQGVGQYF,TGTGCCAGCAGCTCCGCAGGACAGGGTGTTGGGCAGTACTTC,1796,5,clonotype3652,clonotype3652_consensus_1
TTCGGTCTCAGTGTTG-1,True,TTCGGTCTCAGTGTTG-1_contig_3,True,427,TRA,TRAV10,None,TRAJ13,TRAC,True,False,None,None,32,1,clonotype3652,None
TTCGGTCTCAGTGTTG-1,True,TTCGGTCTCAGTGTTG-1_contig_4,True,348,TRB,None,None,TRBJ1-5,TRBC1,False,False,None,None,711,4,clonotype3652,None
TTCGGTCTCCAGAGGA-1,True,TTCGGTCTCCAGAGGA-1_contig_1,True,505,TRA,TRAV1-2,None,TRAJ33,TRAC,True,True,CAATDSNYQLIW,TGTGCTGCGACTGATAGCAACTATCAGTTAATCTGG,311,1,clonotype1,clonotype1_consensus_2
TTCGGTCTCCAGAGGA-1,True,TTCGGTCTCCAGAGGA-1_contig_2,True,505,TRB,TRBV20-1,None,TRBJ2-1,TRBC2,True,True,CSARVGSEVNEQFF,TGCAGTGCTAGAGTGGGGTCGGAAGTCAATGAGCAGTTCTTC,152,3,clonotype1,clonotype1_consensus_1
TTCGGTCTCCAGAGGA-1,True,TTCGGTCTCCAGAGGA-1_contig_3,True,482,TRA,TRAV10,None,TRAJ24,TRAC,True,False,None,None,322,4,clonotype1,None
TTCGGTCTCGGTCCGA-1,True,TTCGGTCTCGGTCCGA-1_contig_1,True,505,TRA,TRAV1-2,None,TRAJ33,TRAC,True,True,CAATDSNYQLIW,TGTGCTGCGACTGATAGCAACTATCAGTTAATCTGG,337,3,clonotype1,clonotype1_consensus_2
TTCGGTCTCGGTCCGA-1,True,TTCGGTCTCGGTCCGA-1_contig_2,True,521,TRB,TRBV20-1,None,TRBJ2-1,TRBC2,True,True,CSARVGSEVNEQFF,TGCAGTGCTAGAGTGGGGTCGGAAGTCAATGAGCAGTTCTTC,2574,9,clonotype1,clonotype1_consensus_1
TTCGGTCTCGGTCCGA-1,True,TTCGGTCTCGGTCCGA-1_contig_3,True,482,TRA,TRAV10,None,TRAJ24,TRAC,True,False,None,None,208,2,clonotype1,None
TTCGGTCTCGTCTGAA-1,True,TTCGGTCTCGTCTGAA-1_contig_1,True,527,TRB,TRBV20-1,None,TRBJ2-7,TRBC2,True,True,CSARASRLVLSYEQYF,TGCAGTGCTAGAGCCTCACGGCTAGTACTTTCCTACGAGCAGTACTTC,684,3,clonotype11,clonotype11_consensus_2
TTCGGTCTCGTCTGAA-1,True,TTCGGTCTCGTCTGAA-1_contig_2,True,557,TRA,TRAV26-1,None,TRAJ34,TRAC,True,True,CIASSYNTDKLIF,TGCATCGCTTCATCTTATAACACCGACAAGCTCATCTTT,200,3,clonotype11,clonotype11_consensus_1
TTCGGTCTCTAACTTC-1,True,TTCGGTCTCTAACTTC-1_contig_1,True,492,TRA,TRAV9-2,None,TRAJ13,TRAC,True,True,CALNLEGYQKVTF,TGTGCTCTGAACTTAGAGGGTTACCAGAAAGTTACCTTT,722,6,clonotype6,clonotype6_consensus_1
TTCGGTCTCTAACTTC-1,True,TTCGGTCTCTAACTTC-1_contig_2,True,745,TRB,TRBV5-6,None,TRBJ1-5,TRBC1,True,True,CASSFRGGANQPQHF,TGTGCCAGCAGCTTTCGAGGGGGCGCGAATCAGCCCCAGCATTTT,1161,6,clonotype6,clonotype6_consensus_2
TTCGGTCTCTCCTATA-1,True,TTCGGTCTCTCCTATA-1_contig_1,True,505,TRA,TRAV1-2,None,TRAJ33,TRAC,True,True,CAATDSNYQLIW,TGTGCTGCGACTGATAGCAACTATCAGTTAATCTGG,265,2,clonotype1,clonotype1_consensus_2
TTCGGTCTCTCCTATA-1,True,TTCGGTCTCTCCTATA-1_contig_2,True,498,TRB,TRBV20-1,None,TRBJ2-1,TRBC2,True,True,CSARVGSEVNEQFF,TGCAGTGCTAGAGTGGGGTCGGAAGTCAATGAGCAGTTCTTC,942,5,clonotype1,clonotype1_consensus_1
TTCTACAAGAAACCTA-1,True,TTCTACAAGAAACCTA-1_contig_1,True,609,TRB,TRBV5-5,None,TRBJ2-5,TRBC2,True,True,CASGGETQYF,TGTGCCAGCGGCGGAGAGACCCAGTACTTC,1165,12,clonotype3653,clonotype3653_consensus_2
TTCTACAAGAAACCTA-1,True,TTCTACAAGAAACCTA-1_contig_2,True,502,TRA,TRAV30,None,TRAJ20,TRAC,True,True,CGTESDYKLSF,TGTGGCACAGAGAGCGACTACAAGCTCAGCTTT,789,4,clonotype3653,clonotype3653_consensus_1
TTCTACAAGAAGATTC-1,True,TTCTACAAGAAGATTC-1_contig_1,True,502,TRA,TRAV1-2,None,TRAJ33,TRAC,True,True,CAATDSNYQLIW,TGTGCTGCGACTGATAGCAACTATCAGTTAATCTGG,172,2,clonotype1,clonotype1_consensus_2
TTCTACAAGAAGATTC-1,True,TTCTACAAGAAGATTC-1_contig_2,True,497,TRB,TRBV20-1,None,TRBJ2-1,TRBC2,True,True,CSARVGSEVNEQFF,TGCAGTGCTAGAGTGGGGTCGGAAGTCAATGAGCAGTTCTTC,1210,5,clonotype1,clonotype1_consensus_1
TTCTACAAGAAGATTC-1,True,TTCTACAAGAAGATTC-1_contig_3,True,468,TRA,TRAV10,None,TRAJ24,TRAC,True,False,None,None,89,3,clonotype1,None
TTCTACAAGATCACGG-1,True,TTCTACAAGATCACGG-1_contig_1,True,505,TRA,TRAV1-2,None,TRAJ33,TRAC,True,True,CAATDSNYQLIW,TGTGCTGCGACTGATAGCAACTATCAGTTAATCTGG,563,2,clonotype1,clonotype1_consensus_2
TTCTACAAGATCACGG-1,True,TTCTACAAGATCACGG-1_contig_2,True,521,TRB,TRBV20-1,None,TRBJ2-1,TRBC2,True,True,CSARVGSEVNEQFF,TGCAGTGCTAGAGTGGGGTCGGAAGTCAATGAGCAGTTCTTC,782,3,clonotype1,clonotype1_consensus_1
TTCTACAAGTCTCCTC-1,True,TTCTACAAGTCTCCTC-1_contig_1,True,542,TRA,TRAV26-1,None,TRAJ43,TRAC,True,True,CIVRVGPNNNDMRF,TGCATCGTCAGAGTCGGTCCGAATAACAATGACATGCGCTTT,145,5,clonotype3654,clonotype3654_consensus_2
TTCTACAAGTCTCCTC-1,True,TTCTACAAGTCTCCTC-1_contig_2,True,518,TRB,TRBV20-1,None,TRBJ2-7,TRBC2,True,True,CSARRTGGYEQYF,TGCAGTGCTAGACGGACAGGGGGGTACGAGCAGTACTTC,1285,9,clonotype3654,clonotype3654_consensus_1
TTCTACAAGTGTACGG-1,True,TTCTACAAGTGTACGG-1_contig_1,True,505,TRA,TRAV1-2,None,TRAJ33,TRAC,True,True,CAATDSNYQLIW,TGTGCTGCGACTGATAGCAACTATCAGTTAATCTGG,412,3,clonotype1,clonotype1_consensus_2
TTCTACAAGTGTACGG-1,True,TTCTACAAGTGTACGG-1_contig_2,True,521,TRB,TRBV20-1,None,TRBJ2-1,TRBC2,True,True,CSARVGSEVNEQFF,TGCAGTGCTAGAGTGGGGTCGGAAGTCAATGAGCAGTTCTTC,1126,5,clonotype1,clonotype1_consensus_1
TTCTACAAGTGTACGG-1,True,TTCTACAAGTGTACGG-1_contig_3,True,461,TRA,TRAV10,None,TRAJ24,TRAC,True,False,None,None,695,2,clonotype1,None
TTCTACACACAACGTT-1,True,TTCTACACACAACGTT-1_contig_1,True,498,TRB,TRBV20-1,None,TRBJ2-1,TRBC2,True,True,CSARVGSEVNEQFF,TGCAGTGCTAGAGTGGGGTCGGAAGTCAATGAGCAGTTCTTC,561,5,clonotype2,clonotype2_consensus_1
TTCTACACACCCATGG-1,True,TTCTACACACCCATGG-1_contig_1,True,489,TRB,TRBV20-1,None,TRBJ1-2,TRBC1,True,True,CSATQGDRGYTF,TGCAGTGCTACCCAGGGAGATCGTGGCTACACCTTC,1625,8,clonotype3655,clonotype3655_consensus_1
TTCTACACACCCATGG-1,True,TTCTACACACCCATGG-1_contig_2,True,501,TRB,TRBV20-1,None,TRBJ2-1,TRBC2,True,True,CSAKLTSGGYNEQFF,TGCAGTGCCAAGCTAACTAGCGGGGGGTACAATGAGCAGTTCTTC,2566,14,clonotype3655,clonotype3655_consensus_3
TTCTACACACCCATGG-1,True,TTCTACACACCCATGG-1_contig_3,True,577,TRA,TRAV26-1,None,TRAJ16,TRAC,True,True,CIVRFSFSDGQKLLF,TGCATCGTCAGATTCTCGTTTTCAGATGGCCAGAAGCTGCTCTTT,650,4,clonotype3655,clonotype3655_consensus_2
TTCTACACACCCATGG-1,True,TTCTACACACCCATGG-1_contig_4,True,498,TRA,TRAV12-3,None,TRAJ13,TRAC,True,True,CAMNSGGYQKVTF,TGTGCAATGAATTCTGGGGGTTACCAGAAAGTTACCTTT,5421,5,clonotype3655,clonotype3655_consensus_4
TTCTACACATAAAGGT-1,True,TTCTACACATAAAGGT-1_contig_1,True,445,TRA,TRAV2,None,TRAJ20,TRAC,True,True,CAVGTNDYKLSF,TGTGCTGTGGGAACTAACGACTACAAGCTCAGCTTT,787,3,clonotype3656,clonotype3656_consensus_1
TTCTACACATAAAGGT-1,True,TTCTACACATAAAGGT-1_contig_2,True,655,TRB,TRBV5-6,None,TRBJ1-4,TRBC1,True,True,CASNFRGINEKLFF,TGTGCCAGCAACTTCAGGGGAATTAATGAAAAACTGTTTTTT,446,3,clonotype3656,clonotype3656_consensus_2
TTCTACACATAAAGGT-1,True,TTCTACACATAAAGGT-1_contig_3,True,528,TRB,None,None,TRBJ1-3,TRBC1,False,False,None,None,480,2,clonotype3656,None
TTCTACACATTCACTT-1,True,TTCTACACATTCACTT-1_contig_1,True,497,TRB,TRBV5-5,None,TRBJ2-3,TRBC2,True,True,CASSSTDTQYF,TGTGCCAGCAGTTCCACAGATACGCAGTATTTT,4553,11,clonotype3657,clonotype3657_consensus_2
TTCTACACATTCACTT-1,True,TTCTACACATTCACTT-1_contig_2,True,488,TRA,TRAV9-2,None,TRAJ20,TRAC,True,True,CALSDRVDYKLSF,TGTGCTCTGAGTGATCGAGTCGACTACAAGCTCAGCTTT,262,4,clonotype3657,clonotype3657_consensus_1
TTCTACAGTAAATGAC-1,True,TTCTACAGTAAATGAC-1_contig_1,True,479,TRA,TRAV4,None,TRAJ5,TRAC,True,True,CLVGSWDTGRRALTF,TGCCTCGTGGGCTCATGGGACACGGGCAGGAGAGCACTTACTTTT,428,8,clonotype3658,clonotype3658_consensus_1
TTCTACAGTAAATGAC-1,True,TTCTACAGTAAATGAC-1_contig_2,True,512,TRB,TRBV20-1,None,TRBJ2-1,TRBC2,True,True,CSAQVGNEQFF,TGCAGTGCCCAAGTAGGTAATGAGCAGTTCTTC,2440,12,clonotype3658,clonotype3658_consensus_2
TTCTACAGTACTTGAC-1,True,TTCTACAGTACTTGAC-1_contig_1,True,505,TRA,TRAV1-2,None,TRAJ33,TRAC,True,True,CAATDSNYQLIW,TGTGCTGCGACTGATAGCAACTATCAGTTAATCTGG,2343,9,clonotype1,clonotype1_consensus_2
TTCTACAGTACTTGAC-1,True,TTCTACAGTACTTGAC-1_contig_2,True,492,TRB,TRBV20-1,None,TRBJ2-1,TRBC2,True,True,CSARVGSEVNEQFF,TGCAGTGCTAGAGTGGGGTCGGAAGTCAATGAGCAGTTCTTC,136,9,clonotype1,clonotype1_consensus_1
TTCTACAGTCAAGCGA-1,True,TTCTACAGTCAAGCGA-1_contig_1,True,524,TRB,TRBV20-1,None,TRBJ1-4,TRBC1,True,True,CSARDGGRANEKLFF,TGCAGTGCTAGAGACGGTGGCAGGGCCAATGAAAAACTGTTTTTT,1063,8,clonotype342,clonotype342_consensus_1
TTCTACAGTCAAGCGA-1,True,TTCTACAGTCAAGCGA-1_contig_2,True,526,TRA,TRAV14/DV4,None,TRAJ29,TRAC,True,True,CAMRELNSGNTPLVF,TGTGCAATGAGAGAGCTTAATTCAGGAAACACACCTCTTGTCTTT,292,4,clonotype342,clonotype342_consensus_2
TTCTACAGTCGGGTCT-1,True,TTCTACAGTCGGGTCT-1_contig_1,True,521,TRB,TRBV20-1,None,TRBJ2-1,TRBC2,True,True,CSARVGSEVNEQFF,TGCAGTGCTAGAGTGGGGTCGGAAGTCAATGAGCAGTTCTTC,756,8,clonotype2,clonotype2_consensus_1
TTCTACAGTCGGGTCT-1,True,TTCTACAGTCGGGTCT-1_contig_2,True,482,TRA,TRAV10,None,TRAJ24,TRAC,True,False,None,None,272,2,clonotype2,None
TTCTACAGTGACCAAG-1,True,TTCTACAGTGACCAAG-1_contig_1,True,567,TRA,TRAV8-4,None,TRAJ39,TRAC,True,True,CAVSSSAGNMLTF,TGTGCTGTGAGTAGCTCTGCAGGCAACATGCTCACCTTT,1618,6,clonotype3659,clonotype3659_consensus_1
TTCTACAGTGACCAAG-1,True,TTCTACAGTGACCAAG-1_contig_2,True,498,TRB,TRBV20-1,None,TRBJ1-1,TRBC1,True,True,CSARDPQGNTEAFF,TGCAGTGCTAGAGATCCACAGGGCAACACTGAAGCTTTCTTT,1359,10,clonotype3659,clonotype3659_consensus_2
TTCTACAGTGTGAAAT-1,True,TTCTACAGTGTGAAAT-1_contig_1,True,527,TRB,TRBV20-1,None,TRBJ2-3,TRBC2,True,True,CSAGATSGGATDTQYF,TGCAGTGCTGGAGCGACTAGCGGGGGGGCAACAGATACGCAGTATTTT,1697,11,clonotype3660,clonotype3660_consensus_2
TTCTACAGTGTGAAAT-1,True,TTCTACAGTGTGAAAT-1_contig_2,True,451,TRA,TRAV2,None,TRAJ36,TRAC,True,True,CAVEEGTGANNLFF,TGTGCTGTGGAGGAAGGAACTGGGGCAAACAACCTCTTCTTT,1136,3,clonotype3660,clonotype3660_consensus_1
TTCTACAGTGTGAAAT-1,True,TTCTACAGTGTGAAAT-1_contig_3,True,419,TRA,TRAV13-1,None,TRAJ43,None,True,False,None,None,114,1,clonotype3660,None
TTCTACATCATACGGT-1,True,TTCTACATCATACGGT-1_contig_1,True,520,TRB,TRBV20-1,None,TRBJ2-4,TRBC2,True,True,CSARGPTGRNRNIQYF,TGCAGTGCTAGGGGTCCTACAGGGAGGAATCGAAACATTCAGTACTTC,3164,10,clonotype3661,clonotype3661_consensus_1
TTCTACATCATACGGT-1,True,TTCTACATCATACGGT-1_contig_2,True,497,TRA,TRAV4,None,TRAJ30,TRAC,True,True,CLVGDVMNRDDKIIF,TGCCTCGTGGGTGACGTGATGAACAGAGATGACAAGATCATCTTT,166,2,clonotype3661,clonotype3661_consensus_2
TTCTACATCATACGGT-1,True,TTCTACATCATACGGT-1_contig_3,True,666,TRA,TRAV8-3,None,TRAJ5,TRAC,True,True,CAVGYMDTGRRALTF,TGTGCTGTGGGTTATATGGACACGGGCAGGAGAGCACTTACTTTT,438,3,clonotype3661,clonotype3661_consensus_3
TTCTACATCCACTCCA-1,True,TTCTACATCCACTCCA-1_contig_1,True,553,TRA,TRAV12-2,None,TRAJ4,TRAC,True,True,CAVTLLFSGGYNKLIF,TGTGCCGTGACCCTGCTTTTTTCTGGTGGCTACAATAAGCTGATTTTT,6661,3,clonotype3662,clonotype3662_consensus_1
TTCTACATCCACTCCA-1,True,TTCTACATCCACTCCA-1_contig_2,True,653,TRB,TRBV5-5,None,TRBJ1-6,TRBC1,True,True,CASSLNLDSPLHF,TGTGCCAGCAGCTTGAACCTGGATTCACCCCTCCACTTT,237,2,clonotype3662,clonotype3662_consensus_2
TTCTACATCCACTCCA-1,True,TTCTACATCCACTCCA-1_contig_3,True,313,TRB,None,None,TRBJ2-7,TRBC2,False,False,None,None,970,3,clonotype3662,None
TTCTACATCTAACCGA-1,True,TTCTACATCTAACCGA-1_contig_1,True,489,TRB,TRBV20-1,None,TRBJ2-7,TRBC2,True,True,CSAWGDRFYEQYF,TGCAGTGCCTGGGGGGACAGATTCTACGAGCAGTACTTC,3513,19,clonotype3663,clonotype3663_consensus_1
TTCTACATCTAACCGA-1,True,TTCTACATCTAACCGA-1_contig_2,True,589,TRA,TRAV17,None,TRAJ40,TRAC,True,True,CATDAGTSGTYKYIF,TGTGCTACGGACGCGGGGACCTCAGGAACCTACAAATACATCTTT,1131,5,clonotype3663,clonotype3663_consensus_2
TTCTCAAAGATGTAAC-1,True,TTCTCAAAGATGTAAC-1_contig_1,True,505,TRA,TRAV1-2,None,TRAJ33,TRAC,True,True,CAATDSNYQLIW,TGTGCTGCGACTGATAGCAACTATCAGTTAATCTGG,423,5,clonotype1,clonotype1_consensus_2
TTCTCAAAGATGTAAC-1,True,TTCTCAAAGATGTAAC-1_contig_2,True,514,TRB,TRBV20-1,None,TRBJ2-1,TRBC2,True,True,CSARVGSEVNEQFF,TGCAGTGCTAGAGTGGGGTCGGAAGTCAATGAGCAGTTCTTC,789,5,clonotype1,clonotype1_consensus_1
TTCTCAAAGATGTAAC-1,True,TTCTCAAAGATGTAAC-1_contig_3,True,459,TRA,TRAV10,None,TRAJ24,TRAC,True,False,None,None,507,3,clonotype1,None
TTCTCAAAGCAGCGTA-1,True,TTCTCAAAGCAGCGTA-1_contig_1,True,662,TRA,TRAV8-6,None,TRAJ12,TRAC,True,True,CAVIRMDSSYKLIF,TGTGCTGTGATCCGGATGGATAGCAGCTATAAATTGATCTTC,754,3,clonotype3664,clonotype3664_consensus_1
TTCTCAAAGCAGCGTA-1,True,TTCTCAAAGCAGCGTA-1_contig_2,True,524,TRB,TRBV20-1,None,TRBJ2-1,TRBC2,True,True,CSARLAGGSSYNEQFF,TGCAGTGCTAGGCTAGCGGGGGGGAGCTCCTACAATGAGCAGTTCTTC,2027,10,clonotype3664,clonotype3664_consensus_2
TTCTCAAAGCAGCGTA-1,True,TTCTCAAAGCAGCGTA-1_contig_3,True,509,TRA,TRAV16,None,TRAJ20,TRAC,True,False,None,None,522,2,clonotype3664,None
TTCTCAAAGCAGCGTA-1,True,TTCTCAAAGCAGCGTA-1_contig_4,True,314,TRB,None,None,TRBJ1-4,TRBC1,False,False,None,None,666,1,clonotype3664,None
TTCTCAAAGCAGGCTA-1,True,TTCTCAAAGCAGGCTA-1_contig_1,True,505,TRA,TRAV1-2,None,TRAJ33,TRAC,True,True,CAATDSNYQLIW,TGTGCTGCGACTGATAGCAACTATCAGTTAATCTGG,192,2,clonotype1,clonotype1_consensus_2
TTCTCAAAGCAGGCTA-1,True,TTCTCAAAGCAGGCTA-1_contig_2,True,521,TRB,TRBV20-1,None,TRBJ2-1,TRBC2,True,True,CSARVGSEVNEQFF,TGCAGTGCTAGAGTGGGGTCGGAAGTCAATGAGCAGTTCTTC,1357,10,clonotype1,clonotype1_consensus_1
TTCTCAAAGCGTGAAC-1,True,TTCTCAAAGCGTGAAC-1_contig_1,True,493,TRA,TRAV1-2,None,TRAJ33,TRAC,True,True,CAATDSNYQLIW,TGTGCTGCGACTGATAGCAACTATCAGTTAATCTGG,1752,1,clonotype1,clonotype1_consensus_2
TTCTCAAAGCGTGAAC-1,True,TTCTCAAAGCGTGAAC-1_contig_2,True,498,TRB,TRBV20-1,None,TRBJ2-1,TRBC2,True,True,CSARVGSEVNEQFF,TGCAGTGCTAGAGTGGGGTCGGAAGTCAATGAGCAGTTCTTC,420,4,clonotype1,clonotype1_consensus_1
TTCTCAAAGCTGCGAA-1,True,TTCTCAAAGCTGCGAA-1_contig_1,True,524,TRB,TRBV20-1,None,TRBJ1-5,TRBC1,True,True,CSATPRLGASNQPQHF,TGCAGTGCCACCCCCCGGCTAGGTGCTAGCAATCAGCCCCAGCATTTT,694,3,clonotype3665,clonotype3665_consensus_2
TTCTCAAAGCTGCGAA-1,True,TTCTCAAAGCTGCGAA-1_contig_2,True,477,TRA,TRAV21,None,TRAJ20,TRAC,True,True,CAVWGDDYKLSF,TGTGCTGTGTGGGGGGACGACTACAAGCTCAGCTTT,1521,3,clonotype3665,clonotype3665_consensus_1
TTCTCAAAGGGCACTA-1,True,TTCTCAAAGGGCACTA-1_contig_1,True,671,TRB,TRBV5-6,None,TRBJ2-5,TRBC2,True,True,CASSPRTSGVRYQETQYF,TGTGCCAGCAGCCCGAGGACTAGCGGGGTGAGGTACCAAGAGACCCAGTACTTC,2567,11,clonotype3666,clonotype3666_consensus_2
TTCTCAAAGGGCACTA-1,True,TTCTCAAAGGGCACTA-1_contig_2,True,489,TRA,TRAV9-2,None,TRAJ11,TRAC,True,True,CALSDFRSTLTF,TGTGCTCTGAGTGATTTCCGCAGCACCCTCACCTTT,4623,7,clonotype3666,clonotype3666_consensus_1
TTCTCAAAGTGACATA-1,True,TTCTCAAAGTGACATA-1_contig_1,True,517,TRA,TRAV26-1,None,TRAJ47,TRAC,True,True,CIVRVGGNKLVF,TGCATCGTCAGAGTCGGGGGAAACAAACTGGTCTTT,296,3,clonotype3667,clonotype3667_consensus_2
TTCTCAAAGTGACATA-1,True,TTCTCAAAGTGACATA-1_contig_2,True,657,TRB,TRBV5-6,None,TRBJ2-5,TRBC2,True,True,CASSLGTPGTQYF,TGTGCCAGCAGCTTGGGGACTCCAGGGACCCAGTACTTC,1085,7,clonotype3667,clonotype3667_consensus_1
TTCTCAAAGTGACATA-1,True,TTCTCAAAGTGACATA-1_contig_3,True,326,TRB,None,None,TRBJ2-7,TRBC2,False,False,None,None,408,4,clonotype3667,None
TTCTCAACAAGCCATT-1,True,TTCTCAACAAGCCATT-1_contig_1,True,521,TRB,TRBV20-1,None,TRBJ1-4,TRBC1,True,True,CSARVHPDLEKLFF,TGCAGTGCTAGAGTCCACCCAGACTTAGAAAAACTGTTTTTT,1702,6,clonotype3668,clonotype3668_consensus_1
TTCTCAACAATCGGTT-1,True,TTCTCAACAATCGGTT-1_contig_1,True,505,TRA,TRAV1-2,None,TRAJ33,TRAC,True,True,CAATDSNYQLIW,TGTGCTGCGACTGATAGCAACTATCAGTTAATCTGG,1674,1,clonotype1,clonotype1_consensus_2
TTCTCAACAATCGGTT-1,True,TTCTCAACAATCGGTT-1_contig_2,True,495,TRB,TRBV20-1,None,TRBJ2-1,TRBC2,True,True,CSARVGSEVNEQFF,TGCAGTGCTAGAGTGGGGTCGGAAGTCAATGAGCAGTTCTTC,155,2,clonotype1,clonotype1_consensus_1
TTCTCAACACGAAAGC-1,True,TTCTCAACACGAAAGC-1_contig_1,True,505,TRA,TRAV1-2,None,TRAJ27,TRAC,True,True,CAALTNAGKSTF,TGTGCTGCCCTCACCAATGCAGGCAAATCAACCTTT,464,2,clonotype3669,clonotype3669_consensus_2
TTCTCAACACGAAAGC-1,True,TTCTCAACACGAAAGC-1_contig_2,True,498,TRB,TRBV20-1,None,TRBJ1-6,TRBC1,True,True,CSARNSSYNSPLHF,TGCAGTGCCCGCAACAGCTCCTATAATTCACCCCTCCACTTT,1129,9,clonotype3669,clonotype3669_consensus_1
TTCTCAACACGAAAGC-1,True,TTCTCAACACGAAAGC-1_contig_3,True,320,TRB,None,None,TRBJ2-6,TRBC2,False,False,None,None,742,3,clonotype3669,None
TTCTCAACACGGATAG-1,True,TTCTCAACACGGATAG-1_contig_1,True,505,TRA,TRAV1-2,None,TRAJ33,TRAC,True,True,CAATDSNYQLIW,TGTGCTGCGACTGATAGCAACTATCAGTTAATCTGG,889,3,clonotype1,clonotype1_consensus_2
TTCTCAACACGGATAG-1,True,TTCTCAACACGGATAG-1_contig_2,True,521,TRB,TRBV20-1,None,TRBJ2-1,TRBC2,True,True,CSARVGSEVNEQFF,TGCAGTGCTAGAGTGGGGTCGGAAGTCAATGAGCAGTTCTTC,841,6,clonotype1,clonotype1_consensus_1
TTCTCAACACTATCTT-1,True,TTCTCAACACTATCTT-1_contig_1,True,492,TRB,TRBV20-1,None,TRBJ1-4,TRBC1,True,True,CSARDRTTKLFF,TGCAGTGCTAGGGACAGAACAACCAAACTGTTTTTT,72,4,clonotype3670,clonotype3670_consensus_1
TTCTCAACACTATCTT-1,True,TTCTCAACACTATCTT-1_contig_2,True,521,TRA,TRAV27,None,TRAJ30,TRAC,True,True,CAQEGDDKIIF,TGTGCTCAAGAGGGGGATGACAAGATCATCTTT,399,2,clonotype3670,clonotype3670_consensus_2
TTCTCAACATACTACG-1,True,TTCTCAACATACTACG-1_contig_1,True,515,TRB,TRBV20-1,None,TRBJ2-7,TRBC2,True,True,CSAPMGVDEQYF,TGCAGTGCCCCCATGGGGGTCGACGAGCAGTACTTC,2273,12,clonotype347,clonotype347_consensus_2
TTCTCAACATACTACG-1,True,TTCTCAACATACTACG-1_contig_2,True,514,TRA,TRAV23/DV6,None,TRAJ44,TRAC,True,True,CAASLFTGTASKLTF,TGTGCAGCAAGCCTCTTCACCGGCACTGCCAGTAAACTCACCTTT,857,4,clonotype347,clonotype347_consensus_1
TTCTCAACATCCTAGA-1,True,TTCTCAACATCCTAGA-1_contig_1,True,505,TRA,TRAV1-2,None,TRAJ33,TRAC,True,True,CAATDSNYQLIW,TGTGCTGCGACTGATAGCAACTATCAGTTAATCTGG,294,3,clonotype1,clonotype1_consensus_2
TTCTCAACATCCTAGA-1,True,TTCTCAACATCCTAGA-1_contig_2,True,521,TRB,TRBV20-1,None,TRBJ2-1,TRBC2,True,True,CSARVGSEVNEQFF,TGCAGTGCTAGAGTGGGGTCGGAAGTCAATGAGCAGTTCTTC,2025,9,clonotype1,clonotype1_consensus_1
TTCTCAAGTAGAGGAA-1,True,TTCTCAAGTAGAGGAA-1_contig_1,True,529,TRA,TRAV14/DV4,None,TRAJ42,TRAC,True,True,CAMREASGGSQGNLIF,TGTGCAATGAGAGAGGCCTCCGGCGGAAGCCAAGGAAATCTCATCTTT,958,7,clonotype163,clonotype163_consensus_2
TTCTCAAGTAGAGGAA-1,True,TTCTCAAGTAGAGGAA-1_contig_2,True,670,TRB,TRBV5-6,None,TRBJ2-3,TRBC2,True,True,CASSSPGLAGGPDTQYF,TGTGCCAGCAGCTCACCGGGACTAGCGGGGGGTCCAGATACGCAGTATTTT,2386,11,clonotype163,clonotype163_consensus_1
TTCTCAAGTAGAGGAA-1,True,TTCTCAAGTAGAGGAA-1_contig_3,True,484,TRB,TRBV21-1,None,TRBJ1-5,TRBC1,True,False,CASSKGPLSNQPQHF,TGTGCCAGCAGCAAAGGACCGCTTAGCAATCAGCCCCAGCATTTT,735,5,clonotype163,None
TTCTCAAGTCATGCAT-1,True,TTCTCAAGTCATGCAT-1_contig_1,True,467,TRA,TRAV1-2,None,TRAJ33,TRAC,True,True,CAATDSNYQLIW,TGTGCTGCGACTGATAGCAACTATCAGTTAATCTGG,49,1,clonotype1,clonotype1_consensus_2
TTCTCAAGTCATGCAT-1,True,TTCTCAAGTCATGCAT-1_contig_2,True,521,TRB,TRBV20-1,None,TRBJ2-1,TRBC2,True,True,CSARVGSEVNEQFF,TGCAGTGCTAGAGTGGGGTCGGAAGTCAATGAGCAGTTCTTC,867,8,clonotype1,clonotype1_consensus_1
TTCTCAAGTCATGCAT-1,True,TTCTCAAGTCATGCAT-1_contig_3,True,467,TRA,TRAV10,None,TRAJ24,TRAC,True,False,None,None,190,2,clonotype1,None
TTCTCAAGTCCCGACA-1,True,TTCTCAAGTCCCGACA-1_contig_1,True,518,TRB,TRBV20-1,None,TRBJ1-5,TRBC1,True,True,CSARAQGNQPQHF,TGCAGTGCTAGAGCGCAGGGAAATCAGCCCCAGCATTTT,2357,12,clonotype3671,clonotype3671_consensus_1
TTCTCAAGTCCCGACA-1,True,TTCTCAAGTCCCGACA-1_contig_2,True,523,TRA,TRAV14/DV4,None,TRAJ9,TRAC,True,True,CAMRENTGGFKTIF,TGTGCAATGAGAGAGAATACTGGAGGCTTCAAAACTATCTTT,2952,4,clonotype3671,clonotype3671_consensus_2
TTCTCAAGTCCTAGCG-1,True,TTCTCAAGTCCTAGCG-1_contig_1,True,495,TRB,TRBV20-1,None,TRBJ1-1,TRBC1,True,True,CSSPGTENTEAFF,TGCAGTTCCCCCGGGACAGAGAACACTGAAGCTTTCTTT,890,10,clonotype3672,clonotype3672_consensus_2
TTCTCAAGTCCTAGCG-1,True,TTCTCAAGTCCTAGCG-1_contig_2,True,631,TRA,TRAV8-6,None,TRAJ9,TRAC,True,True,CAAGTGGFKTIF,TGTGCTGCGGGTACTGGAGGCTTCAAAACTATCTTT,192,2,clonotype3672,clonotype3672_consensus_1
TTCTCAAGTCCTAGCG-1,True,TTCTCAAGTCCTAGCG-1_contig_3,True,333,TRA,TRAV1-1,None,TRAJ6,TRAC,True,False,None,None,62,1,clonotype3672,None
TTCTCAATCCAAACTG-1,True,TTCTCAATCCAAACTG-1_contig_1,True,561,TRA,TRAV12-1,None,TRAJ6,TRAC,True,True,CVVSSASGGSYIPTF,TGTGTGGTGAGCTCTGCATCAGGAGGAAGCTACATACCTACATTT,342,7,clonotype3673,clonotype3673_consensus_1
TTCTCAATCCAAACTG-1,True,TTCTCAATCCAAACTG-1_contig_2,True,668,TRB,TRBV5-6,None,TRBJ1-2,TRBC1,True,True,CASTPGGGWANYGYTF,TGTGCCAGCACCCCGGGGGGGGGGTGGGCCAACTATGGCTACACCTTC,589,5,clonotype3673,clonotype3673_consensus_2
TTCTCAATCCCTTGCA-1,True,TTCTCAATCCCTTGCA-1_contig_1,True,505,TRA,TRAV1-2,None,TRAJ33,TRAC,True,True,CAATDSNYQLIW,TGTGCTGCGACTGATAGCAACTATCAGTTAATCTGG,1193,1,clonotype1,clonotype1_consensus_2
TTCTCAATCCCTTGCA-1,True,TTCTCAATCCCTTGCA-1_contig_2,True,521,TRB,TRBV20-1,None,TRBJ2-1,TRBC2,True,True,CSARVGSEVNEQFF,TGCAGTGCTAGAGTGGGGTCGGAAGTCAATGAGCAGTTCTTC,1396,7,clonotype1,clonotype1_consensus_1
TTCTCAATCCTAGGGC-1,True,TTCTCAATCCTAGGGC-1_contig_1,True,521,TRB,TRBV20-1,None,TRBJ2-1,TRBC2,True,True,CSARVGSEVNEQFF,TGCAGTGCTAGAGTGGGGTCGGAAGTCAATGAGCAGTTCTTC,1915,10,clonotype2,clonotype2_consensus_1
TTCTCAATCCTAGGGC-1,True,TTCTCAATCCTAGGGC-1_contig_2,True,465,TRA,TRAV10,None,TRAJ24,TRAC,True,False,None,None,263,2,clonotype2,None
TTCTCAATCCTTCAAT-1,True,TTCTCAATCCTTCAAT-1_contig_1,True,521,TRB,TRBV20-1,None,TRBJ2-1,TRBC2,True,True,CSARVGSEVNEQFF,TGCAGTGCTAGAGTGGGGTCGGAAGTCAATGAGCAGTTCTTC,1134,11,clonotype2,clonotype2_consensus_1
TTCTCAATCCTTCAAT-1,True,TTCTCAATCCTTCAAT-1_contig_2,True,346,TRA,TRAV1-2,None,TRAJ33,TRAC,True,False,CAATDSNYQLIW,TGTGCTGCGACTGATAGCAACTATCAGTTAATCTGG,422,2,clonotype2,None
TTCTCAATCCTTCAAT-1,True,TTCTCAATCCTTCAAT-1_contig_3,True,482,TRA,TRAV10,None,TRAJ24,TRAC,True,False,None,None,358,2,clonotype2,None
TTCTCAATCGATAGAA-1,True,TTCTCAATCGATAGAA-1_contig_1,True,472,TRA,TRAV25,None,TRAJ42,TRAC,True,True,CAGPGYGSGGSQGNLIF,TGTGCAGGGCCGGGTTATGGAAGTGGAGGAAGCCAAGGAAATCTCATCTTT,807,3,clonotype3674,clonotype3674_consensus_2
TTCTCAATCGATAGAA-1,True,TTCTCAATCGATAGAA-1_contig_2,True,493,TRB,TRBV5-6,None,TRBJ2-3,TRBC2,True,True,CASSPTAGSTDTQYF,TGTGCCAGCAGCCCTACAGCGGGGAGCACAGATACGCAGTATTTT,353,5,clonotype3674,clonotype3674_consensus_1
TTCTCAATCTCTTGAT-1,True,TTCTCAATCTCTTGAT-1_contig_1,True,521,TRB,TRBV20-1,None,TRBJ2-1,TRBC2,True,True,CSARVGSEVNEQFF,TGCAGTGCTAGAGTGGGGTCGGAAGTCAATGAGCAGTTCTTC,921,7,clonotype2,clonotype2_consensus_1
TTCTCAATCTGTCTCG-1,True,TTCTCAATCTGTCTCG-1_contig_1,True,505,TRA,TRAV1-2,None,TRAJ33,TRAC,True,True,CAATDSNYQLIW,TGTGCTGCGACTGATAGCAACTATCAGTTAATCTGG,2902,6,clonotype1,clonotype1_consensus_2
TTCTCAATCTGTCTCG-1,True,TTCTCAATCTGTCTCG-1_contig_2,True,485,TRB,TRBV20-1,None,TRBJ2-1,TRBC2,True,True,CSARVGSEVNEQFF,TGCAGTGCTAGAGTGGGGTCGGAAGTCAATGAGCAGTTCTTC,632,11,clonotype1,clonotype1_consensus_1
TTCTCAATCTGTCTCG-1,True,TTCTCAATCTGTCTCG-1_contig_3,True,435,TRA,TRAV10,None,TRAJ24,TRAC,True,False,None,None,155,2,clonotype1,None
TTCTCCTAGAGACTAT-1,True,TTCTCCTAGAGACTAT-1_contig_1,True,521,TRB,TRBV20-1,None,TRBJ1-5,TRBC1,True,True,CSAPVQGSSPPQHF,TGCAGTGCTCCAGTGCAGGGATCATCTCCGCCCCAGCATTTT,2337,5,clonotype367,clonotype367_consensus_1
TTCTCCTAGATCCTGT-1,True,TTCTCCTAGATCCTGT-1_contig_1,True,484,TRA,TRAV35,None,TRAJ40,TRAC,True,True,CAGRPDSGTYKYIF,TGTGCTGGTCGCCCGGACTCAGGAACCTACAAATACATCTTT,1805,3,clonotype10,clonotype10_consensus_2
TTCTCCTAGATCCTGT-1,True,TTCTCCTAGATCCTGT-1_contig_2,True,524,TRB,TRBV20-1,None,TRBJ1-2,TRBC1,True,True,CSARDQTGVNYGYTF,TGCAGTGCTAGAGACCAGACAGGGGTTAACTATGGCTACACCTTC,1376,7,clonotype10,clonotype10_consensus_1
TTCTCCTAGATCCTGT-1,True,TTCTCCTAGATCCTGT-1_contig_3,True,540,TRA,TRAV16,None,TRAJ20,TRAC,True,False,None,None,472,4,clonotype10,None
TTCTCCTAGCTCTCGG-1,True,TTCTCCTAGCTCTCGG-1_contig_1,True,505,TRA,TRAV1-2,None,TRAJ33,TRAC,True,True,CAATDSNYQLIW,TGTGCTGCGACTGATAGCAACTATCAGTTAATCTGG,159,4,clonotype1,clonotype1_consensus_2
TTCTCCTAGCTCTCGG-1,True,TTCTCCTAGCTCTCGG-1_contig_2,True,473,TRB,TRBV20-1,None,TRBJ2-1,TRBC2,True,True,CSARVGSEVNEQFF,TGCAGTGCTAGAGTGGGGTCGGAAGTCAATGAGCAGTTCTTC,351,4,clonotype1,clonotype1_consensus_1
TTCTCCTCAAAGCGGT-1,True,TTCTCCTCAAAGCGGT-1_contig_1,True,570,TRA,TRAV12-1,None,TRAJ9,TRAC,True,True,CVVTRNTGGFKTIF,TGTGTGGTGACACGAAATACTGGAGGCTTCAAAACTATCTTT,544,2,clonotype5,clonotype5_consensus_2
TTCTCCTCAAAGCGGT-1,True,TTCTCCTCAAAGCGGT-1_contig_2,True,504,TRB,TRBV20-1,None,TRBJ1-5,TRBC1,True,True,CSARDDNRAKSFNQPQHF,TGCAGTGCTAGAGACGACAACCGGGCCAAATCCTTCAATCAGCCCCAGCATTTT,130,7,clonotype5,clonotype5_consensus_1
TTCTCCTCAAGAAGAG-1,True,TTCTCCTCAAGAAGAG-1_contig_1,True,505,TRA,TRAV1-2,None,TRAJ33,TRAC,True,True,CAATDSNYQLIW,TGTGCTGCGACTGATAGCAACTATCAGTTAATCTGG,623,1,clonotype1,clonotype1_consensus_2
TTCTCCTCAAGAAGAG-1,True,TTCTCCTCAAGAAGAG-1_contig_2,True,521,TRB,TRBV20-1,None,TRBJ2-1,TRBC2,True,True,CSARVGSEVNEQFF,TGCAGTGCTAGAGTGGGGTCGGAAGTCAATGAGCAGTTCTTC,3746,13,clonotype1,clonotype1_consensus_1
TTCTCCTCAAGAAGAG-1,True,TTCTCCTCAAGAAGAG-1_contig_3,True,467,TRA,TRAV10,None,TRAJ24,TRAC,True,False,None,None,3517,2,clonotype1,None
TTCTCCTCACCCATGG-1,True,TTCTCCTCACCCATGG-1_contig_1,True,485,TRA,TRAV35,None,TRAJ40,TRAC,True,True,CAGRPDSGTYKYIF,TGTGCTGGTCGCCCGGACTCAGGAACCTACAAATACATCTTT,805,4,clonotype10,clonotype10_consensus_2
TTCTCCTCACCCATGG-1,True,TTCTCCTCACCCATGG-1_contig_2,True,524,TRB,TRBV20-1,None,TRBJ1-2,TRBC1,True,True,CSARDQTGVNYGYTF,TGCAGTGCTAGAGACCAGACAGGGGTTAACTATGGCTACACCTTC,1050,8,clonotype10,clonotype10_consensus_1
TTCTCCTCACCCATGG-1,True,TTCTCCTCACCCATGG-1_contig_3,True,537,TRA,TRAV16,None,TRAJ20,TRAC,True,False,None,None,616,5,clonotype10,None
TTCTCCTCACGCCAGT-1,True,TTCTCCTCACGCCAGT-1_contig_1,True,505,TRA,TRAV1-2,None,TRAJ33,TRAC,True,True,CAATDSNYQLIW,TGTGCTGCGACTGATAGCAACTATCAGTTAATCTGG,208,2,clonotype1,clonotype1_consensus_2
TTCTCCTCACGCCAGT-1,True,TTCTCCTCACGCCAGT-1_contig_2,True,521,TRB,TRBV20-1,None,TRBJ2-1,TRBC2,True,True,CSARVGSEVNEQFF,TGCAGTGCTAGAGTGGGGTCGGAAGTCAATGAGCAGTTCTTC,1922,10,clonotype1,clonotype1_consensus_1
TTCTCCTCAGACGCAA-1,True,TTCTCCTCAGACGCAA-1_contig_1,True,521,TRB,TRBV20-1,None,TRBJ1-2,TRBC1,True,True,CSASPLTAPYGYTF,TGCAGTGCTTCCCCGCTGACAGCACCCTATGGCTACACCTTC,2655,12,clonotype3675,clonotype3675_consensus_1
TTCTCCTCAGACGCAA-1,True,TTCTCCTCAGACGCAA-1_contig_2,True,372,TRA,TRAV1-2,None,TRAJ31,TRAC,True,False,CAVRALGNARLMF,TGTGCTGTGAGAGCCCTAGGCAATGCCAGACTCATGTTT,23,4,clonotype3675,None
TTCTCCTCAGGGTTAG-1,True,TTCTCCTCAGGGTTAG-1_contig_1,True,505,TRA,TRAV1-2,None,TRAJ33,TRAC,True,True,CAATDSNYQLIW,TGTGCTGCGACTGATAGCAACTATCAGTTAATCTGG,244,3,clonotype1,clonotype1_consensus_2
TTCTCCTCAGGGTTAG-1,True,TTCTCCTCAGGGTTAG-1_contig_2,True,521,TRB,TRBV20-1,None,TRBJ2-1,TRBC2,True,True,CSARVGSEVNEQFF,TGCAGTGCTAGAGTGGGGTCGGAAGTCAATGAGCAGTTCTTC,1976,8,clonotype1,clonotype1_consensus_1
TTCTCCTGTAAAGGAG-1,True,TTCTCCTGTAAAGGAG-1_contig_1,True,505,TRA,TRAV1-2,None,TRAJ33,TRAC,True,True,CAATDSNYQLIW,TGTGCTGCGACTGATAGCAACTATCAGTTAATCTGG,3393,6,clonotype1,clonotype1_consensus_2
TTCTCCTGTAAAGGAG-1,True,TTCTCCTGTAAAGGAG-1_contig_2,True,521,TRB,TRBV20-1,None,TRBJ2-1,TRBC2,True,True,CSARVGSEVNEQFF,TGCAGTGCTAGAGTGGGGTCGGAAGTCAATGAGCAGTTCTTC,2475,10,clonotype1,clonotype1_consensus_1
TTCTCCTGTAAGTGTA-1,True,TTCTCCTGTAAGTGTA-1_contig_1,True,502,TRA,TRAV1-2,None,TRAJ33,TRAC,True,True,CAATDSNYQLIW,TGTGCTGCGACTGATAGCAACTATCAGTTAATCTGG,292,2,clonotype1,clonotype1_consensus_2
TTCTCCTGTAAGTGTA-1,True,TTCTCCTGTAAGTGTA-1_contig_2,True,495,TRB,TRBV20-1,None,TRBJ2-1,TRBC2,True,True,CSARVGSEVNEQFF,TGCAGTGCTAGAGTGGGGTCGGAAGTCAATGAGCAGTTCTTC,1824,10,clonotype1,clonotype1_consensus_1
TTCTCCTGTAGATTAG-1,True,TTCTCCTGTAGATTAG-1_contig_1,True,624,TRA,TRAV3,None,TRAJ28,TRAC,True,True,CAVTEGSGAGSYQLTF,TGTGCTGTGACGGAGGGGTCTGGGGCTGGGAGTTACCAACTCACTTTC,742,2,clonotype384,clonotype384_consensus_1
TTCTCCTGTAGATTAG-1,True,TTCTCCTGTAGATTAG-1_contig_2,True,529,TRA,TRAV14/DV4,None,TRAJ42,TRAC,True,True,CAMREASGGSQGNLIF,TGTGCAATGAGAGAGGCCTCCGGCGGAAGCCAAGGAAATCTCATCTTT,961,8,clonotype384,clonotype384_consensus_3
TTCTCCTGTAGATTAG-1,True,TTCTCCTGTAGATTAG-1_contig_3,True,667,TRB,TRBV5-6,None,TRBJ2-3,TRBC2,True,True,CASSSPGLAGGPDTQYF,TGTGCCAGCAGCTCACCGGGACTAGCGGGGGGTCCAGATACGCAGTATTTT,1978,17,clonotype384,clonotype384_consensus_2
TTCTCCTGTAGATTAG-1,True,TTCTCCTGTAGATTAG-1_contig_4,True,486,TRB,TRBV21-1,None,TRBJ1-5,TRBC1,True,False,CASSKGPLSNQPQHF,TGTGCCAGCAGCAAAGGACCGCTTAGCAATCAGCCCCAGCATTTT,874,6,clonotype384,None
TTCTCCTGTAGCCTCG-1,True,TTCTCCTGTAGCCTCG-1_contig_1,True,505,TRA,TRAV1-2,None,TRAJ33,TRAC,True,True,CAATDSNYQLIW,TGTGCTGCGACTGATAGCAACTATCAGTTAATCTGG,1490,5,clonotype1,clonotype1_consensus_2
TTCTCCTGTAGCCTCG-1,True,TTCTCCTGTAGCCTCG-1_contig_2,True,521,TRB,TRBV20-1,None,TRBJ2-1,TRBC2,True,True,CSARVGSEVNEQFF,TGCAGTGCTAGAGTGGGGTCGGAAGTCAATGAGCAGTTCTTC,988,15,clonotype1,clonotype1_consensus_1
TTCTCCTGTAGCCTCG-1,True,TTCTCCTGTAGCCTCG-1_contig_3,True,459,TRA,TRAV10,None,TRAJ24,TRAC,True,False,None,None,536,4,clonotype1,None
TTCTCCTGTAGCGCTC-1,True,TTCTCCTGTAGCGCTC-1_contig_1,True,505,TRA,TRAV1-2,None,TRAJ33,TRAC,True,True,CAATDSNYQLIW,TGTGCTGCGACTGATAGCAACTATCAGTTAATCTGG,395,6,clonotype1,clonotype1_consensus_2
TTCTCCTGTAGCGCTC-1,True,TTCTCCTGTAGCGCTC-1_contig_2,True,521,TRB,TRBV20-1,None,TRBJ2-1,TRBC2,True,True,CSARVGSEVNEQFF,TGCAGTGCTAGAGTGGGGTCGGAAGTCAATGAGCAGTTCTTC,1135,6,clonotype1,clonotype1_consensus_1
TTCTCCTGTAGCGCTC-1,True,TTCTCCTGTAGCGCTC-1_contig_3,True,306,TRB,None,None,TRBJ2-5,TRBC2,False,False,None,None,477,4,clonotype1,None
TTCTCCTGTAGGGACT-1,True,TTCTCCTGTAGGGACT-1_contig_1,True,521,TRB,TRBV20-1,None,TRBJ2-1,TRBC2,True,True,CSARVGSEVNEQFF,TGCAGTGCTAGAGTGGGGTCGGAAGTCAATGAGCAGTTCTTC,183,6,clonotype2,clonotype2_consensus_1
TTCTCCTGTATATGAG-1,True,TTCTCCTGTATATGAG-1_contig_1,True,495,TRB,TRBV20-1,None,TRBJ2-3,TRBC2,True,True,CSPHPPRSETQYF,TGCAGTCCGCATCCCCCTCGGTCGGAGACGCAGTATTTT,2920,6,clonotype3676,clonotype3676_consensus_1
TTCTCCTGTGGCAAAC-1,True,TTCTCCTGTGGCAAAC-1_contig_1,True,481,TRB,TRBV5-6,None,TRBJ1-5,TRBC1,True,True,CASSFRGGANQPQHF,TGTGCCAGCAGCTTTCGAGGGGGCGCGAATCAGCCCCAGCATTTT,337,9,clonotype36,clonotype36_consensus_1
TTCTCCTGTGTTGGGA-1,True,TTCTCCTGTGTTGGGA-1_contig_1,True,502,TRA,TRAV1-2,None,TRAJ33,TRAC,True,True,CAATDSNYQLIW,TGTGCTGCGACTGATAGCAACTATCAGTTAATCTGG,91,4,clonotype1,clonotype1_consensus_2
TTCTCCTGTGTTGGGA-1,True,TTCTCCTGTGTTGGGA-1_contig_2,True,498,TRB,TRBV20-1,None,TRBJ2-1,TRBC2,True,True,CSARVGSEVNEQFF,TGCAGTGCTAGAGTGGGGTCGGAAGTCAATGAGCAGTTCTTC,2527,11,clonotype1,clonotype1_consensus_1
TTCTCCTGTTGGTGGA-1,True,TTCTCCTGTTGGTGGA-1_contig_1,True,505,TRA,TRAV1-2,None,TRAJ33,TRAC,True,True,CAATDSNYQLIW,TGTGCTGCGACTGATAGCAACTATCAGTTAATCTGG,1983,1,clonotype1,clonotype1_consensus_2
TTCTCCTGTTGGTGGA-1,True,TTCTCCTGTTGGTGGA-1_contig_2,True,521,TRB,TRBV20-1,None,TRBJ2-1,TRBC2,True,True,CSARVGSEVNEQFF,TGCAGTGCTAGAGTGGGGTCGGAAGTCAATGAGCAGTTCTTC,1317,8,clonotype1,clonotype1_consensus_1
TTCTCCTGTTGGTGGA-1,True,TTCTCCTGTTGGTGGA-1_contig_3,True,482,TRA,TRAV10,None,TRAJ24,TRAC,True,False,None,None,641,2,clonotype1,None
TTCTCCTTCACCGGGT-1,True,TTCTCCTTCACCGGGT-1_contig_1,True,505,TRA,TRAV1-2,None,TRAJ33,TRAC,True,True,CAATDSNYQLIW,TGTGCTGCGACTGATAGCAACTATCAGTTAATCTGG,450,3,clonotype1,clonotype1_consensus_2
TTCTCCTTCACCGGGT-1,True,TTCTCCTTCACCGGGT-1_contig_2,True,521,TRB,TRBV20-1,None,TRBJ2-1,TRBC2,True,True,CSARVGSEVNEQFF,TGCAGTGCTAGAGTGGGGTCGGAAGTCAATGAGCAGTTCTTC,807,5,clonotype1,clonotype1_consensus_1
TTCTCCTTCACCGGGT-1,True,TTCTCCTTCACCGGGT-1_contig_3,True,482,TRA,TRAV10,None,TRAJ24,TRAC,True,False,None,None,242,2,clonotype1,None
TTCTCCTTCCTCGCAT-1,True,TTCTCCTTCCTCGCAT-1_contig_1,True,505,TRA,TRAV1-2,None,TRAJ33,TRAC,True,True,CAATDSNYQLIW,TGTGCTGCGACTGATAGCAACTATCAGTTAATCTGG,231,3,clonotype1,clonotype1_consensus_2
TTCTCCTTCCTCGCAT-1,True,TTCTCCTTCCTCGCAT-1_contig_2,True,521,TRB,TRBV20-1,None,TRBJ2-1,TRBC2,True,True,CSARVGSEVNEQFF,TGCAGTGCTAGAGTGGGGTCGGAAGTCAATGAGCAGTTCTTC,1284,8,clonotype1,clonotype1_consensus_1
TTCTCCTTCCTTAATC-1,True,TTCTCCTTCCTTAATC-1_contig_1,True,505,TRA,TRAV1-2,None,TRAJ33,TRAC,True,True,CAATDSNYQLIW,TGTGCTGCGACTGATAGCAACTATCAGTTAATCTGG,692,4,clonotype1,clonotype1_consensus_2
TTCTCCTTCCTTAATC-1,True,TTCTCCTTCCTTAATC-1_contig_2,True,521,TRB,TRBV20-1,None,TRBJ2-1,TRBC2,True,True,CSARVGSEVNEQFF,TGCAGTGCTAGAGTGGGGTCGGAAGTCAATGAGCAGTTCTTC,782,7,clonotype1,clonotype1_consensus_1
TTCTCCTTCCTTAATC-1,True,TTCTCCTTCCTTAATC-1_contig_3,True,517,TRA,TRAV10,None,TRAJ24,TRAC,True,False,None,None,70,2,clonotype1,None
TTCTCCTTCGTGGACC-1,True,TTCTCCTTCGTGGACC-1_contig_1,True,502,TRA,TRAV1-2,None,TRAJ33,TRAC,True,True,CAATDSNYQLIW,TGTGCTGCGACTGATAGCAACTATCAGTTAATCTGG,270,1,clonotype1,clonotype1_consensus_2
TTCTCCTTCGTGGACC-1,True,TTCTCCTTCGTGGACC-1_contig_2,True,521,TRB,TRBV20-1,None,TRBJ2-1,TRBC2,True,True,CSARVGSEVNEQFF,TGCAGTGCTAGAGTGGGGTCGGAAGTCAATGAGCAGTTCTTC,631,8,clonotype1,clonotype1_consensus_1
TTCTCCTTCGTGGACC-1,True,TTCTCCTTCGTGGACC-1_contig_3,True,459,TRA,TRAV10,None,TRAJ24,TRAC,True,False,None,None,60,3,clonotype1,None
TTCTCCTTCGTTGCCT-1,True,TTCTCCTTCGTTGCCT-1_contig_1,True,508,TRA,TRAV1-2,None,TRAJ38,TRAC,True,True,CAVYAGNNRKLIW,TGCGCTGTGTACGCTGGCAACAACCGTAAGCTGATTTGG,263,1,clonotype3677,clonotype3677_consensus_2
TTCTCCTTCGTTGCCT-1,True,TTCTCCTTCGTTGCCT-1_contig_2,True,505,TRA,TRAV1-2,None,TRAJ6,TRAC,True,True,CAVQGGSYIPTF,TGTGCTGTGCAAGGAGGAAGCTACATACCTACATTT,255,5,clonotype3677,clonotype3677_consensus_1
TTCTCCTTCGTTGCCT-1,True,TTCTCCTTCGTTGCCT-1_contig_3,True,316,TRB,None,None,TRBJ2-1,TRBC2,False,False,None,None,465,5,clonotype3677,None
TTCTTAGAGACTAGAT-1,True,TTCTTAGAGACTAGAT-1_contig_1,True,495,TRB,TRBV20-1,None,TRBJ2-2,TRBC2,True,True,CSARGTGTGELFF,TGCAGTGCTAGAGGGACAGGGACCGGGGAGCTGTTTTTT,562,4,clonotype3678,clonotype3678_consensus_1
TTCTTAGAGACTAGAT-1,True,TTCTTAGAGACTAGAT-1_contig_2,True,528,TRA,TRAV9-2,None,TRAJ54,TRAC,True,False,CALSGGGAQKLVF,TGTGCTCTGAGTGGGGGGGGAGCCCAGAAGCTGGTATTT,69,2,clonotype3678,None
TTCTTAGAGCACGCCT-1,True,TTCTTAGAGCACGCCT-1_contig_1,True,473,TRA,TRAV2,None,TRAJ15,TRAC,True,True,CAVDPYQAGTALIF,TGTGCTGTGGATCCTTACCAGGCAGGAACTGCTCTGATCTTT,1527,4,clonotype3679,clonotype3679_consensus_1
TTCTTAGAGCACGCCT-1,True,TTCTTAGAGCACGCCT-1_contig_2,True,498,TRB,TRBV20-1,None,TRBJ1-1,TRBC1,True,True,CSARGQKVNTEAFF,TGCAGTGCTAGAGGACAGAAGGTGAACACTGAAGCTTTCTTT,2397,14,clonotype3679,clonotype3679_consensus_2
TTCTTAGAGCTGTTCA-1,True,TTCTTAGAGCTGTTCA-1_contig_1,True,505,TRA,TRAV1-2,None,TRAJ33,TRAC,True,True,CAATDSNYQLIW,TGTGCTGCGACTGATAGCAACTATCAGTTAATCTGG,2146,4,clonotype1,clonotype1_consensus_2
TTCTTAGAGCTGTTCA-1,True,TTCTTAGAGCTGTTCA-1_contig_2,True,485,TRB,TRBV20-1,None,TRBJ2-1,TRBC2,True,True,CSARVGSEVNEQFF,TGCAGTGCTAGAGTGGGGTCGGAAGTCAATGAGCAGTTCTTC,1016,9,clonotype1,clonotype1_consensus_1
TTCTTAGCAACTGCTA-1,True,TTCTTAGCAACTGCTA-1_contig_1,True,512,TRA,TRAV25,None,TRAJ52,TRAC,True,True,CAGPWGGTSYGKLTF,TGTGCAGGGCCGTGGGGTGGTACTAGCTATGGAAAGCTGACATTT,469,4,clonotype3680,clonotype3680_consensus_1
TTCTTAGCAACTGCTA-1,True,TTCTTAGCAACTGCTA-1_contig_2,True,518,TRB,TRBV20-1,None,TRBJ2-3,TRBC2,True,True,CSARYGGIDTQYF,TGCAGTGCTAGATACGGGGGCATTGATACGCAGTATTTT,386,5,clonotype3680,clonotype3680_consensus_2
TTCTTAGCAACTGCTA-1,True,TTCTTAGCAACTGCTA-1_contig_3,True,423,TRB,TRBV7-3,None,TRBJ1-2,TRBC1,True,False,CQQPRMARVYGYTF,TGCCAGCAGCCTAGGATGGCAAGGGTCTATGGCTACACCTTC,874,3,clonotype3680,None
TTCTTAGCAACTGCTA-1,True,TTCTTAGCAACTGCTA-1_contig_4,True,447,TRA,TRAV13-1,None,TRAJ54,TRAC,True,False,None,None,487,3,clonotype3680,None
TTCTTAGCACGCGAAA-1,True,TTCTTAGCACGCGAAA-1_contig_1,True,505,TRA,TRAV1-2,None,TRAJ33,TRAC,True,True,CAATDSNYQLIW,TGTGCTGCGACTGATAGCAACTATCAGTTAATCTGG,3205,4,clonotype1,clonotype1_consensus_2
TTCTTAGCACGCGAAA-1,True,TTCTTAGCACGCGAAA-1_contig_2,True,521,TRB,TRBV20-1,None,TRBJ2-1,TRBC2,True,True,CSARVGSEVNEQFF,TGCAGTGCTAGAGTGGGGTCGGAAGTCAATGAGCAGTTCTTC,308,5,clonotype1,clonotype1_consensus_1
TTCTTAGCACGCGAAA-1,True,TTCTTAGCACGCGAAA-1_contig_3,True,471,TRA,TRAV10,None,TRAJ24,TRAC,True,False,None,None,1107,3,clonotype1,None
TTCTTAGCACTCAGGC-1,True,TTCTTAGCACTCAGGC-1_contig_1,True,505,TRA,TRAV1-2,None,TRAJ33,TRAC,True,True,CAATDSNYQLIW,TGTGCTGCGACTGATAGCAACTATCAGTTAATCTGG,465,3,clonotype1,clonotype1_consensus_2
TTCTTAGCACTCAGGC-1,True,TTCTTAGCACTCAGGC-1_contig_2,True,498,TRB,TRBV20-1,None,TRBJ2-1,TRBC2,True,True,CSARVGSEVNEQFF,TGCAGTGCTAGAGTGGGGTCGGAAGTCAATGAGCAGTTCTTC,944,7,clonotype1,clonotype1_consensus_1
TTCTTAGCAGATAATG-1,True,TTCTTAGCAGATAATG-1_contig_1,True,488,TRA,TRAV38-2/DV8,None,TRAJ40,TRAC,True,True,CAYRSATYKYIF,TGTGCTTATAGGAGCGCGACCTACAAATACATCTTT,131,2,clonotype3681,clonotype3681_consensus_1
TTCTTAGCAGATAATG-1,True,TTCTTAGCAGATAATG-1_contig_2,True,512,TRB,TRBV20-1,None,TRBJ1-1,TRBC1,True,True,CSASGTGEAFF,TGCAGTGCTTCGGGGACAGGCGAAGCTTTCTTT,2972,12,clonotype3681,clonotype3681_consensus_2
TTCTTAGCATGGATGG-1,True,TTCTTAGCATGGATGG-1_contig_1,True,565,TRA,TRAV26-1,None,TRAJ49,TRAC,True,True,CIVNTGNQFYF,TGCATCGTTAACACCGGTAACCAGTTCTATTTT,827,4,clonotype85,clonotype85_consensus_1
TTCTTAGCATGGATGG-1,True,TTCTTAGCATGGATGG-1_contig_2,True,527,TRB,TRBV20-1,None,TRBJ1-1,TRBC1,True,True,CSAKRSDRVQNTEAFF,TGCAGTGCCAAACGGTCGGACAGGGTTCAGAACACTGAAGCTTTCTTT,2372,13,clonotype85,clonotype85_consensus_2
TTCTTAGCATGGATGG-1,True,TTCTTAGCATGGATGG-1_contig_3,True,528,TRA,TRAV19,None,TRAJ34,None,True,False,CALSIEHRQAHLWDW,TGTGCTCTGAGTATAGAACACCGACAAGCTCATCTTTGGGACTGG,90,2,clonotype85,None
TTCTTAGGTAGGACAC-1,True,TTCTTAGGTAGGACAC-1_contig_1,True,521,TRB,TRBV20-1,None,TRBJ2-1,TRBC2,True,True,CSARVGSEVNEQFF,TGCAGTGCTAGAGTGGGGTCGGAAGTCAATGAGCAGTTCTTC,1224,9,clonotype2,clonotype2_consensus_1
TTCTTAGGTAGGACAC-1,True,TTCTTAGGTAGGACAC-1_contig_2,True,457,TRA,TRAV10,None,TRAJ24,TRAC,True,False,None,None,545,2,clonotype2,None
TTCTTAGGTATGCTTG-1,True,TTCTTAGGTATGCTTG-1_contig_1,True,505,TRA,TRAV1-2,None,TRAJ33,TRAC,True,True,CAATDSNYQLIW,TGTGCTGCGACTGATAGCAACTATCAGTTAATCTGG,778,7,clonotype1,clonotype1_consensus_2
TTCTTAGGTATGCTTG-1,True,TTCTTAGGTATGCTTG-1_contig_2,True,496,TRB,TRBV20-1,None,TRBJ2-1,TRBC2,True,True,CSARVGSEVNEQFF,TGCAGTGCTAGAGTGGGGTCGGAAGTCAATGAGCAGTTCTTC,310,6,clonotype1,clonotype1_consensus_1
TTCTTAGGTCACTGGC-1,True,TTCTTAGGTCACTGGC-1_contig_1,True,521,TRB,TRBV20-1,None,TRBJ2-2,TRBC2,True,True,CSAREPGSTGELFF,TGCAGTGCTAGAGAGCCGGGGTCCACCGGGGAGCTGTTTTTT,501,12,clonotype301,clonotype301_consensus_1
TTCTTAGGTCACTGGC-1,True,TTCTTAGGTCACTGGC-1_contig_2,True,506,TRA,TRAV13-2,None,TRAJ15,TRAC,True,True,CAERSAGTALIF,TGTGCAGAGCGCTCGGCAGGAACTGCTCTGATCTTT,3136,3,clonotype301,clonotype301_consensus_2
TTCTTAGGTCATACTG-1,True,TTCTTAGGTCATACTG-1_contig_1,True,505,TRA,TRAV1-2,None,TRAJ33,TRAC,True,True,CAATDSNYQLIW,TGTGCTGCGACTGATAGCAACTATCAGTTAATCTGG,432,3,clonotype1,clonotype1_consensus_2
TTCTTAGGTCATACTG-1,True,TTCTTAGGTCATACTG-1_contig_2,True,485,TRB,TRBV20-1,None,TRBJ2-1,TRBC2,True,True,CSARVGSEVNEQFF,TGCAGTGCTAGAGTGGGGTCGGAAGTCAATGAGCAGTTCTTC,468,3,clonotype1,clonotype1_consensus_1
TTCTTAGGTCATACTG-1,True,TTCTTAGGTCATACTG-1_contig_3,True,467,TRA,TRAV10,None,TRAJ24,TRAC,True,False,None,None,100,1,clonotype1,None
TTCTTAGGTTTGTTTC-1,True,TTCTTAGGTTTGTTTC-1_contig_1,True,505,TRA,TRAV1-2,None,TRAJ33,TRAC,True,True,CAATDSNYQLIW,TGTGCTGCGACTGATAGCAACTATCAGTTAATCTGG,500,6,clonotype1,clonotype1_consensus_2
TTCTTAGGTTTGTTTC-1,True,TTCTTAGGTTTGTTTC-1_contig_2,True,521,TRB,TRBV20-1,None,TRBJ2-1,TRBC2,True,True,CSARVGSEVNEQFF,TGCAGTGCTAGAGTGGGGTCGGAAGTCAATGAGCAGTTCTTC,433,5,clonotype1,clonotype1_consensus_1
TTCTTAGTCCAGGGCT-1,True,TTCTTAGTCCAGGGCT-1_contig_1,True,524,TRB,TRBV20-1,None,TRBJ2-1,TRBC2,True,True,CSAPEQGMSRNEQFF,TGCAGTGCACCCGAACAGGGGATGTCCCGCAATGAGCAGTTCTTC,1296,9,clonotype3682,clonotype3682_consensus_3
TTCTTAGTCCAGGGCT-1,True,TTCTTAGTCCAGGGCT-1_contig_2,True,683,TRB,TRBV5-6,None,TRBJ2-7,TRBC2,True,True,CASSHMAQGYDYEQYF,TGTGCCAGCAGCCACATGGCGCAGGGGTACGACTACGAGCAGTACTTC,1303,12,clonotype3682,clonotype3682_consensus_1
TTCTTAGTCCAGGGCT-1,True,TTCTTAGTCCAGGGCT-1_contig_3,True,475,TRA,TRAV38-2/DV8,None,TRAJ58,TRAC,True,True,CAYRSAGTSGSRLTF,TGTGCTTATAGGAGCGCGGGAACCAGTGGCTCTAGGTTGACCTTT,289,1,clonotype3682,clonotype3682_consensus_2
TTCTTAGTCCAGGGCT-1,True,TTCTTAGTCCAGGGCT-1_contig_4,True,445,TRA,TRAV2,None,TRAJ26,TRAC,True,False,CAVESRRSEF,TGTGCTGTGGAGAGTAGGCGGTCAGAATTT,67,1,clonotype3682,None
TTCTTAGTCCATTCTA-1,True,TTCTTAGTCCATTCTA-1_contig_1,True,502,TRB,TRBV5-6,None,TRBJ2-3,TRBC2,True,True,CASSSATTGGKSRDTQYF,TGTGCCAGCAGCTCAGCAACTACAGGGGGAAAATCGAGGGATACGCAGTATTTT,1930,7,clonotype3683,clonotype3683_consensus_1
TTCTTAGTCCGCTGTT-1,True,TTCTTAGTCCGCTGTT-1_contig_1,True,505,TRA,TRAV1-2,None,TRAJ33,TRAC,True,True,CAATDSNYQLIW,TGTGCTGCGACTGATAGCAACTATCAGTTAATCTGG,746,4,clonotype1,clonotype1_consensus_2
TTCTTAGTCCGCTGTT-1,True,TTCTTAGTCCGCTGTT-1_contig_2,True,498,TRB,TRBV20-1,None,TRBJ2-1,TRBC2,True,True,CSARVGSEVNEQFF,TGCAGTGCTAGAGTGGGGTCGGAAGTCAATGAGCAGTTCTTC,1386,9,clonotype1,clonotype1_consensus_1
TTCTTAGTCCGCTGTT-1,True,TTCTTAGTCCGCTGTT-1_contig_3,True,459,TRA,TRAV10,None,TRAJ24,TRAC,True,False,None,None,117,2,clonotype1,None
TTCTTAGTCCGTTGTC-1,True,TTCTTAGTCCGTTGTC-1_contig_1,True,505,TRA,TRAV1-2,None,TRAJ33,TRAC,True,True,CAATDSNYQLIW,TGTGCTGCGACTGATAGCAACTATCAGTTAATCTGG,403,5,clonotype1,clonotype1_consensus_2
TTCTTAGTCCGTTGTC-1,True,TTCTTAGTCCGTTGTC-1_contig_2,True,497,TRB,TRBV20-1,None,TRBJ2-1,TRBC2,True,True,CSARVGSEVNEQFF,TGCAGTGCTAGAGTGGGGTCGGAAGTCAATGAGCAGTTCTTC,1488,7,clonotype1,clonotype1_consensus_1
TTCTTAGTCCTTCAAT-1,True,TTCTTAGTCCTTCAAT-1_contig_1,True,518,TRB,TRBV20-1,None,TRBJ2-7,TRBC2,True,True,CSARRGRAYEQYF,TGCAGTGCTAGAAGGGGCCGGGCGTACGAGCAGTACTTC,8984,42,clonotype3684,clonotype3684_consensus_1
TTCTTAGTCCTTCAAT-1,True,TTCTTAGTCCTTCAAT-1_contig_2,True,559,TRA,TRAV19,None,TRAJ47,TRAC,True,True,CALAVYGNKLVF,TGTGCTCTGGCGGTATATGGAAACAAACTGGTCTTT,2331,17,clonotype3684,clonotype3684_consensus_2
TTCTTAGTCCTTCAAT-1,True,TTCTTAGTCCTTCAAT-1_contig_3,True,307,TRB,None,None,TRBJ1-5,TRBC1,False,False,None,None,1048,5,clonotype3684,None
TTGAACGAGGCGATAC-1,True,TTGAACGAGGCGATAC-1_contig_1,True,533,TRB,TRBV5-5,None,TRBJ1-4,TRBC1,True,True,CASSHPGPNYATNEKLFF,TGTGCCAGCAGCCATCCCGGACCGAACTACGCAACTAATGAAAAACTGTTTTTT,559,4,clonotype4,clonotype4_consensus_1
TTGAACGAGGCGATAC-1,True,TTGAACGAGGCGATAC-1_contig_2,True,479,TRB,TRBV7-3,None,TRBJ2-1,None,True,False,CQQRSLKAGGPYNEQFF,TGCCAGCAGCGGTCACTTAAAGCGGGGGGACCCTACAATGAGCAGTTCTTC,318,1,clonotype4,None
TTGAACGAGTCATCCA-1,True,TTGAACGAGTCATCCA-1_contig_1,True,505,TRA,TRAV1-2,None,TRAJ33,TRAC,True,True,CAATDSNYQLIW,TGTGCTGCGACTGATAGCAACTATCAGTTAATCTGG,78,4,clonotype1,clonotype1_consensus_2
TTGAACGAGTCATCCA-1,True,TTGAACGAGTCATCCA-1_contig_2,True,498,TRB,TRBV20-1,None,TRBJ2-1,TRBC2,True,True,CSARVGSEVNEQFF,TGCAGTGCTAGAGTGGGGTCGGAAGTCAATGAGCAGTTCTTC,1828,7,clonotype1,clonotype1_consensus_1
TTGAACGAGTGGCACA-1,True,TTGAACGAGTGGCACA-1_contig_1,True,473,TRB,TRBV20-1,None,TRBJ2-1,TRBC2,True,True,CSARVGSEVNEQFF,TGCAGTGCTAGAGTGGGGTCGGAAGTCAATGAGCAGTTCTTC,1016,8,clonotype2,clonotype2_consensus_1
TTGAACGCAACACGCC-1,True,TTGAACGCAACACGCC-1_contig_1,True,527,TRB,TRBV20-1,None,TRBJ1-6,TRBC1,True,True,CSASLGMGSYNSPLHF,TGCAGTGCTAGTCTAGGGATGGGCTCCTATAATTCACCCCTCCACTTT,4582,15,clonotype3685,clonotype3685_consensus_2
TTGAACGCAACACGCC-1,True,TTGAACGCAACACGCC-1_contig_2,True,517,TRA,TRAV29/DV5,None,TRAJ40,TRAC,True,True,CAASGATSGTYKYIF,TGTGCAGCAAGCGGGGCTACCTCAGGAACCTACAAATACATCTTT,484,5,clonotype3685,clonotype3685_consensus_1
TTGAACGCAAGACGTG-1,True,TTGAACGCAAGACGTG-1_contig_1,True,700,TRA,TRAV8-3,None,TRAJ45,TRAC,True,True,CAVGAYSGGGADGLTF,TGTGCTGTGGGTGCCTATTCAGGAGGAGGTGCTGACGGACTCACCTTT,2006,3,clonotype3686,clonotype3686_consensus_2
TTGAACGCAAGACGTG-1,True,TTGAACGCAAGACGTG-1_contig_2,True,735,TRB,TRBV5-5,None,TRBJ2-1,TRBC2,True,True,CASSFDAAYNEQFF,TGTGCCAGCAGCTTTGACGCAGCCTACAATGAGCAGTTCTTC,5480,23,clonotype3686,clonotype3686_consensus_1
TTGAACGCAAGGACAC-1,True,TTGAACGCAAGGACAC-1_contig_1,True,520,TRA,TRAV17,None,TRAJ4,TRAC,True,True,CATDGMFSGGYNKLIF,TGTGCTACGGACGGGATGTTTTCTGGTGGCTACAATAAGCTGATTTTT,4194,3,clonotype3687,clonotype3687_consensus_1
TTGAACGCACTACAGT-1,True,TTGAACGCACTACAGT-1_contig_1,True,558,TRB,TRBV6-9,None,TRBJ2-6,TRBC2,True,True,CASNLNQTGINSGANVLTF,TGTGCCAGCAACTTGAATCAGACAGGTATCAACTCTGGGGCCAACGTCCTGACTTTC,1748,6,clonotype15,clonotype15_consensus_1
TTGAACGCACTACAGT-1,True,TTGAACGCACTACAGT-1_contig_2,True,465,TRA,TRAV13-1,None,TRAJ16,TRAC,True,True,CAASSGFSDGQKLLF,TGTGCAGCAAGTTCGGGTTTTTCAGATGGCCAGAAGCTGCTCTTT,3159,2,clonotype15,clonotype15_consensus_3
TTGAACGCACTACAGT-1,True,TTGAACGCACTACAGT-1_contig_3,True,663,TRB,TRBV5-6,None,TRBJ2-6,TRBC2,True,True,CASSLQGTGANVLTF,TGTGCCAGCAGCTTGCAGGGGACTGGGGCCAACGTCCTGACTTTC,1338,7,clonotype15,clonotype15_consensus_2
TTGAACGCAGACACTT-1,True,TTGAACGCAGACACTT-1_contig_1,True,498,TRB,TRBV20-1,None,TRBJ2-3,TRBC2,True,True,CSARTETSTDTQYF,TGCAGTGCAAGAACAGAGACTAGCACAGATACGCAGTATTTT,1445,9,clonotype3688,clonotype3688_consensus_1
TTGAACGCAGACACTT-1,True,TTGAACGCAGACACTT-1_contig_2,True,478,TRA,TRAV6,None,TRAJ34,TRAC,True,False,CALSGNSNTDKLIF,TGTGCTCTTTCCGGGAACTCTAACACCGACAAGCTCATCTTT,85,1,clonotype3688,None
TTGAACGCATCGGTTA-1,True,TTGAACGCATCGGTTA-1_contig_1,True,505,TRA,TRAV1-2,None,TRAJ33,TRAC,True,True,CAATDSNYQLIW,TGTGCTGCGACTGATAGCAACTATCAGTTAATCTGG,371,3,clonotype8,clonotype8_consensus_1
TTGAACGCATCGGTTA-1,True,TTGAACGCATCGGTTA-1_contig_2,True,345,TRB,None,None,TRBJ2-3,TRBC2,False,False,None,None,839,1,clonotype8,None
TTGAACGGTAAAGGAG-1,True,TTGAACGGTAAAGGAG-1_contig_1,True,484,TRB,TRBV5-5,None,TRBJ1-4,TRBC1,True,True,CASSHPGPNYATNEKLFF,TGTGCCAGCAGCCATCCCGGACCGAACTACGCAACTAATGAAAAACTGTTTTTT,523,3,clonotype4,clonotype4_consensus_1
TTGAACGGTAAAGGAG-1,True,TTGAACGGTAAAGGAG-1_contig_2,True,315,TRB,None,None,TRBJ2-4,TRBC2,False,False,None,None,230,3,clonotype4,None
TTGAACGGTTAAAGTG-1,True,TTGAACGGTTAAAGTG-1_contig_1,True,505,TRA,TRAV1-2,None,TRAJ33,TRAC,True,True,CAATDSNYQLIW,TGTGCTGCGACTGATAGCAACTATCAGTTAATCTGG,158,1,clonotype1,clonotype1_consensus_2
TTGAACGGTTAAAGTG-1,True,TTGAACGGTTAAAGTG-1_contig_2,True,521,TRB,TRBV20-1,None,TRBJ2-1,TRBC2,True,True,CSARVGSEVNEQFF,TGCAGTGCTAGAGTGGGGTCGGAAGTCAATGAGCAGTTCTTC,1399,6,clonotype1,clonotype1_consensus_1
TTGAACGGTTAAAGTG-1,True,TTGAACGGTTAAAGTG-1_contig_3,True,467,TRA,TRAV10,None,TRAJ24,TRAC,True,False,None,None,465,1,clonotype1,None
TTGAACGTCACCGGGT-1,True,TTGAACGTCACCGGGT-1_contig_1,True,451,TRB,TRBV20-1,None,TRBJ1-5,TRBC1,True,True,CSARSGSNQPQHF,TGCAGTGCTAGGTCAGGGAGTAATCAGCCCCAGCATTTT,352,3,clonotype3689,clonotype3689_consensus_2
TTGAACGTCACCGGGT-1,True,TTGAACGTCACCGGGT-1_contig_2,True,639,TRA,TRAV26-1,None,TRAJ52,TRAC,True,True,CIVRGGGTSYGKLTF,TGCATCGTCAGGGGTGGTGGTACTAGCTATGGAAAGCTGACATTT,348,3,clonotype3689,clonotype3689_consensus_1
TTGAACGTCAGGTTCA-1,True,TTGAACGTCAGGTTCA-1_contig_1,True,505,TRA,TRAV1-2,None,TRAJ33,TRAC,True,True,CAATDSNYQLIW,TGTGCTGCGACTGATAGCAACTATCAGTTAATCTGG,353,1,clonotype1,clonotype1_consensus_2
TTGAACGTCAGGTTCA-1,True,TTGAACGTCAGGTTCA-1_contig_2,True,492,TRB,TRBV20-1,None,TRBJ2-1,TRBC2,True,True,CSARVGSEVNEQFF,TGCAGTGCTAGAGTGGGGTCGGAAGTCAATGAGCAGTTCTTC,1268,7,clonotype1,clonotype1_consensus_1
TTGAACGTCAGGTTCA-1,True,TTGAACGTCAGGTTCA-1_contig_3,True,707,TRA,TRAV10,None,TRAJ24,TRAC,True,False,None,None,157,2,clonotype1,None
TTGAACGTCAGTGCAT-1,True,TTGAACGTCAGTGCAT-1_contig_1,True,621,TRA,TRAV26-1,None,TRAJ17,TRAC,True,True,CIVRGGIAAGNKLTF,TGCATCGTCAGAGGAGGTATAGCTGCAGGCAACAAGCTAACTTTT,730,6,clonotype3690,clonotype3690_consensus_2
TTGAACGTCAGTGCAT-1,True,TTGAACGTCAGTGCAT-1_contig_2,True,521,TRB,TRBV20-1,None,TRBJ2-5,TRBC2,True,True,CSARGEQGWETQYF,TGCAGTGCTAGGGGTGAACAGGGATGGGAGACCCAGTACTTC,2108,9,clonotype3690,clonotype3690_consensus_1
TTGAACGTCATGTCTT-1,True,TTGAACGTCATGTCTT-1_contig_1,True,502,TRA,TRAV1-2,None,TRAJ33,TRAC,True,True,CAATDSNYQLIW,TGTGCTGCGACTGATAGCAACTATCAGTTAATCTGG,333,4,clonotype1,clonotype1_consensus_2
TTGAACGTCATGTCTT-1,True,TTGAACGTCATGTCTT-1_contig_2,True,505,TRB,TRBV20-1,None,TRBJ2-1,TRBC2,True,True,CSARVGSEVNEQFF,TGCAGTGCTAGAGTGGGGTCGGAAGTCAATGAGCAGTTCTTC,1953,7,clonotype1,clonotype1_consensus_1
TTGAACGTCGCACTCT-1,True,TTGAACGTCGCACTCT-1_contig_1,True,505,TRA,TRAV1-2,None,TRAJ33,TRAC,True,True,CAATDSNYQLIW,TGTGCTGCGACTGATAGCAACTATCAGTTAATCTGG,2209,6,clonotype1,clonotype1_consensus_2
TTGAACGTCGCACTCT-1,True,TTGAACGTCGCACTCT-1_contig_2,True,498,TRB,TRBV20-1,None,TRBJ2-1,TRBC2,True,True,CSARVGSEVNEQFF,TGCAGTGCTAGAGTGGGGTCGGAAGTCAATGAGCAGTTCTTC,622,8,clonotype1,clonotype1_consensus_1
TTGAACGTCGCACTCT-1,True,TTGAACGTCGCACTCT-1_contig_3,True,474,TRA,TRAV29/DV5,None,TRAJ37,TRAC,True,False,CTSVQPRVLSSNTGKLIF,TGTACTTCTGTGCAGCCCCGCGTTCTCTCTAGCAACACAGGCAAACTAATCTTT,613,3,clonotype1,None
TTGACTTAGATGGGTC-1,True,TTGACTTAGATGGGTC-1_contig_1,True,558,TRA,TRAV12-1,None,TRAJ9,TRAC,True,True,CVVTRNTGGFKTIF,TGTGTGGTGACACGAAATACTGGAGGCTTCAAAACTATCTTT,1078,7,clonotype5,clonotype5_consensus_2
TTGACTTAGATGGGTC-1,True,TTGACTTAGATGGGTC-1_contig_2,True,533,TRB,TRBV20-1,None,TRBJ1-5,TRBC1,True,True,CSARDDNRAKSFNQPQHF,TGCAGTGCTAGAGACGACAACCGGGCCAAATCCTTCAATCAGCCCCAGCATTTT,726,4,clonotype5,clonotype5_consensus_1
TTGACTTAGCACGCCT-1,True,TTGACTTAGCACGCCT-1_contig_1,True,605,TRA,TRAV12-1,None,TRAJ22,TRAC,True,True,CVVRSSGSARQLTF,TGTGTGGTGAGGTCCTCTGGTTCTGCAAGGCAACTGACCTTT,4995,6,clonotype3691,clonotype3691_consensus_1
TTGACTTAGCACGCCT-1,True,TTGACTTAGCACGCCT-1_contig_2,True,495,TRB,TRBV20-1,None,TRBJ2-2,TRBC2,True,True,CSATGHATGELFF,TGCAGTGCTACGGGACACGCCACCGGGGAGCTGTTTTTT,4711,22,clonotype3691,clonotype3691_consensus_2
TTGACTTAGCACGCCT-1,True,TTGACTTAGCACGCCT-1_contig_3,True,619,TRA,TRAV3,None,TRAJ9,TRAC,True,False,None,None,102,1,clonotype3691,None
TTGACTTAGGCGACAT-1,True,TTGACTTAGGCGACAT-1_contig_1,True,521,TRB,TRBV20-1,None,TRBJ2-3,TRBC2,True,True,CSARDGQGGDTQYF,TGCAGTGCTAGAGACGGACAGGGCGGGGATACGCAGTATTTT,4020,21,clonotype361,clonotype361_consensus_2
TTGACTTAGGCGACAT-1,True,TTGACTTAGGCGACAT-1_contig_2,True,548,TRA,TRAV12-1,None,TRAJ41,TRAC,True,True,CVVSSSSGYALNF,TGTGTGGTGAGCTCCTCATCCGGGTATGCACTCAACTTC,56,4,clonotype361,clonotype361_consensus_1
TTGACTTCAATCGAAA-1,True,TTGACTTCAATCGAAA-1_contig_1,True,502,TRA,TRAV1-2,None,TRAJ33,TRAC,True,True,CAATDSNYQLIW,TGTGCTGCGACTGATAGCAACTATCAGTTAATCTGG,666,4,clonotype1,clonotype1_consensus_2
TTGACTTCAATCGAAA-1,True,TTGACTTCAATCGAAA-1_contig_2,True,521,TRB,TRBV20-1,None,TRBJ2-1,TRBC2,True,True,CSARVGSEVNEQFF,TGCAGTGCTAGAGTGGGGTCGGAAGTCAATGAGCAGTTCTTC,993,16,clonotype1,clonotype1_consensus_1
TTGACTTCAATCGAAA-1,True,TTGACTTCAATCGAAA-1_contig_3,True,500,TRA,TRAV10,None,TRAJ24,TRAC,True,False,None,None,2698,7,clonotype1,None
TTGACTTCACAGCGTC-1,True,TTGACTTCACAGCGTC-1_contig_1,True,527,TRB,TRBV20-1,None,TRBJ2-3,TRBC2,True,True,CSAHPTDSADTDTQYF,TGCAGTGCTCATCCAACGGACAGCGCAGACACAGATACGCAGTATTTT,187,3,clonotype159,clonotype159_consensus_1
TTGACTTGTACAGTGG-1,True,TTGACTTGTACAGTGG-1_contig_1,True,505,TRA,TRAV1-2,None,TRAJ33,TRAC,True,True,CAATDSNYQLIW,TGTGCTGCGACTGATAGCAACTATCAGTTAATCTGG,667,8,clonotype1,clonotype1_consensus_2
TTGACTTGTACAGTGG-1,True,TTGACTTGTACAGTGG-1_contig_2,True,498,TRB,TRBV20-1,None,TRBJ2-1,TRBC2,True,True,CSARVGSEVNEQFF,TGCAGTGCTAGAGTGGGGTCGGAAGTCAATGAGCAGTTCTTC,1257,7,clonotype1,clonotype1_consensus_1
TTGACTTGTAGAGTGC-1,True,TTGACTTGTAGAGTGC-1_contig_1,True,489,TRB,TRBV20-1,None,TRBJ1-2,TRBC1,True,True,CSARDIGPTGYTF,TGCAGTGCTAGAGATATCGGGCCCACCGGCTACACCTTC,2523,14,clonotype3692,clonotype3692_consensus_2
TTGACTTGTAGAGTGC-1,True,TTGACTTGTAGAGTGC-1_contig_2,True,511,TRA,TRAV6,None,TRAJ30,TRAC,True,True,CALDIYGNRDDKIIF,TGTGCTCTAGACATCTACGGGAACAGAGATGACAAGATCATCTTT,616,3,clonotype3692,clonotype3692_consensus_1
TTGACTTGTAGAGTGC-1,True,TTGACTTGTAGAGTGC-1_contig_3,True,566,TRA,TRAV8-1,None,TRAJ27,TRAC,True,False,None,None,89,1,clonotype3692,None
TTGACTTGTGGAAAGA-1,True,TTGACTTGTGGAAAGA-1_contig_1,True,505,TRA,TRAV1-2,None,TRAJ33,TRAC,True,True,CAATDSNYQLIW,TGTGCTGCGACTGATAGCAACTATCAGTTAATCTGG,1542,8,clonotype8,clonotype8_consensus_1
TTGACTTGTGGAAAGA-1,True,TTGACTTGTGGAAAGA-1_contig_2,True,922,TRB,TRBV20-1,None,None,None,False,False,CSAKSLSWYTA,TGCAGTGCTAAGTCTCTCAGCTGGTACACGGCA,758,8,clonotype8,None
TTGACTTGTGTAAGTA-1,True,TTGACTTGTGTAAGTA-1_contig_1,True,470,TRB,TRBV20-1,None,TRBJ1-2,TRBC1,True,True,CSASRGGVVGYTF,TGCAGTGCTAGCCGAGGGGGGGTAGTTGGCTACACCTTC,1098,12,clonotype3693,clonotype3693_consensus_2
TTGACTTGTGTAAGTA-1,True,TTGACTTGTGTAAGTA-1_contig_2,True,562,TRA,TRAV19,None,TRAJ21,TRAC,True,True,CALSEPNFNKFYF,TGTGCTCTGAGTGAACCCAACTTCAACAAATTTTACTTT,916,5,clonotype3693,clonotype3693_consensus_1
TTGACTTGTTCGCGAC-1,True,TTGACTTGTTCGCGAC-1_contig_1,True,540,TRA,TRAV26-1,None,TRAJ43,TRAC,True,True,CISAGNNNDMRF,TGCATCAGCGCCGGTAATAACAATGACATGCGCTTT,49,2,clonotype185,clonotype185_consensus_1
TTGACTTGTTCGCGAC-1,True,TTGACTTGTTCGCGAC-1_contig_2,True,521,TRB,TRBV20-1,None,TRBJ2-1,TRBC2,True,True,CSAFDDGSYNEQFF,TGCAGTGCTTTCGATGACGGCTCCTACAATGAGCAGTTCTTC,1280,10,clonotype185,clonotype185_consensus_2
TTGACTTTCACATGCA-1,True,TTGACTTTCACATGCA-1_contig_1,True,502,TRA,TRAV1-2,None,TRAJ30,TRAC,True,True,CAVRDLREIIF,TGTGCTGTGAGAGATCTTCGGGAGATCATCTTT,302,3,clonotype3,clonotype3_consensus_2
TTGACTTTCACATGCA-1,True,TTGACTTTCACATGCA-1_contig_2,True,538,TRB,TRBV5-5,None,TRBJ1-4,TRBC1,True,True,CASSHPGPNYATNEKLFF,TGTGCCAGCAGCCATCCCGGACCGAACTACGCAACTAATGAAAAACTGTTTTTT,862,8,clonotype3,clonotype3_consensus_1
TTGACTTTCAGCATGT-1,True,TTGACTTTCAGCATGT-1_contig_1,True,505,TRA,TRAV1-2,None,TRAJ33,TRAC,True,True,CAATDSNYQLIW,TGTGCTGCGACTGATAGCAACTATCAGTTAATCTGG,2139,5,clonotype1,clonotype1_consensus_2
TTGACTTTCAGCATGT-1,True,TTGACTTTCAGCATGT-1_contig_2,True,495,TRB,TRBV20-1,None,TRBJ2-1,TRBC2,True,True,CSARVGSEVNEQFF,TGCAGTGCTAGAGTGGGGTCGGAAGTCAATGAGCAGTTCTTC,1577,10,clonotype1,clonotype1_consensus_1
TTGACTTTCAGTGTTG-1,True,TTGACTTTCAGTGTTG-1_contig_1,True,505,TRA,TRAV1-2,None,TRAJ33,TRAC,True,True,CAATDSNYQLIW,TGTGCTGCGACTGATAGCAACTATCAGTTAATCTGG,268,3,clonotype1,clonotype1_consensus_2
TTGACTTTCAGTGTTG-1,True,TTGACTTTCAGTGTTG-1_contig_2,True,517,TRB,TRBV20-1,None,TRBJ2-1,TRBC2,True,True,CSARVGSEVNEQFF,TGCAGTGCTAGAGTGGGGTCGGAAGTCAATGAGCAGTTCTTC,1666,9,clonotype1,clonotype1_consensus_1
TTGACTTTCCAGTAGT-1,True,TTGACTTTCCAGTAGT-1_contig_1,True,521,TRB,TRBV20-1,None,TRBJ2-1,TRBC2,True,True,CSARVGSEVNEQFF,TGCAGTGCTAGAGTGGGGTCGGAAGTCAATGAGCAGTTCTTC,1287,10,clonotype2,clonotype2_consensus_1
TTGACTTTCCAGTAGT-1,True,TTGACTTTCCAGTAGT-1_contig_2,True,369,TRA,TRAV10,None,None,TRAC,False,False,None,None,315,4,clonotype2,None
TTGCCGTAGACGACGT-1,True,TTGCCGTAGACGACGT-1_contig_1,True,505,TRA,TRAV1-2,None,TRAJ33,TRAC,True,True,CAATDSNYQLIW,TGTGCTGCGACTGATAGCAACTATCAGTTAATCTGG,589,6,clonotype1,clonotype1_consensus_2
TTGCCGTAGACGACGT-1,True,TTGCCGTAGACGACGT-1_contig_2,True,485,TRB,TRBV20-1,None,TRBJ2-1,TRBC2,True,True,CSARVGSEVNEQFF,TGCAGTGCTAGAGTGGGGTCGGAAGTCAATGAGCAGTTCTTC,3648,14,clonotype1,clonotype1_consensus_1
TTGCCGTAGCCAGGAT-1,True,TTGCCGTAGCCAGGAT-1_contig_1,True,519,TRB,TRBV20-1,None,TRBJ1-1,TRBC1,True,True,CSAGQVTMNTEAFF,TGCAGTGCTGGACAGGTGACAATGAACACTGAAGCTTTCTTT,792,5,clonotype76,clonotype76_consensus_1
TTGCCGTAGCCAGGAT-1,True,TTGCCGTAGCCAGGAT-1_contig_2,True,568,TRA,TRAV19,None,TRAJ33,TRAC,True,True,CALSGGSWSNYQLIW,TGTGCTCTGAGTGGGGGGTCGTGGAGCAACTATCAGTTAATCTGG,3126,5,clonotype76,clonotype76_consensus_2
TTGCCGTAGCCGTCGT-1,True,TTGCCGTAGCCGTCGT-1_contig_1,True,574,TRA,TRAV8-1,None,TRAJ40,TRAC,True,True,CAVILTSGTYKYIF,TGTGCCGTGATCCTTACCTCAGGAACCTACAAATACATCTTT,129,1,clonotype382,clonotype382_consensus_1
TTGCCGTAGCCGTCGT-1,True,TTGCCGTAGCCGTCGT-1_contig_2,True,671,TRB,TRBV5-6,None,TRBJ2-3,TRBC2,True,True,CASSLIGGTPDLTDTQYF,TGTGCCAGCAGCTTGATAGGCGGGACCCCCGACCTCACAGATACGCAGTATTTT,2046,4,clonotype382,clonotype382_consensus_2
TTGCCGTAGCGTGAAC-1,True,TTGCCGTAGCGTGAAC-1_contig_1,True,505,TRA,TRAV1-2,None,TRAJ33,TRAC,True,True,CAATDSNYQLIW,TGTGCTGCGACTGATAGCAACTATCAGTTAATCTGG,1618,3,clonotype1,clonotype1_consensus_2
TTGCCGTAGCGTGAAC-1,True,TTGCCGTAGCGTGAAC-1_contig_2,True,521,TRB,TRBV20-1,None,TRBJ2-1,TRBC2,True,True,CSARVGSEVNEQFF,TGCAGTGCTAGAGTGGGGTCGGAAGTCAATGAGCAGTTCTTC,1179,7,clonotype1,clonotype1_consensus_1
TTGCCGTAGCGTGAAC-1,True,TTGCCGTAGCGTGAAC-1_contig_3,True,482,TRA,TRAV10,None,TRAJ24,TRAC,True,False,None,None,563,3,clonotype1,None
TTGCCGTAGCGTGAGT-1,True,TTGCCGTAGCGTGAGT-1_contig_1,True,527,TRB,TRBV20-1,None,TRBJ2-7,TRBC2,True,True,CSARASRLVLSYEQYF,TGCAGTGCTAGAGCCTCACGGCTAGTACTTTCCTACGAGCAGTACTTC,319,5,clonotype59,clonotype59_consensus_1
TTGCCGTAGCTTATCG-1,True,TTGCCGTAGCTTATCG-1_contig_1,True,530,TRB,TRBV20-1,None,TRBJ1-6,TRBC1,True,True,CSARDPRGGSYNSPLHF,TGCAGTGCTAGAGACCCCCGGGGGGGCTCCTATAATTCACCCCTCCACTTT,1005,11,clonotype3694,clonotype3694_consensus_2
TTGCCGTAGCTTATCG-1,True,TTGCCGTAGCTTATCG-1_contig_2,True,564,TRA,TRAV8-4,None,TRAJ30,TRAC,True,True,CALRNRDDKIIF,TGTGCTCTTCGGAACAGAGATGACAAGATCATCTTT,1012,4,clonotype3694,clonotype3694_consensus_1
TTGCCGTAGGATATAC-1,True,TTGCCGTAGGATATAC-1_contig_1,True,521,TRB,TRBV20-1,None,TRBJ2-1,TRBC2,True,True,CSARVGSEVNEQFF,TGCAGTGCTAGAGTGGGGTCGGAAGTCAATGAGCAGTTCTTC,1713,6,clonotype2,clonotype2_consensus_1
TTGCCGTAGGATATAC-1,True,TTGCCGTAGGATATAC-1_contig_2,True,467,TRA,TRAV10,None,TRAJ24,TRAC,True,False,None,None,90,3,clonotype2,None
TTGCCGTAGTGTCTCA-1,True,TTGCCGTAGTGTCTCA-1_contig_1,True,536,TRB,TRBV20-1,None,TRBJ2-7,TRBC2,True,True,CSARGAEYSVAGLSYEQYF,TGCAGTGCTAGAGGCGCCGAATATAGCGTAGCGGGGCTATCCTACGAGCAGTACTTC,3319,13,clonotype44,clonotype44_consensus_3
TTGCCGTAGTGTCTCA-1,True,TTGCCGTAGTGTCTCA-1_contig_2,True,599,TRA,TRAV8-2,None,TRAJ8,TRAC,True,True,CVVSGFQKLVF,TGTGTTGTGAGTGGGTTTCAGAAACTTGTATTT,751,3,clonotype44,clonotype44_consensus_2
TTGCCGTAGTGTCTCA-1,True,TTGCCGTAGTGTCTCA-1_contig_3,True,499,TRA,TRAV1-2,None,TRAJ7,TRAC,True,True,CAVRPNRLAF,TGTGCTGTGAGACCCAACAGACTCGCTTTT,981,5,clonotype44,clonotype44_consensus_1
TTGCCGTAGTTGTCGT-1,True,TTGCCGTAGTTGTCGT-1_contig_1,True,490,TRB,TRBV5-6,None,TRBJ1-1,TRBC1,True,True,CASSSDISGTEAFF,TGTGCCAGCAGTTCCGACATCAGTGGCACTGAAGCTTTCTTT,376,4,clonotype3695,clonotype3695_consensus_1
TTGCCGTAGTTGTCGT-1,True,TTGCCGTAGTTGTCGT-1_contig_2,True,344,TRA,TRAV8-3,None,TRAJ48,TRAC,True,False,CAVVRNFGNEKLTF,TGTGCTGTGGTCAGAAACTTTGGAAATGAGAAATTAACCTTT,619,2,clonotype3695,None
TTGCCGTCAAGACACG-1,True,TTGCCGTCAAGACACG-1_contig_1,True,494,TRA,TRAV38-2/DV8,None,TRAJ47,TRAC,True,True,CAYRSALSGNKLVF,TGTGCTTATAGGAGCGCCTTGAGTGGAAACAAACTGGTCTTT,7100,7,clonotype3696,clonotype3696_consensus_2
TTGCCGTCAAGACACG-1,True,TTGCCGTCAAGACACG-1_contig_2,True,499,TRB,TRBV5-5,None,TRBJ1-1,TRBC1,True,True,CASSSGVRGAEAFF,TGTGCCAGCAGCTCAGGGGTCCGGGGAGCTGAAGCTTTCTTT,1837,6,clonotype3696,clonotype3696_consensus_1
TTGCCGTCAAGACACG-1,True,TTGCCGTCAAGACACG-1_contig_3,True,352,TRA,None,None,TRAJ39,TRAC,False,False,None,None,144,1,clonotype3696,None
TTGCCGTCAAGACACG-1,True,TTGCCGTCAAGACACG-1_contig_4,True,321,TRB,None,None,TRBJ2-3,TRBC2,False,False,None,None,1751,5,clonotype3696,None
TTGCCGTCACTAGTAC-1,True,TTGCCGTCACTAGTAC-1_contig_1,True,605,TRA,TRAV8-2,None,TRAJ33,TRAC,True,True,CVVSENSNYQLIW,TGTGTTGTGAGTGAAAATAGCAACTATCAGTTAATCTGG,158,1,clonotype3697,clonotype3697_consensus_1
TTGCCGTCACTAGTAC-1,True,TTGCCGTCACTAGTAC-1_contig_2,True,507,TRB,TRBV5-5,None,TRBJ2-7,TRBC2,True,True,CASSPGAAPSYEQYF,TGTGCCAGCAGCCCCGGGGCCGCTCCATCCTACGAGCAGTACTTC,3893,14,clonotype3697,clonotype3697_consensus_2
TTGCCGTCACTAGTAC-1,True,TTGCCGTCACTAGTAC-1_contig_3,True,522,TRA,TRAV26-1,None,TRAJ44,TRAC,True,False,None,None,58,2,clonotype3697,None
TTGCCGTCATCTATGG-1,True,TTGCCGTCATCTATGG-1_contig_1,True,503,TRA,TRAV1-2,None,TRAJ33,TRAC,True,True,CAATDSNYQLIW,TGTGCTGCGACTGATAGCAACTATCAGTTAATCTGG,369,5,clonotype1,clonotype1_consensus_2
TTGCCGTCATCTATGG-1,True,TTGCCGTCATCTATGG-1_contig_2,True,521,TRB,TRBV20-1,None,TRBJ2-1,TRBC2,True,True,CSARVGSEVNEQFF,TGCAGTGCTAGAGTGGGGTCGGAAGTCAATGAGCAGTTCTTC,3984,14,clonotype1,clonotype1_consensus_1
TTGCCGTCATGAGCGA-1,True,TTGCCGTCATGAGCGA-1_contig_1,True,521,TRB,TRBV20-1,None,TRBJ2-1,TRBC2,True,True,CSARVGSEVNEQFF,TGCAGTGCTAGAGTGGGGTCGGAAGTCAATGAGCAGTTCTTC,1837,8,clonotype2,clonotype2_consensus_1
TTGCCGTCATGAGCGA-1,True,TTGCCGTCATGAGCGA-1_contig_2,True,482,TRA,TRAV10,None,TRAJ24,TRAC,True,False,None,None,293,2,clonotype2,None
TTGCCGTCATGTCGAT-1,True,TTGCCGTCATGTCGAT-1_contig_1,True,518,TRB,TRBV20-1,None,TRBJ2-7,TRBC2,True,True,CSARPGTHYEQYF,TGCAGTGCAAGACCCGGGACACACTACGAGCAGTACTTC,3857,12,clonotype305,clonotype305_consensus_1
TTGCCGTGTCCGTGAC-1,True,TTGCCGTGTCCGTGAC-1_contig_1,True,524,TRB,TRBV20-1,None,TRBJ1-1,TRBC1,True,True,CSATSLQEMNTEAFF,TGCAGTGCTACTAGCCTACAGGAGATGAACACTGAAGCTTTCTTT,641,8,clonotype3698,clonotype3698_consensus_1
TTGCCGTGTCTGATTG-1,True,TTGCCGTGTCTGATTG-1_contig_1,True,505,TRB,TRBV20-1,None,TRBJ2-1,TRBC2,True,True,CSARVGSEVNEQFF,TGCAGTGCTAGAGTGGGGTCGGAAGTCAATGAGCAGTTCTTC,1628,7,clonotype2,clonotype2_consensus_1
TTGCCGTGTCTGATTG-1,True,TTGCCGTGTCTGATTG-1_contig_2,True,471,TRA,TRAV10,None,TRAJ24,TRAC,True,False,None,None,4412,2,clonotype2,None
TTGCCGTGTCTGCCAG-1,True,TTGCCGTGTCTGCCAG-1_contig_1,True,491,TRA,TRAV1-2,None,TRAJ33,TRAC,True,True,CAATDSNYQLIW,TGTGCTGCGACTGATAGCAACTATCAGTTAATCTGG,410,1,clonotype1,clonotype1_consensus_2
TTGCCGTGTCTGCCAG-1,True,TTGCCGTGTCTGCCAG-1_contig_2,True,473,TRB,TRBV20-1,None,TRBJ2-1,TRBC2,True,True,CSARVGSEVNEQFF,TGCAGTGCTAGAGTGGGGTCGGAAGTCAATGAGCAGTTCTTC,986,3,clonotype1,clonotype1_consensus_1
TTGCCGTGTGGCAAAC-1,True,TTGCCGTGTGGCAAAC-1_contig_1,True,505,TRA,TRAV1-2,None,TRAJ33,TRAC,True,True,CAATDSNYQLIW,TGTGCTGCGACTGATAGCAACTATCAGTTAATCTGG,114,2,clonotype1,clonotype1_consensus_2
TTGCCGTGTGGCAAAC-1,True,TTGCCGTGTGGCAAAC-1_contig_2,True,498,TRB,TRBV20-1,None,TRBJ2-1,TRBC2,True,True,CSARVGSEVNEQFF,TGCAGTGCTAGAGTGGGGTCGGAAGTCAATGAGCAGTTCTTC,2276,9,clonotype1,clonotype1_consensus_1
TTGCCGTGTGGCAAAC-1,True,TTGCCGTGTGGCAAAC-1_contig_3,True,465,TRA,TRAV10,None,TRAJ24,TRAC,True,False,None,None,222,1,clonotype1,None
TTGCCGTGTGGTTTCA-1,True,TTGCCGTGTGGTTTCA-1_contig_1,True,492,TRB,TRBV20-1,None,TRBJ2-1,TRBC2,True,True,CSARVGSEVNEQFF,TGCAGTGCTAGAGTGGGGTCGGAAGTCAATGAGCAGTTCTTC,2829,14,clonotype2,clonotype2_consensus_1
TTGCCGTGTTTACTCT-1,True,TTGCCGTGTTTACTCT-1_contig_1,True,505,TRA,TRAV1-2,None,TRAJ33,TRAC,True,True,CAATDSNYQLIW,TGTGCTGCGACTGATAGCAACTATCAGTTAATCTGG,459,4,clonotype1,clonotype1_consensus_2
TTGCCGTGTTTACTCT-1,True,TTGCCGTGTTTACTCT-1_contig_2,True,456,TRB,TRBV20-1,None,TRBJ2-1,TRBC2,True,True,CSARVGSEVNEQFF,TGCAGTGCTAGAGTGGGGTCGGAAGTCAATGAGCAGTTCTTC,849,8,clonotype1,clonotype1_consensus_1
TTGCCGTGTTTACTCT-1,True,TTGCCGTGTTTACTCT-1_contig_3,True,465,TRA,TRAV10,None,TRAJ24,TRAC,True,False,None,None,281,3,clonotype1,None
TTGCCGTTCACATAGC-1,True,TTGCCGTTCACATAGC-1_contig_1,True,505,TRA,TRAV1-2,None,TRAJ33,TRAC,True,True,CAATDSNYQLIW,TGTGCTGCGACTGATAGCAACTATCAGTTAATCTGG,326,6,clonotype1,clonotype1_consensus_2
TTGCCGTTCACATAGC-1,True,TTGCCGTTCACATAGC-1_contig_2,True,521,TRB,TRBV20-1,None,TRBJ2-1,TRBC2,True,True,CSARVGSEVNEQFF,TGCAGTGCTAGAGTGGGGTCGGAAGTCAATGAGCAGTTCTTC,1262,6,clonotype1,clonotype1_consensus_1
TTGCCGTTCACCCTCA-1,True,TTGCCGTTCACCCTCA-1_contig_1,True,487,TRB,TRBV5-6,None,TRBJ1-1,TRBC1,True,True,CASSLGDRTEAFF,TGTGCCAGCAGCTTGGGGGACAGAACTGAAGCTTTCTTT,2690,9,clonotype3699,clonotype3699_consensus_2
TTGCCGTTCACCCTCA-1,True,TTGCCGTTCACCCTCA-1_contig_2,True,526,TRA,TRAV38-1,None,TRAJ49,TRAC,True,True,CAFIPNTGNQFYF,TGTGCTTTCATCCCGAACACCGGTAACCAGTTCTATTTT,440,3,clonotype3699,clonotype3699_consensus_1
TTGCCGTTCAGCACAT-1,True,TTGCCGTTCAGCACAT-1_contig_1,True,505,TRA,TRAV1-2,None,TRAJ33,TRAC,True,True,CAATDSNYQLIW,TGTGCTGCGACTGATAGCAACTATCAGTTAATCTGG,1072,4,clonotype1,clonotype1_consensus_2
TTGCCGTTCAGCACAT-1,True,TTGCCGTTCAGCACAT-1_contig_2,True,521,TRB,TRBV20-1,None,TRBJ2-1,TRBC2,True,True,CSARVGSEVNEQFF,TGCAGTGCTAGAGTGGGGTCGGAAGTCAATGAGCAGTTCTTC,1994,8,clonotype1,clonotype1_consensus_1
TTGCCGTTCATATCGG-1,True,TTGCCGTTCATATCGG-1_contig_1,True,505,TRA,TRAV1-2,None,TRAJ33,TRAC,True,True,CAATDSNYQLIW,TGTGCTGCGACTGATAGCAACTATCAGTTAATCTGG,432,7,clonotype1,clonotype1_consensus_2
TTGCCGTTCATATCGG-1,True,TTGCCGTTCATATCGG-1_contig_2,True,521,TRB,TRBV20-1,None,TRBJ2-1,TRBC2,True,True,CSARVGSEVNEQFF,TGCAGTGCTAGAGTGGGGTCGGAAGTCAATGAGCAGTTCTTC,817,5,clonotype1,clonotype1_consensus_1
TTGCCGTTCATATCGG-1,True,TTGCCGTTCATATCGG-1_contig_3,True,317,TRB,None,None,TRBJ2-7,TRBC2,False,False,None,None,973,3,clonotype1,None
TTGCCGTTCGGAAACG-1,True,TTGCCGTTCGGAAACG-1_contig_1,True,459,TRA,TRAV13-1,None,TRAJ30,TRAC,True,True,CAARLWRDDKIIF,TGTGCAGCAAGGTTGTGGAGAGATGACAAGATCATCTTT,2139,5,clonotype3700,clonotype3700_consensus_1
TTGCCGTTCGGAAACG-1,True,TTGCCGTTCGGAAACG-1_contig_2,True,518,TRB,TRBV20-1,None,TRBJ2-3,TRBC2,True,True,CSALAGSTDTQYF,TGCAGTGCCCTAGCGGGGAGCACAGATACGCAGTATTTT,3046,13,clonotype3700,clonotype3700_consensus_2
TTGCCGTTCGGTTAAC-1,True,TTGCCGTTCGGTTAAC-1_contig_1,True,505,TRA,TRAV1-2,None,TRAJ33,TRAC,True,True,CAATDSNYQLIW,TGTGCTGCGACTGATAGCAACTATCAGTTAATCTGG,1236,5,clonotype1,clonotype1_consensus_2
TTGCCGTTCGGTTAAC-1,True,TTGCCGTTCGGTTAAC-1_contig_2,True,515,TRB,TRBV20-1,None,TRBJ2-1,TRBC2,True,True,CSARVGSEVNEQFF,TGCAGTGCTAGAGTGGGGTCGGAAGTCAATGAGCAGTTCTTC,2618,10,clonotype1,clonotype1_consensus_1
TTGCCGTTCGTACGGC-1,True,TTGCCGTTCGTACGGC-1_contig_1,True,524,TRB,TRBV20-1,None,TRBJ1-1,TRBC1,True,True,CSAPRRGGGNTEAFF,TGCAGTGCTCCTAGACGAGGGGGAGGGAACACTGAAGCTTTCTTT,2228,8,clonotype3701,clonotype3701_consensus_1
TTGCCGTTCGTACGGC-1,True,TTGCCGTTCGTACGGC-1_contig_2,True,615,TRA,TRAV3,None,TRAJ26,TRAC,True,True,CAVRDGYGQNFVF,TGTGCTGTGAGAGACGGCTATGGTCAGAATTTTGTCTTT,1352,5,clonotype3701,clonotype3701_consensus_2
TTGCCGTTCGTACGGC-1,True,TTGCCGTTCGTACGGC-1_contig_3,True,310,TRB,None,None,TRBJ1-6,TRBC1,False,False,None,None,1195,5,clonotype3701,None
TTGCCGTTCGTACGGC-1,True,TTGCCGTTCGTACGGC-1_contig_4,True,327,TRA,TRAV1-1,None,TRAJ27,TRAC,True,False,None,None,601,5,clonotype3701,None
TTGCGTCAGCCCTAAT-1,True,TTGCGTCAGCCCTAAT-1_contig_1,True,505,TRA,TRAV1-2,None,TRAJ33,TRAC,True,True,CAATDSNYQLIW,TGTGCTGCGACTGATAGCAACTATCAGTTAATCTGG,308,5,clonotype1,clonotype1_consensus_2
TTGCGTCAGCCCTAAT-1,True,TTGCGTCAGCCCTAAT-1_contig_2,True,521,TRB,TRBV20-1,None,TRBJ2-1,TRBC2,True,True,CSARVGSEVNEQFF,TGCAGTGCTAGAGTGGGGTCGGAAGTCAATGAGCAGTTCTTC,1891,7,clonotype1,clonotype1_consensus_1
TTGCGTCAGTCCTCCT-1,True,TTGCGTCAGTCCTCCT-1_contig_1,True,505,TRA,TRAV1-2,None,TRAJ33,TRAC,True,True,CAATDSNYQLIW,TGTGCTGCGACTGATAGCAACTATCAGTTAATCTGG,661,3,clonotype1,clonotype1_consensus_2
TTGCGTCAGTCCTCCT-1,True,TTGCGTCAGTCCTCCT-1_contig_2,True,464,TRB,TRBV20-1,None,TRBJ2-1,TRBC2,True,True,CSARVGSEVNEQFF,TGCAGTGCTAGAGTGGGGTCGGAAGTCAATGAGCAGTTCTTC,1846,6,clonotype1,clonotype1_consensus_1
TTGCGTCCAATGAAAC-1,True,TTGCGTCCAATGAAAC-1_contig_1,True,518,TRB,TRBV20-1,None,TRBJ2-7,TRBC2,True,True,CSAPQVFWDEQYF,TGCAGTGCGCCACAGGTTTTTTGGGACGAGCAGTACTTC,1575,8,clonotype3702,clonotype3702_consensus_1
TTGCGTCCACAAGCCC-1,True,TTGCGTCCACAAGCCC-1_contig_1,True,625,TRA,TRAV41,None,TRAJ48,TRAC,True,True,CAALGRDNFGNEKLTF,TGTGCTGCCCTTGGGAGGGATAACTTTGGAAATGAGAAATTAACCTTT,621,3,clonotype87,clonotype87_consensus_1
TTGCGTCCACAAGCCC-1,True,TTGCGTCCACAAGCCC-1_contig_2,True,530,TRB,TRBV5-5,None,TRBJ2-4,TRBC2,True,True,CASSLGSYLAKNIQYF,TGTGCCAGCAGCTTGGGCAGTTACCTAGCCAAAAACATTCAGTACTTC,1065,5,clonotype87,clonotype87_consensus_2
TTGCGTCCACATCCGG-1,True,TTGCGTCCACATCCGG-1_contig_1,True,505,TRA,TRAV1-2,None,TRAJ33,TRAC,True,True,CAATDSNYQLIW,TGTGCTGCGACTGATAGCAACTATCAGTTAATCTGG,413,3,clonotype1,clonotype1_consensus_2
TTGCGTCCACATCCGG-1,True,TTGCGTCCACATCCGG-1_contig_2,True,521,TRB,TRBV20-1,None,TRBJ2-1,TRBC2,True,True,CSARVGSEVNEQFF,TGCAGTGCTAGAGTGGGGTCGGAAGTCAATGAGCAGTTCTTC,2460,12,clonotype1,clonotype1_consensus_1
TTGCGTCCACTACAGT-1,True,TTGCGTCCACTACAGT-1_contig_1,True,505,TRA,TRAV1-2,None,TRAJ33,TRAC,True,True,CAATDSNYQLIW,TGTGCTGCGACTGATAGCAACTATCAGTTAATCTGG,659,7,clonotype1,clonotype1_consensus_2
TTGCGTCCACTACAGT-1,True,TTGCGTCCACTACAGT-1_contig_2,True,492,TRB,TRBV20-1,None,TRBJ2-1,TRBC2,True,True,CSARVGSEVNEQFF,TGCAGTGCTAGAGTGGGGTCGGAAGTCAATGAGCAGTTCTTC,115,4,clonotype1,clonotype1_consensus_1
TTGCGTCCAGAGCCAA-1,True,TTGCGTCCAGAGCCAA-1_contig_1,True,509,TRA,TRAV13-2,None,TRAJ12,TRAC,True,True,CAETLDSSYKLIF,TGTGCAGAGACGCTGGATAGCAGCTATAAATTGATCTTC,257,3,clonotype3703,clonotype3703_consensus_2
TTGCGTCCAGAGCCAA-1,True,TTGCGTCCAGAGCCAA-1_contig_2,True,521,TRB,TRBV20-1,None,TRBJ2-5,TRBC2,True,True,CSARDGRNQETQYF,TGCAGTGCTAGAGACGGCCGGAACCAAGAGACCCAGTACTTC,4365,13,clonotype3703,clonotype3703_consensus_1
TTGCGTCCAGAGCCAA-1,True,TTGCGTCCAGAGCCAA-1_contig_3,True,304,TRA,None,None,TRAJ5,TRAC,False,False,None,None,347,1,clonotype3703,None
TTGCGTCCATGCCCGA-1,True,TTGCGTCCATGCCCGA-1_contig_1,True,505,TRA,TRAV1-2,None,TRAJ33,TRAC,True,True,CAATDSNYQLIW,TGTGCTGCGACTGATAGCAACTATCAGTTAATCTGG,324,2,clonotype1,clonotype1_consensus_2
TTGCGTCCATGCCCGA-1,True,TTGCGTCCATGCCCGA-1_contig_2,True,521,TRB,TRBV20-1,None,TRBJ2-1,TRBC2,True,True,CSARVGSEVNEQFF,TGCAGTGCTAGAGTGGGGTCGGAAGTCAATGAGCAGTTCTTC,1391,6,clonotype1,clonotype1_consensus_1
TTGCGTCCATGCCCGA-1,True,TTGCGTCCATGCCCGA-1_contig_3,True,482,TRA,TRAV10,None,TRAJ24,TRAC,True,False,None,None,417,3,clonotype1,None
TTGCGTCGTAAAGGAG-1,True,TTGCGTCGTAAAGGAG-1_contig_1,True,518,TRB,TRBV20-1,None,TRBJ2-7,TRBC2,True,True,CSARGAKSYEQYF,TGCAGTGCCCGGGGGGCGAAATCCTACGAGCAGTACTTC,478,5,clonotype3704,clonotype3704_consensus_1
TTGCGTCGTAAAGGAG-1,True,TTGCGTCGTAAAGGAG-1_contig_2,True,508,TRA,TRAV26-1,None,TRAJ32,TRAC,True,True,CIVRRYGGATNKLIF,TGCATCGTCAGGCGCTATGGTGGTGCTACAAACAAGCTCATCTTT,250,1,clonotype3704,clonotype3704_consensus_2
TTGCGTCGTCAATACC-1,True,TTGCGTCGTCAATACC-1_contig_1,True,505,TRA,TRAV1-2,None,TRAJ33,TRAC,True,True,CAATDSNYQLIW,TGTGCTGCGACTGATAGCAACTATCAGTTAATCTGG,537,3,clonotype1,clonotype1_consensus_2
TTGCGTCGTCAATACC-1,True,TTGCGTCGTCAATACC-1_contig_2,True,492,TRB,TRBV20-1,None,TRBJ2-1,TRBC2,True,True,CSARVGSEVNEQFF,TGCAGTGCTAGAGTGGGGTCGGAAGTCAATGAGCAGTTCTTC,1149,7,clonotype1,clonotype1_consensus_1
TTGCGTCGTCAATACC-1,True,TTGCGTCGTCAATACC-1_contig_3,True,465,TRA,TRAV10,None,TRAJ24,TRAC,True,False,None,None,400,3,clonotype1,None
TTGCGTCGTGATAAGT-1,True,TTGCGTCGTGATAAGT-1_contig_1,True,492,TRB,TRBV5-5,None,TRBJ1-4,TRBC1,True,True,CASSHPGPNYATNEKLFF,TGTGCCAGCAGCCATCCCGGACCGAACTACGCAACTAATGAAAAACTGTTTTTT,159,2,clonotype4,clonotype4_consensus_1
TTGCGTCGTTAGTGGG-1,True,TTGCGTCGTTAGTGGG-1_contig_1,True,518,TRB,TRBV20-1,None,TRBJ1-1,TRBC1,True,True,CSAVLMGWTEAFF,TGCAGTGCCGTTTTGATGGGGTGGACTGAAGCTTTCTTT,597,2,clonotype3705,clonotype3705_consensus_2
TTGCGTCGTTAGTGGG-1,True,TTGCGTCGTTAGTGGG-1_contig_2,True,654,TRA,TRAV8-3,None,TRAJ40,TRAC,True,True,CAVGPPSGTYKYIF,TGTGCTGTGGGTCCTCCCTCAGGAACCTACAAATACATCTTT,78,1,clonotype3705,clonotype3705_consensus_1
TTGCGTCGTTGAGTTC-1,True,TTGCGTCGTTGAGTTC-1_contig_1,True,505,TRA,TRAV1-2,None,TRAJ33,TRAC,True,True,CAATDSNYQLIW,TGTGCTGCGACTGATAGCAACTATCAGTTAATCTGG,819,3,clonotype1,clonotype1_consensus_2
TTGCGTCGTTGAGTTC-1,True,TTGCGTCGTTGAGTTC-1_contig_2,True,485,TRB,TRBV20-1,None,TRBJ2-1,TRBC2,True,True,CSARVGSEVNEQFF,TGCAGTGCTAGAGTGGGGTCGGAAGTCAATGAGCAGTTCTTC,1395,8,clonotype1,clonotype1_consensus_1
TTGCGTCTCAAACGGG-1,True,TTGCGTCTCAAACGGG-1_contig_1,True,443,TRA,TRAV2,None,TRAJ43,TRAC,True,True,CAATYNNNDMRF,TGTGCTGCTACGTACAATAACAATGACATGCGCTTT,563,3,clonotype3706,clonotype3706_consensus_4
TTGCGTCTCAAACGGG-1,True,TTGCGTCTCAAACGGG-1_contig_2,True,501,TRB,TRBV12-3,None,TRBJ2-7,TRBC2,True,True,CASSLVAVGEQYF,TGTGCCAGCAGTTTGGTAGCTGTCGGCGAGCAGTACTTC,1622,8,clonotype3706,clonotype3706_consensus_1
TTGCGTCTCAAACGGG-1,True,TTGCGTCTCAAACGGG-1_contig_3,True,526,TRA,TRAV14/DV4,None,TRAJ3,TRAC,True,True,CAMRAPYSSASKIIF,TGTGCAATGAGAGCGCCCTACAGCAGTGCTTCCAAGATAATCTTT,890,6,clonotype3706,clonotype3706_consensus_2
TTGCGTCTCAAACGGG-1,True,TTGCGTCTCAAACGGG-1_contig_4,True,507,TRB,TRBV20-1,None,TRBJ2-6,TRBC2,True,True,CSALGQGAGAGANVLTF,TGCAGTGCCCTAGGACAGGGGGCAGGGGCTGGGGCCAACGTCCTGACTTTC,2333,13,clonotype3706,clonotype3706_consensus_3
TTGCGTCTCAAACGGG-1,True,TTGCGTCTCAAACGGG-1_contig_5,True,354,TRA,TRAV8-3,None,TRAJ42,TRAC,True,False,None,None,329,1,clonotype3706,None
TTGCGTCTCCGCAAGC-1,True,TTGCGTCTCCGCAAGC-1_contig_1,True,505,TRA,TRAV1-2,None,TRAJ33,TRAC,True,True,CAATDSNYQLIW,TGTGCTGCGACTGATAGCAACTATCAGTTAATCTGG,234,2,clonotype1,clonotype1_consensus_2
TTGCGTCTCCGCAAGC-1,True,TTGCGTCTCCGCAAGC-1_contig_2,True,521,TRB,TRBV20-1,None,TRBJ2-1,TRBC2,True,True,CSARVGSEVNEQFF,TGCAGTGCTAGAGTGGGGTCGGAAGTCAATGAGCAGTTCTTC,1641,7,clonotype1,clonotype1_consensus_1
TTGCGTCTCCGCAAGC-1,True,TTGCGTCTCCGCAAGC-1_contig_3,True,467,TRA,TRAV10,None,TRAJ24,TRAC,True,False,None,None,243,2,clonotype1,None
TTGCGTCTCCTTTCGG-1,True,TTGCGTCTCCTTTCGG-1_contig_1,True,469,TRA,TRAV38-2/DV8,None,TRAJ54,TRAC,True,True,CAYKQGAQKLVF,TGTGCTTATAAACAGGGAGCCCAGAAGCTGGTATTT,284,4,clonotype3707,clonotype3707_consensus_2
TTGCGTCTCCTTTCGG-1,True,TTGCGTCTCCTTTCGG-1_contig_2,True,521,TRB,TRBV20-1,None,TRBJ1-1,TRBC1,True,True,CSARRDTLNTEAFF,TGCAGTGCTAGACGGGACACCTTGAACACTGAAGCTTTCTTT,1865,9,clonotype3707,clonotype3707_consensus_1
TTGCGTCTCGTAGGAG-1,True,TTGCGTCTCGTAGGAG-1_contig_1,True,551,TRA,TRAV26-1,None,TRAJ49,TRAC,True,True,CIVNTGNQFYF,TGCATCGTTAACACCGGTAACCAGTTCTATTTT,1413,6,clonotype85,clonotype85_consensus_1
TTGCGTCTCGTAGGAG-1,True,TTGCGTCTCGTAGGAG-1_contig_2,True,527,TRB,TRBV20-1,None,TRBJ1-1,TRBC1,True,True,CSAKRSDRVQNTEAFF,TGCAGTGCCAAACGGTCGGACAGGGTTCAGAACACTGAAGCTTTCTTT,2294,10,clonotype85,clonotype85_consensus_2
TTGCGTCTCGTTGACA-1,True,TTGCGTCTCGTTGACA-1_contig_1,True,524,TRB,TRBV20-1,None,TRBJ2-3,TRBC2,True,True,CSALIQRGALNTQYF,TGCAGTGCTCTCATTCAGCGGGGGGCCCTAAATACGCAGTATTTT,2566,19,clonotype3708,clonotype3708_consensus_1
TTGCGTCTCGTTGACA-1,True,TTGCGTCTCGTTGACA-1_contig_2,True,514,TRA,TRAV17,None,TRAJ17,TRAC,True,True,CATDYKAAGNKLTF,TGTGCTACGGATTACAAAGCTGCAGGCAACAAGCTAACTTTT,339,2,clonotype3708,clonotype3708_consensus_2
TTGCGTCTCGTTGACA-1,True,TTGCGTCTCGTTGACA-1_contig_3,True,618,TRA,TRAV3,None,TRAJ29,TRAC,True,True,CAVSAHSGNTPLVF,TGTGCTGTGAGTGCCCATTCAGGAAACACACCTCTTGTCTTT,1073,7,clonotype3708,clonotype3708_consensus_3
TTGCGTCTCTCTTGAT-1,True,TTGCGTCTCTCTTGAT-1_contig_1,True,505,TRA,TRAV1-2,None,TRAJ33,TRAC,True,True,CAATDSNYQLIW,TGTGCTGCGACTGATAGCAACTATCAGTTAATCTGG,1129,3,clonotype1,clonotype1_consensus_2
TTGCGTCTCTCTTGAT-1,True,TTGCGTCTCTCTTGAT-1_contig_2,True,521,TRB,TRBV20-1,None,TRBJ2-1,TRBC2,True,True,CSARVGSEVNEQFF,TGCAGTGCTAGAGTGGGGTCGGAAGTCAATGAGCAGTTCTTC,1585,7,clonotype1,clonotype1_consensus_1
TTGCGTCTCTCTTGAT-1,True,TTGCGTCTCTCTTGAT-1_contig_3,True,482,TRA,TRAV10,None,TRAJ24,TRAC,True,False,None,None,977,3,clonotype1,None
TTGGAACAGAAACGCC-1,True,TTGGAACAGAAACGCC-1_contig_1,True,524,TRB,TRBV20-1,None,TRBJ2-2,TRBC2,True,True,CSAESGTGNTGELFF,TGCAGTGCTGAGTCGGGGACAGGGAACACCGGGGAGCTGTTTTTT,6363,9,clonotype3709,clonotype3709_consensus_1
TTGGAACAGAGTAAGG-1,True,TTGGAACAGAGTAAGG-1_contig_1,True,601,TRA,TRAV12-1,None,TRAJ9,TRAC,True,True,CVVNIGTGGFKTIF,TGTGTGGTGAACATTGGGACTGGAGGCTTCAAAACTATCTTT,931,6,clonotype3710,clonotype3710_consensus_1
TTGGAACAGAGTAAGG-1,True,TTGGAACAGAGTAAGG-1_contig_2,True,652,TRB,TRBV5-5,None,TRBJ1-1,TRBC1,True,True,CASSRKTGLNTEAFF,TGTGCCAGCAGCCGGAAGACAGGCTTGAACACTGAAGCTTTCTTT,436,4,clonotype3710,clonotype3710_consensus_2
TTGGAACAGGAGCGAG-1,True,TTGGAACAGGAGCGAG-1_contig_1,True,505,TRA,TRAV1-2,None,TRAJ33,TRAC,True,True,CAATDSNYQLIW,TGTGCTGCGACTGATAGCAACTATCAGTTAATCTGG,197,2,clonotype1,clonotype1_consensus_2
TTGGAACAGGAGCGAG-1,True,TTGGAACAGGAGCGAG-1_contig_2,True,498,TRB,TRBV20-1,None,TRBJ2-1,TRBC2,True,True,CSARVGSEVNEQFF,TGCAGTGCTAGAGTGGGGTCGGAAGTCAATGAGCAGTTCTTC,830,5,clonotype1,clonotype1_consensus_1
TTGGAACAGGCCCTCA-1,True,TTGGAACAGGCCCTCA-1_contig_1,True,462,TRA,TRAV13-1,None,TRAJ26,TRAC,True,True,CAATPDNYGQNFVF,TGTGCAGCAACCCCAGATAACTATGGTCAGAATTTTGTCTTT,151,1,clonotype18,clonotype18_consensus_1
TTGGAACAGGCCCTCA-1,True,TTGGAACAGGCCCTCA-1_contig_2,True,524,TRB,TRBV20-1,None,TRBJ1-2,TRBC1,True,True,CSARGPNLRVGGYTF,TGCAGTGCTAGAGGTCCTAATCTCAGGGTCGGTGGCTACACCTTC,1462,6,clonotype18,clonotype18_consensus_2
TTGGAACAGTGAACGC-1,True,TTGGAACAGTGAACGC-1_contig_1,True,505,TRA,TRAV1-2,None,TRAJ33,TRAC,True,True,CAATDSNYQLIW,TGTGCTGCGACTGATAGCAACTATCAGTTAATCTGG,299,3,clonotype1,clonotype1_consensus_2
TTGGAACAGTGAACGC-1,True,TTGGAACAGTGAACGC-1_contig_2,True,485,TRB,TRBV20-1,None,TRBJ2-1,TRBC2,True,True,CSARVGSEVNEQFF,TGCAGTGCTAGAGTGGGGTCGGAAGTCAATGAGCAGTTCTTC,176,2,clonotype1,clonotype1_consensus_1
TTGGAACCAAGTCATC-1,True,TTGGAACCAAGTCATC-1_contig_1,True,477,TRA,TRAV4,None,TRAJ17,TRAC,True,True,CLVTAAGNKLTF,TGCCTCGTGACAGCTGCAGGCAACAAGCTAACTTTT,233,4,clonotype3711,clonotype3711_consensus_2
TTGGAACCAAGTCATC-1,True,TTGGAACCAAGTCATC-1_contig_2,True,485,TRB,TRBV20-1,None,TRBJ2-5,TRBC2,True,True,CSARSGLAVGTQYF,TGCAGTGCTAGATCGGGACTAGCTGTCGGGACCCAGTACTTC,1953,9,clonotype3711,clonotype3711_consensus_1
TTGGAACCACTACAGT-1,True,TTGGAACCACTACAGT-1_contig_1,True,502,TRA,TRAV1-2,None,TRAJ30,TRAC,True,True,CAVRDLREIIF,TGTGCTGTGAGAGATCTTCGGGAGATCATCTTT,625,2,clonotype3,clonotype3_consensus_2
TTGGAACCACTACAGT-1,True,TTGGAACCACTACAGT-1_contig_2,True,516,TRB,TRBV5-5,None,TRBJ1-4,TRBC1,True,True,CASSHPGPNYATNEKLFF,TGTGCCAGCAGCCATCCCGGACCGAACTACGCAACTAATGAAAAACTGTTTTTT,1684,7,clonotype3,clonotype3_consensus_1
TTGGAACCATCGGACC-1,True,TTGGAACCATCGGACC-1_contig_1,True,505,TRA,TRAV1-2,None,TRAJ33,TRAC,True,True,CAATDSNYQLIW,TGTGCTGCGACTGATAGCAACTATCAGTTAATCTGG,151,2,clonotype1,clonotype1_consensus_2
TTGGAACCATCGGACC-1,True,TTGGAACCATCGGACC-1_contig_2,True,521,TRB,TRBV20-1,None,TRBJ2-1,TRBC2,True,True,CSARVGSEVNEQFF,TGCAGTGCTAGAGTGGGGTCGGAAGTCAATGAGCAGTTCTTC,1351,7,clonotype1,clonotype1_consensus_1
TTGGAACCATGACATC-1,True,TTGGAACCATGACATC-1_contig_1,True,467,TRA,TRAV1-2,None,TRAJ33,TRAC,True,True,CAATDSNYQLIW,TGTGCTGCGACTGATAGCAACTATCAGTTAATCTGG,133,2,clonotype1,clonotype1_consensus_2
TTGGAACCATGACATC-1,True,TTGGAACCATGACATC-1_contig_2,True,485,TRB,TRBV20-1,None,TRBJ2-1,TRBC2,True,True,CSARVGSEVNEQFF,TGCAGTGCTAGAGTGGGGTCGGAAGTCAATGAGCAGTTCTTC,2961,10,clonotype1,clonotype1_consensus_1
TTGGAACTCACATACG-1,True,TTGGAACTCACATACG-1_contig_1,True,505,TRA,TRAV1-2,None,TRAJ33,TRAC,True,True,CAATDSNYQLIW,TGTGCTGCGACTGATAGCAACTATCAGTTAATCTGG,284,3,clonotype1,clonotype1_consensus_2
TTGGAACTCACATACG-1,True,TTGGAACTCACATACG-1_contig_2,True,521,TRB,TRBV20-1,None,TRBJ2-1,TRBC2,True,True,CSARVGSEVNEQFF,TGCAGTGCTAGAGTGGGGTCGGAAGTCAATGAGCAGTTCTTC,511,5,clonotype1,clonotype1_consensus_1
TTGGAACTCACATACG-1,True,TTGGAACTCACATACG-1_contig_3,True,500,TRA,TRAV10,None,TRAJ24,TRAC,True,False,None,None,455,3,clonotype1,None
TTGGAACTCCGTAGTA-1,True,TTGGAACTCCGTAGTA-1_contig_1,True,530,TRB,TRBV20-1,None,TRBJ1-6,TRBC1,True,True,CSARKPHWTGEASPLHF,TGCAGTGCTAGAAAACCTCACTGGACAGGGGAAGCTTCACCCCTCCACTTT,686,7,clonotype30,clonotype30_consensus_2
TTGGAACTCCGTAGTA-1,True,TTGGAACTCCGTAGTA-1_contig_2,True,579,TRA,TRAV12-1,None,TRAJ35,TRAC,True,True,CVVIGFGNVLHC,TGTGTGGTGATAGGCTTTGGGAATGTGCTGCATTGC,1601,6,clonotype30,clonotype30_consensus_1
TTGGAACTCGGTCCGA-1,True,TTGGAACTCGGTCCGA-1_contig_1,True,521,TRB,TRBV20-1,None,TRBJ2-1,TRBC2,True,True,CSARVGSEVNEQFF,TGCAGTGCTAGAGTGGGGTCGGAAGTCAATGAGCAGTTCTTC,1999,10,clonotype2,clonotype2_consensus_1
TTGGAACTCTGCTGCT-1,True,TTGGAACTCTGCTGCT-1_contig_1,True,505,TRA,TRAV1-2,None,TRAJ33,TRAC,True,True,CAATDSNYQLIW,TGTGCTGCGACTGATAGCAACTATCAGTTAATCTGG,551,3,clonotype1,clonotype1_consensus_2
TTGGAACTCTGCTGCT-1,True,TTGGAACTCTGCTGCT-1_contig_2,True,521,TRB,TRBV20-1,None,TRBJ2-1,TRBC2,True,True,CSARVGSEVNEQFF,TGCAGTGCTAGAGTGGGGTCGGAAGTCAATGAGCAGTTCTTC,587,6,clonotype1,clonotype1_consensus_1
TTGGAACTCTTAGAGC-1,True,TTGGAACTCTTAGAGC-1_contig_1,True,505,TRA,TRAV1-2,None,TRAJ33,TRAC,True,True,CAATDSNYQLIW,TGTGCTGCGACTGATAGCAACTATCAGTTAATCTGG,665,3,clonotype1,clonotype1_consensus_2
TTGGAACTCTTAGAGC-1,True,TTGGAACTCTTAGAGC-1_contig_2,True,521,TRB,TRBV20-1,None,TRBJ2-1,TRBC2,True,True,CSARVGSEVNEQFF,TGCAGTGCTAGAGTGGGGTCGGAAGTCAATGAGCAGTTCTTC,2465,11,clonotype1,clonotype1_consensus_1
TTGGAACTCTTAGAGC-1,True,TTGGAACTCTTAGAGC-1_contig_3,True,482,TRA,TRAV10,None,TRAJ24,TRAC,True,False,None,None,267,2,clonotype1,None
TTGGAACTCTTAGAGC-1,True,TTGGAACTCTTAGAGC-1_contig_4,True,362,TRA,TRAV13-1,None,None,None,False,False,None,None,19,1,clonotype1,None
TTGGCAAAGAAGGTTT-1,True,TTGGCAAAGAAGGTTT-1_contig_1,True,502,TRA,TRAV23/DV6,None,TRAJ58,TRAC,True,True,CAASDGSRLTF,TGTGCAGCAAGCGATGGCTCTAGGTTGACCTTT,191,5,clonotype3712,clonotype3712_consensus_2
TTGGCAAAGAAGGTTT-1,True,TTGGCAAAGAAGGTTT-1_contig_2,True,499,TRB,TRBV5-6,None,TRBJ2-3,TRBC2,True,True,CASSPVGLAVSTDTQYF,TGTGCCAGCAGCCCAGTAGGACTAGCAGTAAGCACAGATACGCAGTATTTT,2827,10,clonotype3712,clonotype3712_consensus_1
TTGGCAAAGAAGGTTT-1,True,TTGGCAAAGAAGGTTT-1_contig_3,True,481,TRB,TRBV10-3,None,TRBJ2-5,TRBC2,True,False,None,None,393,3,clonotype3712,None
TTGGCAAAGACAGAGA-1,True,TTGGCAAAGACAGAGA-1_contig_1,True,574,TRA,TRAV8-1,None,TRAJ8,TRAC,True,True,CAVLMNTGFQKLVF,TGTGCCGTGTTAATGAACACAGGCTTTCAGAAACTTGTATTT,4975,6,clonotype3713,clonotype3713_consensus_1
TTGGCAAAGACAGAGA-1,True,TTGGCAAAGACAGAGA-1_contig_2,True,662,TRB,TRBV5-6,None,TRBJ1-5,TRBC1,True,True,CASSLADRFNQPQHF,TGTGCCAGCAGCTTGGCGGACAGGTTCAATCAGCCCCAGCATTTT,2687,12,clonotype3713,clonotype3713_consensus_2
TTGGCAACACAGAGGT-1,True,TTGGCAACACAGAGGT-1_contig_1,True,521,TRB,TRBV20-1,None,TRBJ2-1,TRBC2,True,True,CSARVGSEVNEQFF,TGCAGTGCTAGAGTGGGGTCGGAAGTCAATGAGCAGTTCTTC,2323,11,clonotype2,clonotype2_consensus_1
TTGGCAACATATACCG-1,True,TTGGCAACATATACCG-1_contig_1,True,524,TRB,TRBV20-1,None,TRBJ2-1,TRBC2,True,True,CSASPRDSLYNEQFF,TGCAGTGCTAGTCCTCGGGACAGCCTGTACAATGAGCAGTTCTTC,808,3,clonotype3714,clonotype3714_consensus_1
TTGGCAACATATACCG-1,True,TTGGCAACATATACCG-1_contig_2,True,551,TRA,TRAV12-1,None,TRAJ26,TRAC,True,True,CVVAPYGQNFVF,TGTGTGGTGGCCCCCTATGGTCAGAATTTTGTCTTT,644,9,clonotype3714,clonotype3714_consensus_2
TTGGCAACATCCAACA-1,True,TTGGCAACATCCAACA-1_contig_1,True,547,TRA,TRAV12-2,None,TRAJ13,TRAC,True,True,CAVVDSGGYQKVTF,TGTGCCGTGGTGGATTCTGGGGGTTACCAGAAAGTTACCTTT,886,8,clonotype116,clonotype116_consensus_1
TTGGCAACATCCAACA-1,True,TTGGCAACATCCAACA-1_contig_2,True,524,TRB,TRBV20-1,None,TRBJ2-1,TRBC2,True,True,CSALGLAGAGNEQFF,TGCAGTGCTCTCGGACTAGCGGGGGCCGGCAATGAGCAGTTCTTC,2245,12,clonotype116,clonotype116_consensus_2
TTGGCAACATGATCCA-1,True,TTGGCAACATGATCCA-1_contig_1,True,511,TRB,TRBV5-5,None,TRBJ2-5,TRBC2,True,True,CASSFGSPKETQYF,TGTGCCAGCAGCTTCGGCAGCCCTAAAGAGACCCAGTACTTC,2194,11,clonotype3715,clonotype3715_consensus_1
TTGGCAACATGATCCA-1,True,TTGGCAACATGATCCA-1_contig_2,True,513,TRB,TRBV6-5,None,TRBJ2-4,TRBC2,True,False,None,None,707,2,clonotype3715,None
TTGGCAACATGCATGT-1,True,TTGGCAACATGCATGT-1_contig_1,True,505,TRA,TRAV1-2,None,TRAJ33,TRAC,True,True,CAATDSNYQLIW,TGTGCTGCGACTGATAGCAACTATCAGTTAATCTGG,280,4,clonotype1,clonotype1_consensus_2
TTGGCAACATGCATGT-1,True,TTGGCAACATGCATGT-1_contig_2,True,521,TRB,TRBV20-1,None,TRBJ2-1,TRBC2,True,True,CSARVGSEVNEQFF,TGCAGTGCTAGAGTGGGGTCGGAAGTCAATGAGCAGTTCTTC,1328,10,clonotype1,clonotype1_consensus_1
TTGGCAACATGCATGT-1,True,TTGGCAACATGCATGT-1_contig_3,True,458,TRA,TRAV10,None,TRAJ24,TRAC,True,False,None,None,318,2,clonotype1,None
TTGGCAACATGCGCAC-1,True,TTGGCAACATGCGCAC-1_contig_1,True,492,TRB,TRBV20-1,None,TRBJ2-1,TRBC2,True,True,CSARKGQGANEQFF,TGCAGTGCTAGGAAGGGACAGGGTGCCAATGAGCAGTTCTTC,533,3,clonotype3716,clonotype3716_consensus_2
TTGGCAACATGCGCAC-1,True,TTGGCAACATGCGCAC-1_contig_2,True,504,TRA,TRAV6,None,TRAJ13,TRAC,True,True,CALSSGGYQKVTF,TGTGCTCTAAGTTCTGGGGGTTACCAAAAAGTTACCTTT,394,1,clonotype3716,clonotype3716_consensus_1
TTGGCAAGTAAGAGGA-1,True,TTGGCAAGTAAGAGGA-1_contig_1,True,690,TRB,TRBV5-6,None,TRBJ1-5,TRBC1,True,True,CASSSRYQPQHF,TGTGCCAGCAGCTCGCGCTATCAGCCCCAGCATTTT,843,7,clonotype3717,clonotype3717_consensus_2
TTGGCAAGTAAGAGGA-1,True,TTGGCAAGTAAGAGGA-1_contig_2,True,456,TRA,TRAV13-1,None,TRAJ34,TRAC,True,True,CAATDNTDKLIF,TGTGCAGCAACCGATAACACCGACAAGCTCATCTTT,652,5,clonotype3717,clonotype3717_consensus_1
TTGGCAAGTGAGGCTA-1,True,TTGGCAAGTGAGGCTA-1_contig_1,True,510,TRB,TRBV20-1,None,TRBJ1-1,TRBC1,True,True,CSASKYQEGSYMNTEAFF,TGCAGTGCTAGTAAGTATCAAGAGGGGTCCTACATGAACACTGAAGCTTTCTTT,448,5,clonotype40,clonotype40_consensus_2
TTGGCAAGTGAGGCTA-1,True,TTGGCAAGTGAGGCTA-1_contig_2,True,563,TRA,TRAV22,None,TRAJ17,TRAC,True,True,CAVWKAAGNKLTF,TGTGCTGTGTGGAAAGCTGCAGGCAACAAGCTAACTTTT,306,3,clonotype40,clonotype40_consensus_1
TTGGCAAGTGTGAATA-1,True,TTGGCAAGTGTGAATA-1_contig_1,True,495,TRA,TRAV9-2,None,TRAJ20,TRAC,True,True,CALSSYSNDYKLSF,TGTGCTCTGAGCTCCTATTCTAACGACTACAAGCTCAGCTTT,3987,3,clonotype51,clonotype51_consensus_2
TTGGCAAGTGTGAATA-1,True,TTGGCAAGTGTGAATA-1_contig_2,True,508,TRB,TRBV5-5,None,TRBJ1-1,TRBC1,True,True,CASSPAPDTEAFF,TGTGCCAGCAGCCCCGCTCCGGACACTGAAGCTTTCTTT,4016,12,clonotype51,clonotype51_consensus_1
TTGGCAAGTTCGGCAC-1,True,TTGGCAAGTTCGGCAC-1_contig_1,True,505,TRA,TRAV1-2,None,TRAJ33,TRAC,True,True,CAATDSNYQLIW,TGTGCTGCGACTGATAGCAACTATCAGTTAATCTGG,738,5,clonotype1,clonotype1_consensus_2
TTGGCAAGTTCGGCAC-1,True,TTGGCAAGTTCGGCAC-1_contig_2,True,521,TRB,TRBV20-1,None,TRBJ2-1,TRBC2,True,True,CSARVGSEVNEQFF,TGCAGTGCTAGAGTGGGGTCGGAAGTCAATGAGCAGTTCTTC,1861,6,clonotype1,clonotype1_consensus_1
TTGGCAAGTTGCGTTA-1,True,TTGGCAAGTTGCGTTA-1_contig_1,True,515,TRB,TRBV20-1,None,TRBJ1-5,TRBC1,True,True,CSASPPDRPQHF,TGCAGTGCTAGCCCTCCCGATAGGCCCCAGCATTTT,1772,6,clonotype3718,clonotype3718_consensus_1
TTGGCAAGTTGCGTTA-1,True,TTGGCAAGTTGCGTTA-1_contig_2,True,505,TRA,TRAV20,None,TRAJ49,TRAC,True,True,CAVQTNTGNQFYF,TGTGCTGTGCAGACGAACACCGGTAACCAGTTCTATTTT,701,5,clonotype3718,clonotype3718_consensus_2
TTGGCAATCAACGCTA-1,True,TTGGCAATCAACGCTA-1_contig_1,True,498,TRB,TRBV20-1,None,TRBJ1-2,TRBC1,True,True,CSAPGQGGAYGYTF,TGCAGTGCCCCTGGACAGGGTGGGGCCTATGGCTACACCTTC,506,2,clonotype3719,clonotype3719_consensus_1
TTGGCAATCAACGCTA-1,True,TTGGCAATCAACGCTA-1_contig_2,True,475,TRA,TRAV39,None,TRAJ32,TRAC,True,True,CAVNYGGATNKLIF,TGTGCCGTTAATTATGGTGGTGCTACAAACAAGCTCATCTTT,293,2,clonotype3719,clonotype3719_consensus_2
TTGGCAATCAACGCTA-1,True,TTGGCAATCAACGCTA-1_contig_3,True,312,TRB,None,None,TRBJ2-5,TRBC2,False,False,None,None,7757,5,clonotype3719,None
TTGGCAATCACCGTAA-1,True,TTGGCAATCACCGTAA-1_contig_1,True,571,TRA,TRAV29/DV5,None,TRAJ39,TRAC,True,True,CAASENNAGNMLTF,TGTGCAGCAAGCGAGAATAATGCAGGCAACATGCTCACCTTT,411,2,clonotype3720,clonotype3720_consensus_2
TTGGCAATCACCGTAA-1,True,TTGGCAATCACCGTAA-1_contig_2,True,524,TRB,TRBV20-1,None,TRBJ1-1,TRBC1,True,True,CSAREPGRVNTEAFF,TGCAGTGCTAGGGAACCGGGCAGAGTGAACACTGAAGCTTTCTTT,489,5,clonotype3720,clonotype3720_consensus_3
TTGGCAATCACCGTAA-1,True,TTGGCAATCACCGTAA-1_contig_3,True,638,TRB,TRBV5-5,None,TRBJ1-2,TRBC1,True,True,CASSLGPGGTGRKYGYTF,TGTGCCAGCAGCTTGGGACCCGGAGGGACAGGGCGAAAATATGGCTACACCTTC,676,9,clonotype3720,clonotype3720_consensus_1
TTGGCAATCACCGTAA-1,True,TTGGCAATCACCGTAA-1_contig_4,True,518,TRA,TRAV13-2,None,TRAJ52,TRAC,True,True,CAETNAGGTSYGKLTF,TGTGCAGAGACCAATGCTGGTGGTACTAGCTATGGAAAGCTGACATTT,819,2,clonotype3720,clonotype3720_consensus_4
TTGGCAATCCTGTACC-1,True,TTGGCAATCCTGTACC-1_contig_1,True,524,TRB,TRBV20-1,None,TRBJ2-3,TRBC2,True,True,CSARVTSKSLDTQYF,TGCAGTGCTAGAGTTACTAGTAAAAGTTTAGATACGCAGTATTTT,1657,11,clonotype3721,clonotype3721_consensus_2
TTGGCAATCCTGTACC-1,True,TTGGCAATCCTGTACC-1_contig_2,True,567,TRA,TRAV8-4,None,TRAJ22,TRAC,True,True,CAVRTGSARQLTF,TGTGCTGTGAGAACGGGTTCTGCAAGGCAACTGACCTTT,299,3,clonotype3721,clonotype3721_consensus_1
TTGGCAATCCTGTACC-1,True,TTGGCAATCCTGTACC-1_contig_3,True,485,TRA,TRAV24,None,TRAJ42,TRAC,True,False,None,None,150,2,clonotype3721,None
TTGGCAATCCTGTAGA-1,True,TTGGCAATCCTGTAGA-1_contig_1,True,505,TRA,TRAV1-2,None,TRAJ33,TRAC,True,True,CAATDSNYQLIW,TGTGCTGCGACTGATAGCAACTATCAGTTAATCTGG,423,3,clonotype1,clonotype1_consensus_2
TTGGCAATCCTGTAGA-1,True,TTGGCAATCCTGTAGA-1_contig_2,True,498,TRB,TRBV20-1,None,TRBJ2-1,TRBC2,True,True,CSARVGSEVNEQFF,TGCAGTGCTAGAGTGGGGTCGGAAGTCAATGAGCAGTTCTTC,270,8,clonotype1,clonotype1_consensus_1
TTGTAGGAGCAGACTG-1,True,TTGTAGGAGCAGACTG-1_contig_1,True,524,TRB,TRBV20-1,None,TRBJ2-3,TRBC2,True,True,CSAELKRGNTDTQYF,TGCAGTGCAGAACTAAAGCGGGGGAACACAGATACGCAGTATTTT,2652,10,clonotype3722,clonotype3722_consensus_1
TTGTAGGAGCAGACTG-1,True,TTGTAGGAGCAGACTG-1_contig_2,True,335,TRB,None,None,TRBJ1-6,TRBC1,False,False,None,None,607,3,clonotype3722,None
TTGTAGGAGCAGACTG-1,True,TTGTAGGAGCAGACTG-1_contig_3,True,684,TRA,TRAV8-6,None,TRAJ12,TRAC,True,False,None,None,325,4,clonotype3722,None
TTGTAGGAGGACACCA-1,True,TTGTAGGAGGACACCA-1_contig_1,True,524,TRB,TRBV20-1,None,TRBJ2-5,TRBC2,True,True,CSARTSLQWRETQYF,TGCAGTGCTAGAACTTCACTACAATGGAGGGAGACCCAGTACTTC,1673,7,clonotype3723,clonotype3723_consensus_1
TTGTAGGAGGACACCA-1,True,TTGTAGGAGGACACCA-1_contig_2,True,441,TRB,TRBV18,None,TRBJ1-4,TRBC1,True,False,None,None,778,5,clonotype3723,None
TTGTAGGAGGAGTCTG-1,True,TTGTAGGAGGAGTCTG-1_contig_1,True,505,TRA,TRAV1-2,None,TRAJ33,TRAC,True,True,CAATDSNYQLIW,TGTGCTGCGACTGATAGCAACTATCAGTTAATCTGG,257,6,clonotype1,clonotype1_consensus_2
TTGTAGGAGGAGTCTG-1,True,TTGTAGGAGGAGTCTG-1_contig_2,True,521,TRB,TRBV20-1,None,TRBJ2-1,TRBC2,True,True,CSARVGSEVNEQFF,TGCAGTGCTAGAGTGGGGTCGGAAGTCAATGAGCAGTTCTTC,1259,7,clonotype1,clonotype1_consensus_1
TTGTAGGCAAGCCCAC-1,True,TTGTAGGCAAGCCCAC-1_contig_1,True,518,TRB,TRBV20-1,None,TRBJ2-5,TRBC2,True,True,CSAGQADQETQYF,TGCAGTGCTGGACAGGCGGACCAAGAGACCCAGTACTTC,1625,9,clonotype3724,clonotype3724_consensus_1
TTGTAGGCAAGCCCAC-1,True,TTGTAGGCAAGCCCAC-1_contig_2,True,498,TRA,TRAV6,None,TRAJ13,TRAC,True,True,CAQREGGYQKVTF,TGTGCTCAACGAGAAGGGGGTTACCAGAAAGTTACCTTT,202,2,clonotype3724,clonotype3724_consensus_2
TTGTAGGCAAGCCCAC-1,True,TTGTAGGCAAGCCCAC-1_contig_3,True,498,TRA,TRAV1-1,None,TRAJ32,TRAC,True,False,None,None,466,1,clonotype3724,None
TTGTAGGCAAGGGTCA-1,True,TTGTAGGCAAGGGTCA-1_contig_1,True,524,TRB,TRBV5-5,None,TRBJ1-4,TRBC1,True,True,CASSSGQERTNEKLFF,TGTGCCAGCAGTTCGGGACAGGAGCGAACTAATGAAAAACTGTTTTTT,3676,16,clonotype3725,clonotype3725_consensus_1
TTGTAGGCAAGGGTCA-1,True,TTGTAGGCAAGGGTCA-1_contig_2,True,615,TRA,TRAV3,None,TRAJ5,TRAC,True,True,CAVREGGRRALTF,TGTGCTGTGAGAGAGGGGGGCAGGAGAGCACTTACTTTT,963,7,clonotype3725,clonotype3725_consensus_2
TTGTAGGCACAGATTC-1,True,TTGTAGGCACAGATTC-1_contig_1,True,521,TRB,TRBV20-1,None,TRBJ2-1,TRBC2,True,True,CSARVGSEVNEQFF,TGCAGTGCTAGAGTGGGGTCGGAAGTCAATGAGCAGTTCTTC,2147,9,clonotype2,clonotype2_consensus_1
TTGTAGGCACAGATTC-1,True,TTGTAGGCACAGATTC-1_contig_2,True,482,TRA,TRAV10,None,TRAJ24,TRAC,True,False,None,None,176,4,clonotype2,None
TTGTAGGCACAGGTTT-1,True,TTGTAGGCACAGGTTT-1_contig_1,True,570,TRA,TRAV8-4,None,TRAJ11,TRAC,True,True,CAVSGGSGYSTLTF,TGTGCTGTGAGTGGAGGGTCAGGATACAGCACCCTCACCTTT,1746,8,clonotype133,clonotype133_consensus_2
TTGTAGGCACAGGTTT-1,True,TTGTAGGCACAGGTTT-1_contig_2,True,658,TRB,TRBV5-6,None,TRBJ1-1,TRBC1,True,True,CASSLTATGTEAFF,TGTGCCAGCAGCTTAACAGCGACGGGAACTGAAGCTTTCTTT,3128,20,clonotype133,clonotype133_consensus_1
TTGTAGGCACATAACC-1,True,TTGTAGGCACATAACC-1_contig_1,True,524,TRB,TRBV20-1,None,TRBJ2-2,TRBC2,True,True,CSARDPGANTGELFF,TGCAGTGCTAGAGATCCCGGGGCAAACACCGGGGAGCTGTTTTTT,1658,7,clonotype3726,clonotype3726_consensus_1
TTGTAGGCACATAACC-1,True,TTGTAGGCACATAACC-1_contig_2,True,684,TRA,TRAV8-3,None,TRAJ13,TRAC,True,True,CAVGPSGGYQKVTF,TGTGCTGTGGGTCCTTCTGGGGGTTACCAGAAAGTTACCTTT,752,4,clonotype3726,clonotype3726_consensus_2
TTGTAGGCACCGGAAA-1,True,TTGTAGGCACCGGAAA-1_contig_1,True,505,TRA,TRAV1-2,None,TRAJ33,TRAC,True,True,CAATDSNYQLIW,TGTGCTGCGACTGATAGCAACTATCAGTTAATCTGG,77,1,clonotype1,clonotype1_consensus_2
TTGTAGGCACCGGAAA-1,True,TTGTAGGCACCGGAAA-1_contig_2,True,512,TRB,TRBV20-1,None,TRBJ2-1,TRBC2,True,True,CSARVGSEVNEQFF,TGCAGTGCTAGAGTGGGGTCGGAAGTCAATGAGCAGTTCTTC,2031,7,clonotype1,clonotype1_consensus_1
TTGTAGGCACCGGAAA-1,True,TTGTAGGCACCGGAAA-1_contig_3,True,482,TRA,TRAV10,None,TRAJ24,TRAC,True,False,None,None,273,2,clonotype1,None
TTGTAGGCACCTCGTT-1,True,TTGTAGGCACCTCGTT-1_contig_1,True,505,TRA,TRAV20,None,TRAJ36,TRAC,True,True,CAVHPTGANNLFF,TGTGCTGTGCACCCAACTGGGGCAAACAACCTCTTCTTT,594,6,clonotype3727,clonotype3727_consensus_2
TTGTAGGCACCTCGTT-1,True,TTGTAGGCACCTCGTT-1_contig_2,True,673,TRB,TRBV5-6,None,TRBJ2-5,TRBC2,True,True,CASSPEPTSQETQYF,TGTGCCAGCAGCCCCGAGCCGACATCCCAAGAGACCCAGTACTTC,3232,20,clonotype3727,clonotype3727_consensus_1
TTGTAGGCACCTGGTG-1,True,TTGTAGGCACCTGGTG-1_contig_1,True,505,TRA,TRAV1-2,None,TRAJ33,TRAC,True,True,CAATDSNYQLIW,TGTGCTGCGACTGATAGCAACTATCAGTTAATCTGG,483,5,clonotype1,clonotype1_consensus_2
TTGTAGGCACCTGGTG-1,True,TTGTAGGCACCTGGTG-1_contig_2,True,521,TRB,TRBV20-1,None,TRBJ2-1,TRBC2,True,True,CSARVGSEVNEQFF,TGCAGTGCTAGAGTGGGGTCGGAAGTCAATGAGCAGTTCTTC,884,3,clonotype1,clonotype1_consensus_1
TTGTAGGCAGGCAGTA-1,True,TTGTAGGCAGGCAGTA-1_contig_1,True,459,TRA,TRAV13-1,None,TRAJ4,TRAC,True,True,CAASTGGYNKLIF,TGTGCAGCCTCCACGGGTGGCTACAATAAGCTGATTTTT,672,5,clonotype3728,clonotype3728_consensus_2
TTGTAGGCAGGCAGTA-1,True,TTGTAGGCAGGCAGTA-1_contig_2,True,494,TRB,TRBV20-1,None,TRBJ2-1,TRBC2,True,True,CSAEGTAHNEQFF,TGCAGTGCAGAAGGGACAGCGCACAATGAGCAGTTCTTC,1069,7,clonotype3728,clonotype3728_consensus_1
TTGTAGGCAGTGGGAT-1,True,TTGTAGGCAGTGGGAT-1_contig_1,True,521,TRB,TRBV20-1,None,TRBJ2-1,TRBC2,True,True,CSARVGSEVNEQFF,TGCAGTGCTAGAGTGGGGTCGGAAGTCAATGAGCAGTTCTTC,247,5,clonotype2,clonotype2_consensus_1
TTGTAGGCAGTGGGAT-1,True,TTGTAGGCAGTGGGAT-1_contig_2,True,457,TRA,TRAV10,None,TRAJ24,TRAC,True,False,None,None,50,2,clonotype2,None
TTGTAGGCATAGTAAG-1,True,TTGTAGGCATAGTAAG-1_contig_1,True,573,TRA,TRAV8-4,None,TRAJ48,TRAC,True,True,CAVSDPVSWNEKLTF,TGTGCTGTGAGTGATCCAGTCTCATGGAATGAGAAATTAACCTTT,663,5,clonotype3729,clonotype3729_consensus_2
TTGTAGGCATAGTAAG-1,True,TTGTAGGCATAGTAAG-1_contig_2,True,481,TRB,TRBV5-6,None,TRBJ1-6,TRBC1,True,True,CASSLGAPNNSPLHF,TGTGCCAGCAGCTTGGGAGCACCTAATAATTCACCCCTCCACTTT,267,2,clonotype3729,clonotype3729_consensus_1
TTGTAGGCATAGTAAG-1,True,TTGTAGGCATAGTAAG-1_contig_3,True,452,TRA,TRAV25,None,TRAJ53,None,False,False,CAGRSG,TGTGCAGGGAGAAGTGGA,32,1,clonotype3729,None
TTGTAGGCATTGTGCA-1,True,TTGTAGGCATTGTGCA-1_contig_1,True,527,TRB,TRBV20-1,None,TRBJ1-5,TRBC1,True,True,CSASTFGAYSNQPQHF,TGCAGTGCTAGTACTTTTGGGGCTTATAGCAATCAGCCCCAGCATTTT,1190,5,clonotype3730,clonotype3730_consensus_1
TTGTAGGCATTGTGCA-1,True,TTGTAGGCATTGTGCA-1_contig_2,True,511,TRA,TRAV17,None,TRAJ20,TRAC,True,True,CATDDVVNDYKLSF,TGTGCTACGGACGACGTGGTTAACGACTACAAGCTCAGCTTT,163,2,clonotype3730,clonotype3730_consensus_3
TTGTAGGCATTGTGCA-1,True,TTGTAGGCATTGTGCA-1_contig_3,True,511,TRA,TRAV17,None,TRAJ20,TRAC,True,True,CATDDVVDDYKLSF,TGTGCTACGGACGACGTGGTTGACGACTACAAGCTCAGCTTT,92,1,clonotype3730,clonotype3730_consensus_2
TTGTAGGCATTGTGCA-1,True,TTGTAGGCATTGTGCA-1_contig_4,True,562,TRA,TRAV16,None,TRAJ20,TRAC,True,False,None,None,98,1,clonotype3730,None
TTGTAGGGTACTTCTT-1,True,TTGTAGGGTACTTCTT-1_contig_1,True,521,TRB,TRBV20-1,None,TRBJ2-1,TRBC2,True,True,CSARVGSEVNEQFF,TGCAGTGCTAGAGTGGGGTCGGAAGTCAATGAGCAGTTCTTC,1093,8,clonotype2,clonotype2_consensus_1
TTGTAGGGTCCTGCTT-1,True,TTGTAGGGTCCTGCTT-1_contig_1,True,518,TRB,TRBV20-1,None,TRBJ1-5,TRBC1,True,True,CSAGQGFNQPQHF,TGCAGTGCTGGACAGGGGTTCAATCAGCCCCAGCATTTT,1477,9,clonotype3731,clonotype3731_consensus_1
TTGTAGGGTCTAGAGG-1,True,TTGTAGGGTCTAGAGG-1_contig_1,True,495,TRB,TRBV20-1,None,TRBJ2-7,TRBC2,True,True,CSAREGITDYEQYF,TGCAGTGCTAGAGAAGGAATCACGGACTACGAGCAGTACTTC,985,14,clonotype3732,clonotype3732_consensus_1
TTGTAGGGTCTAGAGG-1,True,TTGTAGGGTCTAGAGG-1_contig_2,True,463,TRA,TRAV10,None,TRAJ11,TRAC,True,True,CVVSLGGYSTLTF,TGTGTGGTGAGCCTAGGAGGATACAGCACCCTCACCTTT,231,6,clonotype3732,clonotype3732_consensus_2
TTGTAGGGTCTTCTCG-1,True,TTGTAGGGTCTTCTCG-1_contig_1,True,501,TRB,TRBV20-1,None,TRBJ1-2,TRBC1,True,True,CSAKPGQGLDYGYTF,TGCAGTGCTAAGCCGGGACAGGGGCTCGACTATGGCTACACCTTC,752,7,clonotype94,clonotype94_consensus_1
TTGTAGGGTCTTCTCG-1,True,TTGTAGGGTCTTCTCG-1_contig_2,True,505,TRA,TRAV1-2,None,TRAJ13,TRAC,True,True,CALSGGYQKVTF,TGTGCCTTAAGTGGGGGTTACCAGAAAGTTACCTTT,352,3,clonotype94,clonotype94_consensus_3
TTGTAGGGTCTTCTCG-1,True,TTGTAGGGTCTTCTCG-1_contig_3,True,571,TRA,TRAV8-1,None,TRAJ4,TRAC,True,True,CAVKSGGYNKLIF,TGTGCCGTGAAATCTGGTGGCTACAATAAGCTGATTTTT,553,5,clonotype94,clonotype94_consensus_2
TTGTAGGGTGAGGGTT-1,True,TTGTAGGGTGAGGGTT-1_contig_1,True,503,TRA,TRAV35,None,TRAJ40,TRAC,True,True,CAGRPDSGTYKYIF,TGTGCTGGTCGCCCGGACTCAGGAACCTACAAATACATCTTT,133,2,clonotype10,clonotype10_consensus_2
TTGTAGGGTGAGGGTT-1,True,TTGTAGGGTGAGGGTT-1_contig_2,True,488,TRB,TRBV20-1,None,TRBJ1-2,TRBC1,True,True,CSARDQTGVNYGYTF,TGCAGTGCTAGAGACCAGACAGGGGTTAACTATGGCTACACCTTC,1107,6,clonotype10,clonotype10_consensus_1
TTGTAGGGTGAGGGTT-1,True,TTGTAGGGTGAGGGTT-1_contig_3,True,543,TRA,TRAV16,None,TRAJ20,TRAC,True,False,None,None,860,5,clonotype10,None
TTGTAGGGTTAAGACA-1,True,TTGTAGGGTTAAGACA-1_contig_1,True,505,TRA,TRAV1-2,None,TRAJ33,TRAC,True,True,CAATDSNYQLIW,TGTGCTGCGACTGATAGCAACTATCAGTTAATCTGG,794,1,clonotype1,clonotype1_consensus_2
TTGTAGGGTTAAGACA-1,True,TTGTAGGGTTAAGACA-1_contig_2,True,521,TRB,TRBV20-1,None,TRBJ2-1,TRBC2,True,True,CSARVGSEVNEQFF,TGCAGTGCTAGAGTGGGGTCGGAAGTCAATGAGCAGTTCTTC,1666,10,clonotype1,clonotype1_consensus_1
TTGTAGGGTTAAGACA-1,True,TTGTAGGGTTAAGACA-1_contig_3,True,493,TRA,TRAV10,None,TRAJ24,TRAC,True,False,None,None,214,1,clonotype1,None
TTGTAGGTCATAACCG-1,True,TTGTAGGTCATAACCG-1_contig_1,True,518,TRB,TRBV20-1,None,TRBJ2-7,TRBC2,True,True,CSARDITTYEQYF,TGCAGTGCTAGAGATATAACTACTTACGAGCAGTACTTC,1843,13,clonotype160,clonotype160_consensus_1
TTGTAGGTCATAACCG-1,True,TTGTAGGTCATAACCG-1_contig_2,True,486,TRA,TRAV21,None,TRAJ57,TRAC,True,True,CAVHPLGGSEKLVF,TGTGCTGTCCATCCCTTAGGCGGATCTGAAAAGCTGGTCTTT,5897,12,clonotype160,clonotype160_consensus_2
TTGTAGGTCGTAGGAG-1,True,TTGTAGGTCGTAGGAG-1_contig_1,True,527,TRB,TRBV20-1,None,TRBJ1-5,TRBC1,True,True,CSARPRTGGRGQPQHF,TGCAGTGCTAGACCCAGGACAGGGGGCCGGGGTCAGCCCCAGCATTTT,657,8,clonotype3733,clonotype3733_consensus_1
TTGTAGGTCGTAGGAG-1,True,TTGTAGGTCGTAGGAG-1_contig_2,True,491,TRA,TRAV38-2/DV8,None,TRAJ41,TRAC,True,True,CAYRSAGGYALNF,TGTGCTTATAGGAGCGCGGGCGGGTATGCACTCAACTTC,189,6,clonotype3733,clonotype3733_consensus_2
TTGTAGGTCGTAGGAG-1,True,TTGTAGGTCGTAGGAG-1_contig_3,True,314,TRB,None,None,TRBJ1-1,TRBC1,False,False,None,None,645,5,clonotype3733,None
TTGTAGGTCTCTGCTG-1,True,TTGTAGGTCTCTGCTG-1_contig_1,True,465,TRA,TRAV13-1,None,TRAJ17,TRAC,True,True,CAASRDKAAGNKLTF,TGTGCAGCAAGTAGAGACAAAGCTGCAGGCAACAAGCTAACTTTT,3861,8,clonotype3734,clonotype3734_consensus_1
TTGTAGGTCTCTGCTG-1,True,TTGTAGGTCTCTGCTG-1_contig_2,True,510,TRB,TRBV20-1,None,TRBJ2-5,TRBC2,True,True,CSARVVRAGDLLRETQYF,TGCAGTGCTAGAGTCGTCCGAGCGGGGGACCTACTACGGGAGACCCAGTACTTC,3588,15,clonotype3734,clonotype3734_consensus_2
TTGTAGGTCTTCTGGC-1,True,TTGTAGGTCTTCTGGC-1_contig_1,True,485,TRB,TRBV20-1,None,TRBJ2-1,TRBC2,True,True,CSARVGSEVNEQFF,TGCAGTGCTAGAGTGGGGTCGGAAGTCAATGAGCAGTTCTTC,847,4,clonotype2,clonotype2_consensus_1
TTGTAGGTCTTCTGGC-1,True,TTGTAGGTCTTCTGGC-1_contig_2,True,469,TRA,TRAV10,None,TRAJ24,TRAC,True,False,None,None,67,3,clonotype2,None
TTGTAGGTCTTTAGGG-1,True,TTGTAGGTCTTTAGGG-1_contig_1,True,465,TRA,TRAV39,None,TRAJ49,TRAC,True,True,CAVDSGNQFYF,TGTGCCGTGGACTCCGGTAACCAGTTCTATTTT,1082,7,clonotype3735,clonotype3735_consensus_1
TTGTAGGTCTTTAGGG-1,True,TTGTAGGTCTTTAGGG-1_contig_2,True,489,TRB,TRBV20-1,None,TRBJ1-2,TRBC1,True,True,CSGEDRPGRGYTF,TGCAGTGGGGAGGACAGGCCCGGACGGGGCTACACCTTC,1637,10,clonotype3735,clonotype3735_consensus_2
TTTACTGAGCCAACAG-1,True,TTTACTGAGCCAACAG-1_contig_1,True,505,TRA,TRAV1-2,None,TRAJ33,TRAC,True,True,CAATDSNYQLIW,TGTGCTGCGACTGATAGCAACTATCAGTTAATCTGG,509,3,clonotype1,clonotype1_consensus_2
TTTACTGAGCCAACAG-1,True,TTTACTGAGCCAACAG-1_contig_2,True,521,TRB,TRBV20-1,None,TRBJ2-1,TRBC2,True,True,CSARVGSEVNEQFF,TGCAGTGCTAGAGTGGGGTCGGAAGTCAATGAGCAGTTCTTC,1285,8,clonotype1,clonotype1_consensus_1
TTTACTGAGCCAACAG-1,True,TTTACTGAGCCAACAG-1_contig_3,True,482,TRA,TRAV10,None,TRAJ24,TRAC,True,False,None,None,124,1,clonotype1,None
TTTACTGAGCCCTAAT-1,True,TTTACTGAGCCCTAAT-1_contig_1,True,509,TRB,TRBV20-1,None,TRBJ2-7,TRBC2,True,True,CSAGFYEQYF,TGCAGTGCCGGATTCTACGAGCAGTACTTC,918,8,clonotype3736,clonotype3736_consensus_2
TTTACTGAGCCCTAAT-1,True,TTTACTGAGCCCTAAT-1_contig_2,True,506,TRA,TRAV17,None,TRAJ48,TRAC,True,True,CATASISNFGNEKLTF,TGTGCTACGGCCTCTATATCTAACTTTGGAAATGAGAAATTAACCTTT,433,2,clonotype3736,clonotype3736_consensus_1
TTTACTGAGCCCTAAT-1,True,TTTACTGAGCCCTAAT-1_contig_3,True,523,TRA,TRAV24,None,TRAJ37,TRAC,True,False,None,None,248,1,clonotype3736,None
TTTACTGAGGGTATCG-1,True,TTTACTGAGGGTATCG-1_contig_1,True,505,TRA,TRAV1-2,None,TRAJ33,TRAC,True,True,CAATDSNYQLIW,TGTGCTGCGACTGATAGCAACTATCAGTTAATCTGG,278,3,clonotype1,clonotype1_consensus_2
TTTACTGAGGGTATCG-1,True,TTTACTGAGGGTATCG-1_contig_2,True,518,TRB,TRBV20-1,None,TRBJ2-1,TRBC2,True,True,CSARVGSEVNEQFF,TGCAGTGCTAGAGTGGGGTCGGAAGTCAATGAGCAGTTCTTC,981,8,clonotype1,clonotype1_consensus_1
TTTACTGAGGGTATCG-1,True,TTTACTGAGGGTATCG-1_contig_3,True,482,TRA,TRAV10,None,TRAJ24,TRAC,True,False,None,None,274,2,clonotype1,None
TTTACTGAGGTACTCT-1,True,TTTACTGAGGTACTCT-1_contig_1,True,483,TRA,TRAV21,None,TRAJ56,TRAC,True,True,CAVPSSGANSKLTF,TGTGCTGTCCCCTCCTCTGGAGCCAATAGTAAGCTGACATTT,2051,4,clonotype3737,clonotype3737_consensus_1
TTTACTGAGGTACTCT-1,True,TTTACTGAGGTACTCT-1_contig_2,True,501,TRB,TRBV20-1,None,TRBJ2-2,TRBC2,True,True,CSADRQGARTGELFF,TGCAGTGCTGACCGACAGGGGGCGAGGACCGGGGAGCTGTTTTTT,1210,10,clonotype3737,clonotype3737_consensus_2
TTTACTGAGGTACTCT-1,True,TTTACTGAGGTACTCT-1_contig_3,True,335,TRB,None,None,TRBJ1-6,TRBC1,False,False,None,None,312,1,clonotype3737,None
TTTACTGAGGTTCCTA-1,True,TTTACTGAGGTTCCTA-1_contig_1,True,505,TRA,TRAV1-2,None,TRAJ33,TRAC,True,True,CAATDSNYQLIW,TGTGCTGCGACTGATAGCAACTATCAGTTAATCTGG,889,7,clonotype1,clonotype1_consensus_2
TTTACTGAGGTTCCTA-1,True,TTTACTGAGGTTCCTA-1_contig_2,True,521,TRB,TRBV20-1,None,TRBJ2-1,TRBC2,True,True,CSARVGSEVNEQFF,TGCAGTGCTAGAGTGGGGTCGGAAGTCAATGAGCAGTTCTTC,1397,10,clonotype1,clonotype1_consensus_1
TTTACTGAGGTTCCTA-1,True,TTTACTGAGGTTCCTA-1_contig_3,True,482,TRA,TRAV10,None,TRAJ24,TRAC,True,False,None,None,385,3,clonotype1,None
TTTACTGAGTTAACGA-1,True,TTTACTGAGTTAACGA-1_contig_1,True,505,TRA,TRAV1-2,None,TRAJ33,TRAC,True,True,CAATDSNYQLIW,TGTGCTGCGACTGATAGCAACTATCAGTTAATCTGG,388,5,clonotype1,clonotype1_consensus_2
TTTACTGAGTTAACGA-1,True,TTTACTGAGTTAACGA-1_contig_2,True,521,TRB,TRBV20-1,None,TRBJ2-1,TRBC2,True,True,CSARVGSEVNEQFF,TGCAGTGCTAGAGTGGGGTCGGAAGTCAATGAGCAGTTCTTC,1175,7,clonotype1,clonotype1_consensus_1
TTTACTGCAAGTAATG-1,True,TTTACTGCAAGTAATG-1_contig_1,True,650,TRB,TRBV5-6,None,TRBJ2-7,TRBC2,True,True,CASSLGSYEQYF,TGTGCCAGCAGCTTGGGATCCTACGAGCAGTACTTC,1921,11,clonotype3738,clonotype3738_consensus_2
TTTACTGCAAGTAATG-1,True,TTTACTGCAAGTAATG-1_contig_2,True,448,TRA,TRAV9-2,None,TRAJ24,TRAC,True,True,CALSSTDSWGKLQF,TGTGCTCTGAGTTCAACTGACAGCTGGGGGAAATTGCAGTTT,392,2,clonotype3738,clonotype3738_consensus_1
TTTACTGCACTAGTAC-1,True,TTTACTGCACTAGTAC-1_contig_1,True,521,TRB,TRBV20-1,None,TRBJ2-1,TRBC2,True,True,CSARVGSEVNEQFF,TGCAGTGCTAGAGTGGGGTCGGAAGTCAATGAGCAGTTCTTC,2897,11,clonotype2,clonotype2_consensus_1
TTTACTGCAGCTGGCT-1,True,TTTACTGCAGCTGGCT-1_contig_1,True,482,TRA,TRAV1-2,None,TRAJ33,TRAC,True,True,CAATDSNYQLIW,TGTGCTGCGACTGATAGCAACTATCAGTTAATCTGG,435,6,clonotype1,clonotype1_consensus_2
TTTACTGCAGCTGGCT-1,True,TTTACTGCAGCTGGCT-1_contig_2,True,521,TRB,TRBV20-1,None,TRBJ2-1,TRBC2,True,True,CSARVGSEVNEQFF,TGCAGTGCTAGAGTGGGGTCGGAAGTCAATGAGCAGTTCTTC,2231,18,clonotype1,clonotype1_consensus_1
TTTACTGCAGGGTATG-1,True,TTTACTGCAGGGTATG-1_contig_1,True,521,TRB,TRBV20-1,None,TRBJ2-1,TRBC2,True,True,CSARVGSEVNEQFF,TGCAGTGCTAGAGTGGGGTCGGAAGTCAATGAGCAGTTCTTC,544,8,clonotype2,clonotype2_consensus_1
TTTACTGCAGGGTATG-1,True,TTTACTGCAGGGTATG-1_contig_2,True,482,TRA,TRAV10,None,TRAJ24,TRAC,True,False,None,None,215,3,clonotype2,None
TTTACTGGTACTCGCG-1,True,TTTACTGGTACTCGCG-1_contig_1,True,518,TRB,TRBV20-1,None,TRBJ2-1,TRBC2,True,True,CSARVGSEVNEQFF,TGCAGTGCTAGAGTGGGGTCGGAAGTCAATGAGCAGTTCTTC,648,6,clonotype2,clonotype2_consensus_1
TTTACTGGTACTCGCG-1,True,TTTACTGGTACTCGCG-1_contig_2,True,482,TRA,TRAV10,None,TRAJ24,TRAC,True,False,None,None,1475,1,clonotype2,None
TTTACTGGTATAGGTA-1,True,TTTACTGGTATAGGTA-1_contig_1,True,661,TRB,TRBV5-6,None,TRBJ2-2,TRBC2,True,True,CASSGGVNFHTGELFF,TGTGCCAGCAGCGGAGGGGTTAATTTCCACACCGGGGAGCTGTTTTTT,674,8,clonotype3739,clonotype3739_consensus_1
TTTACTGGTATAGGTA-1,True,TTTACTGGTATAGGTA-1_contig_2,True,726,TRA,TRAV3,None,TRAJ17,TRAC,True,False,None,None,199,1,clonotype3739,None
TTTACTGGTATAGGTA-1,True,TTTACTGGTATAGGTA-1_contig_3,True,474,TRA,TRAV8-3,None,None,TRAC,False,False,None,None,373,3,clonotype3739,None
TTTACTGGTCGACTAT-1,True,TTTACTGGTCGACTAT-1_contig_1,True,498,TRB,TRBV20-1,None,TRBJ2-1,TRBC2,True,True,CSARVGSEVNEQFF,TGCAGTGCTAGAGTGGGGTCGGAAGTCAATGAGCAGTTCTTC,1610,5,clonotype2,clonotype2_consensus_1
TTTACTGGTCGACTAT-1,True,TTTACTGGTCGACTAT-1_contig_2,True,502,TRA,TRAV10,None,TRAJ24,TRAC,True,False,None,None,460,4,clonotype2,None
TTTACTGGTCGCTTCT-1,True,TTTACTGGTCGCTTCT-1_contig_1,True,518,TRB,TRBV20-1,None,TRBJ2-7,TRBC2,True,True,CSATRTGGYEQYF,TGCAGTGCTACCCGGACAGGGGGCTACGAGCAGTACTTC,678,8,clonotype3740,clonotype3740_consensus_2
TTTACTGGTCGCTTCT-1,True,TTTACTGGTCGCTTCT-1_contig_2,True,560,TRA,TRAV16,None,TRAJ9,TRAC,True,True,CALSGGGFKTIF,TGTGCTCTAAGTGGAGGAGGCTTCAAAACTATCTTT,81,2,clonotype3740,clonotype3740_consensus_1
TTTACTGGTCTAGCGC-1,True,TTTACTGGTCTAGCGC-1_contig_1,True,521,TRB,TRBV20-1,None,TRBJ2-1,TRBC2,True,True,CSARVGSEVNEQFF,TGCAGTGCTAGAGTGGGGTCGGAAGTCAATGAGCAGTTCTTC,737,6,clonotype2,clonotype2_consensus_1
TTTACTGGTCTAGCGC-1,True,TTTACTGGTCTAGCGC-1_contig_2,True,482,TRA,TRAV10,None,TRAJ24,TRAC,True,False,None,None,34,1,clonotype2,None
TTTACTGGTCTAGGTT-1,True,TTTACTGGTCTAGGTT-1_contig_1,True,521,TRB,TRBV20-1,None,TRBJ2-1,TRBC2,True,True,CSARVGSEVNEQFF,TGCAGTGCTAGAGTGGGGTCGGAAGTCAATGAGCAGTTCTTC,785,6,clonotype2,clonotype2_consensus_1
TTTACTGGTCTGCGGT-1,True,TTTACTGGTCTGCGGT-1_contig_1,True,604,TRB,TRBV5-6,None,TRBJ2-5,TRBC2,True,True,CASSLGAQTQYF,TGTGCCAGCAGCTTGGGGGCTCAGACCCAGTACTTC,1421,7,clonotype3741,clonotype3741_consensus_2
TTTACTGGTCTGCGGT-1,True,TTTACTGGTCTGCGGT-1_contig_2,True,532,TRA,TRAV5,None,TRAJ6,TRAC,True,True,CAESPLSGGSYIPTF,TGTGCAGAGAGTCCCCTATCAGGAGGAAGCTACATACCTACATTT,287,3,clonotype3741,clonotype3741_consensus_1
TTTACTGGTCTGCGGT-1,True,TTTACTGGTCTGCGGT-1_contig_3,True,454,TRA,TRAV13-1,None,TRAJ13,TRAC,True,False,None,None,174,1,clonotype3741,None
TTTACTGGTTCAGCGC-1,True,TTTACTGGTTCAGCGC-1_contig_1,True,492,TRB,TRBV20-1,None,TRBJ2-1,TRBC2,True,True,CSARVGSEVNEQFF,TGCAGTGCTAGAGTGGGGTCGGAAGTCAATGAGCAGTTCTTC,1100,4,clonotype2,clonotype2_consensus_1
TTTACTGTCGAGAGCA-1,True,TTTACTGTCGAGAGCA-1_contig_1,True,521,TRB,TRBV20-1,None,TRBJ2-1,TRBC2,True,True,CSARVGSEVNEQFF,TGCAGTGCTAGAGTGGGGTCGGAAGTCAATGAGCAGTTCTTC,426,4,clonotype2,clonotype2_consensus_1
TTTACTGTCGCCGTGA-1,True,TTTACTGTCGCCGTGA-1_contig_1,True,496,TRB,TRBV20-1,None,TRBJ2-1,TRBC2,True,True,CSARVGSEVNEQFF,TGCAGTGCTAGAGTGGGGTCGGAAGTCAATGAGCAGTTCTTC,434,6,clonotype2,clonotype2_consensus_1
TTTACTGTCGGCTACG-1,True,TTTACTGTCGGCTACG-1_contig_1,True,521,TRB,TRBV20-1,None,TRBJ2-3,TRBC2,True,True,CSASGNGAADTQYF,TGCAGTGCTAGCGGGAACGGGGCGGCAGATACGCAGTATTTT,1910,12,clonotype3742,clonotype3742_consensus_1
TTTACTGTCGGCTACG-1,True,TTTACTGTCGGCTACG-1_contig_2,True,507,TRA,TRAV13-2,None,TRAJ12,TRAC,True,False,None,None,170,1,clonotype3742,None
TTTACTGTCTACGAGT-1,True,TTTACTGTCTACGAGT-1_contig_1,True,505,TRA,TRAV1-2,None,TRAJ33,TRAC,True,True,CAATDSNYQLIW,TGTGCTGCGACTGATAGCAACTATCAGTTAATCTGG,2093,4,clonotype1,clonotype1_consensus_2
TTTACTGTCTACGAGT-1,True,TTTACTGTCTACGAGT-1_contig_2,True,521,TRB,TRBV20-1,None,TRBJ2-1,TRBC2,True,True,CSARVGSEVNEQFF,TGCAGTGCTAGAGTGGGGTCGGAAGTCAATGAGCAGTTCTTC,966,8,clonotype1,clonotype1_consensus_1
TTTACTGTCTACGAGT-1,True,TTTACTGTCTACGAGT-1_contig_3,True,460,TRA,TRAV10,None,TRAJ24,TRAC,True,False,None,None,824,1,clonotype1,None
TTTACTGTCTTCTGGC-1,True,TTTACTGTCTTCTGGC-1_contig_1,True,513,TRB,TRBV5-5,None,TRBJ1-4,TRBC1,True,True,CASSHPGPNYATNEKLFF,TGTGCCAGCAGCCATCCCGGACCGAACTACGCAACTAATGAAAAACTGTTTTTT,537,6,clonotype4,clonotype4_consensus_1
TTTACTGTCTTCTGGC-1,True,TTTACTGTCTTCTGGC-1_contig_2,True,513,TRB,TRBV7-3,None,TRBJ2-1,TRBC2,True,False,CQQRSLKAGGPYNEQFF,TGCCAGCAGCGGTCACTTAAAGCGGGGGGACCCTACAATGAGCAGTTCTTC,336,2,clonotype4,None
TTTATGCAGAGACTAT-1,True,TTTATGCAGAGACTAT-1_contig_1,True,506,TRB,TRBV5-5,None,TRBJ2-3,TRBC2,True,True,CASSLGLAGNTDTQYF,TGTGCCAGCAGCTTGGGGCTAGCGGGAAACACAGATACGCAGTATTTT,2505,15,clonotype249,clonotype249_consensus_1
TTTATGCAGAGACTAT-1,True,TTTATGCAGAGACTAT-1_contig_2,True,505,TRA,TRAV1-2,None,TRAJ8,TRAC,True,True,CAPTTGFQKLVF,TGTGCCCCCACCACAGGCTTTCAGAAACTTGTATTT,1310,11,clonotype249,clonotype249_consensus_2
TTTATGCAGAGCTGCA-1,True,TTTATGCAGAGCTGCA-1_contig_1,True,505,TRA,TRAV1-2,None,TRAJ33,TRAC,True,True,CAATDSNYQLIW,TGTGCTGCGACTGATAGCAACTATCAGTTAATCTGG,1535,7,clonotype1,clonotype1_consensus_2
TTTATGCAGAGCTGCA-1,True,TTTATGCAGAGCTGCA-1_contig_2,True,521,TRB,TRBV20-1,None,TRBJ2-1,TRBC2,True,True,CSARVGSEVNEQFF,TGCAGTGCTAGAGTGGGGTCGGAAGTCAATGAGCAGTTCTTC,2210,15,clonotype1,clonotype1_consensus_1
TTTATGCAGCAGCCTC-1,True,TTTATGCAGCAGCCTC-1_contig_1,True,518,TRB,TRBV20-1,None,TRBJ1-2,TRBC1,True,True,CSALGQGNYGYTF,TGCAGTGCTCTTGGACAGGGCAACTATGGCTACACCTTC,1827,10,clonotype3743,clonotype3743_consensus_1
TTTATGCAGCAGCCTC-1,True,TTTATGCAGCAGCCTC-1_contig_2,True,485,TRA,TRAV21,None,TRAJ40,TRAC,True,False,None,None,209,1,clonotype3743,None
TTTATGCAGCTAGTCT-1,True,TTTATGCAGCTAGTCT-1_contig_1,True,505,TRA,TRAV1-2,None,TRAJ33,TRAC,True,True,CAATDSNYQLIW,TGTGCTGCGACTGATAGCAACTATCAGTTAATCTGG,257,4,clonotype1,clonotype1_consensus_2
TTTATGCAGCTAGTCT-1,True,TTTATGCAGCTAGTCT-1_contig_2,True,521,TRB,TRBV20-1,None,TRBJ2-1,TRBC2,True,True,CSARVGSEVNEQFF,TGCAGTGCTAGAGTGGGGTCGGAAGTCAATGAGCAGTTCTTC,3254,15,clonotype1,clonotype1_consensus_1
TTTATGCAGCTAGTCT-1,True,TTTATGCAGCTAGTCT-1_contig_3,True,460,TRA,TRAV10,None,TRAJ24,TRAC,True,False,None,None,446,2,clonotype1,None
TTTATGCAGCTAGTGG-1,True,TTTATGCAGCTAGTGG-1_contig_1,True,505,TRA,TRAV1-2,None,TRAJ33,TRAC,True,True,CAATDSNYQLIW,TGTGCTGCGACTGATAGCAACTATCAGTTAATCTGG,775,5,clonotype1,clonotype1_consensus_2
TTTATGCAGCTAGTGG-1,True,TTTATGCAGCTAGTGG-1_contig_2,True,501,TRB,TRBV20-1,None,TRBJ2-1,TRBC2,True,True,CSARVGSEVNEQFF,TGCAGTGCTAGAGTGGGGTCGGAAGTCAATGAGCAGTTCTTC,246,3,clonotype1,clonotype1_consensus_1
TTTATGCCAGGCGATA-1,True,TTTATGCCAGGCGATA-1_contig_1,True,496,TRA,TRAV1-2,None,TRAJ33,TRAC,True,True,CAATDSNYQLIW,TGTGCTGCGACTGATAGCAACTATCAGTTAATCTGG,110,2,clonotype1,clonotype1_consensus_2
TTTATGCCAGGCGATA-1,True,TTTATGCCAGGCGATA-1_contig_2,True,498,TRB,TRBV20-1,None,TRBJ2-1,TRBC2,True,True,CSARVGSEVNEQFF,TGCAGTGCTAGAGTGGGGTCGGAAGTCAATGAGCAGTTCTTC,531,6,clonotype1,clonotype1_consensus_1
TTTATGCCATCCCATC-1,True,TTTATGCCATCCCATC-1_contig_1,True,521,TRB,TRBV20-1,None,TRBJ2-1,TRBC2,True,True,CSARVGSEVNEQFF,TGCAGTGCTAGAGTGGGGTCGGAAGTCAATGAGCAGTTCTTC,575,6,clonotype2,clonotype2_consensus_1
TTTATGCCATCCCATC-1,True,TTTATGCCATCCCATC-1_contig_2,True,482,TRA,TRAV10,None,TRAJ24,TRAC,True,False,None,None,64,2,clonotype2,None
TTTATGCCATGCGCAC-1,True,TTTATGCCATGCGCAC-1_contig_1,True,505,TRA,TRAV1-2,None,TRAJ33,TRAC,True,True,CAATDSNYQLIW,TGTGCTGCGACTGATAGCAACTATCAGTTAATCTGG,193,1,clonotype1,clonotype1_consensus_2
TTTATGCCATGCGCAC-1,True,TTTATGCCATGCGCAC-1_contig_2,True,521,TRB,TRBV20-1,None,TRBJ2-1,TRBC2,True,True,CSARVGSEVNEQFF,TGCAGTGCTAGAGTGGGGTCGGAAGTCAATGAGCAGTTCTTC,935,6,clonotype1,clonotype1_consensus_1
TTTATGCCATGCGCAC-1,True,TTTATGCCATGCGCAC-1_contig_3,True,457,TRA,TRAV10,None,TRAJ24,TRAC,True,False,None,None,314,1,clonotype1,None
TTTATGCGTCACCTAA-1,True,TTTATGCGTCACCTAA-1_contig_1,True,518,TRA,TRAV27,None,TRAJ43,TRAC,True,True,CAGDNNDMRF,TGTGCAGGAGATAACAATGACATGCGCTTT,2386,6,clonotype126,clonotype126_consensus_2
TTTATGCGTCACCTAA-1,True,TTTATGCGTCACCTAA-1_contig_2,True,487,TRB,TRBV5-6,None,TRBJ2-3,TRBC2,True,True,CASSLVSLAGRADTQYF,TGTGCCAGCAGCTTGGTCTCCCTAGCGGGGAGGGCAGATACGCAGTATTTT,1247,9,clonotype126,clonotype126_consensus_1
TTTATGCGTGATGCCC-1,True,TTTATGCGTGATGCCC-1_contig_1,True,515,TRB,TRBV20-1,None,TRBJ1-1,TRBC1,True,True,CSASYGFRGAFF,TGCAGTGCTAGTTACGGGTTTCGCGGAGCTTTCTTT,1525,12,clonotype3744,clonotype3744_consensus_1
TTTATGCGTGATGCCC-1,True,TTTATGCGTGATGCCC-1_contig_2,True,498,TRA,TRAV38-2/DV8,None,TRAJ45,TRAC,True,True,CAFMKPNSGGGADGLTF,TGTGCTTTCATGAAGCCCAATTCAGGAGGAGGTGCTGACGGACTCACCTTT,525,5,clonotype3744,clonotype3744_consensus_2
TTTATGCGTTAAGACA-1,True,TTTATGCGTTAAGACA-1_contig_1,True,505,TRA,TRAV1-2,None,TRAJ33,TRAC,True,True,CAATDSNYQLIW,TGTGCTGCGACTGATAGCAACTATCAGTTAATCTGG,332,3,clonotype1,clonotype1_consensus_2
TTTATGCGTTAAGACA-1,True,TTTATGCGTTAAGACA-1_contig_2,True,498,TRB,TRBV20-1,None,TRBJ2-1,TRBC2,True,True,CSARVGSEVNEQFF,TGCAGTGCTAGAGTGGGGTCGGAAGTCAATGAGCAGTTCTTC,1073,10,clonotype1,clonotype1_consensus_1
TTTATGCGTTAAGACA-1,True,TTTATGCGTTAAGACA-1_contig_3,True,465,TRA,TRAV10,None,TRAJ24,TRAC,True,False,None,None,907,3,clonotype1,None
TTTATGCGTTCCCTTG-1,True,TTTATGCGTTCCCTTG-1_contig_1,True,504,TRB,TRBV5-5,None,TRBJ1-2,TRBC1,True,True,CASSPRQDFHTF,TGTGCCAGCAGCCCCCGACAGGACTTCCACACCTTC,4971,27,clonotype3745,clonotype3745_consensus_2
TTTATGCGTTCCCTTG-1,True,TTTATGCGTTCCCTTG-1_contig_2,True,550,TRA,TRAV12-2,None,TRAJ42,TRAC,True,True,CAPSNYGGSQGNLIF,TGTGCCCCGTCGAATTATGGAGGAAGCCAAGGAAATCTCATCTTT,377,5,clonotype3745,clonotype3745_consensus_1
TTTATGCGTTCCCTTG-1,True,TTTATGCGTTCCCTTG-1_contig_3,True,481,TRA,TRAV4,None,TRAJ9,TRAC,True,False,CLVGDLRI,TGCCTCGTGGGTGACCTAAGAATA,503,4,clonotype3745,None
TTTATGCGTTGGACCC-1,True,TTTATGCGTTGGACCC-1_contig_1,True,506,TRA,TRAV27,None,TRAJ21,TRAC,True,True,CAGCFNKFYF,TGTGCAGGTTGCTTCAACAAATTTTACTTT,392,5,clonotype3746,clonotype3746_consensus_2
TTTATGCGTTGGACCC-1,True,TTTATGCGTTGGACCC-1_contig_2,True,508,TRA,TRAV23/DV6,None,TRAJ31,TRAC,True,True,CAARGNNNARLMF,TGTGCAGCAAGGGGGAATAACAATGCCAGACTCATGTTT,286,3,clonotype3746,clonotype3746_consensus_1
TTTATGCGTTGGACCC-1,True,TTTATGCGTTGGACCC-1_contig_3,True,520,TRB,TRBV5-5,None,TRBJ1-1,TRBC1,True,True,CASSLMTGGSTEAFF,TGTGCCAGCAGCTTAATGACAGGGGGAAGCACTGAAGCTTTCTTT,669,3,clonotype3746,clonotype3746_consensus_3
TTTATGCTCCTTTACA-1,True,TTTATGCTCCTTTACA-1_contig_1,True,515,TRA,TRAV39,None,TRAJ48,TRAC,True,True,CAADPNFGNEKLTF,TGTGCCGCGGACCCTAACTTTGGAAATGAGAAATTAACCTTT,2107,2,clonotype26,clonotype26_consensus_2
TTTATGCTCCTTTACA-1,True,TTTATGCTCCTTTACA-1_contig_2,True,652,TRB,TRBV5-6,None,TRBJ1-2,TRBC1,True,True,CASSSGRLNYGYTF,TGTGCCAGCAGCTCGGGACGGCTTAACTATGGCTACACCTTC,588,5,clonotype26,clonotype26_consensus_1
TTTATGCTCGGATGGA-1,True,TTTATGCTCGGATGGA-1_contig_1,True,630,TRA,TRAV8-2,None,TRAJ32,TRAC,True,True,CVVSPPGGATNKLIF,TGTGTTGTGAGTCCCCCTGGTGGTGCTACAAACAAGCTCATCTTT,87,2,clonotype3747,clonotype3747_consensus_2
TTTATGCTCGGATGGA-1,True,TTTATGCTCGGATGGA-1_contig_2,True,521,TRB,TRBV20-1,None,TRBJ1-2,TRBC1,True,True,CSASGPSRGYGYTF,TGCAGTGCTAGCGGTCCTTCCCGAGGCTATGGCTACACCTTC,856,5,clonotype3747,clonotype3747_consensus_1
TTTCCTCAGAGACTAT-1,True,TTTCCTCAGAGACTAT-1_contig_1,True,734,TRB,TRBV20-1,None,TRBJ1-5,None,True,True,CSAARGGEPQHF,TGCAGTGCCGCCAGGGGAGGGGAGCCCCAGCATTTT,459,8,clonotype3748,clonotype3748_consensus_2
TTTCCTCAGAGACTAT-1,True,TTTCCTCAGAGACTAT-1_contig_2,True,508,TRA,TRAV23/DV6,None,TRAJ34,TRAC,True,True,CAASRGNTDKLIF,TGTGCAGCAAGCAGGGGTAACACCGACAAGCTCATCTTT,275,5,clonotype3748,clonotype3748_consensus_1
TTTCCTCAGCCAGAAC-1,True,TTTCCTCAGCCAGAAC-1_contig_1,True,509,TRA,TRAV13-2,None,TRAJ5,TRAC,True,True,CAERGPGRRALTF,TGTGCAGAGAGGGGACCGGGCAGGAGAGCACTTACTTTT,1548,9,clonotype77,clonotype77_consensus_1
TTTCCTCAGCCAGAAC-1,True,TTTCCTCAGCCAGAAC-1_contig_2,True,524,TRB,TRBV20-1,None,TRBJ1-2,TRBC1,True,True,CSAIPDRARSYGYTF,TGCAGTGCTATACCCGACAGGGCCCGAAGCTATGGCTACACCTTC,1037,8,clonotype77,clonotype77_consensus_2
TTTCCTCAGGACCACA-1,True,TTTCCTCAGGACCACA-1_contig_1,True,483,TRA,TRAV12-2,None,TRAJ45,TRAC,True,True,CAVNLRRGGGADGLTF,TGTGCCGTGAACCTCCGACGGGGAGGAGGTGCTGACGGACTCACCTTT,259,1,clonotype72,clonotype72_consensus_1
TTTCCTCAGGACCACA-1,True,TTTCCTCAGGACCACA-1_contig_2,True,500,TRB,TRBV5-5,None,TRBJ1-2,TRBC1,True,True,CASSLEPRDRGSTF,TGTGCCAGCAGCTTGGAGCCCCGGGACAGGGGATCCACCTTC,750,10,clonotype72,clonotype72_consensus_2
TTTCCTCAGGACCACA-1,True,TTTCCTCAGGACCACA-1_contig_3,True,577,TRA,TRAV26-1,None,TRAJ34,TRAC,True,False,None,None,208,3,clonotype72,None
TTTCCTCAGGGCACTA-1,True,TTTCCTCAGGGCACTA-1_contig_1,True,505,TRA,TRAV1-2,None,TRAJ33,TRAC,True,True,CAATDSNYQLIW,TGTGCTGCGACTGATAGCAACTATCAGTTAATCTGG,123,4,clonotype1,clonotype1_consensus_2
TTTCCTCAGGGCACTA-1,True,TTTCCTCAGGGCACTA-1_contig_2,True,521,TRB,TRBV20-1,None,TRBJ2-1,TRBC2,True,True,CSARVGSEVNEQFF,TGCAGTGCTAGAGTGGGGTCGGAAGTCAATGAGCAGTTCTTC,840,12,clonotype1,clonotype1_consensus_1
TTTCCTCAGTACGACG-1,True,TTTCCTCAGTACGACG-1_contig_1,True,492,TRB,TRBV20-1,None,TRBJ1-1,TRBC1,True,True,CSTESPNTEAFF,TGCAGTACCGAGAGCCCGAACACTGAAGCTTTCTTT,1475,11,clonotype3749,clonotype3749_consensus_1
TTTCCTCAGTACGACG-1,True,TTTCCTCAGTACGACG-1_contig_2,True,552,TRA,TRAV26-1,None,TRAJ53,TRAC,True,True,CIVSSGGSNYKLTF,TGCATCGTCAGCTCCGGAGGTAGCAACTATAAACTGACATTT,88,8,clonotype3749,clonotype3749_consensus_2
TTTCCTCAGTGGAGTC-1,True,TTTCCTCAGTGGAGTC-1_contig_1,True,505,TRA,TRAV1-2,None,TRAJ33,TRAC,True,True,CAATDSNYQLIW,TGTGCTGCGACTGATAGCAACTATCAGTTAATCTGG,260,6,clonotype1,clonotype1_consensus_2
TTTCCTCAGTGGAGTC-1,True,TTTCCTCAGTGGAGTC-1_contig_2,True,498,TRB,TRBV20-1,None,TRBJ2-1,TRBC2,True,True,CSARVGSEVNEQFF,TGCAGTGCTAGAGTGGGGTCGGAAGTCAATGAGCAGTTCTTC,720,20,clonotype1,clonotype1_consensus_1
TTTCCTCAGTTAAGTG-1,True,TTTCCTCAGTTAAGTG-1_contig_1,True,521,TRB,TRBV20-1,None,TRBJ1-1,TRBC1,True,True,CLASPPRLGTEAFF,TGCTTAGCGTCCCCCCCGAGATTGGGCACTGAAGCTTTCTTT,1031,9,clonotype199,clonotype199_consensus_1
TTTCCTCAGTTAAGTG-1,True,TTTCCTCAGTTAAGTG-1_contig_2,True,326,TRA,TRAV8-6,None,TRAJ44,TRAC,True,False,CAVSDGGTASKLTF,TGTGCTGTGAGTGACGGGGGCACTGCCAGTAAACTCACCTTT,151,4,clonotype199,None
TTTCCTCCAAACAACA-1,True,TTTCCTCCAAACAACA-1_contig_1,True,521,TRB,TRBV20-1,None,TRBJ2-1,TRBC2,True,True,CSARVGSEVNEQFF,TGCAGTGCTAGAGTGGGGTCGGAAGTCAATGAGCAGTTCTTC,3498,13,clonotype2,clonotype2_consensus_1
TTTCCTCCACAGATTC-1,True,TTTCCTCCACAGATTC-1_contig_1,True,723,TRA,TRAV8-3,None,TRAJ41,TRAC,True,True,CAVGPSNSNSGYALNF,TGTGCTGTGGGGCCCTCGAACTCAAATTCCGGGTATGCACTCAACTTC,141,2,clonotype3750,clonotype3750_consensus_1
TTTCCTCCACAGATTC-1,True,TTTCCTCCACAGATTC-1_contig_2,True,514,TRA,TRAV23/DV6,None,TRAJ33,TRAC,True,True,CAPRGVMDSNYQLIW,TGTGCACCCCGGGGCGTAATGGATAGCAACTATCAGTTAATCTGG,681,3,clonotype3750,clonotype3750_consensus_3
TTTCCTCCACAGATTC-1,True,TTTCCTCCACAGATTC-1_contig_3,True,521,TRB,TRBV20-1,None,TRBJ1-3,TRBC1,True,True,CSAQGPNSGNTIYF,TGCAGTGCTCAAGGACCGAACTCTGGAAACACCATATATTTT,1805,8,clonotype3750,clonotype3750_consensus_2
TTTCCTCGTAGCTTGT-1,True,TTTCCTCGTAGCTTGT-1_contig_1,True,569,TRA,TRAV22,None,TRAJ35,TRAC,True,True,CAVDPTLGFGNVLHC,TGTGCTGTGGACCCGACTTTAGGCTTTGGGAATGTGCTGCATTGC,475,5,clonotype3751,clonotype3751_consensus_2
TTTCCTCGTAGCTTGT-1,True,TTTCCTCGTAGCTTGT-1_contig_2,True,524,TRB,TRBV20-1,None,TRBJ1-6,TRBC1,True,True,CSARGGGQGESPLHF,TGCAGTGCTAGAGGGGGGGGACAGGGGGAATCACCCCTCCACTTT,1059,8,clonotype3751,clonotype3751_consensus_1
TTTCCTCGTAGCTTGT-1,True,TTTCCTCGTAGCTTGT-1_contig_3,True,699,TRB,TRBV5-6,None,TRBJ2-7,TRBC2,True,True,CASSLAKEQYF,TGTGCCAGCAGCTTGGCAAAGGAGCAGTACTTC,1267,9,clonotype3751,clonotype3751_consensus_3
TTTCCTCGTAGCTTGT-1,True,TTTCCTCGTAGCTTGT-1_contig_4,True,381,TRB,None,None,TRBJ1-1,TRBC1,False,False,None,None,251,5,clonotype3751,None
TTTCCTCGTATCACCA-1,True,TTTCCTCGTATCACCA-1_contig_1,True,521,TRB,TRBV20-1,None,TRBJ2-1,TRBC2,True,True,CSARVGSEVNEQFF,TGCAGTGCTAGAGTGGGGTCGGAAGTCAATGAGCAGTTCTTC,679,5,clonotype2,clonotype2_consensus_1
TTTCCTCGTCTCGTTC-1,True,TTTCCTCGTCTCGTTC-1_contig_1,True,515,TRB,TRBV20-1,None,TRBJ1-2,TRBC1,True,True,CSADSGTKGYTF,TGCAGTGCCGACTCGGGGACTAAGGGCTACACCTTC,572,5,clonotype3752,clonotype3752_consensus_1
TTTCCTCGTCTCGTTC-1,True,TTTCCTCGTCTCGTTC-1_contig_2,True,492,TRA,TRAV9-2,None,TRAJ20,TRAC,True,True,CALSDQGDYKLSF,TGTGCTCTGAGTGATCAAGGCGACTACAAGCTCAGCTTT,265,3,clonotype3752,clonotype3752_consensus_2
TTTCCTCGTTGGTTTG-1,True,TTTCCTCGTTGGTTTG-1_contig_1,True,498,TRA,TRAV1-2,None,TRAJ33,None,True,True,CAATDSNYQLIW,TGTGCTGCGACTGATAGCAACTATCAGTTAATCTGG,26,2,clonotype1,clonotype1_consensus_2
TTTCCTCGTTGGTTTG-1,True,TTTCCTCGTTGGTTTG-1_contig_2,True,521,TRB,TRBV20-1,None,TRBJ2-1,TRBC2,True,True,CSARVGSEVNEQFF,TGCAGTGCTAGAGTGGGGTCGGAAGTCAATGAGCAGTTCTTC,215,6,clonotype1,clonotype1_consensus_1
TTTCCTCGTTGGTTTG-1,True,TTTCCTCGTTGGTTTG-1_contig_3,True,482,TRA,TRAV10,None,TRAJ24,TRAC,True,False,None,None,426,5,clonotype1,None
TTTCCTCTCACTTACT-1,True,TTTCCTCTCACTTACT-1_contig_1,True,518,TRB,TRBV20-1,None,TRBJ2-3,TRBC2,True,True,CTLLDNPTDTQYF,TGCACCCTGTTGGACAACCCCACAGATACGCAGTATTTT,772,5,clonotype3753,clonotype3753_consensus_1
TTTCCTCTCATGTAGC-1,True,TTTCCTCTCATGTAGC-1_contig_1,True,505,TRA,TRAV1-2,None,TRAJ33,TRAC,True,True,CAVSDSNYQLIW,TGTGCTGTGTCGGATAGCAACTATCAGTTAATCTGG,357,4,clonotype380,clonotype380_consensus_2
TTTCCTCTCATGTAGC-1,True,TTTCCTCTCATGTAGC-1_contig_2,True,498,TRB,TRBV20-1,None,TRBJ2-1,TRBC2,True,True,CSAGSGQDYNEQFF,TGCAGTGCGGGTAGCGGACAGGACTACAATGAGCAGTTCTTC,331,6,clonotype380,clonotype380_consensus_1
TTTCCTCTCGTGGTCG-1,True,TTTCCTCTCGTGGTCG-1_contig_1,True,521,TRA,TRAV13-2,None,TRAJ45,TRAC,True,True,CAENIPYSGGGADGLTF,TGTGCAGAGAATATCCCCTATTCAGGAGGAGGTGCTGACGGACTCACCTTT,370,2,clonotype291,clonotype291_consensus_2
TTTCCTCTCGTGGTCG-1,True,TTTCCTCTCGTGGTCG-1_contig_2,True,711,TRB,TRBV5-6,None,TRBJ1-5,TRBC1,True,True,CASSLDGTGNQPQHF,TGTGCCAGCAGCTTGGACGGGACAGGGAATCAGCCCCAGCATTTT,890,8,clonotype291,clonotype291_consensus_1
TTTCCTCTCGTGGTCG-1,True,TTTCCTCTCGTGGTCG-1_contig_3,True,361,TRB,None,None,TRBJ2-1,TRBC2,False,False,None,None,307,3,clonotype291,None
TTTCCTCTCTGACCTC-1,True,TTTCCTCTCTGACCTC-1_contig_1,True,530,TRB,TRBV20-1,None,TRBJ2-3,TRBC2,True,True,CSARVSAGRGLTDTQYF,TGCAGTGCTAGAGTCTCGGCGGGGCGGGGCCTCACAGATACGCAGTATTTT,587,10,clonotype82,clonotype82_consensus_1
TTTGCGCAGACGCAAC-1,True,TTTGCGCAGACGCAAC-1_contig_1,True,489,TRA,TRAV1-2,None,TRAJ20,TRAC,True,True,CAVRDRDYKLSF,TGTGCTGTGAGAGATCGGGACTACAAGCTCAGCTTT,1114,2,clonotype3754,clonotype3754_consensus_1
TTTGCGCAGACGCAAC-1,True,TTTGCGCAGACGCAAC-1_contig_2,True,521,TRB,TRBV20-1,None,TRBJ2-7,TRBC2,True,True,CSARDSGGFYEQYF,TGCAGTGCTAGAGATAGCGGGGGGTTCTACGAGCAGTACTTC,1956,8,clonotype3754,clonotype3754_consensus_2
TTTGCGCAGATCCCGC-1,True,TTTGCGCAGATCCCGC-1_contig_1,True,498,TRB,TRBV20-1,None,TRBJ2-1,TRBC2,True,True,CSARVGSEVNEQFF,TGCAGTGCTAGAGTGGGGTCGGAAGTCAATGAGCAGTTCTTC,1914,6,clonotype2,clonotype2_consensus_1
TTTGCGCCAATTCCTT-1,True,TTTGCGCCAATTCCTT-1_contig_1,True,505,TRB,TRBV20-1,None,TRBJ2-2,TRBC2,True,True,CSAPFSQGATGELFF,TGCAGTGCTCCATTCTCACAGGGGGCCACCGGGGAGCTGTTTTTT,1894,10,clonotype3755,clonotype3755_consensus_3
TTTGCGCCAATTCCTT-1,True,TTTGCGCCAATTCCTT-1_contig_2,True,510,TRA,TRAV12-3,None,TRAJ10,TRAC,True,True,CAPSWGKLTGGGNKLTF,TGTGCACCCTCTTGGGGGAAACTCACGGGAGGAGGAAACAAACTCACCTTT,687,3,clonotype3755,clonotype3755_consensus_1
TTTGCGCCAATTCCTT-1,True,TTTGCGCCAATTCCTT-1_contig_3,True,498,TRA,TRAV12-3,None,TRAJ21,TRAC,True,True,CAMSDGNFNKFYF,TGTGCAATGAGCGACGGGAACTTCAACAAATTTTACTTT,569,4,clonotype3755,clonotype3755_consensus_2
TTTGCGCCATCCCATC-1,True,TTTGCGCCATCCCATC-1_contig_1,True,518,TRB,TRBV20-1,None,TRBJ2-5,TRBC2,True,True,CSAPGQGAETQYF,TGCAGTGCTCCGGGACAGGGGGCTGAGACCCAGTACTTC,888,7,clonotype3756,clonotype3756_consensus_1
TTTGCGCCATCCCATC-1,True,TTTGCGCCATCCCATC-1_contig_2,True,501,TRA,TRAV12-3,None,TRAJ13,TRAC,True,True,CAMRRSGGYQKVTF,TGTGCAATGAGGAGATCTGGGGGTTACCAGAAAGTTACCTTT,317,2,clonotype3756,clonotype3756_consensus_2
TTTGCGCCATGCGCAC-1,True,TTTGCGCCATGCGCAC-1_contig_1,True,485,TRB,TRBV20-1,None,TRBJ2-1,TRBC2,True,True,CSARVGSEVNEQFF,TGCAGTGCTAGAGTGGGGTCGGAAGTCAATGAGCAGTTCTTC,820,4,clonotype2,clonotype2_consensus_1
TTTGCGCGTCAGCTAT-1,True,TTTGCGCGTCAGCTAT-1_contig_1,True,521,TRB,TRBV20-1,None,TRBJ2-1,TRBC2,True,True,CSARVGSEVNEQFF,TGCAGTGCTAGAGTGGGGTCGGAAGTCAATGAGCAGTTCTTC,1038,6,clonotype2,clonotype2_consensus_1
TTTGCGCGTCAGCTAT-1,True,TTTGCGCGTCAGCTAT-1_contig_2,True,482,TRA,TRAV10,None,TRAJ24,TRAC,True,False,None,None,362,2,clonotype2,None
TTTGCGCGTCTCTTAT-1,True,TTTGCGCGTCTCTTAT-1_contig_1,True,570,TRA,TRAV8-4,None,TRAJ29,TRAC,True,True,CAVTGLSGNTPLVF,TGTGCTGTGACCGGCCTTTCAGGAAACACACCTCTTGTCTTT,318,2,clonotype20,clonotype20_consensus_2
TTTGCGCGTCTCTTAT-1,True,TTTGCGCGTCTCTTAT-1_contig_2,True,521,TRB,TRBV20-1,None,TRBJ1-1,TRBC1,True,True,CSATDRARYTEAFF,TGCAGTGCCACGGACAGGGCGAGGTACACTGAAGCTTTCTTT,2799,12,clonotype20,clonotype20_consensus_1
TTTGCGCGTCTGGTCG-1,True,TTTGCGCGTCTGGTCG-1_contig_1,True,505,TRA,TRAV1-2,None,TRAJ33,TRAC,True,True,CAATDSNYQLIW,TGTGCTGCGACTGATAGCAACTATCAGTTAATCTGG,276,3,clonotype1,clonotype1_consensus_2
TTTGCGCGTCTGGTCG-1,True,TTTGCGCGTCTGGTCG-1_contig_2,True,521,TRB,TRBV20-1,None,TRBJ2-1,TRBC2,True,True,CSARVGSEVNEQFF,TGCAGTGCTAGAGTGGGGTCGGAAGTCAATGAGCAGTTCTTC,2403,11,clonotype1,clonotype1_consensus_1
TTTGCGCGTGTGAATA-1,True,TTTGCGCGTGTGAATA-1_contig_1,True,453,TRA,TRAV13-1,None,TRAJ40,TRAC,True,True,CARSGTYKYIF,TGTGCTCGCTCAGGAACCTACAAATACATCTTT,1050,7,clonotype3757,clonotype3757_consensus_1
TTTGCGCGTGTGAATA-1,True,TTTGCGCGTGTGAATA-1_contig_2,True,495,TRB,TRBV20-1,None,TRBJ1-1,TRBC1,True,True,CSATFGGATEAFF,TGCAGTGCCACTTTCGGGGGGGCGACTGAAGCTTTCTTT,2475,10,clonotype3757,clonotype3757_consensus_3
TTTGCGCGTGTGAATA-1,True,TTTGCGCGTGTGAATA-1_contig_3,True,489,TRA,TRAV4,None,TRAJ39,TRAC,True,True,CLVVPNAGNMLTF,TGCCTCGTGGTGCCTAATGCAGGCAACATGCTCACCTTT,289,3,clonotype3757,clonotype3757_consensus_2
TTTGCGCGTGTGAATA-1,True,TTTGCGCGTGTGAATA-1_contig_4,True,307,TRB,None,None,TRBJ2-3,TRBC2,False,False,None,None,108,3,clonotype3757,None
TTTGCGCTCACCCTCA-1,True,TTTGCGCTCACCCTCA-1_contig_1,True,505,TRA,TRAV1-2,None,TRAJ33,TRAC,True,True,CAATDSNYQLIW,TGTGCTGCGACTGATAGCAACTATCAGTTAATCTGG,442,2,clonotype1,clonotype1_consensus_2
TTTGCGCTCACCCTCA-1,True,TTTGCGCTCACCCTCA-1_contig_2,True,485,TRB,TRBV20-1,None,TRBJ2-1,TRBC2,True,True,CSARVGSEVNEQFF,TGCAGTGCTAGAGTGGGGTCGGAAGTCAATGAGCAGTTCTTC,2161,10,clonotype1,clonotype1_consensus_1
TTTGCGCTCCCAAGTA-1,True,TTTGCGCTCCCAAGTA-1_contig_1,True,624,TRA,TRAV41,None,TRAJ45,TRAC,True,True,CAVRVYSGGGADGLTF,TGTGCTGTCCGGGTGTATTCAGGAGGAGGTGCTGACGGACTCACCTTT,440,5,clonotype3758,clonotype3758_consensus_1
TTTGCGCTCCCAAGTA-1,True,TTTGCGCTCCCAAGTA-1_contig_2,True,494,TRB,TRBV20-1,None,TRBJ1-1,TRBC1,True,True,CSASRQPNTEAFF,TGCAGTGCTAGTCGACAGCCGAACACTGAAGCTTTCTTT,849,4,clonotype3758,clonotype3758_consensus_2
TTTGCGCTCCCATTAT-1,True,TTTGCGCTCCCATTAT-1_contig_1,True,505,TRA,TRAV1-2,None,TRAJ33,TRAC,True,True,CAATDSNYQLIW,TGTGCTGCGACTGATAGCAACTATCAGTTAATCTGG,575,4,clonotype1,clonotype1_consensus_2
TTTGCGCTCCCATTAT-1,True,TTTGCGCTCCCATTAT-1_contig_2,True,521,TRB,TRBV20-1,None,TRBJ2-1,TRBC2,True,True,CSARVGSEVNEQFF,TGCAGTGCTAGAGTGGGGTCGGAAGTCAATGAGCAGTTCTTC,2299,7,clonotype1,clonotype1_consensus_1
TTTGCGCTCCCATTAT-1,True,TTTGCGCTCCCATTAT-1_contig_3,True,467,TRA,TRAV10,None,TRAJ24,TRAC,True,False,None,None,459,4,clonotype1,None
TTTGCGCTCCTCGCAT-1,True,TTTGCGCTCCTCGCAT-1_contig_1,True,514,TRA,TRAV23/DV6,None,TRAJ37,TRAC,True,True,CAASKGTSNTGKLIF,TGTGCAGCAAGCAAGGGGACTAGCAACACAGGCAAACTAATCTTT,151,2,clonotype3759,clonotype3759_consensus_1
TTTGCGCTCCTCGCAT-1,True,TTTGCGCTCCTCGCAT-1_contig_2,True,512,TRB,TRBV20-1,None,TRBJ1-2,TRBC1,True,True,CSVRDRDYYTF,TGCAGTGTCCGGGACAGAGATTACTACACCTTC,1878,9,clonotype3759,clonotype3759_consensus_2
TTTGCGCTCGCATGAT-1,True,TTTGCGCTCGCATGAT-1_contig_1,True,486,TRA,TRAV1-2,None,TRAJ33,TRAC,True,True,CAATDSNYQLIW,TGTGCTGCGACTGATAGCAACTATCAGTTAATCTGG,672,1,clonotype1,clonotype1_consensus_2
TTTGCGCTCGCATGAT-1,True,TTTGCGCTCGCATGAT-1_contig_2,True,498,TRB,TRBV20-1,None,TRBJ2-1,TRBC2,True,True,CSARVGSEVNEQFF,TGCAGTGCTAGAGTGGGGTCGGAAGTCAATGAGCAGTTCTTC,142,5,clonotype1,clonotype1_consensus_1
TTTGCGCTCGCATGAT-1,True,TTTGCGCTCGCATGAT-1_contig_3,True,465,TRA,TRAV10,None,TRAJ24,TRAC,True,False,None,None,189,2,clonotype1,None
TTTGCGCTCGTTTATC-1,True,TTTGCGCTCGTTTATC-1_contig_1,True,505,TRA,TRAV1-2,None,TRAJ33,TRAC,True,True,CAATDSNYQLIW,TGTGCTGCGACTGATAGCAACTATCAGTTAATCTGG,340,4,clonotype1,clonotype1_consensus_2
TTTGCGCTCGTTTATC-1,True,TTTGCGCTCGTTTATC-1_contig_2,True,521,TRB,TRBV20-1,None,TRBJ2-1,TRBC2,True,True,CSARVGSEVNEQFF,TGCAGTGCTAGAGTGGGGTCGGAAGTCAATGAGCAGTTCTTC,963,11,clonotype1,clonotype1_consensus_1
TTTGCGCTCGTTTATC-1,True,TTTGCGCTCGTTTATC-1_contig_3,True,457,TRA,TRAV10,None,TRAJ24,TRAC,True,False,None,None,424,1,clonotype1,None
TTTGGTTAGATATGCA-1,True,TTTGGTTAGATATGCA-1_contig_1,True,462,TRA,TRAV13-1,None,TRAJ53,TRAC,True,True,CAASSGGSNYKLTF,TGTGCAGCAAGTTCTGGAGGTAGCAACTATAAACTGACATTT,92,1,clonotype3760,clonotype3760_consensus_1
TTTGGTTAGATATGCA-1,True,TTTGGTTAGATATGCA-1_contig_2,True,530,TRB,TRBV20-1,None,TRBJ2-3,TRBC2,True,True,CSARDLTGGGASDTQYF,TGCAGTGCTAGAGATCTTACGGGCGGGGGGGCATCAGATACGCAGTATTTT,1154,5,clonotype3760,clonotype3760_consensus_2
TTTGGTTAGATATGCA-1,True,TTTGGTTAGATATGCA-1_contig_3,True,496,TRA,TRAV17,None,TRAJ49,TRAC,True,False,CYGTNTGNQFYF,TGCTACGGTACGAACACCGGTAACCAGTTCTATTTT,2905,1,clonotype3760,None
TTTGGTTAGGGTTTCT-1,True,TTTGGTTAGGGTTTCT-1_contig_1,True,498,TRB,TRBV20-1,None,TRBJ2-7,TRBC2,True,True,CSAFGTGGAYEQYF,TGCAGTGCTTTCGGGACAGGGGGCGCGTACGAGCAGTACTTC,572,5,clonotype3761,clonotype3761_consensus_1
TTTGGTTAGGGTTTCT-1,True,TTTGGTTAGGGTTTCT-1_contig_2,True,544,TRA,TRAV21,None,TRAJ44,TRAC,True,True,CAVDTGTASKLTF,TGTGCTGTGGATACCGGCACTGCCAGTAAACTCACCTTT,465,4,clonotype3761,clonotype3761_consensus_2
TTTGGTTAGTAAGTAC-1,True,TTTGGTTAGTAAGTAC-1_contig_1,True,492,TRB,TRBV20-1,None,TRBJ1-1,TRBC1,True,True,CSARTMNTEAFF,TGCAGTGCACGGACGATGAACACTGAAGCTTTCTTT,1101,10,clonotype3762,clonotype3762_consensus_1
TTTGGTTAGTAAGTAC-1,True,TTTGGTTAGTAAGTAC-1_contig_2,True,621,TRA,TRAV3,None,TRAJ22,TRAC,True,True,CAVSPPGGSARQLTF,TGTGCTGTGAGTCCCCCAGGCGGTTCTGCAAGGCAACTGACCTTT,283,6,clonotype3762,clonotype3762_consensus_2
TTTGGTTAGTAATCCC-1,True,TTTGGTTAGTAATCCC-1_contig_1,True,521,TRB,TRBV20-1,None,TRBJ2-1,TRBC2,True,True,CSARVGSEVNEQFF,TGCAGTGCTAGAGTGGGGTCGGAAGTCAATGAGCAGTTCTTC,1060,7,clonotype2,clonotype2_consensus_1
TTTGGTTAGTAGGCCA-1,True,TTTGGTTAGTAGGCCA-1_contig_1,True,508,TRA,TRAV13-2,None,TRAJ44,TRAC,True,True,CAESYTGTASKLTF,TGTGCAGAGTCTTATACCGGCACTGCCAGTAAACTCACCTTT,762,6,clonotype3763,clonotype3763_consensus_2
TTTGGTTAGTAGGCCA-1,True,TTTGGTTAGTAGGCCA-1_contig_2,True,524,TRB,TRBV20-1,None,TRBJ2-3,TRBC2,True,True,CSAQMAGHITDTQYF,TGCAGTGCCCAAATGGCGGGACACATCACAGATACGCAGTATTTT,2601,16,clonotype3763,clonotype3763_consensus_1
TTTGGTTAGTAGGCCA-1,True,TTTGGTTAGTAGGCCA-1_contig_3,True,620,TRA,TRAV8-3,None,None,TRAC,False,False,None,None,2048,9,clonotype3763,None
TTTGGTTAGTGACATA-1,True,TTTGGTTAGTGACATA-1_contig_1,True,521,TRB,TRBV20-1,None,TRBJ2-1,TRBC2,True,True,CSARVGSEVNEQFF,TGCAGTGCTAGAGTGGGGTCGGAAGTCAATGAGCAGTTCTTC,1190,4,clonotype2,clonotype2_consensus_1
TTTGGTTCAAGCCATT-1,True,TTTGGTTCAAGCCATT-1_contig_1,True,514,TRB,TRBV20-1,None,TRBJ2-1,TRBC2,True,True,CSARVGSEVNEQFF,TGCAGTGCTAGAGTGGGGTCGGAAGTCAATGAGCAGTTCTTC,718,5,clonotype2,clonotype2_consensus_1
TTTGGTTCAAGCCATT-1,True,TTTGGTTCAAGCCATT-1_contig_2,True,305,TRA,TRAV1-2,None,TRAJ33,TRAC,True,False,CAATDSNYQLIW,TGTGCTGCGACTGATAGCAACTATCAGTTAATCTGG,22,4,clonotype2,None
TTTGGTTCAATCCGAT-1,True,TTTGGTTCAATCCGAT-1_contig_1,True,521,TRB,TRBV20-1,None,TRBJ2-2,TRBC2,True,True,CSAPDRGRTGELFF,TGCAGTGCACCTGACAGGGGGCGCACCGGGGAGCTGTTTTTT,712,8,clonotype3764,clonotype3764_consensus_1
TTTGGTTCAATCCGAT-1,True,TTTGGTTCAATCCGAT-1_contig_2,True,484,TRA,TRAV12-3,None,TRAJ9,TRAC,True,True,CAMSGTGGFKTIF,TGTGCAATGAGCGGAACTGGAGGCTTCAAAACTATCTTT,284,6,clonotype3764,clonotype3764_consensus_2
TTTGGTTCACCATGTA-1,True,TTTGGTTCACCATGTA-1_contig_1,True,570,TRA,TRAV8-4,None,TRAJ3,TRAC,True,True,CAVSEGSSASKIIF,TGTGCTGTGAGTGAGGGCAGCAGTGCTTCCAAGATAATCTTT,900,4,clonotype3765,clonotype3765_consensus_1
TTTGGTTCACCATGTA-1,True,TTTGGTTCACCATGTA-1_contig_2,True,533,TRB,TRBV20-1,None,TRBJ1-1,TRBC1,True,True,CSARGGRRGTELDTEAFF,TGCAGTGCTAGGGGCGGGAGACGAGGGACAGAACTTGACACTGAAGCTTTCTTT,131,2,clonotype3765,clonotype3765_consensus_2
TTTGGTTCACCATGTA-1,True,TTTGGTTCACCATGTA-1_contig_3,True,303,TRB,None,None,TRBJ2-4,TRBC2,False,False,None,None,107,2,clonotype3765,None
TTTGGTTCAGCGTAAG-1,True,TTTGGTTCAGCGTAAG-1_contig_1,True,505,TRA,TRAV1-2,None,TRAJ33,TRAC,True,True,CAATDSNYQLIW,TGTGCTGCGACTGATAGCAACTATCAGTTAATCTGG,168,1,clonotype1,clonotype1_consensus_2
TTTGGTTCAGCGTAAG-1,True,TTTGGTTCAGCGTAAG-1_contig_2,True,521,TRB,TRBV20-1,None,TRBJ2-1,TRBC2,True,True,CSARVGSEVNEQFF,TGCAGTGCTAGAGTGGGGTCGGAAGTCAATGAGCAGTTCTTC,2324,5,clonotype1,clonotype1_consensus_1
TTTGGTTCAGCGTAAG-1,True,TTTGGTTCAGCGTAAG-1_contig_3,True,482,TRA,TRAV10,None,TRAJ24,TRAC,True,False,None,None,62,1,clonotype1,None
TTTGGTTCAGGTTTCA-1,True,TTTGGTTCAGGTTTCA-1_contig_1,True,521,TRB,TRBV20-1,None,TRBJ2-1,TRBC2,True,True,CSARVGSEVNEQFF,TGCAGTGCTAGAGTGGGGTCGGAAGTCAATGAGCAGTTCTTC,831,7,clonotype2,clonotype2_consensus_1
TTTGGTTGTATTAGCC-1,True,TTTGGTTGTATTAGCC-1_contig_1,True,665,TRB,TRBV5-6,None,TRBJ2-3,TRBC2,True,True,CASSRGPTGANTDTQYF,TGTGCCAGCAGCAGAGGGCCTACAGGGGCTAACACAGATACGCAGTATTTT,2304,7,clonotype3766,clonotype3766_consensus_2
TTTGGTTGTATTAGCC-1,True,TTTGGTTGTATTAGCC-1_contig_2,True,445,TRA,TRAV9-2,None,TRAJ17,TRAC,True,True,CALIKAAGNKLTF,TGTGCTCTTATCAAAGCTGCAGGCAACAAGCTAACTTTT,351,9,clonotype3766,clonotype3766_consensus_1
TTTGGTTGTATTAGCC-1,True,TTTGGTTGTATTAGCC-1_contig_3,True,489,TRB,TRBV23-1,None,TRBJ2-7,TRBC2,True,False,CASSQSAGRAPNYYEQYF,TGCGCCAGCAGTCAATCCGCGGGCAGGGCCCCCAATTACTACGAGCAGTACTTC,193,2,clonotype3766,None
TTTGGTTGTGCCTGTG-1,True,TTTGGTTGTGCCTGTG-1_contig_1,True,505,TRA,TRAV1-2,None,TRAJ33,TRAC,True,True,CAATDSNYQLIW,TGTGCTGCGACTGATAGCAACTATCAGTTAATCTGG,203,4,clonotype1,clonotype1_consensus_2
TTTGGTTGTGCCTGTG-1,True,TTTGGTTGTGCCTGTG-1_contig_2,True,521,TRB,TRBV20-1,None,TRBJ2-1,TRBC2,True,True,CSARVGSEVNEQFF,TGCAGTGCTAGAGTGGGGTCGGAAGTCAATGAGCAGTTCTTC,1491,9,clonotype1,clonotype1_consensus_1
TTTGGTTGTTAGGGTG-1,True,TTTGGTTGTTAGGGTG-1_contig_1,True,521,TRB,TRBV20-1,None,TRBJ2-1,TRBC2,True,True,CSARVGSEVNEQFF,TGCAGTGCTAGAGTGGGGTCGGAAGTCAATGAGCAGTTCTTC,684,5,clonotype2,clonotype2_consensus_1
TTTGGTTGTTCCCGAG-1,True,TTTGGTTGTTCCCGAG-1_contig_1,True,503,TRA,TRAV5,None,TRAJ13,TRAC,True,True,CAESSGGYQKVTF,TGTGCAGAGAGTTCTGGGGGTTACCAGAAAGTTACCTTT,202,3,clonotype3767,clonotype3767_consensus_2
TTTGGTTGTTCCCGAG-1,True,TTTGGTTGTTCCCGAG-1_contig_2,True,662,TRB,TRBV5-6,None,TRBJ2-5,TRBC2,True,True,CASSLAGQGLKETQYF,TGTGCCAGCAGCTTGGCTGGACAGGGCTTGAAAGAGACCCAGTACTTC,700,5,clonotype3767,clonotype3767_consensus_1
TTTGGTTTCAACCAAC-1,True,TTTGGTTTCAACCAAC-1_contig_1,True,521,TRB,TRBV20-1,None,TRBJ1-2,TRBC1,True,True,CSAYKGGRTEGYTF,TGCAGTGCCTACAAGGGGGGGAGGACCGAAGGCTACACCTTC,2124,14,clonotype3768,clonotype3768_consensus_1
TTTGGTTTCAACCAAC-1,True,TTTGGTTTCAACCAAC-1_contig_2,True,503,TRA,TRAV6,None,TRAJ13,TRAC,True,True,CALPSGGYQKVTF,TGTGCTCTACCTTCTGGGGGTTACCAGAAAGTTACCTTT,664,3,clonotype3768,clonotype3768_consensus_2
TTTGGTTTCAGCTCGG-1,True,TTTGGTTTCAGCTCGG-1_contig_1,True,502,TRA,TRAV1-2,None,TRAJ30,TRAC,True,True,CAVRDLREIIF,TGTGCTGTGAGAGATCTTCGGGAGATCATCTTT,1571,2,clonotype3,clonotype3_consensus_2
TTTGGTTTCAGCTCGG-1,True,TTTGGTTTCAGCTCGG-1_contig_2,True,521,TRB,TRBV5-5,None,TRBJ1-4,TRBC1,True,True,CASSHPGPNYATNEKLFF,TGTGCCAGCAGCCATCCCGGACCGAACTACGCAACTAATGAAAAACTGTTTTTT,1099,5,clonotype3,clonotype3_consensus_1
TTTGGTTTCCGAAGAG-1,True,TTTGGTTTCCGAAGAG-1_contig_1,True,521,TRB,TRBV20-1,None,TRBJ2-1,TRBC2,True,True,CSARVGSEVNEQFF,TGCAGTGCTAGAGTGGGGTCGGAAGTCAATGAGCAGTTCTTC,969,6,clonotype2,clonotype2_consensus_1
TTTGGTTTCCGAAGAG-1,True,TTTGGTTTCCGAAGAG-1_contig_2,True,463,TRA,TRAV10,None,TRAJ24,TRAC,True,False,None,None,466,4,clonotype2,None
TTTGGTTTCGGCGCAT-1,True,TTTGGTTTCGGCGCAT-1_contig_1,True,509,TRA,TRAV25,None,TRAJ53,TRAC,True,True,CAGRSGGSNYKLTF,TGTGCAGGGAGAAGTGGAGGTAGCAACTATAAACTGACATTT,544,4,clonotype9,clonotype9_consensus_2
TTTGGTTTCGGCGCAT-1,True,TTTGGTTTCGGCGCAT-1_contig_2,True,527,TRB,TRBV20-1,None,TRBJ1-5,TRBC1,True,True,CSAIGQGAPSNQPQHF,TGCAGTGCTATCGGACAGGGGGCGCCGAGCAATCAGCCCCAGCATTTT,2184,3,clonotype9,clonotype9_consensus_1
TTTGGTTTCGGCGCAT-1,True,TTTGGTTTCGGCGCAT-1_contig_3,True,347,TRB,None,None,TRBJ2-4,TRBC2,False,False,None,None,510,1,clonotype9,None
TTTGGTTTCTGGTGTA-1,True,TTTGGTTTCTGGTGTA-1_contig_1,True,554,TRA,TRAV22,None,TRAJ41,TRAC,True,True,CALGGYALNF,TGTGCTCTAGGCGGGTATGCACTCAACTTC,336,1,clonotype312,clonotype312_consensus_1
TTTGGTTTCTGGTGTA-1,True,TTTGGTTTCTGGTGTA-1_contig_2,True,530,TRB,TRBV20-1,None,TRBJ2-3,TRBC2,True,True,CSARVSAGRGLTDTQYF,TGCAGTGCTAGAGTCTCGGCGGGGCGGGGCCTCACAGATACGCAGTATTTT,935,7,clonotype312,clonotype312_consensus_2
TTTGGTTTCTGGTGTA-1,True,TTTGGTTTCTGGTGTA-1_contig_3,True,557,TRA,TRAV16,None,TRAJ52,TRAC,True,False,None,None,655,3,clonotype312,None
TTTGTCAAGGGCTCTC-1,True,TTTGTCAAGGGCTCTC-1_contig_1,True,505,TRA,TRAV1-2,None,TRAJ33,TRAC,True,True,CAATDSNYQLIW,TGTGCTGCGACTGATAGCAACTATCAGTTAATCTGG,322,1,clonotype1,clonotype1_consensus_2
TTTGTCAAGGGCTCTC-1,True,TTTGTCAAGGGCTCTC-1_contig_2,True,521,TRB,TRBV20-1,None,TRBJ2-1,TRBC2,True,True,CSARVGSEVNEQFF,TGCAGTGCTAGAGTGGGGTCGGAAGTCAATGAGCAGTTCTTC,1912,10,clonotype1,clonotype1_consensus_1
TTTGTCAAGTTCGCAT-1,True,TTTGTCAAGTTCGCAT-1_contig_1,True,515,TRB,TRBV20-1,None,TRBJ1-6,TRBC1,True,True,CSAPRDGGSLHF,TGCAGTGCCCCACGGGACGGGGGATCCCTCCACTTT,2235,9,clonotype3769,clonotype3769_consensus_1
TTTGTCAAGTTCGCAT-1,True,TTTGTCAAGTTCGCAT-1_contig_2,True,489,TRA,TRAV39,None,TRAJ58,TRAC,True,True,CALKETSGSRLTF,TGTGCCCTCAAAGAAACCAGTGGCTCTAGGTTGACCTTT,2555,3,clonotype3769,clonotype3769_consensus_2
TTTGTCACACATGGGA-1,True,TTTGTCACACATGGGA-1_contig_1,True,718,TRB,TRBV5-6,None,TRBJ2-6,TRBC2,True,True,CASSLIGPPGAGANVLTF,TGTGCCAGCAGCTTGATCGGACCCCCGGGAGCTGGGGCCAACGTCCTGACTTTC,1218,9,clonotype3770,clonotype3770_consensus_1
TTTGTCACACATGGGA-1,True,TTTGTCACACATGGGA-1_contig_2,True,671,TRA,TRAV8-3,None,TRAJ49,TRAC,True,True,CAVGGTGNQFYF,TGTGCTGTGGGCGGTACCGGTAACCAGTTCTATTTT,94,4,clonotype3770,clonotype3770_consensus_2
TTTGTCACACCCTATC-1,True,TTTGTCACACCCTATC-1_contig_1,True,503,TRA,TRAV6,None,TRAJ7,TRAC,True,True,CALYGNNRLAF,TGTGCCCTCTATGGGAACAACAGACTCGCTTTT,1637,3,clonotype3771,clonotype3771_consensus_2
TTTGTCACACCCTATC-1,True,TTTGTCACACCCTATC-1_contig_2,True,512,TRB,TRBV20-1,None,TRBJ1-4,TRBC1,True,True,CSASPGATNEKLFF,TGCAGTGCTAGTCCAGGGGCAACTAATGAAAAACTGTTTTTT,328,2,clonotype3771,clonotype3771_consensus_1
TTTGTCACACCCTATC-1,True,TTTGTCACACCCTATC-1_contig_3,True,335,TRB,None,None,TRBJ1-6,TRBC1,False,False,None,None,263,1,clonotype3771,None
TTTGTCACACCCTATC-1,True,TTTGTCACACCCTATC-1_contig_4,True,649,TRB,TRBV5-4,None,TRBJ1-2,TRBC1,True,False,None,None,537,2,clonotype3771,None
TTTGTCACAGACGCAA-1,True,TTTGTCACAGACGCAA-1_contig_1,True,521,TRB,TRBV20-1,None,TRBJ2-1,TRBC2,True,True,CSARVGSEVNEQFF,TGCAGTGCTAGAGTGGGGTCGGAAGTCAATGAGCAGTTCTTC,1437,9,clonotype2,clonotype2_consensus_1
TTTGTCACAGAGCCAA-1,True,TTTGTCACAGAGCCAA-1_contig_1,True,508,TRA,TRAV1-2,None,TRAJ30,TRAC,True,True,CAGDQLRDDKIIF,TGTGCTGGCGACCAGCTCAGAGATGACAAGATCATCTTT,1745,4,clonotype3772,clonotype3772_consensus_1
TTTGTCACAGAGCCAA-1,True,TTTGTCACAGAGCCAA-1_contig_2,True,512,TRB,TRBV20-1,None,TRBJ2-7,TRBC2,True,True,CSASEYDEQYF,TGCAGTGCTAGTGAATATGACGAGCAGTACTTC,1295,6,clonotype3772,clonotype3772_consensus_2
TTTGTCACATACAGCT-1,True,TTTGTCACATACAGCT-1_contig_1,True,524,TRB,TRBV20-1,None,TRBJ1-5,TRBC1,True,True,CSASGTYQGNQPQHF,TGCAGTGCTAGTGGGACATACCAGGGCAATCAGCCCCAGCATTTT,2654,12,clonotype3773,clonotype3773_consensus_2
TTTGTCACATACAGCT-1,True,TTTGTCACATACAGCT-1_contig_2,True,537,TRA,TRAV16,None,TRAJ34,TRAC,True,True,CALRVGTDKLIF,TGTGCTCTAAGAGTTGGCACCGACAAGCTCATCTTT,2850,3,clonotype3773,clonotype3773_consensus_1
TTTGTCAGTAAGGGAA-1,True,TTTGTCAGTAAGGGAA-1_contig_1,True,509,TRA,TRAV25,None,TRAJ53,TRAC,True,True,CAGRSGGSNYKLTF,TGTGCAGGGAGAAGTGGAGGTAGCAACTATAAACTGACATTT,379,5,clonotype9,clonotype9_consensus_2
TTTGTCAGTAAGGGAA-1,True,TTTGTCAGTAAGGGAA-1_contig_2,True,503,TRB,TRBV20-1,None,TRBJ1-5,TRBC1,True,True,CSAIGQGAPSNQPQHF,TGCAGTGCTATCGGACAGGGGGCGCCGAGCAATCAGCCCCAGCATTTT,590,7,clonotype9,clonotype9_consensus_1
TTTGTCAGTATAATGG-1,True,TTTGTCAGTATAATGG-1_contig_1,True,492,TRB,TRBV20-1,None,TRBJ2-1,TRBC2,True,True,CSARYRDNEQFF,TGCAGTGCTAGGTACAGGGACAATGAGCAGTTCTTC,965,4,clonotype49,clonotype49_consensus_1
TTTGTCAGTATAATGG-1,True,TTTGTCAGTATAATGG-1_contig_2,True,505,TRA,TRAV1-2,None,TRAJ33,TRAC,True,True,CAVLDSNYQLIW,TGTGCTGTGTTGGATAGCAACTATCAGTTAATCTGG,160,4,clonotype49,clonotype49_consensus_2
TTTGTCAGTGAACCTT-1,True,TTTGTCAGTGAACCTT-1_contig_1,True,505,TRA,TRAV1-2,None,TRAJ33,TRAC,True,True,CAATDSNYQLIW,TGTGCTGCGACTGATAGCAACTATCAGTTAATCTGG,1740,15,clonotype1,clonotype1_consensus_2
TTTGTCAGTGAACCTT-1,True,TTTGTCAGTGAACCTT-1_contig_2,True,521,TRB,TRBV20-1,None,TRBJ2-1,TRBC2,True,True,CSARVGSEVNEQFF,TGCAGTGCTAGAGTGGGGTCGGAAGTCAATGAGCAGTTCTTC,945,12,clonotype1,clonotype1_consensus_1
TTTGTCAGTGCAGTAG-1,True,TTTGTCAGTGCAGTAG-1_contig_1,True,524,TRB,TRBV20-1,None,TRBJ1-2,TRBC1,True,True,CSASSRQGARDGYTF,TGCAGTGCTAGCAGCCGACAGGGGGCTAGAGATGGCTACACCTTC,1597,10,clonotype287,clonotype287_consensus_2
TTTGTCAGTGCAGTAG-1,True,TTTGTCAGTGCAGTAG-1_contig_2,True,508,TRA,TRAV17,None,TRAJ15,TRAC,True,True,CATADQAGTALIF,TGTGCTACGGCAGACCAGGCAGGAACTGCTCTGATCTTT,1434,6,clonotype287,clonotype287_consensus_1
TTTGTCAGTTACGACT-1,True,TTTGTCAGTTACGACT-1_contig_1,True,505,TRA,TRAV1-2,None,TRAJ33,TRAC,True,True,CAATDSNYQLIW,TGTGCTGCGACTGATAGCAACTATCAGTTAATCTGG,363,3,clonotype1,clonotype1_consensus_2
TTTGTCAGTTACGACT-1,True,TTTGTCAGTTACGACT-1_contig_2,True,498,TRB,TRBV20-1,None,TRBJ2-1,TRBC2,True,True,CSARVGSEVNEQFF,TGCAGTGCTAGAGTGGGGTCGGAAGTCAATGAGCAGTTCTTC,775,5,clonotype1,clonotype1_consensus_1
TTTGTCATCAACACAC-1,True,TTTGTCATCAACACAC-1_contig_1,True,502,TRA,TRAV1-2,None,TRAJ33,TRAC,True,True,CAATDSNYQLIW,TGTGCTGCGACTGATAGCAACTATCAGTTAATCTGG,194,4,clonotype1,clonotype1_consensus_2
TTTGTCATCAACACAC-1,True,TTTGTCATCAACACAC-1_contig_2,True,521,TRB,TRBV20-1,None,TRBJ2-1,TRBC2,True,True,CSARVGSEVNEQFF,TGCAGTGCTAGAGTGGGGTCGGAAGTCAATGAGCAGTTCTTC,2330,8,clonotype1,clonotype1_consensus_1
TTTGTCATCACCGGGT-1,True,TTTGTCATCACCGGGT-1_contig_1,True,500,TRA,TRAV4,None,TRAJ8,TRAC,True,True,CLVGDVGNTGFQKLVF,TGCCTCGTGGGTGACGTCGGGAACACAGGCTTTCAGAAACTTGTATTT,271,2,clonotype3774,clonotype3774_consensus_1
TTTGTCATCACCGGGT-1,True,TTTGTCATCACCGGGT-1_contig_2,True,518,TRB,TRBV20-1,None,TRBJ1-1,TRBC1,True,True,CSARVLGGNTEAFF,TGCAGTGCTAGAGTGCTGGGGGGAAACACTGAAGCTTTCTTT,1460,7,clonotype3774,clonotype3774_consensus_2
TTTGTCATCGACAGCC-1,True,TTTGTCATCGACAGCC-1_contig_1,True,636,TRA,TRAV8-6,None,TRAJ6,TRAC,True,True,CAVSEPGGSYIPTF,TGTGCTGTGAGTGAACCAGGAGGAAGCTACATACCTACATTT,1245,3,clonotype3775,clonotype3775_consensus_1
TTTGTCATCGACAGCC-1,True,TTTGTCATCGACAGCC-1_contig_2,True,495,TRB,TRBV5-1,None,TRBJ1-2,TRBC1,True,False,None,None,320,3,clonotype3775,None
